0.00 2.00 0.00 0.00 0.00 0.00 0.00 0.09 0.22 0.00 0.00 0.00 2.00 2.00 0.00 0.00 2.00 0.00 0.00 0.00 0.00 0.00 0.00
1.00 3.00 0.00 2.00 9.00 2.00 7.00 0.10 0.08 0.00 0.00 0.00 2.00 3.00 1.00 0.00 3.00 0.00 0.00 0.00 0.00 0.00 0.00
2.00 6.00 1.00 8.00 26.00 7.00 18.00 0.07 0.23 0.00 0.00 0.00 3.00 5.00 3.00 1.00 6.00 0.00 0.00 0.00 0.00 0.00 0.00
3.00 5.00 1.00 5.00 20.00 4.00 15.00 0.08 0.20 0.00 0.00 0.00 3.00 4.00 2.00 1.00 5.00 0.00 0.00 0.00 0.00 0.00 0.00
4.00 11.00 5.00 15.00 46.00 10.00 31.00 0.08 0.51 0.00 0.00 0.00 6.00 9.00 5.00 2.00 10.00 1.00 0.00 0.00 0.00 0.00 0.00
5.00 12.00 9.00 22.00 56.00 13.00 34.00 0.08 0.41 0.00 0.00 0.00 4.00 7.00 8.00 5.00 9.00 3.00 0.00 0.00 0.00 0.00 0.00
6.00 14.00 12.00 32.00 66.00 20.00 34.00 0.10 0.55 0.00 0.00 0.00 3.00 8.00 11.00 6.00 11.00 3.00 0.00 0.00 0.00 0.00 0.00
7.00 14.00 14.00 31.00 61.00 17.00 30.00 0.07 0.62 0.00 0.00 0.00 4.00 8.00 10.00 6.00 10.00 4.00 0.00 0.00 0.00 0.00 0.00
8.00 10.00 1.00 12.00 43.00 11.00 31.00 0.09 0.54 0.00 0.00 0.00 5.00 7.00 5.00 3.00 8.00 2.00 0.00 0.00 0.00 0.00 0.00
9.00 11.00 9.00 24.00 54.00 15.00 30.00 0.10 0.48 0.00 0.00 0.00 4.00 7.00 7.00 4.00 9.00 2.00 0.00 0.00 0.00 0.00 0.00
10.00 11.00 3.00 19.00 49.00 16.00 30.00 0.08 0.42 0.00 1.00 0.00 5.00 8.00 6.00 3.00 9.00 2.00 0.00 0.00 0.00 0.00 0.00
11.00 9.00 8.00 20.00 42.00 12.00 22.00 0.09 0.35 0.00 0.00 0.00 3.00 5.00 6.00 4.00 6.00 3.00 0.00 0.00 0.00 0.00 0.00
12.00 11.00 8.00 24.00 52.00 16.00 28.00 0.08 0.47 0.00 0.00 0.00 5.00 7.00 6.00 4.00 10.00 1.00 0.00 0.00 0.00 0.00 0.00
13.00 12.00 11.00 28.00 57.00 17.00 29.00 0.07 0.39 0.00 0.00 0.00 4.00 7.00 8.00 5.00 11.00 1.00 0.00 0.00 0.00 0.00 0.00
14.00 8.00 2.00 10.00 34.00 8.00 24.00 0.08 0.57 0.00 0.00 0.00 5.00 6.00 3.00 2.00 7.00 1.00 0.00 0.00 0.00 0.00 0.00
15.00 7.00 4.00 14.00 32.00 10.00 18.00 0.11 0.20 0.00 0.00 0.00 3.00 4.00 4.00 3.00 5.00 2.00 0.00 0.00 0.00 0.00 0.00
16.00 13.00 11.00 28.00 54.00 17.00 26.00 0.09 0.44 0.00 0.00 0.00 5.00 7.00 8.00 6.00 10.00 3.00 0.00 0.00 0.00 0.00 0.00
17.00 14.00 12.00 32.00 68.00 20.00 36.00 0.09 0.64 0.00 0.00 0.00 4.00 7.00 10.00 7.00 9.00 5.00 0.00 0.00 0.00 0.00 0.00
18.00 6.00 2.00 8.00 26.00 6.00 18.00 0.08 0.21 0.00 0.00 0.00 1.00 3.00 5.00 3.00 6.00 0.00 0.00 0.00 0.00 0.00 0.00
19.00 12.00 8.00 25.00 59.00 17.00 34.00 0.08 0.42 0.00 0.00 0.00 4.00 5.00 8.00 7.00 6.00 6.00 0.00 0.00 0.00 0.00 0.00
20.00 14.00 13.00 33.00 68.00 20.00 35.00 0.10 0.59 0.00 0.00 0.00 5.00 9.00 9.00 5.00 11.00 3.00 0.00 0.00 1.00 0.00 0.00
21.00 12.00 10.00 26.00 54.00 16.00 28.00 0.08 0.44 0.00 1.00 0.00 3.00 7.00 9.00 5.00 9.00 3.00 0.00 0.00 0.00 0.00 0.00
22.00 14.00 3.00 23.00 58.00 20.00 35.00 0.09 0.61 0.00 0.00 0.00 7.00 8.00 7.00 6.00 10.00 4.00 0.00 0.00 1.00 0.00 0.00
23.00 12.00 8.00 24.00 62.00 16.00 38.00 0.09 0.54 0.00 0.00 0.00 4.00 7.00 8.00 5.00 11.00 1.00 0.00 0.00 0.00 0.00 0.00
24.00 12.00 8.00 24.00 55.00 16.00 31.00 0.07 0.46 0.00 0.00 0.00 5.00 9.00 7.00 3.00 9.00 3.00 0.00 0.00 0.00 0.00 0.00
25.00 11.00 9.00 22.00 49.00 13.00 27.00 0.09 0.41 0.00 1.00 0.00 3.00 7.00 8.00 4.00 8.00 3.00 0.00 0.00 0.00 0.00 0.00
26.00 14.00 11.00 33.00 69.00 22.00 36.00 0.09 0.72 0.00 1.00 0.00 4.00 7.00 10.00 7.00 10.00 4.00 0.00 0.00 0.00 0.00 0.00
27.00 6.00 1.00 9.00 26.00 8.00 17.00 0.07 0.22 0.00 2.00 0.00 2.00 5.00 4.00 1.00 5.00 1.00 0.00 0.00 0.00 0.00 0.00
28.00 13.00 8.00 28.00 58.00 20.00 30.00 0.10 0.46 0.00 0.00 0.00 4.00 8.00 9.00 5.00 10.00 3.00 0.00 0.00 0.00 0.00 0.00
29.00 9.00 4.00 18.00 44.00 14.00 26.00 0.10 0.43 0.00 2.00 0.00 0.00 2.00 9.00 7.00 5.00 4.00 0.00 0.00 0.00 0.00 0.00
30.00 19.00 15.00 44.00 74.00 29.00 30.00 0.08 1.00 0.00 0.00 0.00 5.00 13.00 14.00 6.00 14.00 5.00 0.00 0.00 0.00 0.00 0.00
31.00 12.00 7.00 24.00 55.00 17.00 31.00 0.10 0.45 0.00 0.00 0.00 5.00 8.00 7.00 4.00 11.00 1.00 0.00 0.00 0.00 0.00 0.00
32.00 17.00 9.00 34.00 81.00 25.00 47.00 0.08 0.97 0.00 1.00 0.00 5.00 11.00 12.00 6.00 13.00 4.00 0.00 0.00 0.00 0.00 0.00
33.00 16.00 8.00 37.00 74.00 29.00 37.00 0.08 0.75 0.00 1.00 0.00 9.00 12.00 7.00 4.00 14.00 2.00 0.00 0.00 1.00 1.00 0.00
34.00 7.00 3.00 13.00 29.00 10.00 16.00 0.06 0.37 0.00 0.00 0.00 2.00 4.00 5.00 3.00 6.00 1.00 0.00 0.00 0.00 1.00 0.00
35.00 9.00 5.00 17.00 39.00 12.00 22.00 0.08 0.34 0.00 1.00 0.00 5.00 5.00 4.00 4.00 8.00 1.00 0.00 0.00 0.00 0.00 0.00
36.00 7.00 4.00 11.00 30.00 7.00 19.00 0.09 0.29 0.00 1.00 0.00 3.00 5.00 4.00 2.00 6.00 1.00 0.00 0.00 0.00 0.00 0.00
37.00 13.00 8.00 26.00 61.00 18.00 35.00 0.09 0.77 0.00 1.00 0.00 4.00 5.00 9.00 8.00 9.00 4.00 0.00 0.00 0.00 0.00 0.00
38.00 15.00 11.00 34.00 71.00 23.00 37.00 0.09 1.54 0.00 1.00 0.00 5.00 9.00 10.00 6.00 13.00 2.00 0.00 0.00 0.00 0.00 0.00
39.00 16.00 9.00 36.00 69.00 27.00 33.00 0.09 0.69 0.00 1.00 0.00 7.00 12.00 9.00 4.00 12.00 4.00 0.00 0.00 0.00 0.00 0.00
40.00 13.00 5.00 25.00 64.00 20.00 39.00 0.09 0.71 0.00 1.00 0.00 4.00 7.00 9.00 6.00 10.00 3.00 0.00 0.00 0.00 0.00 0.00
41.00 14.00 10.00 33.00 69.00 23.00 36.00 0.08 0.65 0.00 1.00 0.00 7.00 9.00 7.00 5.00 12.00 2.00 0.00 0.00 0.00 0.00 0.00
42.00 18.00 10.00 39.00 86.00 29.00 47.00 0.08 0.78 0.00 1.00 0.00 6.00 9.00 12.00 9.00 12.00 6.00 0.00 0.00 0.00 1.00 0.00
43.00 15.00 7.00 30.00 70.00 23.00 40.00 0.08 0.66 1.00 1.00 1.00 8.00 11.00 7.00 4.00 12.00 3.00 0.00 0.00 0.00 0.00 0.00
44.00 19.00 15.00 54.00 90.00 39.00 36.00 0.08 0.66 0.00 1.00 0.00 10.00 13.00 9.00 6.00 14.00 5.00 0.00 0.00 0.00 0.00 0.00
45.00 22.00 24.00 59.00 117.00 35.00 58.00 0.10 0.70 0.00 1.00 0.00 2.00 7.00 20.00 15.00 10.00 12.00 0.00 0.00 0.00 0.00 0.00
46.00 22.00 29.00 61.00 110.00 32.00 49.00 0.10 0.84 0.00 1.00 0.00 4.00 8.00 18.00 14.00 14.00 8.00 0.00 0.00 0.00 0.00 0.00
47.00 26.00 34.00 76.00 130.00 42.00 54.00 0.08 0.82 1.00 1.00 1.00 4.00 9.00 22.00 17.00 18.00 8.00 0.00 0.00 0.00 0.00 0.00
48.00 24.00 28.00 70.00 119.00 42.00 49.00 0.09 0.77 1.00 1.00 1.00 5.00 13.00 19.00 11.00 18.00 6.00 0.00 0.00 0.00 0.00 0.00
49.00 22.00 28.00 60.00 100.00 32.00 40.00 0.08 1.34 1.00 1.00 1.00 9.00 13.00 13.00 9.00 18.00 4.00 0.00 0.00 0.00 0.00 0.00
50.00 22.00 28.00 66.00 115.00 38.00 49.00 0.09 0.80 1.00 1.00 1.00 3.00 6.00 19.00 16.00 13.00 9.00 0.00 0.00 0.00 0.00 0.00
51.00 22.00 26.00 58.00 112.00 32.00 54.00 0.07 1.07 1.00 1.00 1.00 4.00 6.00 18.00 16.00 10.00 12.00 0.00 0.00 0.00 0.00 0.00
52.00 23.00 29.00 62.00 117.00 33.00 55.00 0.09 0.88 2.00 1.00 2.00 8.00 12.00 15.00 11.00 15.00 8.00 0.00 0.00 0.00 0.00 0.00
53.00 25.00 25.00 66.00 128.00 41.00 62.00 0.08 0.92 1.00 2.00 0.50 10.00 15.00 15.00 10.00 17.00 8.00 0.00 0.00 0.00 0.00 0.00
54.00 16.00 7.00 30.00 74.00 23.00 44.00 0.08 0.73 0.00 2.00 0.00 5.00 10.00 11.00 6.00 13.00 3.00 0.00 0.00 0.00 0.00 0.00
55.00 24.00 20.00 64.00 123.00 44.00 59.00 0.07 1.45 3.00 1.00 3.00 8.00 14.00 16.00 10.00 16.00 8.00 0.00 0.00 0.00 0.00 0.00
56.00 26.00 28.00 72.00 135.00 44.00 63.00 0.08 0.96 1.00 2.00 0.50 7.00 12.00 19.00 14.00 16.00 10.00 0.00 0.00 0.00 0.00 0.00
57.00 25.00 24.00 70.00 135.00 46.00 65.00 0.10 0.81 3.00 2.00 1.50 5.00 14.00 20.00 11.00 18.00 7.00 0.00 0.00 0.00 0.00 0.00
58.00 27.00 27.00 70.00 140.00 43.00 70.00 0.09 0.81 2.00 2.00 1.00 9.00 14.00 18.00 13.00 19.00 8.00 0.00 0.00 0.00 0.00 0.00
59.00 21.00 25.00 63.00 114.00 38.00 51.00 0.08 0.72 3.00 3.00 1.00 4.00 10.00 17.00 11.00 12.00 9.00 0.00 0.00 0.00 0.00 0.00
60.00 28.00 41.00 90.00 146.00 49.00 56.00 0.09 0.89 2.00 1.00 2.00 5.00 14.00 23.00 14.00 18.00 10.00 0.00 0.00 0.00 0.00 0.00
61.00 24.00 26.00 72.00 125.00 46.00 53.00 0.09 1.31 2.00 2.00 1.00 6.00 12.00 18.00 12.00 16.00 8.00 0.00 0.00 0.00 0.00 0.00
62.00 30.00 33.00 85.00 153.00 52.00 68.00 0.08 0.89 2.00 2.00 1.00 5.00 14.00 25.00 16.00 21.00 9.00 0.00 0.00 0.00 0.00 0.00
63.00 35.00 53.00 108.00 184.00 55.00 76.00 0.10 0.95 3.00 3.00 1.00 7.00 13.00 28.00 22.00 19.00 16.00 0.00 0.00 0.00 0.00 0.00
64.00 32.00 42.00 96.00 170.00 54.00 74.00 0.06 1.07 1.00 3.00 0.33 8.00 10.00 24.00 22.00 18.00 14.00 0.00 0.00 1.00 0.00 0.00
65.00 29.00 34.00 91.00 151.00 57.00 60.00 0.09 0.78 2.00 2.00 1.00 1.00 8.00 28.00 21.00 15.00 14.00 0.00 0.00 0.00 0.00 0.00
66.00 29.00 35.00 82.00 144.00 47.00 62.00 0.08 0.84 1.00 2.00 0.50 11.00 17.00 18.00 12.00 18.00 11.00 0.00 0.00 0.00 0.00 0.00
67.00 22.00 19.00 58.00 116.00 39.00 58.00 0.08 0.72 2.00 2.00 1.00 4.00 8.00 18.00 14.00 12.00 10.00 0.00 0.00 0.00 0.00 0.00
68.00 35.00 47.00 104.00 171.00 57.00 67.00 0.09 1.37 2.00 2.00 1.00 8.00 18.00 27.00 17.00 22.00 13.00 0.00 0.00 0.00 0.00 0.00
69.00 30.00 46.00 87.00 148.00 41.00 61.00 0.08 0.92 1.00 2.00 0.50 7.00 9.00 23.00 21.00 18.00 12.00 0.00 0.00 0.00 0.00 0.00
70.00 28.00 34.00 81.00 143.00 47.00 62.00 0.10 0.95 1.00 2.00 0.50 4.00 9.00 24.00 19.00 13.00 15.00 0.00 0.00 1.00 0.00 0.00
71.00 31.00 35.00 82.00 154.00 47.00 72.00 0.08 1.48 1.00 2.00 0.50 7.00 13.00 24.00 18.00 22.00 9.00 0.00 0.00 0.00 0.00 0.00
72.00 27.00 28.00 74.00 138.00 46.00 64.00 0.08 0.87 1.00 4.00 0.25 8.00 15.00 19.00 12.00 20.00 7.00 0.00 0.00 1.00 0.00 0.00
73.00 31.00 41.00 90.00 160.00 49.00 70.00 0.10 0.92 1.00 2.00 0.50 5.00 15.00 26.00 16.00 20.00 11.00 0.00 0.00 0.00 1.00 0.00
74.00 37.00 47.00 102.00 182.00 55.00 80.00 0.09 1.90 1.00 2.00 0.50 10.00 16.00 27.00 21.00 21.00 16.00 0.00 0.00 0.00 0.00 0.00
75.00 36.00 39.00 103.00 179.00 64.00 76.00 0.08 1.73 2.00 2.00 1.00 10.00 20.00 26.00 16.00 25.00 11.00 0.00 0.00 0.00 0.00 0.00
76.00 29.00 34.00 85.00 154.00 51.00 69.00 0.09 0.86 2.00 3.00 0.67 7.00 9.00 22.00 20.00 17.00 12.00 0.00 0.00 2.00 0.00 0.00
77.00 36.00 50.00 108.00 180.00 58.00 72.00 0.09 1.96 2.00 2.00 1.00 7.00 18.00 29.00 18.00 24.00 12.00 0.00 0.00 1.00 1.00 0.00
78.00 30.00 42.00 91.00 161.00 49.00 70.00 0.08 1.53 3.00 3.00 1.00 7.00 10.00 23.00 20.00 16.00 14.00 0.00 0.00 0.00 0.00 0.00
79.00 39.00 57.00 125.00 195.00 68.00 70.00 0.10 1.36 2.00 3.00 0.67 3.00 15.00 36.00 24.00 23.00 16.00 0.00 0.00 0.00 1.00 0.00
80.00 36.00 48.00 107.00 190.00 59.00 83.00 0.10 1.31 1.00 2.00 0.50 9.00 16.00 27.00 20.00 21.00 15.00 0.00 0.00 0.00 0.00 0.00
81.00 27.00 30.00 74.00 137.00 44.00 63.00 0.08 0.96 2.00 2.00 1.00 9.00 14.00 18.00 13.00 15.00 12.00 0.00 0.00 0.00 1.00 0.00
82.00 30.00 33.00 85.00 157.00 52.00 72.00 0.10 0.95 2.00 2.00 1.00 10.00 13.00 20.00 17.00 17.00 13.00 1.00 0.00 0.00 0.00 0.00
83.00 33.00 35.00 103.00 182.00 68.00 79.00 0.08 1.04 2.00 3.00 0.67 6.00 14.00 27.00 19.00 18.00 15.00 0.00 0.00 1.00 0.00 0.00
84.00 32.00 39.00 95.00 166.00 56.00 71.00 0.09 0.96 1.00 2.00 0.50 4.00 13.00 28.00 19.00 18.00 14.00 1.00 0.00 1.00 1.00 0.00
85.00 28.00 33.00 80.00 151.00 47.00 71.00 0.08 1.04 1.00 3.00 0.33 3.00 12.00 25.00 16.00 20.00 8.00 0.00 0.00 0.00 2.00 1.00
86.00 33.00 47.00 96.00 170.00 49.00 74.00 0.08 1.08 1.00 2.00 0.50 6.00 11.00 27.00 22.00 16.00 17.00 0.00 0.00 0.00 0.00 0.00
87.00 26.00 30.00 73.00 130.00 43.00 57.00 0.07 0.96 1.00 1.00 1.00 2.00 10.00 24.00 16.00 14.00 12.00 0.00 0.00 0.00 1.00 0.00
88.00 29.00 43.00 84.00 143.00 41.00 59.00 0.09 0.97 0.00 2.00 0.00 8.00 15.00 21.00 14.00 21.00 8.00 0.00 0.00 0.00 1.00 0.00
89.00 31.00 37.00 90.00 161.00 53.00 71.00 0.09 1.14 0.00 2.00 0.00 6.00 17.00 25.00 14.00 23.00 8.00 0.00 0.00 0.00 1.00 0.00
90.00 32.00 40.00 91.00 166.00 51.00 75.00 0.08 1.37 0.00 3.00 0.00 8.00 16.00 24.00 16.00 20.00 12.00 0.00 0.00 0.00 0.00 0.00
91.00 27.00 29.00 75.00 143.00 46.00 68.00 0.07 0.95 1.00 3.00 0.33 3.00 14.00 24.00 13.00 19.00 8.00 0.00 0.00 0.00 0.00 0.00
92.00 31.00 41.00 94.00 160.00 53.00 66.00 0.08 1.38 2.00 2.00 1.00 8.00 17.00 23.00 14.00 21.00 10.00 1.00 0.00 0.00 0.00 0.00
93.00 30.00 28.00 92.00 166.00 64.00 74.00 0.07 1.11 2.00 2.00 1.00 9.00 14.00 21.00 16.00 21.00 9.00 0.00 0.00 1.00 0.00 0.00
94.00 36.00 49.00 112.00 198.00 63.00 86.00 0.08 1.44 1.00 2.00 0.50 4.00 11.00 32.00 25.00 19.00 17.00 0.00 0.00 1.00 0.00 0.00
95.00 40.00 56.00 127.00 206.00 71.00 79.00 0.08 1.72 2.00 2.00 1.00 7.00 16.00 33.00 24.00 24.00 16.00 0.00 0.00 0.00 0.00 0.00
96.00 37.00 31.00 113.00 197.00 82.00 84.00 0.09 1.10 1.00 2.00 0.50 9.00 15.00 28.00 22.00 18.00 19.00 0.00 0.00 0.00 0.00 0.00
97.00 33.00 52.00 98.00 177.00 46.00 79.00 0.09 1.41 2.00 3.00 0.67 6.00 12.00 27.00 21.00 18.00 15.00 0.00 0.00 0.00 0.00 0.00
98.00 38.00 53.00 113.00 195.00 60.00 82.00 0.08 1.63 1.00 2.00 0.50 7.00 15.00 31.00 23.00 21.00 17.00 0.00 0.00 0.00 0.00 0.00
99.00 38.00 45.00 106.00 191.00 61.00 85.00 0.09 1.55 2.00 3.00 0.67 12.00 21.00 26.00 17.00 28.00 10.00 0.00 0.00 0.00 0.00 1.00
100.00 41.00 59.00 115.00 206.00 56.00 91.00 0.08 1.83 2.00 3.00 0.67 10.00 17.00 31.00 24.00 26.00 15.00 0.00 0.00 0.00 0.00 0.00
101.00 36.00 57.00 110.00 195.00 53.00 85.00 0.08 1.42 2.00 3.00 0.67 9.00 13.00 27.00 23.00 20.00 16.00 0.00 0.00 0.00 0.00 0.00
102.00 38.00 50.00 114.00 200.00 64.00 86.00 0.09 1.05 2.00 3.00 0.67 7.00 12.00 31.00 26.00 22.00 16.00 0.00 0.00 0.00 0.00 0.00
103.00 43.00 53.00 125.00 221.00 72.00 96.00 0.08 1.47 3.00 2.00 1.50 7.00 20.00 36.00 23.00 27.00 16.00 1.00 0.00 0.00 0.00 0.00
104.00 43.00 67.00 139.00 219.00 72.00 80.00 0.08 1.35 3.00 3.00 1.00 6.00 19.00 37.00 24.00 24.00 19.00 0.00 0.00 3.00 0.00 0.00
105.00 43.00 69.00 136.00 232.00 67.00 96.00 0.08 1.72 2.00 3.00 0.67 11.00 19.00 32.00 24.00 26.00 17.00 0.00 0.00 1.00 1.00 0.00
106.00 44.00 65.00 140.00 229.00 75.00 89.00 0.09 1.15 3.00 4.00 0.75 8.00 18.00 36.00 26.00 26.00 18.00 0.00 0.00 0.00 0.00 0.00
107.00 43.00 62.00 130.00 218.00 68.00 88.00 0.08 1.54 3.00 5.00 0.60 9.00 18.00 34.00 25.00 24.00 19.00 0.00 0.00 0.00 0.00 0.00
108.00 42.00 66.00 138.00 226.00 72.00 88.00 0.08 1.22 3.00 4.00 0.75 5.00 13.00 37.00 29.00 18.00 24.00 0.00 0.00 0.00 0.00 0.00
109.00 42.00 62.00 134.00 219.00 72.00 85.00 0.08 1.30 3.00 4.00 0.75 6.00 14.00 36.00 28.00 21.00 21.00 0.00 0.00 0.00 0.00 0.00
110.00 46.00 62.00 141.00 244.00 79.00 103.00 0.09 1.34 3.00 3.00 1.00 7.00 11.00 39.00 35.00 22.00 24.00 0.00 0.00 0.00 0.00 0.00
111.00 44.00 60.00 133.00 212.00 73.00 79.00 0.08 1.52 3.00 4.00 0.75 9.00 15.00 35.00 29.00 24.00 20.00 0.00 0.00 1.00 0.00 0.00
112.00 42.00 58.00 128.00 223.00 70.00 95.00 0.09 1.36 2.00 3.00 0.67 8.00 17.00 34.00 25.00 25.00 17.00 0.00 0.00 0.00 0.00 0.00
113.00 39.00 62.00 128.00 215.00 66.00 87.00 0.08 1.09 2.00 3.00 0.67 5.00 10.00 34.00 29.00 15.00 24.00 0.00 0.00 1.00 0.00 0.00
114.00 47.00 75.00 152.00 238.00 77.00 86.00 0.09 1.28 2.00 2.00 1.00 9.00 25.00 38.00 22.00 32.00 15.00 0.00 0.00 0.00 1.00 0.00
115.00 49.00 77.00 156.00 254.00 79.00 98.00 0.09 1.42 3.00 5.00 0.60 15.00 19.00 34.00 30.00 24.00 25.00 0.00 0.00 0.00 0.00 0.00
116.00 42.00 55.00 126.00 228.00 71.00 102.00 0.09 2.00 3.00 4.00 0.75 6.00 11.00 36.00 31.00 23.00 19.00 0.00 0.00 1.00 0.00 0.00
117.00 42.00 60.00 124.00 215.00 64.00 91.00 0.09 1.28 3.00 3.00 1.00 11.00 21.00 31.00 21.00 26.00 16.00 0.00 0.00 0.00 0.00 0.00
118.00 37.00 50.00 117.00 198.00 67.00 81.00 0.08 0.88 3.00 4.00 0.75 4.00 13.00 33.00 24.00 21.00 16.00 0.00 0.00 1.00 0.00 0.00
119.00 47.00 66.00 135.00 233.00 69.00 98.00 0.09 1.63 2.00 3.00 0.67 10.00 21.00 37.00 26.00 30.00 17.00 0.00 0.00 1.00 0.00 0.00
120.00 37.00 47.00 117.00 194.00 70.00 77.00 0.09 1.05 3.00 4.00 0.75 5.00 18.00 32.00 19.00 23.00 14.00 0.00 0.00 0.00 0.00 0.00
121.00 39.00 51.00 115.00 201.00 64.00 86.00 0.08 1.17 3.00 4.00 0.75 12.00 22.00 27.00 17.00 28.00 11.00 0.00 0.00 0.00 0.00 0.00
122.00 40.00 62.00 126.00 212.00 64.00 86.00 0.09 1.18 2.00 2.00 1.00 5.00 10.00 35.00 30.00 20.00 20.00 0.00 0.00 0.00 0.00 0.00
123.00 42.00 65.00 131.00 224.00 66.00 93.00 0.09 1.33 3.00 3.00 1.00 11.00 18.00 31.00 24.00 22.00 20.00 0.00 0.00 1.00 0.00 0.00
124.00 39.00 48.00 114.00 201.00 66.00 87.00 0.09 1.83 3.00 3.00 1.00 10.00 17.00 29.00 22.00 20.00 19.00 0.00 0.00 0.00 0.00 0.00
125.00 48.00 85.00 154.00 255.00 69.00 101.00 0.09 1.85 2.00 4.00 0.50 8.00 19.00 40.00 29.00 23.00 25.00 0.00 0.00 0.00 0.00 0.00
126.00 37.00 37.00 99.00 190.00 62.00 91.00 0.08 1.67 2.00 2.00 1.00 11.00 14.00 26.00 23.00 26.00 11.00 1.00 0.00 0.00 0.00 0.00
127.00 40.00 49.00 117.00 204.00 68.00 87.00 0.10 1.29 1.00 3.00 0.33 10.00 19.00 30.00 21.00 28.00 12.00 0.00 0.00 1.00 1.00 1.00
128.00 42.00 55.00 135.00 213.00 80.00 78.00 0.07 1.24 3.00 4.00 0.75 7.00 19.00 35.00 23.00 28.00 14.00 0.00 0.00 0.00 0.00 0.00
129.00 33.00 37.00 100.00 180.00 63.00 80.00 0.10 1.27 2.00 3.00 0.67 5.00 14.00 28.00 19.00 22.00 11.00 0.00 0.00 1.00 0.00 0.00
130.00 40.00 60.00 126.00 214.00 66.00 88.00 0.09 1.59 1.00 6.00 0.17 7.00 14.00 33.00 26.00 23.00 17.00 0.00 0.00 0.00 0.00 0.00
131.00 38.00 59.00 123.00 203.00 64.00 80.00 0.08 1.17 2.00 4.00 0.50 8.00 16.00 30.00 22.00 23.00 15.00 0.00 0.00 0.00 0.00 0.00
132.00 45.00 64.00 141.00 239.00 77.00 98.00 0.09 1.68 3.00 5.00 0.60 13.00 22.00 32.00 23.00 28.00 17.00 0.00 0.00 0.00 0.00 0.00
133.00 45.00 56.00 127.00 227.00 71.00 100.00 0.07 1.41 0.00 3.00 0.00 15.00 23.00 30.00 22.00 32.00 13.00 0.00 0.00 0.00 0.00 0.00
134.00 44.00 64.00 141.00 232.00 77.00 91.00 0.08 1.35 2.00 3.00 0.67 9.00 17.00 35.00 27.00 24.00 20.00 0.00 0.00 2.00 1.00 0.00
135.00 42.00 44.00 128.00 232.00 84.00 104.00 0.08 1.50 2.00 1.00 2.00 8.00 16.00 34.00 26.00 25.00 17.00 1.00 0.00 0.00 0.00 0.00
136.00 43.00 48.00 126.00 225.00 78.00 99.00 0.09 1.49 1.00 3.00 0.33 10.00 20.00 33.00 23.00 25.00 18.00 1.00 0.00 0.00 0.00 0.00
137.00 30.00 30.00 84.00 168.00 54.00 84.00 0.07 0.97 2.00 2.00 1.00 7.00 10.00 23.00 20.00 20.00 10.00 1.00 0.00 0.00 0.00 0.00
138.00 40.00 59.00 129.00 210.00 70.00 81.00 0.08 1.53 2.00 6.00 0.33 8.00 11.00 32.00 29.00 15.00 25.00 2.00 0.00 1.00 0.00 0.00
139.00 43.00 61.00 136.00 236.00 75.00 100.00 0.07 1.41 1.00 4.00 0.25 5.00 11.00 38.00 32.00 21.00 22.00 1.00 0.00 0.00 0.00 1.00
140.00 44.00 62.00 146.00 234.00 84.00 88.00 0.07 1.23 2.00 6.00 0.33 8.00 16.00 36.00 28.00 25.00 19.00 2.00 0.00 0.00 1.00 0.00
141.00 48.00 64.00 155.00 258.00 91.00 103.00 0.09 1.28 3.00 8.00 0.38 11.00 23.00 37.00 25.00 27.00 21.00 0.00 0.00 1.00 0.00 0.00
142.00 48.00 78.00 161.00 263.00 83.00 102.00 0.10 1.64 5.00 5.00 1.00 6.00 12.00 42.00 36.00 23.00 25.00 1.00 0.00 0.00 0.00 0.00
143.00 48.00 70.00 158.00 259.00 88.00 101.00 0.08 1.50 3.00 5.00 0.60 8.00 14.00 40.00 34.00 21.00 27.00 2.00 0.00 1.00 0.00 0.00
144.00 47.00 70.00 157.00 243.00 87.00 86.00 0.08 1.46 3.00 5.00 0.60 9.00 15.00 38.00 32.00 21.00 26.00 2.00 0.00 0.00 1.00 0.00
145.00 47.00 66.00 156.00 251.00 90.00 95.00 0.08 1.24 3.00 4.00 0.75 7.00 15.00 40.00 32.00 22.00 25.00 1.00 0.00 0.00 0.00 0.00
146.00 41.00 55.00 127.00 228.00 72.00 101.00 0.08 1.03 3.00 3.00 1.00 11.00 16.00 30.00 25.00 20.00 21.00 1.00 0.00 0.00 0.00 0.00
147.00 48.00 74.00 152.00 256.00 78.00 104.00 0.08 1.43 4.00 6.00 0.67 11.00 18.00 37.00 30.00 25.00 23.00 2.00 0.00 0.00 0.00 0.00
148.00 50.00 85.00 173.00 277.00 88.00 104.00 0.08 1.25 6.00 5.00 1.20 5.00 14.00 45.00 36.00 24.00 26.00 1.00 0.00 0.00 0.00 0.00
149.00 49.00 86.00 171.00 265.00 85.00 94.00 0.10 1.33 3.00 4.00 0.75 5.00 14.00 44.00 35.00 21.00 28.00 2.00 0.00 1.00 0.00 0.00
150.00 54.00 68.00 178.00 277.00 110.00 99.00 0.10 1.51 3.00 3.00 1.00 11.00 23.00 43.00 31.00 32.00 22.00 1.00 0.00 0.00 0.00 0.00
151.00 55.00 87.00 184.00 288.00 97.00 104.00 0.07 1.50 2.00 5.00 0.40 13.00 22.00 42.00 33.00 30.00 25.00 1.00 0.00 0.00 0.00 1.00
152.00 50.00 82.00 165.00 265.00 83.00 100.00 0.09 1.51 3.00 4.00 0.75 8.00 17.00 42.00 33.00 25.00 25.00 3.00 0.00 0.00 0.00 0.00
153.00 53.00 79.00 183.00 284.00 104.00 101.00 0.10 1.36 3.00 3.00 1.00 13.00 23.00 40.00 30.00 26.00 27.00 2.00 0.00 1.00 0.00 0.00
154.00 44.00 57.00 146.00 242.00 89.00 96.00 0.09 1.27 3.00 6.00 0.50 7.00 13.00 37.00 31.00 19.00 25.00 2.00 0.00 0.00 0.00 0.00
155.00 55.00 88.00 179.00 286.00 91.00 107.00 0.07 1.55 4.00 5.00 0.80 9.00 21.00 46.00 34.00 32.00 23.00 1.00 0.00 0.00 0.00 0.00
156.00 51.00 92.00 177.00 278.00 85.00 101.00 0.09 1.15 3.00 5.00 0.60 6.00 15.00 45.00 36.00 21.00 30.00 1.00 0.00 0.00 0.00 0.00
157.00 53.00 86.00 177.00 287.00 91.00 110.00 0.08 1.44 4.00 2.00 2.00 12.00 19.00 41.00 34.00 27.00 26.00 1.00 0.00 1.00 0.00 0.00
158.00 53.00 82.00 182.00 284.00 100.00 102.00 0.09 1.26 5.00 4.00 1.25 10.00 19.00 43.00 34.00 25.00 28.00 2.00 0.00 0.00 0.00 0.00
159.00 53.00 95.00 183.00 278.00 88.00 95.00 0.07 1.66 4.00 5.00 0.80 15.00 21.00 38.00 32.00 29.00 24.00 2.00 0.00 0.00 0.00 0.00
160.00 52.00 70.00 163.00 280.00 93.00 117.00 0.08 1.61 4.00 4.00 1.00 13.00 24.00 39.00 28.00 33.00 19.00 2.00 0.00 0.00 1.00 0.00
161.00 52.00 77.00 178.00 275.00 101.00 97.00 0.08 1.71 4.00 4.00 1.00 11.00 25.00 41.00 27.00 31.00 21.00 2.00 0.00 1.00 0.00 0.00
162.00 48.00 79.00 167.00 267.00 88.00 100.00 0.09 1.96 3.00 2.00 1.50 6.00 12.00 42.00 36.00 21.00 27.00 2.00 0.00 1.00 1.00 0.00
163.00 49.00 69.00 163.00 259.00 94.00 96.00 0.08 2.16 4.00 3.00 1.33 10.00 19.00 39.00 30.00 32.00 17.00 1.00 0.00 2.00 0.00 0.00
164.00 45.00 55.00 152.00 244.00 97.00 92.00 0.08 1.65 4.00 4.00 1.00 8.00 14.00 37.00 31.00 25.00 20.00 1.00 0.00 1.00 0.00 0.00
165.00 48.00 74.00 152.00 257.00 78.00 105.00 0.09 2.24 5.00 4.00 1.25 7.00 15.00 41.00 33.00 21.00 27.00 1.00 0.00 0.00 1.00 0.00
166.00 46.00 67.00 137.00 243.00 70.00 106.00 0.08 2.04 5.00 3.00 1.67 16.00 22.00 30.00 24.00 29.00 17.00 1.00 0.00 0.00 0.00 0.00
167.00 53.00 68.00 174.00 286.00 106.00 112.00 0.08 2.34 5.00 5.00 1.00 5.00 17.00 48.00 36.00 25.00 28.00 1.00 0.00 0.00 1.00 1.00
168.00 50.00 74.00 160.00 269.00 86.00 109.00 0.09 2.06 6.00 4.00 1.50 13.00 20.00 37.00 30.00 29.00 21.00 1.00 0.00 0.00 0.00 0.00
169.00 50.00 80.00 173.00 277.00 93.00 104.00 0.08 2.09 5.00 4.00 1.25 4.00 17.00 46.00 33.00 25.00 25.00 0.00 0.00 0.00 0.00 0.00
170.00 42.00 54.00 128.00 234.00 74.00 106.00 0.08 2.24 3.00 3.00 1.00 9.00 17.00 33.00 25.00 27.00 15.00 1.00 0.00 0.00 0.00 0.00
171.00 50.00 64.00 151.00 264.00 87.00 113.00 0.08 2.58 4.00 4.00 1.00 13.00 24.00 37.00 26.00 28.00 22.00 1.00 0.00 0.00 0.00 0.00
172.00 54.00 76.00 167.00 285.00 91.00 118.00 0.07 2.42 3.00 3.00 1.00 11.00 25.00 43.00 29.00 32.00 22.00 1.00 0.00 0.00 1.00 0.00
173.00 54.00 90.00 183.00 282.00 93.00 99.00 0.08 2.33 4.00 3.00 1.33 9.00 24.00 45.00 30.00 32.00 22.00 1.00 0.00 0.00 0.00 0.00
174.00 51.00 65.00 171.00 280.00 106.00 109.00 0.07 2.29 4.00 6.00 0.67 10.00 13.00 41.00 38.00 24.00 27.00 0.00 0.00 0.00 0.00 0.00
175.00 48.00 78.00 154.00 257.00 76.00 103.00 0.08 1.97 4.00 3.00 1.33 13.00 24.00 35.00 24.00 30.00 18.00 1.00 0.00 1.00 0.00 0.00
176.00 49.00 71.00 156.00 258.00 85.00 102.00 0.08 2.06 3.00 5.00 0.60 7.00 19.00 42.00 30.00 26.00 23.00 2.00 0.00 0.00 0.00 0.00
177.00 52.00 81.00 174.00 279.00 93.00 105.00 0.10 2.50 3.00 4.00 0.75 7.00 16.00 45.00 36.00 29.00 23.00 2.00 0.00 1.00 1.00 0.00
178.00 57.00 72.00 176.00 289.00 104.00 113.00 0.09 2.57 4.00 4.00 1.00 12.00 28.00 45.00 29.00 35.00 22.00 2.00 0.00 0.00 0.00 0.00
179.00 48.00 79.00 167.00 253.00 88.00 86.00 0.09 1.73 3.00 3.00 1.00 8.00 20.00 40.00 28.00 31.00 17.00 1.00 0.00 0.00 0.00 0.00
180.00 54.00 91.00 180.00 279.00 89.00 99.00 0.09 2.54 3.00 4.00 0.75 9.00 20.00 45.00 34.00 27.00 27.00 1.00 0.00 0.00 0.00 0.00
181.00 53.00 83.00 174.00 284.00 91.00 110.00 0.07 2.20 4.00 6.00 0.67 7.00 17.00 46.00 36.00 27.00 26.00 2.00 0.00 0.00 0.00 0.00
182.00 55.00 93.00 186.00 292.00 93.00 106.00 0.09 2.47 5.00 8.00 0.62 14.00 24.00 41.00 31.00 34.00 21.00 1.00 0.00 1.00 0.00 1.00
183.00 52.00 78.00 164.00 279.00 86.00 115.00 0.09 2.03 3.00 8.00 0.38 8.00 23.00 44.00 29.00 35.00 17.00 0.00 0.00 0.00 0.00 0.00
184.00 54.00 103.00 180.00 286.00 77.00 106.00 0.08 2.41 4.00 7.00 0.57 9.00 15.00 45.00 39.00 28.00 26.00 0.00 0.00 0.00 1.00 0.00
185.00 53.00 87.00 174.00 289.00 87.00 115.00 0.08 2.21 5.00 8.00 0.62 8.00 17.00 45.00 36.00 31.00 22.00 1.00 0.00 0.00 1.00 0.00
186.00 53.00 70.00 171.00 286.00 101.00 115.00 0.08 2.63 4.00 5.00 0.80 9.00 15.00 44.00 38.00 26.00 27.00 1.00 0.00 0.00 0.00 0.00
187.00 53.00 82.00 181.00 283.00 99.00 102.00 0.09 2.58 6.00 6.00 1.00 6.00 17.00 47.00 36.00 25.00 28.00 0.00 0.00 1.00 1.00 0.00
188.00 59.00 95.00 198.00 320.00 103.00 122.00 0.09 2.36 4.00 4.00 1.00 10.00 21.00 49.00 38.00 30.00 29.00 1.00 0.00 0.00 0.00 0.00
189.00 50.00 78.00 161.00 258.00 83.00 97.00 0.08 2.05 5.00 6.00 0.83 8.00 13.00 42.00 37.00 19.00 31.00 1.00 0.00 1.00 0.00 0.00
190.00 58.00 84.00 197.00 314.00 113.00 117.00 0.07 2.71 4.00 5.00 0.80 14.00 20.00 44.00 38.00 26.00 32.00 1.00 0.00 2.00 0.00 0.00
191.00 54.00 84.00 182.00 293.00 98.00 111.00 0.08 2.29 1.00 4.00 0.25 11.00 22.00 43.00 32.00 27.00 27.00 1.00 0.00 1.00 0.00 0.00
192.00 60.00 90.00 190.00 318.00 100.00 128.00 0.09 2.58 3.00 4.00 0.75 11.00 21.00 49.00 39.00 29.00 31.00 0.00 0.00 0.00 0.00 0.00
193.00 53.00 72.00 168.00 289.00 96.00 121.00 0.09 2.65 3.00 6.00 0.50 8.00 17.00 45.00 36.00 29.00 24.00 1.00 0.00 3.00 0.00 0.00
194.00 60.00 96.00 197.00 333.00 101.00 136.00 0.10 2.67 3.00 6.00 0.50 14.00 26.00 46.00 34.00 36.00 24.00 1.00 0.00 2.00 0.00 0.00
195.00 55.00 72.00 174.00 299.00 102.00 125.00 0.09 2.77 2.00 5.00 0.40 9.00 17.00 46.00 38.00 28.00 27.00 1.00 0.00 2.00 0.00 0.00
196.00 57.00 95.00 195.00 298.00 100.00 103.00 0.09 2.61 3.00 5.00 0.60 12.00 21.00 45.00 36.00 29.00 28.00 1.00 0.00 0.00 1.00 0.00
197.00 63.00 99.00 220.00 322.00 121.00 102.00 0.09 2.80 4.00 5.00 0.80 11.00 24.00 52.00 39.00 34.00 29.00 2.00 0.00 0.00 0.00 0.00
198.00 57.00 87.00 196.00 299.00 109.00 103.00 0.08 2.99 4.00 6.00 0.67 12.00 22.00 45.00 35.00 31.00 26.00 1.00 0.00 1.00 0.00 0.00
199.00 50.00 82.00 167.00 265.00 85.00 98.00 0.09 2.17 3.00 6.00 0.50 6.00 12.00 44.00 38.00 27.00 23.00 1.00 0.00 1.00 1.00 0.00
200.00 52.00 72.00 170.00 286.00 98.00 116.00 0.09 2.17 4.00 4.00 1.00 13.00 21.00 39.00 31.00 31.00 21.00 1.00 0.00 0.00 0.00 0.00
201.00 55.00 83.00 183.00 299.00 100.00 116.00 0.07 2.83 4.00 4.00 1.00 8.00 17.00 47.00 38.00 29.00 26.00 2.00 0.00 0.00 0.00 0.00
202.00 53.00 75.00 175.00 294.00 100.00 119.00 0.10 2.48 3.00 5.00 0.60 12.00 20.00 41.00 33.00 26.00 27.00 1.00 0.00 1.00 0.00 0.00
203.00 53.00 86.00 180.00 294.00 94.00 114.00 0.08 2.73 5.00 5.00 1.00 6.00 10.00 47.00 43.00 19.00 34.00 1.00 0.00 1.00 0.00 0.00
204.00 62.00 100.00 208.00 326.00 108.00 118.00 0.08 3.20 5.00 5.00 1.00 12.00 27.00 50.00 35.00 35.00 27.00 1.00 0.00 1.00 0.00 0.00
205.00 55.00 82.00 178.00 294.00 96.00 116.00 0.07 3.17 4.00 5.00 0.80 16.00 28.00 39.00 27.00 39.00 16.00 1.00 0.00 1.00 0.00 0.00
206.00 49.00 71.00 156.00 259.00 85.00 103.00 0.10 2.85 4.00 6.00 0.67 8.00 17.00 41.00 32.00 29.00 20.00 0.00 0.00 1.00 0.00 0.00
207.00 56.00 85.00 178.00 307.00 93.00 129.00 0.08 3.13 5.00 6.00 0.83 11.00 19.00 45.00 37.00 25.00 31.00 1.00 0.00 1.00 0.00 0.00
208.00 54.00 89.00 174.00 282.00 85.00 108.00 0.08 2.98 5.00 4.00 1.25 13.00 23.00 41.00 31.00 30.00 24.00 1.00 0.00 2.00 1.00 0.00
209.00 57.00 83.00 187.00 298.00 104.00 111.00 0.08 2.72 4.00 5.00 0.80 9.00 18.00 48.00 39.00 29.00 28.00 1.00 0.00 1.00 0.00 0.00
210.00 61.00 88.00 201.00 326.00 113.00 125.00 0.08 3.28 5.00 4.00 1.25 10.00 22.00 51.00 39.00 33.00 28.00 1.00 0.00 1.00 0.00 0.00
211.00 62.00 92.00 199.00 336.00 107.00 137.00 0.09 3.31 5.00 5.00 1.00 15.00 20.00 47.00 42.00 30.00 32.00 0.00 0.00 2.00 0.00 0.00
212.00 55.00 85.00 180.00 289.00 95.00 109.00 0.09 2.54 4.00 5.00 0.80 13.00 26.00 42.00 29.00 32.00 23.00 1.00 0.00 1.00 0.00 0.00
213.00 53.00 66.00 165.00 271.00 99.00 106.00 0.10 3.03 4.00 5.00 0.80 9.00 19.00 44.00 34.00 27.00 26.00 1.00 0.00 0.00 0.00 0.00
214.00 51.00 80.00 175.00 278.00 95.00 103.00 0.09 3.17 1.00 6.00 0.17 7.00 19.00 44.00 32.00 24.00 27.00 2.00 0.00 0.00 0.00 0.00
215.00 48.00 61.00 155.00 262.00 94.00 107.00 0.07 3.47 4.00 5.00 0.80 10.00 16.00 38.00 32.00 26.00 22.00 1.00 0.00 0.00 0.00 0.00
216.00 54.00 91.00 182.00 294.00 91.00 112.00 0.09 3.19 4.00 5.00 0.80 7.00 14.00 47.00 40.00 30.00 24.00 0.00 0.00 1.00 0.00 0.00
217.00 57.00 92.00 200.00 309.00 108.00 109.00 0.08 3.14 4.00 6.00 0.67 6.00 20.00 51.00 37.00 27.00 30.00 1.00 0.00 0.00 0.00 0.00
218.00 59.00 92.00 204.00 318.00 112.00 114.00 0.08 3.11 3.00 7.00 0.43 16.00 26.00 43.00 33.00 35.00 24.00 1.00 0.00 1.00 0.00 0.00
219.00 55.00 82.00 184.00 297.00 102.00 113.00 0.07 3.18 4.00 8.00 0.50 11.00 23.00 44.00 32.00 30.00 25.00 1.00 0.00 0.00 0.00 0.00
220.00 61.00 103.00 206.00 325.00 103.00 119.00 0.09 3.32 4.00 5.00 0.80 13.00 24.00 48.00 37.00 29.00 32.00 1.00 0.00 0.00 1.00 0.00
221.00 41.00 44.00 120.00 202.00 76.00 82.00 0.09 3.91 2.00 5.00 0.40 9.00 15.00 32.00 26.00 20.00 21.00 1.00 0.00 0.00 0.00 0.00
222.00 55.00 78.00 184.00 297.00 106.00 113.00 0.07 3.06 4.00 6.00 0.67 9.00 19.00 46.00 36.00 31.00 24.00 0.00 0.00 0.00 0.00 0.00
223.00 56.00 78.00 179.00 295.00 101.00 116.00 0.09 3.22 4.00 7.00 0.57 11.00 28.00 45.00 28.00 34.00 22.00 0.00 0.00 0.00 1.00 0.00
224.00 57.00 92.00 192.00 311.00 100.00 119.00 0.09 3.53 5.00 6.00 0.83 10.00 21.00 47.00 36.00 28.00 29.00 2.00 0.00 0.00 0.00 0.00
225.00 61.00 90.00 199.00 319.00 109.00 120.00 0.11 3.02 5.00 7.00 0.71 9.00 19.00 52.00 42.00 30.00 31.00 1.00 0.00 0.00 0.00 0.00
226.00 58.00 99.00 187.00 301.00 88.00 114.00 0.08 3.11 3.00 6.00 0.50 12.00 23.00 46.00 35.00 35.00 23.00 1.00 0.00 2.00 1.00 0.00
227.00 60.00 85.00 220.00 336.00 135.00 116.00 0.08 3.39 6.00 6.00 1.00 10.00 19.00 50.00 41.00 32.00 28.00 1.00 0.00 1.00 0.00 1.00
228.00 59.00 102.00 197.00 318.00 95.00 121.00 0.08 3.40 4.00 6.00 0.67 10.00 21.00 49.00 38.00 32.00 27.00 1.00 0.00 1.00 0.00 0.00
229.00 59.00 86.00 200.00 323.00 114.00 123.00 0.09 3.37 4.00 7.00 0.57 12.00 23.00 47.00 36.00 31.00 28.00 1.00 0.00 0.00 2.00 0.00
230.00 56.00 98.00 189.00 299.00 91.00 110.00 0.09 2.68 5.00 5.00 1.00 9.00 19.00 47.00 37.00 27.00 29.00 2.00 0.00 0.00 1.00 0.00
231.00 61.00 85.00 194.00 324.00 109.00 130.00 0.08 2.75 5.00 7.00 0.71 12.00 20.00 49.00 41.00 27.00 34.00 2.00 0.00 0.00 2.00 0.00
232.00 54.00 63.00 163.00 294.00 100.00 131.00 0.07 2.55 5.00 8.00 0.62 8.00 18.00 46.00 36.00 28.00 26.00 1.00 0.00 1.00 0.00 0.00
233.00 52.00 58.00 166.00 287.00 108.00 121.00 0.09 3.06 4.00 7.00 0.57 12.00 23.00 40.00 29.00 31.00 21.00 2.00 0.00 0.00 0.00 0.00
234.00 52.00 76.00 176.00 284.00 100.00 108.00 0.08 2.99 6.00 5.00 1.20 9.00 20.00 43.00 32.00 27.00 25.00 1.00 0.00 1.00 1.00 0.00
235.00 55.00 88.00 185.00 295.00 97.00 110.00 0.08 3.16 3.00 5.00 0.60 8.00 16.00 47.00 39.00 27.00 28.00 2.00 0.00 0.00 0.00 0.00
236.00 52.00 63.00 164.00 278.00 101.00 114.00 0.07 2.72 4.00 6.00 0.67 8.00 21.00 44.00 31.00 30.00 22.00 2.00 0.00 0.00 0.00 0.00
237.00 47.00 61.00 155.00 259.00 94.00 104.00 0.07 2.62 3.00 7.00 0.43 8.00 16.00 39.00 31.00 22.00 25.00 2.00 0.00 0.00 0.00 0.00
238.00 57.00 66.00 190.00 299.00 124.00 109.00 0.06 3.54 5.00 7.00 0.71 13.00 24.00 44.00 33.00 35.00 22.00 2.00 0.00 0.00 0.00 0.00
239.00 57.00 88.00 192.00 301.00 104.00 109.00 0.07 3.10 3.00 8.00 0.38 7.00 18.00 50.00 39.00 32.00 25.00 1.00 0.00 0.00 0.00 0.00
240.00 57.00 75.00 180.00 308.00 105.00 128.00 0.08 3.50 4.00 7.00 0.57 11.00 22.00 46.00 35.00 32.00 25.00 0.00 0.00 0.00 0.00 0.00
241.00 55.00 77.00 187.00 291.00 110.00 104.00 0.08 3.11 4.00 7.00 0.57 9.00 19.00 46.00 36.00 29.00 26.00 0.00 0.00 0.00 0.00 0.00
242.00 60.00 104.00 214.00 331.00 110.00 117.00 0.10 3.10 5.00 7.00 0.71 8.00 18.00 52.00 42.00 29.00 31.00 2.00 0.00 1.00 0.00 0.00
243.00 55.00 80.00 194.00 307.00 114.00 113.00 0.09 3.15 3.00 7.00 0.43 8.00 16.00 47.00 39.00 26.00 29.00 2.00 0.00 0.00 0.00 0.00
244.00 56.00 81.00 186.00 300.00 105.00 114.00 0.08 3.35 4.00 6.00 0.67 9.00 18.00 47.00 38.00 31.00 25.00 2.00 0.00 0.00 0.00 0.00
245.00 58.00 87.00 194.00 309.00 107.00 115.00 0.08 2.96 4.00 7.00 0.57 10.00 21.00 48.00 37.00 29.00 29.00 3.00 0.00 0.00 0.00 0.00
246.00 56.00 94.00 193.00 306.00 99.00 113.00 0.08 3.25 5.00 7.00 0.71 10.00 18.00 46.00 38.00 31.00 25.00 1.00 0.00 0.00 0.00 0.00
247.00 59.00 81.00 199.00 319.00 118.00 120.00 0.09 3.51 4.00 6.00 0.67 6.00 15.00 53.00 44.00 29.00 30.00 1.00 0.00 0.00 0.00 0.00
248.00 58.00 90.00 200.00 311.00 110.00 111.00 0.08 4.01 6.00 6.00 1.00 15.00 25.00 43.00 33.00 33.00 25.00 0.00 0.00 2.00 0.00 0.00
249.00 63.00 95.00 211.00 330.00 116.00 119.00 0.08 3.52 6.00 6.00 1.00 14.00 25.00 49.00 38.00 39.00 24.00 1.00 0.00 1.00 0.00 0.00
250.00 55.00 91.00 181.00 297.00 90.00 116.00 0.08 3.24 5.00 6.00 0.83 6.00 16.00 49.00 39.00 28.00 27.00 0.00 0.00 0.00 0.00 0.00
251.00 59.00 111.00 212.00 315.00 101.00 103.00 0.08 3.10 6.00 5.00 1.20 9.00 16.00 50.00 43.00 33.00 26.00 1.00 0.00 0.00 0.00 0.00
252.00 59.00 80.00 197.00 322.00 117.00 125.00 0.08 3.40 7.00 5.00 1.40 13.00 19.00 46.00 40.00 31.00 28.00 0.00 0.00 0.00 0.00 0.00
253.00 61.00 87.00 201.00 332.00 114.00 131.00 0.08 3.37 7.00 8.00 0.88 13.00 23.00 48.00 38.00 33.00 28.00 0.00 0.00 0.00 0.00 0.00
254.00 57.00 94.00 204.00 317.00 110.00 113.00 0.08 2.97 7.00 8.00 0.88 5.00 17.00 52.00 40.00 26.00 31.00 1.00 0.00 0.00 0.00 0.00
255.00 62.00 99.00 217.00 335.00 118.00 118.00 0.08 3.52 7.00 8.00 0.88 12.00 20.00 50.00 42.00 28.00 34.00 1.00 0.00 1.00 0.00 0.00
256.00 61.00 98.00 203.00 321.00 105.00 118.00 0.07 3.41 5.00 6.00 0.83 9.00 17.00 52.00 44.00 34.00 27.00 0.00 0.00 0.00 0.00 0.00
257.00 66.00 111.00 230.00 348.00 119.00 118.00 0.09 3.10 5.00 9.00 0.56 10.00 25.00 56.00 41.00 37.00 29.00 1.00 0.00 1.00 0.00 0.00
258.00 61.00 88.00 194.00 322.00 106.00 128.00 0.07 3.81 7.00 7.00 1.00 15.00 23.00 46.00 38.00 32.00 29.00 1.00 0.00 1.00 0.00 0.00
259.00 55.00 83.00 182.00 294.00 99.00 112.00 0.06 3.49 6.00 9.00 0.67 10.00 18.00 45.00 37.00 24.00 31.00 1.00 0.00 2.00 1.00 0.00
260.00 55.00 90.00 187.00 291.00 97.00 104.00 0.08 2.88 4.00 5.00 0.80 7.00 21.00 48.00 34.00 27.00 28.00 1.00 0.00 1.00 0.00 0.00
261.00 58.00 89.00 193.00 311.00 104.00 118.00 0.07 3.52 7.00 5.00 1.40 9.00 22.00 49.00 36.00 28.00 30.00 0.00 0.00 0.00 0.00 0.00
262.00 60.00 101.00 207.00 328.00 106.00 121.00 0.07 3.08 4.00 8.00 0.50 7.00 26.00 53.00 34.00 37.00 23.00 1.00 0.00 0.00 0.00 0.00
263.00 67.00 116.00 229.00 355.00 113.00 126.00 0.08 3.18 6.00 9.00 0.67 12.00 26.00 55.00 41.00 37.00 30.00 0.00 0.00 1.00 1.00 0.00
264.00 63.00 108.00 220.00 337.00 112.00 117.00 0.08 3.66 6.00 9.00 0.67 9.00 20.00 54.00 43.00 33.00 30.00 1.00 0.00 1.00 0.00 0.00
265.00 68.00 127.00 239.00 367.00 112.00 128.00 0.08 3.11 7.00 9.00 0.78 13.00 20.00 55.00 48.00 27.00 41.00 1.00 0.00 0.00 0.00 0.00
266.00 70.00 120.00 240.00 376.00 120.00 136.00 0.08 3.25 7.00 8.00 0.88 9.00 21.00 61.00 49.00 32.00 38.00 2.00 0.00 1.00 0.00 0.00
267.00 73.00 128.00 238.00 378.00 110.00 140.00 0.08 3.21 5.00 6.00 0.83 10.00 22.00 63.00 51.00 41.00 32.00 1.00 0.00 0.00 0.00 0.00
268.00 68.00 123.00 241.00 353.00 118.00 112.00 0.07 3.16 6.00 7.00 0.86 19.00 31.00 49.00 37.00 41.00 27.00 1.00 0.00 0.00 0.00 0.00
269.00 71.00 112.00 246.00 382.00 134.00 136.00 0.07 3.41 4.00 5.00 0.80 9.00 22.00 62.00 49.00 38.00 33.00 1.00 0.00 0.00 0.00 0.00
270.00 68.00 126.00 243.00 360.00 117.00 117.00 0.09 3.24 6.00 7.00 0.86 10.00 23.00 58.00 45.00 36.00 32.00 1.00 0.00 0.00 0.00 0.00
271.00 71.00 120.00 248.00 371.00 128.00 123.00 0.09 3.28 5.00 7.00 0.71 14.00 28.00 57.00 43.00 39.00 32.00 1.00 0.00 1.00 0.00 0.00
272.00 71.00 130.00 252.00 378.00 122.00 126.00 0.08 3.59 5.00 8.00 0.62 10.00 26.00 61.00 45.00 32.00 39.00 1.00 0.00 1.00 0.00 1.00
273.00 72.00 137.00 258.00 388.00 121.00 130.00 0.09 3.38 6.00 8.00 0.75 13.00 25.00 59.00 47.00 36.00 36.00 1.00 0.00 0.00 0.00 1.00
274.00 72.00 126.00 253.00 378.00 127.00 125.00 0.07 3.64 6.00 9.00 0.67 12.00 23.00 60.00 49.00 39.00 33.00 1.00 0.00 0.00 0.00 1.00
275.00 68.00 115.00 239.00 364.00 124.00 125.00 0.08 3.83 7.00 8.00 0.88 10.00 21.00 58.00 47.00 31.00 37.00 1.00 0.00 1.00 0.00 0.00
276.00 67.00 112.00 224.00 361.00 112.00 137.00 0.10 3.48 5.00 7.00 0.71 16.00 24.00 51.00 43.00 31.00 36.00 1.00 0.00 0.00 0.00 0.00
277.00 67.00 123.00 234.00 352.00 111.00 118.00 0.07 3.50 6.00 7.00 0.86 13.00 27.00 54.00 40.00 38.00 29.00 1.00 0.00 1.00 0.00 0.00
278.00 70.00 111.00 233.00 359.00 122.00 126.00 0.06 3.56 6.00 8.00 0.75 13.00 27.00 57.00 43.00 33.00 37.00 1.00 0.00 0.00 1.00 0.00
279.00 62.00 87.00 210.00 342.00 123.00 132.00 0.08 3.09 4.00 9.00 0.44 8.00 21.00 54.00 41.00 38.00 24.00 1.00 0.00 0.00 1.00 0.00
280.00 71.00 110.00 244.00 378.00 134.00 134.00 0.07 3.76 5.00 9.00 0.56 14.00 25.00 57.00 46.00 32.00 39.00 1.00 0.00 0.00 1.00 0.00
281.00 67.00 111.00 223.00 369.00 112.00 146.00 0.08 3.80 8.00 8.00 1.00 9.00 23.00 58.00 44.00 33.00 34.00 1.00 0.00 3.00 0.00 0.00
282.00 68.00 103.00 228.00 352.00 125.00 124.00 0.08 3.91 5.00 9.00 0.56 11.00 29.00 57.00 39.00 39.00 29.00 2.00 0.00 0.00 0.00 0.00
283.00 67.00 114.00 241.00 360.00 127.00 119.00 0.08 3.02 7.00 8.00 0.88 11.00 21.00 56.00 46.00 32.00 35.00 1.00 0.00 0.00 0.00 0.00
284.00 64.00 103.00 222.00 345.00 119.00 123.00 0.08 3.70 5.00 7.00 0.71 14.00 25.00 50.00 39.00 33.00 31.00 1.00 0.00 0.00 0.00 0.00
285.00 66.00 107.00 219.00 350.00 112.00 131.00 0.09 3.34 7.00 7.00 1.00 15.00 25.00 51.00 41.00 36.00 30.00 1.00 0.00 0.00 1.00 0.00
286.00 54.00 86.00 184.00 292.00 98.00 108.00 0.08 3.30 4.00 6.00 0.67 8.00 21.00 46.00 33.00 32.00 22.00 1.00 0.00 0.00 0.00 0.00
287.00 64.00 100.00 208.00 339.00 108.00 131.00 0.08 3.67 4.00 8.00 0.50 14.00 25.00 50.00 39.00 33.00 31.00 1.00 0.00 1.00 0.00 0.00
288.00 60.00 88.00 215.00 323.00 127.00 108.00 0.10 3.22 5.00 5.00 1.00 10.00 19.00 50.00 41.00 31.00 29.00 1.00 0.00 0.00 0.00 0.00
289.00 55.00 75.00 182.00 297.00 107.00 115.00 0.09 2.99 5.00 5.00 1.00 9.00 20.00 46.00 35.00 28.00 27.00 2.00 0.00 1.00 0.00 0.00
290.00 61.00 99.00 206.00 327.00 107.00 121.00 0.09 3.31 4.00 6.00 0.67 10.00 19.00 51.00 42.00 31.00 30.00 2.00 0.00 0.00 0.00 0.00
291.00 63.00 106.00 227.00 345.00 121.00 118.00 0.07 3.27 5.00 6.00 0.83 10.00 22.00 53.00 41.00 28.00 35.00 2.00 0.00 0.00 0.00 0.00
292.00 57.00 90.00 196.00 314.00 106.00 118.00 0.09 2.97 5.00 6.00 0.83 10.00 21.00 47.00 36.00 30.00 27.00 2.00 0.00 1.00 1.00 0.00
293.00 63.00 108.00 223.00 349.00 115.00 126.00 0.09 3.36 5.00 7.00 0.71 11.00 21.00 52.00 42.00 34.00 29.00 3.00 0.00 1.00 1.00 0.00
294.00 63.00 104.00 221.00 343.00 117.00 122.00 0.08 3.44 5.00 8.00 0.62 8.00 23.00 55.00 40.00 32.00 31.00 2.00 0.00 2.00 0.00 0.00
295.00 59.00 91.00 197.00 324.00 106.00 127.00 0.08 3.35 4.00 7.00 0.57 10.00 19.00 49.00 40.00 30.00 29.00 1.00 0.00 1.00 1.00 0.00
296.00 61.00 95.00 206.00 332.00 111.00 126.00 0.08 3.11 4.00 7.00 0.57 12.00 20.00 49.00 41.00 33.00 28.00 1.00 0.00 2.00 0.00 0.00
297.00 65.00 118.00 229.00 351.00 111.00 122.00 0.09 2.94 5.00 6.00 0.83 19.00 29.00 46.00 36.00 42.00 23.00 1.00 0.00 2.00 0.00 0.00
298.00 66.00 123.00 229.00 349.00 106.00 120.00 0.09 2.98 6.00 8.00 0.75 11.00 22.00 55.00 44.00 32.00 34.00 0.00 0.00 0.00 1.00 0.00
299.00 66.00 109.00 208.00 343.00 99.00 135.00 0.06 3.21 7.00 6.00 1.17 13.00 20.00 53.00 46.00 30.00 36.00 1.00 0.00 3.00 1.00 0.00
300.00 64.00 115.00 224.00 342.00 109.00 118.00 0.09 2.98 5.00 6.00 0.83 15.00 27.00 49.00 37.00 32.00 32.00 2.00 0.00 2.00 0.00 0.00
301.00 64.00 100.00 216.00 336.00 116.00 120.00 0.09 2.96 7.00 6.00 1.17 7.00 18.00 57.00 46.00 33.00 31.00 2.00 0.00 2.00 0.00 0.00
302.00 64.00 111.00 231.00 347.00 120.00 116.00 0.06 3.03 6.00 5.00 1.20 11.00 20.00 53.00 44.00 32.00 32.00 1.00 0.00 1.00 1.00 0.00
303.00 66.00 112.00 226.00 353.00 114.00 127.00 0.08 3.11 5.00 5.00 1.00 13.00 30.00 53.00 36.00 39.00 27.00 1.00 0.00 3.00 0.00 0.00
304.00 56.00 76.00 191.00 310.00 115.00 119.00 0.08 3.34 5.00 6.00 0.83 10.00 22.00 46.00 34.00 31.00 25.00 1.00 0.00 4.00 0.00 0.00
305.00 51.00 80.00 181.00 282.00 101.00 101.00 0.08 2.68 6.00 6.00 1.00 9.00 16.00 42.00 35.00 24.00 27.00 1.00 0.00 3.00 0.00 0.00
306.00 64.00 95.00 226.00 347.00 131.00 121.00 0.10 2.97 6.00 6.00 1.00 12.00 20.00 52.00 44.00 31.00 33.00 0.00 0.00 4.00 0.00 0.00
307.00 63.00 97.00 217.00 340.00 120.00 123.00 0.08 2.94 6.00 8.00 0.75 11.00 26.00 52.00 37.00 35.00 28.00 0.00 0.00 3.00 0.00 0.00
308.00 66.00 111.00 222.00 350.00 111.00 128.00 0.10 3.07 6.00 5.00 1.20 15.00 34.00 51.00 32.00 39.00 27.00 0.00 0.00 3.00 0.00 0.00
309.00 57.00 75.00 197.00 313.00 122.00 116.00 0.10 3.33 7.00 5.00 1.40 9.00 20.00 48.00 37.00 27.00 30.00 1.00 0.00 1.00 0.00 0.00
310.00 66.00 101.00 209.00 342.00 108.00 133.00 0.10 3.11 6.00 4.00 1.50 14.00 29.00 52.00 37.00 42.00 24.00 0.00 0.00 3.00 0.00 0.00
311.00 62.00 111.00 211.00 332.00 100.00 121.00 0.08 3.01 7.00 5.00 1.40 13.00 27.00 49.00 35.00 32.00 30.00 1.00 0.00 3.00 1.00 0.00
312.00 63.00 113.00 220.00 334.00 107.00 114.00 0.08 2.65 6.00 6.00 1.00 13.00 27.00 50.00 36.00 34.00 29.00 1.00 0.00 3.00 0.00 0.00
313.00 54.00 72.00 168.00 288.00 96.00 120.00 0.09 3.23 6.00 4.00 1.50 14.00 27.00 40.00 27.00 32.00 22.00 1.00 0.00 0.00 0.00 0.00
314.00 64.00 98.00 216.00 341.00 118.00 125.00 0.09 2.90 8.00 5.00 1.60 13.00 28.00 51.00 36.00 39.00 25.00 1.00 0.00 1.00 0.00 0.00
315.00 54.00 76.00 174.00 288.00 98.00 114.00 0.08 2.71 7.00 4.00 1.75 10.00 19.00 44.00 35.00 27.00 27.00 1.00 0.00 1.00 1.00 0.00
316.00 59.00 108.00 212.00 326.00 104.00 114.00 0.09 3.01 7.00 4.00 1.75 12.00 20.00 47.00 39.00 27.00 32.00 1.00 0.00 1.00 0.00 0.00
317.00 56.00 82.00 200.00 314.00 118.00 114.00 0.08 3.66 7.00 3.00 2.33 3.00 15.00 53.00 41.00 22.00 34.00 1.00 0.00 0.00 0.00 0.00
318.00 62.00 113.00 223.00 334.00 110.00 111.00 0.08 3.92 8.00 5.00 1.60 11.00 20.00 51.00 42.00 27.00 35.00 1.00 0.00 0.00 0.00 0.00
319.00 59.00 89.00 203.00 324.00 114.00 121.00 0.07 3.35 5.00 5.00 1.00 12.00 21.00 47.00 38.00 31.00 28.00 1.00 0.00 1.00 0.00 0.00
320.00 64.00 106.00 224.00 345.00 118.00 121.00 0.10 3.70 6.00 6.00 1.00 10.00 19.00 54.00 45.00 30.00 34.00 1.00 0.00 1.00 1.00 0.00
321.00 59.00 101.00 207.00 320.00 106.00 113.00 0.10 3.22 7.00 5.00 1.40 10.00 19.00 49.00 40.00 25.00 34.00 1.00 0.00 2.00 2.00 1.00
322.00 63.00 104.00 208.00 338.00 104.00 130.00 0.08 3.61 7.00 6.00 1.17 11.00 20.00 52.00 43.00 35.00 28.00 1.00 0.00 0.00 0.00 0.00
323.00 63.00 99.00 214.00 345.00 115.00 131.00 0.09 3.82 8.00 5.00 1.60 10.00 21.00 53.00 42.00 31.00 32.00 1.00 0.00 2.00 0.00 0.00
324.00 55.00 93.00 190.00 294.00 97.00 104.00 0.08 3.64 8.00 8.00 1.00 10.00 18.00 45.00 37.00 23.00 32.00 1.00 0.00 0.00 1.00 0.00
325.00 60.00 113.00 217.00 326.00 104.00 109.00 0.08 3.37 7.00 4.00 1.75 13.00 25.00 47.00 35.00 33.00 27.00 1.00 0.00 0.00 0.00 0.00
326.00 58.00 100.00 203.00 310.00 103.00 107.00 0.09 3.23 8.00 7.00 1.14 7.00 18.00 51.00 40.00 25.00 33.00 1.00 0.00 0.00 0.00 0.00
327.00 59.00 102.00 202.00 310.00 100.00 108.00 0.09 3.24 5.00 9.00 0.56 7.00 21.00 52.00 38.00 30.00 29.00 0.00 0.00 1.00 0.00 0.00
328.00 63.00 106.00 219.00 335.00 113.00 116.00 0.07 3.47 6.00 6.00 1.00 9.00 19.00 54.00 44.00 29.00 34.00 1.00 0.00 1.00 0.00 0.00
329.00 62.00 107.00 224.00 332.00 117.00 108.00 0.08 3.18 6.00 6.00 1.00 10.00 16.00 52.00 46.00 28.00 34.00 1.00 0.00 0.00 1.00 0.00
330.00 59.00 91.00 187.00 311.00 96.00 124.00 0.08 3.54 2.00 4.00 0.50 17.00 25.00 42.00 34.00 32.00 27.00 1.00 0.00 0.00 0.00 0.00
331.00 58.00 92.00 194.00 312.00 102.00 118.00 0.08 3.34 5.00 4.00 1.25 10.00 22.00 48.00 36.00 33.00 25.00 1.00 0.00 1.00 0.00 0.00
332.00 54.00 90.00 185.00 287.00 95.00 102.00 0.08 3.29 5.00 4.00 1.25 12.00 17.00 42.00 37.00 28.00 26.00 0.00 0.00 1.00 0.00 0.00
333.00 53.00 92.00 186.00 285.00 94.00 99.00 0.08 3.55 5.00 4.00 1.25 5.00 11.00 48.00 42.00 27.00 26.00 1.00 0.00 0.00 0.00 0.00
334.00 55.00 100.00 191.00 300.00 91.00 109.00 0.09 3.16 5.00 5.00 1.00 9.00 14.00 46.00 41.00 28.00 27.00 1.00 0.00 0.00 0.00 0.00
335.00 56.00 74.00 179.00 294.00 105.00 115.00 0.07 3.70 6.00 6.00 1.00 8.00 23.00 48.00 33.00 30.00 26.00 0.00 0.00 0.00 0.00 0.00
336.00 55.00 86.00 185.00 295.00 99.00 110.00 0.09 3.44 6.00 5.00 1.20 5.00 18.00 50.00 37.00 29.00 26.00 1.00 0.00 0.00 1.00 0.00
337.00 60.00 106.00 202.00 316.00 96.00 114.00 0.08 3.48 4.00 6.00 0.67 12.00 23.00 48.00 37.00 31.00 29.00 1.00 0.00 0.00 1.00 0.00
338.00 52.00 81.00 176.00 277.00 95.00 101.00 0.08 3.00 6.00 6.00 1.00 13.00 23.00 39.00 29.00 29.00 23.00 1.00 0.00 0.00 0.00 0.00
339.00 61.00 96.00 193.00 310.00 97.00 117.00 0.08 3.95 4.00 3.00 1.33 12.00 23.00 49.00 38.00 31.00 30.00 1.00 0.00 0.00 0.00 0.00
340.00 57.00 77.00 196.00 295.00 119.00 99.00 0.08 3.58 5.00 6.00 0.83 11.00 30.00 46.00 27.00 34.00 23.00 1.00 0.00 0.00 0.00 0.00
341.00 56.00 104.00 197.00 295.00 93.00 98.00 0.09 3.57 4.00 7.00 0.57 10.00 16.00 46.00 40.00 26.00 30.00 1.00 0.00 0.00 0.00 0.00
342.00 61.00 114.00 208.00 317.00 94.00 109.00 0.08 3.89 5.00 7.00 0.71 8.00 18.00 53.00 43.00 34.00 27.00 1.00 0.00 0.00 0.00 0.00
343.00 58.00 96.00 201.00 302.00 105.00 101.00 0.08 3.87 5.00 5.00 1.00 13.00 22.00 45.00 36.00 31.00 27.00 1.00 0.00 0.00 0.00 0.00
344.00 59.00 93.00 200.00 311.00 107.00 111.00 0.08 3.53 5.00 9.00 0.56 8.00 24.00 51.00 35.00 32.00 27.00 2.00 0.00 0.00 1.00 0.00
345.00 55.00 100.00 202.00 297.00 102.00 95.00 0.07 3.79 6.00 7.00 0.86 4.00 13.00 51.00 42.00 20.00 35.00 1.00 0.00 1.00 0.00 1.00
346.00 61.00 117.00 216.00 332.00 99.00 116.00 0.07 3.90 4.00 8.00 0.50 8.00 20.00 53.00 41.00 31.00 30.00 1.00 0.00 0.00 0.00 1.00
347.00 58.00 94.00 195.00 310.00 101.00 115.00 0.08 3.57 5.00 6.00 0.83 8.00 22.00 50.00 36.00 32.00 26.00 0.00 0.00 0.00 0.00 0.00
348.00 61.00 107.00 209.00 316.00 102.00 107.00 0.09 3.72 5.00 4.00 1.25 11.00 24.00 50.00 37.00 31.00 30.00 1.00 0.00 1.00 1.00 0.00
349.00 57.00 100.00 201.00 304.00 101.00 103.00 0.09 3.79 5.00 4.00 1.25 8.00 19.00 49.00 38.00 24.00 33.00 1.00 0.00 0.00 0.00 0.00
350.00 57.00 92.00 174.00 288.00 82.00 114.00 0.10 3.72 5.00 5.00 1.00 13.00 25.00 44.00 32.00 36.00 21.00 0.00 0.00 0.00 0.00 0.00
351.00 51.00 85.00 159.00 264.00 74.00 105.00 0.08 3.73 5.00 4.00 1.25 8.00 16.00 43.00 35.00 25.00 26.00 1.00 0.00 0.00 0.00 0.00
352.00 51.00 87.00 173.00 269.00 86.00 96.00 0.10 3.94 5.00 4.00 1.25 11.00 23.00 40.00 28.00 33.00 18.00 1.00 0.00 0.00 0.00 0.00
353.00 58.00 106.00 191.00 300.00 85.00 109.00 0.08 4.05 3.00 5.00 0.60 16.00 25.00 42.00 33.00 36.00 22.00 1.00 0.00 0.00 0.00 0.00
354.00 50.00 69.00 166.00 271.00 97.00 105.00 0.08 3.84 3.00 3.00 1.00 10.00 20.00 40.00 30.00 28.00 22.00 0.00 0.00 0.00 0.00 1.00
355.00 55.00 92.00 184.00 290.00 92.00 106.00 0.09 3.91 5.00 4.00 1.25 7.00 18.00 48.00 37.00 31.00 24.00 1.00 0.00 0.00 0.00 0.00
356.00 48.00 58.00 158.00 257.00 100.00 99.00 0.10 4.14 5.00 5.00 1.00 10.00 24.00 38.00 24.00 31.00 17.00 1.00 0.00 0.00 0.00 0.00
357.00 53.00 87.00 175.00 281.00 88.00 106.00 0.10 4.20 6.00 4.00 1.50 7.00 14.00 46.00 39.00 22.00 31.00 1.00 0.00 0.00 0.00 0.00
358.00 52.00 83.00 157.00 269.00 74.00 112.00 0.09 4.07 4.00 3.00 1.33 10.00 25.00 42.00 27.00 31.00 21.00 1.00 0.00 0.00 0.00 0.00
359.00 52.00 82.00 171.00 271.00 89.00 100.00 0.08 4.20 5.00 5.00 1.00 10.00 18.00 42.00 34.00 25.00 27.00 1.00 0.00 0.00 0.00 0.00
360.00 52.00 93.00 179.00 275.00 86.00 96.00 0.08 4.34 3.00 5.00 0.60 9.00 18.00 43.00 34.00 28.00 24.00 0.00 0.00 1.00 0.00 0.00
361.00 52.00 84.00 173.00 276.00 89.00 103.00 0.08 4.12 4.00 3.00 1.33 10.00 19.00 42.00 33.00 30.00 22.00 1.00 0.00 0.00 0.00 0.00
362.00 50.00 75.00 175.00 266.00 100.00 91.00 0.08 4.30 4.00 5.00 0.80 7.00 15.00 43.00 35.00 24.00 26.00 0.00 0.00 0.00 1.00 0.00
363.00 51.00 83.00 175.00 269.00 92.00 94.00 0.08 4.36 3.00 5.00 0.60 14.00 28.00 37.00 23.00 31.00 20.00 1.00 0.00 0.00 0.00 0.00
364.00 51.00 68.00 169.00 275.00 101.00 106.00 0.07 4.34 4.00 6.00 0.67 10.00 17.00 41.00 34.00 26.00 25.00 2.00 0.00 1.00 0.00 0.00
365.00 55.00 86.00 183.00 297.00 97.00 114.00 0.09 4.49 4.00 6.00 0.67 15.00 22.00 40.00 33.00 35.00 20.00 1.00 0.00 3.00 0.00 0.00
366.00 53.00 75.00 177.00 291.00 102.00 114.00 0.09 4.37 3.00 5.00 0.60 14.00 22.00 39.00 31.00 27.00 26.00 1.00 0.00 0.00 1.00 0.00
367.00 47.00 78.00 149.00 252.00 71.00 103.00 0.09 4.26 4.00 5.00 0.80 11.00 15.00 36.00 32.00 25.00 22.00 1.00 0.00 0.00 0.00 1.00
368.00 53.00 76.00 177.00 285.00 101.00 108.00 0.11 4.16 2.00 4.00 0.50 5.00 13.00 48.00 40.00 26.00 27.00 1.00 0.00 0.00 0.00 0.00
369.00 48.00 79.00 165.00 255.00 86.00 90.00 0.08 4.56 5.00 4.00 1.25 9.00 22.00 39.00 26.00 29.00 19.00 1.00 0.00 0.00 0.00 0.00
370.00 51.00 76.00 158.00 258.00 82.00 100.00 0.10 4.43 3.00 4.00 0.75 6.00 14.00 45.00 37.00 26.00 25.00 1.00 0.00 0.00 0.00 0.00
371.00 47.00 71.00 156.00 251.00 85.00 95.00 0.07 4.63 2.00 4.00 0.50 10.00 20.00 37.00 27.00 28.00 19.00 1.00 0.00 0.00 0.00 0.00
372.00 50.00 86.00 176.00 258.00 90.00 82.00 0.09 4.40 4.00 5.00 0.80 7.00 18.00 43.00 32.00 25.00 25.00 0.00 0.00 2.00 0.00 0.00
373.00 53.00 97.00 182.00 276.00 85.00 94.00 0.09 4.29 2.00 3.00 0.67 9.00 18.00 44.00 35.00 25.00 28.00 0.00 0.00 2.00 0.00 0.00
374.00 51.00 79.00 182.00 277.00 103.00 95.00 0.08 4.52 2.00 5.00 0.40 13.00 24.00 38.00 27.00 30.00 21.00 0.00 0.00 1.00 0.00 0.00
375.00 42.00 65.00 137.00 225.00 72.00 88.00 0.08 4.59 2.00 4.00 0.50 11.00 22.00 31.00 20.00 29.00 13.00 0.00 0.00 0.00 0.00 0.00
376.00 49.00 81.00 169.00 251.00 88.00 82.00 0.09 4.33 4.00 2.00 2.00 13.00 21.00 36.00 28.00 28.00 21.00 1.00 0.00 0.00 1.00 0.00
377.00 49.00 65.00 153.00 257.00 88.00 104.00 0.07 4.52 3.00 3.00 1.00 9.00 22.00 40.00 27.00 29.00 20.00 1.00 0.00 0.00 0.00 0.00
378.00 48.00 76.00 163.00 249.00 87.00 86.00 0.10 4.68 3.00 3.00 1.00 11.00 25.00 37.00 23.00 32.00 16.00 0.00 0.00 0.00 0.00 0.00
379.00 46.00 68.00 142.00 249.00 74.00 107.00 0.07 4.36 2.00 4.00 0.50 9.00 17.00 37.00 29.00 24.00 22.00 0.00 0.00 0.00 0.00 0.00
380.00 47.00 74.00 157.00 254.00 83.00 97.00 0.07 4.55 5.00 3.00 1.67 11.00 18.00 36.00 29.00 29.00 18.00 1.00 0.00 1.00 0.00 0.00
381.00 52.00 80.00 176.00 276.00 96.00 100.00 0.08 4.50 4.00 4.00 1.00 11.00 20.00 41.00 32.00 30.00 22.00 0.00 0.00 0.00 0.00 1.00
382.00 45.00 78.00 144.00 240.00 66.00 96.00 0.09 4.46 4.00 2.00 2.00 8.00 19.00 37.00 26.00 24.00 21.00 0.00 0.00 0.00 0.00 0.00
383.00 43.00 65.00 141.00 231.00 76.00 90.00 0.07 4.56 3.00 4.00 0.75 9.00 14.00 34.00 29.00 20.00 23.00 2.00 0.00 0.00 0.00 0.00
384.00 46.00 68.00 155.00 253.00 87.00 98.00 0.08 4.47 2.00 5.00 0.40 4.00 12.00 42.00 34.00 20.00 26.00 2.00 0.00 0.00 1.00 0.00
385.00 49.00 71.00 167.00 255.00 96.00 88.00 0.09 4.70 3.00 6.00 0.50 5.00 14.00 44.00 35.00 26.00 23.00 0.00 0.00 1.00 0.00 0.00
386.00 43.00 55.00 135.00 228.00 80.00 93.00 0.10 4.57 3.00 5.00 0.60 6.00 13.00 37.00 30.00 21.00 22.00 1.00 0.00 0.00 0.00 0.00
387.00 55.00 80.00 170.00 281.00 90.00 111.00 0.08 4.44 2.00 5.00 0.40 11.00 17.00 44.00 38.00 28.00 27.00 1.00 0.00 1.00 0.00 0.00
388.00 47.00 67.00 158.00 253.00 91.00 95.00 0.09 4.76 2.00 3.00 0.67 6.00 13.00 41.00 34.00 21.00 26.00 2.00 0.00 1.00 0.00 0.00
389.00 56.00 87.00 174.00 283.00 87.00 109.00 0.08 4.79 3.00 5.00 0.60 12.00 20.00 44.00 36.00 28.00 28.00 1.00 0.00 1.00 0.00 0.00
390.00 48.00 65.00 162.00 261.00 97.00 99.00 0.09 4.65 3.00 4.00 0.75 5.00 16.00 43.00 32.00 24.00 24.00 2.00 0.00 0.00 0.00 0.00
391.00 48.00 70.00 146.00 258.00 76.00 112.00 0.09 4.78 3.00 4.00 0.75 9.00 19.00 39.00 29.00 26.00 22.00 2.00 0.00 0.00 0.00 0.00
392.00 45.00 63.00 136.00 231.00 73.00 95.00 0.08 4.63 3.00 3.00 1.00 8.00 16.00 37.00 29.00 23.00 22.00 1.00 0.00 2.00 0.00 0.00
393.00 43.00 63.00 146.00 234.00 83.00 88.00 0.06 4.82 2.00 5.00 0.40 5.00 17.00 38.00 26.00 28.00 15.00 2.00 0.00 1.00 0.00 0.00
394.00 50.00 69.00 164.00 273.00 95.00 109.00 0.08 4.79 1.00 4.00 0.25 10.00 23.00 40.00 27.00 32.00 18.00 2.00 0.00 2.00 0.00 0.00
395.00 45.00 69.00 141.00 241.00 72.00 100.00 0.09 4.81 2.00 2.00 1.00 10.00 18.00 35.00 27.00 27.00 18.00 1.00 0.00 2.00 0.00 0.00
396.00 46.00 69.00 138.00 237.00 69.00 99.00 0.09 4.62 3.00 3.00 1.00 11.00 17.00 35.00 29.00 22.00 24.00 2.00 0.00 0.00 0.00 0.00
397.00 44.00 64.00 140.00 221.00 76.00 81.00 0.07 4.73 3.00 3.00 1.00 11.00 18.00 33.00 26.00 29.00 15.00 1.00 0.00 0.00 1.00 0.00
398.00 45.00 77.00 145.00 245.00 68.00 100.00 0.09 4.84 3.00 3.00 1.00 6.00 15.00 39.00 30.00 27.00 18.00 2.00 0.00 0.00 1.00 0.00
399.00 41.00 56.00 128.00 212.00 72.00 84.00 0.08 4.64 4.00 3.00 1.33 6.00 14.00 35.00 27.00 20.00 21.00 2.00 0.00 1.00 0.00 0.00
400.00 39.00 60.00 128.00 212.00 68.00 84.00 0.09 4.48 2.00 3.00 0.67 10.00 17.00 29.00 22.00 23.00 16.00 1.00 0.00 0.00 0.00 0.00
401.00 44.00 73.00 158.00 241.00 85.00 83.00 0.08 4.79 2.00 3.00 0.67 3.00 12.00 41.00 32.00 22.00 22.00 1.00 0.00 1.00 0.00 0.00
402.00 42.00 71.00 141.00 219.00 70.00 78.00 0.08 4.72 3.00 5.00 0.60 10.00 17.00 32.00 25.00 25.00 17.00 2.00 0.00 0.00 0.00 0.00
403.00 47.00 75.00 161.00 245.00 86.00 84.00 0.08 4.60 3.00 4.00 0.75 10.00 23.00 37.00 24.00 27.00 20.00 1.00 0.00 0.00 0.00 0.00
404.00 49.00 66.00 164.00 259.00 98.00 95.00 0.09 4.78 2.00 4.00 0.50 5.00 15.00 44.00 34.00 26.00 23.00 1.00 0.00 0.00 0.00 0.00
405.00 48.00 86.00 169.00 252.00 83.00 83.00 0.08 4.62 3.00 4.00 0.75 9.00 18.00 39.00 30.00 23.00 25.00 2.00 0.00 0.00 0.00 0.00
406.00 40.00 60.00 131.00 223.00 71.00 92.00 0.10 4.71 3.00 5.00 0.60 7.00 13.00 33.00 27.00 22.00 18.00 2.00 0.00 0.00 0.00 0.00
407.00 46.00 68.00 153.00 250.00 85.00 97.00 0.09 4.83 3.00 3.00 1.00 11.00 19.00 35.00 27.00 26.00 20.00 2.00 0.00 0.00 0.00 0.00
408.00 43.00 72.00 154.00 225.00 82.00 71.00 0.08 4.77 3.00 6.00 0.50 9.00 17.00 34.00 26.00 20.00 23.00 2.00 0.00 0.00 0.00 0.00
409.00 49.00 88.00 158.00 259.00 70.00 101.00 0.09 4.72 3.00 6.00 0.50 7.00 15.00 42.00 34.00 21.00 28.00 2.00 0.00 0.00 0.00 0.00
410.00 46.00 73.00 157.00 247.00 84.00 90.00 0.09 4.60 3.00 5.00 0.60 4.00 17.00 42.00 29.00 23.00 23.00 2.00 0.00 0.00 0.00 0.00
411.00 49.00 70.00 161.00 256.00 91.00 95.00 0.10 4.55 3.00 7.00 0.43 11.00 19.00 38.00 30.00 30.00 19.00 1.00 0.00 0.00 0.00 0.00
412.00 51.00 86.00 180.00 272.00 94.00 92.00 0.08 4.59 3.00 6.00 0.50 9.00 21.00 42.00 30.00 26.00 25.00 2.00 0.00 0.00 0.00 0.00
413.00 51.00 77.00 166.00 271.00 89.00 105.00 0.10 4.24 3.00 6.00 0.50 13.00 25.00 38.00 26.00 32.00 19.00 1.00 0.00 2.00 1.00 0.00
414.00 50.00 76.00 162.00 265.00 86.00 103.00 0.09 4.64 3.00 6.00 0.50 11.00 24.00 39.00 26.00 27.00 23.00 0.00 0.00 0.00 0.00 0.00
415.00 48.00 63.00 166.00 255.00 103.00 89.00 0.08 4.66 3.00 5.00 0.60 8.00 25.00 40.00 23.00 29.00 19.00 1.00 0.00 1.00 0.00 0.00
416.00 51.00 86.00 175.00 268.00 89.00 93.00 0.08 4.64 3.00 6.00 0.50 10.00 16.00 41.00 35.00 26.00 25.00 1.00 0.00 0.00 0.00 0.00
417.00 51.00 79.00 160.00 266.00 81.00 106.00 0.08 4.31 3.00 4.00 0.75 16.00 24.00 35.00 27.00 31.00 20.00 2.00 0.00 0.00 0.00 0.00
418.00 52.00 69.00 159.00 274.00 90.00 115.00 0.08 4.52 3.00 3.00 1.00 11.00 17.00 41.00 35.00 26.00 26.00 2.00 0.00 0.00 0.00 0.00
419.00 47.00 60.00 135.00 238.00 75.00 103.00 0.08 4.54 3.00 2.00 1.50 8.00 20.00 39.00 27.00 29.00 18.00 1.00 0.00 0.00 0.00 0.00
420.00 43.00 60.00 141.00 231.00 81.00 90.00 0.09 4.47 2.00 2.00 1.00 6.00 12.00 37.00 31.00 24.00 19.00 1.00 0.00 0.00 0.00 0.00
421.00 46.00 67.00 155.00 242.00 88.00 87.00 0.08 4.58 2.00 6.00 0.33 9.00 19.00 37.00 27.00 26.00 20.00 1.00 0.00 0.00 0.00 0.00
422.00 47.00 71.00 151.00 249.00 80.00 98.00 0.09 4.25 2.00 4.00 0.50 11.00 22.00 36.00 25.00 27.00 20.00 2.00 0.00 0.00 2.00 0.00
423.00 41.00 51.00 130.00 219.00 79.00 89.00 0.07 3.95 1.00 4.00 0.25 8.00 17.00 33.00 24.00 23.00 18.00 2.00 0.00 0.00 1.00 0.00
424.00 48.00 64.00 153.00 249.00 89.00 96.00 0.08 4.42 1.00 5.00 0.20 8.00 19.00 40.00 29.00 28.00 20.00 1.00 0.00 0.00 0.00 1.00
425.00 45.00 60.00 154.00 233.00 94.00 79.00 0.09 4.51 1.00 5.00 0.20 7.00 16.00 38.00 29.00 30.00 15.00 0.00 0.00 0.00 0.00 0.00
426.00 49.00 62.00 147.00 254.00 85.00 107.00 0.10 4.51 1.00 5.00 0.20 8.00 19.00 41.00 30.00 27.00 22.00 1.00 0.00 0.00 0.00 1.00
427.00 37.00 36.00 107.00 203.00 71.00 96.00 0.08 4.65 2.00 2.00 1.00 8.00 17.00 29.00 20.00 22.00 15.00 1.00 0.00 1.00 0.00 1.00
428.00 39.00 43.00 115.00 206.00 72.00 91.00 0.09 4.27 2.00 5.00 0.40 12.00 19.00 27.00 20.00 30.00 9.00 0.00 0.00 0.00 0.00 0.00
429.00 44.00 56.00 133.00 222.00 77.00 89.00 0.09 4.53 3.00 2.00 1.50 12.00 21.00 32.00 23.00 29.00 15.00 1.00 0.00 0.00 0.00 0.00
430.00 40.00 58.00 127.00 213.00 69.00 86.00 0.09 4.80 1.00 4.00 0.25 8.00 14.00 32.00 26.00 19.00 21.00 1.00 0.00 0.00 0.00 0.00
431.00 48.00 66.00 147.00 245.00 81.00 98.00 0.08 4.99 3.00 5.00 0.60 9.00 21.00 39.00 27.00 26.00 22.00 1.00 0.00 0.00 0.00 0.00
432.00 42.00 70.00 135.00 229.00 65.00 94.00 0.09 4.69 3.00 4.00 0.75 6.00 16.00 36.00 26.00 25.00 17.00 1.00 0.00 0.00 0.00 0.00
433.00 43.00 61.00 137.00 229.00 76.00 92.00 0.07 4.90 3.00 5.00 0.60 8.00 17.00 35.00 26.00 29.00 14.00 1.00 0.00 0.00 0.00 0.00
434.00 47.00 61.00 129.00 225.00 68.00 96.00 0.09 5.29 3.00 2.00 1.50 11.00 17.00 36.00 30.00 27.00 20.00 1.00 0.00 0.00 0.00 0.00
435.00 45.00 59.00 136.00 234.00 77.00 98.00 0.08 4.40 2.00 4.00 0.50 10.00 20.00 35.00 25.00 29.00 16.00 0.00 0.00 0.00 0.00 0.00
436.00 40.00 58.00 132.00 221.00 74.00 89.00 0.07 4.67 3.00 4.00 0.75 5.00 14.00 35.00 26.00 25.00 15.00 0.00 0.00 0.00 0.00 0.00
437.00 44.00 60.00 144.00 224.00 84.00 80.00 0.09 4.68 3.00 4.00 0.75 8.00 18.00 36.00 26.00 23.00 21.00 0.00 0.00 0.00 0.00 1.00
438.00 41.00 59.00 131.00 223.00 72.00 92.00 0.08 4.58 3.00 4.00 0.75 7.00 19.00 34.00 22.00 28.00 13.00 0.00 0.00 0.00 0.00 0.00
439.00 50.00 61.00 151.00 265.00 90.00 114.00 0.07 4.79 3.00 3.00 1.00 12.00 24.00 38.00 26.00 32.00 18.00 0.00 1.00 1.00 0.00 0.00
440.00 53.00 67.00 170.00 278.00 103.00 108.00 0.10 4.73 3.00 4.00 0.75 10.00 23.00 43.00 30.00 26.00 27.00 0.00 1.00 1.00 0.00 0.00
441.00 44.00 63.00 139.00 238.00 76.00 99.00 0.09 4.74 3.00 6.00 0.50 6.00 16.00 38.00 28.00 30.00 14.00 0.00 0.00 1.00 0.00 0.00
442.00 44.00 51.00 133.00 233.00 82.00 100.00 0.09 4.92 3.00 3.00 1.00 11.00 19.00 33.00 25.00 27.00 17.00 1.00 0.00 0.00 0.00 0.00
443.00 47.00 62.00 146.00 237.00 84.00 91.00 0.09 4.88 2.00 3.00 0.67 9.00 17.00 38.00 30.00 24.00 23.00 1.00 0.00 0.00 0.00 0.00
444.00 43.00 53.00 133.00 224.00 80.00 91.00 0.09 4.99 3.00 5.00 0.60 11.00 23.00 32.00 20.00 28.00 15.00 0.00 0.00 0.00 0.00 0.00
445.00 47.00 78.00 150.00 248.00 72.00 98.00 0.08 4.79 3.00 3.00 1.00 11.00 20.00 36.00 27.00 28.00 19.00 1.00 0.00 0.00 0.00 0.00
446.00 48.00 73.00 161.00 264.00 88.00 103.00 0.08 4.96 0.00 6.00 0.00 9.00 18.00 39.00 30.00 24.00 24.00 1.00 0.00 0.00 0.00 0.00
447.00 46.00 60.00 138.00 236.00 78.00 98.00 0.08 4.78 3.00 2.00 1.50 12.00 24.00 34.00 22.00 30.00 16.00 0.00 0.00 0.00 1.00 0.00
448.00 47.00 71.00 137.00 254.00 66.00 117.00 0.07 4.69 2.00 4.00 0.50 6.00 20.00 41.00 27.00 29.00 18.00 1.00 0.00 0.00 0.00 0.00
449.00 45.00 46.00 124.00 236.00 78.00 112.00 0.09 4.64 3.00 2.00 1.50 11.00 26.00 34.00 19.00 31.00 14.00 1.00 0.00 1.00 1.00 0.00
450.00 44.00 54.00 129.00 231.00 75.00 102.00 0.07 4.82 2.00 3.00 0.67 14.00 21.00 30.00 23.00 28.00 16.00 1.00 0.00 0.00 0.00 0.00
451.00 49.00 61.00 156.00 258.00 95.00 102.00 0.07 4.65 3.00 4.00 0.75 14.00 23.00 35.00 26.00 32.00 17.00 1.00 0.00 0.00 0.00 0.00
452.00 45.00 50.00 123.00 226.00 73.00 103.00 0.08 4.55 3.00 5.00 0.60 14.00 23.00 31.00 22.00 35.00 10.00 0.00 0.00 0.00 0.00 0.00
453.00 41.00 43.00 117.00 217.00 74.00 100.00 0.09 4.67 3.00 3.00 1.00 7.00 18.00 34.00 23.00 23.00 18.00 1.00 0.00 0.00 0.00 0.00
454.00 43.00 65.00 141.00 224.00 76.00 83.00 0.08 4.73 3.00 3.00 1.00 9.00 20.00 34.00 23.00 30.00 13.00 0.00 0.00 0.00 0.00 0.00
455.00 39.00 48.00 116.00 193.00 68.00 77.00 0.09 4.75 4.00 4.00 1.00 11.00 18.00 28.00 21.00 25.00 14.00 0.00 0.00 1.00 0.00 0.00
456.00 35.00 51.00 115.00 183.00 64.00 68.00 0.09 4.72 1.00 2.00 0.50 7.00 13.00 28.00 22.00 21.00 14.00 1.00 0.00 0.00 0.00 0.00
457.00 43.00 48.00 129.00 219.00 81.00 90.00 0.09 4.72 3.00 2.00 1.50 9.00 19.00 34.00 24.00 30.00 13.00 1.00 0.00 0.00 0.00 0.00
458.00 36.00 41.00 112.00 195.00 71.00 83.00 0.08 4.58 3.00 2.00 1.50 6.00 14.00 30.00 22.00 19.00 17.00 1.00 0.00 1.00 0.00 1.00
459.00 39.00 44.00 120.00 199.00 76.00 79.00 0.08 4.59 2.00 1.00 2.00 10.00 18.00 29.00 21.00 24.00 15.00 1.00 0.00 0.00 0.00 1.00
460.00 39.00 54.00 112.00 211.00 58.00 99.00 0.09 4.68 2.00 1.00 2.00 12.00 21.00 27.00 18.00 26.00 13.00 0.00 0.00 1.00 0.00 0.00
461.00 44.00 57.00 137.00 223.00 80.00 86.00 0.09 4.73 2.00 3.00 0.67 9.00 17.00 35.00 27.00 25.00 19.00 0.00 0.00 1.00 0.00 0.00
462.00 39.00 54.00 121.00 198.00 67.00 77.00 0.09 4.99 2.00 3.00 0.67 10.00 17.00 29.00 22.00 23.00 16.00 0.00 0.00 1.00 0.00 0.00
463.00 37.00 54.00 124.00 205.00 70.00 81.00 0.10 4.65 2.00 3.00 0.67 9.00 16.00 28.00 21.00 25.00 12.00 1.00 0.00 0.00 0.00 0.00
464.00 44.00 60.00 142.00 215.00 82.00 73.00 0.08 4.72 2.00 2.00 1.00 10.00 19.00 34.00 25.00 24.00 20.00 0.00 0.00 0.00 0.00 0.00
465.00 38.00 42.00 123.00 207.00 81.00 84.00 0.08 4.64 2.00 2.00 1.00 6.00 14.00 32.00 24.00 25.00 13.00 1.00 0.00 0.00 0.00 0.00
466.00 35.00 47.00 117.00 189.00 70.00 72.00 0.08 4.75 2.00 3.00 0.67 3.00 9.00 32.00 26.00 17.00 18.00 1.00 0.00 0.00 0.00 0.00
467.00 42.00 51.00 132.00 221.00 81.00 89.00 0.09 4.81 3.00 4.00 0.75 12.00 22.00 30.00 20.00 26.00 16.00 0.00 0.00 0.00 0.00 0.00
468.00 39.00 51.00 131.00 216.00 80.00 85.00 0.09 4.65 3.00 2.00 1.50 5.00 14.00 34.00 25.00 19.00 20.00 1.00 0.00 0.00 0.00 0.00
469.00 34.00 45.00 108.00 181.00 63.00 73.00 0.10 4.85 3.00 3.00 1.00 8.00 16.00 26.00 18.00 23.00 11.00 1.00 0.00 0.00 1.00 0.00
470.00 39.00 49.00 123.00 210.00 74.00 87.00 0.08 4.70 2.00 2.00 1.00 7.00 17.00 32.00 22.00 23.00 16.00 0.00 0.00 1.00 0.00 0.00
471.00 42.00 55.00 127.00 220.00 72.00 93.00 0.08 4.56 3.00 2.00 1.50 8.00 20.00 34.00 22.00 26.00 16.00 0.00 0.00 0.00 0.00 0.00
472.00 31.00 43.00 88.00 163.00 45.00 75.00 0.09 4.53 3.00 2.00 1.50 4.00 11.00 27.00 20.00 21.00 10.00 0.00 0.00 1.00 0.00 0.00
473.00 38.00 51.00 120.00 199.00 69.00 79.00 0.09 4.42 4.00 2.00 2.00 10.00 19.00 28.00 19.00 22.00 16.00 0.00 0.00 0.00 0.00 0.00
474.00 39.00 51.00 118.00 210.00 67.00 92.00 0.09 4.62 4.00 2.00 2.00 10.00 18.00 29.00 21.00 26.00 13.00 1.00 0.00 0.00 0.00 0.00
475.00 38.00 55.00 116.00 207.00 61.00 91.00 0.09 4.41 3.00 2.00 1.50 9.00 17.00 29.00 21.00 25.00 13.00 1.00 0.00 0.00 0.00 0.00
476.00 40.00 50.00 125.00 209.00 75.00 84.00 0.08 4.58 4.00 2.00 2.00 11.00 23.00 29.00 17.00 26.00 14.00 0.00 0.00 0.00 0.00 0.00
477.00 38.00 41.00 124.00 205.00 83.00 81.00 0.11 4.73 4.00 2.00 2.00 9.00 18.00 29.00 20.00 22.00 16.00 1.00 0.00 0.00 1.00 0.00
478.00 38.00 54.00 122.00 195.00 68.00 73.00 0.09 4.50 4.00 5.00 0.80 6.00 14.00 32.00 24.00 19.00 19.00 1.00 0.00 0.00 0.00 0.00
479.00 38.00 53.00 121.00 204.00 68.00 83.00 0.08 4.66 4.00 2.00 2.00 12.00 18.00 26.00 20.00 24.00 14.00 2.00 0.00 0.00 0.00 0.00
480.00 40.00 39.00 117.00 216.00 78.00 99.00 0.08 4.92 3.00 4.00 0.75 7.00 16.00 33.00 24.00 24.00 16.00 0.00 0.00 1.00 0.00 0.00
481.00 37.00 55.00 124.00 194.00 69.00 70.00 0.08 4.86 4.00 3.00 1.33 6.00 11.00 31.00 26.00 21.00 16.00 1.00 0.00 0.00 0.00 0.00
482.00 33.00 33.00 96.00 177.00 63.00 81.00 0.08 4.73 3.00 3.00 1.00 9.00 16.00 24.00 17.00 19.00 14.00 1.00 0.00 0.00 0.00 0.00
483.00 34.00 41.00 105.00 189.00 64.00 84.00 0.09 4.96 3.00 4.00 0.75 7.00 16.00 27.00 18.00 25.00 9.00 1.00 0.00 0.00 0.00 0.00
484.00 39.00 43.00 110.00 200.00 67.00 90.00 0.10 5.07 3.00 4.00 0.75 12.00 17.00 27.00 22.00 22.00 17.00 1.00 0.00 0.00 0.00 0.00
485.00 35.00 54.00 118.00 194.00 64.00 76.00 0.09 4.63 3.00 1.00 3.00 5.00 16.00 30.00 19.00 18.00 17.00 1.00 0.00 0.00 0.00 0.00
486.00 30.00 36.00 90.00 162.00 54.00 72.00 0.09 4.97 3.00 3.00 1.00 5.00 15.00 25.00 15.00 20.00 10.00 0.00 0.00 0.00 0.00 0.00
487.00 30.00 29.00 98.00 159.00 69.00 61.00 0.07 4.74 2.00 1.00 2.00 7.00 16.00 23.00 14.00 20.00 10.00 1.00 0.00 0.00 0.00 0.00
488.00 34.00 47.00 92.00 163.00 45.00 71.00 0.08 5.15 2.00 2.00 1.00 9.00 16.00 25.00 18.00 21.00 13.00 1.00 0.00 1.00 0.00 0.00
489.00 39.00 41.00 117.00 199.00 76.00 82.00 0.08 4.58 2.00 3.00 0.67 8.00 16.00 31.00 23.00 25.00 14.00 1.00 0.00 0.00 0.00 0.00
490.00 29.00 30.00 78.00 152.00 48.00 74.00 0.08 4.71 3.00 3.00 1.00 8.00 13.00 21.00 16.00 18.00 11.00 1.00 0.00 0.00 0.00 0.00
491.00 36.00 54.00 116.00 186.00 62.00 70.00 0.09 4.96 3.00 1.00 3.00 8.00 11.00 28.00 25.00 18.00 18.00 1.00 0.00 0.00 0.00 0.00
492.00 33.00 31.00 102.00 177.00 71.00 75.00 0.08 4.87 1.00 1.00 1.00 9.00 17.00 24.00 16.00 22.00 11.00 1.00 0.00 0.00 0.00 0.00
493.00 30.00 29.00 85.00 156.00 56.00 71.00 0.08 4.85 2.00 2.00 1.00 8.00 14.00 22.00 16.00 19.00 11.00 0.00 0.00 0.00 0.00 0.00
494.00 37.00 45.00 110.00 180.00 65.00 70.00 0.08 4.67 3.00 1.00 3.00 6.00 17.00 31.00 20.00 24.00 13.00 1.00 0.00 0.00 0.00 0.00
495.00 34.00 36.00 97.00 180.00 61.00 83.00 0.09 4.68 2.00 2.00 1.00 14.00 22.00 20.00 12.00 24.00 10.00 1.00 0.00 0.00 0.00 0.00
496.00 31.00 35.00 91.00 159.00 56.00 68.00 0.09 4.89 1.00 2.00 0.50 7.00 12.00 24.00 19.00 19.00 12.00 0.00 0.00 0.00 0.00 0.00
497.00 37.00 53.00 116.00 190.00 63.00 74.00 0.10 4.59 3.00 1.00 3.00 14.00 24.00 23.00 13.00 26.00 11.00 0.00 0.00 0.00 0.00 0.00
498.00 38.00 48.00 116.00 205.00 68.00 89.00 0.08 4.67 3.00 1.00 3.00 9.00 17.00 29.00 21.00 25.00 13.00 1.00 0.00 0.00 1.00 0.00
499.00 36.00 51.00 108.00 187.00 57.00 79.00 0.08 4.69 2.00 1.00 2.00 8.00 13.00 28.00 23.00 19.00 17.00 1.00 0.00 0.00 2.00 0.00
500.00 35.00 43.00 108.00 182.00 65.00 74.00 0.08 4.20 2.00 3.00 0.67 11.00 16.00 24.00 19.00 23.00 12.00 1.00 0.00 0.00 0.00 0.00
501.00 36.00 47.00 108.00 187.00 61.00 79.00 0.09 4.45 3.00 1.00 3.00 8.00 15.00 28.00 21.00 25.00 11.00 0.00 0.00 0.00 0.00 0.00
502.00 41.00 55.00 117.00 199.00 62.00 82.00 0.09 4.54 2.00 2.00 1.00 13.00 19.00 28.00 22.00 25.00 16.00 1.00 0.00 1.00 0.00 0.00
503.00 41.00 50.00 123.00 218.00 73.00 95.00 0.08 4.75 3.00 3.00 1.00 9.00 13.00 32.00 28.00 21.00 20.00 1.00 0.00 0.00 0.00 0.00
504.00 40.00 45.00 111.00 203.00 66.00 92.00 0.09 4.66 2.00 4.00 0.50 6.00 15.00 34.00 25.00 21.00 19.00 1.00 0.00 1.00 0.00 0.00
505.00 41.00 55.00 127.00 208.00 72.00 81.00 0.09 4.45 2.00 4.00 0.50 7.00 13.00 34.00 28.00 23.00 18.00 1.00 0.00 1.00 0.00 0.00
506.00 39.00 60.00 125.00 215.00 65.00 90.00 0.09 4.43 3.00 4.00 0.75 3.00 13.00 36.00 26.00 19.00 20.00 1.00 0.00 0.00 1.00 0.00
507.00 35.00 45.00 107.00 179.00 62.00 72.00 0.08 4.59 0.00 3.00 0.00 8.00 19.00 27.00 16.00 23.00 12.00 0.00 0.00 1.00 0.00 0.00
508.00 32.00 42.00 93.00 165.00 51.00 72.00 0.08 4.76 2.00 3.00 0.67 6.00 13.00 26.00 19.00 20.00 12.00 0.00 0.00 0.00 0.00 0.00
509.00 31.00 37.00 90.00 167.00 53.00 77.00 0.07 4.53 2.00 2.00 1.00 5.00 9.00 26.00 22.00 16.00 15.00 0.00 0.00 1.00 0.00 0.00
510.00 32.00 34.00 86.00 166.00 52.00 80.00 0.08 4.55 2.00 2.00 1.00 8.00 15.00 24.00 17.00 23.00 9.00 0.00 0.00 0.00 0.00 0.00
511.00 34.00 51.00 97.00 174.00 46.00 77.00 0.09 4.69 2.00 2.00 1.00 10.00 15.00 24.00 19.00 24.00 10.00 0.00 0.00 0.00 0.00 0.00
512.00 36.00 51.00 107.00 182.00 56.00 75.00 0.09 4.57 2.00 1.00 2.00 11.00 19.00 25.00 17.00 26.00 10.00 0.00 0.00 0.00 0.00 0.00
513.00 31.00 36.00 94.00 153.00 58.00 59.00 0.08 4.71 1.00 2.00 0.50 5.00 14.00 26.00 17.00 19.00 12.00 0.00 0.00 0.00 0.00 0.00
514.00 31.00 43.00 96.00 164.00 53.00 68.00 0.08 4.70 2.00 4.00 0.50 4.00 11.00 27.00 20.00 17.00 14.00 0.00 0.00 0.00 0.00 0.00
515.00 36.00 54.00 104.00 189.00 50.00 85.00 0.10 4.48 2.00 4.00 0.50 8.00 16.00 28.00 20.00 26.00 10.00 0.00 0.00 0.00 0.00 0.00
516.00 35.00 54.00 106.00 182.00 52.00 76.00 0.08 4.66 2.00 4.00 0.50 6.00 15.00 29.00 20.00 19.00 16.00 0.00 0.00 0.00 0.00 0.00
517.00 35.00 48.00 109.00 186.00 61.00 77.00 0.09 4.51 3.00 2.00 1.50 8.00 14.00 27.00 21.00 19.00 16.00 0.00 0.00 1.00 0.00 0.00
518.00 38.00 54.00 118.00 202.00 64.00 84.00 0.08 4.58 2.00 1.00 2.00 8.00 13.00 30.00 25.00 21.00 17.00 0.00 0.00 1.00 0.00 0.00
519.00 35.00 40.00 105.00 177.00 65.00 72.00 0.07 4.64 2.00 2.00 1.00 8.00 15.00 27.00 20.00 24.00 11.00 0.00 0.00 0.00 0.00 0.00
520.00 35.00 46.00 103.00 187.00 57.00 84.00 0.08 4.50 2.00 2.00 1.00 6.00 10.00 29.00 25.00 16.00 19.00 1.00 0.00 1.00 0.00 0.00
521.00 31.00 32.00 90.00 161.00 58.00 71.00 0.09 4.60 2.00 2.00 1.00 5.00 9.00 26.00 22.00 19.00 12.00 0.00 0.00 0.00 0.00 1.00
522.00 38.00 58.00 115.00 192.00 57.00 77.00 0.08 4.43 2.00 1.00 2.00 8.00 14.00 30.00 24.00 18.00 20.00 0.00 0.00 1.00 0.00 0.00
523.00 37.00 46.00 107.00 188.00 61.00 81.00 0.09 4.55 3.00 2.00 1.50 12.00 17.00 25.00 20.00 22.00 15.00 0.00 0.00 0.00 0.00 0.00
524.00 41.00 59.00 124.00 219.00 65.00 95.00 0.08 4.53 2.00 4.00 0.50 12.00 18.00 29.00 23.00 26.00 15.00 0.00 0.00 0.00 0.00 0.00
525.00 40.00 55.00 125.00 209.00 70.00 84.00 0.09 4.57 2.00 5.00 0.40 9.00 15.00 31.00 25.00 23.00 17.00 0.00 0.00 0.00 0.00 0.00
526.00 39.00 54.00 116.00 208.00 62.00 92.00 0.08 4.39 2.00 3.00 0.67 6.00 14.00 33.00 25.00 19.00 20.00 0.00 0.00 2.00 1.00 0.00
527.00 45.00 71.00 140.00 226.00 69.00 86.00 0.08 4.59 2.00 2.00 1.00 7.00 18.00 38.00 27.00 23.00 22.00 1.00 0.00 0.00 0.00 0.00
528.00 38.00 62.00 113.00 199.00 51.00 86.00 0.09 4.52 2.00 3.00 0.67 6.00 15.00 32.00 23.00 22.00 16.00 0.00 0.00 1.00 0.00 0.00
529.00 37.00 60.00 118.00 195.00 58.00 77.00 0.12 4.54 2.00 1.00 2.00 8.00 17.00 29.00 20.00 22.00 15.00 0.00 0.00 1.00 0.00 0.00
530.00 34.00 35.00 102.00 181.00 67.00 79.00 0.08 4.42 2.00 1.00 2.00 4.00 13.00 30.00 21.00 19.00 15.00 0.00 0.00 0.00 0.00 0.00
531.00 38.00 66.00 121.00 200.00 55.00 79.00 0.10 4.61 2.00 2.00 1.00 8.00 17.00 30.00 21.00 23.00 15.00 0.00 0.00 0.00 0.00 0.00
532.00 33.00 45.00 97.00 161.00 52.00 64.00 0.09 4.87 2.00 1.00 2.00 7.00 12.00 26.00 21.00 25.00 8.00 0.00 0.00 0.00 0.00 0.00
533.00 32.00 50.00 105.00 170.00 55.00 65.00 0.09 4.65 2.00 2.00 1.00 4.00 10.00 28.00 22.00 16.00 16.00 0.00 0.00 0.00 0.00 0.00
534.00 30.00 29.00 83.00 154.00 54.00 71.00 0.08 4.06 2.00 1.00 2.00 6.00 15.00 24.00 15.00 20.00 10.00 0.00 0.00 0.00 0.00 0.00
535.00 36.00 47.00 117.00 195.00 70.00 78.00 0.10 4.62 2.00 1.00 2.00 10.00 17.00 26.00 19.00 22.00 14.00 0.00 0.00 0.00 0.00 0.00
536.00 37.00 49.00 119.00 194.00 70.00 75.00 0.07 4.48 2.00 2.00 1.00 7.00 13.00 30.00 24.00 21.00 16.00 0.00 1.00 1.00 0.00 0.00
537.00 31.00 46.00 94.00 165.00 48.00 71.00 0.08 4.57 2.00 1.00 2.00 5.00 11.00 26.00 20.00 17.00 14.00 0.00 0.00 0.00 0.00 1.00
538.00 29.00 37.00 85.00 149.00 48.00 64.00 0.09 4.13 2.00 1.00 2.00 5.00 12.00 24.00 17.00 17.00 12.00 0.00 0.00 0.00 0.00 1.00
539.00 31.00 43.00 94.00 163.00 51.00 69.00 0.09 4.59 3.00 1.00 3.00 5.00 11.00 26.00 20.00 17.00 14.00 0.00 0.00 0.00 0.00 1.00
540.00 37.00 45.00 105.00 191.00 60.00 86.00 0.10 4.30 2.00 1.00 2.00 9.00 13.00 28.00 24.00 21.00 16.00 0.00 0.00 0.00 0.00 0.00
541.00 35.00 42.00 106.00 189.00 64.00 83.00 0.09 4.49 2.00 1.00 2.00 6.00 12.00 29.00 23.00 20.00 15.00 0.00 0.00 0.00 0.00 0.00
542.00 33.00 42.00 102.00 172.00 60.00 70.00 0.08 4.32 3.00 2.00 1.50 6.00 15.00 27.00 18.00 19.00 14.00 0.00 0.00 0.00 0.00 0.00
543.00 38.00 55.00 123.00 197.00 68.00 74.00 0.09 4.23 2.00 0.00 0.00 10.00 20.00 28.00 18.00 24.00 14.00 0.00 0.00 0.00 0.00 0.00
544.00 36.00 51.00 112.00 190.00 61.00 78.00 0.08 4.45 3.00 2.00 1.50 7.00 12.00 29.00 24.00 17.00 19.00 0.00 0.00 0.00 1.00 0.00
545.00 34.00 46.00 110.00 188.00 64.00 78.00 0.07 4.36 3.00 2.00 1.50 4.00 10.00 30.00 24.00 18.00 16.00 0.00 0.00 1.00 1.00 1.00
546.00 36.00 49.00 116.00 198.00 67.00 82.00 0.08 4.28 3.00 1.00 3.00 7.00 12.00 29.00 24.00 17.00 19.00 0.00 0.00 0.00 1.00 0.00
547.00 34.00 33.00 99.00 191.00 66.00 92.00 0.09 4.52 2.00 2.00 1.00 5.00 12.00 29.00 22.00 18.00 16.00 0.00 0.00 0.00 0.00 0.00
548.00 34.00 55.00 117.00 187.00 62.00 70.00 0.08 4.15 4.00 3.00 1.33 8.00 12.00 26.00 22.00 17.00 17.00 0.00 0.00 0.00 0.00 0.00
549.00 34.00 54.00 113.00 182.00 59.00 69.00 0.06 4.46 4.00 3.00 1.33 7.00 14.00 27.00 20.00 17.00 17.00 0.00 0.00 0.00 0.00 0.00
550.00 37.00 56.00 120.00 197.00 64.00 77.00 0.08 4.66 3.00 4.00 0.75 7.00 15.00 30.00 22.00 21.00 16.00 0.00 0.00 0.00 0.00 0.00
551.00 34.00 36.00 104.00 182.00 68.00 78.00 0.07 4.67 3.00 2.00 1.50 9.00 19.00 25.00 15.00 27.00 7.00 0.00 0.00 1.00 0.00 0.00
552.00 28.00 26.00 77.00 152.00 51.00 75.00 0.07 4.40 3.00 2.00 1.50 7.00 13.00 21.00 15.00 18.00 10.00 0.00 0.00 0.00 0.00 0.00
553.00 28.00 33.00 84.00 152.00 51.00 68.00 0.07 4.55 3.00 1.00 3.00 2.00 7.00 26.00 21.00 14.00 14.00 0.00 0.00 0.00 1.00 0.00
554.00 34.00 45.00 101.00 179.00 56.00 78.00 0.09 4.49 3.00 3.00 1.00 10.00 16.00 24.00 18.00 26.00 8.00 0.00 0.00 0.00 0.00 0.00
555.00 36.00 53.00 116.00 190.00 63.00 74.00 0.08 4.62 3.00 2.00 1.50 4.00 13.00 32.00 23.00 19.00 17.00 0.00 0.00 0.00 0.00 0.00
556.00 31.00 37.00 89.00 162.00 52.00 73.00 0.07 4.73 3.00 2.00 1.50 7.00 12.00 24.00 19.00 20.00 11.00 0.00 0.00 0.00 1.00 0.00
557.00 26.00 30.00 77.00 140.00 47.00 63.00 0.09 4.55 2.00 1.00 2.00 6.00 12.00 20.00 14.00 16.00 10.00 0.00 0.00 0.00 0.00 0.00
558.00 31.00 34.00 84.00 158.00 50.00 74.00 0.09 4.47 2.00 1.00 2.00 9.00 18.00 22.00 13.00 20.00 11.00 0.00 0.00 0.00 0.00 0.00
559.00 34.00 46.00 105.00 178.00 59.00 73.00 0.08 4.47 3.00 2.00 1.50 7.00 15.00 27.00 19.00 20.00 14.00 0.00 0.00 0.00 0.00 0.00
560.00 33.00 52.00 107.00 177.00 55.00 70.00 0.08 4.49 4.00 2.00 2.00 3.00 5.00 30.00 28.00 15.00 18.00 0.00 0.00 1.00 0.00 0.00
561.00 38.00 55.00 123.00 199.00 68.00 76.00 0.09 4.45 5.00 1.00 5.00 7.00 14.00 31.00 24.00 18.00 20.00 0.00 0.00 0.00 0.00 0.00
562.00 39.00 49.00 108.00 202.00 59.00 94.00 0.10 4.49 2.00 2.00 1.00 8.00 17.00 31.00 22.00 22.00 17.00 0.00 0.00 2.00 0.00 1.00
563.00 34.00 50.00 106.00 182.00 56.00 76.00 0.08 4.58 4.00 2.00 2.00 6.00 14.00 28.00 20.00 21.00 13.00 0.00 0.00 0.00 0.00 0.00
564.00 33.00 47.00 103.00 176.00 56.00 73.00 0.09 4.59 3.00 1.00 3.00 9.00 14.00 24.00 19.00 19.00 14.00 0.00 0.00 0.00 0.00 0.00
565.00 34.00 43.00 110.00 186.00 67.00 76.00 0.09 4.25 5.00 1.00 5.00 6.00 16.00 28.00 18.00 21.00 13.00 0.00 0.00 0.00 0.00 0.00
566.00 35.00 39.00 110.00 180.00 71.00 70.00 0.10 4.00 5.00 1.00 5.00 9.00 14.00 26.00 21.00 22.00 13.00 0.00 0.00 0.00 0.00 0.00
567.00 37.00 51.00 118.00 195.00 67.00 77.00 0.07 4.00 5.00 1.00 5.00 7.00 19.00 30.00 18.00 23.00 14.00 0.00 0.00 0.00 0.00 0.00
568.00 33.00 38.00 91.00 167.00 53.00 76.00 0.09 4.24 3.00 1.00 3.00 11.00 17.00 22.00 16.00 23.00 10.00 0.00 0.00 0.00 0.00 0.00
569.00 38.00 53.00 125.00 199.00 72.00 74.00 0.09 4.34 5.00 2.00 2.50 4.00 5.00 34.00 33.00 20.00 18.00 0.00 0.00 0.00 0.00 0.00
570.00 37.00 51.00 115.00 196.00 64.00 81.00 0.08 4.32 1.00 1.00 1.00 5.00 12.00 32.00 25.00 22.00 15.00 0.00 0.00 0.00 0.00 0.00
571.00 32.00 43.00 101.00 172.00 58.00 71.00 0.09 3.92 4.00 1.00 4.00 7.00 13.00 25.00 19.00 14.00 18.00 0.00 0.00 0.00 0.00 0.00
572.00 36.00 43.00 112.00 192.00 69.00 80.00 0.08 4.01 4.00 1.00 4.00 9.00 17.00 27.00 19.00 23.00 13.00 0.00 0.00 0.00 0.00 0.00
573.00 30.00 39.00 95.00 163.00 56.00 68.00 0.09 3.47 4.00 2.00 2.00 6.00 11.00 24.00 19.00 20.00 10.00 0.00 0.00 0.00 0.00 0.00
574.00 32.00 44.00 98.00 168.00 54.00 70.00 0.09 3.98 4.00 2.00 2.00 6.00 12.00 26.00 20.00 19.00 13.00 0.00 0.00 0.00 0.00 0.00
575.00 27.00 33.00 78.00 140.00 45.00 62.00 0.08 4.12 3.00 1.00 3.00 8.00 12.00 19.00 15.00 16.00 11.00 0.00 0.00 0.00 0.00 0.00
576.00 37.00 45.00 106.00 187.00 61.00 81.00 0.09 4.23 3.00 1.00 3.00 9.00 20.00 28.00 17.00 24.00 13.00 0.00 0.00 0.00 1.00 0.00
577.00 31.00 33.00 88.00 153.00 55.00 65.00 0.09 4.51 3.00 2.00 1.50 10.00 16.00 21.00 15.00 19.00 12.00 1.00 0.00 0.00 0.00 0.00
578.00 29.00 37.00 80.00 151.00 43.00 71.00 0.10 4.32 2.00 2.00 1.00 5.00 13.00 24.00 16.00 18.00 11.00 0.00 0.00 0.00 0.00 0.00
579.00 30.00 32.00 85.00 153.00 53.00 68.00 0.08 4.26 2.00 2.00 1.00 5.00 10.00 25.00 20.00 17.00 13.00 0.00 0.00 1.00 0.00 0.00
580.00 31.00 38.00 104.00 170.00 66.00 66.00 0.08 4.40 2.00 1.00 2.00 6.00 15.00 25.00 16.00 18.00 13.00 0.00 0.00 0.00 0.00 0.00
581.00 30.00 38.00 95.00 163.00 57.00 68.00 0.09 4.25 2.00 2.00 1.00 8.00 13.00 22.00 17.00 15.00 15.00 1.00 0.00 0.00 0.00 0.00
582.00 27.00 30.00 75.00 137.00 45.00 62.00 0.09 4.51 2.00 1.00 2.00 8.00 11.00 19.00 16.00 17.00 10.00 0.00 0.00 0.00 0.00 0.00
583.00 29.00 21.00 73.00 150.00 52.00 77.00 0.09 3.31 2.00 3.00 0.67 8.00 16.00 21.00 13.00 21.00 8.00 0.00 0.00 1.00 0.00 1.00
584.00 31.00 43.00 92.00 164.00 49.00 72.00 0.09 4.66 2.00 1.00 2.00 4.00 12.00 27.00 19.00 20.00 11.00 0.00 0.00 0.00 0.00 0.00
585.00 41.00 46.00 111.00 198.00 65.00 87.00 0.09 4.55 2.00 1.00 2.00 13.00 24.00 28.00 17.00 32.00 9.00 0.00 0.00 0.00 0.00 0.00
586.00 37.00 49.00 113.00 195.00 64.00 82.00 0.09 4.47 2.00 1.00 2.00 9.00 15.00 28.00 22.00 21.00 16.00 0.00 0.00 0.00 0.00 0.00
587.00 34.00 51.00 102.00 179.00 51.00 77.00 0.09 4.53 2.00 2.00 1.00 4.00 8.00 30.00 26.00 20.00 14.00 0.00 0.00 0.00 0.00 0.00
588.00 38.00 60.00 114.00 202.00 54.00 88.00 0.08 4.49 3.00 3.00 1.00 4.00 14.00 34.00 24.00 20.00 18.00 0.00 0.00 1.00 0.00 0.00
589.00 34.00 43.00 108.00 179.00 65.00 71.00 0.09 4.37 3.00 2.00 1.50 6.00 12.00 28.00 22.00 21.00 13.00 0.00 0.00 0.00 0.00 0.00
590.00 36.00 57.00 112.00 186.00 55.00 74.00 0.10 4.62 2.00 2.00 1.00 4.00 16.00 32.00 20.00 22.00 14.00 0.00 0.00 1.00 0.00 0.00
591.00 34.00 47.00 110.00 177.00 63.00 67.00 0.08 4.45 2.00 1.00 2.00 8.00 14.00 26.00 20.00 20.00 14.00 0.00 0.00 0.00 0.00 0.00
592.00 36.00 54.00 116.00 193.00 62.00 77.00 0.07 3.81 3.00 2.00 1.50 8.00 11.00 28.00 25.00 20.00 16.00 0.00 0.00 0.00 0.00 0.00
593.00 33.00 47.00 95.00 166.00 48.00 71.00 0.09 4.33 1.00 2.00 0.50 6.00 14.00 27.00 19.00 20.00 13.00 0.00 0.00 1.00 0.00 0.00
594.00 38.00 52.00 115.00 199.00 63.00 84.00 0.09 4.18 3.00 2.00 1.50 11.00 16.00 27.00 22.00 25.00 13.00 0.00 0.00 0.00 0.00 0.00
595.00 40.00 62.00 125.00 206.00 63.00 81.00 0.09 4.01 3.00 2.00 1.50 11.00 17.00 29.00 23.00 24.00 16.00 0.00 0.00 0.00 0.00 0.00
596.00 32.00 43.00 98.00 167.00 55.00 69.00 0.07 3.80 1.00 3.00 0.33 7.00 15.00 25.00 17.00 24.00 8.00 0.00 0.00 0.00 0.00 0.00
597.00 32.00 48.00 106.00 166.00 58.00 60.00 0.09 4.10 2.00 2.00 1.00 11.00 17.00 21.00 15.00 22.00 10.00 0.00 0.00 0.00 0.00 0.00
598.00 35.00 45.00 109.00 187.00 64.00 78.00 0.09 3.10 2.00 1.00 2.00 6.00 11.00 29.00 24.00 20.00 15.00 0.00 0.00 1.00 1.00 0.00
599.00 41.00 47.00 115.00 205.00 68.00 90.00 0.08 3.92 3.00 3.00 1.00 6.00 17.00 35.00 24.00 27.00 14.00 0.00 0.00 0.00 0.00 0.00
600.00 28.00 33.00 76.00 145.00 43.00 69.00 0.08 3.38 2.00 2.00 1.00 11.00 18.00 17.00 10.00 22.00 6.00 0.00 0.00 0.00 0.00 0.00
601.00 30.00 46.00 93.00 158.00 47.00 65.00 0.10 3.60 2.00 4.00 0.50 6.00 14.00 24.00 16.00 21.00 9.00 0.00 0.00 1.00 0.00 0.00
602.00 30.00 45.00 93.00 160.00 48.00 67.00 0.08 3.67 1.00 3.00 0.33 4.00 10.00 26.00 20.00 17.00 13.00 0.00 0.00 0.00 0.00 0.00
603.00 30.00 43.00 88.00 157.00 45.00 69.00 0.08 3.19 2.00 3.00 0.67 9.00 14.00 21.00 16.00 16.00 14.00 0.00 0.00 1.00 0.00 0.00
604.00 27.00 37.00 77.00 137.00 40.00 60.00 0.10 3.74 1.00 3.00 0.33 6.00 12.00 21.00 15.00 12.00 15.00 0.00 0.00 1.00 0.00 0.00
605.00 33.00 49.00 102.00 163.00 53.00 61.00 0.07 3.03 2.00 3.00 0.67 10.00 15.00 23.00 18.00 22.00 11.00 0.00 0.00 1.00 0.00 0.00
606.00 30.00 39.00 88.00 153.00 49.00 65.00 0.09 3.59 0.00 3.00 0.00 4.00 13.00 26.00 17.00 22.00 8.00 0.00 0.00 1.00 0.00 0.00
607.00 35.00 57.00 105.00 179.00 48.00 74.00 0.08 3.05 2.00 3.00 0.67 6.00 16.00 29.00 19.00 20.00 15.00 0.00 0.00 0.00 0.00 0.00
608.00 34.00 50.00 100.00 168.00 50.00 68.00 0.08 2.17 2.00 2.00 1.00 7.00 13.00 27.00 21.00 24.00 10.00 0.00 0.00 1.00 0.00 0.00
609.00 33.00 44.00 106.00 172.00 62.00 66.00 0.09 2.39 2.00 2.00 1.00 8.00 16.00 25.00 17.00 21.00 12.00 1.00 0.00 1.00 0.00 0.00
610.00 34.00 53.00 106.00 171.00 53.00 65.00 0.08 2.73 2.00 3.00 0.67 10.00 16.00 24.00 18.00 20.00 14.00 0.00 0.00 1.00 0.00 0.00
611.00 34.00 59.00 108.00 180.00 49.00 72.00 0.08 2.76 2.00 2.00 1.00 6.00 13.00 28.00 21.00 22.00 12.00 0.00 0.00 0.00 0.00 0.00
612.00 29.00 38.00 88.00 154.00 50.00 66.00 0.08 2.65 1.00 2.00 0.50 5.00 10.00 24.00 19.00 20.00 9.00 0.00 0.00 1.00 0.00 0.00
613.00 28.00 35.00 85.00 150.00 50.00 65.00 0.09 2.17 2.00 3.00 0.67 2.00 10.00 26.00 18.00 15.00 13.00 1.00 0.00 0.00 0.00 0.00
614.00 37.00 56.00 108.00 187.00 52.00 79.00 0.09 2.91 2.00 3.00 0.67 6.00 13.00 31.00 24.00 22.00 15.00 0.00 0.00 0.00 0.00 1.00
615.00 35.00 47.00 106.00 185.00 59.00 79.00 0.09 2.67 1.00 3.00 0.33 5.00 15.00 30.00 20.00 19.00 16.00 0.00 0.00 0.00 0.00 1.00
616.00 40.00 55.00 115.00 194.00 60.00 79.00 0.08 2.70 2.00 2.00 1.00 8.00 16.00 32.00 24.00 21.00 19.00 0.00 0.00 0.00 0.00 1.00
617.00 33.00 50.00 103.00 176.00 53.00 73.00 0.10 3.05 2.00 4.00 0.50 8.00 15.00 25.00 18.00 22.00 11.00 0.00 0.00 0.00 0.00 0.00
618.00 37.00 61.00 109.00 185.00 48.00 76.00 0.09 2.77 2.00 3.00 0.67 6.00 15.00 31.00 22.00 21.00 16.00 0.00 0.00 0.00 0.00 0.00
619.00 30.00 39.00 87.00 147.00 48.00 60.00 0.08 3.59 2.00 3.00 0.67 6.00 16.00 24.00 14.00 18.00 12.00 0.00 0.00 0.00 0.00 0.00
620.00 33.00 38.00 109.00 171.00 71.00 62.00 0.09 3.36 2.00 3.00 0.67 6.00 11.00 27.00 22.00 16.00 17.00 0.00 0.00 0.00 0.00 0.00
621.00 33.00 44.00 104.00 173.00 60.00 69.00 0.08 3.12 2.00 3.00 0.67 6.00 11.00 27.00 22.00 17.00 16.00 0.00 0.00 0.00 0.00 0.00
622.00 38.00 56.00 114.00 197.00 58.00 83.00 0.10 3.17 2.00 4.00 0.50 8.00 14.00 30.00 24.00 19.00 19.00 0.00 0.00 1.00 0.00 0.00
623.00 33.00 55.00 104.00 169.00 49.00 65.00 0.09 3.67 1.00 2.00 0.50 7.00 18.00 26.00 15.00 22.00 11.00 0.00 0.00 0.00 0.00 0.00
624.00 33.00 58.00 107.00 167.00 49.00 60.00 0.07 3.58 2.00 3.00 0.67 3.00 13.00 30.00 20.00 18.00 15.00 0.00 0.00 1.00 0.00 0.00
625.00 37.00 54.00 114.00 197.00 60.00 83.00 0.10 3.61 1.00 3.00 0.33 2.00 9.00 35.00 28.00 19.00 18.00 0.00 0.00 0.00 0.00 0.00
626.00 33.00 47.00 98.00 165.00 51.00 67.00 0.09 3.43 1.00 3.00 0.33 10.00 18.00 23.00 15.00 23.00 10.00 0.00 0.00 0.00 0.00 0.00
627.00 35.00 54.00 111.00 185.00 57.00 74.00 0.08 3.49 1.00 3.00 0.33 8.00 12.00 27.00 23.00 22.00 13.00 0.00 0.00 1.00 0.00 0.00
628.00 35.00 47.00 112.00 186.00 65.00 74.00 0.09 3.83 2.00 2.00 1.00 7.00 15.00 28.00 20.00 22.00 13.00 0.00 0.00 1.00 0.00 0.00
629.00 35.00 49.00 112.00 184.00 63.00 72.00 0.09 3.66 2.00 3.00 0.67 6.00 13.00 29.00 22.00 22.00 13.00 0.00 0.00 0.00 0.00 0.00
630.00 39.00 47.00 113.00 194.00 66.00 81.00 0.09 3.74 2.00 3.00 0.67 11.00 21.00 28.00 18.00 26.00 13.00 0.00 0.00 1.00 0.00 0.00
631.00 28.00 34.00 85.00 154.00 51.00 69.00 0.08 4.13 1.00 2.00 0.50 7.00 12.00 21.00 16.00 19.00 9.00 0.00 0.00 1.00 0.00 0.00
632.00 33.00 40.00 96.00 166.00 56.00 70.00 0.09 4.19 2.00 2.00 1.00 9.00 17.00 24.00 16.00 26.00 7.00 0.00 0.00 0.00 0.00 0.00
633.00 29.00 31.00 81.00 146.00 50.00 65.00 0.07 4.10 2.00 2.00 1.00 6.00 15.00 23.00 14.00 18.00 11.00 0.00 0.00 0.00 0.00 0.00
634.00 42.00 62.00 129.00 223.00 67.00 94.00 0.09 4.28 1.00 2.00 0.50 9.00 22.00 33.00 20.00 29.00 13.00 0.00 0.00 0.00 0.00 0.00
635.00 41.00 56.00 119.00 209.00 63.00 90.00 0.10 4.09 2.00 3.00 0.67 10.00 24.00 31.00 17.00 28.00 13.00 0.00 0.00 2.00 0.00 0.00
636.00 37.00 46.00 107.00 191.00 61.00 84.00 0.09 3.74 2.00 3.00 0.67 8.00 14.00 29.00 23.00 19.00 18.00 0.00 0.00 0.00 0.00 0.00
637.00 32.00 47.00 99.00 159.00 52.00 60.00 0.10 3.85 2.00 2.00 1.00 7.00 15.00 25.00 17.00 19.00 13.00 0.00 0.00 0.00 0.00 0.00
638.00 35.00 54.00 102.00 173.00 48.00 71.00 0.07 4.30 2.00 3.00 0.67 6.00 13.00 29.00 22.00 21.00 14.00 0.00 0.00 0.00 1.00 0.00
639.00 35.00 41.00 97.00 176.00 56.00 79.00 0.08 3.45 1.00 2.00 0.50 8.00 15.00 27.00 20.00 21.00 14.00 0.00 0.00 0.00 1.00 0.00
640.00 34.00 47.00 95.00 172.00 48.00 77.00 0.08 3.90 1.00 3.00 0.33 9.00 13.00 25.00 21.00 20.00 14.00 0.00 0.00 1.00 0.00 0.00
641.00 31.00 42.00 92.00 162.00 50.00 70.00 0.09 3.36 2.00 4.00 0.50 6.00 12.00 25.00 19.00 18.00 13.00 0.00 0.00 0.00 0.00 0.00
642.00 38.00 46.00 107.00 189.00 61.00 82.00 0.09 4.53 1.00 5.00 0.20 13.00 22.00 25.00 16.00 25.00 13.00 0.00 0.00 0.00 0.00 0.00
643.00 41.00 52.00 117.00 206.00 65.00 89.00 0.09 4.08 2.00 5.00 0.40 11.00 16.00 30.00 25.00 27.00 14.00 0.00 0.00 0.00 0.00 0.00
644.00 39.00 52.00 114.00 200.00 62.00 86.00 0.08 4.25 1.00 4.00 0.25 9.00 16.00 30.00 23.00 21.00 18.00 0.00 0.00 0.00 0.00 0.00
645.00 36.00 53.00 113.00 185.00 60.00 72.00 0.08 4.40 1.00 2.00 0.50 10.00 17.00 26.00 19.00 20.00 16.00 0.00 0.00 1.00 0.00 0.00
646.00 37.00 53.00 116.00 197.00 63.00 81.00 0.10 4.24 1.00 5.00 0.20 6.00 15.00 31.00 22.00 19.00 18.00 0.00 0.00 1.00 0.00 0.00
647.00 35.00 56.00 113.00 183.00 57.00 70.00 0.08 4.14 1.00 4.00 0.25 5.00 10.00 30.00 25.00 16.00 19.00 0.00 0.00 1.00 0.00 0.00
648.00 36.00 56.00 119.00 186.00 63.00 67.00 0.09 4.34 1.00 4.00 0.25 4.00 13.00 32.00 23.00 19.00 17.00 0.00 0.00 0.00 0.00 0.00
649.00 36.00 53.00 114.00 183.00 61.00 69.00 0.08 4.30 1.00 6.00 0.17 7.00 15.00 29.00 21.00 19.00 17.00 0.00 0.00 0.00 0.00 1.00
650.00 34.00 44.00 100.00 163.00 56.00 63.00 0.07 4.32 1.00 6.00 0.17 7.00 13.00 27.00 21.00 20.00 14.00 0.00 0.00 0.00 0.00 0.00
651.00 40.00 61.00 123.00 205.00 62.00 82.00 0.08 4.31 0.00 5.00 0.00 14.00 20.00 26.00 20.00 25.00 15.00 0.00 0.00 0.00 1.00 0.00
652.00 33.00 47.00 96.00 166.00 49.00 70.00 0.09 3.97 1.00 3.00 0.33 8.00 9.00 25.00 24.00 15.00 18.00 0.00 0.00 0.00 1.00 0.00
653.00 35.00 43.00 107.00 182.00 64.00 75.00 0.10 3.54 1.00 4.00 0.25 8.00 20.00 27.00 15.00 22.00 13.00 0.00 0.00 0.00 0.00 0.00
654.00 34.00 47.00 101.00 183.00 54.00 82.00 0.10 2.92 1.00 4.00 0.25 11.00 15.00 23.00 19.00 23.00 11.00 0.00 0.00 0.00 1.00 0.00
655.00 42.00 61.00 136.00 212.00 75.00 76.00 0.09 3.09 2.00 3.00 0.67 12.00 18.00 30.00 24.00 27.00 15.00 1.00 0.00 0.00 0.00 0.00
656.00 30.00 31.00 79.00 150.00 48.00 71.00 0.09 3.81 1.00 1.00 1.00 5.00 14.00 25.00 16.00 17.00 13.00 0.00 0.00 0.00 0.00 0.00
657.00 33.00 40.00 100.00 168.00 60.00 68.00 0.08 3.75 2.00 2.00 1.00 8.00 17.00 25.00 16.00 22.00 11.00 1.00 0.00 0.00 0.00 0.00
658.00 31.00 44.00 95.00 168.00 51.00 73.00 0.07 3.14 2.00 2.00 1.00 7.00 14.00 24.00 17.00 19.00 12.00 1.00 0.00 0.00 0.00 0.00
659.00 29.00 30.00 80.00 151.00 50.00 71.00 0.07 4.00 2.00 1.00 2.00 7.00 13.00 22.00 16.00 20.00 9.00 0.00 0.00 0.00 1.00 0.00
660.00 31.00 39.00 95.00 159.00 56.00 64.00 0.09 3.27 2.00 1.00 2.00 11.00 17.00 20.00 14.00 22.00 9.00 0.00 0.00 0.00 0.00 0.00
661.00 36.00 43.00 106.00 191.00 63.00 85.00 0.08 3.29 1.00 1.00 1.00 10.00 16.00 26.00 20.00 22.00 14.00 0.00 0.00 0.00 1.00 0.00
662.00 29.00 34.00 80.00 153.00 46.00 73.00 0.08 3.98 1.00 1.00 1.00 4.00 12.00 25.00 17.00 18.00 11.00 0.00 0.00 0.00 1.00 0.00
663.00 33.00 42.00 99.00 164.00 57.00 65.00 0.09 3.19 3.00 2.00 1.50 9.00 14.00 24.00 19.00 20.00 13.00 0.00 0.00 1.00 0.00 0.00
664.00 34.00 49.00 105.00 176.00 56.00 71.00 0.07 3.87 2.00 1.00 2.00 8.00 16.00 26.00 18.00 23.00 11.00 1.00 0.00 0.00 0.00 0.00
665.00 27.00 37.00 77.00 143.00 40.00 66.00 0.08 3.44 1.00 1.00 1.00 6.00 10.00 21.00 17.00 15.00 12.00 0.00 0.00 0.00 0.00 0.00
666.00 30.00 36.00 91.00 158.00 55.00 67.00 0.08 3.98 2.00 1.00 2.00 8.00 12.00 22.00 18.00 17.00 13.00 1.00 0.00 0.00 0.00 0.00
667.00 23.00 19.00 60.00 120.00 41.00 60.00 0.09 4.46 1.00 2.00 0.50 7.00 10.00 16.00 13.00 18.00 5.00 0.00 0.00 0.00 0.00 0.00
668.00 24.00 31.00 72.00 121.00 41.00 49.00 0.10 3.77 1.00 2.00 0.50 6.00 12.00 18.00 12.00 16.00 8.00 1.00 0.00 0.00 0.00 0.00
669.00 26.00 34.00 79.00 137.00 45.00 58.00 0.09 4.51 0.00 2.00 0.00 6.00 15.00 20.00 11.00 17.00 9.00 0.00 0.00 0.00 0.00 0.00
670.00 28.00 29.00 86.00 145.00 57.00 59.00 0.07 3.66 0.00 1.00 0.00 9.00 18.00 19.00 10.00 20.00 8.00 0.00 0.00 0.00 0.00 0.00
671.00 24.00 19.00 61.00 114.00 42.00 53.00 0.08 3.28 0.00 2.00 0.00 8.00 10.00 16.00 14.00 13.00 11.00 0.00 0.00 0.00 0.00 0.00
672.00 28.00 36.00 85.00 142.00 49.00 57.00 0.10 4.25 0.00 2.00 0.00 4.00 12.00 24.00 16.00 19.00 9.00 0.00 0.00 1.00 0.00 0.00
673.00 27.00 33.00 78.00 142.00 45.00 64.00 0.08 4.15 0.00 3.00 0.00 6.00 14.00 21.00 13.00 20.00 7.00 0.00 0.00 0.00 0.00 0.00
674.00 28.00 33.00 81.00 138.00 48.00 57.00 0.09 4.30 0.00 2.00 0.00 9.00 14.00 19.00 14.00 22.00 6.00 0.00 0.00 0.00 0.00 0.00
675.00 32.00 40.00 91.00 156.00 51.00 65.00 0.07 3.51 0.00 3.00 0.00 8.00 15.00 24.00 17.00 21.00 11.00 0.00 0.00 0.00 0.00 1.00
676.00 30.00 36.00 91.00 161.00 55.00 70.00 0.09 3.33 0.00 3.00 0.00 7.00 14.00 23.00 16.00 19.00 11.00 0.00 0.00 0.00 0.00 1.00
677.00 28.00 32.00 77.00 136.00 45.00 59.00 0.10 3.65 0.00 3.00 0.00 3.00 18.00 25.00 10.00 21.00 7.00 0.00 0.00 0.00 0.00 1.00
678.00 30.00 27.00 72.00 146.00 45.00 74.00 0.08 4.26 0.00 2.00 0.00 7.00 12.00 23.00 18.00 20.00 10.00 0.00 0.00 0.00 1.00 0.00
679.00 25.00 27.00 69.00 130.00 42.00 61.00 0.10 3.19 0.00 3.00 0.00 6.00 13.00 19.00 12.00 17.00 8.00 0.00 0.00 0.00 0.00 0.00
680.00 25.00 22.00 61.00 118.00 39.00 57.00 0.09 4.32 0.00 2.00 0.00 9.00 15.00 16.00 10.00 21.00 4.00 1.00 0.00 0.00 0.00 0.00
681.00 27.00 26.00 66.00 135.00 40.00 69.00 0.08 3.13 0.00 1.00 0.00 6.00 14.00 21.00 13.00 18.00 9.00 0.00 0.00 0.00 0.00 0.00
682.00 27.00 26.00 66.00 132.00 40.00 66.00 0.09 3.01 0.00 1.00 0.00 6.00 10.00 21.00 17.00 21.00 6.00 0.00 0.00 1.00 0.00 0.00
683.00 18.00 15.00 40.00 90.00 25.00 50.00 0.09 4.44 0.00 0.00 0.00 5.00 7.00 13.00 11.00 11.00 7.00 0.00 0.00 0.00 0.00 0.00
684.00 20.00 18.00 48.00 95.00 30.00 47.00 0.09 3.35 0.00 0.00 0.00 5.00 9.00 15.00 11.00 13.00 7.00 0.00 0.00 0.00 0.00 0.00
685.00 24.00 12.00 57.00 117.00 45.00 60.00 0.09 4.29 0.00 1.00 0.00 8.00 11.00 16.00 13.00 18.00 6.00 0.00 0.00 0.00 0.00 0.00
686.00 24.00 30.00 64.00 119.00 34.00 55.00 0.09 3.80 0.00 1.00 0.00 7.00 13.00 17.00 11.00 16.00 8.00 0.00 0.00 0.00 0.00 0.00
687.00 21.00 25.00 58.00 103.00 33.00 45.00 0.09 4.22 0.00 1.00 0.00 10.00 12.00 11.00 9.00 18.00 3.00 0.00 0.00 0.00 0.00 0.00
688.00 26.00 31.00 71.00 128.00 40.00 57.00 0.08 4.11 0.00 1.00 0.00 7.00 13.00 19.00 13.00 20.00 6.00 0.00 0.00 0.00 0.00 0.00
689.00 24.00 26.00 68.00 120.00 42.00 52.00 0.09 2.93 0.00 0.00 0.00 6.00 14.00 18.00 10.00 17.00 7.00 0.00 0.00 0.00 0.00 0.00
690.00 20.00 16.00 50.00 95.00 34.00 45.00 0.08 3.26 0.00 0.00 0.00 7.00 10.00 13.00 10.00 15.00 5.00 0.00 0.00 0.00 0.00 0.00
691.00 23.00 28.00 60.00 114.00 32.00 54.00 0.09 1.76 1.00 1.00 1.00 5.00 8.00 18.00 15.00 15.00 8.00 0.00 0.00 1.00 0.00 0.00
692.00 27.00 38.00 74.00 127.00 36.00 53.00 0.09 3.16 1.00 2.00 0.50 5.00 14.00 22.00 13.00 21.00 6.00 0.00 0.00 0.00 0.00 0.00
693.00 24.00 24.00 64.00 121.00 40.00 57.00 0.08 3.69 0.00 2.00 0.00 9.00 13.00 15.00 11.00 17.00 7.00 0.00 0.00 0.00 0.00 0.00
694.00 26.00 28.00 66.00 133.00 38.00 67.00 0.09 4.13 1.00 1.00 1.00 3.00 14.00 23.00 12.00 19.00 7.00 0.00 0.00 0.00 0.00 0.00
695.00 31.00 30.00 83.00 147.00 53.00 64.00 0.09 3.69 0.00 2.00 0.00 8.00 12.00 23.00 19.00 20.00 11.00 0.00 0.00 0.00 0.00 0.00
696.00 29.00 34.00 82.00 145.00 48.00 63.00 0.08 3.25 0.00 2.00 0.00 6.00 15.00 23.00 14.00 22.00 7.00 0.00 0.00 0.00 0.00 0.00
697.00 25.00 35.00 73.00 129.00 38.00 56.00 0.09 3.19 0.00 2.00 0.00 5.00 13.00 20.00 12.00 16.00 9.00 0.00 0.00 0.00 0.00 0.00
698.00 25.00 26.00 66.00 122.00 40.00 56.00 0.08 2.69 0.00 2.00 0.00 4.00 12.00 21.00 13.00 21.00 4.00 0.00 0.00 0.00 0.00 0.00
699.00 27.00 37.00 78.00 139.00 41.00 61.00 0.09 2.95 1.00 2.00 0.50 8.00 12.00 19.00 15.00 18.00 9.00 0.00 0.00 0.00 0.00 1.00
700.00 26.00 35.00 73.00 125.00 38.00 52.00 0.08 3.13 0.00 2.00 0.00 4.00 13.00 22.00 13.00 17.00 9.00 0.00 0.00 0.00 0.00 1.00
701.00 21.00 24.00 56.00 106.00 32.00 50.00 0.10 2.69 0.00 1.00 0.00 8.00 10.00 13.00 11.00 14.00 7.00 0.00 0.00 0.00 0.00 0.00
702.00 15.00 8.00 27.00 63.00 19.00 36.00 0.10 3.94 0.00 0.00 0.00 4.00 8.00 11.00 7.00 12.00 3.00 0.00 0.00 0.00 0.00 0.00
703.00 21.00 10.00 51.00 108.00 41.00 57.00 0.08 3.79 1.00 1.00 1.00 10.00 13.00 11.00 8.00 17.00 4.00 0.00 0.00 0.00 0.00 0.00
704.00 21.00 25.00 55.00 104.00 30.00 49.00 0.08 3.25 0.00 1.00 0.00 6.00 11.00 15.00 10.00 15.00 6.00 1.00 0.00 0.00 0.00 0.00
705.00 20.00 12.00 44.00 86.00 32.00 42.00 0.09 4.59 1.00 1.00 1.00 8.00 11.00 12.00 9.00 12.00 8.00 0.00 0.00 0.00 0.00 0.00
706.00 24.00 33.00 66.00 120.00 33.00 54.00 0.07 2.99 1.00 2.00 0.50 4.00 11.00 20.00 13.00 15.00 9.00 0.00 0.00 0.00 0.00 0.00
707.00 20.00 18.00 50.00 97.00 32.00 47.00 0.08 3.13 1.00 0.00 0.00 4.00 12.00 16.00 8.00 16.00 4.00 0.00 0.00 0.00 0.00 0.00
708.00 24.00 24.00 58.00 123.00 34.00 65.00 0.07 3.80 1.00 1.00 1.00 10.00 16.00 14.00 8.00 19.00 5.00 0.00 0.00 0.00 0.00 0.00
709.00 25.00 29.00 68.00 135.00 39.00 67.00 0.09 4.34 0.00 1.00 0.00 5.00 10.00 20.00 15.00 15.00 10.00 0.00 0.00 0.00 0.00 0.00
710.00 21.00 25.00 57.00 105.00 32.00 48.00 0.08 3.57 2.00 0.00 0.00 3.00 7.00 18.00 14.00 12.00 9.00 0.00 0.00 0.00 0.00 0.00
711.00 20.00 21.00 53.00 105.00 32.00 52.00 0.08 3.87 1.00 1.00 1.00 5.00 12.00 15.00 8.00 15.00 5.00 0.00 0.00 0.00 0.00 0.00
712.00 24.00 23.00 69.00 127.00 46.00 58.00 0.06 3.83 1.00 2.00 0.50 5.00 11.00 19.00 13.00 15.00 9.00 0.00 0.00 0.00 0.00 0.00
713.00 25.00 25.00 66.00 118.00 41.00 52.00 0.09 3.94 0.00 1.00 0.00 7.00 13.00 18.00 12.00 18.00 7.00 0.00 0.00 0.00 0.00 0.00
714.00 26.00 27.00 69.00 121.00 42.00 52.00 0.07 3.39 0.00 1.00 0.00 5.00 15.00 21.00 11.00 18.00 8.00 0.00 0.00 1.00 0.00 0.00
715.00 23.00 26.00 59.00 115.00 33.00 56.00 0.09 4.29 1.00 1.00 1.00 6.00 12.00 17.00 11.00 17.00 6.00 0.00 0.00 0.00 0.00 0.00
716.00 20.00 24.00 55.00 104.00 31.00 49.00 0.09 4.10 0.00 1.00 0.00 5.00 11.00 15.00 9.00 12.00 8.00 0.00 0.00 0.00 1.00 0.00
717.00 26.00 16.00 60.00 123.00 44.00 63.00 0.08 3.96 0.00 1.00 0.00 7.00 14.00 19.00 12.00 20.00 6.00 1.00 0.00 0.00 1.00 0.00
718.00 17.00 11.00 34.00 80.00 23.00 46.00 0.06 3.66 0.00 0.00 0.00 4.00 8.00 13.00 9.00 10.00 7.00 1.00 0.00 0.00 0.00 0.00
719.00 18.00 15.00 44.00 91.00 29.00 47.00 0.07 3.02 0.00 0.00 0.00 3.00 7.00 15.00 11.00 9.00 9.00 0.00 0.00 0.00 1.00 0.00
720.00 19.00 16.00 45.00 87.00 29.00 42.00 0.09 3.83 0.00 0.00 0.00 5.00 10.00 14.00 9.00 14.00 5.00 0.00 0.00 0.00 0.00 0.00
721.00 20.00 22.00 47.00 96.00 25.00 49.00 0.08 3.77 0.00 0.00 0.00 7.00 10.00 13.00 10.00 14.00 6.00 0.00 0.00 0.00 0.00 0.00
722.00 26.00 24.00 61.00 116.00 37.00 55.00 0.09 2.56 0.00 0.00 0.00 8.00 16.00 18.00 10.00 19.00 7.00 0.00 0.00 0.00 0.00 0.00
723.00 18.00 14.00 40.00 93.00 26.00 53.00 0.08 2.35 0.00 0.00 0.00 5.00 10.00 13.00 8.00 13.00 5.00 0.00 0.00 2.00 0.00 0.00
724.00 17.00 12.00 36.00 80.00 24.00 44.00 0.08 2.29 0.00 0.00 0.00 6.00 9.00 11.00 8.00 13.00 4.00 0.00 0.00 1.00 0.00 0.00
725.00 15.00 10.00 32.00 76.00 22.00 44.00 0.09 1.50 0.00 1.00 0.00 4.00 7.00 11.00 8.00 10.00 5.00 0.00 0.00 0.00 0.00 0.00
726.00 18.00 14.00 39.00 80.00 25.00 41.00 0.08 3.31 0.00 0.00 0.00 7.00 10.00 11.00 8.00 12.00 6.00 0.00 0.00 0.00 1.00 0.00
727.00 16.00 13.00 38.00 81.00 25.00 43.00 0.09 3.85 0.00 1.00 0.00 4.00 12.00 12.00 4.00 13.00 3.00 0.00 0.00 0.00 0.00 0.00
728.00 17.00 7.00 37.00 85.00 30.00 48.00 0.10 2.46 0.00 0.00 0.00 5.00 10.00 12.00 7.00 12.00 5.00 0.00 0.00 0.00 1.00 0.00
729.00 11.00 6.00 21.00 56.00 15.00 35.00 0.08 2.99 0.00 0.00 0.00 6.00 7.00 5.00 4.00 10.00 1.00 0.00 0.00 0.00 0.00 0.00
730.00 8.00 4.00 14.00 35.00 10.00 21.00 0.09 0.34 0.00 0.00 0.00 3.00 4.00 5.00 4.00 6.00 2.00 0.00 0.00 0.00 0.00 0.00
731.00 10.00 0.00 12.00 48.00 12.00 36.00 0.08 2.04 0.00 0.00 0.00 3.00 7.00 7.00 3.00 8.00 2.00 0.00 0.00 1.00 0.00 0.00
732.00 13.00 10.00 28.00 55.00 18.00 27.00 0.07 1.76 0.00 0.00 0.00 3.00 5.00 10.00 8.00 7.00 6.00 0.00 0.00 0.00 0.00 0.00
733.00 6.00 2.00 8.00 25.00 6.00 17.00 0.08 0.33 0.00 0.00 0.00 1.00 3.00 5.00 3.00 4.00 2.00 0.00 0.00 0.00 0.00 0.00
734.00 10.00 3.00 15.00 49.00 12.00 34.00 0.08 0.44 0.00 0.00 0.00 4.00 5.00 6.00 5.00 8.00 2.00 0.00 0.00 0.00 0.00 0.00
735.00 9.00 3.00 18.00 39.00 15.00 21.00 0.08 0.36 0.00 0.00 0.00 4.00 7.00 5.00 2.00 9.00 0.00 0.00 0.00 0.00 0.00 0.00
736.00 5.00 0.00 6.00 22.00 6.00 16.00 0.09 0.43 0.00 0.00 0.00 3.00 4.00 2.00 1.00 5.00 0.00 0.00 0.00 0.00 0.00 0.00
737.00 11.00 9.00 22.00 52.00 13.00 30.00 0.09 0.31 0.00 0.00 0.00 3.00 5.00 8.00 6.00 8.00 3.00 0.00 0.00 0.00 0.00 0.00
738.00 9.00 6.00 19.00 46.00 13.00 27.00 0.11 0.33 0.00 0.00 0.00 6.00 7.00 3.00 2.00 7.00 2.00 0.00 0.00 0.00 0.00 0.00
739.00 9.00 6.00 16.00 42.00 10.00 26.00 0.08 0.28 0.00 0.00 0.00 3.00 3.00 6.00 6.00 4.00 5.00 0.00 0.00 0.00 0.00 0.00
740.00 15.00 8.00 30.00 71.00 22.00 41.00 0.08 0.65 0.00 0.00 0.00 7.00 11.00 8.00 4.00 12.00 3.00 0.00 0.00 0.00 0.00 0.00
741.00 13.00 9.00 30.00 63.00 21.00 33.00 0.09 0.54 0.00 0.00 0.00 5.00 8.00 8.00 5.00 8.00 5.00 0.00 0.00 0.00 0.00 0.00
742.00 11.00 2.00 20.00 50.00 18.00 30.00 0.09 0.47 0.00 0.00 0.00 4.00 5.00 7.00 6.00 9.00 2.00 0.00 0.00 0.00 0.00 0.00
743.00 12.00 7.00 21.00 58.00 14.00 37.00 0.08 0.50 1.00 0.00 0.00 4.00 6.00 8.00 6.00 9.00 3.00 0.00 0.00 0.00 0.00 0.00
744.00 12.00 9.00 24.00 55.00 15.00 31.00 0.08 0.44 0.00 0.00 0.00 3.00 7.00 9.00 5.00 10.00 2.00 0.00 0.00 0.00 0.00 0.00
745.00 13.00 9.00 32.00 60.00 23.00 28.00 0.10 0.39 1.00 0.00 0.00 3.00 10.00 10.00 3.00 12.00 1.00 0.00 0.00 0.00 0.00 0.00
746.00 10.00 5.00 16.00 46.00 11.00 30.00 0.09 0.37 0.00 0.00 0.00 4.00 6.00 6.00 4.00 8.00 2.00 0.00 0.00 0.00 0.00 0.00
747.00 9.00 4.00 18.00 38.00 14.00 20.00 0.08 0.36 0.00 0.00 0.00 3.00 6.00 6.00 3.00 7.00 2.00 0.00 0.00 0.00 0.00 0.00
748.00 4.00 0.00 4.00 17.00 4.00 13.00 0.09 0.20 0.00 0.00 0.00 1.00 3.00 3.00 1.00 4.00 0.00 0.00 0.00 0.00 0.00 0.00
749.00 6.00 0.00 8.00 23.00 8.00 15.00 0.08 0.40 0.00 0.00 0.00 3.00 5.00 3.00 1.00 6.00 0.00 0.00 0.00 0.00 0.00 0.00
750.00 11.00 9.00 20.00 52.00 11.00 32.00 0.09 0.42 0.00 1.00 0.00 4.00 7.00 7.00 4.00 8.00 3.00 0.00 0.00 0.00 0.00 0.00
751.00 11.00 12.00 28.00 51.00 16.00 23.00 0.09 0.36 0.00 0.00 0.00 2.00 6.00 9.00 5.00 6.00 5.00 0.00 0.00 0.00 0.00 0.00
752.00 6.00 2.00 7.00 25.00 5.00 18.00 0.09 0.31 0.00 0.00 0.00 2.00 2.00 4.00 4.00 4.00 2.00 0.00 0.00 0.00 0.00 0.00
753.00 8.00 3.00 12.00 33.00 9.00 21.00 0.08 0.41 0.00 0.00 0.00 3.00 7.00 5.00 1.00 8.00 0.00 0.00 0.00 0.00 0.00 0.00
754.00 7.00 3.00 10.00 31.00 7.00 21.00 0.09 0.19 0.00 0.00 0.00 2.00 5.00 5.00 2.00 7.00 0.00 0.00 0.00 0.00 0.00 0.00
755.00 7.00 2.00 12.00 33.00 10.00 21.00 0.09 0.21 0.00 0.00 0.00 0.00 5.00 7.00 2.00 6.00 1.00 0.00 0.00 0.00 0.00 0.00
756.00 3.00 0.00 0.00 1.00 0.00 1.00 0.08 0.20 0.00 0.00 0.00 2.00 3.00 1.00 0.00 3.00 0.00 0.00 0.00 0.00 0.00 0.00
757.00 8.00 3.00 11.00 34.00 8.00 23.00 0.09 0.37 0.00 0.00 0.00 4.00 6.00 4.00 2.00 8.00 0.00 0.00 0.00 0.00 0.00 0.00
758.00 3.00 0.00 1.00 9.00 1.00 8.00 0.08 0.18 0.00 0.00 0.00 2.00 3.00 1.00 0.00 3.00 0.00 0.00 0.00 0.00 0.00 0.00
759.00 9.00 4.00 16.00 41.00 12.00 25.00 0.09 1.98 0.00 0.00 0.00 2.00 5.00 7.00 4.00 7.00 2.00 0.00 0.00 0.00 0.00 0.00
760.00 6.00 0.00 5.00 24.00 5.00 19.00 0.09 0.25 0.00 0.00 0.00 2.00 5.00 4.00 1.00 5.00 1.00 0.00 0.00 0.00 1.00 0.00
761.00 4.00 0.00 4.00 14.00 4.00 10.00 0.09 0.23 0.00 0.00 0.00 2.00 4.00 2.00 0.00 4.00 0.00 0.00 0.00 0.00 0.00 0.00
762.00 8.00 5.00 12.00 38.00 7.00 26.00 0.09 0.37 0.00 0.00 0.00 2.00 5.00 6.00 3.00 6.00 2.00 0.00 0.00 0.00 0.00 0.00
763.00 8.00 6.00 17.00 38.00 11.00 21.00 0.08 0.28 0.00 0.00 0.00 2.00 3.00 6.00 5.00 4.00 4.00 0.00 0.00 0.00 0.00 0.00
764.00 6.00 3.00 10.00 24.00 7.00 14.00 0.09 0.27 0.00 0.00 0.00 3.00 4.00 3.00 2.00 5.00 1.00 0.00 0.00 0.00 0.00 0.00
765.00 3.00 0.00 0.00 7.00 0.00 7.00 0.08 0.25 0.00 0.00 0.00 2.00 3.00 1.00 0.00 3.00 0.00 0.00 0.00 0.00 0.00 0.00
766.00 2.00 0.00 0.00 2.00 0.00 2.00 0.08 0.05 0.00 0.00 0.00 2.00 2.00 0.00 0.00 2.00 0.00 0.00 0.00 0.00 0.00 0.00
