0.00 2.00 0.00 0.00 4.00 0.00 4.00 0.07 0.10 0.00 0.00 0.00 2.00 2.00 0.00 0.00 2.00 0.00 0.00 0.00 0.00 0.00 0.00
1.00 4.00 1.00 2.00 14.00 1.00 12.00 0.09 0.21 0.00 0.00 0.00 2.00 4.00 2.00 0.00 4.00 0.00 0.00 0.00 0.00 0.00 0.00
2.00 3.00 0.00 0.00 4.00 0.00 4.00 0.09 4.25 0.00 0.00 0.00 2.00 3.00 1.00 0.00 3.00 0.00 0.00 0.00 0.00 0.00 0.00
3.00 8.00 4.00 16.00 38.00 12.00 22.00 0.08 0.22 0.00 0.00 0.00 2.00 4.00 6.00 4.00 7.00 1.00 0.00 0.00 0.00 0.00 0.00
4.00 12.00 5.00 24.00 55.00 19.00 31.00 0.07 0.49 0.00 0.00 0.00 6.00 7.00 6.00 5.00 9.00 3.00 0.00 0.00 0.00 0.00 0.00
5.00 11.00 7.00 22.00 50.00 15.00 28.00 0.08 0.48 0.00 0.00 0.00 4.00 6.00 7.00 5.00 8.00 3.00 0.00 0.00 0.00 0.00 0.00
6.00 13.00 5.00 18.00 55.00 13.00 37.00 0.08 0.58 0.00 0.00 0.00 4.00 8.00 9.00 5.00 12.00 1.00 0.00 0.00 0.00 0.00 0.00
7.00 13.00 12.00 32.00 63.00 20.00 31.00 0.10 0.39 0.00 0.00 0.00 3.00 8.00 10.00 5.00 10.00 3.00 0.00 0.00 0.00 0.00 0.00
8.00 15.00 12.00 38.00 77.00 26.00 39.00 0.08 0.46 0.00 0.00 0.00 4.00 5.00 11.00 10.00 9.00 6.00 0.00 0.00 0.00 0.00 0.00
9.00 11.00 7.00 24.00 51.00 17.00 27.00 0.08 0.43 0.00 0.00 0.00 2.00 6.00 9.00 5.00 8.00 3.00 0.00 0.00 0.00 0.00 0.00
10.00 16.00 16.00 43.00 78.00 27.00 35.00 0.09 0.39 0.00 0.00 0.00 4.00 10.00 12.00 6.00 12.00 4.00 0.00 0.00 0.00 0.00 0.00
11.00 15.00 15.00 38.00 80.00 23.00 42.00 0.09 0.44 0.00 0.00 0.00 4.00 6.00 11.00 9.00 10.00 5.00 0.00 0.00 0.00 1.00 0.00
12.00 18.00 14.00 39.00 76.00 25.00 37.00 0.08 0.81 0.00 1.00 0.00 7.00 11.00 11.00 7.00 14.00 4.00 0.00 0.00 0.00 0.00 0.00
13.00 24.00 27.00 60.00 115.00 33.00 55.00 0.08 0.77 0.00 0.00 0.00 6.00 13.00 18.00 11.00 16.00 8.00 0.00 0.00 1.00 0.00 1.00
14.00 19.00 16.00 41.00 97.00 25.00 56.00 0.09 0.66 0.00 1.00 0.00 7.00 11.00 12.00 8.00 15.00 4.00 0.00 0.00 0.00 0.00 0.00
15.00 16.00 9.00 32.00 75.00 23.00 43.00 0.09 0.76 0.00 0.00 0.00 5.00 7.00 11.00 9.00 14.00 2.00 0.00 0.00 0.00 0.00 0.00
16.00 17.00 13.00 39.00 89.00 26.00 50.00 0.08 0.59 0.00 0.00 0.00 4.00 10.00 13.00 7.00 12.00 5.00 1.00 0.00 0.00 0.00 0.00
17.00 20.00 14.00 41.00 96.00 27.00 55.00 0.08 0.69 0.00 0.00 0.00 7.00 7.00 13.00 13.00 12.00 8.00 1.00 0.00 0.00 0.00 0.00
18.00 17.00 16.00 44.00 88.00 28.00 44.00 0.08 0.54 0.00 0.00 0.00 7.00 11.00 10.00 6.00 13.00 4.00 1.00 0.00 0.00 0.00 0.00
19.00 16.00 9.00 34.00 81.00 25.00 47.00 0.09 0.76 0.00 1.00 0.00 5.00 8.00 11.00 8.00 11.00 5.00 1.00 0.00 0.00 0.00 0.00
20.00 24.00 23.00 68.00 120.00 45.00 52.00 0.09 0.74 0.00 1.00 0.00 7.00 14.00 17.00 10.00 16.00 8.00 0.00 0.00 0.00 0.00 0.00
21.00 26.00 24.00 65.00 125.00 41.00 60.00 0.10 1.00 0.00 1.00 0.00 8.00 11.00 18.00 15.00 13.00 13.00 1.00 0.00 1.00 0.00 0.00
22.00 23.00 23.00 64.00 121.00 41.00 57.00 0.07 0.78 0.00 0.00 0.00 7.00 13.00 16.00 10.00 18.00 5.00 1.00 0.00 0.00 0.00 0.00
23.00 21.00 19.00 50.00 97.00 31.00 47.00 0.08 0.65 0.00 1.00 0.00 7.00 12.00 14.00 9.00 14.00 7.00 1.00 0.00 0.00 0.00 0.00
24.00 19.00 14.00 43.00 96.00 29.00 53.00 0.09 0.70 0.00 2.00 0.00 3.00 7.00 16.00 12.00 11.00 8.00 0.00 0.00 0.00 0.00 1.00
25.00 24.00 22.00 58.00 111.00 36.00 53.00 0.08 0.81 0.00 2.00 0.00 8.00 15.00 16.00 9.00 21.00 3.00 0.00 0.00 0.00 0.00 1.00
26.00 24.00 15.00 52.00 117.00 37.00 65.00 0.09 0.74 0.00 1.00 0.00 8.00 12.00 16.00 12.00 20.00 4.00 0.00 0.00 1.00 0.00 0.00
27.00 20.00 12.00 50.00 104.00 38.00 54.00 0.09 0.73 0.00 3.00 0.00 5.00 8.00 15.00 12.00 14.00 6.00 0.00 0.00 0.00 0.00 0.00
28.00 26.00 26.00 70.00 123.00 44.00 53.00 0.08 0.90 0.00 2.00 0.00 7.00 11.00 19.00 15.00 16.00 10.00 1.00 0.00 0.00 0.00 0.00
29.00 28.00 31.00 77.00 143.00 46.00 66.00 0.09 1.00 0.00 4.00 0.00 7.00 14.00 21.00 14.00 17.00 11.00 1.00 0.00 0.00 0.00 0.00
30.00 26.00 26.00 68.00 135.00 42.00 67.00 0.09 0.87 1.00 2.00 0.50 6.00 11.00 20.00 15.00 14.00 12.00 1.00 0.00 1.00 0.00 0.00
31.00 28.00 27.00 74.00 139.00 47.00 65.00 0.09 1.15 0.00 2.00 0.00 9.00 15.00 19.00 13.00 17.00 11.00 1.00 0.00 0.00 0.00 0.00
32.00 24.00 26.00 64.00 121.00 38.00 57.00 0.09 0.64 0.00 0.00 0.00 8.00 14.00 16.00 10.00 18.00 6.00 0.00 0.00 0.00 0.00 0.00
33.00 21.00 12.00 52.00 104.00 40.00 52.00 0.08 0.84 0.00 1.00 0.00 3.00 9.00 18.00 12.00 14.00 7.00 1.00 0.00 0.00 0.00 0.00
34.00 22.00 17.00 56.00 117.00 39.00 61.00 0.08 0.77 0.00 2.00 0.00 6.00 9.00 16.00 13.00 14.00 8.00 1.00 0.00 0.00 0.00 0.00
35.00 24.00 25.00 63.00 123.00 38.00 60.00 0.09 0.79 0.00 2.00 0.00 3.00 9.00 21.00 15.00 15.00 9.00 1.00 0.00 0.00 0.00 0.00
36.00 28.00 28.00 84.00 150.00 56.00 66.00 0.09 0.87 1.00 1.00 1.00 7.00 14.00 21.00 14.00 17.00 11.00 0.00 0.00 0.00 0.00 0.00
37.00 22.00 20.00 61.00 114.00 41.00 53.00 0.09 0.88 0.00 0.00 0.00 5.00 10.00 17.00 12.00 14.00 8.00 1.00 0.00 0.00 0.00 0.00
38.00 18.00 13.00 42.00 90.00 29.00 48.00 0.08 0.86 1.00 1.00 1.00 5.00 9.00 13.00 9.00 12.00 6.00 1.00 0.00 0.00 0.00 0.00
39.00 29.00 30.00 79.00 151.00 49.00 72.00 0.08 1.01 1.00 2.00 0.50 6.00 10.00 23.00 19.00 19.00 10.00 0.00 0.00 0.00 0.00 0.00
40.00 28.00 26.00 65.00 145.00 39.00 80.00 0.09 1.06 1.00 1.00 1.00 6.00 13.00 22.00 15.00 20.00 8.00 0.00 0.00 0.00 1.00 0.00
41.00 27.00 34.00 82.00 147.00 48.00 65.00 0.09 0.83 1.00 3.00 0.33 4.00 10.00 23.00 17.00 17.00 10.00 1.00 0.00 0.00 0.00 0.00
42.00 31.00 42.00 94.00 153.00 52.00 59.00 0.07 0.84 0.00 3.00 0.00 6.00 15.00 25.00 16.00 20.00 11.00 1.00 0.00 0.00 0.00 0.00
43.00 23.00 22.00 51.00 109.00 29.00 58.00 0.09 0.86 0.00 2.00 0.00 4.00 11.00 19.00 12.00 18.00 5.00 1.00 0.00 0.00 0.00 0.00
44.00 22.00 15.00 46.00 111.00 31.00 65.00 0.07 1.61 0.00 1.00 0.00 7.00 12.00 15.00 10.00 15.00 7.00 1.00 0.00 0.00 0.00 0.00
45.00 27.00 24.00 68.00 142.00 44.00 74.00 0.06 0.78 0.00 0.00 0.00 7.00 15.00 20.00 12.00 19.00 8.00 1.00 0.00 0.00 0.00 0.00
46.00 25.00 25.00 63.00 124.00 38.00 61.00 0.09 0.69 0.00 3.00 0.00 7.00 15.00 18.00 10.00 20.00 5.00 1.00 0.00 0.00 0.00 0.00
47.00 31.00 43.00 93.00 153.00 50.00 60.00 0.09 1.09 0.00 6.00 0.00 10.00 11.00 21.00 20.00 17.00 14.00 1.00 0.00 0.00 0.00 0.00
48.00 32.00 35.00 85.00 164.00 50.00 79.00 0.07 1.12 0.00 6.00 0.00 9.00 19.00 23.00 13.00 22.00 10.00 2.00 0.00 0.00 0.00 0.00
49.00 34.00 39.00 90.00 165.00 51.00 75.00 0.08 1.04 0.00 3.00 0.00 7.00 14.00 27.00 20.00 19.00 15.00 2.00 0.00 0.00 0.00 0.00
50.00 25.00 28.00 73.00 131.00 45.00 58.00 0.08 0.67 0.00 4.00 0.00 2.00 9.00 23.00 16.00 13.00 12.00 1.00 0.00 0.00 0.00 0.00
51.00 29.00 38.00 81.00 153.00 43.00 72.00 0.08 0.84 0.00 2.00 0.00 3.00 12.00 26.00 17.00 18.00 11.00 1.00 0.00 0.00 0.00 0.00
52.00 28.00 33.00 87.00 147.00 54.00 60.00 0.09 0.83 0.00 4.00 0.00 6.00 12.00 22.00 16.00 19.00 9.00 1.00 0.00 0.00 0.00 0.00
53.00 34.00 40.00 101.00 166.00 61.00 65.00 0.08 1.02 0.00 3.00 0.00 8.00 17.00 26.00 17.00 21.00 13.00 1.00 0.00 1.00 0.00 0.00
54.00 29.00 32.00 81.00 150.00 49.00 69.00 0.09 0.91 1.00 5.00 0.20 6.00 14.00 23.00 15.00 19.00 10.00 1.00 0.00 0.00 0.00 0.00
55.00 30.00 31.00 87.00 163.00 56.00 76.00 0.09 0.95 0.00 1.00 0.00 7.00 16.00 23.00 14.00 21.00 9.00 0.00 0.00 0.00 0.00 0.00
56.00 36.00 45.00 101.00 187.00 56.00 86.00 0.08 1.35 0.00 4.00 0.00 5.00 11.00 31.00 25.00 19.00 17.00 0.00 0.00 0.00 0.00 0.00
57.00 29.00 28.00 76.00 146.00 48.00 70.00 0.07 1.21 0.00 5.00 0.00 5.00 11.00 24.00 18.00 19.00 10.00 0.00 0.00 0.00 0.00 0.00
58.00 30.00 29.00 81.00 148.00 52.00 67.00 0.09 0.96 0.00 4.00 0.00 6.00 9.00 24.00 21.00 16.00 14.00 0.00 0.00 0.00 0.00 0.00
59.00 27.00 35.00 81.00 137.00 46.00 56.00 0.08 0.75 0.00 3.00 0.00 5.00 12.00 22.00 15.00 16.00 11.00 0.00 0.00 0.00 0.00 0.00
60.00 31.00 37.00 89.00 157.00 52.00 68.00 0.08 1.01 0.00 4.00 0.00 4.00 10.00 27.00 21.00 16.00 15.00 0.00 0.00 0.00 0.00 0.00
61.00 29.00 34.00 83.00 141.00 49.00 58.00 0.08 0.92 0.00 2.00 0.00 8.00 16.00 21.00 13.00 20.00 9.00 1.00 0.00 0.00 0.00 0.00
62.00 27.00 25.00 69.00 135.00 44.00 66.00 0.10 1.05 0.00 4.00 0.00 8.00 13.00 19.00 14.00 17.00 10.00 1.00 0.00 0.00 0.00 0.00
63.00 31.00 40.00 87.00 160.00 47.00 73.00 0.08 1.23 0.00 2.00 0.00 8.00 15.00 23.00 16.00 21.00 10.00 1.00 0.00 1.00 0.00 0.00
64.00 29.00 32.00 81.00 145.00 49.00 64.00 0.08 1.09 0.00 1.00 0.00 9.00 17.00 20.00 12.00 24.00 5.00 1.00 0.00 0.00 0.00 0.00
65.00 30.00 30.00 76.00 140.00 46.00 64.00 0.09 1.03 0.00 2.00 0.00 8.00 15.00 22.00 15.00 19.00 11.00 1.00 0.00 0.00 0.00 0.00
66.00 31.00 39.00 86.00 154.00 47.00 68.00 0.09 1.06 0.00 0.00 0.00 10.00 18.00 21.00 13.00 20.00 11.00 0.00 0.00 0.00 0.00 0.00
67.00 21.00 21.00 56.00 105.00 35.00 49.00 0.08 0.67 0.00 3.00 0.00 7.00 12.00 14.00 9.00 14.00 7.00 0.00 0.00 0.00 0.00 0.00
68.00 23.00 20.00 60.00 112.00 40.00 52.00 0.08 0.84 0.00 1.00 0.00 6.00 14.00 17.00 9.00 15.00 8.00 0.00 0.00 0.00 0.00 0.00
69.00 25.00 29.00 71.00 127.00 42.00 56.00 0.09 0.85 0.00 3.00 0.00 4.00 10.00 21.00 15.00 18.00 7.00 1.00 0.00 0.00 0.00 0.00
70.00 20.00 19.00 49.00 101.00 30.00 52.00 0.09 0.77 0.00 2.00 0.00 5.00 7.00 15.00 13.00 14.00 6.00 0.00 0.00 1.00 0.00 0.00
71.00 22.00 17.00 54.00 112.00 37.00 58.00 0.07 0.74 0.00 0.00 0.00 5.00 10.00 17.00 12.00 17.00 5.00 1.00 0.00 0.00 0.00 0.00
72.00 19.00 16.00 50.00 97.00 34.00 47.00 0.08 0.73 0.00 0.00 0.00 4.00 11.00 15.00 8.00 14.00 5.00 0.00 0.00 0.00 0.00 1.00
73.00 14.00 9.00 31.00 67.00 22.00 36.00 0.07 0.68 0.00 0.00 0.00 3.00 9.00 11.00 5.00 10.00 4.00 1.00 0.00 0.00 0.00 0.00
74.00 21.00 21.00 59.00 107.00 38.00 48.00 0.08 0.65 0.00 0.00 0.00 8.00 9.00 13.00 12.00 13.00 8.00 1.00 0.00 0.00 0.00 0.00
75.00 20.00 18.00 49.00 94.00 31.00 45.00 0.08 0.84 0.00 0.00 0.00 8.00 14.00 12.00 6.00 15.00 5.00 0.00 0.00 0.00 0.00 0.00
76.00 23.00 23.00 61.00 117.00 38.00 56.00 0.09 0.82 0.00 0.00 0.00 8.00 11.00 15.00 12.00 16.00 7.00 0.00 0.00 0.00 0.00 0.00
77.00 18.00 12.00 39.00 89.00 27.00 50.00 0.07 0.86 0.00 0.00 0.00 4.00 9.00 14.00 9.00 12.00 6.00 1.00 0.00 0.00 0.00 0.00
78.00 25.00 18.00 60.00 125.00 42.00 65.00 0.09 0.90 0.00 0.00 0.00 7.00 11.00 18.00 14.00 13.00 12.00 0.00 0.00 0.00 0.00 0.00
79.00 16.00 9.00 31.00 69.00 22.00 38.00 0.08 0.62 0.00 0.00 0.00 7.00 9.00 9.00 7.00 12.00 4.00 0.00 0.00 0.00 0.00 0.00
80.00 26.00 22.00 66.00 124.00 44.00 58.00 0.09 1.05 0.00 1.00 0.00 7.00 13.00 19.00 13.00 19.00 7.00 0.00 0.00 0.00 0.00 0.00
81.00 23.00 12.00 45.00 110.00 33.00 65.00 0.09 0.90 2.00 1.00 2.00 8.00 12.00 15.00 11.00 18.00 5.00 0.00 0.00 0.00 0.00 0.00
82.00 26.00 26.00 68.00 125.00 42.00 57.00 0.10 0.97 1.00 3.00 0.33 8.00 10.00 18.00 16.00 18.00 8.00 0.00 0.00 0.00 0.00 0.00
83.00 19.00 18.00 50.00 93.00 32.00 43.00 0.08 0.75 1.00 0.00 0.00 4.00 10.00 15.00 9.00 14.00 5.00 0.00 0.00 0.00 0.00 0.00
84.00 20.00 19.00 45.00 95.00 26.00 50.00 0.08 0.66 0.00 0.00 0.00 6.00 9.00 14.00 11.00 13.00 7.00 0.00 0.00 0.00 0.00 0.00
85.00 22.00 17.00 53.00 111.00 36.00 58.00 0.09 1.05 0.00 1.00 0.00 5.00 8.00 17.00 14.00 14.00 8.00 0.00 0.00 0.00 1.00 0.00
86.00 24.00 27.00 54.00 113.00 27.00 59.00 0.09 0.88 0.00 0.00 0.00 4.00 8.00 20.00 16.00 15.00 9.00 0.00 0.00 0.00 0.00 0.00
87.00 25.00 34.00 69.00 121.00 35.00 52.00 0.08 0.85 0.00 0.00 0.00 10.00 12.00 15.00 13.00 14.00 11.00 0.00 0.00 0.00 0.00 0.00
88.00 30.00 41.00 87.00 157.00 46.00 70.00 0.08 0.84 0.00 0.00 0.00 10.00 15.00 20.00 15.00 19.00 11.00 0.00 0.00 0.00 0.00 0.00
89.00 28.00 23.00 71.00 136.00 48.00 65.00 0.08 0.88 0.00 1.00 0.00 7.00 18.00 21.00 10.00 20.00 8.00 0.00 0.00 0.00 0.00 0.00
90.00 24.00 21.00 59.00 119.00 38.00 60.00 0.08 0.73 0.00 0.00 0.00 6.00 13.00 18.00 11.00 20.00 4.00 0.00 0.00 0.00 0.00 0.00
91.00 22.00 24.00 61.00 111.00 37.00 50.00 0.09 0.72 1.00 0.00 0.00 7.00 12.00 15.00 10.00 15.00 7.00 1.00 0.00 0.00 0.00 0.00
92.00 28.00 33.00 77.00 143.00 44.00 66.00 0.09 0.89 1.00 0.00 0.00 7.00 15.00 21.00 13.00 18.00 10.00 1.00 0.00 1.00 0.00 0.00
93.00 25.00 31.00 68.00 121.00 37.00 53.00 0.08 0.82 1.00 0.00 0.00 5.00 12.00 20.00 13.00 16.00 9.00 0.00 0.00 0.00 0.00 0.00
94.00 19.00 13.00 45.00 93.00 32.00 48.00 0.08 0.89 0.00 0.00 0.00 6.00 12.00 13.00 7.00 17.00 2.00 0.00 0.00 0.00 0.00 0.00
95.00 18.00 15.00 49.00 93.00 34.00 44.00 0.07 0.60 0.00 0.00 0.00 3.00 9.00 15.00 9.00 10.00 8.00 1.00 0.00 0.00 0.00 0.00
96.00 23.00 26.00 60.00 115.00 34.00 55.00 0.08 0.87 0.00 0.00 0.00 5.00 11.00 18.00 12.00 17.00 6.00 1.00 0.00 2.00 0.00 0.00
97.00 22.00 14.00 47.00 109.00 33.00 62.00 0.08 0.70 0.00 1.00 0.00 4.00 9.00 18.00 13.00 15.00 7.00 1.00 0.00 0.00 0.00 0.00
98.00 22.00 16.00 58.00 118.00 42.00 60.00 0.09 0.81 0.00 1.00 0.00 7.00 9.00 15.00 13.00 11.00 11.00 0.00 0.00 0.00 0.00 1.00
99.00 24.00 18.00 64.00 117.00 46.00 53.00 0.08 0.95 0.00 0.00 0.00 8.00 15.00 16.00 9.00 19.00 5.00 0.00 0.00 0.00 0.00 0.00
100.00 19.00 12.00 46.00 100.00 34.00 54.00 0.09 0.78 0.00 1.00 0.00 5.00 10.00 14.00 9.00 15.00 4.00 0.00 0.00 0.00 0.00 0.00
101.00 27.00 24.00 67.00 137.00 43.00 70.00 0.08 1.43 0.00 1.00 0.00 7.00 11.00 20.00 16.00 15.00 12.00 0.00 0.00 0.00 0.00 0.00
102.00 15.00 9.00 28.00 73.00 19.00 45.00 0.08 0.64 0.00 0.00 0.00 5.00 5.00 10.00 10.00 9.00 6.00 0.00 0.00 1.00 0.00 0.00
103.00 17.00 19.00 41.00 83.00 22.00 42.00 0.09 0.63 0.00 0.00 0.00 4.00 9.00 13.00 8.00 11.00 6.00 1.00 0.00 0.00 0.00 0.00
104.00 16.00 18.00 44.00 78.00 26.00 34.00 0.08 0.64 0.00 2.00 0.00 4.00 8.00 12.00 8.00 10.00 6.00 0.00 0.00 0.00 0.00 0.00
105.00 21.00 21.00 49.00 94.00 28.00 45.00 0.08 0.79 0.00 0.00 0.00 6.00 12.00 15.00 9.00 13.00 8.00 0.00 0.00 0.00 0.00 0.00
106.00 14.00 11.00 30.00 67.00 19.00 37.00 0.09 0.65 0.00 1.00 0.00 4.00 7.00 10.00 7.00 12.00 2.00 0.00 0.00 0.00 0.00 0.00
107.00 14.00 13.00 32.00 68.00 19.00 36.00 0.09 0.54 0.00 1.00 0.00 3.00 7.00 11.00 7.00 10.00 4.00 0.00 0.00 0.00 0.00 0.00
108.00 22.00 16.00 41.00 100.00 25.00 59.00 0.09 1.00 0.00 0.00 0.00 11.00 13.00 11.00 9.00 17.00 5.00 0.00 0.00 0.00 0.00 0.00
109.00 16.00 11.00 33.00 75.00 22.00 42.00 0.09 0.80 1.00 0.00 0.00 5.00 7.00 11.00 9.00 12.00 4.00 0.00 0.00 0.00 0.00 0.00
110.00 17.00 13.00 40.00 78.00 27.00 38.00 0.08 0.56 0.00 0.00 0.00 6.00 9.00 11.00 8.00 14.00 3.00 0.00 0.00 0.00 0.00 0.00
111.00 15.00 8.00 36.00 74.00 28.00 38.00 0.09 0.51 0.00 0.00 0.00 4.00 7.00 11.00 8.00 12.00 3.00 0.00 0.00 0.00 0.00 0.00
112.00 18.00 11.00 42.00 85.00 31.00 43.00 0.09 0.64 0.00 0.00 0.00 4.00 9.00 14.00 9.00 13.00 5.00 0.00 0.00 0.00 0.00 0.00
113.00 8.00 5.00 17.00 38.00 12.00 21.00 0.10 0.28 0.00 0.00 0.00 2.00 5.00 6.00 3.00 5.00 3.00 0.00 0.00 0.00 0.00 0.00
114.00 11.00 7.00 22.00 49.00 15.00 27.00 0.09 0.35 0.00 0.00 0.00 2.00 6.00 9.00 5.00 8.00 3.00 0.00 0.00 0.00 0.00 0.00
115.00 13.00 7.00 30.00 66.00 23.00 36.00 0.08 0.54 0.00 0.00 0.00 6.00 7.00 7.00 6.00 9.00 4.00 0.00 0.00 0.00 0.00 0.00
116.00 10.00 3.00 15.00 43.00 12.00 28.00 0.08 0.43 0.00 0.00 0.00 6.00 7.00 4.00 3.00 9.00 1.00 0.00 0.00 0.00 0.00 0.00
117.00 6.00 1.00 5.00 21.00 4.00 16.00 0.08 0.23 0.00 0.00 0.00 4.00 5.00 2.00 1.00 5.00 1.00 0.00 0.00 0.00 0.00 0.00
118.00 15.00 10.00 30.00 73.00 20.00 43.00 0.08 1.79 0.00 0.00 0.00 6.00 12.00 9.00 3.00 14.00 1.00 0.00 0.00 0.00 0.00 0.00
119.00 6.00 1.00 9.00 26.00 8.00 17.00 0.08 0.26 0.00 0.00 0.00 2.00 4.00 4.00 2.00 6.00 0.00 0.00 0.00 0.00 0.00 0.00
120.00 8.00 3.00 10.00 33.00 7.00 23.00 0.09 0.34 0.00 0.00 0.00 3.00 7.00 5.00 1.00 8.00 0.00 0.00 0.00 0.00 0.00 0.00
121.00 5.00 2.00 8.00 23.00 6.00 15.00 0.09 0.15 0.00 0.00 0.00 2.00 5.00 3.00 0.00 5.00 0.00 0.00 0.00 0.00 0.00 0.00
122.00 9.00 3.00 12.00 38.00 9.00 26.00 0.08 0.21 0.00 0.00 0.00 2.00 5.00 7.00 4.00 9.00 0.00 0.00 0.00 0.00 0.00 0.00
123.00 7.00 5.00 14.00 30.00 9.00 16.00 0.07 4.97 0.00 0.00 0.00 3.00 6.00 4.00 1.00 6.00 1.00 0.00 0.00 0.00 0.00 0.00
124.00 8.00 2.00 12.00 35.00 10.00 23.00 0.09 4.69 0.00 0.00 0.00 2.00 6.00 6.00 2.00 8.00 0.00 0.00 0.00 0.00 0.00 0.00
125.00 4.00 1.00 5.00 15.00 4.00 10.00 0.09 3.83 0.00 0.00 0.00 1.00 3.00 3.00 1.00 4.00 0.00 0.00 0.00 0.00 0.00 0.00
126.00 6.00 3.00 8.00 25.00 5.00 17.00 0.09 4.40 0.00 0.00 0.00 4.00 5.00 2.00 1.00 5.00 1.00 0.00 0.00 0.00 0.00 0.00
127.00 3.00 0.00 0.00 4.00 0.00 4.00 0.09 4.40 0.00 0.00 0.00 2.00 3.00 1.00 0.00 3.00 0.00 0.00 0.00 0.00 0.00 0.00
128.00 2.00 0.00 0.00 1.00 0.00 1.00 0.10 0.39 0.00 0.00 0.00 2.00 2.00 0.00 0.00 2.00 0.00 0.00 0.00 0.00 0.00 0.00
