0.00 2.00 0.00 0.00 2.00 0.00 2.00 0.08 0.28 0.00 0.00 0.00 2.00 2.00 0.00 0.00 2.00 0.00 0.00 0.00 0.00 0.00 0.00
1.00 7.00 1.00 9.00 26.00 8.00 17.00 0.07 2.72 0.00 0.00 0.00 4.00 5.00 3.00 2.00 7.00 0.00 0.00 0.00 0.00 0.00 0.00
2.00 4.00 0.00 2.00 14.00 2.00 12.00 0.08 0.13 0.00 0.00 0.00 1.00 3.00 3.00 1.00 4.00 0.00 0.00 0.00 0.00 0.00 0.00
3.00 9.00 2.00 10.00 36.00 8.00 26.00 0.08 4.25 0.00 0.00 0.00 4.00 6.00 5.00 3.00 8.00 1.00 0.00 0.00 0.00 0.00 0.00
4.00 8.00 3.00 10.00 34.00 7.00 24.00 0.10 3.91 0.00 0.00 0.00 3.00 4.00 5.00 4.00 7.00 1.00 0.00 0.00 0.00 0.00 0.00
5.00 9.00 5.00 18.00 36.00 13.00 18.00 0.07 4.88 0.00 1.00 0.00 2.00 4.00 7.00 5.00 6.00 3.00 0.00 0.00 0.00 0.00 0.00
6.00 4.00 0.00 1.00 13.00 1.00 12.00 0.09 3.64 0.00 0.00 0.00 2.00 4.00 2.00 0.00 4.00 0.00 0.00 0.00 0.00 0.00 0.00
7.00 9.00 4.00 14.00 41.00 10.00 27.00 0.06 2.45 0.00 0.00 0.00 5.00 6.00 4.00 3.00 7.00 2.00 0.00 0.00 0.00 0.00 0.00
8.00 10.00 6.00 16.00 43.00 10.00 27.00 0.08 3.60 0.00 0.00 0.00 3.00 6.00 7.00 4.00 8.00 2.00 0.00 0.00 0.00 0.00 0.00
9.00 9.00 7.00 20.00 41.00 13.00 21.00 0.09 3.81 0.00 0.00 0.00 1.00 7.00 8.00 2.00 7.00 2.00 0.00 0.00 0.00 0.00 0.00
10.00 7.00 4.00 12.00 28.00 8.00 16.00 0.08 4.36 0.00 0.00 0.00 4.00 6.00 3.00 1.00 6.00 1.00 0.00 0.00 0.00 0.00 0.00
11.00 7.00 0.00 8.00 27.00 8.00 19.00 0.09 4.04 0.00 0.00 0.00 3.00 6.00 4.00 1.00 7.00 0.00 0.00 0.00 0.00 0.00 0.00
12.00 12.00 10.00 29.00 58.00 19.00 29.00 0.09 5.14 0.00 1.00 0.00 3.00 9.00 9.00 3.00 10.00 2.00 0.00 0.00 0.00 0.00 0.00
13.00 8.00 3.00 11.00 35.00 8.00 24.00 0.08 4.45 0.00 1.00 0.00 2.00 5.00 6.00 3.00 7.00 1.00 0.00 0.00 0.00 0.00 0.00
14.00 13.00 12.00 28.00 58.00 16.00 30.00 0.07 4.79 0.00 1.00 0.00 4.00 8.00 9.00 5.00 11.00 2.00 0.00 0.00 0.00 0.00 0.00
15.00 12.00 6.00 28.00 59.00 22.00 31.00 0.07 4.64 0.00 1.00 0.00 5.00 8.00 7.00 4.00 11.00 1.00 0.00 0.00 0.00 0.00 0.00
16.00 10.00 9.00 22.00 46.00 13.00 24.00 0.09 4.64 0.00 1.00 0.00 1.00 3.00 9.00 7.00 5.00 5.00 0.00 0.00 0.00 0.00 0.00
17.00 9.00 5.00 19.00 42.00 14.00 23.00 0.07 4.34 0.00 0.00 0.00 5.00 5.00 4.00 4.00 8.00 1.00 0.00 0.00 0.00 0.00 0.00
18.00 7.00 3.00 13.00 33.00 10.00 20.00 0.09 3.95 0.00 1.00 0.00 1.00 4.00 6.00 3.00 6.00 1.00 0.00 0.00 0.00 0.00 0.00
19.00 9.00 3.00 17.00 39.00 14.00 22.00 0.09 2.16 0.00 1.00 0.00 3.00 6.00 6.00 3.00 9.00 0.00 0.00 0.00 0.00 0.00 0.00
20.00 10.00 4.00 15.00 46.00 11.00 31.00 0.08 4.21 0.00 1.00 0.00 2.00 4.00 8.00 6.00 8.00 2.00 0.00 0.00 0.00 0.00 0.00
21.00 9.00 3.00 19.00 39.00 16.00 20.00 0.09 3.39 0.00 1.00 0.00 3.00 8.00 6.00 1.00 9.00 0.00 0.00 0.00 0.00 0.00 0.00
22.00 7.00 4.00 11.00 31.00 7.00 20.00 0.08 4.85 0.00 1.00 0.00 4.00 6.00 3.00 1.00 6.00 1.00 0.00 0.00 0.00 0.00 0.00
23.00 8.00 3.00 15.00 35.00 12.00 20.00 0.07 5.06 0.00 1.00 0.00 3.00 5.00 5.00 3.00 7.00 1.00 0.00 0.00 0.00 0.00 0.00
24.00 16.00 11.00 28.00 70.00 17.00 42.00 0.09 4.88 0.00 0.00 0.00 6.00 11.00 10.00 5.00 13.00 3.00 0.00 0.00 0.00 0.00 0.00
25.00 16.00 12.00 40.00 79.00 28.00 39.00 0.08 3.05 0.00 1.00 0.00 6.00 10.00 10.00 6.00 13.00 3.00 0.00 0.00 0.00 0.00 0.00
26.00 16.00 10.00 32.00 76.00 22.00 44.00 0.09 4.30 1.00 2.00 0.50 7.00 11.00 9.00 5.00 14.00 2.00 0.00 0.00 0.00 0.00 0.00
27.00 19.00 17.00 52.00 97.00 35.00 45.00 0.08 4.08 0.00 1.00 0.00 9.00 12.00 10.00 7.00 14.00 5.00 0.00 0.00 0.00 0.00 0.00
28.00 22.00 22.00 54.00 101.00 32.00 47.00 0.08 4.07 1.00 0.00 0.00 8.00 13.00 14.00 9.00 17.00 5.00 0.00 0.00 0.00 0.00 0.00
29.00 21.00 17.00 44.00 98.00 27.00 54.00 0.08 3.34 0.00 1.00 0.00 7.00 12.00 14.00 9.00 17.00 4.00 0.00 0.00 0.00 0.00 0.00
30.00 20.00 22.00 54.00 90.00 32.00 36.00 0.07 3.48 0.00 2.00 0.00 6.00 11.00 14.00 9.00 14.00 6.00 0.00 0.00 0.00 0.00 0.00
31.00 22.00 28.00 66.00 106.00 38.00 40.00 0.09 3.22 1.00 3.00 0.33 4.00 12.00 18.00 10.00 16.00 6.00 0.00 0.00 0.00 0.00 0.00
32.00 21.00 21.00 56.00 106.00 35.00 50.00 0.08 3.99 1.00 4.00 0.25 5.00 10.00 16.00 11.00 14.00 7.00 0.00 0.00 0.00 0.00 0.00
33.00 23.00 24.00 63.00 112.00 39.00 49.00 0.08 3.52 1.00 2.00 0.50 7.00 12.00 16.00 11.00 14.00 9.00 0.00 0.00 0.00 0.00 0.00
34.00 26.00 32.00 74.00 130.00 42.00 56.00 0.07 2.29 1.00 2.00 0.50 7.00 13.00 19.00 13.00 17.00 9.00 0.00 0.00 0.00 0.00 0.00
35.00 32.00 39.00 89.00 152.00 50.00 63.00 0.07 3.53 1.00 2.00 0.50 11.00 16.00 21.00 16.00 23.00 9.00 0.00 0.00 0.00 0.00 0.00
36.00 25.00 27.00 72.00 127.00 45.00 55.00 0.07 3.35 2.00 1.00 2.00 7.00 10.00 18.00 15.00 17.00 8.00 0.00 0.00 0.00 0.00 0.00
37.00 23.00 24.00 63.00 118.00 39.00 55.00 0.09 4.09 2.00 1.00 2.00 7.00 10.00 16.00 13.00 14.00 9.00 0.00 0.00 0.00 0.00 0.00
38.00 27.00 28.00 74.00 134.00 46.00 60.00 0.09 3.63 2.00 2.00 1.00 8.00 13.00 19.00 14.00 19.00 8.00 0.00 0.00 0.00 0.00 0.00
39.00 28.00 35.00 78.00 142.00 43.00 64.00 0.09 4.22 2.00 2.00 1.00 5.00 16.00 23.00 12.00 20.00 8.00 0.00 0.00 0.00 0.00 0.00
40.00 27.00 28.00 71.00 137.00 43.00 66.00 0.08 4.63 2.00 0.00 0.00 7.00 16.00 20.00 11.00 20.00 7.00 0.00 0.00 0.00 0.00 0.00
41.00 25.00 28.00 65.00 123.00 37.00 58.00 0.09 4.43 1.00 0.00 0.00 8.00 11.00 17.00 14.00 17.00 8.00 0.00 0.00 0.00 1.00 0.00
42.00 24.00 23.00 70.00 125.00 47.00 55.00 0.08 4.62 1.00 1.00 1.00 4.00 12.00 20.00 12.00 16.00 8.00 0.00 0.00 0.00 0.00 0.00
43.00 22.00 24.00 54.00 100.00 30.00 46.00 0.08 4.20 2.00 0.00 0.00 7.00 14.00 15.00 8.00 19.00 3.00 0.00 0.00 0.00 0.00 0.00
44.00 23.00 31.00 70.00 116.00 39.00 46.00 0.08 4.46 1.00 2.00 0.50 6.00 13.00 17.00 10.00 14.00 9.00 0.00 0.00 1.00 0.00 0.00
45.00 26.00 31.00 75.00 135.00 44.00 60.00 0.08 4.33 1.00 2.00 0.50 6.00 14.00 20.00 12.00 18.00 8.00 0.00 0.00 0.00 0.00 0.00
46.00 25.00 31.00 77.00 131.00 46.00 54.00 0.07 4.79 0.00 1.00 0.00 4.00 10.00 21.00 15.00 17.00 8.00 0.00 0.00 0.00 0.00 0.00
47.00 17.00 9.00 37.00 80.00 28.00 43.00 0.08 4.85 0.00 1.00 0.00 6.00 10.00 11.00 7.00 11.00 6.00 0.00 0.00 0.00 0.00 0.00
48.00 27.00 32.00 82.00 137.00 50.00 55.00 0.09 4.61 0.00 1.00 0.00 5.00 10.00 22.00 17.00 16.00 11.00 0.00 0.00 0.00 0.00 1.00
49.00 33.00 49.00 93.00 153.00 44.00 60.00 0.08 4.72 0.00 3.00 0.00 6.00 16.00 27.00 17.00 22.00 11.00 0.00 0.00 0.00 0.00 1.00
50.00 26.00 33.00 73.00 127.00 40.00 54.00 0.08 4.74 0.00 2.00 0.00 6.00 13.00 20.00 13.00 17.00 9.00 0.00 0.00 0.00 0.00 0.00
51.00 22.00 17.00 54.00 109.00 37.00 55.00 0.08 4.81 1.00 3.00 0.33 6.00 13.00 16.00 9.00 14.00 8.00 0.00 0.00 0.00 1.00 0.00
52.00 25.00 24.00 70.00 132.00 46.00 62.00 0.07 5.02 2.00 3.00 0.67 9.00 12.00 16.00 13.00 16.00 9.00 0.00 0.00 0.00 0.00 0.00
53.00 28.00 29.00 74.00 141.00 45.00 67.00 0.08 4.67 2.00 1.00 2.00 7.00 17.00 21.00 11.00 21.00 7.00 0.00 0.00 0.00 0.00 0.00
54.00 25.00 35.00 70.00 125.00 35.00 55.00 0.08 4.80 2.00 1.00 2.00 6.00 12.00 19.00 13.00 15.00 10.00 0.00 0.00 0.00 0.00 0.00
55.00 26.00 31.00 68.00 128.00 37.00 60.00 0.08 4.82 2.00 2.00 1.00 5.00 15.00 21.00 11.00 20.00 6.00 0.00 0.00 1.00 0.00 0.00
56.00 19.00 13.00 38.00 92.00 25.00 54.00 0.07 4.64 1.00 1.00 1.00 7.00 7.00 12.00 12.00 10.00 9.00 0.00 0.00 0.00 0.00 0.00
57.00 29.00 35.00 76.00 147.00 41.00 71.00 0.08 4.45 2.00 2.00 1.00 8.00 18.00 21.00 11.00 24.00 5.00 0.00 0.00 1.00 0.00 0.00
58.00 19.00 19.00 53.00 93.00 34.00 40.00 0.08 5.02 2.00 1.00 2.00 4.00 9.00 15.00 10.00 13.00 6.00 0.00 0.00 0.00 0.00 0.00
59.00 28.00 38.00 80.00 140.00 42.00 60.00 0.10 4.71 2.00 2.00 1.00 4.00 11.00 24.00 17.00 18.00 10.00 0.00 0.00 1.00 0.00 0.00
60.00 24.00 30.00 67.00 120.00 37.00 53.00 0.08 4.79 0.00 0.00 0.00 6.00 11.00 18.00 13.00 13.00 11.00 0.00 0.00 0.00 0.00 0.00
61.00 23.00 20.00 59.00 112.00 39.00 53.00 0.07 3.96 1.00 2.00 0.50 8.00 10.00 15.00 13.00 16.00 7.00 0.00 0.00 0.00 0.00 0.00
62.00 22.00 31.00 67.00 116.00 36.00 49.00 0.09 4.67 1.00 2.00 0.50 4.00 10.00 18.00 12.00 13.00 9.00 0.00 0.00 0.00 0.00 0.00
63.00 25.00 24.00 69.00 130.00 45.00 61.00 0.08 4.64 1.00 2.00 0.50 8.00 13.00 17.00 12.00 18.00 7.00 0.00 0.00 0.00 0.00 0.00
64.00 26.00 32.00 73.00 132.00 41.00 59.00 0.09 4.81 1.00 2.00 0.50 6.00 10.00 20.00 16.00 15.00 11.00 0.00 0.00 0.00 0.00 0.00
65.00 20.00 19.00 52.00 100.00 33.00 48.00 0.09 4.62 1.00 1.00 1.00 4.00 7.00 16.00 13.00 13.00 7.00 0.00 0.00 1.00 0.00 0.00
66.00 21.00 22.00 54.00 103.00 32.00 49.00 0.09 4.70 1.00 2.00 0.50 6.00 11.00 15.00 10.00 15.00 6.00 0.00 0.00 0.00 0.00 0.00
67.00 18.00 17.00 46.00 93.00 29.00 47.00 0.07 3.90 2.00 1.00 2.00 9.00 11.00 9.00 7.00 13.00 5.00 0.00 0.00 1.00 0.00 0.00
68.00 20.00 23.00 54.00 100.00 31.00 46.00 0.09 4.28 1.00 2.00 0.50 8.00 13.00 12.00 7.00 13.00 7.00 0.00 0.00 0.00 0.00 0.00
69.00 25.00 26.00 61.00 117.00 35.00 56.00 0.08 3.09 0.00 1.00 0.00 7.00 12.00 18.00 13.00 14.00 11.00 0.00 0.00 0.00 0.00 0.00
70.00 22.00 30.00 62.00 115.00 32.00 53.00 0.08 2.92 1.00 1.00 1.00 8.00 16.00 14.00 6.00 20.00 2.00 0.00 0.00 0.00 0.00 0.00
71.00 22.00 21.00 49.00 108.00 28.00 59.00 0.09 2.46 1.00 2.00 0.50 6.00 10.00 16.00 12.00 17.00 5.00 0.00 0.00 0.00 0.00 0.00
72.00 23.00 21.00 59.00 118.00 38.00 59.00 0.09 2.64 1.00 0.00 0.00 8.00 13.00 15.00 10.00 16.00 7.00 0.00 0.00 0.00 0.00 0.00
73.00 27.00 25.00 69.00 131.00 44.00 62.00 0.09 3.01 1.00 2.00 0.50 7.00 12.00 20.00 15.00 20.00 7.00 0.00 0.00 0.00 0.00 0.00
74.00 26.00 38.00 69.00 131.00 31.00 62.00 0.08 3.99 1.00 1.00 1.00 7.00 12.00 19.00 14.00 19.00 7.00 0.00 0.00 0.00 0.00 0.00
75.00 23.00 31.00 65.00 115.00 34.00 50.00 0.08 3.52 1.00 1.00 1.00 7.00 12.00 16.00 11.00 16.00 7.00 0.00 0.00 0.00 0.00 0.00
76.00 23.00 22.00 59.00 120.00 37.00 61.00 0.09 3.04 1.00 0.00 0.00 8.00 13.00 15.00 10.00 15.00 8.00 0.00 0.00 0.00 0.00 0.00
77.00 28.00 35.00 79.00 132.00 44.00 53.00 0.09 3.55 1.00 2.00 0.50 5.00 11.00 23.00 17.00 18.00 10.00 0.00 0.00 0.00 0.00 0.00
78.00 27.00 37.00 79.00 136.00 42.00 57.00 0.09 4.36 1.00 2.00 0.50 5.00 13.00 22.00 14.00 16.00 11.00 0.00 0.00 0.00 0.00 0.00
79.00 28.00 40.00 79.00 142.00 39.00 63.00 0.08 3.11 1.00 2.00 0.50 5.00 9.00 23.00 19.00 15.00 13.00 0.00 0.00 0.00 1.00 0.00
80.00 29.00 37.00 80.00 139.00 43.00 59.00 0.08 4.03 1.00 2.00 0.50 10.00 18.00 19.00 11.00 19.00 10.00 0.00 0.00 0.00 0.00 0.00
81.00 25.00 31.00 66.00 118.00 35.00 52.00 0.09 3.65 1.00 2.00 0.50 4.00 10.00 21.00 15.00 18.00 7.00 0.00 0.00 0.00 0.00 0.00
82.00 22.00 29.00 60.00 106.00 31.00 46.00 0.08 3.60 1.00 1.00 1.00 5.00 13.00 17.00 9.00 17.00 5.00 0.00 0.00 1.00 0.00 0.00
83.00 19.00 13.00 48.00 98.00 35.00 50.00 0.09 4.45 1.00 1.00 1.00 7.00 11.00 12.00 8.00 17.00 2.00 0.00 0.00 0.00 0.00 0.00
84.00 25.00 33.00 72.00 124.00 39.00 52.00 0.09 4.60 1.00 1.00 1.00 6.00 9.00 19.00 16.00 15.00 10.00 1.00 0.00 0.00 0.00 0.00
85.00 21.00 20.00 50.00 103.00 30.00 53.00 0.09 4.41 1.00 3.00 0.33 5.00 10.00 16.00 11.00 16.00 5.00 0.00 0.00 0.00 0.00 0.00
86.00 24.00 32.00 65.00 122.00 33.00 57.00 0.10 4.33 1.00 2.00 0.50 6.00 14.00 18.00 10.00 16.00 8.00 0.00 0.00 0.00 1.00 0.00
87.00 24.00 29.00 60.00 121.00 31.00 61.00 0.08 4.55 1.00 1.00 1.00 3.00 8.00 21.00 16.00 17.00 7.00 0.00 0.00 0.00 0.00 0.00
88.00 33.00 45.00 89.00 157.00 44.00 68.00 0.07 4.66 1.00 1.00 1.00 6.00 13.00 27.00 20.00 21.00 12.00 0.00 0.00 1.00 0.00 0.00
89.00 25.00 34.00 70.00 124.00 36.00 54.00 0.10 4.56 1.00 2.00 0.50 8.00 15.00 17.00 10.00 18.00 7.00 0.00 0.00 0.00 0.00 0.00
90.00 20.00 21.00 48.00 98.00 27.00 50.00 0.10 4.49 0.00 2.00 0.00 5.00 8.00 15.00 12.00 11.00 9.00 0.00 0.00 0.00 0.00 0.00
91.00 28.00 37.00 79.00 128.00 42.00 49.00 0.09 4.00 1.00 1.00 1.00 7.00 12.00 21.00 16.00 19.00 9.00 0.00 0.00 0.00 0.00 0.00
92.00 23.00 24.00 64.00 116.00 40.00 52.00 0.07 2.54 1.00 1.00 1.00 7.00 12.00 16.00 11.00 15.00 8.00 0.00 0.00 0.00 0.00 0.00
93.00 23.00 27.00 63.00 109.00 36.00 46.00 0.09 2.03 1.00 1.00 1.00 6.00 16.00 17.00 7.00 19.00 4.00 0.00 0.00 0.00 0.00 0.00
94.00 23.00 28.00 63.00 115.00 35.00 52.00 0.09 3.79 1.00 2.00 0.50 6.00 11.00 17.00 12.00 13.00 10.00 0.00 0.00 0.00 0.00 0.00
95.00 26.00 35.00 74.00 130.00 39.00 56.00 0.09 3.23 1.00 3.00 0.33 6.00 13.00 20.00 13.00 19.00 7.00 0.00 0.00 0.00 0.00 0.00
96.00 27.00 40.00 79.00 132.00 39.00 53.00 0.10 4.34 2.00 2.00 1.00 10.00 16.00 17.00 11.00 17.00 10.00 0.00 0.00 0.00 0.00 0.00
97.00 19.00 25.00 52.00 92.00 27.00 40.00 0.09 3.65 2.00 1.00 2.00 3.00 6.00 16.00 13.00 15.00 4.00 0.00 0.00 0.00 0.00 0.00
98.00 21.00 19.00 52.00 100.00 33.00 48.00 0.08 4.72 1.00 2.00 0.50 8.00 10.00 13.00 11.00 16.00 5.00 0.00 0.00 0.00 0.00 0.00
99.00 30.00 37.00 91.00 154.00 54.00 63.00 0.08 4.58 1.00 0.00 0.00 4.00 13.00 26.00 17.00 18.00 12.00 0.00 0.00 0.00 0.00 0.00
100.00 25.00 30.00 74.00 132.00 44.00 58.00 0.09 4.06 1.00 1.00 1.00 6.00 14.00 19.00 11.00 20.00 5.00 0.00 0.00 0.00 0.00 0.00
101.00 23.00 26.00 60.00 117.00 34.00 57.00 0.09 4.50 1.00 1.00 1.00 7.00 10.00 16.00 13.00 15.00 8.00 0.00 0.00 0.00 0.00 0.00
102.00 28.00 37.00 81.00 139.00 44.00 58.00 0.08 4.34 1.00 1.00 1.00 5.00 9.00 23.00 19.00 14.00 14.00 0.00 0.00 1.00 0.00 0.00
103.00 29.00 26.00 82.00 160.00 56.00 78.00 0.10 4.59 0.00 1.00 0.00 6.00 14.00 23.00 15.00 19.00 10.00 0.00 0.00 0.00 0.00 0.00
104.00 27.00 27.00 70.00 144.00 43.00 74.00 0.08 4.70 1.00 1.00 1.00 3.00 9.00 24.00 18.00 17.00 10.00 0.00 0.00 0.00 0.00 0.00
105.00 30.00 45.00 87.00 157.00 42.00 70.00 0.08 4.66 1.00 1.00 1.00 7.00 11.00 23.00 19.00 16.00 14.00 1.00 0.00 0.00 0.00 0.00
106.00 26.00 34.00 83.00 136.00 49.00 53.00 0.09 4.63 1.00 1.00 1.00 5.00 11.00 21.00 15.00 14.00 12.00 0.00 0.00 0.00 0.00 0.00
107.00 23.00 22.00 57.00 121.00 35.00 64.00 0.09 4.75 1.00 1.00 1.00 6.00 8.00 17.00 15.00 13.00 10.00 0.00 0.00 0.00 0.00 0.00
108.00 24.00 19.00 58.00 112.00 39.00 54.00 0.08 3.79 1.00 2.00 0.50 9.00 17.00 15.00 7.00 20.00 4.00 0.00 0.00 0.00 0.00 0.00
109.00 27.00 36.00 75.00 141.00 39.00 66.00 0.09 4.62 1.00 2.00 0.50 3.00 11.00 24.00 16.00 14.00 13.00 0.00 0.00 1.00 0.00 0.00
110.00 31.00 37.00 85.00 151.00 48.00 66.00 0.09 4.45 0.00 2.00 0.00 8.00 19.00 23.00 12.00 26.00 5.00 0.00 0.00 0.00 0.00 0.00
111.00 29.00 40.00 82.00 151.00 42.00 69.00 0.09 4.26 1.00 0.00 0.00 6.00 14.00 23.00 15.00 20.00 9.00 0.00 0.00 1.00 0.00 0.00
112.00 29.00 28.00 74.00 146.00 46.00 72.00 0.07 4.30 0.00 1.00 0.00 3.00 10.00 26.00 19.00 16.00 13.00 0.00 0.00 0.00 0.00 0.00
113.00 28.00 34.00 85.00 141.00 51.00 56.00 0.09 4.34 1.00 2.00 0.50 8.00 15.00 20.00 13.00 18.00 10.00 0.00 0.00 0.00 0.00 0.00
114.00 28.00 43.00 78.00 133.00 35.00 55.00 0.09 4.45 1.00 2.00 0.50 10.00 14.00 18.00 14.00 17.00 11.00 0.00 0.00 0.00 0.00 0.00
115.00 28.00 34.00 81.00 139.00 47.00 58.00 0.10 4.44 1.00 2.00 0.50 10.00 13.00 18.00 15.00 18.00 10.00 0.00 0.00 1.00 0.00 0.00
116.00 21.00 22.00 61.00 107.00 39.00 46.00 0.09 4.39 0.00 2.00 0.00 6.00 11.00 15.00 10.00 14.00 7.00 0.00 0.00 0.00 0.00 0.00
117.00 32.00 38.00 95.00 160.00 57.00 65.00 0.09 4.41 1.00 3.00 0.33 11.00 17.00 21.00 15.00 22.00 10.00 0.00 0.00 0.00 0.00 0.00
118.00 26.00 35.00 78.00 129.00 43.00 51.00 0.09 4.47 1.00 1.00 1.00 9.00 17.00 17.00 9.00 19.00 7.00 0.00 0.00 0.00 0.00 0.00
119.00 24.00 28.00 70.00 125.00 42.00 55.00 0.08 4.60 0.00 1.00 0.00 6.00 13.00 18.00 11.00 17.00 7.00 0.00 0.00 0.00 0.00 0.00
120.00 28.00 38.00 83.00 140.00 45.00 57.00 0.08 4.19 1.00 1.00 1.00 6.00 16.00 22.00 12.00 20.00 8.00 0.00 0.00 0.00 0.00 0.00
121.00 25.00 34.00 75.00 129.00 41.00 54.00 0.09 4.33 1.00 3.00 0.33 7.00 13.00 18.00 12.00 17.00 8.00 0.00 0.00 0.00 1.00 0.00
122.00 27.00 42.00 81.00 138.00 39.00 57.00 0.08 4.48 1.00 2.00 0.50 4.00 10.00 23.00 17.00 13.00 14.00 0.00 0.00 0.00 0.00 0.00
123.00 25.00 34.00 76.00 131.00 42.00 55.00 0.09 4.52 1.00 1.00 1.00 7.00 13.00 18.00 12.00 17.00 8.00 0.00 0.00 1.00 0.00 0.00
124.00 30.00 34.00 84.00 144.00 50.00 60.00 0.07 4.63 1.00 1.00 1.00 9.00 17.00 21.00 13.00 20.00 10.00 0.00 0.00 0.00 0.00 0.00
125.00 22.00 24.00 63.00 120.00 39.00 57.00 0.08 4.55 1.00 1.00 1.00 5.00 9.00 17.00 13.00 14.00 8.00 0.00 0.00 0.00 0.00 0.00
126.00 22.00 32.00 61.00 105.00 29.00 44.00 0.07 2.98 0.00 1.00 0.00 4.00 10.00 18.00 12.00 17.00 5.00 0.00 0.00 0.00 0.00 0.00
127.00 27.00 35.00 83.00 134.00 48.00 51.00 0.08 4.23 1.00 2.00 0.50 7.00 11.00 20.00 16.00 15.00 12.00 0.00 0.00 0.00 0.00 0.00
128.00 30.00 43.00 95.00 149.00 52.00 54.00 0.06 3.75 1.00 3.00 0.33 7.00 14.00 23.00 16.00 22.00 8.00 0.00 0.00 0.00 0.00 0.00
129.00 30.00 40.00 92.00 152.00 52.00 60.00 0.10 4.18 1.00 2.00 0.50 7.00 13.00 23.00 17.00 20.00 10.00 0.00 0.00 0.00 0.00 0.00
130.00 28.00 41.00 87.00 140.00 46.00 53.00 0.09 4.25 1.00 1.00 1.00 4.00 13.00 24.00 15.00 20.00 8.00 0.00 0.00 0.00 0.00 0.00
131.00 28.00 35.00 78.00 146.00 43.00 68.00 0.07 4.07 1.00 2.00 0.50 4.00 11.00 24.00 17.00 12.00 16.00 0.00 0.00 1.00 0.00 0.00
132.00 26.00 20.00 66.00 129.00 46.00 63.00 0.08 4.31 1.00 2.00 0.50 6.00 12.00 20.00 14.00 17.00 9.00 0.00 0.00 0.00 0.00 0.00
133.00 19.00 21.00 49.00 88.00 28.00 39.00 0.09 0.58 1.00 1.00 1.00 4.00 5.00 15.00 14.00 11.00 8.00 0.00 0.00 0.00 0.00 0.00
134.00 31.00 30.00 87.00 160.00 57.00 73.00 0.10 4.16 1.00 0.00 0.00 9.00 16.00 22.00 15.00 21.00 10.00 0.00 0.00 0.00 0.00 0.00
135.00 26.00 21.00 68.00 134.00 47.00 66.00 0.09 3.89 1.00 1.00 1.00 5.00 14.00 21.00 12.00 20.00 6.00 0.00 0.00 0.00 0.00 1.00
136.00 39.00 49.00 105.00 185.00 56.00 80.00 0.09 3.82 2.00 1.00 2.00 9.00 19.00 30.00 20.00 26.00 13.00 0.00 0.00 1.00 0.00 0.00
137.00 27.00 42.00 84.00 142.00 42.00 58.00 0.06 3.45 1.00 2.00 0.50 7.00 11.00 20.00 16.00 16.00 11.00 0.00 0.00 0.00 0.00 0.00
138.00 31.00 40.00 89.00 143.00 49.00 54.00 0.07 4.07 1.00 2.00 0.50 7.00 15.00 24.00 16.00 23.00 8.00 0.00 0.00 0.00 0.00 0.00
139.00 32.00 38.00 85.00 155.00 47.00 70.00 0.09 3.94 1.00 2.00 0.50 7.00 14.00 25.00 18.00 21.00 11.00 0.00 0.00 0.00 0.00 0.00
140.00 23.00 31.00 70.00 118.00 39.00 48.00 0.10 4.29 1.00 3.00 0.33 6.00 8.00 17.00 15.00 11.00 12.00 0.00 0.00 0.00 0.00 0.00
141.00 21.00 23.00 57.00 105.00 34.00 48.00 0.07 3.99 1.00 3.00 0.33 2.00 9.00 19.00 12.00 15.00 6.00 0.00 0.00 0.00 0.00 0.00
142.00 14.00 7.00 23.00 66.00 16.00 43.00 0.10 4.06 1.00 1.00 1.00 4.00 8.00 10.00 6.00 14.00 0.00 0.00 0.00 0.00 0.00 0.00
143.00 27.00 26.00 68.00 131.00 42.00 63.00 0.10 3.63 1.00 2.00 0.50 6.00 11.00 21.00 16.00 15.00 12.00 0.00 0.00 0.00 0.00 0.00
144.00 19.00 16.00 56.00 97.00 40.00 41.00 0.07 3.41 1.00 3.00 0.33 4.00 7.00 15.00 12.00 12.00 7.00 0.00 0.00 0.00 1.00 0.00
145.00 25.00 31.00 67.00 118.00 36.00 51.00 0.08 3.91 1.00 2.00 0.50 5.00 12.00 20.00 13.00 17.00 8.00 0.00 0.00 0.00 0.00 0.00
146.00 26.00 28.00 71.00 126.00 43.00 55.00 0.07 4.25 1.00 3.00 0.33 11.00 14.00 15.00 12.00 19.00 7.00 0.00 0.00 0.00 0.00 0.00
147.00 23.00 22.00 60.00 114.00 38.00 54.00 0.08 4.48 0.00 2.00 0.00 4.00 15.00 19.00 8.00 16.00 7.00 0.00 0.00 0.00 0.00 0.00
148.00 25.00 20.00 55.00 117.00 35.00 62.00 0.06 3.50 1.00 2.00 0.50 9.00 13.00 16.00 12.00 17.00 8.00 0.00 0.00 0.00 0.00 0.00
149.00 23.00 16.00 58.00 115.00 42.00 57.00 0.10 3.42 1.00 2.00 0.50 6.00 12.00 17.00 11.00 17.00 6.00 0.00 0.00 0.00 1.00 0.00
150.00 23.00 31.00 70.00 121.00 39.00 51.00 0.09 3.64 1.00 1.00 1.00 5.00 14.00 18.00 9.00 17.00 6.00 0.00 0.00 0.00 0.00 0.00
151.00 23.00 22.00 65.00 121.00 43.00 56.00 0.08 4.16 1.00 1.00 1.00 5.00 12.00 18.00 11.00 16.00 7.00 0.00 0.00 2.00 0.00 0.00
152.00 28.00 36.00 81.00 147.00 45.00 66.00 0.07 4.59 1.00 1.00 1.00 9.00 13.00 19.00 15.00 17.00 11.00 0.00 0.00 0.00 0.00 1.00
153.00 25.00 25.00 61.00 126.00 36.00 65.00 0.08 4.39 1.00 1.00 1.00 6.00 13.00 19.00 12.00 16.00 9.00 0.00 0.00 0.00 0.00 0.00
154.00 25.00 32.00 69.00 113.00 37.00 44.00 0.09 4.14 1.00 1.00 1.00 6.00 15.00 19.00 10.00 20.00 5.00 0.00 0.00 0.00 0.00 0.00
155.00 25.00 23.00 64.00 120.00 41.00 56.00 0.07 3.09 1.00 1.00 1.00 8.00 9.00 17.00 16.00 18.00 7.00 0.00 0.00 0.00 0.00 0.00
156.00 22.00 16.00 57.00 112.00 41.00 55.00 0.09 4.79 1.00 2.00 0.50 7.00 14.00 15.00 8.00 17.00 5.00 0.00 0.00 0.00 0.00 0.00
157.00 24.00 27.00 61.00 121.00 34.00 60.00 0.08 4.46 1.00 1.00 1.00 6.00 10.00 18.00 14.00 13.00 11.00 0.00 0.00 0.00 0.00 0.00
158.00 23.00 27.00 65.00 119.00 38.00 54.00 0.08 4.63 1.00 1.00 1.00 6.00 14.00 17.00 9.00 15.00 8.00 0.00 0.00 0.00 0.00 0.00
159.00 26.00 29.00 73.00 131.00 44.00 58.00 0.10 4.66 1.00 2.00 0.50 7.00 13.00 19.00 13.00 17.00 9.00 0.00 0.00 0.00 0.00 0.00
160.00 24.00 33.00 66.00 118.00 33.00 52.00 0.08 4.39 1.00 1.00 1.00 4.00 12.00 20.00 12.00 15.00 9.00 0.00 0.00 0.00 0.00 0.00
161.00 27.00 38.00 74.00 124.00 36.00 50.00 0.07 4.68 1.00 1.00 1.00 8.00 15.00 19.00 12.00 17.00 10.00 0.00 0.00 0.00 0.00 0.00
162.00 16.00 14.00 45.00 86.00 31.00 41.00 0.08 4.28 1.00 0.00 0.00 2.00 6.00 14.00 10.00 11.00 5.00 0.00 0.00 0.00 0.00 0.00
163.00 25.00 29.00 63.00 114.00 34.00 51.00 0.08 4.02 1.00 1.00 1.00 7.00 14.00 18.00 11.00 22.00 3.00 0.00 0.00 0.00 0.00 0.00
164.00 26.00 25.00 65.00 131.00 40.00 66.00 0.09 4.07 1.00 1.00 1.00 5.00 11.00 21.00 15.00 14.00 12.00 0.00 0.00 0.00 0.00 0.00
165.00 21.00 23.00 53.00 110.00 30.00 57.00 0.09 3.48 1.00 0.00 0.00 7.00 11.00 14.00 10.00 15.00 6.00 0.00 0.00 1.00 0.00 0.00
166.00 21.00 24.00 53.00 104.00 29.00 51.00 0.08 4.12 1.00 1.00 1.00 6.00 10.00 15.00 11.00 13.00 8.00 0.00 0.00 0.00 0.00 0.00
167.00 21.00 22.00 53.00 102.00 31.00 49.00 0.08 4.71 1.00 1.00 1.00 7.00 11.00 14.00 10.00 18.00 3.00 0.00 0.00 0.00 0.00 0.00
168.00 19.00 17.00 52.00 102.00 35.00 50.00 0.08 3.34 1.00 1.00 1.00 3.00 6.00 16.00 13.00 14.00 5.00 0.00 0.00 0.00 0.00 0.00
169.00 16.00 17.00 38.00 77.00 21.00 39.00 0.08 1.64 1.00 1.00 1.00 4.00 7.00 12.00 9.00 13.00 3.00 0.00 0.00 0.00 0.00 0.00
170.00 22.00 31.00 63.00 111.00 32.00 48.00 0.09 3.67 1.00 1.00 1.00 6.00 8.00 16.00 14.00 16.00 6.00 0.00 0.00 0.00 0.00 0.00
171.00 24.00 31.00 65.00 122.00 34.00 57.00 0.07 3.42 0.00 1.00 0.00 8.00 14.00 16.00 10.00 18.00 6.00 0.00 0.00 1.00 0.00 0.00
172.00 19.00 14.00 38.00 93.00 24.00 55.00 0.08 2.02 0.00 0.00 0.00 7.00 12.00 12.00 7.00 13.00 6.00 0.00 0.00 0.00 0.00 0.00
173.00 21.00 15.00 46.00 96.00 31.00 50.00 0.08 3.26 0.00 3.00 0.00 3.00 13.00 18.00 8.00 15.00 6.00 0.00 0.00 0.00 0.00 1.00
174.00 20.00 21.00 52.00 96.00 31.00 44.00 0.09 4.61 0.00 2.00 0.00 9.00 12.00 11.00 8.00 14.00 6.00 0.00 0.00 1.00 0.00 0.00
175.00 20.00 16.00 51.00 93.00 35.00 42.00 0.09 4.15 0.00 1.00 0.00 7.00 12.00 13.00 8.00 13.00 7.00 0.00 0.00 1.00 0.00 0.00
176.00 19.00 17.00 42.00 94.00 25.00 52.00 0.10 3.76 0.00 2.00 0.00 9.00 12.00 10.00 7.00 13.00 6.00 0.00 0.00 1.00 0.00 0.00
177.00 17.00 17.00 45.00 86.00 28.00 41.00 0.09 4.09 0.00 1.00 0.00 2.00 9.00 15.00 8.00 12.00 5.00 0.00 0.00 0.00 0.00 0.00
178.00 18.00 18.00 46.00 89.00 28.00 43.00 0.08 4.36 0.00 2.00 0.00 7.00 10.00 11.00 8.00 14.00 4.00 0.00 0.00 1.00 0.00 0.00
179.00 23.00 25.00 58.00 106.00 33.00 48.00 0.09 4.75 0.00 2.00 0.00 9.00 16.00 14.00 7.00 19.00 4.00 0.00 0.00 1.00 1.00 0.00
180.00 8.00 3.00 9.00 35.00 6.00 26.00 0.08 4.68 0.00 1.00 0.00 5.00 7.00 3.00 1.00 7.00 1.00 0.00 0.00 1.00 0.00 0.00
181.00 7.00 4.00 12.00 31.00 8.00 19.00 0.08 4.41 0.00 0.00 0.00 2.00 5.00 5.00 2.00 6.00 1.00 0.00 0.00 1.00 0.00 0.00
182.00 16.00 7.00 31.00 67.00 24.00 36.00 0.09 4.61 0.00 0.00 0.00 8.00 11.00 8.00 5.00 15.00 1.00 0.00 0.00 1.00 0.00 0.00
183.00 20.00 20.00 52.00 98.00 32.00 46.00 0.09 4.79 0.00 1.00 0.00 6.00 12.00 14.00 8.00 15.00 5.00 0.00 0.00 1.00 0.00 0.00
184.00 16.00 11.00 36.00 81.00 25.00 45.00 0.08 4.14 0.00 0.00 0.00 4.00 7.00 12.00 9.00 9.00 7.00 0.00 0.00 1.00 0.00 0.00
185.00 19.00 21.00 46.00 95.00 25.00 49.00 0.09 4.83 0.00 0.00 0.00 4.00 8.00 15.00 11.00 12.00 7.00 0.00 0.00 0.00 0.00 0.00
186.00 18.00 12.00 39.00 86.00 27.00 47.00 0.09 4.83 0.00 0.00 0.00 4.00 12.00 14.00 6.00 13.00 5.00 0.00 0.00 0.00 0.00 1.00
187.00 14.00 9.00 30.00 69.00 21.00 39.00 0.09 5.24 0.00 0.00 0.00 7.00 11.00 7.00 3.00 12.00 2.00 0.00 0.00 1.00 0.00 0.00
188.00 9.00 8.00 20.00 41.00 12.00 21.00 0.08 4.46 0.00 0.00 0.00 2.00 4.00 7.00 5.00 8.00 1.00 0.00 0.00 1.00 0.00 0.00
189.00 12.00 9.00 24.00 56.00 15.00 32.00 0.08 4.96 0.00 0.00 0.00 4.00 6.00 8.00 6.00 6.00 6.00 0.00 0.00 0.00 0.00 0.00
190.00 12.00 11.00 29.00 55.00 18.00 26.00 0.07 4.42 0.00 1.00 0.00 5.00 10.00 7.00 2.00 11.00 1.00 0.00 0.00 0.00 0.00 0.00
191.00 13.00 7.00 31.00 66.00 24.00 35.00 0.09 3.70 0.00 1.00 0.00 5.00 11.00 8.00 2.00 11.00 2.00 0.00 0.00 0.00 0.00 0.00
192.00 15.00 15.00 39.00 73.00 24.00 34.00 0.09 4.39 0.00 1.00 0.00 4.00 8.00 11.00 7.00 11.00 4.00 0.00 0.00 0.00 0.00 0.00
193.00 12.00 11.00 27.00 55.00 16.00 28.00 0.08 1.83 0.00 1.00 0.00 2.00 6.00 10.00 6.00 10.00 2.00 0.00 0.00 0.00 0.00 0.00
194.00 14.00 14.00 35.00 60.00 21.00 25.00 0.09 4.24 0.00 1.00 0.00 5.00 8.00 9.00 6.00 12.00 2.00 0.00 0.00 0.00 0.00 0.00
195.00 16.00 17.00 41.00 80.00 24.00 39.00 0.08 3.88 0.00 0.00 0.00 5.00 12.00 11.00 4.00 15.00 1.00 0.00 0.00 0.00 0.00 0.00
196.00 12.00 6.00 27.00 59.00 21.00 32.00 0.08 4.52 0.00 0.00 0.00 3.00 7.00 9.00 5.00 9.00 3.00 0.00 0.00 0.00 0.00 0.00
197.00 14.00 13.00 31.00 66.00 18.00 35.00 0.08 4.96 0.00 0.00 0.00 6.00 10.00 8.00 4.00 11.00 3.00 0.00 0.00 0.00 0.00 0.00
198.00 12.00 9.00 28.00 55.00 19.00 27.00 0.10 4.88 0.00 0.00 0.00 1.00 6.00 11.00 6.00 8.00 4.00 0.00 0.00 0.00 0.00 0.00
199.00 13.00 12.00 31.00 66.00 19.00 35.00 0.07 4.73 0.00 0.00 0.00 2.00 7.00 11.00 6.00 9.00 4.00 0.00 0.00 0.00 0.00 0.00
200.00 15.00 17.00 43.00 76.00 26.00 33.00 0.08 4.68 0.00 0.00 0.00 2.00 5.00 13.00 10.00 7.00 8.00 0.00 0.00 0.00 0.00 0.00
201.00 8.00 5.00 17.00 39.00 12.00 22.00 0.10 4.14 0.00 0.00 0.00 2.00 4.00 6.00 4.00 6.00 2.00 0.00 0.00 0.00 0.00 0.00
202.00 12.00 11.00 30.00 59.00 19.00 29.00 0.11 5.26 0.00 0.00 0.00 6.00 10.00 6.00 2.00 11.00 1.00 0.00 0.00 0.00 0.00 0.00
203.00 15.00 12.00 29.00 71.00 17.00 42.00 0.10 4.89 0.00 1.00 0.00 5.00 9.00 10.00 6.00 9.00 6.00 0.00 0.00 0.00 0.00 0.00
204.00 13.00 14.00 32.00 62.00 18.00 30.00 0.09 5.05 0.00 2.00 0.00 1.00 7.00 12.00 6.00 9.00 4.00 0.00 0.00 0.00 0.00 0.00
205.00 10.00 1.00 16.00 45.00 15.00 29.00 0.10 4.58 0.00 0.00 0.00 4.00 7.00 6.00 3.00 7.00 3.00 0.00 0.00 0.00 0.00 0.00
206.00 7.00 3.00 10.00 29.00 7.00 19.00 0.09 4.57 0.00 0.00 0.00 3.00 4.00 4.00 3.00 5.00 2.00 0.00 0.00 0.00 0.00 0.00
207.00 10.00 6.00 19.00 50.00 13.00 31.00 0.08 1.95 0.00 0.00 0.00 3.00 6.00 7.00 4.00 9.00 1.00 0.00 0.00 0.00 0.00 1.00
208.00 9.00 4.00 17.00 43.00 13.00 26.00 0.07 3.57 0.00 0.00 0.00 3.00 7.00 6.00 2.00 8.00 1.00 0.00 0.00 0.00 0.00 0.00
209.00 7.00 3.00 13.00 31.00 10.00 18.00 0.09 2.58 0.00 0.00 0.00 2.00 3.00 5.00 4.00 5.00 2.00 0.00 0.00 0.00 0.00 0.00
210.00 12.00 4.00 21.00 55.00 17.00 34.00 0.07 1.86 0.00 0.00 0.00 5.00 8.00 7.00 4.00 11.00 1.00 0.00 0.00 0.00 0.00 0.00
211.00 9.00 5.00 16.00 41.00 11.00 25.00 0.08 0.32 0.00 0.00 0.00 3.00 7.00 6.00 2.00 8.00 1.00 0.00 0.00 0.00 0.00 0.00
212.00 7.00 1.00 11.00 29.00 10.00 18.00 0.07 0.37 0.00 0.00 0.00 4.00 5.00 3.00 2.00 7.00 0.00 0.00 0.00 0.00 0.00 0.00
213.00 4.00 0.00 1.00 8.00 1.00 7.00 0.07 0.33 0.00 0.00 0.00 3.00 3.00 1.00 1.00 4.00 0.00 0.00 0.00 0.00 0.00 0.00
214.00 5.00 0.00 4.00 19.00 4.00 15.00 0.09 0.26 0.00 0.00 0.00 1.00 3.00 4.00 2.00 4.00 1.00 0.00 0.00 0.00 0.00 0.00
215.00 7.00 0.00 10.00 31.00 10.00 21.00 0.08 0.26 0.00 0.00 0.00 1.00 6.00 6.00 1.00 7.00 0.00 0.00 0.00 0.00 0.00 0.00
216.00 5.00 0.00 2.00 16.00 2.00 14.00 0.08 0.24 0.00 0.00 0.00 2.00 3.00 3.00 2.00 5.00 0.00 0.00 0.00 0.00 0.00 0.00
217.00 8.00 3.00 10.00 32.00 7.00 22.00 0.09 0.39 0.00 0.00 0.00 5.00 6.00 3.00 2.00 7.00 1.00 0.00 0.00 0.00 0.00 0.00
218.00 5.00 1.00 7.00 19.00 6.00 12.00 0.08 0.23 0.00 0.00 0.00 2.00 3.00 3.00 2.00 5.00 0.00 0.00 0.00 0.00 0.00 0.00
219.00 7.00 3.00 10.00 23.00 7.00 13.00 0.09 0.22 0.00 0.00 0.00 2.00 5.00 5.00 2.00 7.00 0.00 0.00 0.00 0.00 0.00 0.00
220.00 12.00 5.00 19.00 48.00 14.00 29.00 0.09 2.45 0.00 0.00 0.00 6.00 7.00 6.00 5.00 11.00 1.00 0.00 0.00 0.00 0.00 0.00
221.00 2.00 0.00 0.00 3.00 0.00 3.00 0.08 0.12 0.00 0.00 0.00 2.00 2.00 0.00 0.00 2.00 0.00 0.00 0.00 0.00 0.00 0.00
