0.00 2.00 0.00 0.00 4.00 0.00 4.00 0.08 0.14 0.00 0.00 0.00 2.00 2.00 0.00 0.00 2.00 0.00 0.00 0.00 0.00 0.00 0.00
1.00 5.00 0.00 4.00 20.00 4.00 16.00 0.08 0.21 0.00 0.00 0.00 4.00 4.00 1.00 1.00 4.00 1.00 0.00 0.00 0.00 0.00 0.00
2.00 3.00 0.00 2.00 10.00 2.00 8.00 0.09 0.10 0.00 0.00 0.00 2.00 3.00 1.00 0.00 3.00 0.00 0.00 0.00 0.00 0.00 0.00
3.00 5.00 0.00 4.00 17.00 4.00 13.00 0.08 0.34 0.00 0.00 0.00 3.00 4.00 2.00 1.00 5.00 0.00 0.00 0.00 0.00 0.00 0.00
4.00 5.00 0.00 5.00 19.00 5.00 14.00 0.09 3.37 0.00 0.00 0.00 2.00 3.00 3.00 2.00 5.00 0.00 0.00 0.00 0.00 0.00 0.00
5.00 6.00 0.00 5.00 24.00 5.00 19.00 0.08 3.09 0.00 0.00 0.00 3.00 5.00 3.00 1.00 6.00 0.00 0.00 0.00 1.00 0.00 0.00
6.00 12.00 5.00 26.00 56.00 21.00 30.00 0.08 1.92 0.00 0.00 0.00 4.00 7.00 8.00 5.00 11.00 1.00 0.00 0.00 1.00 0.00 0.00
7.00 3.00 0.00 2.00 10.00 2.00 8.00 0.09 0.15 0.00 1.00 0.00 2.00 3.00 1.00 0.00 3.00 0.00 0.00 0.00 0.00 0.00 0.00
8.00 4.00 1.00 5.00 14.00 4.00 9.00 0.09 0.15 0.00 0.00 0.00 3.00 3.00 1.00 1.00 4.00 0.00 0.00 0.00 0.00 0.00 0.00
9.00 6.00 1.00 5.00 18.00 4.00 13.00 0.08 0.27 0.00 0.00 0.00 2.00 4.00 4.00 2.00 6.00 0.00 0.00 0.00 0.00 0.00 0.00
10.00 9.00 6.00 19.00 43.00 13.00 24.00 0.07 3.72 0.00 0.00 0.00 3.00 5.00 6.00 4.00 8.00 1.00 0.00 0.00 0.00 0.00 0.00
11.00 6.00 2.00 9.00 27.00 7.00 18.00 0.09 2.73 0.00 0.00 0.00 1.00 2.00 5.00 4.00 5.00 1.00 0.00 0.00 0.00 0.00 0.00
12.00 10.00 6.00 18.00 46.00 12.00 28.00 0.09 0.41 0.00 0.00 0.00 5.00 5.00 5.00 5.00 10.00 0.00 0.00 0.00 0.00 0.00 0.00
13.00 9.00 3.00 17.00 42.00 14.00 25.00 0.08 2.02 0.00 0.00 0.00 4.00 6.00 5.00 3.00 7.00 2.00 0.00 0.00 0.00 0.00 0.00
14.00 16.00 12.00 34.00 75.00 22.00 41.00 0.10 2.85 0.00 0.00 0.00 3.00 10.00 13.00 6.00 13.00 3.00 0.00 0.00 2.00 0.00 0.00
15.00 18.00 17.00 47.00 88.00 30.00 41.00 0.08 3.24 0.00 0.00 0.00 4.00 7.00 14.00 11.00 15.00 3.00 0.00 0.00 2.00 0.00 0.00
16.00 24.00 25.00 62.00 118.00 37.00 56.00 0.10 3.33 0.00 0.00 0.00 6.00 11.00 18.00 13.00 15.00 9.00 0.00 0.00 0.00 0.00 0.00
17.00 24.00 21.00 61.00 113.00 40.00 52.00 0.08 3.80 0.00 0.00 0.00 5.00 10.00 19.00 14.00 15.00 9.00 0.00 0.00 0.00 0.00 0.00
18.00 24.00 29.00 66.00 120.00 37.00 54.00 0.09 3.66 0.00 1.00 0.00 6.00 12.00 18.00 12.00 15.00 9.00 0.00 0.00 0.00 0.00 0.00
19.00 27.00 28.00 69.00 131.00 41.00 62.00 0.09 3.87 0.00 1.00 0.00 5.00 14.00 22.00 13.00 21.00 6.00 0.00 0.00 0.00 0.00 0.00
20.00 15.00 13.00 39.00 75.00 26.00 36.00 0.08 4.73 1.00 2.00 0.50 4.00 8.00 11.00 7.00 11.00 4.00 0.00 0.00 1.00 0.00 0.00
21.00 34.00 43.00 94.00 156.00 51.00 62.00 0.09 4.13 0.00 1.00 0.00 12.00 15.00 22.00 19.00 18.00 16.00 0.00 0.00 1.00 0.00 0.00
22.00 27.00 23.00 71.00 135.00 48.00 64.00 0.09 2.99 1.00 1.00 1.00 5.00 14.00 22.00 13.00 22.00 5.00 0.00 0.00 0.00 0.00 0.00
23.00 26.00 36.00 71.00 128.00 35.00 57.00 0.09 3.22 1.00 1.00 1.00 4.00 12.00 22.00 14.00 20.00 6.00 0.00 0.00 1.00 0.00 0.00
24.00 28.00 36.00 75.00 144.00 39.00 69.00 0.08 2.12 1.00 2.00 0.50 4.00 15.00 24.00 13.00 20.00 8.00 0.00 0.00 1.00 0.00 0.00
25.00 23.00 34.00 64.00 115.00 30.00 51.00 0.10 1.96 1.00 2.00 0.50 4.00 8.00 19.00 15.00 14.00 9.00 0.00 0.00 0.00 0.00 0.00
26.00 28.00 38.00 79.00 140.00 41.00 61.00 0.07 1.23 1.00 2.00 0.50 10.00 14.00 18.00 14.00 22.00 6.00 0.00 1.00 1.00 0.00 0.00
27.00 23.00 20.00 59.00 119.00 39.00 60.00 0.08 2.51 1.00 1.00 1.00 8.00 12.00 15.00 11.00 16.00 7.00 0.00 0.00 1.00 0.00 0.00
28.00 27.00 35.00 80.00 139.00 45.00 59.00 0.09 2.19 1.00 1.00 1.00 2.00 8.00 25.00 19.00 14.00 13.00 0.00 0.00 1.00 0.00 0.00
29.00 25.00 33.00 66.00 126.00 33.00 60.00 0.09 1.87 1.00 1.00 1.00 5.00 10.00 20.00 15.00 15.00 10.00 0.00 0.00 1.00 0.00 0.00
30.00 26.00 26.00 76.00 133.00 50.00 57.00 0.09 1.91 1.00 2.00 0.50 4.00 8.00 22.00 18.00 12.00 14.00 0.00 0.00 1.00 0.00 0.00
31.00 26.00 32.00 77.00 134.00 45.00 57.00 0.09 2.30 1.00 1.00 1.00 7.00 13.00 19.00 13.00 18.00 8.00 0.00 0.00 0.00 0.00 0.00
32.00 27.00 39.00 81.00 138.00 42.00 57.00 0.09 1.75 1.00 1.00 1.00 10.00 13.00 17.00 14.00 16.00 11.00 0.00 0.00 1.00 0.00 0.00
33.00 22.00 30.00 61.00 115.00 31.00 54.00 0.08 1.32 1.00 1.00 1.00 6.00 13.00 16.00 9.00 16.00 6.00 0.00 0.00 0.00 0.00 0.00
34.00 27.00 35.00 70.00 127.00 35.00 57.00 0.10 2.76 1.00 1.00 1.00 6.00 11.00 21.00 16.00 17.00 10.00 0.00 0.00 1.00 0.00 0.00
35.00 24.00 20.00 66.00 125.00 46.00 59.00 0.09 2.82 1.00 1.00 1.00 7.00 12.00 17.00 12.00 14.00 10.00 0.00 0.00 0.00 0.00 0.00
36.00 28.00 35.00 82.00 143.00 47.00 61.00 0.09 1.73 1.00 1.00 1.00 4.00 13.00 24.00 15.00 18.00 10.00 0.00 0.00 0.00 0.00 0.00
37.00 23.00 29.00 65.00 117.00 36.00 52.00 0.09 2.51 0.00 1.00 0.00 3.00 9.00 20.00 14.00 13.00 10.00 0.00 0.00 0.00 1.00 0.00
38.00 25.00 21.00 59.00 119.00 38.00 60.00 0.11 2.59 1.00 1.00 1.00 7.00 14.00 18.00 11.00 19.00 6.00 0.00 0.00 0.00 0.00 0.00
39.00 24.00 34.00 68.00 118.00 34.00 50.00 0.09 3.01 1.00 1.00 1.00 10.00 14.00 14.00 10.00 21.00 3.00 0.00 0.00 0.00 0.00 0.00
40.00 10.00 5.00 19.00 44.00 14.00 25.00 0.09 4.48 0.00 1.00 0.00 4.00 8.00 6.00 2.00 10.00 0.00 0.00 0.00 0.00 0.00 0.00
41.00 16.00 13.00 35.00 75.00 22.00 40.00 0.08 2.36 1.00 0.00 0.00 7.00 10.00 9.00 6.00 12.00 4.00 0.00 0.00 0.00 0.00 0.00
42.00 17.00 14.00 41.00 80.00 27.00 39.00 0.07 2.31 0.00 1.00 0.00 6.00 9.00 11.00 8.00 13.00 4.00 0.00 0.00 0.00 0.00 0.00
43.00 15.00 20.00 39.00 72.00 19.00 33.00 0.08 3.38 0.00 1.00 0.00 4.00 7.00 11.00 8.00 11.00 4.00 0.00 0.00 0.00 0.00 0.00
44.00 14.00 11.00 35.00 60.00 24.00 25.00 0.08 4.61 0.00 1.00 0.00 6.00 9.00 8.00 5.00 10.00 4.00 0.00 0.00 0.00 0.00 0.00
45.00 13.00 9.00 29.00 64.00 20.00 35.00 0.07 1.92 0.00 1.00 0.00 2.00 8.00 11.00 5.00 9.00 4.00 0.00 0.00 0.00 0.00 0.00
46.00 11.00 3.00 19.00 46.00 16.00 27.00 0.08 3.41 0.00 1.00 0.00 4.00 8.00 7.00 3.00 10.00 1.00 0.00 0.00 0.00 0.00 0.00
47.00 9.00 3.00 14.00 36.00 11.00 22.00 0.09 0.39 0.00 1.00 0.00 3.00 8.00 6.00 1.00 9.00 0.00 0.00 0.00 0.00 0.00 0.00
48.00 8.00 1.00 15.00 35.00 14.00 20.00 0.09 3.67 0.00 1.00 0.00 3.00 6.00 5.00 2.00 7.00 1.00 0.00 0.00 0.00 0.00 0.00
49.00 11.00 4.00 21.00 50.00 17.00 29.00 0.10 4.28 0.00 1.00 0.00 5.00 8.00 6.00 3.00 10.00 1.00 0.00 0.00 0.00 0.00 0.00
50.00 6.00 2.00 8.00 26.00 6.00 18.00 0.06 0.29 0.00 1.00 0.00 2.00 4.00 4.00 2.00 6.00 0.00 0.00 0.00 0.00 0.00 0.00
51.00 15.00 5.00 37.00 83.00 32.00 46.00 0.09 3.26 0.00 1.00 0.00 4.00 8.00 11.00 7.00 11.00 4.00 0.00 0.00 0.00 0.00 0.00
52.00 16.00 14.00 39.00 77.00 25.00 38.00 0.10 3.17 0.00 1.00 0.00 3.00 10.00 13.00 6.00 13.00 3.00 0.00 0.00 1.00 0.00 0.00
53.00 13.00 13.00 30.00 62.00 17.00 32.00 0.11 3.61 0.00 1.00 0.00 5.00 8.00 8.00 5.00 12.00 1.00 0.00 0.00 1.00 0.00 0.00
54.00 12.00 7.00 26.00 52.00 19.00 26.00 0.09 2.88 0.00 1.00 0.00 3.00 6.00 9.00 6.00 10.00 2.00 0.00 0.00 0.00 0.00 0.00
55.00 14.00 4.00 21.00 63.00 17.00 42.00 0.08 0.49 0.00 1.00 0.00 4.00 7.00 10.00 7.00 11.00 3.00 0.00 0.00 0.00 0.00 0.00
56.00 15.00 7.00 35.00 68.00 28.00 33.00 0.09 0.64 0.00 0.00 0.00 4.00 9.00 11.00 6.00 12.00 3.00 0.00 0.00 0.00 0.00 0.00
57.00 10.00 2.00 18.00 43.00 16.00 25.00 0.09 3.07 0.00 0.00 0.00 4.00 8.00 6.00 2.00 8.00 2.00 0.00 0.00 0.00 0.00 0.00
58.00 9.00 8.00 19.00 42.00 11.00 23.00 0.10 3.44 0.00 1.00 0.00 2.00 5.00 7.00 4.00 7.00 2.00 0.00 0.00 0.00 0.00 0.00
59.00 14.00 10.00 30.00 61.00 20.00 31.00 0.09 3.99 0.00 1.00 0.00 4.00 11.00 10.00 3.00 12.00 2.00 0.00 0.00 0.00 0.00 0.00
60.00 11.00 7.00 26.00 53.00 19.00 27.00 0.08 3.95 0.00 1.00 0.00 5.00 8.00 6.00 3.00 9.00 2.00 0.00 0.00 0.00 0.00 0.00
61.00 16.00 14.00 41.00 83.00 27.00 42.00 0.08 4.68 0.00 1.00 0.00 4.00 7.00 12.00 9.00 10.00 6.00 0.00 0.00 0.00 0.00 0.00
62.00 14.00 13.00 38.00 67.00 25.00 29.00 0.10 3.90 0.00 1.00 0.00 2.00 6.00 12.00 8.00 10.00 4.00 0.00 0.00 1.00 0.00 0.00
63.00 13.00 14.00 32.00 67.00 18.00 35.00 0.10 3.56 0.00 1.00 0.00 3.00 6.00 10.00 7.00 8.00 5.00 0.00 0.00 0.00 0.00 0.00
64.00 7.00 3.00 10.00 29.00 7.00 19.00 0.08 2.39 0.00 1.00 0.00 2.00 5.00 5.00 2.00 7.00 0.00 0.00 0.00 0.00 0.00 0.00
65.00 11.00 7.00 23.00 49.00 16.00 26.00 0.10 4.02 0.00 1.00 0.00 2.00 4.00 9.00 7.00 9.00 2.00 0.00 0.00 0.00 0.00 0.00
66.00 12.00 9.00 25.00 65.00 16.00 40.00 0.08 1.81 0.00 1.00 0.00 5.00 9.00 7.00 3.00 10.00 2.00 0.00 0.00 0.00 0.00 0.00
67.00 6.00 0.00 7.00 23.00 7.00 16.00 0.08 4.28 0.00 0.00 0.00 3.00 5.00 3.00 1.00 6.00 0.00 0.00 0.00 0.00 0.00 0.00
68.00 10.00 5.00 15.00 46.00 10.00 31.00 0.10 1.66 0.00 0.00 0.00 4.00 6.00 6.00 4.00 10.00 0.00 0.00 0.00 0.00 0.00 0.00
69.00 8.00 3.00 17.00 37.00 14.00 20.00 0.07 2.24 0.00 0.00 0.00 2.00 7.00 6.00 1.00 7.00 1.00 0.00 0.00 0.00 0.00 0.00
70.00 10.00 6.00 20.00 45.00 14.00 25.00 0.08 1.90 0.00 0.00 0.00 6.00 8.00 4.00 2.00 9.00 1.00 0.00 0.00 0.00 0.00 0.00
71.00 5.00 0.00 4.00 20.00 4.00 16.00 0.09 2.87 0.00 0.00 0.00 1.00 1.00 4.00 4.00 4.00 1.00 0.00 0.00 0.00 0.00 0.00
72.00 12.00 4.00 20.00 54.00 16.00 34.00 0.08 0.43 0.00 0.00 0.00 3.00 8.00 9.00 4.00 10.00 2.00 0.00 0.00 0.00 0.00 0.00
73.00 6.00 3.00 11.00 29.00 8.00 18.00 0.09 0.23 0.00 0.00 0.00 1.00 2.00 5.00 4.00 4.00 2.00 0.00 0.00 0.00 0.00 0.00
74.00 8.00 4.00 12.00 37.00 8.00 25.00 0.10 0.25 0.00 0.00 0.00 3.00 6.00 5.00 2.00 6.00 2.00 0.00 0.00 0.00 0.00 0.00
75.00 7.00 3.00 11.00 31.00 8.00 20.00 0.09 0.30 0.00 0.00 0.00 4.00 6.00 3.00 1.00 6.00 1.00 0.00 0.00 0.00 0.00 0.00
76.00 7.00 4.00 12.00 29.00 8.00 17.00 0.08 0.18 0.00 0.00 0.00 3.00 4.00 4.00 3.00 5.00 2.00 0.00 0.00 0.00 0.00 0.00
77.00 6.00 2.00 9.00 26.00 7.00 17.00 0.10 0.19 0.00 0.00 0.00 1.00 4.00 5.00 2.00 5.00 1.00 0.00 0.00 0.00 0.00 0.00
78.00 8.00 3.00 14.00 35.00 11.00 21.00 0.09 2.26 0.00 0.00 0.00 5.00 7.00 3.00 1.00 7.00 1.00 0.00 0.00 0.00 0.00 0.00
79.00 5.00 0.00 0.00 8.00 0.00 8.00 0.09 0.47 0.00 0.00 0.00 3.00 4.00 2.00 1.00 5.00 0.00 0.00 0.00 0.00 0.00 0.00
80.00 2.00 0.00 0.00 5.00 0.00 5.00 0.09 0.22 0.00 0.00 0.00 2.00 2.00 0.00 0.00 2.00 0.00 0.00 0.00 0.00 0.00 0.00
