0.00 2.00 0.00 0.00 5.00 0.00 5.00 0.08 0.07 0.00 0.00 0.00 2.00 2.00 0.00 0.00 2.00 0.00 0.00 0.00 0.00 0.00 0.00
1.00 4.00 0.00 2.00 16.00 2.00 14.00 0.10 3.41 0.00 1.00 0.00 2.00 4.00 2.00 0.00 4.00 0.00 0.00 0.00 0.00 0.00 0.00
2.00 11.00 9.00 22.00 44.00 13.00 22.00 0.07 5.08 0.00 1.00 0.00 4.00 7.00 7.00 4.00 9.00 2.00 0.00 0.00 0.00 0.00 0.00
3.00 11.00 10.00 22.00 51.00 12.00 29.00 0.07 3.07 0.00 0.00 0.00 2.00 4.00 9.00 7.00 6.00 5.00 0.00 0.00 0.00 0.00 0.00
4.00 12.00 5.00 26.00 58.00 21.00 32.00 0.10 2.86 0.00 0.00 0.00 5.00 6.00 7.00 6.00 8.00 4.00 0.00 0.00 0.00 0.00 0.00
5.00 8.00 2.00 11.00 34.00 9.00 23.00 0.09 2.36 0.00 0.00 0.00 4.00 6.00 4.00 2.00 7.00 1.00 0.00 0.00 1.00 0.00 0.00
6.00 6.00 3.00 10.00 26.00 7.00 16.00 0.10 2.91 0.00 0.00 0.00 2.00 6.00 4.00 0.00 6.00 0.00 0.00 0.00 0.00 0.00 0.00
7.00 11.00 5.00 24.00 53.00 19.00 29.00 0.09 0.44 0.00 0.00 0.00 5.00 6.00 6.00 5.00 8.00 3.00 0.00 0.00 0.00 0.00 0.00
8.00 4.00 0.00 4.00 13.00 4.00 9.00 0.09 0.21 0.00 0.00 0.00 2.00 4.00 2.00 0.00 4.00 0.00 0.00 0.00 0.00 0.00 0.00
9.00 9.00 2.00 14.00 41.00 12.00 27.00 0.09 2.06 0.00 0.00 0.00 4.00 5.00 5.00 4.00 9.00 0.00 0.00 0.00 0.00 0.00 0.00
10.00 15.00 13.00 30.00 72.00 17.00 42.00 0.08 3.48 0.00 0.00 0.00 5.00 11.00 10.00 4.00 13.00 2.00 0.00 0.00 0.00 0.00 0.00
11.00 15.00 7.00 26.00 66.00 19.00 40.00 0.07 4.26 1.00 0.00 0.00 6.00 10.00 9.00 5.00 10.00 5.00 0.00 0.00 1.00 0.00 0.00
12.00 18.00 16.00 38.00 87.00 22.00 49.00 0.08 3.56 0.00 1.00 0.00 4.00 7.00 14.00 11.00 11.00 7.00 0.00 0.00 1.00 0.00 0.00
13.00 19.00 15.00 40.00 90.00 25.00 50.00 0.08 4.79 0.00 1.00 0.00 7.00 12.00 12.00 7.00 14.00 5.00 0.00 0.00 1.00 0.00 0.00
14.00 14.00 13.00 34.00 64.00 21.00 30.00 0.08 4.75 0.00 0.00 0.00 5.00 7.00 9.00 7.00 9.00 5.00 1.00 0.00 0.00 0.00 0.00
15.00 22.00 16.00 56.00 108.00 40.00 52.00 0.09 4.70 0.00 2.00 0.00 9.00 11.00 13.00 11.00 15.00 7.00 0.00 0.00 1.00 0.00 0.00
16.00 21.00 18.00 52.00 105.00 34.00 53.00 0.07 4.50 0.00 1.00 0.00 6.00 13.00 15.00 8.00 16.00 5.00 0.00 0.00 1.00 0.00 0.00
17.00 19.00 17.00 45.00 100.00 28.00 55.00 0.09 4.69 0.00 1.00 0.00 4.00 7.00 15.00 12.00 9.00 10.00 0.00 0.00 2.00 0.00 0.00
18.00 22.00 17.00 46.00 104.00 29.00 58.00 0.09 4.27 0.00 0.00 0.00 5.00 13.00 17.00 9.00 17.00 5.00 0.00 0.00 2.00 0.00 0.00
19.00 27.00 29.00 64.00 132.00 35.00 68.00 0.08 4.49 0.00 1.00 0.00 8.00 15.00 19.00 12.00 16.00 11.00 1.00 0.00 2.00 0.00 0.00
20.00 22.00 28.00 67.00 118.00 39.00 51.00 0.08 4.42 0.00 1.00 0.00 5.00 8.00 17.00 14.00 15.00 7.00 0.00 0.00 1.00 0.00 0.00
21.00 24.00 21.00 66.00 119.00 45.00 53.00 0.08 3.92 1.00 2.00 0.50 6.00 10.00 18.00 14.00 17.00 7.00 0.00 0.00 1.00 0.00 0.00
22.00 27.00 34.00 79.00 136.00 45.00 57.00 0.08 3.58 0.00 0.00 0.00 8.00 15.00 19.00 12.00 17.00 10.00 0.00 0.00 0.00 0.00 0.00
23.00 21.00 28.00 59.00 108.00 31.00 49.00 0.10 3.84 0.00 0.00 0.00 3.00 8.00 18.00 13.00 11.00 10.00 0.00 0.00 1.00 0.00 0.00
24.00 25.00 17.00 57.00 124.00 40.00 67.00 0.09 4.37 0.00 1.00 0.00 8.00 12.00 17.00 13.00 18.00 7.00 0.00 0.00 1.00 0.00 0.00
25.00 27.00 34.00 80.00 143.00 46.00 63.00 0.08 4.38 0.00 2.00 0.00 8.00 13.00 19.00 14.00 17.00 10.00 0.00 0.00 3.00 0.00 0.00
26.00 25.00 31.00 68.00 121.00 37.00 53.00 0.09 4.06 0.00 0.00 0.00 8.00 12.00 17.00 13.00 15.00 10.00 0.00 0.00 1.00 0.00 0.00
27.00 23.00 21.00 64.00 115.00 43.00 51.00 0.10 4.03 1.00 2.00 0.50 7.00 13.00 16.00 10.00 15.00 8.00 0.00 0.00 1.00 0.00 0.00
28.00 26.00 28.00 71.00 133.00 43.00 62.00 0.08 3.82 1.00 2.00 0.50 10.00 14.00 16.00 12.00 16.00 10.00 0.00 0.00 1.00 0.00 0.00
29.00 25.00 32.00 72.00 127.00 40.00 55.00 0.08 3.71 1.00 1.00 1.00 8.00 12.00 17.00 13.00 14.00 11.00 0.00 0.00 1.00 0.00 0.00
30.00 23.00 16.00 58.00 111.00 42.00 53.00 0.07 4.30 1.00 0.00 0.00 8.00 16.00 15.00 7.00 17.00 6.00 0.00 0.00 1.00 0.00 0.00
31.00 29.00 32.00 82.00 142.00 50.00 60.00 0.10 4.52 0.00 2.00 0.00 9.00 12.00 20.00 17.00 17.00 12.00 0.00 0.00 1.00 0.00 0.00
32.00 21.00 23.00 60.00 112.00 37.00 52.00 0.08 2.51 2.00 3.00 0.67 4.00 5.00 17.00 16.00 10.00 11.00 0.00 0.00 0.00 0.00 0.00
33.00 24.00 25.00 62.00 121.00 37.00 59.00 0.09 4.21 1.00 0.00 0.00 9.00 15.00 15.00 9.00 19.00 5.00 0.00 0.00 0.00 0.00 0.00
34.00 23.00 21.00 56.00 118.00 35.00 62.00 0.08 4.37 2.00 1.00 2.00 8.00 11.00 15.00 12.00 14.00 9.00 0.00 0.00 1.00 0.00 0.00
35.00 33.00 38.00 85.00 154.00 47.00 69.00 0.10 4.34 2.00 1.00 2.00 6.00 17.00 27.00 16.00 20.00 13.00 0.00 0.00 2.00 1.00 0.00
36.00 37.00 40.00 100.00 174.00 60.00 74.00 0.07 4.29 1.00 1.00 1.00 11.00 16.00 26.00 21.00 24.00 13.00 0.00 0.00 1.00 0.00 0.00
37.00 25.00 28.00 69.00 122.00 41.00 53.00 0.09 4.51 2.00 1.00 2.00 6.00 13.00 19.00 12.00 17.00 8.00 0.00 0.00 0.00 0.00 0.00
38.00 31.00 41.00 95.00 160.00 54.00 65.00 0.09 4.90 2.00 1.00 2.00 6.00 16.00 25.00 15.00 22.00 9.00 0.00 0.00 0.00 0.00 0.00
39.00 29.00 31.00 79.00 144.00 48.00 65.00 0.09 4.17 2.00 2.00 1.00 4.00 11.00 25.00 18.00 16.00 13.00 0.00 0.00 0.00 0.00 0.00
40.00 25.00 27.00 64.00 115.00 37.00 51.00 0.09 4.13 0.00 2.00 0.00 5.00 11.00 20.00 14.00 15.00 10.00 0.00 0.00 1.00 0.00 0.00
41.00 27.00 33.00 70.00 131.00 37.00 61.00 0.09 4.30 0.00 2.00 0.00 7.00 15.00 20.00 12.00 19.00 8.00 0.00 0.00 1.00 0.00 0.00
42.00 28.00 41.00 85.00 139.00 44.00 54.00 0.08 4.39 0.00 2.00 0.00 6.00 14.00 22.00 14.00 19.00 9.00 0.00 0.00 1.00 0.00 0.00
43.00 17.00 11.00 37.00 78.00 26.00 41.00 0.08 4.68 0.00 1.00 0.00 8.00 10.00 9.00 7.00 14.00 3.00 0.00 0.00 0.00 0.00 0.00
44.00 26.00 34.00 73.00 126.00 39.00 53.00 0.09 4.55 0.00 2.00 0.00 8.00 12.00 18.00 14.00 16.00 10.00 1.00 0.00 0.00 0.00 0.00
45.00 21.00 21.00 58.00 108.00 37.00 50.00 0.09 4.70 0.00 2.00 0.00 5.00 9.00 16.00 12.00 12.00 9.00 0.00 0.00 0.00 0.00 0.00
46.00 28.00 34.00 76.00 141.00 42.00 65.00 0.08 4.65 0.00 2.00 0.00 6.00 13.00 22.00 15.00 17.00 11.00 0.00 0.00 0.00 0.00 0.00
47.00 25.00 27.00 71.00 129.00 44.00 58.00 0.09 4.70 0.00 1.00 0.00 4.00 11.00 21.00 14.00 18.00 7.00 0.00 0.00 0.00 0.00 0.00
48.00 27.00 38.00 81.00 133.00 43.00 52.00 0.08 4.57 0.00 2.00 0.00 7.00 15.00 20.00 12.00 21.00 6.00 0.00 0.00 0.00 0.00 0.00
49.00 20.00 24.00 53.00 101.00 29.00 48.00 0.08 4.76 0.00 2.00 0.00 4.00 12.00 16.00 8.00 13.00 7.00 0.00 0.00 0.00 0.00 0.00
50.00 23.00 24.00 60.00 118.00 36.00 58.00 0.08 4.56 0.00 2.00 0.00 6.00 8.00 17.00 15.00 12.00 11.00 0.00 0.00 0.00 0.00 0.00
51.00 23.00 31.00 64.00 117.00 33.00 53.00 0.08 4.92 0.00 1.00 0.00 2.00 10.00 21.00 13.00 13.00 10.00 0.00 0.00 0.00 0.00 0.00
52.00 28.00 34.00 81.00 138.00 47.00 57.00 0.09 4.56 0.00 2.00 0.00 3.00 14.00 25.00 14.00 18.00 10.00 0.00 0.00 1.00 0.00 0.00
53.00 21.00 20.00 52.00 104.00 32.00 52.00 0.09 4.77 0.00 1.00 0.00 4.00 6.00 17.00 15.00 8.00 13.00 0.00 0.00 1.00 0.00 0.00
54.00 20.00 16.00 51.00 103.00 35.00 52.00 0.09 4.58 0.00 1.00 0.00 9.00 13.00 11.00 7.00 15.00 5.00 0.00 0.00 1.00 0.00 0.00
55.00 17.00 14.00 38.00 85.00 24.00 47.00 0.09 4.65 0.00 1.00 0.00 7.00 12.00 10.00 5.00 12.00 5.00 1.00 0.00 2.00 0.00 0.00
56.00 25.00 33.00 76.00 124.00 43.00 48.00 0.08 4.61 0.00 1.00 0.00 6.00 11.00 19.00 14.00 13.00 12.00 0.00 0.00 2.00 0.00 0.00
57.00 21.00 19.00 52.00 103.00 33.00 51.00 0.10 5.11 0.00 1.00 0.00 6.00 10.00 15.00 11.00 12.00 9.00 0.00 0.00 4.00 0.00 0.00
58.00 25.00 23.00 55.00 114.00 32.00 59.00 0.09 4.97 0.00 1.00 0.00 10.00 15.00 15.00 10.00 18.00 7.00 0.00 0.00 1.00 0.00 0.00
59.00 23.00 21.00 53.00 107.00 32.00 54.00 0.08 4.70 0.00 1.00 0.00 11.00 19.00 12.00 4.00 20.00 3.00 0.00 0.00 0.00 0.00 0.00
60.00 14.00 9.00 34.00 63.00 25.00 29.00 0.08 4.88 0.00 1.00 0.00 5.00 7.00 9.00 7.00 10.00 4.00 0.00 0.00 1.00 0.00 0.00
61.00 6.00 3.00 11.00 29.00 8.00 18.00 0.06 4.62 0.00 0.00 0.00 1.00 4.00 5.00 2.00 5.00 1.00 0.00 0.00 1.00 0.00 0.00
62.00 14.00 15.00 36.00 67.00 21.00 31.00 0.09 4.20 0.00 1.00 0.00 5.00 8.00 9.00 6.00 10.00 4.00 0.00 0.00 0.00 0.00 0.00
63.00 24.00 21.00 59.00 119.00 38.00 60.00 0.09 4.56 0.00 1.00 0.00 6.00 15.00 18.00 9.00 19.00 5.00 0.00 0.00 0.00 0.00 0.00
64.00 26.00 24.00 67.00 133.00 43.00 66.00 0.08 4.96 0.00 1.00 0.00 9.00 18.00 17.00 8.00 24.00 2.00 0.00 0.00 1.00 1.00 0.00
65.00 12.00 1.00 14.00 51.00 13.00 37.00 0.10 4.63 0.00 0.00 0.00 7.00 8.00 5.00 4.00 11.00 1.00 0.00 0.00 0.00 0.00 0.00
66.00 27.00 33.00 65.00 127.00 32.00 62.00 0.09 4.39 0.00 1.00 0.00 7.00 15.00 20.00 12.00 18.00 9.00 0.00 0.00 1.00 0.00 0.00
67.00 23.00 27.00 58.00 114.00 31.00 56.00 0.09 4.46 0.00 0.00 0.00 8.00 15.00 15.00 8.00 19.00 4.00 0.00 0.00 0.00 0.00 0.00
68.00 28.00 27.00 63.00 134.00 36.00 71.00 0.10 5.69 0.00 0.00 0.00 11.00 15.00 17.00 13.00 24.00 4.00 0.00 0.00 0.00 1.00 0.00
69.00 24.00 26.00 56.00 108.00 30.00 52.00 0.10 4.85 0.00 1.00 0.00 6.00 14.00 18.00 10.00 21.00 3.00 0.00 0.00 0.00 0.00 0.00
70.00 15.00 4.00 22.00 67.00 18.00 45.00 0.07 4.35 0.00 1.00 0.00 6.00 10.00 9.00 5.00 14.00 1.00 0.00 0.00 0.00 0.00 0.00
71.00 12.00 8.00 27.00 55.00 19.00 28.00 0.09 4.92 0.00 1.00 0.00 5.00 7.00 7.00 5.00 10.00 2.00 0.00 0.00 0.00 0.00 0.00
72.00 24.00 18.00 55.00 113.00 37.00 58.00 0.09 4.65 0.00 1.00 0.00 8.00 16.00 16.00 8.00 17.00 7.00 0.00 0.00 0.00 0.00 0.00
73.00 17.00 18.00 39.00 77.00 21.00 38.00 0.08 5.10 0.00 1.00 0.00 5.00 10.00 12.00 7.00 11.00 6.00 0.00 0.00 0.00 0.00 0.00
74.00 18.00 20.00 44.00 87.00 24.00 43.00 0.09 5.00 0.00 1.00 0.00 5.00 11.00 13.00 7.00 14.00 4.00 0.00 0.00 0.00 1.00 0.00
75.00 20.00 15.00 41.00 88.00 26.00 47.00 0.08 5.61 0.00 1.00 0.00 6.00 9.00 14.00 11.00 11.00 9.00 0.00 0.00 0.00 0.00 0.00
76.00 16.00 19.00 42.00 79.00 23.00 37.00 0.08 5.06 0.00 2.00 0.00 5.00 7.00 11.00 9.00 11.00 5.00 0.00 0.00 0.00 0.00 0.00
77.00 14.00 16.00 37.00 67.00 21.00 30.00 0.07 4.59 0.00 1.00 0.00 3.00 8.00 11.00 6.00 9.00 5.00 0.00 0.00 0.00 0.00 0.00
78.00 15.00 22.00 39.00 70.00 17.00 31.00 0.06 4.47 0.00 1.00 0.00 2.00 9.00 13.00 6.00 10.00 5.00 0.00 0.00 0.00 0.00 0.00
79.00 16.00 10.00 37.00 75.00 27.00 38.00 0.08 4.35 0.00 1.00 0.00 8.00 9.00 8.00 7.00 13.00 3.00 0.00 0.00 0.00 0.00 0.00
80.00 18.00 7.00 30.00 76.00 23.00 46.00 0.09 5.69 0.00 1.00 0.00 5.00 10.00 13.00 8.00 12.00 6.00 0.00 0.00 0.00 0.00 0.00
81.00 10.00 4.00 16.00 47.00 12.00 31.00 0.09 4.91 0.00 1.00 0.00 2.00 5.00 8.00 5.00 8.00 2.00 0.00 0.00 1.00 0.00 0.00
82.00 14.00 12.00 32.00 65.00 20.00 33.00 0.08 5.03 0.00 2.00 0.00 6.00 9.00 8.00 5.00 12.00 2.00 0.00 0.00 0.00 0.00 0.00
83.00 13.00 10.00 30.00 64.00 20.00 34.00 0.08 5.10 0.00 1.00 0.00 4.00 6.00 9.00 7.00 9.00 4.00 0.00 0.00 0.00 0.00 0.00
84.00 18.00 16.00 39.00 84.00 23.00 45.00 0.07 4.09 0.00 2.00 0.00 3.00 7.00 15.00 11.00 12.00 6.00 0.00 0.00 0.00 0.00 0.00
85.00 16.00 23.00 42.00 76.00 19.00 34.00 0.08 4.98 0.00 1.00 0.00 4.00 7.00 12.00 9.00 12.00 4.00 0.00 0.00 0.00 0.00 0.00
86.00 10.00 6.00 20.00 50.00 14.00 30.00 0.08 5.76 0.00 1.00 0.00 1.00 5.00 9.00 5.00 6.00 4.00 0.00 0.00 0.00 0.00 0.00
87.00 18.00 17.00 45.00 89.00 28.00 44.00 0.10 4.58 0.00 1.00 0.00 5.00 10.00 13.00 8.00 12.00 6.00 0.00 0.00 0.00 0.00 0.00
88.00 22.00 19.00 51.00 100.00 32.00 49.00 0.07 4.70 0.00 2.00 0.00 7.00 10.00 15.00 12.00 16.00 6.00 0.00 0.00 0.00 0.00 0.00
89.00 21.00 22.00 55.00 107.00 33.00 52.00 0.08 4.11 0.00 3.00 0.00 8.00 11.00 13.00 10.00 14.00 7.00 0.00 0.00 0.00 0.00 0.00
90.00 22.00 26.00 61.00 103.00 35.00 42.00 0.09 4.21 0.00 3.00 0.00 7.00 13.00 15.00 9.00 15.00 7.00 0.00 0.00 0.00 0.00 0.00
91.00 20.00 25.00 53.00 100.00 28.00 47.00 0.08 4.17 0.00 4.00 0.00 4.00 9.00 16.00 11.00 12.00 8.00 0.00 0.00 0.00 0.00 0.00
92.00 21.00 23.00 50.00 100.00 27.00 50.00 0.08 4.57 0.00 3.00 0.00 7.00 9.00 14.00 12.00 13.00 8.00 0.00 0.00 0.00 0.00 0.00
93.00 20.00 25.00 59.00 100.00 34.00 41.00 0.09 4.76 0.00 2.00 0.00 5.00 7.00 15.00 13.00 12.00 8.00 0.00 0.00 0.00 0.00 0.00
94.00 14.00 9.00 29.00 65.00 20.00 36.00 0.09 4.77 0.00 2.00 0.00 5.00 6.00 9.00 8.00 10.00 4.00 0.00 0.00 0.00 0.00 0.00
95.00 16.00 18.00 44.00 84.00 26.00 40.00 0.09 5.25 0.00 2.00 0.00 3.00 7.00 13.00 9.00 9.00 7.00 0.00 0.00 0.00 0.00 0.00
96.00 21.00 25.00 51.00 104.00 26.00 53.00 0.08 4.66 0.00 2.00 0.00 5.00 9.00 16.00 12.00 14.00 7.00 0.00 0.00 0.00 0.00 0.00
97.00 18.00 22.00 48.00 86.00 26.00 38.00 0.09 3.65 0.00 2.00 0.00 5.00 11.00 13.00 7.00 13.00 5.00 0.00 0.00 0.00 0.00 0.00
98.00 13.00 11.00 30.00 58.00 19.00 28.00 0.08 3.60 0.00 2.00 0.00 3.00 6.00 10.00 7.00 10.00 3.00 0.00 0.00 0.00 0.00 0.00
99.00 16.00 18.00 43.00 81.00 25.00 38.00 0.10 4.49 0.00 2.00 0.00 3.00 7.00 13.00 9.00 10.00 6.00 0.00 0.00 0.00 0.00 0.00
100.00 14.00 16.00 40.00 68.00 24.00 28.00 0.08 4.78 0.00 1.00 0.00 3.00 6.00 11.00 8.00 7.00 7.00 0.00 0.00 0.00 0.00 0.00
101.00 15.00 18.00 38.00 67.00 20.00 29.00 0.08 4.72 0.00 1.00 0.00 3.00 8.00 12.00 7.00 11.00 4.00 0.00 0.00 0.00 0.00 0.00
102.00 12.00 11.00 30.00 59.00 19.00 29.00 0.09 4.68 0.00 1.00 0.00 3.00 8.00 9.00 4.00 10.00 2.00 0.00 0.00 0.00 0.00 0.00
103.00 11.00 8.00 26.00 48.00 18.00 22.00 0.08 3.19 0.00 1.00 0.00 4.00 7.00 7.00 4.00 8.00 3.00 0.00 0.00 0.00 0.00 0.00
104.00 12.00 11.00 33.00 57.00 22.00 24.00 0.09 4.72 0.00 1.00 0.00 3.00 6.00 9.00 6.00 10.00 2.00 0.00 0.00 0.00 0.00 0.00
105.00 12.00 8.00 26.00 53.00 18.00 27.00 0.09 4.40 0.00 0.00 0.00 2.00 5.00 10.00 7.00 8.00 4.00 0.00 0.00 0.00 0.00 0.00
106.00 11.00 10.00 28.00 52.00 18.00 24.00 0.09 4.71 0.00 1.00 0.00 5.00 9.00 6.00 2.00 9.00 2.00 0.00 0.00 0.00 0.00 0.00
107.00 16.00 19.00 40.00 70.00 21.00 30.00 0.09 4.67 0.00 2.00 0.00 5.00 7.00 11.00 9.00 13.00 3.00 0.00 0.00 0.00 0.00 0.00
108.00 11.00 10.00 26.00 54.00 16.00 28.00 0.08 3.13 0.00 1.00 0.00 0.00 8.00 11.00 3.00 8.00 3.00 0.00 0.00 0.00 0.00 0.00
109.00 10.00 9.00 23.00 46.00 14.00 23.00 0.07 5.27 0.00 0.00 0.00 5.00 6.00 5.00 4.00 7.00 3.00 0.00 0.00 0.00 0.00 0.00
110.00 14.00 16.00 37.00 64.00 21.00 27.00 0.09 4.59 0.00 1.00 0.00 4.00 8.00 10.00 6.00 9.00 5.00 0.00 0.00 0.00 0.00 0.00
111.00 10.00 8.00 24.00 45.00 16.00 21.00 0.09 1.91 0.00 1.00 0.00 5.00 7.00 5.00 3.00 8.00 2.00 0.00 0.00 0.00 0.00 0.00
112.00 14.00 12.00 30.00 65.00 18.00 35.00 0.08 4.90 0.00 1.00 0.00 3.00 8.00 11.00 6.00 8.00 6.00 0.00 0.00 0.00 0.00 0.00
113.00 15.00 14.00 34.00 72.00 20.00 38.00 0.10 4.68 0.00 1.00 0.00 3.00 9.00 12.00 6.00 9.00 6.00 0.00 0.00 0.00 0.00 0.00
114.00 12.00 4.00 26.00 58.00 22.00 32.00 0.09 5.15 0.00 0.00 0.00 3.00 7.00 9.00 5.00 12.00 0.00 0.00 0.00 0.00 0.00 0.00
115.00 12.00 6.00 25.00 54.00 19.00 29.00 0.08 4.92 0.00 0.00 0.00 4.00 5.00 8.00 7.00 8.00 4.00 0.00 0.00 0.00 0.00 0.00
116.00 13.00 9.00 25.00 61.00 16.00 36.00 0.08 4.43 0.00 0.00 0.00 3.00 6.00 10.00 7.00 7.00 6.00 0.00 0.00 0.00 0.00 0.00
117.00 14.00 13.00 29.00 68.00 16.00 39.00 0.09 4.36 0.00 1.00 0.00 5.00 10.00 9.00 4.00 13.00 1.00 0.00 0.00 0.00 0.00 0.00
118.00 16.00 14.00 35.00 69.00 21.00 34.00 0.08 4.14 0.00 1.00 0.00 6.00 11.00 10.00 5.00 11.00 5.00 0.00 0.00 0.00 0.00 0.00
119.00 14.00 12.00 32.00 65.00 20.00 33.00 0.08 4.49 0.00 0.00 0.00 3.00 8.00 11.00 6.00 9.00 5.00 0.00 0.00 0.00 0.00 0.00
120.00 13.00 12.00 29.00 62.00 17.00 33.00 0.08 4.08 0.00 0.00 0.00 4.00 7.00 9.00 6.00 10.00 3.00 0.00 0.00 0.00 0.00 0.00
121.00 6.00 1.00 5.00 25.00 4.00 20.00 0.10 2.74 0.00 0.00 0.00 2.00 6.00 4.00 0.00 6.00 0.00 0.00 0.00 0.00 0.00 0.00
122.00 12.00 11.00 30.00 57.00 19.00 27.00 0.09 4.45 0.00 0.00 0.00 4.00 5.00 8.00 7.00 9.00 3.00 0.00 0.00 0.00 0.00 0.00
123.00 9.00 5.00 16.00 38.00 11.00 22.00 0.08 3.42 0.00 0.00 0.00 2.00 6.00 7.00 3.00 8.00 1.00 0.00 0.00 1.00 0.00 0.00
124.00 11.00 10.00 27.00 52.00 17.00 25.00 0.08 4.50 0.00 0.00 0.00 2.00 5.00 9.00 6.00 7.00 4.00 0.00 0.00 0.00 0.00 0.00
125.00 5.00 0.00 4.00 19.00 4.00 15.00 0.09 5.08 0.00 0.00 0.00 3.00 4.00 2.00 1.00 5.00 0.00 1.00 0.00 0.00 0.00 0.00
126.00 13.00 12.00 31.00 60.00 19.00 29.00 0.07 4.57 0.00 0.00 0.00 3.00 9.00 10.00 4.00 9.00 4.00 0.00 0.00 0.00 0.00 0.00
127.00 9.00 5.00 17.00 42.00 12.00 25.00 0.08 4.95 0.00 0.00 0.00 3.00 6.00 6.00 3.00 8.00 1.00 0.00 0.00 0.00 0.00 0.00
128.00 12.00 9.00 25.00 53.00 16.00 28.00 0.09 4.81 0.00 1.00 0.00 4.00 7.00 8.00 5.00 9.00 3.00 0.00 0.00 0.00 0.00 0.00
129.00 7.00 2.00 12.00 30.00 10.00 18.00 0.10 5.34 0.00 0.00 0.00 2.00 5.00 5.00 2.00 7.00 0.00 0.00 0.00 0.00 0.00 0.00
130.00 7.00 3.00 12.00 32.00 9.00 20.00 0.07 2.60 0.00 0.00 0.00 2.00 6.00 5.00 1.00 6.00 1.00 0.00 0.00 0.00 0.00 0.00
131.00 10.00 9.00 24.00 46.00 15.00 22.00 0.09 4.13 0.00 0.00 0.00 2.00 5.00 8.00 5.00 7.00 3.00 0.00 0.00 0.00 0.00 0.00
132.00 6.00 1.00 3.00 20.00 2.00 17.00 0.07 3.06 0.00 0.00 0.00 2.00 6.00 4.00 0.00 6.00 0.00 0.00 0.00 0.00 0.00 0.00
133.00 10.00 3.00 14.00 44.00 11.00 30.00 0.09 4.59 0.00 0.00 0.00 3.00 8.00 7.00 2.00 9.00 1.00 0.00 0.00 0.00 0.00 0.00
134.00 10.00 7.00 24.00 47.00 17.00 23.00 0.09 3.35 0.00 0.00 0.00 4.00 5.00 6.00 5.00 8.00 2.00 0.00 0.00 0.00 0.00 0.00
135.00 9.00 7.00 20.00 43.00 13.00 23.00 0.08 3.63 0.00 0.00 0.00 3.00 7.00 6.00 2.00 8.00 1.00 0.00 0.00 0.00 0.00 0.00
136.00 3.00 0.00 0.00 5.00 0.00 5.00 0.09 4.25 0.00 0.00 0.00 2.00 3.00 1.00 0.00 3.00 0.00 0.00 0.00 0.00 0.00 0.00
137.00 4.00 0.00 2.00 3.00 2.00 1.00 0.08 0.11 0.00 0.00 0.00 3.00 3.00 1.00 1.00 4.00 0.00 0.00 0.00 0.00 0.00 0.00
138.00 6.00 2.00 10.00 29.00 8.00 19.00 0.10 3.13 0.00 0.00 0.00 3.00 5.00 3.00 1.00 6.00 0.00 0.00 0.00 0.00 0.00 0.00
139.00 3.00 0.00 0.00 4.00 0.00 4.00 0.09 0.13 0.00 0.00 0.00 2.00 3.00 1.00 0.00 3.00 0.00 0.00 0.00 0.00 0.00 0.00
140.00 3.00 0.00 0.00 7.00 0.00 7.00 0.08 4.64 0.00 0.00 0.00 2.00 3.00 1.00 0.00 3.00 0.00 0.00 0.00 0.00 0.00 0.00
141.00 8.00 3.00 11.00 27.00 8.00 16.00 0.07 3.84 0.00 0.00 0.00 3.00 6.00 5.00 2.00 7.00 1.00 0.00 0.00 0.00 0.00 0.00
142.00 3.00 0.00 0.00 3.00 0.00 3.00 0.09 0.10 0.00 0.00 0.00 2.00 3.00 1.00 0.00 3.00 0.00 0.00 0.00 0.00 0.00 0.00
143.00 2.00 0.00 0.00 2.00 0.00 2.00 0.08 0.28 0.00 0.00 0.00 2.00 2.00 0.00 0.00 2.00 0.00 0.00 0.00 0.00 0.00 0.00
