0.00 2.00 0.00 0.00 2.00 0.00 2.00 0.09 0.31 0.00 0.00 0.00 2.00 2.00 0.00 0.00 2.00 0.00 0.00 0.00 0.00 0.00 0.00
1.00 8.00 0.00 14.00 39.00 14.00 25.00 0.09 4.57 0.00 0.00 0.00 3.00 4.00 5.00 4.00 6.00 2.00 0.00 0.00 0.00 0.00 0.00
2.00 12.00 12.00 32.00 60.00 20.00 28.00 0.10 4.77 0.00 0.00 0.00 4.00 7.00 8.00 5.00 9.00 3.00 0.00 0.00 0.00 0.00 0.00
3.00 8.00 5.00 14.00 40.00 9.00 26.00 0.07 3.89 0.00 1.00 0.00 0.00 3.00 8.00 5.00 4.00 4.00 0.00 0.00 0.00 0.00 0.00
4.00 4.00 1.00 5.00 17.00 4.00 12.00 0.06 3.88 0.00 0.00 0.00 0.00 2.00 4.00 2.00 4.00 0.00 0.00 0.00 0.00 0.00 0.00
5.00 9.00 4.00 17.00 47.00 13.00 30.00 0.07 5.06 0.00 0.00 0.00 1.00 4.00 8.00 5.00 6.00 3.00 0.00 0.00 0.00 0.00 0.00
6.00 12.00 5.00 19.00 50.00 14.00 31.00 0.08 4.42 0.00 0.00 0.00 4.00 7.00 8.00 5.00 8.00 4.00 0.00 0.00 0.00 0.00 0.00
7.00 13.00 9.00 25.00 57.00 16.00 32.00 0.10 4.75 0.00 0.00 0.00 5.00 7.00 8.00 6.00 11.00 2.00 0.00 0.00 0.00 0.00 0.00
8.00 9.00 8.00 18.00 39.00 10.00 21.00 0.09 4.29 0.00 1.00 0.00 1.00 6.00 8.00 3.00 7.00 2.00 0.00 0.00 0.00 0.00 0.00
9.00 8.00 1.00 13.00 34.00 12.00 21.00 0.09 3.75 0.00 0.00 0.00 5.00 5.00 3.00 3.00 8.00 0.00 0.00 0.00 0.00 0.00 0.00
10.00 8.00 3.00 16.00 35.00 13.00 19.00 0.09 4.75 0.00 1.00 0.00 3.00 6.00 5.00 2.00 6.00 2.00 0.00 0.00 0.00 0.00 0.00
11.00 11.00 4.00 14.00 50.00 10.00 36.00 0.09 5.15 0.00 0.00 0.00 1.00 5.00 10.00 6.00 8.00 3.00 0.00 0.00 0.00 0.00 0.00
12.00 11.00 8.00 25.00 52.00 17.00 27.00 0.08 1.98 0.00 1.00 0.00 4.00 7.00 7.00 4.00 8.00 3.00 0.00 0.00 0.00 0.00 0.00
13.00 10.00 7.00 21.00 44.00 14.00 23.00 0.08 3.25 0.00 0.00 0.00 2.00 8.00 8.00 2.00 8.00 2.00 0.00 0.00 0.00 0.00 0.00
14.00 14.00 10.00 27.00 65.00 17.00 38.00 0.09 2.59 0.00 0.00 0.00 7.00 10.00 7.00 4.00 11.00 3.00 0.00 0.00 0.00 0.00 0.00
15.00 11.00 8.00 25.00 50.00 17.00 25.00 0.08 3.04 0.00 0.00 0.00 6.00 9.00 5.00 2.00 10.00 1.00 0.00 0.00 0.00 0.00 0.00
16.00 5.00 0.00 3.00 13.00 3.00 10.00 0.09 3.58 0.00 0.00 0.00 2.00 5.00 3.00 0.00 5.00 0.00 0.00 0.00 0.00 0.00 0.00
17.00 13.00 15.00 32.00 57.00 17.00 25.00 0.09 4.18 0.00 1.00 0.00 6.00 10.00 7.00 3.00 12.00 1.00 0.00 0.00 0.00 0.00 0.00
18.00 11.00 6.00 22.00 52.00 16.00 30.00 0.08 4.12 0.00 1.00 0.00 2.00 7.00 9.00 4.00 10.00 1.00 0.00 0.00 0.00 0.00 0.00
19.00 11.00 6.00 20.00 50.00 14.00 30.00 0.08 4.56 0.00 1.00 0.00 3.00 5.00 8.00 6.00 7.00 4.00 0.00 0.00 0.00 0.00 0.00
20.00 15.00 17.00 42.00 77.00 25.00 35.00 0.08 3.16 0.00 2.00 0.00 2.00 7.00 13.00 8.00 11.00 4.00 0.00 0.00 0.00 0.00 0.00
21.00 10.00 4.00 22.00 45.00 18.00 23.00 0.08 3.26 0.00 1.00 0.00 1.00 4.00 9.00 6.00 7.00 3.00 0.00 0.00 0.00 0.00 0.00
22.00 10.00 6.00 21.00 47.00 15.00 26.00 0.09 3.35 0.00 1.00 0.00 4.00 7.00 6.00 3.00 9.00 1.00 0.00 0.00 0.00 0.00 0.00
23.00 12.00 9.00 27.00 52.00 18.00 25.00 0.08 3.86 0.00 0.00 0.00 7.00 7.00 5.00 5.00 9.00 3.00 0.00 0.00 0.00 0.00 0.00
24.00 10.00 5.00 17.00 44.00 12.00 27.00 0.11 3.40 0.00 1.00 0.00 3.00 6.00 7.00 4.00 6.00 4.00 0.00 0.00 0.00 0.00 0.00
25.00 14.00 9.00 29.00 66.00 20.00 37.00 0.09 1.51 0.00 1.00 0.00 4.00 10.00 10.00 4.00 11.00 3.00 0.00 0.00 0.00 0.00 0.00
26.00 7.00 3.00 12.00 32.00 9.00 20.00 0.09 2.53 0.00 1.00 0.00 2.00 5.00 5.00 2.00 7.00 0.00 0.00 0.00 0.00 0.00 0.00
27.00 12.00 10.00 28.00 55.00 18.00 27.00 0.09 1.98 0.00 1.00 0.00 3.00 6.00 9.00 6.00 7.00 5.00 0.00 0.00 0.00 0.00 0.00
28.00 12.00 14.00 33.00 55.00 19.00 22.00 0.09 0.40 0.00 1.00 0.00 3.00 4.00 9.00 8.00 6.00 6.00 0.00 0.00 0.00 0.00 0.00
29.00 9.00 3.00 15.00 40.00 12.00 25.00 0.08 3.42 0.00 1.00 0.00 6.00 6.00 3.00 3.00 8.00 1.00 0.00 0.00 0.00 0.00 0.00
30.00 14.00 11.00 32.00 62.00 21.00 30.00 0.08 3.47 0.00 1.00 0.00 6.00 9.00 8.00 5.00 13.00 1.00 0.00 0.00 0.00 0.00 0.00
31.00 12.00 8.00 24.00 60.00 16.00 36.00 0.09 3.62 0.00 1.00 0.00 3.00 7.00 9.00 5.00 9.00 3.00 0.00 0.00 0.00 0.00 0.00
32.00 12.00 4.00 22.00 58.00 18.00 36.00 0.08 4.36 0.00 0.00 0.00 4.00 5.00 8.00 7.00 8.00 4.00 0.00 0.00 0.00 0.00 0.00
33.00 15.00 8.00 33.00 73.00 25.00 40.00 0.10 4.51 0.00 1.00 0.00 4.00 9.00 11.00 6.00 10.00 5.00 0.00 0.00 0.00 0.00 0.00
34.00 16.00 10.00 35.00 72.00 25.00 37.00 0.09 4.27 0.00 1.00 0.00 5.00 10.00 11.00 6.00 11.00 5.00 0.00 0.00 0.00 0.00 0.00
35.00 15.00 12.00 36.00 66.00 24.00 30.00 0.09 2.35 0.00 1.00 0.00 5.00 10.00 10.00 5.00 12.00 3.00 0.00 0.00 0.00 0.00 0.00
36.00 16.00 13.00 41.00 78.00 28.00 37.00 0.09 3.13 0.00 1.00 0.00 6.00 11.00 10.00 5.00 12.00 4.00 0.00 0.00 0.00 1.00 0.00
37.00 11.00 7.00 21.00 52.00 14.00 31.00 0.10 3.01 0.00 0.00 0.00 3.00 8.00 8.00 3.00 9.00 2.00 0.00 0.00 0.00 0.00 0.00
38.00 9.00 5.00 18.00 44.00 13.00 26.00 0.09 0.28 0.00 1.00 0.00 3.00 5.00 6.00 4.00 7.00 2.00 0.00 0.00 0.00 0.00 0.00
39.00 10.00 10.00 23.00 46.00 13.00 23.00 0.09 4.12 0.00 2.00 0.00 3.00 7.00 7.00 3.00 9.00 1.00 0.00 0.00 0.00 0.00 0.00
40.00 12.00 12.00 30.00 56.00 18.00 26.00 0.08 2.93 0.00 0.00 0.00 4.00 8.00 8.00 4.00 11.00 1.00 0.00 0.00 0.00 0.00 0.00
41.00 14.00 14.00 34.00 65.00 20.00 31.00 0.09 4.10 0.00 1.00 0.00 3.00 9.00 11.00 5.00 11.00 3.00 0.00 0.00 0.00 0.00 0.00
42.00 14.00 12.00 33.00 64.00 21.00 31.00 0.08 4.14 0.00 1.00 0.00 3.00 6.00 11.00 8.00 9.00 5.00 0.00 0.00 0.00 0.00 0.00
43.00 14.00 7.00 33.00 68.00 26.00 35.00 0.08 3.99 0.00 1.00 0.00 6.00 10.00 8.00 4.00 14.00 0.00 0.00 0.00 0.00 0.00 0.00
44.00 14.00 14.00 33.00 66.00 19.00 33.00 0.09 4.88 0.00 1.00 0.00 4.00 11.00 10.00 3.00 13.00 1.00 0.00 0.00 0.00 0.00 0.00
45.00 10.00 7.00 25.00 50.00 18.00 25.00 0.08 5.01 0.00 1.00 0.00 4.00 8.00 6.00 2.00 9.00 1.00 0.00 0.00 0.00 0.00 0.00
46.00 12.00 15.00 30.00 61.00 15.00 31.00 0.08 4.52 0.00 1.00 0.00 1.00 4.00 11.00 8.00 10.00 2.00 0.00 0.00 0.00 0.00 0.00
47.00 12.00 11.00 29.00 59.00 18.00 30.00 0.10 4.98 0.00 1.00 0.00 4.00 7.00 8.00 5.00 7.00 5.00 0.00 0.00 0.00 0.00 0.00
48.00 17.00 17.00 45.00 86.00 28.00 41.00 0.08 4.76 0.00 0.00 0.00 6.00 10.00 11.00 7.00 11.00 6.00 0.00 0.00 0.00 0.00 0.00
49.00 10.00 5.00 19.00 48.00 14.00 29.00 0.08 4.65 0.00 1.00 0.00 5.00 7.00 5.00 3.00 9.00 1.00 0.00 0.00 0.00 0.00 0.00
50.00 20.00 21.00 48.00 94.00 27.00 46.00 0.08 4.90 0.00 1.00 0.00 3.00 9.00 17.00 11.00 14.00 6.00 0.00 0.00 0.00 0.00 0.00
51.00 19.00 22.00 54.00 95.00 32.00 41.00 0.08 5.29 0.00 2.00 0.00 4.00 10.00 15.00 9.00 13.00 6.00 0.00 0.00 0.00 0.00 0.00
52.00 18.00 18.00 41.00 83.00 23.00 42.00 0.09 4.76 0.00 3.00 0.00 6.00 8.00 12.00 10.00 12.00 6.00 0.00 0.00 0.00 0.00 0.00
53.00 21.00 25.00 51.00 104.00 26.00 53.00 0.08 5.01 0.00 2.00 0.00 6.00 13.00 15.00 8.00 18.00 3.00 0.00 0.00 0.00 0.00 0.00
54.00 21.00 17.00 54.00 98.00 37.00 44.00 0.08 4.80 0.00 2.00 0.00 5.00 9.00 16.00 12.00 15.00 6.00 0.00 0.00 0.00 0.00 0.00
55.00 21.00 23.00 52.00 101.00 29.00 49.00 0.09 5.24 0.00 1.00 0.00 7.00 13.00 14.00 8.00 16.00 5.00 0.00 0.00 0.00 0.00 0.00
56.00 22.00 23.00 60.00 104.00 37.00 44.00 0.08 4.99 0.00 0.00 0.00 4.00 6.00 18.00 16.00 12.00 10.00 0.00 0.00 0.00 0.00 0.00
57.00 17.00 18.00 44.00 79.00 26.00 35.00 0.08 5.17 0.00 1.00 0.00 6.00 12.00 11.00 5.00 14.00 3.00 0.00 0.00 0.00 0.00 0.00
58.00 15.00 14.00 38.00 73.00 24.00 35.00 0.09 2.82 0.00 2.00 0.00 3.00 8.00 12.00 7.00 12.00 3.00 0.00 0.00 0.00 0.00 0.00
59.00 18.00 16.00 37.00 87.00 21.00 50.00 0.07 4.98 0.00 1.00 0.00 6.00 8.00 12.00 10.00 12.00 6.00 0.00 0.00 0.00 0.00 0.00
60.00 23.00 26.00 58.00 114.00 32.00 56.00 0.09 4.20 0.00 1.00 0.00 6.00 11.00 17.00 12.00 15.00 8.00 0.00 0.00 0.00 0.00 0.00
61.00 18.00 14.00 40.00 87.00 26.00 47.00 0.07 4.78 0.00 1.00 0.00 7.00 9.00 11.00 9.00 11.00 7.00 0.00 0.00 0.00 0.00 0.00
62.00 20.00 22.00 55.00 101.00 33.00 46.00 0.08 4.36 0.00 1.00 0.00 4.00 6.00 16.00 14.00 11.00 9.00 0.00 0.00 0.00 0.00 0.00
63.00 21.00 19.00 53.00 105.00 34.00 52.00 0.08 4.25 0.00 1.00 0.00 8.00 13.00 13.00 8.00 19.00 2.00 0.00 0.00 0.00 0.00 0.00
64.00 15.00 12.00 28.00 61.00 16.00 33.00 0.07 5.62 0.00 1.00 0.00 3.00 6.00 12.00 9.00 10.00 5.00 0.00 0.00 0.00 0.00 0.00
65.00 12.00 3.00 23.00 59.00 20.00 36.00 0.09 3.78 0.00 1.00 0.00 4.00 6.00 8.00 6.00 12.00 0.00 0.00 0.00 0.00 0.00 0.00
66.00 18.00 13.00 40.00 87.00 27.00 47.00 0.09 4.76 0.00 1.00 0.00 8.00 12.00 10.00 6.00 16.00 2.00 0.00 0.00 0.00 0.00 0.00
67.00 24.00 23.00 63.00 120.00 40.00 57.00 0.08 4.80 0.00 1.00 0.00 7.00 15.00 17.00 9.00 20.00 4.00 0.00 0.00 0.00 1.00 0.00
68.00 16.00 12.00 35.00 79.00 23.00 44.00 0.09 4.45 0.00 1.00 0.00 6.00 7.00 10.00 9.00 10.00 6.00 0.00 0.00 0.00 0.00 0.00
69.00 22.00 28.00 63.00 109.00 35.00 46.00 0.07 4.67 0.00 1.00 0.00 5.00 8.00 17.00 14.00 10.00 12.00 0.00 0.00 0.00 1.00 0.00
70.00 23.00 26.00 66.00 121.00 40.00 55.00 0.08 4.37 0.00 1.00 0.00 3.00 9.00 20.00 14.00 12.00 11.00 0.00 0.00 0.00 2.00 0.00
71.00 21.00 23.00 55.00 108.00 32.00 53.00 0.09 4.69 0.00 1.00 0.00 7.00 11.00 14.00 10.00 14.00 7.00 0.00 0.00 0.00 1.00 0.00
72.00 22.00 29.00 63.00 112.00 34.00 49.00 0.08 4.71 0.00 1.00 0.00 3.00 9.00 19.00 13.00 13.00 9.00 0.00 0.00 0.00 2.00 0.00
73.00 23.00 21.00 63.00 121.00 42.00 58.00 0.10 4.72 0.00 1.00 0.00 6.00 11.00 17.00 12.00 15.00 8.00 0.00 0.00 1.00 1.00 0.00
74.00 23.00 25.00 64.00 118.00 39.00 54.00 0.09 4.82 0.00 1.00 0.00 6.00 11.00 17.00 12.00 15.00 8.00 0.00 0.00 0.00 0.00 0.00
75.00 22.00 27.00 58.00 113.00 31.00 55.00 0.07 4.75 0.00 1.00 0.00 8.00 10.00 14.00 12.00 16.00 6.00 0.00 0.00 0.00 0.00 0.00
76.00 21.00 20.00 50.00 99.00 30.00 49.00 0.08 4.83 0.00 1.00 0.00 10.00 15.00 11.00 6.00 18.00 3.00 0.00 0.00 1.00 0.00 0.00
77.00 26.00 29.00 68.00 126.00 39.00 58.00 0.08 4.70 0.00 3.00 0.00 7.00 14.00 19.00 12.00 17.00 9.00 0.00 0.00 0.00 0.00 0.00
78.00 29.00 30.00 80.00 149.00 50.00 69.00 0.09 4.40 0.00 3.00 0.00 6.00 12.00 23.00 17.00 22.00 7.00 0.00 0.00 0.00 0.00 0.00
79.00 24.00 28.00 64.00 124.00 36.00 60.00 0.07 4.53 1.00 2.00 0.50 4.00 12.00 20.00 12.00 13.00 11.00 0.00 0.00 0.00 0.00 0.00
80.00 22.00 22.00 53.00 113.00 31.00 60.00 0.07 4.36 0.00 1.00 0.00 6.00 10.00 16.00 12.00 13.00 9.00 0.00 0.00 0.00 0.00 0.00
81.00 29.00 37.00 86.00 145.00 49.00 59.00 0.08 4.11 0.00 4.00 0.00 7.00 12.00 22.00 17.00 17.00 12.00 0.00 0.00 0.00 0.00 0.00
82.00 24.00 23.00 60.00 122.00 37.00 62.00 0.09 4.49 1.00 3.00 0.33 8.00 13.00 16.00 11.00 14.00 10.00 0.00 0.00 0.00 0.00 0.00
83.00 17.00 16.00 43.00 83.00 27.00 40.00 0.07 1.48 0.00 1.00 0.00 4.00 8.00 13.00 9.00 12.00 5.00 0.00 0.00 0.00 0.00 0.00
84.00 23.00 27.00 61.00 112.00 34.00 51.00 0.09 4.45 1.00 2.00 0.50 7.00 13.00 16.00 10.00 18.00 5.00 0.00 0.00 0.00 0.00 0.00
85.00 28.00 37.00 79.00 140.00 42.00 61.00 0.08 3.59 2.00 2.00 1.00 10.00 16.00 18.00 12.00 18.00 10.00 0.00 0.00 0.00 0.00 0.00
86.00 26.00 31.00 76.00 131.00 45.00 55.00 0.09 3.87 1.00 3.00 0.33 5.00 13.00 21.00 13.00 19.00 7.00 0.00 0.00 0.00 0.00 0.00
87.00 30.00 44.00 87.00 147.00 43.00 60.00 0.08 4.51 1.00 2.00 0.50 5.00 14.00 25.00 16.00 17.00 13.00 0.00 0.00 0.00 0.00 0.00
88.00 28.00 35.00 80.00 141.00 45.00 61.00 0.08 4.25 2.00 2.00 1.00 6.00 12.00 22.00 16.00 14.00 14.00 0.00 0.00 0.00 0.00 0.00
89.00 27.00 34.00 72.00 136.00 38.00 64.00 0.08 4.47 0.00 1.00 0.00 6.00 16.00 21.00 11.00 17.00 10.00 0.00 0.00 0.00 0.00 0.00
90.00 27.00 26.00 71.00 142.00 45.00 71.00 0.08 4.27 1.00 2.00 0.50 8.00 12.00 19.00 15.00 14.00 13.00 0.00 0.00 0.00 0.00 0.00
91.00 29.00 28.00 77.00 142.00 49.00 65.00 0.09 4.24 2.00 2.00 1.00 5.00 14.00 24.00 15.00 17.00 12.00 0.00 0.00 1.00 0.00 0.00
92.00 37.00 40.00 100.00 174.00 60.00 74.00 0.07 4.29 1.00 1.00 1.00 11.00 16.00 26.00 21.00 24.00 13.00 0.00 0.00 1.00 0.00 0.00
93.00 30.00 38.00 88.00 151.00 50.00 63.00 0.09 4.36 2.00 0.00 0.00 7.00 15.00 23.00 15.00 22.00 8.00 0.00 0.00 1.00 0.00 0.00
94.00 25.00 28.00 68.00 124.00 40.00 56.00 0.10 4.91 1.00 1.00 1.00 9.00 13.00 16.00 12.00 17.00 8.00 0.00 0.00 0.00 0.00 0.00
95.00 27.00 29.00 78.00 137.00 49.00 59.00 0.08 4.42 0.00 2.00 0.00 7.00 14.00 20.00 13.00 17.00 10.00 0.00 0.00 0.00 0.00 0.00
96.00 28.00 29.00 79.00 141.00 50.00 62.00 0.08 4.34 0.00 1.00 0.00 6.00 10.00 22.00 18.00 17.00 11.00 0.00 0.00 0.00 0.00 0.00
97.00 27.00 31.00 73.00 130.00 42.00 57.00 0.10 4.55 0.00 2.00 0.00 4.00 7.00 23.00 20.00 20.00 7.00 0.00 0.00 1.00 0.00 0.00
98.00 22.00 22.00 56.00 116.00 34.00 60.00 0.06 4.11 0.00 3.00 0.00 4.00 7.00 18.00 15.00 12.00 10.00 0.00 0.00 0.00 0.00 0.00
99.00 25.00 23.00 57.00 121.00 34.00 64.00 0.08 4.60 0.00 2.00 0.00 10.00 15.00 15.00 10.00 19.00 6.00 0.00 0.00 0.00 0.00 0.00
100.00 23.00 24.00 59.00 112.00 35.00 53.00 0.07 4.29 0.00 1.00 0.00 8.00 12.00 15.00 11.00 15.00 8.00 0.00 0.00 0.00 0.00 0.00
101.00 22.00 24.00 57.00 98.00 33.00 41.00 0.08 4.42 0.00 3.00 0.00 6.00 10.00 16.00 12.00 15.00 7.00 0.00 0.00 0.00 0.00 0.00
102.00 20.00 22.00 51.00 102.00 29.00 51.00 0.09 4.18 0.00 2.00 0.00 9.00 14.00 11.00 6.00 17.00 3.00 0.00 0.00 0.00 0.00 0.00
103.00 18.00 16.00 43.00 90.00 27.00 47.00 0.08 2.15 0.00 1.00 0.00 8.00 12.00 10.00 6.00 13.00 5.00 0.00 0.00 0.00 0.00 0.00
104.00 16.00 11.00 34.00 76.00 23.00 42.00 0.09 4.21 0.00 1.00 0.00 4.00 7.00 12.00 9.00 13.00 3.00 0.00 0.00 0.00 0.00 0.00
105.00 14.00 13.00 33.00 65.00 20.00 32.00 0.09 2.59 0.00 0.00 0.00 3.00 7.00 11.00 7.00 8.00 6.00 0.00 0.00 0.00 0.00 0.00
106.00 21.00 23.00 55.00 99.00 32.00 44.00 0.09 4.78 0.00 0.00 0.00 5.00 11.00 16.00 10.00 16.00 5.00 0.00 0.00 0.00 0.00 0.00
107.00 11.00 6.00 21.00 56.00 15.00 35.00 0.08 3.14 0.00 0.00 0.00 3.00 6.00 8.00 5.00 6.00 5.00 0.00 0.00 0.00 0.00 0.00
108.00 11.00 10.00 25.00 50.00 15.00 25.00 0.09 4.79 0.00 0.00 0.00 4.00 6.00 7.00 5.00 9.00 2.00 0.00 0.00 0.00 0.00 0.00
109.00 21.00 22.00 59.00 100.00 37.00 41.00 0.09 4.46 0.00 0.00 0.00 6.00 13.00 15.00 8.00 15.00 6.00 0.00 0.00 0.00 0.00 0.00
110.00 16.00 15.00 40.00 73.00 25.00 33.00 0.10 4.60 0.00 1.00 0.00 6.00 11.00 10.00 5.00 12.00 4.00 0.00 0.00 0.00 0.00 0.00
111.00 16.00 9.00 31.00 66.00 22.00 35.00 0.09 4.66 0.00 0.00 0.00 6.00 9.00 10.00 7.00 13.00 3.00 0.00 0.00 0.00 0.00 0.00
112.00 17.00 16.00 38.00 79.00 22.00 41.00 0.08 3.88 0.00 0.00 0.00 5.00 10.00 12.00 7.00 12.00 5.00 0.00 0.00 0.00 0.00 0.00
113.00 17.00 22.00 49.00 83.00 27.00 34.00 0.09 4.20 0.00 0.00 0.00 6.00 10.00 11.00 7.00 12.00 5.00 0.00 0.00 0.00 0.00 0.00
114.00 19.00 13.00 38.00 88.00 25.00 50.00 0.09 5.19 0.00 1.00 0.00 6.00 8.00 13.00 11.00 11.00 8.00 0.00 0.00 0.00 0.00 0.00
115.00 16.00 18.00 43.00 76.00 25.00 33.00 0.08 5.04 0.00 3.00 0.00 3.00 9.00 13.00 7.00 11.00 5.00 0.00 0.00 0.00 0.00 0.00
116.00 14.00 14.00 35.00 68.00 21.00 33.00 0.09 4.38 0.00 1.00 0.00 3.00 5.00 11.00 9.00 6.00 8.00 0.00 0.00 0.00 0.00 0.00
117.00 14.00 13.00 32.00 63.00 19.00 31.00 0.09 4.16 0.00 0.00 0.00 5.00 8.00 9.00 6.00 11.00 3.00 0.00 0.00 0.00 0.00 0.00
118.00 6.00 3.00 10.00 25.00 7.00 15.00 0.08 0.33 0.00 0.00 0.00 2.00 4.00 4.00 2.00 4.00 2.00 0.00 0.00 0.00 0.00 0.00
119.00 14.00 8.00 27.00 64.00 19.00 37.00 0.10 4.53 0.00 0.00 0.00 4.00 7.00 10.00 7.00 8.00 6.00 0.00 0.00 0.00 0.00 0.00
120.00 7.00 5.00 15.00 33.00 10.00 18.00 0.08 4.28 0.00 0.00 0.00 1.00 4.00 6.00 3.00 5.00 2.00 0.00 0.00 0.00 0.00 0.00
121.00 13.00 3.00 22.00 59.00 19.00 37.00 0.09 4.78 0.00 0.00 0.00 4.00 9.00 9.00 4.00 11.00 2.00 0.00 0.00 0.00 0.00 0.00
122.00 7.00 1.00 9.00 31.00 8.00 22.00 0.08 4.40 0.00 1.00 0.00 2.00 4.00 5.00 3.00 6.00 1.00 0.00 0.00 0.00 0.00 0.00
123.00 12.00 5.00 24.00 51.00 19.00 27.00 0.08 4.63 0.00 0.00 0.00 2.00 7.00 10.00 5.00 10.00 2.00 0.00 0.00 0.00 0.00 0.00
124.00 15.00 15.00 34.00 67.00 19.00 33.00 0.07 3.14 0.00 1.00 0.00 6.00 9.00 9.00 6.00 11.00 4.00 0.00 0.00 0.00 0.00 0.00
125.00 7.00 2.00 8.00 29.00 6.00 21.00 0.09 4.28 0.00 1.00 0.00 4.00 4.00 3.00 3.00 6.00 1.00 0.00 0.00 0.00 0.00 0.00
126.00 9.00 6.00 19.00 40.00 13.00 21.00 0.10 5.06 0.00 1.00 0.00 3.00 4.00 6.00 5.00 6.00 3.00 0.00 0.00 0.00 0.00 0.00
127.00 7.00 2.00 11.00 31.00 9.00 20.00 0.08 0.33 0.00 0.00 0.00 4.00 6.00 3.00 1.00 6.00 1.00 0.00 0.00 0.00 0.00 0.00
128.00 6.00 1.00 9.00 28.00 8.00 19.00 0.08 4.29 0.00 0.00 0.00 3.00 5.00 3.00 1.00 6.00 0.00 0.00 0.00 0.00 0.00 0.00
129.00 2.00 0.00 0.00 5.00 0.00 5.00 0.10 4.78 0.00 0.00 0.00 2.00 2.00 0.00 0.00 2.00 0.00 0.00 0.00 0.00 0.00 0.00
