0.00 2.00 0.00 0.00 5.00 0.00 5.00 0.08 0.11 0.00 0.00 0.00 2.00 2.00 0.00 0.00 2.00 0.00 0.00 0.00 0.00 0.00 0.00
1.00 3.00 0.00 2.00 10.00 2.00 8.00 0.08 0.15 0.00 0.00 0.00 2.00 3.00 1.00 0.00 3.00 0.00 0.00 0.00 0.00 0.00 0.00
2.00 8.00 3.00 16.00 37.00 13.00 21.00 0.07 0.38 0.00 0.00 0.00 2.00 2.00 6.00 6.00 5.00 3.00 0.00 0.00 0.00 0.00 0.00
3.00 9.00 5.00 19.00 39.00 14.00 20.00 0.09 1.96 0.00 0.00 0.00 4.00 6.00 5.00 3.00 8.00 1.00 0.00 0.00 0.00 0.00 0.00
4.00 13.00 4.00 23.00 62.00 19.00 39.00 0.09 4.58 0.00 0.00 0.00 4.00 7.00 9.00 6.00 12.00 1.00 0.00 0.00 0.00 0.00 0.00
5.00 16.00 9.00 30.00 75.00 21.00 45.00 0.10 3.47 0.00 0.00 0.00 5.00 8.00 11.00 8.00 12.00 4.00 0.00 0.00 0.00 0.00 0.00
6.00 14.00 12.00 33.00 70.00 21.00 37.00 0.08 4.20 0.00 0.00 0.00 5.00 8.00 9.00 6.00 10.00 4.00 0.00 0.00 0.00 0.00 0.00
7.00 6.00 3.00 10.00 26.00 7.00 16.00 0.10 0.27 0.00 0.00 0.00 3.00 5.00 3.00 1.00 6.00 0.00 0.00 0.00 0.00 0.00 0.00
8.00 16.00 15.00 39.00 80.00 24.00 41.00 0.08 4.10 0.00 0.00 0.00 5.00 11.00 11.00 5.00 14.00 2.00 0.00 0.00 0.00 0.00 0.00
9.00 21.00 15.00 44.00 92.00 29.00 48.00 0.08 4.26 0.00 0.00 0.00 8.00 12.00 13.00 9.00 16.00 5.00 0.00 0.00 0.00 1.00 0.00
10.00 17.00 14.00 40.00 88.00 26.00 48.00 0.09 3.56 0.00 0.00 0.00 1.00 5.00 16.00 12.00 11.00 6.00 0.00 0.00 0.00 0.00 0.00
11.00 22.00 20.00 52.00 104.00 32.00 52.00 0.08 4.63 0.00 0.00 0.00 4.00 7.00 18.00 15.00 17.00 5.00 0.00 0.00 0.00 0.00 0.00
12.00 17.00 8.00 35.00 85.00 27.00 50.00 0.10 4.29 0.00 0.00 0.00 6.00 9.00 11.00 8.00 15.00 2.00 0.00 0.00 1.00 0.00 0.00
13.00 18.00 18.00 48.00 91.00 30.00 43.00 0.09 4.62 0.00 0.00 0.00 4.00 7.00 14.00 11.00 9.00 9.00 0.00 0.00 1.00 0.00 0.00
14.00 18.00 15.00 42.00 91.00 27.00 49.00 0.10 3.34 0.00 0.00 0.00 4.00 8.00 14.00 10.00 11.00 7.00 0.00 0.00 0.00 0.00 0.00
15.00 17.00 12.00 34.00 87.00 22.00 53.00 0.08 3.92 0.00 2.00 0.00 3.00 9.00 14.00 8.00 14.00 3.00 0.00 0.00 0.00 0.00 0.00
16.00 15.00 11.00 35.00 74.00 24.00 39.00 0.08 3.29 0.00 1.00 0.00 5.00 9.00 10.00 6.00 13.00 2.00 0.00 0.00 0.00 0.00 0.00
17.00 21.00 23.00 60.00 108.00 37.00 48.00 0.09 4.49 2.00 1.00 2.00 7.00 9.00 14.00 12.00 11.00 10.00 0.00 0.00 0.00 0.00 0.00
18.00 33.00 31.00 86.00 172.00 55.00 86.00 0.08 4.71 1.00 1.00 1.00 9.00 15.00 24.00 18.00 25.00 8.00 0.00 0.00 0.00 0.00 0.00
19.00 25.00 23.00 71.00 129.00 48.00 58.00 0.08 4.55 2.00 1.00 2.00 7.00 9.00 18.00 16.00 11.00 14.00 0.00 0.00 0.00 0.00 0.00
20.00 26.00 26.00 71.00 137.00 45.00 66.00 0.09 4.14 1.00 2.00 0.50 7.00 12.00 19.00 14.00 16.00 10.00 0.00 0.00 1.00 0.00 0.00
21.00 26.00 23.00 57.00 120.00 34.00 63.00 0.09 4.21 2.00 2.00 1.00 5.00 13.00 21.00 13.00 19.00 7.00 0.00 0.00 0.00 0.00 0.00
22.00 31.00 38.00 84.00 157.00 46.00 73.00 0.08 4.58 1.00 3.00 0.33 10.00 15.00 21.00 16.00 19.00 12.00 0.00 0.00 0.00 0.00 0.00
23.00 27.00 31.00 79.00 136.00 48.00 57.00 0.07 4.51 1.00 3.00 0.33 6.00 12.00 21.00 15.00 18.00 9.00 0.00 0.00 0.00 0.00 0.00
24.00 38.00 44.00 110.00 189.00 66.00 79.00 0.10 4.67 1.00 1.00 1.00 12.00 22.00 26.00 16.00 25.00 13.00 0.00 0.00 0.00 0.00 0.00
25.00 28.00 33.00 78.00 141.00 45.00 63.00 0.08 4.49 0.00 2.00 0.00 7.00 13.00 21.00 15.00 20.00 8.00 0.00 0.00 0.00 1.00 0.00
26.00 29.00 25.00 65.00 135.00 40.00 70.00 0.09 4.96 1.00 3.00 0.33 4.00 9.00 25.00 20.00 17.00 12.00 0.00 0.00 0.00 0.00 0.00
27.00 28.00 42.00 84.00 139.00 42.00 55.00 0.09 4.55 1.00 3.00 0.33 7.00 15.00 21.00 13.00 20.00 8.00 0.00 0.00 0.00 0.00 0.00
28.00 22.00 27.00 62.00 110.00 35.00 48.00 0.11 4.72 0.00 3.00 0.00 4.00 9.00 18.00 13.00 10.00 12.00 0.00 0.00 0.00 0.00 0.00
29.00 21.00 25.00 56.00 97.00 31.00 41.00 0.08 3.93 0.00 3.00 0.00 5.00 13.00 16.00 8.00 15.00 6.00 0.00 0.00 0.00 0.00 0.00
30.00 17.00 17.00 42.00 77.00 25.00 35.00 0.09 4.94 0.00 4.00 0.00 4.00 8.00 13.00 9.00 15.00 2.00 0.00 0.00 0.00 0.00 0.00
31.00 27.00 29.00 73.00 125.00 44.00 52.00 0.09 4.41 0.00 3.00 0.00 7.00 18.00 20.00 9.00 20.00 7.00 0.00 0.00 0.00 0.00 0.00
32.00 26.00 44.00 79.00 127.00 35.00 48.00 0.07 4.40 0.00 1.00 0.00 7.00 14.00 19.00 12.00 19.00 7.00 0.00 0.00 0.00 0.00 0.00
33.00 22.00 15.00 58.00 107.00 43.00 49.00 0.08 4.55 0.00 1.00 0.00 7.00 10.00 15.00 12.00 13.00 9.00 0.00 0.00 0.00 0.00 0.00
34.00 19.00 27.00 55.00 96.00 28.00 41.00 0.08 4.59 0.00 1.00 0.00 3.00 10.00 16.00 9.00 11.00 8.00 0.00 0.00 0.00 0.00 0.00
35.00 18.00 20.00 47.00 91.00 27.00 44.00 0.08 2.71 0.00 2.00 0.00 6.00 6.00 12.00 12.00 12.00 6.00 0.00 0.00 0.00 0.00 0.00
36.00 19.00 26.00 54.00 99.00 28.00 45.00 0.08 4.23 0.00 3.00 0.00 4.00 8.00 15.00 11.00 11.00 8.00 0.00 0.00 0.00 0.00 0.00
37.00 12.00 4.00 17.00 51.00 13.00 34.00 0.07 4.97 0.00 1.00 0.00 5.00 6.00 7.00 6.00 9.00 3.00 0.00 0.00 1.00 0.00 0.00
38.00 17.00 17.00 45.00 85.00 28.00 40.00 0.09 4.67 0.00 1.00 0.00 3.00 5.00 14.00 12.00 8.00 9.00 0.00 0.00 1.00 0.00 0.00
39.00 19.00 18.00 42.00 80.00 24.00 38.00 0.09 4.32 0.00 1.00 0.00 5.00 11.00 14.00 8.00 15.00 4.00 0.00 0.00 1.00 0.00 0.00
40.00 17.00 14.00 39.00 77.00 25.00 38.00 0.08 2.56 0.00 1.00 0.00 3.00 7.00 14.00 10.00 10.00 7.00 0.00 0.00 0.00 0.00 0.00
41.00 15.00 11.00 35.00 76.00 24.00 41.00 0.07 4.59 0.00 1.00 0.00 6.00 10.00 9.00 5.00 12.00 3.00 0.00 0.00 0.00 0.00 0.00
42.00 17.00 19.00 42.00 81.00 23.00 39.00 0.10 4.52 0.00 2.00 0.00 3.00 8.00 14.00 9.00 12.00 5.00 0.00 0.00 0.00 0.00 0.00
43.00 13.00 7.00 24.00 57.00 17.00 33.00 0.09 4.20 0.00 2.00 0.00 5.00 7.00 8.00 6.00 10.00 3.00 0.00 0.00 0.00 0.00 0.00
44.00 14.00 9.00 30.00 69.00 21.00 39.00 0.09 4.15 0.00 1.00 0.00 4.00 8.00 10.00 6.00 11.00 3.00 0.00 0.00 0.00 0.00 0.00
45.00 17.00 14.00 43.00 83.00 29.00 40.00 0.07 3.04 0.00 1.00 0.00 3.00 7.00 14.00 10.00 11.00 6.00 0.00 0.00 0.00 0.00 0.00
46.00 16.00 15.00 42.00 81.00 27.00 39.00 0.07 2.55 0.00 1.00 0.00 3.00 9.00 13.00 7.00 12.00 4.00 0.00 0.00 0.00 0.00 0.00
47.00 20.00 23.00 52.00 93.00 29.00 41.00 0.08 3.91 0.00 1.00 0.00 4.00 12.00 16.00 8.00 16.00 4.00 0.00 0.00 0.00 0.00 0.00
48.00 15.00 12.00 32.00 74.00 20.00 42.00 0.08 1.53 0.00 1.00 0.00 7.00 10.00 8.00 5.00 13.00 2.00 0.00 0.00 0.00 0.00 0.00
49.00 20.00 23.00 45.00 91.00 22.00 46.00 0.09 2.26 0.00 1.00 0.00 6.00 12.00 14.00 8.00 15.00 5.00 0.00 0.00 0.00 0.00 0.00
50.00 8.00 3.00 15.00 41.00 12.00 26.00 0.09 0.34 0.00 1.00 0.00 3.00 4.00 5.00 4.00 6.00 2.00 0.00 0.00 0.00 0.00 0.00
51.00 13.00 11.00 30.00 63.00 19.00 33.00 0.08 0.47 0.00 0.00 0.00 3.00 7.00 10.00 6.00 8.00 5.00 0.00 0.00 0.00 0.00 0.00
52.00 12.00 9.00 26.00 54.00 17.00 28.00 0.09 2.90 0.00 1.00 0.00 2.00 6.00 10.00 6.00 8.00 4.00 0.00 0.00 0.00 0.00 0.00
53.00 14.00 10.00 28.00 61.00 18.00 33.00 0.09 0.56 0.00 0.00 0.00 6.00 10.00 8.00 4.00 14.00 0.00 0.00 0.00 0.00 0.00 0.00
54.00 12.00 10.00 26.00 50.00 16.00 24.00 0.08 0.37 0.00 0.00 0.00 4.00 7.00 8.00 5.00 10.00 2.00 0.00 0.00 0.00 0.00 0.00
55.00 8.00 2.00 8.00 35.00 6.00 27.00 0.09 3.73 0.00 0.00 0.00 4.00 6.00 4.00 2.00 7.00 1.00 0.00 0.00 0.00 0.00 0.00
56.00 12.00 5.00 21.00 52.00 16.00 31.00 0.08 3.54 0.00 0.00 0.00 5.00 8.00 7.00 4.00 10.00 2.00 0.00 0.00 0.00 0.00 0.00
57.00 11.00 1.00 17.00 49.00 16.00 32.00 0.08 3.83 0.00 0.00 0.00 3.00 6.00 8.00 5.00 8.00 3.00 0.00 0.00 0.00 0.00 0.00
58.00 11.00 6.00 24.00 53.00 18.00 29.00 0.08 3.12 0.00 0.00 0.00 3.00 7.00 8.00 4.00 8.00 3.00 0.00 0.00 0.00 0.00 0.00
59.00 9.00 6.00 16.00 38.00 10.00 22.00 0.09 3.97 0.00 0.00 0.00 3.00 4.00 6.00 5.00 5.00 4.00 0.00 0.00 0.00 0.00 0.00
60.00 8.00 5.00 13.00 37.00 8.00 24.00 0.08 2.26 0.00 0.00 0.00 3.00 7.00 5.00 1.00 8.00 0.00 0.00 0.00 1.00 0.00 0.00
61.00 6.00 2.00 10.00 27.00 8.00 17.00 0.07 0.28 0.00 0.00 0.00 2.00 5.00 4.00 1.00 5.00 1.00 0.00 0.00 0.00 0.00 0.00
62.00 14.00 11.00 30.00 71.00 19.00 41.00 0.10 2.72 0.00 0.00 0.00 5.00 10.00 9.00 4.00 12.00 2.00 0.00 0.00 0.00 0.00 0.00
63.00 10.00 7.00 22.00 46.00 15.00 24.00 0.07 1.94 0.00 0.00 0.00 2.00 5.00 8.00 5.00 6.00 4.00 0.00 0.00 0.00 0.00 0.00
64.00 7.00 4.00 14.00 33.00 10.00 19.00 0.07 2.61 0.00 0.00 0.00 2.00 4.00 5.00 3.00 6.00 1.00 0.00 0.00 0.00 0.00 0.00
65.00 6.00 2.00 10.00 28.00 8.00 18.00 0.08 4.46 0.00 0.00 0.00 2.00 4.00 4.00 2.00 6.00 0.00 0.00 0.00 0.00 0.00 0.00
66.00 6.00 3.00 11.00 28.00 8.00 17.00 0.09 2.80 0.00 0.00 0.00 1.00 3.00 5.00 3.00 4.00 2.00 0.00 0.00 0.00 0.00 0.00
67.00 9.00 5.00 18.00 40.00 13.00 22.00 0.08 3.43 0.00 0.00 0.00 4.00 7.00 5.00 2.00 9.00 0.00 0.00 0.00 0.00 0.00 0.00
68.00 4.00 0.00 3.00 14.00 3.00 11.00 0.09 0.21 0.00 0.00 0.00 2.00 4.00 2.00 0.00 4.00 0.00 0.00 0.00 0.00 0.00 0.00
69.00 8.00 4.00 14.00 34.00 10.00 20.00 0.08 2.27 0.00 0.00 0.00 3.00 4.00 5.00 4.00 7.00 1.00 0.00 0.00 0.00 0.00 0.00
70.00 10.00 3.00 14.00 45.00 11.00 31.00 0.09 2.36 0.00 0.00 0.00 3.00 7.00 7.00 3.00 10.00 0.00 0.00 0.00 0.00 0.00 0.00
71.00 8.00 0.00 8.00 31.00 8.00 23.00 0.08 0.70 0.00 0.00 0.00 3.00 5.00 5.00 3.00 8.00 0.00 0.00 0.00 0.00 0.00 0.00
72.00 3.00 0.00 1.00 6.00 1.00 5.00 0.08 0.13 0.00 0.00 0.00 2.00 3.00 1.00 0.00 3.00 0.00 0.00 0.00 0.00 0.00 0.00
73.00 7.00 0.00 6.00 29.00 6.00 23.00 0.08 2.74 0.00 0.00 0.00 2.00 5.00 5.00 2.00 7.00 0.00 0.00 0.00 0.00 0.00 0.00
74.00 5.00 0.00 3.00 15.00 3.00 12.00 0.08 0.26 1.00 0.00 0.00 3.00 4.00 2.00 1.00 5.00 0.00 0.00 0.00 0.00 0.00 0.00
75.00 7.00 0.00 6.00 25.00 6.00 19.00 0.09 2.59 0.00 0.00 0.00 4.00 5.00 3.00 2.00 7.00 0.00 0.00 0.00 0.00 0.00 0.00
76.00 2.00 0.00 0.00 4.00 0.00 4.00 0.11 0.04 0.00 0.00 0.00 2.00 2.00 0.00 0.00 2.00 0.00 0.00 0.00 0.00 0.00 0.00
