0.00 2.00 0.00 0.00 5.00 0.00 5.00 0.08 4.81 0.00 0.00 0.00 2.00 2.00 0.00 0.00 2.00 0.00 0.00 0.00 0.00 0.00 0.00
1.00 8.00 5.00 15.00 33.00 10.00 18.00 0.09 3.73 0.00 0.00 0.00 2.00 4.00 6.00 4.00 7.00 1.00 0.00 0.00 0.00 0.00 0.00
2.00 11.00 7.00 23.00 47.00 16.00 24.00 0.09 3.11 0.00 0.00 0.00 3.00 5.00 8.00 6.00 8.00 3.00 0.00 0.00 0.00 0.00 0.00
3.00 11.00 8.00 20.00 47.00 12.00 27.00 0.07 3.88 0.00 0.00 0.00 5.00 7.00 6.00 4.00 8.00 3.00 0.00 0.00 0.00 0.00 0.00
4.00 7.00 0.00 8.00 28.00 8.00 20.00 0.08 2.58 0.00 0.00 0.00 2.00 3.00 5.00 4.00 7.00 0.00 0.00 0.00 0.00 0.00 0.00
5.00 10.00 6.00 20.00 47.00 14.00 27.00 0.10 2.11 0.00 0.00 0.00 3.00 6.00 7.00 4.00 7.00 3.00 0.00 0.00 0.00 0.00 0.00
6.00 8.00 3.00 11.00 34.00 8.00 23.00 0.07 3.76 0.00 0.00 0.00 1.00 4.00 7.00 4.00 7.00 1.00 0.00 0.00 0.00 0.00 0.00
7.00 4.00 0.00 4.00 16.00 4.00 12.00 0.10 0.24 0.00 0.00 0.00 2.00 4.00 2.00 0.00 4.00 0.00 0.00 0.00 0.00 0.00 0.00
8.00 8.00 4.00 16.00 38.00 12.00 22.00 0.10 2.24 0.00 0.00 0.00 2.00 4.00 6.00 4.00 8.00 0.00 0.00 0.00 0.00 0.00 0.00
9.00 8.00 5.00 16.00 36.00 11.00 20.00 0.11 4.80 0.00 0.00 0.00 4.00 5.00 4.00 3.00 7.00 1.00 0.00 0.00 0.00 0.00 0.00
10.00 6.00 1.00 3.00 23.00 2.00 20.00 0.08 0.46 0.00 0.00 0.00 3.00 5.00 3.00 1.00 6.00 0.00 0.00 0.00 0.00 0.00 0.00
11.00 8.00 4.00 13.00 36.00 9.00 23.00 0.10 0.37 0.00 0.00 0.00 2.00 3.00 6.00 5.00 7.00 1.00 0.00 0.00 0.00 0.00 0.00
12.00 8.00 3.00 14.00 37.00 11.00 23.00 0.08 2.29 0.00 0.00 0.00 2.00 3.00 6.00 5.00 5.00 3.00 0.00 0.00 0.00 0.00 0.00
13.00 6.00 1.00 8.00 26.00 7.00 18.00 0.08 3.20 0.00 0.00 0.00 2.00 4.00 4.00 2.00 6.00 0.00 0.00 0.00 0.00 0.00 0.00
14.00 6.00 3.00 10.00 26.00 7.00 16.00 0.09 2.99 0.00 0.00 0.00 2.00 4.00 4.00 2.00 6.00 0.00 0.00 0.00 0.00 0.00 0.00
15.00 11.00 8.00 21.00 49.00 13.00 28.00 0.08 4.77 0.00 0.00 0.00 3.00 7.00 8.00 4.00 9.00 2.00 0.00 0.00 0.00 0.00 0.00
16.00 4.00 0.00 4.00 16.00 4.00 12.00 0.08 0.20 0.00 0.00 0.00 2.00 4.00 2.00 0.00 4.00 0.00 0.00 0.00 0.00 0.00 0.00
17.00 14.00 10.00 29.00 69.00 19.00 40.00 0.08 5.10 0.00 0.00 0.00 5.00 7.00 9.00 7.00 11.00 3.00 0.00 0.00 0.00 0.00 0.00
18.00 15.00 12.00 34.00 74.00 22.00 40.00 0.09 5.19 0.00 0.00 0.00 6.00 9.00 9.00 6.00 10.00 5.00 0.00 0.00 0.00 0.00 0.00
19.00 9.00 2.00 12.00 41.00 10.00 29.00 0.08 5.13 0.00 0.00 0.00 4.00 5.00 5.00 4.00 8.00 1.00 0.00 0.00 0.00 0.00 0.00
20.00 17.00 16.00 40.00 87.00 24.00 47.00 0.09 4.90 0.00 1.00 0.00 5.00 8.00 12.00 9.00 14.00 3.00 0.00 0.00 0.00 0.00 0.00
21.00 10.00 5.00 20.00 50.00 15.00 30.00 0.08 4.72 0.00 1.00 0.00 3.00 7.00 7.00 3.00 8.00 2.00 0.00 0.00 0.00 0.00 0.00
22.00 14.00 4.00 24.00 66.00 20.00 42.00 0.09 5.05 0.00 1.00 0.00 1.00 8.00 13.00 6.00 13.00 1.00 0.00 0.00 0.00 0.00 0.00
23.00 12.00 7.00 26.00 62.00 19.00 36.00 0.09 4.50 0.00 1.00 0.00 4.00 7.00 8.00 5.00 10.00 2.00 0.00 0.00 0.00 0.00 0.00
24.00 18.00 12.00 43.00 85.00 31.00 42.00 0.08 4.73 0.00 1.00 0.00 5.00 11.00 13.00 7.00 15.00 3.00 0.00 0.00 0.00 0.00 0.00
25.00 14.00 14.00 37.00 70.00 23.00 33.00 0.09 3.49 0.00 2.00 0.00 3.00 8.00 11.00 6.00 11.00 3.00 0.00 0.00 0.00 0.00 0.00
26.00 11.00 8.00 23.00 52.00 15.00 29.00 0.08 5.17 0.00 1.00 0.00 3.00 8.00 8.00 3.00 9.00 2.00 0.00 0.00 0.00 0.00 0.00
27.00 18.00 16.00 38.00 83.00 22.00 45.00 0.10 4.47 0.00 1.00 0.00 5.00 10.00 13.00 8.00 13.00 5.00 0.00 0.00 0.00 0.00 0.00
28.00 23.00 23.00 54.00 107.00 31.00 53.00 0.09 4.08 0.00 2.00 0.00 9.00 14.00 14.00 9.00 19.00 4.00 0.00 0.00 0.00 0.00 0.00
29.00 18.00 23.00 48.00 88.00 25.00 40.00 0.09 4.43 0.00 1.00 0.00 4.00 5.00 14.00 13.00 6.00 12.00 0.00 0.00 0.00 0.00 0.00
30.00 19.00 22.00 53.00 95.00 31.00 42.00 0.08 4.61 0.00 2.00 0.00 6.00 7.00 13.00 12.00 10.00 9.00 0.00 0.00 0.00 0.00 0.00
31.00 18.00 26.00 53.00 93.00 27.00 40.00 0.09 4.63 0.00 1.00 0.00 2.00 7.00 16.00 11.00 11.00 7.00 0.00 0.00 0.00 0.00 0.00
32.00 16.00 14.00 41.00 87.00 27.00 46.00 0.09 4.76 0.00 1.00 0.00 5.00 7.00 11.00 9.00 10.00 6.00 0.00 0.00 0.00 0.00 0.00
33.00 12.00 5.00 22.00 58.00 17.00 36.00 0.09 4.65 0.00 1.00 0.00 5.00 8.00 7.00 4.00 11.00 1.00 0.00 0.00 0.00 0.00 0.00
34.00 12.00 11.00 29.00 58.00 18.00 29.00 0.07 3.79 0.00 1.00 0.00 5.00 7.00 7.00 5.00 9.00 3.00 0.00 0.00 0.00 0.00 0.00
35.00 7.00 4.00 12.00 32.00 8.00 20.00 0.08 4.15 0.00 1.00 0.00 2.00 5.00 5.00 2.00 5.00 2.00 0.00 0.00 0.00 0.00 0.00
36.00 17.00 15.00 42.00 84.00 27.00 42.00 0.09 4.36 0.00 2.00 0.00 5.00 9.00 12.00 8.00 13.00 4.00 0.00 0.00 0.00 0.00 0.00
37.00 15.00 21.00 41.00 75.00 20.00 34.00 0.10 4.91 0.00 1.00 0.00 3.00 5.00 12.00 10.00 8.00 7.00 0.00 0.00 1.00 0.00 0.00
38.00 18.00 14.00 39.00 78.00 25.00 39.00 0.10 4.70 0.00 1.00 0.00 5.00 12.00 13.00 6.00 15.00 3.00 0.00 0.00 0.00 0.00 0.00
39.00 20.00 25.00 54.00 95.00 29.00 41.00 0.10 4.83 0.00 1.00 0.00 7.00 8.00 13.00 12.00 12.00 8.00 0.00 0.00 0.00 0.00 0.00
40.00 20.00 18.00 44.00 90.00 26.00 46.00 0.08 4.66 0.00 1.00 0.00 5.00 9.00 15.00 11.00 12.00 8.00 0.00 0.00 0.00 0.00 0.00
41.00 15.00 15.00 39.00 77.00 24.00 38.00 0.10 4.82 1.00 0.00 0.00 4.00 6.00 11.00 9.00 10.00 5.00 0.00 0.00 0.00 0.00 0.00
42.00 18.00 19.00 45.00 84.00 26.00 39.00 0.09 4.83 0.00 2.00 0.00 5.00 9.00 13.00 9.00 11.00 7.00 0.00 0.00 0.00 0.00 0.00
43.00 20.00 25.00 48.00 88.00 23.00 40.00 0.09 4.86 0.00 1.00 0.00 4.00 7.00 16.00 13.00 16.00 4.00 0.00 0.00 0.00 0.00 0.00
44.00 20.00 29.00 53.00 90.00 24.00 37.00 0.09 4.76 0.00 1.00 0.00 4.00 10.00 16.00 10.00 12.00 8.00 0.00 0.00 1.00 0.00 0.00
45.00 17.00 20.00 44.00 87.00 24.00 43.00 0.08 4.88 0.00 1.00 0.00 4.00 8.00 13.00 9.00 9.00 8.00 0.00 0.00 0.00 0.00 0.00
46.00 20.00 23.00 55.00 95.00 32.00 40.00 0.08 4.70 0.00 1.00 0.00 9.00 14.00 11.00 6.00 17.00 3.00 0.00 0.00 0.00 0.00 0.00
47.00 18.00 19.00 46.00 91.00 27.00 45.00 0.10 4.96 0.00 1.00 0.00 4.00 10.00 14.00 8.00 10.00 8.00 0.00 0.00 0.00 0.00 0.00
48.00 20.00 19.00 48.00 97.00 29.00 49.00 0.09 4.98 0.00 1.00 0.00 5.00 12.00 15.00 8.00 14.00 6.00 0.00 0.00 1.00 0.00 0.00
49.00 18.00 17.00 47.00 93.00 30.00 46.00 0.08 4.96 0.00 3.00 0.00 2.00 4.00 16.00 14.00 13.00 5.00 0.00 0.00 0.00 0.00 0.00
50.00 21.00 31.00 59.00 108.00 28.00 49.00 0.07 4.91 0.00 1.00 0.00 4.00 8.00 17.00 13.00 11.00 10.00 0.00 0.00 0.00 0.00 0.00
51.00 23.00 31.00 64.00 113.00 33.00 49.00 0.11 4.87 0.00 3.00 0.00 5.00 10.00 18.00 13.00 12.00 11.00 0.00 0.00 0.00 0.00 0.00
52.00 19.00 27.00 53.00 90.00 26.00 37.00 0.10 4.96 0.00 2.00 0.00 2.00 6.00 17.00 13.00 13.00 6.00 0.00 0.00 0.00 0.00 0.00
53.00 18.00 16.00 49.00 88.00 33.00 39.00 0.08 4.93 0.00 1.00 0.00 6.00 9.00 12.00 9.00 11.00 7.00 0.00 0.00 1.00 0.00 0.00
54.00 24.00 29.00 57.00 109.00 28.00 52.00 0.08 4.91 0.00 2.00 0.00 7.00 9.00 17.00 15.00 13.00 11.00 0.00 0.00 0.00 0.00 0.00
55.00 21.00 26.00 54.00 101.00 28.00 47.00 0.10 4.97 1.00 2.00 0.50 6.00 10.00 15.00 11.00 16.00 5.00 0.00 0.00 0.00 0.00 0.00
56.00 17.00 12.00 39.00 84.00 27.00 45.00 0.09 4.98 0.00 1.00 0.00 4.00 6.00 13.00 11.00 11.00 6.00 0.00 0.00 1.00 0.00 0.00
57.00 22.00 30.00 59.00 108.00 29.00 49.00 0.09 4.87 0.00 3.00 0.00 4.00 9.00 18.00 13.00 16.00 6.00 0.00 0.00 0.00 0.00 0.00
58.00 23.00 28.00 62.00 114.00 34.00 52.00 0.09 4.85 0.00 4.00 0.00 5.00 12.00 18.00 11.00 18.00 5.00 0.00 0.00 0.00 0.00 0.00
59.00 27.00 36.00 74.00 136.00 38.00 62.00 0.07 5.35 0.00 4.00 0.00 5.00 14.00 22.00 13.00 20.00 7.00 0.00 0.00 0.00 0.00 0.00
60.00 28.00 28.00 73.00 133.00 45.00 60.00 0.08 4.79 0.00 4.00 0.00 9.00 12.00 19.00 16.00 20.00 8.00 0.00 0.00 0.00 0.00 0.00
61.00 26.00 36.00 70.00 121.00 34.00 51.00 0.08 4.87 0.00 2.00 0.00 5.00 13.00 21.00 13.00 19.00 7.00 0.00 0.00 0.00 0.00 0.00
62.00 24.00 37.00 67.00 119.00 30.00 52.00 0.09 4.97 0.00 4.00 0.00 5.00 12.00 19.00 12.00 17.00 7.00 0.00 0.00 0.00 0.00 0.00
63.00 26.00 43.00 78.00 131.00 35.00 53.00 0.08 4.85 0.00 4.00 0.00 1.00 6.00 25.00 20.00 12.00 14.00 0.00 0.00 0.00 0.00 0.00
64.00 26.00 35.00 75.00 138.00 40.00 63.00 0.09 4.92 0.00 3.00 0.00 4.00 10.00 22.00 16.00 15.00 11.00 0.00 0.00 0.00 0.00 0.00
65.00 23.00 30.00 61.00 118.00 31.00 57.00 0.07 4.95 0.00 2.00 0.00 5.00 9.00 18.00 14.00 15.00 8.00 0.00 0.00 0.00 0.00 0.00
66.00 27.00 36.00 82.00 137.00 46.00 55.00 0.10 4.97 1.00 2.00 0.50 6.00 11.00 21.00 16.00 18.00 9.00 0.00 0.00 0.00 0.00 0.00
67.00 33.00 50.00 88.00 148.00 38.00 60.00 0.09 4.94 1.00 3.00 0.33 8.00 16.00 25.00 17.00 23.00 10.00 0.00 0.00 0.00 0.00 0.00
68.00 28.00 33.00 82.00 143.00 49.00 61.00 0.10 4.80 0.00 2.00 0.00 9.00 15.00 19.00 13.00 19.00 9.00 0.00 0.00 0.00 0.00 0.00
69.00 25.00 40.00 75.00 131.00 35.00 56.00 0.09 4.99 1.00 3.00 0.33 4.00 10.00 21.00 15.00 16.00 9.00 0.00 0.00 0.00 1.00 0.00
70.00 18.00 19.00 43.00 92.00 24.00 49.00 0.08 4.82 1.00 3.00 0.33 5.00 11.00 13.00 7.00 15.00 3.00 0.00 0.00 0.00 0.00 1.00
71.00 21.00 20.00 50.00 94.00 30.00 44.00 0.09 4.90 0.00 2.00 0.00 9.00 14.00 12.00 7.00 18.00 3.00 0.00 0.00 0.00 0.00 0.00
72.00 19.00 17.00 49.00 100.00 32.00 51.00 0.09 5.07 0.00 1.00 0.00 4.00 8.00 15.00 11.00 12.00 7.00 0.00 0.00 0.00 0.00 0.00
73.00 26.00 30.00 73.00 123.00 43.00 50.00 0.08 4.86 0.00 1.00 0.00 7.00 13.00 19.00 13.00 17.00 9.00 0.00 0.00 0.00 0.00 0.00
74.00 19.00 20.00 51.00 94.00 31.00 43.00 0.07 4.68 0.00 0.00 0.00 6.00 12.00 13.00 7.00 15.00 4.00 0.00 0.00 1.00 0.00 0.00
75.00 23.00 26.00 60.00 110.00 34.00 50.00 0.09 4.68 1.00 2.00 0.50 6.00 10.00 17.00 13.00 14.00 9.00 0.00 0.00 0.00 0.00 0.00
76.00 22.00 24.00 61.00 112.00 37.00 51.00 0.09 4.56 1.00 2.00 0.50 5.00 10.00 17.00 12.00 12.00 10.00 0.00 0.00 0.00 0.00 0.00
77.00 28.00 25.00 65.00 133.00 40.00 68.00 0.09 5.20 1.00 2.00 0.50 9.00 16.00 19.00 12.00 22.00 6.00 0.00 0.00 0.00 1.00 0.00
78.00 21.00 27.00 59.00 104.00 32.00 45.00 0.06 4.49 0.00 2.00 0.00 4.00 9.00 17.00 12.00 14.00 7.00 0.00 0.00 2.00 0.00 0.00
79.00 21.00 25.00 58.00 101.00 33.00 43.00 0.09 5.07 0.00 3.00 0.00 7.00 11.00 14.00 10.00 13.00 8.00 0.00 0.00 1.00 0.00 0.00
80.00 23.00 24.00 61.00 118.00 37.00 57.00 0.09 4.93 0.00 2.00 0.00 6.00 11.00 17.00 12.00 17.00 6.00 0.00 0.00 0.00 0.00 0.00
81.00 27.00 32.00 69.00 124.00 37.00 55.00 0.08 4.56 0.00 1.00 0.00 6.00 12.00 21.00 15.00 18.00 9.00 0.00 0.00 1.00 0.00 0.00
82.00 25.00 35.00 73.00 125.00 38.00 52.00 0.09 5.02 0.00 1.00 0.00 7.00 13.00 18.00 12.00 16.00 9.00 0.00 0.00 1.00 0.00 0.00
83.00 24.00 23.00 67.00 126.00 44.00 59.00 0.08 4.72 0.00 1.00 0.00 5.00 12.00 19.00 12.00 15.00 9.00 0.00 0.00 0.00 0.00 0.00
84.00 24.00 26.00 63.00 121.00 37.00 58.00 0.09 4.99 0.00 2.00 0.00 5.00 13.00 19.00 11.00 18.00 6.00 0.00 0.00 1.00 0.00 0.00
85.00 24.00 30.00 69.00 118.00 39.00 49.00 0.08 5.17 0.00 2.00 0.00 5.00 9.00 19.00 15.00 13.00 11.00 0.00 0.00 1.00 0.00 0.00
86.00 22.00 20.00 58.00 116.00 38.00 58.00 0.08 5.16 0.00 1.00 0.00 4.00 9.00 18.00 13.00 15.00 7.00 0.00 0.00 0.00 0.00 0.00
87.00 26.00 35.00 74.00 128.00 39.00 54.00 0.08 5.02 0.00 3.00 0.00 8.00 14.00 18.00 12.00 16.00 10.00 0.00 0.00 1.00 0.00 0.00
88.00 29.00 35.00 80.00 142.00 45.00 62.00 0.08 4.87 0.00 2.00 0.00 9.00 14.00 20.00 15.00 18.00 11.00 0.00 0.00 1.00 0.00 0.00
89.00 26.00 29.00 73.00 129.00 44.00 56.00 0.08 5.20 0.00 2.00 0.00 8.00 15.00 18.00 11.00 18.00 8.00 0.00 0.00 0.00 0.00 0.00
90.00 22.00 23.00 56.00 110.00 33.00 54.00 0.09 5.03 0.00 4.00 0.00 6.00 9.00 16.00 13.00 11.00 11.00 0.00 0.00 1.00 0.00 0.00
91.00 22.00 27.00 62.00 112.00 35.00 50.00 0.08 4.07 0.00 3.00 0.00 7.00 11.00 15.00 11.00 16.00 6.00 0.00 0.00 1.00 1.00 0.00
92.00 25.00 29.00 71.00 129.00 42.00 58.00 0.08 4.73 0.00 3.00 0.00 7.00 12.00 18.00 13.00 16.00 9.00 0.00 0.00 1.00 0.00 0.00
93.00 31.00 47.00 85.00 155.00 38.00 70.00 0.09 5.03 0.00 4.00 0.00 6.00 10.00 25.00 21.00 18.00 13.00 0.00 0.00 1.00 0.00 0.00
94.00 26.00 42.00 79.00 130.00 37.00 51.00 0.08 4.98 1.00 3.00 0.33 8.00 10.00 18.00 16.00 16.00 10.00 0.00 0.00 1.00 0.00 0.00
95.00 35.00 50.00 96.00 166.00 46.00 70.00 0.08 4.75 1.00 2.00 0.50 6.00 14.00 29.00 21.00 26.00 9.00 0.00 0.00 0.00 0.00 0.00
96.00 33.00 43.00 90.00 164.00 47.00 74.00 0.08 4.73 1.00 2.00 0.50 5.00 10.00 28.00 23.00 19.00 14.00 0.00 0.00 2.00 0.00 0.00
97.00 36.00 46.00 95.00 183.00 49.00 88.00 0.07 4.74 1.00 2.00 0.50 10.00 19.00 26.00 17.00 24.00 12.00 0.00 0.00 0.00 0.00 0.00
98.00 35.00 56.00 106.00 176.00 50.00 70.00 0.07 4.81 0.00 4.00 0.00 7.00 17.00 28.00 18.00 21.00 14.00 0.00 0.00 1.00 0.00 0.00
99.00 34.00 45.00 99.00 171.00 54.00 72.00 0.09 4.92 0.00 4.00 0.00 6.00 12.00 28.00 22.00 19.00 15.00 0.00 0.00 1.00 0.00 0.00
100.00 34.00 57.00 100.00 174.00 43.00 74.00 0.08 4.93 0.00 4.00 0.00 6.00 17.00 28.00 17.00 25.00 9.00 0.00 0.00 1.00 0.00 0.00
101.00 31.00 39.00 80.00 147.00 41.00 67.00 0.08 4.70 0.00 4.00 0.00 9.00 16.00 22.00 15.00 20.00 11.00 0.00 0.00 0.00 0.00 0.00
102.00 33.00 54.00 95.00 160.00 41.00 65.00 0.08 4.99 0.00 4.00 0.00 10.00 14.00 23.00 19.00 21.00 12.00 0.00 0.00 1.00 0.00 0.00
103.00 30.00 40.00 80.00 148.00 40.00 68.00 0.09 3.95 0.00 4.00 0.00 9.00 15.00 21.00 15.00 18.00 12.00 0.00 0.00 0.00 0.00 0.00
104.00 34.00 50.00 98.00 169.00 48.00 71.00 0.09 3.72 0.00 2.00 0.00 9.00 15.00 25.00 19.00 23.00 11.00 0.00 0.00 0.00 0.00 0.00
105.00 30.00 36.00 82.00 159.00 46.00 77.00 0.08 3.92 0.00 3.00 0.00 8.00 17.00 22.00 13.00 21.00 9.00 0.00 0.00 0.00 1.00 0.00
106.00 26.00 35.00 72.00 132.00 37.00 60.00 0.09 3.74 0.00 2.00 0.00 4.00 9.00 22.00 17.00 16.00 10.00 0.00 0.00 0.00 0.00 0.00
107.00 29.00 42.00 85.00 152.00 43.00 67.00 0.09 4.23 0.00 2.00 0.00 7.00 10.00 22.00 19.00 15.00 14.00 0.00 0.00 1.00 0.00 0.00
108.00 32.00 47.00 93.00 166.00 46.00 73.00 0.09 4.28 1.00 2.00 0.50 6.00 11.00 26.00 21.00 16.00 16.00 0.00 0.00 1.00 0.00 0.00
109.00 34.00 42.00 98.00 175.00 56.00 77.00 0.09 4.43 0.00 3.00 0.00 5.00 14.00 29.00 20.00 20.00 14.00 0.00 0.00 1.00 1.00 0.00
110.00 31.00 43.00 90.00 155.00 47.00 65.00 0.08 4.27 1.00 3.00 0.33 7.00 18.00 24.00 13.00 22.00 9.00 0.00 0.00 0.00 0.00 0.00
111.00 32.00 47.00 100.00 166.00 53.00 66.00 0.08 4.15 0.00 3.00 0.00 3.00 11.00 29.00 21.00 12.00 20.00 1.00 0.00 0.00 0.00 0.00
112.00 26.00 28.00 68.00 126.00 40.00 58.00 0.08 4.83 0.00 2.00 0.00 7.00 15.00 19.00 11.00 16.00 10.00 0.00 0.00 0.00 0.00 0.00
113.00 27.00 34.00 78.00 136.00 44.00 58.00 0.09 4.25 0.00 3.00 0.00 4.00 9.00 23.00 18.00 16.00 11.00 0.00 0.00 0.00 0.00 0.00
114.00 37.00 47.00 104.00 183.00 57.00 79.00 0.07 4.87 0.00 5.00 0.00 9.00 16.00 28.00 21.00 22.00 15.00 0.00 0.00 0.00 0.00 0.00
115.00 33.00 40.00 98.00 163.00 58.00 65.00 0.09 4.64 0.00 3.00 0.00 7.00 11.00 26.00 22.00 20.00 13.00 0.00 0.00 0.00 0.00 0.00
116.00 29.00 25.00 81.00 139.00 56.00 58.00 0.09 4.70 0.00 2.00 0.00 6.00 18.00 23.00 11.00 20.00 9.00 0.00 0.00 0.00 0.00 0.00
117.00 28.00 43.00 83.00 143.00 40.00 60.00 0.10 4.69 0.00 1.00 0.00 10.00 15.00 18.00 13.00 19.00 9.00 0.00 0.00 0.00 0.00 0.00
118.00 32.00 40.00 87.00 156.00 47.00 69.00 0.07 4.62 0.00 3.00 0.00 8.00 15.00 24.00 17.00 21.00 11.00 0.00 0.00 2.00 0.00 0.00
119.00 34.00 46.00 84.00 144.00 38.00 60.00 0.08 4.02 0.00 3.00 0.00 10.00 17.00 24.00 17.00 24.00 10.00 0.00 0.00 0.00 0.00 0.00
120.00 34.00 45.00 95.00 166.00 50.00 71.00 0.08 4.52 1.00 3.00 0.33 10.00 15.00 24.00 19.00 19.00 15.00 0.00 0.00 0.00 1.00 0.00
121.00 34.00 46.00 94.00 171.00 48.00 77.00 0.08 4.33 1.00 3.00 0.33 6.00 14.00 28.00 20.00 21.00 13.00 0.00 0.00 0.00 0.00 0.00
122.00 34.00 48.00 93.00 161.00 45.00 68.00 0.07 4.69 1.00 3.00 0.33 9.00 16.00 25.00 18.00 19.00 15.00 0.00 0.00 0.00 0.00 0.00
123.00 25.00 29.00 76.00 131.00 47.00 55.00 0.11 4.29 0.00 3.00 0.00 8.00 10.00 17.00 15.00 14.00 11.00 0.00 0.00 0.00 0.00 0.00
124.00 26.00 30.00 78.00 135.00 48.00 57.00 0.09 4.98 0.00 2.00 0.00 5.00 10.00 21.00 16.00 16.00 10.00 0.00 0.00 0.00 1.00 0.00
125.00 30.00 44.00 82.00 143.00 38.00 61.00 0.09 4.73 0.00 3.00 0.00 5.00 12.00 25.00 18.00 15.00 15.00 0.00 0.00 0.00 0.00 0.00
126.00 31.00 39.00 86.00 155.00 47.00 69.00 0.10 4.67 0.00 3.00 0.00 7.00 16.00 24.00 15.00 23.00 8.00 0.00 0.00 0.00 0.00 0.00
127.00 27.00 34.00 69.00 131.00 35.00 62.00 0.07 4.22 1.00 3.00 0.33 7.00 9.00 20.00 18.00 16.00 11.00 0.00 0.00 0.00 0.00 0.00
128.00 29.00 41.00 87.00 142.00 46.00 55.00 0.09 4.50 1.00 4.00 0.25 5.00 14.00 24.00 15.00 17.00 12.00 0.00 0.00 0.00 0.00 0.00
129.00 29.00 43.00 84.00 143.00 41.00 59.00 0.09 5.05 0.00 4.00 0.00 7.00 11.00 22.00 18.00 16.00 13.00 0.00 0.00 0.00 0.00 0.00
130.00 31.00 49.00 91.00 158.00 42.00 67.00 0.08 4.59 0.00 4.00 0.00 10.00 14.00 21.00 17.00 19.00 12.00 0.00 0.00 0.00 0.00 0.00
131.00 29.00 42.00 87.00 148.00 45.00 61.00 0.09 4.45 0.00 4.00 0.00 4.00 9.00 25.00 20.00 12.00 17.00 0.00 0.00 0.00 0.00 0.00
132.00 31.00 49.00 88.00 143.00 39.00 55.00 0.09 4.60 0.00 2.00 0.00 9.00 16.00 22.00 15.00 20.00 11.00 0.00 0.00 0.00 0.00 0.00
133.00 29.00 38.00 86.00 145.00 48.00 59.00 0.09 4.63 0.00 2.00 0.00 10.00 17.00 19.00 12.00 17.00 12.00 0.00 0.00 0.00 0.00 0.00
134.00 33.00 40.00 90.00 159.00 50.00 69.00 0.07 4.38 0.00 2.00 0.00 11.00 17.00 22.00 16.00 23.00 10.00 0.00 0.00 1.00 0.00 0.00
135.00 29.00 34.00 72.00 147.00 38.00 75.00 0.08 4.20 0.00 3.00 0.00 8.00 12.00 21.00 17.00 18.00 11.00 0.00 0.00 0.00 0.00 0.00
136.00 27.00 42.00 78.00 132.00 36.00 54.00 0.08 4.17 0.00 3.00 0.00 5.00 9.00 22.00 18.00 14.00 13.00 0.00 0.00 0.00 0.00 0.00
137.00 25.00 25.00 72.00 125.00 47.00 53.00 0.08 4.72 0.00 2.00 0.00 3.00 7.00 22.00 18.00 12.00 13.00 0.00 0.00 0.00 0.00 0.00
138.00 27.00 32.00 76.00 140.00 44.00 64.00 0.08 4.20 0.00 1.00 0.00 2.00 10.00 25.00 17.00 15.00 12.00 0.00 0.00 0.00 0.00 0.00
139.00 29.00 38.00 75.00 140.00 37.00 65.00 0.09 4.67 0.00 1.00 0.00 7.00 14.00 22.00 15.00 18.00 11.00 0.00 0.00 0.00 0.00 0.00
140.00 32.00 45.00 82.00 152.00 37.00 70.00 0.08 4.26 0.00 2.00 0.00 7.00 15.00 25.00 17.00 21.00 11.00 0.00 0.00 0.00 0.00 0.00
141.00 31.00 52.00 89.00 148.00 37.00 59.00 0.07 4.52 0.00 4.00 0.00 7.00 15.00 24.00 16.00 18.00 13.00 0.00 0.00 1.00 0.00 0.00
142.00 17.00 22.00 47.00 84.00 25.00 37.00 0.08 3.65 0.00 2.00 0.00 4.00 10.00 13.00 7.00 11.00 6.00 0.00 0.00 0.00 0.00 0.00
143.00 30.00 34.00 80.00 154.00 46.00 74.00 0.08 4.47 0.00 1.00 0.00 7.00 10.00 23.00 20.00 15.00 15.00 0.00 0.00 0.00 0.00 0.00
144.00 25.00 33.00 70.00 125.00 37.00 55.00 0.08 4.62 0.00 2.00 0.00 5.00 11.00 20.00 14.00 16.00 9.00 0.00 0.00 0.00 0.00 0.00
145.00 28.00 40.00 82.00 136.00 42.00 54.00 0.09 4.61 0.00 3.00 0.00 5.00 11.00 23.00 17.00 18.00 10.00 0.00 0.00 0.00 0.00 0.00
146.00 30.00 34.00 88.00 151.00 54.00 63.00 0.09 4.46 0.00 3.00 0.00 11.00 16.00 19.00 14.00 17.00 13.00 0.00 0.00 0.00 0.00 0.00
147.00 30.00 31.00 84.00 148.00 53.00 64.00 0.09 4.29 0.00 2.00 0.00 8.00 15.00 22.00 15.00 16.00 14.00 0.00 0.00 0.00 0.00 0.00
148.00 38.00 58.00 106.00 186.00 48.00 80.00 0.08 4.58 0.00 2.00 0.00 10.00 17.00 28.00 21.00 27.00 11.00 0.00 0.00 0.00 0.00 0.00
149.00 28.00 39.00 81.00 144.00 42.00 63.00 0.09 4.41 0.00 3.00 0.00 7.00 14.00 21.00 14.00 18.00 10.00 0.00 0.00 0.00 0.00 0.00
150.00 28.00 30.00 71.00 143.00 41.00 72.00 0.08 4.51 0.00 4.00 0.00 7.00 11.00 21.00 17.00 16.00 12.00 0.00 0.00 0.00 0.00 0.00
151.00 17.00 16.00 42.00 82.00 26.00 40.00 0.09 4.53 0.00 3.00 0.00 4.00 8.00 13.00 9.00 12.00 5.00 0.00 0.00 0.00 1.00 0.00
152.00 25.00 30.00 65.00 125.00 35.00 60.00 0.09 4.67 0.00 3.00 0.00 5.00 11.00 20.00 14.00 17.00 8.00 0.00 0.00 0.00 0.00 0.00
153.00 27.00 27.00 65.00 136.00 38.00 71.00 0.09 4.38 0.00 1.00 0.00 6.00 13.00 21.00 14.00 18.00 9.00 0.00 0.00 0.00 0.00 0.00
154.00 27.00 31.00 69.00 123.00 38.00 54.00 0.08 5.05 0.00 2.00 0.00 4.00 12.00 23.00 15.00 18.00 9.00 0.00 0.00 0.00 0.00 0.00
155.00 30.00 36.00 84.00 149.00 48.00 65.00 0.09 4.54 0.00 2.00 0.00 8.00 16.00 22.00 14.00 21.00 9.00 0.00 0.00 0.00 2.00 0.00
156.00 28.00 35.00 78.00 142.00 43.00 64.00 0.09 4.92 0.00 3.00 0.00 8.00 14.00 20.00 14.00 20.00 8.00 0.00 0.00 2.00 1.00 0.00
157.00 32.00 42.00 95.00 167.00 53.00 72.00 0.08 4.74 0.00 2.00 0.00 3.00 9.00 29.00 23.00 17.00 15.00 0.00 0.00 1.00 0.00 0.00
158.00 31.00 35.00 88.00 156.00 53.00 68.00 0.09 4.53 0.00 3.00 0.00 5.00 12.00 26.00 19.00 21.00 10.00 0.00 0.00 2.00 0.00 0.00
159.00 31.00 38.00 86.00 155.00 48.00 69.00 0.09 4.58 0.00 3.00 0.00 8.00 16.00 23.00 15.00 19.00 12.00 0.00 0.00 2.00 0.00 0.00
160.00 30.00 45.00 92.00 153.00 47.00 61.00 0.10 4.71 0.00 2.00 0.00 6.00 13.00 24.00 17.00 19.00 11.00 0.00 0.00 0.00 0.00 0.00
161.00 33.00 47.00 100.00 173.00 53.00 73.00 0.08 4.62 0.00 3.00 0.00 8.00 16.00 25.00 17.00 19.00 14.00 0.00 0.00 2.00 0.00 0.00
162.00 38.00 52.00 115.00 194.00 63.00 79.00 0.09 4.73 0.00 2.00 0.00 12.00 16.00 26.00 22.00 22.00 16.00 0.00 0.00 2.00 0.00 0.00
163.00 32.00 44.00 96.00 166.00 52.00 70.00 0.09 4.68 0.00 4.00 0.00 9.00 13.00 23.00 19.00 16.00 16.00 0.00 0.00 1.00 0.00 0.00
164.00 34.00 46.00 95.00 169.00 49.00 74.00 0.10 4.74 0.00 4.00 0.00 8.00 20.00 26.00 14.00 24.00 10.00 0.00 0.00 2.00 0.00 0.00
165.00 34.00 49.00 101.00 169.00 52.00 68.00 0.08 4.77 0.00 4.00 0.00 6.00 11.00 28.00 23.00 18.00 16.00 0.00 0.00 1.00 0.00 0.00
166.00 28.00 43.00 89.00 140.00 46.00 51.00 0.09 4.99 0.00 4.00 0.00 7.00 11.00 21.00 17.00 16.00 12.00 0.00 0.00 1.00 0.00 0.00
167.00 29.00 31.00 81.00 148.00 50.00 67.00 0.07 4.53 0.00 4.00 0.00 7.00 10.00 22.00 19.00 15.00 14.00 0.00 0.00 1.00 0.00 0.00
168.00 23.00 29.00 63.00 113.00 34.00 50.00 0.09 4.74 0.00 4.00 0.00 5.00 9.00 18.00 14.00 13.00 10.00 0.00 0.00 2.00 1.00 0.00
169.00 27.00 38.00 76.00 131.00 38.00 55.00 0.10 4.69 0.00 3.00 0.00 6.00 12.00 21.00 15.00 16.00 11.00 0.00 0.00 0.00 0.00 0.00
170.00 31.00 42.00 92.00 145.00 50.00 53.00 0.08 4.45 0.00 2.00 0.00 8.00 13.00 23.00 18.00 20.00 11.00 0.00 0.00 1.00 0.00 0.00
171.00 28.00 46.00 80.00 137.00 34.00 57.00 0.08 4.48 0.00 2.00 0.00 7.00 17.00 21.00 11.00 20.00 8.00 0.00 0.00 0.00 0.00 0.00
172.00 20.00 26.00 55.00 97.00 29.00 42.00 0.08 4.75 0.00 3.00 0.00 4.00 10.00 16.00 10.00 13.00 7.00 0.00 0.00 1.00 0.00 0.00
173.00 35.00 54.00 96.00 168.00 42.00 72.00 0.09 4.30 0.00 3.00 0.00 3.00 17.00 32.00 18.00 19.00 16.00 0.00 0.00 0.00 0.00 0.00
174.00 31.00 41.00 82.00 145.00 41.00 63.00 0.08 4.26 0.00 3.00 0.00 7.00 18.00 24.00 13.00 21.00 10.00 0.00 0.00 0.00 0.00 0.00
175.00 24.00 32.00 57.00 107.00 25.00 50.00 0.08 4.80 0.00 2.00 0.00 7.00 16.00 17.00 8.00 18.00 6.00 0.00 0.00 0.00 0.00 0.00
176.00 31.00 53.00 88.00 149.00 35.00 61.00 0.09 4.55 0.00 3.00 0.00 4.00 10.00 27.00 21.00 19.00 12.00 0.00 0.00 1.00 0.00 0.00
177.00 29.00 40.00 77.00 146.00 37.00 69.00 0.07 4.77 0.00 2.00 0.00 6.00 12.00 23.00 17.00 20.00 9.00 0.00 0.00 0.00 0.00 0.00
178.00 26.00 40.00 79.00 127.00 39.00 48.00 0.07 4.54 0.00 2.00 0.00 2.00 11.00 24.00 15.00 16.00 10.00 0.00 0.00 0.00 0.00 0.00
179.00 27.00 49.00 85.00 134.00 36.00 49.00 0.07 4.64 0.00 3.00 0.00 4.00 13.00 23.00 14.00 16.00 11.00 0.00 0.00 0.00 0.00 0.00
180.00 23.00 28.00 63.00 111.00 35.00 48.00 0.08 4.75 0.00 3.00 0.00 3.00 10.00 20.00 13.00 12.00 11.00 0.00 0.00 1.00 0.00 0.00
181.00 23.00 22.00 63.00 117.00 41.00 54.00 0.10 4.57 1.00 2.00 0.50 5.00 12.00 18.00 11.00 20.00 3.00 0.00 0.00 0.00 0.00 0.00
182.00 21.00 25.00 56.00 104.00 31.00 48.00 0.08 4.43 0.00 2.00 0.00 3.00 7.00 18.00 14.00 14.00 7.00 0.00 0.00 0.00 0.00 0.00
183.00 23.00 24.00 64.00 116.00 40.00 52.00 0.08 4.20 0.00 3.00 0.00 6.00 9.00 17.00 14.00 12.00 11.00 0.00 0.00 0.00 0.00 0.00
184.00 20.00 20.00 48.00 101.00 28.00 53.00 0.09 4.56 0.00 2.00 0.00 6.00 8.00 14.00 12.00 12.00 8.00 0.00 0.00 0.00 0.00 0.00
185.00 20.00 27.00 56.00 93.00 29.00 37.00 0.07 4.14 0.00 2.00 0.00 8.00 10.00 12.00 10.00 15.00 5.00 0.00 0.00 0.00 0.00 0.00
186.00 10.00 3.00 18.00 50.00 15.00 32.00 0.09 4.73 0.00 1.00 0.00 5.00 8.00 5.00 2.00 8.00 2.00 0.00 0.00 0.00 0.00 0.00
187.00 20.00 25.00 54.00 96.00 29.00 42.00 0.10 3.76 0.00 3.00 0.00 7.00 11.00 13.00 9.00 15.00 5.00 0.00 0.00 0.00 0.00 0.00
188.00 17.00 21.00 43.00 81.00 22.00 38.00 0.08 2.93 0.00 2.00 0.00 3.00 7.00 14.00 10.00 10.00 7.00 0.00 0.00 0.00 0.00 0.00
189.00 19.00 21.00 54.00 90.00 33.00 36.00 0.09 4.23 0.00 2.00 0.00 2.00 7.00 17.00 12.00 10.00 9.00 0.00 0.00 0.00 0.00 0.00
190.00 17.00 16.00 44.00 84.00 28.00 40.00 0.08 3.48 0.00 2.00 0.00 3.00 7.00 14.00 10.00 10.00 7.00 0.00 0.00 0.00 0.00 0.00
191.00 20.00 30.00 56.00 97.00 26.00 41.00 0.09 3.58 0.00 1.00 0.00 6.00 9.00 14.00 11.00 12.00 8.00 0.00 0.00 0.00 0.00 0.00
192.00 19.00 21.00 57.00 91.00 36.00 34.00 0.08 4.05 0.00 2.00 0.00 6.00 11.00 13.00 8.00 16.00 3.00 0.00 0.00 0.00 0.00 0.00
193.00 24.00 27.00 59.00 116.00 32.00 57.00 0.08 4.27 0.00 1.00 0.00 5.00 9.00 19.00 15.00 15.00 9.00 0.00 0.00 0.00 0.00 0.00
194.00 20.00 24.00 56.00 102.00 32.00 46.00 0.09 3.19 0.00 2.00 0.00 5.00 11.00 15.00 9.00 14.00 6.00 0.00 0.00 0.00 0.00 0.00
195.00 20.00 23.00 52.00 99.00 29.00 47.00 0.09 3.43 0.00 2.00 0.00 2.00 5.00 18.00 15.00 8.00 12.00 0.00 0.00 0.00 0.00 0.00
196.00 24.00 32.00 63.00 106.00 31.00 43.00 0.09 3.40 1.00 3.00 0.33 11.00 16.00 13.00 8.00 21.00 3.00 0.00 0.00 0.00 0.00 0.00
197.00 16.00 9.00 35.00 81.00 26.00 46.00 0.09 3.59 0.00 2.00 0.00 7.00 9.00 9.00 7.00 12.00 4.00 0.00 0.00 0.00 0.00 0.00
198.00 20.00 19.00 49.00 96.00 30.00 47.00 0.09 3.91 0.00 3.00 0.00 4.00 8.00 16.00 12.00 12.00 8.00 0.00 0.00 0.00 0.00 0.00
199.00 8.00 4.00 15.00 37.00 11.00 22.00 0.08 0.33 0.00 2.00 0.00 1.00 1.00 7.00 7.00 5.00 3.00 0.00 0.00 0.00 0.00 0.00
200.00 20.00 25.00 52.00 99.00 27.00 47.00 0.09 3.73 0.00 2.00 0.00 7.00 10.00 13.00 10.00 15.00 5.00 0.00 0.00 0.00 0.00 0.00
201.00 19.00 19.00 50.00 89.00 31.00 39.00 0.09 2.87 0.00 2.00 0.00 6.00 11.00 13.00 8.00 12.00 7.00 0.00 0.00 0.00 0.00 0.00
202.00 21.00 24.00 54.00 96.00 30.00 42.00 0.09 3.23 0.00 2.00 0.00 5.00 14.00 16.00 7.00 16.00 5.00 0.00 0.00 0.00 0.00 0.00
203.00 21.00 20.00 54.00 98.00 34.00 44.00 0.07 2.66 0.00 2.00 0.00 4.00 11.00 17.00 10.00 13.00 8.00 0.00 0.00 0.00 0.00 1.00
204.00 19.00 21.00 52.00 92.00 31.00 40.00 0.08 3.95 0.00 2.00 0.00 6.00 11.00 13.00 8.00 12.00 7.00 0.00 0.00 0.00 0.00 0.00
205.00 15.00 18.00 42.00 76.00 24.00 34.00 0.07 1.52 0.00 1.00 0.00 3.00 4.00 12.00 11.00 10.00 5.00 0.00 0.00 1.00 0.00 0.00
206.00 13.00 11.00 32.00 64.00 21.00 32.00 0.09 3.58 0.00 1.00 0.00 7.00 9.00 6.00 4.00 10.00 3.00 0.00 0.00 0.00 0.00 0.00
207.00 16.00 13.00 35.00 70.00 22.00 35.00 0.08 1.56 0.00 0.00 0.00 6.00 10.00 10.00 6.00 12.00 4.00 0.00 0.00 0.00 0.00 0.00
208.00 8.00 4.00 15.00 36.00 11.00 21.00 0.09 2.29 0.00 1.00 0.00 3.00 5.00 5.00 3.00 6.00 2.00 0.00 0.00 0.00 0.00 0.00
209.00 8.00 4.00 16.00 39.00 12.00 23.00 0.08 0.31 0.00 0.00 0.00 4.00 4.00 4.00 4.00 6.00 2.00 0.00 0.00 0.00 0.00 0.00
210.00 17.00 17.00 39.00 77.00 22.00 38.00 0.10 3.04 0.00 1.00 0.00 4.00 7.00 13.00 10.00 11.00 6.00 0.00 0.00 0.00 0.00 0.00
211.00 9.00 1.00 9.00 35.00 8.00 26.00 0.08 0.55 0.00 0.00 0.00 4.00 6.00 5.00 3.00 8.00 1.00 0.00 0.00 0.00 0.00 0.00
212.00 14.00 17.00 39.00 68.00 22.00 29.00 0.09 2.48 0.00 1.00 0.00 5.00 9.00 9.00 5.00 11.00 3.00 0.00 0.00 0.00 0.00 0.00
213.00 11.00 8.00 23.00 50.00 15.00 27.00 0.09 2.72 0.00 0.00 0.00 4.00 6.00 7.00 5.00 8.00 3.00 0.00 0.00 0.00 0.00 0.00
214.00 8.00 3.00 13.00 36.00 10.00 23.00 0.08 2.18 0.00 0.00 0.00 4.00 5.00 4.00 3.00 7.00 1.00 0.00 0.00 0.00 0.00 0.00
215.00 8.00 3.00 8.00 34.00 5.00 26.00 0.09 2.42 0.00 0.00 0.00 2.00 4.00 6.00 4.00 8.00 0.00 0.00 0.00 1.00 0.00 0.00
216.00 8.00 6.00 16.00 34.00 10.00 18.00 0.09 0.22 0.00 1.00 0.00 3.00 5.00 5.00 3.00 7.00 1.00 0.00 0.00 0.00 0.00 0.00
217.00 12.00 13.00 30.00 58.00 17.00 28.00 0.09 2.81 0.00 1.00 0.00 3.00 6.00 9.00 6.00 8.00 4.00 0.00 0.00 0.00 0.00 0.00
218.00 15.00 16.00 35.00 71.00 19.00 36.00 0.07 3.03 0.00 1.00 0.00 4.00 7.00 11.00 8.00 12.00 3.00 0.00 0.00 0.00 0.00 0.00
219.00 5.00 2.00 8.00 22.00 6.00 14.00 0.10 0.18 0.00 1.00 0.00 1.00 2.00 4.00 3.00 5.00 0.00 0.00 0.00 0.00 0.00 0.00
220.00 11.00 10.00 27.00 53.00 17.00 26.00 0.09 1.90 0.00 1.00 0.00 3.00 6.00 8.00 5.00 7.00 4.00 0.00 0.00 0.00 0.00 0.00
221.00 13.00 14.00 32.00 65.00 18.00 33.00 0.08 2.76 0.00 1.00 0.00 3.00 4.00 10.00 9.00 9.00 4.00 0.00 0.00 0.00 0.00 0.00
222.00 13.00 6.00 22.00 60.00 16.00 38.00 0.09 1.79 0.00 1.00 0.00 4.00 5.00 9.00 8.00 9.00 4.00 0.00 0.00 0.00 0.00 0.00
223.00 14.00 11.00 30.00 66.00 19.00 36.00 0.08 1.68 0.00 1.00 0.00 4.00 10.00 10.00 4.00 11.00 3.00 0.00 0.00 0.00 0.00 0.00
224.00 10.00 5.00 19.00 43.00 14.00 24.00 0.10 0.44 0.00 1.00 0.00 3.00 6.00 7.00 4.00 7.00 3.00 0.00 0.00 0.00 0.00 0.00
225.00 9.00 3.00 17.00 41.00 14.00 24.00 0.08 0.40 0.00 1.00 0.00 6.00 7.00 3.00 2.00 8.00 1.00 0.00 0.00 0.00 0.00 0.00
226.00 5.00 0.00 5.00 19.00 5.00 14.00 0.08 0.25 0.00 0.00 0.00 3.00 4.00 2.00 1.00 5.00 0.00 0.00 0.00 0.00 0.00 0.00
227.00 8.00 4.00 15.00 34.00 11.00 19.00 0.09 3.66 0.00 0.00 0.00 4.00 5.00 4.00 3.00 6.00 2.00 0.00 0.00 0.00 0.00 0.00
228.00 9.00 2.00 15.00 37.00 13.00 22.00 0.09 1.89 0.00 0.00 0.00 5.00 7.00 4.00 2.00 8.00 1.00 0.00 0.00 0.00 0.00 0.00
229.00 7.00 1.00 12.00 29.00 11.00 17.00 0.09 0.39 0.00 0.00 0.00 3.00 5.00 4.00 2.00 6.00 1.00 0.00 0.00 0.00 0.00 0.00
230.00 7.00 4.00 11.00 34.00 7.00 23.00 0.09 0.35 0.00 0.00 0.00 1.00 6.00 6.00 1.00 7.00 0.00 0.00 0.00 0.00 0.00 0.00
231.00 3.00 0.00 0.00 1.00 0.00 1.00 0.09 0.41 0.00 0.00 0.00 2.00 3.00 1.00 0.00 3.00 0.00 0.00 0.00 0.00 0.00 0.00
232.00 4.00 0.00 1.00 9.00 1.00 8.00 0.08 3.89 0.00 0.00 0.00 3.00 3.00 1.00 1.00 4.00 0.00 0.00 0.00 0.00 0.00 0.00
233.00 4.00 0.00 2.00 15.00 2.00 13.00 0.09 0.24 0.00 0.00 0.00 2.00 4.00 2.00 0.00 4.00 0.00 0.00 0.00 0.00 0.00 0.00
234.00 3.00 0.00 0.00 9.00 0.00 9.00 0.09 4.42 0.00 0.00 0.00 2.00 3.00 1.00 0.00 3.00 0.00 0.00 0.00 0.00 0.00 0.00
235.00 3.00 0.00 1.00 5.00 1.00 4.00 0.10 0.14 0.00 0.00 0.00 2.00 3.00 1.00 0.00 3.00 0.00 0.00 0.00 0.00 0.00 0.00
236.00 3.00 0.00 0.00 4.00 0.00 4.00 0.08 0.12 0.00 0.00 0.00 2.00 3.00 1.00 0.00 3.00 0.00 0.00 0.00 0.00 0.00 0.00
237.00 5.00 0.00 0.00 3.00 0.00 3.00 0.08 0.25 0.00 0.00 0.00 3.00 4.00 2.00 1.00 5.00 0.00 0.00 0.00 0.00 0.00 0.00
238.00 3.00 0.00 2.00 8.00 2.00 6.00 0.08 0.09 0.00 0.00 0.00 2.00 3.00 1.00 0.00 3.00 0.00 0.00 0.00 0.00 0.00 0.00
239.00 3.00 0.00 0.00 2.00 0.00 2.00 0.09 0.18 0.00 0.00 0.00 2.00 3.00 1.00 0.00 3.00 0.00 0.00 0.00 0.00 0.00 0.00
240.00 2.00 0.00 0.00 5.00 0.00 5.00 0.09 0.18 0.00 0.00 0.00 2.00 2.00 0.00 0.00 2.00 0.00 0.00 0.00 0.00 0.00 0.00
