0.00 2.00 0.00 0.00 2.00 0.00 2.00 0.09 0.02 0.00 0.00 0.00 2.00 2.00 0.00 0.00 2.00 0.00 0.00 0.00 0.00 0.00 0.00
1.00 4.00 1.00 4.00 18.00 3.00 14.00 0.10 0.16 0.00 0.00 0.00 3.00 3.00 1.00 1.00 4.00 0.00 0.00 0.00 0.00 0.00 0.00
2.00 8.00 3.00 14.00 35.00 11.00 21.00 0.07 3.86 0.00 0.00 0.00 2.00 4.00 6.00 4.00 5.00 3.00 0.00 0.00 0.00 0.00 0.00
3.00 12.00 6.00 16.00 48.00 10.00 32.00 0.09 3.66 0.00 0.00 0.00 4.00 10.00 8.00 2.00 12.00 0.00 0.00 0.00 0.00 0.00 0.00
4.00 7.00 0.00 8.00 28.00 8.00 20.00 0.08 2.38 0.00 0.00 0.00 2.00 5.00 5.00 2.00 7.00 0.00 0.00 0.00 0.00 0.00 0.00
5.00 3.00 0.00 0.00 10.00 0.00 10.00 0.10 0.09 0.00 1.00 0.00 2.00 3.00 1.00 0.00 3.00 0.00 0.00 0.00 0.00 0.00 0.00
6.00 5.00 1.00 5.00 21.00 4.00 16.00 0.10 0.41 0.00 0.00 0.00 2.00 3.00 3.00 2.00 5.00 0.00 0.00 0.00 0.00 0.00 0.00
7.00 7.00 2.00 8.00 26.00 6.00 18.00 0.09 4.82 0.00 1.00 0.00 5.00 5.00 2.00 2.00 6.00 1.00 0.00 0.00 0.00 0.00 0.00
8.00 7.00 4.00 14.00 31.00 10.00 17.00 0.09 3.98 0.00 1.00 0.00 2.00 3.00 5.00 4.00 7.00 0.00 0.00 0.00 0.00 0.00 0.00
9.00 8.00 3.00 10.00 26.00 7.00 16.00 0.10 4.66 0.00 0.00 0.00 4.00 7.00 4.00 1.00 7.00 1.00 0.00 0.00 0.00 0.00 0.00
10.00 11.00 8.00 23.00 46.00 15.00 23.00 0.06 4.80 0.00 0.00 0.00 4.00 7.00 7.00 4.00 9.00 2.00 0.00 0.00 0.00 0.00 0.00
11.00 13.00 4.00 28.00 61.00 24.00 33.00 0.09 5.07 0.00 0.00 0.00 6.00 9.00 7.00 4.00 12.00 1.00 0.00 0.00 0.00 0.00 0.00
12.00 9.00 3.00 16.00 39.00 13.00 23.00 0.08 5.03 0.00 0.00 0.00 4.00 6.00 5.00 3.00 8.00 1.00 1.00 0.00 0.00 0.00 0.00
13.00 9.00 6.00 15.00 40.00 9.00 25.00 0.09 3.89 0.00 0.00 0.00 2.00 3.00 7.00 6.00 7.00 2.00 0.00 0.00 0.00 0.00 0.00
14.00 16.00 9.00 36.00 79.00 27.00 43.00 0.09 4.83 0.00 0.00 0.00 7.00 9.00 9.00 7.00 13.00 3.00 0.00 0.00 0.00 0.00 0.00
15.00 11.00 6.00 24.00 52.00 18.00 28.00 0.09 1.94 0.00 0.00 0.00 1.00 5.00 10.00 6.00 9.00 2.00 0.00 0.00 0.00 1.00 0.00
16.00 8.00 4.00 15.00 39.00 11.00 24.00 0.08 4.53 0.00 0.00 0.00 1.00 4.00 7.00 4.00 7.00 1.00 0.00 0.00 0.00 0.00 0.00
17.00 13.00 10.00 26.00 59.00 16.00 33.00 0.07 4.14 0.00 0.00 0.00 6.00 9.00 7.00 4.00 11.00 2.00 0.00 0.00 0.00 0.00 0.00
18.00 15.00 7.00 24.00 63.00 17.00 39.00 0.09 4.81 0.00 0.00 0.00 4.00 10.00 11.00 5.00 14.00 1.00 0.00 0.00 1.00 0.00 0.00
19.00 13.00 12.00 33.00 67.00 21.00 34.00 0.09 4.30 0.00 0.00 0.00 3.00 4.00 10.00 9.00 8.00 5.00 0.00 0.00 0.00 0.00 0.00
20.00 17.00 14.00 41.00 87.00 27.00 46.00 0.08 4.68 0.00 0.00 0.00 2.00 7.00 15.00 10.00 12.00 5.00 0.00 0.00 0.00 0.00 0.00
21.00 13.00 6.00 22.00 56.00 16.00 34.00 0.09 3.31 0.00 0.00 0.00 5.00 8.00 8.00 5.00 11.00 2.00 0.00 0.00 0.00 1.00 0.00
22.00 15.00 13.00 35.00 72.00 22.00 37.00 0.08 5.27 0.00 0.00 0.00 3.00 5.00 12.00 10.00 10.00 5.00 0.00 0.00 0.00 0.00 0.00
23.00 17.00 17.00 41.00 86.00 24.00 45.00 0.09 5.08 0.00 0.00 0.00 5.00 9.00 12.00 8.00 14.00 3.00 0.00 0.00 0.00 0.00 0.00
24.00 13.00 3.00 23.00 66.00 20.00 43.00 0.08 4.98 0.00 1.00 0.00 6.00 9.00 7.00 4.00 11.00 2.00 0.00 0.00 0.00 0.00 0.00
25.00 14.00 14.00 34.00 68.00 20.00 34.00 0.08 4.73 0.00 0.00 0.00 7.00 8.00 7.00 6.00 9.00 5.00 0.00 0.00 0.00 0.00 0.00
26.00 19.00 26.00 53.00 95.00 27.00 42.00 0.08 3.75 0.00 1.00 0.00 3.00 7.00 16.00 12.00 11.00 8.00 0.00 0.00 0.00 0.00 0.00
27.00 16.00 19.00 44.00 78.00 25.00 34.00 0.08 4.56 0.00 1.00 0.00 4.00 7.00 12.00 9.00 12.00 4.00 0.00 0.00 0.00 0.00 0.00
28.00 21.00 29.00 57.00 92.00 28.00 35.00 0.11 4.74 0.00 1.00 0.00 4.00 9.00 17.00 12.00 12.00 9.00 0.00 0.00 0.00 0.00 0.00
29.00 17.00 25.00 46.00 83.00 21.00 37.00 0.08 4.93 0.00 1.00 0.00 5.00 9.00 12.00 8.00 11.00 6.00 0.00 0.00 0.00 1.00 0.00
30.00 15.00 22.00 42.00 75.00 20.00 33.00 0.09 4.03 0.00 1.00 0.00 3.00 8.00 12.00 7.00 12.00 3.00 0.00 0.00 0.00 0.00 0.00
31.00 15.00 19.00 40.00 73.00 21.00 33.00 0.09 4.88 0.00 1.00 0.00 4.00 8.00 11.00 7.00 12.00 3.00 0.00 0.00 0.00 0.00 0.00
32.00 12.00 7.00 26.00 60.00 19.00 34.00 0.11 4.40 0.00 1.00 0.00 4.00 6.00 8.00 6.00 9.00 3.00 0.00 0.00 0.00 0.00 0.00
33.00 19.00 15.00 40.00 83.00 25.00 43.00 0.09 3.09 0.00 1.00 0.00 5.00 11.00 14.00 8.00 14.00 5.00 0.00 0.00 0.00 0.00 0.00
34.00 18.00 19.00 44.00 84.00 25.00 40.00 0.09 4.63 0.00 2.00 0.00 5.00 8.00 13.00 10.00 12.00 6.00 0.00 0.00 0.00 0.00 0.00
35.00 18.00 26.00 50.00 87.00 24.00 37.00 0.10 4.94 0.00 1.00 0.00 3.00 8.00 15.00 10.00 13.00 5.00 0.00 0.00 0.00 0.00 0.00
36.00 9.00 7.00 19.00 41.00 12.00 22.00 0.10 4.51 0.00 1.00 0.00 6.00 7.00 3.00 2.00 7.00 2.00 0.00 0.00 0.00 0.00 0.00
37.00 14.00 15.00 34.00 66.00 19.00 32.00 0.08 4.63 0.00 1.00 0.00 3.00 7.00 11.00 7.00 10.00 4.00 0.00 0.00 1.00 0.00 0.00
38.00 15.00 22.00 42.00 76.00 20.00 34.00 0.08 4.31 0.00 1.00 0.00 2.00 6.00 13.00 9.00 8.00 7.00 0.00 0.00 0.00 0.00 0.00
39.00 16.00 19.00 42.00 77.00 23.00 35.00 0.07 5.10 0.00 1.00 0.00 5.00 7.00 11.00 9.00 8.00 8.00 0.00 0.00 0.00 0.00 0.00
40.00 15.00 10.00 38.00 73.00 28.00 35.00 0.07 4.97 0.00 1.00 0.00 5.00 10.00 10.00 5.00 10.00 5.00 0.00 0.00 0.00 0.00 0.00
41.00 17.00 15.00 43.00 81.00 28.00 38.00 0.09 5.04 0.00 1.00 0.00 3.00 8.00 14.00 9.00 13.00 4.00 0.00 0.00 1.00 0.00 0.00
42.00 17.00 20.00 46.00 81.00 26.00 35.00 0.09 4.62 0.00 1.00 0.00 5.00 7.00 12.00 10.00 11.00 6.00 0.00 0.00 0.00 0.00 0.00
43.00 17.00 13.00 41.00 77.00 28.00 36.00 0.08 3.60 0.00 2.00 0.00 8.00 10.00 9.00 7.00 12.00 5.00 0.00 0.00 0.00 0.00 0.00
44.00 19.00 26.00 51.00 90.00 25.00 39.00 0.07 4.45 0.00 1.00 0.00 6.00 11.00 13.00 8.00 12.00 7.00 0.00 0.00 0.00 0.00 0.00
45.00 12.00 11.00 27.00 55.00 16.00 28.00 0.09 4.35 0.00 2.00 0.00 4.00 5.00 8.00 7.00 9.00 3.00 0.00 0.00 0.00 0.00 0.00
46.00 23.00 32.00 62.00 116.00 30.00 54.00 0.08 4.81 0.00 2.00 0.00 8.00 13.00 15.00 10.00 15.00 8.00 0.00 0.00 0.00 0.00 0.00
47.00 24.00 34.00 75.00 117.00 41.00 42.00 0.08 4.77 0.00 2.00 0.00 5.00 10.00 19.00 14.00 13.00 11.00 0.00 0.00 0.00 0.00 0.00
48.00 25.00 31.00 71.00 128.00 40.00 57.00 0.09 4.68 0.00 2.00 0.00 4.00 14.00 21.00 11.00 15.00 10.00 0.00 0.00 0.00 0.00 0.00
49.00 27.00 31.00 76.00 133.00 45.00 57.00 0.08 4.61 0.00 2.00 0.00 6.00 16.00 21.00 11.00 19.00 8.00 0.00 0.00 0.00 0.00 0.00
50.00 22.00 38.00 69.00 109.00 31.00 40.00 0.08 5.01 0.00 2.00 0.00 6.00 10.00 16.00 12.00 14.00 8.00 0.00 0.00 0.00 0.00 0.00
51.00 29.00 39.00 77.00 138.00 38.00 61.00 0.09 4.95 0.00 2.00 0.00 6.00 11.00 23.00 18.00 15.00 14.00 0.00 0.00 2.00 0.00 0.00
52.00 26.00 32.00 76.00 128.00 44.00 52.00 0.08 4.87 0.00 2.00 0.00 4.00 9.00 22.00 17.00 15.00 11.00 0.00 0.00 0.00 0.00 0.00
53.00 25.00 34.00 73.00 126.00 39.00 53.00 0.09 4.24 0.00 2.00 0.00 2.00 11.00 23.00 14.00 16.00 9.00 0.00 0.00 0.00 0.00 1.00
54.00 33.00 37.00 89.00 158.00 52.00 69.00 0.10 4.72 0.00 2.00 0.00 6.00 15.00 27.00 18.00 22.00 11.00 0.00 0.00 0.00 0.00 0.00
55.00 27.00 38.00 80.00 136.00 42.00 56.00 0.09 4.23 0.00 2.00 0.00 6.00 12.00 21.00 15.00 14.00 13.00 0.00 0.00 1.00 0.00 0.00
56.00 21.00 19.00 51.00 112.00 32.00 61.00 0.09 4.70 0.00 3.00 0.00 4.00 7.00 17.00 14.00 12.00 9.00 0.00 0.00 0.00 0.00 0.00
57.00 29.00 24.00 70.00 148.00 46.00 78.00 0.09 4.75 0.00 1.00 0.00 6.00 13.00 23.00 16.00 18.00 11.00 0.00 0.00 2.00 0.00 0.00
58.00 26.00 34.00 68.00 131.00 34.00 63.00 0.07 3.91 0.00 2.00 0.00 6.00 13.00 20.00 13.00 16.00 10.00 0.00 0.00 1.00 0.00 0.00
59.00 32.00 48.00 94.00 166.00 46.00 72.00 0.09 4.88 0.00 2.00 0.00 11.00 16.00 21.00 16.00 19.00 13.00 0.00 0.00 1.00 0.00 0.00
60.00 20.00 28.00 53.00 97.00 25.00 44.00 0.08 4.07 0.00 2.00 0.00 5.00 7.00 15.00 13.00 11.00 9.00 0.00 0.00 0.00 0.00 0.00
61.00 18.00 12.00 39.00 87.00 27.00 48.00 0.09 3.73 0.00 1.00 0.00 7.00 10.00 11.00 8.00 14.00 4.00 0.00 0.00 1.00 0.00 0.00
62.00 31.00 32.00 81.00 158.00 49.00 77.00 0.08 4.88 0.00 2.00 0.00 7.00 16.00 24.00 15.00 23.00 8.00 0.00 0.00 0.00 0.00 0.00
63.00 27.00 26.00 68.00 131.00 42.00 63.00 0.09 4.60 0.00 1.00 0.00 9.00 15.00 18.00 12.00 19.00 8.00 0.00 0.00 0.00 0.00 0.00
64.00 19.00 23.00 53.00 96.00 30.00 43.00 0.07 3.96 0.00 2.00 0.00 6.00 8.00 13.00 11.00 11.00 8.00 0.00 0.00 0.00 0.00 0.00
65.00 25.00 28.00 61.00 120.00 33.00 59.00 0.09 4.70 0.00 2.00 0.00 3.00 8.00 22.00 17.00 13.00 12.00 0.00 0.00 0.00 0.00 0.00
66.00 27.00 40.00 83.00 143.00 43.00 60.00 0.07 4.65 1.00 2.00 0.50 7.00 15.00 20.00 12.00 19.00 8.00 0.00 0.00 0.00 0.00 0.00
67.00 30.00 33.00 85.00 147.00 52.00 62.00 0.06 4.13 0.00 3.00 0.00 8.00 11.00 22.00 19.00 16.00 14.00 0.00 0.00 1.00 0.00 0.00
68.00 34.00 50.00 89.00 169.00 39.00 80.00 0.09 4.34 0.00 2.00 0.00 10.00 17.00 24.00 17.00 23.00 11.00 0.00 0.00 1.00 0.00 0.00
69.00 28.00 29.00 74.00 142.00 45.00 68.00 0.08 3.49 0.00 2.00 0.00 5.00 13.00 23.00 15.00 17.00 11.00 0.00 0.00 1.00 0.00 0.00
70.00 28.00 36.00 80.00 142.00 44.00 62.00 0.10 4.03 0.00 2.00 0.00 5.00 11.00 23.00 17.00 20.00 8.00 0.00 0.00 1.00 0.00 0.00
71.00 29.00 33.00 85.00 146.00 52.00 61.00 0.09 4.04 0.00 2.00 0.00 8.00 14.00 21.00 15.00 17.00 12.00 0.00 0.00 2.00 0.00 0.00
72.00 24.00 23.00 64.00 118.00 41.00 54.00 0.08 3.82 0.00 2.00 0.00 8.00 13.00 16.00 11.00 17.00 7.00 0.00 0.00 1.00 0.00 0.00
73.00 17.00 21.00 44.00 75.00 23.00 31.00 0.08 4.91 0.00 2.00 0.00 3.00 5.00 14.00 12.00 12.00 5.00 0.00 0.00 0.00 0.00 0.00
74.00 31.00 42.00 87.00 148.00 45.00 61.00 0.07 4.27 0.00 2.00 0.00 7.00 16.00 24.00 15.00 19.00 12.00 0.00 0.00 2.00 0.00 0.00
75.00 23.00 23.00 52.00 112.00 29.00 60.00 0.07 3.51 0.00 2.00 0.00 8.00 14.00 15.00 9.00 17.00 6.00 0.00 0.00 0.00 0.00 0.00
76.00 31.00 38.00 86.00 154.00 48.00 68.00 0.07 4.09 0.00 2.00 0.00 8.00 11.00 23.00 20.00 17.00 14.00 0.00 0.00 0.00 0.00 0.00
77.00 32.00 37.00 90.00 160.00 53.00 70.00 0.08 4.38 0.00 2.00 0.00 9.00 15.00 23.00 17.00 21.00 11.00 0.00 0.00 1.00 0.00 0.00
78.00 33.00 39.00 92.00 166.00 53.00 74.00 0.08 4.45 0.00 2.00 0.00 7.00 14.00 26.00 19.00 18.00 15.00 0.00 0.00 1.00 0.00 0.00
79.00 32.00 54.00 95.00 168.00 41.00 73.00 0.09 4.44 0.00 2.00 0.00 4.00 11.00 28.00 21.00 15.00 17.00 0.00 0.00 2.00 0.00 0.00
80.00 34.00 48.00 102.00 166.00 54.00 64.00 0.06 3.67 0.00 2.00 0.00 7.00 13.00 27.00 21.00 23.00 11.00 0.00 0.00 2.00 0.00 0.00
81.00 33.00 36.00 90.00 165.00 54.00 75.00 0.09 4.41 0.00 2.00 0.00 9.00 20.00 24.00 13.00 22.00 11.00 0.00 0.00 0.00 0.00 0.00
82.00 35.00 37.00 96.00 172.00 59.00 76.00 0.08 3.86 0.00 5.00 0.00 12.00 19.00 23.00 16.00 25.00 10.00 0.00 0.00 0.00 0.00 0.00
83.00 37.00 60.00 110.00 184.00 50.00 74.00 0.09 3.97 1.00 5.00 0.20 12.00 18.00 25.00 19.00 23.00 14.00 0.00 0.00 1.00 0.00 0.00
84.00 37.00 50.00 103.00 182.00 53.00 79.00 0.08 4.31 0.00 2.00 0.00 8.00 17.00 29.00 20.00 26.00 11.00 0.00 0.00 0.00 0.00 0.00
85.00 38.00 42.00 114.00 193.00 72.00 79.00 0.10 3.56 2.00 4.00 0.50 7.00 14.00 31.00 24.00 22.00 16.00 0.00 0.00 0.00 0.00 0.00
86.00 34.00 51.00 104.00 166.00 53.00 62.00 0.09 3.36 1.00 2.00 0.50 11.00 18.00 23.00 16.00 20.00 14.00 0.00 0.00 0.00 0.00 0.00
87.00 32.00 48.00 94.00 156.00 46.00 62.00 0.09 4.36 0.00 3.00 0.00 6.00 16.00 26.00 16.00 20.00 12.00 0.00 0.00 0.00 0.00 0.00
88.00 27.00 30.00 73.00 139.00 43.00 66.00 0.10 4.19 1.00 2.00 0.50 4.00 8.00 23.00 19.00 15.00 12.00 0.00 0.00 0.00 0.00 0.00
89.00 32.00 47.00 92.00 161.00 45.00 69.00 0.07 3.62 0.00 1.00 0.00 9.00 16.00 23.00 16.00 24.00 8.00 0.00 0.00 0.00 0.00 0.00
90.00 28.00 23.00 68.00 139.00 45.00 71.00 0.06 3.69 2.00 3.00 0.67 7.00 17.00 21.00 11.00 21.00 7.00 0.00 0.00 0.00 0.00 0.00
91.00 29.00 38.00 85.00 150.00 47.00 65.00 0.09 3.74 1.00 3.00 0.33 5.00 13.00 24.00 16.00 17.00 12.00 0.00 0.00 0.00 2.00 0.00
92.00 30.00 42.00 90.00 156.00 48.00 66.00 0.08 3.29 2.00 3.00 0.67 7.00 14.00 23.00 16.00 18.00 12.00 0.00 0.00 0.00 0.00 0.00
93.00 31.00 36.00 85.00 156.00 49.00 71.00 0.09 3.97 0.00 3.00 0.00 7.00 13.00 24.00 18.00 15.00 16.00 0.00 0.00 0.00 0.00 0.00
94.00 33.00 40.00 87.00 157.00 47.00 70.00 0.08 3.77 0.00 3.00 0.00 6.00 14.00 27.00 19.00 22.00 11.00 0.00 0.00 0.00 0.00 0.00
95.00 33.00 44.00 90.00 165.00 46.00 75.00 0.08 3.54 1.00 2.00 0.50 14.00 19.00 19.00 14.00 23.00 10.00 0.00 0.00 0.00 0.00 0.00
96.00 30.00 35.00 92.00 152.00 57.00 60.00 0.09 3.73 1.00 2.00 0.50 6.00 15.00 24.00 15.00 17.00 13.00 0.00 0.00 0.00 0.00 0.00
97.00 32.00 34.00 82.00 161.00 48.00 79.00 0.09 3.21 1.00 2.00 0.50 7.00 12.00 25.00 20.00 21.00 11.00 0.00 0.00 1.00 0.00 0.00
98.00 27.00 28.00 76.00 138.00 48.00 62.00 0.08 2.21 1.00 1.00 1.00 6.00 9.00 21.00 18.00 16.00 11.00 0.00 0.00 0.00 0.00 0.00
99.00 29.00 46.00 87.00 140.00 41.00 53.00 0.09 2.89 1.00 2.00 0.50 10.00 14.00 19.00 15.00 15.00 14.00 0.00 0.00 0.00 0.00 0.00
100.00 20.00 17.00 48.00 100.00 31.00 52.00 0.08 3.76 0.00 2.00 0.00 4.00 8.00 16.00 12.00 12.00 8.00 0.00 0.00 1.00 0.00 0.00
101.00 27.00 43.00 77.00 125.00 34.00 48.00 0.09 2.32 0.00 2.00 0.00 5.00 13.00 22.00 14.00 16.00 11.00 0.00 0.00 0.00 0.00 0.00
102.00 24.00 26.00 71.00 125.00 45.00 54.00 0.08 3.36 0.00 1.00 0.00 5.00 13.00 19.00 11.00 15.00 9.00 0.00 0.00 0.00 0.00 0.00
103.00 27.00 31.00 69.00 127.00 38.00 58.00 0.08 2.18 0.00 1.00 0.00 7.00 10.00 20.00 17.00 16.00 11.00 0.00 0.00 1.00 1.00 0.00
104.00 25.00 27.00 70.00 120.00 43.00 50.00 0.08 3.95 0.00 1.00 0.00 7.00 13.00 18.00 12.00 20.00 5.00 0.00 0.00 0.00 0.00 0.00
105.00 26.00 33.00 72.00 124.00 39.00 52.00 0.09 2.59 0.00 1.00 0.00 7.00 13.00 19.00 13.00 15.00 11.00 0.00 0.00 0.00 0.00 0.00
106.00 22.00 17.00 56.00 111.00 39.00 55.00 0.09 1.20 0.00 2.00 0.00 3.00 11.00 19.00 11.00 17.00 5.00 0.00 0.00 0.00 0.00 0.00
107.00 21.00 17.00 50.00 104.00 33.00 54.00 0.09 3.63 0.00 2.00 0.00 3.00 11.00 18.00 10.00 15.00 6.00 0.00 0.00 0.00 0.00 0.00
108.00 24.00 19.00 58.00 121.00 39.00 63.00 0.09 2.49 0.00 2.00 0.00 5.00 16.00 19.00 8.00 20.00 4.00 0.00 0.00 0.00 1.00 0.00
109.00 18.00 22.00 43.00 90.00 21.00 47.00 0.08 2.75 0.00 2.00 0.00 4.00 10.00 14.00 8.00 13.00 5.00 0.00 0.00 0.00 0.00 0.00
110.00 22.00 26.00 53.00 102.00 27.00 49.00 0.08 1.45 0.00 1.00 0.00 6.00 12.00 16.00 10.00 13.00 9.00 0.00 0.00 0.00 0.00 0.00
111.00 23.00 29.00 69.00 119.00 40.00 50.00 0.09 1.18 1.00 2.00 0.50 4.00 11.00 19.00 12.00 16.00 7.00 0.00 0.00 1.00 0.00 0.00
112.00 24.00 25.00 63.00 122.00 38.00 59.00 0.07 0.61 0.00 1.00 0.00 4.00 8.00 20.00 16.00 15.00 9.00 0.00 0.00 0.00 0.00 0.00
113.00 26.00 34.00 70.00 124.00 36.00 54.00 0.09 1.78 0.00 0.00 0.00 8.00 12.00 18.00 14.00 17.00 9.00 0.00 0.00 0.00 0.00 0.00
114.00 20.00 24.00 53.00 103.00 29.00 50.00 0.10 1.38 0.00 2.00 0.00 2.00 8.00 18.00 12.00 12.00 8.00 0.00 0.00 1.00 0.00 0.00
115.00 24.00 22.00 57.00 119.00 35.00 62.00 0.09 0.59 0.00 1.00 0.00 7.00 12.00 17.00 12.00 17.00 7.00 0.00 0.00 1.00 0.00 0.00
116.00 19.00 23.00 48.00 92.00 25.00 44.00 0.07 3.43 0.00 1.00 0.00 4.00 9.00 15.00 10.00 10.00 9.00 0.00 0.00 0.00 0.00 0.00
117.00 21.00 25.00 55.00 105.00 30.00 50.00 0.09 2.58 0.00 1.00 0.00 5.00 13.00 16.00 8.00 17.00 4.00 0.00 0.00 0.00 0.00 0.00
118.00 16.00 9.00 29.00 70.00 20.00 41.00 0.08 3.39 0.00 1.00 0.00 4.00 10.00 12.00 6.00 13.00 3.00 0.00 0.00 0.00 0.00 0.00
119.00 24.00 26.00 63.00 124.00 37.00 61.00 0.08 2.52 0.00 1.00 0.00 6.00 10.00 18.00 14.00 15.00 9.00 0.00 0.00 0.00 0.00 0.00
120.00 27.00 32.00 70.00 126.00 38.00 56.00 0.09 1.97 0.00 2.00 0.00 7.00 12.00 20.00 15.00 16.00 11.00 0.00 0.00 1.00 0.00 0.00
121.00 26.00 35.00 67.00 126.00 32.00 59.00 0.09 2.36 0.00 1.00 0.00 5.00 12.00 21.00 14.00 19.00 7.00 0.00 0.00 0.00 0.00 0.00
122.00 27.00 32.00 63.00 116.00 31.00 53.00 0.08 2.99 0.00 1.00 0.00 8.00 13.00 19.00 14.00 17.00 10.00 0.00 0.00 0.00 0.00 0.00
123.00 21.00 27.00 58.00 99.00 31.00 41.00 0.08 0.57 0.00 2.00 0.00 6.00 12.00 15.00 9.00 17.00 4.00 0.00 0.00 0.00 0.00 0.00
124.00 19.00 17.00 46.00 95.00 29.00 49.00 0.09 1.31 0.00 2.00 0.00 4.00 10.00 15.00 9.00 14.00 5.00 0.00 0.00 0.00 0.00 0.00
125.00 19.00 24.00 54.00 97.00 30.00 43.00 0.07 1.26 0.00 2.00 0.00 5.00 14.00 14.00 5.00 14.00 5.00 0.00 0.00 1.00 0.00 0.00
126.00 23.00 24.00 64.00 121.00 40.00 57.00 0.09 0.53 0.00 2.00 0.00 10.00 12.00 13.00 11.00 16.00 7.00 0.00 0.00 0.00 0.00 0.00
127.00 18.00 17.00 44.00 90.00 27.00 46.00 0.09 2.26 0.00 2.00 0.00 4.00 9.00 14.00 9.00 10.00 8.00 0.00 0.00 1.00 0.00 0.00
128.00 22.00 28.00 60.00 109.00 32.00 49.00 0.08 1.99 0.00 2.00 0.00 2.00 3.00 20.00 19.00 12.00 10.00 0.00 0.00 0.00 0.00 0.00
129.00 23.00 20.00 63.00 112.00 43.00 49.00 0.08 1.83 0.00 2.00 0.00 8.00 9.00 15.00 14.00 16.00 7.00 0.00 0.00 0.00 0.00 0.00
130.00 18.00 17.00 44.00 86.00 27.00 42.00 0.08 2.20 0.00 3.00 0.00 4.00 7.00 14.00 11.00 14.00 4.00 0.00 0.00 0.00 0.00 0.00
131.00 17.00 11.00 39.00 84.00 28.00 45.00 0.08 2.16 0.00 1.00 0.00 3.00 7.00 14.00 10.00 10.00 7.00 0.00 0.00 0.00 0.00 0.00
132.00 17.00 18.00 43.00 74.00 25.00 31.00 0.09 0.40 0.00 1.00 0.00 7.00 10.00 10.00 7.00 12.00 5.00 0.00 0.00 1.00 0.00 0.00
133.00 17.00 17.00 43.00 85.00 26.00 42.00 0.08 1.34 0.00 1.00 0.00 3.00 8.00 14.00 9.00 11.00 6.00 0.00 0.00 1.00 0.00 0.00
134.00 15.00 10.00 35.00 74.00 25.00 39.00 0.08 0.41 0.00 0.00 0.00 4.00 8.00 11.00 7.00 12.00 3.00 0.00 0.00 1.00 0.00 0.00
135.00 20.00 20.00 47.00 97.00 27.00 50.00 0.07 0.46 0.00 0.00 0.00 7.00 8.00 13.00 12.00 12.00 8.00 0.00 0.00 0.00 0.00 0.00
136.00 18.00 13.00 45.00 90.00 32.00 45.00 0.08 0.41 0.00 0.00 0.00 5.00 6.00 13.00 12.00 12.00 6.00 0.00 0.00 0.00 0.00 0.00
137.00 17.00 18.00 44.00 80.00 26.00 36.00 0.08 0.47 0.00 0.00 0.00 6.00 9.00 11.00 8.00 12.00 5.00 0.00 0.00 0.00 0.00 0.00
138.00 15.00 10.00 34.00 68.00 24.00 34.00 0.07 0.49 0.00 0.00 0.00 6.00 11.00 9.00 4.00 13.00 2.00 0.00 0.00 0.00 0.00 0.00
139.00 17.00 18.00 44.00 76.00 26.00 32.00 0.07 0.56 0.00 0.00 0.00 6.00 10.00 11.00 7.00 11.00 6.00 0.00 0.00 0.00 0.00 0.00
140.00 18.00 18.00 40.00 83.00 22.00 43.00 0.10 0.46 0.00 0.00 0.00 7.00 8.00 11.00 10.00 11.00 7.00 0.00 0.00 0.00 0.00 0.00
141.00 9.00 4.00 14.00 41.00 10.00 27.00 0.08 0.48 0.00 1.00 0.00 1.00 3.00 8.00 6.00 5.00 4.00 0.00 0.00 0.00 0.00 0.00
142.00 6.00 1.00 9.00 27.00 8.00 18.00 0.09 0.31 0.00 1.00 0.00 1.00 2.00 5.00 4.00 3.00 3.00 0.00 0.00 0.00 0.00 0.00
143.00 7.00 5.00 14.00 32.00 9.00 18.00 0.08 0.30 0.00 0.00 0.00 2.00 5.00 5.00 2.00 7.00 0.00 0.00 0.00 0.00 0.00 0.00
144.00 8.00 6.00 17.00 40.00 11.00 23.00 0.09 2.26 0.00 0.00 0.00 3.00 4.00 5.00 4.00 5.00 3.00 0.00 0.00 0.00 0.00 0.00
145.00 14.00 11.00 30.00 61.00 19.00 31.00 0.09 1.74 0.00 0.00 0.00 4.00 7.00 10.00 7.00 10.00 4.00 0.00 0.00 0.00 0.00 0.00
146.00 13.00 11.00 30.00 58.00 19.00 28.00 0.08 3.65 0.00 0.00 0.00 3.00 8.00 10.00 5.00 11.00 2.00 0.00 0.00 0.00 0.00 0.00
147.00 12.00 11.00 28.00 55.00 17.00 27.00 0.08 2.83 0.00 0.00 0.00 3.00 4.00 9.00 8.00 9.00 3.00 0.00 0.00 0.00 0.00 0.00
148.00 14.00 13.00 31.00 61.00 18.00 30.00 0.10 1.60 0.00 0.00 0.00 5.00 5.00 9.00 9.00 11.00 3.00 0.00 0.00 0.00 0.00 0.00
149.00 12.00 5.00 23.00 58.00 18.00 35.00 0.08 1.72 0.00 0.00 0.00 4.00 7.00 8.00 5.00 11.00 1.00 0.00 0.00 0.00 0.00 0.00
150.00 12.00 6.00 16.00 51.00 10.00 35.00 0.08 4.12 0.00 1.00 0.00 5.00 8.00 7.00 4.00 10.00 2.00 0.00 0.00 1.00 0.00 0.00
151.00 8.00 6.00 14.00 36.00 8.00 22.00 0.10 0.37 0.00 0.00 0.00 2.00 4.00 6.00 4.00 8.00 0.00 0.00 0.00 1.00 0.00 0.00
152.00 11.00 9.00 26.00 54.00 17.00 28.00 0.09 1.90 0.00 0.00 0.00 2.00 4.00 9.00 7.00 9.00 2.00 0.00 0.00 0.00 0.00 0.00
153.00 6.00 0.00 6.00 22.00 6.00 16.00 0.10 0.36 0.00 0.00 0.00 5.00 5.00 1.00 1.00 5.00 1.00 0.00 0.00 0.00 0.00 0.00
154.00 8.00 1.00 11.00 35.00 10.00 24.00 0.09 0.35 0.00 0.00 0.00 4.00 6.00 4.00 2.00 8.00 0.00 0.00 0.00 1.00 0.00 0.00
155.00 6.00 1.00 7.00 24.00 6.00 17.00 0.08 0.26 0.00 0.00 0.00 3.00 5.00 3.00 1.00 6.00 0.00 0.00 0.00 0.00 0.00 0.00
156.00 6.00 1.00 8.00 26.00 7.00 18.00 0.07 0.27 0.00 0.00 0.00 4.00 5.00 2.00 1.00 5.00 1.00 0.00 0.00 0.00 0.00 0.00
157.00 9.00 3.00 14.00 34.00 11.00 20.00 0.09 3.09 0.00 0.00 0.00 4.00 7.00 5.00 2.00 9.00 0.00 0.00 0.00 0.00 0.00 0.00
158.00 4.00 0.00 2.00 14.00 2.00 12.00 0.07 0.33 0.00 0.00 0.00 3.00 3.00 1.00 1.00 4.00 0.00 0.00 0.00 0.00 0.00 0.00
159.00 3.00 0.00 0.00 1.00 0.00 1.00 0.09 0.20 0.00 0.00 0.00 2.00 3.00 1.00 0.00 3.00 0.00 0.00 0.00 0.00 0.00 0.00
160.00 4.00 0.00 2.00 15.00 2.00 13.00 0.09 0.34 0.00 0.00 0.00 3.00 3.00 1.00 1.00 4.00 0.00 0.00 0.00 0.00 0.00 0.00
161.00 4.00 0.00 2.00 14.00 2.00 12.00 0.09 0.41 0.00 0.00 0.00 3.00 3.00 1.00 1.00 4.00 0.00 0.00 0.00 0.00 0.00 0.00
162.00 3.00 0.00 0.00 7.00 0.00 7.00 0.07 4.61 0.00 0.00 0.00 2.00 3.00 1.00 0.00 3.00 0.00 0.00 0.00 0.00 0.00 0.00
163.00 3.00 0.00 2.00 8.00 2.00 6.00 0.08 0.12 0.00 0.00 0.00 2.00 3.00 1.00 0.00 3.00 0.00 0.00 0.00 0.00 0.00 0.00
164.00 8.00 5.00 16.00 39.00 11.00 23.00 0.10 0.31 0.00 0.00 0.00 3.00 4.00 5.00 4.00 5.00 3.00 0.00 0.00 0.00 0.00 0.00
165.00 8.00 5.00 17.00 39.00 12.00 22.00 0.09 0.39 0.00 0.00 0.00 2.00 4.00 6.00 4.00 6.00 2.00 0.00 0.00 0.00 0.00 0.00
166.00 5.00 2.00 8.00 23.00 6.00 15.00 0.09 0.12 0.00 0.00 0.00 3.00 4.00 2.00 1.00 5.00 0.00 0.00 0.00 0.00 0.00 0.00
167.00 2.00 0.00 0.00 3.00 0.00 3.00 0.08 0.01 0.00 0.00 0.00 2.00 2.00 0.00 0.00 2.00 0.00 0.00 0.00 0.00 0.00 0.00
168.00 2.00 0.00 0.00 3.00 0.00 3.00 0.08 0.15 0.00 0.00 0.00 2.00 2.00 0.00 0.00 2.00 0.00 0.00 0.00 0.00 0.00 0.00
