0.00 2.00 0.00 0.00 1.00 0.00 1.00 0.07 5.28 0.00 0.00 0.00 2.00 2.00 0.00 0.00 2.00 0.00 0.00 0.00 0.00 0.00 0.00
1.00 5.00 2.00 7.00 23.00 5.00 16.00 0.09 3.28 0.00 0.00 0.00 3.00 4.00 2.00 1.00 5.00 0.00 0.00 0.00 0.00 0.00 0.00
2.00 3.00 0.00 0.00 10.00 0.00 10.00 0.08 0.04 0.00 0.00 0.00 2.00 3.00 1.00 0.00 3.00 0.00 0.00 0.00 0.00 0.00 0.00
3.00 4.00 1.00 3.00 14.00 2.00 11.00 0.08 0.19 0.00 0.00 0.00 2.00 4.00 2.00 0.00 4.00 0.00 0.00 0.00 0.00 0.00 0.00
4.00 8.00 3.00 15.00 38.00 12.00 23.00 0.10 0.19 0.00 0.00 0.00 3.00 7.00 5.00 1.00 7.00 1.00 0.00 0.00 0.00 0.00 0.00
5.00 12.00 9.00 26.00 52.00 17.00 26.00 0.07 1.65 0.00 0.00 0.00 3.00 8.00 9.00 4.00 10.00 2.00 0.00 0.00 0.00 0.00 0.00
6.00 5.00 0.00 4.00 22.00 4.00 18.00 0.09 0.22 0.00 0.00 0.00 2.00 5.00 3.00 0.00 5.00 0.00 0.00 0.00 0.00 0.00 0.00
7.00 9.00 6.00 18.00 43.00 12.00 25.00 0.07 0.46 0.00 0.00 0.00 3.00 5.00 6.00 4.00 7.00 2.00 0.00 0.00 0.00 0.00 0.00
8.00 5.00 0.00 5.00 19.00 5.00 14.00 0.09 0.39 0.00 0.00 0.00 3.00 4.00 2.00 1.00 5.00 0.00 0.00 0.00 0.00 0.00 0.00
9.00 9.00 6.00 18.00 43.00 12.00 25.00 0.09 2.08 0.00 0.00 0.00 0.00 5.00 9.00 4.00 6.00 3.00 0.00 0.00 0.00 0.00 0.00
10.00 13.00 9.00 29.00 59.00 20.00 30.00 0.08 1.78 0.00 1.00 0.00 3.00 6.00 10.00 7.00 10.00 3.00 0.00 0.00 0.00 0.00 0.00
11.00 13.00 15.00 33.00 64.00 18.00 31.00 0.08 0.38 0.00 1.00 0.00 5.00 7.00 8.00 6.00 10.00 3.00 0.00 0.00 0.00 0.00 0.00
12.00 5.00 1.00 6.00 21.00 5.00 15.00 0.09 0.25 0.00 1.00 0.00 1.00 4.00 4.00 1.00 5.00 0.00 0.00 0.00 0.00 0.00 0.00
13.00 7.00 4.00 13.00 31.00 9.00 18.00 0.07 2.61 0.00 1.00 0.00 3.00 5.00 4.00 2.00 6.00 1.00 0.00 0.00 0.00 0.00 0.00
14.00 7.00 4.00 13.00 33.00 9.00 20.00 0.09 0.26 0.00 0.00 0.00 2.00 3.00 5.00 4.00 4.00 3.00 0.00 0.00 0.00 0.00 0.00
15.00 12.00 13.00 31.00 59.00 18.00 28.00 0.08 1.73 0.00 1.00 0.00 3.00 7.00 9.00 5.00 10.00 2.00 0.00 0.00 0.00 0.00 0.00
16.00 10.00 10.00 24.00 47.00 14.00 23.00 0.08 0.36 0.00 1.00 0.00 2.00 5.00 8.00 5.00 7.00 3.00 0.00 0.00 0.00 0.00 0.00
17.00 5.00 0.00 4.00 21.00 4.00 17.00 0.10 0.16 0.00 1.00 0.00 2.00 5.00 3.00 0.00 5.00 0.00 0.00 0.00 0.00 0.00 0.00
18.00 15.00 14.00 36.00 71.00 22.00 35.00 0.08 0.44 0.00 1.00 0.00 4.00 13.00 11.00 2.00 13.00 2.00 0.00 0.00 0.00 0.00 0.00
19.00 9.00 7.00 18.00 41.00 11.00 23.00 0.08 0.39 0.00 1.00 0.00 3.00 6.00 6.00 3.00 7.00 2.00 0.00 0.00 0.00 0.00 0.00
20.00 14.00 11.00 33.00 65.00 22.00 32.00 0.08 1.41 0.00 1.00 0.00 5.00 7.00 9.00 7.00 12.00 2.00 0.00 0.00 0.00 0.00 0.00
21.00 10.00 4.00 16.00 38.00 12.00 22.00 0.10 2.16 0.00 1.00 0.00 2.00 6.00 8.00 4.00 10.00 0.00 0.00 0.00 0.00 0.00 0.00
22.00 19.00 18.00 49.00 89.00 31.00 40.00 0.08 0.59 0.00 1.00 0.00 5.00 10.00 14.00 9.00 13.00 6.00 0.00 0.00 0.00 0.00 0.00
23.00 12.00 7.00 21.00 54.00 14.00 33.00 0.10 2.85 0.00 1.00 0.00 4.00 8.00 8.00 4.00 10.00 2.00 0.00 0.00 0.00 0.00 0.00
24.00 11.00 1.00 21.00 52.00 20.00 31.00 0.08 3.03 0.00 1.00 0.00 4.00 6.00 7.00 5.00 8.00 3.00 0.00 0.00 0.00 0.00 0.00
25.00 13.00 10.00 31.00 63.00 21.00 32.00 0.09 1.65 0.00 2.00 0.00 4.00 9.00 9.00 4.00 13.00 0.00 0.00 0.00 0.00 0.00 0.00
26.00 14.00 20.00 37.00 68.00 17.00 31.00 0.09 2.67 0.00 2.00 0.00 2.00 6.00 12.00 8.00 9.00 5.00 0.00 0.00 0.00 0.00 0.00
27.00 16.00 22.00 45.00 76.00 23.00 31.00 0.07 1.45 0.00 1.00 0.00 3.00 9.00 13.00 7.00 10.00 6.00 0.00 0.00 0.00 0.00 0.00
28.00 14.00 13.00 34.00 65.00 21.00 31.00 0.08 3.34 0.00 2.00 0.00 4.00 7.00 10.00 7.00 10.00 4.00 0.00 0.00 0.00 0.00 0.00
29.00 13.00 10.00 31.00 64.00 21.00 33.00 0.08 3.58 0.00 1.00 0.00 3.00 6.00 10.00 7.00 10.00 3.00 0.00 0.00 0.00 0.00 0.00
30.00 16.00 19.00 44.00 77.00 25.00 33.00 0.09 2.41 0.00 2.00 0.00 5.00 7.00 11.00 9.00 13.00 3.00 0.00 0.00 0.00 0.00 0.00
31.00 15.00 14.00 33.00 65.00 19.00 32.00 0.07 3.34 0.00 2.00 0.00 7.00 11.00 8.00 4.00 11.00 4.00 0.00 0.00 0.00 0.00 0.00
32.00 12.00 8.00 26.00 55.00 18.00 29.00 0.08 3.05 0.00 2.00 0.00 5.00 7.00 7.00 5.00 8.00 4.00 0.00 0.00 0.00 0.00 0.00
33.00 6.00 2.00 10.00 28.00 8.00 18.00 0.08 3.09 0.00 0.00 0.00 2.00 4.00 4.00 2.00 4.00 2.00 0.00 0.00 0.00 0.00 0.00
34.00 13.00 12.00 34.00 66.00 22.00 32.00 0.10 3.75 0.00 1.00 0.00 5.00 7.00 8.00 6.00 11.00 2.00 0.00 0.00 0.00 0.00 0.00
35.00 9.00 3.00 15.00 43.00 12.00 28.00 0.09 3.59 0.00 1.00 0.00 3.00 4.00 6.00 5.00 7.00 2.00 0.00 0.00 0.00 0.00 0.00
36.00 13.00 16.00 35.00 68.00 19.00 33.00 0.08 3.71 0.00 1.00 0.00 3.00 5.00 10.00 8.00 8.00 5.00 0.00 0.00 0.00 0.00 0.00
37.00 13.00 13.00 33.00 60.00 20.00 27.00 0.09 3.62 0.00 2.00 0.00 4.00 6.00 9.00 7.00 7.00 6.00 0.00 0.00 0.00 0.00 0.00
38.00 10.00 7.00 22.00 47.00 15.00 25.00 0.08 3.41 0.00 2.00 0.00 3.00 6.00 7.00 4.00 6.00 4.00 0.00 0.00 0.00 0.00 0.00
39.00 15.00 21.00 40.00 70.00 19.00 30.00 0.08 2.45 0.00 2.00 0.00 4.00 8.00 11.00 7.00 9.00 6.00 0.00 0.00 0.00 0.00 0.00
40.00 15.00 13.00 37.00 69.00 24.00 32.00 0.09 1.47 0.00 0.00 0.00 4.00 9.00 11.00 6.00 12.00 3.00 0.00 0.00 0.00 0.00 0.00
41.00 20.00 27.00 49.00 92.00 22.00 43.00 0.08 2.75 0.00 1.00 0.00 8.00 12.00 12.00 8.00 16.00 4.00 0.00 0.00 0.00 0.00 0.00
42.00 11.00 8.00 24.00 57.00 16.00 33.00 0.09 1.92 0.00 0.00 0.00 2.00 4.00 9.00 7.00 9.00 2.00 0.00 0.00 0.00 0.00 0.00
43.00 14.00 8.00 29.00 67.00 21.00 38.00 0.10 2.61 0.00 0.00 0.00 3.00 8.00 11.00 6.00 10.00 4.00 0.00 0.00 0.00 0.00 0.00
44.00 8.00 4.00 16.00 41.00 12.00 25.00 0.07 3.79 0.00 0.00 0.00 0.00 3.00 8.00 5.00 5.00 3.00 0.00 0.00 0.00 0.00 0.00
45.00 14.00 14.00 37.00 71.00 23.00 34.00 0.07 4.31 0.00 0.00 0.00 5.00 5.00 9.00 9.00 9.00 5.00 0.00 0.00 1.00 0.00 0.00
46.00 11.00 6.00 22.00 54.00 16.00 32.00 0.09 3.28 0.00 0.00 0.00 3.00 4.00 8.00 7.00 6.00 5.00 0.00 0.00 0.00 0.00 0.00
47.00 15.00 10.00 33.00 74.00 23.00 41.00 0.09 2.54 0.00 1.00 0.00 4.00 9.00 11.00 6.00 12.00 3.00 0.00 0.00 0.00 0.00 0.00
48.00 16.00 19.00 42.00 76.00 23.00 34.00 0.09 1.35 0.00 1.00 0.00 6.00 12.00 10.00 4.00 14.00 2.00 0.00 0.00 0.00 0.00 0.00
49.00 11.00 6.00 21.00 49.00 15.00 28.00 0.09 3.99 0.00 2.00 0.00 4.00 7.00 7.00 4.00 11.00 0.00 0.00 0.00 0.00 0.00 0.00
50.00 17.00 25.00 47.00 79.00 22.00 32.00 0.10 2.96 0.00 2.00 0.00 3.00 9.00 14.00 8.00 12.00 5.00 0.00 0.00 0.00 0.00 0.00
51.00 18.00 8.00 29.00 75.00 21.00 46.00 0.09 3.85 0.00 2.00 0.00 8.00 13.00 10.00 5.00 15.00 3.00 0.00 0.00 0.00 0.00 0.00
52.00 21.00 32.00 58.00 103.00 26.00 45.00 0.06 3.58 0.00 2.00 0.00 6.00 10.00 15.00 11.00 16.00 5.00 0.00 0.00 0.00 0.00 0.00
53.00 17.00 16.00 43.00 84.00 27.00 41.00 0.08 4.60 0.00 2.00 0.00 4.00 10.00 13.00 7.00 11.00 6.00 0.00 0.00 0.00 0.00 0.00
54.00 19.00 22.00 51.00 91.00 29.00 40.00 0.10 4.72 1.00 2.00 0.50 4.00 6.00 15.00 13.00 9.00 10.00 0.00 0.00 0.00 0.00 0.00
55.00 15.00 13.00 32.00 68.00 19.00 36.00 0.07 4.62 0.00 2.00 0.00 2.00 7.00 13.00 8.00 10.00 5.00 0.00 0.00 1.00 0.00 0.00
56.00 18.00 15.00 46.00 89.00 31.00 43.00 0.09 4.35 0.00 2.00 0.00 5.00 7.00 13.00 11.00 13.00 5.00 0.00 0.00 0.00 0.00 0.00
57.00 15.00 19.00 43.00 74.00 24.00 31.00 0.08 4.99 0.00 1.00 0.00 4.00 11.00 11.00 4.00 12.00 3.00 0.00 0.00 0.00 0.00 0.00
58.00 17.00 15.00 38.00 75.00 23.00 37.00 0.09 4.32 0.00 1.00 0.00 6.00 9.00 11.00 8.00 12.00 5.00 0.00 0.00 0.00 0.00 0.00
59.00 17.00 17.00 39.00 81.00 22.00 42.00 0.08 4.94 0.00 2.00 0.00 6.00 11.00 11.00 6.00 14.00 3.00 0.00 0.00 0.00 0.00 0.00
60.00 10.00 9.00 25.00 49.00 16.00 24.00 0.09 3.16 0.00 1.00 0.00 0.00 5.00 10.00 5.00 8.00 2.00 0.00 0.00 1.00 0.00 0.00
61.00 21.00 27.00 57.00 101.00 30.00 44.00 0.08 4.04 0.00 2.00 0.00 5.00 14.00 16.00 7.00 16.00 5.00 0.00 0.00 0.00 1.00 0.00
62.00 7.00 3.00 10.00 33.00 7.00 23.00 0.09 0.32 0.00 1.00 0.00 3.00 6.00 4.00 1.00 7.00 0.00 0.00 0.00 0.00 0.00 0.00
63.00 17.00 19.00 45.00 84.00 26.00 39.00 0.08 4.02 0.00 2.00 0.00 7.00 10.00 10.00 7.00 12.00 5.00 0.00 0.00 0.00 0.00 0.00
64.00 17.00 17.00 44.00 88.00 27.00 44.00 0.08 2.96 0.00 1.00 0.00 3.00 6.00 14.00 11.00 10.00 7.00 0.00 0.00 0.00 0.00 0.00
65.00 18.00 17.00 47.00 92.00 30.00 45.00 0.09 2.96 0.00 2.00 0.00 5.00 11.00 13.00 7.00 14.00 4.00 0.00 0.00 0.00 0.00 0.00
66.00 18.00 15.00 43.00 86.00 28.00 43.00 0.07 2.20 0.00 2.00 0.00 3.00 8.00 15.00 10.00 13.00 5.00 0.00 0.00 0.00 0.00 0.00
67.00 19.00 26.00 58.00 98.00 32.00 40.00 0.09 3.30 0.00 2.00 0.00 2.00 6.00 17.00 13.00 12.00 7.00 0.00 0.00 0.00 0.00 0.00
68.00 20.00 31.00 62.00 99.00 31.00 37.00 0.09 3.79 0.00 1.00 0.00 3.00 6.00 17.00 14.00 9.00 11.00 0.00 0.00 0.00 0.00 0.00
69.00 20.00 24.00 51.00 94.00 27.00 43.00 0.09 3.25 0.00 1.00 0.00 8.00 13.00 12.00 7.00 17.00 3.00 0.00 0.00 1.00 0.00 0.00
70.00 20.00 23.00 56.00 100.00 33.00 44.00 0.09 3.81 0.00 1.00 0.00 7.00 13.00 13.00 7.00 17.00 3.00 0.00 0.00 1.00 0.00 0.00
71.00 21.00 25.00 55.00 98.00 30.00 43.00 0.09 3.19 0.00 1.00 0.00 8.00 13.00 13.00 8.00 20.00 1.00 0.00 0.00 0.00 0.00 0.00
72.00 19.00 23.00 48.00 95.00 25.00 47.00 0.09 2.11 0.00 2.00 0.00 5.00 8.00 14.00 11.00 10.00 9.00 0.00 0.00 0.00 0.00 0.00
73.00 25.00 29.00 63.00 123.00 34.00 60.00 0.08 2.88 0.00 2.00 0.00 8.00 14.00 17.00 11.00 21.00 4.00 0.00 0.00 0.00 0.00 0.00
74.00 20.00 26.00 54.00 102.00 28.00 48.00 0.08 3.69 0.00 1.00 0.00 5.00 7.00 15.00 13.00 11.00 9.00 0.00 0.00 1.00 0.00 0.00
75.00 22.00 26.00 56.00 107.00 30.00 51.00 0.08 3.61 0.00 1.00 0.00 8.00 13.00 14.00 9.00 18.00 4.00 0.00 0.00 0.00 0.00 0.00
76.00 25.00 27.00 68.00 124.00 41.00 56.00 0.09 4.15 0.00 2.00 0.00 8.00 13.00 17.00 12.00 18.00 7.00 0.00 0.00 0.00 0.00 0.00
77.00 24.00 29.00 62.00 114.00 33.00 52.00 0.08 3.06 0.00 2.00 0.00 5.00 10.00 19.00 14.00 14.00 10.00 0.00 0.00 0.00 0.00 0.00
78.00 21.00 18.00 57.00 108.00 39.00 51.00 0.10 3.15 0.00 2.00 0.00 7.00 12.00 14.00 9.00 16.00 5.00 0.00 0.00 0.00 0.00 0.00
79.00 28.00 34.00 76.00 133.00 42.00 57.00 0.08 3.31 0.00 1.00 0.00 10.00 13.00 18.00 15.00 18.00 10.00 0.00 0.00 0.00 0.00 0.00
80.00 20.00 20.00 56.00 102.00 36.00 46.00 0.08 2.66 0.00 3.00 0.00 1.00 7.00 19.00 13.00 10.00 10.00 0.00 0.00 0.00 0.00 0.00
81.00 22.00 26.00 60.00 112.00 34.00 52.00 0.09 3.12 0.00 2.00 0.00 6.00 7.00 16.00 15.00 12.00 10.00 0.00 0.00 0.00 0.00 0.00
82.00 26.00 36.00 69.00 132.00 33.00 63.00 0.08 3.16 0.00 2.00 0.00 8.00 10.00 18.00 16.00 14.00 12.00 0.00 0.00 0.00 0.00 0.00
83.00 20.00 25.00 54.00 101.00 29.00 47.00 0.08 2.74 0.00 1.00 0.00 3.00 9.00 17.00 11.00 14.00 6.00 0.00 0.00 0.00 0.00 0.00
84.00 21.00 26.00 59.00 111.00 33.00 52.00 0.08 3.79 0.00 2.00 0.00 4.00 7.00 17.00 14.00 9.00 12.00 0.00 0.00 0.00 0.00 0.00
85.00 28.00 37.00 75.00 139.00 38.00 64.00 0.09 3.42 0.00 3.00 0.00 8.00 14.00 20.00 14.00 18.00 10.00 0.00 0.00 0.00 0.00 0.00
86.00 24.00 29.00 62.00 119.00 33.00 57.00 0.06 2.90 0.00 3.00 0.00 5.00 12.00 19.00 12.00 17.00 7.00 0.00 0.00 0.00 0.00 0.00
87.00 29.00 41.00 85.00 142.00 44.00 57.00 0.07 3.84 1.00 2.00 0.50 7.00 12.00 22.00 17.00 16.00 13.00 0.00 0.00 0.00 0.00 0.00
88.00 27.00 32.00 69.00 130.00 37.00 61.00 0.10 4.09 0.00 3.00 0.00 8.00 16.00 19.00 11.00 18.00 9.00 0.00 0.00 0.00 0.00 0.00
89.00 25.00 34.00 72.00 118.00 38.00 46.00 0.10 3.23 0.00 1.00 0.00 6.00 12.00 19.00 13.00 17.00 8.00 0.00 0.00 0.00 0.00 0.00
90.00 30.00 45.00 82.00 134.00 37.00 52.00 0.08 2.59 0.00 3.00 0.00 7.00 10.00 23.00 20.00 16.00 14.00 0.00 0.00 0.00 0.00 0.00
91.00 27.00 32.00 64.00 124.00 32.00 60.00 0.08 1.94 0.00 3.00 0.00 5.00 14.00 22.00 13.00 17.00 10.00 0.00 0.00 0.00 0.00 0.00
92.00 28.00 37.00 79.00 135.00 42.00 56.00 0.09 3.79 0.00 3.00 0.00 6.00 12.00 22.00 16.00 15.00 13.00 0.00 0.00 0.00 0.00 0.00
93.00 29.00 34.00 78.00 138.00 44.00 60.00 0.08 3.32 0.00 2.00 0.00 6.00 11.00 23.00 18.00 18.00 11.00 0.00 0.00 0.00 0.00 0.00
94.00 28.00 39.00 75.00 131.00 36.00 56.00 0.09 3.31 0.00 3.00 0.00 6.00 18.00 22.00 10.00 20.00 8.00 0.00 0.00 0.00 0.00 0.00
95.00 28.00 35.00 81.00 140.00 46.00 59.00 0.08 3.14 0.00 3.00 0.00 7.00 15.00 21.00 13.00 20.00 8.00 0.00 0.00 0.00 0.00 0.00
96.00 31.00 49.00 92.00 152.00 43.00 60.00 0.09 2.83 0.00 3.00 0.00 5.00 11.00 26.00 20.00 13.00 18.00 0.00 0.00 0.00 0.00 0.00
97.00 32.00 52.00 99.00 163.00 47.00 64.00 0.09 2.83 0.00 4.00 0.00 5.00 18.00 27.00 14.00 22.00 10.00 0.00 0.00 0.00 0.00 0.00
98.00 31.00 47.00 89.00 143.00 42.00 54.00 0.09 3.13 0.00 4.00 0.00 10.00 16.00 21.00 15.00 22.00 9.00 0.00 0.00 0.00 0.00 0.00
99.00 28.00 43.00 84.00 142.00 41.00 58.00 0.09 2.57 0.00 4.00 0.00 4.00 11.00 24.00 17.00 19.00 9.00 0.00 0.00 0.00 0.00 0.00
100.00 28.00 35.00 79.00 142.00 44.00 63.00 0.07 2.65 0.00 3.00 0.00 10.00 13.00 18.00 15.00 16.00 12.00 0.00 0.00 0.00 0.00 0.00
101.00 33.00 49.00 98.00 168.00 49.00 70.00 0.08 3.22 0.00 4.00 0.00 5.00 14.00 28.00 19.00 18.00 15.00 0.00 0.00 0.00 0.00 0.00
102.00 30.00 35.00 91.00 152.00 56.00 61.00 0.08 3.88 0.00 5.00 0.00 7.00 13.00 23.00 17.00 17.00 13.00 0.00 0.00 0.00 0.00 0.00
103.00 28.00 33.00 79.00 139.00 46.00 60.00 0.09 4.57 0.00 3.00 0.00 5.00 9.00 23.00 19.00 17.00 11.00 0.00 0.00 0.00 1.00 0.00
104.00 28.00 36.00 77.00 144.00 41.00 67.00 0.08 3.53 1.00 3.00 0.33 6.00 11.00 22.00 17.00 14.00 14.00 0.00 0.00 0.00 0.00 0.00
105.00 37.00 38.00 100.00 189.00 62.00 89.00 0.09 3.40 0.00 3.00 0.00 10.00 17.00 27.00 20.00 20.00 17.00 0.00 0.00 0.00 0.00 0.00
106.00 28.00 44.00 80.00 133.00 36.00 53.00 0.08 3.45 0.00 3.00 0.00 6.00 16.00 22.00 12.00 22.00 6.00 0.00 0.00 0.00 0.00 0.00
107.00 29.00 36.00 86.00 154.00 50.00 68.00 0.07 3.95 0.00 3.00 0.00 10.00 12.00 19.00 17.00 20.00 9.00 0.00 0.00 0.00 0.00 0.00
108.00 23.00 32.00 61.00 114.00 29.00 53.00 0.09 4.39 0.00 2.00 0.00 5.00 6.00 18.00 17.00 13.00 10.00 1.00 0.00 0.00 0.00 0.00
109.00 32.00 38.00 81.00 155.00 43.00 74.00 0.10 4.32 0.00 3.00 0.00 7.00 15.00 25.00 17.00 19.00 13.00 1.00 0.00 0.00 0.00 0.00
110.00 26.00 30.00 73.00 130.00 43.00 57.00 0.07 4.38 0.00 2.00 0.00 7.00 15.00 19.00 11.00 19.00 7.00 0.00 0.00 0.00 0.00 0.00
111.00 19.00 22.00 49.00 92.00 27.00 43.00 0.08 2.68 0.00 2.00 0.00 7.00 11.00 12.00 8.00 14.00 5.00 0.00 0.00 0.00 0.00 0.00
112.00 24.00 26.00 62.00 111.00 36.00 49.00 0.08 2.77 0.00 2.00 0.00 5.00 9.00 19.00 15.00 17.00 7.00 0.00 0.00 0.00 0.00 0.00
113.00 19.00 23.00 49.00 92.00 26.00 43.00 0.08 2.87 0.00 2.00 0.00 6.00 12.00 13.00 7.00 14.00 5.00 0.00 0.00 0.00 0.00 0.00
114.00 19.00 15.00 51.00 93.00 36.00 42.00 0.08 1.25 0.00 2.00 0.00 4.00 10.00 15.00 9.00 13.00 6.00 0.00 0.00 0.00 0.00 0.00
115.00 21.00 29.00 60.00 104.00 31.00 44.00 0.09 2.53 0.00 2.00 0.00 5.00 8.00 16.00 13.00 13.00 8.00 0.00 0.00 0.00 0.00 0.00
116.00 18.00 18.00 46.00 83.00 28.00 37.00 0.08 0.40 0.00 2.00 0.00 6.00 10.00 12.00 8.00 13.00 5.00 0.00 0.00 0.00 0.00 0.00
117.00 19.00 29.00 57.00 91.00 28.00 34.00 0.08 1.41 0.00 1.00 0.00 5.00 11.00 14.00 8.00 16.00 3.00 0.00 0.00 0.00 0.00 0.00
118.00 18.00 20.00 46.00 89.00 26.00 43.00 0.08 0.41 0.00 1.00 0.00 6.00 9.00 12.00 9.00 9.00 9.00 0.00 0.00 0.00 0.00 1.00
119.00 18.00 18.00 45.00 84.00 27.00 39.00 0.08 1.47 0.00 2.00 0.00 4.00 10.00 14.00 8.00 13.00 5.00 0.00 0.00 0.00 0.00 0.00
120.00 22.00 27.00 57.00 110.00 30.00 53.00 0.08 2.03 0.00 3.00 0.00 5.00 9.00 17.00 13.00 17.00 5.00 0.00 0.00 0.00 0.00 0.00
121.00 18.00 21.00 46.00 94.00 25.00 48.00 0.08 1.45 0.00 3.00 0.00 2.00 5.00 16.00 13.00 9.00 9.00 0.00 0.00 0.00 0.00 0.00
122.00 22.00 28.00 59.00 107.00 31.00 48.00 0.09 0.50 0.00 2.00 0.00 6.00 12.00 16.00 10.00 16.00 6.00 0.00 0.00 0.00 0.00 0.00
123.00 19.00 31.00 58.00 90.00 27.00 32.00 0.07 1.34 0.00 2.00 0.00 4.00 6.00 15.00 13.00 12.00 7.00 0.00 0.00 0.00 0.00 0.00
124.00 21.00 24.00 54.00 100.00 30.00 46.00 0.10 0.52 0.00 2.00 0.00 4.00 12.00 17.00 9.00 17.00 4.00 0.00 0.00 0.00 0.00 0.00
125.00 22.00 26.00 56.00 90.00 30.00 34.00 0.08 1.32 0.00 2.00 0.00 7.00 13.00 15.00 9.00 17.00 5.00 0.00 0.00 0.00 0.00 0.00
126.00 16.00 12.00 39.00 79.00 27.00 40.00 0.09 1.49 0.00 2.00 0.00 5.00 7.00 11.00 9.00 9.00 7.00 0.00 0.00 0.00 0.00 0.00
127.00 18.00 21.00 47.00 88.00 26.00 41.00 0.08 0.50 0.00 2.00 0.00 6.00 12.00 12.00 6.00 12.00 6.00 0.00 0.00 0.00 0.00 0.00
128.00 17.00 22.00 47.00 85.00 25.00 38.00 0.08 0.38 0.00 2.00 0.00 3.00 10.00 14.00 7.00 10.00 7.00 0.00 0.00 0.00 0.00 0.00
129.00 13.00 16.00 33.00 65.00 17.00 32.00 0.09 0.32 0.00 2.00 0.00 0.00 3.00 13.00 10.00 11.00 2.00 0.00 0.00 0.00 0.00 0.00
130.00 20.00 24.00 51.00 102.00 27.00 51.00 0.08 1.30 0.00 2.00 0.00 9.00 14.00 11.00 6.00 16.00 4.00 0.00 0.00 0.00 0.00 0.00
131.00 23.00 28.00 64.00 115.00 36.00 51.00 0.09 1.39 0.00 2.00 0.00 3.00 9.00 20.00 14.00 12.00 11.00 0.00 0.00 0.00 0.00 0.00
132.00 22.00 31.00 64.00 112.00 33.00 48.00 0.07 0.53 0.00 2.00 0.00 6.00 12.00 16.00 10.00 14.00 8.00 0.00 0.00 0.00 0.00 0.00
133.00 19.00 20.00 44.00 93.00 24.00 49.00 0.07 2.17 0.00 2.00 0.00 6.00 10.00 13.00 9.00 16.00 3.00 0.00 0.00 0.00 0.00 0.00
134.00 21.00 32.00 59.00 102.00 27.00 43.00 0.07 0.61 0.00 2.00 0.00 5.00 9.00 16.00 12.00 12.00 9.00 0.00 0.00 0.00 0.00 0.00
135.00 20.00 27.00 55.00 99.00 28.00 44.00 0.08 0.52 0.00 2.00 0.00 3.00 12.00 17.00 8.00 13.00 7.00 0.00 0.00 0.00 0.00 0.00
136.00 18.00 25.00 53.00 86.00 28.00 33.00 0.08 0.55 0.00 1.00 0.00 2.00 7.00 16.00 11.00 12.00 6.00 0.00 0.00 0.00 0.00 0.00
137.00 21.00 20.00 48.00 96.00 28.00 48.00 0.10 0.70 0.00 2.00 0.00 8.00 12.00 13.00 9.00 15.00 6.00 0.00 0.00 0.00 0.00 0.00
138.00 18.00 18.00 46.00 83.00 28.00 37.00 0.08 0.61 0.00 1.00 0.00 5.00 12.00 13.00 6.00 15.00 3.00 0.00 0.00 0.00 0.00 0.00
139.00 16.00 14.00 40.00 81.00 26.00 41.00 0.09 1.31 0.00 2.00 0.00 4.00 11.00 12.00 5.00 13.00 3.00 0.00 0.00 0.00 0.00 0.00
140.00 14.00 8.00 28.00 67.00 20.00 39.00 0.08 1.49 0.00 2.00 0.00 4.00 8.00 10.00 6.00 10.00 4.00 0.00 0.00 0.00 0.00 0.00
141.00 11.00 11.00 27.00 53.00 16.00 26.00 0.09 0.52 0.00 2.00 0.00 2.00 5.00 9.00 6.00 6.00 5.00 0.00 0.00 0.00 0.00 0.00
142.00 19.00 20.00 52.00 97.00 32.00 45.00 0.08 0.51 0.00 1.00 0.00 4.00 9.00 15.00 10.00 11.00 8.00 0.00 0.00 0.00 0.00 0.00
143.00 21.00 26.00 55.00 102.00 29.00 47.00 0.08 0.56 0.00 1.00 0.00 6.00 12.00 15.00 9.00 13.00 8.00 0.00 0.00 0.00 0.00 0.00
144.00 12.00 10.00 26.00 52.00 16.00 26.00 0.08 0.35 0.00 1.00 0.00 5.00 6.00 7.00 6.00 6.00 6.00 1.00 0.00 0.00 0.00 0.00
145.00 13.00 9.00 25.00 61.00 16.00 36.00 0.08 0.51 0.00 1.00 0.00 5.00 10.00 8.00 3.00 11.00 2.00 0.00 0.00 0.00 0.00 0.00
146.00 13.00 5.00 26.00 53.00 21.00 27.00 0.09 0.36 0.00 1.00 0.00 7.00 10.00 6.00 3.00 11.00 2.00 0.00 0.00 0.00 0.00 0.00
147.00 17.00 7.00 35.00 78.00 28.00 43.00 0.08 1.49 0.00 2.00 0.00 6.00 13.00 11.00 4.00 14.00 3.00 0.00 0.00 0.00 0.00 0.00
148.00 20.00 26.00 52.00 96.00 26.00 44.00 0.09 0.59 0.00 1.00 0.00 4.00 9.00 16.00 11.00 10.00 10.00 0.00 0.00 0.00 0.00 0.00
149.00 16.00 20.00 44.00 80.00 24.00 36.00 0.08 0.42 0.00 1.00 0.00 2.00 4.00 14.00 12.00 11.00 5.00 0.00 0.00 0.00 0.00 0.00
150.00 18.00 20.00 46.00 90.00 26.00 44.00 0.09 0.57 0.00 1.00 0.00 5.00 6.00 13.00 12.00 10.00 8.00 0.00 0.00 0.00 0.00 0.00
151.00 15.00 7.00 30.00 60.00 23.00 30.00 0.08 0.58 0.00 1.00 0.00 4.00 7.00 11.00 8.00 12.00 3.00 0.00 0.00 0.00 0.00 0.00
152.00 16.00 17.00 43.00 75.00 26.00 32.00 0.06 0.61 0.00 1.00 0.00 3.00 8.00 13.00 8.00 12.00 4.00 0.00 0.00 0.00 1.00 0.00
153.00 10.00 6.00 20.00 42.00 14.00 22.00 0.09 0.36 0.00 1.00 0.00 2.00 7.00 8.00 3.00 9.00 1.00 0.00 0.00 0.00 0.00 0.00
154.00 20.00 27.00 53.00 88.00 26.00 35.00 0.09 0.70 0.00 1.00 0.00 7.00 12.00 13.00 8.00 14.00 6.00 0.00 0.00 1.00 0.00 0.00
155.00 23.00 21.00 51.00 99.00 30.00 48.00 0.09 1.23 0.00 1.00 0.00 8.00 12.00 15.00 11.00 17.00 6.00 0.00 0.00 0.00 0.00 0.00
156.00 17.00 21.00 41.00 77.00 20.00 36.00 0.07 0.57 0.00 1.00 0.00 5.00 9.00 12.00 8.00 12.00 5.00 0.00 0.00 0.00 0.00 0.00
157.00 13.00 11.00 31.00 65.00 20.00 34.00 0.09 0.40 0.00 1.00 0.00 3.00 7.00 10.00 6.00 10.00 3.00 0.00 0.00 0.00 0.00 0.00
158.00 15.00 10.00 32.00 70.00 22.00 38.00 0.08 0.56 0.00 2.00 0.00 8.00 8.00 7.00 7.00 12.00 3.00 0.00 0.00 0.00 0.00 0.00
159.00 17.00 18.00 38.00 77.00 20.00 39.00 0.10 0.49 0.00 2.00 0.00 6.00 12.00 11.00 5.00 16.00 1.00 0.00 0.00 0.00 0.00 0.00
160.00 15.00 17.00 39.00 63.00 22.00 24.00 0.08 0.60 0.00 2.00 0.00 5.00 11.00 10.00 4.00 13.00 2.00 0.00 0.00 0.00 0.00 0.00
161.00 13.00 13.00 33.00 62.00 20.00 29.00 0.08 0.57 0.00 2.00 0.00 2.00 7.00 11.00 6.00 10.00 3.00 0.00 0.00 0.00 0.00 0.00
162.00 15.00 15.00 38.00 77.00 23.00 39.00 0.09 0.58 0.00 2.00 0.00 3.00 8.00 12.00 7.00 9.00 6.00 0.00 0.00 0.00 0.00 0.00
163.00 15.00 16.00 33.00 71.00 17.00 38.00 0.10 0.66 0.00 2.00 0.00 4.00 8.00 11.00 7.00 10.00 5.00 0.00 0.00 0.00 0.00 0.00
164.00 17.00 9.00 35.00 79.00 26.00 44.00 0.10 0.74 0.00 2.00 0.00 5.00 10.00 12.00 7.00 13.00 4.00 0.00 0.00 0.00 0.00 0.00
165.00 14.00 12.00 33.00 69.00 21.00 36.00 0.08 0.59 0.00 1.00 0.00 5.00 8.00 9.00 6.00 9.00 5.00 0.00 0.00 0.00 0.00 0.00
166.00 12.00 10.00 27.00 55.00 17.00 28.00 0.10 0.50 0.00 0.00 0.00 4.00 4.00 8.00 8.00 8.00 4.00 0.00 0.00 0.00 0.00 0.00
167.00 8.00 6.00 17.00 35.00 11.00 18.00 0.09 0.31 0.00 0.00 0.00 4.00 5.00 4.00 3.00 7.00 1.00 0.00 0.00 0.00 0.00 0.00
168.00 4.00 0.00 4.00 13.00 4.00 9.00 0.09 3.81 0.00 0.00 0.00 2.00 4.00 2.00 0.00 4.00 0.00 0.00 0.00 0.00 0.00 0.00
169.00 13.00 7.00 27.00 62.00 20.00 35.00 0.09 0.57 0.00 1.00 0.00 8.00 9.00 5.00 4.00 11.00 2.00 0.00 0.00 0.00 0.00 0.00
170.00 8.00 1.00 10.00 30.00 9.00 20.00 0.09 0.41 0.00 1.00 0.00 3.00 7.00 5.00 1.00 8.00 0.00 0.00 0.00 0.00 0.00 0.00
171.00 5.00 0.00 6.00 22.00 6.00 16.00 0.07 0.36 0.00 1.00 0.00 3.00 4.00 2.00 1.00 5.00 0.00 0.00 0.00 0.00 0.00 0.00
172.00 10.00 4.00 18.00 44.00 14.00 26.00 0.09 0.52 0.00 0.00 0.00 5.00 8.00 5.00 2.00 8.00 2.00 0.00 0.00 0.00 0.00 0.00
173.00 12.00 12.00 27.00 52.00 15.00 25.00 0.07 0.38 0.00 1.00 0.00 5.00 8.00 7.00 4.00 9.00 3.00 0.00 0.00 0.00 0.00 0.00
174.00 6.00 0.00 3.00 20.00 3.00 17.00 0.07 0.45 0.00 0.00 0.00 3.00 5.00 3.00 1.00 6.00 0.00 0.00 0.00 0.00 0.00 0.00
175.00 9.00 4.00 15.00 41.00 11.00 26.00 0.09 0.39 0.00 1.00 0.00 5.00 7.00 4.00 2.00 8.00 1.00 0.00 0.00 0.00 0.00 0.00
176.00 9.00 7.00 20.00 38.00 13.00 18.00 0.07 0.45 0.00 0.00 0.00 5.00 7.00 4.00 2.00 7.00 2.00 0.00 0.00 0.00 0.00 0.00
177.00 8.00 1.00 8.00 32.00 7.00 24.00 0.09 0.55 0.00 1.00 0.00 3.00 5.00 5.00 3.00 8.00 0.00 0.00 0.00 0.00 0.00 0.00
178.00 9.00 2.00 13.00 36.00 11.00 23.00 0.07 1.91 0.00 0.00 0.00 2.00 6.00 7.00 3.00 7.00 2.00 0.00 0.00 1.00 0.00 0.00
179.00 10.00 2.00 19.00 49.00 17.00 30.00 0.10 0.55 0.00 0.00 0.00 5.00 7.00 5.00 3.00 8.00 2.00 0.00 0.00 0.00 0.00 0.00
180.00 7.00 1.00 11.00 31.00 10.00 20.00 0.09 0.35 0.00 0.00 0.00 4.00 6.00 3.00 1.00 6.00 1.00 0.00 0.00 0.00 0.00 0.00
181.00 6.00 0.00 8.00 27.00 8.00 19.00 0.07 0.22 0.00 1.00 0.00 3.00 4.00 3.00 2.00 5.00 1.00 0.00 0.00 0.00 0.00 0.00
182.00 5.00 2.00 8.00 22.00 6.00 14.00 0.09 0.19 0.00 1.00 0.00 0.00 0.00 5.00 5.00 2.00 3.00 0.00 0.00 0.00 0.00 0.00
183.00 7.00 1.00 7.00 29.00 6.00 22.00 0.09 2.40 0.00 0.00 0.00 2.00 7.00 5.00 0.00 7.00 0.00 0.00 0.00 0.00 0.00 0.00
184.00 3.00 0.00 2.00 9.00 2.00 7.00 0.10 0.09 0.00 0.00 0.00 2.00 3.00 1.00 0.00 3.00 0.00 0.00 0.00 0.00 0.00 0.00
185.00 9.00 6.00 20.00 41.00 14.00 21.00 0.09 0.28 0.00 0.00 0.00 2.00 7.00 7.00 2.00 9.00 0.00 0.00 0.00 0.00 0.00 0.00
186.00 9.00 5.00 15.00 44.00 10.00 29.00 0.10 0.34 0.00 0.00 0.00 3.00 5.00 6.00 4.00 7.00 2.00 0.00 0.00 0.00 0.00 0.00
187.00 5.00 0.00 6.00 20.00 6.00 14.00 0.09 0.25 0.00 0.00 0.00 3.00 4.00 2.00 1.00 5.00 0.00 0.00 0.00 0.00 0.00 0.00
188.00 4.00 0.00 4.00 16.00 4.00 12.00 0.08 0.21 0.00 0.00 0.00 2.00 4.00 2.00 0.00 4.00 0.00 0.00 0.00 0.00 0.00 0.00
189.00 2.00 0.00 0.00 3.00 0.00 3.00 0.10 4.65 0.00 0.00 0.00 2.00 2.00 0.00 0.00 2.00 0.00 0.00 0.00 0.00 0.00 0.00
