0.00 2.00 0.00 0.00 0.00 0.00 0.00 0.08 0.17 0.00 0.00 0.00 2.00 2.00 0.00 0.00 2.00 0.00 0.00 0.00 0.00 0.00 0.00
1.00 6.00 1.00 4.00 21.00 3.00 17.00 0.08 4.86 0.00 0.00 0.00 3.00 5.00 3.00 1.00 6.00 0.00 0.00 0.00 0.00 0.00 0.00
2.00 3.00 0.00 0.00 2.00 0.00 2.00 0.08 0.27 0.00 0.00 0.00 2.00 3.00 1.00 0.00 3.00 0.00 0.00 0.00 0.00 0.00 0.00
3.00 11.00 5.00 18.00 44.00 13.00 26.00 0.10 5.18 0.00 0.00 0.00 4.00 7.00 7.00 4.00 9.00 2.00 0.00 0.00 1.00 0.00 0.00
4.00 13.00 9.00 29.00 66.00 20.00 37.00 0.09 4.75 0.00 0.00 0.00 4.00 6.00 9.00 7.00 8.00 5.00 0.00 0.00 0.00 0.00 0.00
5.00 7.00 2.00 11.00 28.00 9.00 17.00 0.09 5.15 0.00 0.00 0.00 2.00 3.00 5.00 4.00 7.00 0.00 0.00 0.00 0.00 0.00 0.00
6.00 11.00 9.00 24.00 51.00 15.00 27.00 0.08 4.83 0.00 1.00 0.00 4.00 7.00 7.00 4.00 8.00 3.00 0.00 0.00 0.00 0.00 0.00
7.00 7.00 4.00 12.00 32.00 8.00 20.00 0.08 4.62 0.00 0.00 0.00 2.00 7.00 5.00 0.00 7.00 0.00 0.00 0.00 0.00 0.00 0.00
8.00 10.00 5.00 19.00 45.00 14.00 26.00 0.07 5.14 0.00 1.00 0.00 4.00 8.00 6.00 2.00 9.00 1.00 0.00 0.00 0.00 0.00 0.00
9.00 5.00 0.00 1.00 17.00 1.00 16.00 0.08 5.16 0.00 0.00 0.00 1.00 4.00 4.00 1.00 5.00 0.00 0.00 0.00 0.00 0.00 0.00
10.00 10.00 8.00 21.00 44.00 13.00 23.00 0.09 4.46 0.00 1.00 0.00 3.00 6.00 7.00 4.00 8.00 2.00 0.00 0.00 0.00 0.00 0.00
11.00 11.00 7.00 26.00 53.00 19.00 27.00 0.09 5.22 0.00 1.00 0.00 1.00 6.00 10.00 5.00 9.00 2.00 0.00 0.00 0.00 0.00 0.00
12.00 13.00 15.00 33.00 65.00 18.00 32.00 0.09 4.92 0.00 1.00 0.00 4.00 8.00 9.00 5.00 10.00 3.00 0.00 0.00 0.00 0.00 0.00
13.00 7.00 0.00 5.00 24.00 5.00 19.00 0.09 4.60 0.00 1.00 0.00 3.00 6.00 4.00 1.00 7.00 0.00 0.00 0.00 0.00 0.00 0.00
14.00 10.00 6.00 17.00 45.00 11.00 28.00 0.08 4.70 0.00 0.00 0.00 3.00 6.00 7.00 4.00 8.00 2.00 0.00 0.00 0.00 0.00 0.00
15.00 13.00 6.00 20.00 49.00 14.00 29.00 0.09 4.83 0.00 0.00 0.00 6.00 10.00 7.00 3.00 12.00 1.00 0.00 0.00 0.00 0.00 0.00
16.00 12.00 9.00 28.00 55.00 19.00 27.00 0.09 4.65 0.00 1.00 0.00 2.00 4.00 10.00 8.00 8.00 4.00 0.00 0.00 0.00 0.00 0.00
17.00 15.00 15.00 37.00 70.00 22.00 33.00 0.09 4.62 0.00 1.00 0.00 6.00 10.00 9.00 5.00 13.00 2.00 0.00 0.00 0.00 0.00 0.00
18.00 14.00 16.00 34.00 63.00 18.00 29.00 0.10 5.13 0.00 1.00 0.00 4.00 6.00 10.00 8.00 11.00 3.00 0.00 0.00 0.00 0.00 0.00
19.00 18.00 17.00 47.00 85.00 30.00 38.00 0.08 4.76 0.00 1.00 0.00 4.00 12.00 14.00 6.00 14.00 4.00 0.00 0.00 0.00 0.00 0.00
20.00 13.00 15.00 31.00 64.00 16.00 33.00 0.09 4.95 0.00 0.00 0.00 1.00 7.00 12.00 6.00 11.00 2.00 0.00 0.00 0.00 0.00 0.00
21.00 11.00 6.00 19.00 54.00 13.00 35.00 0.09 4.89 0.00 1.00 0.00 4.00 7.00 7.00 4.00 9.00 2.00 0.00 0.00 0.00 0.00 0.00
22.00 6.00 0.00 6.00 23.00 6.00 17.00 0.08 4.84 0.00 1.00 0.00 2.00 4.00 4.00 2.00 6.00 0.00 0.00 0.00 0.00 0.00 0.00
23.00 17.00 13.00 42.00 81.00 29.00 39.00 0.08 5.22 0.00 1.00 0.00 7.00 10.00 10.00 7.00 14.00 3.00 0.00 0.00 1.00 0.00 0.00
24.00 18.00 22.00 46.00 82.00 24.00 36.00 0.09 4.93 0.00 1.00 0.00 4.00 11.00 14.00 7.00 15.00 3.00 0.00 0.00 0.00 0.00 0.00
25.00 17.00 23.00 45.00 90.00 22.00 45.00 0.08 4.79 0.00 1.00 0.00 3.00 8.00 14.00 9.00 10.00 7.00 0.00 0.00 0.00 0.00 0.00
26.00 18.00 19.00 48.00 80.00 29.00 32.00 0.09 4.38 0.00 1.00 0.00 6.00 9.00 12.00 9.00 13.00 5.00 0.00 0.00 0.00 0.00 0.00
27.00 20.00 21.00 52.00 98.00 31.00 46.00 0.08 4.33 0.00 2.00 0.00 5.00 7.00 15.00 13.00 12.00 8.00 0.00 0.00 0.00 1.00 0.00
28.00 18.00 20.00 46.00 93.00 26.00 47.00 0.09 4.17 0.00 1.00 0.00 4.00 8.00 14.00 10.00 12.00 6.00 0.00 0.00 0.00 0.00 0.00
29.00 18.00 16.00 42.00 85.00 26.00 43.00 0.10 4.92 0.00 2.00 0.00 6.00 10.00 12.00 8.00 13.00 5.00 0.00 0.00 0.00 0.00 0.00
30.00 21.00 17.00 51.00 102.00 34.00 51.00 0.09 3.54 0.00 2.00 0.00 7.00 15.00 14.00 6.00 18.00 3.00 0.00 0.00 0.00 0.00 0.00
31.00 22.00 32.00 57.00 113.00 25.00 56.00 0.09 4.79 0.00 3.00 0.00 5.00 8.00 17.00 14.00 12.00 10.00 0.00 0.00 0.00 0.00 0.00
32.00 18.00 21.00 49.00 88.00 28.00 39.00 0.07 4.79 0.00 3.00 0.00 2.00 9.00 16.00 9.00 13.00 5.00 0.00 0.00 0.00 0.00 0.00
33.00 22.00 25.00 52.00 99.00 27.00 47.00 0.08 3.93 0.00 2.00 0.00 5.00 13.00 17.00 9.00 15.00 7.00 0.00 0.00 1.00 0.00 0.00
34.00 19.00 21.00 46.00 93.00 25.00 47.00 0.08 4.88 0.00 2.00 0.00 8.00 11.00 11.00 8.00 14.00 5.00 0.00 0.00 0.00 0.00 0.00
35.00 17.00 12.00 40.00 85.00 28.00 45.00 0.07 4.68 0.00 1.00 0.00 1.00 7.00 16.00 10.00 10.00 7.00 0.00 0.00 0.00 0.00 0.00
36.00 17.00 21.00 45.00 90.00 24.00 45.00 0.08 4.95 0.00 1.00 0.00 4.00 9.00 13.00 8.00 13.00 4.00 0.00 0.00 0.00 0.00 0.00
37.00 16.00 16.00 39.00 80.00 23.00 41.00 0.08 4.42 0.00 1.00 0.00 4.00 5.00 12.00 11.00 9.00 7.00 0.00 0.00 0.00 1.00 0.00
38.00 21.00 22.00 58.00 101.00 36.00 43.00 0.09 4.83 0.00 2.00 0.00 5.00 8.00 16.00 13.00 10.00 11.00 0.00 0.00 0.00 0.00 0.00
39.00 11.00 7.00 23.00 53.00 16.00 30.00 0.08 3.86 0.00 0.00 0.00 3.00 4.00 8.00 7.00 7.00 4.00 0.00 0.00 1.00 0.00 0.00
40.00 15.00 21.00 39.00 73.00 18.00 34.00 0.10 4.90 0.00 1.00 0.00 4.00 8.00 11.00 7.00 10.00 5.00 0.00 0.00 0.00 0.00 0.00
41.00 17.00 14.00 41.00 86.00 27.00 45.00 0.09 4.01 0.00 1.00 0.00 3.00 12.00 14.00 5.00 13.00 4.00 0.00 0.00 0.00 0.00 0.00
42.00 18.00 21.00 45.00 84.00 24.00 39.00 0.09 4.16 0.00 1.00 0.00 4.00 8.00 14.00 10.00 10.00 8.00 0.00 0.00 0.00 0.00 0.00
43.00 12.00 6.00 20.00 56.00 14.00 36.00 0.07 4.45 0.00 2.00 0.00 4.00 6.00 8.00 6.00 8.00 4.00 0.00 0.00 0.00 0.00 0.00
44.00 22.00 14.00 48.00 110.00 34.00 62.00 0.08 4.36 0.00 2.00 0.00 6.00 12.00 16.00 10.00 15.00 7.00 0.00 0.00 0.00 0.00 0.00
45.00 26.00 26.00 69.00 129.00 43.00 60.00 0.09 4.81 0.00 1.00 0.00 7.00 12.00 19.00 14.00 15.00 11.00 0.00 0.00 0.00 0.00 0.00
46.00 15.00 13.00 35.00 69.00 22.00 34.00 0.08 4.93 0.00 1.00 0.00 3.00 10.00 12.00 5.00 12.00 3.00 0.00 0.00 0.00 0.00 0.00
47.00 22.00 28.00 59.00 103.00 31.00 44.00 0.07 4.61 0.00 1.00 0.00 2.00 6.00 20.00 16.00 10.00 12.00 0.00 0.00 0.00 0.00 0.00
48.00 18.00 21.00 47.00 88.00 26.00 41.00 0.08 5.07 0.00 2.00 0.00 4.00 7.00 14.00 11.00 9.00 9.00 0.00 0.00 1.00 0.00 0.00
49.00 23.00 19.00 60.00 111.00 41.00 51.00 0.08 4.72 0.00 3.00 0.00 3.00 10.00 20.00 13.00 14.00 9.00 0.00 0.00 0.00 0.00 0.00
50.00 26.00 34.00 70.00 119.00 36.00 49.00 0.08 4.60 0.00 3.00 0.00 8.00 17.00 18.00 9.00 20.00 6.00 0.00 0.00 0.00 0.00 0.00
51.00 21.00 23.00 54.00 103.00 31.00 49.00 0.08 4.66 0.00 2.00 0.00 7.00 10.00 14.00 11.00 15.00 6.00 0.00 0.00 0.00 0.00 0.00
52.00 27.00 22.00 66.00 140.00 44.00 74.00 0.09 4.04 0.00 2.00 0.00 9.00 14.00 18.00 13.00 15.00 12.00 0.00 0.00 0.00 0.00 0.00
53.00 23.00 24.00 61.00 115.00 37.00 54.00 0.09 4.46 0.00 2.00 0.00 5.00 7.00 18.00 16.00 12.00 11.00 0.00 0.00 1.00 0.00 0.00
54.00 23.00 26.00 57.00 114.00 31.00 57.00 0.09 4.57 0.00 3.00 0.00 6.00 12.00 17.00 11.00 17.00 6.00 0.00 0.00 0.00 0.00 0.00
55.00 21.00 23.00 56.00 109.00 33.00 53.00 0.08 4.60 0.00 3.00 0.00 7.00 9.00 14.00 12.00 15.00 6.00 0.00 0.00 0.00 0.00 0.00
56.00 22.00 28.00 56.00 103.00 28.00 47.00 0.08 4.72 0.00 2.00 0.00 9.00 12.00 13.00 10.00 14.00 8.00 0.00 0.00 0.00 0.00 0.00
57.00 23.00 29.00 71.00 116.00 42.00 45.00 0.08 4.67 0.00 4.00 0.00 8.00 12.00 15.00 11.00 15.00 8.00 0.00 0.00 0.00 0.00 0.00
58.00 23.00 28.00 64.00 110.00 36.00 46.00 0.08 4.72 0.00 3.00 0.00 8.00 11.00 15.00 12.00 18.00 5.00 0.00 0.00 0.00 0.00 0.00
59.00 20.00 16.00 49.00 98.00 33.00 49.00 0.08 4.86 0.00 3.00 0.00 6.00 9.00 14.00 11.00 13.00 7.00 0.00 0.00 0.00 0.00 0.00
60.00 28.00 40.00 85.00 131.00 45.00 46.00 0.08 4.40 0.00 3.00 0.00 5.00 11.00 23.00 17.00 15.00 13.00 0.00 0.00 0.00 0.00 0.00
61.00 16.00 15.00 41.00 77.00 26.00 36.00 0.08 4.74 0.00 1.00 0.00 6.00 8.00 10.00 8.00 9.00 7.00 0.00 0.00 0.00 0.00 0.00
62.00 25.00 22.00 59.00 114.00 37.00 55.00 0.08 4.34 0.00 2.00 0.00 2.00 10.00 23.00 15.00 16.00 9.00 0.00 0.00 0.00 0.00 0.00
63.00 27.00 39.00 79.00 137.00 40.00 58.00 0.10 4.54 0.00 2.00 0.00 4.00 8.00 23.00 19.00 15.00 12.00 0.00 0.00 0.00 0.00 0.00
64.00 26.00 31.00 73.00 134.00 42.00 61.00 0.06 4.52 0.00 2.00 0.00 4.00 12.00 22.00 14.00 22.00 4.00 0.00 0.00 0.00 0.00 0.00
65.00 27.00 30.00 70.00 133.00 40.00 63.00 0.08 4.72 0.00 1.00 0.00 3.00 14.00 24.00 13.00 20.00 7.00 0.00 0.00 0.00 0.00 0.00
66.00 17.00 20.00 40.00 84.00 20.00 44.00 0.09 3.63 0.00 2.00 0.00 6.00 10.00 11.00 7.00 13.00 4.00 0.00 0.00 0.00 0.00 0.00
67.00 24.00 35.00 67.00 123.00 32.00 56.00 0.08 4.37 0.00 2.00 0.00 3.00 10.00 21.00 14.00 15.00 9.00 0.00 0.00 1.00 0.00 0.00
68.00 18.00 16.00 44.00 92.00 28.00 48.00 0.08 3.78 0.00 3.00 0.00 4.00 8.00 14.00 10.00 12.00 6.00 0.00 0.00 0.00 0.00 0.00
69.00 28.00 38.00 78.00 135.00 40.00 57.00 0.07 4.58 0.00 2.00 0.00 6.00 13.00 22.00 15.00 14.00 14.00 0.00 0.00 0.00 0.00 0.00
70.00 24.00 27.00 64.00 120.00 37.00 56.00 0.08 4.08 0.00 2.00 0.00 4.00 9.00 20.00 15.00 13.00 11.00 0.00 0.00 0.00 0.00 0.00
71.00 25.00 29.00 69.00 123.00 40.00 54.00 0.07 3.77 0.00 3.00 0.00 4.00 10.00 21.00 15.00 17.00 8.00 0.00 0.00 0.00 1.00 0.00
72.00 27.00 38.00 82.00 138.00 44.00 56.00 0.08 4.18 0.00 3.00 0.00 4.00 11.00 23.00 16.00 14.00 13.00 0.00 0.00 1.00 0.00 0.00
73.00 20.00 18.00 47.00 93.00 29.00 46.00 0.09 4.85 0.00 2.00 0.00 6.00 10.00 14.00 10.00 15.00 5.00 0.00 0.00 0.00 0.00 0.00
74.00 26.00 31.00 74.00 134.00 43.00 60.00 0.09 4.73 0.00 3.00 0.00 6.00 15.00 20.00 11.00 16.00 10.00 0.00 0.00 0.00 0.00 0.00
75.00 33.00 48.00 100.00 173.00 52.00 73.00 0.08 4.74 1.00 3.00 0.33 2.00 7.00 31.00 26.00 15.00 18.00 0.00 0.00 0.00 1.00 0.00
76.00 27.00 30.00 78.00 137.00 48.00 59.00 0.08 4.80 0.00 3.00 0.00 9.00 13.00 18.00 14.00 15.00 12.00 0.00 0.00 0.00 1.00 1.00
77.00 30.00 48.00 83.00 152.00 35.00 69.00 0.08 4.77 0.00 3.00 0.00 7.00 14.00 23.00 16.00 24.00 6.00 0.00 0.00 0.00 0.00 0.00
78.00 27.00 36.00 75.00 139.00 39.00 64.00 0.09 4.69 0.00 3.00 0.00 6.00 12.00 21.00 15.00 19.00 8.00 0.00 0.00 0.00 0.00 0.00
79.00 33.00 41.00 96.00 167.00 55.00 71.00 0.07 4.75 0.00 2.00 0.00 7.00 15.00 26.00 18.00 20.00 13.00 0.00 0.00 0.00 0.00 0.00
80.00 22.00 19.00 53.00 113.00 34.00 60.00 0.07 4.97 0.00 3.00 0.00 5.00 11.00 17.00 11.00 16.00 6.00 0.00 0.00 0.00 0.00 0.00
81.00 30.00 45.00 91.00 160.00 46.00 69.00 0.06 4.76 0.00 2.00 0.00 8.00 15.00 22.00 15.00 18.00 12.00 0.00 0.00 1.00 1.00 0.00
82.00 32.00 47.00 99.00 167.00 52.00 68.00 0.08 5.06 1.00 3.00 0.33 8.00 12.00 24.00 20.00 18.00 14.00 0.00 0.00 0.00 0.00 0.00
83.00 40.00 59.00 119.00 202.00 60.00 83.00 0.08 4.99 0.00 3.00 0.00 10.00 15.00 30.00 25.00 25.00 15.00 0.00 0.00 0.00 0.00 0.00
84.00 30.00 35.00 85.00 149.00 50.00 64.00 0.08 4.99 1.00 3.00 0.33 9.00 16.00 21.00 14.00 19.00 11.00 0.00 0.00 0.00 0.00 0.00
85.00 26.00 33.00 69.00 129.00 36.00 60.00 0.08 5.13 1.00 3.00 0.33 8.00 13.00 18.00 13.00 16.00 10.00 0.00 0.00 0.00 0.00 0.00
86.00 22.00 26.00 58.00 106.00 32.00 48.00 0.08 3.60 0.00 2.00 0.00 4.00 12.00 18.00 10.00 17.00 5.00 0.00 0.00 0.00 0.00 0.00
87.00 28.00 39.00 80.00 143.00 41.00 63.00 0.09 4.98 0.00 4.00 0.00 6.00 10.00 22.00 18.00 18.00 10.00 0.00 0.00 1.00 0.00 0.00
88.00 28.00 41.00 73.00 133.00 32.00 60.00 0.08 4.50 0.00 3.00 0.00 5.00 15.00 23.00 13.00 18.00 10.00 0.00 0.00 0.00 0.00 0.00
89.00 30.00 41.00 85.00 154.00 44.00 69.00 0.10 4.70 0.00 2.00 0.00 7.00 12.00 23.00 18.00 20.00 10.00 0.00 0.00 0.00 0.00 0.00
90.00 30.00 38.00 88.00 150.00 50.00 62.00 0.06 4.09 0.00 3.00 0.00 5.00 15.00 25.00 15.00 18.00 12.00 1.00 0.00 0.00 0.00 0.00
91.00 37.00 38.00 100.00 189.00 62.00 89.00 0.09 3.40 0.00 3.00 0.00 10.00 17.00 27.00 20.00 20.00 17.00 0.00 0.00 0.00 0.00 0.00
92.00 28.00 44.00 80.00 133.00 36.00 53.00 0.08 3.45 0.00 3.00 0.00 6.00 16.00 22.00 12.00 22.00 6.00 0.00 0.00 0.00 0.00 0.00
93.00 29.00 36.00 86.00 154.00 50.00 68.00 0.07 3.95 0.00 3.00 0.00 10.00 12.00 19.00 17.00 20.00 9.00 0.00 0.00 0.00 0.00 0.00
94.00 23.00 32.00 61.00 114.00 29.00 53.00 0.09 4.39 0.00 2.00 0.00 5.00 6.00 18.00 17.00 13.00 10.00 1.00 0.00 0.00 0.00 0.00
95.00 32.00 38.00 81.00 155.00 43.00 74.00 0.10 4.32 0.00 3.00 0.00 7.00 15.00 25.00 17.00 19.00 13.00 1.00 0.00 0.00 0.00 0.00
96.00 26.00 30.00 73.00 130.00 43.00 57.00 0.07 4.38 0.00 2.00 0.00 7.00 15.00 19.00 11.00 19.00 7.00 0.00 0.00 0.00 0.00 0.00
97.00 19.00 22.00 49.00 92.00 27.00 43.00 0.08 2.68 0.00 2.00 0.00 7.00 11.00 12.00 8.00 14.00 5.00 0.00 0.00 0.00 0.00 0.00
98.00 24.00 26.00 62.00 111.00 36.00 49.00 0.08 2.77 0.00 2.00 0.00 5.00 9.00 19.00 15.00 17.00 7.00 0.00 0.00 0.00 0.00 0.00
99.00 19.00 23.00 49.00 92.00 26.00 43.00 0.08 2.87 0.00 2.00 0.00 6.00 12.00 13.00 7.00 14.00 5.00 0.00 0.00 0.00 0.00 0.00
100.00 19.00 15.00 51.00 93.00 36.00 42.00 0.08 1.25 0.00 2.00 0.00 4.00 10.00 15.00 9.00 13.00 6.00 0.00 0.00 0.00 0.00 0.00
101.00 21.00 29.00 60.00 104.00 31.00 44.00 0.09 2.53 0.00 2.00 0.00 5.00 8.00 16.00 13.00 13.00 8.00 0.00 0.00 0.00 0.00 0.00
102.00 18.00 18.00 46.00 83.00 28.00 37.00 0.08 0.40 0.00 2.00 0.00 6.00 10.00 12.00 8.00 13.00 5.00 0.00 0.00 0.00 0.00 0.00
103.00 19.00 29.00 57.00 91.00 28.00 34.00 0.08 1.41 0.00 1.00 0.00 5.00 11.00 14.00 8.00 16.00 3.00 0.00 0.00 0.00 0.00 0.00
104.00 18.00 20.00 46.00 89.00 26.00 43.00 0.08 0.41 0.00 1.00 0.00 6.00 9.00 12.00 9.00 9.00 9.00 0.00 0.00 0.00 0.00 1.00
105.00 18.00 18.00 45.00 84.00 27.00 39.00 0.08 1.47 0.00 2.00 0.00 4.00 10.00 14.00 8.00 13.00 5.00 0.00 0.00 0.00 0.00 0.00
106.00 22.00 27.00 57.00 110.00 30.00 53.00 0.08 2.03 0.00 3.00 0.00 5.00 9.00 17.00 13.00 17.00 5.00 0.00 0.00 0.00 0.00 0.00
107.00 18.00 21.00 46.00 94.00 25.00 48.00 0.08 1.45 0.00 3.00 0.00 2.00 5.00 16.00 13.00 9.00 9.00 0.00 0.00 0.00 0.00 0.00
108.00 22.00 28.00 59.00 107.00 31.00 48.00 0.09 0.50 0.00 2.00 0.00 6.00 12.00 16.00 10.00 16.00 6.00 0.00 0.00 0.00 0.00 0.00
109.00 19.00 31.00 58.00 90.00 27.00 32.00 0.07 1.34 0.00 2.00 0.00 4.00 6.00 15.00 13.00 12.00 7.00 0.00 0.00 0.00 0.00 0.00
110.00 21.00 24.00 54.00 100.00 30.00 46.00 0.10 0.52 0.00 2.00 0.00 4.00 12.00 17.00 9.00 17.00 4.00 0.00 0.00 0.00 0.00 0.00
111.00 22.00 26.00 56.00 90.00 30.00 34.00 0.08 1.32 0.00 2.00 0.00 7.00 13.00 15.00 9.00 17.00 5.00 0.00 0.00 0.00 0.00 0.00
112.00 16.00 12.00 39.00 79.00 27.00 40.00 0.09 1.49 0.00 2.00 0.00 5.00 7.00 11.00 9.00 9.00 7.00 0.00 0.00 0.00 0.00 0.00
113.00 18.00 21.00 47.00 88.00 26.00 41.00 0.08 0.50 0.00 2.00 0.00 6.00 12.00 12.00 6.00 12.00 6.00 0.00 0.00 0.00 0.00 0.00
114.00 17.00 22.00 47.00 85.00 25.00 38.00 0.08 0.38 0.00 2.00 0.00 3.00 10.00 14.00 7.00 10.00 7.00 0.00 0.00 0.00 0.00 0.00
115.00 13.00 16.00 33.00 65.00 17.00 32.00 0.09 0.32 0.00 2.00 0.00 0.00 3.00 13.00 10.00 11.00 2.00 0.00 0.00 0.00 0.00 0.00
116.00 20.00 24.00 51.00 102.00 27.00 51.00 0.08 1.30 0.00 2.00 0.00 9.00 14.00 11.00 6.00 16.00 4.00 0.00 0.00 0.00 0.00 0.00
117.00 23.00 28.00 64.00 115.00 36.00 51.00 0.09 1.39 0.00 2.00 0.00 3.00 9.00 20.00 14.00 12.00 11.00 0.00 0.00 0.00 0.00 0.00
118.00 22.00 31.00 64.00 112.00 33.00 48.00 0.07 0.53 0.00 2.00 0.00 6.00 12.00 16.00 10.00 14.00 8.00 0.00 0.00 0.00 0.00 0.00
119.00 19.00 20.00 44.00 93.00 24.00 49.00 0.07 2.17 0.00 2.00 0.00 6.00 10.00 13.00 9.00 16.00 3.00 0.00 0.00 0.00 0.00 0.00
120.00 21.00 32.00 59.00 102.00 27.00 43.00 0.07 0.61 0.00 2.00 0.00 5.00 9.00 16.00 12.00 12.00 9.00 0.00 0.00 0.00 0.00 0.00
121.00 20.00 27.00 55.00 99.00 28.00 44.00 0.08 0.52 0.00 2.00 0.00 3.00 12.00 17.00 8.00 13.00 7.00 0.00 0.00 0.00 0.00 0.00
122.00 18.00 25.00 53.00 86.00 28.00 33.00 0.08 0.55 0.00 1.00 0.00 2.00 7.00 16.00 11.00 12.00 6.00 0.00 0.00 0.00 0.00 0.00
123.00 21.00 20.00 48.00 96.00 28.00 48.00 0.10 0.70 0.00 2.00 0.00 8.00 12.00 13.00 9.00 15.00 6.00 0.00 0.00 0.00 0.00 0.00
124.00 18.00 18.00 46.00 83.00 28.00 37.00 0.08 0.61 0.00 1.00 0.00 5.00 12.00 13.00 6.00 15.00 3.00 0.00 0.00 0.00 0.00 0.00
125.00 16.00 14.00 40.00 81.00 26.00 41.00 0.09 1.31 0.00 2.00 0.00 4.00 11.00 12.00 5.00 13.00 3.00 0.00 0.00 0.00 0.00 0.00
126.00 14.00 8.00 28.00 67.00 20.00 39.00 0.08 1.49 0.00 2.00 0.00 4.00 8.00 10.00 6.00 10.00 4.00 0.00 0.00 0.00 0.00 0.00
127.00 11.00 11.00 27.00 53.00 16.00 26.00 0.09 0.52 0.00 2.00 0.00 2.00 5.00 9.00 6.00 6.00 5.00 0.00 0.00 0.00 0.00 0.00
128.00 19.00 20.00 52.00 97.00 32.00 45.00 0.08 0.51 0.00 1.00 0.00 4.00 9.00 15.00 10.00 11.00 8.00 0.00 0.00 0.00 0.00 0.00
129.00 21.00 26.00 55.00 102.00 29.00 47.00 0.08 0.56 0.00 1.00 0.00 6.00 12.00 15.00 9.00 13.00 8.00 0.00 0.00 0.00 0.00 0.00
130.00 12.00 10.00 26.00 52.00 16.00 26.00 0.08 0.35 0.00 1.00 0.00 5.00 6.00 7.00 6.00 6.00 6.00 1.00 0.00 0.00 0.00 0.00
131.00 13.00 9.00 25.00 61.00 16.00 36.00 0.08 0.51 0.00 1.00 0.00 5.00 10.00 8.00 3.00 11.00 2.00 0.00 0.00 0.00 0.00 0.00
132.00 13.00 5.00 26.00 53.00 21.00 27.00 0.09 0.36 0.00 1.00 0.00 7.00 10.00 6.00 3.00 11.00 2.00 0.00 0.00 0.00 0.00 0.00
133.00 17.00 7.00 35.00 78.00 28.00 43.00 0.08 1.49 0.00 2.00 0.00 6.00 13.00 11.00 4.00 14.00 3.00 0.00 0.00 0.00 0.00 0.00
134.00 20.00 26.00 52.00 96.00 26.00 44.00 0.09 0.59 0.00 1.00 0.00 4.00 9.00 16.00 11.00 10.00 10.00 0.00 0.00 0.00 0.00 0.00
135.00 16.00 20.00 44.00 80.00 24.00 36.00 0.08 0.42 0.00 1.00 0.00 2.00 4.00 14.00 12.00 11.00 5.00 0.00 0.00 0.00 0.00 0.00
136.00 18.00 20.00 46.00 90.00 26.00 44.00 0.09 0.57 0.00 1.00 0.00 5.00 6.00 13.00 12.00 10.00 8.00 0.00 0.00 0.00 0.00 0.00
137.00 15.00 7.00 30.00 60.00 23.00 30.00 0.08 0.58 0.00 1.00 0.00 4.00 7.00 11.00 8.00 12.00 3.00 0.00 0.00 0.00 0.00 0.00
138.00 16.00 17.00 43.00 75.00 26.00 32.00 0.06 0.61 0.00 1.00 0.00 3.00 8.00 13.00 8.00 12.00 4.00 0.00 0.00 0.00 1.00 0.00
139.00 10.00 6.00 20.00 42.00 14.00 22.00 0.09 0.36 0.00 1.00 0.00 2.00 7.00 8.00 3.00 9.00 1.00 0.00 0.00 0.00 0.00 0.00
140.00 20.00 27.00 53.00 88.00 26.00 35.00 0.09 0.70 0.00 1.00 0.00 7.00 12.00 13.00 8.00 14.00 6.00 0.00 0.00 1.00 0.00 0.00
141.00 23.00 21.00 51.00 99.00 30.00 48.00 0.09 1.23 0.00 1.00 0.00 8.00 12.00 15.00 11.00 17.00 6.00 0.00 0.00 0.00 0.00 0.00
142.00 17.00 21.00 41.00 77.00 20.00 36.00 0.07 0.57 0.00 1.00 0.00 5.00 9.00 12.00 8.00 12.00 5.00 0.00 0.00 0.00 0.00 0.00
143.00 13.00 11.00 31.00 65.00 20.00 34.00 0.09 0.40 0.00 1.00 0.00 3.00 7.00 10.00 6.00 10.00 3.00 0.00 0.00 0.00 0.00 0.00
144.00 15.00 10.00 32.00 70.00 22.00 38.00 0.08 0.56 0.00 2.00 0.00 8.00 8.00 7.00 7.00 12.00 3.00 0.00 0.00 0.00 0.00 0.00
145.00 17.00 18.00 38.00 77.00 20.00 39.00 0.10 0.49 0.00 2.00 0.00 6.00 12.00 11.00 5.00 16.00 1.00 0.00 0.00 0.00 0.00 0.00
146.00 15.00 17.00 39.00 63.00 22.00 24.00 0.08 0.60 0.00 2.00 0.00 5.00 11.00 10.00 4.00 13.00 2.00 0.00 0.00 0.00 0.00 0.00
147.00 13.00 13.00 33.00 62.00 20.00 29.00 0.08 0.57 0.00 2.00 0.00 2.00 7.00 11.00 6.00 10.00 3.00 0.00 0.00 0.00 0.00 0.00
148.00 15.00 15.00 38.00 77.00 23.00 39.00 0.09 0.58 0.00 2.00 0.00 3.00 8.00 12.00 7.00 9.00 6.00 0.00 0.00 0.00 0.00 0.00
149.00 15.00 16.00 33.00 71.00 17.00 38.00 0.10 0.66 0.00 2.00 0.00 4.00 8.00 11.00 7.00 10.00 5.00 0.00 0.00 0.00 0.00 0.00
150.00 17.00 9.00 35.00 79.00 26.00 44.00 0.10 0.74 0.00 2.00 0.00 5.00 10.00 12.00 7.00 13.00 4.00 0.00 0.00 0.00 0.00 0.00
151.00 14.00 12.00 33.00 69.00 21.00 36.00 0.08 0.59 0.00 1.00 0.00 5.00 8.00 9.00 6.00 9.00 5.00 0.00 0.00 0.00 0.00 0.00
152.00 12.00 10.00 27.00 55.00 17.00 28.00 0.10 0.50 0.00 0.00 0.00 4.00 4.00 8.00 8.00 8.00 4.00 0.00 0.00 0.00 0.00 0.00
153.00 8.00 6.00 17.00 35.00 11.00 18.00 0.09 0.31 0.00 0.00 0.00 4.00 5.00 4.00 3.00 7.00 1.00 0.00 0.00 0.00 0.00 0.00
154.00 4.00 0.00 4.00 13.00 4.00 9.00 0.09 3.81 0.00 0.00 0.00 2.00 4.00 2.00 0.00 4.00 0.00 0.00 0.00 0.00 0.00 0.00
155.00 13.00 7.00 27.00 62.00 20.00 35.00 0.09 0.57 0.00 1.00 0.00 8.00 9.00 5.00 4.00 11.00 2.00 0.00 0.00 0.00 0.00 0.00
156.00 8.00 1.00 10.00 30.00 9.00 20.00 0.09 0.41 0.00 1.00 0.00 3.00 7.00 5.00 1.00 8.00 0.00 0.00 0.00 0.00 0.00 0.00
157.00 5.00 0.00 6.00 22.00 6.00 16.00 0.07 0.36 0.00 1.00 0.00 3.00 4.00 2.00 1.00 5.00 0.00 0.00 0.00 0.00 0.00 0.00
158.00 10.00 4.00 18.00 44.00 14.00 26.00 0.09 0.52 0.00 0.00 0.00 5.00 8.00 5.00 2.00 8.00 2.00 0.00 0.00 0.00 0.00 0.00
159.00 12.00 12.00 27.00 52.00 15.00 25.00 0.07 0.38 0.00 1.00 0.00 5.00 8.00 7.00 4.00 9.00 3.00 0.00 0.00 0.00 0.00 0.00
160.00 6.00 0.00 3.00 20.00 3.00 17.00 0.07 0.45 0.00 0.00 0.00 3.00 5.00 3.00 1.00 6.00 0.00 0.00 0.00 0.00 0.00 0.00
161.00 9.00 4.00 15.00 41.00 11.00 26.00 0.09 0.39 0.00 1.00 0.00 5.00 7.00 4.00 2.00 8.00 1.00 0.00 0.00 0.00 0.00 0.00
162.00 9.00 7.00 20.00 38.00 13.00 18.00 0.07 0.45 0.00 0.00 0.00 5.00 7.00 4.00 2.00 7.00 2.00 0.00 0.00 0.00 0.00 0.00
163.00 8.00 1.00 8.00 32.00 7.00 24.00 0.09 0.55 0.00 1.00 0.00 3.00 5.00 5.00 3.00 8.00 0.00 0.00 0.00 0.00 0.00 0.00
164.00 9.00 2.00 13.00 36.00 11.00 23.00 0.07 1.91 0.00 0.00 0.00 2.00 6.00 7.00 3.00 7.00 2.00 0.00 0.00 1.00 0.00 0.00
165.00 10.00 2.00 19.00 49.00 17.00 30.00 0.10 0.55 0.00 0.00 0.00 5.00 7.00 5.00 3.00 8.00 2.00 0.00 0.00 0.00 0.00 0.00
166.00 7.00 1.00 11.00 31.00 10.00 20.00 0.09 0.35 0.00 0.00 0.00 4.00 6.00 3.00 1.00 6.00 1.00 0.00 0.00 0.00 0.00 0.00
167.00 6.00 0.00 8.00 27.00 8.00 19.00 0.07 0.22 0.00 1.00 0.00 3.00 4.00 3.00 2.00 5.00 1.00 0.00 0.00 0.00 0.00 0.00
168.00 5.00 2.00 8.00 22.00 6.00 14.00 0.09 0.19 0.00 1.00 0.00 0.00 0.00 5.00 5.00 2.00 3.00 0.00 0.00 0.00 0.00 0.00
169.00 7.00 1.00 7.00 29.00 6.00 22.00 0.09 2.40 0.00 0.00 0.00 2.00 7.00 5.00 0.00 7.00 0.00 0.00 0.00 0.00 0.00 0.00
170.00 3.00 0.00 2.00 9.00 2.00 7.00 0.10 0.09 0.00 0.00 0.00 2.00 3.00 1.00 0.00 3.00 0.00 0.00 0.00 0.00 0.00 0.00
171.00 9.00 6.00 20.00 41.00 14.00 21.00 0.09 0.28 0.00 0.00 0.00 2.00 7.00 7.00 2.00 9.00 0.00 0.00 0.00 0.00 0.00 0.00
172.00 9.00 5.00 15.00 44.00 10.00 29.00 0.10 0.34 0.00 0.00 0.00 3.00 5.00 6.00 4.00 7.00 2.00 0.00 0.00 0.00 0.00 0.00
173.00 5.00 0.00 6.00 20.00 6.00 14.00 0.09 0.25 0.00 0.00 0.00 3.00 4.00 2.00 1.00 5.00 0.00 0.00 0.00 0.00 0.00 0.00
174.00 4.00 0.00 4.00 16.00 4.00 12.00 0.08 0.21 0.00 0.00 0.00 2.00 4.00 2.00 0.00 4.00 0.00 0.00 0.00 0.00 0.00 0.00
175.00 2.00 0.00 0.00 3.00 0.00 3.00 0.10 4.65 0.00 0.00 0.00 2.00 2.00 0.00 0.00 2.00 0.00 0.00 0.00 0.00 0.00 0.00
