0.00 2.00 0.00 0.00 5.00 0.00 5.00 0.09 5.46 0.00 0.00 0.00 2.00 2.00 0.00 0.00 2.00 0.00 0.00 0.00 0.00 0.00 0.00
1.00 3.00 0.00 2.00 11.00 2.00 9.00 0.09 0.15 0.00 0.00 0.00 2.00 3.00 1.00 0.00 3.00 0.00 0.00 0.00 0.00 0.00 0.00
2.00 5.00 2.00 8.00 20.00 6.00 12.00 0.09 3.47 0.00 0.00 0.00 2.00 4.00 3.00 1.00 4.00 1.00 0.00 0.00 0.00 0.00 0.00
3.00 8.00 6.00 15.00 39.00 9.00 24.00 0.07 3.83 0.00 0.00 0.00 3.00 5.00 5.00 3.00 6.00 2.00 0.00 0.00 0.00 0.00 0.00
4.00 8.00 1.00 9.00 32.00 8.00 23.00 0.08 4.35 0.00 0.00 0.00 3.00 5.00 5.00 3.00 7.00 1.00 0.00 0.00 0.00 0.00 0.00
5.00 8.00 6.00 16.00 35.00 10.00 19.00 0.08 5.15 0.00 0.00 0.00 3.00 5.00 5.00 3.00 6.00 2.00 0.00 0.00 0.00 0.00 0.00
6.00 4.00 0.00 0.00 12.00 0.00 12.00 0.09 5.09 0.00 0.00 0.00 2.00 4.00 2.00 0.00 4.00 0.00 0.00 0.00 0.00 0.00 0.00
7.00 6.00 2.00 9.00 22.00 7.00 13.00 0.10 3.13 0.00 0.00 0.00 2.00 2.00 4.00 4.00 6.00 0.00 0.00 0.00 0.00 0.00 0.00
8.00 5.00 0.00 5.00 21.00 5.00 16.00 0.08 3.44 0.00 0.00 0.00 2.00 4.00 3.00 1.00 4.00 1.00 0.00 0.00 0.00 0.00 0.00
9.00 3.00 0.00 0.00 1.00 0.00 1.00 0.07 4.97 0.00 0.00 0.00 2.00 3.00 1.00 0.00 3.00 0.00 0.00 0.00 0.00 0.00 0.00
10.00 6.00 2.00 10.00 27.00 8.00 17.00 0.08 3.73 0.00 0.00 0.00 1.00 5.00 5.00 1.00 6.00 0.00 0.00 0.00 0.00 0.00 0.00
11.00 9.00 5.00 15.00 42.00 10.00 27.00 0.10 3.41 0.00 0.00 0.00 2.00 6.00 7.00 3.00 7.00 2.00 0.00 0.00 0.00 0.00 0.00
12.00 5.00 1.00 7.00 19.00 6.00 12.00 0.07 5.54 0.00 0.00 0.00 3.00 4.00 2.00 1.00 5.00 0.00 0.00 0.00 0.00 0.00 0.00
13.00 9.00 4.00 18.00 40.00 14.00 22.00 0.08 4.53 0.00 1.00 0.00 2.00 5.00 7.00 4.00 5.00 4.00 0.00 0.00 0.00 0.00 0.00
14.00 12.00 12.00 30.00 54.00 18.00 24.00 0.09 2.72 0.00 0.00 0.00 2.00 5.00 10.00 7.00 9.00 3.00 0.00 0.00 0.00 0.00 0.00
15.00 11.00 8.00 28.00 52.00 20.00 24.00 0.09 2.98 0.00 0.00 0.00 4.00 8.00 7.00 3.00 8.00 3.00 0.00 0.00 0.00 0.00 0.00
16.00 12.00 11.00 28.00 55.00 17.00 27.00 0.08 5.19 0.00 0.00 0.00 2.00 6.00 10.00 6.00 9.00 3.00 0.00 0.00 0.00 0.00 0.00
17.00 9.00 3.00 16.00 44.00 13.00 28.00 0.09 4.03 0.00 0.00 0.00 2.00 4.00 7.00 5.00 8.00 1.00 0.00 0.00 0.00 0.00 0.00
18.00 11.00 11.00 26.00 53.00 15.00 27.00 0.08 3.03 0.00 0.00 0.00 3.00 8.00 8.00 3.00 10.00 1.00 0.00 0.00 0.00 0.00 0.00
19.00 8.00 4.00 11.00 39.00 7.00 28.00 0.10 2.25 0.00 1.00 0.00 3.00 4.00 5.00 4.00 7.00 1.00 0.00 0.00 0.00 0.00 0.00
20.00 5.00 0.00 2.00 10.00 2.00 8.00 0.08 0.98 0.00 0.00 0.00 2.00 5.00 3.00 0.00 5.00 0.00 0.00 0.00 0.00 0.00 0.00
21.00 12.00 7.00 26.00 55.00 19.00 29.00 0.10 3.46 0.00 0.00 0.00 3.00 5.00 9.00 7.00 11.00 1.00 0.00 0.00 0.00 0.00 0.00
22.00 7.00 0.00 9.00 33.00 9.00 24.00 0.10 3.91 0.00 0.00 0.00 3.00 6.00 4.00 1.00 7.00 0.00 0.00 0.00 0.00 0.00 0.00
23.00 8.00 1.00 6.00 34.00 5.00 28.00 0.09 3.44 0.00 0.00 0.00 3.00 4.00 5.00 4.00 5.00 3.00 0.00 0.00 0.00 0.00 0.00
24.00 8.00 5.00 17.00 39.00 12.00 22.00 0.08 4.27 0.00 0.00 0.00 3.00 7.00 5.00 1.00 8.00 0.00 0.00 0.00 0.00 0.00 0.00
25.00 9.00 4.00 19.00 44.00 15.00 25.00 0.08 2.78 0.00 0.00 0.00 2.00 9.00 7.00 0.00 9.00 0.00 0.00 0.00 0.00 0.00 0.00
26.00 10.00 6.00 21.00 48.00 15.00 27.00 0.07 3.76 0.00 0.00 0.00 4.00 8.00 6.00 2.00 9.00 1.00 0.00 0.00 0.00 0.00 0.00
27.00 10.00 5.00 15.00 43.00 10.00 28.00 0.09 2.60 0.00 0.00 0.00 4.00 7.00 6.00 3.00 9.00 1.00 0.00 0.00 0.00 0.00 0.00
28.00 14.00 15.00 35.00 71.00 20.00 36.00 0.10 3.02 0.00 0.00 0.00 5.00 9.00 9.00 5.00 11.00 3.00 0.00 0.00 0.00 0.00 0.00
29.00 11.00 9.00 24.00 52.00 15.00 28.00 0.08 3.51 0.00 0.00 0.00 5.00 7.00 6.00 4.00 9.00 2.00 0.00 0.00 1.00 0.00 0.00
30.00 13.00 9.00 22.00 54.00 13.00 32.00 0.08 5.04 0.00 0.00 0.00 4.00 7.00 9.00 6.00 11.00 2.00 0.00 0.00 0.00 0.00 0.00
31.00 8.00 3.00 15.00 37.00 12.00 22.00 0.09 6.44 0.00 0.00 0.00 4.00 7.00 4.00 1.00 7.00 1.00 0.00 0.00 0.00 0.00 0.00
32.00 15.00 16.00 38.00 69.00 22.00 31.00 0.08 3.68 0.00 1.00 0.00 8.00 9.00 7.00 6.00 9.00 6.00 0.00 0.00 0.00 0.00 0.00
33.00 15.00 17.00 38.00 69.00 21.00 31.00 0.08 3.15 0.00 0.00 0.00 2.00 6.00 13.00 9.00 10.00 5.00 0.00 0.00 0.00 0.00 0.00
34.00 14.00 8.00 29.00 65.00 21.00 36.00 0.08 3.87 0.00 1.00 0.00 2.00 6.00 12.00 8.00 9.00 5.00 0.00 0.00 0.00 0.00 0.00
35.00 17.00 14.00 43.00 85.00 29.00 42.00 0.09 2.60 0.00 2.00 0.00 5.00 11.00 12.00 6.00 12.00 5.00 0.00 0.00 0.00 0.00 0.00
36.00 15.00 15.00 37.00 73.00 22.00 36.00 0.09 3.59 0.00 2.00 0.00 2.00 6.00 13.00 9.00 11.00 4.00 0.00 0.00 0.00 0.00 0.00
37.00 19.00 19.00 46.00 87.00 27.00 41.00 0.08 3.69 0.00 1.00 0.00 6.00 12.00 13.00 7.00 15.00 4.00 0.00 0.00 0.00 0.00 0.00
38.00 14.00 8.00 29.00 69.00 21.00 40.00 0.08 4.58 0.00 1.00 0.00 4.00 9.00 10.00 5.00 9.00 5.00 0.00 0.00 0.00 0.00 0.00
39.00 20.00 25.00 56.00 98.00 31.00 42.00 0.09 2.66 0.00 1.00 0.00 7.00 12.00 13.00 8.00 15.00 5.00 0.00 0.00 0.00 0.00 0.00
40.00 15.00 14.00 34.00 69.00 20.00 35.00 0.09 2.68 0.00 1.00 0.00 4.00 8.00 11.00 7.00 11.00 4.00 0.00 0.00 0.00 0.00 0.00
41.00 17.00 25.00 47.00 84.00 22.00 37.00 0.09 3.20 0.00 1.00 0.00 1.00 5.00 16.00 12.00 9.00 8.00 0.00 0.00 0.00 0.00 0.00
42.00 22.00 28.00 56.00 103.00 28.00 47.00 0.10 2.41 0.00 1.00 0.00 7.00 12.00 15.00 10.00 16.00 6.00 0.00 0.00 0.00 0.00 0.00
43.00 13.00 10.00 33.00 65.00 23.00 32.00 0.07 4.38 0.00 1.00 0.00 1.00 4.00 12.00 9.00 6.00 7.00 0.00 0.00 0.00 0.00 0.00
44.00 21.00 25.00 58.00 105.00 33.00 47.00 0.08 4.45 0.00 2.00 0.00 7.00 11.00 14.00 10.00 14.00 7.00 0.00 0.00 0.00 0.00 0.00
45.00 24.00 26.00 62.00 116.00 36.00 54.00 0.09 2.58 0.00 2.00 0.00 8.00 13.00 16.00 11.00 18.00 6.00 0.00 0.00 0.00 0.00 0.00
46.00 23.00 27.00 64.00 114.00 37.00 50.00 0.09 2.82 0.00 2.00 0.00 5.00 9.00 18.00 14.00 13.00 10.00 0.00 0.00 0.00 0.00 0.00
47.00 24.00 30.00 62.00 114.00 32.00 52.00 0.09 4.33 0.00 2.00 0.00 6.00 10.00 18.00 14.00 15.00 9.00 0.00 0.00 0.00 0.00 0.00
48.00 21.00 24.00 52.00 106.00 28.00 54.00 0.09 3.32 0.00 1.00 0.00 5.00 8.00 16.00 13.00 12.00 9.00 0.00 0.00 0.00 0.00 0.00
49.00 18.00 23.00 47.00 87.00 24.00 40.00 0.09 3.48 0.00 2.00 0.00 3.00 7.00 15.00 11.00 14.00 4.00 0.00 0.00 1.00 0.00 0.00
50.00 21.00 25.00 58.00 105.00 33.00 47.00 0.10 3.26 0.00 0.00 0.00 5.00 9.00 16.00 12.00 12.00 9.00 0.00 0.00 0.00 0.00 0.00
51.00 25.00 27.00 63.00 117.00 36.00 54.00 0.08 3.34 0.00 1.00 0.00 8.00 13.00 17.00 12.00 17.00 8.00 0.00 0.00 0.00 0.00 0.00
52.00 17.00 15.00 43.00 90.00 28.00 47.00 0.07 3.86 0.00 0.00 0.00 5.00 7.00 12.00 10.00 10.00 7.00 0.00 0.00 0.00 0.00 0.00
53.00 19.00 19.00 55.00 96.00 36.00 41.00 0.09 5.05 0.00 0.00 0.00 4.00 9.00 15.00 10.00 11.00 8.00 0.00 0.00 1.00 0.00 0.00
54.00 24.00 25.00 66.00 114.00 41.00 48.00 0.08 3.99 0.00 0.00 0.00 8.00 16.00 16.00 8.00 20.00 4.00 0.00 0.00 0.00 0.00 0.00
55.00 26.00 16.00 53.00 127.00 37.00 74.00 0.09 4.96 0.00 0.00 0.00 9.00 14.00 17.00 12.00 19.00 7.00 0.00 0.00 1.00 0.00 0.00
56.00 20.00 12.00 43.00 96.00 31.00 53.00 0.09 4.89 0.00 0.00 0.00 10.00 14.00 10.00 6.00 18.00 2.00 0.00 0.00 0.00 0.00 0.00
57.00 24.00 16.00 53.00 118.00 37.00 65.00 0.09 5.24 0.00 1.00 0.00 6.00 11.00 18.00 13.00 19.00 5.00 0.00 0.00 0.00 0.00 0.00
58.00 23.00 31.00 66.00 118.00 35.00 52.00 0.09 3.39 0.00 1.00 0.00 7.00 11.00 16.00 12.00 16.00 7.00 0.00 0.00 0.00 0.00 0.00
59.00 26.00 21.00 76.00 137.00 55.00 61.00 0.07 3.21 0.00 1.00 0.00 5.00 14.00 21.00 12.00 21.00 5.00 0.00 0.00 0.00 0.00 1.00
60.00 30.00 38.00 82.00 153.00 44.00 71.00 0.08 3.88 0.00 2.00 0.00 7.00 16.00 23.00 14.00 20.00 10.00 0.00 0.00 0.00 0.00 1.00
61.00 27.00 28.00 68.00 146.00 40.00 78.00 0.08 4.08 0.00 1.00 0.00 6.00 13.00 21.00 14.00 20.00 7.00 0.00 0.00 1.00 0.00 0.00
62.00 25.00 23.00 74.00 132.00 51.00 58.00 0.08 4.30 1.00 2.00 0.50 6.00 15.00 19.00 10.00 19.00 6.00 0.00 0.00 0.00 0.00 0.00
63.00 21.00 17.00 50.00 109.00 33.00 59.00 0.10 3.03 0.00 1.00 0.00 7.00 9.00 14.00 12.00 13.00 8.00 1.00 0.00 0.00 0.00 0.00
64.00 29.00 35.00 83.00 144.00 48.00 61.00 0.10 3.27 0.00 0.00 0.00 8.00 12.00 21.00 17.00 18.00 11.00 0.00 0.00 1.00 0.00 0.00
65.00 22.00 17.00 60.00 112.00 43.00 52.00 0.07 4.17 0.00 0.00 0.00 6.00 9.00 16.00 13.00 16.00 6.00 1.00 0.00 0.00 0.00 0.00
66.00 27.00 32.00 76.00 143.00 44.00 67.00 0.08 3.00 1.00 1.00 1.00 10.00 13.00 17.00 14.00 17.00 10.00 1.00 0.00 1.00 0.00 0.00
67.00 22.00 20.00 57.00 123.00 37.00 66.00 0.08 3.09 1.00 1.00 1.00 4.00 13.00 18.00 9.00 16.00 6.00 1.00 0.00 0.00 0.00 0.00
68.00 33.00 31.00 97.00 176.00 66.00 79.00 0.08 3.05 1.00 1.00 1.00 6.00 17.00 27.00 16.00 22.00 11.00 0.00 0.00 0.00 0.00 0.00
69.00 28.00 28.00 85.00 149.00 57.00 64.00 0.08 3.00 1.00 1.00 1.00 4.00 8.00 24.00 20.00 17.00 11.00 0.00 0.00 0.00 0.00 0.00
70.00 34.00 43.00 108.00 182.00 65.00 74.00 0.08 2.78 0.00 3.00 0.00 11.00 16.00 23.00 18.00 21.00 13.00 0.00 0.00 0.00 0.00 0.00
71.00 28.00 24.00 80.00 145.00 56.00 65.00 0.08 3.20 0.00 1.00 0.00 9.00 16.00 19.00 12.00 21.00 7.00 1.00 0.00 1.00 0.00 0.00
72.00 32.00 37.00 96.00 167.00 59.00 71.00 0.09 4.14 0.00 2.00 0.00 11.00 15.00 21.00 17.00 22.00 10.00 1.00 0.00 1.00 0.00 0.00
73.00 29.00 36.00 83.00 149.00 47.00 66.00 0.08 2.12 1.00 4.00 0.25 11.00 15.00 18.00 14.00 18.00 11.00 0.00 0.00 0.00 0.00 0.00
74.00 29.00 30.00 80.00 152.00 50.00 72.00 0.09 4.27 2.00 2.00 1.00 8.00 14.00 21.00 15.00 18.00 11.00 1.00 0.00 0.00 0.00 0.00
75.00 29.00 33.00 92.00 151.00 59.00 59.00 0.07 3.82 1.00 2.00 0.50 6.00 11.00 23.00 18.00 20.00 9.00 1.00 0.00 0.00 0.00 0.00
76.00 25.00 29.00 65.00 132.00 36.00 67.00 0.07 4.21 0.00 3.00 0.00 11.00 14.00 14.00 11.00 15.00 10.00 1.00 0.00 1.00 0.00 0.00
77.00 30.00 35.00 83.00 146.00 48.00 63.00 0.09 3.30 0.00 2.00 0.00 10.00 16.00 20.00 14.00 24.00 6.00 1.00 0.00 0.00 0.00 0.00
78.00 22.00 21.00 56.00 111.00 35.00 55.00 0.08 3.89 0.00 1.00 0.00 6.00 13.00 16.00 9.00 18.00 4.00 0.00 0.00 0.00 0.00 0.00
79.00 31.00 50.00 100.00 163.00 50.00 63.00 0.06 2.94 1.00 2.00 0.50 4.00 13.00 27.00 18.00 20.00 11.00 1.00 0.00 0.00 0.00 0.00
80.00 30.00 42.00 91.00 151.00 49.00 60.00 0.08 3.09 1.00 2.00 0.50 9.00 15.00 21.00 15.00 20.00 10.00 0.00 0.00 0.00 0.00 0.00
81.00 12.00 11.00 30.00 59.00 19.00 29.00 0.09 4.54 1.00 1.00 1.00 3.00 7.00 9.00 5.00 9.00 3.00 0.00 0.00 0.00 0.00 0.00
82.00 26.00 37.00 76.00 129.00 39.00 53.00 0.10 2.92 1.00 2.00 0.50 6.00 10.00 20.00 16.00 17.00 9.00 0.00 0.00 0.00 0.00 0.00
83.00 28.00 33.00 80.00 141.00 47.00 61.00 0.08 1.55 1.00 2.00 0.50 6.00 9.00 22.00 19.00 13.00 15.00 0.00 1.00 0.00 0.00 0.00
84.00 29.00 37.00 77.00 142.00 40.00 65.00 0.07 4.22 0.00 3.00 0.00 5.00 16.00 24.00 13.00 23.00 6.00 0.00 0.00 0.00 0.00 0.00
85.00 26.00 19.00 68.00 134.00 49.00 66.00 0.08 4.16 0.00 2.00 0.00 6.00 12.00 20.00 14.00 18.00 8.00 1.00 0.00 0.00 1.00 0.00
86.00 20.00 13.00 47.00 98.00 34.00 51.00 0.08 2.75 0.00 1.00 0.00 7.00 13.00 13.00 7.00 14.00 6.00 0.00 0.00 0.00 1.00 0.00
87.00 26.00 21.00 69.00 133.00 48.00 64.00 0.08 4.20 0.00 2.00 0.00 9.00 16.00 17.00 10.00 20.00 6.00 0.00 0.00 0.00 0.00 0.00
88.00 27.00 35.00 77.00 141.00 42.00 64.00 0.08 4.63 0.00 2.00 0.00 5.00 14.00 22.00 13.00 19.00 8.00 0.00 0.00 0.00 1.00 0.00
89.00 25.00 21.00 62.00 121.00 41.00 59.00 0.08 3.22 0.00 1.00 0.00 6.00 14.00 19.00 11.00 20.00 5.00 0.00 0.00 0.00 1.00 0.00
90.00 30.00 31.00 73.00 146.00 42.00 73.00 0.09 3.56 0.00 2.00 0.00 13.00 19.00 17.00 11.00 24.00 6.00 0.00 0.00 0.00 1.00 0.00
91.00 26.00 31.00 75.00 127.00 44.00 52.00 0.08 3.14 0.00 2.00 0.00 5.00 14.00 21.00 12.00 21.00 5.00 0.00 0.00 0.00 1.00 0.00
92.00 24.00 15.00 52.00 125.00 37.00 73.00 0.08 3.94 0.00 2.00 0.00 7.00 17.00 17.00 7.00 19.00 5.00 0.00 0.00 0.00 0.00 0.00
93.00 14.00 8.00 29.00 62.00 21.00 33.00 0.08 3.13 0.00 1.00 0.00 4.00 9.00 10.00 5.00 11.00 3.00 0.00 0.00 0.00 0.00 0.00
94.00 10.00 9.00 23.00 45.00 14.00 22.00 0.09 3.16 0.00 1.00 0.00 5.00 7.00 5.00 3.00 9.00 1.00 0.00 0.00 0.00 0.00 0.00
95.00 24.00 24.00 59.00 124.00 35.00 65.00 0.08 5.40 0.00 2.00 0.00 6.00 11.00 18.00 13.00 17.00 7.00 0.00 0.00 0.00 0.00 0.00
96.00 27.00 30.00 69.00 144.00 39.00 75.00 0.08 5.23 0.00 1.00 0.00 7.00 11.00 20.00 16.00 15.00 12.00 0.00 0.00 0.00 0.00 0.00
97.00 26.00 23.00 67.00 131.00 44.00 64.00 0.07 3.99 0.00 2.00 0.00 9.00 14.00 17.00 12.00 16.00 10.00 0.00 0.00 0.00 0.00 0.00
98.00 11.00 8.00 24.00 51.00 16.00 27.00 0.08 3.62 0.00 1.00 0.00 4.00 7.00 7.00 4.00 9.00 2.00 0.00 0.00 0.00 0.00 0.00
99.00 26.00 33.00 72.00 122.00 39.00 50.00 0.10 4.17 0.00 1.00 0.00 4.00 11.00 22.00 15.00 13.00 13.00 0.00 0.00 0.00 0.00 0.00
100.00 36.00 43.00 101.00 180.00 58.00 79.00 0.07 5.16 0.00 2.00 0.00 9.00 19.00 27.00 17.00 21.00 15.00 1.00 0.00 0.00 0.00 0.00
101.00 33.00 29.00 88.00 170.00 59.00 82.00 0.08 4.94 0.00 2.00 0.00 5.00 14.00 28.00 19.00 20.00 13.00 0.00 0.00 1.00 0.00 0.00
102.00 25.00 30.00 71.00 130.00 41.00 59.00 0.08 5.27 0.00 1.00 0.00 8.00 11.00 17.00 14.00 16.00 9.00 0.00 0.00 1.00 0.00 0.00
103.00 32.00 36.00 79.00 148.00 43.00 69.00 0.08 4.38 0.00 1.00 0.00 12.00 17.00 20.00 15.00 22.00 10.00 0.00 0.00 1.00 0.00 1.00
104.00 26.00 30.00 67.00 136.00 37.00 69.00 0.08 4.42 0.00 2.00 0.00 11.00 15.00 15.00 11.00 17.00 9.00 0.00 0.00 1.00 0.00 0.00
105.00 29.00 30.00 80.00 149.00 50.00 69.00 0.10 4.92 1.00 1.00 1.00 7.00 17.00 22.00 12.00 22.00 7.00 0.00 0.00 0.00 0.00 0.00
106.00 24.00 30.00 67.00 126.00 37.00 59.00 0.10 4.88 0.00 1.00 0.00 3.00 10.00 21.00 14.00 14.00 10.00 0.00 0.00 0.00 0.00 0.00
107.00 17.00 20.00 44.00 82.00 24.00 38.00 0.09 3.93 0.00 1.00 0.00 5.00 6.00 12.00 11.00 9.00 8.00 1.00 0.00 0.00 0.00 0.00
108.00 25.00 31.00 70.00 127.00 39.00 57.00 0.09 4.80 0.00 1.00 0.00 5.00 12.00 20.00 13.00 18.00 7.00 0.00 0.00 0.00 0.00 0.00
109.00 29.00 31.00 81.00 145.00 50.00 64.00 0.10 4.94 0.00 0.00 0.00 10.00 13.00 19.00 16.00 17.00 12.00 0.00 0.00 0.00 0.00 0.00
110.00 28.00 29.00 80.00 147.00 51.00 67.00 0.08 5.03 0.00 2.00 0.00 6.00 12.00 22.00 16.00 17.00 11.00 0.00 0.00 1.00 0.00 0.00
111.00 29.00 40.00 82.00 146.00 42.00 64.00 0.09 5.17 0.00 2.00 0.00 5.00 14.00 24.00 15.00 19.00 10.00 0.00 0.00 0.00 0.00 0.00
112.00 31.00 34.00 82.00 158.00 48.00 76.00 0.08 4.14 0.00 3.00 0.00 8.00 12.00 23.00 19.00 19.00 12.00 0.00 0.00 0.00 0.00 1.00
113.00 30.00 33.00 85.00 156.00 52.00 71.00 0.10 5.01 1.00 2.00 0.50 6.00 14.00 24.00 16.00 21.00 9.00 1.00 0.00 0.00 0.00 0.00
114.00 29.00 27.00 80.00 152.00 53.00 72.00 0.09 4.47 0.00 3.00 0.00 6.00 10.00 23.00 19.00 14.00 15.00 1.00 0.00 0.00 0.00 0.00
115.00 20.00 14.00 44.00 92.00 30.00 48.00 0.07 4.02 0.00 3.00 0.00 5.00 11.00 15.00 9.00 15.00 5.00 0.00 0.00 0.00 0.00 0.00
116.00 30.00 40.00 80.00 158.00 40.00 78.00 0.07 4.95 0.00 4.00 0.00 7.00 9.00 23.00 21.00 15.00 15.00 0.00 0.00 0.00 0.00 0.00
117.00 32.00 32.00 86.00 157.00 54.00 71.00 0.08 4.66 0.00 3.00 0.00 10.00 17.00 22.00 15.00 24.00 8.00 0.00 0.00 0.00 1.00 0.00
118.00 31.00 39.00 86.00 148.00 47.00 62.00 0.11 5.38 0.00 3.00 0.00 5.00 16.00 26.00 15.00 20.00 11.00 1.00 0.00 0.00 0.00 0.00
119.00 27.00 28.00 70.00 138.00 42.00 68.00 0.08 5.33 0.00 3.00 0.00 4.00 8.00 23.00 19.00 14.00 13.00 0.00 0.00 0.00 0.00 0.00
120.00 28.00 29.00 82.00 144.00 53.00 62.00 0.10 4.73 0.00 3.00 0.00 5.00 13.00 23.00 15.00 16.00 12.00 0.00 0.00 0.00 0.00 0.00
121.00 29.00 32.00 89.00 147.00 57.00 58.00 0.08 4.84 0.00 2.00 0.00 11.00 13.00 18.00 16.00 20.00 9.00 0.00 0.00 0.00 0.00 0.00
122.00 26.00 30.00 77.00 134.00 47.00 57.00 0.09 5.37 0.00 3.00 0.00 5.00 13.00 21.00 13.00 18.00 8.00 0.00 1.00 0.00 0.00 0.00
123.00 22.00 26.00 61.00 108.00 35.00 47.00 0.08 4.91 0.00 2.00 0.00 6.00 10.00 16.00 12.00 15.00 7.00 0.00 0.00 0.00 0.00 0.00
124.00 21.00 28.00 55.00 101.00 27.00 46.00 0.10 4.70 0.00 1.00 0.00 6.00 13.00 15.00 8.00 15.00 6.00 0.00 0.00 0.00 0.00 0.00
125.00 17.00 8.00 35.00 88.00 27.00 53.00 0.11 4.79 0.00 2.00 0.00 3.00 14.00 14.00 3.00 14.00 3.00 0.00 0.00 0.00 0.00 0.00
126.00 14.00 10.00 31.00 66.00 21.00 35.00 0.09 3.48 0.00 1.00 0.00 4.00 10.00 10.00 4.00 12.00 2.00 0.00 0.00 0.00 0.00 0.00
127.00 16.00 7.00 31.00 79.00 24.00 48.00 0.10 4.12 0.00 1.00 0.00 7.00 12.00 9.00 4.00 13.00 3.00 0.00 0.00 0.00 0.00 0.00
128.00 16.00 12.00 35.00 79.00 23.00 44.00 0.09 5.10 0.00 1.00 0.00 5.00 8.00 11.00 8.00 14.00 2.00 0.00 0.00 0.00 0.00 0.00
129.00 18.00 16.00 44.00 83.00 28.00 39.00 0.08 4.86 0.00 0.00 0.00 7.00 12.00 11.00 6.00 14.00 4.00 0.00 0.00 0.00 0.00 0.00
130.00 18.00 14.00 44.00 87.00 30.00 43.00 0.07 5.27 0.00 0.00 0.00 6.00 11.00 12.00 7.00 15.00 3.00 0.00 0.00 0.00 0.00 0.00
131.00 17.00 15.00 39.00 81.00 24.00 42.00 0.07 5.25 0.00 1.00 0.00 7.00 12.00 10.00 5.00 14.00 3.00 0.00 0.00 0.00 0.00 0.00
132.00 18.00 25.00 46.00 86.00 21.00 40.00 0.08 5.12 0.00 2.00 0.00 5.00 9.00 13.00 9.00 12.00 6.00 0.00 0.00 0.00 0.00 1.00
133.00 14.00 16.00 36.00 66.00 20.00 30.00 0.08 4.63 0.00 2.00 0.00 3.00 7.00 11.00 7.00 10.00 4.00 0.00 0.00 0.00 0.00 0.00
134.00 23.00 26.00 58.00 111.00 32.00 53.00 0.09 4.42 0.00 2.00 0.00 7.00 13.00 16.00 10.00 18.00 5.00 0.00 0.00 1.00 0.00 0.00
135.00 18.00 19.00 50.00 86.00 31.00 36.00 0.10 5.20 0.00 0.00 0.00 3.00 11.00 15.00 7.00 14.00 4.00 0.00 0.00 0.00 0.00 0.00
136.00 7.00 1.00 8.00 27.00 7.00 19.00 0.07 4.15 0.00 1.00 0.00 2.00 5.00 5.00 2.00 7.00 0.00 0.00 0.00 0.00 0.00 0.00
137.00 17.00 15.00 42.00 81.00 27.00 39.00 0.09 4.33 0.00 0.00 0.00 3.00 9.00 14.00 8.00 12.00 5.00 0.00 0.00 0.00 0.00 0.00
138.00 18.00 10.00 38.00 90.00 28.00 52.00 0.09 3.92 0.00 1.00 0.00 5.00 12.00 13.00 6.00 15.00 3.00 0.00 0.00 0.00 0.00 0.00
139.00 8.00 1.00 11.00 33.00 10.00 22.00 0.08 4.48 0.00 1.00 0.00 4.00 6.00 4.00 2.00 7.00 1.00 0.00 0.00 0.00 0.00 0.00
140.00 17.00 12.00 35.00 78.00 23.00 43.00 0.08 4.30 0.00 1.00 0.00 5.00 9.00 12.00 8.00 13.00 4.00 0.00 0.00 0.00 0.00 0.00
141.00 13.00 11.00 32.00 58.00 21.00 26.00 0.08 1.68 0.00 1.00 0.00 4.00 9.00 9.00 4.00 9.00 4.00 0.00 0.00 0.00 0.00 0.00
142.00 17.00 18.00 45.00 74.00 27.00 29.00 0.08 2.83 0.00 1.00 0.00 7.00 11.00 10.00 6.00 15.00 2.00 0.00 0.00 0.00 0.00 0.00
143.00 11.00 8.00 25.00 53.00 17.00 28.00 0.08 3.05 0.00 2.00 0.00 0.00 5.00 11.00 6.00 7.00 4.00 0.00 0.00 0.00 0.00 0.00
144.00 22.00 24.00 59.00 106.00 35.00 47.00 0.11 3.75 0.00 2.00 0.00 6.00 11.00 16.00 11.00 16.00 6.00 0.00 0.00 0.00 0.00 0.00
145.00 16.00 9.00 35.00 77.00 26.00 42.00 0.10 4.59 0.00 1.00 0.00 3.00 11.00 13.00 5.00 14.00 2.00 0.00 0.00 0.00 0.00 0.00
146.00 16.00 11.00 42.00 71.00 31.00 29.00 0.09 4.21 0.00 2.00 0.00 7.00 9.00 9.00 7.00 15.00 1.00 0.00 0.00 0.00 0.00 0.00
147.00 8.00 3.00 13.00 35.00 10.00 22.00 0.08 2.47 0.00 0.00 0.00 3.00 5.00 5.00 3.00 5.00 3.00 0.00 0.00 0.00 0.00 0.00
148.00 17.00 19.00 40.00 80.00 21.00 40.00 0.09 4.37 0.00 1.00 0.00 4.00 7.00 13.00 10.00 11.00 6.00 0.00 0.00 0.00 0.00 0.00
149.00 18.00 20.00 48.00 87.00 28.00 39.00 0.08 5.20 0.00 1.00 0.00 5.00 9.00 13.00 9.00 13.00 5.00 0.00 0.00 0.00 0.00 0.00
150.00 8.00 2.00 9.00 33.00 7.00 24.00 0.08 4.29 0.00 1.00 0.00 3.00 5.00 5.00 3.00 8.00 0.00 0.00 0.00 0.00 0.00 0.00
151.00 16.00 15.00 33.00 75.00 18.00 42.00 0.06 4.30 0.00 1.00 0.00 6.00 10.00 10.00 6.00 13.00 3.00 0.00 0.00 0.00 0.00 0.00
152.00 15.00 10.00 41.00 75.00 31.00 34.00 0.08 4.24 0.00 1.00 0.00 7.00 9.00 8.00 6.00 11.00 4.00 0.00 0.00 0.00 0.00 0.00
153.00 17.00 13.00 46.00 76.00 33.00 30.00 0.08 3.42 0.00 2.00 0.00 5.00 9.00 12.00 8.00 13.00 4.00 0.00 0.00 0.00 0.00 0.00
154.00 13.00 10.00 31.00 64.00 21.00 33.00 0.08 2.82 0.00 0.00 0.00 3.00 6.00 10.00 7.00 7.00 6.00 0.00 0.00 0.00 0.00 0.00
155.00 16.00 16.00 37.00 74.00 21.00 37.00 0.08 3.61 0.00 0.00 0.00 7.00 8.00 9.00 8.00 13.00 3.00 0.00 0.00 0.00 0.00 0.00
156.00 14.00 15.00 36.00 63.00 21.00 27.00 0.08 3.84 0.00 1.00 0.00 6.00 8.00 8.00 6.00 11.00 3.00 0.00 0.00 0.00 0.00 0.00
157.00 9.00 1.00 16.00 43.00 15.00 27.00 0.09 3.66 0.00 0.00 0.00 3.00 5.00 6.00 4.00 8.00 1.00 0.00 0.00 0.00 0.00 0.00
158.00 11.00 8.00 22.00 52.00 14.00 30.00 0.10 1.79 0.00 1.00 0.00 3.00 5.00 8.00 6.00 7.00 4.00 0.00 0.00 0.00 0.00 0.00
159.00 15.00 16.00 39.00 74.00 23.00 35.00 0.09 1.55 0.00 2.00 0.00 4.00 11.00 11.00 4.00 12.00 3.00 0.00 0.00 0.00 0.00 0.00
160.00 16.00 18.00 38.00 77.00 20.00 39.00 0.08 1.45 0.00 2.00 0.00 5.00 9.00 11.00 7.00 12.00 4.00 0.00 0.00 0.00 0.00 0.00
161.00 15.00 15.00 38.00 68.00 23.00 30.00 0.07 2.43 0.00 2.00 0.00 5.00 8.00 10.00 7.00 11.00 4.00 0.00 0.00 0.00 0.00 0.00
162.00 12.00 11.00 27.00 58.00 16.00 31.00 0.10 2.97 0.00 0.00 0.00 3.00 4.00 9.00 8.00 7.00 5.00 0.00 0.00 0.00 0.00 0.00
163.00 7.00 1.00 8.00 30.00 7.00 22.00 0.09 0.36 0.00 0.00 0.00 0.00 6.00 7.00 1.00 6.00 1.00 0.00 0.00 0.00 0.00 0.00
164.00 10.00 6.00 23.00 50.00 17.00 27.00 0.09 1.97 0.00 0.00 0.00 4.00 7.00 6.00 3.00 8.00 2.00 0.00 0.00 0.00 0.00 0.00
165.00 12.00 8.00 24.00 51.00 16.00 27.00 0.08 0.64 0.00 0.00 0.00 2.00 7.00 10.00 5.00 11.00 1.00 0.00 0.00 0.00 0.00 0.00
166.00 11.00 9.00 22.00 50.00 13.00 28.00 0.07 1.78 0.00 0.00 0.00 3.00 7.00 8.00 4.00 10.00 1.00 0.00 0.00 0.00 0.00 0.00
167.00 11.00 7.00 20.00 47.00 13.00 27.00 0.07 0.47 0.00 0.00 0.00 4.00 6.00 7.00 5.00 8.00 3.00 0.00 0.00 0.00 0.00 0.00
168.00 14.00 14.00 29.00 57.00 15.00 28.00 0.08 1.64 0.00 0.00 0.00 8.00 10.00 6.00 4.00 12.00 2.00 0.00 0.00 0.00 0.00 0.00
169.00 6.00 1.00 9.00 25.00 8.00 16.00 0.10 0.26 0.00 0.00 0.00 4.00 4.00 2.00 2.00 6.00 0.00 0.00 0.00 0.00 0.00 0.00
170.00 13.00 14.00 30.00 65.00 16.00 35.00 0.08 1.56 0.00 1.00 0.00 5.00 9.00 8.00 4.00 10.00 3.00 0.00 0.00 0.00 0.00 0.00
171.00 15.00 11.00 33.00 70.00 22.00 37.00 0.08 3.03 0.00 1.00 0.00 3.00 7.00 12.00 8.00 13.00 2.00 0.00 0.00 0.00 0.00 0.00
172.00 11.00 10.00 25.00 53.00 15.00 28.00 0.08 0.44 0.00 1.00 0.00 2.00 3.00 9.00 8.00 6.00 5.00 0.00 0.00 0.00 0.00 0.00
173.00 13.00 5.00 23.00 62.00 18.00 39.00 0.10 2.88 0.00 0.00 0.00 5.00 8.00 8.00 5.00 9.00 4.00 0.00 0.00 0.00 0.00 0.00
174.00 10.00 7.00 20.00 41.00 13.00 21.00 0.08 2.05 0.00 0.00 0.00 3.00 6.00 7.00 4.00 7.00 3.00 0.00 0.00 0.00 0.00 0.00
175.00 11.00 6.00 21.00 44.00 15.00 23.00 0.07 2.95 0.00 1.00 0.00 4.00 7.00 7.00 4.00 8.00 3.00 0.00 0.00 0.00 1.00 0.00
176.00 13.00 13.00 30.00 61.00 17.00 31.00 0.09 1.70 0.00 1.00 0.00 4.00 6.00 9.00 7.00 8.00 5.00 0.00 0.00 0.00 0.00 0.00
177.00 12.00 8.00 23.00 55.00 15.00 32.00 0.09 1.88 0.00 1.00 0.00 6.00 9.00 6.00 3.00 11.00 1.00 0.00 0.00 0.00 0.00 0.00
178.00 14.00 12.00 36.00 64.00 24.00 28.00 0.08 2.55 0.00 1.00 0.00 5.00 8.00 9.00 6.00 10.00 4.00 0.00 0.00 0.00 0.00 0.00
179.00 11.00 10.00 24.00 46.00 14.00 22.00 0.10 1.88 0.00 0.00 0.00 5.00 7.00 6.00 4.00 9.00 2.00 0.00 0.00 0.00 0.00 0.00
180.00 14.00 12.00 31.00 66.00 19.00 35.00 0.09 1.91 0.00 1.00 0.00 5.00 12.00 9.00 2.00 13.00 1.00 0.00 0.00 0.00 1.00 0.00
181.00 13.00 9.00 26.00 57.00 17.00 31.00 0.07 0.81 0.00 0.00 0.00 3.00 6.00 10.00 7.00 7.00 6.00 0.00 0.00 0.00 0.00 0.00
182.00 8.00 3.00 12.00 35.00 9.00 23.00 0.09 0.34 0.00 0.00 0.00 2.00 5.00 6.00 3.00 7.00 1.00 0.00 0.00 0.00 0.00 0.00
183.00 8.00 5.00 16.00 40.00 11.00 24.00 0.09 3.72 0.00 0.00 0.00 1.00 4.00 7.00 4.00 6.00 2.00 0.00 0.00 0.00 0.00 0.00
184.00 12.00 5.00 21.00 52.00 16.00 31.00 0.09 2.70 0.00 0.00 0.00 2.00 7.00 10.00 5.00 7.00 5.00 0.00 0.00 0.00 0.00 0.00
185.00 8.00 1.00 10.00 28.00 9.00 18.00 0.08 0.37 0.00 0.00 0.00 4.00 6.00 4.00 2.00 6.00 2.00 0.00 0.00 0.00 0.00 0.00
186.00 5.00 0.00 2.00 13.00 2.00 11.00 0.09 0.42 0.00 0.00 0.00 3.00 4.00 2.00 1.00 5.00 0.00 0.00 0.00 0.00 0.00 0.00
187.00 8.00 4.00 14.00 37.00 10.00 23.00 0.07 0.36 0.00 0.00 0.00 4.00 4.00 4.00 4.00 8.00 0.00 0.00 0.00 0.00 0.00 0.00
188.00 9.00 3.00 17.00 41.00 14.00 24.00 0.07 2.30 0.00 0.00 0.00 4.00 6.00 5.00 3.00 8.00 1.00 0.00 0.00 0.00 0.00 0.00
189.00 10.00 5.00 20.00 46.00 15.00 26.00 0.08 2.23 0.00 0.00 0.00 2.00 4.00 8.00 6.00 7.00 3.00 0.00 0.00 0.00 0.00 0.00
190.00 8.00 1.00 9.00 36.00 8.00 27.00 0.09 2.58 0.00 0.00 0.00 2.00 4.00 6.00 4.00 6.00 2.00 0.00 0.00 0.00 0.00 0.00
191.00 4.00 0.00 0.00 16.00 0.00 16.00 0.09 0.16 0.00 0.00 0.00 2.00 4.00 2.00 0.00 4.00 0.00 0.00 0.00 0.00 0.00 0.00
192.00 5.00 0.00 1.00 14.00 1.00 13.00 0.07 3.89 0.00 0.00 0.00 2.00 5.00 3.00 0.00 5.00 0.00 0.00 0.00 0.00 0.00 0.00
193.00 5.00 0.00 5.00 19.00 5.00 14.00 0.07 0.21 0.00 0.00 0.00 2.00 3.00 3.00 2.00 5.00 0.00 0.00 0.00 0.00 0.00 0.00
194.00 7.00 2.00 6.00 26.00 4.00 20.00 0.08 0.31 0.00 0.00 0.00 2.00 6.00 5.00 1.00 6.00 1.00 0.00 0.00 0.00 0.00 0.00
195.00 2.00 0.00 0.00 3.00 0.00 3.00 0.07 0.07 0.00 0.00 0.00 2.00 2.00 0.00 0.00 2.00 0.00 0.00 0.00 0.00 0.00 0.00
