0.00 3.00 0.00 0.00 7.00 0.00 7.00 0.08 0.38 0.00 0.00 0.00 2.00 3.00 1.00 0.00 3.00 0.00 0.00 0.00 0.00 0.00 0.00
1.00 3.00 0.00 0.00 7.00 0.00 7.00 0.09 0.38 0.00 0.00 0.00 2.00 3.00 1.00 0.00 3.00 0.00 0.00 0.00 0.00 0.00 0.00
2.00 6.00 3.00 8.00 20.00 5.00 12.00 0.08 0.31 0.00 0.00 0.00 3.00 5.00 3.00 1.00 6.00 0.00 0.00 0.00 0.00 0.00 0.00
3.00 3.00 0.00 0.00 4.00 0.00 4.00 0.07 0.18 0.00 0.00 0.00 2.00 3.00 1.00 0.00 3.00 0.00 0.00 0.00 0.00 0.00 0.00
4.00 7.00 1.00 12.00 33.00 11.00 21.00 0.08 0.26 0.00 0.00 0.00 3.00 6.00 4.00 1.00 7.00 0.00 0.00 0.00 0.00 0.00 0.00
5.00 5.00 1.00 5.00 16.00 4.00 11.00 0.09 0.27 0.00 0.00 0.00 2.00 5.00 3.00 0.00 5.00 0.00 0.00 0.00 0.00 0.00 0.00
6.00 4.00 0.00 0.00 6.00 0.00 6.00 0.08 0.31 0.00 0.00 0.00 1.00 3.00 3.00 1.00 4.00 0.00 0.00 0.00 0.00 0.00 0.00
7.00 5.00 1.00 5.00 18.00 4.00 13.00 0.08 0.48 0.00 0.00 0.00 1.00 3.00 4.00 2.00 4.00 1.00 0.00 0.00 0.00 0.00 0.00
8.00 9.00 7.00 17.00 39.00 10.00 22.00 0.08 0.29 0.00 1.00 0.00 2.00 6.00 7.00 3.00 8.00 1.00 0.00 0.00 0.00 0.00 0.00
9.00 8.00 4.00 14.00 38.00 10.00 24.00 0.08 0.25 0.00 1.00 0.00 1.00 4.00 7.00 4.00 7.00 1.00 0.00 0.00 0.00 0.00 0.00
10.00 14.00 14.00 36.00 63.00 22.00 27.00 0.08 0.41 0.00 1.00 0.00 4.00 9.00 10.00 5.00 13.00 1.00 0.00 0.00 0.00 0.00 0.00
11.00 15.00 20.00 38.00 72.00 18.00 34.00 0.07 0.41 0.00 1.00 0.00 1.00 9.00 14.00 6.00 11.00 4.00 0.00 0.00 0.00 0.00 0.00
12.00 13.00 20.00 34.00 59.00 14.00 25.00 0.08 0.34 0.00 1.00 0.00 3.00 9.00 10.00 4.00 11.00 2.00 0.00 0.00 0.00 0.00 0.00
13.00 12.00 8.00 21.00 51.00 13.00 30.00 0.08 0.45 0.00 1.00 0.00 5.00 8.00 7.00 4.00 9.00 3.00 0.00 0.00 0.00 0.00 0.00
14.00 13.00 14.00 33.00 63.00 19.00 30.00 0.08 0.41 0.00 1.00 0.00 1.00 6.00 12.00 7.00 10.00 3.00 0.00 0.00 0.00 0.00 0.00
15.00 12.00 9.00 26.00 58.00 17.00 32.00 0.08 0.41 0.00 1.00 0.00 4.00 5.00 8.00 7.00 10.00 2.00 0.00 0.00 0.00 0.00 0.00
16.00 12.00 12.00 28.00 54.00 16.00 26.00 0.09 0.48 0.00 1.00 0.00 3.00 7.00 9.00 5.00 9.00 3.00 0.00 0.00 0.00 0.00 0.00
17.00 14.00 11.00 29.00 62.00 18.00 33.00 0.10 0.35 0.00 1.00 0.00 5.00 10.00 9.00 4.00 12.00 2.00 0.00 0.00 0.00 0.00 0.00
18.00 12.00 10.00 26.00 57.00 16.00 31.00 0.08 0.33 0.00 1.00 0.00 4.00 6.00 8.00 6.00 8.00 4.00 0.00 0.00 0.00 0.00 0.00
19.00 22.00 15.00 45.00 97.00 30.00 52.00 0.09 0.92 0.00 0.00 0.00 8.00 11.00 14.00 11.00 15.00 7.00 0.00 0.00 0.00 0.00 0.00
20.00 17.00 13.00 31.00 75.00 18.00 44.00 0.09 0.78 0.00 1.00 0.00 4.00 9.00 13.00 8.00 13.00 4.00 0.00 0.00 0.00 0.00 0.00
21.00 15.00 15.00 32.00 63.00 17.00 31.00 0.08 0.66 0.00 1.00 0.00 6.00 9.00 9.00 6.00 12.00 3.00 0.00 0.00 0.00 0.00 0.00
22.00 14.00 21.00 38.00 64.00 17.00 26.00 0.08 0.37 0.00 1.00 0.00 2.00 8.00 12.00 6.00 11.00 3.00 0.00 0.00 0.00 0.00 0.00
23.00 11.00 6.00 20.00 49.00 14.00 29.00 0.06 0.30 0.00 0.00 0.00 4.00 8.00 7.00 3.00 9.00 2.00 0.00 0.00 0.00 0.00 0.00
24.00 8.00 4.00 16.00 37.00 12.00 21.00 0.09 0.28 0.00 0.00 0.00 4.00 6.00 4.00 2.00 6.00 2.00 0.00 0.00 0.00 0.00 0.00
25.00 18.00 22.00 47.00 90.00 25.00 43.00 0.09 0.62 0.00 1.00 0.00 4.00 8.00 14.00 10.00 11.00 7.00 0.00 0.00 0.00 0.00 0.00
26.00 16.00 21.00 45.00 81.00 24.00 36.00 0.08 0.43 1.00 0.00 0.00 4.00 7.00 12.00 9.00 9.00 7.00 0.00 0.00 0.00 0.00 0.00
27.00 19.00 14.00 42.00 93.00 28.00 51.00 0.08 0.61 1.00 0.00 0.00 4.00 11.00 15.00 8.00 14.00 5.00 0.00 0.00 0.00 0.00 0.00
28.00 12.00 5.00 20.00 58.00 15.00 38.00 0.08 0.37 0.00 0.00 0.00 6.00 8.00 6.00 4.00 8.00 4.00 0.00 0.00 0.00 0.00 0.00
29.00 6.00 0.00 5.00 28.00 5.00 23.00 0.08 0.21 1.00 0.00 0.00 2.00 4.00 4.00 2.00 6.00 0.00 0.00 0.00 0.00 0.00 0.00
30.00 16.00 9.00 33.00 74.00 24.00 41.00 0.08 0.45 1.00 0.00 0.00 7.00 9.00 9.00 7.00 14.00 2.00 0.00 0.00 0.00 0.00 0.00
31.00 18.00 20.00 42.00 91.00 22.00 49.00 0.07 0.42 1.00 0.00 0.00 8.00 12.00 10.00 6.00 14.00 4.00 0.00 0.00 0.00 0.00 0.00
32.00 20.00 19.00 47.00 99.00 28.00 52.00 0.09 0.45 1.00 0.00 0.00 4.00 12.00 16.00 8.00 15.00 5.00 0.00 0.00 1.00 0.00 0.00
33.00 19.00 19.00 47.00 98.00 28.00 51.00 0.10 0.44 0.00 1.00 0.00 5.00 9.00 14.00 10.00 15.00 4.00 0.00 0.00 0.00 0.00 0.00
34.00 20.00 17.00 53.00 101.00 36.00 48.00 0.09 0.52 1.00 0.00 0.00 5.00 14.00 15.00 6.00 17.00 3.00 0.00 0.00 0.00 0.00 0.00
35.00 15.00 11.00 35.00 72.00 24.00 37.00 0.10 0.52 1.00 0.00 0.00 4.00 10.00 11.00 5.00 11.00 4.00 0.00 0.00 0.00 0.00 0.00
36.00 16.00 8.00 37.00 83.00 29.00 46.00 0.09 0.52 1.00 0.00 0.00 5.00 7.00 11.00 9.00 13.00 3.00 0.00 0.00 0.00 0.00 0.00
37.00 19.00 18.00 48.00 96.00 30.00 48.00 0.08 0.55 0.00 0.00 0.00 7.00 11.00 12.00 8.00 14.00 5.00 0.00 0.00 0.00 0.00 0.00
38.00 17.00 11.00 38.00 76.00 27.00 38.00 0.08 0.56 1.00 0.00 0.00 6.00 11.00 11.00 6.00 15.00 2.00 0.00 0.00 0.00 0.00 0.00
39.00 20.00 23.00 58.00 97.00 35.00 39.00 0.09 0.54 1.00 0.00 0.00 5.00 13.00 15.00 7.00 16.00 4.00 0.00 0.00 0.00 0.00 0.00
40.00 18.00 9.00 39.00 87.00 30.00 48.00 0.08 0.63 0.00 0.00 0.00 4.00 8.00 14.00 10.00 10.00 8.00 0.00 0.00 0.00 0.00 0.00
41.00 16.00 14.00 37.00 80.00 23.00 43.00 0.07 0.55 0.00 0.00 0.00 6.00 7.00 10.00 9.00 12.00 4.00 0.00 0.00 0.00 0.00 0.00
42.00 18.00 18.00 40.00 88.00 22.00 48.00 0.07 0.49 1.00 0.00 0.00 3.00 10.00 15.00 8.00 13.00 5.00 0.00 0.00 0.00 0.00 0.00
43.00 24.00 30.00 72.00 126.00 42.00 54.00 0.09 0.78 1.00 1.00 1.00 4.00 9.00 20.00 15.00 16.00 8.00 0.00 0.00 1.00 0.00 0.00
44.00 23.00 28.00 67.00 121.00 39.00 54.00 0.10 0.81 1.00 1.00 1.00 3.00 9.00 20.00 14.00 14.00 9.00 0.00 0.00 1.00 0.00 0.00
45.00 25.00 25.00 70.00 133.00 45.00 63.00 0.09 0.95 2.00 0.00 0.00 5.00 7.00 20.00 18.00 11.00 14.00 0.00 0.00 0.00 0.00 0.00
46.00 25.00 29.00 70.00 124.00 41.00 54.00 0.08 0.84 1.00 2.00 0.50 6.00 11.00 19.00 14.00 15.00 10.00 0.00 0.00 0.00 0.00 0.00
47.00 20.00 22.00 56.00 106.00 34.00 50.00 0.07 0.71 0.00 0.00 0.00 7.00 10.00 13.00 10.00 13.00 7.00 0.00 0.00 0.00 0.00 0.00
48.00 18.00 18.00 47.00 99.00 29.00 52.00 0.08 0.86 1.00 1.00 1.00 2.00 9.00 16.00 9.00 10.00 8.00 0.00 0.00 0.00 0.00 0.00
49.00 20.00 19.00 51.00 105.00 32.00 54.00 0.10 0.86 1.00 1.00 1.00 7.00 10.00 13.00 10.00 13.00 7.00 0.00 0.00 0.00 0.00 0.00
50.00 19.00 14.00 47.00 90.00 33.00 43.00 0.07 0.60 1.00 1.00 1.00 6.00 12.00 13.00 7.00 14.00 5.00 0.00 0.00 0.00 0.00 0.00
51.00 26.00 41.00 75.00 135.00 34.00 60.00 0.08 0.75 1.00 2.00 0.50 3.00 11.00 23.00 15.00 16.00 10.00 0.00 0.00 0.00 0.00 0.00
52.00 26.00 28.00 76.00 136.00 48.00 60.00 0.07 0.82 1.00 0.00 0.00 5.00 10.00 21.00 16.00 14.00 12.00 0.00 0.00 0.00 0.00 0.00
53.00 24.00 26.00 70.00 127.00 44.00 57.00 0.08 0.88 1.00 1.00 1.00 7.00 9.00 17.00 15.00 14.00 10.00 0.00 0.00 0.00 0.00 0.00
54.00 28.00 34.00 81.00 146.00 47.00 65.00 0.08 1.01 0.00 2.00 0.00 8.00 13.00 20.00 15.00 16.00 12.00 0.00 0.00 1.00 0.00 0.00
55.00 26.00 33.00 81.00 134.00 48.00 53.00 0.08 0.79 1.00 0.00 0.00 5.00 8.00 21.00 18.00 15.00 11.00 0.00 0.00 0.00 0.00 0.00
56.00 25.00 34.00 72.00 131.00 38.00 59.00 0.09 0.80 1.00 1.00 1.00 5.00 11.00 20.00 14.00 14.00 11.00 0.00 0.00 1.00 0.00 0.00
57.00 30.00 43.00 91.00 145.00 48.00 54.00 0.08 0.92 1.00 1.00 1.00 7.00 13.00 23.00 17.00 21.00 9.00 0.00 0.00 1.00 0.00 0.00
58.00 29.00 35.00 84.00 140.00 49.00 56.00 0.08 0.92 1.00 3.00 0.33 6.00 12.00 23.00 17.00 21.00 8.00 0.00 0.00 1.00 0.00 0.00
59.00 27.00 39.00 79.00 132.00 40.00 53.00 0.09 0.99 1.00 1.00 1.00 10.00 18.00 17.00 9.00 21.00 6.00 0.00 0.00 1.00 0.00 0.00
60.00 24.00 32.00 68.00 121.00 36.00 53.00 0.07 0.83 1.00 2.00 0.50 7.00 13.00 17.00 11.00 16.00 8.00 0.00 0.00 0.00 0.00 0.00
61.00 28.00 32.00 74.00 131.00 42.00 57.00 0.06 1.13 1.00 1.00 1.00 5.00 15.00 23.00 13.00 17.00 11.00 0.00 0.00 0.00 0.00 0.00
62.00 27.00 31.00 78.00 134.00 47.00 56.00 0.10 1.17 1.00 1.00 1.00 4.00 11.00 23.00 16.00 20.00 7.00 0.00 0.00 0.00 0.00 0.00
63.00 24.00 27.00 68.00 123.00 41.00 55.00 0.09 0.86 1.00 2.00 0.50 8.00 14.00 16.00 10.00 17.00 7.00 0.00 0.00 0.00 0.00 0.00
64.00 25.00 29.00 70.00 123.00 41.00 53.00 0.08 0.78 1.00 2.00 0.50 6.00 13.00 19.00 12.00 17.00 8.00 0.00 0.00 0.00 0.00 0.00
65.00 23.00 27.00 68.00 120.00 41.00 52.00 0.09 0.72 1.00 2.00 0.50 6.00 10.00 17.00 13.00 14.00 9.00 0.00 0.00 1.00 0.00 0.00
66.00 24.00 30.00 76.00 126.00 46.00 50.00 0.08 0.79 1.00 2.00 0.50 4.00 10.00 20.00 14.00 13.00 11.00 0.00 0.00 1.00 0.00 0.00
67.00 25.00 27.00 70.00 119.00 43.00 49.00 0.08 0.76 0.00 2.00 0.00 10.00 14.00 15.00 11.00 16.00 9.00 0.00 0.00 0.00 0.00 0.00
68.00 23.00 25.00 61.00 114.00 36.00 53.00 0.09 1.37 1.00 3.00 0.33 7.00 12.00 16.00 11.00 13.00 10.00 0.00 0.00 0.00 0.00 0.00
69.00 28.00 29.00 77.00 128.00 48.00 51.00 0.08 1.40 1.00 3.00 0.33 5.00 13.00 23.00 15.00 19.00 9.00 0.00 0.00 0.00 0.00 0.00
70.00 26.00 38.00 77.00 129.00 39.00 52.00 0.09 0.73 1.00 3.00 0.33 6.00 13.00 20.00 13.00 17.00 9.00 0.00 0.00 0.00 0.00 0.00
71.00 26.00 39.00 76.00 121.00 37.00 45.00 0.08 0.80 1.00 3.00 0.33 11.00 15.00 15.00 11.00 18.00 8.00 0.00 0.00 0.00 0.00 0.00
72.00 26.00 38.00 76.00 124.00 38.00 48.00 0.09 1.07 1.00 3.00 0.33 4.00 10.00 22.00 16.00 15.00 11.00 0.00 0.00 0.00 0.00 0.00
73.00 23.00 18.00 51.00 114.00 33.00 63.00 0.06 1.59 1.00 2.00 0.50 6.00 13.00 17.00 10.00 17.00 6.00 0.00 0.00 0.00 0.00 0.00
74.00 31.00 38.00 91.00 157.00 53.00 66.00 0.08 1.04 1.00 3.00 0.33 5.00 11.00 26.00 20.00 17.00 14.00 1.00 0.00 0.00 0.00 0.00
75.00 27.00 37.00 75.00 132.00 38.00 57.00 0.10 0.82 1.00 4.00 0.25 6.00 11.00 21.00 16.00 18.00 9.00 0.00 0.00 0.00 0.00 0.00
76.00 30.00 44.00 88.00 150.00 44.00 62.00 0.09 0.94 0.00 3.00 0.00 10.00 15.00 20.00 15.00 19.00 11.00 0.00 0.00 0.00 0.00 0.00
77.00 32.00 50.00 91.00 153.00 41.00 62.00 0.09 0.99 1.00 2.00 0.50 11.00 17.00 21.00 15.00 21.00 11.00 0.00 0.00 0.00 1.00 0.00
78.00 19.00 18.00 45.00 98.00 27.00 53.00 0.10 0.65 1.00 3.00 0.33 2.00 7.00 17.00 12.00 10.00 9.00 0.00 0.00 0.00 0.00 0.00
79.00 26.00 27.00 62.00 129.00 35.00 67.00 0.09 0.81 1.00 4.00 0.25 5.00 17.00 21.00 9.00 21.00 5.00 0.00 0.00 0.00 1.00 0.00
80.00 27.00 34.00 70.00 134.00 36.00 64.00 0.08 0.96 1.00 3.00 0.33 6.00 12.00 21.00 15.00 17.00 10.00 0.00 0.00 0.00 0.00 0.00
81.00 30.00 40.00 86.00 148.00 46.00 62.00 0.10 0.95 0.00 3.00 0.00 4.00 10.00 26.00 20.00 17.00 13.00 0.00 0.00 1.00 0.00 0.00
82.00 36.00 49.00 107.00 188.00 58.00 81.00 0.07 1.13 0.00 3.00 0.00 8.00 15.00 28.00 21.00 20.00 16.00 0.00 0.00 0.00 1.00 0.00
83.00 30.00 44.00 80.00 158.00 36.00 78.00 0.08 0.97 0.00 3.00 0.00 4.00 14.00 26.00 16.00 16.00 14.00 0.00 0.00 0.00 0.00 0.00
84.00 32.00 51.00 98.00 162.00 47.00 64.00 0.09 0.99 1.00 3.00 0.33 4.00 17.00 28.00 15.00 18.00 14.00 0.00 0.00 0.00 0.00 0.00
85.00 33.00 46.00 100.00 173.00 54.00 73.00 0.08 1.14 1.00 3.00 0.33 8.00 18.00 25.00 15.00 25.00 8.00 0.00 0.00 1.00 0.00 0.00
86.00 36.00 57.00 112.00 179.00 55.00 67.00 0.06 1.20 1.00 4.00 0.25 7.00 15.00 29.00 21.00 19.00 17.00 0.00 0.00 1.00 0.00 0.00
87.00 32.00 52.00 97.00 161.00 45.00 64.00 0.09 0.94 1.00 2.00 0.50 4.00 11.00 28.00 21.00 17.00 15.00 0.00 0.00 0.00 0.00 0.00
88.00 28.00 32.00 77.00 137.00 45.00 60.00 0.09 1.08 1.00 3.00 0.33 5.00 10.00 23.00 18.00 16.00 12.00 0.00 0.00 0.00 0.00 0.00
89.00 37.00 50.00 107.00 185.00 57.00 78.00 0.09 1.18 1.00 4.00 0.25 7.00 12.00 30.00 25.00 24.00 13.00 0.00 0.00 0.00 1.00 0.00
90.00 37.00 47.00 110.00 188.00 63.00 78.00 0.09 1.66 2.00 2.00 1.00 8.00 17.00 29.00 20.00 24.00 13.00 0.00 0.00 0.00 0.00 0.00
91.00 32.00 37.00 89.00 160.00 52.00 71.00 0.09 1.26 2.00 2.00 1.00 7.00 15.00 25.00 17.00 18.00 14.00 0.00 0.00 0.00 0.00 0.00
92.00 32.00 48.00 98.00 166.00 50.00 68.00 0.08 0.92 1.00 2.00 0.50 5.00 15.00 27.00 17.00 18.00 14.00 0.00 0.00 0.00 0.00 0.00
93.00 26.00 33.00 66.00 130.00 33.00 64.00 0.08 1.03 2.00 2.00 1.00 4.00 11.00 22.00 15.00 16.00 10.00 0.00 0.00 0.00 0.00 0.00
94.00 33.00 36.00 91.00 159.00 55.00 68.00 0.08 1.18 1.00 3.00 0.33 9.00 17.00 24.00 16.00 20.00 13.00 0.00 0.00 0.00 0.00 0.00
95.00 34.00 45.00 99.00 172.00 54.00 73.00 0.07 1.14 1.00 3.00 0.33 9.00 15.00 25.00 19.00 23.00 11.00 0.00 0.00 0.00 0.00 0.00
96.00 31.00 47.00 96.00 152.00 49.00 56.00 0.05 0.99 1.00 3.00 0.33 8.00 21.00 23.00 10.00 23.00 8.00 0.00 0.00 1.00 0.00 0.00
97.00 27.00 36.00 76.00 132.00 40.00 56.00 0.09 0.89 0.00 2.00 0.00 6.00 13.00 21.00 14.00 17.00 10.00 0.00 0.00 1.00 0.00 0.00
98.00 29.00 34.00 84.00 148.00 50.00 64.00 0.08 1.60 0.00 3.00 0.00 6.00 16.00 23.00 13.00 21.00 8.00 0.00 0.00 0.00 0.00 0.00
99.00 29.00 37.00 86.00 147.00 49.00 61.00 0.08 0.84 0.00 1.00 0.00 6.00 13.00 23.00 16.00 17.00 12.00 0.00 0.00 1.00 0.00 0.00
100.00 34.00 49.00 101.00 175.00 52.00 74.00 0.08 1.38 0.00 2.00 0.00 7.00 15.00 27.00 19.00 21.00 13.00 0.00 0.00 1.00 0.00 0.00
101.00 28.00 42.00 77.00 139.00 35.00 62.00 0.10 0.88 0.00 4.00 0.00 8.00 15.00 20.00 13.00 18.00 10.00 0.00 0.00 0.00 0.00 0.00
102.00 30.00 36.00 75.00 143.00 39.00 68.00 0.08 1.38 0.00 3.00 0.00 8.00 16.00 22.00 14.00 20.00 10.00 0.00 0.00 0.00 0.00 0.00
103.00 23.00 14.00 44.00 106.00 30.00 62.00 0.07 1.77 0.00 3.00 0.00 9.00 12.00 14.00 11.00 15.00 8.00 0.00 0.00 0.00 0.00 0.00
104.00 36.00 40.00 94.00 180.00 54.00 86.00 0.08 1.69 0.00 4.00 0.00 8.00 13.00 28.00 23.00 21.00 15.00 0.00 0.00 0.00 0.00 0.00
105.00 27.00 43.00 79.00 137.00 36.00 58.00 0.09 1.32 0.00 4.00 0.00 3.00 10.00 24.00 17.00 15.00 12.00 0.00 0.00 1.00 0.00 0.00
106.00 30.00 40.00 78.00 139.00 38.00 61.00 0.08 1.00 0.00 4.00 0.00 9.00 16.00 21.00 14.00 21.00 9.00 0.00 0.00 0.00 0.00 0.00
107.00 23.00 33.00 68.00 116.00 35.00 48.00 0.08 0.69 0.00 4.00 0.00 7.00 11.00 16.00 12.00 14.00 9.00 0.00 0.00 0.00 0.00 0.00
108.00 33.00 40.00 96.00 169.00 56.00 73.00 0.09 1.05 0.00 4.00 0.00 7.00 12.00 26.00 21.00 17.00 16.00 0.00 0.00 0.00 0.00 0.00
109.00 34.00 46.00 89.00 159.00 43.00 70.00 0.08 0.99 0.00 3.00 0.00 10.00 16.00 24.00 18.00 22.00 12.00 0.00 0.00 1.00 0.00 0.00
110.00 28.00 40.00 80.00 134.00 40.00 54.00 0.09 0.77 0.00 4.00 0.00 6.00 11.00 22.00 17.00 17.00 11.00 0.00 0.00 1.00 0.00 0.00
111.00 28.00 36.00 71.00 124.00 35.00 53.00 0.09 0.98 0.00 3.00 0.00 10.00 16.00 18.00 12.00 20.00 8.00 0.00 0.00 0.00 0.00 0.00
112.00 26.00 29.00 64.00 131.00 35.00 67.00 0.09 0.91 0.00 4.00 0.00 6.00 9.00 20.00 17.00 14.00 12.00 0.00 0.00 0.00 0.00 0.00
113.00 26.00 35.00 76.00 129.00 41.00 53.00 0.08 1.01 0.00 2.00 0.00 6.00 12.00 20.00 14.00 17.00 9.00 0.00 0.00 0.00 0.00 0.00
114.00 21.00 25.00 52.00 98.00 27.00 46.00 0.09 0.79 0.00 3.00 0.00 8.00 14.00 13.00 7.00 16.00 5.00 0.00 0.00 0.00 0.00 0.00
115.00 26.00 45.00 75.00 123.00 30.00 48.00 0.09 0.73 0.00 3.00 0.00 7.00 12.00 19.00 14.00 19.00 7.00 0.00 0.00 0.00 0.00 0.00
116.00 27.00 42.00 69.00 134.00 27.00 65.00 0.07 0.77 0.00 3.00 0.00 7.00 12.00 20.00 15.00 17.00 10.00 0.00 0.00 0.00 0.00 0.00
117.00 23.00 28.00 57.00 117.00 29.00 60.00 0.07 0.84 0.00 3.00 0.00 7.00 11.00 16.00 12.00 15.00 8.00 0.00 0.00 0.00 0.00 0.00
118.00 19.00 23.00 51.00 92.00 28.00 41.00 0.07 0.63 0.00 3.00 0.00 5.00 10.00 14.00 9.00 12.00 7.00 0.00 0.00 0.00 0.00 0.00
119.00 23.00 39.00 65.00 112.00 26.00 47.00 0.08 0.71 0.00 3.00 0.00 6.00 14.00 17.00 9.00 17.00 6.00 0.00 0.00 0.00 0.00 0.00
120.00 18.00 17.00 46.00 89.00 29.00 43.00 0.08 0.75 0.00 3.00 0.00 1.00 10.00 17.00 8.00 11.00 7.00 0.00 0.00 0.00 0.00 0.00
121.00 19.00 23.00 50.00 90.00 27.00 40.00 0.10 0.68 0.00 2.00 0.00 4.00 8.00 15.00 11.00 15.00 4.00 0.00 0.00 0.00 0.00 0.00
122.00 20.00 26.00 55.00 95.00 29.00 40.00 0.09 0.67 0.00 3.00 0.00 5.00 9.00 15.00 11.00 14.00 6.00 0.00 0.00 0.00 0.00 0.00
123.00 27.00 36.00 73.00 132.00 37.00 59.00 0.09 0.85 0.00 2.00 0.00 10.00 13.00 17.00 14.00 21.00 6.00 0.00 0.00 0.00 0.00 0.00
124.00 19.00 12.00 37.00 89.00 25.00 52.00 0.09 0.75 0.00 2.00 0.00 9.00 12.00 10.00 7.00 13.00 6.00 0.00 0.00 0.00 0.00 0.00
125.00 25.00 29.00 68.00 118.00 39.00 50.00 0.09 0.77 0.00 2.00 0.00 6.00 17.00 19.00 8.00 22.00 3.00 0.00 0.00 1.00 0.00 0.00
126.00 21.00 24.00 60.00 104.00 36.00 44.00 0.09 0.76 0.00 2.00 0.00 5.00 10.00 16.00 11.00 14.00 7.00 0.00 0.00 1.00 0.00 0.00
127.00 19.00 23.00 52.00 93.00 29.00 41.00 0.08 0.86 0.00 2.00 0.00 3.00 10.00 16.00 9.00 12.00 7.00 0.00 0.00 1.00 0.00 0.00
128.00 26.00 32.00 68.00 116.00 36.00 48.00 0.10 0.81 0.00 2.00 0.00 7.00 14.00 19.00 12.00 19.00 7.00 0.00 0.00 2.00 0.00 0.00
129.00 27.00 32.00 64.00 134.00 32.00 70.00 0.09 0.67 0.00 2.00 0.00 9.00 21.00 18.00 6.00 22.00 5.00 0.00 0.00 0.00 0.00 0.00
130.00 23.00 28.00 63.00 116.00 35.00 53.00 0.07 0.67 0.00 1.00 0.00 9.00 12.00 14.00 11.00 19.00 4.00 0.00 0.00 1.00 0.00 0.00
131.00 18.00 18.00 44.00 84.00 26.00 40.00 0.08 0.52 0.00 1.00 0.00 7.00 9.00 11.00 9.00 11.00 7.00 0.00 0.00 0.00 0.00 0.00
132.00 23.00 25.00 54.00 103.00 29.00 49.00 0.10 0.78 0.00 2.00 0.00 6.00 12.00 17.00 11.00 16.00 7.00 0.00 0.00 0.00 0.00 0.00
133.00 21.00 29.00 53.00 98.00 24.00 45.00 0.09 0.76 0.00 2.00 0.00 6.00 12.00 15.00 9.00 16.00 5.00 0.00 0.00 0.00 0.00 0.00
134.00 19.00 17.00 46.00 90.00 29.00 44.00 0.08 1.33 0.00 2.00 0.00 7.00 14.00 12.00 5.00 16.00 3.00 0.00 0.00 0.00 0.00 0.00
135.00 20.00 20.00 47.00 96.00 27.00 49.00 0.09 1.29 0.00 1.00 0.00 7.00 11.00 13.00 9.00 13.00 7.00 0.00 0.00 0.00 0.00 0.00
136.00 15.00 16.00 38.00 72.00 22.00 34.00 0.08 0.57 0.00 2.00 0.00 4.00 5.00 11.00 10.00 10.00 5.00 0.00 0.00 0.00 0.00 0.00
137.00 17.00 19.00 41.00 77.00 22.00 36.00 0.09 0.51 0.00 2.00 0.00 6.00 9.00 11.00 8.00 10.00 7.00 0.00 0.00 0.00 0.00 0.00
138.00 19.00 24.00 50.00 93.00 26.00 43.00 0.10 0.64 0.00 2.00 0.00 5.00 7.00 14.00 12.00 14.00 5.00 0.00 0.00 0.00 0.00 0.00
139.00 14.00 15.00 37.00 73.00 22.00 36.00 0.10 0.47 0.00 2.00 0.00 1.00 3.00 13.00 11.00 9.00 5.00 0.00 0.00 0.00 0.00 0.00
140.00 19.00 25.00 53.00 88.00 28.00 35.00 0.09 0.59 0.00 1.00 0.00 4.00 12.00 15.00 7.00 15.00 4.00 0.00 0.00 0.00 0.00 0.00
141.00 20.00 14.00 49.00 96.00 35.00 47.00 0.10 0.79 0.00 1.00 0.00 5.00 10.00 15.00 10.00 12.00 8.00 0.00 0.00 0.00 0.00 0.00
142.00 15.00 16.00 39.00 77.00 23.00 38.00 0.09 0.58 0.00 1.00 0.00 3.00 7.00 12.00 8.00 9.00 6.00 0.00 0.00 0.00 0.00 0.00
143.00 19.00 16.00 48.00 88.00 32.00 40.00 0.09 0.74 0.00 1.00 0.00 6.00 11.00 13.00 8.00 15.00 4.00 0.00 0.00 0.00 0.00 0.00
144.00 19.00 19.00 46.00 93.00 27.00 47.00 0.09 0.56 0.00 1.00 0.00 10.00 12.00 9.00 7.00 13.00 6.00 0.00 0.00 0.00 0.00 0.00
145.00 17.00 17.00 41.00 87.00 24.00 46.00 0.10 0.66 0.00 1.00 0.00 5.00 6.00 12.00 11.00 9.00 8.00 0.00 0.00 0.00 0.00 0.00
146.00 19.00 22.00 51.00 93.00 29.00 42.00 0.08 0.54 0.00 1.00 0.00 5.00 8.00 14.00 11.00 15.00 4.00 0.00 0.00 0.00 0.00 0.00
147.00 21.00 26.00 54.00 98.00 28.00 44.00 0.08 0.57 0.00 1.00 0.00 7.00 9.00 14.00 12.00 12.00 9.00 0.00 0.00 0.00 0.00 0.00
148.00 18.00 18.00 48.00 87.00 30.00 39.00 0.09 0.61 0.00 0.00 0.00 6.00 13.00 12.00 5.00 14.00 4.00 0.00 0.00 0.00 0.00 0.00
149.00 17.00 16.00 40.00 80.00 24.00 40.00 0.08 0.67 0.00 1.00 0.00 5.00 7.00 12.00 10.00 11.00 6.00 0.00 0.00 0.00 0.00 0.00
150.00 20.00 19.00 42.00 95.00 23.00 53.00 0.07 0.66 0.00 2.00 0.00 4.00 10.00 16.00 10.00 11.00 9.00 0.00 0.00 0.00 0.00 0.00
151.00 14.00 15.00 36.00 69.00 21.00 33.00 0.08 0.49 0.00 1.00 0.00 3.00 8.00 11.00 6.00 10.00 4.00 0.00 0.00 0.00 1.00 0.00
152.00 18.00 15.00 48.00 90.00 33.00 42.00 0.09 0.60 0.00 2.00 0.00 3.00 6.00 15.00 12.00 9.00 9.00 0.00 0.00 0.00 0.00 0.00
153.00 23.00 29.00 59.00 107.00 30.00 48.00 0.08 0.75 0.00 3.00 0.00 10.00 11.00 13.00 12.00 15.00 8.00 0.00 0.00 0.00 0.00 0.00
154.00 20.00 20.00 49.00 92.00 29.00 43.00 0.08 0.66 0.00 3.00 0.00 6.00 10.00 14.00 10.00 13.00 7.00 0.00 0.00 0.00 0.00 0.00
155.00 22.00 26.00 61.00 106.00 35.00 45.00 0.09 0.93 0.00 1.00 0.00 4.00 12.00 18.00 10.00 13.00 9.00 0.00 0.00 0.00 0.00 0.00
156.00 16.00 16.00 41.00 77.00 25.00 36.00 0.10 0.75 0.00 1.00 0.00 4.00 7.00 12.00 9.00 10.00 6.00 0.00 0.00 0.00 0.00 0.00
157.00 21.00 30.00 61.00 108.00 31.00 47.00 0.08 0.71 0.00 1.00 0.00 3.00 11.00 18.00 10.00 14.00 7.00 0.00 0.00 0.00 0.00 0.00
158.00 16.00 11.00 38.00 80.00 27.00 42.00 0.10 0.67 0.00 1.00 0.00 8.00 10.00 8.00 6.00 13.00 3.00 0.00 0.00 0.00 0.00 0.00
159.00 15.00 17.00 37.00 74.00 20.00 37.00 0.08 0.59 0.00 1.00 0.00 2.00 5.00 13.00 10.00 11.00 4.00 0.00 0.00 0.00 0.00 0.00
160.00 19.00 19.00 46.00 93.00 27.00 47.00 0.07 0.62 0.00 2.00 0.00 6.00 10.00 13.00 9.00 12.00 7.00 0.00 0.00 0.00 0.00 0.00
161.00 22.00 24.00 63.00 109.00 39.00 46.00 0.09 0.66 0.00 0.00 0.00 9.00 13.00 13.00 9.00 16.00 6.00 0.00 0.00 1.00 0.00 0.00
162.00 17.00 14.00 38.00 79.00 24.00 41.00 0.08 0.86 0.00 1.00 0.00 8.00 9.00 9.00 8.00 13.00 4.00 0.00 0.00 1.00 0.00 0.00
163.00 22.00 21.00 51.00 108.00 30.00 57.00 0.07 0.72 0.00 0.00 0.00 8.00 16.00 14.00 6.00 18.00 4.00 0.00 0.00 0.00 0.00 0.00
164.00 17.00 14.00 37.00 80.00 23.00 43.00 0.08 0.60 0.00 1.00 0.00 5.00 7.00 12.00 10.00 13.00 4.00 0.00 0.00 1.00 0.00 0.00
165.00 21.00 29.00 57.00 110.00 28.00 53.00 0.09 0.59 0.00 1.00 0.00 8.00 13.00 13.00 8.00 15.00 6.00 0.00 0.00 0.00 0.00 0.00
166.00 17.00 21.00 44.00 72.00 23.00 28.00 0.09 0.61 0.00 0.00 0.00 8.00 9.00 9.00 8.00 10.00 7.00 0.00 0.00 1.00 0.00 0.00
167.00 19.00 20.00 48.00 92.00 28.00 44.00 0.09 0.91 0.00 1.00 0.00 3.00 10.00 16.00 9.00 13.00 6.00 0.00 0.00 2.00 0.00 0.00
168.00 16.00 15.00 39.00 80.00 24.00 41.00 0.09 0.54 0.00 1.00 0.00 5.00 10.00 11.00 6.00 12.00 4.00 0.00 0.00 0.00 0.00 0.00
169.00 15.00 6.00 25.00 66.00 19.00 41.00 0.10 0.72 0.00 1.00 0.00 5.00 10.00 10.00 5.00 12.00 3.00 0.00 0.00 0.00 0.00 0.00
170.00 15.00 15.00 34.00 65.00 19.00 31.00 0.06 0.55 0.00 1.00 0.00 5.00 9.00 10.00 6.00 12.00 3.00 0.00 0.00 1.00 0.00 0.00
171.00 11.00 4.00 19.00 51.00 15.00 32.00 0.08 0.61 0.00 1.00 0.00 4.00 6.00 7.00 5.00 9.00 2.00 0.00 0.00 0.00 0.00 0.00
172.00 11.00 5.00 19.00 49.00 14.00 30.00 0.09 0.62 0.00 1.00 0.00 4.00 6.00 7.00 5.00 7.00 4.00 0.00 0.00 0.00 0.00 0.00
173.00 9.00 7.00 19.00 40.00 12.00 21.00 0.09 0.34 0.00 1.00 0.00 1.00 6.00 8.00 3.00 7.00 2.00 0.00 0.00 0.00 0.00 0.00
174.00 13.00 9.00 26.00 59.00 17.00 33.00 0.09 0.64 0.00 1.00 0.00 4.00 9.00 9.00 4.00 13.00 0.00 0.00 0.00 0.00 0.00 0.00
175.00 5.00 1.00 5.00 22.00 4.00 17.00 0.07 0.29 0.00 1.00 0.00 3.00 4.00 2.00 1.00 5.00 0.00 0.00 0.00 0.00 0.00 0.00
176.00 11.00 6.00 25.00 50.00 19.00 25.00 0.08 0.30 0.00 1.00 0.00 4.00 7.00 7.00 4.00 10.00 1.00 0.00 0.00 0.00 0.00 0.00
177.00 12.00 10.00 31.00 57.00 21.00 26.00 0.10 0.30 0.00 1.00 0.00 2.00 6.00 10.00 6.00 10.00 2.00 0.00 0.00 0.00 0.00 0.00
178.00 9.00 5.00 20.00 41.00 15.00 21.00 0.09 0.32 0.00 1.00 0.00 3.00 4.00 6.00 5.00 8.00 1.00 0.00 0.00 0.00 0.00 0.00
179.00 6.00 0.00 8.00 27.00 8.00 19.00 0.09 0.36 0.00 1.00 0.00 3.00 4.00 3.00 2.00 5.00 1.00 0.00 0.00 0.00 0.00 0.00
180.00 9.00 6.00 17.00 41.00 11.00 24.00 0.08 0.64 0.00 1.00 0.00 2.00 5.00 7.00 4.00 7.00 2.00 0.00 0.00 0.00 0.00 0.00
181.00 4.00 0.00 2.00 11.00 2.00 9.00 0.09 0.19 0.00 0.00 0.00 2.00 4.00 2.00 0.00 4.00 0.00 0.00 0.00 0.00 0.00 0.00
182.00 8.00 6.00 15.00 34.00 9.00 19.00 0.09 0.27 0.00 1.00 0.00 5.00 7.00 3.00 1.00 7.00 1.00 0.00 0.00 0.00 0.00 0.00
183.00 8.00 0.00 8.00 34.00 8.00 26.00 0.06 0.43 0.00 1.00 0.00 3.00 6.00 5.00 2.00 6.00 2.00 0.00 0.00 0.00 0.00 0.00
184.00 9.00 6.00 18.00 39.00 12.00 21.00 0.09 0.46 0.00 1.00 0.00 3.00 6.00 6.00 3.00 7.00 2.00 0.00 0.00 0.00 0.00 0.00
185.00 7.00 2.00 11.00 28.00 9.00 17.00 0.07 0.31 0.00 1.00 0.00 5.00 6.00 2.00 1.00 6.00 1.00 0.00 0.00 0.00 0.00 0.00
186.00 10.00 2.00 18.00 43.00 16.00 25.00 0.06 0.44 0.00 1.00 0.00 4.00 6.00 6.00 4.00 9.00 1.00 0.00 0.00 0.00 0.00 0.00
187.00 9.00 5.00 17.00 43.00 12.00 26.00 0.09 0.31 0.00 0.00 0.00 3.00 6.00 6.00 3.00 7.00 2.00 0.00 0.00 0.00 0.00 0.00
188.00 10.00 3.00 20.00 46.00 17.00 26.00 0.08 0.40 0.00 1.00 0.00 1.00 5.00 9.00 5.00 8.00 2.00 0.00 0.00 0.00 0.00 0.00
189.00 8.00 2.00 11.00 37.00 9.00 26.00 0.10 0.22 0.00 1.00 0.00 5.00 6.00 3.00 2.00 7.00 1.00 0.00 0.00 0.00 0.00 0.00
190.00 9.00 6.00 18.00 41.00 12.00 23.00 0.07 0.21 0.00 1.00 0.00 3.00 4.00 6.00 5.00 7.00 2.00 0.00 0.00 0.00 0.00 0.00
191.00 5.00 0.00 2.00 15.00 2.00 13.00 0.09 0.44 0.00 1.00 0.00 3.00 4.00 2.00 1.00 5.00 0.00 0.00 0.00 0.00 0.00 0.00
192.00 9.00 6.00 18.00 41.00 12.00 23.00 0.08 0.27 0.00 1.00 0.00 3.00 4.00 6.00 5.00 7.00 2.00 0.00 0.00 0.00 0.00 0.00
193.00 4.00 0.00 2.00 15.00 2.00 13.00 0.07 0.19 0.00 0.00 0.00 2.00 4.00 2.00 0.00 4.00 0.00 0.00 0.00 0.00 0.00 0.00
194.00 3.00 0.00 2.00 10.00 2.00 8.00 0.08 0.15 0.00 0.00 0.00 2.00 3.00 1.00 0.00 3.00 0.00 0.00 0.00 0.00 0.00 0.00
195.00 4.00 0.00 2.00 15.00 2.00 13.00 0.07 0.10 0.00 0.00 0.00 2.00 4.00 2.00 0.00 4.00 0.00 0.00 0.00 0.00 1.00 0.00
196.00 4.00 0.00 4.00 16.00 4.00 12.00 0.09 0.23 0.00 0.00 0.00 3.00 3.00 1.00 1.00 4.00 0.00 0.00 0.00 0.00 0.00 0.00
197.00 6.00 0.00 4.00 22.00 4.00 18.00 0.09 0.33 0.00 0.00 0.00 4.00 5.00 2.00 1.00 5.00 1.00 0.00 0.00 0.00 0.00 0.00
198.00 4.00 1.00 5.00 16.00 4.00 11.00 0.08 0.18 0.00 0.00 0.00 0.00 4.00 4.00 0.00 4.00 0.00 0.00 0.00 0.00 0.00 0.00
199.00 3.00 0.00 0.00 5.00 0.00 5.00 0.09 0.27 0.00 0.00 0.00 2.00 3.00 1.00 0.00 3.00 0.00 0.00 0.00 0.00 0.00 0.00
200.00 4.00 0.00 0.00 7.00 0.00 7.00 0.09 4.05 0.00 0.00 0.00 2.00 4.00 2.00 0.00 4.00 0.00 0.00 0.00 0.00 0.00 0.00
201.00 4.00 0.00 2.00 7.00 2.00 5.00 0.08 0.32 0.00 0.00 0.00 3.00 3.00 1.00 1.00 4.00 0.00 0.00 0.00 0.00 0.00 0.00
202.00 3.00 0.00 2.00 6.00 2.00 4.00 0.09 4.50 0.00 0.00 0.00 2.00 3.00 1.00 0.00 3.00 0.00 0.00 0.00 0.00 0.00 0.00
203.00 3.00 0.00 0.00 10.00 0.00 10.00 0.09 0.30 0.00 0.00 0.00 2.00 3.00 1.00 0.00 3.00 0.00 0.00 0.00 0.00 0.00 0.00
204.00 5.00 2.00 8.00 23.00 6.00 15.00 0.09 0.18 0.00 0.00 0.00 1.00 3.00 4.00 2.00 4.00 1.00 0.00 0.00 0.00 0.00 0.00
205.00 3.00 0.00 0.00 8.00 0.00 8.00 0.08 0.23 0.00 0.00 0.00 2.00 3.00 1.00 0.00 3.00 0.00 0.00 0.00 0.00 0.00 0.00
206.00 2.00 0.00 0.00 5.00 0.00 5.00 0.10 0.14 0.00 0.00 0.00 2.00 2.00 0.00 0.00 2.00 0.00 0.00 0.00 0.00 0.00 0.00
207.00 3.00 0.00 0.00 3.00 0.00 3.00 0.09 0.19 0.00 0.00 0.00 2.00 3.00 1.00 0.00 3.00 0.00 0.00 0.00 0.00 0.00 0.00
208.00 3.00 0.00 0.00 3.00 0.00 3.00 0.09 0.26 0.00 0.00 0.00 2.00 3.00 1.00 0.00 3.00 0.00 0.00 0.00 0.00 0.00 0.00
209.00 4.00 0.00 0.00 9.00 0.00 9.00 0.07 0.59 0.00 0.00 0.00 2.00 4.00 2.00 0.00 4.00 0.00 0.00 0.00 0.00 0.00 0.00
