0.00 7.00 1.00 9.00 25.00 8.00 16.00 0.08 0.46 0.00 0.00 0.00 2.00 5.00 5.00 2.00 7.00 0.00 0.00 0.00 0.00 0.00 0.00
1.00 4.00 0.00 3.00 15.00 3.00 12.00 0.08 0.34 0.00 0.00 0.00 2.00 4.00 2.00 0.00 4.00 0.00 0.00 0.00 0.00 0.00 0.00
2.00 3.00 0.00 0.00 3.00 0.00 3.00 0.09 0.47 0.00 0.00 0.00 2.00 3.00 1.00 0.00 3.00 0.00 0.00 0.00 0.00 0.00 0.00
3.00 4.00 1.00 4.00 13.00 3.00 9.00 0.08 0.19 0.00 0.00 0.00 3.00 3.00 1.00 1.00 4.00 0.00 0.00 0.00 0.00 0.00 0.00
4.00 6.00 0.00 5.00 19.00 5.00 14.00 0.09 0.38 0.00 0.00 0.00 3.00 5.00 3.00 1.00 6.00 0.00 0.00 0.00 0.00 0.00 0.00
5.00 11.00 10.00 23.00 51.00 13.00 28.00 0.09 0.41 0.00 0.00 0.00 1.00 6.00 10.00 5.00 7.00 4.00 0.00 0.00 0.00 0.00 0.00
6.00 8.00 1.00 11.00 34.00 10.00 23.00 0.08 0.50 0.00 0.00 0.00 3.00 5.00 5.00 3.00 8.00 0.00 0.00 0.00 0.00 0.00 0.00
7.00 7.00 1.00 4.00 29.00 3.00 25.00 0.10 0.44 0.00 0.00 0.00 4.00 5.00 3.00 2.00 6.00 1.00 0.00 0.00 0.00 0.00 0.00
8.00 13.00 10.00 30.00 58.00 20.00 28.00 0.09 0.52 0.00 0.00 0.00 4.00 6.00 9.00 7.00 6.00 7.00 0.00 0.00 0.00 0.00 0.00
9.00 14.00 7.00 22.00 58.00 15.00 36.00 0.08 0.85 0.00 1.00 0.00 3.00 7.00 11.00 7.00 11.00 3.00 0.00 0.00 0.00 0.00 0.00
10.00 16.00 16.00 41.00 79.00 25.00 38.00 0.10 0.49 0.00 1.00 0.00 5.00 10.00 11.00 6.00 13.00 3.00 0.00 0.00 0.00 0.00 0.00
11.00 16.00 18.00 43.00 78.00 25.00 35.00 0.08 0.59 0.00 1.00 0.00 3.00 5.00 13.00 11.00 9.00 7.00 0.00 0.00 1.00 0.00 0.00
12.00 17.00 13.00 37.00 70.00 24.00 33.00 0.10 0.82 0.00 1.00 0.00 5.00 8.00 12.00 9.00 13.00 4.00 0.00 0.00 0.00 0.00 0.00
13.00 14.00 16.00 35.00 68.00 19.00 33.00 0.08 0.50 0.00 3.00 0.00 3.00 6.00 11.00 8.00 8.00 6.00 0.00 0.00 0.00 0.00 0.00
14.00 17.00 14.00 37.00 75.00 23.00 38.00 0.08 0.73 0.00 2.00 0.00 6.00 12.00 11.00 5.00 14.00 3.00 0.00 0.00 0.00 0.00 0.00
15.00 12.00 6.00 22.00 53.00 16.00 31.00 0.08 0.41 0.00 1.00 0.00 2.00 8.00 10.00 4.00 11.00 1.00 0.00 0.00 0.00 0.00 0.00
16.00 23.00 26.00 56.00 107.00 30.00 51.00 0.09 0.80 0.00 1.00 0.00 9.00 13.00 14.00 10.00 20.00 3.00 0.00 0.00 0.00 0.00 0.00
17.00 16.00 20.00 45.00 77.00 25.00 32.00 0.10 0.49 0.00 1.00 0.00 7.00 9.00 9.00 7.00 10.00 6.00 0.00 0.00 0.00 0.00 0.00
18.00 21.00 23.00 49.00 87.00 26.00 38.00 0.10 0.77 0.00 2.00 0.00 6.00 11.00 15.00 10.00 16.00 5.00 0.00 0.00 0.00 0.00 0.00
19.00 18.00 14.00 50.00 92.00 36.00 42.00 0.10 0.62 0.00 1.00 0.00 3.00 9.00 15.00 9.00 12.00 6.00 0.00 0.00 0.00 0.00 0.00
20.00 19.00 18.00 49.00 88.00 31.00 39.00 0.08 0.61 0.00 2.00 0.00 5.00 13.00 14.00 6.00 15.00 4.00 0.00 0.00 0.00 0.00 0.00
21.00 14.00 9.00 34.00 68.00 25.00 34.00 0.08 0.52 0.00 1.00 0.00 5.00 7.00 9.00 7.00 11.00 3.00 0.00 0.00 0.00 0.00 0.00
22.00 18.00 19.00 46.00 84.00 27.00 38.00 0.10 0.64 0.00 1.00 0.00 5.00 10.00 13.00 8.00 12.00 6.00 0.00 0.00 0.00 0.00 0.00
23.00 17.00 18.00 45.00 86.00 27.00 41.00 0.08 0.69 0.00 2.00 0.00 4.00 9.00 13.00 8.00 12.00 5.00 0.00 0.00 0.00 0.00 0.00
24.00 16.00 19.00 42.00 82.00 23.00 40.00 0.07 0.54 0.00 2.00 0.00 5.00 8.00 11.00 8.00 13.00 3.00 0.00 0.00 0.00 0.00 0.00
25.00 17.00 19.00 38.00 81.00 19.00 43.00 0.08 0.68 0.00 1.00 0.00 6.00 9.00 11.00 8.00 11.00 6.00 0.00 0.00 0.00 0.00 0.00
26.00 19.00 19.00 42.00 90.00 23.00 48.00 0.09 0.67 0.00 1.00 0.00 5.00 10.00 14.00 9.00 15.00 4.00 0.00 0.00 0.00 0.00 0.00
27.00 10.00 6.00 21.00 50.00 15.00 29.00 0.07 0.35 0.00 1.00 0.00 3.00 5.00 7.00 5.00 7.00 3.00 0.00 0.00 0.00 0.00 0.00
28.00 16.00 14.00 36.00 71.00 22.00 35.00 0.09 0.61 0.00 0.00 0.00 4.00 6.00 12.00 10.00 11.00 5.00 0.00 0.00 0.00 0.00 0.00
29.00 11.00 8.00 25.00 54.00 17.00 29.00 0.07 0.49 0.00 1.00 0.00 4.00 7.00 7.00 4.00 8.00 3.00 0.00 0.00 0.00 0.00 0.00
30.00 21.00 28.00 52.00 100.00 24.00 48.00 0.09 0.81 0.00 1.00 0.00 9.00 15.00 12.00 6.00 18.00 3.00 0.00 0.00 0.00 0.00 0.00
31.00 16.00 16.00 41.00 76.00 25.00 35.00 0.07 0.71 0.00 1.00 0.00 6.00 9.00 10.00 7.00 14.00 2.00 0.00 0.00 0.00 0.00 0.00
32.00 16.00 11.00 37.00 81.00 26.00 44.00 0.09 0.84 0.00 0.00 0.00 3.00 9.00 13.00 7.00 13.00 3.00 0.00 0.00 0.00 0.00 0.00
33.00 18.00 15.00 45.00 89.00 30.00 44.00 0.09 0.76 0.00 1.00 0.00 9.00 10.00 9.00 8.00 11.00 7.00 0.00 0.00 0.00 0.00 0.00
34.00 18.00 18.00 44.00 84.00 26.00 40.00 0.09 0.55 0.00 1.00 0.00 8.00 12.00 10.00 6.00 14.00 4.00 0.00 0.00 0.00 0.00 0.00
35.00 15.00 8.00 31.00 67.00 23.00 36.00 0.09 0.49 0.00 0.00 0.00 6.00 7.00 9.00 8.00 10.00 5.00 0.00 0.00 0.00 0.00 0.00
36.00 15.00 9.00 29.00 72.00 20.00 43.00 0.09 0.54 0.00 1.00 0.00 5.00 8.00 10.00 7.00 9.00 6.00 0.00 0.00 0.00 0.00 0.00
37.00 13.00 10.00 31.00 65.00 21.00 34.00 0.07 0.43 0.00 1.00 0.00 2.00 6.00 11.00 7.00 10.00 3.00 0.00 0.00 0.00 0.00 0.00
38.00 21.00 22.00 48.00 97.00 26.00 49.00 0.09 0.78 0.00 2.00 0.00 9.00 10.00 12.00 11.00 13.00 8.00 0.00 0.00 0.00 0.00 0.00
39.00 19.00 17.00 48.00 99.00 31.00 51.00 0.08 0.70 0.00 2.00 0.00 4.00 11.00 15.00 8.00 14.00 5.00 0.00 0.00 0.00 0.00 0.00
40.00 21.00 24.00 53.00 102.00 29.00 49.00 0.07 0.60 0.00 2.00 0.00 7.00 12.00 14.00 9.00 13.00 8.00 0.00 0.00 0.00 0.00 0.00
41.00 17.00 20.00 46.00 82.00 26.00 36.00 0.09 0.60 0.00 2.00 0.00 3.00 7.00 14.00 10.00 11.00 6.00 0.00 0.00 0.00 0.00 0.00
42.00 22.00 22.00 57.00 108.00 35.00 51.00 0.09 0.70 0.00 2.00 0.00 7.00 11.00 15.00 11.00 13.00 9.00 0.00 0.00 1.00 0.00 0.00
43.00 21.00 24.00 62.00 103.00 38.00 41.00 0.10 0.64 0.00 2.00 0.00 5.00 11.00 16.00 10.00 13.00 8.00 0.00 0.00 0.00 0.00 0.00
44.00 16.00 14.00 37.00 81.00 23.00 44.00 0.08 0.56 0.00 1.00 0.00 4.00 8.00 12.00 8.00 11.00 5.00 0.00 0.00 0.00 0.00 0.00
45.00 16.00 12.00 36.00 77.00 24.00 41.00 0.06 0.52 0.00 1.00 0.00 7.00 12.00 9.00 4.00 15.00 1.00 0.00 0.00 1.00 0.00 0.00
46.00 20.00 17.00 48.00 97.00 31.00 49.00 0.08 0.74 0.00 1.00 0.00 5.00 10.00 15.00 10.00 13.00 7.00 0.00 0.00 1.00 0.00 0.00
47.00 18.00 18.00 42.00 83.00 24.00 41.00 0.10 0.79 0.00 1.00 0.00 4.00 12.00 14.00 6.00 15.00 3.00 0.00 0.00 0.00 0.00 0.00
48.00 21.00 17.00 55.00 95.00 38.00 40.00 0.07 0.75 0.00 1.00 0.00 5.00 12.00 16.00 9.00 15.00 6.00 0.00 0.00 0.00 0.00 0.00
49.00 20.00 23.00 51.00 99.00 28.00 48.00 0.07 0.68 0.00 1.00 0.00 6.00 14.00 14.00 6.00 17.00 3.00 0.00 0.00 0.00 0.00 0.00
50.00 21.00 18.00 54.00 108.00 36.00 54.00 0.07 0.68 0.00 1.00 0.00 8.00 10.00 13.00 11.00 17.00 4.00 0.00 0.00 0.00 0.00 0.00
51.00 25.00 24.00 73.00 132.00 49.00 59.00 0.10 0.69 0.00 2.00 0.00 6.00 12.00 19.00 13.00 14.00 11.00 0.00 0.00 0.00 0.00 0.00
52.00 22.00 19.00 52.00 107.00 33.00 55.00 0.10 0.89 0.00 3.00 0.00 5.00 13.00 17.00 9.00 18.00 4.00 0.00 0.00 0.00 0.00 0.00
53.00 24.00 26.00 71.00 121.00 45.00 50.00 0.09 0.76 0.00 3.00 0.00 5.00 9.00 19.00 15.00 13.00 11.00 0.00 0.00 0.00 0.00 1.00
54.00 33.00 43.00 98.00 160.00 55.00 62.00 0.08 0.94 0.00 1.00 0.00 7.00 18.00 26.00 15.00 27.00 6.00 0.00 0.00 0.00 0.00 0.00
55.00 28.00 34.00 77.00 135.00 43.00 58.00 0.09 0.87 0.00 1.00 0.00 6.00 14.00 22.00 14.00 17.00 11.00 0.00 0.00 0.00 0.00 0.00
56.00 25.00 24.00 68.00 126.00 44.00 58.00 0.10 0.70 0.00 2.00 0.00 8.00 15.00 17.00 10.00 17.00 8.00 1.00 0.00 0.00 0.00 0.00
57.00 34.00 44.00 95.00 163.00 51.00 68.00 0.10 0.99 0.00 3.00 0.00 9.00 17.00 25.00 17.00 20.00 14.00 1.00 0.00 1.00 0.00 0.00
58.00 35.00 34.00 92.00 176.00 58.00 84.00 0.08 1.18 0.00 4.00 0.00 5.00 17.00 30.00 18.00 22.00 13.00 1.00 0.00 0.00 0.00 0.00
59.00 30.00 30.00 72.00 147.00 42.00 75.00 0.07 0.95 0.00 4.00 0.00 7.00 13.00 23.00 17.00 18.00 12.00 1.00 0.00 0.00 0.00 0.00
60.00 28.00 36.00 87.00 139.00 51.00 52.00 0.09 0.84 0.00 2.00 0.00 6.00 11.00 22.00 17.00 19.00 9.00 1.00 0.00 0.00 0.00 0.00
61.00 30.00 26.00 76.00 127.00 50.00 51.00 0.09 1.65 0.00 4.00 0.00 6.00 17.00 24.00 13.00 21.00 9.00 1.00 0.00 1.00 0.00 0.00
62.00 27.00 35.00 79.00 135.00 44.00 56.00 0.09 0.91 0.00 2.00 0.00 4.00 12.00 23.00 15.00 15.00 12.00 1.00 0.00 0.00 0.00 0.00
63.00 29.00 39.00 84.00 145.00 45.00 61.00 0.08 0.95 0.00 4.00 0.00 5.00 11.00 24.00 18.00 16.00 13.00 1.00 0.00 0.00 0.00 0.00
64.00 32.00 38.00 96.00 161.00 58.00 65.00 0.09 1.03 0.00 4.00 0.00 3.00 12.00 29.00 20.00 16.00 16.00 2.00 0.00 0.00 0.00 0.00
65.00 27.00 36.00 78.00 145.00 42.00 67.00 0.09 0.99 0.00 3.00 0.00 5.00 11.00 22.00 16.00 16.00 11.00 1.00 0.00 0.00 0.00 0.00
66.00 32.00 38.00 92.00 165.00 54.00 73.00 0.08 1.34 0.00 4.00 0.00 10.00 19.00 22.00 13.00 22.00 10.00 0.00 0.00 1.00 0.00 0.00
67.00 34.00 28.00 89.00 172.00 61.00 83.00 0.08 1.07 0.00 3.00 0.00 9.00 17.00 25.00 17.00 22.00 12.00 1.00 0.00 0.00 0.00 0.00
68.00 27.00 34.00 69.00 133.00 35.00 64.00 0.09 0.88 0.00 4.00 0.00 6.00 13.00 21.00 14.00 19.00 8.00 1.00 0.00 0.00 0.00 0.00
69.00 32.00 49.00 98.00 164.00 49.00 66.00 0.09 0.92 0.00 3.00 0.00 8.00 15.00 24.00 17.00 21.00 11.00 1.00 0.00 0.00 0.00 0.00
70.00 31.00 35.00 88.00 155.00 53.00 67.00 0.10 1.49 0.00 2.00 0.00 6.00 13.00 25.00 18.00 18.00 13.00 1.00 0.00 0.00 0.00 0.00
71.00 36.00 47.00 98.00 180.00 51.00 82.00 0.08 1.06 0.00 3.00 0.00 9.00 16.00 27.00 20.00 22.00 14.00 1.00 0.00 0.00 0.00 0.00
72.00 35.00 47.00 99.00 175.00 52.00 76.00 0.08 1.28 0.00 3.00 0.00 8.00 14.00 27.00 21.00 20.00 15.00 1.00 0.00 0.00 0.00 0.00
73.00 30.00 36.00 78.00 142.00 42.00 64.00 0.07 1.68 0.00 2.00 0.00 8.00 17.00 22.00 13.00 21.00 9.00 0.00 0.00 0.00 0.00 0.00
74.00 31.00 37.00 91.00 162.00 54.00 71.00 0.08 1.10 0.00 3.00 0.00 7.00 14.00 24.00 17.00 19.00 12.00 0.00 0.00 0.00 0.00 0.00
75.00 23.00 24.00 53.00 110.00 29.00 57.00 0.08 1.06 0.00 2.00 0.00 5.00 10.00 18.00 13.00 14.00 9.00 0.00 0.00 0.00 0.00 0.00
76.00 35.00 36.00 94.00 179.00 58.00 85.00 0.09 1.02 0.00 2.00 0.00 8.00 15.00 27.00 20.00 25.00 10.00 1.00 0.00 1.00 0.00 0.00
77.00 31.00 35.00 88.00 157.00 53.00 69.00 0.10 0.94 0.00 3.00 0.00 5.00 14.00 26.00 17.00 17.00 14.00 1.00 0.00 0.00 0.00 0.00
78.00 29.00 30.00 84.00 150.00 54.00 66.00 0.08 1.03 1.00 2.00 0.50 8.00 10.00 21.00 19.00 17.00 12.00 0.00 0.00 0.00 0.00 0.00
79.00 30.00 36.00 87.00 143.00 51.00 56.00 0.09 0.85 0.00 3.00 0.00 6.00 13.00 24.00 17.00 21.00 9.00 1.00 0.00 0.00 0.00 0.00
80.00 29.00 27.00 77.00 146.00 50.00 69.00 0.09 1.51 0.00 2.00 0.00 4.00 8.00 25.00 21.00 15.00 14.00 1.00 0.00 0.00 0.00 0.00
81.00 21.00 14.00 49.00 102.00 35.00 53.00 0.09 0.96 0.00 1.00 0.00 5.00 14.00 16.00 7.00 18.00 3.00 1.00 0.00 0.00 0.00 0.00
82.00 28.00 23.00 67.00 138.00 44.00 71.00 0.09 1.57 0.00 4.00 0.00 10.00 16.00 18.00 12.00 22.00 6.00 1.00 0.00 0.00 0.00 0.00
83.00 32.00 37.00 95.00 165.00 58.00 70.00 0.10 1.79 0.00 4.00 0.00 7.00 14.00 25.00 18.00 19.00 13.00 1.00 0.00 0.00 0.00 0.00
84.00 25.00 34.00 77.00 130.00 43.00 53.00 0.10 0.77 0.00 3.00 0.00 5.00 8.00 20.00 17.00 15.00 10.00 1.00 0.00 0.00 0.00 0.00
85.00 24.00 27.00 73.00 122.00 46.00 49.00 0.08 0.73 0.00 2.00 0.00 6.00 11.00 18.00 13.00 14.00 10.00 1.00 0.00 1.00 0.00 0.00
86.00 25.00 26.00 75.00 129.00 49.00 54.00 0.10 0.78 0.00 4.00 0.00 5.00 13.00 20.00 12.00 16.00 9.00 1.00 0.00 0.00 0.00 0.00
87.00 23.00 25.00 67.00 116.00 42.00 49.00 0.09 0.76 0.00 3.00 0.00 5.00 13.00 18.00 10.00 19.00 4.00 0.00 0.00 0.00 0.00 0.00
88.00 27.00 30.00 65.00 138.00 35.00 73.00 0.08 0.96 0.00 4.00 0.00 7.00 18.00 20.00 9.00 22.00 5.00 0.00 0.00 0.00 1.00 0.00
89.00 23.00 20.00 61.00 118.00 41.00 57.00 0.09 0.78 0.00 3.00 0.00 6.00 11.00 17.00 12.00 16.00 7.00 1.00 0.00 0.00 1.00 0.00
90.00 14.00 8.00 28.00 68.00 20.00 40.00 0.09 0.92 0.00 2.00 0.00 6.00 8.00 8.00 6.00 11.00 3.00 0.00 0.00 0.00 0.00 0.00
91.00 26.00 25.00 65.00 124.00 40.00 59.00 0.07 0.86 0.00 1.00 0.00 9.00 18.00 17.00 8.00 24.00 2.00 0.00 0.00 0.00 0.00 0.00
92.00 26.00 33.00 77.00 128.00 44.00 51.00 0.08 0.72 0.00 3.00 0.00 6.00 13.00 20.00 13.00 17.00 9.00 1.00 0.00 0.00 0.00 0.00
93.00 22.00 13.00 63.00 116.00 50.00 53.00 0.09 0.75 0.00 3.00 0.00 3.00 12.00 19.00 10.00 15.00 7.00 1.00 0.00 0.00 0.00 0.00
94.00 25.00 28.00 64.00 126.00 36.00 62.00 0.09 0.96 0.00 2.00 0.00 6.00 8.00 19.00 17.00 14.00 11.00 0.00 0.00 0.00 0.00 0.00
95.00 25.00 38.00 71.00 125.00 33.00 54.00 0.09 0.71 0.00 2.00 0.00 3.00 11.00 22.00 14.00 15.00 10.00 1.00 0.00 0.00 0.00 0.00
96.00 25.00 32.00 71.00 122.00 39.00 51.00 0.08 0.70 0.00 2.00 0.00 5.00 11.00 20.00 14.00 17.00 8.00 0.00 0.00 0.00 0.00 0.00
97.00 28.00 46.00 87.00 139.00 41.00 52.00 0.08 0.89 0.00 2.00 0.00 7.00 16.00 21.00 12.00 19.00 9.00 1.00 0.00 1.00 0.00 0.00
98.00 24.00 33.00 70.00 128.00 37.00 58.00 0.09 0.76 0.00 2.00 0.00 3.00 8.00 21.00 16.00 11.00 13.00 1.00 0.00 0.00 0.00 0.00
99.00 22.00 22.00 60.00 112.00 38.00 52.00 0.07 0.74 0.00 1.00 0.00 5.00 9.00 17.00 13.00 13.00 9.00 1.00 0.00 1.00 0.00 0.00
100.00 23.00 17.00 61.00 113.00 44.00 52.00 0.07 0.85 1.00 1.00 1.00 3.00 9.00 20.00 14.00 17.00 6.00 1.00 0.00 0.00 0.00 0.00
101.00 24.00 28.00 66.00 123.00 38.00 57.00 0.08 0.77 0.00 2.00 0.00 4.00 10.00 20.00 14.00 14.00 10.00 1.00 0.00 0.00 0.00 0.00
102.00 23.00 24.00 57.00 121.00 33.00 64.00 0.07 0.77 0.00 2.00 0.00 4.00 12.00 19.00 11.00 14.00 9.00 2.00 0.00 0.00 0.00 0.00
103.00 24.00 21.00 61.00 125.00 40.00 64.00 0.08 0.95 0.00 2.00 0.00 8.00 12.00 16.00 12.00 18.00 6.00 1.00 0.00 1.00 0.00 1.00
104.00 25.00 24.00 73.00 127.00 49.00 54.00 0.08 0.80 0.00 2.00 0.00 6.00 14.00 19.00 11.00 19.00 6.00 1.00 0.00 0.00 0.00 0.00
105.00 21.00 17.00 58.00 105.00 41.00 47.00 0.10 0.62 0.00 1.00 0.00 5.00 10.00 16.00 11.00 12.00 9.00 1.00 0.00 0.00 0.00 0.00
106.00 25.00 26.00 71.00 127.00 45.00 56.00 0.09 0.82 0.00 1.00 0.00 5.00 10.00 20.00 15.00 14.00 11.00 1.00 0.00 0.00 0.00 0.00
107.00 22.00 25.00 61.00 111.00 36.00 50.00 0.09 0.72 0.00 2.00 0.00 6.00 9.00 16.00 13.00 13.00 9.00 1.00 0.00 0.00 0.00 0.00
108.00 28.00 38.00 84.00 144.00 46.00 60.00 0.08 0.97 0.00 2.00 0.00 5.00 9.00 23.00 19.00 13.00 15.00 1.00 0.00 0.00 0.00 0.00
109.00 26.00 26.00 69.00 135.00 43.00 66.00 0.09 0.97 0.00 2.00 0.00 5.00 8.00 21.00 18.00 15.00 11.00 0.00 0.00 0.00 0.00 0.00
110.00 28.00 32.00 71.00 130.00 39.00 59.00 0.09 1.90 0.00 2.00 0.00 7.00 11.00 21.00 17.00 16.00 12.00 0.00 0.00 0.00 0.00 0.00
111.00 26.00 22.00 64.00 121.00 42.00 57.00 0.10 0.82 0.00 1.00 0.00 8.00 14.00 18.00 12.00 21.00 5.00 0.00 0.00 0.00 0.00 0.00
112.00 24.00 22.00 65.00 127.00 43.00 62.00 0.09 0.87 0.00 1.00 0.00 7.00 10.00 17.00 14.00 17.00 7.00 1.00 0.00 0.00 0.00 0.00
113.00 29.00 37.00 85.00 148.00 48.00 63.00 0.09 0.88 0.00 3.00 0.00 4.00 11.00 25.00 18.00 15.00 14.00 1.00 0.00 0.00 0.00 0.00
114.00 26.00 33.00 74.00 136.00 41.00 62.00 0.08 0.67 0.00 3.00 0.00 6.00 10.00 20.00 16.00 17.00 9.00 1.00 0.00 0.00 0.00 0.00
115.00 24.00 19.00 63.00 118.00 44.00 55.00 0.08 0.85 0.00 2.00 0.00 7.00 14.00 17.00 10.00 17.00 7.00 1.00 0.00 0.00 0.00 0.00
116.00 17.00 11.00 41.00 88.00 30.00 47.00 0.09 0.61 0.00 2.00 0.00 3.00 4.00 14.00 13.00 12.00 5.00 0.00 0.00 0.00 0.00 0.00
117.00 24.00 32.00 69.00 120.00 37.00 51.00 0.08 0.77 0.00 2.00 0.00 6.00 11.00 18.00 13.00 14.00 10.00 1.00 0.00 0.00 0.00 0.00
118.00 21.00 21.00 53.00 103.00 32.00 50.00 0.07 0.80 0.00 2.00 0.00 6.00 10.00 15.00 11.00 16.00 5.00 0.00 0.00 0.00 0.00 0.00
119.00 21.00 19.00 50.00 102.00 31.00 52.00 0.07 0.58 0.00 2.00 0.00 6.00 14.00 15.00 7.00 18.00 3.00 0.00 0.00 0.00 0.00 0.00
120.00 13.00 2.00 21.00 63.00 19.00 42.00 0.09 0.65 0.00 1.00 0.00 4.00 9.00 9.00 4.00 12.00 1.00 1.00 0.00 0.00 0.00 0.00
121.00 23.00 29.00 70.00 118.00 41.00 48.00 0.09 0.89 0.00 1.00 0.00 5.00 10.00 18.00 13.00 13.00 10.00 1.00 0.00 1.00 0.00 0.00
122.00 21.00 8.00 46.00 104.00 38.00 58.00 0.08 1.09 0.00 1.00 0.00 5.00 12.00 16.00 9.00 15.00 6.00 0.00 0.00 0.00 0.00 0.00
123.00 22.00 25.00 61.00 109.00 36.00 48.00 0.07 0.70 0.00 2.00 0.00 7.00 12.00 15.00 10.00 17.00 5.00 1.00 0.00 0.00 0.00 0.00
124.00 20.00 13.00 49.00 95.00 36.00 46.00 0.09 0.80 0.00 0.00 0.00 6.00 9.00 14.00 11.00 13.00 7.00 1.00 0.00 0.00 0.00 0.00
125.00 23.00 25.00 58.00 120.00 33.00 62.00 0.08 0.69 0.00 2.00 0.00 6.00 11.00 17.00 12.00 15.00 8.00 1.00 0.00 0.00 0.00 0.00
126.00 17.00 17.00 43.00 84.00 26.00 41.00 0.10 0.65 0.00 2.00 0.00 2.00 8.00 15.00 9.00 10.00 7.00 0.00 0.00 0.00 0.00 0.00
127.00 21.00 23.00 55.00 100.00 32.00 45.00 0.09 0.66 0.00 2.00 0.00 2.00 8.00 19.00 13.00 13.00 8.00 0.00 0.00 0.00 0.00 0.00
128.00 18.00 12.00 41.00 87.00 29.00 46.00 0.09 0.73 0.00 1.00 0.00 4.00 10.00 14.00 8.00 13.00 5.00 0.00 0.00 0.00 0.00 0.00
129.00 20.00 19.00 50.00 97.00 31.00 47.00 0.09 0.94 0.00 2.00 0.00 4.00 8.00 16.00 12.00 14.00 6.00 1.00 0.00 0.00 0.00 0.00
130.00 21.00 19.00 54.00 111.00 35.00 57.00 0.08 0.71 0.00 2.00 0.00 6.00 10.00 15.00 11.00 13.00 8.00 0.00 0.00 0.00 0.00 0.00
131.00 19.00 14.00 49.00 102.00 35.00 53.00 0.08 0.52 0.00 1.00 0.00 4.00 8.00 15.00 11.00 13.00 6.00 0.00 0.00 0.00 0.00 0.00
132.00 24.00 25.00 58.00 114.00 33.00 56.00 0.09 0.96 0.00 1.00 0.00 8.00 14.00 16.00 10.00 17.00 7.00 0.00 0.00 0.00 0.00 0.00
133.00 25.00 21.00 60.00 119.00 39.00 59.00 0.08 0.88 0.00 2.00 0.00 7.00 10.00 18.00 15.00 12.00 13.00 0.00 0.00 0.00 0.00 0.00
134.00 21.00 23.00 58.00 105.00 35.00 47.00 0.09 0.69 0.00 2.00 0.00 7.00 12.00 14.00 9.00 14.00 7.00 1.00 0.00 0.00 0.00 0.00
135.00 20.00 19.00 44.00 98.00 25.00 54.00 0.09 0.58 0.00 1.00 0.00 4.00 8.00 16.00 12.00 13.00 7.00 1.00 0.00 0.00 0.00 0.00
136.00 24.00 15.00 53.00 121.00 38.00 68.00 0.10 0.88 0.00 0.00 0.00 10.00 13.00 14.00 11.00 17.00 7.00 0.00 0.00 0.00 1.00 0.00
137.00 19.00 19.00 44.00 93.00 25.00 49.00 0.08 0.64 0.00 2.00 0.00 4.00 7.00 15.00 12.00 12.00 7.00 1.00 0.00 0.00 0.00 0.00
138.00 24.00 26.00 71.00 122.00 45.00 51.00 0.09 0.75 0.00 2.00 0.00 3.00 9.00 21.00 15.00 18.00 6.00 0.00 0.00 0.00 0.00 0.00
139.00 19.00 14.00 51.00 98.00 37.00 47.00 0.10 0.77 0.00 2.00 0.00 4.00 9.00 15.00 10.00 13.00 6.00 1.00 0.00 0.00 0.00 0.00
140.00 17.00 14.00 46.00 81.00 32.00 35.00 0.08 0.54 0.00 2.00 0.00 4.00 9.00 13.00 8.00 11.00 6.00 1.00 0.00 0.00 0.00 0.00
141.00 14.00 7.00 23.00 66.00 16.00 43.00 0.07 0.60 0.00 0.00 0.00 6.00 8.00 8.00 6.00 11.00 3.00 1.00 0.00 0.00 0.00 0.00
142.00 17.00 5.00 34.00 80.00 29.00 46.00 0.09 0.81 0.00 1.00 0.00 8.00 12.00 9.00 5.00 14.00 3.00 1.00 0.00 0.00 0.00 0.00
143.00 18.00 15.00 39.00 86.00 24.00 47.00 0.11 0.67 0.00 1.00 0.00 5.00 9.00 13.00 9.00 11.00 7.00 1.00 0.00 0.00 0.00 0.00
144.00 15.00 8.00 29.00 66.00 21.00 37.00 0.09 0.62 0.00 1.00 0.00 7.00 10.00 8.00 5.00 12.00 3.00 1.00 0.00 0.00 0.00 0.00
145.00 21.00 15.00 51.00 103.00 36.00 52.00 0.07 0.80 0.00 1.00 0.00 7.00 11.00 14.00 10.00 16.00 5.00 1.00 0.00 0.00 0.00 0.00
146.00 21.00 23.00 62.00 112.00 39.00 50.00 0.10 0.76 0.00 2.00 0.00 4.00 7.00 17.00 14.00 15.00 6.00 0.00 0.00 0.00 0.00 0.00
147.00 20.00 14.00 46.00 98.00 32.00 52.00 0.09 0.91 0.00 2.00 0.00 7.00 13.00 13.00 7.00 16.00 4.00 0.00 0.00 0.00 1.00 0.00
148.00 15.00 5.00 31.00 73.00 26.00 42.00 0.10 0.80 0.00 2.00 0.00 6.00 9.00 9.00 6.00 11.00 4.00 0.00 0.00 0.00 0.00 0.00
149.00 23.00 21.00 61.00 110.00 40.00 49.00 0.10 0.79 0.00 2.00 0.00 5.00 9.00 18.00 14.00 16.00 7.00 0.00 0.00 0.00 0.00 0.00
150.00 23.00 31.00 63.00 114.00 32.00 51.00 0.08 0.82 1.00 1.00 1.00 4.00 8.00 19.00 15.00 14.00 9.00 0.00 0.00 0.00 0.00 0.00
151.00 16.00 12.00 41.00 82.00 29.00 41.00 0.10 0.52 1.00 1.00 1.00 4.00 8.00 12.00 8.00 11.00 5.00 0.00 0.00 0.00 0.00 0.00
152.00 25.00 32.00 75.00 125.00 43.00 50.00 0.09 0.84 0.00 1.00 0.00 4.00 11.00 21.00 14.00 17.00 8.00 0.00 0.00 0.00 0.00 0.00
153.00 16.00 12.00 37.00 81.00 25.00 44.00 0.08 0.54 1.00 0.00 0.00 6.00 11.00 10.00 5.00 13.00 3.00 0.00 0.00 0.00 0.00 0.00
154.00 18.00 22.00 52.00 91.00 30.00 39.00 0.10 0.57 1.00 0.00 0.00 2.00 5.00 16.00 13.00 10.00 8.00 0.00 0.00 1.00 0.00 0.00
155.00 24.00 22.00 62.00 113.00 40.00 51.00 0.08 1.03 1.00 0.00 0.00 4.00 12.00 20.00 12.00 17.00 7.00 0.00 0.00 1.00 0.00 0.00
156.00 21.00 16.00 49.00 105.00 33.00 56.00 0.09 0.77 0.00 1.00 0.00 7.00 12.00 14.00 9.00 17.00 4.00 0.00 0.00 0.00 0.00 0.00
157.00 22.00 27.00 57.00 112.00 30.00 55.00 0.08 0.75 1.00 0.00 0.00 7.00 13.00 15.00 9.00 17.00 5.00 0.00 0.00 0.00 0.00 0.00
158.00 21.00 20.00 58.00 105.00 38.00 47.00 0.09 0.63 1.00 0.00 0.00 8.00 13.00 13.00 8.00 15.00 6.00 0.00 0.00 0.00 0.00 0.00
159.00 15.00 17.00 41.00 73.00 24.00 32.00 0.08 0.54 0.00 1.00 0.00 3.00 4.00 12.00 11.00 7.00 8.00 0.00 0.00 0.00 0.00 0.00
160.00 16.00 12.00 33.00 71.00 21.00 38.00 0.09 0.57 0.00 2.00 0.00 4.00 10.00 12.00 6.00 14.00 2.00 0.00 0.00 0.00 0.00 0.00
161.00 22.00 20.00 54.00 107.00 34.00 53.00 0.10 0.72 0.00 0.00 0.00 6.00 11.00 16.00 11.00 16.00 6.00 0.00 0.00 0.00 0.00 0.00
162.00 15.00 13.00 39.00 74.00 26.00 35.00 0.08 0.76 0.00 1.00 0.00 4.00 10.00 11.00 5.00 11.00 4.00 0.00 0.00 0.00 0.00 0.00
163.00 19.00 18.00 45.00 87.00 27.00 42.00 0.10 0.60 0.00 1.00 0.00 6.00 11.00 13.00 8.00 13.00 6.00 0.00 0.00 0.00 0.00 0.00
164.00 15.00 9.00 26.00 67.00 17.00 41.00 0.10 0.54 0.00 1.00 0.00 5.00 9.00 10.00 6.00 14.00 1.00 0.00 0.00 0.00 0.00 0.00
165.00 9.00 5.00 16.00 38.00 11.00 22.00 0.08 0.30 0.00 0.00 0.00 3.00 5.00 6.00 4.00 8.00 1.00 0.00 0.00 0.00 0.00 0.00
166.00 16.00 11.00 38.00 79.00 27.00 41.00 0.09 0.67 0.00 2.00 0.00 6.00 7.00 10.00 9.00 12.00 4.00 0.00 0.00 0.00 0.00 0.00
167.00 19.00 20.00 52.00 92.00 32.00 40.00 0.11 0.71 0.00 1.00 0.00 6.00 9.00 13.00 10.00 12.00 7.00 0.00 0.00 0.00 0.00 0.00
168.00 6.00 0.00 8.00 30.00 8.00 22.00 0.08 0.33 0.00 0.00 0.00 2.00 4.00 4.00 2.00 6.00 0.00 0.00 0.00 0.00 0.00 0.00
169.00 16.00 14.00 42.00 84.00 28.00 42.00 0.08 0.60 0.00 1.00 0.00 5.00 8.00 11.00 8.00 10.00 6.00 0.00 0.00 0.00 0.00 0.00
170.00 15.00 11.00 33.00 69.00 22.00 36.00 0.09 0.63 0.00 0.00 0.00 5.00 9.00 10.00 6.00 10.00 5.00 0.00 0.00 0.00 0.00 0.00
171.00 9.00 4.00 16.00 38.00 12.00 22.00 0.09 0.61 0.00 1.00 0.00 2.00 5.00 7.00 4.00 9.00 0.00 0.00 0.00 0.00 0.00 0.00
172.00 13.00 11.00 30.00 64.00 19.00 34.00 0.08 0.49 0.00 1.00 0.00 2.00 5.00 11.00 8.00 10.00 3.00 0.00 0.00 0.00 0.00 0.00
173.00 8.00 3.00 15.00 31.00 12.00 16.00 0.08 0.38 0.00 0.00 0.00 3.00 7.00 5.00 1.00 8.00 0.00 0.00 0.00 0.00 0.00 0.00
174.00 11.00 7.00 22.00 54.00 15.00 32.00 0.08 0.63 0.00 1.00 0.00 6.00 8.00 5.00 3.00 10.00 1.00 0.00 0.00 0.00 0.00 0.00
175.00 16.00 13.00 35.00 71.00 22.00 36.00 0.09 0.84 0.00 1.00 0.00 6.00 9.00 10.00 7.00 11.00 5.00 0.00 0.00 0.00 0.00 0.00
176.00 10.00 7.00 22.00 43.00 15.00 21.00 0.08 0.44 0.00 1.00 0.00 5.00 7.00 5.00 3.00 8.00 2.00 0.00 0.00 0.00 0.00 0.00
177.00 11.00 7.00 23.00 52.00 16.00 29.00 0.09 0.39 0.00 0.00 0.00 3.00 6.00 8.00 5.00 8.00 3.00 0.00 0.00 0.00 0.00 0.00
178.00 5.00 0.00 6.00 19.00 6.00 13.00 0.09 0.21 0.00 0.00 0.00 0.00 1.00 5.00 4.00 5.00 0.00 0.00 0.00 0.00 0.00 0.00
179.00 5.00 0.00 1.00 10.00 1.00 9.00 0.08 0.50 0.00 0.00 0.00 2.00 5.00 3.00 0.00 5.00 0.00 0.00 0.00 0.00 0.00 0.00
180.00 10.00 7.00 22.00 45.00 15.00 23.00 0.08 0.59 0.00 0.00 0.00 3.00 9.00 7.00 1.00 9.00 1.00 0.00 0.00 1.00 0.00 0.00
181.00 11.00 9.00 25.00 54.00 16.00 29.00 0.08 0.47 0.00 0.00 0.00 2.00 11.00 9.00 0.00 11.00 0.00 0.00 0.00 0.00 0.00 0.00
182.00 10.00 5.00 21.00 47.00 16.00 26.00 0.08 0.56 0.00 0.00 0.00 4.00 4.00 6.00 6.00 9.00 1.00 0.00 0.00 0.00 0.00 0.00
183.00 5.00 0.00 2.00 12.00 2.00 10.00 0.09 0.59 0.00 0.00 0.00 3.00 4.00 2.00 1.00 5.00 0.00 0.00 0.00 0.00 0.00 0.00
184.00 9.00 5.00 18.00 46.00 13.00 28.00 0.08 0.32 0.00 0.00 0.00 4.00 4.00 5.00 5.00 6.00 3.00 0.00 0.00 0.00 0.00 0.00
185.00 5.00 1.00 7.00 21.00 6.00 14.00 0.08 0.24 0.00 0.00 0.00 1.00 4.00 4.00 1.00 5.00 0.00 0.00 0.00 0.00 0.00 0.00
186.00 6.00 2.00 10.00 26.00 8.00 16.00 0.09 0.35 0.00 0.00 0.00 3.00 5.00 3.00 1.00 6.00 0.00 0.00 0.00 0.00 0.00 0.00
187.00 8.00 4.00 14.00 35.00 10.00 21.00 0.06 0.53 0.00 0.00 0.00 2.00 6.00 6.00 2.00 8.00 0.00 0.00 0.00 0.00 0.00 0.00
188.00 8.00 3.00 14.00 35.00 11.00 21.00 0.08 0.51 0.00 0.00 0.00 4.00 4.00 4.00 4.00 6.00 2.00 0.00 0.00 0.00 0.00 0.00
189.00 6.00 1.00 6.00 23.00 5.00 17.00 0.09 0.56 0.00 0.00 0.00 3.00 5.00 3.00 1.00 6.00 0.00 0.00 0.00 0.00 0.00 0.00
190.00 3.00 0.00 0.00 2.00 0.00 2.00 0.08 5.01 0.00 0.00 0.00 2.00 3.00 1.00 0.00 3.00 0.00 0.00 0.00 0.00 0.00 0.00
191.00 4.00 1.00 5.00 15.00 4.00 10.00 0.11 0.20 0.00 0.00 0.00 1.00 3.00 3.00 1.00 4.00 0.00 0.00 0.00 0.00 0.00 0.00
192.00 4.00 0.00 3.00 13.00 3.00 10.00 0.09 0.16 0.00 0.00 0.00 2.00 4.00 2.00 0.00 4.00 0.00 0.00 0.00 0.00 0.00 0.00
193.00 9.00 2.00 12.00 43.00 10.00 31.00 0.08 0.48 0.00 0.00 0.00 4.00 6.00 5.00 3.00 7.00 2.00 0.00 0.00 0.00 0.00 0.00
194.00 7.00 1.00 7.00 28.00 6.00 21.00 0.09 0.35 0.00 0.00 0.00 3.00 3.00 4.00 4.00 6.00 1.00 0.00 0.00 0.00 0.00 0.00
195.00 4.00 0.00 2.00 15.00 2.00 13.00 0.09 0.18 0.00 0.00 0.00 3.00 3.00 1.00 1.00 4.00 0.00 0.00 0.00 0.00 0.00 0.00
196.00 7.00 0.00 3.00 29.00 3.00 26.00 0.08 0.53 0.00 0.00 0.00 4.00 5.00 3.00 2.00 7.00 0.00 0.00 0.00 0.00 0.00 0.00
197.00 3.00 0.00 0.00 7.00 0.00 7.00 0.08 0.27 0.00 0.00 0.00 2.00 3.00 1.00 0.00 3.00 0.00 0.00 0.00 0.00 0.00 0.00
198.00 3.00 0.00 0.00 10.00 0.00 10.00 0.10 0.29 0.00 0.00 0.00 2.00 3.00 1.00 0.00 3.00 0.00 0.00 0.00 0.00 0.00 0.00
199.00 6.00 0.00 5.00 25.00 5.00 20.00 0.08 0.34 0.00 0.00 0.00 1.00 5.00 5.00 1.00 6.00 0.00 0.00 0.00 0.00 0.00 0.00
200.00 3.00 0.00 2.00 10.00 2.00 8.00 0.09 0.21 0.00 0.00 0.00 2.00 3.00 1.00 0.00 3.00 0.00 0.00 0.00 0.00 0.00 0.00
201.00 3.00 0.00 2.00 8.00 2.00 6.00 0.09 0.22 0.00 0.00 0.00 2.00 3.00 1.00 0.00 3.00 0.00 0.00 0.00 0.00 0.00 0.00
202.00 4.00 0.00 2.00 10.00 2.00 8.00 0.08 0.07 0.00 0.00 0.00 2.00 4.00 2.00 0.00 4.00 0.00 0.00 0.00 0.00 0.00 0.00
203.00 3.00 0.00 1.00 6.00 1.00 5.00 0.09 0.19 0.00 0.00 0.00 2.00 3.00 1.00 0.00 3.00 0.00 0.00 0.00 0.00 0.00 0.00
204.00 4.00 0.00 1.00 11.00 1.00 10.00 0.10 0.28 0.00 0.00 0.00 2.00 4.00 2.00 0.00 4.00 0.00 0.00 0.00 0.00 0.00 0.00
205.00 3.00 0.00 0.00 7.00 0.00 7.00 0.08 4.42 0.00 0.00 0.00 2.00 3.00 1.00 0.00 3.00 0.00 0.00 0.00 0.00 0.00 0.00
206.00 6.00 0.00 5.00 19.00 5.00 14.00 0.10 0.63 0.00 0.00 0.00 2.00 6.00 4.00 0.00 6.00 0.00 0.00 0.00 0.00 0.00 0.00
207.00 7.00 2.00 10.00 27.00 8.00 17.00 0.09 0.43 0.00 1.00 0.00 3.00 6.00 4.00 1.00 7.00 0.00 0.00 0.00 0.00 0.00 0.00
208.00 10.00 5.00 17.00 42.00 12.00 25.00 0.09 0.60 0.00 1.00 0.00 5.00 7.00 5.00 3.00 8.00 2.00 0.00 0.00 0.00 0.00 0.00
209.00 8.00 3.00 12.00 35.00 9.00 23.00 0.09 0.40 0.00 0.00 0.00 4.00 4.00 4.00 4.00 8.00 0.00 0.00 0.00 0.00 0.00 0.00
210.00 8.00 4.00 12.00 29.00 8.00 17.00 0.08 0.23 0.00 0.00 0.00 4.00 6.00 4.00 2.00 6.00 2.00 0.00 0.00 0.00 0.00 0.00
211.00 6.00 1.00 4.00 23.00 3.00 19.00 0.07 0.42 0.00 0.00 0.00 2.00 4.00 4.00 2.00 6.00 0.00 0.00 0.00 0.00 0.00 0.00
212.00 4.00 0.00 5.00 15.00 5.00 10.00 0.08 0.18 0.00 0.00 0.00 0.00 4.00 4.00 0.00 4.00 0.00 0.00 0.00 0.00 0.00 0.00
213.00 9.00 3.00 15.00 41.00 12.00 26.00 0.08 0.35 0.00 0.00 0.00 4.00 6.00 5.00 3.00 8.00 1.00 0.00 0.00 0.00 0.00 0.00
