0.00 3.00 0.00 1.00 10.00 1.00 9.00 0.09 0.11 0.00 0.00 0.00 2.00 3.00 1.00 0.00 3.00 0.00 0.00 0.00 0.00 0.00 0.00
1.00 5.00 0.00 5.00 23.00 5.00 18.00 0.09 0.24 0.00 0.00 0.00 2.00 3.00 3.00 2.00 5.00 0.00 0.00 0.00 0.00 0.00 0.00
2.00 10.00 4.00 13.00 39.00 9.00 26.00 0.08 0.63 0.00 0.00 0.00 5.00 7.00 5.00 3.00 8.00 2.00 0.00 0.00 0.00 0.00 0.00
3.00 5.00 0.00 1.00 16.00 1.00 15.00 0.10 0.71 0.00 0.00 0.00 2.00 5.00 3.00 0.00 5.00 0.00 0.00 0.00 0.00 0.00 0.00
4.00 5.00 1.00 7.00 22.00 6.00 15.00 0.06 0.20 0.00 0.00 0.00 2.00 4.00 3.00 1.00 4.00 1.00 0.00 0.00 0.00 0.00 0.00
5.00 12.00 7.00 29.00 63.00 22.00 34.00 0.08 0.42 0.00 1.00 0.00 3.00 8.00 9.00 4.00 10.00 2.00 0.00 0.00 0.00 0.00 0.00
6.00 12.00 7.00 26.00 54.00 19.00 28.00 0.07 0.54 0.00 0.00 0.00 4.00 9.00 8.00 3.00 10.00 2.00 0.00 0.00 0.00 0.00 0.00
7.00 10.00 4.00 15.00 39.00 11.00 24.00 0.10 0.53 0.00 0.00 0.00 3.00 5.00 7.00 5.00 10.00 0.00 0.00 0.00 0.00 0.00 0.00
8.00 8.00 3.00 12.00 32.00 9.00 20.00 0.09 0.32 0.00 0.00 0.00 4.00 6.00 4.00 2.00 8.00 0.00 0.00 0.00 0.00 0.00 0.00
9.00 11.00 9.00 19.00 50.00 10.00 31.00 0.07 0.34 0.00 0.00 0.00 2.00 7.00 9.00 4.00 8.00 3.00 0.00 0.00 0.00 0.00 0.00
10.00 11.00 8.00 25.00 54.00 17.00 29.00 0.09 0.42 0.00 0.00 0.00 3.00 6.00 8.00 5.00 8.00 3.00 0.00 0.00 0.00 0.00 0.00
11.00 13.00 8.00 26.00 59.00 18.00 33.00 0.07 0.53 0.00 1.00 0.00 5.00 6.00 8.00 7.00 10.00 3.00 0.00 0.00 0.00 1.00 0.00
12.00 13.00 11.00 31.00 62.00 20.00 31.00 0.09 0.43 0.00 0.00 0.00 5.00 9.00 8.00 4.00 9.00 4.00 0.00 0.00 0.00 2.00 0.00
13.00 17.00 12.00 36.00 79.00 24.00 43.00 0.07 2.18 0.00 0.00 0.00 7.00 12.00 10.00 5.00 14.00 3.00 0.00 0.00 0.00 0.00 0.00
14.00 13.00 4.00 23.00 63.00 19.00 40.00 0.10 0.57 0.00 0.00 0.00 5.00 10.00 8.00 3.00 11.00 2.00 0.00 0.00 0.00 0.00 0.00
15.00 19.00 19.00 52.00 99.00 33.00 47.00 0.08 0.75 0.00 0.00 0.00 8.00 12.00 11.00 7.00 13.00 6.00 0.00 0.00 0.00 0.00 0.00
16.00 17.00 15.00 38.00 74.00 23.00 36.00 0.07 0.78 0.00 0.00 0.00 5.00 9.00 12.00 8.00 14.00 3.00 0.00 0.00 0.00 0.00 0.00
17.00 16.00 16.00 39.00 79.00 23.00 40.00 0.09 0.58 0.00 0.00 0.00 6.00 7.00 10.00 9.00 12.00 4.00 0.00 0.00 0.00 0.00 0.00
18.00 14.00 8.00 30.00 67.00 22.00 37.00 0.08 0.65 1.00 0.00 0.00 2.00 6.00 12.00 8.00 10.00 4.00 0.00 0.00 0.00 0.00 0.00
19.00 13.00 3.00 20.00 61.00 17.00 41.00 0.09 1.87 0.00 0.00 0.00 6.00 10.00 7.00 3.00 11.00 2.00 0.00 0.00 0.00 0.00 0.00
20.00 12.00 7.00 26.00 61.00 19.00 35.00 0.08 0.45 0.00 0.00 0.00 4.00 6.00 8.00 6.00 11.00 1.00 0.00 0.00 0.00 0.00 0.00
21.00 18.00 18.00 42.00 82.00 24.00 40.00 0.08 0.65 0.00 1.00 0.00 9.00 11.00 9.00 7.00 14.00 4.00 0.00 0.00 0.00 0.00 0.00
22.00 17.00 14.00 40.00 78.00 26.00 38.00 0.08 0.55 0.00 0.00 0.00 8.00 11.00 9.00 6.00 15.00 2.00 0.00 0.00 0.00 0.00 0.00
23.00 22.00 16.00 47.00 101.00 31.00 54.00 0.07 1.38 0.00 1.00 0.00 8.00 15.00 14.00 7.00 20.00 2.00 0.00 0.00 1.00 0.00 0.00
24.00 18.00 18.00 41.00 89.00 23.00 48.00 0.09 0.62 0.00 1.00 0.00 5.00 8.00 13.00 10.00 12.00 6.00 0.00 0.00 1.00 0.00 0.00
25.00 19.00 19.00 41.00 86.00 22.00 45.00 0.07 1.44 0.00 1.00 0.00 8.00 12.00 11.00 7.00 14.00 5.00 0.00 0.00 1.00 0.00 0.00
26.00 17.00 18.00 43.00 82.00 25.00 39.00 0.09 0.54 0.00 1.00 0.00 6.00 11.00 11.00 6.00 15.00 2.00 0.00 0.00 1.00 0.00 0.00
27.00 23.00 29.00 64.00 121.00 35.00 57.00 0.08 0.81 0.00 1.00 0.00 5.00 13.00 18.00 10.00 16.00 7.00 0.00 0.00 0.00 1.00 0.00
28.00 20.00 19.00 52.00 100.00 33.00 48.00 0.07 0.59 0.00 1.00 0.00 3.00 8.00 17.00 12.00 15.00 5.00 0.00 0.00 0.00 0.00 0.00
29.00 18.00 14.00 43.00 83.00 29.00 40.00 0.09 0.56 0.00 2.00 0.00 6.00 9.00 12.00 9.00 13.00 5.00 0.00 0.00 0.00 0.00 0.00
30.00 25.00 28.00 63.00 123.00 35.00 60.00 0.09 1.23 0.00 3.00 0.00 5.00 10.00 20.00 15.00 16.00 9.00 0.00 0.00 0.00 0.00 1.00
31.00 19.00 14.00 49.00 96.00 35.00 47.00 0.09 0.59 0.00 1.00 0.00 4.00 10.00 15.00 9.00 13.00 6.00 0.00 0.00 0.00 0.00 0.00
32.00 22.00 19.00 58.00 108.00 39.00 50.00 0.09 2.01 0.00 2.00 0.00 2.00 10.00 20.00 12.00 15.00 7.00 0.00 0.00 0.00 0.00 0.00
33.00 22.00 23.00 59.00 113.00 36.00 54.00 0.09 0.62 0.00 1.00 0.00 8.00 14.00 14.00 8.00 17.00 5.00 0.00 0.00 1.00 0.00 0.00
34.00 18.00 21.00 46.00 89.00 25.00 43.00 0.09 0.46 1.00 1.00 1.00 7.00 11.00 11.00 7.00 14.00 4.00 0.00 0.00 0.00 0.00 0.00
35.00 24.00 30.00 62.00 108.00 32.00 46.00 0.10 0.66 1.00 1.00 1.00 8.00 14.00 16.00 10.00 16.00 8.00 0.00 0.00 2.00 0.00 0.00
36.00 21.00 20.00 46.00 100.00 26.00 54.00 0.09 1.21 0.00 0.00 0.00 4.00 9.00 17.00 12.00 14.00 7.00 0.00 0.00 0.00 0.00 0.00
37.00 22.00 26.00 63.00 113.00 37.00 50.00 0.08 0.60 0.00 1.00 0.00 5.00 12.00 17.00 10.00 16.00 6.00 0.00 0.00 0.00 1.00 0.00
38.00 23.00 32.00 65.00 118.00 33.00 53.00 0.07 0.70 1.00 1.00 1.00 2.00 7.00 21.00 16.00 10.00 13.00 0.00 0.00 0.00 0.00 0.00
39.00 26.00 34.00 71.00 123.00 37.00 52.00 0.08 0.64 1.00 2.00 0.50 7.00 12.00 19.00 14.00 18.00 8.00 0.00 0.00 0.00 0.00 0.00
40.00 24.00 30.00 66.00 125.00 36.00 59.00 0.08 0.68 1.00 3.00 0.33 2.00 6.00 22.00 18.00 11.00 13.00 0.00 0.00 0.00 0.00 0.00
41.00 24.00 35.00 71.00 122.00 36.00 51.00 0.07 0.59 1.00 2.00 0.50 4.00 15.00 20.00 9.00 16.00 8.00 0.00 0.00 0.00 0.00 0.00
42.00 25.00 38.00 73.00 128.00 35.00 55.00 0.08 0.61 1.00 1.00 1.00 6.00 10.00 19.00 15.00 16.00 9.00 0.00 0.00 0.00 0.00 0.00
43.00 30.00 43.00 87.00 149.00 44.00 62.00 0.09 1.21 1.00 2.00 0.50 9.00 18.00 21.00 12.00 23.00 7.00 0.00 0.00 0.00 0.00 0.00
44.00 28.00 34.00 83.00 148.00 49.00 65.00 0.07 0.84 0.00 2.00 0.00 5.00 13.00 23.00 15.00 15.00 13.00 0.00 0.00 1.00 0.00 0.00
45.00 29.00 31.00 75.00 148.00 44.00 73.00 0.09 0.83 1.00 1.00 1.00 10.00 13.00 19.00 16.00 17.00 12.00 0.00 0.00 0.00 0.00 0.00
46.00 28.00 34.00 78.00 143.00 44.00 65.00 0.09 0.85 0.00 3.00 0.00 9.00 12.00 19.00 16.00 19.00 9.00 0.00 0.00 0.00 0.00 0.00
47.00 26.00 30.00 68.00 130.00 38.00 62.00 0.09 0.82 1.00 1.00 1.00 5.00 11.00 21.00 15.00 17.00 9.00 0.00 0.00 0.00 0.00 0.00
48.00 33.00 46.00 98.00 163.00 52.00 65.00 0.08 1.20 1.00 2.00 0.50 9.00 17.00 24.00 16.00 22.00 11.00 0.00 0.00 0.00 1.00 0.00
49.00 33.00 38.00 95.00 174.00 57.00 79.00 0.08 0.91 1.00 2.00 0.50 10.00 15.00 23.00 18.00 24.00 9.00 1.00 0.00 0.00 0.00 0.00
50.00 31.00 38.00 80.00 143.00 42.00 63.00 0.11 1.50 1.00 1.00 1.00 5.00 12.00 26.00 19.00 18.00 13.00 1.00 0.00 0.00 0.00 0.00
51.00 26.00 34.00 79.00 133.00 45.00 54.00 0.08 0.82 1.00 2.00 0.50 4.00 12.00 22.00 14.00 18.00 8.00 0.00 0.00 0.00 0.00 0.00
52.00 26.00 39.00 78.00 134.00 39.00 56.00 0.09 0.74 1.00 1.00 1.00 5.00 10.00 21.00 16.00 15.00 11.00 1.00 0.00 1.00 0.00 0.00
53.00 28.00 38.00 87.00 145.00 49.00 58.00 0.09 0.73 1.00 2.00 0.50 6.00 15.00 22.00 13.00 19.00 9.00 1.00 0.00 0.00 0.00 0.00
54.00 33.00 41.00 94.00 168.00 53.00 74.00 0.07 1.61 1.00 2.00 0.50 9.00 14.00 24.00 19.00 17.00 16.00 0.00 0.00 0.00 0.00 0.00
55.00 17.00 11.00 41.00 85.00 30.00 44.00 0.09 0.80 0.00 2.00 0.00 4.00 8.00 13.00 9.00 14.00 3.00 0.00 0.00 0.00 0.00 0.00
56.00 29.00 23.00 72.00 143.00 49.00 71.00 0.08 1.09 0.00 3.00 0.00 7.00 13.00 22.00 16.00 16.00 13.00 0.00 0.00 0.00 0.00 0.00
57.00 30.00 34.00 78.00 151.00 44.00 73.00 0.09 1.44 0.00 2.00 0.00 7.00 13.00 23.00 17.00 19.00 11.00 0.00 0.00 1.00 0.00 0.00
58.00 27.00 28.00 64.00 135.00 36.00 71.00 0.08 1.88 0.00 3.00 0.00 9.00 16.00 18.00 11.00 16.00 11.00 0.00 0.00 0.00 0.00 0.00
59.00 30.00 32.00 85.00 155.00 53.00 70.00 0.09 0.83 0.00 2.00 0.00 8.00 14.00 22.00 16.00 17.00 13.00 0.00 0.00 0.00 0.00 0.00
60.00 24.00 25.00 65.00 126.00 40.00 61.00 0.08 0.74 0.00 2.00 0.00 6.00 12.00 18.00 12.00 16.00 8.00 0.00 0.00 0.00 0.00 0.00
61.00 21.00 19.00 52.00 103.00 33.00 51.00 0.07 1.49 0.00 1.00 0.00 7.00 12.00 14.00 9.00 14.00 7.00 0.00 0.00 0.00 0.00 0.00
62.00 30.00 30.00 79.00 155.00 49.00 76.00 0.08 0.85 0.00 3.00 0.00 7.00 14.00 23.00 16.00 20.00 10.00 0.00 0.00 0.00 0.00 0.00
63.00 25.00 25.00 70.00 125.00 45.00 55.00 0.08 1.29 0.00 2.00 0.00 5.00 10.00 20.00 15.00 13.00 12.00 0.00 0.00 0.00 0.00 0.00
64.00 33.00 44.00 95.00 157.00 51.00 62.00 0.08 0.85 0.00 2.00 0.00 8.00 16.00 25.00 17.00 22.00 11.00 1.00 0.00 1.00 0.00 0.00
65.00 30.00 37.00 86.00 160.00 49.00 74.00 0.08 0.86 0.00 3.00 0.00 8.00 16.00 22.00 14.00 24.00 6.00 1.00 0.00 1.00 0.00 0.00
66.00 23.00 24.00 61.00 117.00 37.00 56.00 0.08 0.74 0.00 2.00 0.00 4.00 11.00 19.00 12.00 16.00 7.00 1.00 0.00 0.00 1.00 0.00
67.00 28.00 27.00 78.00 144.00 51.00 66.00 0.09 1.71 0.00 2.00 0.00 5.00 11.00 23.00 17.00 16.00 12.00 1.00 0.00 0.00 0.00 0.00
68.00 31.00 26.00 85.00 147.00 59.00 62.00 0.09 1.25 0.00 2.00 0.00 6.00 16.00 25.00 15.00 23.00 8.00 1.00 0.00 1.00 0.00 0.00
69.00 30.00 34.00 87.00 139.00 53.00 52.00 0.08 1.65 1.00 4.00 0.25 6.00 13.00 24.00 17.00 17.00 13.00 1.00 0.00 0.00 0.00 0.00
70.00 31.00 39.00 87.00 158.00 48.00 71.00 0.10 1.21 1.00 5.00 0.20 6.00 13.00 25.00 18.00 20.00 11.00 0.00 0.00 0.00 0.00 0.00
71.00 36.00 49.00 101.00 186.00 52.00 85.00 0.08 1.44 1.00 4.00 0.25 9.00 15.00 27.00 21.00 21.00 15.00 1.00 0.00 0.00 0.00 0.00
72.00 30.00 36.00 88.00 158.00 52.00 70.00 0.08 0.69 1.00 4.00 0.25 4.00 10.00 26.00 20.00 17.00 13.00 0.00 0.00 0.00 0.00 0.00
73.00 30.00 46.00 94.00 157.00 48.00 63.00 0.09 0.67 0.00 3.00 0.00 4.00 10.00 26.00 20.00 17.00 13.00 0.00 0.00 0.00 0.00 0.00
74.00 24.00 34.00 73.00 123.00 39.00 50.00 0.08 0.68 1.00 3.00 0.33 7.00 11.00 17.00 13.00 15.00 9.00 1.00 0.00 0.00 0.00 0.00
75.00 33.00 45.00 103.00 176.00 58.00 73.00 0.08 1.34 1.00 2.00 0.50 5.00 14.00 28.00 19.00 19.00 14.00 1.00 0.00 0.00 0.00 0.00
76.00 35.00 37.00 100.00 178.00 63.00 78.00 0.09 1.60 0.00 4.00 0.00 7.00 15.00 28.00 20.00 23.00 12.00 0.00 0.00 0.00 0.00 0.00
77.00 32.00 44.00 92.00 159.00 48.00 67.00 0.09 1.83 0.00 3.00 0.00 9.00 15.00 23.00 17.00 19.00 13.00 1.00 0.00 1.00 0.00 0.00
78.00 37.00 49.00 115.00 193.00 66.00 78.00 0.08 1.40 0.00 2.00 0.00 10.00 17.00 27.00 20.00 24.00 13.00 0.00 0.00 0.00 0.00 0.00
79.00 28.00 33.00 69.00 135.00 36.00 66.00 0.09 2.36 0.00 3.00 0.00 7.00 16.00 21.00 12.00 18.00 10.00 0.00 0.00 0.00 0.00 0.00
80.00 27.00 31.00 83.00 139.00 52.00 56.00 0.09 0.85 0.00 2.00 0.00 4.00 14.00 23.00 13.00 17.00 10.00 0.00 0.00 0.00 0.00 0.00
81.00 23.00 19.00 54.00 114.00 35.00 60.00 0.08 1.36 0.00 3.00 0.00 5.00 9.00 18.00 14.00 13.00 10.00 0.00 0.00 0.00 0.00 0.00
82.00 30.00 23.00 82.00 149.00 59.00 67.00 0.09 1.26 0.00 3.00 0.00 7.00 13.00 23.00 17.00 21.00 9.00 0.00 0.00 0.00 0.00 0.00
83.00 30.00 38.00 84.00 149.00 46.00 65.00 0.09 1.22 0.00 3.00 0.00 8.00 13.00 22.00 17.00 20.00 10.00 0.00 0.00 0.00 0.00 0.00
84.00 23.00 22.00 63.00 113.00 41.00 50.00 0.08 1.31 0.00 4.00 0.00 4.00 11.00 19.00 12.00 15.00 8.00 0.00 0.00 0.00 0.00 0.00
85.00 23.00 25.00 61.00 113.00 36.00 52.00 0.08 1.88 0.00 3.00 0.00 6.00 9.00 17.00 14.00 12.00 11.00 0.00 0.00 0.00 0.00 0.00
86.00 19.00 16.00 48.00 94.00 32.00 46.00 0.08 1.45 0.00 3.00 0.00 5.00 11.00 14.00 8.00 16.00 3.00 0.00 0.00 0.00 0.00 0.00
87.00 28.00 37.00 77.00 132.00 40.00 55.00 0.08 2.50 0.00 2.00 0.00 9.00 13.00 19.00 15.00 18.00 10.00 0.00 0.00 0.00 0.00 0.00
88.00 28.00 35.00 74.00 141.00 39.00 67.00 0.07 1.67 0.00 2.00 0.00 8.00 14.00 20.00 14.00 22.00 6.00 0.00 0.00 0.00 0.00 0.00
89.00 24.00 27.00 62.00 111.00 35.00 49.00 0.09 1.89 0.00 2.00 0.00 6.00 11.00 18.00 13.00 15.00 9.00 0.00 0.00 0.00 0.00 0.00
90.00 23.00 31.00 63.00 112.00 32.00 49.00 0.09 1.85 0.00 3.00 0.00 8.00 12.00 15.00 11.00 16.00 7.00 0.00 0.00 0.00 0.00 0.00
91.00 25.00 38.00 71.00 125.00 33.00 54.00 0.08 1.35 0.00 3.00 0.00 8.00 13.00 17.00 12.00 16.00 9.00 0.00 0.00 2.00 0.00 0.00
92.00 20.00 19.00 53.00 104.00 34.00 51.00 0.08 0.45 0.00 2.00 0.00 4.00 7.00 16.00 13.00 12.00 8.00 0.00 0.00 0.00 0.00 0.00
93.00 15.00 11.00 34.00 77.00 23.00 43.00 0.09 0.43 0.00 1.00 0.00 6.00 9.00 9.00 6.00 12.00 3.00 0.00 0.00 0.00 0.00 0.00
94.00 15.00 15.00 35.00 75.00 20.00 40.00 0.10 1.37 1.00 2.00 0.50 4.00 7.00 11.00 8.00 12.00 3.00 0.00 0.00 0.00 0.00 0.00
95.00 20.00 13.00 44.00 88.00 31.00 44.00 0.09 1.86 0.00 1.00 0.00 4.00 10.00 16.00 10.00 12.00 8.00 0.00 0.00 1.00 0.00 0.00
96.00 19.00 15.00 45.00 92.00 30.00 47.00 0.10 1.96 0.00 1.00 0.00 5.00 10.00 14.00 9.00 14.00 5.00 0.00 0.00 1.00 0.00 0.00
97.00 24.00 29.00 59.00 111.00 30.00 52.00 0.07 1.16 0.00 1.00 0.00 8.00 14.00 16.00 10.00 18.00 6.00 0.00 0.00 0.00 0.00 0.00
98.00 16.00 12.00 35.00 70.00 23.00 35.00 0.09 0.53 0.00 1.00 0.00 3.00 8.00 13.00 8.00 12.00 4.00 0.00 0.00 0.00 0.00 0.00
99.00 16.00 15.00 38.00 77.00 23.00 39.00 0.10 0.49 0.00 0.00 0.00 4.00 8.00 12.00 8.00 8.00 8.00 0.00 0.00 0.00 0.00 0.00
100.00 17.00 16.00 44.00 83.00 28.00 39.00 0.09 0.48 0.00 1.00 0.00 5.00 10.00 12.00 7.00 13.00 4.00 0.00 0.00 0.00 0.00 0.00
101.00 23.00 27.00 56.00 111.00 29.00 55.00 0.09 0.60 0.00 1.00 0.00 8.00 11.00 15.00 12.00 16.00 7.00 0.00 0.00 0.00 0.00 0.00
102.00 14.00 18.00 40.00 67.00 22.00 27.00 0.08 0.35 0.00 1.00 0.00 4.00 10.00 10.00 4.00 12.00 2.00 0.00 0.00 0.00 0.00 0.00
103.00 9.00 3.00 13.00 36.00 10.00 23.00 0.09 0.25 0.00 1.00 0.00 4.00 7.00 5.00 2.00 7.00 2.00 0.00 0.00 0.00 0.00 0.00
104.00 9.00 4.00 17.00 44.00 13.00 27.00 0.08 0.32 0.00 1.00 0.00 3.00 5.00 6.00 4.00 8.00 1.00 0.00 0.00 0.00 0.00 0.00
105.00 16.00 16.00 38.00 72.00 22.00 34.00 0.10 0.45 0.00 1.00 0.00 5.00 12.00 11.00 4.00 15.00 1.00 0.00 0.00 0.00 0.00 0.00
106.00 10.00 6.00 17.00 41.00 11.00 24.00 0.09 0.36 0.00 1.00 0.00 4.00 6.00 6.00 4.00 9.00 1.00 0.00 0.00 0.00 0.00 0.00
107.00 7.00 1.00 10.00 30.00 9.00 20.00 0.09 0.23 0.00 1.00 0.00 3.00 6.00 4.00 1.00 7.00 0.00 0.00 0.00 0.00 0.00 0.00
108.00 12.00 8.00 20.00 49.00 12.00 29.00 0.09 0.37 0.00 1.00 0.00 5.00 9.00 7.00 3.00 11.00 1.00 0.00 0.00 0.00 0.00 0.00
109.00 4.00 0.00 1.00 13.00 1.00 12.00 0.10 0.23 0.00 0.00 0.00 2.00 4.00 2.00 0.00 4.00 0.00 0.00 0.00 0.00 0.00 0.00
110.00 13.00 8.00 28.00 60.00 20.00 32.00 0.09 0.47 0.00 0.00 0.00 4.00 5.00 9.00 8.00 10.00 3.00 0.00 0.00 0.00 0.00 0.00
111.00 17.00 14.00 38.00 78.00 24.00 40.00 0.08 0.53 0.00 1.00 0.00 7.00 9.00 10.00 8.00 13.00 4.00 0.00 0.00 0.00 0.00 0.00
112.00 16.00 13.00 39.00 77.00 26.00 38.00 0.07 0.33 0.00 0.00 0.00 6.00 11.00 10.00 5.00 13.00 3.00 0.00 0.00 0.00 0.00 0.00
113.00 7.00 3.00 10.00 33.00 7.00 23.00 0.09 0.19 0.00 1.00 0.00 2.00 3.00 5.00 4.00 7.00 0.00 0.00 0.00 0.00 0.00 0.00
114.00 7.00 2.00 11.00 29.00 9.00 18.00 0.09 0.24 0.00 1.00 0.00 4.00 6.00 3.00 1.00 6.00 1.00 0.00 0.00 0.00 0.00 0.00
115.00 15.00 13.00 35.00 69.00 22.00 34.00 0.10 0.35 0.00 1.00 0.00 5.00 9.00 10.00 6.00 13.00 2.00 0.00 0.00 0.00 0.00 0.00
116.00 11.00 5.00 21.00 49.00 16.00 28.00 0.09 1.70 0.00 1.00 0.00 4.00 7.00 7.00 4.00 11.00 0.00 0.00 0.00 0.00 0.00 0.00
117.00 11.00 5.00 20.00 48.00 15.00 28.00 0.07 1.67 0.00 1.00 0.00 5.00 7.00 6.00 4.00 10.00 1.00 0.00 0.00 0.00 0.00 0.00
118.00 6.00 0.00 4.00 26.00 4.00 22.00 0.09 0.43 0.00 1.00 0.00 3.00 5.00 3.00 1.00 6.00 0.00 0.00 0.00 0.00 0.00 0.00
119.00 12.00 6.00 20.00 51.00 14.00 31.00 0.08 0.56 0.00 1.00 0.00 3.00 7.00 9.00 5.00 9.00 3.00 0.00 0.00 0.00 0.00 0.00
120.00 15.00 8.00 18.00 57.00 10.00 39.00 0.08 1.62 0.00 1.00 0.00 6.00 9.00 9.00 6.00 12.00 3.00 0.00 0.00 0.00 0.00 0.00
121.00 10.00 6.00 18.00 42.00 12.00 24.00 0.10 0.38 0.00 1.00 0.00 4.00 8.00 6.00 2.00 9.00 1.00 0.00 0.00 0.00 0.00 0.00
122.00 9.00 1.00 15.00 42.00 14.00 27.00 0.08 0.36 0.00 0.00 0.00 2.00 5.00 7.00 4.00 6.00 3.00 0.00 0.00 0.00 0.00 0.00
123.00 11.00 3.00 18.00 47.00 15.00 29.00 0.08 0.45 0.00 0.00 0.00 4.00 6.00 7.00 5.00 9.00 2.00 0.00 0.00 0.00 0.00 0.00
124.00 8.00 6.00 17.00 40.00 11.00 23.00 0.09 0.23 0.00 0.00 0.00 2.00 4.00 6.00 4.00 5.00 3.00 0.00 0.00 0.00 0.00 0.00
125.00 10.00 5.00 20.00 49.00 15.00 29.00 0.09 0.31 0.00 1.00 0.00 3.00 7.00 7.00 3.00 9.00 1.00 0.00 0.00 0.00 0.00 0.00
126.00 8.00 5.00 14.00 37.00 9.00 23.00 0.08 0.31 0.00 1.00 0.00 4.00 7.00 4.00 1.00 7.00 1.00 0.00 0.00 0.00 0.00 0.00
127.00 11.00 8.00 26.00 53.00 18.00 27.00 0.09 0.31 0.00 1.00 0.00 2.00 5.00 9.00 6.00 7.00 4.00 0.00 0.00 0.00 0.00 0.00
128.00 7.00 2.00 10.00 29.00 8.00 19.00 0.08 0.24 0.00 0.00 0.00 3.00 4.00 4.00 3.00 7.00 0.00 0.00 0.00 0.00 0.00 0.00
129.00 11.00 7.00 19.00 47.00 12.00 28.00 0.10 0.50 0.00 0.00 0.00 3.00 6.00 8.00 5.00 9.00 2.00 0.00 0.00 0.00 0.00 0.00
130.00 15.00 8.00 32.00 73.00 24.00 41.00 0.08 0.41 0.00 0.00 0.00 6.00 9.00 9.00 6.00 10.00 5.00 0.00 0.00 0.00 0.00 0.00
131.00 17.00 7.00 35.00 78.00 28.00 43.00 0.07 1.37 0.00 0.00 0.00 8.00 11.00 9.00 6.00 13.00 4.00 0.00 0.00 0.00 0.00 0.00
132.00 11.00 7.00 23.00 54.00 16.00 31.00 0.08 0.47 0.00 0.00 0.00 5.00 8.00 6.00 3.00 10.00 1.00 0.00 0.00 0.00 0.00 0.00
133.00 9.00 4.00 16.00 40.00 12.00 24.00 0.09 0.56 0.00 0.00 0.00 1.00 3.00 8.00 6.00 5.00 4.00 0.00 0.00 0.00 0.00 0.00
134.00 10.00 5.00 14.00 39.00 9.00 25.00 0.08 3.12 0.00 0.00 0.00 5.00 8.00 5.00 2.00 9.00 1.00 0.00 0.00 0.00 0.00 0.00
135.00 5.00 0.00 4.00 19.00 4.00 15.00 0.08 0.30 0.00 0.00 0.00 2.00 4.00 3.00 1.00 4.00 1.00 0.00 0.00 0.00 0.00 0.00
136.00 11.00 6.00 19.00 47.00 13.00 28.00 0.07 0.45 0.00 0.00 0.00 5.00 7.00 6.00 4.00 9.00 2.00 0.00 0.00 0.00 0.00 0.00
137.00 7.00 5.00 15.00 32.00 10.00 17.00 0.09 0.23 0.00 0.00 0.00 6.00 6.00 1.00 1.00 6.00 1.00 0.00 0.00 0.00 0.00 0.00
138.00 4.00 0.00 2.00 14.00 2.00 12.00 0.08 0.32 0.00 0.00 0.00 2.00 4.00 2.00 0.00 4.00 0.00 0.00 0.00 0.00 0.00 0.00
139.00 8.00 3.00 12.00 33.00 9.00 21.00 0.08 0.40 0.00 0.00 0.00 3.00 6.00 5.00 2.00 7.00 1.00 0.00 0.00 0.00 0.00 0.00
140.00 3.00 0.00 1.00 11.00 1.00 10.00 0.06 0.13 0.00 0.00 0.00 2.00 3.00 1.00 0.00 3.00 0.00 0.00 0.00 0.00 0.00 0.00
141.00 4.00 0.00 1.00 9.00 1.00 8.00 0.08 0.28 0.00 0.00 0.00 2.00 4.00 2.00 0.00 4.00 0.00 0.00 0.00 0.00 0.00 0.00
142.00 3.00 0.00 0.00 10.00 0.00 10.00 0.09 0.15 0.00 0.00 0.00 2.00 3.00 1.00 0.00 3.00 0.00 0.00 0.00 0.00 0.00 0.00
