0.00 4.00 0.00 0.00 10.00 0.00 10.00 0.06 0.23 0.00 0.00 0.00 2.00 4.00 2.00 0.00 4.00 0.00 0.00 0.00 0.00 0.00 0.00
1.00 4.00 0.00 0.00 6.00 0.00 6.00 0.09 0.34 0.00 0.00 0.00 2.00 4.00 2.00 0.00 4.00 0.00 0.00 0.00 0.00 0.00 0.00
2.00 3.00 0.00 0.00 3.00 0.00 3.00 0.09 0.16 0.00 0.00 0.00 2.00 3.00 1.00 0.00 3.00 0.00 0.00 0.00 0.00 0.00 0.00
3.00 5.00 0.00 4.00 19.00 4.00 15.00 0.08 0.28 0.00 0.00 0.00 3.00 4.00 2.00 1.00 5.00 0.00 0.00 0.00 0.00 0.00 0.00
4.00 6.00 1.00 8.00 26.00 7.00 18.00 0.09 0.24 0.00 0.00 0.00 3.00 5.00 3.00 1.00 6.00 0.00 0.00 0.00 0.00 0.00 0.00
5.00 3.00 0.00 1.00 7.00 1.00 6.00 0.08 0.24 0.00 0.00 0.00 2.00 3.00 1.00 0.00 3.00 0.00 0.00 0.00 0.00 0.00 0.00
6.00 9.00 5.00 17.00 38.00 12.00 21.00 0.06 0.45 0.00 0.00 0.00 3.00 6.00 6.00 3.00 7.00 2.00 0.00 0.00 0.00 0.00 0.00
7.00 3.00 0.00 1.00 7.00 1.00 6.00 0.09 0.22 0.00 0.00 0.00 2.00 3.00 1.00 0.00 3.00 0.00 0.00 0.00 0.00 0.00 0.00
8.00 6.00 2.00 6.00 28.00 4.00 22.00 0.07 0.28 0.00 0.00 0.00 4.00 5.00 2.00 1.00 5.00 1.00 0.00 0.00 0.00 0.00 0.00
9.00 6.00 0.00 2.00 16.00 2.00 14.00 0.08 0.48 0.00 0.00 0.00 3.00 5.00 3.00 1.00 6.00 0.00 0.00 0.00 0.00 0.00 0.00
10.00 7.00 0.00 8.00 33.00 8.00 25.00 0.09 0.57 0.00 0.00 0.00 2.00 7.00 5.00 0.00 7.00 0.00 0.00 0.00 0.00 0.00 0.00
11.00 12.00 8.00 26.00 58.00 18.00 32.00 0.08 0.53 0.00 0.00 0.00 3.00 9.00 9.00 3.00 11.00 1.00 0.00 0.00 0.00 0.00 0.00
12.00 10.00 4.00 17.00 44.00 13.00 27.00 0.09 0.56 0.00 0.00 0.00 2.00 6.00 8.00 4.00 8.00 2.00 0.00 0.00 0.00 0.00 0.00
13.00 8.00 3.00 15.00 38.00 12.00 23.00 0.08 0.34 0.00 0.00 0.00 2.00 4.00 6.00 4.00 5.00 3.00 0.00 0.00 0.00 0.00 0.00
14.00 4.00 0.00 4.00 16.00 4.00 12.00 0.09 0.23 0.00 1.00 0.00 3.00 3.00 1.00 1.00 4.00 0.00 0.00 0.00 0.00 0.00 0.00
15.00 12.00 14.00 27.00 54.00 13.00 27.00 0.08 0.34 0.00 1.00 0.00 6.00 8.00 6.00 4.00 10.00 2.00 0.00 0.00 0.00 0.00 0.00
16.00 3.00 0.00 1.00 4.00 1.00 3.00 0.08 0.17 0.00 0.00 0.00 2.00 3.00 1.00 0.00 3.00 0.00 0.00 0.00 0.00 0.00 0.00
17.00 11.00 5.00 21.00 47.00 16.00 26.00 0.09 0.70 0.00 0.00 0.00 3.00 7.00 8.00 4.00 10.00 1.00 0.00 0.00 0.00 0.00 0.00
18.00 12.00 12.00 26.00 57.00 14.00 31.00 0.09 0.43 0.00 0.00 0.00 4.00 7.00 8.00 5.00 11.00 1.00 0.00 0.00 0.00 0.00 0.00
19.00 12.00 10.00 30.00 55.00 20.00 25.00 0.08 0.42 0.00 0.00 0.00 4.00 8.00 8.00 4.00 9.00 3.00 0.00 0.00 0.00 0.00 0.00
20.00 12.00 10.00 29.00 57.00 19.00 28.00 0.09 0.37 0.00 1.00 0.00 4.00 7.00 8.00 5.00 11.00 1.00 0.00 0.00 0.00 0.00 0.00
21.00 4.00 0.00 2.00 9.00 2.00 7.00 0.09 0.53 0.00 0.00 0.00 3.00 3.00 1.00 1.00 4.00 0.00 0.00 0.00 0.00 0.00 0.00
22.00 10.00 7.00 21.00 46.00 14.00 25.00 0.10 0.36 0.00 1.00 0.00 2.00 5.00 8.00 5.00 6.00 4.00 0.00 0.00 0.00 0.00 0.00
23.00 6.00 2.00 8.00 25.00 6.00 17.00 0.10 0.29 0.00 1.00 0.00 2.00 4.00 4.00 2.00 6.00 0.00 0.00 0.00 0.00 0.00 0.00
24.00 12.00 10.00 29.00 56.00 19.00 27.00 0.10 0.39 0.00 1.00 0.00 3.00 8.00 9.00 4.00 10.00 2.00 0.00 0.00 0.00 0.00 0.00
25.00 7.00 1.00 10.00 31.00 9.00 21.00 0.08 0.21 0.00 0.00 0.00 2.00 4.00 5.00 3.00 6.00 1.00 0.00 0.00 0.00 0.00 0.00
26.00 5.00 1.00 7.00 21.00 6.00 14.00 0.09 0.29 0.00 0.00 0.00 2.00 5.00 3.00 0.00 5.00 0.00 0.00 0.00 0.00 0.00 0.00
27.00 9.00 4.00 16.00 40.00 12.00 24.00 0.08 0.39 0.00 0.00 0.00 4.00 4.00 5.00 5.00 8.00 1.00 0.00 0.00 0.00 0.00 0.00
28.00 13.00 13.00 32.00 61.00 19.00 29.00 0.07 0.35 0.00 1.00 0.00 3.00 6.00 10.00 7.00 6.00 7.00 0.00 0.00 0.00 0.00 0.00
29.00 11.00 9.00 23.00 52.00 14.00 29.00 0.08 0.39 0.00 1.00 0.00 3.00 6.00 8.00 5.00 10.00 1.00 0.00 0.00 0.00 0.00 0.00
30.00 14.00 14.00 34.00 66.00 20.00 32.00 0.10 0.45 0.00 1.00 0.00 4.00 8.00 10.00 6.00 11.00 3.00 0.00 0.00 0.00 0.00 0.00
31.00 12.00 11.00 25.00 52.00 14.00 27.00 0.10 0.44 0.00 1.00 0.00 1.00 6.00 11.00 6.00 8.00 4.00 0.00 0.00 0.00 0.00 0.00
32.00 13.00 15.00 33.00 66.00 18.00 33.00 0.08 2.81 0.00 1.00 0.00 4.00 7.00 9.00 6.00 12.00 1.00 0.00 0.00 0.00 0.00 0.00
33.00 16.00 17.00 40.00 76.00 23.00 36.00 0.10 4.26 0.00 1.00 0.00 3.00 8.00 13.00 8.00 12.00 4.00 0.00 0.00 0.00 0.00 0.00
34.00 14.00 20.00 37.00 67.00 17.00 30.00 0.07 1.63 0.00 1.00 0.00 4.00 7.00 10.00 7.00 8.00 6.00 0.00 0.00 0.00 0.00 0.00
35.00 11.00 8.00 23.00 53.00 15.00 30.00 0.08 3.17 0.00 1.00 0.00 4.00 4.00 7.00 7.00 6.00 5.00 0.00 0.00 0.00 0.00 0.00
36.00 13.00 14.00 28.00 60.00 14.00 32.00 0.10 3.71 0.00 1.00 0.00 2.00 3.00 11.00 10.00 9.00 4.00 0.00 0.00 0.00 0.00 0.00
37.00 12.00 12.00 26.00 54.00 14.00 28.00 0.08 3.17 0.00 1.00 0.00 3.00 9.00 9.00 3.00 10.00 2.00 0.00 0.00 0.00 0.00 0.00
38.00 12.00 10.00 27.00 54.00 17.00 27.00 0.08 3.73 0.00 1.00 0.00 4.00 5.00 8.00 7.00 8.00 4.00 0.00 0.00 0.00 0.00 0.00
39.00 10.00 9.00 22.00 46.00 13.00 24.00 0.07 1.99 0.00 1.00 0.00 3.00 3.00 7.00 7.00 7.00 3.00 0.00 0.00 0.00 0.00 0.00
40.00 16.00 19.00 41.00 78.00 22.00 37.00 0.07 1.43 0.00 0.00 0.00 6.00 9.00 10.00 7.00 12.00 4.00 0.00 0.00 0.00 0.00 0.00
41.00 14.00 14.00 31.00 67.00 17.00 36.00 0.08 2.63 0.00 1.00 0.00 5.00 8.00 9.00 6.00 12.00 2.00 0.00 0.00 0.00 0.00 0.00
42.00 16.00 16.00 42.00 74.00 26.00 32.00 0.08 3.03 0.00 1.00 0.00 6.00 10.00 10.00 6.00 12.00 4.00 0.00 0.00 0.00 0.00 0.00
43.00 15.00 17.00 38.00 74.00 21.00 36.00 0.10 1.41 0.00 1.00 0.00 3.00 7.00 12.00 8.00 12.00 3.00 0.00 0.00 0.00 0.00 0.00
44.00 19.00 13.00 46.00 91.00 33.00 45.00 0.08 2.79 0.00 1.00 0.00 4.00 10.00 15.00 9.00 15.00 4.00 0.00 0.00 0.00 0.00 0.00
45.00 18.00 15.00 41.00 81.00 26.00 40.00 0.10 2.73 0.00 1.00 0.00 8.00 14.00 10.00 4.00 15.00 3.00 0.00 0.00 0.00 0.00 0.00
46.00 20.00 18.00 50.00 98.00 32.00 48.00 0.07 3.53 0.00 2.00 0.00 6.00 10.00 14.00 10.00 14.00 6.00 0.00 0.00 0.00 0.00 0.00
47.00 17.00 22.00 44.00 84.00 22.00 40.00 0.08 2.99 0.00 3.00 0.00 3.00 9.00 14.00 8.00 12.00 5.00 0.00 0.00 0.00 0.00 0.00
48.00 20.00 20.00 46.00 97.00 26.00 51.00 0.08 4.07 0.00 2.00 0.00 4.00 9.00 16.00 11.00 12.00 8.00 0.00 0.00 0.00 0.00 0.00
49.00 23.00 27.00 61.00 122.00 34.00 61.00 0.09 3.38 0.00 2.00 0.00 4.00 8.00 19.00 15.00 13.00 10.00 0.00 0.00 0.00 0.00 0.00
50.00 20.00 27.00 52.00 99.00 25.00 47.00 0.07 4.29 0.00 2.00 0.00 5.00 11.00 15.00 9.00 16.00 4.00 0.00 0.00 0.00 0.00 0.00
51.00 20.00 25.00 52.00 102.00 27.00 50.00 0.07 3.62 0.00 2.00 0.00 4.00 7.00 16.00 13.00 11.00 9.00 0.00 0.00 0.00 0.00 0.00
52.00 23.00 30.00 56.00 115.00 26.00 59.00 0.09 3.36 0.00 2.00 0.00 4.00 8.00 19.00 15.00 14.00 9.00 0.00 0.00 1.00 0.00 0.00
53.00 21.00 21.00 55.00 98.00 34.00 43.00 0.11 3.53 0.00 1.00 0.00 9.00 13.00 12.00 8.00 16.00 5.00 0.00 0.00 0.00 0.00 0.00
54.00 13.00 10.00 30.00 68.00 20.00 38.00 0.08 1.64 0.00 2.00 0.00 2.00 6.00 11.00 7.00 8.00 5.00 0.00 0.00 0.00 0.00 0.00
55.00 22.00 27.00 64.00 114.00 37.00 50.00 0.08 2.41 0.00 2.00 0.00 6.00 11.00 16.00 11.00 14.00 8.00 0.00 0.00 0.00 0.00 0.00
56.00 12.00 10.00 29.00 61.00 19.00 32.00 0.08 1.66 0.00 2.00 0.00 2.00 5.00 10.00 7.00 6.00 6.00 0.00 0.00 0.00 0.00 0.00
57.00 19.00 28.00 53.00 93.00 25.00 40.00 0.09 2.66 0.00 2.00 0.00 6.00 12.00 13.00 7.00 16.00 3.00 0.00 0.00 0.00 0.00 0.00
58.00 21.00 29.00 58.00 103.00 29.00 45.00 0.09 2.59 0.00 1.00 0.00 7.00 11.00 14.00 10.00 15.00 6.00 0.00 0.00 1.00 0.00 0.00
59.00 19.00 20.00 52.00 95.00 32.00 43.00 0.09 3.29 0.00 2.00 0.00 4.00 6.00 15.00 13.00 10.00 9.00 0.00 0.00 0.00 0.00 0.00
60.00 10.00 9.00 22.00 45.00 13.00 23.00 0.09 2.07 0.00 1.00 0.00 0.00 4.00 10.00 6.00 6.00 4.00 0.00 0.00 1.00 0.00 0.00
61.00 18.00 18.00 51.00 89.00 33.00 38.00 0.08 2.07 0.00 1.00 0.00 5.00 10.00 13.00 8.00 12.00 6.00 0.00 0.00 0.00 0.00 0.00
62.00 15.00 12.00 39.00 79.00 27.00 40.00 0.09 3.78 0.00 2.00 0.00 2.00 8.00 13.00 7.00 10.00 5.00 0.00 0.00 1.00 0.00 0.00
63.00 19.00 20.00 47.00 87.00 27.00 40.00 0.07 3.44 0.00 2.00 0.00 4.00 10.00 15.00 9.00 10.00 9.00 0.00 0.00 1.00 0.00 0.00
64.00 21.00 21.00 54.00 104.00 33.00 50.00 0.08 2.97 0.00 2.00 0.00 7.00 13.00 14.00 8.00 18.00 3.00 0.00 0.00 0.00 0.00 0.00
65.00 19.00 24.00 51.00 92.00 27.00 41.00 0.07 4.02 0.00 1.00 0.00 4.00 6.00 15.00 13.00 8.00 11.00 0.00 0.00 0.00 0.00 0.00
66.00 24.00 30.00 57.00 109.00 27.00 52.00 0.08 4.46 0.00 2.00 0.00 8.00 12.00 16.00 12.00 15.00 9.00 0.00 0.00 0.00 0.00 0.00
67.00 10.00 8.00 21.00 46.00 13.00 25.00 0.08 0.47 0.00 0.00 0.00 3.00 5.00 7.00 5.00 6.00 4.00 0.00 0.00 0.00 0.00 0.00
68.00 18.00 20.00 47.00 86.00 27.00 39.00 0.09 4.26 0.00 2.00 0.00 5.00 6.00 13.00 12.00 10.00 8.00 0.00 0.00 0.00 0.00 0.00
69.00 17.00 24.00 50.00 84.00 26.00 34.00 0.09 4.59 0.00 2.00 0.00 4.00 10.00 13.00 7.00 11.00 6.00 0.00 0.00 0.00 0.00 0.00
70.00 19.00 24.00 52.00 93.00 28.00 41.00 0.08 4.63 0.00 2.00 0.00 4.00 9.00 15.00 10.00 11.00 8.00 0.00 0.00 0.00 0.00 0.00
71.00 20.00 17.00 50.00 97.00 33.00 47.00 0.08 4.38 0.00 2.00 0.00 4.00 12.00 16.00 8.00 16.00 4.00 0.00 0.00 0.00 0.00 0.00
72.00 24.00 34.00 64.00 115.00 30.00 51.00 0.08 4.17 0.00 1.00 0.00 5.00 10.00 19.00 14.00 13.00 11.00 0.00 0.00 0.00 0.00 0.00
73.00 22.00 23.00 53.00 102.00 30.00 49.00 0.07 4.21 0.00 2.00 0.00 7.00 10.00 15.00 12.00 17.00 5.00 0.00 0.00 0.00 0.00 0.00
74.00 19.00 27.00 53.00 93.00 26.00 40.00 0.08 4.64 0.00 1.00 0.00 2.00 13.00 17.00 6.00 15.00 4.00 0.00 0.00 0.00 0.00 0.00
75.00 23.00 29.00 62.00 116.00 33.00 54.00 0.08 4.61 0.00 2.00 0.00 4.00 7.00 19.00 16.00 13.00 10.00 0.00 0.00 0.00 0.00 0.00
76.00 21.00 21.00 54.00 108.00 33.00 54.00 0.08 4.37 0.00 3.00 0.00 7.00 7.00 14.00 14.00 12.00 9.00 0.00 0.00 0.00 0.00 0.00
77.00 25.00 26.00 69.00 129.00 43.00 60.00 0.09 4.89 0.00 2.00 0.00 5.00 11.00 20.00 14.00 15.00 10.00 0.00 0.00 1.00 0.00 0.00
78.00 20.00 27.00 57.00 104.00 30.00 47.00 0.08 4.55 0.00 1.00 0.00 4.00 7.00 16.00 13.00 8.00 12.00 0.00 0.00 0.00 0.00 0.00
79.00 18.00 17.00 41.00 85.00 24.00 44.00 0.09 4.30 0.00 2.00 0.00 4.00 11.00 14.00 7.00 14.00 4.00 0.00 0.00 0.00 0.00 0.00
80.00 27.00 32.00 65.00 128.00 33.00 63.00 0.10 3.94 0.00 3.00 0.00 4.00 9.00 23.00 18.00 17.00 10.00 0.00 0.00 0.00 0.00 0.00
81.00 21.00 28.00 57.00 99.00 29.00 42.00 0.08 3.93 0.00 3.00 0.00 4.00 11.00 17.00 10.00 14.00 7.00 0.00 0.00 0.00 0.00 0.00
82.00 22.00 21.00 53.00 105.00 32.00 52.00 0.08 1.43 0.00 3.00 0.00 6.00 9.00 16.00 13.00 14.00 8.00 0.00 0.00 0.00 0.00 0.00
83.00 21.00 26.00 54.00 105.00 28.00 51.00 0.09 2.46 0.00 1.00 0.00 3.00 8.00 18.00 13.00 13.00 8.00 0.00 0.00 0.00 0.00 0.00
84.00 20.00 24.00 54.00 100.00 30.00 46.00 0.08 4.09 0.00 3.00 0.00 3.00 8.00 17.00 12.00 14.00 6.00 0.00 0.00 0.00 0.00 0.00
85.00 22.00 31.00 60.00 102.00 29.00 42.00 0.07 3.80 0.00 2.00 0.00 3.00 9.00 19.00 13.00 12.00 10.00 0.00 0.00 0.00 0.00 0.00
86.00 23.00 28.00 63.00 112.00 35.00 49.00 0.08 3.35 0.00 2.00 0.00 8.00 13.00 15.00 10.00 15.00 8.00 0.00 0.00 0.00 0.00 0.00
87.00 21.00 26.00 57.00 103.00 31.00 46.00 0.09 4.11 0.00 2.00 0.00 6.00 7.00 15.00 14.00 14.00 7.00 0.00 0.00 0.00 1.00 0.00
88.00 18.00 18.00 42.00 94.00 24.00 52.00 0.10 4.75 0.00 2.00 0.00 4.00 8.00 14.00 10.00 10.00 8.00 0.00 0.00 0.00 0.00 0.00
89.00 25.00 26.00 65.00 122.00 39.00 57.00 0.09 3.70 1.00 1.00 1.00 9.00 13.00 16.00 12.00 15.00 10.00 0.00 0.00 0.00 0.00 0.00
90.00 25.00 24.00 60.00 124.00 36.00 64.00 0.09 2.89 0.00 2.00 0.00 9.00 10.00 16.00 15.00 18.00 7.00 0.00 0.00 0.00 0.00 0.00
91.00 21.00 18.00 50.00 99.00 32.00 49.00 0.08 3.26 0.00 2.00 0.00 8.00 14.00 13.00 7.00 18.00 3.00 0.00 0.00 0.00 0.00 0.00
92.00 25.00 27.00 62.00 115.00 35.00 53.00 0.09 2.72 0.00 2.00 0.00 10.00 16.00 15.00 9.00 18.00 7.00 0.00 0.00 1.00 0.00 0.00
93.00 15.00 9.00 36.00 73.00 27.00 37.00 0.08 2.56 0.00 1.00 0.00 3.00 8.00 12.00 7.00 12.00 3.00 0.00 0.00 0.00 0.00 0.00
94.00 19.00 22.00 47.00 95.00 25.00 48.00 0.08 2.77 0.00 2.00 0.00 4.00 11.00 15.00 8.00 14.00 5.00 0.00 0.00 1.00 0.00 0.00
95.00 24.00 28.00 65.00 118.00 37.00 53.00 0.08 2.98 0.00 3.00 0.00 7.00 12.00 17.00 12.00 16.00 8.00 0.00 0.00 2.00 0.00 0.00
96.00 27.00 39.00 80.00 144.00 41.00 64.00 0.09 3.52 0.00 3.00 0.00 5.00 7.00 22.00 20.00 11.00 16.00 0.00 0.00 1.00 0.00 0.00
97.00 29.00 40.00 89.00 152.00 49.00 63.00 0.08 4.64 0.00 2.00 0.00 8.00 11.00 21.00 18.00 14.00 15.00 0.00 0.00 1.00 0.00 0.00
98.00 30.00 42.00 83.00 146.00 41.00 63.00 0.09 4.79 1.00 2.00 0.50 11.00 18.00 19.00 12.00 20.00 10.00 0.00 0.00 1.00 0.00 0.00
99.00 31.00 38.00 94.00 160.00 56.00 66.00 0.09 4.62 1.00 2.00 0.50 9.00 15.00 22.00 16.00 21.00 10.00 0.00 0.00 0.00 0.00 0.00
100.00 35.00 42.00 98.00 168.00 56.00 70.00 0.09 4.47 1.00 2.00 0.50 7.00 13.00 28.00 22.00 21.00 14.00 0.00 0.00 1.00 0.00 0.00
101.00 37.00 44.00 105.00 194.00 61.00 89.00 0.08 4.15 1.00 2.00 0.50 11.00 15.00 26.00 22.00 21.00 16.00 0.00 0.00 1.00 0.00 1.00
102.00 29.00 42.00 88.00 151.00 46.00 63.00 0.10 3.54 1.00 2.00 0.50 7.00 15.00 22.00 14.00 17.00 12.00 0.00 0.00 1.00 0.00 0.00
103.00 34.00 46.00 101.00 173.00 55.00 72.00 0.09 4.75 1.00 1.00 1.00 6.00 13.00 28.00 21.00 20.00 14.00 0.00 0.00 0.00 0.00 0.00
104.00 33.00 41.00 91.00 159.00 50.00 68.00 0.08 4.21 1.00 0.00 0.00 10.00 18.00 23.00 15.00 23.00 10.00 0.00 0.00 3.00 0.00 0.00
105.00 29.00 34.00 78.00 146.00 44.00 68.00 0.08 4.03 1.00 0.00 0.00 6.00 14.00 23.00 15.00 20.00 9.00 0.00 0.00 1.00 0.00 0.00
106.00 24.00 16.00 60.00 121.00 44.00 61.00 0.08 4.54 1.00 0.00 0.00 4.00 8.00 20.00 16.00 14.00 10.00 0.00 0.00 1.00 0.00 0.00
107.00 23.00 20.00 60.00 122.00 40.00 62.00 0.07 3.10 2.00 0.00 0.00 4.00 11.00 19.00 12.00 14.00 9.00 0.00 0.00 0.00 0.00 0.00
108.00 19.00 13.00 49.00 95.00 36.00 46.00 0.09 1.48 1.00 1.00 1.00 5.00 10.00 14.00 9.00 16.00 3.00 0.00 0.00 0.00 0.00 0.00
109.00 24.00 29.00 66.00 118.00 37.00 52.00 0.08 2.52 0.00 1.00 0.00 6.00 11.00 18.00 13.00 17.00 7.00 0.00 0.00 0.00 0.00 0.00
110.00 21.00 15.00 48.00 102.00 33.00 54.00 0.07 2.84 0.00 1.00 0.00 8.00 11.00 13.00 10.00 16.00 5.00 0.00 0.00 0.00 0.00 0.00
111.00 18.00 12.00 41.00 90.00 29.00 49.00 0.10 0.63 0.00 1.00 0.00 7.00 10.00 11.00 8.00 14.00 4.00 0.00 0.00 0.00 0.00 0.00
112.00 15.00 9.00 33.00 74.00 24.00 41.00 0.09 3.08 0.00 0.00 0.00 3.00 9.00 12.00 6.00 11.00 4.00 0.00 0.00 0.00 0.00 0.00
113.00 28.00 18.00 67.00 139.00 49.00 72.00 0.10 1.49 1.00 0.00 0.00 9.00 17.00 19.00 11.00 22.00 6.00 0.00 0.00 0.00 0.00 0.00
114.00 26.00 22.00 65.00 128.00 43.00 63.00 0.10 2.54 0.00 0.00 0.00 7.00 12.00 19.00 14.00 15.00 11.00 0.00 0.00 0.00 0.00 0.00
115.00 17.00 14.00 40.00 78.00 26.00 38.00 0.08 2.54 0.00 1.00 0.00 4.00 6.00 13.00 11.00 7.00 10.00 0.00 0.00 0.00 0.00 0.00
116.00 22.00 32.00 63.00 113.00 31.00 50.00 0.09 2.64 0.00 1.00 0.00 4.00 14.00 18.00 8.00 16.00 6.00 0.00 0.00 0.00 0.00 0.00
117.00 20.00 20.00 50.00 101.00 30.00 51.00 0.09 2.21 0.00 1.00 0.00 6.00 11.00 14.00 9.00 16.00 4.00 0.00 0.00 0.00 0.00 0.00
118.00 21.00 19.00 56.00 99.00 37.00 43.00 0.08 0.79 1.00 1.00 1.00 6.00 10.00 15.00 11.00 14.00 7.00 0.00 0.00 1.00 0.00 0.00
119.00 22.00 25.00 58.00 115.00 33.00 57.00 0.09 2.63 0.00 2.00 0.00 6.00 12.00 16.00 10.00 14.00 8.00 0.00 0.00 0.00 0.00 0.00
120.00 20.00 21.00 50.00 95.00 29.00 45.00 0.08 1.39 0.00 2.00 0.00 6.00 13.00 14.00 7.00 15.00 5.00 0.00 0.00 1.00 0.00 0.00
121.00 14.00 13.00 33.00 69.00 20.00 36.00 0.08 2.60 0.00 1.00 0.00 5.00 9.00 9.00 5.00 11.00 3.00 0.00 0.00 0.00 0.00 0.00
122.00 22.00 25.00 58.00 111.00 33.00 53.00 0.08 1.99 0.00 0.00 0.00 6.00 11.00 16.00 11.00 15.00 7.00 0.00 0.00 0.00 0.00 0.00
123.00 18.00 16.00 46.00 85.00 30.00 39.00 0.09 2.35 0.00 1.00 0.00 7.00 12.00 11.00 6.00 14.00 4.00 0.00 0.00 0.00 0.00 0.00
124.00 21.00 24.00 51.00 107.00 27.00 56.00 0.08 2.57 0.00 0.00 0.00 6.00 11.00 15.00 10.00 15.00 6.00 0.00 0.00 1.00 0.00 0.00
125.00 20.00 22.00 53.00 100.00 31.00 47.00 0.09 1.36 0.00 1.00 0.00 8.00 11.00 12.00 9.00 14.00 6.00 0.00 0.00 1.00 0.00 0.00
126.00 17.00 6.00 35.00 77.00 29.00 42.00 0.08 2.31 0.00 1.00 0.00 8.00 13.00 9.00 4.00 15.00 2.00 0.00 0.00 0.00 0.00 0.00
127.00 21.00 19.00 49.00 104.00 30.00 55.00 0.09 3.29 0.00 0.00 0.00 6.00 14.00 15.00 7.00 17.00 4.00 0.00 0.00 0.00 0.00 0.00
128.00 21.00 19.00 52.00 103.00 33.00 51.00 0.09 2.23 0.00 1.00 0.00 6.00 11.00 15.00 10.00 15.00 6.00 0.00 0.00 0.00 0.00 0.00
129.00 17.00 13.00 35.00 76.00 22.00 41.00 0.09 3.77 1.00 0.00 0.00 5.00 10.00 12.00 7.00 13.00 4.00 0.00 0.00 1.00 0.00 0.00
130.00 23.00 19.00 53.00 111.00 34.00 58.00 0.07 4.43 1.00 0.00 0.00 7.00 9.00 16.00 14.00 14.00 9.00 0.00 0.00 0.00 0.00 0.00
131.00 20.00 22.00 52.00 96.00 30.00 44.00 0.07 4.25 1.00 0.00 0.00 6.00 10.00 14.00 10.00 15.00 5.00 0.00 0.00 0.00 0.00 0.00
132.00 12.00 5.00 20.00 54.00 15.00 34.00 0.07 4.48 1.00 0.00 0.00 4.00 8.00 8.00 4.00 10.00 2.00 0.00 0.00 0.00 0.00 0.00
133.00 21.00 26.00 61.00 107.00 35.00 46.00 0.07 3.99 1.00 0.00 0.00 5.00 9.00 16.00 12.00 13.00 8.00 0.00 0.00 1.00 0.00 0.00
134.00 27.00 31.00 68.00 121.00 37.00 53.00 0.08 2.84 0.00 0.00 0.00 7.00 14.00 20.00 13.00 20.00 7.00 0.00 0.00 0.00 0.00 0.00
135.00 17.00 20.00 45.00 79.00 25.00 34.00 0.08 2.40 0.00 0.00 0.00 3.00 7.00 14.00 10.00 13.00 4.00 0.00 0.00 1.00 0.00 0.00
136.00 22.00 10.00 39.00 95.00 29.00 56.00 0.08 3.34 0.00 0.00 0.00 5.00 12.00 17.00 10.00 14.00 8.00 0.00 0.00 1.00 0.00 0.00
137.00 15.00 12.00 32.00 73.00 20.00 41.00 0.08 3.92 0.00 0.00 0.00 3.00 9.00 12.00 6.00 12.00 3.00 0.00 0.00 1.00 0.00 0.00
138.00 7.00 2.00 9.00 29.00 7.00 20.00 0.10 4.60 0.00 0.00 0.00 4.00 6.00 3.00 1.00 6.00 1.00 0.00 0.00 0.00 0.00 0.00
139.00 18.00 17.00 39.00 80.00 22.00 41.00 0.09 2.98 0.00 0.00 0.00 5.00 11.00 13.00 7.00 16.00 2.00 0.00 0.00 1.00 0.00 0.00
140.00 14.00 11.00 29.00 58.00 18.00 29.00 0.08 4.11 0.00 0.00 0.00 3.00 9.00 11.00 5.00 12.00 2.00 0.00 0.00 1.00 0.00 0.00
141.00 14.00 12.00 31.00 71.00 19.00 40.00 0.09 0.55 0.00 0.00 0.00 4.00 8.00 10.00 6.00 9.00 5.00 0.00 0.00 1.00 0.00 0.00
142.00 17.00 13.00 41.00 83.00 28.00 42.00 0.07 1.47 0.00 0.00 0.00 5.00 9.00 12.00 8.00 13.00 4.00 0.00 0.00 1.00 0.00 0.00
143.00 13.00 13.00 34.00 66.00 21.00 32.00 0.08 0.42 0.00 0.00 0.00 3.00 6.00 10.00 7.00 8.00 5.00 0.00 0.00 1.00 0.00 0.00
144.00 13.00 11.00 29.00 64.00 18.00 35.00 0.08 0.56 0.00 0.00 0.00 3.00 9.00 10.00 4.00 11.00 2.00 0.00 0.00 0.00 0.00 0.00
145.00 16.00 16.00 41.00 77.00 25.00 36.00 0.07 0.45 0.00 0.00 0.00 6.00 8.00 10.00 8.00 10.00 6.00 0.00 0.00 0.00 0.00 0.00
146.00 12.00 3.00 21.00 59.00 18.00 38.00 0.08 2.03 0.00 1.00 0.00 3.00 5.00 9.00 7.00 9.00 3.00 0.00 0.00 0.00 0.00 0.00
147.00 12.00 9.00 26.00 58.00 17.00 32.00 0.10 0.50 0.00 0.00 0.00 3.00 6.00 9.00 6.00 9.00 3.00 0.00 0.00 0.00 0.00 0.00
148.00 9.00 5.00 17.00 42.00 12.00 25.00 0.07 1.97 0.00 0.00 0.00 3.00 6.00 6.00 3.00 7.00 2.00 0.00 0.00 0.00 0.00 0.00
149.00 5.00 0.00 4.00 20.00 4.00 16.00 0.07 0.33 0.00 0.00 0.00 2.00 5.00 3.00 0.00 5.00 0.00 0.00 0.00 0.00 0.00 0.00
150.00 7.00 2.00 11.00 31.00 9.00 20.00 0.08 0.25 0.00 0.00 0.00 3.00 6.00 4.00 1.00 7.00 0.00 0.00 0.00 0.00 0.00 0.00
151.00 3.00 0.00 1.00 8.00 1.00 7.00 0.09 0.20 0.00 0.00 0.00 2.00 3.00 1.00 0.00 3.00 0.00 0.00 0.00 0.00 0.00 0.00
152.00 7.00 1.00 10.00 28.00 9.00 18.00 0.06 0.29 0.00 0.00 0.00 3.00 5.00 4.00 2.00 6.00 1.00 0.00 0.00 0.00 0.00 0.00
153.00 7.00 3.00 9.00 33.00 6.00 24.00 0.09 0.31 0.00 0.00 0.00 2.00 4.00 5.00 3.00 6.00 1.00 0.00 0.00 0.00 0.00 0.00
154.00 6.00 3.00 10.00 27.00 7.00 17.00 0.09 0.29 0.00 0.00 0.00 0.00 3.00 6.00 3.00 5.00 1.00 0.00 0.00 0.00 0.00 0.00
155.00 6.00 0.00 3.00 19.00 3.00 16.00 0.09 0.87 0.00 0.00 0.00 2.00 2.00 4.00 4.00 6.00 0.00 0.00 0.00 0.00 0.00 0.00
156.00 9.00 4.00 12.00 35.00 8.00 23.00 0.09 1.95 0.00 0.00 0.00 3.00 6.00 6.00 3.00 9.00 0.00 0.00 0.00 0.00 0.00 0.00
157.00 5.00 0.00 6.00 19.00 6.00 13.00 0.08 0.24 0.00 0.00 0.00 1.00 4.00 4.00 1.00 5.00 0.00 0.00 0.00 0.00 0.00 0.00
158.00 5.00 1.00 6.00 22.00 5.00 16.00 0.08 0.20 0.00 0.00 0.00 3.00 4.00 2.00 1.00 5.00 0.00 0.00 0.00 0.00 0.00 0.00
159.00 8.00 3.00 10.00 29.00 7.00 19.00 0.09 0.57 0.00 0.00 0.00 2.00 4.00 6.00 4.00 6.00 2.00 0.00 0.00 0.00 0.00 0.00
160.00 4.00 1.00 4.00 14.00 3.00 10.00 0.09 0.20 0.00 0.00 0.00 2.00 4.00 2.00 0.00 4.00 0.00 0.00 0.00 0.00 0.00 0.00
