0.00 4.00 0.00 3.00 13.00 3.00 10.00 0.09 0.20 0.00 0.00 0.00 3.00 3.00 1.00 1.00 4.00 0.00 0.00 0.00 0.00 0.00 0.00
1.00 4.00 0.00 3.00 11.00 3.00 8.00 0.07 0.19 0.00 0.00 0.00 3.00 3.00 1.00 1.00 4.00 0.00 0.00 0.00 0.00 0.00 0.00
2.00 4.00 0.00 0.00 10.00 0.00 10.00 0.07 4.43 0.00 0.00 0.00 3.00 3.00 1.00 1.00 4.00 0.00 0.00 0.00 0.00 0.00 0.00
3.00 5.00 2.00 8.00 21.00 6.00 13.00 0.09 0.22 0.00 0.00 0.00 4.00 4.00 1.00 1.00 4.00 1.00 0.00 0.00 0.00 0.00 0.00
4.00 10.00 0.00 10.00 39.00 10.00 29.00 0.10 0.72 0.00 0.00 0.00 5.00 7.00 5.00 3.00 10.00 0.00 0.00 0.00 0.00 0.00 0.00
5.00 6.00 1.00 7.00 23.00 6.00 16.00 0.09 0.42 0.00 0.00 0.00 4.00 4.00 2.00 2.00 6.00 0.00 0.00 0.00 0.00 0.00 0.00
6.00 12.00 9.00 23.00 53.00 14.00 30.00 0.09 1.93 0.00 2.00 0.00 4.00 6.00 8.00 6.00 9.00 3.00 0.00 0.00 0.00 0.00 0.00
7.00 10.00 6.00 19.00 49.00 13.00 30.00 0.09 0.53 0.00 0.00 0.00 3.00 7.00 7.00 3.00 8.00 2.00 0.00 0.00 0.00 1.00 0.00
8.00 7.00 3.00 11.00 31.00 8.00 20.00 0.09 0.36 0.00 0.00 0.00 2.00 5.00 5.00 2.00 7.00 0.00 0.00 0.00 0.00 0.00 0.00
9.00 14.00 10.00 31.00 65.00 21.00 34.00 0.09 0.60 0.00 1.00 0.00 7.00 10.00 7.00 4.00 10.00 4.00 0.00 0.00 0.00 0.00 0.00
10.00 16.00 10.00 33.00 83.00 23.00 50.00 0.08 1.64 0.00 0.00 0.00 5.00 8.00 11.00 8.00 13.00 3.00 0.00 0.00 0.00 0.00 0.00
11.00 7.00 0.00 10.00 30.00 10.00 20.00 0.07 3.93 0.00 0.00 0.00 3.00 5.00 4.00 2.00 6.00 1.00 0.00 0.00 0.00 0.00 0.00
12.00 5.00 0.00 1.00 20.00 1.00 19.00 0.09 0.72 0.00 0.00 0.00 3.00 4.00 2.00 1.00 5.00 0.00 0.00 0.00 0.00 0.00 0.00
13.00 10.00 6.00 20.00 42.00 14.00 22.00 0.07 0.40 0.00 0.00 0.00 3.00 6.00 7.00 4.00 9.00 1.00 0.00 0.00 0.00 0.00 0.00
14.00 12.00 7.00 21.00 48.00 14.00 27.00 0.10 1.64 0.00 0.00 0.00 5.00 8.00 7.00 4.00 11.00 1.00 0.00 0.00 0.00 0.00 0.00
15.00 17.00 15.00 34.00 71.00 19.00 37.00 0.08 1.70 0.00 0.00 0.00 2.00 8.00 15.00 9.00 11.00 6.00 0.00 0.00 0.00 0.00 0.00
16.00 15.00 13.00 32.00 70.00 19.00 38.00 0.08 1.67 0.00 1.00 0.00 3.00 5.00 12.00 10.00 7.00 8.00 0.00 0.00 0.00 0.00 0.00
17.00 6.00 0.00 5.00 24.00 5.00 19.00 0.09 2.41 0.00 0.00 0.00 2.00 4.00 4.00 2.00 6.00 0.00 0.00 0.00 0.00 0.00 0.00
18.00 10.00 5.00 18.00 41.00 13.00 23.00 0.08 1.99 0.00 1.00 0.00 4.00 6.00 6.00 4.00 9.00 1.00 0.00 0.00 0.00 0.00 0.00
19.00 12.00 5.00 24.00 54.00 19.00 30.00 0.08 3.98 0.00 1.00 0.00 6.00 8.00 6.00 4.00 10.00 2.00 0.00 0.00 0.00 0.00 0.00
20.00 13.00 6.00 30.00 62.00 24.00 32.00 0.09 3.62 0.00 1.00 0.00 3.00 8.00 10.00 5.00 12.00 1.00 0.00 0.00 0.00 0.00 0.00
21.00 12.00 10.00 30.00 57.00 20.00 27.00 0.09 1.77 0.00 1.00 0.00 4.00 6.00 8.00 6.00 8.00 4.00 0.00 0.00 0.00 0.00 0.00
22.00 15.00 15.00 34.00 68.00 19.00 34.00 0.08 2.36 0.00 1.00 0.00 5.00 11.00 10.00 4.00 13.00 2.00 0.00 0.00 0.00 0.00 0.00
23.00 5.00 1.00 7.00 20.00 6.00 13.00 0.08 0.26 0.00 0.00 0.00 3.00 4.00 2.00 1.00 5.00 0.00 0.00 0.00 0.00 0.00 0.00
24.00 11.00 8.00 22.00 54.00 14.00 32.00 0.09 1.92 0.00 1.00 0.00 4.00 7.00 7.00 4.00 9.00 2.00 0.00 0.00 0.00 0.00 0.00
25.00 16.00 10.00 35.00 70.00 25.00 35.00 0.09 2.23 0.00 1.00 0.00 5.00 9.00 11.00 7.00 12.00 4.00 0.00 0.00 0.00 0.00 0.00
26.00 17.00 13.00 43.00 95.00 30.00 52.00 0.08 3.00 0.00 1.00 0.00 4.00 4.00 13.00 13.00 7.00 10.00 0.00 0.00 0.00 0.00 0.00
27.00 16.00 14.00 38.00 79.00 24.00 41.00 0.10 1.58 0.00 0.00 0.00 4.00 13.00 12.00 3.00 15.00 1.00 0.00 0.00 0.00 0.00 0.00
28.00 11.00 5.00 17.00 47.00 12.00 30.00 0.09 0.38 0.00 0.00 0.00 3.00 6.00 8.00 5.00 9.00 2.00 0.00 0.00 0.00 0.00 0.00
29.00 17.00 10.00 39.00 87.00 29.00 48.00 0.10 1.40 0.00 0.00 0.00 3.00 9.00 14.00 8.00 12.00 5.00 0.00 0.00 0.00 0.00 0.00
30.00 14.00 7.00 22.00 55.00 15.00 33.00 0.08 1.53 0.00 0.00 0.00 7.00 9.00 7.00 5.00 11.00 3.00 0.00 0.00 0.00 0.00 0.00
31.00 20.00 13.00 39.00 89.00 26.00 50.00 0.09 0.91 0.00 0.00 0.00 7.00 13.00 13.00 7.00 14.00 6.00 0.00 0.00 0.00 0.00 0.00
32.00 18.00 8.00 36.00 76.00 28.00 40.00 0.09 0.66 0.00 0.00 0.00 9.00 11.00 9.00 7.00 13.00 5.00 0.00 0.00 0.00 1.00 0.00
33.00 7.00 5.00 15.00 33.00 10.00 18.00 0.07 0.18 0.00 0.00 0.00 0.00 1.00 7.00 6.00 3.00 4.00 0.00 0.00 0.00 0.00 0.00
34.00 17.00 12.00 39.00 76.00 27.00 37.00 0.07 0.51 0.00 0.00 0.00 4.00 14.00 13.00 3.00 14.00 3.00 0.00 0.00 0.00 0.00 0.00
35.00 13.00 8.00 27.00 61.00 19.00 34.00 0.08 0.46 0.00 0.00 0.00 4.00 7.00 9.00 6.00 9.00 4.00 0.00 0.00 0.00 0.00 0.00
36.00 11.00 7.00 23.00 47.00 16.00 24.00 0.09 0.59 0.00 0.00 0.00 3.00 8.00 8.00 3.00 9.00 2.00 0.00 0.00 0.00 0.00 0.00
37.00 9.00 5.00 16.00 43.00 11.00 27.00 0.07 0.33 0.00 0.00 0.00 4.00 6.00 5.00 3.00 7.00 2.00 0.00 0.00 0.00 0.00 0.00
38.00 11.00 11.00 25.00 53.00 14.00 28.00 0.09 0.36 0.00 0.00 0.00 3.00 7.00 8.00 4.00 8.00 3.00 0.00 0.00 0.00 0.00 0.00
39.00 13.00 10.00 29.00 62.00 19.00 33.00 0.09 0.47 0.00 0.00 0.00 2.00 5.00 11.00 8.00 10.00 3.00 0.00 0.00 0.00 0.00 0.00
40.00 6.00 1.00 9.00 26.00 8.00 17.00 0.09 0.24 0.00 0.00 0.00 0.00 5.00 6.00 1.00 5.00 1.00 0.00 0.00 0.00 0.00 0.00
41.00 9.00 1.00 13.00 39.00 12.00 26.00 0.09 0.48 0.00 0.00 0.00 1.00 5.00 8.00 4.00 8.00 1.00 0.00 0.00 0.00 0.00 0.00
42.00 12.00 9.00 26.00 58.00 17.00 32.00 0.08 0.51 0.00 0.00 0.00 4.00 7.00 8.00 5.00 9.00 3.00 0.00 0.00 0.00 0.00 0.00
43.00 14.00 14.00 36.00 74.00 22.00 38.00 0.08 0.47 0.00 0.00 0.00 6.00 9.00 8.00 5.00 12.00 2.00 0.00 0.00 0.00 0.00 0.00
44.00 12.00 8.00 25.00 57.00 17.00 32.00 0.09 0.66 0.00 0.00 0.00 3.00 7.00 9.00 5.00 10.00 2.00 0.00 0.00 0.00 0.00 0.00
45.00 13.00 8.00 27.00 61.00 19.00 34.00 0.08 0.40 0.00 0.00 0.00 5.00 6.00 8.00 7.00 10.00 3.00 0.00 0.00 0.00 0.00 0.00
46.00 7.00 1.00 9.00 28.00 8.00 19.00 0.09 0.52 0.00 0.00 0.00 3.00 6.00 4.00 1.00 7.00 0.00 0.00 0.00 0.00 0.00 0.00
47.00 10.00 6.00 20.00 44.00 14.00 24.00 0.08 0.35 0.00 0.00 0.00 3.00 8.00 7.00 2.00 9.00 1.00 0.00 0.00 0.00 0.00 0.00
48.00 13.00 3.00 24.00 52.00 21.00 28.00 0.08 0.70 0.00 0.00 0.00 5.00 8.00 8.00 5.00 11.00 2.00 0.00 0.00 0.00 0.00 0.00
49.00 18.00 16.00 42.00 84.00 26.00 42.00 0.10 2.24 0.00 0.00 0.00 6.00 11.00 12.00 7.00 13.00 5.00 0.00 0.00 0.00 0.00 0.00
50.00 10.00 6.00 20.00 50.00 14.00 30.00 0.08 1.93 0.00 0.00 0.00 3.00 7.00 7.00 3.00 8.00 2.00 0.00 0.00 0.00 0.00 0.00
51.00 13.00 10.00 31.00 62.00 21.00 31.00 0.06 0.56 0.00 0.00 0.00 2.00 5.00 11.00 8.00 9.00 4.00 0.00 0.00 0.00 0.00 0.00
52.00 17.00 18.00 45.00 79.00 27.00 34.00 0.07 1.49 0.00 0.00 0.00 5.00 8.00 12.00 9.00 13.00 4.00 0.00 0.00 0.00 0.00 0.00
53.00 14.00 11.00 35.00 67.00 24.00 32.00 0.06 1.44 0.00 0.00 0.00 5.00 9.00 9.00 5.00 12.00 2.00 0.00 0.00 0.00 0.00 0.00
54.00 16.00 17.00 40.00 79.00 23.00 39.00 0.09 0.58 0.00 0.00 0.00 5.00 8.00 11.00 8.00 11.00 5.00 0.00 0.00 0.00 0.00 0.00
55.00 20.00 19.00 47.00 91.00 28.00 44.00 0.10 2.92 0.00 2.00 0.00 7.00 11.00 13.00 9.00 12.00 8.00 0.00 0.00 0.00 0.00 0.00
56.00 23.00 22.00 64.00 111.00 42.00 47.00 0.09 2.17 0.00 2.00 0.00 7.00 11.00 16.00 12.00 16.00 7.00 0.00 0.00 0.00 0.00 0.00
57.00 25.00 33.00 71.00 119.00 38.00 48.00 0.09 1.98 0.00 2.00 0.00 4.00 13.00 21.00 12.00 15.00 10.00 0.00 0.00 0.00 0.00 0.00
58.00 16.00 15.00 41.00 77.00 26.00 36.00 0.09 0.62 0.00 2.00 0.00 1.00 6.00 15.00 10.00 9.00 7.00 0.00 0.00 0.00 0.00 0.00
59.00 20.00 22.00 56.00 100.00 34.00 44.00 0.08 0.70 0.00 2.00 0.00 1.00 11.00 19.00 9.00 14.00 6.00 0.00 0.00 0.00 0.00 0.00
60.00 18.00 21.00 50.00 84.00 29.00 34.00 0.09 2.15 0.00 2.00 0.00 3.00 7.00 15.00 11.00 13.00 5.00 0.00 0.00 0.00 0.00 0.00
61.00 20.00 14.00 41.00 97.00 27.00 56.00 0.08 1.39 0.00 2.00 0.00 5.00 11.00 15.00 9.00 14.00 6.00 0.00 0.00 1.00 0.00 0.00
62.00 25.00 34.00 69.00 120.00 35.00 51.00 0.09 1.15 0.00 1.00 0.00 7.00 9.00 18.00 16.00 13.00 12.00 0.00 0.00 0.00 0.00 0.00
63.00 19.00 17.00 45.00 90.00 28.00 45.00 0.09 0.71 0.00 1.00 0.00 8.00 10.00 11.00 9.00 16.00 3.00 0.00 0.00 0.00 0.00 0.00
64.00 20.00 25.00 55.00 99.00 30.00 44.00 0.10 0.61 0.00 1.00 0.00 5.00 8.00 15.00 12.00 15.00 5.00 0.00 0.00 0.00 0.00 0.00
65.00 24.00 24.00 62.00 115.00 38.00 53.00 0.09 0.93 0.00 1.00 0.00 8.00 14.00 16.00 10.00 17.00 7.00 0.00 0.00 1.00 0.00 0.00
66.00 23.00 27.00 60.00 109.00 33.00 49.00 0.09 0.85 0.00 1.00 0.00 6.00 9.00 17.00 14.00 14.00 9.00 0.00 0.00 0.00 0.00 0.00
67.00 18.00 14.00 45.00 82.00 31.00 37.00 0.07 1.47 0.00 1.00 0.00 6.00 13.00 12.00 5.00 14.00 4.00 0.00 0.00 0.00 0.00 0.00
68.00 19.00 12.00 39.00 84.00 27.00 45.00 0.10 0.98 0.00 1.00 0.00 6.00 11.00 13.00 8.00 14.00 5.00 0.00 0.00 0.00 0.00 0.00
69.00 12.00 10.00 27.00 57.00 17.00 30.00 0.10 0.46 0.00 2.00 0.00 3.00 5.00 9.00 7.00 8.00 4.00 0.00 0.00 0.00 0.00 0.00
70.00 13.00 12.00 31.00 62.00 19.00 31.00 0.09 0.54 0.00 0.00 0.00 4.00 8.00 9.00 5.00 11.00 2.00 0.00 0.00 0.00 0.00 0.00
71.00 18.00 18.00 47.00 83.00 29.00 36.00 0.07 1.42 0.00 0.00 0.00 6.00 8.00 12.00 10.00 12.00 6.00 0.00 0.00 0.00 0.00 0.00
72.00 15.00 17.00 39.00 76.00 22.00 37.00 0.08 0.46 0.00 2.00 0.00 5.00 8.00 10.00 7.00 11.00 4.00 0.00 0.00 0.00 0.00 0.00
73.00 18.00 15.00 38.00 93.00 23.00 55.00 0.07 1.39 0.00 0.00 0.00 3.00 9.00 15.00 9.00 12.00 6.00 0.00 0.00 0.00 0.00 0.00
74.00 17.00 11.00 38.00 80.00 27.00 42.00 0.09 0.54 0.00 0.00 0.00 2.00 6.00 15.00 11.00 8.00 9.00 0.00 0.00 1.00 0.00 0.00
75.00 21.00 23.00 56.00 96.00 33.00 40.00 0.10 3.09 0.00 0.00 0.00 4.00 10.00 17.00 11.00 13.00 8.00 0.00 0.00 0.00 0.00 0.00
76.00 17.00 12.00 34.00 85.00 22.00 51.00 0.09 1.70 0.00 0.00 0.00 6.00 9.00 11.00 8.00 12.00 5.00 0.00 0.00 0.00 0.00 0.00
77.00 22.00 23.00 62.00 113.00 39.00 51.00 0.08 1.41 1.00 1.00 1.00 9.00 14.00 13.00 8.00 17.00 5.00 0.00 0.00 0.00 0.00 0.00
78.00 20.00 20.00 49.00 98.00 29.00 49.00 0.07 1.43 0.00 1.00 0.00 6.00 11.00 14.00 9.00 12.00 8.00 0.00 0.00 0.00 0.00 0.00
79.00 17.00 15.00 41.00 81.00 26.00 40.00 0.09 0.63 0.00 0.00 0.00 4.00 6.00 13.00 11.00 11.00 6.00 0.00 0.00 0.00 0.00 0.00
80.00 22.00 25.00 57.00 108.00 32.00 51.00 0.09 0.76 0.00 1.00 0.00 8.00 12.00 14.00 10.00 15.00 7.00 0.00 0.00 1.00 1.00 0.00
81.00 17.00 9.00 38.00 79.00 29.00 41.00 0.09 2.24 0.00 0.00 0.00 8.00 11.00 9.00 6.00 13.00 4.00 0.00 0.00 0.00 0.00 0.00
82.00 16.00 15.00 38.00 79.00 23.00 41.00 0.10 0.55 0.00 0.00 0.00 3.00 8.00 13.00 8.00 11.00 5.00 0.00 0.00 2.00 0.00 0.00
83.00 20.00 11.00 38.00 97.00 27.00 59.00 0.09 2.64 0.00 0.00 0.00 5.00 12.00 15.00 8.00 14.00 6.00 0.00 0.00 0.00 0.00 0.00
84.00 18.00 13.00 43.00 89.00 30.00 46.00 0.09 2.34 1.00 0.00 0.00 9.00 16.00 9.00 2.00 16.00 2.00 0.00 0.00 1.00 0.00 0.00
85.00 18.00 17.00 46.00 92.00 29.00 46.00 0.08 2.27 1.00 0.00 0.00 4.00 10.00 14.00 8.00 14.00 4.00 0.00 0.00 0.00 0.00 0.00
86.00 27.00 22.00 75.00 140.00 53.00 65.00 0.09 1.50 1.00 0.00 0.00 9.00 17.00 18.00 10.00 19.00 8.00 0.00 0.00 0.00 1.00 0.00
87.00 21.00 20.00 53.00 108.00 33.00 55.00 0.08 2.21 1.00 0.00 0.00 5.00 8.00 16.00 13.00 12.00 9.00 0.00 0.00 0.00 0.00 0.00
88.00 25.00 32.00 69.00 126.00 37.00 57.00 0.08 0.85 1.00 0.00 0.00 7.00 12.00 18.00 13.00 14.00 11.00 0.00 0.00 0.00 0.00 0.00
89.00 21.00 18.00 54.00 113.00 36.00 59.00 0.08 2.60 0.00 1.00 0.00 4.00 7.00 17.00 14.00 14.00 7.00 0.00 0.00 1.00 1.00 0.00
90.00 26.00 21.00 67.00 131.00 46.00 64.00 0.08 1.41 0.00 0.00 0.00 7.00 12.00 19.00 14.00 17.00 9.00 0.00 0.00 0.00 0.00 0.00
91.00 18.00 9.00 44.00 94.00 35.00 50.00 0.09 2.31 0.00 0.00 0.00 1.00 10.00 17.00 8.00 15.00 3.00 0.00 0.00 0.00 0.00 0.00
92.00 34.00 44.00 98.00 168.00 54.00 70.00 0.08 2.28 0.00 0.00 0.00 7.00 17.00 27.00 17.00 24.00 10.00 1.00 0.00 0.00 0.00 0.00
93.00 31.00 40.00 92.00 169.00 52.00 77.00 0.10 1.96 0.00 1.00 0.00 5.00 12.00 26.00 19.00 18.00 13.00 0.00 0.00 0.00 0.00 0.00
94.00 32.00 38.00 102.00 166.00 64.00 64.00 0.08 2.33 0.00 1.00 0.00 7.00 12.00 25.00 20.00 19.00 13.00 0.00 0.00 1.00 0.00 0.00
95.00 34.00 48.00 91.00 170.00 43.00 79.00 0.08 2.18 0.00 1.00 0.00 11.00 19.00 23.00 15.00 23.00 11.00 0.00 0.00 0.00 0.00 0.00
96.00 34.00 38.00 94.00 179.00 56.00 85.00 0.07 2.24 1.00 1.00 1.00 8.00 14.00 26.00 20.00 22.00 12.00 0.00 0.00 1.00 0.00 0.00
97.00 29.00 36.00 88.00 150.00 52.00 62.00 0.08 2.43 2.00 1.00 2.00 4.00 13.00 25.00 16.00 19.00 10.00 0.00 0.00 0.00 2.00 0.00
98.00 35.00 51.00 107.00 177.00 56.00 70.00 0.09 3.48 2.00 1.00 2.00 10.00 18.00 25.00 17.00 23.00 12.00 0.00 0.00 2.00 2.00 0.00
99.00 37.00 50.00 96.00 188.00 46.00 92.00 0.08 3.90 0.00 1.00 0.00 8.00 18.00 29.00 19.00 20.00 17.00 0.00 0.00 1.00 0.00 0.00
100.00 31.00 45.00 90.00 156.00 45.00 66.00 0.08 2.67 1.00 2.00 0.50 8.00 12.00 23.00 19.00 22.00 9.00 0.00 0.00 2.00 0.00 0.00
101.00 31.00 41.00 84.00 159.00 43.00 75.00 0.09 3.47 1.00 1.00 1.00 9.00 17.00 22.00 14.00 21.00 10.00 0.00 0.00 2.00 0.00 0.00
102.00 27.00 31.00 73.00 132.00 42.00 59.00 0.10 3.08 0.00 1.00 0.00 4.00 11.00 23.00 16.00 17.00 10.00 0.00 0.00 1.00 0.00 0.00
103.00 34.00 33.00 86.00 160.00 53.00 74.00 0.09 2.01 1.00 1.00 1.00 9.00 17.00 25.00 17.00 20.00 14.00 0.00 0.00 1.00 0.00 0.00
104.00 28.00 33.00 85.00 147.00 52.00 62.00 0.08 1.96 1.00 1.00 1.00 7.00 10.00 21.00 18.00 17.00 11.00 0.00 0.00 1.00 0.00 0.00
105.00 30.00 33.00 85.00 148.00 52.00 63.00 0.09 2.66 1.00 2.00 0.50 9.00 15.00 21.00 15.00 18.00 12.00 0.00 0.00 1.00 0.00 0.00
106.00 27.00 29.00 78.00 143.00 49.00 65.00 0.07 1.98 1.00 1.00 1.00 5.00 8.00 22.00 19.00 15.00 12.00 0.00 0.00 1.00 0.00 0.00
107.00 28.00 34.00 81.00 148.00 47.00 67.00 0.07 1.94 1.00 1.00 1.00 3.00 9.00 25.00 19.00 15.00 13.00 0.00 0.00 2.00 0.00 0.00
108.00 31.00 50.00 95.00 157.00 45.00 62.00 0.08 2.17 0.00 1.00 0.00 6.00 19.00 25.00 12.00 22.00 9.00 0.00 0.00 0.00 0.00 0.00
109.00 21.00 19.00 51.00 103.00 32.00 52.00 0.07 1.43 1.00 1.00 1.00 9.00 12.00 12.00 9.00 16.00 5.00 0.00 0.00 1.00 0.00 0.00
110.00 24.00 35.00 70.00 124.00 35.00 54.00 0.08 2.00 0.00 1.00 0.00 5.00 12.00 19.00 12.00 17.00 7.00 0.00 0.00 1.00 0.00 0.00
111.00 31.00 38.00 83.00 151.00 45.00 68.00 0.07 2.32 1.00 1.00 1.00 7.00 15.00 24.00 16.00 23.00 8.00 0.00 0.00 1.00 0.00 0.00
112.00 32.00 41.00 95.00 164.00 54.00 69.00 0.10 2.57 0.00 1.00 0.00 12.00 14.00 20.00 18.00 21.00 11.00 0.00 0.00 2.00 0.00 0.00
113.00 28.00 24.00 71.00 145.00 47.00 74.00 0.10 2.42 1.00 1.00 1.00 5.00 11.00 23.00 17.00 19.00 9.00 0.00 0.00 0.00 0.00 0.00
114.00 28.00 39.00 81.00 141.00 42.00 60.00 0.07 1.43 1.00 1.00 1.00 10.00 13.00 18.00 15.00 19.00 9.00 0.00 0.00 2.00 0.00 0.00
115.00 27.00 33.00 76.00 136.00 43.00 60.00 0.09 2.57 1.00 1.00 1.00 8.00 15.00 19.00 12.00 18.00 9.00 0.00 0.00 0.00 0.00 0.00
116.00 22.00 21.00 58.00 111.00 37.00 53.00 0.07 2.59 1.00 1.00 1.00 5.00 6.00 17.00 16.00 12.00 10.00 0.00 0.00 1.00 0.00 0.00
117.00 31.00 46.00 91.00 162.00 45.00 71.00 0.09 3.06 1.00 1.00 1.00 8.00 17.00 23.00 14.00 21.00 10.00 0.00 0.00 1.00 0.00 0.00
118.00 24.00 24.00 65.00 117.00 41.00 52.00 0.07 2.63 1.00 1.00 1.00 9.00 10.00 15.00 14.00 13.00 11.00 0.00 0.00 1.00 0.00 1.00
119.00 23.00 26.00 62.00 112.00 36.00 50.00 0.08 1.34 0.00 1.00 0.00 6.00 10.00 17.00 13.00 16.00 7.00 0.00 0.00 1.00 0.00 0.00
120.00 20.00 20.00 55.00 103.00 35.00 48.00 0.08 1.41 0.00 1.00 0.00 8.00 10.00 12.00 10.00 13.00 7.00 0.00 0.00 1.00 0.00 0.00
121.00 17.00 20.00 49.00 81.00 29.00 32.00 0.09 0.64 0.00 0.00 0.00 5.00 10.00 12.00 7.00 14.00 3.00 0.00 0.00 1.00 0.00 0.00
122.00 20.00 33.00 59.00 97.00 26.00 38.00 0.08 0.57 0.00 1.00 0.00 5.00 11.00 15.00 9.00 12.00 8.00 0.00 0.00 1.00 0.00 0.00
123.00 20.00 19.00 51.00 101.00 32.00 50.00 0.08 0.56 0.00 1.00 0.00 4.00 9.00 16.00 11.00 10.00 10.00 0.00 0.00 1.00 0.00 0.00
124.00 20.00 27.00 54.00 96.00 27.00 42.00 0.07 0.63 0.00 1.00 0.00 5.00 9.00 15.00 11.00 12.00 8.00 0.00 0.00 1.00 0.00 0.00
125.00 18.00 12.00 27.00 83.00 15.00 56.00 0.09 2.82 0.00 1.00 0.00 5.00 10.00 13.00 8.00 16.00 2.00 0.00 0.00 1.00 0.00 0.00
126.00 20.00 23.00 53.00 95.00 30.00 42.00 0.09 2.14 0.00 0.00 0.00 6.00 7.00 14.00 13.00 10.00 10.00 0.00 0.00 1.00 0.00 0.00
127.00 15.00 17.00 40.00 74.00 23.00 34.00 0.08 0.50 0.00 1.00 0.00 3.00 10.00 12.00 5.00 10.00 5.00 0.00 0.00 1.00 0.00 0.00
128.00 16.00 19.00 40.00 72.00 21.00 32.00 0.08 1.43 0.00 1.00 0.00 6.00 11.00 10.00 5.00 12.00 4.00 0.00 0.00 0.00 0.00 0.00
129.00 17.00 19.00 46.00 85.00 27.00 39.00 0.08 1.43 0.00 2.00 0.00 4.00 7.00 13.00 10.00 9.00 8.00 0.00 0.00 0.00 0.00 0.00
130.00 18.00 19.00 47.00 85.00 28.00 38.00 0.08 0.54 0.00 2.00 0.00 6.00 11.00 12.00 7.00 15.00 3.00 0.00 0.00 0.00 0.00 0.00
131.00 20.00 26.00 57.00 94.00 31.00 37.00 0.09 1.45 0.00 2.00 0.00 7.00 10.00 13.00 10.00 14.00 6.00 0.00 0.00 0.00 0.00 0.00
132.00 18.00 21.00 47.00 89.00 26.00 42.00 0.08 1.47 0.00 2.00 0.00 7.00 9.00 11.00 9.00 14.00 4.00 0.00 0.00 0.00 0.00 0.00
133.00 20.00 20.00 49.00 94.00 29.00 45.00 0.09 2.05 0.00 2.00 0.00 5.00 11.00 15.00 9.00 14.00 6.00 0.00 0.00 0.00 0.00 0.00
134.00 17.00 19.00 45.00 90.00 26.00 45.00 0.09 0.62 0.00 2.00 0.00 6.00 9.00 11.00 8.00 13.00 4.00 0.00 0.00 0.00 0.00 0.00
135.00 20.00 24.00 51.00 96.00 27.00 45.00 0.07 0.51 0.00 1.00 0.00 7.00 15.00 13.00 5.00 17.00 3.00 0.00 0.00 0.00 0.00 0.00
136.00 21.00 23.00 50.00 96.00 27.00 46.00 0.08 1.19 0.00 1.00 0.00 8.00 14.00 13.00 7.00 20.00 1.00 0.00 0.00 0.00 0.00 0.00
137.00 19.00 25.00 50.00 84.00 25.00 34.00 0.09 0.60 0.00 2.00 0.00 9.00 11.00 10.00 8.00 12.00 7.00 0.00 0.00 0.00 0.00 0.00
138.00 20.00 22.00 49.00 94.00 27.00 45.00 0.09 0.57 0.00 2.00 0.00 6.00 10.00 14.00 10.00 19.00 1.00 0.00 0.00 0.00 0.00 0.00
139.00 15.00 13.00 37.00 75.00 24.00 38.00 0.08 0.44 0.00 1.00 0.00 3.00 8.00 12.00 7.00 12.00 3.00 0.00 0.00 0.00 0.00 0.00
140.00 18.00 17.00 47.00 84.00 30.00 37.00 0.09 0.46 0.00 2.00 0.00 3.00 10.00 15.00 8.00 13.00 5.00 0.00 0.00 0.00 0.00 0.00
141.00 16.00 8.00 36.00 77.00 28.00 41.00 0.08 0.63 1.00 2.00 0.50 5.00 9.00 11.00 7.00 12.00 4.00 0.00 0.00 0.00 0.00 0.00
142.00 23.00 25.00 55.00 106.00 30.00 51.00 0.08 1.97 0.00 1.00 0.00 8.00 15.00 15.00 8.00 18.00 5.00 0.00 0.00 0.00 0.00 1.00
143.00 17.00 18.00 43.00 84.00 25.00 41.00 0.08 0.48 0.00 3.00 0.00 4.00 10.00 13.00 7.00 12.00 5.00 0.00 0.00 0.00 0.00 0.00
144.00 17.00 10.00 41.00 81.00 31.00 40.00 0.09 0.60 0.00 3.00 0.00 4.00 6.00 13.00 11.00 11.00 6.00 0.00 0.00 0.00 0.00 0.00
145.00 21.00 28.00 59.00 106.00 31.00 47.00 0.08 0.51 0.00 2.00 0.00 6.00 11.00 15.00 10.00 14.00 7.00 0.00 0.00 0.00 0.00 0.00
146.00 19.00 22.00 52.00 93.00 30.00 41.00 0.08 1.33 0.00 0.00 0.00 7.00 8.00 12.00 11.00 10.00 9.00 0.00 0.00 0.00 0.00 0.00
147.00 15.00 17.00 35.00 71.00 18.00 36.00 0.07 0.37 0.00 1.00 0.00 5.00 8.00 10.00 7.00 13.00 2.00 0.00 0.00 0.00 0.00 0.00
148.00 16.00 12.00 36.00 74.00 24.00 38.00 0.07 1.48 0.00 1.00 0.00 4.00 9.00 12.00 7.00 11.00 5.00 0.00 0.00 0.00 0.00 0.00
149.00 18.00 19.00 42.00 85.00 23.00 43.00 0.09 1.38 0.00 1.00 0.00 3.00 9.00 15.00 9.00 12.00 6.00 0.00 0.00 0.00 0.00 0.00
150.00 18.00 20.00 43.00 83.00 23.00 40.00 0.07 0.35 0.00 1.00 0.00 6.00 10.00 12.00 8.00 14.00 4.00 0.00 0.00 0.00 0.00 0.00
151.00 19.00 28.00 52.00 90.00 24.00 38.00 0.09 0.47 0.00 1.00 0.00 7.00 11.00 12.00 8.00 16.00 3.00 0.00 0.00 1.00 0.00 0.00
152.00 20.00 21.00 50.00 91.00 29.00 41.00 0.07 0.51 0.00 1.00 0.00 6.00 11.00 14.00 9.00 16.00 4.00 0.00 0.00 0.00 0.00 0.00
153.00 18.00 22.00 47.00 89.00 25.00 42.00 0.10 1.44 0.00 1.00 0.00 4.00 8.00 14.00 10.00 13.00 5.00 0.00 0.00 0.00 1.00 0.00
154.00 14.00 14.00 33.00 70.00 19.00 37.00 0.07 0.37 0.00 1.00 0.00 6.00 11.00 8.00 3.00 12.00 2.00 0.00 0.00 0.00 0.00 0.00
155.00 15.00 17.00 41.00 76.00 24.00 35.00 0.09 0.43 0.00 1.00 0.00 3.00 7.00 12.00 8.00 8.00 7.00 0.00 0.00 0.00 0.00 0.00
156.00 16.00 21.00 47.00 78.00 26.00 31.00 0.09 0.41 0.00 0.00 0.00 3.00 4.00 13.00 12.00 11.00 5.00 0.00 0.00 1.00 0.00 0.00
157.00 21.00 26.00 57.00 97.00 31.00 40.00 0.08 0.59 0.00 2.00 0.00 4.00 9.00 17.00 12.00 14.00 7.00 0.00 0.00 0.00 0.00 0.00
158.00 17.00 20.00 42.00 84.00 22.00 42.00 0.08 0.57 0.00 1.00 0.00 4.00 4.00 13.00 13.00 9.00 8.00 0.00 0.00 0.00 1.00 0.00
159.00 15.00 19.00 41.00 70.00 22.00 29.00 0.09 0.46 0.00 2.00 0.00 4.00 9.00 11.00 6.00 13.00 2.00 0.00 0.00 0.00 0.00 0.00
160.00 12.00 4.00 21.00 49.00 17.00 28.00 0.09 1.82 0.00 1.00 0.00 4.00 8.00 8.00 4.00 11.00 1.00 0.00 0.00 0.00 0.00 0.00
161.00 13.00 13.00 29.00 61.00 16.00 32.00 0.09 0.38 0.00 2.00 0.00 5.00 7.00 8.00 6.00 10.00 3.00 0.00 0.00 0.00 0.00 0.00
162.00 16.00 7.00 28.00 64.00 21.00 36.00 0.10 2.37 0.00 2.00 0.00 3.00 8.00 13.00 8.00 12.00 4.00 0.00 0.00 0.00 0.00 0.00
163.00 19.00 16.00 52.00 91.00 36.00 39.00 0.08 1.48 0.00 1.00 0.00 6.00 9.00 13.00 10.00 12.00 7.00 0.00 0.00 0.00 0.00 0.00
164.00 14.00 7.00 25.00 66.00 18.00 41.00 0.09 1.89 0.00 1.00 0.00 5.00 6.00 9.00 8.00 10.00 4.00 0.00 0.00 0.00 0.00 0.00
165.00 11.00 9.00 24.00 51.00 15.00 27.00 0.08 0.44 0.00 0.00 0.00 1.00 6.00 10.00 5.00 8.00 3.00 0.00 0.00 0.00 0.00 0.00
166.00 13.00 8.00 20.00 54.00 12.00 34.00 0.08 0.80 0.00 0.00 0.00 7.00 10.00 6.00 3.00 10.00 3.00 0.00 0.00 0.00 0.00 0.00
167.00 7.00 1.00 12.00 30.00 11.00 18.00 0.08 0.35 0.00 0.00 0.00 4.00 6.00 3.00 1.00 6.00 1.00 0.00 0.00 0.00 0.00 0.00
168.00 7.00 4.00 12.00 33.00 8.00 21.00 0.08 0.24 0.00 0.00 0.00 1.00 2.00 6.00 5.00 6.00 1.00 0.00 0.00 0.00 0.00 0.00
