0.00 4.00 0.00 2.00 9.00 2.00 7.00 0.08 0.13 0.00 0.00 0.00 2.00 4.00 2.00 0.00 4.00 0.00 0.00 0.00 0.00 0.00 0.00
1.00 5.00 0.00 2.00 17.00 2.00 15.00 0.07 0.33 0.00 0.00 0.00 4.00 4.00 1.00 1.00 4.00 1.00 0.00 0.00 0.00 0.00 0.00
2.00 10.00 6.00 21.00 46.00 15.00 25.00 0.09 0.30 0.00 1.00 0.00 4.00 6.00 6.00 4.00 10.00 0.00 0.00 0.00 0.00 0.00 0.00
3.00 14.00 13.00 32.00 65.00 19.00 33.00 0.07 0.52 0.00 1.00 0.00 5.00 10.00 9.00 4.00 12.00 2.00 0.00 0.00 0.00 0.00 0.00
4.00 12.00 10.00 30.00 53.00 20.00 23.00 0.10 0.44 0.00 0.00 0.00 3.00 7.00 9.00 5.00 11.00 1.00 0.00 0.00 0.00 1.00 0.00
5.00 8.00 3.00 12.00 37.00 9.00 25.00 0.08 0.35 0.00 0.00 0.00 4.00 6.00 4.00 2.00 8.00 0.00 0.00 0.00 0.00 0.00 0.00
6.00 13.00 12.00 34.00 62.00 22.00 28.00 0.10 0.52 1.00 0.00 0.00 5.00 9.00 8.00 4.00 11.00 2.00 0.00 0.00 0.00 0.00 0.00
7.00 7.00 1.00 8.00 30.00 7.00 22.00 0.09 0.47 0.00 0.00 0.00 3.00 6.00 4.00 1.00 7.00 0.00 0.00 0.00 0.00 0.00 0.00
8.00 9.00 6.00 17.00 37.00 11.00 20.00 0.07 0.52 0.00 0.00 0.00 4.00 5.00 5.00 4.00 7.00 2.00 0.00 0.00 0.00 0.00 0.00
9.00 4.00 0.00 4.00 17.00 4.00 13.00 0.09 0.17 0.00 0.00 0.00 1.00 3.00 3.00 1.00 4.00 0.00 0.00 0.00 0.00 0.00 0.00
10.00 4.00 0.00 3.00 14.00 3.00 11.00 0.10 0.35 0.00 0.00 0.00 3.00 3.00 1.00 1.00 4.00 0.00 0.00 0.00 0.00 0.00 0.00
11.00 5.00 0.00 5.00 19.00 5.00 14.00 0.08 0.22 0.00 0.00 0.00 3.00 4.00 2.00 1.00 5.00 0.00 0.00 0.00 0.00 1.00 0.00
12.00 6.00 3.00 8.00 26.00 5.00 18.00 0.10 0.21 0.00 0.00 0.00 3.00 5.00 3.00 1.00 6.00 0.00 0.00 0.00 0.00 0.00 0.00
13.00 13.00 7.00 30.00 64.00 23.00 34.00 0.09 0.41 0.00 0.00 0.00 3.00 7.00 10.00 6.00 9.00 4.00 0.00 0.00 0.00 0.00 0.00
14.00 17.00 10.00 31.00 80.00 21.00 49.00 0.08 1.54 0.00 0.00 0.00 8.00 11.00 9.00 6.00 13.00 4.00 1.00 0.00 1.00 0.00 0.00
15.00 10.00 7.00 18.00 44.00 11.00 26.00 0.10 0.41 0.00 0.00 0.00 3.00 6.00 7.00 4.00 8.00 2.00 0.00 0.00 0.00 0.00 0.00
16.00 5.00 0.00 5.00 19.00 5.00 14.00 0.08 0.36 0.00 0.00 0.00 2.00 5.00 3.00 0.00 5.00 0.00 0.00 0.00 0.00 0.00 0.00
17.00 10.00 4.00 18.00 45.00 14.00 27.00 0.08 0.37 0.00 0.00 0.00 2.00 9.00 8.00 1.00 9.00 1.00 0.00 0.00 0.00 0.00 0.00
18.00 8.00 4.00 14.00 33.00 10.00 19.00 0.08 0.27 0.00 0.00 0.00 4.00 6.00 4.00 2.00 7.00 1.00 0.00 0.00 0.00 0.00 0.00
19.00 12.00 10.00 27.00 59.00 17.00 32.00 0.08 0.36 0.00 0.00 0.00 2.00 4.00 10.00 8.00 7.00 5.00 0.00 0.00 0.00 0.00 0.00
20.00 13.00 9.00 26.00 63.00 17.00 37.00 0.08 0.38 0.00 0.00 0.00 5.00 9.00 8.00 4.00 12.00 1.00 0.00 0.00 0.00 0.00 0.00
21.00 15.00 13.00 37.00 71.00 24.00 34.00 0.09 0.48 0.00 0.00 0.00 4.00 7.00 11.00 8.00 10.00 5.00 1.00 0.00 0.00 0.00 0.00
22.00 17.00 4.00 35.00 79.00 31.00 44.00 0.09 1.34 0.00 0.00 0.00 3.00 6.00 14.00 11.00 11.00 6.00 1.00 0.00 0.00 0.00 0.00
23.00 11.00 4.00 19.00 51.00 15.00 32.00 0.09 0.48 0.00 0.00 0.00 3.00 7.00 8.00 4.00 10.00 1.00 0.00 0.00 0.00 0.00 0.00
24.00 14.00 8.00 29.00 63.00 21.00 34.00 0.07 0.54 0.00 0.00 0.00 4.00 9.00 10.00 5.00 10.00 4.00 1.00 0.00 0.00 0.00 0.00
25.00 17.00 10.00 32.00 82.00 22.00 50.00 0.09 0.53 0.00 0.00 0.00 6.00 8.00 11.00 9.00 15.00 2.00 0.00 0.00 0.00 0.00 0.00
26.00 18.00 15.00 50.00 97.00 35.00 47.00 0.08 1.53 0.00 1.00 0.00 4.00 4.00 14.00 14.00 8.00 10.00 1.00 0.00 0.00 0.00 0.00
27.00 23.00 20.00 49.00 115.00 29.00 66.00 0.10 0.98 0.00 0.00 0.00 6.00 10.00 17.00 13.00 14.00 9.00 1.00 0.00 0.00 0.00 0.00
28.00 19.00 20.00 48.00 88.00 28.00 40.00 0.08 0.66 0.00 0.00 0.00 6.00 8.00 13.00 11.00 13.00 6.00 1.00 0.00 0.00 0.00 0.00
29.00 21.00 31.00 61.00 107.00 30.00 46.00 0.08 0.52 0.00 2.00 0.00 7.00 10.00 14.00 11.00 18.00 3.00 0.00 0.00 0.00 0.00 0.00
30.00 21.00 19.00 50.00 104.00 31.00 54.00 0.07 0.76 0.00 0.00 0.00 7.00 11.00 14.00 10.00 18.00 3.00 1.00 0.00 0.00 0.00 0.00
31.00 19.00 12.00 50.00 102.00 38.00 52.00 0.08 0.62 0.00 0.00 0.00 6.00 10.00 13.00 9.00 12.00 7.00 1.00 0.00 0.00 0.00 0.00
32.00 22.00 18.00 52.00 108.00 34.00 56.00 0.09 0.67 0.00 0.00 0.00 7.00 12.00 15.00 10.00 19.00 3.00 1.00 0.00 0.00 0.00 0.00
33.00 20.00 13.00 45.00 107.00 32.00 62.00 0.09 0.59 1.00 1.00 1.00 3.00 10.00 17.00 10.00 14.00 6.00 0.00 0.00 0.00 0.00 0.00
34.00 21.00 16.00 51.00 99.00 35.00 48.00 0.08 0.73 0.00 1.00 0.00 4.00 10.00 17.00 11.00 14.00 7.00 1.00 0.00 1.00 0.00 0.00
35.00 21.00 16.00 45.00 98.00 29.00 53.00 0.10 0.87 0.00 1.00 0.00 8.00 13.00 13.00 8.00 14.00 7.00 1.00 0.00 0.00 0.00 0.00
36.00 21.00 19.00 50.00 104.00 31.00 54.00 0.08 1.37 0.00 1.00 0.00 6.00 13.00 15.00 8.00 15.00 6.00 1.00 0.00 1.00 0.00 0.00
37.00 25.00 24.00 69.00 130.00 45.00 61.00 0.07 1.25 0.00 2.00 0.00 7.00 13.00 18.00 12.00 15.00 10.00 0.00 0.00 0.00 0.00 0.00
38.00 27.00 20.00 58.00 128.00 38.00 70.00 0.09 2.43 0.00 0.00 0.00 9.00 17.00 18.00 10.00 20.00 7.00 1.00 0.00 1.00 0.00 0.00
39.00 25.00 30.00 68.00 132.00 38.00 64.00 0.10 2.30 0.00 0.00 0.00 5.00 10.00 20.00 15.00 15.00 10.00 0.00 0.00 1.00 0.00 0.00
40.00 15.00 5.00 34.00 75.00 29.00 41.00 0.10 2.46 0.00 0.00 0.00 5.00 9.00 10.00 6.00 12.00 3.00 0.00 0.00 0.00 0.00 0.00
41.00 16.00 6.00 32.00 80.00 26.00 48.00 0.09 1.61 0.00 0.00 0.00 6.00 11.00 10.00 5.00 14.00 2.00 1.00 0.00 0.00 0.00 0.00
42.00 22.00 11.00 46.00 111.00 35.00 65.00 0.08 0.85 0.00 0.00 0.00 7.00 13.00 15.00 9.00 16.00 6.00 1.00 0.00 0.00 0.00 0.00
43.00 12.00 5.00 20.00 60.00 15.00 40.00 0.09 1.55 0.00 0.00 0.00 5.00 7.00 7.00 5.00 12.00 0.00 0.00 0.00 0.00 0.00 0.00
44.00 19.00 15.00 45.00 93.00 30.00 48.00 0.10 0.61 0.00 0.00 0.00 8.00 15.00 11.00 4.00 16.00 3.00 1.00 0.00 0.00 0.00 0.00
45.00 22.00 16.00 57.00 113.00 41.00 56.00 0.09 0.80 0.00 0.00 0.00 12.00 15.00 10.00 7.00 20.00 2.00 1.00 0.00 0.00 0.00 0.00
46.00 29.00 28.00 79.00 154.00 51.00 75.00 0.09 1.82 1.00 1.00 1.00 4.00 14.00 25.00 15.00 18.00 11.00 0.00 0.00 0.00 0.00 0.00
47.00 21.00 17.00 49.00 108.00 32.00 59.00 0.09 1.31 0.00 0.00 0.00 4.00 10.00 17.00 11.00 15.00 6.00 0.00 0.00 0.00 0.00 0.00
48.00 16.00 12.00 34.00 71.00 22.00 37.00 0.09 0.71 0.00 0.00 0.00 4.00 9.00 12.00 7.00 12.00 4.00 1.00 0.00 0.00 0.00 0.00
49.00 19.00 8.00 41.00 91.00 33.00 50.00 0.09 0.65 0.00 0.00 0.00 8.00 10.00 11.00 9.00 12.00 7.00 1.00 0.00 0.00 0.00 0.00
50.00 18.00 12.00 43.00 88.00 31.00 45.00 0.09 1.26 0.00 0.00 0.00 6.00 11.00 12.00 7.00 12.00 6.00 1.00 0.00 0.00 0.00 0.00
51.00 23.00 17.00 51.00 105.00 34.00 54.00 0.08 0.72 0.00 0.00 0.00 8.00 16.00 15.00 7.00 17.00 6.00 1.00 0.00 0.00 0.00 0.00
52.00 20.00 18.00 52.00 102.00 34.00 50.00 0.07 0.64 0.00 0.00 0.00 5.00 10.00 15.00 10.00 12.00 8.00 1.00 0.00 0.00 0.00 0.00
53.00 23.00 22.00 54.00 113.00 32.00 59.00 0.09 0.62 0.00 1.00 0.00 5.00 14.00 18.00 9.00 16.00 7.00 0.00 0.00 1.00 0.00 0.00
54.00 17.00 12.00 38.00 80.00 26.00 42.00 0.08 2.37 0.00 0.00 0.00 3.00 7.00 14.00 10.00 15.00 2.00 1.00 0.00 1.00 0.00 0.00
55.00 20.00 19.00 54.00 100.00 35.00 46.00 0.10 0.51 0.00 0.00 0.00 4.00 12.00 16.00 8.00 14.00 6.00 0.00 0.00 0.00 0.00 0.00
56.00 26.00 27.00 75.00 133.00 48.00 58.00 0.10 1.89 0.00 1.00 0.00 8.00 16.00 18.00 10.00 18.00 8.00 1.00 0.00 1.00 0.00 0.00
57.00 25.00 25.00 66.00 132.00 41.00 66.00 0.08 3.19 0.00 1.00 0.00 5.00 14.00 20.00 11.00 16.00 9.00 1.00 0.00 1.00 1.00 0.00
58.00 29.00 38.00 80.00 146.00 42.00 66.00 0.10 2.10 0.00 1.00 0.00 7.00 15.00 22.00 14.00 18.00 11.00 1.00 0.00 0.00 1.00 0.00
59.00 30.00 27.00 77.00 152.00 50.00 75.00 0.09 2.80 0.00 1.00 0.00 5.00 12.00 25.00 18.00 20.00 10.00 0.00 0.00 2.00 0.00 0.00
60.00 29.00 35.00 77.00 147.00 42.00 70.00 0.09 3.14 0.00 0.00 0.00 6.00 13.00 23.00 16.00 19.00 10.00 1.00 0.00 1.00 0.00 0.00
61.00 25.00 18.00 71.00 126.00 53.00 55.00 0.09 3.19 0.00 0.00 0.00 5.00 11.00 20.00 14.00 20.00 5.00 0.00 0.00 2.00 0.00 0.00
62.00 26.00 26.00 73.00 136.00 47.00 63.00 0.07 3.07 0.00 0.00 0.00 3.00 12.00 23.00 14.00 18.00 8.00 0.00 0.00 2.00 0.00 0.00
63.00 27.00 30.00 73.00 135.00 43.00 62.00 0.08 2.83 0.00 0.00 0.00 13.00 16.00 14.00 11.00 20.00 7.00 1.00 0.00 2.00 0.00 0.00
64.00 28.00 32.00 80.00 148.00 48.00 68.00 0.06 2.78 0.00 0.00 0.00 4.00 12.00 24.00 16.00 17.00 11.00 1.00 0.00 1.00 0.00 0.00
65.00 26.00 30.00 76.00 134.00 46.00 58.00 0.08 3.24 0.00 0.00 0.00 7.00 13.00 19.00 13.00 17.00 9.00 1.00 0.00 1.00 0.00 0.00
66.00 26.00 18.00 62.00 130.00 44.00 68.00 0.10 3.28 0.00 0.00 0.00 5.00 11.00 21.00 15.00 17.00 9.00 1.00 0.00 1.00 0.00 0.00
67.00 24.00 23.00 63.00 121.00 40.00 58.00 0.07 3.43 0.00 0.00 0.00 7.00 11.00 17.00 13.00 17.00 7.00 1.00 0.00 2.00 0.00 0.00
68.00 26.00 31.00 75.00 137.00 44.00 62.00 0.07 1.87 0.00 0.00 0.00 5.00 10.00 21.00 16.00 14.00 12.00 0.00 0.00 1.00 0.00 0.00
69.00 28.00 27.00 69.00 142.00 42.00 73.00 0.07 2.29 0.00 0.00 0.00 9.00 14.00 19.00 14.00 19.00 9.00 1.00 0.00 2.00 0.00 0.00
70.00 28.00 27.00 77.00 150.00 50.00 73.00 0.07 1.84 0.00 1.00 0.00 4.00 11.00 24.00 17.00 17.00 11.00 1.00 0.00 3.00 0.00 0.00
71.00 30.00 23.00 82.00 150.00 59.00 68.00 0.08 2.98 0.00 1.00 0.00 10.00 17.00 20.00 13.00 25.00 5.00 1.00 0.00 0.00 0.00 0.00
72.00 25.00 26.00 77.00 128.00 51.00 51.00 0.08 0.65 0.00 0.00 0.00 7.00 12.00 18.00 13.00 14.00 11.00 0.00 0.00 2.00 0.00 0.00
73.00 21.00 15.00 53.00 113.00 38.00 60.00 0.09 2.18 0.00 1.00 0.00 6.00 9.00 15.00 12.00 12.00 9.00 0.00 0.00 1.00 0.00 1.00
74.00 28.00 29.00 71.00 140.00 42.00 69.00 0.08 1.79 0.00 2.00 0.00 7.00 10.00 21.00 18.00 20.00 8.00 0.00 0.00 1.00 0.00 0.00
75.00 30.00 33.00 86.00 151.00 53.00 65.00 0.09 0.95 0.00 2.00 0.00 10.00 16.00 20.00 14.00 24.00 6.00 0.00 0.00 0.00 0.00 1.00
76.00 24.00 20.00 63.00 125.00 43.00 62.00 0.07 0.92 0.00 1.00 0.00 8.00 12.00 16.00 12.00 17.00 7.00 0.00 0.00 0.00 0.00 1.00
77.00 28.00 30.00 78.00 147.00 48.00 69.00 0.10 1.55 0.00 0.00 0.00 8.00 12.00 20.00 16.00 17.00 11.00 0.00 0.00 1.00 0.00 1.00
78.00 32.00 34.00 79.00 151.00 45.00 72.00 0.08 2.83 0.00 0.00 0.00 8.00 15.00 24.00 17.00 24.00 8.00 1.00 0.00 1.00 0.00 0.00
79.00 28.00 27.00 73.00 152.00 46.00 79.00 0.09 1.53 0.00 1.00 0.00 5.00 9.00 23.00 19.00 16.00 12.00 0.00 0.00 2.00 0.00 0.00
80.00 21.00 22.00 52.00 113.00 30.00 61.00 0.07 1.54 0.00 0.00 0.00 4.00 11.00 17.00 10.00 13.00 8.00 1.00 0.00 0.00 0.00 0.00
81.00 20.00 13.00 44.00 97.00 31.00 53.00 0.09 0.85 0.00 1.00 0.00 8.00 12.00 12.00 8.00 15.00 5.00 0.00 0.00 0.00 0.00 0.00
82.00 30.00 34.00 84.00 153.00 50.00 69.00 0.10 1.00 0.00 1.00 0.00 10.00 15.00 20.00 15.00 21.00 9.00 0.00 0.00 1.00 0.00 0.00
83.00 25.00 29.00 71.00 128.00 42.00 57.00 0.10 0.69 0.00 1.00 0.00 6.00 12.00 19.00 13.00 15.00 10.00 1.00 0.00 1.00 0.00 0.00
84.00 26.00 24.00 76.00 139.00 52.00 63.00 0.07 0.73 0.00 1.00 0.00 3.00 10.00 23.00 16.00 16.00 10.00 0.00 0.00 2.00 0.00 0.00
85.00 21.00 15.00 47.00 103.00 32.00 56.00 0.09 1.36 0.00 0.00 0.00 6.00 9.00 15.00 12.00 16.00 5.00 0.00 0.00 1.00 0.00 0.00
86.00 24.00 19.00 61.00 125.00 42.00 64.00 0.08 1.51 0.00 1.00 0.00 5.00 10.00 19.00 14.00 16.00 8.00 0.00 0.00 1.00 0.00 0.00
87.00 25.00 23.00 64.00 119.00 41.00 55.00 0.07 0.81 0.00 0.00 0.00 6.00 10.00 19.00 15.00 15.00 10.00 0.00 0.00 0.00 0.00 0.00
88.00 16.00 7.00 29.00 69.00 22.00 40.00 0.08 1.48 0.00 0.00 0.00 7.00 11.00 9.00 5.00 14.00 2.00 0.00 0.00 0.00 0.00 0.00
89.00 22.00 14.00 55.00 109.00 41.00 54.00 0.09 0.92 0.00 1.00 0.00 8.00 11.00 14.00 11.00 15.00 7.00 0.00 0.00 0.00 0.00 0.00
90.00 25.00 27.00 73.00 128.00 46.00 55.00 0.08 1.44 1.00 2.00 0.50 4.00 12.00 21.00 13.00 18.00 7.00 0.00 0.00 0.00 0.00 0.00
91.00 25.00 32.00 69.00 126.00 37.00 57.00 0.08 0.85 1.00 0.00 0.00 7.00 12.00 18.00 13.00 14.00 11.00 0.00 0.00 0.00 0.00 0.00
92.00 21.00 18.00 54.00 113.00 36.00 59.00 0.08 2.60 0.00 1.00 0.00 4.00 7.00 17.00 14.00 14.00 7.00 0.00 0.00 1.00 1.00 0.00
93.00 26.00 21.00 67.00 131.00 46.00 64.00 0.08 1.41 0.00 0.00 0.00 7.00 12.00 19.00 14.00 17.00 9.00 0.00 0.00 0.00 0.00 0.00
94.00 18.00 9.00 44.00 94.00 35.00 50.00 0.09 2.31 0.00 0.00 0.00 1.00 10.00 17.00 8.00 15.00 3.00 0.00 0.00 0.00 0.00 0.00
95.00 34.00 44.00 98.00 168.00 54.00 70.00 0.08 2.28 0.00 0.00 0.00 7.00 17.00 27.00 17.00 24.00 10.00 1.00 0.00 0.00 0.00 0.00
96.00 31.00 40.00 92.00 169.00 52.00 77.00 0.10 1.96 0.00 1.00 0.00 5.00 12.00 26.00 19.00 18.00 13.00 0.00 0.00 0.00 0.00 0.00
97.00 32.00 38.00 102.00 166.00 64.00 64.00 0.08 2.33 0.00 1.00 0.00 7.00 12.00 25.00 20.00 19.00 13.00 0.00 0.00 1.00 0.00 0.00
98.00 34.00 48.00 91.00 170.00 43.00 79.00 0.08 2.18 0.00 1.00 0.00 11.00 19.00 23.00 15.00 23.00 11.00 0.00 0.00 0.00 0.00 0.00
99.00 34.00 38.00 94.00 179.00 56.00 85.00 0.07 2.24 1.00 1.00 1.00 8.00 14.00 26.00 20.00 22.00 12.00 0.00 0.00 1.00 0.00 0.00
100.00 29.00 36.00 88.00 150.00 52.00 62.00 0.08 2.43 2.00 1.00 2.00 4.00 13.00 25.00 16.00 19.00 10.00 0.00 0.00 0.00 2.00 0.00
101.00 35.00 51.00 107.00 177.00 56.00 70.00 0.09 3.48 2.00 1.00 2.00 10.00 18.00 25.00 17.00 23.00 12.00 0.00 0.00 2.00 2.00 0.00
102.00 37.00 50.00 96.00 188.00 46.00 92.00 0.08 3.90 0.00 1.00 0.00 8.00 18.00 29.00 19.00 20.00 17.00 0.00 0.00 1.00 0.00 0.00
103.00 31.00 45.00 90.00 156.00 45.00 66.00 0.08 2.67 1.00 2.00 0.50 8.00 12.00 23.00 19.00 22.00 9.00 0.00 0.00 2.00 0.00 0.00
104.00 31.00 41.00 84.00 159.00 43.00 75.00 0.09 3.47 1.00 1.00 1.00 9.00 17.00 22.00 14.00 21.00 10.00 0.00 0.00 2.00 0.00 0.00
105.00 27.00 31.00 73.00 132.00 42.00 59.00 0.10 3.08 0.00 1.00 0.00 4.00 11.00 23.00 16.00 17.00 10.00 0.00 0.00 1.00 0.00 0.00
106.00 34.00 33.00 86.00 160.00 53.00 74.00 0.09 2.01 1.00 1.00 1.00 9.00 17.00 25.00 17.00 20.00 14.00 0.00 0.00 1.00 0.00 0.00
107.00 28.00 33.00 85.00 147.00 52.00 62.00 0.08 1.96 1.00 1.00 1.00 7.00 10.00 21.00 18.00 17.00 11.00 0.00 0.00 1.00 0.00 0.00
108.00 30.00 33.00 85.00 148.00 52.00 63.00 0.09 2.66 1.00 2.00 0.50 9.00 15.00 21.00 15.00 18.00 12.00 0.00 0.00 1.00 0.00 0.00
109.00 27.00 29.00 78.00 143.00 49.00 65.00 0.07 1.98 1.00 1.00 1.00 5.00 8.00 22.00 19.00 15.00 12.00 0.00 0.00 1.00 0.00 0.00
110.00 28.00 34.00 81.00 148.00 47.00 67.00 0.07 1.94 1.00 1.00 1.00 3.00 9.00 25.00 19.00 15.00 13.00 0.00 0.00 2.00 0.00 0.00
111.00 31.00 50.00 95.00 157.00 45.00 62.00 0.08 2.17 0.00 1.00 0.00 6.00 19.00 25.00 12.00 22.00 9.00 0.00 0.00 0.00 0.00 0.00
112.00 21.00 19.00 51.00 103.00 32.00 52.00 0.07 1.43 1.00 1.00 1.00 9.00 12.00 12.00 9.00 16.00 5.00 0.00 0.00 1.00 0.00 0.00
113.00 24.00 35.00 70.00 124.00 35.00 54.00 0.08 2.00 0.00 1.00 0.00 5.00 12.00 19.00 12.00 17.00 7.00 0.00 0.00 1.00 0.00 0.00
114.00 31.00 38.00 83.00 151.00 45.00 68.00 0.07 2.32 1.00 1.00 1.00 7.00 15.00 24.00 16.00 23.00 8.00 0.00 0.00 1.00 0.00 0.00
115.00 32.00 41.00 95.00 164.00 54.00 69.00 0.10 2.57 0.00 1.00 0.00 12.00 14.00 20.00 18.00 21.00 11.00 0.00 0.00 2.00 0.00 0.00
116.00 28.00 24.00 71.00 145.00 47.00 74.00 0.10 2.42 1.00 1.00 1.00 5.00 11.00 23.00 17.00 19.00 9.00 0.00 0.00 0.00 0.00 0.00
117.00 28.00 39.00 81.00 141.00 42.00 60.00 0.07 1.43 1.00 1.00 1.00 10.00 13.00 18.00 15.00 19.00 9.00 0.00 0.00 2.00 0.00 0.00
118.00 27.00 33.00 76.00 136.00 43.00 60.00 0.09 2.57 1.00 1.00 1.00 8.00 15.00 19.00 12.00 18.00 9.00 0.00 0.00 0.00 0.00 0.00
119.00 22.00 21.00 58.00 111.00 37.00 53.00 0.07 2.59 1.00 1.00 1.00 5.00 6.00 17.00 16.00 12.00 10.00 0.00 0.00 1.00 0.00 0.00
120.00 31.00 46.00 91.00 162.00 45.00 71.00 0.09 3.06 1.00 1.00 1.00 8.00 17.00 23.00 14.00 21.00 10.00 0.00 0.00 1.00 0.00 0.00
121.00 24.00 24.00 65.00 117.00 41.00 52.00 0.07 2.63 1.00 1.00 1.00 9.00 10.00 15.00 14.00 13.00 11.00 0.00 0.00 1.00 0.00 1.00
122.00 23.00 26.00 62.00 112.00 36.00 50.00 0.08 1.34 0.00 1.00 0.00 6.00 10.00 17.00 13.00 16.00 7.00 0.00 0.00 1.00 0.00 0.00
123.00 20.00 20.00 55.00 103.00 35.00 48.00 0.08 1.41 0.00 1.00 0.00 8.00 10.00 12.00 10.00 13.00 7.00 0.00 0.00 1.00 0.00 0.00
124.00 17.00 20.00 49.00 81.00 29.00 32.00 0.09 0.64 0.00 0.00 0.00 5.00 10.00 12.00 7.00 14.00 3.00 0.00 0.00 1.00 0.00 0.00
125.00 20.00 33.00 59.00 97.00 26.00 38.00 0.08 0.57 0.00 1.00 0.00 5.00 11.00 15.00 9.00 12.00 8.00 0.00 0.00 1.00 0.00 0.00
126.00 20.00 19.00 51.00 101.00 32.00 50.00 0.08 0.56 0.00 1.00 0.00 4.00 9.00 16.00 11.00 10.00 10.00 0.00 0.00 1.00 0.00 0.00
127.00 20.00 27.00 54.00 96.00 27.00 42.00 0.07 0.63 0.00 1.00 0.00 5.00 9.00 15.00 11.00 12.00 8.00 0.00 0.00 1.00 0.00 0.00
128.00 18.00 12.00 27.00 83.00 15.00 56.00 0.09 2.82 0.00 1.00 0.00 5.00 10.00 13.00 8.00 16.00 2.00 0.00 0.00 1.00 0.00 0.00
129.00 20.00 23.00 53.00 95.00 30.00 42.00 0.09 2.14 0.00 0.00 0.00 6.00 7.00 14.00 13.00 10.00 10.00 0.00 0.00 1.00 0.00 0.00
130.00 15.00 17.00 40.00 74.00 23.00 34.00 0.08 0.50 0.00 1.00 0.00 3.00 10.00 12.00 5.00 10.00 5.00 0.00 0.00 1.00 0.00 0.00
131.00 16.00 19.00 40.00 72.00 21.00 32.00 0.08 1.43 0.00 1.00 0.00 6.00 11.00 10.00 5.00 12.00 4.00 0.00 0.00 0.00 0.00 0.00
132.00 17.00 19.00 46.00 85.00 27.00 39.00 0.08 1.43 0.00 2.00 0.00 4.00 7.00 13.00 10.00 9.00 8.00 0.00 0.00 0.00 0.00 0.00
133.00 18.00 19.00 47.00 85.00 28.00 38.00 0.08 0.54 0.00 2.00 0.00 6.00 11.00 12.00 7.00 15.00 3.00 0.00 0.00 0.00 0.00 0.00
134.00 20.00 26.00 57.00 94.00 31.00 37.00 0.09 1.45 0.00 2.00 0.00 7.00 10.00 13.00 10.00 14.00 6.00 0.00 0.00 0.00 0.00 0.00
135.00 18.00 21.00 47.00 89.00 26.00 42.00 0.08 1.47 0.00 2.00 0.00 7.00 9.00 11.00 9.00 14.00 4.00 0.00 0.00 0.00 0.00 0.00
136.00 20.00 20.00 49.00 94.00 29.00 45.00 0.09 2.05 0.00 2.00 0.00 5.00 11.00 15.00 9.00 14.00 6.00 0.00 0.00 0.00 0.00 0.00
137.00 17.00 19.00 45.00 90.00 26.00 45.00 0.09 0.62 0.00 2.00 0.00 6.00 9.00 11.00 8.00 13.00 4.00 0.00 0.00 0.00 0.00 0.00
138.00 20.00 24.00 51.00 96.00 27.00 45.00 0.07 0.51 0.00 1.00 0.00 7.00 15.00 13.00 5.00 17.00 3.00 0.00 0.00 0.00 0.00 0.00
139.00 21.00 23.00 50.00 96.00 27.00 46.00 0.08 1.19 0.00 1.00 0.00 8.00 14.00 13.00 7.00 20.00 1.00 0.00 0.00 0.00 0.00 0.00
140.00 19.00 25.00 50.00 84.00 25.00 34.00 0.09 0.60 0.00 2.00 0.00 9.00 11.00 10.00 8.00 12.00 7.00 0.00 0.00 0.00 0.00 0.00
141.00 20.00 22.00 49.00 94.00 27.00 45.00 0.09 0.57 0.00 2.00 0.00 6.00 10.00 14.00 10.00 19.00 1.00 0.00 0.00 0.00 0.00 0.00
142.00 15.00 13.00 37.00 75.00 24.00 38.00 0.08 0.44 0.00 1.00 0.00 3.00 8.00 12.00 7.00 12.00 3.00 0.00 0.00 0.00 0.00 0.00
143.00 18.00 17.00 47.00 84.00 30.00 37.00 0.09 0.46 0.00 2.00 0.00 3.00 10.00 15.00 8.00 13.00 5.00 0.00 0.00 0.00 0.00 0.00
144.00 16.00 8.00 36.00 77.00 28.00 41.00 0.08 0.63 1.00 2.00 0.50 5.00 9.00 11.00 7.00 12.00 4.00 0.00 0.00 0.00 0.00 0.00
145.00 23.00 25.00 55.00 106.00 30.00 51.00 0.08 1.97 0.00 1.00 0.00 8.00 15.00 15.00 8.00 18.00 5.00 0.00 0.00 0.00 0.00 1.00
146.00 17.00 18.00 43.00 84.00 25.00 41.00 0.08 0.48 0.00 3.00 0.00 4.00 10.00 13.00 7.00 12.00 5.00 0.00 0.00 0.00 0.00 0.00
147.00 17.00 10.00 41.00 81.00 31.00 40.00 0.09 0.60 0.00 3.00 0.00 4.00 6.00 13.00 11.00 11.00 6.00 0.00 0.00 0.00 0.00 0.00
148.00 21.00 28.00 59.00 106.00 31.00 47.00 0.08 0.51 0.00 2.00 0.00 6.00 11.00 15.00 10.00 14.00 7.00 0.00 0.00 0.00 0.00 0.00
149.00 19.00 22.00 52.00 93.00 30.00 41.00 0.08 1.33 0.00 0.00 0.00 7.00 8.00 12.00 11.00 10.00 9.00 0.00 0.00 0.00 0.00 0.00
150.00 15.00 17.00 35.00 71.00 18.00 36.00 0.07 0.37 0.00 1.00 0.00 5.00 8.00 10.00 7.00 13.00 2.00 0.00 0.00 0.00 0.00 0.00
151.00 16.00 12.00 36.00 74.00 24.00 38.00 0.07 1.48 0.00 1.00 0.00 4.00 9.00 12.00 7.00 11.00 5.00 0.00 0.00 0.00 0.00 0.00
152.00 18.00 19.00 42.00 85.00 23.00 43.00 0.09 1.38 0.00 1.00 0.00 3.00 9.00 15.00 9.00 12.00 6.00 0.00 0.00 0.00 0.00 0.00
153.00 18.00 20.00 43.00 83.00 23.00 40.00 0.07 0.35 0.00 1.00 0.00 6.00 10.00 12.00 8.00 14.00 4.00 0.00 0.00 0.00 0.00 0.00
154.00 19.00 28.00 52.00 90.00 24.00 38.00 0.09 0.47 0.00 1.00 0.00 7.00 11.00 12.00 8.00 16.00 3.00 0.00 0.00 1.00 0.00 0.00
155.00 20.00 21.00 50.00 91.00 29.00 41.00 0.07 0.51 0.00 1.00 0.00 6.00 11.00 14.00 9.00 16.00 4.00 0.00 0.00 0.00 0.00 0.00
156.00 18.00 22.00 47.00 89.00 25.00 42.00 0.10 1.44 0.00 1.00 0.00 4.00 8.00 14.00 10.00 13.00 5.00 0.00 0.00 0.00 1.00 0.00
157.00 14.00 14.00 33.00 70.00 19.00 37.00 0.07 0.37 0.00 1.00 0.00 6.00 11.00 8.00 3.00 12.00 2.00 0.00 0.00 0.00 0.00 0.00
158.00 15.00 17.00 41.00 76.00 24.00 35.00 0.09 0.43 0.00 1.00 0.00 3.00 7.00 12.00 8.00 8.00 7.00 0.00 0.00 0.00 0.00 0.00
159.00 16.00 21.00 47.00 78.00 26.00 31.00 0.09 0.41 0.00 0.00 0.00 3.00 4.00 13.00 12.00 11.00 5.00 0.00 0.00 1.00 0.00 0.00
160.00 21.00 26.00 57.00 97.00 31.00 40.00 0.08 0.59 0.00 2.00 0.00 4.00 9.00 17.00 12.00 14.00 7.00 0.00 0.00 0.00 0.00 0.00
161.00 17.00 20.00 42.00 84.00 22.00 42.00 0.08 0.57 0.00 1.00 0.00 4.00 4.00 13.00 13.00 9.00 8.00 0.00 0.00 0.00 1.00 0.00
162.00 15.00 19.00 41.00 70.00 22.00 29.00 0.09 0.46 0.00 2.00 0.00 4.00 9.00 11.00 6.00 13.00 2.00 0.00 0.00 0.00 0.00 0.00
163.00 12.00 4.00 21.00 49.00 17.00 28.00 0.09 1.82 0.00 1.00 0.00 4.00 8.00 8.00 4.00 11.00 1.00 0.00 0.00 0.00 0.00 0.00
164.00 13.00 13.00 29.00 61.00 16.00 32.00 0.09 0.38 0.00 2.00 0.00 5.00 7.00 8.00 6.00 10.00 3.00 0.00 0.00 0.00 0.00 0.00
165.00 16.00 7.00 28.00 64.00 21.00 36.00 0.10 2.37 0.00 2.00 0.00 3.00 8.00 13.00 8.00 12.00 4.00 0.00 0.00 0.00 0.00 0.00
166.00 19.00 16.00 52.00 91.00 36.00 39.00 0.08 1.48 0.00 1.00 0.00 6.00 9.00 13.00 10.00 12.00 7.00 0.00 0.00 0.00 0.00 0.00
167.00 14.00 7.00 25.00 66.00 18.00 41.00 0.09 1.89 0.00 1.00 0.00 5.00 6.00 9.00 8.00 10.00 4.00 0.00 0.00 0.00 0.00 0.00
168.00 11.00 9.00 24.00 51.00 15.00 27.00 0.08 0.44 0.00 0.00 0.00 1.00 6.00 10.00 5.00 8.00 3.00 0.00 0.00 0.00 0.00 0.00
169.00 13.00 8.00 20.00 54.00 12.00 34.00 0.08 0.80 0.00 0.00 0.00 7.00 10.00 6.00 3.00 10.00 3.00 0.00 0.00 0.00 0.00 0.00
170.00 7.00 1.00 12.00 30.00 11.00 18.00 0.08 0.35 0.00 0.00 0.00 4.00 6.00 3.00 1.00 6.00 1.00 0.00 0.00 0.00 0.00 0.00
171.00 7.00 4.00 12.00 33.00 8.00 21.00 0.08 0.24 0.00 0.00 0.00 1.00 2.00 6.00 5.00 6.00 1.00 0.00 0.00 0.00 0.00 0.00
