0.00 5.00 2.00 8.00 20.00 6.00 12.00 0.08 0.30 0.00 0.00 0.00 2.00 5.00 3.00 0.00 5.00 0.00 0.00 0.00 0.00 0.00 0.00
1.00 5.00 2.00 8.00 19.00 6.00 11.00 0.09 0.16 0.00 1.00 0.00 2.00 5.00 3.00 0.00 5.00 0.00 0.00 0.00 0.00 0.00 0.00
2.00 4.00 0.00 4.00 17.00 4.00 13.00 0.09 0.32 0.00 1.00 0.00 2.00 4.00 2.00 0.00 4.00 0.00 0.00 0.00 0.00 0.00 0.00
3.00 6.00 1.00 9.00 27.00 8.00 18.00 0.10 0.45 0.00 1.00 0.00 2.00 5.00 4.00 1.00 5.00 1.00 0.00 0.00 0.00 0.00 0.00
4.00 13.00 10.00 32.00 61.00 22.00 29.00 0.09 0.46 0.00 1.00 0.00 2.00 11.00 11.00 2.00 12.00 1.00 0.00 0.00 0.00 0.00 0.00
5.00 4.00 0.00 2.00 15.00 2.00 13.00 0.09 0.29 0.00 0.00 0.00 2.00 4.00 2.00 0.00 4.00 0.00 0.00 0.00 0.00 0.00 0.00
6.00 3.00 0.00 2.00 11.00 2.00 9.00 0.07 0.15 0.00 1.00 0.00 2.00 3.00 1.00 0.00 3.00 0.00 0.00 0.00 0.00 0.00 0.00
7.00 8.00 4.00 14.00 39.00 10.00 25.00 0.09 0.54 0.00 0.00 0.00 4.00 6.00 4.00 2.00 6.00 2.00 0.00 0.00 0.00 0.00 0.00
8.00 12.00 12.00 26.00 57.00 14.00 31.00 0.08 0.50 0.00 0.00 0.00 5.00 9.00 7.00 3.00 10.00 2.00 0.00 0.00 0.00 0.00 0.00
9.00 15.00 9.00 33.00 75.00 24.00 42.00 0.09 0.76 0.00 0.00 0.00 6.00 9.00 9.00 6.00 14.00 1.00 0.00 0.00 0.00 0.00 0.00
10.00 11.00 9.00 23.00 50.00 14.00 27.00 0.09 0.45 0.00 0.00 0.00 4.00 5.00 7.00 6.00 10.00 1.00 0.00 0.00 0.00 0.00 0.00
11.00 10.00 8.00 23.00 47.00 15.00 24.00 0.08 1.83 0.00 0.00 0.00 3.00 5.00 7.00 5.00 8.00 2.00 0.00 0.00 0.00 0.00 0.00
12.00 8.00 2.00 14.00 36.00 12.00 22.00 0.09 0.41 0.00 1.00 0.00 2.00 5.00 6.00 3.00 7.00 1.00 0.00 0.00 0.00 0.00 0.00
13.00 5.00 1.00 7.00 19.00 6.00 12.00 0.10 0.23 0.00 1.00 0.00 1.00 3.00 4.00 2.00 4.00 1.00 0.00 0.00 0.00 0.00 0.00
14.00 11.00 9.00 24.00 57.00 15.00 33.00 0.08 0.41 0.00 1.00 0.00 1.00 8.00 10.00 3.00 11.00 0.00 0.00 0.00 0.00 0.00 0.00
15.00 16.00 14.00 38.00 76.00 24.00 38.00 0.09 0.59 0.00 0.00 0.00 6.00 10.00 10.00 6.00 11.00 5.00 0.00 0.00 0.00 0.00 0.00
16.00 11.00 6.00 20.00 50.00 14.00 30.00 0.09 0.52 0.00 0.00 0.00 4.00 6.00 7.00 5.00 10.00 1.00 0.00 0.00 1.00 0.00 0.00
17.00 14.00 12.00 33.00 69.00 21.00 36.00 0.08 1.58 0.00 0.00 0.00 4.00 10.00 10.00 4.00 12.00 2.00 0.00 0.00 0.00 0.00 0.00
18.00 11.00 8.00 28.00 53.00 20.00 25.00 0.08 0.35 0.00 0.00 0.00 3.00 3.00 8.00 8.00 9.00 2.00 0.00 0.00 0.00 0.00 0.00
19.00 12.00 8.00 20.00 53.00 12.00 33.00 0.09 1.85 0.00 0.00 0.00 4.00 9.00 8.00 3.00 10.00 2.00 0.00 0.00 0.00 0.00 0.00
20.00 11.00 7.00 22.00 54.00 15.00 32.00 0.10 0.46 0.00 0.00 0.00 4.00 6.00 7.00 5.00 8.00 3.00 0.00 0.00 0.00 0.00 0.00
21.00 15.00 12.00 33.00 73.00 21.00 40.00 0.09 1.75 0.00 0.00 0.00 4.00 7.00 11.00 8.00 11.00 4.00 0.00 0.00 0.00 1.00 0.00
22.00 13.00 12.00 33.00 63.00 21.00 30.00 0.09 0.52 0.00 1.00 0.00 4.00 8.00 9.00 5.00 9.00 4.00 0.00 0.00 0.00 0.00 0.00
23.00 17.00 18.00 41.00 81.00 23.00 40.00 0.09 0.64 0.00 1.00 0.00 8.00 12.00 9.00 5.00 16.00 1.00 0.00 0.00 0.00 0.00 0.00
24.00 8.00 3.00 15.00 37.00 12.00 22.00 0.07 0.38 0.00 0.00 0.00 1.00 2.00 7.00 6.00 6.00 2.00 0.00 0.00 0.00 0.00 0.00
25.00 14.00 15.00 37.00 67.00 22.00 30.00 0.10 1.59 0.00 2.00 0.00 3.00 7.00 11.00 7.00 8.00 6.00 0.00 0.00 0.00 0.00 0.00
26.00 17.00 15.00 41.00 82.00 26.00 41.00 0.09 2.45 0.00 0.00 0.00 5.00 8.00 12.00 9.00 11.00 6.00 0.00 0.00 0.00 0.00 0.00
27.00 18.00 17.00 46.00 80.00 29.00 34.00 0.09 0.82 0.00 1.00 0.00 2.00 6.00 16.00 12.00 13.00 5.00 0.00 0.00 0.00 0.00 0.00
28.00 19.00 17.00 48.00 97.00 31.00 49.00 0.09 1.66 0.00 1.00 0.00 6.00 11.00 13.00 8.00 14.00 5.00 0.00 0.00 0.00 0.00 0.00
29.00 15.00 15.00 34.00 71.00 19.00 37.00 0.09 0.66 0.00 0.00 0.00 5.00 7.00 10.00 8.00 10.00 5.00 0.00 0.00 0.00 0.00 0.00
30.00 17.00 24.00 48.00 83.00 24.00 35.00 0.10 2.85 0.00 3.00 0.00 3.00 6.00 14.00 11.00 11.00 6.00 0.00 0.00 0.00 0.00 0.00
31.00 22.00 25.00 57.00 109.00 32.00 52.00 0.08 1.45 1.00 2.00 0.50 9.00 14.00 13.00 8.00 17.00 5.00 0.00 0.00 0.00 0.00 0.00
32.00 22.00 26.00 63.00 113.00 37.00 50.00 0.10 1.83 0.00 2.00 0.00 3.00 8.00 19.00 14.00 13.00 9.00 0.00 0.00 0.00 0.00 1.00
33.00 28.00 31.00 75.00 134.00 44.00 59.00 0.09 1.51 1.00 0.00 0.00 5.00 9.00 23.00 19.00 18.00 10.00 0.00 0.00 0.00 0.00 0.00
34.00 24.00 38.00 67.00 117.00 29.00 50.00 0.09 1.82 0.00 2.00 0.00 8.00 13.00 16.00 11.00 20.00 4.00 0.00 0.00 0.00 0.00 0.00
35.00 16.00 14.00 42.00 80.00 28.00 38.00 0.08 0.78 1.00 2.00 0.50 2.00 5.00 14.00 11.00 8.00 8.00 0.00 0.00 0.00 0.00 0.00
36.00 20.00 20.00 50.00 101.00 30.00 51.00 0.10 2.73 0.00 2.00 0.00 2.00 8.00 18.00 12.00 14.00 6.00 0.00 0.00 0.00 0.00 0.00
37.00 24.00 33.00 69.00 124.00 36.00 55.00 0.07 2.25 1.00 2.00 0.50 8.00 11.00 16.00 13.00 17.00 7.00 0.00 0.00 0.00 0.00 0.00
38.00 28.00 36.00 78.00 134.00 42.00 56.00 0.09 2.25 1.00 2.00 0.50 8.00 13.00 20.00 15.00 19.00 9.00 0.00 0.00 0.00 0.00 0.00
39.00 29.00 32.00 72.00 140.00 40.00 68.00 0.08 2.26 1.00 2.00 0.50 3.00 11.00 26.00 18.00 15.00 14.00 0.00 0.00 0.00 0.00 0.00
40.00 29.00 37.00 80.00 142.00 43.00 62.00 0.09 2.28 1.00 2.00 0.50 8.00 10.00 21.00 19.00 17.00 12.00 0.00 0.00 0.00 0.00 0.00
41.00 22.00 30.00 60.00 110.00 30.00 50.00 0.08 1.50 0.00 3.00 0.00 4.00 8.00 18.00 14.00 13.00 9.00 0.00 0.00 0.00 0.00 0.00
42.00 23.00 26.00 60.00 112.00 34.00 52.00 0.09 1.54 0.00 3.00 0.00 6.00 11.00 17.00 12.00 16.00 7.00 0.00 0.00 0.00 0.00 0.00
43.00 23.00 24.00 55.00 118.00 31.00 63.00 0.08 1.60 1.00 3.00 0.33 5.00 14.00 18.00 9.00 16.00 7.00 0.00 0.00 0.00 0.00 0.00
44.00 27.00 30.00 78.00 130.00 48.00 52.00 0.08 2.94 0.00 2.00 0.00 6.00 12.00 21.00 15.00 17.00 10.00 0.00 0.00 0.00 0.00 0.00
45.00 29.00 32.00 85.00 150.00 53.00 65.00 0.09 3.07 0.00 2.00 0.00 9.00 14.00 20.00 15.00 20.00 9.00 0.00 0.00 0.00 0.00 0.00
46.00 29.00 37.00 85.00 154.00 48.00 69.00 0.07 2.94 0.00 3.00 0.00 9.00 13.00 20.00 16.00 19.00 10.00 0.00 0.00 0.00 0.00 0.00
47.00 27.00 28.00 69.00 139.00 41.00 70.00 0.08 2.67 0.00 1.00 0.00 7.00 12.00 20.00 15.00 17.00 10.00 0.00 0.00 0.00 0.00 0.00
48.00 25.00 30.00 67.00 126.00 37.00 59.00 0.08 2.63 0.00 2.00 0.00 6.00 10.00 19.00 15.00 14.00 11.00 0.00 0.00 0.00 0.00 0.00
49.00 19.00 17.00 47.00 100.00 30.00 53.00 0.09 2.82 1.00 2.00 0.50 4.00 10.00 15.00 9.00 13.00 6.00 0.00 0.00 0.00 0.00 0.00
50.00 24.00 27.00 68.00 123.00 41.00 55.00 0.09 2.71 0.00 2.00 0.00 6.00 11.00 18.00 13.00 15.00 9.00 0.00 0.00 0.00 0.00 0.00
51.00 12.00 3.00 17.00 53.00 14.00 36.00 0.08 0.65 1.00 1.00 1.00 5.00 8.00 7.00 4.00 9.00 3.00 0.00 0.00 0.00 0.00 0.00
52.00 29.00 27.00 68.00 138.00 41.00 70.00 0.10 2.31 0.00 2.00 0.00 7.00 14.00 22.00 15.00 19.00 10.00 0.00 0.00 0.00 0.00 0.00
53.00 29.00 39.00 87.00 141.00 48.00 54.00 0.08 2.37 0.00 2.00 0.00 6.00 13.00 23.00 16.00 20.00 9.00 0.00 0.00 0.00 0.00 0.00
54.00 31.00 40.00 87.00 155.00 47.00 68.00 0.09 2.39 0.00 3.00 0.00 8.00 18.00 23.00 13.00 22.00 9.00 0.00 0.00 0.00 0.00 0.00
55.00 32.00 40.00 87.00 162.00 47.00 75.00 0.08 3.24 0.00 2.00 0.00 13.00 21.00 19.00 11.00 23.00 9.00 0.00 0.00 0.00 0.00 0.00
56.00 34.00 50.00 104.00 175.00 54.00 71.00 0.08 2.77 0.00 2.00 0.00 7.00 12.00 27.00 22.00 17.00 17.00 0.00 0.00 0.00 0.00 0.00
57.00 21.00 15.00 48.00 103.00 33.00 55.00 0.07 3.18 1.00 1.00 1.00 10.00 14.00 11.00 7.00 17.00 4.00 0.00 0.00 0.00 0.00 0.00
58.00 26.00 26.00 69.00 136.00 43.00 67.00 0.10 2.50 0.00 1.00 0.00 10.00 15.00 16.00 11.00 20.00 6.00 0.00 0.00 0.00 0.00 0.00
59.00 27.00 26.00 74.00 136.00 48.00 62.00 0.08 3.33 0.00 0.00 0.00 5.00 12.00 22.00 15.00 19.00 8.00 0.00 0.00 0.00 0.00 0.00
60.00 27.00 32.00 73.00 137.00 41.00 64.00 0.09 3.17 0.00 1.00 0.00 10.00 12.00 17.00 15.00 17.00 10.00 0.00 0.00 0.00 0.00 0.00
61.00 29.00 31.00 71.00 145.00 40.00 74.00 0.09 3.16 0.00 1.00 0.00 5.00 15.00 24.00 14.00 20.00 9.00 0.00 0.00 0.00 0.00 0.00
62.00 29.00 36.00 90.00 150.00 54.00 60.00 0.10 2.94 0.00 1.00 0.00 8.00 14.00 21.00 15.00 21.00 8.00 0.00 0.00 1.00 0.00 0.00
63.00 29.00 31.00 77.00 151.00 46.00 74.00 0.09 3.74 1.00 2.00 0.50 9.00 14.00 20.00 15.00 18.00 11.00 0.00 0.00 1.00 0.00 0.00
64.00 31.00 43.00 94.00 153.00 51.00 59.00 0.08 3.08 1.00 2.00 0.50 8.00 15.00 23.00 16.00 19.00 12.00 0.00 0.00 1.00 0.00 0.00
65.00 30.00 38.00 84.00 153.00 46.00 69.00 0.08 3.51 1.00 1.00 1.00 7.00 12.00 23.00 18.00 17.00 13.00 0.00 0.00 1.00 0.00 0.00
66.00 29.00 39.00 80.00 139.00 41.00 59.00 0.08 2.97 1.00 1.00 1.00 6.00 13.00 23.00 16.00 21.00 8.00 0.00 0.00 1.00 0.00 0.00
67.00 20.00 22.00 50.00 101.00 28.00 51.00 0.08 4.07 1.00 1.00 1.00 5.00 6.00 15.00 14.00 11.00 9.00 0.00 0.00 1.00 0.00 0.00
68.00 31.00 35.00 90.00 151.00 55.00 61.00 0.07 2.68 1.00 2.00 0.50 6.00 19.00 25.00 12.00 22.00 9.00 0.00 0.00 1.00 0.00 0.00
69.00 25.00 22.00 66.00 129.00 44.00 63.00 0.07 3.89 1.00 2.00 0.50 5.00 9.00 20.00 16.00 17.00 8.00 0.00 0.00 1.00 0.00 0.00
70.00 25.00 32.00 68.00 129.00 36.00 61.00 0.07 4.31 1.00 2.00 0.50 7.00 14.00 18.00 11.00 17.00 8.00 0.00 0.00 1.00 0.00 0.00
71.00 25.00 27.00 60.00 115.00 33.00 55.00 0.07 3.65 1.00 1.00 1.00 9.00 12.00 16.00 13.00 17.00 8.00 0.00 0.00 1.00 0.00 0.00
72.00 33.00 32.00 87.00 159.00 55.00 72.00 0.07 3.87 1.00 1.00 1.00 12.00 19.00 21.00 14.00 24.00 9.00 0.00 0.00 1.00 1.00 0.00
73.00 32.00 42.00 92.00 154.00 50.00 62.00 0.08 3.85 1.00 3.00 0.33 6.00 12.00 26.00 20.00 18.00 14.00 0.00 0.00 1.00 0.00 0.00
74.00 28.00 33.00 75.00 139.00 42.00 64.00 0.09 3.71 1.00 2.00 0.50 8.00 14.00 20.00 14.00 17.00 11.00 0.00 0.00 1.00 1.00 0.00
75.00 28.00 26.00 73.00 145.00 47.00 72.00 0.07 3.79 0.00 1.00 0.00 5.00 10.00 23.00 18.00 17.00 11.00 0.00 0.00 0.00 0.00 0.00
76.00 36.00 41.00 106.00 175.00 65.00 69.00 0.07 3.91 1.00 2.00 0.50 10.00 21.00 26.00 15.00 26.00 10.00 0.00 0.00 0.00 0.00 0.00
77.00 31.00 33.00 82.00 156.00 49.00 74.00 0.08 3.88 1.00 1.00 1.00 8.00 14.00 23.00 17.00 21.00 10.00 0.00 0.00 2.00 0.00 0.00
78.00 24.00 27.00 70.00 122.00 43.00 52.00 0.09 3.97 1.00 2.00 0.50 6.00 10.00 18.00 14.00 15.00 9.00 0.00 0.00 1.00 0.00 0.00
79.00 24.00 30.00 63.00 121.00 33.00 58.00 0.08 3.41 1.00 1.00 1.00 7.00 14.00 17.00 10.00 18.00 6.00 0.00 0.00 0.00 1.00 0.00
80.00 18.00 25.00 51.00 93.00 26.00 42.00 0.08 2.91 1.00 1.00 1.00 3.00 4.00 15.00 14.00 10.00 8.00 0.00 0.00 0.00 0.00 0.00
81.00 29.00 36.00 85.00 153.00 49.00 68.00 0.09 3.81 1.00 2.00 0.50 8.00 16.00 21.00 13.00 17.00 12.00 1.00 0.00 1.00 0.00 0.00
82.00 24.00 28.00 65.00 113.00 37.00 48.00 0.09 3.55 2.00 1.00 2.00 6.00 13.00 18.00 11.00 17.00 7.00 0.00 0.00 0.00 0.00 0.00
83.00 30.00 33.00 88.00 156.00 55.00 68.00 0.09 3.63 2.00 1.00 2.00 6.00 10.00 24.00 20.00 13.00 17.00 0.00 0.00 1.00 0.00 0.00
84.00 34.00 48.00 96.00 162.00 48.00 66.00 0.09 2.97 1.00 2.00 0.50 7.00 13.00 27.00 21.00 21.00 13.00 0.00 0.00 0.00 0.00 0.00
85.00 31.00 41.00 86.00 157.00 45.00 71.00 0.10 3.17 1.00 3.00 0.33 9.00 14.00 22.00 17.00 17.00 14.00 0.00 0.00 0.00 0.00 0.00
86.00 32.00 34.00 83.00 168.00 49.00 85.00 0.09 2.80 1.00 4.00 0.25 9.00 16.00 23.00 16.00 21.00 11.00 0.00 0.00 1.00 0.00 0.00
87.00 28.00 29.00 75.00 142.00 46.00 67.00 0.09 3.25 1.00 2.00 0.50 4.00 10.00 24.00 18.00 17.00 11.00 0.00 0.00 0.00 0.00 0.00
88.00 29.00 31.00 78.00 149.00 47.00 71.00 0.08 3.59 1.00 3.00 0.33 2.00 10.00 27.00 19.00 20.00 9.00 0.00 0.00 0.00 0.00 0.00
89.00 31.00 38.00 89.00 145.00 51.00 56.00 0.10 3.88 1.00 4.00 0.25 7.00 14.00 24.00 17.00 22.00 9.00 0.00 0.00 0.00 1.00 0.00
90.00 29.00 37.00 89.00 146.00 52.00 57.00 0.09 3.49 2.00 3.00 0.67 7.00 14.00 22.00 15.00 18.00 11.00 0.00 0.00 0.00 1.00 0.00
91.00 28.00 24.00 68.00 139.00 44.00 71.00 0.07 3.54 1.00 3.00 0.33 7.00 16.00 21.00 12.00 18.00 10.00 0.00 0.00 0.00 0.00 0.00
92.00 26.00 19.00 59.00 121.00 40.00 62.00 0.08 2.54 0.00 3.00 0.00 8.00 13.00 18.00 13.00 20.00 6.00 0.00 0.00 0.00 0.00 0.00
93.00 30.00 37.00 86.00 154.00 49.00 68.00 0.08 2.81 1.00 3.00 0.33 9.00 14.00 21.00 16.00 18.00 12.00 0.00 0.00 0.00 0.00 0.00
94.00 27.00 35.00 79.00 136.00 44.00 57.00 0.09 2.55 0.00 3.00 0.00 4.00 9.00 23.00 18.00 14.00 13.00 0.00 0.00 3.00 0.00 0.00
95.00 27.00 36.00 79.00 144.00 43.00 65.00 0.08 1.86 1.00 2.00 0.50 3.00 8.00 24.00 19.00 13.00 14.00 0.00 0.00 1.00 0.00 0.00
96.00 26.00 22.00 64.00 132.00 42.00 68.00 0.09 3.14 0.00 3.00 0.00 9.00 14.00 17.00 12.00 19.00 7.00 0.00 0.00 0.00 0.00 0.00
97.00 30.00 36.00 81.00 154.00 45.00 73.00 0.09 3.17 1.00 3.00 0.33 6.00 11.00 24.00 19.00 15.00 15.00 0.00 0.00 1.00 0.00 0.00
98.00 24.00 22.00 59.00 123.00 37.00 64.00 0.07 3.55 1.00 2.00 0.50 7.00 13.00 17.00 11.00 18.00 6.00 0.00 0.00 0.00 0.00 0.00
99.00 26.00 25.00 66.00 134.00 41.00 68.00 0.09 3.22 1.00 1.00 1.00 8.00 12.00 18.00 14.00 18.00 8.00 0.00 0.00 0.00 0.00 0.00
100.00 33.00 28.00 83.00 167.00 55.00 84.00 0.09 3.39 1.00 3.00 0.33 7.00 17.00 26.00 16.00 22.00 11.00 0.00 0.00 0.00 0.00 0.00
101.00 28.00 32.00 72.00 148.00 40.00 76.00 0.09 3.00 1.00 3.00 0.33 10.00 15.00 18.00 13.00 19.00 9.00 0.00 0.00 0.00 0.00 0.00
102.00 27.00 31.00 78.00 142.00 47.00 64.00 0.09 2.73 0.00 2.00 0.00 4.00 14.00 23.00 13.00 18.00 9.00 0.00 0.00 0.00 1.00 0.00
103.00 29.00 31.00 80.00 154.00 49.00 74.00 0.09 2.80 1.00 1.00 1.00 7.00 16.00 22.00 13.00 22.00 7.00 0.00 0.00 0.00 0.00 1.00
104.00 26.00 28.00 71.00 132.00 43.00 61.00 0.10 2.88 0.00 1.00 0.00 7.00 10.00 19.00 16.00 16.00 10.00 0.00 0.00 0.00 0.00 0.00
105.00 27.00 28.00 71.00 141.00 43.00 70.00 0.08 3.41 0.00 1.00 0.00 9.00 14.00 18.00 13.00 19.00 8.00 0.00 0.00 0.00 0.00 0.00
106.00 24.00 31.00 65.00 114.00 34.00 49.00 0.10 2.40 0.00 1.00 0.00 7.00 12.00 17.00 12.00 17.00 7.00 0.00 0.00 0.00 0.00 0.00
107.00 26.00 33.00 66.00 128.00 33.00 62.00 0.08 3.21 0.00 1.00 0.00 5.00 16.00 21.00 10.00 20.00 6.00 0.00 0.00 0.00 0.00 0.00
108.00 21.00 27.00 56.00 107.00 29.00 51.00 0.09 3.60 0.00 2.00 0.00 2.00 10.00 19.00 11.00 15.00 6.00 0.00 0.00 0.00 0.00 0.00
109.00 23.00 23.00 57.00 103.00 34.00 46.00 0.08 3.80 0.00 1.00 0.00 5.00 13.00 18.00 10.00 18.00 5.00 0.00 0.00 0.00 0.00 0.00
110.00 27.00 33.00 72.00 131.00 39.00 59.00 0.07 2.63 1.00 2.00 0.50 6.00 12.00 21.00 15.00 17.00 10.00 0.00 0.00 0.00 0.00 0.00
111.00 25.00 28.00 66.00 124.00 38.00 58.00 0.08 3.67 1.00 2.00 0.50 5.00 13.00 20.00 12.00 14.00 11.00 0.00 0.00 0.00 0.00 0.00
112.00 29.00 31.00 77.00 151.00 46.00 74.00 0.09 2.87 1.00 2.00 0.50 7.00 15.00 22.00 14.00 19.00 10.00 0.00 0.00 0.00 0.00 0.00
113.00 24.00 20.00 60.00 116.00 40.00 56.00 0.07 3.11 1.00 1.00 1.00 9.00 15.00 15.00 9.00 19.00 5.00 0.00 0.00 0.00 0.00 0.00
114.00 15.00 8.00 34.00 75.00 26.00 41.00 0.07 3.67 2.00 1.00 2.00 5.00 9.00 10.00 6.00 11.00 4.00 0.00 0.00 0.00 0.00 0.00
115.00 19.00 14.00 47.00 97.00 33.00 50.00 0.10 2.69 1.00 2.00 0.50 3.00 5.00 16.00 14.00 11.00 8.00 0.00 0.00 0.00 0.00 0.00
116.00 21.00 18.00 54.00 114.00 36.00 60.00 0.08 2.55 1.00 1.00 1.00 2.00 7.00 19.00 14.00 11.00 10.00 0.00 0.00 0.00 0.00 0.00
117.00 10.00 6.00 21.00 49.00 15.00 28.00 0.09 0.46 1.00 0.00 0.00 2.00 7.00 8.00 3.00 9.00 1.00 0.00 0.00 0.00 0.00 0.00
118.00 22.00 25.00 57.00 109.00 32.00 52.00 0.09 2.47 0.00 2.00 0.00 5.00 9.00 17.00 13.00 12.00 10.00 0.00 0.00 0.00 0.00 0.00
119.00 18.00 21.00 48.00 91.00 27.00 43.00 0.09 2.13 0.00 1.00 0.00 4.00 10.00 14.00 8.00 12.00 6.00 0.00 0.00 0.00 0.00 0.00
120.00 22.00 17.00 60.00 120.00 43.00 60.00 0.10 2.25 1.00 1.00 1.00 7.00 10.00 15.00 12.00 16.00 6.00 0.00 0.00 0.00 0.00 0.00
121.00 24.00 29.00 64.00 122.00 35.00 58.00 0.10 1.82 1.00 2.00 0.50 7.00 11.00 17.00 13.00 16.00 8.00 0.00 0.00 0.00 0.00 0.00
122.00 20.00 22.00 62.00 103.00 40.00 41.00 0.08 2.01 1.00 2.00 0.50 5.00 10.00 15.00 10.00 13.00 7.00 0.00 0.00 0.00 0.00 0.00
123.00 24.00 27.00 68.00 114.00 41.00 46.00 0.08 1.99 1.00 2.00 0.50 8.00 12.00 16.00 12.00 19.00 5.00 0.00 0.00 1.00 1.00 0.00
124.00 19.00 20.00 51.00 99.00 31.00 48.00 0.09 1.45 1.00 0.00 0.00 5.00 10.00 14.00 9.00 14.00 5.00 0.00 0.00 0.00 0.00 0.00
125.00 23.00 25.00 61.00 108.00 36.00 47.00 0.08 2.72 1.00 0.00 0.00 5.00 13.00 18.00 10.00 15.00 8.00 0.00 0.00 1.00 0.00 0.00
126.00 21.00 25.00 57.00 104.00 32.00 47.00 0.08 2.47 1.00 0.00 0.00 4.00 7.00 17.00 14.00 15.00 6.00 0.00 0.00 0.00 0.00 0.00
127.00 19.00 17.00 50.00 96.00 33.00 46.00 0.08 1.36 1.00 1.00 1.00 4.00 9.00 15.00 10.00 12.00 7.00 0.00 0.00 0.00 0.00 0.00
128.00 18.00 12.00 40.00 90.00 28.00 50.00 0.09 2.03 0.00 1.00 0.00 3.00 7.00 15.00 11.00 10.00 8.00 0.00 0.00 0.00 0.00 0.00
129.00 20.00 26.00 55.00 103.00 29.00 48.00 0.08 0.81 1.00 1.00 1.00 4.00 11.00 16.00 9.00 14.00 6.00 0.00 0.00 0.00 0.00 0.00
130.00 21.00 15.00 55.00 109.00 40.00 54.00 0.08 1.92 1.00 1.00 1.00 3.00 12.00 18.00 9.00 18.00 3.00 0.00 0.00 2.00 0.00 0.00
131.00 18.00 15.00 44.00 86.00 29.00 42.00 0.09 0.72 1.00 0.00 0.00 4.00 10.00 14.00 8.00 11.00 7.00 0.00 0.00 0.00 0.00 0.00
132.00 14.00 9.00 32.00 69.00 23.00 37.00 0.09 1.61 0.00 1.00 0.00 5.00 10.00 9.00 4.00 12.00 2.00 0.00 0.00 0.00 1.00 0.00
133.00 17.00 15.00 46.00 87.00 31.00 41.00 0.09 0.57 0.00 1.00 0.00 8.00 9.00 9.00 8.00 13.00 4.00 0.00 0.00 0.00 0.00 0.00
134.00 21.00 24.00 51.00 98.00 27.00 47.00 0.08 1.44 0.00 1.00 0.00 8.00 15.00 13.00 6.00 17.00 4.00 0.00 0.00 1.00 0.00 0.00
135.00 12.00 8.00 28.00 62.00 20.00 34.00 0.08 0.58 0.00 1.00 0.00 4.00 9.00 8.00 3.00 10.00 2.00 0.00 0.00 0.00 0.00 0.00
136.00 17.00 19.00 45.00 85.00 26.00 40.00 0.08 0.64 0.00 1.00 0.00 2.00 9.00 15.00 8.00 13.00 4.00 0.00 0.00 0.00 1.00 0.00
137.00 12.00 10.00 27.00 57.00 17.00 30.00 0.08 0.62 0.00 0.00 0.00 7.00 7.00 5.00 5.00 7.00 5.00 0.00 0.00 0.00 0.00 0.00
138.00 14.00 12.00 31.00 67.00 19.00 36.00 0.09 0.68 0.00 0.00 0.00 5.00 7.00 9.00 7.00 10.00 4.00 0.00 0.00 0.00 0.00 0.00
139.00 11.00 3.00 17.00 47.00 14.00 30.00 0.08 0.90 0.00 0.00 0.00 2.00 5.00 9.00 6.00 7.00 4.00 0.00 0.00 0.00 0.00 0.00
140.00 15.00 15.00 36.00 67.00 21.00 31.00 0.10 0.67 0.00 1.00 0.00 4.00 9.00 11.00 6.00 12.00 3.00 0.00 0.00 0.00 0.00 0.00
141.00 11.00 3.00 12.00 47.00 9.00 35.00 0.09 0.84 0.00 0.00 0.00 5.00 7.00 6.00 4.00 10.00 1.00 0.00 0.00 0.00 0.00 0.00
142.00 8.00 1.00 11.00 38.00 10.00 27.00 0.08 0.41 0.00 0.00 0.00 5.00 6.00 3.00 2.00 7.00 1.00 0.00 0.00 0.00 0.00 0.00
143.00 8.00 4.00 16.00 38.00 12.00 22.00 0.08 0.43 0.00 0.00 0.00 3.00 6.00 5.00 2.00 6.00 2.00 0.00 0.00 0.00 0.00 0.00
144.00 12.00 9.00 27.00 56.00 18.00 29.00 0.10 0.77 0.00 0.00 0.00 3.00 6.00 9.00 6.00 8.00 4.00 0.00 0.00 0.00 0.00 0.00
145.00 13.00 10.00 24.00 61.00 14.00 37.00 0.09 0.68 0.00 0.00 0.00 3.00 6.00 10.00 7.00 7.00 6.00 0.00 0.00 0.00 0.00 0.00
146.00 9.00 6.00 16.00 44.00 10.00 28.00 0.09 0.49 0.00 0.00 0.00 2.00 4.00 7.00 5.00 7.00 2.00 0.00 0.00 0.00 0.00 0.00
147.00 8.00 4.00 16.00 38.00 12.00 22.00 0.10 0.36 0.00 0.00 0.00 1.00 4.00 7.00 4.00 7.00 1.00 0.00 0.00 0.00 0.00 0.00
148.00 8.00 1.00 9.00 28.00 8.00 19.00 0.09 0.53 0.00 0.00 0.00 3.00 5.00 5.00 3.00 8.00 0.00 0.00 0.00 0.00 0.00 0.00
149.00 3.00 0.00 2.00 6.00 2.00 4.00 0.08 0.10 0.00 0.00 0.00 2.00 3.00 1.00 0.00 3.00 0.00 0.00 0.00 0.00 0.00 0.00
150.00 10.00 8.00 21.00 45.00 13.00 24.00 0.07 0.40 0.00 0.00 0.00 2.00 5.00 8.00 5.00 9.00 1.00 0.00 0.00 0.00 0.00 0.00
151.00 10.00 7.00 21.00 46.00 14.00 25.00 0.09 0.47 1.00 0.00 0.00 3.00 6.00 7.00 4.00 9.00 1.00 0.00 0.00 0.00 0.00 0.00
152.00 9.00 4.00 19.00 44.00 15.00 25.00 0.09 0.45 0.00 0.00 0.00 3.00 5.00 6.00 4.00 8.00 1.00 0.00 0.00 0.00 0.00 0.00
153.00 4.00 0.00 1.00 14.00 1.00 13.00 0.09 0.38 0.00 0.00 0.00 1.00 3.00 3.00 1.00 4.00 0.00 0.00 0.00 0.00 0.00 0.00
154.00 5.00 0.00 4.00 18.00 4.00 14.00 0.08 0.35 0.00 0.00 0.00 2.00 3.00 3.00 2.00 5.00 0.00 0.00 0.00 0.00 0.00 0.00
155.00 6.00 2.00 9.00 27.00 7.00 18.00 0.09 0.19 0.00 1.00 0.00 3.00 5.00 3.00 1.00 6.00 0.00 0.00 0.00 0.00 0.00 0.00
156.00 6.00 2.00 10.00 24.00 8.00 14.00 0.08 0.27 0.00 0.00 0.00 2.00 5.00 4.00 1.00 5.00 1.00 0.00 0.00 0.00 0.00 0.00
157.00 4.00 0.00 0.00 6.00 0.00 6.00 0.09 5.39 0.00 0.00 0.00 2.00 4.00 2.00 0.00 4.00 0.00 0.00 0.00 0.00 0.00 0.00
158.00 3.00 0.00 0.00 1.00 0.00 1.00 0.09 4.67 0.00 0.00 0.00 2.00 3.00 1.00 0.00 3.00 0.00 0.00 0.00 0.00 0.00 0.00
