0.00 2.00 0.00 0.00 1.00 0.00 1.00 0.09 0.24 0.00 0.00 0.00 2.00 2.00 0.00 0.00 2.00 0.00 0.00 0.00 0.00 0.00 0.00
1.00 3.00 0.00 0.00 6.00 0.00 6.00 0.08 0.27 0.00 0.00 0.00 2.00 3.00 1.00 0.00 3.00 0.00 0.00 0.00 0.00 0.00 0.00
2.00 5.00 1.00 7.00 21.00 6.00 14.00 0.08 0.13 0.00 0.00 0.00 2.00 4.00 3.00 1.00 4.00 1.00 0.00 0.00 0.00 0.00 0.00
3.00 8.00 3.00 10.00 32.00 7.00 22.00 0.09 0.46 0.00 0.00 0.00 2.00 2.00 6.00 6.00 3.00 5.00 0.00 0.00 0.00 0.00 0.00
4.00 8.00 6.00 17.00 36.00 11.00 19.00 0.08 0.41 0.00 0.00 0.00 2.00 4.00 6.00 4.00 5.00 3.00 0.00 0.00 0.00 0.00 0.00
5.00 10.00 7.00 22.00 47.00 15.00 25.00 0.11 0.36 0.00 0.00 0.00 4.00 6.00 6.00 4.00 8.00 2.00 0.00 0.00 0.00 0.00 0.00
6.00 8.00 2.00 14.00 37.00 12.00 23.00 0.09 0.47 0.00 0.00 0.00 2.00 7.00 6.00 1.00 7.00 1.00 0.00 0.00 0.00 0.00 0.00
7.00 8.00 1.00 12.00 39.00 11.00 27.00 0.08 0.45 0.00 1.00 0.00 4.00 7.00 4.00 1.00 7.00 1.00 0.00 0.00 0.00 0.00 0.00
8.00 10.00 2.00 13.00 42.00 11.00 29.00 0.09 0.44 0.00 0.00 0.00 5.00 7.00 5.00 3.00 8.00 2.00 0.00 0.00 0.00 0.00 0.00
9.00 10.00 5.00 16.00 42.00 11.00 26.00 0.07 0.48 0.00 1.00 0.00 2.00 6.00 8.00 4.00 9.00 1.00 0.00 0.00 0.00 0.00 0.00
10.00 9.00 4.00 14.00 45.00 10.00 31.00 0.08 0.50 0.00 0.00 0.00 3.00 5.00 6.00 4.00 6.00 3.00 0.00 0.00 0.00 0.00 0.00
11.00 12.00 7.00 25.00 50.00 18.00 25.00 0.08 0.36 0.00 0.00 0.00 4.00 8.00 8.00 4.00 10.00 2.00 0.00 0.00 0.00 0.00 0.00
12.00 10.00 6.00 22.00 52.00 16.00 30.00 0.08 0.42 0.00 0.00 0.00 3.00 4.00 7.00 6.00 9.00 1.00 0.00 0.00 0.00 0.00 0.00
13.00 13.00 11.00 35.00 66.00 24.00 31.00 0.07 0.44 0.00 0.00 0.00 2.00 8.00 11.00 5.00 11.00 2.00 0.00 0.00 0.00 0.00 0.00
14.00 11.00 8.00 25.00 56.00 17.00 31.00 0.09 0.37 0.00 0.00 0.00 2.00 4.00 9.00 7.00 8.00 3.00 0.00 0.00 0.00 1.00 0.00
15.00 12.00 7.00 27.00 61.00 20.00 34.00 0.08 0.63 0.00 0.00 0.00 3.00 6.00 9.00 6.00 8.00 4.00 0.00 0.00 0.00 0.00 0.00
16.00 9.00 4.00 13.00 35.00 9.00 22.00 0.09 0.47 0.00 1.00 0.00 5.00 5.00 4.00 4.00 5.00 4.00 0.00 0.00 0.00 0.00 0.00
17.00 6.00 3.00 10.00 25.00 7.00 15.00 0.10 0.18 0.00 0.00 0.00 2.00 5.00 4.00 1.00 5.00 1.00 0.00 0.00 0.00 0.00 0.00
18.00 18.00 23.00 47.00 85.00 24.00 38.00 0.08 0.56 0.00 1.00 0.00 6.00 7.00 12.00 11.00 12.00 6.00 0.00 0.00 1.00 0.00 0.00
19.00 17.00 23.00 49.00 79.00 26.00 30.00 0.09 0.57 0.00 1.00 0.00 1.00 7.00 16.00 10.00 13.00 4.00 0.00 0.00 0.00 0.00 0.00
20.00 14.00 10.00 32.00 68.00 22.00 36.00 0.07 0.46 0.00 2.00 0.00 5.00 9.00 9.00 5.00 11.00 3.00 0.00 0.00 0.00 0.00 0.00
21.00 12.00 6.00 25.00 62.00 19.00 37.00 0.09 0.42 0.00 2.00 0.00 3.00 3.00 9.00 9.00 5.00 7.00 0.00 0.00 0.00 0.00 0.00
22.00 17.00 21.00 47.00 85.00 26.00 38.00 0.08 0.53 0.00 2.00 0.00 3.00 11.00 14.00 6.00 14.00 3.00 0.00 0.00 0.00 0.00 0.00
23.00 20.00 28.00 53.00 90.00 25.00 37.00 0.08 0.72 0.00 2.00 0.00 6.00 13.00 14.00 7.00 17.00 3.00 0.00 0.00 1.00 0.00 0.00
24.00 18.00 21.00 47.00 84.00 26.00 37.00 0.07 0.60 0.00 2.00 0.00 5.00 10.00 13.00 8.00 15.00 3.00 0.00 0.00 0.00 0.00 0.00
25.00 13.00 5.00 28.00 61.00 23.00 33.00 0.06 0.44 0.00 2.00 0.00 4.00 8.00 9.00 5.00 9.00 4.00 0.00 0.00 0.00 0.00 0.00
26.00 13.00 5.00 29.00 60.00 24.00 31.00 0.08 0.58 0.00 0.00 0.00 3.00 5.00 10.00 8.00 7.00 6.00 0.00 0.00 0.00 0.00 0.00
27.00 15.00 13.00 36.00 68.00 23.00 32.00 0.08 0.47 0.00 1.00 0.00 5.00 8.00 10.00 7.00 12.00 3.00 0.00 0.00 0.00 0.00 0.00
28.00 9.00 5.00 18.00 37.00 13.00 19.00 0.08 0.42 0.00 2.00 0.00 2.00 6.00 7.00 3.00 6.00 3.00 0.00 0.00 0.00 0.00 0.00
29.00 16.00 20.00 42.00 80.00 22.00 38.00 0.09 0.54 0.00 2.00 0.00 2.00 8.00 14.00 8.00 12.00 4.00 0.00 0.00 0.00 0.00 0.00
30.00 21.00 18.00 57.00 95.00 39.00 38.00 0.07 0.72 0.00 2.00 0.00 6.00 13.00 15.00 8.00 19.00 2.00 0.00 0.00 0.00 0.00 0.00
31.00 15.00 15.00 38.00 80.00 23.00 42.00 0.09 0.47 0.00 2.00 0.00 3.00 5.00 12.00 10.00 10.00 5.00 0.00 0.00 0.00 0.00 0.00
32.00 15.00 14.00 37.00 75.00 23.00 38.00 0.09 0.54 0.00 2.00 0.00 1.00 7.00 14.00 8.00 12.00 3.00 0.00 0.00 0.00 0.00 0.00
33.00 17.00 18.00 43.00 78.00 25.00 35.00 0.09 0.65 0.00 2.00 0.00 5.00 7.00 12.00 10.00 13.00 4.00 0.00 0.00 0.00 0.00 0.00
34.00 13.00 11.00 29.00 65.00 18.00 36.00 0.09 0.50 0.00 2.00 0.00 3.00 5.00 10.00 8.00 7.00 6.00 0.00 0.00 0.00 0.00 0.00
35.00 15.00 19.00 40.00 74.00 21.00 34.00 0.08 0.52 0.00 2.00 0.00 3.00 11.00 12.00 4.00 12.00 3.00 0.00 0.00 0.00 0.00 0.00
36.00 17.00 19.00 43.00 89.00 24.00 46.00 0.10 0.61 0.00 1.00 0.00 5.00 10.00 12.00 7.00 12.00 5.00 0.00 0.00 0.00 0.00 0.00
37.00 17.00 22.00 46.00 73.00 24.00 27.00 0.09 0.71 0.00 2.00 0.00 6.00 11.00 11.00 6.00 13.00 4.00 0.00 0.00 0.00 0.00 0.00
38.00 16.00 16.00 43.00 76.00 27.00 33.00 0.09 0.56 0.00 2.00 0.00 4.00 11.00 12.00 5.00 12.00 4.00 0.00 0.00 0.00 0.00 0.00
39.00 15.00 11.00 37.00 75.00 26.00 38.00 0.09 0.63 0.00 1.00 0.00 4.00 8.00 11.00 7.00 11.00 4.00 0.00 0.00 0.00 0.00 0.00
40.00 17.00 23.00 49.00 85.00 26.00 36.00 0.09 0.50 0.00 2.00 0.00 3.00 5.00 14.00 12.00 9.00 8.00 0.00 0.00 0.00 0.00 0.00
41.00 13.00 11.00 32.00 60.00 21.00 28.00 0.08 0.51 0.00 1.00 0.00 4.00 8.00 9.00 5.00 10.00 3.00 0.00 0.00 0.00 0.00 0.00
42.00 20.00 24.00 56.00 95.00 32.00 39.00 0.08 0.71 0.00 2.00 0.00 4.00 8.00 16.00 12.00 13.00 7.00 0.00 0.00 0.00 0.00 0.00
43.00 16.00 16.00 41.00 76.00 25.00 35.00 0.09 0.61 0.00 3.00 0.00 3.00 6.00 13.00 10.00 8.00 8.00 0.00 0.00 0.00 0.00 0.00
44.00 20.00 27.00 54.00 93.00 27.00 39.00 0.09 0.80 0.00 2.00 0.00 7.00 15.00 13.00 5.00 16.00 4.00 0.00 0.00 0.00 0.00 0.00
45.00 16.00 15.00 40.00 80.00 25.00 40.00 0.08 0.65 0.00 2.00 0.00 5.00 9.00 11.00 7.00 11.00 5.00 0.00 0.00 0.00 0.00 0.00
46.00 18.00 19.00 49.00 84.00 30.00 35.00 0.08 0.71 0.00 2.00 0.00 6.00 9.00 12.00 9.00 13.00 5.00 0.00 0.00 0.00 0.00 0.00
47.00 16.00 12.00 35.00 74.00 23.00 39.00 0.10 0.82 0.00 2.00 0.00 4.00 9.00 12.00 7.00 12.00 4.00 0.00 0.00 0.00 0.00 0.00
48.00 19.00 14.00 52.00 95.00 38.00 43.00 0.09 0.77 0.00 1.00 0.00 4.00 11.00 15.00 8.00 15.00 4.00 0.00 0.00 1.00 0.00 0.00
49.00 14.00 8.00 25.00 66.00 17.00 41.00 0.08 0.65 0.00 1.00 0.00 6.00 8.00 8.00 6.00 12.00 2.00 0.00 0.00 1.00 0.00 0.00
50.00 12.00 8.00 26.00 62.00 18.00 36.00 0.08 0.41 0.00 1.00 0.00 2.00 5.00 10.00 7.00 7.00 5.00 0.00 0.00 1.00 0.00 0.00
51.00 13.00 11.00 29.00 61.00 18.00 32.00 0.08 0.66 0.00 1.00 0.00 4.00 7.00 9.00 6.00 9.00 4.00 0.00 0.00 1.00 0.00 0.00
52.00 21.00 16.00 46.00 95.00 30.00 49.00 0.07 0.79 0.00 1.00 0.00 7.00 11.00 14.00 10.00 15.00 6.00 0.00 0.00 0.00 0.00 0.00
53.00 18.00 18.00 44.00 86.00 26.00 42.00 0.09 0.63 0.00 2.00 0.00 3.00 10.00 15.00 8.00 14.00 4.00 0.00 0.00 0.00 0.00 0.00
54.00 9.00 0.00 8.00 37.00 8.00 29.00 0.09 0.73 0.00 0.00 0.00 3.00 8.00 6.00 1.00 9.00 0.00 0.00 0.00 1.00 0.00 0.00
55.00 23.00 29.00 60.00 117.00 31.00 57.00 0.09 0.93 1.00 2.00 0.50 3.00 11.00 20.00 12.00 15.00 8.00 0.00 0.00 1.00 0.00 0.00
56.00 17.00 8.00 42.00 86.00 34.00 44.00 0.07 0.56 1.00 1.00 1.00 6.00 7.00 11.00 10.00 12.00 5.00 0.00 0.00 0.00 0.00 0.00
57.00 21.00 21.00 54.00 107.00 33.00 53.00 0.09 0.68 1.00 2.00 0.50 3.00 10.00 18.00 11.00 14.00 7.00 0.00 0.00 0.00 0.00 0.00
58.00 23.00 28.00 59.00 109.00 31.00 50.00 0.09 0.85 1.00 2.00 0.50 3.00 8.00 20.00 15.00 12.00 11.00 0.00 0.00 0.00 0.00 0.00
59.00 10.00 8.00 22.00 44.00 14.00 22.00 0.08 0.34 0.00 3.00 0.00 1.00 8.00 9.00 2.00 8.00 2.00 0.00 0.00 0.00 0.00 0.00
60.00 19.00 18.00 39.00 88.00 21.00 49.00 0.09 0.66 1.00 1.00 1.00 5.00 10.00 14.00 9.00 11.00 8.00 0.00 0.00 0.00 0.00 0.00
61.00 23.00 23.00 65.00 114.00 42.00 49.00 0.09 0.62 1.00 1.00 1.00 9.00 15.00 14.00 8.00 19.00 4.00 0.00 0.00 0.00 0.00 0.00
62.00 19.00 15.00 50.00 97.00 35.00 47.00 0.09 0.95 1.00 1.00 1.00 7.00 12.00 12.00 7.00 15.00 4.00 0.00 0.00 0.00 0.00 0.00
63.00 18.00 14.00 43.00 88.00 29.00 45.00 0.07 0.71 1.00 1.00 1.00 7.00 9.00 11.00 9.00 15.00 3.00 0.00 0.00 0.00 0.00 0.00
64.00 25.00 32.00 69.00 124.00 37.00 55.00 0.08 0.91 1.00 1.00 1.00 8.00 14.00 17.00 11.00 17.00 8.00 0.00 0.00 0.00 0.00 0.00
65.00 27.00 37.00 81.00 140.00 44.00 59.00 0.08 1.01 0.00 1.00 0.00 8.00 13.00 19.00 14.00 15.00 12.00 0.00 0.00 0.00 0.00 1.00
66.00 27.00 29.00 69.00 137.00 40.00 68.00 0.07 1.27 1.00 0.00 0.00 2.00 10.00 25.00 17.00 18.00 9.00 0.00 0.00 0.00 0.00 0.00
67.00 32.00 40.00 88.00 166.00 48.00 78.00 0.07 1.43 1.00 0.00 0.00 8.00 15.00 24.00 17.00 18.00 14.00 0.00 0.00 0.00 0.00 0.00
68.00 32.00 41.00 89.00 158.00 48.00 69.00 0.09 1.13 1.00 2.00 0.50 9.00 12.00 23.00 20.00 18.00 14.00 0.00 0.00 2.00 0.00 0.00
69.00 23.00 29.00 60.00 113.00 31.00 53.00 0.07 1.05 1.00 1.00 1.00 5.00 11.00 18.00 12.00 13.00 10.00 0.00 0.00 0.00 0.00 0.00
70.00 31.00 34.00 86.00 160.00 52.00 74.00 0.09 1.03 1.00 2.00 0.50 7.00 15.00 24.00 16.00 17.00 14.00 0.00 0.00 0.00 0.00 0.00
71.00 27.00 43.00 79.00 138.00 36.00 59.00 0.09 0.86 2.00 1.00 2.00 6.00 11.00 21.00 16.00 16.00 11.00 0.00 0.00 0.00 0.00 0.00
72.00 29.00 42.00 86.00 145.00 44.00 59.00 0.09 1.06 1.00 1.00 1.00 5.00 13.00 24.00 16.00 17.00 12.00 0.00 0.00 0.00 0.00 0.00
73.00 24.00 34.00 74.00 126.00 40.00 52.00 0.08 0.89 1.00 1.00 1.00 5.00 11.00 19.00 13.00 13.00 11.00 0.00 0.00 0.00 0.00 0.00
74.00 23.00 35.00 63.00 110.00 28.00 47.00 0.09 1.13 1.00 1.00 1.00 7.00 14.00 16.00 9.00 17.00 6.00 0.00 0.00 0.00 0.00 0.00
75.00 26.00 32.00 73.00 129.00 41.00 56.00 0.08 1.12 1.00 1.00 1.00 9.00 12.00 17.00 14.00 13.00 13.00 0.00 0.00 0.00 0.00 0.00
76.00 24.00 25.00 66.00 114.00 41.00 48.00 0.08 0.92 0.00 1.00 0.00 7.00 11.00 17.00 13.00 18.00 6.00 0.00 0.00 0.00 0.00 0.00
77.00 18.00 9.00 45.00 94.00 36.00 49.00 0.08 0.89 0.00 2.00 0.00 6.00 9.00 12.00 9.00 14.00 4.00 0.00 0.00 0.00 0.00 0.00
78.00 34.00 51.00 100.00 175.00 49.00 75.00 0.09 1.23 1.00 3.00 0.33 9.00 15.00 25.00 19.00 21.00 13.00 0.00 0.00 0.00 0.00 0.00
79.00 26.00 29.00 74.00 132.00 45.00 58.00 0.08 0.79 0.00 4.00 0.00 6.00 9.00 20.00 17.00 16.00 10.00 1.00 0.00 0.00 0.00 0.00
80.00 30.00 30.00 89.00 159.00 59.00 70.00 0.10 1.02 0.00 3.00 0.00 3.00 13.00 27.00 17.00 19.00 11.00 1.00 0.00 1.00 0.00 0.00
81.00 30.00 37.00 85.00 145.00 48.00 60.00 0.08 1.16 0.00 2.00 0.00 12.00 19.00 18.00 11.00 23.00 7.00 1.00 0.00 0.00 0.00 0.00
82.00 28.00 31.00 83.00 145.00 52.00 62.00 0.09 0.92 0.00 4.00 0.00 5.00 12.00 23.00 16.00 18.00 10.00 1.00 0.00 0.00 0.00 1.00
83.00 27.00 42.00 80.00 135.00 38.00 55.00 0.07 0.76 0.00 4.00 0.00 7.00 12.00 20.00 15.00 20.00 7.00 1.00 0.00 1.00 0.00 0.00
84.00 27.00 31.00 83.00 134.00 52.00 51.00 0.07 0.74 1.00 4.00 0.25 6.00 14.00 21.00 13.00 19.00 8.00 1.00 0.00 0.00 0.00 0.00
85.00 29.00 35.00 83.00 144.00 48.00 61.00 0.08 0.92 1.00 4.00 0.25 7.00 13.00 22.00 16.00 15.00 14.00 0.00 0.00 0.00 0.00 0.00
86.00 33.00 42.00 87.00 166.00 45.00 79.00 0.08 0.95 0.00 3.00 0.00 7.00 13.00 26.00 20.00 24.00 9.00 0.00 0.00 0.00 0.00 0.00
87.00 27.00 36.00 84.00 141.00 48.00 57.00 0.10 0.86 1.00 3.00 0.33 7.00 14.00 20.00 13.00 15.00 12.00 1.00 0.00 0.00 0.00 0.00
88.00 28.00 35.00 74.00 141.00 39.00 67.00 0.08 1.00 1.00 3.00 0.33 8.00 12.00 20.00 16.00 15.00 13.00 1.00 0.00 0.00 0.00 0.00
89.00 32.00 51.00 102.00 160.00 51.00 58.00 0.09 0.80 0.00 3.00 0.00 8.00 13.00 24.00 19.00 23.00 9.00 1.00 0.00 0.00 0.00 0.00
90.00 22.00 19.00 57.00 107.00 38.00 50.00 0.10 0.82 0.00 2.00 0.00 6.00 7.00 16.00 15.00 10.00 12.00 0.00 0.00 0.00 1.00 0.00
91.00 33.00 42.00 92.00 167.00 50.00 75.00 0.07 0.95 0.00 3.00 0.00 9.00 14.00 24.00 19.00 20.00 13.00 1.00 0.00 1.00 0.00 0.00
92.00 33.00 48.00 93.00 169.00 45.00 76.00 0.09 0.86 1.00 2.00 0.50 8.00 13.00 25.00 20.00 19.00 14.00 1.00 0.00 1.00 0.00 0.00
93.00 32.00 37.00 98.00 166.00 61.00 68.00 0.10 0.79 1.00 1.00 1.00 7.00 13.00 25.00 19.00 20.00 12.00 1.00 0.00 0.00 0.00 0.00
94.00 24.00 31.00 63.00 120.00 32.00 57.00 0.08 0.70 0.00 2.00 0.00 5.00 10.00 19.00 14.00 13.00 11.00 1.00 0.00 0.00 0.00 0.00
95.00 27.00 28.00 73.00 134.00 45.00 61.00 0.08 1.28 1.00 2.00 0.50 5.00 12.00 22.00 15.00 20.00 7.00 0.00 0.00 0.00 0.00 0.00
96.00 29.00 40.00 80.00 143.00 40.00 63.00 0.08 0.91 1.00 2.00 0.50 4.00 10.00 25.00 19.00 16.00 13.00 0.00 0.00 0.00 0.00 0.00
97.00 33.00 38.00 95.00 166.00 57.00 71.00 0.08 1.02 1.00 3.00 0.33 9.00 13.00 24.00 20.00 21.00 12.00 0.00 0.00 0.00 0.00 0.00
98.00 34.00 47.00 93.00 167.00 46.00 74.00 0.08 1.12 1.00 3.00 0.33 7.00 16.00 27.00 18.00 22.00 12.00 0.00 0.00 0.00 0.00 0.00
99.00 38.00 52.00 118.00 195.00 66.00 77.00 0.08 0.97 1.00 2.00 0.50 7.00 15.00 31.00 23.00 22.00 16.00 1.00 0.00 0.00 0.00 0.00
100.00 30.00 44.00 93.00 155.00 49.00 62.00 0.08 0.81 2.00 2.00 1.00 5.00 10.00 25.00 20.00 15.00 15.00 0.00 0.00 1.00 1.00 0.00
101.00 33.00 42.00 93.00 162.00 51.00 69.00 0.08 1.32 2.00 2.00 1.00 6.00 10.00 27.00 23.00 18.00 15.00 0.00 0.00 0.00 0.00 0.00
102.00 32.00 38.00 87.00 163.00 49.00 76.00 0.08 1.32 2.00 2.00 1.00 7.00 12.00 25.00 20.00 17.00 15.00 0.00 0.00 1.00 1.00 0.00
103.00 36.00 46.00 110.00 184.00 64.00 74.00 0.09 1.18 2.00 1.00 2.00 8.00 16.00 28.00 20.00 22.00 14.00 0.00 0.00 0.00 0.00 0.00
104.00 31.00 32.00 82.00 160.00 50.00 78.00 0.09 1.06 3.00 3.00 1.00 10.00 15.00 21.00 16.00 21.00 10.00 0.00 0.00 0.00 0.00 0.00
105.00 27.00 38.00 85.00 141.00 47.00 56.00 0.08 0.80 2.00 2.00 1.00 6.00 10.00 21.00 17.00 17.00 10.00 0.00 0.00 0.00 0.00 0.00
106.00 29.00 38.00 88.00 157.00 50.00 69.00 0.08 0.81 2.00 3.00 0.67 3.00 10.00 26.00 19.00 19.00 10.00 0.00 0.00 0.00 0.00 0.00
107.00 34.00 35.00 80.00 158.00 45.00 78.00 0.09 1.31 1.00 2.00 0.50 8.00 14.00 26.00 20.00 24.00 10.00 0.00 0.00 0.00 1.00 0.00
108.00 28.00 35.00 84.00 149.00 49.00 65.00 0.09 0.93 1.00 3.00 0.33 6.00 13.00 22.00 15.00 17.00 11.00 0.00 0.00 0.00 1.00 0.00
109.00 33.00 45.00 96.00 165.00 51.00 69.00 0.08 0.88 2.00 1.00 2.00 8.00 16.00 25.00 17.00 22.00 11.00 0.00 0.00 2.00 1.00 0.00
110.00 34.00 51.00 106.00 179.00 55.00 73.00 0.08 0.96 2.00 1.00 2.00 5.00 9.00 29.00 25.00 14.00 20.00 0.00 0.00 0.00 0.00 0.00
111.00 34.00 52.00 112.00 180.00 60.00 68.00 0.10 0.99 2.00 1.00 2.00 6.00 12.00 28.00 22.00 20.00 14.00 0.00 0.00 3.00 0.00 0.00
112.00 36.00 56.00 105.00 183.00 49.00 78.00 0.08 1.01 2.00 1.00 2.00 10.00 15.00 26.00 21.00 21.00 15.00 0.00 0.00 1.00 0.00 0.00
113.00 37.00 47.00 105.00 182.00 58.00 77.00 0.08 0.99 3.00 1.00 3.00 7.00 21.00 30.00 16.00 25.00 12.00 0.00 0.00 2.00 0.00 0.00
114.00 29.00 38.00 92.00 155.00 54.00 63.00 0.10 0.71 3.00 1.00 3.00 7.00 10.00 22.00 19.00 15.00 14.00 0.00 0.00 2.00 0.00 0.00
115.00 35.00 51.00 105.00 178.00 54.00 73.00 0.07 0.95 2.00 1.00 2.00 8.00 16.00 27.00 19.00 18.00 17.00 0.00 0.00 1.00 0.00 0.00
116.00 36.00 52.00 107.00 182.00 55.00 75.00 0.09 1.08 2.00 1.00 2.00 9.00 15.00 27.00 21.00 22.00 14.00 0.00 0.00 2.00 0.00 0.00
117.00 44.00 54.00 123.00 221.00 69.00 98.00 0.09 1.11 3.00 2.00 1.50 11.00 20.00 33.00 24.00 28.00 16.00 0.00 0.00 0.00 0.00 0.00
118.00 38.00 38.00 109.00 203.00 71.00 94.00 0.07 1.02 3.00 1.00 3.00 11.00 17.00 27.00 21.00 21.00 17.00 0.00 0.00 0.00 0.00 0.00
119.00 36.00 49.00 111.00 189.00 62.00 78.00 0.10 0.73 3.00 4.00 0.75 7.00 12.00 29.00 24.00 19.00 17.00 0.00 0.00 2.00 0.00 0.00
120.00 34.00 47.00 108.00 171.00 61.00 63.00 0.09 0.80 2.00 2.00 1.00 10.00 14.00 24.00 20.00 19.00 15.00 0.00 0.00 0.00 0.00 0.00
121.00 31.00 45.00 92.00 159.00 47.00 67.00 0.08 0.78 2.00 3.00 0.67 6.00 13.00 25.00 18.00 17.00 14.00 0.00 0.00 1.00 0.00 0.00
122.00 37.00 44.00 112.00 193.00 68.00 81.00 0.08 0.97 2.00 2.00 1.00 8.00 13.00 29.00 24.00 21.00 16.00 0.00 0.00 0.00 0.00 0.00
123.00 37.00 47.00 108.00 195.00 61.00 87.00 0.08 1.07 2.00 1.00 2.00 6.00 13.00 31.00 24.00 21.00 16.00 0.00 0.00 1.00 0.00 0.00
124.00 35.00 50.00 113.00 181.00 63.00 68.00 0.10 0.96 2.00 1.00 2.00 8.00 13.00 27.00 22.00 15.00 20.00 0.00 0.00 2.00 0.00 0.00
125.00 32.00 41.00 105.00 171.00 64.00 66.00 0.08 0.90 2.00 2.00 1.00 3.00 12.00 29.00 20.00 17.00 15.00 0.00 0.00 1.00 0.00 0.00
126.00 32.00 35.00 99.00 171.00 64.00 72.00 0.10 0.95 2.00 3.00 0.67 7.00 18.00 25.00 14.00 21.00 11.00 0.00 0.00 0.00 0.00 0.00
127.00 32.00 41.00 93.00 158.00 52.00 65.00 0.09 0.83 2.00 2.00 1.00 9.00 15.00 23.00 17.00 23.00 9.00 0.00 0.00 0.00 0.00 0.00
128.00 31.00 48.00 93.00 164.00 45.00 71.00 0.08 0.79 2.00 1.00 2.00 9.00 18.00 22.00 13.00 20.00 11.00 0.00 0.00 0.00 0.00 0.00
129.00 34.00 43.00 106.00 179.00 63.00 73.00 0.08 0.78 3.00 1.00 3.00 4.00 15.00 30.00 19.00 20.00 14.00 0.00 0.00 2.00 0.00 0.00
130.00 34.00 49.00 105.00 173.00 56.00 68.00 0.10 0.85 4.00 1.00 4.00 8.00 11.00 26.00 23.00 16.00 18.00 0.00 0.00 1.00 0.00 0.00
131.00 35.00 41.00 104.00 185.00 63.00 81.00 0.10 1.03 2.00 1.00 2.00 6.00 15.00 29.00 20.00 22.00 13.00 0.00 0.00 1.00 0.00 0.00
132.00 33.00 35.00 88.00 165.00 53.00 77.00 0.09 1.02 2.00 0.00 0.00 8.00 12.00 25.00 21.00 20.00 13.00 0.00 0.00 2.00 0.00 0.00
133.00 32.00 33.00 90.00 165.00 57.00 75.00 0.08 0.94 1.00 1.00 1.00 10.00 19.00 22.00 13.00 23.00 9.00 0.00 0.00 1.00 0.00 0.00
134.00 34.00 42.00 95.00 171.00 53.00 76.00 0.07 0.93 2.00 1.00 2.00 11.00 17.00 23.00 17.00 20.00 14.00 0.00 0.00 2.00 0.00 0.00
135.00 34.00 46.00 106.00 173.00 60.00 67.00 0.08 1.07 2.00 2.00 1.00 5.00 15.00 29.00 19.00 24.00 10.00 0.00 0.00 0.00 1.00 0.00
136.00 34.00 42.00 102.00 174.00 60.00 72.00 0.08 1.16 2.00 3.00 0.67 8.00 15.00 26.00 19.00 20.00 14.00 0.00 0.00 0.00 0.00 0.00
137.00 38.00 51.00 114.00 186.00 63.00 72.00 0.08 1.14 0.00 2.00 0.00 7.00 17.00 31.00 21.00 24.00 14.00 0.00 0.00 1.00 0.00 0.00
138.00 34.00 47.00 110.00 176.00 63.00 66.00 0.08 1.10 2.00 3.00 0.67 7.00 16.00 27.00 18.00 25.00 9.00 0.00 0.00 2.00 1.00 0.00
139.00 30.00 41.00 88.00 154.00 47.00 66.00 0.10 0.80 2.00 2.00 1.00 8.00 14.00 22.00 16.00 18.00 12.00 0.00 0.00 1.00 0.00 0.00
140.00 35.00 53.00 109.00 181.00 56.00 72.00 0.07 0.97 2.00 3.00 0.67 8.00 15.00 27.00 20.00 17.00 18.00 0.00 0.00 0.00 0.00 0.00
141.00 35.00 45.00 97.00 171.00 52.00 74.00 0.09 1.09 2.00 1.00 2.00 9.00 20.00 26.00 15.00 24.00 11.00 0.00 0.00 0.00 1.00 0.00
142.00 31.00 38.00 92.00 161.00 54.00 69.00 0.09 0.77 1.00 2.00 0.50 9.00 15.00 22.00 16.00 20.00 11.00 0.00 0.00 0.00 0.00 0.00
143.00 34.00 50.00 111.00 173.00 61.00 62.00 0.07 0.95 2.00 3.00 0.67 9.00 15.00 25.00 19.00 18.00 16.00 0.00 0.00 0.00 0.00 0.00
144.00 35.00 31.00 96.00 188.00 65.00 92.00 0.08 1.14 2.00 2.00 1.00 10.00 15.00 25.00 20.00 25.00 10.00 0.00 0.00 0.00 0.00 0.00
145.00 30.00 40.00 98.00 157.00 58.00 59.00 0.07 0.95 2.00 3.00 0.67 7.00 10.00 23.00 20.00 17.00 13.00 0.00 0.00 1.00 1.00 0.00
146.00 36.00 50.00 109.00 186.00 59.00 77.00 0.07 1.19 2.00 4.00 0.50 7.00 17.00 29.00 19.00 26.00 10.00 0.00 0.00 0.00 0.00 0.00
147.00 39.00 52.00 110.00 199.00 58.00 89.00 0.08 1.59 3.00 4.00 0.75 10.00 16.00 29.00 23.00 21.00 18.00 0.00 0.00 0.00 0.00 1.00
148.00 33.00 46.00 97.00 170.00 51.00 73.00 0.07 1.24 1.00 2.00 0.50 7.00 18.00 26.00 15.00 24.00 9.00 0.00 0.00 0.00 0.00 0.00
149.00 34.00 52.00 103.00 179.00 51.00 76.00 0.09 1.27 2.00 3.00 0.67 9.00 15.00 25.00 19.00 22.00 12.00 0.00 0.00 1.00 0.00 0.00
150.00 34.00 53.00 109.00 181.00 56.00 72.00 0.08 1.16 1.00 2.00 0.50 6.00 11.00 28.00 23.00 17.00 17.00 0.00 0.00 0.00 0.00 0.00
151.00 33.00 38.00 85.00 161.00 47.00 76.00 0.09 1.25 2.00 2.00 1.00 7.00 15.00 26.00 18.00 22.00 11.00 0.00 0.00 0.00 0.00 0.00
152.00 36.00 43.00 97.00 179.00 54.00 82.00 0.08 1.24 1.00 2.00 0.50 8.00 17.00 28.00 19.00 25.00 11.00 0.00 0.00 2.00 0.00 1.00
153.00 38.00 55.00 118.00 195.00 63.00 77.00 0.08 1.20 3.00 3.00 1.00 8.00 17.00 30.00 21.00 24.00 14.00 0.00 0.00 3.00 0.00 0.00
154.00 44.00 56.00 130.00 222.00 74.00 92.00 0.08 1.43 2.00 3.00 0.67 9.00 15.00 35.00 29.00 23.00 21.00 0.00 0.00 1.00 0.00 0.00
155.00 36.00 49.00 109.00 184.00 60.00 75.00 0.10 1.22 3.00 3.00 1.00 10.00 18.00 26.00 18.00 28.00 8.00 0.00 0.00 1.00 0.00 0.00
156.00 38.00 43.00 120.00 193.00 77.00 73.00 0.09 1.26 1.00 2.00 0.50 5.00 14.00 33.00 24.00 21.00 17.00 1.00 0.00 0.00 1.00 0.00
157.00 37.00 48.00 121.00 194.00 73.00 73.00 0.09 1.17 3.00 2.00 1.50 8.00 15.00 29.00 22.00 20.00 17.00 1.00 0.00 0.00 1.00 0.00
158.00 40.00 43.00 111.00 212.00 68.00 101.00 0.07 1.53 3.00 2.00 1.50 8.00 18.00 32.00 22.00 26.00 14.00 1.00 0.00 2.00 0.00 0.00
159.00 38.00 50.00 116.00 202.00 66.00 86.00 0.08 1.25 2.00 2.00 1.00 8.00 15.00 30.00 23.00 26.00 12.00 0.00 0.00 0.00 0.00 0.00
160.00 41.00 60.00 134.00 221.00 74.00 87.00 0.09 1.39 3.00 3.00 1.00 6.00 16.00 35.00 25.00 25.00 16.00 2.00 0.00 0.00 0.00 0.00
161.00 42.00 52.00 125.00 218.00 73.00 93.00 0.09 1.43 3.00 2.00 1.50 7.00 18.00 35.00 24.00 23.00 19.00 1.00 0.00 0.00 0.00 0.00
162.00 39.00 51.00 125.00 210.00 74.00 85.00 0.08 1.52 3.00 2.00 1.50 8.00 20.00 31.00 19.00 24.00 15.00 2.00 0.00 0.00 0.00 0.00
163.00 44.00 54.00 126.00 229.00 72.00 103.00 0.09 1.52 3.00 1.00 3.00 10.00 21.00 34.00 23.00 29.00 15.00 1.00 0.00 0.00 0.00 0.00
164.00 41.00 66.00 139.00 219.00 73.00 80.00 0.08 1.17 3.00 1.00 3.00 10.00 16.00 31.00 25.00 23.00 18.00 1.00 0.00 1.00 0.00 0.00
165.00 43.00 62.00 135.00 219.00 73.00 84.00 0.08 1.52 4.00 0.00 0.00 14.00 19.00 29.00 24.00 30.00 13.00 0.00 0.00 0.00 0.00 0.00
166.00 42.00 53.00 132.00 219.00 79.00 87.00 0.07 1.39 3.00 1.00 3.00 11.00 19.00 31.00 23.00 30.00 12.00 1.00 0.00 1.00 0.00 0.00
167.00 36.00 51.00 121.00 199.00 70.00 78.00 0.08 1.25 3.00 1.00 3.00 7.00 14.00 29.00 22.00 18.00 18.00 1.00 0.00 1.00 0.00 0.00
168.00 43.00 53.00 115.00 215.00 62.00 100.00 0.10 1.50 3.00 1.00 3.00 12.00 22.00 31.00 21.00 29.00 14.00 0.00 0.00 1.00 1.00 0.00
169.00 36.00 43.00 100.00 176.00 57.00 76.00 0.10 1.36 3.00 1.00 3.00 7.00 20.00 29.00 16.00 23.00 13.00 0.00 0.00 1.00 0.00 0.00
170.00 43.00 66.00 133.00 219.00 67.00 86.00 0.08 1.19 3.00 1.00 3.00 10.00 20.00 33.00 23.00 29.00 14.00 0.00 0.00 0.00 0.00 0.00
171.00 45.00 57.00 135.00 218.00 78.00 83.00 0.08 1.47 2.00 0.00 0.00 7.00 19.00 38.00 26.00 26.00 19.00 0.00 0.00 0.00 0.00 0.00
172.00 34.00 51.00 111.00 180.00 60.00 69.00 0.08 1.23 2.00 1.00 2.00 9.00 13.00 25.00 21.00 21.00 13.00 0.00 0.00 1.00 0.00 0.00
173.00 44.00 62.00 141.00 233.00 79.00 92.00 0.09 1.38 2.00 1.00 2.00 10.00 20.00 34.00 24.00 25.00 19.00 1.00 0.00 1.00 0.00 0.00
174.00 40.00 52.00 129.00 211.00 77.00 82.00 0.09 1.24 2.00 2.00 1.00 10.00 19.00 30.00 21.00 24.00 16.00 0.00 0.00 1.00 0.00 0.00
175.00 43.00 69.00 143.00 223.00 74.00 80.00 0.10 1.29 3.00 0.00 0.00 10.00 20.00 33.00 23.00 28.00 15.00 0.00 0.00 0.00 0.00 0.00
176.00 34.00 51.00 106.00 173.00 55.00 67.00 0.08 1.11 4.00 3.00 1.33 5.00 14.00 29.00 20.00 20.00 14.00 0.00 0.00 1.00 1.00 0.00
177.00 36.00 36.00 108.00 185.00 72.00 77.00 0.09 1.31 3.00 2.00 1.50 6.00 14.00 30.00 22.00 19.00 17.00 0.00 0.00 1.00 0.00 0.00
178.00 42.00 69.00 139.00 227.00 70.00 88.00 0.10 1.13 3.00 3.00 1.00 11.00 16.00 31.00 26.00 21.00 21.00 0.00 0.00 1.00 0.00 0.00
179.00 45.00 86.00 148.00 238.00 62.00 90.00 0.07 1.19 1.00 3.00 0.33 10.00 16.00 35.00 29.00 22.00 23.00 0.00 0.00 1.00 0.00 0.00
180.00 46.00 70.00 148.00 240.00 78.00 92.00 0.09 1.24 4.00 2.00 2.00 5.00 18.00 41.00 28.00 24.00 22.00 0.00 0.00 2.00 1.00 0.00
181.00 36.00 46.00 109.00 182.00 63.00 73.00 0.09 1.24 4.00 4.00 1.00 8.00 18.00 28.00 18.00 22.00 14.00 0.00 0.00 1.00 0.00 0.00
182.00 37.00 48.00 116.00 197.00 68.00 81.00 0.08 1.25 4.00 3.00 1.33 5.00 14.00 32.00 23.00 23.00 14.00 0.00 0.00 1.00 0.00 0.00
183.00 45.00 53.00 140.00 232.00 87.00 92.00 0.09 1.47 3.00 2.00 1.50 10.00 23.00 35.00 22.00 30.00 15.00 0.00 0.00 0.00 0.00 0.00
184.00 42.00 59.00 132.00 216.00 73.00 84.00 0.09 1.40 3.00 5.00 0.60 4.00 17.00 38.00 25.00 24.00 18.00 0.00 0.00 0.00 1.00 0.00
185.00 41.00 58.00 135.00 225.00 77.00 90.00 0.08 1.19 3.00 4.00 0.75 7.00 17.00 34.00 24.00 24.00 17.00 0.00 0.00 1.00 0.00 0.00
186.00 39.00 46.00 115.00 198.00 69.00 83.00 0.07 1.27 2.00 3.00 0.67 11.00 18.00 28.00 21.00 26.00 13.00 0.00 0.00 0.00 1.00 0.00
187.00 35.00 39.00 105.00 183.00 66.00 78.00 0.11 1.20 3.00 4.00 0.75 4.00 18.00 31.00 17.00 24.00 11.00 0.00 0.00 0.00 0.00 0.00
188.00 40.00 60.00 119.00 213.00 59.00 94.00 0.08 1.47 2.00 3.00 0.67 10.00 16.00 30.00 24.00 18.00 22.00 0.00 0.00 0.00 0.00 0.00
189.00 34.00 43.00 106.00 185.00 63.00 79.00 0.09 1.04 3.00 5.00 0.60 7.00 10.00 27.00 24.00 17.00 17.00 0.00 0.00 0.00 0.00 0.00
190.00 35.00 42.00 104.00 174.00 62.00 70.00 0.09 1.12 4.00 3.00 1.33 7.00 14.00 28.00 21.00 21.00 14.00 0.00 0.00 0.00 0.00 0.00
191.00 38.00 41.00 113.00 196.00 72.00 83.00 0.09 1.43 4.00 3.00 1.33 7.00 11.00 31.00 27.00 21.00 17.00 0.00 0.00 1.00 0.00 0.00
192.00 34.00 45.00 103.00 179.00 58.00 76.00 0.07 1.00 4.00 1.00 4.00 7.00 14.00 27.00 20.00 20.00 14.00 0.00 0.00 1.00 0.00 0.00
193.00 41.00 68.00 133.00 209.00 65.00 76.00 0.07 1.07 3.00 4.00 0.75 7.00 13.00 34.00 28.00 20.00 21.00 0.00 0.00 0.00 1.00 0.00
194.00 40.00 50.00 124.00 214.00 74.00 90.00 0.08 1.09 3.00 4.00 0.75 11.00 18.00 29.00 22.00 24.00 16.00 0.00 0.00 0.00 0.00 0.00
195.00 38.00 59.00 120.00 199.00 61.00 79.00 0.09 0.87 3.00 3.00 1.00 6.00 12.00 32.00 26.00 17.00 21.00 0.00 0.00 1.00 0.00 0.00
196.00 40.00 58.00 120.00 201.00 62.00 81.00 0.08 1.34 3.00 2.00 1.50 11.00 19.00 29.00 21.00 24.00 16.00 0.00 0.00 1.00 0.00 0.00
197.00 37.00 58.00 121.00 194.00 63.00 73.00 0.07 1.06 3.00 3.00 1.00 8.00 11.00 29.00 26.00 18.00 19.00 0.00 0.00 1.00 0.00 0.00
198.00 38.00 49.00 119.00 201.00 70.00 82.00 0.10 1.35 3.00 3.00 1.00 8.00 12.00 30.00 26.00 17.00 21.00 0.00 0.00 1.00 0.00 0.00
199.00 38.00 61.00 109.00 191.00 48.00 82.00 0.09 1.26 3.00 3.00 1.00 8.00 14.00 30.00 24.00 20.00 18.00 0.00 0.00 0.00 1.00 0.00
200.00 41.00 75.00 139.00 207.00 64.00 68.00 0.08 0.98 2.00 3.00 0.67 6.00 18.00 35.00 23.00 26.00 15.00 0.00 0.00 1.00 0.00 0.00
201.00 38.00 51.00 114.00 200.00 63.00 86.00 0.08 1.05 3.00 3.00 1.00 5.00 14.00 33.00 24.00 21.00 17.00 0.00 0.00 0.00 0.00 0.00
202.00 36.00 54.00 112.00 186.00 58.00 74.00 0.09 0.98 3.00 1.00 3.00 5.00 10.00 31.00 26.00 17.00 19.00 0.00 0.00 0.00 0.00 0.00
203.00 40.00 41.00 105.00 198.00 64.00 93.00 0.09 1.20 3.00 1.00 3.00 12.00 24.00 28.00 16.00 32.00 8.00 0.00 0.00 0.00 0.00 0.00
204.00 40.00 55.00 120.00 201.00 65.00 81.00 0.09 1.23 4.00 2.00 2.00 13.00 18.00 27.00 22.00 25.00 15.00 0.00 0.00 1.00 0.00 0.00
205.00 40.00 60.00 120.00 206.00 60.00 86.00 0.08 1.05 3.00 2.00 1.50 6.00 12.00 34.00 28.00 24.00 16.00 0.00 0.00 0.00 0.00 0.00
206.00 39.00 63.00 127.00 211.00 64.00 84.00 0.08 0.99 4.00 3.00 1.33 8.00 16.00 31.00 23.00 25.00 14.00 0.00 0.00 0.00 0.00 0.00
207.00 39.00 60.00 118.00 201.00 58.00 83.00 0.10 1.17 3.00 3.00 1.00 10.00 21.00 29.00 18.00 24.00 15.00 0.00 0.00 0.00 0.00 0.00
208.00 41.00 60.00 131.00 216.00 71.00 85.00 0.09 1.08 2.00 5.00 0.40 10.00 17.00 31.00 24.00 23.00 18.00 0.00 0.00 0.00 1.00 0.00
209.00 41.00 53.00 117.00 197.00 64.00 80.00 0.09 1.39 2.00 3.00 0.67 7.00 19.00 34.00 22.00 25.00 16.00 0.00 0.00 0.00 1.00 0.00
210.00 31.00 44.00 91.00 158.00 47.00 67.00 0.09 1.00 2.00 3.00 0.67 3.00 12.00 28.00 19.00 19.00 12.00 0.00 0.00 0.00 0.00 0.00
211.00 34.00 54.00 108.00 183.00 54.00 75.00 0.09 1.03 4.00 3.00 1.33 4.00 7.00 30.00 27.00 16.00 18.00 0.00 0.00 1.00 0.00 0.00
212.00 37.00 56.00 118.00 197.00 62.00 79.00 0.09 1.13 3.00 2.00 1.50 8.00 18.00 29.00 19.00 24.00 13.00 0.00 0.00 0.00 0.00 0.00
213.00 34.00 47.00 103.00 183.00 56.00 80.00 0.09 1.15 1.00 1.00 1.00 8.00 17.00 26.00 17.00 24.00 10.00 0.00 0.00 0.00 0.00 0.00
214.00 36.00 48.00 106.00 181.00 58.00 75.00 0.09 1.20 3.00 1.00 3.00 10.00 16.00 26.00 20.00 25.00 11.00 0.00 0.00 0.00 0.00 0.00
215.00 33.00 38.00 92.00 173.00 54.00 81.00 0.07 1.26 2.00 3.00 0.67 8.00 13.00 25.00 20.00 19.00 14.00 0.00 0.00 0.00 0.00 0.00
216.00 31.00 44.00 99.00 159.00 55.00 60.00 0.08 0.89 1.00 2.00 0.50 7.00 13.00 24.00 18.00 18.00 13.00 0.00 0.00 2.00 0.00 0.00
217.00 31.00 46.00 101.00 165.00 55.00 64.00 0.07 1.04 3.00 1.00 3.00 8.00 14.00 23.00 17.00 18.00 13.00 0.00 0.00 1.00 0.00 0.00
218.00 29.00 39.00 91.00 145.00 52.00 54.00 0.07 0.85 2.00 2.00 1.00 6.00 11.00 23.00 18.00 17.00 12.00 0.00 0.00 0.00 0.00 0.00
219.00 28.00 40.00 80.00 143.00 40.00 63.00 0.07 0.76 2.00 3.00 0.67 11.00 14.00 17.00 14.00 16.00 12.00 0.00 0.00 1.00 0.00 0.00
220.00 29.00 37.00 87.00 143.00 50.00 56.00 0.08 0.95 2.00 2.00 1.00 9.00 13.00 20.00 16.00 15.00 14.00 0.00 0.00 1.00 0.00 0.00
221.00 31.00 40.00 96.00 163.00 56.00 67.00 0.09 1.03 2.00 3.00 0.67 6.00 12.00 25.00 19.00 17.00 14.00 0.00 0.00 0.00 0.00 0.00
222.00 32.00 40.00 92.00 166.00 52.00 74.00 0.08 1.07 2.00 3.00 0.67 7.00 12.00 25.00 20.00 20.00 12.00 0.00 0.00 1.00 0.00 0.00
223.00 34.00 46.00 94.00 166.00 48.00 72.00 0.08 1.07 2.00 3.00 0.67 11.00 16.00 23.00 18.00 24.00 10.00 0.00 0.00 1.00 0.00 0.00
224.00 29.00 40.00 87.00 150.00 47.00 63.00 0.09 0.90 2.00 1.00 2.00 9.00 15.00 20.00 14.00 17.00 12.00 0.00 0.00 0.00 0.00 0.00
225.00 28.00 32.00 85.00 150.00 53.00 65.00 0.09 0.72 2.00 1.00 2.00 7.00 14.00 21.00 14.00 20.00 8.00 0.00 0.00 1.00 0.00 0.00
226.00 28.00 37.00 84.00 146.00 47.00 62.00 0.09 0.91 2.00 2.00 1.00 3.00 12.00 25.00 16.00 17.00 11.00 0.00 0.00 0.00 0.00 0.00
227.00 27.00 33.00 79.00 139.00 46.00 60.00 0.09 0.65 1.00 2.00 0.50 4.00 8.00 23.00 19.00 16.00 11.00 0.00 0.00 0.00 0.00 0.00
228.00 29.00 38.00 84.00 147.00 46.00 63.00 0.06 0.88 2.00 1.00 2.00 5.00 13.00 24.00 16.00 18.00 11.00 0.00 0.00 0.00 0.00 0.00
229.00 28.00 30.00 78.00 145.00 48.00 67.00 0.10 0.84 2.00 3.00 0.67 5.00 10.00 23.00 18.00 18.00 10.00 0.00 0.00 0.00 0.00 0.00
230.00 28.00 31.00 83.00 143.00 52.00 60.00 0.09 0.76 3.00 2.00 1.50 5.00 11.00 23.00 17.00 15.00 13.00 0.00 0.00 0.00 0.00 0.00
231.00 29.00 43.00 89.00 148.00 46.00 59.00 0.09 0.80 2.00 3.00 0.67 3.00 8.00 26.00 21.00 16.00 13.00 0.00 0.00 0.00 0.00 0.00
232.00 29.00 44.00 90.00 148.00 46.00 58.00 0.09 0.84 2.00 3.00 0.67 6.00 15.00 23.00 14.00 22.00 7.00 0.00 0.00 0.00 0.00 0.00
233.00 27.00 29.00 76.00 142.00 47.00 66.00 0.10 1.07 2.00 1.00 2.00 10.00 13.00 17.00 14.00 19.00 8.00 0.00 0.00 0.00 0.00 0.00
234.00 22.00 14.00 56.00 105.00 42.00 49.00 0.09 0.58 2.00 2.00 1.00 7.00 15.00 15.00 7.00 17.00 5.00 0.00 0.00 0.00 0.00 0.00
235.00 27.00 33.00 81.00 141.00 48.00 60.00 0.10 0.99 2.00 2.00 1.00 5.00 10.00 22.00 17.00 12.00 15.00 0.00 0.00 0.00 0.00 0.00
236.00 26.00 28.00 70.00 123.00 42.00 53.00 0.08 1.07 2.00 2.00 1.00 9.00 15.00 17.00 11.00 18.00 8.00 0.00 0.00 0.00 0.00 0.00
237.00 28.00 34.00 80.00 142.00 46.00 62.00 0.09 0.91 1.00 1.00 1.00 7.00 12.00 21.00 16.00 16.00 12.00 0.00 0.00 0.00 0.00 0.00
238.00 27.00 36.00 78.00 139.00 42.00 61.00 0.09 0.84 1.00 1.00 1.00 12.00 15.00 15.00 12.00 21.00 6.00 0.00 0.00 0.00 0.00 0.00
239.00 30.00 32.00 91.00 153.00 59.00 62.00 0.10 1.25 1.00 1.00 1.00 9.00 14.00 21.00 16.00 18.00 12.00 0.00 0.00 0.00 0.00 0.00
240.00 26.00 31.00 69.00 128.00 38.00 59.00 0.08 0.99 1.00 1.00 1.00 7.00 11.00 19.00 15.00 16.00 10.00 0.00 0.00 0.00 0.00 0.00
241.00 17.00 6.00 33.00 82.00 27.00 49.00 0.09 1.08 1.00 1.00 1.00 4.00 9.00 13.00 8.00 14.00 3.00 0.00 0.00 0.00 1.00 0.00
242.00 28.00 39.00 79.00 141.00 40.00 62.00 0.09 0.77 1.00 1.00 1.00 7.00 11.00 21.00 17.00 16.00 12.00 0.00 0.00 0.00 0.00 0.00
243.00 17.00 23.00 44.00 86.00 21.00 42.00 0.08 0.40 1.00 0.00 0.00 3.00 9.00 14.00 8.00 13.00 4.00 0.00 0.00 1.00 0.00 0.00
244.00 24.00 37.00 75.00 123.00 38.00 48.00 0.09 0.54 1.00 1.00 1.00 5.00 10.00 19.00 14.00 16.00 8.00 0.00 0.00 0.00 0.00 0.00
245.00 30.00 27.00 74.00 149.00 47.00 75.00 0.09 0.93 1.00 1.00 1.00 10.00 13.00 20.00 17.00 16.00 14.00 0.00 0.00 0.00 0.00 0.00
246.00 26.00 29.00 71.00 130.00 42.00 59.00 0.08 0.74 1.00 1.00 1.00 11.00 14.00 15.00 12.00 18.00 8.00 0.00 0.00 0.00 0.00 0.00
247.00 25.00 27.00 63.00 127.00 36.00 64.00 0.09 0.98 1.00 2.00 0.50 7.00 14.00 18.00 11.00 18.00 7.00 0.00 0.00 0.00 0.00 0.00
248.00 29.00 31.00 70.00 125.00 39.00 55.00 0.09 0.88 1.00 1.00 1.00 8.00 19.00 21.00 10.00 24.00 5.00 0.00 0.00 2.00 0.00 0.00
249.00 25.00 33.00 69.00 122.00 36.00 53.00 0.08 0.81 1.00 2.00 0.50 9.00 14.00 16.00 11.00 15.00 10.00 0.00 0.00 0.00 1.00 0.00
250.00 23.00 26.00 64.00 114.00 38.00 50.00 0.09 0.72 1.00 2.00 0.50 9.00 14.00 14.00 9.00 17.00 6.00 0.00 0.00 1.00 1.00 0.00
251.00 28.00 30.00 72.00 141.00 42.00 69.00 0.08 1.14 1.00 0.00 0.00 6.00 11.00 22.00 17.00 18.00 10.00 0.00 0.00 0.00 0.00 0.00
252.00 11.00 3.00 13.00 45.00 10.00 32.00 0.09 0.59 1.00 0.00 0.00 5.00 7.00 6.00 4.00 10.00 1.00 0.00 0.00 0.00 0.00 0.00
253.00 22.00 18.00 51.00 109.00 33.00 58.00 0.09 1.02 0.00 0.00 0.00 6.00 12.00 16.00 10.00 15.00 7.00 0.00 0.00 0.00 0.00 0.00
254.00 22.00 15.00 44.00 100.00 29.00 56.00 0.07 0.96 1.00 0.00 0.00 4.00 11.00 18.00 11.00 18.00 4.00 0.00 0.00 0.00 0.00 0.00
255.00 17.00 13.00 39.00 80.00 26.00 41.00 0.08 0.86 0.00 0.00 0.00 5.00 9.00 12.00 8.00 13.00 4.00 0.00 0.00 0.00 0.00 0.00
256.00 18.00 18.00 47.00 95.00 29.00 48.00 0.08 0.58 1.00 0.00 0.00 5.00 10.00 13.00 8.00 13.00 5.00 0.00 0.00 0.00 0.00 0.00
257.00 20.00 18.00 45.00 103.00 27.00 58.00 0.06 0.74 1.00 0.00 0.00 4.00 10.00 16.00 10.00 16.00 4.00 0.00 0.00 0.00 0.00 0.00
258.00 20.00 19.00 49.00 103.00 30.00 54.00 0.09 0.82 1.00 0.00 0.00 4.00 8.00 16.00 12.00 11.00 9.00 0.00 0.00 1.00 0.00 0.00
259.00 13.00 7.00 27.00 63.00 20.00 36.00 0.09 0.54 0.00 1.00 0.00 2.00 6.00 11.00 7.00 8.00 5.00 0.00 0.00 0.00 0.00 0.00
260.00 18.00 12.00 31.00 84.00 19.00 53.00 0.08 0.84 0.00 0.00 0.00 4.00 10.00 14.00 8.00 12.00 6.00 0.00 0.00 0.00 0.00 0.00
261.00 17.00 14.00 39.00 86.00 25.00 47.00 0.08 0.49 0.00 0.00 0.00 7.00 11.00 10.00 6.00 12.00 5.00 0.00 0.00 0.00 0.00 0.00
262.00 16.00 9.00 35.00 74.00 26.00 39.00 0.08 0.65 0.00 0.00 0.00 2.00 10.00 14.00 6.00 13.00 3.00 0.00 0.00 0.00 0.00 0.00
263.00 14.00 14.00 37.00 66.00 23.00 29.00 0.08 0.51 1.00 0.00 0.00 4.00 8.00 10.00 6.00 9.00 5.00 0.00 0.00 0.00 0.00 0.00
264.00 5.00 0.00 2.00 18.00 2.00 16.00 0.07 0.24 0.00 0.00 0.00 3.00 4.00 2.00 1.00 5.00 0.00 0.00 0.00 0.00 0.00 0.00
265.00 13.00 8.00 27.00 58.00 19.00 31.00 0.09 0.35 0.00 0.00 0.00 6.00 10.00 7.00 3.00 12.00 1.00 0.00 0.00 0.00 0.00 0.00
266.00 10.00 3.00 17.00 44.00 14.00 27.00 0.07 0.38 0.00 0.00 0.00 4.00 7.00 6.00 3.00 9.00 1.00 0.00 0.00 0.00 0.00 0.00
267.00 14.00 8.00 23.00 59.00 15.00 36.00 0.11 0.70 0.00 0.00 0.00 5.00 9.00 9.00 5.00 12.00 2.00 0.00 0.00 1.00 0.00 0.00
268.00 9.00 5.00 16.00 39.00 11.00 23.00 0.09 0.55 0.00 0.00 0.00 2.00 4.00 7.00 5.00 6.00 3.00 0.00 0.00 0.00 0.00 0.00
269.00 4.00 0.00 4.00 15.00 4.00 11.00 0.08 0.22 0.00 0.00 0.00 1.00 3.00 3.00 1.00 4.00 0.00 0.00 0.00 0.00 0.00 0.00
270.00 9.00 0.00 5.00 34.00 5.00 29.00 0.08 0.36 0.00 0.00 0.00 5.00 7.00 4.00 2.00 8.00 1.00 0.00 0.00 1.00 0.00 0.00
271.00 6.00 2.00 10.00 26.00 8.00 16.00 0.10 0.30 0.00 0.00 0.00 2.00 4.00 4.00 2.00 4.00 2.00 0.00 0.00 1.00 0.00 0.00
272.00 7.00 3.00 11.00 31.00 8.00 20.00 0.08 0.25 0.00 0.00 0.00 2.00 5.00 5.00 2.00 7.00 0.00 0.00 0.00 1.00 0.00 0.00
273.00 7.00 3.00 11.00 30.00 8.00 19.00 0.08 0.41 0.00 0.00 0.00 4.00 4.00 3.00 3.00 6.00 1.00 0.00 0.00 0.00 0.00 0.00
274.00 8.00 2.00 10.00 36.00 8.00 26.00 0.08 0.36 0.00 0.00 0.00 3.00 5.00 5.00 3.00 7.00 1.00 0.00 0.00 0.00 0.00 0.00
275.00 10.00 10.00 24.00 50.00 14.00 26.00 0.07 0.28 0.00 0.00 0.00 1.00 4.00 9.00 6.00 8.00 2.00 0.00 0.00 0.00 0.00 0.00
276.00 9.00 8.00 20.00 44.00 12.00 24.00 0.08 0.24 0.00 0.00 0.00 2.00 4.00 7.00 5.00 5.00 4.00 0.00 0.00 0.00 0.00 0.00
277.00 4.00 0.00 4.00 15.00 4.00 11.00 0.08 0.07 0.00 0.00 0.00 2.00 4.00 2.00 0.00 4.00 0.00 0.00 0.00 0.00 0.00 0.00
278.00 4.00 0.00 2.00 14.00 2.00 12.00 0.08 0.31 0.00 0.00 0.00 3.00 3.00 1.00 1.00 4.00 0.00 0.00 0.00 0.00 0.00 0.00
279.00 8.00 6.00 14.00 35.00 8.00 21.00 0.09 0.24 0.00 0.00 0.00 2.00 6.00 6.00 2.00 7.00 1.00 0.00 0.00 0.00 0.00 0.00
280.00 3.00 0.00 1.00 7.00 1.00 6.00 0.08 0.16 0.00 0.00 0.00 0.00 3.00 3.00 0.00 3.00 0.00 0.00 0.00 0.00 0.00 0.00
281.00 10.00 7.00 22.00 49.00 15.00 27.00 0.09 0.38 0.00 0.00 0.00 4.00 7.00 6.00 3.00 9.00 1.00 0.00 0.00 0.00 0.00 0.00
282.00 9.00 2.00 14.00 37.00 12.00 23.00 0.07 0.47 0.00 0.00 0.00 1.00 6.00 8.00 3.00 8.00 1.00 0.00 0.00 0.00 0.00 0.00
283.00 5.00 0.00 6.00 22.00 6.00 16.00 0.08 0.19 0.00 0.00 0.00 3.00 4.00 2.00 1.00 5.00 0.00 0.00 0.00 0.00 0.00 0.00
284.00 6.00 3.00 10.00 25.00 7.00 15.00 0.09 0.24 0.00 0.00 0.00 3.00 5.00 3.00 1.00 6.00 0.00 0.00 0.00 0.00 0.00 0.00
285.00 3.00 0.00 0.00 8.00 0.00 8.00 0.09 0.30 0.00 0.00 0.00 2.00 3.00 1.00 0.00 3.00 0.00 0.00 0.00 0.00 0.00 0.00
286.00 5.00 0.00 4.00 19.00 4.00 15.00 0.09 0.37 0.00 0.00 0.00 2.00 5.00 3.00 0.00 5.00 0.00 0.00 0.00 0.00 0.00 0.00
287.00 7.00 3.00 10.00 27.00 7.00 17.00 0.09 0.36 0.00 0.00 0.00 5.00 5.00 2.00 2.00 6.00 1.00 0.00 0.00 0.00 0.00 0.00
288.00 3.00 0.00 0.00 3.00 0.00 3.00 0.09 0.30 0.00 0.00 0.00 2.00 3.00 1.00 0.00 3.00 0.00 0.00 0.00 0.00 0.00 0.00
289.00 2.00 0.00 0.00 1.00 0.00 1.00 0.07 4.94 0.00 0.00 0.00 2.00 2.00 0.00 0.00 2.00 0.00 0.00 0.00 0.00 0.00 0.00
