0.00 4.00 0.00 0.00 12.00 0.00 12.00 0.09 0.33 0.00 0.00 0.00 3.00 3.00 1.00 1.00 4.00 0.00 0.00 0.00 0.00 0.00 0.00
1.00 5.00 0.00 2.00 21.00 2.00 19.00 0.09 0.28 0.00 0.00 0.00 3.00 4.00 2.00 1.00 5.00 0.00 0.00 0.00 1.00 0.00 0.00
2.00 9.00 6.00 18.00 41.00 12.00 23.00 0.09 0.36 0.00 0.00 0.00 4.00 6.00 5.00 3.00 7.00 2.00 0.00 0.00 0.00 0.00 0.00
3.00 5.00 1.00 7.00 19.00 6.00 12.00 0.08 0.24 0.00 0.00 0.00 3.00 4.00 2.00 1.00 5.00 0.00 0.00 0.00 1.00 0.00 0.00
4.00 5.00 0.00 5.00 19.00 5.00 14.00 0.09 0.43 0.00 0.00 0.00 2.00 4.00 3.00 1.00 4.00 1.00 0.00 0.00 0.00 0.00 1.00
5.00 7.00 3.00 10.00 24.00 7.00 14.00 0.08 0.31 0.00 0.00 0.00 5.00 5.00 2.00 2.00 6.00 1.00 0.00 0.00 0.00 0.00 0.00
6.00 4.00 0.00 4.00 16.00 4.00 12.00 0.09 0.24 0.00 0.00 0.00 1.00 3.00 3.00 1.00 4.00 0.00 0.00 0.00 0.00 0.00 0.00
7.00 5.00 0.00 3.00 19.00 3.00 16.00 0.07 0.25 0.00 0.00 0.00 4.00 4.00 1.00 1.00 4.00 1.00 0.00 0.00 0.00 0.00 0.00
8.00 8.00 6.00 18.00 38.00 12.00 20.00 0.09 0.28 0.00 0.00 0.00 4.00 6.00 4.00 2.00 7.00 1.00 0.00 0.00 0.00 0.00 0.00
9.00 7.00 1.00 4.00 29.00 3.00 25.00 0.08 0.40 0.00 0.00 0.00 3.00 4.00 4.00 3.00 7.00 0.00 0.00 0.00 0.00 0.00 0.00
10.00 8.00 1.00 11.00 31.00 10.00 20.00 0.09 0.28 0.00 0.00 0.00 5.00 6.00 3.00 2.00 7.00 1.00 0.00 0.00 0.00 0.00 0.00
11.00 10.00 8.00 22.00 47.00 14.00 25.00 0.09 0.36 0.00 0.00 0.00 4.00 7.00 6.00 3.00 9.00 1.00 0.00 0.00 0.00 0.00 0.00
12.00 12.00 8.00 26.00 50.00 18.00 24.00 0.08 0.54 0.00 0.00 0.00 6.00 9.00 6.00 3.00 11.00 1.00 0.00 0.00 0.00 0.00 0.00
13.00 10.00 7.00 22.00 49.00 15.00 27.00 0.09 0.47 0.00 1.00 0.00 4.00 4.00 6.00 6.00 7.00 3.00 0.00 0.00 0.00 0.00 0.00
14.00 11.00 11.00 22.00 53.00 11.00 31.00 0.10 1.79 0.00 0.00 0.00 4.00 8.00 7.00 3.00 9.00 2.00 0.00 0.00 0.00 0.00 0.00
15.00 8.00 2.00 13.00 34.00 11.00 21.00 0.08 0.37 0.00 0.00 0.00 4.00 6.00 4.00 2.00 8.00 0.00 0.00 0.00 0.00 0.00 0.00
16.00 9.00 7.00 19.00 40.00 12.00 21.00 0.08 0.29 0.00 0.00 0.00 5.00 7.00 4.00 2.00 8.00 1.00 0.00 0.00 0.00 0.00 0.00
17.00 11.00 11.00 25.00 50.00 14.00 25.00 0.08 0.43 0.00 1.00 0.00 4.00 7.00 7.00 4.00 9.00 2.00 0.00 0.00 0.00 0.00 0.00
18.00 11.00 6.00 20.00 50.00 14.00 30.00 0.08 0.40 0.00 0.00 0.00 4.00 5.00 7.00 6.00 7.00 4.00 0.00 0.00 0.00 0.00 0.00
19.00 13.00 13.00 30.00 62.00 17.00 32.00 0.09 1.64 0.00 1.00 0.00 5.00 7.00 8.00 6.00 9.00 4.00 0.00 0.00 0.00 0.00 0.00
20.00 6.00 2.00 9.00 26.00 7.00 17.00 0.09 0.32 0.00 0.00 0.00 3.00 4.00 3.00 2.00 5.00 1.00 0.00 0.00 0.00 0.00 0.00
21.00 9.00 5.00 16.00 38.00 11.00 22.00 0.08 0.37 0.00 0.00 0.00 3.00 7.00 6.00 2.00 7.00 2.00 0.00 0.00 0.00 0.00 0.00
22.00 10.00 7.00 19.00 35.00 12.00 16.00 0.09 1.66 0.00 0.00 0.00 3.00 7.00 7.00 3.00 10.00 0.00 0.00 0.00 0.00 0.00 0.00
23.00 8.00 2.00 13.00 37.00 11.00 24.00 0.10 3.56 0.00 0.00 0.00 3.00 6.00 5.00 2.00 7.00 1.00 0.00 0.00 0.00 0.00 0.00
24.00 11.00 11.00 27.00 53.00 16.00 26.00 0.08 0.39 0.00 0.00 0.00 2.00 4.00 9.00 7.00 8.00 3.00 0.00 0.00 0.00 0.00 0.00
25.00 15.00 17.00 38.00 72.00 21.00 34.00 0.08 2.43 0.00 1.00 0.00 4.00 8.00 11.00 7.00 11.00 4.00 0.00 0.00 0.00 0.00 0.00
26.00 17.00 18.00 47.00 83.00 29.00 36.00 0.08 2.32 0.00 1.00 0.00 3.00 11.00 14.00 6.00 14.00 3.00 0.00 0.00 1.00 0.00 0.00
27.00 17.00 8.00 39.00 85.00 31.00 46.00 0.08 2.26 0.00 1.00 0.00 6.00 9.00 11.00 8.00 14.00 3.00 0.00 0.00 0.00 0.00 0.00
28.00 15.00 15.00 37.00 79.00 22.00 42.00 0.09 3.16 0.00 1.00 0.00 2.00 6.00 13.00 9.00 9.00 6.00 0.00 0.00 0.00 0.00 0.00
29.00 17.00 13.00 41.00 81.00 28.00 40.00 0.08 2.42 0.00 1.00 0.00 6.00 11.00 11.00 6.00 13.00 4.00 0.00 0.00 1.00 0.00 0.00
30.00 17.00 20.00 41.00 81.00 21.00 40.00 0.09 2.99 0.00 1.00 0.00 3.00 7.00 14.00 10.00 11.00 6.00 0.00 0.00 0.00 0.00 0.00
31.00 17.00 16.00 41.00 86.00 25.00 45.00 0.08 2.35 0.00 1.00 0.00 7.00 8.00 10.00 9.00 10.00 7.00 0.00 0.00 0.00 0.00 0.00
32.00 17.00 13.00 41.00 80.00 28.00 39.00 0.09 3.10 0.00 1.00 0.00 3.00 9.00 14.00 8.00 12.00 5.00 0.00 0.00 0.00 0.00 0.00
33.00 17.00 18.00 44.00 83.00 26.00 39.00 0.07 1.51 0.00 1.00 0.00 4.00 10.00 13.00 7.00 12.00 5.00 0.00 0.00 0.00 0.00 0.00
34.00 20.00 20.00 53.00 94.00 33.00 41.00 0.09 2.78 0.00 2.00 0.00 8.00 14.00 12.00 6.00 17.00 3.00 0.00 0.00 0.00 1.00 0.00
35.00 22.00 28.00 59.00 112.00 31.00 53.00 0.07 2.73 0.00 2.00 0.00 3.00 10.00 19.00 12.00 15.00 7.00 0.00 0.00 0.00 0.00 0.00
36.00 16.00 13.00 41.00 83.00 28.00 42.00 0.08 2.63 0.00 2.00 0.00 6.00 8.00 10.00 8.00 8.00 8.00 0.00 0.00 0.00 0.00 0.00
37.00 21.00 27.00 59.00 105.00 32.00 46.00 0.08 2.68 0.00 3.00 0.00 6.00 8.00 15.00 13.00 11.00 10.00 0.00 0.00 0.00 0.00 0.00
38.00 17.00 18.00 42.00 82.00 24.00 40.00 0.08 2.14 0.00 2.00 0.00 5.00 6.00 12.00 11.00 10.00 7.00 0.00 0.00 0.00 0.00 0.00
39.00 18.00 23.00 49.00 88.00 26.00 39.00 0.08 1.52 0.00 1.00 0.00 3.00 8.00 15.00 10.00 10.00 8.00 0.00 0.00 0.00 0.00 0.00
40.00 22.00 27.00 59.00 115.00 32.00 56.00 0.08 1.51 0.00 2.00 0.00 5.00 8.00 17.00 14.00 14.00 8.00 0.00 0.00 1.00 0.00 0.00
41.00 16.00 19.00 44.00 77.00 25.00 33.00 0.08 0.50 0.00 1.00 0.00 3.00 7.00 13.00 9.00 12.00 4.00 0.00 0.00 1.00 0.00 0.00
42.00 16.00 13.00 40.00 77.00 27.00 37.00 0.09 1.74 0.00 1.00 0.00 5.00 7.00 11.00 9.00 11.00 5.00 0.00 0.00 0.00 0.00 0.00
43.00 19.00 25.00 55.00 99.00 30.00 44.00 0.09 2.29 0.00 2.00 0.00 1.00 9.00 18.00 10.00 11.00 8.00 0.00 0.00 0.00 0.00 0.00
44.00 15.00 16.00 39.00 73.00 23.00 34.00 0.07 2.73 0.00 1.00 0.00 4.00 6.00 11.00 9.00 9.00 6.00 0.00 0.00 0.00 0.00 0.00
45.00 15.00 15.00 42.00 76.00 27.00 34.00 0.08 2.41 0.00 2.00 0.00 4.00 7.00 11.00 8.00 11.00 4.00 0.00 0.00 0.00 0.00 0.00
46.00 18.00 17.00 43.00 89.00 26.00 46.00 0.08 2.47 0.00 1.00 0.00 6.00 10.00 12.00 8.00 14.00 4.00 0.00 0.00 0.00 0.00 0.00
47.00 26.00 27.00 63.00 122.00 36.00 59.00 0.08 3.18 0.00 1.00 0.00 11.00 15.00 15.00 11.00 19.00 7.00 0.00 0.00 0.00 0.00 0.00
48.00 25.00 20.00 60.00 119.00 40.00 59.00 0.09 3.71 0.00 2.00 0.00 6.00 13.00 19.00 12.00 19.00 6.00 0.00 0.00 0.00 1.00 0.00
49.00 24.00 32.00 67.00 121.00 35.00 54.00 0.08 3.53 0.00 3.00 0.00 4.00 12.00 20.00 12.00 16.00 8.00 0.00 0.00 0.00 0.00 0.00
50.00 24.00 31.00 65.00 115.00 34.00 50.00 0.08 3.88 0.00 2.00 0.00 7.00 10.00 17.00 14.00 16.00 8.00 0.00 0.00 1.00 0.00 0.00
51.00 21.00 25.00 57.00 105.00 32.00 48.00 0.08 3.02 0.00 2.00 0.00 7.00 13.00 14.00 8.00 15.00 6.00 0.00 0.00 0.00 0.00 0.00
52.00 22.00 26.00 57.00 109.00 31.00 52.00 0.11 3.82 0.00 1.00 0.00 7.00 8.00 15.00 14.00 15.00 7.00 0.00 0.00 0.00 0.00 0.00
53.00 21.00 31.00 62.00 106.00 31.00 44.00 0.09 4.31 0.00 1.00 0.00 3.00 10.00 18.00 11.00 14.00 7.00 0.00 0.00 1.00 0.00 0.00
54.00 25.00 32.00 73.00 117.00 41.00 44.00 0.08 4.94 0.00 3.00 0.00 8.00 13.00 17.00 12.00 16.00 9.00 0.00 0.00 1.00 0.00 0.00
55.00 18.00 21.00 48.00 79.00 27.00 31.00 0.09 4.33 0.00 2.00 0.00 5.00 7.00 13.00 11.00 12.00 6.00 0.00 0.00 0.00 0.00 0.00
56.00 24.00 30.00 67.00 118.00 37.00 51.00 0.08 3.83 0.00 2.00 0.00 6.00 7.00 18.00 17.00 9.00 15.00 0.00 0.00 0.00 0.00 0.00
57.00 23.00 30.00 66.00 118.00 36.00 52.00 0.09 4.31 0.00 2.00 0.00 4.00 11.00 19.00 12.00 12.00 11.00 0.00 0.00 1.00 0.00 0.00
58.00 27.00 36.00 71.00 134.00 35.00 63.00 0.09 4.59 0.00 2.00 0.00 9.00 15.00 18.00 12.00 19.00 8.00 0.00 0.00 1.00 0.00 0.00
59.00 23.00 27.00 66.00 112.00 39.00 46.00 0.08 4.10 0.00 2.00 0.00 9.00 11.00 14.00 12.00 14.00 9.00 0.00 0.00 0.00 0.00 0.00
60.00 25.00 27.00 71.00 121.00 44.00 50.00 0.08 3.68 0.00 3.00 0.00 7.00 12.00 18.00 13.00 17.00 8.00 0.00 0.00 0.00 0.00 0.00
61.00 24.00 24.00 56.00 121.00 32.00 65.00 0.10 4.29 0.00 3.00 0.00 4.00 12.00 20.00 12.00 15.00 9.00 0.00 0.00 0.00 0.00 0.00
62.00 26.00 37.00 77.00 132.00 40.00 55.00 0.08 4.26 0.00 3.00 0.00 5.00 13.00 21.00 13.00 19.00 7.00 0.00 0.00 1.00 0.00 0.00
63.00 21.00 29.00 59.00 98.00 30.00 39.00 0.08 3.33 0.00 2.00 0.00 6.00 10.00 15.00 11.00 11.00 10.00 0.00 0.00 0.00 0.00 0.00
64.00 28.00 32.00 77.00 133.00 45.00 56.00 0.08 4.14 0.00 4.00 0.00 9.00 16.00 19.00 12.00 17.00 11.00 0.00 0.00 0.00 0.00 0.00
65.00 26.00 31.00 70.00 129.00 39.00 59.00 0.09 4.51 0.00 4.00 0.00 5.00 11.00 21.00 15.00 16.00 10.00 0.00 0.00 0.00 0.00 0.00
66.00 26.00 23.00 64.00 126.00 41.00 62.00 0.08 4.38 0.00 4.00 0.00 7.00 12.00 19.00 14.00 16.00 10.00 1.00 0.00 0.00 0.00 0.00
67.00 22.00 27.00 57.00 96.00 30.00 39.00 0.09 4.29 0.00 3.00 0.00 6.00 9.00 16.00 13.00 16.00 6.00 1.00 0.00 0.00 0.00 0.00
68.00 26.00 37.00 76.00 130.00 39.00 54.00 0.08 3.51 0.00 4.00 0.00 7.00 11.00 19.00 15.00 17.00 9.00 0.00 0.00 0.00 0.00 0.00
69.00 29.00 31.00 82.00 145.00 51.00 63.00 0.08 4.01 0.00 4.00 0.00 9.00 17.00 20.00 12.00 22.00 7.00 0.00 0.00 0.00 0.00 0.00
70.00 30.00 30.00 85.00 147.00 55.00 62.00 0.09 4.22 0.00 4.00 0.00 6.00 10.00 24.00 20.00 18.00 12.00 0.00 0.00 0.00 0.00 0.00
71.00 25.00 25.00 69.00 129.00 44.00 60.00 0.07 3.09 0.00 2.00 0.00 6.00 11.00 19.00 14.00 16.00 9.00 0.00 0.00 0.00 0.00 0.00
72.00 26.00 29.00 65.00 119.00 36.00 54.00 0.07 4.83 0.00 3.00 0.00 4.00 9.00 22.00 17.00 16.00 10.00 0.00 0.00 1.00 0.00 0.00
73.00 26.00 44.00 72.00 127.00 28.00 55.00 0.08 3.70 0.00 2.00 0.00 7.00 11.00 19.00 15.00 17.00 9.00 0.00 0.00 0.00 0.00 0.00
74.00 24.00 21.00 65.00 121.00 44.00 56.00 0.10 3.83 0.00 4.00 0.00 6.00 13.00 18.00 11.00 16.00 8.00 0.00 0.00 0.00 0.00 0.00
75.00 33.00 54.00 100.00 161.00 46.00 61.00 0.08 4.09 0.00 4.00 0.00 7.00 15.00 26.00 18.00 18.00 15.00 0.00 0.00 0.00 0.00 0.00
76.00 28.00 36.00 89.00 157.00 53.00 68.00 0.09 4.38 0.00 4.00 0.00 5.00 10.00 23.00 18.00 16.00 12.00 0.00 0.00 0.00 1.00 0.00
77.00 29.00 31.00 81.00 155.00 50.00 74.00 0.10 4.67 1.00 4.00 0.25 4.00 12.00 25.00 17.00 18.00 11.00 0.00 0.00 0.00 1.00 0.00
78.00 30.00 48.00 82.00 150.00 34.00 68.00 0.08 4.31 1.00 3.00 0.33 6.00 10.00 24.00 20.00 14.00 16.00 0.00 0.00 0.00 0.00 0.00
79.00 29.00 39.00 80.00 144.00 41.00 64.00 0.08 3.92 0.00 2.00 0.00 12.00 16.00 17.00 13.00 22.00 7.00 0.00 0.00 0.00 0.00 0.00
80.00 29.00 42.00 86.00 144.00 44.00 58.00 0.09 4.47 0.00 3.00 0.00 8.00 19.00 21.00 10.00 23.00 6.00 0.00 0.00 0.00 0.00 0.00
81.00 29.00 43.00 89.00 150.00 46.00 61.00 0.09 4.84 0.00 4.00 0.00 4.00 8.00 25.00 21.00 16.00 13.00 0.00 0.00 0.00 1.00 0.00
82.00 32.00 50.00 93.00 153.00 43.00 60.00 0.09 4.75 0.00 3.00 0.00 5.00 16.00 27.00 16.00 22.00 10.00 0.00 0.00 0.00 0.00 0.00
83.00 31.00 38.00 96.00 156.00 58.00 60.00 0.09 4.52 0.00 4.00 0.00 6.00 13.00 25.00 18.00 20.00 11.00 0.00 0.00 0.00 0.00 0.00
84.00 31.00 45.00 90.00 158.00 45.00 68.00 0.09 4.44 1.00 4.00 0.25 10.00 18.00 21.00 13.00 20.00 11.00 0.00 0.00 0.00 0.00 0.00
85.00 33.00 47.00 100.00 168.00 53.00 68.00 0.09 4.50 1.00 4.00 0.25 5.00 13.00 28.00 20.00 17.00 16.00 1.00 0.00 0.00 0.00 0.00
86.00 32.00 41.00 89.00 155.00 48.00 66.00 0.09 4.43 1.00 5.00 0.20 6.00 13.00 26.00 19.00 19.00 13.00 0.00 0.00 0.00 0.00 0.00
87.00 35.00 54.00 112.00 179.00 58.00 67.00 0.10 4.40 1.00 4.00 0.25 4.00 14.00 31.00 21.00 22.00 13.00 1.00 0.00 1.00 0.00 0.00
88.00 35.00 52.00 101.00 166.00 49.00 65.00 0.09 4.99 1.00 4.00 0.25 10.00 18.00 25.00 17.00 25.00 10.00 0.00 0.00 0.00 0.00 0.00
89.00 32.00 39.00 93.00 164.00 54.00 71.00 0.07 4.33 0.00 6.00 0.00 6.00 12.00 26.00 20.00 19.00 13.00 1.00 0.00 0.00 0.00 0.00
90.00 30.00 34.00 86.00 160.00 52.00 74.00 0.09 3.98 2.00 5.00 0.40 5.00 12.00 25.00 18.00 17.00 13.00 1.00 0.00 0.00 0.00 1.00
91.00 32.00 35.00 96.00 159.00 61.00 63.00 0.09 4.32 1.00 6.00 0.17 7.00 14.00 25.00 18.00 21.00 11.00 1.00 0.00 0.00 0.00 0.00
92.00 33.00 51.00 110.00 172.00 59.00 62.00 0.09 4.35 1.00 5.00 0.20 8.00 15.00 25.00 18.00 19.00 14.00 1.00 0.00 0.00 0.00 0.00
93.00 32.00 35.00 86.00 163.00 51.00 77.00 0.08 4.42 1.00 5.00 0.20 7.00 13.00 25.00 19.00 19.00 13.00 1.00 0.00 0.00 0.00 0.00
94.00 38.00 62.00 122.00 201.00 60.00 79.00 0.08 4.63 1.00 5.00 0.20 10.00 15.00 28.00 23.00 21.00 17.00 1.00 0.00 0.00 0.00 0.00
95.00 38.00 62.00 126.00 196.00 64.00 70.00 0.08 4.73 0.00 5.00 0.00 6.00 16.00 32.00 22.00 25.00 13.00 1.00 0.00 0.00 0.00 0.00
96.00 35.00 59.00 108.00 183.00 49.00 75.00 0.08 4.81 0.00 6.00 0.00 5.00 13.00 30.00 22.00 18.00 17.00 0.00 0.00 0.00 0.00 0.00
97.00 37.00 55.00 122.00 202.00 67.00 80.00 0.07 5.15 0.00 5.00 0.00 8.00 12.00 29.00 25.00 15.00 22.00 1.00 0.00 0.00 1.00 0.00
98.00 37.00 55.00 125.00 191.00 70.00 66.00 0.08 5.27 0.00 5.00 0.00 9.00 12.00 28.00 25.00 17.00 20.00 1.00 0.00 0.00 0.00 0.00
99.00 34.00 54.00 102.00 170.00 48.00 68.00 0.09 4.53 0.00 3.00 0.00 6.00 10.00 28.00 24.00 16.00 18.00 1.00 1.00 0.00 0.00 0.00
100.00 38.00 62.00 122.00 192.00 60.00 70.00 0.09 4.95 0.00 5.00 0.00 5.00 17.00 33.00 21.00 22.00 16.00 1.00 0.00 0.00 0.00 1.00
101.00 39.00 56.00 122.00 205.00 66.00 83.00 0.08 5.02 0.00 4.00 0.00 8.00 14.00 31.00 25.00 21.00 18.00 1.00 0.00 0.00 0.00 0.00
102.00 40.00 59.00 128.00 211.00 69.00 83.00 0.08 5.37 0.00 5.00 0.00 6.00 15.00 34.00 25.00 22.00 18.00 1.00 0.00 1.00 0.00 0.00
103.00 33.00 50.00 97.00 170.00 47.00 73.00 0.09 4.77 0.00 5.00 0.00 3.00 9.00 30.00 24.00 15.00 18.00 2.00 0.00 0.00 0.00 0.00
104.00 38.00 45.00 110.00 195.00 65.00 85.00 0.09 4.14 0.00 4.00 0.00 9.00 17.00 29.00 21.00 23.00 15.00 1.00 0.00 0.00 0.00 0.00
105.00 38.00 49.00 112.00 198.00 63.00 86.00 0.09 5.08 1.00 4.00 0.25 7.00 13.00 31.00 25.00 22.00 16.00 1.00 0.00 1.00 0.00 0.00
106.00 43.00 64.00 147.00 229.00 83.00 82.00 0.08 4.78 0.00 6.00 0.00 11.00 17.00 32.00 26.00 20.00 23.00 1.00 0.00 1.00 1.00 0.00
107.00 42.00 55.00 129.00 224.00 74.00 95.00 0.07 4.75 0.00 5.00 0.00 4.00 16.00 38.00 26.00 19.00 23.00 2.00 0.00 0.00 0.00 0.00
108.00 44.00 51.00 139.00 233.00 88.00 94.00 0.10 4.74 0.00 5.00 0.00 5.00 18.00 39.00 26.00 24.00 20.00 2.00 0.00 0.00 0.00 0.00
109.00 42.00 45.00 129.00 216.00 84.00 87.00 0.09 4.88 0.00 4.00 0.00 10.00 21.00 32.00 21.00 28.00 14.00 2.00 0.00 0.00 0.00 0.00
110.00 45.00 73.00 146.00 237.00 73.00 91.00 0.09 4.07 0.00 4.00 0.00 10.00 20.00 35.00 25.00 24.00 21.00 1.00 0.00 0.00 1.00 0.00
111.00 47.00 71.00 148.00 253.00 77.00 105.00 0.09 4.32 0.00 4.00 0.00 10.00 23.00 37.00 24.00 29.00 18.00 2.00 0.00 1.00 1.00 0.00
112.00 49.00 81.00 160.00 252.00 79.00 92.00 0.08 4.74 0.00 5.00 0.00 12.00 20.00 37.00 29.00 26.00 23.00 1.00 0.00 1.00 0.00 1.00
113.00 49.00 76.00 150.00 258.00 74.00 108.00 0.09 4.75 0.00 5.00 0.00 9.00 19.00 40.00 30.00 25.00 24.00 1.00 0.00 1.00 0.00 0.00
114.00 45.00 74.00 147.00 231.00 73.00 84.00 0.07 4.52 0.00 4.00 0.00 8.00 17.00 37.00 28.00 25.00 20.00 1.00 0.00 1.00 0.00 1.00
115.00 45.00 66.00 140.00 244.00 74.00 104.00 0.08 5.02 0.00 4.00 0.00 10.00 18.00 35.00 27.00 22.00 23.00 2.00 0.00 0.00 0.00 1.00
116.00 49.00 54.00 150.00 262.00 96.00 112.00 0.10 4.71 0.00 5.00 0.00 11.00 27.00 38.00 22.00 34.00 15.00 0.00 0.00 0.00 0.00 1.00
117.00 44.00 68.00 133.00 220.00 65.00 87.00 0.08 4.36 0.00 5.00 0.00 9.00 20.00 35.00 24.00 26.00 18.00 1.00 0.00 0.00 0.00 1.00
118.00 45.00 69.00 142.00 235.00 73.00 93.00 0.08 4.67 1.00 6.00 0.17 9.00 20.00 36.00 25.00 27.00 18.00 2.00 0.00 0.00 0.00 1.00
119.00 39.00 62.00 124.00 206.00 62.00 82.00 0.09 4.36 0.00 6.00 0.00 9.00 20.00 30.00 19.00 22.00 17.00 1.00 0.00 1.00 0.00 0.00
120.00 39.00 56.00 125.00 203.00 69.00 78.00 0.09 5.18 0.00 5.00 0.00 9.00 15.00 30.00 24.00 24.00 15.00 1.00 0.00 1.00 0.00 0.00
121.00 44.00 64.00 130.00 221.00 66.00 91.00 0.09 4.60 0.00 6.00 0.00 14.00 19.00 30.00 25.00 28.00 16.00 1.00 0.00 0.00 1.00 0.00
122.00 40.00 57.00 122.00 206.00 65.00 84.00 0.08 5.00 0.00 5.00 0.00 11.00 20.00 29.00 20.00 24.00 16.00 1.00 0.00 1.00 0.00 0.00
123.00 42.00 71.00 137.00 229.00 66.00 92.00 0.07 4.80 0.00 4.00 0.00 8.00 14.00 34.00 28.00 17.00 25.00 1.00 0.00 0.00 0.00 1.00
124.00 44.00 65.00 136.00 232.00 71.00 96.00 0.08 4.46 0.00 5.00 0.00 9.00 17.00 35.00 27.00 25.00 19.00 0.00 0.00 0.00 0.00 0.00
125.00 42.00 66.00 118.00 214.00 52.00 96.00 0.07 4.31 1.00 5.00 0.20 8.00 20.00 34.00 22.00 26.00 16.00 1.00 0.00 0.00 0.00 0.00
126.00 40.00 66.00 118.00 204.00 52.00 86.00 0.08 4.30 0.00 4.00 0.00 8.00 18.00 32.00 22.00 26.00 14.00 1.00 0.00 0.00 0.00 0.00
127.00 34.00 52.00 105.00 176.00 53.00 71.00 0.09 4.40 0.00 4.00 0.00 4.00 11.00 30.00 23.00 18.00 16.00 1.00 0.00 0.00 0.00 0.00
128.00 41.00 66.00 128.00 211.00 62.00 83.00 0.08 4.32 0.00 4.00 0.00 11.00 18.00 30.00 23.00 24.00 17.00 1.00 0.00 0.00 0.00 0.00
129.00 39.00 69.00 125.00 202.00 56.00 77.00 0.07 4.34 0.00 4.00 0.00 4.00 11.00 35.00 28.00 22.00 17.00 0.00 0.00 1.00 0.00 0.00
130.00 39.00 50.00 112.00 205.00 62.00 93.00 0.08 3.81 0.00 4.00 0.00 12.00 17.00 27.00 22.00 23.00 16.00 0.00 0.00 0.00 0.00 1.00
131.00 41.00 54.00 119.00 206.00 65.00 87.00 0.10 4.03 0.00 3.00 0.00 12.00 20.00 29.00 21.00 27.00 14.00 0.00 1.00 0.00 0.00 0.00
132.00 45.00 58.00 127.00 226.00 69.00 99.00 0.08 4.12 1.00 4.00 0.25 11.00 16.00 34.00 29.00 25.00 20.00 1.00 1.00 0.00 0.00 0.00
133.00 43.00 65.00 125.00 218.00 60.00 93.00 0.08 4.15 0.00 4.00 0.00 9.00 19.00 34.00 24.00 26.00 17.00 1.00 1.00 0.00 0.00 0.00
134.00 31.00 36.00 85.00 164.00 49.00 79.00 0.09 3.95 0.00 3.00 0.00 9.00 16.00 22.00 15.00 20.00 11.00 1.00 0.00 0.00 0.00 0.00
135.00 37.00 39.00 113.00 188.00 74.00 75.00 0.07 3.99 0.00 4.00 0.00 9.00 17.00 28.00 20.00 22.00 15.00 1.00 1.00 0.00 0.00 0.00
136.00 37.00 57.00 114.00 189.00 57.00 75.00 0.09 4.30 0.00 4.00 0.00 11.00 16.00 26.00 21.00 22.00 15.00 1.00 0.00 0.00 0.00 0.00
137.00 42.00 64.00 132.00 219.00 68.00 87.00 0.09 4.47 0.00 4.00 0.00 7.00 14.00 35.00 28.00 25.00 17.00 1.00 1.00 0.00 0.00 0.00
138.00 42.00 72.00 132.00 214.00 60.00 82.00 0.10 5.17 0.00 4.00 0.00 10.00 21.00 32.00 21.00 25.00 17.00 1.00 0.00 0.00 0.00 0.00
139.00 38.00 54.00 118.00 204.00 64.00 86.00 0.09 4.82 0.00 6.00 0.00 2.00 14.00 36.00 24.00 24.00 14.00 1.00 0.00 0.00 0.00 0.00
140.00 39.00 58.00 120.00 207.00 62.00 87.00 0.09 4.66 0.00 6.00 0.00 9.00 13.00 30.00 26.00 24.00 15.00 0.00 0.00 0.00 0.00 0.00
141.00 38.00 52.00 123.00 206.00 71.00 83.00 0.08 4.62 0.00 5.00 0.00 4.00 12.00 34.00 26.00 18.00 20.00 0.00 0.00 1.00 0.00 0.00
142.00 40.00 47.00 118.00 207.00 71.00 89.00 0.08 4.49 0.00 6.00 0.00 8.00 17.00 32.00 23.00 24.00 16.00 1.00 0.00 0.00 0.00 0.00
143.00 39.00 58.00 122.00 205.00 64.00 83.00 0.10 4.63 0.00 6.00 0.00 8.00 15.00 31.00 24.00 23.00 16.00 2.00 0.00 0.00 0.00 0.00
144.00 40.00 56.00 133.00 213.00 77.00 80.00 0.09 4.71 0.00 6.00 0.00 9.00 20.00 31.00 20.00 26.00 14.00 1.00 0.00 0.00 0.00 0.00
145.00 37.00 52.00 107.00 190.00 55.00 83.00 0.10 4.77 0.00 4.00 0.00 9.00 15.00 28.00 22.00 21.00 16.00 0.00 0.00 0.00 0.00 0.00
146.00 39.00 52.00 117.00 199.00 65.00 82.00 0.09 4.56 0.00 3.00 0.00 10.00 13.00 29.00 26.00 21.00 18.00 1.00 0.00 1.00 0.00 1.00
147.00 35.00 50.00 110.00 179.00 60.00 69.00 0.09 4.48 0.00 4.00 0.00 8.00 11.00 27.00 24.00 16.00 19.00 1.00 0.00 0.00 1.00 1.00
148.00 37.00 45.00 115.00 186.00 70.00 71.00 0.09 4.91 0.00 4.00 0.00 11.00 17.00 26.00 20.00 22.00 15.00 1.00 0.00 0.00 0.00 0.00
149.00 34.00 46.00 102.00 179.00 56.00 77.00 0.09 4.95 0.00 4.00 0.00 11.00 17.00 23.00 17.00 23.00 11.00 1.00 0.00 0.00 0.00 2.00
150.00 39.00 57.00 117.00 197.00 60.00 80.00 0.09 4.10 0.00 4.00 0.00 10.00 18.00 29.00 21.00 24.00 15.00 1.00 0.00 0.00 0.00 0.00
151.00 40.00 62.00 130.00 202.00 68.00 72.00 0.09 4.38 0.00 4.00 0.00 9.00 18.00 31.00 22.00 26.00 14.00 1.00 0.00 0.00 0.00 0.00
152.00 38.00 40.00 98.00 200.00 58.00 102.00 0.09 4.40 0.00 4.00 0.00 9.00 22.00 29.00 16.00 27.00 11.00 1.00 0.00 0.00 0.00 1.00
153.00 42.00 60.00 132.00 215.00 72.00 83.00 0.10 4.54 0.00 4.00 0.00 10.00 18.00 32.00 24.00 25.00 17.00 1.00 0.00 0.00 0.00 0.00
154.00 34.00 49.00 98.00 175.00 49.00 77.00 0.08 4.26 0.00 5.00 0.00 5.00 8.00 29.00 26.00 18.00 16.00 1.00 0.00 0.00 0.00 0.00
155.00 41.00 68.00 136.00 217.00 68.00 81.00 0.09 5.09 0.00 4.00 0.00 8.00 16.00 33.00 25.00 21.00 20.00 1.00 0.00 0.00 0.00 0.00
156.00 36.00 47.00 115.00 189.00 68.00 74.00 0.08 5.47 1.00 4.00 0.25 4.00 14.00 32.00 22.00 24.00 12.00 1.00 0.00 2.00 0.00 0.00
157.00 40.00 66.00 123.00 202.00 57.00 79.00 0.08 5.98 1.00 4.00 0.25 9.00 18.00 31.00 22.00 24.00 16.00 1.00 0.00 0.00 0.00 0.00
158.00 35.00 53.00 104.00 182.00 51.00 78.00 0.07 5.19 1.00 5.00 0.20 3.00 15.00 32.00 20.00 20.00 15.00 1.00 0.00 0.00 0.00 0.00
159.00 39.00 43.00 122.00 211.00 79.00 89.00 0.08 5.00 1.00 4.00 0.25 9.00 19.00 30.00 20.00 25.00 14.00 0.00 0.00 0.00 0.00 0.00
160.00 34.00 49.00 99.00 172.00 50.00 73.00 0.08 4.86 1.00 4.00 0.25 8.00 11.00 26.00 23.00 17.00 17.00 1.00 0.00 0.00 0.00 0.00
161.00 35.00 50.00 117.00 188.00 67.00 71.00 0.09 4.32 1.00 4.00 0.25 9.00 12.00 26.00 23.00 17.00 18.00 1.00 0.00 0.00 0.00 0.00
162.00 36.00 58.00 116.00 186.00 58.00 70.00 0.09 5.15 1.00 4.00 0.25 6.00 13.00 30.00 23.00 17.00 19.00 1.00 0.00 0.00 1.00 0.00
163.00 39.00 57.00 119.00 197.00 62.00 78.00 0.08 5.05 1.00 3.00 0.33 10.00 18.00 29.00 21.00 24.00 15.00 0.00 0.00 0.00 0.00 0.00
164.00 34.00 34.00 98.00 175.00 64.00 77.00 0.08 5.31 1.00 5.00 0.20 6.00 12.00 28.00 22.00 16.00 18.00 0.00 0.00 0.00 0.00 0.00
165.00 40.00 60.00 118.00 207.00 58.00 89.00 0.09 5.62 1.00 4.00 0.25 5.00 15.00 35.00 25.00 22.00 18.00 1.00 0.00 1.00 0.00 0.00
166.00 38.00 69.00 123.00 196.00 54.00 73.00 0.08 5.24 1.00 5.00 0.20 9.00 14.00 29.00 24.00 21.00 17.00 1.00 0.00 0.00 0.00 0.00
167.00 39.00 51.00 123.00 210.00 72.00 87.00 0.10 5.81 1.00 4.00 0.25 8.00 12.00 31.00 27.00 18.00 21.00 0.00 0.00 0.00 0.00 0.00
168.00 33.00 35.00 90.00 171.00 55.00 81.00 0.07 4.05 1.00 4.00 0.25 7.00 16.00 26.00 17.00 23.00 10.00 0.00 0.00 0.00 0.00 0.00
169.00 38.00 51.00 106.00 189.00 55.00 83.00 0.08 5.49 0.00 4.00 0.00 9.00 15.00 29.00 23.00 25.00 13.00 1.00 0.00 0.00 0.00 0.00
170.00 41.00 61.00 119.00 207.00 58.00 88.00 0.09 5.61 1.00 4.00 0.25 10.00 19.00 31.00 22.00 28.00 13.00 1.00 0.00 0.00 0.00 0.00
171.00 39.00 61.00 127.00 209.00 66.00 82.00 0.09 5.22 1.00 6.00 0.17 8.00 14.00 31.00 25.00 23.00 16.00 2.00 0.00 0.00 0.00 0.00
172.00 42.00 62.00 125.00 219.00 63.00 94.00 0.09 5.15 1.00 5.00 0.20 6.00 17.00 36.00 25.00 24.00 18.00 1.00 0.00 0.00 0.00 0.00
173.00 36.00 50.00 98.00 173.00 48.00 75.00 0.07 5.02 1.00 5.00 0.20 10.00 17.00 26.00 19.00 22.00 14.00 0.00 0.00 0.00 0.00 0.00
174.00 35.00 43.00 100.00 181.00 57.00 81.00 0.08 5.14 1.00 4.00 0.25 7.00 11.00 28.00 24.00 17.00 18.00 1.00 0.00 0.00 0.00 0.00
175.00 31.00 33.00 92.00 169.00 59.00 77.00 0.08 5.29 0.00 5.00 0.00 5.00 11.00 26.00 20.00 18.00 13.00 1.00 0.00 0.00 0.00 0.00
176.00 40.00 49.00 126.00 200.00 77.00 74.00 0.07 4.82 0.00 3.00 0.00 13.00 23.00 27.00 17.00 32.00 8.00 2.00 0.00 0.00 0.00 0.00
177.00 36.00 62.00 107.00 176.00 45.00 69.00 0.08 4.53 0.00 4.00 0.00 11.00 19.00 25.00 17.00 27.00 9.00 1.00 0.00 0.00 0.00 0.00
178.00 25.00 31.00 74.00 128.00 43.00 54.00 0.08 4.79 0.00 4.00 0.00 6.00 11.00 19.00 14.00 16.00 9.00 1.00 0.00 0.00 0.00 0.00
179.00 37.00 48.00 108.00 183.00 60.00 75.00 0.09 4.86 0.00 4.00 0.00 9.00 17.00 28.00 20.00 23.00 14.00 1.00 0.00 0.00 0.00 0.00
180.00 35.00 48.00 113.00 185.00 65.00 72.00 0.08 4.57 0.00 4.00 0.00 5.00 13.00 30.00 22.00 17.00 18.00 1.00 0.00 0.00 0.00 0.00
181.00 35.00 49.00 106.00 173.00 57.00 67.00 0.08 5.32 0.00 3.00 0.00 8.00 18.00 27.00 17.00 24.00 11.00 1.00 0.00 1.00 0.00 0.00
182.00 31.00 36.00 90.00 153.00 54.00 63.00 0.09 5.03 0.00 3.00 0.00 3.00 12.00 28.00 19.00 19.00 12.00 0.00 0.00 2.00 0.00 0.00
183.00 32.00 37.00 91.00 158.00 54.00 67.00 0.09 5.17 0.00 2.00 0.00 7.00 14.00 25.00 18.00 18.00 14.00 1.00 0.00 0.00 1.00 0.00
184.00 37.00 60.00 117.00 185.00 57.00 68.00 0.09 4.70 0.00 3.00 0.00 12.00 17.00 25.00 20.00 24.00 13.00 1.00 0.00 0.00 1.00 0.00
185.00 32.00 31.00 96.00 171.00 65.00 75.00 0.10 4.37 0.00 2.00 0.00 10.00 12.00 22.00 20.00 17.00 15.00 2.00 0.00 0.00 0.00 0.00
186.00 33.00 42.00 94.00 175.00 52.00 81.00 0.09 4.94 0.00 3.00 0.00 7.00 16.00 26.00 17.00 19.00 14.00 1.00 0.00 1.00 0.00 0.00
187.00 38.00 54.00 117.00 198.00 63.00 81.00 0.09 4.44 0.00 2.00 0.00 8.00 11.00 30.00 27.00 20.00 18.00 2.00 0.00 0.00 0.00 0.00
188.00 29.00 45.00 87.00 154.00 42.00 67.00 0.09 3.79 0.00 4.00 0.00 5.00 9.00 24.00 20.00 17.00 12.00 2.00 0.00 0.00 0.00 0.00
189.00 33.00 41.00 95.00 158.00 54.00 63.00 0.08 4.29 0.00 4.00 0.00 11.00 18.00 22.00 15.00 21.00 12.00 1.00 0.00 0.00 0.00 0.00
190.00 33.00 55.00 99.00 166.00 44.00 67.00 0.08 4.71 0.00 3.00 0.00 9.00 13.00 24.00 20.00 20.00 13.00 0.00 0.00 1.00 0.00 0.00
191.00 30.00 39.00 97.00 154.00 58.00 57.00 0.08 4.31 0.00 3.00 0.00 9.00 13.00 21.00 17.00 17.00 13.00 0.00 0.00 0.00 0.00 0.00
192.00 33.00 53.00 101.00 170.00 48.00 69.00 0.09 4.42 0.00 4.00 0.00 3.00 12.00 30.00 21.00 18.00 15.00 1.00 0.00 0.00 0.00 0.00
193.00 27.00 34.00 85.00 143.00 51.00 58.00 0.09 4.09 0.00 3.00 0.00 10.00 15.00 17.00 12.00 19.00 8.00 0.00 0.00 0.00 0.00 0.00
194.00 33.00 53.00 94.00 162.00 41.00 68.00 0.10 4.07 0.00 3.00 0.00 11.00 18.00 22.00 15.00 22.00 11.00 0.00 0.00 0.00 0.00 0.00
195.00 28.00 38.00 83.00 141.00 45.00 58.00 0.08 4.14 0.00 3.00 0.00 6.00 13.00 22.00 15.00 16.00 12.00 1.00 0.00 0.00 0.00 0.00
196.00 28.00 38.00 81.00 150.00 43.00 69.00 0.07 4.27 0.00 2.00 0.00 7.00 13.00 21.00 15.00 15.00 13.00 1.00 0.00 0.00 1.00 0.00
197.00 31.00 45.00 94.00 156.00 49.00 62.00 0.08 3.93 1.00 2.00 0.50 5.00 15.00 26.00 16.00 19.00 12.00 0.00 0.00 0.00 0.00 0.00
198.00 28.00 44.00 87.00 146.00 43.00 59.00 0.07 3.67 0.00 1.00 0.00 4.00 6.00 24.00 22.00 14.00 14.00 0.00 0.00 0.00 0.00 0.00
199.00 35.00 52.00 113.00 178.00 61.00 65.00 0.08 3.98 0.00 3.00 0.00 8.00 13.00 27.00 22.00 20.00 15.00 0.00 0.00 0.00 0.00 0.00
200.00 32.00 45.00 91.00 156.00 46.00 65.00 0.08 3.90 0.00 3.00 0.00 7.00 12.00 25.00 20.00 22.00 10.00 0.00 0.00 1.00 0.00 0.00
201.00 28.00 30.00 74.00 142.00 44.00 68.00 0.09 4.77 0.00 3.00 0.00 8.00 16.00 20.00 12.00 20.00 8.00 0.00 0.00 2.00 0.00 0.00
202.00 23.00 28.00 61.00 113.00 33.00 52.00 0.08 4.86 0.00 3.00 0.00 7.00 11.00 16.00 12.00 14.00 9.00 0.00 0.00 1.00 0.00 0.00
203.00 22.00 23.00 59.00 107.00 36.00 48.00 0.08 3.49 0.00 3.00 0.00 5.00 12.00 17.00 10.00 15.00 7.00 0.00 0.00 0.00 0.00 1.00
204.00 29.00 22.00 76.00 139.00 54.00 63.00 0.10 4.84 0.00 3.00 0.00 7.00 13.00 22.00 16.00 19.00 10.00 0.00 0.00 1.00 0.00 0.00
205.00 26.00 33.00 77.00 133.00 44.00 56.00 0.09 4.30 0.00 4.00 0.00 4.00 10.00 22.00 16.00 15.00 11.00 0.00 0.00 0.00 0.00 0.00
206.00 30.00 38.00 79.00 144.00 41.00 65.00 0.09 4.43 1.00 3.00 0.33 7.00 13.00 23.00 17.00 21.00 9.00 0.00 0.00 0.00 0.00 0.00
207.00 28.00 33.00 77.00 133.00 44.00 56.00 0.09 5.14 1.00 4.00 0.25 11.00 14.00 17.00 14.00 21.00 7.00 0.00 0.00 0.00 0.00 0.00
208.00 26.00 31.00 68.00 131.00 37.00 63.00 0.08 4.00 1.00 4.00 0.25 5.00 12.00 21.00 14.00 21.00 5.00 0.00 0.00 0.00 0.00 0.00
209.00 31.00 39.00 81.00 153.00 42.00 72.00 0.09 5.56 0.00 3.00 0.00 11.00 18.00 20.00 13.00 21.00 10.00 1.00 0.00 0.00 0.00 0.00
210.00 28.00 29.00 76.00 141.00 47.00 65.00 0.08 3.81 1.00 3.00 0.33 9.00 11.00 19.00 17.00 16.00 12.00 1.00 0.00 0.00 0.00 0.00
211.00 26.00 31.00 73.00 138.00 42.00 65.00 0.07 4.33 1.00 4.00 0.25 3.00 7.00 23.00 19.00 14.00 12.00 0.00 0.00 0.00 0.00 0.00
212.00 30.00 40.00 91.00 145.00 51.00 54.00 0.09 4.47 0.00 3.00 0.00 7.00 13.00 23.00 17.00 20.00 10.00 0.00 0.00 0.00 0.00 0.00
213.00 26.00 29.00 71.00 131.00 42.00 60.00 0.07 4.86 1.00 3.00 0.33 6.00 10.00 20.00 16.00 15.00 11.00 0.00 0.00 0.00 0.00 0.00
214.00 24.00 33.00 73.00 124.00 40.00 51.00 0.09 3.79 1.00 3.00 0.33 0.00 6.00 24.00 18.00 13.00 11.00 0.00 0.00 0.00 0.00 0.00
215.00 30.00 46.00 94.00 154.00 48.00 60.00 0.09 4.19 1.00 3.00 0.33 4.00 8.00 26.00 22.00 16.00 14.00 0.00 0.00 0.00 0.00 0.00
216.00 30.00 41.00 87.00 151.00 46.00 64.00 0.10 3.89 1.00 3.00 0.33 4.00 13.00 26.00 17.00 17.00 13.00 0.00 0.00 0.00 0.00 0.00
217.00 32.00 44.00 88.00 157.00 44.00 69.00 0.08 4.52 2.00 2.00 1.00 8.00 13.00 24.00 19.00 17.00 15.00 0.00 0.00 0.00 0.00 0.00
218.00 31.00 39.00 93.00 152.00 54.00 59.00 0.08 3.64 0.00 3.00 0.00 5.00 10.00 26.00 21.00 18.00 13.00 0.00 0.00 0.00 0.00 0.00
219.00 33.00 51.00 93.00 162.00 42.00 69.00 0.08 4.61 0.00 3.00 0.00 9.00 17.00 24.00 16.00 20.00 13.00 0.00 0.00 0.00 0.00 0.00
220.00 23.00 28.00 61.00 114.00 33.00 53.00 0.08 2.84 1.00 2.00 0.50 5.00 9.00 18.00 14.00 15.00 8.00 0.00 0.00 0.00 0.00 0.00
221.00 31.00 35.00 87.00 151.00 52.00 64.00 0.08 4.88 0.00 3.00 0.00 10.00 14.00 21.00 17.00 22.00 9.00 0.00 0.00 0.00 0.00 0.00
222.00 21.00 31.00 57.00 104.00 26.00 47.00 0.08 3.77 0.00 2.00 0.00 5.00 11.00 16.00 10.00 16.00 5.00 0.00 0.00 0.00 0.00 0.00
223.00 29.00 33.00 78.00 147.00 45.00 69.00 0.08 5.12 0.00 3.00 0.00 8.00 15.00 21.00 14.00 21.00 8.00 0.00 0.00 0.00 0.00 0.00
224.00 24.00 19.00 61.00 121.00 42.00 60.00 0.08 4.73 0.00 2.00 0.00 5.00 10.00 19.00 14.00 12.00 12.00 0.00 0.00 0.00 0.00 0.00
225.00 31.00 46.00 89.00 150.00 43.00 61.00 0.08 4.54 0.00 2.00 0.00 6.00 11.00 25.00 20.00 18.00 13.00 0.00 0.00 0.00 0.00 0.00
226.00 29.00 36.00 79.00 144.00 43.00 65.00 0.08 4.75 0.00 2.00 0.00 6.00 16.00 23.00 13.00 19.00 10.00 0.00 0.00 0.00 0.00 0.00
227.00 12.00 9.00 24.00 57.00 15.00 33.00 0.08 4.40 0.00 2.00 0.00 3.00 11.00 9.00 1.00 12.00 0.00 0.00 0.00 0.00 0.00 0.00
228.00 27.00 33.00 71.00 128.00 38.00 57.00 0.09 4.61 0.00 2.00 0.00 4.00 10.00 23.00 17.00 14.00 13.00 0.00 0.00 0.00 0.00 0.00
229.00 26.00 35.00 72.00 136.00 37.00 64.00 0.09 4.31 0.00 3.00 0.00 5.00 11.00 21.00 15.00 18.00 8.00 0.00 0.00 0.00 0.00 0.00
230.00 32.00 45.00 96.00 163.00 51.00 67.00 0.08 5.05 0.00 2.00 0.00 7.00 13.00 25.00 19.00 17.00 15.00 0.00 0.00 0.00 0.00 0.00
231.00 29.00 40.00 83.00 154.00 43.00 71.00 0.07 4.73 0.00 2.00 0.00 6.00 10.00 23.00 19.00 17.00 12.00 1.00 0.00 0.00 0.00 0.00
232.00 31.00 45.00 90.00 159.00 45.00 69.00 0.09 4.77 0.00 3.00 0.00 6.00 10.00 25.00 21.00 15.00 16.00 0.00 0.00 0.00 2.00 0.00
233.00 28.00 40.00 79.00 146.00 39.00 67.00 0.08 4.33 0.00 3.00 0.00 4.00 8.00 24.00 20.00 14.00 14.00 0.00 0.00 0.00 0.00 0.00
234.00 32.00 37.00 95.00 162.00 58.00 67.00 0.08 4.71 0.00 3.00 0.00 7.00 12.00 25.00 20.00 21.00 11.00 0.00 0.00 0.00 0.00 0.00
235.00 33.00 44.00 92.00 164.00 48.00 72.00 0.08 4.90 0.00 4.00 0.00 6.00 9.00 27.00 24.00 15.00 18.00 0.00 0.00 0.00 0.00 0.00
236.00 26.00 31.00 78.00 136.00 47.00 58.00 0.08 4.44 0.00 3.00 0.00 5.00 11.00 21.00 15.00 17.00 9.00 0.00 0.00 0.00 0.00 0.00
237.00 24.00 25.00 65.00 127.00 40.00 62.00 0.09 4.53 0.00 3.00 0.00 7.00 13.00 17.00 11.00 17.00 7.00 0.00 0.00 0.00 0.00 0.00
238.00 28.00 41.00 79.00 143.00 38.00 64.00 0.08 4.91 0.00 1.00 0.00 7.00 15.00 21.00 13.00 17.00 11.00 0.00 0.00 0.00 0.00 0.00
239.00 24.00 28.00 65.00 115.00 37.00 50.00 0.08 4.22 0.00 3.00 0.00 2.00 6.00 22.00 18.00 15.00 9.00 0.00 0.00 0.00 1.00 0.00
240.00 23.00 31.00 65.00 115.00 34.00 50.00 0.09 4.82 0.00 3.00 0.00 6.00 12.00 17.00 11.00 15.00 8.00 0.00 0.00 0.00 0.00 0.00
241.00 26.00 32.00 70.00 131.00 38.00 61.00 0.06 4.36 0.00 2.00 0.00 4.00 11.00 22.00 15.00 17.00 9.00 0.00 0.00 0.00 0.00 0.00
242.00 29.00 35.00 81.00 148.00 46.00 67.00 0.09 5.17 0.00 3.00 0.00 7.00 15.00 22.00 14.00 17.00 12.00 0.00 0.00 0.00 0.00 0.00
243.00 26.00 31.00 68.00 126.00 37.00 58.00 0.08 4.42 0.00 3.00 0.00 5.00 11.00 21.00 15.00 16.00 10.00 0.00 0.00 0.00 0.00 0.00
244.00 30.00 44.00 96.00 153.00 52.00 57.00 0.10 5.44 0.00 2.00 0.00 9.00 16.00 21.00 14.00 22.00 8.00 0.00 0.00 0.00 0.00 0.00
245.00 29.00 47.00 87.00 149.00 40.00 62.00 0.08 4.78 0.00 3.00 0.00 4.00 8.00 25.00 21.00 13.00 16.00 0.00 0.00 0.00 0.00 0.00
246.00 29.00 39.00 83.00 144.00 44.00 61.00 0.09 5.15 0.00 3.00 0.00 3.00 13.00 26.00 16.00 17.00 12.00 0.00 0.00 0.00 0.00 0.00
247.00 22.00 25.00 56.00 109.00 31.00 53.00 0.09 4.88 0.00 1.00 0.00 5.00 15.00 17.00 7.00 19.00 3.00 0.00 0.00 0.00 0.00 0.00
248.00 26.00 29.00 62.00 127.00 33.00 65.00 0.08 5.04 0.00 1.00 0.00 6.00 10.00 20.00 16.00 19.00 7.00 0.00 0.00 0.00 0.00 0.00
249.00 21.00 22.00 54.00 111.00 32.00 57.00 0.09 3.92 0.00 3.00 0.00 2.00 8.00 19.00 13.00 13.00 8.00 0.00 0.00 0.00 0.00 0.00
250.00 24.00 31.00 71.00 122.00 40.00 51.00 0.08 4.29 0.00 3.00 0.00 7.00 10.00 17.00 14.00 14.00 10.00 0.00 0.00 0.00 0.00 0.00
251.00 20.00 19.00 47.00 102.00 28.00 55.00 0.10 5.24 0.00 4.00 0.00 5.00 9.00 15.00 11.00 10.00 10.00 0.00 0.00 0.00 0.00 0.00
252.00 18.00 14.00 47.00 88.00 33.00 41.00 0.08 4.00 0.00 1.00 0.00 5.00 11.00 13.00 7.00 14.00 4.00 0.00 0.00 0.00 0.00 0.00
253.00 29.00 40.00 78.00 137.00 38.00 59.00 0.08 4.30 0.00 1.00 0.00 9.00 14.00 20.00 15.00 17.00 12.00 0.00 0.00 0.00 0.00 0.00
254.00 23.00 30.00 68.00 117.00 38.00 49.00 0.09 5.29 3.00 1.00 3.00 4.00 10.00 19.00 13.00 16.00 7.00 0.00 0.00 0.00 0.00 0.00
255.00 20.00 28.00 57.00 100.00 29.00 43.00 0.09 3.59 0.00 2.00 0.00 5.00 10.00 15.00 10.00 13.00 7.00 0.00 0.00 0.00 0.00 0.00
256.00 23.00 16.00 59.00 118.00 43.00 59.00 0.07 4.80 0.00 1.00 0.00 6.00 11.00 17.00 12.00 12.00 11.00 0.00 0.00 0.00 0.00 0.00
257.00 26.00 31.00 69.00 136.00 38.00 67.00 0.08 4.10 0.00 2.00 0.00 6.00 10.00 20.00 16.00 16.00 10.00 0.00 0.00 0.00 0.00 0.00
258.00 20.00 11.00 42.00 95.00 31.00 53.00 0.08 4.89 0.00 2.00 0.00 6.00 12.00 14.00 8.00 14.00 6.00 0.00 0.00 0.00 0.00 0.00
259.00 20.00 28.00 52.00 100.00 24.00 48.00 0.08 3.27 0.00 2.00 0.00 2.00 8.00 18.00 12.00 12.00 8.00 0.00 0.00 0.00 0.00 0.00
260.00 13.00 10.00 31.00 62.00 21.00 31.00 0.09 2.89 0.00 1.00 0.00 3.00 7.00 10.00 6.00 9.00 4.00 0.00 0.00 0.00 0.00 0.00
261.00 15.00 14.00 37.00 67.00 23.00 30.00 0.08 4.85 1.00 1.00 1.00 6.00 8.00 9.00 7.00 9.00 6.00 0.00 0.00 0.00 0.00 0.00
262.00 17.00 13.00 37.00 85.00 24.00 48.00 0.09 4.39 0.00 2.00 0.00 5.00 13.00 12.00 4.00 13.00 4.00 0.00 0.00 0.00 0.00 0.00
263.00 15.00 13.00 37.00 69.00 24.00 32.00 0.08 2.45 0.00 2.00 0.00 5.00 10.00 10.00 5.00 11.00 4.00 0.00 0.00 0.00 0.00 0.00
264.00 18.00 27.00 49.00 88.00 22.00 39.00 0.10 2.57 0.00 2.00 0.00 7.00 11.00 11.00 7.00 14.00 4.00 0.00 0.00 0.00 0.00 0.00
265.00 19.00 21.00 44.00 86.00 23.00 42.00 0.09 3.50 0.00 1.00 0.00 6.00 13.00 13.00 6.00 13.00 6.00 0.00 0.00 0.00 0.00 0.00
266.00 19.00 22.00 49.00 88.00 27.00 39.00 0.11 2.52 0.00 1.00 0.00 6.00 8.00 13.00 11.00 12.00 7.00 0.00 0.00 0.00 0.00 0.00
267.00 19.00 23.00 51.00 91.00 28.00 40.00 0.09 2.58 0.00 2.00 0.00 4.00 9.00 15.00 10.00 11.00 8.00 0.00 0.00 0.00 0.00 0.00
268.00 14.00 11.00 29.00 57.00 18.00 28.00 0.07 2.38 0.00 1.00 0.00 5.00 8.00 9.00 6.00 12.00 2.00 0.00 0.00 0.00 0.00 0.00
269.00 9.00 6.00 20.00 42.00 14.00 22.00 0.08 3.36 0.00 1.00 0.00 3.00 7.00 6.00 2.00 8.00 1.00 0.00 0.00 0.00 0.00 0.00
270.00 13.00 11.00 30.00 58.00 19.00 28.00 0.08 2.58 0.00 1.00 0.00 1.00 4.00 12.00 9.00 9.00 4.00 0.00 0.00 0.00 0.00 0.00
271.00 14.00 10.00 30.00 65.00 20.00 35.00 0.08 1.64 0.00 1.00 0.00 4.00 8.00 10.00 6.00 11.00 3.00 0.00 0.00 0.00 0.00 0.00
272.00 14.00 11.00 30.00 70.00 19.00 40.00 0.10 1.65 0.00 2.00 0.00 3.00 6.00 11.00 8.00 8.00 6.00 0.00 0.00 0.00 0.00 0.00
273.00 12.00 10.00 32.00 59.00 22.00 27.00 0.07 2.62 0.00 1.00 0.00 2.00 5.00 10.00 7.00 6.00 6.00 0.00 0.00 0.00 0.00 0.00
274.00 10.00 5.00 18.00 41.00 13.00 23.00 0.08 1.85 0.00 1.00 0.00 4.00 8.00 6.00 2.00 8.00 2.00 0.00 0.00 0.00 0.00 0.00
275.00 14.00 14.00 31.00 64.00 17.00 33.00 0.07 2.51 0.00 1.00 0.00 6.00 12.00 8.00 2.00 13.00 1.00 0.00 0.00 0.00 0.00 0.00
276.00 9.00 6.00 18.00 40.00 12.00 22.00 0.09 1.92 0.00 1.00 0.00 1.00 3.00 8.00 6.00 7.00 2.00 0.00 0.00 0.00 0.00 0.00
277.00 14.00 11.00 32.00 63.00 21.00 31.00 0.09 2.51 0.00 1.00 0.00 5.00 7.00 9.00 7.00 8.00 6.00 0.00 0.00 0.00 0.00 0.00
278.00 14.00 11.00 32.00 68.00 21.00 36.00 0.08 2.23 0.00 1.00 0.00 4.00 8.00 10.00 6.00 10.00 4.00 0.00 0.00 0.00 0.00 0.00
279.00 16.00 9.00 34.00 74.00 25.00 40.00 0.08 1.72 0.00 1.00 0.00 5.00 10.00 11.00 6.00 13.00 3.00 0.00 0.00 0.00 0.00 0.00
280.00 15.00 9.00 29.00 64.00 20.00 35.00 0.10 1.93 0.00 1.00 0.00 5.00 11.00 10.00 4.00 12.00 3.00 0.00 0.00 0.00 0.00 0.00
281.00 11.00 4.00 17.00 43.00 13.00 26.00 0.09 3.66 0.00 1.00 0.00 4.00 7.00 7.00 4.00 11.00 0.00 0.00 0.00 0.00 0.00 0.00
282.00 12.00 11.00 28.00 55.00 17.00 27.00 0.09 0.52 0.00 1.00 0.00 4.00 5.00 8.00 7.00 9.00 3.00 0.00 0.00 0.00 0.00 0.00
283.00 14.00 10.00 27.00 64.00 17.00 37.00 0.09 0.66 0.00 0.00 0.00 6.00 9.00 8.00 5.00 12.00 2.00 0.00 0.00 0.00 0.00 0.00
284.00 17.00 23.00 45.00 81.00 22.00 36.00 0.09 2.28 0.00 0.00 0.00 5.00 9.00 12.00 8.00 15.00 2.00 0.00 0.00 0.00 0.00 0.00
285.00 15.00 13.00 35.00 76.00 22.00 41.00 0.09 1.57 0.00 0.00 0.00 2.00 7.00 13.00 8.00 10.00 5.00 0.00 0.00 0.00 0.00 0.00
286.00 13.00 12.00 28.00 60.00 16.00 32.00 0.09 1.69 0.00 0.00 0.00 3.00 8.00 10.00 5.00 9.00 4.00 0.00 0.00 0.00 0.00 0.00
287.00 8.00 4.00 16.00 40.00 12.00 24.00 0.07 0.39 0.00 0.00 0.00 2.00 4.00 6.00 4.00 4.00 4.00 0.00 0.00 0.00 0.00 0.00
288.00 8.00 4.00 15.00 36.00 11.00 21.00 0.07 0.47 0.00 0.00 0.00 1.00 4.00 7.00 4.00 6.00 2.00 0.00 0.00 0.00 1.00 0.00
289.00 9.00 7.00 20.00 44.00 13.00 24.00 0.08 0.28 0.00 0.00 0.00 2.00 5.00 7.00 4.00 7.00 2.00 0.00 0.00 1.00 0.00 0.00
290.00 8.00 3.00 14.00 34.00 11.00 20.00 0.08 1.94 0.00 0.00 0.00 4.00 7.00 4.00 1.00 7.00 1.00 0.00 0.00 1.00 0.00 0.00
291.00 9.00 7.00 19.00 43.00 12.00 24.00 0.09 2.01 0.00 0.00 0.00 4.00 6.00 5.00 3.00 8.00 1.00 0.00 0.00 0.00 0.00 0.00
292.00 4.00 0.00 2.00 12.00 2.00 10.00 0.10 0.17 0.00 0.00 0.00 3.00 3.00 1.00 1.00 4.00 0.00 0.00 0.00 0.00 0.00 0.00
293.00 5.00 0.00 4.00 19.00 4.00 15.00 0.09 3.12 0.00 0.00 0.00 1.00 4.00 4.00 1.00 5.00 0.00 0.00 0.00 0.00 0.00 0.00
294.00 3.00 0.00 0.00 3.00 0.00 3.00 0.08 0.46 0.00 0.00 0.00 2.00 3.00 1.00 0.00 3.00 0.00 0.00 0.00 0.00 0.00 0.00
