0.00 2.00 0.00 0.00 2.00 0.00 2.00 0.08 0.11 0.00 0.00 0.00 2.00 2.00 0.00 0.00 2.00 0.00 0.00 0.00 0.00 0.00 0.00
1.00 3.00 0.00 0.00 7.00 0.00 7.00 0.09 0.09 0.00 0.00 0.00 2.00 3.00 1.00 0.00 3.00 0.00 0.00 0.00 0.00 0.00 0.00
2.00 4.00 1.00 5.00 17.00 4.00 12.00 0.08 0.16 0.00 0.00 0.00 2.00 4.00 2.00 0.00 4.00 0.00 0.00 0.00 0.00 0.00 0.00
3.00 5.00 1.00 5.00 17.00 4.00 12.00 0.09 0.21 0.00 0.00 0.00 1.00 2.00 4.00 3.00 5.00 0.00 0.00 0.00 0.00 0.00 0.00
4.00 9.00 5.00 17.00 41.00 12.00 24.00 0.09 0.18 0.00 0.00 0.00 6.00 6.00 3.00 3.00 8.00 1.00 0.00 0.00 0.00 0.00 0.00
5.00 9.00 2.00 11.00 40.00 9.00 29.00 0.09 0.25 0.00 0.00 0.00 2.00 6.00 7.00 3.00 8.00 1.00 0.00 0.00 0.00 0.00 0.00
6.00 9.00 3.00 18.00 40.00 15.00 22.00 0.09 0.35 0.00 0.00 0.00 2.00 6.00 7.00 3.00 8.00 1.00 0.00 0.00 0.00 0.00 0.00
7.00 7.00 3.00 12.00 28.00 9.00 16.00 0.08 0.25 0.00 0.00 0.00 3.00 4.00 4.00 3.00 7.00 0.00 0.00 0.00 0.00 0.00 0.00
8.00 11.00 7.00 23.00 55.00 16.00 32.00 0.09 0.32 1.00 0.00 0.00 2.00 7.00 9.00 4.00 10.00 1.00 0.00 0.00 0.00 0.00 0.00
9.00 11.00 3.00 14.00 44.00 11.00 30.00 0.10 0.40 1.00 0.00 0.00 4.00 8.00 7.00 3.00 10.00 1.00 0.00 0.00 0.00 0.00 0.00
10.00 11.00 6.00 19.00 51.00 13.00 32.00 0.09 0.54 0.00 0.00 0.00 4.00 6.00 7.00 5.00 9.00 2.00 0.00 0.00 0.00 0.00 0.00
11.00 13.00 10.00 30.00 66.00 20.00 36.00 0.08 0.46 1.00 0.00 0.00 3.00 8.00 10.00 5.00 9.00 4.00 0.00 0.00 0.00 0.00 0.00
12.00 12.00 2.00 21.00 53.00 19.00 32.00 0.07 0.61 1.00 0.00 0.00 5.00 7.00 7.00 5.00 9.00 3.00 0.00 0.00 0.00 0.00 0.00
13.00 20.00 18.00 49.00 94.00 31.00 45.00 0.07 0.67 1.00 0.00 0.00 8.00 12.00 12.00 8.00 16.00 4.00 0.00 0.00 0.00 0.00 0.00
14.00 17.00 17.00 39.00 90.00 22.00 51.00 0.09 0.48 1.00 0.00 0.00 3.00 8.00 14.00 9.00 14.00 3.00 0.00 0.00 0.00 0.00 0.00
15.00 16.00 14.00 36.00 80.00 22.00 44.00 0.09 0.50 0.00 0.00 0.00 2.00 9.00 14.00 7.00 11.00 5.00 0.00 0.00 0.00 0.00 0.00
16.00 10.00 7.00 21.00 48.00 14.00 27.00 0.09 0.48 1.00 0.00 0.00 0.00 3.00 10.00 7.00 7.00 3.00 1.00 0.00 0.00 0.00 0.00
17.00 15.00 13.00 37.00 75.00 24.00 38.00 0.08 0.56 0.00 0.00 0.00 6.00 11.00 9.00 4.00 12.00 3.00 0.00 0.00 0.00 0.00 0.00
18.00 15.00 13.00 36.00 70.00 23.00 34.00 0.08 0.59 1.00 0.00 0.00 3.00 6.00 12.00 9.00 9.00 6.00 0.00 0.00 0.00 0.00 0.00
19.00 21.00 18.00 51.00 96.00 33.00 45.00 0.08 0.70 1.00 0.00 0.00 9.00 12.00 12.00 9.00 17.00 4.00 0.00 0.00 0.00 0.00 0.00
20.00 12.00 9.00 30.00 60.00 21.00 30.00 0.07 0.39 1.00 0.00 0.00 2.00 7.00 10.00 5.00 10.00 2.00 0.00 0.00 0.00 0.00 0.00
21.00 19.00 21.00 49.00 92.00 28.00 43.00 0.08 0.79 1.00 0.00 0.00 6.00 11.00 13.00 8.00 15.00 4.00 0.00 0.00 0.00 0.00 0.00
22.00 14.00 6.00 23.00 67.00 17.00 44.00 0.08 0.62 1.00 0.00 0.00 4.00 8.00 10.00 6.00 12.00 2.00 0.00 0.00 0.00 0.00 0.00
23.00 19.00 22.00 52.00 88.00 30.00 36.00 0.07 0.59 1.00 1.00 1.00 6.00 13.00 13.00 6.00 14.00 5.00 0.00 0.00 0.00 0.00 0.00
24.00 18.00 26.00 51.00 88.00 25.00 37.00 0.09 0.52 1.00 1.00 1.00 0.00 8.00 18.00 10.00 12.00 6.00 0.00 0.00 0.00 0.00 0.00
25.00 19.00 18.00 49.00 92.00 31.00 43.00 0.09 0.65 0.00 1.00 0.00 3.00 7.00 16.00 12.00 12.00 7.00 0.00 0.00 0.00 0.00 0.00
26.00 19.00 14.00 46.00 92.00 32.00 46.00 0.10 0.67 0.00 1.00 0.00 7.00 10.00 12.00 9.00 13.00 6.00 0.00 0.00 0.00 0.00 0.00
27.00 18.00 21.00 48.00 93.00 27.00 45.00 0.08 0.50 1.00 1.00 1.00 5.00 10.00 13.00 8.00 13.00 5.00 0.00 0.00 0.00 0.00 0.00
28.00 18.00 19.00 43.00 86.00 24.00 43.00 0.09 0.53 1.00 0.00 0.00 4.00 10.00 14.00 8.00 15.00 3.00 0.00 0.00 0.00 0.00 0.00
29.00 22.00 12.00 54.00 112.00 42.00 58.00 0.09 0.60 1.00 1.00 1.00 10.00 16.00 12.00 6.00 18.00 4.00 0.00 0.00 0.00 0.00 0.00
30.00 18.00 17.00 46.00 88.00 29.00 42.00 0.10 0.53 0.00 1.00 0.00 9.00 12.00 9.00 6.00 14.00 4.00 0.00 0.00 0.00 0.00 0.00
31.00 19.00 25.00 49.00 96.00 24.00 47.00 0.07 0.50 1.00 1.00 1.00 3.00 5.00 16.00 14.00 15.00 4.00 0.00 0.00 0.00 0.00 0.00
32.00 21.00 21.00 57.00 104.00 36.00 47.00 0.07 0.59 1.00 0.00 0.00 7.00 13.00 14.00 8.00 16.00 5.00 0.00 0.00 1.00 0.00 0.00
33.00 23.00 20.00 66.00 119.00 46.00 53.00 0.07 0.67 1.00 0.00 0.00 7.00 14.00 16.00 9.00 19.00 4.00 0.00 0.00 1.00 0.00 0.00
34.00 19.00 13.00 43.00 96.00 30.00 53.00 0.08 0.68 1.00 1.00 1.00 6.00 12.00 13.00 7.00 16.00 3.00 0.00 0.00 1.00 0.00 0.00
35.00 24.00 30.00 72.00 118.00 42.00 46.00 0.09 0.64 1.00 1.00 1.00 6.00 13.00 18.00 11.00 17.00 7.00 0.00 0.00 1.00 0.00 0.00
36.00 20.00 23.00 57.00 103.00 34.00 46.00 0.09 0.60 0.00 1.00 0.00 3.00 9.00 17.00 11.00 14.00 6.00 0.00 0.00 0.00 0.00 0.00
37.00 23.00 25.00 63.00 111.00 38.00 48.00 0.08 0.69 1.00 1.00 1.00 8.00 13.00 15.00 10.00 17.00 6.00 0.00 0.00 0.00 0.00 0.00
38.00 19.00 20.00 48.00 93.00 28.00 45.00 0.09 0.51 1.00 0.00 0.00 6.00 11.00 13.00 8.00 14.00 5.00 0.00 0.00 0.00 0.00 0.00
39.00 23.00 25.00 60.00 118.00 35.00 58.00 0.08 0.52 1.00 0.00 0.00 7.00 12.00 16.00 11.00 16.00 7.00 0.00 0.00 1.00 0.00 0.00
40.00 25.00 21.00 65.00 123.00 44.00 58.00 0.09 0.70 1.00 0.00 0.00 8.00 18.00 17.00 7.00 19.00 6.00 0.00 0.00 2.00 0.00 0.00
41.00 22.00 27.00 64.00 109.00 37.00 45.00 0.08 0.57 1.00 1.00 1.00 6.00 9.00 16.00 13.00 15.00 7.00 0.00 0.00 0.00 0.00 0.00
42.00 22.00 20.00 53.00 112.00 33.00 59.00 0.08 0.71 1.00 0.00 0.00 8.00 13.00 14.00 9.00 16.00 6.00 0.00 0.00 0.00 0.00 0.00
43.00 15.00 13.00 38.00 80.00 25.00 42.00 0.08 0.48 1.00 1.00 1.00 2.00 5.00 13.00 10.00 9.00 6.00 0.00 0.00 0.00 1.00 0.00
44.00 23.00 31.00 68.00 121.00 37.00 53.00 0.09 0.64 1.00 0.00 0.00 6.00 11.00 17.00 12.00 14.00 9.00 0.00 0.00 1.00 1.00 0.00
45.00 23.00 24.00 62.00 110.00 38.00 48.00 0.09 0.86 1.00 0.00 0.00 8.00 13.00 15.00 10.00 16.00 7.00 0.00 0.00 1.00 0.00 0.00
46.00 27.00 32.00 76.00 130.00 44.00 54.00 0.08 0.80 3.00 1.00 3.00 4.00 11.00 23.00 16.00 20.00 7.00 0.00 0.00 0.00 0.00 0.00
47.00 23.00 23.00 68.00 119.00 45.00 51.00 0.08 0.70 1.00 1.00 1.00 7.00 11.00 16.00 12.00 18.00 5.00 0.00 0.00 0.00 0.00 0.00
48.00 27.00 37.00 75.00 138.00 38.00 63.00 0.08 0.72 0.00 1.00 0.00 8.00 15.00 19.00 12.00 18.00 9.00 0.00 0.00 0.00 0.00 0.00
49.00 23.00 18.00 59.00 120.00 41.00 61.00 0.09 0.72 1.00 0.00 0.00 7.00 14.00 16.00 9.00 16.00 7.00 0.00 0.00 0.00 0.00 0.00
50.00 22.00 22.00 57.00 106.00 35.00 49.00 0.09 0.65 1.00 0.00 0.00 6.00 10.00 16.00 12.00 12.00 10.00 0.00 0.00 0.00 0.00 0.00
51.00 22.00 17.00 53.00 106.00 36.00 53.00 0.08 0.80 0.00 1.00 0.00 4.00 12.00 18.00 10.00 13.00 9.00 0.00 0.00 0.00 0.00 0.00
52.00 23.00 21.00 55.00 112.00 34.00 57.00 0.08 0.74 0.00 1.00 0.00 2.00 10.00 21.00 13.00 15.00 8.00 0.00 0.00 0.00 0.00 0.00
53.00 26.00 33.00 73.00 124.00 40.00 51.00 0.07 0.91 1.00 0.00 0.00 8.00 15.00 18.00 11.00 21.00 5.00 0.00 0.00 0.00 0.00 0.00
54.00 9.00 2.00 12.00 40.00 10.00 28.00 0.11 0.50 0.00 1.00 0.00 4.00 7.00 5.00 2.00 9.00 0.00 0.00 0.00 0.00 0.00 0.00
55.00 20.00 20.00 51.00 97.00 31.00 46.00 0.08 0.77 1.00 1.00 1.00 4.00 11.00 16.00 9.00 16.00 4.00 0.00 0.00 0.00 1.00 0.00
56.00 19.00 18.00 44.00 101.00 26.00 57.00 0.07 0.76 1.00 1.00 1.00 6.00 11.00 13.00 8.00 13.00 6.00 0.00 0.00 0.00 0.00 0.00
57.00 22.00 25.00 57.00 112.00 32.00 55.00 0.08 0.61 1.00 1.00 1.00 7.00 14.00 15.00 8.00 19.00 3.00 0.00 0.00 0.00 0.00 0.00
58.00 24.00 27.00 64.00 118.00 37.00 54.00 0.08 0.86 1.00 3.00 0.33 6.00 15.00 18.00 9.00 18.00 6.00 0.00 0.00 0.00 0.00 1.00
59.00 25.00 28.00 62.00 119.00 34.00 57.00 0.07 0.96 0.00 0.00 0.00 10.00 13.00 15.00 12.00 19.00 6.00 0.00 0.00 0.00 0.00 0.00
60.00 20.00 15.00 43.00 94.00 28.00 51.00 0.09 0.83 1.00 2.00 0.50 5.00 11.00 15.00 9.00 15.00 5.00 0.00 0.00 0.00 0.00 0.00
61.00 24.00 27.00 68.00 122.00 41.00 54.00 0.10 0.95 1.00 1.00 1.00 10.00 14.00 14.00 10.00 18.00 6.00 0.00 0.00 0.00 0.00 0.00
62.00 21.00 22.00 52.00 105.00 30.00 53.00 0.09 0.59 0.00 1.00 0.00 7.00 11.00 14.00 10.00 18.00 3.00 0.00 0.00 0.00 0.00 0.00
63.00 16.00 13.00 34.00 78.00 21.00 44.00 0.09 0.63 0.00 1.00 0.00 3.00 10.00 13.00 6.00 13.00 3.00 0.00 0.00 0.00 1.00 0.00
64.00 21.00 16.00 59.00 103.00 43.00 44.00 0.07 0.85 1.00 2.00 0.50 6.00 12.00 15.00 9.00 15.00 6.00 0.00 0.00 0.00 1.00 0.00
65.00 26.00 33.00 79.00 135.00 46.00 56.00 0.08 0.88 1.00 0.00 0.00 6.00 15.00 20.00 11.00 18.00 8.00 0.00 0.00 0.00 0.00 0.00
66.00 25.00 26.00 69.00 129.00 43.00 60.00 0.09 0.80 1.00 2.00 0.50 4.00 10.00 21.00 15.00 14.00 11.00 0.00 0.00 0.00 0.00 0.00
67.00 26.00 27.00 77.00 138.00 50.00 61.00 0.09 0.88 1.00 3.00 0.33 5.00 11.00 21.00 15.00 15.00 11.00 0.00 0.00 0.00 0.00 0.00
68.00 23.00 29.00 66.00 115.00 37.00 49.00 0.08 0.68 1.00 2.00 0.50 4.00 10.00 19.00 13.00 17.00 6.00 0.00 0.00 0.00 0.00 0.00
69.00 24.00 21.00 59.00 123.00 38.00 64.00 0.09 0.60 1.00 3.00 0.33 3.00 11.00 21.00 13.00 17.00 7.00 0.00 0.00 0.00 0.00 0.00
70.00 23.00 25.00 65.00 120.00 40.00 55.00 0.08 0.60 2.00 1.00 2.00 10.00 12.00 13.00 11.00 12.00 11.00 0.00 0.00 0.00 0.00 0.00
71.00 22.00 24.00 59.00 111.00 35.00 52.00 0.07 0.73 1.00 2.00 0.50 6.00 9.00 16.00 13.00 13.00 9.00 0.00 0.00 0.00 0.00 0.00
72.00 27.00 33.00 85.00 139.00 52.00 54.00 0.08 0.91 1.00 0.00 0.00 3.00 10.00 24.00 17.00 15.00 12.00 0.00 0.00 0.00 1.00 0.00
73.00 27.00 38.00 78.00 136.00 40.00 58.00 0.08 0.79 2.00 2.00 1.00 9.00 13.00 18.00 14.00 19.00 8.00 0.00 0.00 0.00 0.00 0.00
74.00 21.00 24.00 58.00 111.00 34.00 53.00 0.08 0.70 2.00 2.00 1.00 3.00 8.00 18.00 13.00 12.00 9.00 0.00 0.00 0.00 0.00 0.00
75.00 30.00 42.00 81.00 147.00 39.00 66.00 0.07 1.06 2.00 1.00 2.00 9.00 15.00 21.00 15.00 20.00 10.00 0.00 0.00 0.00 0.00 0.00
76.00 23.00 21.00 52.00 112.00 31.00 60.00 0.08 0.74 2.00 1.00 2.00 5.00 14.00 18.00 9.00 16.00 7.00 0.00 0.00 0.00 0.00 0.00
77.00 21.00 22.00 57.00 103.00 35.00 46.00 0.10 0.60 1.00 2.00 0.50 5.00 7.00 16.00 14.00 15.00 6.00 0.00 0.00 0.00 0.00 0.00
78.00 21.00 17.00 51.00 107.00 34.00 56.00 0.09 0.90 1.00 1.00 1.00 7.00 10.00 14.00 11.00 14.00 7.00 0.00 0.00 0.00 0.00 0.00
79.00 24.00 21.00 58.00 110.00 37.00 52.00 0.08 0.83 1.00 2.00 0.50 7.00 14.00 17.00 10.00 17.00 7.00 0.00 0.00 0.00 0.00 0.00
80.00 24.00 30.00 60.00 118.00 30.00 58.00 0.08 0.75 1.00 2.00 0.50 6.00 13.00 18.00 11.00 18.00 6.00 0.00 0.00 0.00 0.00 0.00
81.00 25.00 30.00 65.00 131.00 35.00 66.00 0.08 0.75 1.00 3.00 0.33 6.00 14.00 19.00 11.00 16.00 9.00 0.00 0.00 0.00 0.00 0.00
82.00 23.00 20.00 60.00 119.00 40.00 59.00 0.09 0.73 1.00 2.00 0.50 10.00 13.00 13.00 10.00 20.00 3.00 0.00 0.00 0.00 0.00 0.00
83.00 26.00 35.00 79.00 126.00 44.00 47.00 0.08 0.69 1.00 2.00 0.50 7.00 12.00 19.00 14.00 18.00 8.00 0.00 0.00 0.00 0.00 0.00
84.00 24.00 28.00 65.00 115.00 37.00 50.00 0.09 0.76 2.00 2.00 1.00 9.00 12.00 15.00 12.00 16.00 8.00 0.00 0.00 0.00 0.00 0.00
85.00 25.00 27.00 67.00 121.00 40.00 54.00 0.08 0.68 2.00 2.00 1.00 9.00 14.00 16.00 11.00 20.00 5.00 0.00 0.00 0.00 0.00 0.00
86.00 30.00 33.00 82.00 157.00 49.00 75.00 0.07 0.86 1.00 2.00 0.50 9.00 15.00 21.00 15.00 19.00 11.00 0.00 0.00 0.00 0.00 0.00
87.00 25.00 23.00 67.00 130.00 44.00 63.00 0.08 0.68 1.00 2.00 0.50 7.00 12.00 18.00 13.00 18.00 7.00 0.00 0.00 0.00 0.00 0.00
88.00 25.00 32.00 73.00 131.00 41.00 58.00 0.08 0.70 1.00 3.00 0.33 6.00 11.00 19.00 14.00 18.00 7.00 0.00 0.00 0.00 0.00 0.00
89.00 29.00 37.00 81.00 142.00 44.00 61.00 0.09 0.79 1.00 1.00 1.00 10.00 16.00 19.00 13.00 18.00 11.00 0.00 0.00 0.00 1.00 0.00
90.00 28.00 40.00 83.00 146.00 43.00 63.00 0.08 0.63 1.00 2.00 0.50 7.00 13.00 21.00 15.00 16.00 12.00 0.00 0.00 0.00 0.00 0.00
91.00 27.00 37.00 82.00 140.00 45.00 58.00 0.09 0.73 3.00 1.00 3.00 7.00 11.00 20.00 16.00 17.00 10.00 0.00 0.00 1.00 0.00 0.00
92.00 30.00 36.00 87.00 147.00 51.00 60.00 0.09 0.70 2.00 1.00 2.00 7.00 13.00 23.00 17.00 15.00 15.00 0.00 0.00 0.00 0.00 0.00
93.00 29.00 42.00 79.00 137.00 37.00 58.00 0.08 0.71 2.00 1.00 2.00 7.00 15.00 22.00 14.00 21.00 8.00 0.00 0.00 0.00 0.00 0.00
94.00 27.00 29.00 74.00 135.00 45.00 61.00 0.09 0.62 2.00 1.00 2.00 9.00 12.00 18.00 15.00 18.00 9.00 0.00 0.00 0.00 0.00 0.00
95.00 31.00 27.00 86.00 156.00 59.00 70.00 0.07 0.80 2.00 1.00 2.00 8.00 15.00 23.00 16.00 21.00 10.00 0.00 0.00 0.00 0.00 0.00
96.00 29.00 41.00 89.00 144.00 48.00 55.00 0.09 0.69 3.00 0.00 0.00 10.00 14.00 19.00 15.00 22.00 7.00 0.00 0.00 0.00 0.00 0.00
97.00 29.00 37.00 88.00 151.00 51.00 63.00 0.07 0.61 3.00 1.00 3.00 8.00 14.00 21.00 15.00 18.00 11.00 0.00 0.00 0.00 0.00 0.00
98.00 34.00 56.00 106.00 181.00 50.00 75.00 0.10 0.72 3.00 2.00 1.50 11.00 17.00 23.00 17.00 24.00 10.00 1.00 0.00 0.00 1.00 0.00
99.00 32.00 36.00 97.00 168.00 61.00 71.00 0.08 0.75 4.00 1.00 4.00 6.00 16.00 26.00 16.00 22.00 10.00 0.00 0.00 0.00 0.00 1.00
100.00 34.00 44.00 102.00 176.00 58.00 74.00 0.10 0.92 4.00 2.00 2.00 10.00 20.00 24.00 14.00 24.00 10.00 0.00 0.00 0.00 0.00 0.00
101.00 32.00 43.00 97.00 170.00 54.00 73.00 0.09 0.66 1.00 1.00 1.00 8.00 21.00 24.00 11.00 26.00 6.00 0.00 0.00 0.00 0.00 0.00
102.00 32.00 30.00 90.00 169.00 60.00 79.00 0.09 0.81 2.00 2.00 1.00 11.00 17.00 21.00 15.00 23.00 9.00 0.00 0.00 0.00 0.00 0.00
103.00 34.00 42.00 108.00 181.00 66.00 73.00 0.10 0.64 3.00 2.00 1.50 4.00 15.00 30.00 19.00 17.00 17.00 0.00 0.00 0.00 0.00 0.00
104.00 32.00 37.00 100.00 174.00 63.00 74.00 0.08 0.68 3.00 3.00 1.00 6.00 10.00 26.00 22.00 17.00 15.00 1.00 0.00 0.00 0.00 0.00
105.00 33.00 40.00 99.00 177.00 59.00 78.00 0.08 0.81 3.00 1.00 3.00 8.00 16.00 25.00 17.00 21.00 12.00 0.00 0.00 0.00 0.00 0.00
106.00 40.00 47.00 122.00 197.00 75.00 75.00 0.08 0.87 4.00 1.00 4.00 11.00 19.00 29.00 21.00 30.00 10.00 1.00 0.00 0.00 0.00 0.00
107.00 33.00 45.00 100.00 167.00 55.00 67.00 0.10 0.79 3.00 1.00 3.00 9.00 17.00 24.00 16.00 20.00 13.00 1.00 0.00 0.00 1.00 0.00
108.00 32.00 41.00 96.00 166.00 55.00 70.00 0.08 0.73 3.00 2.00 1.50 7.00 16.00 25.00 16.00 18.00 14.00 0.00 0.00 0.00 1.00 0.00
109.00 35.00 46.00 103.00 182.00 57.00 79.00 0.08 0.84 3.00 3.00 1.00 11.00 16.00 24.00 19.00 20.00 15.00 1.00 0.00 0.00 0.00 0.00
110.00 29.00 36.00 77.00 146.00 41.00 69.00 0.10 0.66 3.00 2.00 1.50 6.00 11.00 23.00 18.00 18.00 11.00 0.00 0.00 0.00 1.00 0.00
111.00 25.00 24.00 68.00 136.00 44.00 68.00 0.08 0.73 3.00 2.00 1.50 5.00 12.00 20.00 13.00 19.00 6.00 0.00 0.00 1.00 0.00 0.00
112.00 29.00 34.00 93.00 142.00 59.00 49.00 0.08 0.65 3.00 2.00 1.50 11.00 15.00 18.00 14.00 23.00 6.00 0.00 0.00 0.00 1.00 0.00
113.00 30.00 36.00 88.00 160.00 52.00 72.00 0.09 0.62 2.00 1.00 2.00 10.00 18.00 20.00 12.00 23.00 7.00 0.00 0.00 0.00 0.00 0.00
114.00 30.00 37.00 93.00 162.00 56.00 69.00 0.07 0.64 3.00 1.00 3.00 4.00 13.00 26.00 17.00 19.00 11.00 0.00 0.00 1.00 0.00 0.00
115.00 34.00 44.00 107.00 184.00 63.00 77.00 0.08 0.66 3.00 1.00 3.00 4.00 16.00 30.00 18.00 23.00 11.00 0.00 0.00 1.00 0.00 0.00
116.00 36.00 45.00 109.00 194.00 64.00 85.00 0.08 0.72 3.00 1.00 3.00 11.00 23.00 25.00 13.00 26.00 10.00 0.00 0.00 0.00 0.00 0.00
117.00 42.00 54.00 131.00 222.00 77.00 91.00 0.08 0.83 2.00 1.00 2.00 11.00 16.00 31.00 26.00 24.00 18.00 0.00 0.00 0.00 1.00 0.00
118.00 41.00 51.00 119.00 223.00 68.00 104.00 0.08 0.86 3.00 3.00 1.00 9.00 16.00 32.00 25.00 28.00 13.00 0.00 0.00 0.00 0.00 0.00
119.00 41.00 67.00 132.00 216.00 65.00 84.00 0.09 0.82 3.00 2.00 1.50 11.00 19.00 30.00 22.00 25.00 16.00 0.00 0.00 1.00 1.00 0.00
120.00 37.00 39.00 111.00 193.00 72.00 82.00 0.07 0.90 3.00 2.00 1.50 8.00 14.00 29.00 23.00 24.00 13.00 0.00 0.00 0.00 1.00 0.00
121.00 35.00 42.00 103.00 182.00 61.00 79.00 0.09 0.78 3.00 4.00 0.75 9.00 12.00 26.00 23.00 23.00 12.00 0.00 0.00 1.00 1.00 0.00
122.00 41.00 52.00 128.00 215.00 76.00 87.00 0.09 0.85 3.00 1.00 3.00 8.00 13.00 33.00 28.00 22.00 19.00 0.00 0.00 1.00 0.00 0.00
123.00 38.00 57.00 122.00 198.00 65.00 76.00 0.09 0.72 2.00 4.00 0.50 9.00 14.00 29.00 24.00 22.00 16.00 1.00 0.00 1.00 0.00 1.00
124.00 41.00 49.00 129.00 210.00 80.00 81.00 0.08 0.97 2.00 3.00 0.67 6.00 16.00 35.00 25.00 23.00 18.00 1.00 0.00 0.00 0.00 0.00
125.00 37.00 53.00 118.00 194.00 65.00 76.00 0.09 0.69 2.00 5.00 0.40 8.00 17.00 29.00 20.00 24.00 13.00 0.00 0.00 0.00 1.00 0.00
126.00 37.00 54.00 127.00 199.00 73.00 72.00 0.07 0.73 3.00 5.00 0.60 3.00 16.00 34.00 21.00 22.00 15.00 0.00 0.00 0.00 0.00 0.00
127.00 38.00 58.00 119.00 193.00 61.00 74.00 0.07 0.77 3.00 3.00 1.00 6.00 15.00 32.00 23.00 24.00 14.00 1.00 0.00 0.00 0.00 0.00
128.00 39.00 48.00 111.00 201.00 63.00 90.00 0.09 0.77 1.00 4.00 0.25 11.00 22.00 28.00 17.00 26.00 13.00 0.00 0.00 0.00 0.00 0.00
129.00 40.00 42.00 116.00 206.00 74.00 90.00 0.07 1.00 2.00 3.00 0.67 8.00 15.00 32.00 25.00 24.00 16.00 1.00 0.00 0.00 0.00 0.00
130.00 39.00 50.00 111.00 196.00 61.00 85.00 0.10 1.03 2.00 2.00 1.00 10.00 18.00 29.00 21.00 26.00 13.00 1.00 0.00 0.00 0.00 0.00
131.00 39.00 52.00 110.00 198.00 58.00 88.00 0.10 0.92 2.00 3.00 0.67 10.00 20.00 29.00 19.00 26.00 13.00 0.00 0.00 0.00 0.00 0.00
132.00 37.00 47.00 106.00 192.00 59.00 86.00 0.08 0.80 1.00 4.00 0.25 9.00 13.00 28.00 24.00 17.00 20.00 1.00 0.00 0.00 0.00 0.00
133.00 43.00 73.00 135.00 224.00 62.00 89.00 0.08 0.84 2.00 2.00 1.00 9.00 20.00 34.00 23.00 25.00 18.00 0.00 0.00 1.00 0.00 0.00
134.00 37.00 45.00 114.00 196.00 69.00 82.00 0.08 0.75 3.00 3.00 1.00 8.00 16.00 29.00 21.00 25.00 12.00 0.00 0.00 0.00 0.00 0.00
135.00 32.00 45.00 96.00 163.00 51.00 67.00 0.09 0.70 2.00 3.00 0.67 8.00 14.00 24.00 18.00 21.00 11.00 0.00 0.00 0.00 0.00 0.00
136.00 39.00 42.00 107.00 203.00 65.00 96.00 0.08 0.96 2.00 2.00 1.00 8.00 15.00 31.00 24.00 23.00 16.00 0.00 0.00 1.00 0.00 0.00
137.00 37.00 43.00 118.00 195.00 75.00 77.00 0.08 0.94 2.00 3.00 0.67 8.00 11.00 29.00 26.00 16.00 21.00 0.00 0.00 0.00 0.00 0.00
138.00 45.00 71.00 140.00 237.00 69.00 97.00 0.08 0.98 3.00 5.00 0.60 8.00 13.00 37.00 32.00 23.00 22.00 0.00 0.00 0.00 0.00 0.00
139.00 37.00 57.00 105.00 193.00 48.00 88.00 0.07 0.80 2.00 3.00 0.67 5.00 18.00 32.00 19.00 23.00 14.00 0.00 0.00 0.00 0.00 0.00
140.00 40.00 55.00 124.00 197.00 69.00 73.00 0.08 0.89 1.00 2.00 0.50 11.00 17.00 29.00 23.00 26.00 14.00 0.00 0.00 0.00 0.00 0.00
141.00 38.00 60.00 130.00 205.00 70.00 75.00 0.09 0.82 1.00 4.00 0.25 4.00 11.00 34.00 27.00 17.00 21.00 0.00 0.00 1.00 0.00 1.00
142.00 43.00 51.00 135.00 230.00 84.00 95.00 0.09 1.04 2.00 4.00 0.50 5.00 12.00 38.00 31.00 18.00 25.00 1.00 0.00 1.00 0.00 1.00
143.00 41.00 58.00 134.00 216.00 76.00 82.00 0.09 0.87 0.00 4.00 0.00 8.00 13.00 33.00 28.00 23.00 18.00 0.00 0.00 0.00 0.00 0.00
144.00 44.00 68.00 135.00 222.00 67.00 87.00 0.09 1.09 2.00 4.00 0.50 8.00 18.00 36.00 26.00 22.00 22.00 2.00 0.00 0.00 0.00 0.00
145.00 43.00 52.00 122.00 214.00 70.00 92.00 0.10 1.21 1.00 4.00 0.25 9.00 18.00 34.00 25.00 25.00 18.00 1.00 0.00 0.00 1.00 0.00
146.00 43.00 50.00 127.00 223.00 77.00 96.00 0.08 1.08 1.00 4.00 0.25 11.00 16.00 32.00 27.00 29.00 14.00 1.00 0.00 0.00 0.00 0.00
147.00 45.00 72.00 152.00 241.00 80.00 89.00 0.09 1.02 1.00 3.00 0.33 9.00 17.00 36.00 28.00 26.00 19.00 1.00 0.00 0.00 0.00 0.00
148.00 46.00 51.00 143.00 242.00 92.00 99.00 0.08 1.21 2.00 5.00 0.40 11.00 21.00 35.00 25.00 25.00 21.00 1.00 0.00 0.00 0.00 0.00
149.00 38.00 47.00 119.00 209.00 72.00 90.00 0.07 0.86 2.00 5.00 0.40 8.00 16.00 30.00 22.00 20.00 18.00 1.00 0.00 0.00 0.00 0.00
150.00 39.00 63.00 128.00 211.00 65.00 83.00 0.08 1.02 2.00 5.00 0.40 7.00 13.00 32.00 26.00 16.00 23.00 0.00 0.00 0.00 0.00 0.00
151.00 44.00 61.00 135.00 231.00 74.00 96.00 0.08 1.19 2.00 6.00 0.33 9.00 17.00 35.00 27.00 23.00 21.00 1.00 0.00 3.00 1.00 0.00
152.00 43.00 64.00 131.00 232.00 67.00 101.00 0.08 1.04 2.00 5.00 0.40 9.00 17.00 34.00 26.00 23.00 20.00 1.00 0.00 1.00 0.00 0.00
153.00 40.00 52.00 115.00 213.00 63.00 98.00 0.09 1.02 2.00 4.00 0.50 6.00 13.00 34.00 27.00 22.00 18.00 0.00 0.00 0.00 0.00 0.00
154.00 39.00 54.00 117.00 209.00 63.00 92.00 0.08 0.99 2.00 5.00 0.40 7.00 13.00 32.00 26.00 20.00 19.00 1.00 0.00 0.00 0.00 0.00
155.00 41.00 63.00 129.00 216.00 66.00 87.00 0.08 0.94 3.00 4.00 0.75 13.00 17.00 28.00 24.00 24.00 17.00 1.00 0.00 0.00 0.00 0.00
156.00 45.00 66.00 144.00 231.00 78.00 87.00 0.08 1.03 2.00 4.00 0.50 6.00 14.00 39.00 31.00 20.00 25.00 0.00 0.00 0.00 0.00 0.00
157.00 38.00 55.00 120.00 201.00 65.00 81.00 0.08 0.99 2.00 2.00 1.00 9.00 15.00 29.00 23.00 19.00 19.00 0.00 0.00 0.00 0.00 0.00
158.00 42.00 52.00 123.00 212.00 71.00 89.00 0.08 0.98 3.00 4.00 0.75 15.00 17.00 27.00 25.00 24.00 18.00 0.00 0.00 0.00 0.00 0.00
159.00 43.00 73.00 136.00 222.00 63.00 86.00 0.09 1.05 2.00 4.00 0.50 7.00 17.00 36.00 26.00 24.00 19.00 0.00 0.00 0.00 0.00 1.00
160.00 44.00 66.00 132.00 226.00 66.00 94.00 0.09 1.02 2.00 4.00 0.50 7.00 18.00 37.00 26.00 24.00 20.00 0.00 0.00 0.00 0.00 0.00
161.00 39.00 52.00 116.00 198.00 64.00 82.00 0.07 0.97 2.00 3.00 0.67 7.00 21.00 32.00 18.00 23.00 16.00 0.00 0.00 0.00 0.00 1.00
162.00 36.00 51.00 106.00 186.00 55.00 80.00 0.09 0.98 1.00 4.00 0.25 9.00 15.00 27.00 21.00 17.00 19.00 0.00 0.00 0.00 0.00 1.00
163.00 40.00 52.00 115.00 197.00 63.00 82.00 0.09 0.94 1.00 5.00 0.20 10.00 21.00 30.00 19.00 29.00 11.00 0.00 0.00 0.00 0.00 0.00
164.00 39.00 57.00 110.00 189.00 53.00 79.00 0.08 0.96 1.00 3.00 0.33 13.00 16.00 26.00 23.00 25.00 14.00 0.00 0.00 0.00 0.00 0.00
165.00 38.00 47.00 111.00 195.00 64.00 84.00 0.08 1.03 1.00 3.00 0.33 8.00 19.00 30.00 19.00 26.00 12.00 0.00 0.00 0.00 1.00 0.00
166.00 36.00 38.00 101.00 194.00 63.00 93.00 0.09 0.97 1.00 3.00 0.33 7.00 13.00 29.00 23.00 22.00 14.00 0.00 0.00 0.00 1.00 0.00
167.00 43.00 63.00 131.00 210.00 68.00 79.00 0.08 1.20 1.00 4.00 0.25 12.00 17.00 31.00 26.00 27.00 16.00 0.00 0.00 0.00 0.00 0.00
168.00 38.00 56.00 112.00 189.00 56.00 77.00 0.09 0.85 1.00 4.00 0.25 7.00 13.00 31.00 25.00 19.00 19.00 0.00 0.00 0.00 0.00 0.00
169.00 38.00 42.00 105.00 187.00 63.00 82.00 0.09 1.04 1.00 3.00 0.33 11.00 20.00 27.00 18.00 25.00 13.00 0.00 0.00 0.00 0.00 0.00
170.00 38.00 64.00 115.00 193.00 51.00 78.00 0.07 0.92 2.00 2.00 1.00 10.00 15.00 28.00 23.00 20.00 18.00 0.00 0.00 1.00 0.00 0.00
171.00 35.00 50.00 103.00 181.00 53.00 78.00 0.09 0.87 2.00 3.00 0.67 8.00 13.00 27.00 22.00 21.00 14.00 0.00 0.00 0.00 0.00 0.00
172.00 39.00 58.00 112.00 190.00 54.00 78.00 0.07 0.78 1.00 3.00 0.33 14.00 23.00 25.00 16.00 26.00 13.00 0.00 0.00 0.00 0.00 1.00
173.00 42.00 55.00 119.00 213.00 64.00 94.00 0.08 0.99 1.00 3.00 0.33 9.00 17.00 33.00 25.00 26.00 16.00 0.00 0.00 0.00 0.00 0.00
174.00 35.00 57.00 102.00 176.00 45.00 74.00 0.08 0.61 1.00 4.00 0.25 6.00 13.00 29.00 22.00 17.00 18.00 0.00 0.00 0.00 0.00 0.00
175.00 37.00 51.00 111.00 183.00 60.00 72.00 0.08 0.78 1.00 4.00 0.25 7.00 12.00 30.00 25.00 19.00 18.00 0.00 0.00 0.00 0.00 0.00
176.00 44.00 71.00 132.00 210.00 61.00 78.00 0.08 0.76 1.00 2.00 0.50 13.00 21.00 31.00 23.00 29.00 15.00 0.00 0.00 1.00 0.00 0.00
177.00 41.00 47.00 116.00 213.00 69.00 97.00 0.10 1.23 2.00 3.00 0.67 8.00 17.00 33.00 24.00 25.00 16.00 0.00 0.00 0.00 0.00 0.00
178.00 43.00 60.00 130.00 222.00 70.00 92.00 0.09 0.81 1.00 4.00 0.25 11.00 14.00 32.00 29.00 17.00 26.00 0.00 0.00 0.00 0.00 1.00
179.00 40.00 42.00 109.00 192.00 67.00 83.00 0.09 0.76 2.00 4.00 0.50 12.00 20.00 28.00 20.00 25.00 15.00 0.00 0.00 0.00 0.00 0.00
180.00 41.00 66.00 130.00 204.00 64.00 74.00 0.09 0.85 3.00 4.00 0.75 12.00 19.00 29.00 22.00 26.00 15.00 0.00 0.00 2.00 0.00 0.00
181.00 45.00 63.00 130.00 220.00 67.00 90.00 0.08 1.06 3.00 5.00 0.60 11.00 20.00 34.00 25.00 27.00 18.00 0.00 0.00 0.00 0.00 0.00
182.00 41.00 66.00 121.00 201.00 55.00 80.00 0.08 0.93 2.00 5.00 0.40 11.00 20.00 30.00 21.00 29.00 12.00 0.00 0.00 0.00 0.00 0.00
183.00 41.00 51.00 120.00 207.00 69.00 87.00 0.08 0.88 2.00 3.00 0.67 9.00 13.00 32.00 28.00 21.00 20.00 0.00 0.00 1.00 0.00 0.00
184.00 31.00 42.00 94.00 161.00 52.00 67.00 0.08 0.80 1.00 3.00 0.33 3.00 12.00 28.00 19.00 17.00 14.00 0.00 0.00 1.00 0.00 0.00
185.00 32.00 35.00 92.00 171.00 57.00 79.00 0.10 0.88 1.00 3.00 0.33 7.00 12.00 25.00 20.00 20.00 12.00 0.00 0.00 0.00 0.00 0.00
186.00 37.00 55.00 111.00 194.00 56.00 83.00 0.08 0.97 1.00 3.00 0.33 7.00 12.00 30.00 25.00 25.00 12.00 1.00 0.00 0.00 0.00 0.00
187.00 35.00 49.00 102.00 173.00 53.00 71.00 0.08 0.86 2.00 4.00 0.50 5.00 13.00 30.00 22.00 18.00 17.00 0.00 1.00 0.00 0.00 0.00
188.00 35.00 43.00 103.00 186.00 60.00 83.00 0.09 1.13 2.00 4.00 0.50 5.00 15.00 30.00 20.00 23.00 12.00 0.00 0.00 1.00 0.00 0.00
189.00 37.00 47.00 102.00 185.00 55.00 83.00 0.09 0.98 1.00 3.00 0.33 7.00 12.00 30.00 25.00 20.00 17.00 0.00 0.00 0.00 0.00 0.00
190.00 33.00 54.00 98.00 166.00 44.00 68.00 0.09 0.68 1.00 3.00 0.33 10.00 15.00 23.00 18.00 24.00 9.00 0.00 0.00 0.00 0.00 0.00
191.00 35.00 54.00 112.00 184.00 58.00 72.00 0.08 0.81 1.00 3.00 0.33 10.00 16.00 25.00 19.00 21.00 14.00 0.00 0.00 0.00 0.00 0.00
192.00 33.00 50.00 100.00 173.00 50.00 73.00 0.08 0.74 1.00 3.00 0.33 7.00 13.00 26.00 20.00 21.00 12.00 0.00 0.00 0.00 1.00 0.00
193.00 34.00 52.00 106.00 173.00 54.00 67.00 0.09 0.81 1.00 4.00 0.25 9.00 12.00 25.00 22.00 17.00 17.00 0.00 0.00 0.00 0.00 0.00
194.00 31.00 50.00 92.00 153.00 42.00 61.00 0.07 0.77 1.00 3.00 0.33 4.00 12.00 27.00 19.00 18.00 13.00 0.00 0.00 1.00 0.00 0.00
195.00 27.00 27.00 71.00 140.00 44.00 69.00 0.08 0.79 1.00 3.00 0.33 5.00 11.00 22.00 16.00 16.00 11.00 0.00 0.00 0.00 0.00 0.00
196.00 30.00 34.00 86.00 157.00 52.00 71.00 0.08 0.84 0.00 2.00 0.00 6.00 8.00 24.00 22.00 16.00 14.00 0.00 0.00 0.00 0.00 0.00
197.00 24.00 21.00 61.00 124.00 40.00 63.00 0.10 0.68 1.00 2.00 0.50 5.00 11.00 19.00 13.00 19.00 5.00 0.00 0.00 1.00 0.00 0.00
198.00 35.00 40.00 86.00 168.00 46.00 82.00 0.08 0.95 1.00 2.00 0.50 11.00 19.00 24.00 16.00 25.00 10.00 0.00 0.00 0.00 0.00 0.00
199.00 20.00 24.00 54.00 105.00 30.00 51.00 0.09 0.56 0.00 2.00 0.00 3.00 9.00 17.00 11.00 12.00 8.00 0.00 0.00 0.00 0.00 0.00
200.00 25.00 38.00 73.00 125.00 35.00 52.00 0.08 0.67 1.00 2.00 0.50 5.00 11.00 20.00 14.00 18.00 7.00 0.00 0.00 1.00 0.00 0.00
201.00 18.00 17.00 49.00 91.00 32.00 42.00 0.08 0.45 1.00 2.00 0.50 3.00 8.00 15.00 10.00 10.00 8.00 0.00 0.00 1.00 0.00 0.00
202.00 25.00 24.00 72.00 133.00 48.00 61.00 0.09 0.73 1.00 2.00 0.50 3.00 9.00 22.00 16.00 13.00 12.00 0.00 0.00 0.00 0.00 0.00
203.00 21.00 27.00 62.00 105.00 35.00 43.00 0.09 0.62 1.00 2.00 0.50 7.00 12.00 14.00 9.00 16.00 5.00 0.00 0.00 1.00 0.00 0.00
204.00 15.00 8.00 34.00 77.00 26.00 43.00 0.08 0.71 0.00 2.00 0.00 5.00 6.00 10.00 9.00 9.00 6.00 0.00 0.00 0.00 0.00 0.00
205.00 25.00 30.00 64.00 117.00 34.00 53.00 0.08 0.79 1.00 2.00 0.50 6.00 12.00 19.00 13.00 17.00 8.00 0.00 0.00 0.00 0.00 0.00
206.00 25.00 32.00 67.00 132.00 35.00 65.00 0.08 0.71 1.00 3.00 0.33 6.00 12.00 19.00 13.00 14.00 11.00 0.00 0.00 0.00 0.00 0.00
207.00 29.00 39.00 84.00 147.00 45.00 63.00 0.09 0.70 1.00 3.00 0.33 8.00 12.00 21.00 17.00 17.00 12.00 0.00 0.00 0.00 0.00 0.00
208.00 29.00 39.00 91.00 158.00 52.00 67.00 0.08 0.82 1.00 2.00 0.50 6.00 11.00 23.00 18.00 16.00 13.00 0.00 0.00 0.00 0.00 0.00
209.00 28.00 40.00 84.00 150.00 44.00 66.00 0.08 0.83 1.00 1.00 1.00 5.00 10.00 23.00 18.00 18.00 10.00 0.00 0.00 0.00 0.00 0.00
210.00 27.00 32.00 81.00 138.00 49.00 57.00 0.08 0.83 0.00 2.00 0.00 7.00 14.00 20.00 13.00 20.00 7.00 0.00 0.00 0.00 0.00 0.00
211.00 32.00 38.00 94.00 166.00 56.00 72.00 0.08 1.06 1.00 1.00 1.00 5.00 12.00 27.00 20.00 22.00 10.00 0.00 0.00 2.00 1.00 0.00
212.00 29.00 24.00 68.00 141.00 44.00 73.00 0.09 1.03 1.00 1.00 1.00 9.00 15.00 20.00 14.00 22.00 7.00 0.00 0.00 2.00 0.00 0.00
213.00 27.00 36.00 79.00 143.00 43.00 64.00 0.08 0.78 1.00 1.00 1.00 5.00 9.00 22.00 18.00 15.00 12.00 0.00 0.00 1.00 0.00 0.00
214.00 29.00 41.00 83.00 148.00 42.00 65.00 0.06 1.00 1.00 2.00 0.50 9.00 14.00 20.00 15.00 21.00 8.00 0.00 0.00 1.00 0.00 0.00
215.00 28.00 31.00 72.00 138.00 41.00 66.00 0.08 0.86 1.00 1.00 1.00 10.00 16.00 18.00 12.00 21.00 7.00 0.00 0.00 1.00 0.00 0.00
216.00 25.00 30.00 68.00 130.00 38.00 62.00 0.07 0.87 1.00 0.00 0.00 8.00 12.00 17.00 13.00 15.00 10.00 0.00 0.00 0.00 0.00 0.00
217.00 22.00 24.00 56.00 115.00 32.00 59.00 0.07 0.72 1.00 1.00 1.00 5.00 10.00 17.00 12.00 13.00 9.00 0.00 0.00 0.00 0.00 0.00
218.00 25.00 24.00 67.00 125.00 43.00 58.00 0.08 0.97 1.00 0.00 0.00 5.00 12.00 20.00 13.00 16.00 9.00 0.00 0.00 0.00 0.00 0.00
219.00 22.00 27.00 63.00 112.00 36.00 49.00 0.09 0.58 1.00 1.00 1.00 7.00 11.00 15.00 11.00 14.00 8.00 0.00 0.00 0.00 0.00 0.00
220.00 17.00 15.00 43.00 84.00 28.00 41.00 0.09 0.59 1.00 1.00 1.00 4.00 10.00 13.00 7.00 12.00 5.00 0.00 0.00 0.00 0.00 0.00
221.00 18.00 22.00 49.00 92.00 27.00 43.00 0.08 0.67 1.00 1.00 1.00 6.00 9.00 12.00 9.00 15.00 3.00 0.00 0.00 0.00 0.00 0.00
222.00 14.00 9.00 31.00 76.00 22.00 45.00 0.07 0.46 1.00 1.00 1.00 3.00 8.00 11.00 6.00 11.00 3.00 0.00 0.00 0.00 0.00 0.00
223.00 9.00 1.00 9.00 34.00 8.00 25.00 0.10 0.79 0.00 0.00 0.00 4.00 8.00 5.00 1.00 8.00 1.00 0.00 0.00 0.00 0.00 0.00
224.00 20.00 16.00 43.00 92.00 27.00 49.00 0.09 0.73 0.00 0.00 0.00 8.00 12.00 12.00 8.00 17.00 3.00 0.00 0.00 0.00 0.00 0.00
225.00 12.00 5.00 20.00 55.00 15.00 35.00 0.10 0.51 0.00 0.00 0.00 4.00 10.00 8.00 2.00 10.00 2.00 0.00 0.00 0.00 0.00 0.00
226.00 8.00 1.00 10.00 33.00 9.00 23.00 0.09 0.65 0.00 0.00 0.00 5.00 5.00 3.00 3.00 7.00 1.00 0.00 0.00 0.00 0.00 0.00
227.00 5.00 1.00 7.00 23.00 6.00 16.00 0.07 0.29 0.00 0.00 0.00 1.00 3.00 4.00 2.00 4.00 1.00 0.00 0.00 0.00 0.00 0.00
228.00 4.00 0.00 3.00 16.00 3.00 13.00 0.09 0.29 0.00 0.00 0.00 1.00 3.00 3.00 1.00 4.00 0.00 0.00 0.00 0.00 0.00 0.00
229.00 4.00 0.00 1.00 11.00 1.00 10.00 0.10 5.26 0.00 0.00 0.00 0.00 4.00 4.00 0.00 4.00 0.00 0.00 0.00 0.00 0.00 0.00
230.00 10.00 8.00 23.00 50.00 15.00 27.00 0.10 0.50 0.00 0.00 0.00 2.00 5.00 8.00 5.00 6.00 4.00 0.00 0.00 0.00 0.00 0.00
231.00 9.00 3.00 13.00 36.00 10.00 23.00 0.08 0.51 0.00 0.00 0.00 2.00 6.00 7.00 3.00 8.00 1.00 0.00 0.00 0.00 0.00 0.00
232.00 2.00 0.00 0.00 2.00 0.00 2.00 0.09 0.12 0.00 0.00 0.00 2.00 2.00 0.00 0.00 2.00 0.00 0.00 0.00 0.00 0.00 0.00
