0.00 2.00 0.00 0.00 2.00 0.00 2.00 0.09 0.25 0.00 0.00 0.00 2.00 2.00 0.00 0.00 2.00 0.00 0.00 0.00 0.00 0.00 0.00
1.00 3.00 0.00 1.00 8.00 1.00 7.00 0.08 0.12 0.00 0.00 0.00 2.00 3.00 1.00 0.00 3.00 0.00 0.00 0.00 0.00 0.00 0.00
2.00 6.00 3.00 10.00 26.00 7.00 16.00 0.08 0.24 0.00 0.00 0.00 3.00 4.00 3.00 2.00 5.00 1.00 0.00 0.00 0.00 0.00 0.00
3.00 5.00 1.00 6.00 18.00 5.00 12.00 0.09 0.29 0.00 0.00 0.00 1.00 3.00 4.00 2.00 4.00 1.00 0.00 0.00 0.00 0.00 0.00
4.00 6.00 2.00 9.00 25.00 7.00 16.00 0.09 0.25 0.00 0.00 0.00 4.00 5.00 2.00 1.00 5.00 1.00 0.00 0.00 0.00 0.00 0.00
5.00 7.00 1.00 9.00 24.00 8.00 15.00 0.08 0.23 0.00 0.00 0.00 2.00 5.00 5.00 2.00 7.00 0.00 0.00 0.00 0.00 0.00 0.00
6.00 3.00 0.00 0.00 2.00 0.00 2.00 0.07 0.15 0.00 0.00 0.00 2.00 3.00 1.00 0.00 3.00 0.00 0.00 0.00 0.00 0.00 0.00
7.00 8.00 4.00 13.00 35.00 9.00 22.00 0.10 0.31 0.00 0.00 0.00 4.00 5.00 4.00 3.00 7.00 1.00 0.00 0.00 0.00 0.00 0.00
8.00 9.00 6.00 19.00 44.00 13.00 25.00 0.08 0.33 0.00 0.00 0.00 3.00 6.00 6.00 3.00 8.00 1.00 0.00 0.00 0.00 0.00 0.00
9.00 7.00 0.00 3.00 23.00 3.00 20.00 0.09 0.50 0.00 0.00 0.00 3.00 6.00 4.00 1.00 7.00 0.00 0.00 0.00 0.00 0.00 0.00
10.00 7.00 2.00 10.00 28.00 8.00 18.00 0.09 0.40 0.00 0.00 0.00 4.00 6.00 3.00 1.00 6.00 1.00 0.00 0.00 1.00 0.00 0.00
11.00 6.00 0.00 8.00 28.00 8.00 20.00 0.09 0.30 0.00 0.00 0.00 2.00 3.00 4.00 3.00 5.00 1.00 0.00 0.00 0.00 0.00 0.00
12.00 5.00 0.00 1.00 15.00 1.00 14.00 0.09 0.48 0.00 0.00 0.00 3.00 4.00 2.00 1.00 5.00 0.00 0.00 0.00 0.00 0.00 0.00
13.00 10.00 8.00 22.00 48.00 14.00 26.00 0.09 0.45 0.00 0.00 0.00 6.00 7.00 4.00 3.00 9.00 1.00 0.00 0.00 0.00 0.00 0.00
14.00 10.00 7.00 19.00 46.00 12.00 27.00 0.08 0.42 0.00 0.00 0.00 2.00 3.00 8.00 7.00 6.00 4.00 0.00 0.00 0.00 0.00 0.00
15.00 5.00 2.00 8.00 19.00 6.00 11.00 0.07 0.18 0.00 0.00 0.00 1.00 4.00 4.00 1.00 5.00 0.00 0.00 0.00 0.00 0.00 0.00
16.00 11.00 10.00 23.00 50.00 13.00 27.00 0.09 0.48 0.00 0.00 0.00 3.00 6.00 8.00 5.00 8.00 3.00 0.00 0.00 0.00 0.00 0.00
17.00 6.00 2.00 8.00 22.00 6.00 14.00 0.07 0.26 0.00 0.00 0.00 4.00 5.00 2.00 1.00 5.00 1.00 0.00 0.00 0.00 0.00 0.00
18.00 11.00 6.00 20.00 46.00 14.00 26.00 0.08 0.35 0.00 1.00 0.00 4.00 8.00 7.00 3.00 8.00 3.00 0.00 0.00 0.00 0.00 0.00
19.00 11.00 10.00 26.00 54.00 16.00 28.00 0.08 0.44 0.00 0.00 0.00 2.00 6.00 9.00 5.00 7.00 4.00 0.00 0.00 0.00 0.00 0.00
20.00 7.00 3.00 9.00 31.00 6.00 22.00 0.08 0.28 0.00 0.00 0.00 2.00 4.00 5.00 3.00 6.00 1.00 0.00 0.00 0.00 0.00 0.00
21.00 11.00 7.00 24.00 48.00 17.00 24.00 0.09 0.47 0.00 0.00 0.00 3.00 8.00 8.00 3.00 11.00 0.00 0.00 0.00 0.00 0.00 0.00
22.00 9.00 6.00 18.00 40.00 12.00 22.00 0.09 0.31 0.00 0.00 0.00 3.00 3.00 6.00 6.00 6.00 3.00 0.00 0.00 0.00 0.00 0.00
23.00 9.00 5.00 19.00 43.00 14.00 24.00 0.08 0.25 0.00 1.00 0.00 1.00 5.00 8.00 4.00 6.00 3.00 0.00 0.00 0.00 0.00 0.00
24.00 3.00 0.00 1.00 2.00 1.00 1.00 0.08 0.13 0.00 0.00 0.00 2.00 3.00 1.00 0.00 3.00 0.00 0.00 0.00 0.00 0.00 0.00
25.00 8.00 4.00 16.00 37.00 12.00 21.00 0.09 0.28 0.00 1.00 0.00 4.00 4.00 4.00 4.00 5.00 3.00 0.00 0.00 0.00 0.00 0.00
26.00 8.00 4.00 14.00 36.00 10.00 22.00 0.07 0.43 0.00 0.00 0.00 2.00 4.00 6.00 4.00 6.00 2.00 0.00 0.00 0.00 0.00 0.00
27.00 16.00 17.00 43.00 77.00 26.00 34.00 0.09 0.58 0.00 1.00 0.00 4.00 8.00 12.00 8.00 9.00 7.00 0.00 0.00 0.00 0.00 0.00
28.00 9.00 7.00 18.00 42.00 11.00 24.00 0.09 0.27 0.00 1.00 0.00 2.00 6.00 7.00 3.00 8.00 1.00 0.00 0.00 0.00 0.00 0.00
29.00 12.00 8.00 25.00 50.00 17.00 25.00 0.09 0.65 0.00 0.00 0.00 4.00 7.00 8.00 5.00 10.00 2.00 0.00 0.00 0.00 0.00 0.00
30.00 9.00 4.00 18.00 41.00 14.00 23.00 0.09 0.53 0.00 1.00 0.00 2.00 5.00 7.00 4.00 9.00 0.00 0.00 0.00 0.00 0.00 0.00
31.00 10.00 7.00 23.00 50.00 16.00 27.00 0.11 0.33 0.00 0.00 0.00 1.00 3.00 9.00 7.00 5.00 5.00 0.00 0.00 0.00 0.00 0.00
32.00 11.00 6.00 20.00 50.00 14.00 30.00 0.08 0.60 0.00 0.00 0.00 5.00 7.00 6.00 4.00 8.00 3.00 0.00 0.00 0.00 0.00 0.00
33.00 9.00 4.00 15.00 42.00 11.00 27.00 0.09 0.48 0.00 0.00 0.00 2.00 5.00 7.00 4.00 7.00 2.00 0.00 0.00 0.00 0.00 0.00
34.00 12.00 6.00 23.00 54.00 17.00 31.00 0.10 0.55 0.00 0.00 0.00 5.00 8.00 7.00 4.00 9.00 3.00 0.00 0.00 0.00 0.00 0.00
35.00 10.00 7.00 21.00 48.00 14.00 27.00 0.07 0.35 0.00 0.00 0.00 2.00 4.00 8.00 6.00 6.00 4.00 0.00 0.00 0.00 0.00 0.00
36.00 8.00 6.00 16.00 36.00 10.00 20.00 0.07 0.20 0.00 0.00 0.00 1.00 5.00 7.00 3.00 7.00 1.00 0.00 0.00 1.00 0.00 0.00
37.00 9.00 7.00 19.00 44.00 12.00 25.00 0.08 0.36 0.00 0.00 0.00 4.00 7.00 5.00 2.00 8.00 1.00 0.00 0.00 0.00 0.00 0.00
38.00 10.00 6.00 22.00 49.00 16.00 27.00 0.09 0.41 0.00 0.00 0.00 4.00 6.00 6.00 4.00 9.00 1.00 0.00 0.00 0.00 0.00 0.00
39.00 12.00 10.00 27.00 56.00 17.00 29.00 0.07 0.45 0.00 0.00 0.00 5.00 8.00 7.00 4.00 9.00 3.00 0.00 0.00 0.00 0.00 0.00
40.00 9.00 3.00 17.00 39.00 14.00 22.00 0.10 0.42 0.00 0.00 0.00 4.00 4.00 5.00 5.00 6.00 3.00 0.00 0.00 0.00 0.00 0.00
41.00 13.00 6.00 30.00 64.00 24.00 34.00 0.08 0.60 0.00 1.00 0.00 5.00 7.00 8.00 6.00 9.00 4.00 0.00 0.00 0.00 0.00 0.00
42.00 15.00 9.00 34.00 72.00 25.00 38.00 0.09 0.65 0.00 1.00 0.00 7.00 7.00 8.00 8.00 11.00 4.00 0.00 0.00 0.00 0.00 0.00
43.00 20.00 23.00 54.00 96.00 31.00 42.00 0.07 0.55 0.00 1.00 0.00 9.00 11.00 11.00 9.00 13.00 7.00 0.00 0.00 0.00 1.00 0.00
44.00 18.00 23.00 51.00 92.00 28.00 41.00 0.10 0.59 0.00 2.00 0.00 3.00 10.00 15.00 8.00 13.00 5.00 0.00 0.00 0.00 0.00 0.00
45.00 18.00 17.00 43.00 89.00 26.00 46.00 0.09 0.94 0.00 1.00 0.00 7.00 11.00 11.00 7.00 12.00 6.00 0.00 0.00 1.00 0.00 0.00
46.00 23.00 25.00 60.00 114.00 35.00 54.00 0.09 1.02 0.00 1.00 0.00 4.00 13.00 19.00 10.00 17.00 6.00 0.00 0.00 0.00 1.00 0.00
47.00 19.00 17.00 53.00 95.00 36.00 42.00 0.08 0.72 0.00 0.00 0.00 3.00 11.00 16.00 8.00 16.00 3.00 0.00 0.00 0.00 0.00 0.00
48.00 22.00 17.00 44.00 94.00 27.00 50.00 0.08 1.11 0.00 0.00 0.00 5.00 13.00 17.00 9.00 13.00 9.00 0.00 0.00 0.00 0.00 0.00
49.00 26.00 32.00 72.00 128.00 40.00 56.00 0.09 1.10 1.00 2.00 0.50 8.00 12.00 18.00 14.00 18.00 8.00 0.00 0.00 0.00 0.00 0.00
50.00 24.00 20.00 59.00 114.00 39.00 55.00 0.08 0.96 0.00 2.00 0.00 7.00 14.00 17.00 10.00 18.00 6.00 0.00 0.00 0.00 1.00 0.00
51.00 16.00 17.00 43.00 78.00 26.00 35.00 0.08 0.61 0.00 2.00 0.00 5.00 7.00 11.00 9.00 11.00 5.00 0.00 0.00 0.00 0.00 0.00
52.00 22.00 27.00 59.00 110.00 32.00 51.00 0.08 0.76 1.00 1.00 1.00 3.00 8.00 19.00 14.00 15.00 7.00 0.00 0.00 0.00 0.00 0.00
53.00 25.00 23.00 62.00 120.00 39.00 58.00 0.08 0.85 0.00 2.00 0.00 12.00 14.00 13.00 11.00 16.00 9.00 0.00 0.00 0.00 0.00 0.00
54.00 21.00 21.00 55.00 107.00 34.00 52.00 0.07 0.87 1.00 2.00 0.50 5.00 10.00 16.00 11.00 13.00 8.00 0.00 0.00 1.00 0.00 0.00
55.00 28.00 41.00 76.00 137.00 35.00 61.00 0.09 0.87 1.00 2.00 0.50 8.00 12.00 20.00 16.00 17.00 11.00 0.00 0.00 0.00 0.00 0.00
56.00 27.00 38.00 78.00 139.00 40.00 61.00 0.09 0.87 1.00 2.00 0.50 8.00 13.00 19.00 14.00 16.00 11.00 0.00 0.00 0.00 0.00 0.00
57.00 23.00 20.00 61.00 112.00 41.00 51.00 0.07 0.81 1.00 2.00 0.50 4.00 10.00 19.00 13.00 17.00 6.00 0.00 0.00 0.00 0.00 0.00
58.00 24.00 28.00 66.00 123.00 38.00 57.00 0.07 1.02 1.00 2.00 0.50 2.00 7.00 22.00 17.00 16.00 8.00 0.00 0.00 0.00 0.00 0.00
59.00 20.00 28.00 54.00 103.00 26.00 49.00 0.08 0.50 1.00 0.00 0.00 5.00 13.00 15.00 7.00 14.00 6.00 0.00 0.00 0.00 0.00 0.00
60.00 23.00 23.00 56.00 112.00 33.00 56.00 0.08 1.07 1.00 1.00 1.00 5.00 12.00 18.00 11.00 15.00 8.00 0.00 0.00 0.00 0.00 0.00
61.00 25.00 18.00 63.00 124.00 45.00 61.00 0.08 0.85 1.00 1.00 1.00 4.00 13.00 21.00 12.00 21.00 4.00 0.00 0.00 0.00 0.00 0.00
62.00 19.00 23.00 55.00 92.00 32.00 37.00 0.10 0.81 1.00 0.00 0.00 9.00 12.00 10.00 7.00 13.00 6.00 0.00 0.00 0.00 0.00 0.00
63.00 22.00 23.00 57.00 107.00 34.00 50.00 0.08 0.96 1.00 1.00 1.00 5.00 9.00 17.00 13.00 18.00 4.00 0.00 0.00 0.00 0.00 0.00
64.00 24.00 14.00 60.00 124.00 46.00 64.00 0.08 1.18 1.00 2.00 0.50 6.00 13.00 18.00 11.00 22.00 2.00 0.00 0.00 0.00 0.00 0.00
65.00 28.00 37.00 74.00 141.00 37.00 67.00 0.08 0.97 1.00 2.00 0.50 9.00 16.00 19.00 12.00 18.00 10.00 0.00 0.00 0.00 0.00 0.00
66.00 27.00 28.00 72.00 138.00 44.00 66.00 0.08 0.96 1.00 2.00 0.50 8.00 13.00 19.00 14.00 16.00 11.00 0.00 0.00 0.00 0.00 0.00
67.00 27.00 30.00 68.00 137.00 38.00 69.00 0.08 1.00 1.00 2.00 0.50 6.00 12.00 21.00 15.00 20.00 7.00 0.00 0.00 0.00 0.00 0.00
68.00 36.00 35.00 87.00 155.00 52.00 68.00 0.08 1.53 2.00 2.00 1.00 8.00 16.00 28.00 20.00 27.00 9.00 0.00 0.00 0.00 0.00 0.00
69.00 31.00 38.00 84.00 156.00 46.00 72.00 0.10 1.19 1.00 2.00 0.50 7.00 10.00 24.00 21.00 17.00 14.00 0.00 0.00 1.00 0.00 0.00
70.00 33.00 48.00 104.00 171.00 56.00 67.00 0.07 1.07 0.00 2.00 0.00 9.00 15.00 24.00 18.00 19.00 14.00 0.00 0.00 0.00 0.00 0.00
71.00 30.00 36.00 88.00 163.00 52.00 75.00 0.08 1.00 1.00 2.00 0.50 6.00 9.00 24.00 21.00 17.00 13.00 0.00 0.00 2.00 1.00 0.00
72.00 35.00 49.00 100.00 176.00 51.00 76.00 0.09 1.32 2.00 2.00 1.00 6.00 14.00 29.00 21.00 20.00 15.00 0.00 0.00 1.00 0.00 0.00
73.00 36.00 42.00 90.00 181.00 48.00 91.00 0.08 1.22 1.00 2.00 0.50 10.00 16.00 26.00 20.00 17.00 19.00 0.00 0.00 0.00 0.00 0.00
74.00 36.00 47.00 100.00 183.00 53.00 83.00 0.08 1.27 1.00 2.00 0.50 7.00 14.00 29.00 22.00 21.00 15.00 0.00 0.00 1.00 0.00 0.00
75.00 33.00 42.00 97.00 171.00 55.00 74.00 0.08 1.64 1.00 2.00 0.50 9.00 16.00 24.00 17.00 22.00 11.00 0.00 0.00 2.00 0.00 0.00
76.00 34.00 44.00 94.00 168.00 50.00 74.00 0.09 1.29 1.00 2.00 0.50 9.00 14.00 25.00 20.00 20.00 14.00 0.00 0.00 1.00 0.00 0.00
77.00 40.00 50.00 111.00 187.00 61.00 76.00 0.09 1.48 1.00 2.00 0.50 11.00 17.00 29.00 23.00 26.00 14.00 0.00 0.00 1.00 0.00 0.00
78.00 32.00 34.00 83.00 155.00 49.00 72.00 0.07 1.55 1.00 3.00 0.33 7.00 14.00 25.00 18.00 19.00 13.00 0.00 0.00 2.00 0.00 0.00
79.00 32.00 48.00 95.00 167.00 47.00 72.00 0.08 1.06 0.00 3.00 0.00 7.00 15.00 25.00 17.00 20.00 12.00 0.00 0.00 1.00 0.00 0.00
80.00 32.00 40.00 100.00 162.00 60.00 62.00 0.09 1.00 0.00 3.00 0.00 7.00 13.00 25.00 19.00 18.00 14.00 0.00 0.00 1.00 0.00 0.00
81.00 46.00 61.00 116.00 237.00 55.00 121.00 0.08 1.58 0.00 3.00 0.00 11.00 25.00 35.00 21.00 28.00 18.00 0.00 0.00 0.00 0.00 0.00
82.00 40.00 55.00 113.00 199.00 58.00 86.00 0.08 1.70 0.00 3.00 0.00 10.00 20.00 30.00 20.00 26.00 14.00 0.00 0.00 0.00 0.00 0.00
83.00 40.00 43.00 110.00 200.00 67.00 90.00 0.08 1.59 0.00 3.00 0.00 15.00 23.00 25.00 17.00 29.00 11.00 0.00 0.00 1.00 0.00 0.00
84.00 37.00 51.00 102.00 187.00 51.00 85.00 0.08 1.41 0.00 3.00 0.00 11.00 20.00 26.00 17.00 24.00 13.00 0.00 0.00 1.00 0.00 0.00
85.00 36.00 47.00 105.00 188.00 58.00 83.00 0.09 1.22 0.00 3.00 0.00 6.00 15.00 30.00 21.00 22.00 14.00 0.00 0.00 1.00 0.00 0.00
86.00 27.00 36.00 79.00 141.00 43.00 62.00 0.09 0.87 0.00 4.00 0.00 7.00 10.00 20.00 17.00 14.00 13.00 0.00 0.00 0.00 1.00 0.00
87.00 35.00 46.00 101.00 174.00 55.00 73.00 0.09 1.12 0.00 2.00 0.00 11.00 15.00 24.00 20.00 21.00 14.00 0.00 0.00 1.00 1.00 0.00
88.00 31.00 41.00 90.00 158.00 49.00 68.00 0.06 1.07 0.00 2.00 0.00 6.00 15.00 25.00 16.00 25.00 6.00 0.00 0.00 0.00 1.00 0.00
89.00 36.00 44.00 100.00 176.00 56.00 76.00 0.07 1.09 1.00 2.00 0.50 9.00 14.00 27.00 22.00 20.00 16.00 0.00 0.00 1.00 1.00 0.00
90.00 35.00 44.00 107.00 182.00 63.00 75.00 0.07 1.63 1.00 1.00 1.00 7.00 14.00 28.00 21.00 20.00 15.00 0.00 0.00 2.00 2.00 0.00
91.00 34.00 44.00 93.00 160.00 49.00 67.00 0.08 1.10 1.00 1.00 1.00 10.00 14.00 24.00 20.00 24.00 10.00 0.00 0.00 1.00 0.00 0.00
92.00 34.00 45.00 98.00 164.00 53.00 66.00 0.09 1.25 0.00 3.00 0.00 6.00 16.00 28.00 18.00 22.00 12.00 0.00 0.00 1.00 0.00 0.00
93.00 24.00 27.00 67.00 124.00 40.00 57.00 0.09 1.20 0.00 1.00 0.00 6.00 11.00 18.00 13.00 13.00 11.00 0.00 0.00 0.00 0.00 0.00
94.00 25.00 19.00 61.00 121.00 42.00 60.00 0.09 1.19 0.00 1.00 0.00 10.00 13.00 15.00 12.00 17.00 8.00 0.00 0.00 1.00 0.00 0.00
95.00 30.00 38.00 87.00 150.00 49.00 63.00 0.08 1.53 0.00 2.00 0.00 10.00 13.00 20.00 17.00 20.00 10.00 0.00 0.00 1.00 1.00 0.00
96.00 26.00 31.00 72.00 134.00 41.00 62.00 0.08 1.20 0.00 2.00 0.00 6.00 10.00 20.00 16.00 17.00 9.00 0.00 0.00 1.00 1.00 0.00
97.00 29.00 40.00 83.00 139.00 43.00 56.00 0.07 1.12 0.00 1.00 0.00 6.00 16.00 23.00 13.00 18.00 11.00 0.00 0.00 1.00 1.00 0.00
98.00 29.00 34.00 85.00 146.00 51.00 61.00 0.07 1.37 0.00 1.00 0.00 5.00 17.00 24.00 12.00 20.00 9.00 0.00 0.00 0.00 1.00 0.00
99.00 33.00 34.00 87.00 169.00 53.00 82.00 0.08 1.13 0.00 1.00 0.00 10.00 14.00 23.00 19.00 18.00 15.00 0.00 0.00 0.00 0.00 0.00
100.00 25.00 21.00 61.00 126.00 40.00 65.00 0.08 0.92 1.00 1.00 1.00 7.00 14.00 18.00 11.00 18.00 7.00 0.00 1.00 0.00 0.00 0.00
101.00 26.00 27.00 65.00 129.00 38.00 64.00 0.08 1.05 0.00 1.00 0.00 6.00 12.00 20.00 14.00 14.00 12.00 0.00 0.00 0.00 0.00 0.00
102.00 29.00 25.00 72.00 132.00 47.00 60.00 0.07 1.44 0.00 1.00 0.00 9.00 13.00 20.00 16.00 20.00 9.00 0.00 0.00 1.00 0.00 0.00
103.00 18.00 12.00 47.00 92.00 35.00 45.00 0.08 0.58 1.00 1.00 1.00 5.00 7.00 13.00 11.00 11.00 7.00 0.00 0.00 1.00 0.00 0.00
104.00 24.00 27.00 64.00 128.00 37.00 64.00 0.07 0.93 1.00 0.00 0.00 5.00 16.00 19.00 8.00 20.00 4.00 0.00 0.00 0.00 0.00 0.00
105.00 18.00 16.00 47.00 86.00 31.00 39.00 0.08 0.52 0.00 0.00 0.00 5.00 9.00 13.00 9.00 15.00 3.00 0.00 0.00 0.00 0.00 0.00
106.00 29.00 28.00 73.00 134.00 45.00 61.00 0.09 1.06 0.00 1.00 0.00 9.00 16.00 20.00 13.00 22.00 7.00 0.00 0.00 0.00 0.00 0.00
107.00 24.00 25.00 61.00 120.00 36.00 59.00 0.07 0.93 0.00 1.00 0.00 6.00 15.00 18.00 9.00 19.00 5.00 0.00 0.00 0.00 0.00 0.00
108.00 18.00 14.00 46.00 94.00 32.00 48.00 0.09 0.65 0.00 1.00 0.00 5.00 11.00 13.00 7.00 14.00 4.00 0.00 0.00 0.00 0.00 0.00
109.00 19.00 14.00 42.00 96.00 28.00 54.00 0.10 0.72 0.00 2.00 0.00 8.00 13.00 11.00 6.00 15.00 4.00 0.00 0.00 0.00 0.00 0.00
110.00 20.00 21.00 53.00 93.00 32.00 40.00 0.09 0.89 0.00 1.00 0.00 4.00 8.00 16.00 12.00 12.00 8.00 0.00 0.00 0.00 0.00 0.00
111.00 22.00 28.00 62.00 113.00 34.00 51.00 0.07 0.55 0.00 1.00 0.00 4.00 10.00 18.00 12.00 13.00 9.00 0.00 0.00 0.00 0.00 0.00
112.00 24.00 26.00 63.00 119.00 37.00 56.00 0.08 0.86 0.00 2.00 0.00 5.00 13.00 19.00 11.00 15.00 9.00 0.00 0.00 0.00 0.00 0.00
113.00 17.00 20.00 42.00 80.00 22.00 38.00 0.09 0.50 0.00 1.00 0.00 6.00 10.00 11.00 7.00 11.00 6.00 0.00 0.00 0.00 0.00 0.00
114.00 15.00 12.00 37.00 72.00 25.00 35.00 0.10 0.43 0.00 0.00 0.00 5.00 8.00 10.00 7.00 10.00 5.00 0.00 0.00 0.00 1.00 0.00
115.00 15.00 11.00 34.00 62.00 23.00 28.00 0.09 0.69 0.00 0.00 0.00 4.00 7.00 11.00 8.00 9.00 6.00 0.00 0.00 0.00 0.00 0.00
116.00 17.00 11.00 36.00 85.00 25.00 49.00 0.07 0.58 0.00 0.00 0.00 7.00 8.00 10.00 9.00 10.00 7.00 0.00 0.00 1.00 0.00 0.00
117.00 14.00 6.00 19.00 61.00 13.00 42.00 0.10 0.71 0.00 0.00 0.00 4.00 10.00 10.00 4.00 14.00 0.00 0.00 0.00 0.00 0.00 0.00
118.00 10.00 4.00 15.00 43.00 11.00 28.00 0.09 0.34 0.00 1.00 0.00 3.00 6.00 7.00 4.00 6.00 4.00 0.00 0.00 0.00 0.00 0.00
119.00 15.00 10.00 33.00 72.00 23.00 39.00 0.08 0.53 0.00 1.00 0.00 3.00 9.00 12.00 6.00 10.00 5.00 0.00 0.00 0.00 0.00 0.00
120.00 11.00 10.00 27.00 54.00 17.00 27.00 0.08 0.38 0.00 1.00 0.00 2.00 5.00 9.00 6.00 7.00 4.00 0.00 0.00 0.00 0.00 0.00
121.00 15.00 3.00 30.00 72.00 27.00 42.00 0.09 0.52 0.00 2.00 0.00 6.00 8.00 9.00 7.00 11.00 4.00 0.00 0.00 0.00 0.00 0.00
122.00 17.00 10.00 33.00 70.00 23.00 37.00 0.09 0.60 0.00 1.00 0.00 8.00 12.00 9.00 5.00 16.00 1.00 0.00 0.00 0.00 0.00 0.00
123.00 20.00 19.00 51.00 92.00 32.00 41.00 0.09 0.70 0.00 1.00 0.00 4.00 8.00 16.00 12.00 11.00 9.00 0.00 0.00 0.00 0.00 0.00
124.00 18.00 12.00 40.00 86.00 28.00 46.00 0.08 1.10 0.00 1.00 0.00 5.00 9.00 13.00 9.00 15.00 3.00 0.00 0.00 0.00 0.00 0.00
125.00 19.00 16.00 45.00 91.00 29.00 46.00 0.08 0.67 0.00 1.00 0.00 10.00 13.00 9.00 6.00 14.00 5.00 0.00 0.00 0.00 0.00 0.00
126.00 17.00 10.00 34.00 85.00 24.00 51.00 0.09 0.75 0.00 2.00 0.00 4.00 8.00 13.00 9.00 11.00 6.00 0.00 0.00 0.00 0.00 0.00
127.00 18.00 18.00 41.00 82.00 23.00 41.00 0.09 0.59 0.00 0.00 0.00 7.00 13.00 11.00 5.00 16.00 2.00 0.00 0.00 0.00 0.00 0.00
128.00 19.00 20.00 48.00 99.00 28.00 51.00 0.09 0.63 0.00 1.00 0.00 6.00 8.00 13.00 11.00 14.00 5.00 0.00 0.00 0.00 0.00 0.00
129.00 19.00 17.00 45.00 90.00 28.00 45.00 0.09 0.67 0.00 1.00 0.00 7.00 13.00 12.00 6.00 16.00 3.00 0.00 0.00 0.00 0.00 0.00
130.00 11.00 3.00 20.00 55.00 17.00 35.00 0.08 0.39 0.00 4.00 0.00 5.00 9.00 6.00 2.00 10.00 1.00 0.00 0.00 0.00 0.00 0.00
131.00 15.00 11.00 37.00 73.00 26.00 36.00 0.09 0.60 0.00 2.00 0.00 5.00 7.00 10.00 8.00 9.00 6.00 0.00 0.00 0.00 0.00 0.00
132.00 19.00 22.00 49.00 92.00 27.00 43.00 0.08 0.76 1.00 1.00 1.00 8.00 12.00 11.00 7.00 14.00 5.00 0.00 0.00 0.00 0.00 0.00
133.00 14.00 11.00 35.00 70.00 24.00 35.00 0.08 0.72 0.00 2.00 0.00 2.00 7.00 12.00 7.00 9.00 5.00 0.00 0.00 0.00 0.00 0.00
134.00 15.00 13.00 39.00 74.00 26.00 35.00 0.09 0.57 0.00 3.00 0.00 3.00 9.00 12.00 6.00 11.00 4.00 0.00 0.00 0.00 0.00 0.00
135.00 11.00 7.00 22.00 56.00 15.00 34.00 0.09 0.55 0.00 1.00 0.00 4.00 7.00 7.00 4.00 9.00 2.00 0.00 0.00 0.00 0.00 0.00
136.00 15.00 12.00 32.00 67.00 20.00 35.00 0.08 0.60 0.00 2.00 0.00 6.00 10.00 9.00 5.00 12.00 3.00 0.00 0.00 0.00 0.00 0.00
137.00 16.00 15.00 40.00 82.00 25.00 42.00 0.10 0.70 0.00 1.00 0.00 3.00 8.00 13.00 8.00 10.00 6.00 0.00 0.00 0.00 0.00 0.00
138.00 21.00 21.00 57.00 105.00 36.00 48.00 0.09 0.73 0.00 1.00 0.00 4.00 12.00 17.00 9.00 14.00 7.00 0.00 0.00 0.00 0.00 0.00
139.00 23.00 24.00 58.00 106.00 34.00 48.00 0.09 0.93 0.00 0.00 0.00 6.00 13.00 17.00 10.00 18.00 5.00 0.00 0.00 0.00 0.00 0.00
140.00 20.00 15.00 50.00 101.00 35.00 51.00 0.08 0.70 0.00 1.00 0.00 3.00 9.00 17.00 11.00 12.00 8.00 0.00 0.00 0.00 0.00 0.00
141.00 18.00 18.00 44.00 84.00 26.00 40.00 0.09 0.65 0.00 1.00 0.00 4.00 9.00 14.00 9.00 12.00 6.00 0.00 0.00 0.00 0.00 0.00
142.00 23.00 23.00 59.00 111.00 36.00 52.00 0.08 1.13 0.00 2.00 0.00 8.00 15.00 15.00 8.00 18.00 5.00 0.00 0.00 0.00 0.00 0.00
143.00 17.00 18.00 43.00 81.00 25.00 38.00 0.07 1.00 0.00 1.00 0.00 3.00 9.00 14.00 8.00 13.00 4.00 0.00 0.00 0.00 0.00 0.00
144.00 23.00 16.00 51.00 113.00 35.00 62.00 0.08 1.10 0.00 1.00 0.00 7.00 14.00 16.00 9.00 16.00 7.00 0.00 0.00 0.00 0.00 0.00
145.00 20.00 21.00 47.00 97.00 26.00 50.00 0.08 1.02 1.00 1.00 1.00 6.00 8.00 14.00 12.00 15.00 5.00 0.00 0.00 0.00 0.00 0.00
146.00 10.00 6.00 18.00 48.00 12.00 30.00 0.08 0.68 0.00 1.00 0.00 4.00 7.00 6.00 3.00 9.00 1.00 0.00 0.00 0.00 0.00 0.00
147.00 15.00 11.00 37.00 74.00 26.00 37.00 0.10 0.92 0.00 2.00 0.00 7.00 10.00 8.00 5.00 11.00 4.00 0.00 0.00 0.00 0.00 0.00
148.00 20.00 23.00 56.00 96.00 33.00 40.00 0.07 0.82 0.00 1.00 0.00 5.00 11.00 15.00 9.00 15.00 5.00 0.00 0.00 0.00 0.00 0.00
149.00 23.00 26.00 56.00 103.00 30.00 47.00 0.08 0.98 0.00 2.00 0.00 8.00 14.00 15.00 9.00 17.00 6.00 0.00 0.00 0.00 0.00 0.00
150.00 25.00 33.00 63.00 121.00 30.00 58.00 0.08 1.04 0.00 3.00 0.00 10.00 15.00 15.00 10.00 21.00 4.00 0.00 0.00 0.00 0.00 0.00
151.00 17.00 21.00 44.00 81.00 23.00 37.00 0.08 0.89 0.00 1.00 0.00 7.00 10.00 10.00 7.00 12.00 5.00 0.00 0.00 0.00 0.00 0.00
152.00 20.00 22.00 50.00 98.00 28.00 48.00 0.10 0.85 0.00 2.00 0.00 7.00 11.00 13.00 9.00 16.00 4.00 0.00 0.00 0.00 0.00 0.00
153.00 12.00 6.00 20.00 60.00 14.00 40.00 0.08 0.67 0.00 1.00 0.00 2.00 6.00 10.00 6.00 10.00 2.00 0.00 0.00 1.00 0.00 0.00
154.00 16.00 12.00 42.00 77.00 30.00 35.00 0.07 0.87 0.00 0.00 0.00 4.00 9.00 12.00 7.00 11.00 5.00 0.00 0.00 0.00 0.00 0.00
155.00 13.00 12.00 33.00 63.00 21.00 30.00 0.08 0.37 0.00 3.00 0.00 3.00 7.00 10.00 6.00 8.00 5.00 0.00 0.00 0.00 0.00 0.00
156.00 15.00 10.00 33.00 75.00 23.00 42.00 0.07 0.80 0.00 3.00 0.00 6.00 9.00 9.00 6.00 11.00 4.00 0.00 0.00 0.00 0.00 0.00
157.00 16.00 18.00 44.00 70.00 26.00 26.00 0.08 0.46 0.00 2.00 0.00 5.00 10.00 11.00 6.00 13.00 3.00 0.00 0.00 0.00 0.00 0.00
158.00 12.00 7.00 25.00 57.00 18.00 32.00 0.07 0.68 0.00 2.00 0.00 4.00 8.00 8.00 4.00 11.00 1.00 0.00 0.00 0.00 0.00 0.00
159.00 18.00 19.00 39.00 80.00 20.00 41.00 0.09 0.73 0.00 1.00 0.00 6.00 12.00 12.00 6.00 14.00 4.00 0.00 0.00 0.00 0.00 0.00
160.00 8.00 5.00 14.00 33.00 9.00 19.00 0.08 0.24 0.00 0.00 0.00 2.00 6.00 6.00 2.00 8.00 0.00 0.00 0.00 0.00 0.00 0.00
161.00 14.00 11.00 27.00 63.00 16.00 36.00 0.11 0.38 0.00 0.00 0.00 4.00 10.00 10.00 4.00 13.00 1.00 0.00 0.00 0.00 1.00 0.00
162.00 19.00 16.00 44.00 89.00 28.00 45.00 0.08 0.61 0.00 1.00 0.00 7.00 12.00 12.00 7.00 14.00 5.00 0.00 0.00 0.00 0.00 0.00
163.00 6.00 0.00 0.00 14.00 0.00 14.00 0.06 0.58 0.00 0.00 0.00 3.00 5.00 3.00 1.00 6.00 0.00 0.00 0.00 0.00 0.00 0.00
164.00 10.00 3.00 17.00 46.00 14.00 29.00 0.07 0.53 0.00 0.00 0.00 4.00 6.00 6.00 4.00 7.00 3.00 0.00 0.00 0.00 0.00 0.00
165.00 7.00 1.00 10.00 31.00 9.00 21.00 0.08 0.26 0.00 0.00 0.00 4.00 5.00 3.00 2.00 7.00 0.00 0.00 0.00 0.00 0.00 0.00
166.00 5.00 0.00 4.00 20.00 4.00 16.00 0.08 0.19 0.00 0.00 0.00 3.00 4.00 2.00 1.00 5.00 0.00 0.00 0.00 0.00 0.00 0.00
167.00 8.00 6.00 17.00 32.00 11.00 15.00 0.09 0.40 0.00 1.00 0.00 1.00 3.00 7.00 5.00 6.00 2.00 0.00 0.00 0.00 0.00 0.00
168.00 11.00 7.00 24.00 47.00 17.00 23.00 0.09 0.33 0.00 1.00 0.00 5.00 7.00 6.00 4.00 9.00 2.00 0.00 0.00 0.00 0.00 0.00
169.00 8.00 3.00 14.00 38.00 11.00 24.00 0.10 0.26 0.00 0.00 0.00 1.00 6.00 7.00 2.00 7.00 1.00 0.00 0.00 0.00 0.00 0.00
170.00 8.00 1.00 10.00 37.00 9.00 27.00 0.08 0.23 0.00 0.00 0.00 5.00 5.00 3.00 3.00 6.00 2.00 0.00 0.00 0.00 0.00 0.00
171.00 9.00 5.00 17.00 40.00 12.00 23.00 0.07 0.41 0.00 0.00 0.00 4.00 5.00 5.00 4.00 7.00 2.00 0.00 0.00 0.00 0.00 0.00
172.00 9.00 3.00 13.00 39.00 10.00 26.00 0.07 0.49 0.00 0.00 0.00 2.00 6.00 7.00 3.00 8.00 1.00 0.00 0.00 0.00 0.00 0.00
173.00 5.00 1.00 5.00 20.00 4.00 15.00 0.09 0.18 0.00 0.00 0.00 3.00 4.00 2.00 1.00 5.00 0.00 0.00 0.00 0.00 0.00 0.00
174.00 10.00 6.00 19.00 46.00 13.00 27.00 0.08 0.29 0.00 0.00 0.00 4.00 6.00 6.00 4.00 9.00 1.00 0.00 0.00 0.00 0.00 0.00
175.00 4.00 0.00 2.00 15.00 2.00 13.00 0.09 0.33 0.00 0.00 0.00 3.00 3.00 1.00 1.00 4.00 0.00 0.00 0.00 0.00 0.00 0.00
176.00 4.00 0.00 3.00 14.00 3.00 11.00 0.08 0.16 0.00 0.00 0.00 3.00 3.00 1.00 1.00 4.00 0.00 0.00 0.00 0.00 0.00 0.00
177.00 3.00 0.00 0.00 10.00 0.00 10.00 0.09 0.17 0.00 0.00 0.00 2.00 3.00 1.00 0.00 3.00 0.00 0.00 0.00 0.00 0.00 0.00
178.00 8.00 5.00 15.00 31.00 10.00 16.00 0.09 0.37 0.00 0.00 0.00 5.00 6.00 3.00 2.00 7.00 1.00 0.00 0.00 0.00 0.00 0.00
179.00 4.00 0.00 1.00 5.00 1.00 4.00 0.08 0.17 0.00 0.00 0.00 3.00 3.00 1.00 1.00 4.00 0.00 0.00 0.00 0.00 0.00 0.00
180.00 7.00 3.00 8.00 30.00 5.00 22.00 0.11 0.32 0.00 0.00 0.00 4.00 5.00 3.00 2.00 7.00 0.00 0.00 0.00 0.00 0.00 0.00
181.00 9.00 0.00 10.00 32.00 10.00 22.00 0.09 0.25 0.00 0.00 0.00 4.00 7.00 5.00 2.00 7.00 2.00 0.00 0.00 0.00 0.00 0.00
182.00 8.00 5.00 16.00 40.00 11.00 24.00 0.08 0.46 0.00 0.00 0.00 4.00 6.00 4.00 2.00 8.00 0.00 0.00 0.00 0.00 0.00 0.00
183.00 7.00 3.00 11.00 31.00 8.00 20.00 0.09 0.39 0.00 0.00 0.00 3.00 4.00 4.00 3.00 7.00 0.00 0.00 0.00 0.00 0.00 0.00
184.00 6.00 1.00 7.00 26.00 6.00 19.00 0.07 0.38 0.00 0.00 0.00 4.00 5.00 2.00 1.00 5.00 1.00 0.00 0.00 1.00 0.00 0.00
185.00 10.00 7.00 18.00 44.00 11.00 26.00 0.10 0.40 0.00 0.00 0.00 2.00 4.00 8.00 6.00 6.00 4.00 0.00 0.00 1.00 0.00 0.00
186.00 3.00 0.00 2.00 10.00 2.00 8.00 0.10 0.10 0.00 0.00 0.00 2.00 3.00 1.00 0.00 3.00 0.00 0.00 0.00 0.00 0.00 0.00
187.00 3.00 0.00 0.00 3.00 0.00 3.00 0.08 0.36 0.00 0.00 0.00 2.00 3.00 1.00 0.00 3.00 0.00 0.00 0.00 0.00 0.00 0.00
188.00 3.00 0.00 1.00 10.00 1.00 9.00 0.09 0.21 0.00 0.00 0.00 2.00 3.00 1.00 0.00 3.00 0.00 0.00 0.00 0.00 0.00 0.00
189.00 5.00 0.00 4.00 20.00 4.00 16.00 0.08 0.15 0.00 0.00 0.00 3.00 4.00 2.00 1.00 5.00 0.00 0.00 0.00 0.00 0.00 0.00
190.00 3.00 0.00 0.00 8.00 0.00 8.00 0.09 0.15 0.00 0.00 0.00 2.00 3.00 1.00 0.00 3.00 0.00 0.00 0.00 0.00 0.00 0.00
191.00 9.00 5.00 14.00 41.00 9.00 27.00 0.08 0.23 0.00 0.00 0.00 1.00 5.00 8.00 4.00 6.00 3.00 0.00 0.00 0.00 0.00 0.00
192.00 3.00 0.00 2.00 11.00 2.00 9.00 0.08 0.07 0.00 0.00 0.00 2.00 3.00 1.00 0.00 3.00 0.00 0.00 0.00 0.00 0.00 0.00
193.00 4.00 1.00 5.00 16.00 4.00 11.00 0.09 0.16 0.00 0.00 0.00 2.00 4.00 2.00 0.00 4.00 0.00 0.00 0.00 0.00 0.00 0.00
194.00 5.00 0.00 2.00 15.00 2.00 13.00 0.09 0.28 0.00 0.00 0.00 2.00 5.00 3.00 0.00 5.00 0.00 0.00 0.00 0.00 0.00 0.00
195.00 3.00 0.00 1.00 3.00 1.00 2.00 0.08 0.11 0.00 0.00 0.00 2.00 3.00 1.00 0.00 3.00 0.00 0.00 0.00 0.00 0.00 0.00
196.00 5.00 2.00 7.00 20.00 5.00 13.00 0.09 0.15 0.00 0.00 0.00 4.00 4.00 1.00 1.00 4.00 1.00 0.00 0.00 0.00 0.00 0.00
197.00 3.00 0.00 2.00 10.00 2.00 8.00 0.09 0.20 0.00 0.00 0.00 0.00 3.00 3.00 0.00 3.00 0.00 0.00 0.00 0.00 0.00 0.00
198.00 2.00 0.00 0.00 1.00 0.00 1.00 0.09 0.24 0.00 0.00 0.00 2.00 2.00 0.00 0.00 2.00 0.00 0.00 0.00 0.00 0.00 0.00
