0.00 2.00 0.00 0.00 2.00 0.00 2.00 0.09 0.28 0.00 0.00 0.00 2.00 2.00 0.00 0.00 2.00 0.00 0.00 0.00 0.00 0.00 0.00
1.00 3.00 0.00 0.00 6.00 0.00 6.00 0.09 0.31 0.00 0.00 0.00 2.00 3.00 1.00 0.00 3.00 0.00 0.00 0.00 0.00 0.00 0.00
2.00 3.00 0.00 2.00 11.00 2.00 9.00 0.08 0.15 0.00 0.00 0.00 2.00 3.00 1.00 0.00 3.00 0.00 0.00 0.00 0.00 0.00 0.00
3.00 3.00 0.00 0.00 3.00 0.00 3.00 0.09 0.20 0.00 0.00 0.00 2.00 3.00 1.00 0.00 3.00 0.00 0.00 0.00 0.00 0.00 0.00
4.00 3.00 0.00 0.00 4.00 0.00 4.00 0.08 0.08 0.00 0.00 0.00 2.00 3.00 1.00 0.00 3.00 0.00 0.00 0.00 0.00 0.00 0.00
5.00 3.00 0.00 1.00 8.00 1.00 7.00 0.08 0.25 0.00 0.00 0.00 2.00 3.00 1.00 0.00 3.00 0.00 0.00 0.00 0.00 0.00 0.00
6.00 8.00 3.00 13.00 29.00 10.00 16.00 0.08 0.32 0.00 0.00 0.00 3.00 5.00 5.00 3.00 8.00 0.00 0.00 0.00 0.00 0.00 0.00
7.00 9.00 5.00 15.00 43.00 10.00 28.00 0.08 0.29 0.00 0.00 0.00 2.00 5.00 7.00 4.00 9.00 0.00 0.00 0.00 0.00 0.00 0.00
8.00 7.00 3.00 13.00 32.00 10.00 19.00 0.09 0.26 0.00 1.00 0.00 2.00 5.00 5.00 2.00 7.00 0.00 0.00 0.00 0.00 0.00 0.00
9.00 8.00 3.00 14.00 39.00 11.00 25.00 0.10 0.32 0.00 1.00 0.00 2.00 5.00 6.00 3.00 6.00 2.00 0.00 0.00 0.00 0.00 0.00
10.00 5.00 0.00 6.00 20.00 6.00 14.00 0.09 0.18 0.00 0.00 0.00 3.00 4.00 2.00 1.00 5.00 0.00 0.00 0.00 0.00 0.00 0.00
11.00 8.00 0.00 7.00 29.00 7.00 22.00 0.09 0.59 0.00 0.00 0.00 5.00 6.00 3.00 2.00 7.00 1.00 0.00 0.00 0.00 0.00 0.00
12.00 10.00 4.00 21.00 46.00 17.00 25.00 0.08 0.37 0.00 1.00 0.00 6.00 8.00 4.00 2.00 9.00 1.00 0.00 0.00 0.00 0.00 0.00
13.00 14.00 15.00 33.00 69.00 18.00 36.00 0.08 0.59 0.00 1.00 0.00 5.00 7.00 9.00 7.00 11.00 3.00 0.00 0.00 0.00 0.00 0.00
14.00 11.00 9.00 23.00 52.00 14.00 29.00 0.09 0.36 0.00 0.00 0.00 5.00 5.00 6.00 6.00 10.00 1.00 0.00 0.00 0.00 0.00 0.00
15.00 12.00 7.00 24.00 54.00 17.00 30.00 0.09 0.47 0.00 0.00 0.00 4.00 9.00 8.00 3.00 11.00 1.00 0.00 0.00 0.00 0.00 0.00
16.00 14.00 9.00 35.00 69.00 26.00 34.00 0.08 0.57 0.00 0.00 0.00 1.00 5.00 13.00 9.00 8.00 6.00 0.00 0.00 0.00 0.00 0.00
17.00 13.00 8.00 27.00 62.00 19.00 35.00 0.09 0.53 0.00 0.00 0.00 6.00 7.00 7.00 6.00 10.00 3.00 0.00 0.00 0.00 0.00 0.00
18.00 15.00 12.00 40.00 70.00 28.00 30.00 0.08 0.54 0.00 0.00 0.00 6.00 8.00 9.00 7.00 12.00 3.00 0.00 0.00 0.00 0.00 0.00
19.00 19.00 19.00 48.00 90.00 29.00 42.00 0.08 0.60 0.00 0.00 0.00 5.00 9.00 14.00 10.00 15.00 4.00 0.00 0.00 0.00 0.00 0.00
20.00 13.00 10.00 32.00 64.00 22.00 32.00 0.09 0.67 0.00 1.00 0.00 5.00 6.00 8.00 7.00 7.00 6.00 0.00 0.00 0.00 0.00 0.00
21.00 16.00 19.00 41.00 77.00 22.00 36.00 0.09 0.54 0.00 1.00 0.00 4.00 9.00 12.00 7.00 12.00 4.00 0.00 0.00 0.00 0.00 0.00
22.00 16.00 12.00 37.00 71.00 25.00 34.00 0.10 0.57 0.00 0.00 0.00 5.00 10.00 11.00 6.00 12.00 4.00 0.00 0.00 0.00 0.00 0.00
23.00 8.00 6.00 16.00 37.00 10.00 21.00 0.08 0.35 0.00 0.00 0.00 3.00 5.00 5.00 3.00 6.00 2.00 0.00 0.00 0.00 0.00 0.00
24.00 6.00 1.00 9.00 25.00 8.00 16.00 0.08 0.30 0.00 0.00 0.00 2.00 6.00 4.00 0.00 6.00 0.00 0.00 0.00 0.00 0.00 0.00
25.00 5.00 0.00 5.00 19.00 5.00 14.00 0.09 0.26 0.00 1.00 0.00 3.00 4.00 2.00 1.00 5.00 0.00 0.00 0.00 0.00 0.00 0.00
26.00 7.00 1.00 7.00 29.00 6.00 22.00 0.09 0.26 0.00 0.00 0.00 1.00 4.00 6.00 3.00 6.00 1.00 0.00 0.00 0.00 0.00 0.00
27.00 10.00 3.00 19.00 47.00 16.00 28.00 0.10 0.51 0.00 1.00 0.00 3.00 7.00 7.00 3.00 8.00 2.00 0.00 0.00 0.00 0.00 0.00
28.00 15.00 10.00 31.00 65.00 21.00 34.00 0.10 0.66 0.00 1.00 0.00 3.00 6.00 12.00 9.00 8.00 7.00 0.00 0.00 0.00 0.00 0.00
29.00 9.00 5.00 17.00 42.00 12.00 25.00 0.08 0.32 0.00 1.00 0.00 4.00 5.00 5.00 4.00 5.00 4.00 0.00 0.00 1.00 0.00 0.00
30.00 11.00 7.00 22.00 48.00 15.00 26.00 0.09 0.51 0.00 1.00 0.00 3.00 8.00 8.00 3.00 9.00 2.00 0.00 0.00 1.00 0.00 0.00
31.00 16.00 15.00 41.00 75.00 26.00 34.00 0.07 0.61 0.00 1.00 0.00 5.00 8.00 11.00 8.00 10.00 6.00 0.00 0.00 0.00 0.00 0.00
32.00 14.00 13.00 32.00 73.00 19.00 41.00 0.08 0.80 0.00 1.00 0.00 3.00 5.00 11.00 9.00 10.00 4.00 0.00 0.00 1.00 0.00 0.00
33.00 17.00 19.00 47.00 85.00 28.00 38.00 0.08 0.60 0.00 1.00 0.00 6.00 10.00 11.00 7.00 14.00 3.00 0.00 0.00 1.00 0.00 0.00
34.00 16.00 13.00 33.00 73.00 20.00 40.00 0.07 1.61 1.00 0.00 0.00 4.00 8.00 12.00 8.00 12.00 4.00 0.00 0.00 1.00 0.00 0.00
35.00 18.00 10.00 44.00 87.00 34.00 43.00 0.08 0.75 0.00 0.00 0.00 5.00 11.00 13.00 7.00 16.00 2.00 0.00 0.00 0.00 0.00 0.00
36.00 16.00 12.00 34.00 77.00 22.00 43.00 0.08 0.81 0.00 0.00 0.00 6.00 7.00 10.00 9.00 9.00 7.00 0.00 0.00 0.00 0.00 0.00
37.00 18.00 16.00 45.00 80.00 29.00 35.00 0.09 0.66 0.00 0.00 0.00 8.00 10.00 10.00 8.00 14.00 4.00 0.00 0.00 1.00 0.00 0.00
38.00 15.00 13.00 34.00 76.00 21.00 42.00 0.08 0.67 0.00 1.00 0.00 6.00 9.00 9.00 6.00 11.00 4.00 0.00 0.00 0.00 0.00 0.00
39.00 23.00 26.00 64.00 115.00 38.00 51.00 0.09 1.00 0.00 1.00 0.00 6.00 13.00 17.00 10.00 17.00 6.00 0.00 0.00 0.00 0.00 0.00
40.00 18.00 12.00 37.00 84.00 25.00 47.00 0.09 0.78 0.00 1.00 0.00 6.00 13.00 12.00 5.00 14.00 4.00 0.00 0.00 0.00 0.00 0.00
41.00 17.00 15.00 40.00 87.00 25.00 47.00 0.08 0.79 0.00 1.00 0.00 4.00 9.00 13.00 8.00 12.00 5.00 0.00 0.00 0.00 0.00 0.00
42.00 16.00 19.00 43.00 81.00 24.00 38.00 0.09 0.58 0.00 1.00 0.00 7.00 10.00 9.00 6.00 13.00 3.00 0.00 0.00 0.00 0.00 0.00
43.00 14.00 8.00 31.00 60.00 23.00 29.00 0.10 0.61 0.00 0.00 0.00 6.00 9.00 8.00 5.00 11.00 3.00 0.00 0.00 0.00 0.00 0.00
44.00 17.00 13.00 37.00 87.00 24.00 50.00 0.09 0.83 0.00 0.00 0.00 6.00 11.00 11.00 6.00 12.00 5.00 0.00 0.00 0.00 0.00 0.00
45.00 17.00 9.00 37.00 88.00 28.00 51.00 0.08 0.61 0.00 0.00 0.00 6.00 12.00 11.00 5.00 14.00 3.00 0.00 0.00 0.00 0.00 0.00
46.00 21.00 13.00 39.00 102.00 26.00 63.00 0.09 0.93 0.00 0.00 0.00 7.00 12.00 14.00 9.00 17.00 4.00 0.00 0.00 0.00 0.00 0.00
47.00 16.00 10.00 39.00 84.00 29.00 45.00 0.08 0.65 0.00 0.00 0.00 5.00 7.00 11.00 9.00 12.00 4.00 0.00 0.00 0.00 0.00 0.00
48.00 13.00 8.00 23.00 60.00 15.00 37.00 0.09 0.58 0.00 0.00 0.00 5.00 7.00 8.00 6.00 7.00 6.00 0.00 0.00 0.00 0.00 0.00
49.00 19.00 21.00 43.00 93.00 22.00 50.00 0.08 0.68 0.00 0.00 0.00 6.00 9.00 13.00 10.00 13.00 6.00 0.00 0.00 0.00 0.00 0.00
50.00 21.00 16.00 45.00 104.00 29.00 59.00 0.08 1.20 0.00 0.00 0.00 5.00 11.00 16.00 10.00 17.00 4.00 0.00 0.00 1.00 0.00 0.00
51.00 24.00 26.00 64.00 114.00 38.00 50.00 0.09 0.99 0.00 0.00 0.00 8.00 15.00 16.00 9.00 16.00 8.00 0.00 0.00 0.00 0.00 0.00
52.00 22.00 20.00 55.00 113.00 35.00 58.00 0.08 0.85 0.00 1.00 0.00 6.00 13.00 16.00 9.00 16.00 6.00 0.00 0.00 1.00 0.00 0.00
53.00 24.00 28.00 67.00 119.00 39.00 52.00 0.08 0.93 0.00 1.00 0.00 7.00 13.00 17.00 11.00 16.00 8.00 0.00 0.00 1.00 0.00 0.00
54.00 24.00 22.00 66.00 122.00 44.00 56.00 0.09 0.83 0.00 0.00 0.00 7.00 15.00 17.00 9.00 16.00 8.00 1.00 0.00 0.00 0.00 0.00
55.00 21.00 20.00 47.00 97.00 27.00 50.00 0.09 1.04 0.00 0.00 0.00 6.00 10.00 15.00 11.00 15.00 6.00 0.00 0.00 0.00 0.00 0.00
56.00 26.00 26.00 65.00 141.00 39.00 76.00 0.09 0.94 0.00 0.00 0.00 8.00 12.00 18.00 14.00 18.00 8.00 0.00 1.00 0.00 0.00 0.00
57.00 25.00 18.00 77.00 136.00 59.00 59.00 0.07 0.81 1.00 1.00 1.00 7.00 10.00 18.00 15.00 15.00 10.00 0.00 1.00 0.00 0.00 0.00
58.00 26.00 23.00 64.00 140.00 41.00 76.00 0.08 0.99 1.00 1.00 1.00 7.00 9.00 19.00 17.00 14.00 12.00 0.00 0.00 0.00 0.00 0.00
59.00 29.00 38.00 90.00 156.00 52.00 66.00 0.10 0.80 0.00 1.00 0.00 8.00 13.00 21.00 16.00 19.00 10.00 0.00 1.00 1.00 0.00 0.00
60.00 22.00 16.00 56.00 118.00 40.00 62.00 0.08 0.72 0.00 1.00 0.00 7.00 8.00 15.00 14.00 15.00 7.00 0.00 1.00 1.00 0.00 0.00
61.00 23.00 21.00 66.00 124.00 45.00 58.00 0.10 0.86 0.00 2.00 0.00 3.00 12.00 20.00 11.00 15.00 8.00 0.00 1.00 0.00 0.00 1.00
62.00 22.00 18.00 56.00 117.00 38.00 61.00 0.09 0.84 0.00 2.00 0.00 5.00 11.00 17.00 11.00 16.00 6.00 0.00 0.00 1.00 0.00 0.00
63.00 11.00 7.00 21.00 52.00 14.00 31.00 0.10 0.51 0.00 0.00 0.00 6.00 8.00 5.00 3.00 9.00 2.00 0.00 0.00 0.00 0.00 0.00
64.00 24.00 24.00 61.00 131.00 37.00 70.00 0.07 0.76 0.00 1.00 0.00 9.00 14.00 15.00 10.00 17.00 7.00 0.00 1.00 0.00 0.00 0.00
65.00 26.00 25.00 64.00 127.00 39.00 63.00 0.08 0.94 0.00 0.00 0.00 6.00 14.00 20.00 12.00 16.00 10.00 0.00 1.00 0.00 1.00 0.00
66.00 18.00 15.00 45.00 89.00 30.00 44.00 0.09 0.59 0.00 0.00 0.00 9.00 13.00 9.00 5.00 14.00 4.00 0.00 1.00 0.00 0.00 0.00
67.00 22.00 20.00 54.00 110.00 34.00 56.00 0.08 0.89 0.00 1.00 0.00 9.00 12.00 13.00 10.00 14.00 8.00 0.00 1.00 0.00 0.00 0.00
68.00 21.00 21.00 53.00 104.00 32.00 51.00 0.08 0.90 0.00 0.00 0.00 3.00 10.00 18.00 11.00 13.00 8.00 0.00 0.00 0.00 0.00 0.00
69.00 26.00 28.00 75.00 131.00 47.00 56.00 0.11 1.01 0.00 1.00 0.00 9.00 14.00 17.00 12.00 19.00 7.00 0.00 1.00 0.00 0.00 0.00
70.00 22.00 19.00 62.00 110.00 43.00 48.00 0.07 1.02 0.00 1.00 0.00 4.00 14.00 18.00 8.00 16.00 6.00 0.00 1.00 0.00 0.00 0.00
71.00 18.00 4.00 35.00 92.00 31.00 57.00 0.08 0.72 0.00 1.00 0.00 4.00 13.00 14.00 5.00 14.00 4.00 0.00 1.00 0.00 0.00 0.00
72.00 26.00 28.00 74.00 129.00 46.00 55.00 0.07 0.87 0.00 1.00 0.00 8.00 17.00 18.00 9.00 20.00 6.00 0.00 0.00 0.00 0.00 0.00
73.00 18.00 11.00 37.00 85.00 26.00 48.00 0.08 0.79 0.00 1.00 0.00 4.00 8.00 14.00 10.00 12.00 6.00 0.00 0.00 0.00 0.00 0.00
74.00 24.00 16.00 59.00 121.00 43.00 62.00 0.09 1.06 0.00 2.00 0.00 5.00 11.00 19.00 13.00 18.00 6.00 0.00 0.00 0.00 0.00 0.00
75.00 25.00 29.00 69.00 125.00 40.00 56.00 0.07 1.05 0.00 1.00 0.00 8.00 13.00 17.00 12.00 17.00 8.00 0.00 0.00 0.00 0.00 0.00
76.00 26.00 29.00 73.00 132.00 44.00 59.00 0.10 1.07 0.00 1.00 0.00 6.00 15.00 20.00 11.00 17.00 9.00 1.00 0.00 0.00 1.00 0.00
77.00 28.00 32.00 81.00 143.00 49.00 62.00 0.08 0.93 0.00 2.00 0.00 8.00 13.00 20.00 15.00 21.00 7.00 1.00 0.00 0.00 0.00 0.00
78.00 29.00 30.00 88.00 152.00 58.00 64.00 0.07 1.09 0.00 2.00 0.00 2.00 13.00 27.00 16.00 19.00 10.00 1.00 0.00 0.00 1.00 0.00
79.00 28.00 37.00 78.00 135.00 41.00 57.00 0.07 0.92 0.00 2.00 0.00 7.00 14.00 21.00 14.00 22.00 6.00 0.00 0.00 0.00 0.00 0.00
80.00 26.00 35.00 73.00 134.00 38.00 61.00 0.10 0.79 0.00 2.00 0.00 6.00 14.00 20.00 12.00 18.00 8.00 1.00 0.00 0.00 1.00 0.00
81.00 27.00 25.00 71.00 147.00 46.00 76.00 0.09 1.05 0.00 1.00 0.00 5.00 11.00 22.00 16.00 20.00 7.00 1.00 0.00 0.00 0.00 0.00
82.00 29.00 42.00 92.00 147.00 50.00 55.00 0.09 0.88 0.00 2.00 0.00 9.00 16.00 20.00 13.00 22.00 7.00 1.00 0.00 0.00 0.00 0.00
83.00 32.00 33.00 90.00 161.00 57.00 71.00 0.09 1.24 0.00 3.00 0.00 5.00 17.00 27.00 15.00 23.00 9.00 1.00 0.00 0.00 0.00 0.00
84.00 16.00 17.00 42.00 73.00 25.00 31.00 0.09 0.70 0.00 1.00 0.00 4.00 9.00 12.00 7.00 14.00 2.00 0.00 0.00 0.00 0.00 0.00
85.00 31.00 40.00 91.00 158.00 51.00 67.00 0.07 1.03 0.00 2.00 0.00 6.00 10.00 25.00 21.00 20.00 11.00 1.00 0.00 0.00 0.00 0.00
86.00 28.00 38.00 86.00 144.00 48.00 58.00 0.09 0.94 0.00 3.00 0.00 6.00 12.00 22.00 16.00 17.00 11.00 1.00 0.00 0.00 0.00 0.00
87.00 31.00 42.00 95.00 158.00 53.00 63.00 0.08 0.94 0.00 2.00 0.00 9.00 14.00 22.00 17.00 19.00 12.00 1.00 0.00 0.00 0.00 0.00
88.00 29.00 34.00 83.00 149.00 49.00 66.00 0.09 0.87 0.00 2.00 0.00 5.00 10.00 24.00 19.00 16.00 13.00 1.00 0.00 0.00 0.00 0.00
89.00 29.00 38.00 85.00 152.00 47.00 67.00 0.10 0.80 1.00 2.00 0.50 8.00 13.00 21.00 16.00 17.00 12.00 1.00 0.00 1.00 0.00 0.00
90.00 30.00 30.00 77.00 162.00 47.00 85.00 0.10 1.15 2.00 3.00 0.67 4.00 11.00 26.00 19.00 16.00 14.00 1.00 0.00 0.00 0.00 0.00
91.00 33.00 42.00 106.00 181.00 64.00 75.00 0.08 1.02 1.00 4.00 0.25 5.00 13.00 28.00 20.00 19.00 14.00 1.00 0.00 1.00 0.00 0.00
92.00 33.00 38.00 94.00 174.00 56.00 80.00 0.10 1.07 0.00 3.00 0.00 8.00 16.00 25.00 17.00 23.00 10.00 1.00 0.00 1.00 0.00 0.00
93.00 33.00 38.00 93.00 172.00 55.00 79.00 0.09 0.91 0.00 3.00 0.00 11.00 15.00 22.00 18.00 19.00 14.00 0.00 0.00 1.00 0.00 0.00
94.00 32.00 47.00 96.00 167.00 49.00 71.00 0.08 0.95 0.00 3.00 0.00 10.00 15.00 22.00 17.00 17.00 15.00 1.00 0.00 1.00 0.00 0.00
95.00 36.00 43.00 106.00 191.00 63.00 85.00 0.08 0.99 0.00 3.00 0.00 11.00 19.00 25.00 17.00 23.00 13.00 1.00 0.00 0.00 0.00 0.00
96.00 33.00 47.00 105.00 168.00 58.00 63.00 0.09 0.99 1.00 2.00 0.50 8.00 17.00 25.00 16.00 20.00 13.00 1.00 0.00 0.00 0.00 0.00
97.00 32.00 34.00 92.00 169.00 58.00 77.00 0.09 0.99 3.00 1.00 3.00 8.00 14.00 24.00 18.00 19.00 13.00 1.00 0.00 0.00 1.00 0.00
98.00 31.00 37.00 93.00 168.00 56.00 75.00 0.08 0.90 1.00 3.00 0.33 7.00 13.00 24.00 18.00 18.00 13.00 1.00 0.00 0.00 0.00 0.00
99.00 32.00 26.00 90.00 168.00 64.00 78.00 0.08 0.92 1.00 3.00 0.33 6.00 13.00 26.00 19.00 23.00 9.00 0.00 0.00 0.00 0.00 0.00
100.00 33.00 44.00 109.00 180.00 65.00 71.00 0.10 0.83 2.00 3.00 0.67 4.00 7.00 29.00 26.00 16.00 17.00 0.00 0.00 1.00 0.00 0.00
101.00 36.00 48.00 117.00 189.00 69.00 72.00 0.08 0.98 2.00 2.00 1.00 7.00 15.00 29.00 21.00 20.00 16.00 1.00 0.00 2.00 0.00 0.00
102.00 35.00 38.00 109.00 176.00 71.00 67.00 0.07 0.96 1.00 3.00 0.33 5.00 16.00 30.00 19.00 23.00 12.00 1.00 0.00 1.00 0.00 0.00
103.00 32.00 37.00 85.00 163.00 48.00 78.00 0.07 1.12 1.00 3.00 0.33 7.00 13.00 25.00 19.00 21.00 11.00 1.00 0.00 1.00 0.00 0.00
104.00 35.00 51.00 118.00 189.00 67.00 71.00 0.08 0.97 0.00 4.00 0.00 8.00 14.00 27.00 21.00 22.00 13.00 1.00 0.00 0.00 0.00 0.00
105.00 35.00 51.00 109.00 180.00 58.00 71.00 0.08 1.09 0.00 4.00 0.00 12.00 15.00 23.00 20.00 20.00 15.00 1.00 0.00 0.00 0.00 1.00
106.00 39.00 52.00 117.00 205.00 65.00 88.00 0.11 1.09 1.00 4.00 0.25 13.00 20.00 26.00 19.00 26.00 13.00 1.00 0.00 1.00 0.00 0.00
107.00 36.00 58.00 112.00 195.00 54.00 83.00 0.09 0.99 1.00 2.00 0.50 9.00 19.00 27.00 17.00 24.00 12.00 1.00 0.00 1.00 0.00 0.00
108.00 31.00 40.00 97.00 165.00 57.00 68.00 0.10 0.92 0.00 1.00 0.00 8.00 12.00 23.00 19.00 21.00 10.00 1.00 0.00 0.00 0.00 0.00
109.00 37.00 51.00 108.00 194.00 57.00 86.00 0.09 1.04 0.00 2.00 0.00 9.00 16.00 28.00 21.00 25.00 12.00 0.00 0.00 0.00 1.00 0.00
110.00 37.00 52.00 110.00 183.00 58.00 73.00 0.08 1.33 0.00 2.00 0.00 6.00 13.00 31.00 24.00 23.00 14.00 0.00 0.00 1.00 0.00 0.00
111.00 43.00 64.00 137.00 228.00 73.00 91.00 0.10 1.20 1.00 2.00 0.50 10.00 17.00 33.00 26.00 26.00 17.00 1.00 0.00 1.00 0.00 0.00
112.00 39.00 55.00 120.00 204.00 65.00 84.00 0.10 1.24 1.00 3.00 0.33 11.00 20.00 28.00 19.00 27.00 12.00 1.00 0.00 1.00 0.00 0.00
113.00 49.00 70.00 149.00 256.00 79.00 107.00 0.09 1.65 1.00 3.00 0.33 10.00 21.00 39.00 28.00 30.00 19.00 1.00 0.00 1.00 0.00 0.00
114.00 42.00 63.00 134.00 221.00 71.00 87.00 0.10 1.31 1.00 3.00 0.33 8.00 16.00 34.00 26.00 27.00 15.00 1.00 0.00 1.00 0.00 0.00
115.00 40.00 52.00 119.00 201.00 67.00 82.00 0.09 1.37 1.00 3.00 0.33 9.00 17.00 31.00 23.00 24.00 16.00 1.00 0.00 0.00 0.00 0.00
116.00 42.00 55.00 125.00 218.00 70.00 93.00 0.09 1.26 1.00 3.00 0.33 11.00 15.00 31.00 27.00 25.00 17.00 1.00 0.00 0.00 0.00 0.00
117.00 40.00 70.00 137.00 207.00 67.00 70.00 0.09 1.08 1.00 2.00 0.50 7.00 17.00 33.00 23.00 23.00 17.00 1.00 0.00 0.00 0.00 0.00
118.00 43.00 56.00 134.00 228.00 78.00 94.00 0.08 1.75 1.00 4.00 0.25 7.00 17.00 36.00 26.00 26.00 17.00 0.00 0.00 0.00 0.00 0.00
119.00 43.00 64.00 128.00 220.00 64.00 92.00 0.07 1.16 2.00 3.00 0.67 11.00 19.00 32.00 24.00 29.00 14.00 1.00 0.00 1.00 0.00 0.00
120.00 41.00 62.00 139.00 220.00 77.00 81.00 0.10 1.11 2.00 3.00 0.67 5.00 15.00 36.00 26.00 20.00 21.00 1.00 0.00 1.00 0.00 0.00
121.00 43.00 70.00 142.00 222.00 72.00 80.00 0.09 1.06 2.00 3.00 0.67 8.00 12.00 35.00 31.00 21.00 22.00 1.00 0.00 1.00 0.00 0.00
122.00 37.00 55.00 114.00 190.00 59.00 76.00 0.08 1.08 2.00 3.00 0.67 5.00 9.00 32.00 28.00 16.00 21.00 0.00 0.00 0.00 1.00 0.00
123.00 42.00 64.00 128.00 223.00 64.00 95.00 0.08 1.07 2.00 5.00 0.40 7.00 16.00 35.00 26.00 27.00 15.00 0.00 0.00 0.00 1.00 0.00
124.00 38.00 54.00 121.00 198.00 67.00 77.00 0.08 0.96 0.00 3.00 0.00 8.00 19.00 30.00 19.00 24.00 14.00 1.00 0.00 0.00 0.00 0.00
125.00 39.00 52.00 117.00 203.00 65.00 86.00 0.09 1.17 1.00 3.00 0.33 9.00 17.00 30.00 22.00 26.00 13.00 0.00 0.00 0.00 0.00 0.00
126.00 38.00 51.00 114.00 202.00 63.00 88.00 0.10 1.07 3.00 3.00 1.00 8.00 15.00 30.00 23.00 24.00 14.00 0.00 0.00 0.00 0.00 0.00
127.00 44.00 67.00 140.00 234.00 73.00 94.00 0.09 1.10 2.00 3.00 0.67 8.00 16.00 36.00 28.00 25.00 19.00 1.00 0.00 0.00 0.00 0.00
128.00 35.00 35.00 99.00 179.00 64.00 80.00 0.09 1.10 2.00 3.00 0.67 8.00 19.00 27.00 16.00 23.00 12.00 1.00 0.00 0.00 0.00 0.00
129.00 36.00 41.00 112.00 205.00 71.00 93.00 0.08 1.01 2.00 4.00 0.50 5.00 10.00 31.00 26.00 16.00 20.00 1.00 0.00 0.00 0.00 0.00
130.00 44.00 71.00 139.00 234.00 68.00 95.00 0.08 1.41 3.00 3.00 1.00 9.00 16.00 35.00 28.00 20.00 24.00 1.00 0.00 0.00 0.00 0.00
131.00 42.00 70.00 138.00 220.00 68.00 82.00 0.08 1.11 1.00 3.00 0.33 6.00 13.00 36.00 29.00 18.00 24.00 1.00 0.00 1.00 0.00 0.00
132.00 38.00 51.00 124.00 208.00 73.00 84.00 0.08 1.00 2.00 3.00 0.67 3.00 6.00 35.00 32.00 15.00 23.00 1.00 0.00 1.00 0.00 0.00
133.00 40.00 61.00 128.00 216.00 67.00 88.00 0.06 1.08 2.00 4.00 0.50 10.00 16.00 30.00 24.00 19.00 21.00 1.00 0.00 1.00 0.00 0.00
134.00 38.00 50.00 122.00 199.00 72.00 77.00 0.08 1.02 3.00 5.00 0.60 10.00 15.00 28.00 23.00 21.00 17.00 1.00 0.00 1.00 0.00 0.00
135.00 43.00 78.00 141.00 224.00 63.00 83.00 0.08 1.02 1.00 5.00 0.20 8.00 18.00 35.00 25.00 24.00 19.00 1.00 0.00 0.00 1.00 0.00
136.00 38.00 56.00 126.00 205.00 70.00 79.00 0.07 0.91 2.00 5.00 0.40 7.00 16.00 31.00 22.00 24.00 14.00 1.00 0.00 0.00 0.00 0.00
137.00 42.00 47.00 127.00 229.00 80.00 102.00 0.08 1.23 2.00 4.00 0.50 7.00 17.00 35.00 25.00 24.00 18.00 0.00 0.00 0.00 1.00 0.00
138.00 42.00 70.00 136.00 208.00 66.00 72.00 0.08 1.07 1.00 4.00 0.25 6.00 20.00 36.00 22.00 24.00 18.00 1.00 0.00 1.00 0.00 0.00
139.00 42.00 67.00 128.00 209.00 61.00 81.00 0.07 1.17 2.00 3.00 0.67 9.00 21.00 33.00 21.00 27.00 15.00 1.00 0.00 1.00 0.00 0.00
140.00 38.00 56.00 115.00 198.00 59.00 83.00 0.09 1.11 1.00 4.00 0.25 8.00 17.00 30.00 21.00 25.00 13.00 1.00 0.00 1.00 0.00 1.00
141.00 29.00 29.00 84.00 157.00 55.00 73.00 0.07 0.97 0.00 4.00 0.00 7.00 15.00 22.00 14.00 19.00 10.00 1.00 0.00 1.00 0.00 0.00
142.00 41.00 63.00 124.00 212.00 61.00 88.00 0.08 1.00 1.00 4.00 0.25 5.00 20.00 36.00 21.00 25.00 16.00 1.00 0.00 1.00 0.00 0.00
143.00 32.00 37.00 98.00 170.00 61.00 72.00 0.08 1.04 1.00 3.00 0.33 11.00 16.00 21.00 16.00 23.00 9.00 0.00 0.00 1.00 1.00 0.00
144.00 36.00 43.00 112.00 190.00 69.00 78.00 0.09 0.98 1.00 2.00 0.50 11.00 21.00 25.00 15.00 26.00 10.00 1.00 0.00 1.00 1.00 0.00
145.00 40.00 63.00 118.00 196.00 55.00 78.00 0.07 1.06 1.00 3.00 0.33 5.00 11.00 35.00 29.00 22.00 18.00 1.00 0.00 2.00 0.00 0.00
146.00 34.00 60.00 107.00 179.00 47.00 72.00 0.08 1.02 1.00 2.00 0.50 6.00 14.00 28.00 20.00 20.00 14.00 1.00 0.00 0.00 0.00 0.00
147.00 34.00 52.00 108.00 181.00 56.00 73.00 0.06 0.94 2.00 2.00 1.00 6.00 11.00 28.00 23.00 18.00 16.00 0.00 0.00 1.00 1.00 0.00
148.00 35.00 56.00 112.00 178.00 56.00 66.00 0.08 0.96 2.00 2.00 1.00 7.00 12.00 28.00 23.00 20.00 15.00 1.00 0.00 1.00 0.00 0.00
149.00 36.00 57.00 123.00 192.00 66.00 69.00 0.07 1.09 2.00 4.00 0.50 6.00 12.00 30.00 24.00 17.00 19.00 1.00 0.00 1.00 0.00 0.00
150.00 36.00 55.00 121.00 188.00 66.00 67.00 0.08 0.99 2.00 2.00 1.00 4.00 12.00 32.00 24.00 17.00 19.00 0.00 0.00 0.00 0.00 0.00
151.00 32.00 46.00 106.00 165.00 60.00 59.00 0.08 0.98 3.00 2.00 1.50 5.00 9.00 27.00 23.00 19.00 13.00 1.00 0.00 0.00 0.00 0.00
152.00 36.00 58.00 120.00 196.00 62.00 76.00 0.08 1.08 2.00 5.00 0.40 6.00 14.00 30.00 22.00 23.00 13.00 1.00 0.00 0.00 0.00 0.00
153.00 40.00 67.00 127.00 205.00 60.00 78.00 0.09 1.27 2.00 3.00 0.67 8.00 13.00 32.00 27.00 21.00 19.00 0.00 0.00 0.00 0.00 0.00
154.00 36.00 47.00 109.00 188.00 62.00 79.00 0.09 1.18 2.00 3.00 0.67 7.00 16.00 29.00 20.00 21.00 15.00 1.00 0.00 0.00 0.00 0.00
155.00 30.00 41.00 84.00 149.00 43.00 65.00 0.08 1.13 2.00 3.00 0.67 5.00 13.00 25.00 17.00 19.00 11.00 1.00 0.00 1.00 0.00 0.00
156.00 36.00 52.00 117.00 186.00 65.00 69.00 0.08 1.06 2.00 2.00 1.00 8.00 15.00 28.00 21.00 21.00 15.00 1.00 0.00 0.00 0.00 0.00
157.00 37.00 51.00 116.00 198.00 65.00 82.00 0.10 1.18 1.00 3.00 0.33 6.00 14.00 31.00 23.00 20.00 17.00 1.00 0.00 0.00 2.00 0.00
158.00 34.00 46.00 107.00 179.00 61.00 72.00 0.08 1.08 0.00 2.00 0.00 7.00 10.00 27.00 24.00 14.00 20.00 1.00 0.00 0.00 1.00 0.00
159.00 35.00 43.00 103.00 177.00 60.00 74.00 0.09 1.09 1.00 3.00 0.33 6.00 16.00 29.00 19.00 23.00 12.00 1.00 0.00 0.00 1.00 0.00
160.00 38.00 54.00 118.00 196.00 64.00 78.00 0.09 1.15 1.00 2.00 0.50 7.00 14.00 31.00 24.00 23.00 15.00 1.00 0.00 0.00 1.00 0.00
161.00 32.00 47.00 97.00 173.00 50.00 76.00 0.09 1.11 2.00 2.00 1.00 3.00 9.00 29.00 23.00 12.00 20.00 1.00 0.00 0.00 1.00 0.00
162.00 39.00 49.00 120.00 199.00 71.00 79.00 0.11 1.19 2.00 4.00 0.50 11.00 18.00 28.00 21.00 26.00 13.00 1.00 0.00 0.00 1.00 0.00
163.00 36.00 56.00 112.00 187.00 56.00 75.00 0.08 1.16 1.00 3.00 0.33 6.00 16.00 30.00 20.00 23.00 13.00 1.00 0.00 0.00 2.00 0.00
164.00 35.00 45.00 97.00 179.00 52.00 82.00 0.08 1.07 2.00 2.00 1.00 7.00 18.00 28.00 17.00 22.00 13.00 0.00 0.00 0.00 1.00 0.00
165.00 33.00 42.00 104.00 167.00 62.00 63.00 0.09 1.06 1.00 2.00 0.50 6.00 12.00 27.00 21.00 20.00 13.00 1.00 0.00 0.00 0.00 0.00
166.00 35.00 39.00 108.00 184.00 69.00 76.00 0.08 1.04 1.00 3.00 0.33 6.00 15.00 29.00 20.00 23.00 12.00 0.00 0.00 1.00 0.00 0.00
167.00 36.00 50.00 105.00 191.00 55.00 86.00 0.09 1.21 1.00 3.00 0.33 7.00 19.00 29.00 17.00 24.00 12.00 1.00 0.00 1.00 0.00 0.00
168.00 38.00 57.00 114.00 202.00 57.00 88.00 0.08 1.25 1.00 5.00 0.20 9.00 19.00 29.00 19.00 25.00 13.00 1.00 0.00 1.00 0.00 0.00
169.00 39.00 50.00 120.00 208.00 70.00 88.00 0.08 1.20 1.00 4.00 0.25 6.00 11.00 33.00 28.00 18.00 21.00 0.00 0.00 0.00 0.00 0.00
170.00 37.00 48.00 115.00 185.00 67.00 70.00 0.08 1.17 1.00 3.00 0.33 11.00 16.00 26.00 21.00 20.00 17.00 1.00 0.00 0.00 0.00 0.00
171.00 39.00 52.00 127.00 205.00 75.00 78.00 0.10 1.12 1.00 2.00 0.50 8.00 22.00 31.00 17.00 27.00 12.00 1.00 0.00 1.00 0.00 0.00
172.00 40.00 60.00 119.00 210.00 59.00 91.00 0.10 1.17 2.00 3.00 0.67 6.00 18.00 34.00 22.00 23.00 17.00 1.00 0.00 1.00 0.00 0.00
173.00 37.00 51.00 115.00 196.00 64.00 81.00 0.09 1.07 1.00 2.00 0.50 7.00 17.00 30.00 20.00 25.00 12.00 1.00 0.00 0.00 0.00 0.00
174.00 39.00 51.00 119.00 203.00 68.00 84.00 0.08 1.14 2.00 2.00 1.00 9.00 18.00 30.00 21.00 26.00 13.00 1.00 0.00 1.00 0.00 0.00
175.00 40.00 58.00 126.00 203.00 68.00 77.00 0.09 1.30 1.00 2.00 0.50 7.00 16.00 33.00 24.00 22.00 18.00 1.00 0.00 0.00 0.00 0.00
176.00 38.00 45.00 117.00 200.00 72.00 83.00 0.07 1.26 2.00 4.00 0.50 11.00 21.00 27.00 17.00 27.00 11.00 1.00 0.00 1.00 0.00 0.00
177.00 35.00 35.00 103.00 190.00 68.00 87.00 0.08 1.12 2.00 3.00 0.67 8.00 13.00 27.00 22.00 18.00 17.00 1.00 0.00 0.00 0.00 0.00
178.00 36.00 49.00 110.00 182.00 61.00 72.00 0.09 1.29 1.00 1.00 1.00 6.00 12.00 30.00 24.00 19.00 17.00 1.00 0.00 1.00 0.00 0.00
179.00 41.00 54.00 121.00 209.00 67.00 88.00 0.09 1.33 0.00 3.00 0.00 14.00 20.00 27.00 21.00 25.00 16.00 1.00 0.00 0.00 0.00 0.00
180.00 41.00 52.00 126.00 215.00 74.00 89.00 0.08 1.28 1.00 5.00 0.20 11.00 17.00 30.00 24.00 29.00 12.00 0.00 0.00 0.00 0.00 0.00
181.00 42.00 53.00 137.00 231.00 84.00 94.00 0.10 1.34 1.00 4.00 0.25 7.00 14.00 35.00 28.00 21.00 21.00 1.00 0.00 2.00 0.00 0.00
182.00 43.00 56.00 133.00 225.00 77.00 92.00 0.08 1.47 1.00 2.00 0.50 9.00 18.00 34.00 25.00 24.00 19.00 0.00 0.00 0.00 0.00 0.00
183.00 41.00 49.00 121.00 214.00 72.00 93.00 0.06 1.55 1.00 1.00 1.00 6.00 21.00 35.00 20.00 27.00 14.00 1.00 0.00 0.00 0.00 0.00
184.00 40.00 45.00 115.00 223.00 70.00 108.00 0.07 1.31 2.00 2.00 1.00 8.00 17.00 32.00 23.00 30.00 10.00 0.00 0.00 0.00 0.00 0.00
185.00 47.00 54.00 143.00 256.00 89.00 113.00 0.09 1.34 2.00 3.00 0.67 13.00 19.00 34.00 28.00 28.00 19.00 0.00 0.00 0.00 2.00 0.00
186.00 46.00 61.00 137.00 238.00 76.00 101.00 0.07 1.44 2.00 3.00 0.67 13.00 17.00 33.00 29.00 27.00 19.00 2.00 0.00 0.00 0.00 0.00
187.00 44.00 66.00 147.00 238.00 81.00 91.00 0.09 1.22 2.00 3.00 0.67 10.00 15.00 34.00 29.00 23.00 21.00 1.00 0.00 0.00 1.00 0.00
188.00 42.00 61.00 141.00 227.00 80.00 86.00 0.09 1.02 3.00 4.00 0.75 8.00 20.00 34.00 22.00 24.00 18.00 1.00 0.00 0.00 0.00 1.00
189.00 41.00 59.00 135.00 220.00 76.00 85.00 0.07 1.17 3.00 5.00 0.60 10.00 16.00 31.00 25.00 20.00 21.00 1.00 0.00 0.00 0.00 1.00
190.00 41.00 63.00 126.00 209.00 63.00 83.00 0.09 1.09 3.00 5.00 0.60 14.00 18.00 27.00 23.00 23.00 18.00 1.00 0.00 0.00 0.00 0.00
191.00 41.00 77.00 141.00 218.00 64.00 77.00 0.07 1.03 3.00 4.00 0.75 10.00 18.00 31.00 23.00 26.00 15.00 1.00 0.00 0.00 1.00 0.00
192.00 36.00 45.00 110.00 187.00 65.00 77.00 0.08 0.97 3.00 2.00 1.50 7.00 18.00 29.00 18.00 23.00 13.00 1.00 0.00 0.00 0.00 0.00
193.00 35.00 47.00 106.00 189.00 59.00 83.00 0.08 1.17 3.00 2.00 1.50 5.00 10.00 30.00 25.00 18.00 17.00 1.00 0.00 0.00 0.00 0.00
194.00 29.00 34.00 89.00 153.00 55.00 64.00 0.08 0.86 1.00 3.00 0.33 4.00 10.00 25.00 19.00 18.00 11.00 1.00 0.00 1.00 1.00 0.00
195.00 41.00 52.00 122.00 210.00 70.00 88.00 0.08 1.18 3.00 3.00 1.00 6.00 18.00 35.00 23.00 25.00 16.00 1.00 0.00 0.00 0.00 0.00
196.00 36.00 35.00 98.00 194.00 63.00 96.00 0.07 1.22 1.00 2.00 0.50 8.00 15.00 28.00 21.00 25.00 11.00 0.00 0.00 0.00 0.00 0.00
197.00 32.00 47.00 104.00 167.00 57.00 63.00 0.09 1.17 3.00 2.00 1.50 8.00 14.00 24.00 18.00 15.00 17.00 1.00 0.00 0.00 0.00 0.00
198.00 33.00 31.00 103.00 176.00 72.00 73.00 0.10 0.96 3.00 3.00 1.00 7.00 13.00 26.00 20.00 19.00 14.00 1.00 0.00 0.00 0.00 0.00
199.00 37.00 49.00 109.00 188.00 60.00 79.00 0.09 1.18 2.00 2.00 1.00 8.00 14.00 29.00 23.00 22.00 15.00 1.00 0.00 0.00 0.00 0.00
200.00 39.00 50.00 118.00 202.00 68.00 84.00 0.10 1.37 3.00 3.00 1.00 9.00 19.00 30.00 20.00 24.00 15.00 0.00 0.00 0.00 0.00 0.00
201.00 36.00 44.00 118.00 194.00 74.00 76.00 0.08 1.02 2.00 2.00 1.00 8.00 13.00 28.00 23.00 19.00 17.00 1.00 0.00 0.00 0.00 0.00
202.00 34.00 42.00 93.00 169.00 51.00 76.00 0.08 1.07 2.00 1.00 2.00 8.00 14.00 26.00 20.00 18.00 16.00 1.00 0.00 1.00 0.00 0.00
203.00 33.00 40.00 99.00 177.00 59.00 78.00 0.08 0.99 2.00 1.00 2.00 8.00 12.00 25.00 21.00 21.00 12.00 1.00 0.00 1.00 0.00 0.00
204.00 35.00 41.00 102.00 189.00 61.00 87.00 0.08 1.24 2.00 1.00 2.00 6.00 10.00 29.00 25.00 17.00 18.00 1.00 0.00 1.00 0.00 0.00
205.00 39.00 52.00 114.00 204.00 62.00 90.00 0.09 1.30 2.00 3.00 0.67 8.00 16.00 31.00 23.00 25.00 14.00 1.00 0.00 0.00 0.00 0.00
206.00 42.00 61.00 130.00 206.00 69.00 76.00 0.08 1.59 2.00 3.00 0.67 6.00 10.00 36.00 32.00 23.00 19.00 1.00 0.00 0.00 0.00 0.00
207.00 36.00 50.00 109.00 188.00 59.00 79.00 0.07 1.34 2.00 3.00 0.67 5.00 10.00 31.00 26.00 18.00 18.00 1.00 0.00 0.00 0.00 0.00
208.00 34.00 42.00 104.00 173.00 62.00 69.00 0.07 1.17 2.00 4.00 0.50 7.00 13.00 27.00 21.00 18.00 16.00 0.00 0.00 0.00 0.00 0.00
209.00 37.00 36.00 100.00 188.00 64.00 88.00 0.07 1.29 2.00 3.00 0.67 6.00 17.00 31.00 20.00 25.00 12.00 0.00 0.00 0.00 0.00 0.00
210.00 34.00 37.00 91.00 180.00 54.00 89.00 0.09 1.23 2.00 4.00 0.50 11.00 15.00 23.00 19.00 24.00 10.00 1.00 0.00 0.00 0.00 0.00
211.00 33.00 41.00 100.00 174.00 59.00 74.00 0.09 1.35 2.00 2.00 1.00 8.00 14.00 25.00 19.00 20.00 13.00 1.00 0.00 0.00 0.00 0.00
212.00 37.00 62.00 122.00 197.00 60.00 75.00 0.09 1.01 1.00 4.00 0.25 7.00 14.00 30.00 23.00 25.00 12.00 0.00 0.00 0.00 0.00 0.00
213.00 34.00 43.00 102.00 180.00 59.00 78.00 0.09 1.32 1.00 3.00 0.33 10.00 17.00 24.00 17.00 22.00 12.00 1.00 0.00 0.00 0.00 0.00
214.00 33.00 43.00 99.00 168.00 56.00 69.00 0.09 0.97 1.00 3.00 0.33 9.00 17.00 24.00 16.00 24.00 9.00 1.00 0.00 1.00 0.00 0.00
215.00 33.00 33.00 99.00 175.00 66.00 76.00 0.10 1.05 1.00 3.00 0.33 7.00 15.00 26.00 18.00 22.00 11.00 0.00 0.00 1.00 0.00 0.00
216.00 32.00 35.00 93.00 168.00 58.00 75.00 0.08 0.97 1.00 2.00 0.50 9.00 17.00 23.00 15.00 26.00 6.00 1.00 0.00 2.00 0.00 0.00
217.00 26.00 30.00 75.00 140.00 45.00 65.00 0.09 0.95 1.00 2.00 0.50 5.00 10.00 21.00 16.00 12.00 14.00 1.00 0.00 0.00 0.00 0.00
218.00 28.00 34.00 82.00 152.00 48.00 70.00 0.09 0.97 1.00 2.00 0.50 5.00 11.00 23.00 17.00 16.00 12.00 2.00 0.00 1.00 0.00 0.00
219.00 30.00 44.00 87.00 153.00 43.00 66.00 0.09 0.88 1.00 3.00 0.33 7.00 15.00 23.00 15.00 19.00 11.00 0.00 0.00 0.00 0.00 0.00
220.00 28.00 37.00 79.00 144.00 42.00 65.00 0.09 0.84 1.00 2.00 0.50 8.00 10.00 20.00 18.00 15.00 13.00 0.00 0.00 1.00 0.00 0.00
221.00 26.00 25.00 75.00 139.00 50.00 64.00 0.09 1.12 1.00 1.00 1.00 6.00 10.00 20.00 16.00 15.00 11.00 0.00 0.00 1.00 0.00 1.00
222.00 37.00 46.00 108.00 184.00 62.00 76.00 0.08 1.51 1.00 2.00 0.50 10.00 17.00 27.00 20.00 21.00 16.00 0.00 0.00 1.00 0.00 0.00
223.00 31.00 33.00 89.00 156.00 56.00 67.00 0.09 1.10 1.00 2.00 0.50 5.00 13.00 26.00 18.00 20.00 11.00 0.00 0.00 1.00 0.00 0.00
224.00 27.00 31.00 75.00 132.00 44.00 57.00 0.10 0.94 1.00 2.00 0.50 10.00 14.00 17.00 13.00 17.00 10.00 0.00 0.00 1.00 0.00 0.00
225.00 30.00 33.00 81.00 153.00 48.00 72.00 0.08 0.86 1.00 1.00 1.00 6.00 15.00 24.00 15.00 24.00 6.00 1.00 0.00 1.00 0.00 0.00
226.00 26.00 33.00 73.00 135.00 40.00 62.00 0.09 0.86 1.00 1.00 1.00 6.00 11.00 20.00 15.00 17.00 9.00 0.00 0.00 1.00 0.00 0.00
227.00 30.00 32.00 80.00 147.00 48.00 67.00 0.09 1.31 1.00 2.00 0.50 6.00 14.00 24.00 16.00 19.00 11.00 0.00 0.00 1.00 1.00 0.00
228.00 27.00 35.00 76.00 138.00 41.00 62.00 0.09 0.85 1.00 2.00 0.50 6.00 11.00 21.00 16.00 16.00 11.00 0.00 0.00 1.00 0.00 0.00
229.00 26.00 27.00 71.00 134.00 44.00 63.00 0.08 0.84 1.00 1.00 1.00 5.00 9.00 21.00 17.00 15.00 11.00 0.00 0.00 0.00 0.00 0.00
230.00 27.00 32.00 77.00 127.00 45.00 50.00 0.09 0.92 1.00 1.00 1.00 2.00 13.00 25.00 14.00 19.00 8.00 0.00 0.00 0.00 0.00 0.00
231.00 24.00 25.00 65.00 119.00 40.00 54.00 0.10 0.70 1.00 0.00 0.00 5.00 10.00 19.00 14.00 14.00 10.00 0.00 0.00 0.00 0.00 0.00
232.00 29.00 38.00 92.00 149.00 54.00 57.00 0.08 0.77 1.00 1.00 1.00 6.00 12.00 23.00 17.00 20.00 9.00 0.00 0.00 0.00 0.00 0.00
233.00 23.00 20.00 67.00 116.00 47.00 49.00 0.07 0.78 1.00 1.00 1.00 5.00 8.00 18.00 15.00 15.00 8.00 0.00 0.00 0.00 0.00 0.00
234.00 12.00 8.00 26.00 60.00 18.00 34.00 0.09 0.35 1.00 0.00 0.00 3.00 5.00 9.00 7.00 7.00 5.00 0.00 0.00 0.00 0.00 0.00
235.00 27.00 33.00 82.00 141.00 49.00 59.00 0.09 0.70 1.00 1.00 1.00 7.00 13.00 20.00 14.00 18.00 9.00 0.00 0.00 0.00 0.00 0.00
236.00 29.00 35.00 80.00 145.00 45.00 65.00 0.08 0.98 1.00 1.00 1.00 8.00 19.00 21.00 10.00 21.00 8.00 0.00 0.00 0.00 0.00 0.00
237.00 26.00 29.00 68.00 136.00 39.00 68.00 0.09 0.83 1.00 2.00 0.50 7.00 13.00 19.00 13.00 19.00 7.00 0.00 0.00 0.00 0.00 0.00
238.00 25.00 13.00 54.00 115.00 41.00 61.00 0.07 0.96 1.00 1.00 1.00 7.00 13.00 18.00 12.00 18.00 7.00 0.00 0.00 0.00 0.00 0.00
239.00 16.00 11.00 32.00 75.00 21.00 43.00 0.09 1.06 0.00 1.00 0.00 4.00 10.00 12.00 6.00 11.00 5.00 0.00 0.00 0.00 0.00 0.00
240.00 19.00 21.00 51.00 104.00 30.00 53.00 0.09 0.87 1.00 1.00 1.00 3.00 7.00 16.00 12.00 10.00 9.00 0.00 0.00 0.00 0.00 0.00
241.00 16.00 8.00 36.00 79.00 28.00 43.00 0.07 0.85 1.00 1.00 1.00 8.00 9.00 8.00 7.00 12.00 4.00 0.00 0.00 0.00 0.00 0.00
242.00 22.00 13.00 54.00 115.00 41.00 61.00 0.09 0.99 1.00 0.00 0.00 8.00 13.00 14.00 9.00 16.00 6.00 0.00 0.00 1.00 1.00 0.00
243.00 19.00 15.00 51.00 99.00 36.00 48.00 0.09 0.58 0.00 2.00 0.00 7.00 9.00 12.00 10.00 14.00 5.00 1.00 0.00 1.00 0.00 0.00
244.00 17.00 9.00 36.00 78.00 27.00 42.00 0.08 0.61 0.00 1.00 0.00 5.00 10.00 12.00 7.00 12.00 5.00 0.00 0.00 0.00 0.00 0.00
245.00 17.00 14.00 46.00 87.00 32.00 41.00 0.08 0.60 0.00 0.00 0.00 4.00 8.00 13.00 9.00 12.00 5.00 0.00 0.00 0.00 0.00 0.00
246.00 11.00 2.00 15.00 51.00 13.00 36.00 0.08 0.74 0.00 0.00 0.00 5.00 8.00 6.00 3.00 8.00 3.00 0.00 0.00 0.00 0.00 0.00
247.00 17.00 15.00 35.00 78.00 20.00 43.00 0.09 0.54 0.00 0.00 0.00 5.00 10.00 12.00 7.00 11.00 6.00 0.00 0.00 0.00 0.00 0.00
248.00 14.00 11.00 30.00 64.00 19.00 34.00 0.08 0.56 0.00 0.00 0.00 5.00 10.00 9.00 4.00 13.00 1.00 0.00 0.00 0.00 0.00 0.00
249.00 13.00 8.00 25.00 65.00 17.00 40.00 0.08 0.61 0.00 0.00 0.00 3.00 8.00 10.00 5.00 10.00 3.00 0.00 0.00 0.00 0.00 0.00
250.00 6.00 2.00 8.00 27.00 6.00 19.00 0.08 0.37 0.00 0.00 0.00 2.00 5.00 4.00 1.00 5.00 1.00 0.00 0.00 0.00 0.00 0.00
251.00 6.00 2.00 10.00 28.00 8.00 18.00 0.09 0.30 0.00 0.00 0.00 3.00 4.00 3.00 2.00 5.00 1.00 0.00 0.00 0.00 0.00 0.00
252.00 12.00 8.00 28.00 52.00 20.00 24.00 0.09 0.56 0.00 0.00 0.00 7.00 8.00 5.00 4.00 9.00 3.00 0.00 0.00 0.00 0.00 0.00
253.00 3.00 0.00 0.00 10.00 0.00 10.00 0.08 0.52 0.00 0.00 0.00 2.00 3.00 1.00 0.00 3.00 0.00 0.00 0.00 0.00 0.00 0.00
254.00 3.00 0.00 0.00 10.00 0.00 10.00 0.09 0.07 0.00 0.00 0.00 2.00 3.00 1.00 0.00 3.00 0.00 0.00 0.00 0.00 0.00 0.00
255.00 12.00 3.00 23.00 56.00 20.00 33.00 0.09 0.77 0.00 0.00 0.00 2.00 6.00 10.00 6.00 10.00 2.00 0.00 0.00 0.00 0.00 0.00
256.00 9.00 0.00 10.00 37.00 10.00 27.00 0.09 0.57 0.00 0.00 0.00 3.00 6.00 6.00 3.00 9.00 0.00 0.00 0.00 0.00 0.00 0.00
257.00 11.00 7.00 21.00 47.00 14.00 26.00 0.09 0.51 0.00 0.00 0.00 5.00 6.00 6.00 5.00 11.00 0.00 0.00 0.00 0.00 0.00 0.00
258.00 7.00 4.00 12.00 28.00 8.00 16.00 0.09 0.31 0.00 0.00 0.00 2.00 3.00 5.00 4.00 5.00 2.00 0.00 0.00 0.00 0.00 0.00
259.00 3.00 0.00 0.00 10.00 0.00 10.00 0.10 0.33 0.00 0.00 0.00 2.00 3.00 1.00 0.00 3.00 0.00 0.00 0.00 0.00 0.00 0.00
260.00 7.00 0.00 4.00 29.00 4.00 25.00 0.09 0.53 0.00 0.00 0.00 3.00 4.00 4.00 3.00 7.00 0.00 0.00 0.00 0.00 0.00 0.00
261.00 3.00 0.00 0.00 1.00 0.00 1.00 0.08 0.15 0.00 0.00 0.00 2.00 3.00 1.00 0.00 3.00 0.00 0.00 0.00 0.00 0.00 0.00
262.00 2.00 0.00 0.00 5.00 0.00 5.00 0.07 0.03 0.00 0.00 0.00 2.00 2.00 0.00 0.00 2.00 0.00 0.00 0.00 0.00 0.00 0.00
