0.00 2.00 0.00 0.00 0.00 0.00 0.00 0.08 0.09 0.00 0.00 0.00 2.00 2.00 0.00 0.00 2.00 0.00 0.00 0.00 0.00 0.00 0.00
1.00 3.00 0.00 1.00 4.00 1.00 3.00 0.08 0.18 0.00 0.00 0.00 2.00 3.00 1.00 0.00 3.00 0.00 0.00 0.00 0.00 0.00 0.00
2.00 4.00 0.00 0.00 9.00 0.00 9.00 0.09 0.33 0.00 0.00 0.00 2.00 4.00 2.00 0.00 4.00 0.00 0.00 0.00 0.00 0.00 0.00
3.00 3.00 0.00 0.00 7.00 0.00 7.00 0.08 0.30 0.00 0.00 0.00 2.00 3.00 1.00 0.00 3.00 0.00 0.00 0.00 0.00 0.00 0.00
4.00 4.00 0.00 4.00 12.00 4.00 8.00 0.08 0.21 0.00 0.00 0.00 2.00 4.00 2.00 0.00 4.00 0.00 0.00 0.00 0.00 0.00 0.00
5.00 5.00 0.00 3.00 21.00 3.00 18.00 0.09 0.33 0.00 0.00 0.00 2.00 5.00 3.00 0.00 5.00 0.00 0.00 0.00 0.00 0.00 0.00
6.00 6.00 1.00 3.00 18.00 2.00 15.00 0.08 0.41 0.00 0.00 0.00 3.00 5.00 3.00 1.00 6.00 0.00 0.00 0.00 0.00 0.00 0.00
7.00 6.00 2.00 8.00 24.00 6.00 16.00 0.09 0.32 0.00 0.00 0.00 3.00 5.00 3.00 1.00 6.00 0.00 0.00 0.00 0.00 0.00 0.00
8.00 3.00 0.00 0.00 6.00 0.00 6.00 0.08 0.17 0.00 0.00 0.00 2.00 3.00 1.00 0.00 3.00 0.00 0.00 0.00 0.00 0.00 0.00
9.00 6.00 1.00 6.00 17.00 5.00 11.00 0.08 0.36 0.00 0.00 0.00 3.00 5.00 3.00 1.00 6.00 0.00 0.00 0.00 0.00 1.00 0.00
10.00 9.00 2.00 11.00 33.00 9.00 22.00 0.10 0.42 0.00 0.00 0.00 4.00 6.00 5.00 3.00 8.00 1.00 0.00 0.00 0.00 0.00 0.00
11.00 4.00 1.00 5.00 16.00 4.00 11.00 0.09 0.15 0.00 0.00 0.00 3.00 3.00 1.00 1.00 4.00 0.00 0.00 0.00 0.00 0.00 0.00
12.00 12.00 3.00 19.00 56.00 16.00 37.00 0.09 0.65 0.00 0.00 0.00 4.00 9.00 8.00 3.00 11.00 1.00 0.00 0.00 0.00 0.00 0.00
13.00 10.00 6.00 20.00 43.00 14.00 23.00 0.10 0.57 0.00 0.00 0.00 6.00 7.00 4.00 3.00 8.00 2.00 0.00 0.00 0.00 0.00 0.00
14.00 7.00 3.00 11.00 30.00 8.00 19.00 0.07 0.37 0.00 0.00 0.00 2.00 7.00 5.00 0.00 7.00 0.00 0.00 0.00 0.00 0.00 0.00
15.00 8.00 3.00 14.00 34.00 11.00 20.00 0.08 0.26 0.00 0.00 0.00 4.00 6.00 4.00 2.00 7.00 1.00 0.00 0.00 0.00 0.00 0.00
16.00 4.00 0.00 2.00 16.00 2.00 14.00 0.09 0.15 0.00 0.00 0.00 2.00 4.00 2.00 0.00 4.00 0.00 0.00 0.00 0.00 0.00 0.00
17.00 6.00 1.00 8.00 25.00 7.00 17.00 0.10 0.36 0.00 0.00 0.00 2.00 3.00 4.00 3.00 5.00 1.00 0.00 0.00 0.00 0.00 0.00
18.00 10.00 1.00 17.00 41.00 16.00 24.00 0.08 0.67 0.00 0.00 0.00 2.00 5.00 8.00 5.00 7.00 3.00 0.00 0.00 0.00 0.00 0.00
19.00 14.00 12.00 27.00 60.00 15.00 33.00 0.09 1.68 0.00 0.00 0.00 6.00 9.00 8.00 5.00 11.00 3.00 0.00 0.00 1.00 0.00 0.00
20.00 11.00 8.00 25.00 49.00 17.00 24.00 0.09 0.32 0.00 0.00 0.00 7.00 9.00 4.00 2.00 9.00 2.00 0.00 0.00 1.00 0.00 0.00
21.00 10.00 7.00 19.00 46.00 12.00 27.00 0.09 0.36 0.00 0.00 0.00 3.00 3.00 7.00 7.00 7.00 3.00 0.00 0.00 0.00 0.00 0.00
22.00 8.00 3.00 11.00 32.00 8.00 21.00 0.09 0.46 0.00 0.00 0.00 4.00 6.00 4.00 2.00 8.00 0.00 0.00 0.00 0.00 0.00 0.00
23.00 10.00 7.00 20.00 44.00 13.00 24.00 0.10 0.44 0.00 0.00 0.00 4.00 5.00 6.00 5.00 8.00 2.00 0.00 0.00 0.00 0.00 0.00
24.00 9.00 3.00 15.00 41.00 12.00 26.00 0.08 0.39 0.00 0.00 0.00 3.00 8.00 6.00 1.00 8.00 1.00 0.00 0.00 1.00 0.00 0.00
25.00 13.00 10.00 28.00 62.00 18.00 34.00 0.10 0.52 0.00 0.00 0.00 3.00 7.00 10.00 6.00 8.00 5.00 0.00 0.00 0.00 0.00 0.00
26.00 11.00 9.00 25.00 54.00 16.00 29.00 0.08 0.43 0.00 0.00 0.00 8.00 9.00 3.00 2.00 10.00 1.00 0.00 0.00 1.00 0.00 0.00
27.00 11.00 6.00 23.00 52.00 17.00 29.00 0.08 0.33 0.00 0.00 0.00 2.00 7.00 9.00 4.00 8.00 3.00 0.00 0.00 0.00 0.00 0.00
28.00 7.00 3.00 9.00 26.00 6.00 17.00 0.09 0.35 0.00 0.00 0.00 3.00 5.00 4.00 2.00 5.00 2.00 0.00 0.00 1.00 0.00 0.00
29.00 9.00 7.00 20.00 38.00 13.00 18.00 0.09 0.44 0.00 0.00 0.00 3.00 6.00 6.00 3.00 9.00 0.00 0.00 0.00 0.00 0.00 0.00
30.00 11.00 5.00 22.00 53.00 17.00 31.00 0.10 0.56 0.00 1.00 0.00 5.00 7.00 6.00 4.00 9.00 2.00 0.00 0.00 0.00 0.00 0.00
31.00 13.00 13.00 32.00 63.00 19.00 31.00 0.09 0.49 0.00 1.00 0.00 2.00 6.00 11.00 7.00 7.00 6.00 0.00 0.00 0.00 0.00 0.00
32.00 14.00 13.00 36.00 66.00 23.00 30.00 0.09 0.51 0.00 1.00 0.00 5.00 8.00 9.00 6.00 11.00 3.00 0.00 0.00 0.00 0.00 0.00
33.00 9.00 6.00 16.00 43.00 10.00 27.00 0.10 0.30 0.00 0.00 0.00 1.00 5.00 8.00 4.00 7.00 2.00 0.00 0.00 0.00 0.00 0.00
34.00 13.00 15.00 30.00 59.00 15.00 29.00 0.09 0.55 0.00 1.00 0.00 4.00 6.00 9.00 7.00 8.00 5.00 0.00 0.00 0.00 0.00 0.00
35.00 12.00 7.00 25.00 58.00 18.00 33.00 0.09 0.41 0.00 1.00 0.00 3.00 8.00 9.00 4.00 10.00 2.00 0.00 0.00 0.00 0.00 0.00
36.00 12.00 10.00 27.00 52.00 17.00 25.00 0.08 0.53 0.00 1.00 0.00 5.00 9.00 7.00 3.00 9.00 3.00 0.00 0.00 0.00 0.00 0.00
37.00 11.00 7.00 22.00 52.00 15.00 30.00 0.08 0.40 0.00 1.00 0.00 1.00 4.00 10.00 7.00 7.00 4.00 0.00 0.00 0.00 0.00 0.00
38.00 15.00 16.00 36.00 72.00 20.00 36.00 0.08 0.66 0.00 0.00 0.00 5.00 9.00 10.00 6.00 10.00 5.00 0.00 0.00 0.00 0.00 0.00
39.00 13.00 14.00 31.00 61.00 17.00 30.00 0.08 0.46 0.00 1.00 0.00 5.00 8.00 8.00 5.00 11.00 2.00 0.00 0.00 0.00 0.00 0.00
40.00 11.00 7.00 25.00 51.00 18.00 26.00 0.08 0.48 0.00 1.00 0.00 1.00 3.00 10.00 8.00 6.00 5.00 0.00 0.00 0.00 0.00 0.00
41.00 17.00 14.00 38.00 84.00 24.00 46.00 0.08 0.66 0.00 1.00 0.00 4.00 10.00 13.00 7.00 11.00 6.00 0.00 0.00 0.00 0.00 0.00
42.00 15.00 15.00 34.00 67.00 19.00 33.00 0.10 0.67 0.00 1.00 0.00 6.00 9.00 9.00 6.00 12.00 3.00 0.00 0.00 0.00 0.00 0.00
43.00 14.00 15.00 33.00 70.00 18.00 37.00 0.08 0.57 0.00 1.00 0.00 4.00 7.00 10.00 7.00 9.00 5.00 0.00 0.00 0.00 0.00 0.00
44.00 13.00 13.00 32.00 64.00 19.00 32.00 0.08 0.39 0.00 1.00 0.00 3.00 8.00 10.00 5.00 9.00 4.00 0.00 0.00 0.00 1.00 0.00
45.00 12.00 10.00 29.00 56.00 19.00 27.00 0.09 0.37 0.00 1.00 0.00 2.00 8.00 10.00 4.00 11.00 1.00 0.00 0.00 0.00 0.00 0.00
46.00 13.00 10.00 32.00 61.00 22.00 29.00 0.09 0.50 0.00 1.00 0.00 3.00 9.00 10.00 4.00 10.00 3.00 0.00 0.00 1.00 0.00 0.00
47.00 11.00 7.00 24.00 45.00 17.00 21.00 0.09 0.42 0.00 1.00 0.00 3.00 8.00 8.00 3.00 9.00 2.00 0.00 0.00 0.00 0.00 0.00
48.00 8.00 5.00 16.00 39.00 11.00 23.00 0.09 0.35 0.00 1.00 0.00 3.00 5.00 5.00 3.00 6.00 2.00 0.00 0.00 0.00 0.00 0.00
49.00 11.00 7.00 23.00 48.00 16.00 25.00 0.07 0.39 0.00 1.00 0.00 6.00 8.00 5.00 3.00 10.00 1.00 0.00 0.00 0.00 0.00 0.00
50.00 12.00 6.00 22.00 56.00 16.00 34.00 0.08 0.45 0.00 0.00 0.00 2.00 7.00 10.00 5.00 9.00 3.00 0.00 0.00 0.00 0.00 0.00
51.00 7.00 1.00 9.00 31.00 8.00 22.00 0.10 0.26 0.00 0.00 0.00 3.00 6.00 4.00 1.00 7.00 0.00 0.00 0.00 0.00 0.00 0.00
52.00 4.00 0.00 2.00 10.00 2.00 8.00 0.09 0.42 0.00 0.00 0.00 2.00 4.00 2.00 0.00 4.00 0.00 0.00 0.00 0.00 0.00 0.00
53.00 6.00 3.00 11.00 25.00 8.00 14.00 0.07 0.20 0.00 0.00 0.00 1.00 3.00 5.00 3.00 4.00 2.00 0.00 0.00 0.00 0.00 0.00
54.00 6.00 2.00 8.00 27.00 6.00 19.00 0.07 0.27 0.00 0.00 0.00 2.00 5.00 4.00 1.00 5.00 1.00 0.00 0.00 0.00 0.00 0.00
55.00 13.00 7.00 27.00 66.00 20.00 39.00 0.08 0.46 0.00 0.00 0.00 5.00 7.00 8.00 6.00 11.00 2.00 0.00 0.00 0.00 0.00 0.00
56.00 8.00 1.00 13.00 37.00 12.00 24.00 0.09 0.20 0.00 1.00 0.00 3.00 5.00 5.00 3.00 7.00 1.00 0.00 0.00 0.00 0.00 0.00
57.00 11.00 3.00 19.00 53.00 16.00 34.00 0.10 0.38 0.00 0.00 0.00 3.00 5.00 8.00 6.00 8.00 3.00 0.00 0.00 0.00 0.00 0.00
58.00 5.00 0.00 4.00 18.00 4.00 14.00 0.09 0.33 0.00 0.00 0.00 2.00 3.00 3.00 2.00 5.00 0.00 0.00 0.00 0.00 0.00 0.00
59.00 13.00 7.00 24.00 63.00 17.00 39.00 0.08 0.36 0.00 0.00 0.00 2.00 6.00 11.00 7.00 9.00 4.00 0.00 0.00 1.00 0.00 0.00
60.00 14.00 9.00 31.00 67.00 22.00 36.00 0.09 0.39 0.00 0.00 0.00 3.00 8.00 11.00 6.00 10.00 4.00 0.00 0.00 0.00 0.00 0.00
61.00 12.00 7.00 23.00 54.00 16.00 31.00 0.09 0.37 0.00 0.00 0.00 5.00 7.00 7.00 5.00 10.00 2.00 0.00 0.00 1.00 0.00 0.00
62.00 11.00 4.00 21.00 52.00 17.00 31.00 0.08 0.49 0.00 0.00 0.00 4.00 7.00 7.00 4.00 11.00 0.00 0.00 0.00 1.00 0.00 0.00
63.00 13.00 13.00 31.00 61.00 18.00 30.00 0.09 0.42 0.00 0.00 0.00 4.00 9.00 9.00 4.00 9.00 4.00 0.00 0.00 1.00 0.00 0.00
64.00 9.00 6.00 19.00 46.00 13.00 27.00 0.09 0.28 0.00 0.00 0.00 3.00 5.00 6.00 4.00 8.00 1.00 0.00 0.00 1.00 0.00 0.00
65.00 16.00 14.00 36.00 73.00 22.00 37.00 0.08 0.51 0.00 0.00 0.00 6.00 10.00 10.00 6.00 13.00 3.00 0.00 0.00 1.00 0.00 0.00
66.00 10.00 6.00 20.00 48.00 14.00 28.00 0.09 0.33 0.00 0.00 0.00 3.00 6.00 7.00 4.00 9.00 1.00 0.00 0.00 1.00 0.00 0.00
67.00 10.00 2.00 19.00 50.00 17.00 31.00 0.08 0.50 0.00 0.00 0.00 2.00 6.00 8.00 4.00 10.00 0.00 0.00 0.00 0.00 0.00 0.00
68.00 9.00 6.00 17.00 41.00 11.00 24.00 0.07 0.53 0.00 0.00 0.00 1.00 4.00 8.00 5.00 7.00 2.00 0.00 0.00 0.00 0.00 0.00
69.00 13.00 9.00 26.00 66.00 17.00 40.00 0.10 0.47 0.00 0.00 0.00 5.00 9.00 8.00 4.00 12.00 1.00 0.00 0.00 0.00 1.00 0.00
70.00 16.00 12.00 33.00 73.00 21.00 40.00 0.08 0.74 0.00 0.00 0.00 6.00 9.00 10.00 7.00 13.00 3.00 0.00 0.00 0.00 1.00 0.00
71.00 13.00 11.00 26.00 63.00 15.00 37.00 0.09 0.62 0.00 0.00 0.00 3.00 7.00 10.00 6.00 11.00 2.00 0.00 0.00 0.00 1.00 0.00
72.00 16.00 15.00 36.00 76.00 21.00 40.00 0.09 0.53 0.00 0.00 0.00 7.00 11.00 9.00 5.00 12.00 4.00 0.00 0.00 0.00 1.00 0.00
73.00 13.00 3.00 22.00 58.00 19.00 36.00 0.08 0.89 0.00 0.00 0.00 5.00 10.00 8.00 3.00 12.00 1.00 0.00 0.00 0.00 0.00 1.00
74.00 16.00 15.00 39.00 76.00 24.00 37.00 0.10 0.63 0.00 0.00 0.00 4.00 8.00 12.00 8.00 12.00 4.00 0.00 0.00 0.00 0.00 1.00
75.00 18.00 15.00 46.00 86.00 31.00 40.00 0.10 0.58 0.00 0.00 0.00 3.00 8.00 15.00 10.00 13.00 5.00 0.00 0.00 0.00 0.00 1.00
76.00 18.00 17.00 42.00 85.00 25.00 43.00 0.08 0.64 0.00 0.00 0.00 6.00 11.00 12.00 7.00 14.00 4.00 0.00 0.00 0.00 0.00 0.00
77.00 20.00 13.00 52.00 98.00 39.00 46.00 0.09 0.74 0.00 0.00 0.00 4.00 12.00 16.00 8.00 15.00 5.00 0.00 0.00 0.00 0.00 1.00
78.00 20.00 11.00 42.00 96.00 31.00 54.00 0.09 0.84 0.00 0.00 0.00 8.00 12.00 12.00 8.00 16.00 4.00 0.00 0.00 1.00 0.00 0.00
79.00 17.00 13.00 43.00 79.00 30.00 36.00 0.07 0.60 0.00 0.00 0.00 7.00 11.00 10.00 6.00 12.00 5.00 0.00 1.00 0.00 0.00 0.00
80.00 21.00 20.00 58.00 108.00 38.00 50.00 0.10 0.70 0.00 0.00 0.00 3.00 11.00 18.00 10.00 17.00 4.00 0.00 0.00 0.00 1.00 0.00
81.00 22.00 21.00 56.00 108.00 35.00 52.00 0.09 0.73 0.00 0.00 0.00 5.00 10.00 17.00 12.00 15.00 7.00 0.00 0.00 0.00 0.00 0.00
82.00 20.00 16.00 51.00 98.00 35.00 47.00 0.08 0.73 0.00 0.00 0.00 3.00 11.00 17.00 9.00 13.00 7.00 0.00 0.00 0.00 1.00 0.00
83.00 21.00 18.00 55.00 105.00 37.00 50.00 0.08 0.71 0.00 0.00 0.00 2.00 8.00 19.00 13.00 14.00 7.00 0.00 0.00 0.00 0.00 0.00
84.00 22.00 25.00 61.00 112.00 36.00 51.00 0.07 0.74 0.00 0.00 0.00 5.00 10.00 17.00 12.00 15.00 7.00 0.00 0.00 0.00 1.00 0.00
85.00 20.00 21.00 50.00 103.00 29.00 53.00 0.09 0.72 0.00 0.00 0.00 7.00 10.00 13.00 10.00 14.00 6.00 0.00 0.00 0.00 0.00 0.00
86.00 26.00 27.00 67.00 139.00 40.00 72.00 0.07 1.04 0.00 0.00 0.00 6.00 13.00 20.00 13.00 19.00 7.00 0.00 0.00 0.00 0.00 0.00
87.00 12.00 3.00 21.00 54.00 18.00 33.00 0.08 0.50 0.00 0.00 0.00 5.00 7.00 7.00 5.00 10.00 2.00 0.00 0.00 0.00 0.00 0.00
88.00 19.00 14.00 43.00 98.00 29.00 55.00 0.08 0.83 1.00 0.00 0.00 4.00 9.00 15.00 10.00 13.00 6.00 0.00 0.00 1.00 0.00 0.00
89.00 27.00 21.00 68.00 129.00 47.00 61.00 0.08 0.90 1.00 0.00 0.00 9.00 16.00 18.00 11.00 22.00 5.00 0.00 0.00 2.00 0.00 0.00
90.00 18.00 21.00 42.00 86.00 21.00 44.00 0.09 0.59 1.00 0.00 0.00 3.00 10.00 15.00 8.00 13.00 5.00 0.00 0.00 1.00 0.00 0.00
91.00 20.00 18.00 50.00 103.00 32.00 53.00 0.08 0.70 0.00 0.00 0.00 2.00 7.00 18.00 13.00 13.00 7.00 0.00 0.00 2.00 0.00 0.00
92.00 16.00 18.00 39.00 79.00 21.00 40.00 0.10 0.49 1.00 0.00 0.00 3.00 7.00 13.00 9.00 10.00 6.00 0.00 0.00 1.00 0.00 0.00
93.00 24.00 29.00 65.00 121.00 36.00 56.00 0.09 0.87 1.00 0.00 0.00 7.00 11.00 17.00 13.00 15.00 9.00 0.00 0.00 0.00 0.00 0.00
94.00 22.00 23.00 56.00 109.00 33.00 53.00 0.10 1.22 1.00 0.00 0.00 4.00 11.00 18.00 11.00 14.00 8.00 0.00 0.00 0.00 0.00 0.00
95.00 23.00 27.00 68.00 118.00 41.00 50.00 0.10 0.91 1.00 0.00 0.00 4.00 8.00 19.00 15.00 16.00 7.00 0.00 0.00 0.00 0.00 0.00
96.00 19.00 22.00 49.00 96.00 27.00 47.00 0.08 0.58 1.00 0.00 0.00 2.00 7.00 17.00 12.00 8.00 11.00 0.00 0.00 0.00 0.00 0.00
97.00 22.00 22.00 62.00 112.00 40.00 50.00 0.09 0.82 1.00 0.00 0.00 5.00 10.00 17.00 12.00 15.00 7.00 0.00 0.00 0.00 0.00 0.00
98.00 17.00 16.00 44.00 85.00 28.00 41.00 0.07 0.69 1.00 1.00 1.00 2.00 7.00 15.00 10.00 10.00 7.00 0.00 0.00 1.00 0.00 0.00
99.00 18.00 18.00 53.00 93.00 35.00 40.00 0.08 0.60 1.00 0.00 0.00 8.00 10.00 10.00 8.00 13.00 5.00 0.00 0.00 0.00 0.00 0.00
100.00 20.00 20.00 55.00 104.00 35.00 49.00 0.09 0.62 1.00 0.00 0.00 5.00 8.00 15.00 12.00 11.00 9.00 0.00 0.00 0.00 0.00 0.00
101.00 25.00 31.00 70.00 124.00 39.00 54.00 0.08 0.76 1.00 1.00 1.00 7.00 13.00 18.00 12.00 19.00 6.00 0.00 0.00 0.00 0.00 0.00
102.00 26.00 21.00 71.00 122.00 50.00 51.00 0.10 0.66 1.00 1.00 1.00 12.00 16.00 14.00 10.00 19.00 7.00 0.00 1.00 0.00 0.00 0.00
103.00 18.00 18.00 49.00 90.00 31.00 41.00 0.09 0.46 1.00 1.00 1.00 5.00 10.00 13.00 8.00 12.00 6.00 0.00 0.00 0.00 0.00 0.00
104.00 20.00 20.00 53.00 104.00 33.00 51.00 0.09 0.60 0.00 2.00 0.00 7.00 12.00 13.00 8.00 15.00 5.00 0.00 0.00 0.00 0.00 0.00
105.00 28.00 28.00 68.00 135.00 40.00 67.00 0.08 0.75 1.00 1.00 1.00 10.00 15.00 18.00 13.00 20.00 8.00 0.00 0.00 0.00 0.00 0.00
106.00 24.00 20.00 64.00 126.00 44.00 62.00 0.09 0.73 1.00 1.00 1.00 6.00 9.00 18.00 15.00 13.00 11.00 0.00 0.00 0.00 0.00 0.00
107.00 24.00 34.00 74.00 127.00 40.00 53.00 0.10 0.66 1.00 2.00 0.50 8.00 12.00 16.00 12.00 16.00 8.00 0.00 0.00 0.00 0.00 0.00
108.00 21.00 20.00 56.00 106.00 36.00 50.00 0.08 0.77 1.00 1.00 1.00 3.00 15.00 18.00 6.00 16.00 5.00 0.00 0.00 0.00 0.00 0.00
109.00 23.00 29.00 70.00 122.00 41.00 52.00 0.08 0.66 1.00 1.00 1.00 7.00 9.00 16.00 14.00 14.00 9.00 0.00 0.00 0.00 0.00 0.00
110.00 24.00 31.00 72.00 124.00 41.00 52.00 0.08 0.70 1.00 0.00 0.00 9.00 16.00 15.00 8.00 18.00 6.00 0.00 0.00 0.00 0.00 0.00
111.00 23.00 18.00 63.00 117.00 45.00 54.00 0.07 0.81 1.00 0.00 0.00 4.00 9.00 19.00 14.00 15.00 8.00 0.00 0.00 0.00 0.00 0.00
112.00 22.00 28.00 59.00 107.00 31.00 48.00 0.09 0.63 1.00 0.00 0.00 5.00 13.00 17.00 9.00 15.00 7.00 0.00 0.00 0.00 0.00 0.00
113.00 21.00 23.00 61.00 111.00 38.00 50.00 0.08 0.72 1.00 0.00 0.00 4.00 11.00 17.00 10.00 15.00 6.00 1.00 0.00 0.00 0.00 0.00
114.00 24.00 27.00 62.00 117.00 35.00 55.00 0.08 0.86 1.00 1.00 1.00 3.00 10.00 21.00 14.00 16.00 8.00 0.00 0.00 1.00 0.00 0.00
115.00 26.00 30.00 69.00 135.00 39.00 66.00 0.08 0.99 1.00 2.00 0.50 8.00 13.00 18.00 13.00 16.00 10.00 0.00 0.00 1.00 0.00 0.00
116.00 24.00 25.00 65.00 122.00 40.00 57.00 0.09 0.83 1.00 1.00 1.00 7.00 14.00 17.00 10.00 15.00 9.00 0.00 0.00 1.00 0.00 0.00
117.00 28.00 31.00 78.00 138.00 47.00 60.00 0.08 1.08 1.00 1.00 1.00 5.00 17.00 23.00 11.00 24.00 4.00 0.00 0.00 1.00 0.00 0.00
118.00 31.00 36.00 83.00 153.00 47.00 70.00 0.09 1.51 1.00 3.00 0.33 9.00 16.00 22.00 15.00 20.00 11.00 0.00 0.00 0.00 0.00 0.00
119.00 22.00 18.00 53.00 105.00 35.00 52.00 0.10 0.85 0.00 1.00 0.00 8.00 12.00 14.00 10.00 16.00 6.00 0.00 0.00 1.00 0.00 0.00
120.00 28.00 38.00 81.00 136.00 43.00 55.00 0.08 0.81 1.00 1.00 1.00 9.00 16.00 19.00 12.00 22.00 6.00 0.00 0.00 0.00 0.00 0.00
121.00 29.00 40.00 85.00 146.00 45.00 61.00 0.08 1.09 0.00 1.00 0.00 6.00 11.00 23.00 18.00 20.00 9.00 0.00 0.00 0.00 0.00 0.00
122.00 16.00 14.00 38.00 82.00 24.00 44.00 0.10 0.50 1.00 1.00 1.00 4.00 7.00 12.00 9.00 8.00 8.00 0.00 0.00 0.00 0.00 0.00
123.00 24.00 19.00 63.00 117.00 44.00 54.00 0.10 1.02 2.00 1.00 2.00 9.00 11.00 15.00 13.00 14.00 10.00 0.00 0.00 0.00 0.00 0.00
124.00 29.00 34.00 84.00 143.00 50.00 59.00 0.10 1.44 2.00 2.00 1.00 6.00 13.00 23.00 16.00 20.00 9.00 0.00 0.00 0.00 0.00 0.00
125.00 26.00 32.00 76.00 134.00 44.00 58.00 0.09 0.87 2.00 1.00 2.00 7.00 14.00 19.00 12.00 19.00 7.00 0.00 0.00 1.00 0.00 0.00
126.00 29.00 36.00 84.00 150.00 48.00 66.00 0.09 1.93 1.00 1.00 1.00 10.00 16.00 19.00 13.00 19.00 10.00 0.00 0.00 0.00 0.00 0.00
127.00 29.00 36.00 80.00 146.00 44.00 66.00 0.09 0.99 1.00 3.00 0.33 4.00 10.00 25.00 19.00 12.00 17.00 0.00 0.00 0.00 0.00 0.00
128.00 33.00 47.00 99.00 172.00 52.00 73.00 0.09 1.46 1.00 3.00 0.33 8.00 12.00 25.00 21.00 19.00 14.00 0.00 0.00 0.00 1.00 0.00
129.00 37.00 49.00 101.00 185.00 52.00 84.00 0.09 1.82 1.00 1.00 1.00 7.00 15.00 30.00 22.00 24.00 13.00 0.00 0.00 0.00 0.00 0.00
130.00 31.00 42.00 96.00 160.00 54.00 64.00 0.08 1.37 1.00 4.00 0.25 6.00 13.00 25.00 18.00 19.00 12.00 0.00 0.00 0.00 0.00 0.00
131.00 30.00 41.00 86.00 151.00 45.00 65.00 0.09 1.46 1.00 3.00 0.33 7.00 14.00 23.00 16.00 19.00 11.00 1.00 0.00 0.00 0.00 0.00
132.00 25.00 27.00 65.00 127.00 38.00 62.00 0.10 1.01 1.00 3.00 0.33 7.00 15.00 18.00 10.00 18.00 7.00 0.00 0.00 0.00 0.00 0.00
133.00 31.00 39.00 90.00 152.00 51.00 62.00 0.08 1.18 1.00 3.00 0.33 7.00 12.00 24.00 19.00 18.00 13.00 0.00 0.00 0.00 0.00 0.00
134.00 36.00 54.00 111.00 186.00 57.00 75.00 0.08 1.41 0.00 3.00 0.00 11.00 18.00 25.00 18.00 20.00 16.00 0.00 0.00 0.00 0.00 0.00
135.00 32.00 40.00 94.00 167.00 54.00 73.00 0.09 1.14 1.00 1.00 1.00 11.00 16.00 21.00 16.00 22.00 10.00 0.00 0.00 0.00 0.00 0.00
136.00 29.00 40.00 88.00 152.00 48.00 64.00 0.08 1.00 1.00 2.00 0.50 8.00 13.00 21.00 16.00 15.00 14.00 1.00 0.00 0.00 1.00 0.00
137.00 28.00 37.00 81.00 143.00 44.00 62.00 0.08 0.95 1.00 2.00 0.50 7.00 11.00 21.00 17.00 20.00 8.00 0.00 0.00 0.00 1.00 0.00
138.00 33.00 41.00 102.00 168.00 61.00 66.00 0.09 1.38 1.00 3.00 0.33 6.00 10.00 27.00 23.00 21.00 12.00 0.00 0.00 0.00 1.00 0.00
139.00 29.00 33.00 84.00 146.00 51.00 62.00 0.08 1.01 0.00 3.00 0.00 10.00 17.00 19.00 12.00 20.00 9.00 0.00 0.00 0.00 0.00 0.00
140.00 37.00 52.00 112.00 189.00 60.00 77.00 0.07 1.52 1.00 2.00 0.50 13.00 16.00 24.00 21.00 23.00 14.00 2.00 0.00 0.00 0.00 0.00
141.00 37.00 50.00 123.00 200.00 73.00 77.00 0.07 1.52 1.00 3.00 0.33 4.00 13.00 33.00 24.00 21.00 16.00 1.00 0.00 1.00 0.00 0.00
142.00 39.00 48.00 111.00 193.00 63.00 82.00 0.08 1.83 1.00 3.00 0.33 7.00 13.00 32.00 26.00 23.00 16.00 0.00 0.00 0.00 0.00 0.00
143.00 31.00 36.00 90.00 157.00 54.00 67.00 0.08 1.54 1.00 3.00 0.33 7.00 14.00 24.00 17.00 18.00 13.00 1.00 0.00 0.00 0.00 0.00
144.00 31.00 43.00 88.00 160.00 45.00 72.00 0.08 1.49 0.00 2.00 0.00 7.00 13.00 24.00 18.00 18.00 13.00 1.00 0.00 0.00 0.00 0.00
145.00 33.00 40.00 98.00 171.00 58.00 73.00 0.09 1.78 1.00 2.00 0.50 8.00 15.00 25.00 18.00 21.00 12.00 1.00 0.00 0.00 0.00 0.00
146.00 24.00 20.00 66.00 123.00 46.00 57.00 0.09 0.94 1.00 2.00 0.50 6.00 9.00 18.00 15.00 12.00 12.00 0.00 0.00 0.00 0.00 0.00
147.00 32.00 41.00 88.00 166.00 47.00 78.00 0.08 1.45 1.00 2.00 0.50 7.00 17.00 25.00 15.00 23.00 9.00 0.00 0.00 1.00 0.00 0.00
148.00 34.00 40.00 94.00 167.00 54.00 73.00 0.08 1.96 1.00 2.00 0.50 12.00 20.00 22.00 14.00 25.00 9.00 0.00 0.00 0.00 0.00 0.00
149.00 30.00 34.00 92.00 158.00 58.00 66.00 0.09 1.27 0.00 2.00 0.00 3.00 10.00 27.00 20.00 22.00 8.00 1.00 0.00 0.00 0.00 0.00
150.00 27.00 23.00 72.00 138.00 49.00 66.00 0.08 1.29 1.00 1.00 1.00 6.00 14.00 21.00 13.00 20.00 7.00 1.00 0.00 0.00 0.00 0.00
151.00 27.00 27.00 70.00 134.00 43.00 64.00 0.08 1.35 0.00 1.00 0.00 8.00 14.00 19.00 13.00 16.00 11.00 1.00 0.00 0.00 0.00 0.00
152.00 27.00 34.00 79.00 138.00 45.00 59.00 0.10 0.93 1.00 2.00 0.50 7.00 16.00 20.00 11.00 24.00 3.00 1.00 0.00 0.00 0.00 0.00
153.00 33.00 36.00 92.00 167.00 56.00 75.00 0.09 1.00 1.00 1.00 1.00 5.00 13.00 28.00 20.00 20.00 13.00 0.00 0.00 0.00 0.00 0.00
154.00 32.00 37.00 84.00 158.00 47.00 74.00 0.08 1.93 1.00 1.00 1.00 9.00 12.00 23.00 20.00 16.00 16.00 1.00 0.00 0.00 0.00 0.00
155.00 32.00 38.00 97.00 170.00 59.00 73.00 0.10 1.42 1.00 2.00 0.50 5.00 15.00 27.00 17.00 18.00 14.00 1.00 0.00 0.00 0.00 0.00
156.00 30.00 26.00 83.00 152.00 57.00 69.00 0.08 1.35 1.00 3.00 0.33 7.00 13.00 23.00 17.00 22.00 8.00 1.00 0.00 0.00 0.00 0.00
157.00 32.00 40.00 90.00 168.00 50.00 78.00 0.09 1.43 1.00 2.00 0.50 5.00 14.00 27.00 18.00 18.00 14.00 0.00 0.00 0.00 0.00 0.00
158.00 28.00 34.00 78.00 141.00 44.00 63.00 0.08 0.96 2.00 2.00 1.00 8.00 16.00 20.00 12.00 21.00 7.00 0.00 0.00 0.00 0.00 0.00
159.00 31.00 36.00 91.00 153.00 55.00 62.00 0.08 1.50 1.00 1.00 1.00 9.00 16.00 22.00 15.00 22.00 9.00 0.00 0.00 0.00 0.00 0.00
160.00 31.00 43.00 87.00 152.00 44.00 65.00 0.07 1.46 2.00 1.00 2.00 8.00 15.00 23.00 16.00 21.00 10.00 0.00 0.00 0.00 0.00 0.00
161.00 34.00 49.00 93.00 170.00 44.00 77.00 0.08 1.10 2.00 1.00 2.00 10.00 17.00 24.00 17.00 24.00 10.00 0.00 0.00 0.00 0.00 0.00
162.00 30.00 38.00 84.00 150.00 46.00 66.00 0.09 1.59 1.00 2.00 0.50 7.00 12.00 23.00 18.00 17.00 13.00 0.00 0.00 0.00 0.00 0.00
163.00 30.00 32.00 85.00 158.00 53.00 73.00 0.11 1.05 1.00 1.00 1.00 7.00 16.00 23.00 14.00 21.00 9.00 0.00 0.00 0.00 0.00 0.00
164.00 29.00 31.00 75.00 147.00 44.00 72.00 0.08 1.02 1.00 2.00 0.50 5.00 15.00 24.00 14.00 22.00 7.00 0.00 0.00 0.00 1.00 0.00
165.00 37.00 42.00 101.00 182.00 59.00 81.00 0.09 1.73 0.00 2.00 0.00 6.00 16.00 31.00 21.00 26.00 11.00 0.00 0.00 0.00 0.00 0.00
166.00 34.00 36.00 99.00 174.00 63.00 75.00 0.09 1.91 0.00 2.00 0.00 6.00 17.00 28.00 17.00 22.00 12.00 0.00 0.00 1.00 1.00 0.00
167.00 36.00 48.00 97.00 178.00 49.00 81.00 0.09 1.88 1.00 2.00 0.50 5.00 12.00 31.00 24.00 19.00 17.00 0.00 0.00 0.00 0.00 0.00
168.00 37.00 43.00 93.00 193.00 50.00 100.00 0.08 2.37 1.00 2.00 0.50 9.00 17.00 28.00 20.00 21.00 16.00 0.00 0.00 0.00 0.00 0.00
169.00 29.00 37.00 78.00 146.00 41.00 68.00 0.08 1.00 0.00 2.00 0.00 8.00 14.00 21.00 15.00 18.00 11.00 0.00 0.00 2.00 0.00 0.00
170.00 35.00 42.00 104.00 176.00 62.00 72.00 0.08 1.48 0.00 2.00 0.00 10.00 16.00 25.00 19.00 24.00 11.00 0.00 0.00 1.00 0.00 0.00
171.00 28.00 34.00 78.00 144.00 44.00 66.00 0.09 0.89 0.00 2.00 0.00 5.00 13.00 23.00 15.00 18.00 10.00 0.00 0.00 0.00 0.00 0.00
172.00 21.00 17.00 46.00 100.00 29.00 54.00 0.09 0.92 0.00 2.00 0.00 8.00 12.00 13.00 9.00 14.00 7.00 0.00 0.00 1.00 0.00 0.00
173.00 34.00 50.00 98.00 168.00 48.00 70.00 0.09 1.41 0.00 2.00 0.00 7.00 14.00 27.00 20.00 18.00 16.00 0.00 0.00 0.00 0.00 0.00
174.00 46.00 68.00 125.00 227.00 57.00 102.00 0.08 2.02 0.00 2.00 0.00 15.00 25.00 31.00 21.00 27.00 19.00 0.00 0.00 0.00 1.00 0.00
175.00 37.00 45.00 105.00 193.00 60.00 88.00 0.08 1.66 1.00 2.00 0.50 8.00 12.00 29.00 25.00 21.00 16.00 0.00 0.00 0.00 0.00 0.00
176.00 26.00 30.00 70.00 132.00 40.00 62.00 0.09 1.77 0.00 1.00 0.00 5.00 12.00 21.00 14.00 17.00 9.00 0.00 0.00 0.00 0.00 0.00
177.00 33.00 27.00 93.00 181.00 66.00 88.00 0.10 1.22 0.00 1.00 0.00 9.00 15.00 24.00 18.00 25.00 8.00 0.00 0.00 0.00 0.00 0.00
178.00 21.00 18.00 53.00 103.00 35.00 50.00 0.09 0.69 0.00 2.00 0.00 6.00 12.00 15.00 9.00 16.00 5.00 0.00 0.00 0.00 0.00 0.00
179.00 23.00 23.00 65.00 118.00 42.00 53.00 0.09 1.27 0.00 3.00 0.00 5.00 8.00 18.00 15.00 13.00 10.00 0.00 0.00 0.00 1.00 0.00
180.00 28.00 35.00 83.00 147.00 48.00 64.00 0.08 1.21 0.00 2.00 0.00 8.00 16.00 20.00 12.00 20.00 8.00 0.00 0.00 1.00 0.00 0.00
181.00 30.00 28.00 72.00 151.00 44.00 79.00 0.09 1.21 0.00 2.00 0.00 9.00 17.00 21.00 13.00 22.00 8.00 1.00 0.00 2.00 0.00 0.00
182.00 32.00 27.00 82.00 165.00 55.00 83.00 0.10 1.46 1.00 2.00 0.50 9.00 19.00 23.00 13.00 28.00 4.00 0.00 0.00 1.00 0.00 0.00
183.00 30.00 34.00 79.00 145.00 45.00 66.00 0.08 1.62 0.00 2.00 0.00 6.00 11.00 24.00 19.00 20.00 10.00 0.00 0.00 0.00 0.00 0.00
184.00 34.00 38.00 97.00 172.00 59.00 75.00 0.07 1.26 0.00 3.00 0.00 10.00 14.00 24.00 20.00 19.00 15.00 1.00 0.00 0.00 0.00 0.00
185.00 31.00 44.00 89.00 150.00 45.00 61.00 0.09 1.06 0.00 2.00 0.00 8.00 17.00 23.00 14.00 21.00 10.00 0.00 0.00 1.00 1.00 0.00
186.00 30.00 41.00 88.00 152.00 47.00 64.00 0.08 1.19 1.00 2.00 0.50 7.00 13.00 23.00 17.00 16.00 14.00 0.00 0.00 0.00 0.00 0.00
187.00 32.00 47.00 95.00 159.00 48.00 64.00 0.08 1.09 1.00 2.00 0.50 9.00 17.00 23.00 15.00 20.00 12.00 1.00 0.00 0.00 0.00 0.00
188.00 30.00 33.00 83.00 154.00 50.00 71.00 0.09 1.12 0.00 2.00 0.00 9.00 17.00 21.00 13.00 23.00 7.00 1.00 0.00 0.00 0.00 0.00
189.00 31.00 39.00 89.00 155.00 50.00 66.00 0.08 1.14 1.00 1.00 1.00 8.00 12.00 23.00 19.00 20.00 11.00 0.00 0.00 0.00 0.00 0.00
190.00 33.00 41.00 93.00 171.00 52.00 78.00 0.09 1.14 1.00 1.00 1.00 10.00 18.00 23.00 15.00 24.00 9.00 0.00 0.00 1.00 0.00 0.00
191.00 31.00 43.00 93.00 163.00 50.00 70.00 0.09 1.01 0.00 2.00 0.00 5.00 11.00 26.00 20.00 18.00 13.00 1.00 0.00 0.00 0.00 0.00
192.00 27.00 21.00 75.00 137.00 54.00 62.00 0.07 1.07 1.00 1.00 1.00 8.00 10.00 19.00 17.00 16.00 11.00 0.00 0.00 1.00 0.00 0.00
193.00 30.00 30.00 78.00 152.00 48.00 74.00 0.10 1.62 1.00 1.00 1.00 6.00 13.00 24.00 17.00 23.00 7.00 1.00 0.00 0.00 0.00 0.00
194.00 22.00 28.00 62.00 115.00 34.00 53.00 0.08 0.76 1.00 2.00 0.50 5.00 10.00 17.00 12.00 12.00 10.00 0.00 0.00 0.00 0.00 0.00
195.00 36.00 43.00 108.00 190.00 65.00 82.00 0.08 1.70 1.00 2.00 0.50 12.00 18.00 24.00 18.00 21.00 15.00 0.00 0.00 0.00 0.00 0.00
196.00 31.00 45.00 89.00 156.00 44.00 67.00 0.09 1.06 1.00 2.00 0.50 12.00 15.00 19.00 16.00 19.00 12.00 0.00 0.00 0.00 0.00 0.00
197.00 27.00 37.00 74.00 141.00 37.00 67.00 0.09 1.04 1.00 3.00 0.33 4.00 11.00 23.00 16.00 18.00 9.00 0.00 0.00 0.00 0.00 0.00
198.00 34.00 41.00 87.00 159.00 46.00 72.00 0.08 1.22 2.00 2.00 1.00 12.00 17.00 22.00 17.00 22.00 12.00 0.00 0.00 0.00 0.00 0.00
199.00 29.00 34.00 77.00 146.00 43.00 69.00 0.07 1.45 1.00 3.00 0.33 6.00 11.00 23.00 18.00 19.00 10.00 0.00 0.00 1.00 0.00 0.00
200.00 29.00 32.00 76.00 145.00 44.00 69.00 0.11 1.25 2.00 2.00 1.00 8.00 12.00 21.00 17.00 16.00 13.00 0.00 0.00 1.00 0.00 0.00
201.00 29.00 27.00 81.00 155.00 54.00 74.00 0.08 1.15 1.00 2.00 0.50 7.00 14.00 22.00 15.00 21.00 8.00 0.00 0.00 0.00 0.00 0.00
202.00 35.00 35.00 88.00 171.00 53.00 83.00 0.10 1.20 2.00 2.00 1.00 10.00 19.00 25.00 16.00 22.00 13.00 0.00 0.00 0.00 0.00 0.00
203.00 33.00 36.00 89.00 175.00 53.00 86.00 0.09 1.32 1.00 1.00 1.00 9.00 16.00 24.00 17.00 21.00 12.00 0.00 0.00 1.00 0.00 0.00
204.00 32.00 37.00 87.00 160.00 50.00 73.00 0.08 1.13 1.00 2.00 0.50 9.00 15.00 23.00 17.00 19.00 13.00 0.00 0.00 0.00 0.00 0.00
205.00 32.00 34.00 85.00 159.00 51.00 74.00 0.08 1.06 1.00 2.00 0.50 9.00 15.00 23.00 17.00 17.00 15.00 0.00 0.00 0.00 0.00 0.00
206.00 32.00 49.00 96.00 163.00 47.00 67.00 0.07 0.88 0.00 2.00 0.00 11.00 16.00 21.00 16.00 20.00 12.00 0.00 0.00 0.00 0.00 0.00
207.00 23.00 19.00 54.00 114.00 35.00 60.00 0.08 0.88 0.00 1.00 0.00 7.00 11.00 16.00 12.00 15.00 8.00 0.00 0.00 0.00 0.00 0.00
208.00 34.00 26.00 88.00 177.00 62.00 89.00 0.09 1.16 0.00 1.00 0.00 9.00 24.00 25.00 10.00 29.00 5.00 0.00 0.00 0.00 0.00 0.00
209.00 40.00 36.00 97.00 198.00 61.00 101.00 0.08 1.58 0.00 2.00 0.00 11.00 22.00 29.00 18.00 28.00 12.00 0.00 0.00 1.00 0.00 0.00
210.00 26.00 24.00 70.00 137.00 46.00 67.00 0.09 0.85 0.00 2.00 0.00 6.00 13.00 20.00 13.00 18.00 8.00 0.00 0.00 0.00 0.00 0.00
211.00 17.00 12.00 40.00 87.00 28.00 47.00 0.10 0.74 0.00 1.00 0.00 2.00 7.00 15.00 10.00 12.00 5.00 0.00 0.00 0.00 0.00 0.00
212.00 24.00 15.00 58.00 130.00 43.00 72.00 0.08 1.05 0.00 3.00 0.00 7.00 14.00 17.00 10.00 18.00 6.00 0.00 0.00 0.00 0.00 0.00
213.00 19.00 19.00 49.00 95.00 30.00 46.00 0.08 0.60 0.00 0.00 0.00 9.00 12.00 10.00 7.00 13.00 6.00 0.00 0.00 1.00 0.00 0.00
214.00 29.00 34.00 80.00 148.00 46.00 68.00 0.08 0.93 0.00 2.00 0.00 8.00 15.00 21.00 14.00 21.00 8.00 0.00 0.00 1.00 0.00 1.00
215.00 16.00 12.00 35.00 85.00 23.00 50.00 0.08 0.67 0.00 1.00 0.00 6.00 8.00 10.00 8.00 10.00 6.00 0.00 0.00 1.00 0.00 0.00
216.00 22.00 22.00 58.00 111.00 36.00 53.00 0.09 0.72 0.00 2.00 0.00 5.00 8.00 17.00 14.00 16.00 6.00 0.00 0.00 0.00 0.00 0.00
217.00 20.00 15.00 48.00 97.00 33.00 49.00 0.09 0.61 0.00 2.00 0.00 3.00 9.00 17.00 11.00 10.00 10.00 0.00 0.00 1.00 0.00 0.00
218.00 23.00 21.00 59.00 116.00 38.00 57.00 0.07 0.68 0.00 2.00 0.00 6.00 9.00 17.00 14.00 17.00 6.00 0.00 0.00 1.00 0.00 0.00
219.00 25.00 22.00 57.00 113.00 35.00 56.00 0.08 0.97 0.00 1.00 0.00 7.00 18.00 18.00 7.00 19.00 6.00 0.00 0.00 1.00 0.00 0.00
220.00 18.00 21.00 51.00 95.00 30.00 44.00 0.08 0.50 0.00 1.00 0.00 3.00 6.00 15.00 12.00 12.00 6.00 0.00 0.00 1.00 0.00 0.00
221.00 27.00 24.00 64.00 130.00 40.00 66.00 0.07 0.76 0.00 2.00 0.00 6.00 14.00 21.00 13.00 18.00 9.00 0.00 0.00 0.00 0.00 0.00
222.00 25.00 35.00 68.00 124.00 33.00 56.00 0.10 0.67 0.00 2.00 0.00 7.00 11.00 18.00 14.00 16.00 9.00 0.00 0.00 1.00 0.00 0.00
223.00 26.00 26.00 66.00 136.00 40.00 70.00 0.07 0.78 0.00 1.00 0.00 6.00 13.00 20.00 13.00 17.00 9.00 0.00 0.00 0.00 0.00 0.00
224.00 20.00 26.00 51.00 102.00 25.00 51.00 0.09 0.61 0.00 1.00 0.00 4.00 11.00 16.00 9.00 14.00 6.00 0.00 0.00 2.00 1.00 0.00
225.00 24.00 24.00 67.00 119.00 43.00 52.00 0.09 0.63 0.00 2.00 0.00 5.00 8.00 19.00 16.00 16.00 8.00 0.00 0.00 2.00 0.00 0.00
226.00 28.00 39.00 82.00 137.00 43.00 55.00 0.07 0.70 0.00 2.00 0.00 6.00 10.00 22.00 18.00 17.00 11.00 0.00 0.00 1.00 0.00 0.00
227.00 28.00 27.00 76.00 141.00 49.00 65.00 0.07 1.21 0.00 2.00 0.00 3.00 9.00 25.00 19.00 21.00 7.00 0.00 0.00 2.00 0.00 0.00
228.00 29.00 31.00 80.00 146.00 49.00 66.00 0.08 0.68 0.00 2.00 0.00 10.00 15.00 19.00 14.00 21.00 8.00 0.00 0.00 2.00 1.00 0.00
229.00 28.00 36.00 81.00 139.00 45.00 58.00 0.08 0.73 0.00 2.00 0.00 8.00 15.00 20.00 13.00 18.00 10.00 0.00 0.00 1.00 0.00 0.00
230.00 20.00 14.00 46.00 93.00 32.00 47.00 0.08 0.62 0.00 2.00 0.00 7.00 11.00 13.00 9.00 14.00 6.00 0.00 0.00 1.00 0.00 0.00
231.00 24.00 25.00 62.00 115.00 37.00 53.00 0.08 0.79 0.00 1.00 0.00 5.00 13.00 19.00 11.00 17.00 7.00 0.00 0.00 0.00 0.00 0.00
232.00 26.00 30.00 72.00 124.00 42.00 52.00 0.08 0.68 0.00 2.00 0.00 5.00 16.00 21.00 10.00 21.00 5.00 0.00 0.00 0.00 0.00 0.00
233.00 25.00 31.00 67.00 121.00 36.00 54.00 0.08 0.69 0.00 2.00 0.00 3.00 10.00 22.00 15.00 16.00 9.00 0.00 0.00 1.00 1.00 0.00
234.00 28.00 27.00 66.00 132.00 39.00 66.00 0.07 1.00 0.00 2.00 0.00 11.00 16.00 17.00 12.00 19.00 9.00 0.00 0.00 1.00 0.00 0.00
235.00 24.00 28.00 57.00 117.00 29.00 60.00 0.07 0.75 0.00 2.00 0.00 6.00 12.00 18.00 12.00 17.00 7.00 0.00 0.00 0.00 0.00 0.00
236.00 25.00 30.00 62.00 113.00 32.00 51.00 0.08 0.81 0.00 2.00 0.00 6.00 14.00 19.00 11.00 17.00 8.00 0.00 0.00 0.00 0.00 1.00
237.00 25.00 34.00 66.00 125.00 32.00 59.00 0.07 0.69 0.00 3.00 0.00 5.00 10.00 20.00 15.00 16.00 9.00 0.00 0.00 0.00 0.00 0.00
238.00 26.00 33.00 70.00 118.00 37.00 48.00 0.10 0.77 0.00 3.00 0.00 8.00 12.00 18.00 14.00 16.00 10.00 0.00 0.00 0.00 0.00 0.00
239.00 25.00 31.00 69.00 124.00 38.00 55.00 0.07 0.63 0.00 2.00 0.00 5.00 13.00 20.00 12.00 14.00 11.00 0.00 0.00 0.00 1.00 0.00
240.00 20.00 19.00 53.00 105.00 34.00 52.00 0.09 0.60 0.00 2.00 0.00 4.00 8.00 16.00 12.00 11.00 9.00 0.00 0.00 0.00 0.00 0.00
241.00 21.00 23.00 55.00 107.00 32.00 52.00 0.09 0.58 0.00 3.00 0.00 3.00 6.00 18.00 15.00 12.00 9.00 0.00 0.00 0.00 0.00 0.00
242.00 24.00 31.00 61.00 114.00 30.00 53.00 0.08 0.79 0.00 3.00 0.00 5.00 9.00 19.00 15.00 16.00 8.00 0.00 0.00 0.00 0.00 0.00
243.00 21.00 27.00 58.00 102.00 31.00 44.00 0.09 0.72 0.00 3.00 0.00 7.00 16.00 14.00 5.00 17.00 4.00 0.00 0.00 0.00 0.00 0.00
244.00 20.00 20.00 52.00 97.00 32.00 45.00 0.07 0.67 0.00 2.00 0.00 6.00 11.00 14.00 9.00 15.00 5.00 0.00 0.00 0.00 0.00 0.00
245.00 21.00 28.00 59.00 110.00 31.00 51.00 0.08 0.47 0.00 1.00 0.00 4.00 9.00 17.00 12.00 14.00 7.00 0.00 0.00 0.00 0.00 0.00
246.00 18.00 19.00 47.00 86.00 28.00 39.00 0.07 0.46 0.00 1.00 0.00 2.00 6.00 16.00 12.00 10.00 8.00 0.00 0.00 0.00 0.00 0.00
247.00 19.00 18.00 46.00 90.00 28.00 44.00 0.10 0.55 0.00 1.00 0.00 3.00 8.00 16.00 11.00 12.00 7.00 0.00 0.00 0.00 0.00 0.00
248.00 19.00 21.00 49.00 93.00 28.00 44.00 0.10 0.62 0.00 1.00 0.00 5.00 5.00 14.00 14.00 12.00 7.00 0.00 0.00 0.00 0.00 0.00
249.00 20.00 25.00 51.00 101.00 26.00 50.00 0.07 0.51 0.00 1.00 0.00 5.00 8.00 15.00 12.00 11.00 9.00 0.00 0.00 0.00 0.00 0.00
250.00 18.00 16.00 41.00 91.00 25.00 50.00 0.09 0.49 0.00 1.00 0.00 4.00 10.00 14.00 8.00 15.00 3.00 0.00 0.00 0.00 0.00 0.00
251.00 21.00 24.00 56.00 107.00 32.00 51.00 0.09 0.39 0.00 1.00 0.00 6.00 13.00 15.00 8.00 15.00 6.00 0.00 0.00 0.00 0.00 0.00
252.00 14.00 7.00 34.00 72.00 27.00 38.00 0.08 0.34 0.00 1.00 0.00 3.00 4.00 11.00 10.00 8.00 6.00 0.00 0.00 0.00 0.00 0.00
253.00 15.00 14.00 39.00 76.00 25.00 37.00 0.07 0.49 0.00 1.00 0.00 1.00 10.00 14.00 5.00 12.00 3.00 0.00 0.00 0.00 0.00 0.00
254.00 19.00 12.00 44.00 87.00 32.00 43.00 0.10 0.70 0.00 0.00 0.00 7.00 12.00 12.00 7.00 16.00 3.00 0.00 0.00 1.00 0.00 0.00
255.00 18.00 16.00 45.00 86.00 29.00 41.00 0.07 0.68 0.00 1.00 0.00 2.00 8.00 16.00 10.00 12.00 6.00 0.00 0.00 0.00 0.00 0.00
256.00 20.00 24.00 55.00 99.00 31.00 44.00 0.08 0.63 0.00 1.00 0.00 5.00 9.00 15.00 11.00 10.00 10.00 0.00 0.00 0.00 0.00 0.00
257.00 15.00 12.00 30.00 70.00 18.00 40.00 0.09 0.61 0.00 1.00 0.00 6.00 10.00 9.00 5.00 11.00 4.00 0.00 0.00 0.00 0.00 0.00
258.00 21.00 21.00 52.00 104.00 31.00 52.00 0.09 0.63 0.00 1.00 0.00 5.00 11.00 16.00 10.00 15.00 6.00 0.00 0.00 0.00 0.00 0.00
259.00 14.00 13.00 35.00 73.00 22.00 38.00 0.09 0.41 0.00 2.00 0.00 2.00 6.00 12.00 8.00 10.00 4.00 0.00 0.00 0.00 0.00 0.00
260.00 18.00 20.00 46.00 83.00 26.00 37.00 0.08 0.68 0.00 1.00 0.00 3.00 10.00 15.00 8.00 13.00 5.00 0.00 0.00 0.00 0.00 0.00
261.00 16.00 14.00 36.00 73.00 22.00 37.00 0.10 0.56 0.00 1.00 0.00 6.00 9.00 10.00 7.00 13.00 3.00 0.00 0.00 1.00 0.00 0.00
262.00 13.00 5.00 24.00 60.00 19.00 36.00 0.07 0.61 0.00 1.00 0.00 3.00 6.00 10.00 7.00 8.00 5.00 0.00 0.00 0.00 0.00 0.00
263.00 11.00 1.00 15.00 46.00 14.00 31.00 0.08 1.05 0.00 0.00 0.00 5.00 9.00 6.00 2.00 10.00 1.00 0.00 0.00 0.00 0.00 0.00
264.00 11.00 1.00 13.00 42.00 12.00 29.00 0.10 0.55 0.00 0.00 0.00 5.00 7.00 6.00 4.00 10.00 1.00 0.00 0.00 0.00 0.00 0.00
265.00 13.00 8.00 28.00 60.00 20.00 32.00 0.07 0.68 0.00 0.00 0.00 1.00 5.00 12.00 8.00 7.00 6.00 0.00 0.00 0.00 0.00 0.00
266.00 10.00 4.00 16.00 43.00 12.00 27.00 0.07 0.60 0.00 0.00 0.00 4.00 6.00 6.00 4.00 8.00 2.00 0.00 0.00 0.00 0.00 0.00
267.00 10.00 2.00 14.00 45.00 12.00 31.00 0.09 0.54 0.00 0.00 0.00 2.00 6.00 8.00 4.00 8.00 2.00 0.00 0.00 0.00 0.00 0.00
268.00 9.00 5.00 19.00 43.00 14.00 24.00 0.08 0.41 0.00 0.00 0.00 3.00 5.00 6.00 4.00 6.00 3.00 0.00 0.00 0.00 0.00 0.00
269.00 11.00 6.00 23.00 51.00 17.00 28.00 0.09 0.42 0.00 0.00 0.00 5.00 9.00 6.00 2.00 10.00 1.00 0.00 0.00 0.00 0.00 0.00
270.00 7.00 3.00 10.00 31.00 7.00 21.00 0.10 0.37 0.00 0.00 0.00 3.00 6.00 4.00 1.00 7.00 0.00 0.00 0.00 0.00 0.00 0.00
271.00 5.00 0.00 1.00 13.00 1.00 12.00 0.08 0.88 0.00 0.00 0.00 2.00 5.00 3.00 0.00 5.00 0.00 0.00 0.00 0.00 0.00 0.00
272.00 4.00 0.00 0.00 14.00 0.00 14.00 0.08 0.18 0.00 0.00 0.00 2.00 4.00 2.00 0.00 4.00 0.00 0.00 0.00 0.00 0.00 0.00
273.00 2.00 0.00 0.00 0.00 0.00 0.00 0.09 0.20 0.00 0.00 0.00 2.00 2.00 0.00 0.00 2.00 0.00 0.00 0.00 0.00 0.00 0.00
