0.00 4.00 0.00 2.00 16.00 2.00 14.00 0.08 0.37 0.00 0.00 0.00 2.00 4.00 2.00 0.00 4.00 0.00 0.00 0.00 0.00 0.00 0.00
1.00 5.00 0.00 3.00 16.00 3.00 13.00 0.08 0.52 0.00 0.00 0.00 2.00 5.00 3.00 0.00 5.00 0.00 0.00 0.00 0.00 0.00 0.00
2.00 3.00 0.00 1.00 5.00 1.00 4.00 0.08 0.17 0.00 0.00 0.00 2.00 3.00 1.00 0.00 3.00 0.00 0.00 0.00 0.00 0.00 0.00
3.00 8.00 1.00 14.00 37.00 13.00 23.00 0.08 0.45 0.00 0.00 0.00 4.00 7.00 4.00 1.00 7.00 1.00 0.00 0.00 0.00 0.00 0.00
4.00 4.00 0.00 2.00 14.00 2.00 12.00 0.10 0.29 0.00 0.00 0.00 2.00 4.00 2.00 0.00 4.00 0.00 0.00 0.00 0.00 0.00 0.00
5.00 8.00 6.00 17.00 36.00 11.00 19.00 0.09 0.37 0.00 0.00 0.00 1.00 4.00 7.00 4.00 4.00 4.00 0.00 0.00 0.00 0.00 0.00
6.00 10.00 2.00 12.00 39.00 10.00 27.00 0.07 0.44 0.00 0.00 0.00 4.00 7.00 6.00 3.00 9.00 1.00 0.00 0.00 0.00 0.00 0.00
7.00 13.00 7.00 23.00 63.00 16.00 40.00 0.07 0.70 0.00 0.00 0.00 3.00 6.00 10.00 7.00 8.00 5.00 0.00 0.00 0.00 0.00 0.00
8.00 12.00 4.00 22.00 57.00 18.00 35.00 0.09 0.67 0.00 0.00 0.00 6.00 8.00 6.00 4.00 10.00 2.00 0.00 0.00 0.00 0.00 0.00
9.00 11.00 3.00 21.00 53.00 18.00 32.00 0.06 0.47 0.00 0.00 0.00 3.00 8.00 8.00 3.00 9.00 2.00 0.00 0.00 0.00 0.00 0.00
10.00 11.00 10.00 25.00 48.00 15.00 23.00 0.08 0.45 0.00 0.00 0.00 3.00 4.00 8.00 7.00 6.00 5.00 0.00 0.00 0.00 0.00 0.00
11.00 8.00 4.00 11.00 36.00 7.00 25.00 0.09 0.58 0.00 0.00 0.00 3.00 3.00 5.00 5.00 6.00 2.00 0.00 0.00 0.00 0.00 0.00
12.00 9.00 1.00 14.00 41.00 13.00 27.00 0.09 0.37 0.00 0.00 0.00 2.00 4.00 7.00 5.00 5.00 4.00 0.00 0.00 0.00 0.00 0.00
13.00 8.00 2.00 11.00 30.00 9.00 19.00 0.08 0.61 0.00 0.00 0.00 3.00 7.00 5.00 1.00 8.00 0.00 0.00 0.00 0.00 0.00 0.00
14.00 13.00 8.00 24.00 57.00 16.00 33.00 0.08 0.48 0.00 1.00 0.00 4.00 6.00 9.00 7.00 10.00 3.00 0.00 0.00 0.00 0.00 0.00
15.00 9.00 1.00 12.00 37.00 11.00 25.00 0.08 0.59 0.00 0.00 0.00 6.00 7.00 3.00 2.00 7.00 2.00 0.00 0.00 0.00 0.00 0.00
16.00 11.00 10.00 22.00 52.00 12.00 30.00 0.10 0.40 0.00 0.00 0.00 4.00 4.00 7.00 7.00 8.00 3.00 0.00 0.00 1.00 0.00 0.00
17.00 9.00 5.00 18.00 42.00 13.00 24.00 0.08 0.29 0.00 0.00 0.00 2.00 5.00 7.00 4.00 7.00 2.00 0.00 0.00 0.00 0.00 0.00
18.00 14.00 7.00 25.00 67.00 18.00 42.00 0.09 0.45 0.00 0.00 0.00 8.00 10.00 6.00 4.00 12.00 2.00 0.00 0.00 1.00 0.00 0.00
19.00 19.00 22.00 47.00 92.00 25.00 45.00 0.07 0.49 0.00 0.00 0.00 6.00 13.00 13.00 6.00 14.00 5.00 0.00 0.00 0.00 0.00 0.00
20.00 9.00 6.00 15.00 41.00 9.00 26.00 0.08 0.21 0.00 1.00 0.00 5.00 6.00 4.00 3.00 6.00 3.00 0.00 0.00 0.00 0.00 0.00
21.00 17.00 14.00 38.00 76.00 24.00 38.00 0.09 0.46 0.00 1.00 0.00 5.00 9.00 12.00 8.00 11.00 6.00 0.00 0.00 0.00 0.00 0.00
22.00 20.00 22.00 56.00 97.00 34.00 41.00 0.08 0.56 0.00 0.00 0.00 7.00 12.00 13.00 8.00 14.00 6.00 0.00 0.00 0.00 0.00 0.00
23.00 11.00 4.00 19.00 55.00 15.00 36.00 0.09 0.58 0.00 1.00 0.00 4.00 7.00 7.00 4.00 9.00 2.00 0.00 0.00 0.00 0.00 0.00
24.00 14.00 11.00 32.00 66.00 21.00 34.00 0.07 0.63 0.00 1.00 0.00 4.00 7.00 10.00 7.00 8.00 6.00 0.00 0.00 1.00 0.00 0.00
25.00 13.00 10.00 29.00 57.00 19.00 28.00 0.10 0.50 0.00 1.00 0.00 4.00 10.00 9.00 3.00 11.00 2.00 0.00 0.00 0.00 0.00 0.00
26.00 18.00 21.00 49.00 89.00 28.00 40.00 0.08 0.62 0.00 1.00 0.00 4.00 8.00 14.00 10.00 12.00 6.00 0.00 0.00 1.00 0.00 0.00
27.00 19.00 16.00 43.00 92.00 27.00 49.00 0.10 0.68 0.00 1.00 0.00 5.00 11.00 14.00 8.00 13.00 6.00 0.00 0.00 1.00 0.00 0.00
28.00 19.00 20.00 50.00 99.00 30.00 49.00 0.10 0.61 0.00 1.00 0.00 5.00 7.00 14.00 12.00 11.00 8.00 0.00 0.00 2.00 0.00 0.00
29.00 23.00 26.00 60.00 115.00 34.00 55.00 0.08 0.78 0.00 1.00 0.00 7.00 14.00 16.00 9.00 16.00 7.00 0.00 0.00 1.00 1.00 0.00
30.00 18.00 16.00 39.00 89.00 23.00 50.00 0.06 0.64 0.00 1.00 0.00 3.00 9.00 15.00 9.00 11.00 7.00 0.00 0.00 1.00 0.00 0.00
31.00 22.00 18.00 55.00 108.00 37.00 53.00 0.09 0.87 0.00 2.00 0.00 6.00 11.00 16.00 11.00 15.00 7.00 1.00 0.00 0.00 0.00 0.00
32.00 16.00 18.00 43.00 78.00 25.00 35.00 0.10 0.49 0.00 3.00 0.00 7.00 12.00 9.00 4.00 14.00 2.00 0.00 0.00 1.00 0.00 0.00
33.00 22.00 26.00 60.00 112.00 34.00 52.00 0.08 0.82 0.00 2.00 0.00 9.00 11.00 13.00 11.00 16.00 6.00 0.00 0.00 1.00 0.00 0.00
34.00 20.00 17.00 53.00 100.00 36.00 47.00 0.09 0.83 0.00 1.00 0.00 6.00 12.00 14.00 8.00 15.00 5.00 0.00 0.00 1.00 0.00 0.00
35.00 23.00 26.00 58.00 114.00 32.00 56.00 0.08 0.93 0.00 2.00 0.00 6.00 10.00 17.00 13.00 15.00 8.00 0.00 0.00 1.00 0.00 0.00
36.00 22.00 24.00 58.00 108.00 34.00 50.00 0.06 0.82 0.00 0.00 0.00 6.00 12.00 16.00 10.00 19.00 3.00 0.00 0.00 1.00 0.00 0.00
37.00 22.00 22.00 55.00 111.00 33.00 56.00 0.08 0.88 0.00 0.00 0.00 5.00 14.00 17.00 8.00 18.00 4.00 0.00 0.00 0.00 0.00 0.00
38.00 16.00 5.00 30.00 77.00 25.00 47.00 0.08 0.90 0.00 0.00 0.00 5.00 7.00 11.00 9.00 13.00 3.00 0.00 0.00 0.00 0.00 0.00
39.00 23.00 29.00 65.00 118.00 36.00 53.00 0.10 0.98 0.00 0.00 0.00 7.00 11.00 16.00 12.00 14.00 9.00 0.00 0.00 1.00 0.00 0.00
40.00 20.00 15.00 45.00 94.00 30.00 49.00 0.08 0.81 0.00 1.00 0.00 6.00 13.00 14.00 7.00 17.00 3.00 0.00 0.00 1.00 0.00 0.00
41.00 17.00 13.00 37.00 82.00 24.00 45.00 0.08 0.97 0.00 2.00 0.00 6.00 10.00 11.00 7.00 11.00 6.00 0.00 0.00 1.00 0.00 0.00
42.00 17.00 14.00 41.00 89.00 27.00 48.00 0.08 0.96 0.00 1.00 0.00 2.00 8.00 15.00 9.00 10.00 7.00 0.00 0.00 0.00 0.00 0.00
43.00 23.00 18.00 56.00 109.00 38.00 53.00 0.09 0.95 0.00 1.00 0.00 9.00 14.00 14.00 9.00 18.00 5.00 0.00 0.00 0.00 0.00 0.00
44.00 22.00 21.00 50.00 105.00 29.00 55.00 0.07 1.04 0.00 1.00 0.00 6.00 13.00 16.00 9.00 16.00 6.00 1.00 0.00 0.00 0.00 0.00
45.00 23.00 25.00 66.00 120.00 41.00 54.00 0.09 0.88 0.00 1.00 0.00 4.00 10.00 19.00 13.00 14.00 9.00 0.00 0.00 0.00 0.00 0.00
46.00 15.00 14.00 36.00 73.00 22.00 37.00 0.09 0.55 0.00 2.00 0.00 5.00 10.00 10.00 5.00 12.00 3.00 0.00 0.00 0.00 0.00 0.00
47.00 25.00 31.00 72.00 120.00 41.00 48.00 0.09 0.91 0.00 2.00 0.00 10.00 11.00 15.00 14.00 16.00 9.00 1.00 0.00 0.00 0.00 0.00
48.00 21.00 25.00 61.00 111.00 36.00 50.00 0.10 0.69 0.00 1.00 0.00 4.00 12.00 17.00 9.00 16.00 5.00 1.00 0.00 0.00 0.00 0.00
49.00 20.00 22.00 53.00 97.00 31.00 44.00 0.07 0.81 1.00 1.00 1.00 6.00 10.00 14.00 10.00 16.00 4.00 0.00 0.00 0.00 0.00 0.00
50.00 21.00 13.00 51.00 113.00 38.00 62.00 0.08 0.95 1.00 3.00 0.33 4.00 10.00 17.00 11.00 16.00 5.00 0.00 0.00 0.00 0.00 0.00
51.00 19.00 11.00 37.00 91.00 26.00 54.00 0.08 0.83 1.00 1.00 1.00 10.00 15.00 9.00 4.00 15.00 4.00 0.00 0.00 0.00 0.00 0.00
52.00 21.00 19.00 57.00 106.00 38.00 49.00 0.08 0.83 1.00 2.00 0.50 3.00 9.00 18.00 12.00 12.00 9.00 0.00 0.00 0.00 0.00 0.00
53.00 18.00 20.00 49.00 96.00 29.00 47.00 0.09 0.82 1.00 2.00 0.50 2.00 8.00 16.00 10.00 10.00 8.00 0.00 0.00 0.00 0.00 0.00
54.00 21.00 17.00 49.00 104.00 32.00 55.00 0.08 1.04 0.00 2.00 0.00 7.00 10.00 14.00 11.00 13.00 8.00 0.00 0.00 0.00 0.00 0.00
55.00 21.00 19.00 51.00 105.00 32.00 54.00 0.09 1.02 0.00 1.00 0.00 9.00 14.00 12.00 7.00 18.00 3.00 0.00 0.00 0.00 0.00 0.00
56.00 24.00 21.00 60.00 118.00 39.00 58.00 0.08 1.04 0.00 3.00 0.00 3.00 10.00 21.00 14.00 12.00 12.00 0.00 0.00 0.00 1.00 0.00
57.00 19.00 20.00 51.00 94.00 31.00 43.00 0.07 1.11 0.00 2.00 0.00 4.00 9.00 15.00 10.00 12.00 7.00 0.00 0.00 0.00 0.00 0.00
58.00 24.00 26.00 66.00 122.00 40.00 56.00 0.08 1.12 0.00 1.00 0.00 3.00 10.00 21.00 14.00 16.00 8.00 0.00 0.00 0.00 0.00 1.00
59.00 25.00 24.00 54.00 117.00 30.00 63.00 0.09 1.35 0.00 2.00 0.00 7.00 17.00 18.00 8.00 21.00 4.00 0.00 0.00 0.00 1.00 0.00
60.00 24.00 28.00 60.00 110.00 32.00 50.00 0.08 1.18 0.00 2.00 0.00 7.00 11.00 17.00 13.00 17.00 7.00 0.00 0.00 1.00 0.00 0.00
61.00 23.00 20.00 51.00 108.00 31.00 57.00 0.09 1.02 0.00 2.00 0.00 7.00 11.00 16.00 12.00 16.00 7.00 0.00 0.00 1.00 0.00 0.00
62.00 21.00 21.00 52.00 102.00 31.00 50.00 0.10 0.84 0.00 2.00 0.00 5.00 13.00 16.00 8.00 17.00 4.00 0.00 0.00 1.00 0.00 0.00
63.00 17.00 4.00 27.00 81.00 23.00 54.00 0.08 0.86 0.00 3.00 0.00 6.00 13.00 11.00 4.00 14.00 3.00 0.00 0.00 1.00 0.00 0.00
64.00 22.00 22.00 55.00 113.00 33.00 58.00 0.07 0.85 0.00 2.00 0.00 5.00 9.00 17.00 13.00 14.00 8.00 0.00 0.00 1.00 0.00 0.00
65.00 28.00 24.00 73.00 138.00 49.00 65.00 0.08 1.05 0.00 3.00 0.00 4.00 13.00 24.00 15.00 19.00 9.00 1.00 0.00 0.00 0.00 0.00
66.00 23.00 26.00 58.00 110.00 32.00 52.00 0.08 0.80 0.00 3.00 0.00 10.00 12.00 13.00 11.00 16.00 7.00 0.00 0.00 0.00 0.00 0.00
67.00 22.00 25.00 59.00 110.00 34.00 51.00 0.09 0.94 0.00 3.00 0.00 5.00 9.00 17.00 13.00 12.00 10.00 0.00 0.00 0.00 0.00 0.00
68.00 25.00 27.00 58.00 125.00 31.00 67.00 0.08 0.94 0.00 2.00 0.00 8.00 13.00 17.00 12.00 18.00 7.00 0.00 0.00 0.00 0.00 0.00
69.00 26.00 26.00 76.00 133.00 50.00 57.00 0.10 1.09 0.00 1.00 0.00 5.00 10.00 21.00 16.00 17.00 9.00 0.00 0.00 0.00 0.00 0.00
70.00 29.00 30.00 70.00 136.00 40.00 66.00 0.08 1.22 0.00 1.00 0.00 10.00 18.00 19.00 11.00 22.00 7.00 0.00 0.00 0.00 0.00 0.00
71.00 20.00 15.00 47.00 102.00 32.00 55.00 0.09 0.81 0.00 1.00 0.00 4.00 10.00 16.00 10.00 13.00 7.00 1.00 0.00 0.00 0.00 0.00
72.00 28.00 38.00 81.00 141.00 43.00 60.00 0.08 0.98 0.00 1.00 0.00 5.00 14.00 23.00 14.00 19.00 9.00 0.00 0.00 0.00 0.00 1.00
73.00 26.00 24.00 72.00 132.00 48.00 60.00 0.09 1.06 1.00 1.00 1.00 5.00 8.00 21.00 18.00 17.00 9.00 1.00 0.00 0.00 0.00 0.00
74.00 28.00 30.00 76.00 147.00 46.00 71.00 0.08 1.12 0.00 3.00 0.00 8.00 11.00 20.00 17.00 13.00 15.00 1.00 0.00 0.00 0.00 0.00
75.00 29.00 30.00 68.00 140.00 38.00 72.00 0.09 1.01 0.00 2.00 0.00 8.00 11.00 21.00 18.00 17.00 12.00 0.00 0.00 1.00 0.00 0.00
76.00 29.00 38.00 89.00 145.00 51.00 56.00 0.08 0.90 0.00 2.00 0.00 7.00 12.00 22.00 17.00 17.00 12.00 0.00 0.00 0.00 1.00 0.00
77.00 26.00 20.00 67.00 140.00 47.00 73.00 0.07 1.10 0.00 2.00 0.00 5.00 12.00 21.00 14.00 16.00 10.00 1.00 0.00 0.00 0.00 0.00
78.00 28.00 34.00 78.00 143.00 44.00 65.00 0.09 1.05 0.00 2.00 0.00 9.00 13.00 19.00 15.00 18.00 10.00 0.00 0.00 0.00 0.00 0.00
79.00 34.00 54.00 107.00 178.00 53.00 71.00 0.08 1.11 0.00 2.00 0.00 5.00 14.00 29.00 20.00 22.00 12.00 0.00 0.00 1.00 0.00 0.00
80.00 34.00 50.00 103.00 180.00 53.00 77.00 0.08 1.07 1.00 1.00 1.00 7.00 13.00 27.00 21.00 21.00 13.00 0.00 0.00 1.00 0.00 0.00
81.00 29.00 41.00 87.00 153.00 46.00 66.00 0.08 0.97 0.00 2.00 0.00 3.00 7.00 26.00 22.00 14.00 15.00 0.00 0.00 0.00 0.00 0.00
82.00 31.00 43.00 90.00 160.00 47.00 70.00 0.09 1.20 0.00 3.00 0.00 4.00 11.00 27.00 20.00 17.00 14.00 0.00 0.00 0.00 0.00 0.00
83.00 33.00 38.00 88.00 166.00 50.00 78.00 0.08 1.24 0.00 2.00 0.00 11.00 18.00 22.00 15.00 23.00 10.00 0.00 0.00 1.00 0.00 0.00
84.00 40.00 34.00 106.00 213.00 72.00 107.00 0.08 1.69 0.00 2.00 0.00 8.00 16.00 32.00 24.00 23.00 17.00 0.00 0.00 3.00 0.00 0.00
85.00 26.00 33.00 68.00 133.00 35.00 65.00 0.09 0.86 0.00 2.00 0.00 7.00 11.00 19.00 15.00 14.00 12.00 0.00 0.00 1.00 0.00 0.00
86.00 39.00 45.00 106.00 198.00 61.00 92.00 0.08 1.49 1.00 2.00 0.50 9.00 18.00 30.00 21.00 33.00 6.00 0.00 0.00 1.00 0.00 0.00
87.00 46.00 68.00 125.00 227.00 57.00 102.00 0.08 2.02 0.00 2.00 0.00 15.00 25.00 31.00 21.00 27.00 19.00 0.00 0.00 0.00 1.00 0.00
88.00 30.00 35.00 80.00 150.00 45.00 70.00 0.08 1.48 0.00 2.00 0.00 4.00 10.00 26.00 20.00 16.00 14.00 0.00 0.00 1.00 0.00 0.00
89.00 28.00 30.00 84.00 150.00 54.00 66.00 0.10 1.11 0.00 3.00 0.00 5.00 9.00 23.00 19.00 13.00 15.00 0.00 0.00 0.00 0.00 0.00
90.00 32.00 43.00 84.00 152.00 41.00 68.00 0.09 1.19 0.00 1.00 0.00 12.00 17.00 20.00 15.00 20.00 12.00 0.00 0.00 0.00 0.00 0.00
91.00 31.00 36.00 79.00 159.00 43.00 80.00 0.09 1.23 0.00 1.00 0.00 5.00 14.00 26.00 17.00 23.00 8.00 0.00 0.00 0.00 0.00 0.00
92.00 30.00 39.00 87.00 155.00 48.00 68.00 0.08 1.09 0.00 1.00 0.00 7.00 13.00 23.00 17.00 20.00 10.00 0.00 0.00 1.00 0.00 0.00
93.00 32.00 33.00 84.00 164.00 51.00 80.00 0.08 1.12 1.00 2.00 0.50 10.00 18.00 22.00 14.00 23.00 9.00 0.00 0.00 0.00 0.00 0.00
94.00 28.00 34.00 76.00 134.00 42.00 58.00 0.09 1.05 1.00 2.00 0.50 5.00 12.00 23.00 16.00 17.00 11.00 0.00 0.00 0.00 0.00 0.00
95.00 26.00 38.00 79.00 130.00 41.00 51.00 0.09 0.74 0.00 2.00 0.00 6.00 12.00 20.00 14.00 16.00 10.00 0.00 0.00 1.00 0.00 0.00
96.00 30.00 36.00 78.00 139.00 42.00 61.00 0.09 1.56 0.00 2.00 0.00 11.00 16.00 19.00 14.00 24.00 6.00 0.00 0.00 0.00 0.00 0.00
97.00 28.00 36.00 79.00 135.00 43.00 56.00 0.10 0.96 0.00 3.00 0.00 7.00 10.00 21.00 18.00 15.00 13.00 0.00 0.00 0.00 0.00 0.00
98.00 20.00 20.00 55.00 108.00 35.00 53.00 0.09 0.77 0.00 3.00 0.00 4.00 11.00 16.00 9.00 14.00 6.00 0.00 0.00 0.00 0.00 0.00
99.00 16.00 16.00 40.00 73.00 24.00 33.00 0.08 0.52 0.00 1.00 0.00 9.00 11.00 7.00 5.00 13.00 3.00 0.00 0.00 0.00 0.00 0.00
100.00 24.00 25.00 61.00 120.00 36.00 59.00 0.08 0.79 0.00 1.00 0.00 6.00 11.00 18.00 13.00 17.00 7.00 0.00 0.00 0.00 0.00 0.00
101.00 22.00 18.00 50.00 110.00 32.00 60.00 0.08 0.86 0.00 1.00 0.00 5.00 13.00 17.00 9.00 16.00 6.00 0.00 0.00 0.00 0.00 0.00
102.00 24.00 22.00 59.00 123.00 37.00 64.00 0.07 0.93 0.00 1.00 0.00 9.00 16.00 15.00 8.00 17.00 7.00 0.00 0.00 1.00 0.00 0.00
103.00 21.00 27.00 60.00 107.00 33.00 47.00 0.08 0.62 0.00 1.00 0.00 2.00 9.00 19.00 12.00 15.00 6.00 0.00 0.00 0.00 0.00 0.00
104.00 25.00 28.00 70.00 129.00 42.00 59.00 0.08 0.81 0.00 2.00 0.00 7.00 16.00 18.00 9.00 19.00 6.00 0.00 0.00 0.00 0.00 0.00
105.00 28.00 30.00 77.00 137.00 47.00 60.00 0.08 1.01 0.00 2.00 0.00 11.00 15.00 17.00 13.00 19.00 9.00 0.00 0.00 0.00 0.00 0.00
106.00 24.00 23.00 58.00 106.00 35.00 48.00 0.10 1.12 0.00 0.00 0.00 7.00 13.00 17.00 11.00 16.00 8.00 1.00 0.00 0.00 0.00 0.00
107.00 19.00 18.00 48.00 95.00 30.00 47.00 0.08 0.76 0.00 0.00 0.00 5.00 10.00 14.00 9.00 13.00 6.00 0.00 0.00 0.00 0.00 0.00
108.00 26.00 19.00 67.00 125.00 48.00 58.00 0.08 1.34 0.00 0.00 0.00 5.00 12.00 21.00 14.00 21.00 5.00 0.00 0.00 0.00 0.00 0.00
109.00 12.00 5.00 22.00 60.00 17.00 38.00 0.07 0.35 0.00 0.00 0.00 3.00 6.00 9.00 6.00 8.00 4.00 0.00 0.00 0.00 0.00 0.00
110.00 21.00 10.00 53.00 107.00 43.00 54.00 0.06 0.77 0.00 1.00 0.00 6.00 11.00 15.00 10.00 16.00 5.00 0.00 0.00 0.00 0.00 0.00
111.00 25.00 27.00 75.00 118.00 48.00 43.00 0.08 0.86 0.00 3.00 0.00 9.00 11.00 16.00 14.00 15.00 10.00 0.00 0.00 0.00 0.00 0.00
112.00 25.00 30.00 67.00 120.00 37.00 53.00 0.07 1.11 0.00 0.00 0.00 10.00 16.00 15.00 9.00 20.00 5.00 0.00 0.00 0.00 0.00 0.00
113.00 21.00 20.00 51.00 104.00 31.00 53.00 0.09 0.91 0.00 0.00 0.00 6.00 10.00 15.00 11.00 12.00 9.00 0.00 0.00 0.00 0.00 0.00
114.00 23.00 21.00 58.00 109.00 37.00 51.00 0.08 0.84 0.00 1.00 0.00 7.00 10.00 16.00 13.00 13.00 10.00 0.00 0.00 0.00 0.00 0.00
115.00 20.00 22.00 55.00 101.00 33.00 46.00 0.08 0.64 0.00 2.00 0.00 3.00 10.00 17.00 10.00 12.00 8.00 0.00 0.00 0.00 0.00 0.00
116.00 21.00 21.00 54.00 105.00 33.00 51.00 0.09 0.69 0.00 2.00 0.00 7.00 12.00 14.00 9.00 15.00 6.00 1.00 0.00 0.00 0.00 0.00
117.00 16.00 10.00 33.00 72.00 23.00 39.00 0.08 0.78 0.00 1.00 0.00 5.00 9.00 11.00 7.00 11.00 5.00 0.00 0.00 1.00 0.00 0.00
118.00 18.00 15.00 44.00 86.00 29.00 42.00 0.09 0.69 0.00 0.00 0.00 5.00 11.00 13.00 7.00 15.00 3.00 0.00 0.00 1.00 0.00 0.00
119.00 18.00 11.00 40.00 87.00 29.00 47.00 0.08 0.70 0.00 1.00 0.00 7.00 10.00 11.00 8.00 14.00 4.00 0.00 0.00 0.00 0.00 0.00
120.00 17.00 7.00 33.00 82.00 26.00 49.00 0.08 0.79 1.00 2.00 0.50 4.00 8.00 13.00 9.00 12.00 5.00 0.00 0.00 0.00 0.00 0.00
121.00 17.00 15.00 45.00 87.00 30.00 42.00 0.09 0.53 0.00 0.00 0.00 3.00 9.00 14.00 8.00 13.00 4.00 0.00 0.00 0.00 1.00 0.00
122.00 25.00 15.00 50.00 122.00 35.00 72.00 0.08 1.20 1.00 1.00 1.00 9.00 16.00 16.00 9.00 19.00 6.00 0.00 0.00 0.00 0.00 0.00
123.00 20.00 12.00 52.00 103.00 40.00 51.00 0.08 0.89 0.00 1.00 0.00 5.00 12.00 15.00 8.00 13.00 7.00 0.00 0.00 0.00 0.00 0.00
124.00 16.00 9.00 42.00 81.00 33.00 39.00 0.10 0.75 0.00 1.00 0.00 8.00 9.00 8.00 7.00 10.00 6.00 0.00 0.00 0.00 0.00 0.00
125.00 15.00 7.00 26.00 73.00 19.00 47.00 0.08 0.78 0.00 1.00 0.00 4.00 10.00 11.00 5.00 13.00 2.00 0.00 0.00 0.00 0.00 0.00
126.00 8.00 1.00 11.00 34.00 10.00 23.00 0.09 0.30 0.00 0.00 0.00 4.00 6.00 4.00 2.00 7.00 1.00 0.00 0.00 1.00 0.00 0.00
127.00 8.00 1.00 13.00 36.00 12.00 23.00 0.08 0.44 0.00 0.00 0.00 3.00 7.00 5.00 1.00 7.00 1.00 0.00 0.00 0.00 0.00 0.00
128.00 4.00 0.00 2.00 10.00 2.00 8.00 0.08 0.27 0.00 0.00 0.00 3.00 3.00 1.00 1.00 4.00 0.00 0.00 0.00 0.00 0.00 0.00
129.00 11.00 4.00 21.00 48.00 17.00 27.00 0.08 0.68 0.00 0.00 0.00 4.00 7.00 7.00 4.00 10.00 1.00 0.00 0.00 0.00 0.00 0.00
130.00 14.00 4.00 21.00 64.00 17.00 43.00 0.09 0.99 0.00 0.00 0.00 5.00 12.00 9.00 2.00 12.00 2.00 0.00 0.00 0.00 0.00 0.00
131.00 13.00 8.00 21.00 50.00 13.00 29.00 0.07 0.65 0.00 0.00 0.00 4.00 11.00 9.00 2.00 11.00 2.00 0.00 0.00 0.00 0.00 0.00
132.00 12.00 7.00 25.00 51.00 18.00 26.00 0.09 0.68 0.00 0.00 0.00 3.00 7.00 9.00 5.00 10.00 2.00 0.00 0.00 0.00 0.00 0.00
133.00 7.00 2.00 7.00 30.00 5.00 23.00 0.09 0.46 0.00 0.00 0.00 1.00 3.00 6.00 4.00 6.00 1.00 0.00 0.00 0.00 0.00 0.00
134.00 9.00 4.00 18.00 43.00 14.00 25.00 0.08 0.49 0.00 0.00 0.00 5.00 5.00 4.00 4.00 7.00 2.00 0.00 0.00 0.00 0.00 0.00
135.00 7.00 2.00 8.00 33.00 6.00 25.00 0.08 0.55 0.00 0.00 0.00 3.00 4.00 4.00 3.00 7.00 0.00 0.00 0.00 0.00 0.00 0.00
136.00 4.00 0.00 2.00 13.00 2.00 11.00 0.10 0.22 0.00 0.00 0.00 3.00 3.00 1.00 1.00 4.00 0.00 0.00 0.00 0.00 0.00 0.00
137.00 10.00 4.00 18.00 45.00 14.00 27.00 0.09 0.48 0.00 0.00 0.00 3.00 9.00 7.00 1.00 9.00 1.00 0.00 0.00 0.00 0.00 0.00
138.00 10.00 4.00 16.00 48.00 12.00 32.00 0.08 0.59 0.00 1.00 0.00 2.00 8.00 8.00 2.00 8.00 2.00 0.00 0.00 0.00 0.00 0.00
139.00 8.00 3.00 14.00 36.00 11.00 22.00 0.08 0.57 0.00 0.00 0.00 2.00 5.00 6.00 3.00 7.00 1.00 0.00 0.00 0.00 0.00 0.00
140.00 7.00 2.00 9.00 27.00 7.00 18.00 0.09 0.22 0.00 0.00 0.00 3.00 6.00 4.00 1.00 7.00 0.00 0.00 0.00 0.00 0.00 0.00
141.00 12.00 4.00 17.00 52.00 13.00 35.00 0.06 1.40 0.00 0.00 0.00 6.00 9.00 6.00 3.00 11.00 1.00 0.00 0.00 0.00 0.00 0.00
142.00 10.00 2.00 14.00 45.00 12.00 31.00 0.08 0.58 0.00 1.00 0.00 4.00 6.00 6.00 4.00 8.00 2.00 0.00 0.00 0.00 0.00 0.00
143.00 5.00 1.00 5.00 21.00 4.00 16.00 0.09 0.27 0.00 1.00 0.00 4.00 4.00 1.00 1.00 4.00 1.00 0.00 0.00 0.00 0.00 0.00
144.00 4.00 0.00 2.00 16.00 2.00 14.00 0.10 0.31 0.00 1.00 0.00 2.00 4.00 2.00 0.00 4.00 0.00 0.00 0.00 0.00 0.00 0.00
145.00 6.00 0.00 6.00 25.00 6.00 19.00 0.09 0.42 0.00 0.00 0.00 2.00 4.00 4.00 2.00 6.00 0.00 0.00 0.00 0.00 0.00 0.00
146.00 5.00 0.00 4.00 16.00 4.00 12.00 0.10 0.49 0.00 0.00 0.00 3.00 4.00 2.00 1.00 5.00 0.00 0.00 0.00 0.00 0.00 0.00
147.00 4.00 0.00 4.00 16.00 4.00 12.00 0.08 0.29 0.00 0.00 0.00 2.00 4.00 2.00 0.00 4.00 0.00 0.00 0.00 0.00 0.00 0.00
148.00 4.00 0.00 0.00 7.00 0.00 7.00 0.08 0.20 0.00 0.00 0.00 3.00 3.00 1.00 1.00 4.00 0.00 0.00 0.00 0.00 0.00 0.00
