0.00 2.00 0.00 0.00 5.00 0.00 5.00 0.09 0.02 0.00 0.00 0.00 2.00 2.00 0.00 0.00 2.00 0.00 0.00 0.00 0.00 0.00 0.00
1.00 5.00 0.00 2.00 13.00 2.00 11.00 0.08 0.36 0.00 0.00 0.00 3.00 4.00 2.00 1.00 5.00 0.00 0.00 0.00 0.00 0.00 0.00
2.00 4.00 0.00 3.00 14.00 3.00 11.00 0.08 0.15 0.00 0.00 0.00 3.00 3.00 1.00 1.00 4.00 0.00 0.00 0.00 0.00 0.00 0.00
3.00 5.00 0.00 1.00 15.00 1.00 14.00 0.08 0.49 0.00 0.00 0.00 2.00 5.00 3.00 0.00 5.00 0.00 0.00 0.00 0.00 0.00 0.00
4.00 8.00 1.00 9.00 29.00 8.00 20.00 0.10 0.38 0.00 0.00 0.00 4.00 7.00 4.00 1.00 7.00 1.00 0.00 0.00 0.00 0.00 0.00
5.00 9.00 1.00 8.00 32.00 7.00 24.00 0.08 0.79 0.00 0.00 0.00 4.00 6.00 5.00 3.00 8.00 1.00 0.00 0.00 0.00 0.00 0.00
6.00 5.00 1.00 5.00 18.00 4.00 13.00 0.08 0.30 0.00 0.00 0.00 2.00 3.00 3.00 2.00 5.00 0.00 0.00 0.00 0.00 0.00 0.00
7.00 8.00 4.00 15.00 35.00 11.00 20.00 0.08 0.36 0.00 0.00 0.00 3.00 7.00 5.00 1.00 7.00 1.00 0.00 0.00 0.00 0.00 0.00
8.00 10.00 7.00 22.00 44.00 15.00 22.00 0.10 0.47 0.00 0.00 0.00 3.00 5.00 7.00 5.00 9.00 1.00 0.00 0.00 0.00 0.00 0.00
9.00 3.00 0.00 0.00 6.00 0.00 6.00 0.08 0.17 0.00 0.00 0.00 2.00 3.00 1.00 0.00 3.00 0.00 0.00 0.00 0.00 0.00 0.00
10.00 7.00 0.00 2.00 27.00 2.00 25.00 0.09 0.52 0.00 0.00 0.00 4.00 5.00 3.00 2.00 7.00 0.00 0.00 0.00 0.00 0.00 0.00
11.00 4.00 1.00 5.00 13.00 4.00 8.00 0.09 0.17 0.00 0.00 0.00 2.00 4.00 2.00 0.00 4.00 0.00 0.00 0.00 0.00 0.00 0.00
12.00 12.00 9.00 25.00 55.00 16.00 30.00 0.09 0.39 0.00 0.00 0.00 3.00 7.00 9.00 5.00 10.00 2.00 0.00 0.00 0.00 0.00 0.00
13.00 11.00 0.00 15.00 46.00 15.00 31.00 0.09 0.49 0.00 0.00 0.00 5.00 8.00 6.00 3.00 9.00 2.00 0.00 0.00 0.00 0.00 0.00
14.00 8.00 2.00 13.00 33.00 11.00 20.00 0.10 0.22 0.00 0.00 0.00 3.00 6.00 5.00 2.00 7.00 1.00 0.00 0.00 0.00 0.00 0.00
15.00 5.00 2.00 8.00 23.00 6.00 15.00 0.09 0.25 0.00 0.00 0.00 2.00 5.00 3.00 0.00 5.00 0.00 0.00 0.00 0.00 0.00 0.00
16.00 9.00 5.00 16.00 40.00 11.00 24.00 0.08 0.31 0.00 0.00 0.00 2.00 6.00 7.00 3.00 8.00 1.00 0.00 0.00 0.00 0.00 0.00
17.00 8.00 3.00 14.00 34.00 11.00 20.00 0.08 0.28 0.00 0.00 0.00 3.00 7.00 5.00 1.00 8.00 0.00 0.00 0.00 0.00 0.00 0.00
18.00 5.00 0.00 0.00 14.00 0.00 14.00 0.09 0.36 0.00 0.00 0.00 2.00 5.00 3.00 0.00 5.00 0.00 0.00 0.00 0.00 0.00 0.00
19.00 12.00 6.00 24.00 53.00 18.00 29.00 0.10 0.44 0.00 1.00 0.00 3.00 8.00 9.00 4.00 11.00 1.00 0.00 0.00 0.00 0.00 0.00
20.00 15.00 16.00 38.00 67.00 22.00 29.00 0.07 0.45 0.00 1.00 0.00 6.00 6.00 9.00 9.00 9.00 6.00 0.00 0.00 0.00 0.00 0.00
21.00 13.00 14.00 35.00 63.00 21.00 28.00 0.08 0.30 0.00 1.00 0.00 3.00 5.00 10.00 8.00 8.00 5.00 0.00 0.00 0.00 0.00 0.00
22.00 15.00 16.00 36.00 64.00 20.00 28.00 0.08 0.45 0.00 1.00 0.00 4.00 6.00 11.00 9.00 10.00 5.00 0.00 0.00 0.00 0.00 0.00
23.00 23.00 23.00 55.00 111.00 32.00 56.00 0.08 1.03 0.00 1.00 0.00 7.00 16.00 16.00 7.00 18.00 5.00 0.00 0.00 0.00 1.00 0.00
24.00 13.00 9.00 29.00 64.00 20.00 35.00 0.10 0.45 0.00 1.00 0.00 4.00 5.00 9.00 8.00 9.00 4.00 0.00 0.00 0.00 0.00 0.00
25.00 10.00 7.00 20.00 48.00 13.00 28.00 0.09 0.42 0.00 1.00 0.00 2.00 4.00 8.00 6.00 6.00 4.00 0.00 0.00 0.00 0.00 0.00
26.00 15.00 12.00 36.00 70.00 24.00 34.00 0.09 0.65 0.00 1.00 0.00 3.00 6.00 12.00 9.00 8.00 7.00 0.00 0.00 0.00 0.00 0.00
27.00 18.00 15.00 42.00 93.00 27.00 51.00 0.08 0.71 0.00 2.00 0.00 4.00 6.00 14.00 12.00 10.00 8.00 0.00 0.00 1.00 0.00 0.00
28.00 16.00 14.00 36.00 73.00 22.00 37.00 0.09 0.61 0.00 1.00 0.00 6.00 7.00 10.00 9.00 10.00 6.00 0.00 0.00 1.00 0.00 0.00
29.00 17.00 24.00 51.00 87.00 27.00 36.00 0.08 0.44 0.00 1.00 0.00 3.00 7.00 14.00 10.00 9.00 8.00 0.00 0.00 1.00 0.00 0.00
30.00 10.00 4.00 20.00 49.00 16.00 29.00 0.10 0.40 0.00 0.00 0.00 3.00 4.00 7.00 6.00 7.00 3.00 0.00 0.00 1.00 0.00 0.00
31.00 15.00 19.00 41.00 73.00 22.00 32.00 0.09 0.42 0.00 1.00 0.00 6.00 9.00 9.00 6.00 12.00 3.00 0.00 0.00 0.00 0.00 0.00
32.00 9.00 1.00 13.00 38.00 12.00 25.00 0.09 0.43 0.00 1.00 0.00 3.00 5.00 6.00 4.00 8.00 1.00 0.00 0.00 0.00 0.00 0.00
33.00 18.00 21.00 46.00 91.00 25.00 45.00 0.09 0.44 0.00 2.00 0.00 2.00 8.00 16.00 10.00 15.00 3.00 0.00 0.00 0.00 0.00 0.00
34.00 17.00 20.00 45.00 81.00 25.00 36.00 0.09 0.52 0.00 2.00 0.00 9.00 11.00 8.00 6.00 15.00 2.00 0.00 0.00 0.00 0.00 0.00
35.00 14.00 14.00 39.00 71.00 25.00 32.00 0.07 0.36 0.00 2.00 0.00 2.00 5.00 12.00 9.00 6.00 8.00 0.00 0.00 0.00 0.00 0.00
36.00 14.00 12.00 36.00 66.00 24.00 30.00 0.08 0.39 0.00 2.00 0.00 6.00 6.00 8.00 8.00 8.00 6.00 0.00 0.00 0.00 0.00 0.00
37.00 14.00 15.00 37.00 70.00 22.00 33.00 0.07 0.32 0.00 1.00 0.00 2.00 4.00 12.00 10.00 12.00 2.00 0.00 0.00 0.00 0.00 0.00
38.00 17.00 19.00 49.00 82.00 30.00 33.00 0.08 0.44 0.00 2.00 0.00 3.00 10.00 14.00 7.00 13.00 4.00 0.00 0.00 0.00 0.00 0.00
39.00 20.00 23.00 55.00 97.00 32.00 42.00 0.08 0.53 0.00 2.00 0.00 7.00 11.00 13.00 9.00 17.00 3.00 0.00 0.00 1.00 0.00 1.00
40.00 16.00 15.00 45.00 79.00 30.00 34.00 0.08 0.57 0.00 2.00 0.00 3.00 5.00 13.00 11.00 8.00 8.00 0.00 0.00 0.00 0.00 0.00
41.00 15.00 18.00 41.00 75.00 23.00 34.00 0.09 0.40 0.00 1.00 0.00 5.00 8.00 10.00 7.00 10.00 5.00 0.00 0.00 0.00 0.00 0.00
42.00 18.00 23.00 52.00 94.00 29.00 42.00 0.09 0.49 0.00 1.00 0.00 3.00 7.00 15.00 11.00 12.00 6.00 0.00 0.00 0.00 0.00 0.00
43.00 20.00 29.00 57.00 96.00 28.00 39.00 0.09 0.50 0.00 0.00 0.00 1.00 6.00 19.00 14.00 10.00 10.00 0.00 0.00 0.00 0.00 0.00
44.00 21.00 26.00 60.00 102.00 34.00 42.00 0.09 0.53 0.00 2.00 0.00 8.00 15.00 13.00 6.00 17.00 4.00 0.00 0.00 0.00 0.00 0.00
45.00 15.00 18.00 36.00 70.00 18.00 34.00 0.08 0.50 0.00 2.00 0.00 2.00 4.00 13.00 11.00 7.00 8.00 0.00 0.00 0.00 0.00 0.00
46.00 12.00 6.00 25.00 55.00 19.00 30.00 0.09 0.54 0.00 1.00 0.00 6.00 7.00 6.00 5.00 10.00 2.00 0.00 0.00 0.00 0.00 0.00
47.00 19.00 18.00 44.00 85.00 26.00 41.00 0.10 0.77 0.00 2.00 0.00 7.00 13.00 12.00 6.00 17.00 2.00 0.00 0.00 0.00 0.00 1.00
48.00 24.00 33.00 67.00 123.00 34.00 56.00 0.08 0.82 0.00 2.00 0.00 11.00 16.00 13.00 8.00 19.00 5.00 0.00 0.00 0.00 0.00 0.00
49.00 19.00 24.00 49.00 85.00 25.00 36.00 0.09 0.74 0.00 2.00 0.00 7.00 13.00 12.00 6.00 13.00 6.00 0.00 0.00 0.00 0.00 0.00
50.00 20.00 18.00 53.00 101.00 35.00 48.00 0.09 0.69 0.00 2.00 0.00 3.00 8.00 17.00 12.00 11.00 9.00 0.00 0.00 0.00 0.00 0.00
51.00 23.00 24.00 61.00 110.00 37.00 49.00 0.10 0.68 0.00 2.00 0.00 2.00 7.00 21.00 16.00 11.00 12.00 0.00 0.00 0.00 0.00 0.00
52.00 19.00 27.00 52.00 89.00 25.00 37.00 0.08 0.57 0.00 2.00 0.00 8.00 10.00 11.00 9.00 14.00 5.00 0.00 0.00 0.00 0.00 0.00
53.00 14.00 13.00 32.00 64.00 19.00 32.00 0.10 0.63 0.00 2.00 0.00 3.00 5.00 11.00 9.00 11.00 3.00 0.00 0.00 0.00 0.00 0.00
54.00 23.00 34.00 63.00 111.00 29.00 48.00 0.09 0.75 0.00 2.00 0.00 5.00 13.00 18.00 10.00 18.00 5.00 0.00 0.00 0.00 1.00 0.00
55.00 22.00 16.00 45.00 98.00 29.00 53.00 0.09 0.64 0.00 2.00 0.00 8.00 12.00 14.00 10.00 14.00 8.00 0.00 0.00 0.00 0.00 0.00
56.00 15.00 8.00 32.00 70.00 24.00 38.00 0.10 0.54 0.00 2.00 0.00 4.00 10.00 11.00 5.00 13.00 2.00 0.00 0.00 1.00 0.00 0.00
57.00 18.00 24.00 52.00 92.00 28.00 40.00 0.07 0.69 0.00 2.00 0.00 2.00 5.00 16.00 13.00 10.00 8.00 0.00 0.00 0.00 0.00 0.00
58.00 22.00 26.00 51.00 98.00 25.00 47.00 0.08 0.78 0.00 1.00 0.00 8.00 13.00 14.00 9.00 13.00 9.00 0.00 0.00 0.00 0.00 0.00
59.00 17.00 21.00 49.00 84.00 28.00 35.00 0.08 0.74 0.00 2.00 0.00 2.00 7.00 15.00 10.00 8.00 9.00 0.00 0.00 0.00 0.00 0.00
60.00 18.00 16.00 49.00 87.00 33.00 38.00 0.11 0.89 0.00 2.00 0.00 3.00 10.00 15.00 8.00 14.00 4.00 0.00 0.00 1.00 0.00 0.00
61.00 19.00 22.00 46.00 90.00 24.00 44.00 0.09 0.70 0.00 2.00 0.00 3.00 11.00 16.00 8.00 14.00 5.00 0.00 0.00 0.00 0.00 1.00
62.00 28.00 35.00 71.00 128.00 36.00 57.00 0.09 0.93 0.00 2.00 0.00 9.00 16.00 19.00 12.00 20.00 8.00 0.00 0.00 0.00 0.00 0.00
63.00 20.00 22.00 57.00 97.00 35.00 40.00 0.07 1.02 0.00 2.00 0.00 5.00 11.00 15.00 9.00 14.00 6.00 0.00 0.00 0.00 0.00 0.00
64.00 23.00 30.00 56.00 107.00 26.00 51.00 0.07 0.88 0.00 2.00 0.00 8.00 14.00 15.00 9.00 18.00 5.00 0.00 0.00 0.00 0.00 0.00
65.00 23.00 32.00 70.00 117.00 38.00 47.00 0.08 0.95 0.00 2.00 0.00 4.00 8.00 19.00 15.00 13.00 10.00 0.00 0.00 0.00 0.00 0.00
66.00 31.00 40.00 84.00 137.00 44.00 53.00 0.09 1.29 0.00 3.00 0.00 12.00 21.00 19.00 10.00 27.00 4.00 0.00 0.00 0.00 0.00 0.00
67.00 28.00 33.00 81.00 145.00 48.00 64.00 0.06 0.99 0.00 3.00 0.00 10.00 19.00 18.00 9.00 22.00 6.00 0.00 0.00 0.00 0.00 0.00
68.00 28.00 37.00 81.00 143.00 44.00 62.00 0.08 0.86 0.00 3.00 0.00 6.00 13.00 22.00 15.00 21.00 7.00 0.00 0.00 0.00 0.00 0.00
69.00 29.00 48.00 86.00 151.00 38.00 65.00 0.10 1.02 0.00 3.00 0.00 6.00 10.00 23.00 19.00 17.00 12.00 0.00 0.00 0.00 0.00 0.00
70.00 29.00 34.00 82.00 150.00 48.00 68.00 0.08 1.12 0.00 2.00 0.00 5.00 11.00 24.00 18.00 17.00 12.00 0.00 0.00 0.00 0.00 1.00
71.00 32.00 42.00 96.00 171.00 54.00 75.00 0.08 1.03 0.00 3.00 0.00 7.00 14.00 25.00 18.00 20.00 12.00 0.00 0.00 0.00 0.00 0.00
72.00 32.00 45.00 101.00 170.00 56.00 69.00 0.08 1.02 1.00 3.00 0.33 5.00 16.00 27.00 16.00 21.00 11.00 1.00 0.00 0.00 0.00 0.00
73.00 27.00 43.00 89.00 143.00 46.00 54.00 0.09 0.79 0.00 3.00 0.00 4.00 11.00 23.00 16.00 14.00 13.00 1.00 0.00 0.00 0.00 0.00
74.00 27.00 35.00 71.00 134.00 36.00 63.00 0.08 0.78 0.00 3.00 0.00 7.00 10.00 20.00 17.00 16.00 11.00 1.00 0.00 0.00 0.00 0.00
75.00 37.00 53.00 113.00 188.00 60.00 75.00 0.11 1.12 0.00 3.00 0.00 8.00 14.00 29.00 23.00 20.00 17.00 0.00 0.00 0.00 0.00 0.00
76.00 32.00 54.00 104.00 170.00 50.00 66.00 0.08 0.99 0.00 4.00 0.00 6.00 11.00 26.00 21.00 16.00 16.00 1.00 0.00 1.00 0.00 0.00
77.00 34.00 57.00 108.00 173.00 51.00 65.00 0.08 1.05 0.00 4.00 0.00 8.00 17.00 26.00 17.00 20.00 14.00 0.00 0.00 0.00 0.00 0.00
78.00 35.00 48.00 111.00 183.00 63.00 72.00 0.09 1.14 0.00 4.00 0.00 6.00 12.00 29.00 23.00 20.00 15.00 2.00 0.00 1.00 0.00 0.00
79.00 32.00 58.00 101.00 160.00 43.00 59.00 0.08 1.02 1.00 4.00 0.25 4.00 10.00 28.00 22.00 20.00 12.00 2.00 0.00 1.00 0.00 0.00
80.00 32.00 48.00 98.00 163.00 50.00 65.00 0.10 1.11 0.00 5.00 0.00 6.00 11.00 26.00 21.00 18.00 14.00 1.00 0.00 1.00 0.00 0.00
81.00 36.00 61.00 116.00 181.00 55.00 65.00 0.10 1.07 0.00 5.00 0.00 7.00 15.00 29.00 21.00 25.00 11.00 1.00 0.00 0.00 0.00 0.00
82.00 33.00 48.00 99.00 167.00 51.00 68.00 0.08 1.13 0.00 4.00 0.00 6.00 12.00 27.00 21.00 16.00 17.00 1.00 0.00 0.00 0.00 0.00
83.00 37.00 39.00 98.00 173.00 59.00 75.00 0.10 1.31 0.00 6.00 0.00 9.00 17.00 28.00 20.00 23.00 14.00 0.00 0.00 0.00 0.00 0.00
84.00 37.00 57.00 115.00 182.00 58.00 67.00 0.08 1.11 0.00 5.00 0.00 12.00 17.00 25.00 20.00 25.00 12.00 1.00 0.00 0.00 1.00 0.00
85.00 37.00 55.00 109.00 191.00 54.00 82.00 0.09 1.14 0.00 5.00 0.00 6.00 17.00 31.00 20.00 21.00 16.00 0.00 0.00 0.00 0.00 0.00
86.00 35.00 52.00 105.00 171.00 53.00 66.00 0.08 1.16 0.00 4.00 0.00 6.00 8.00 29.00 27.00 15.00 20.00 0.00 0.00 0.00 0.00 0.00
87.00 38.00 52.00 110.00 189.00 58.00 79.00 0.08 1.31 1.00 5.00 0.20 7.00 17.00 31.00 21.00 24.00 14.00 0.00 0.00 0.00 0.00 0.00
88.00 40.00 56.00 114.00 192.00 58.00 78.00 0.09 1.05 0.00 5.00 0.00 13.00 22.00 27.00 18.00 27.00 13.00 0.00 0.00 0.00 0.00 0.00
89.00 31.00 44.00 89.00 157.00 45.00 68.00 0.08 1.04 0.00 6.00 0.00 3.00 8.00 28.00 23.00 21.00 10.00 0.00 0.00 0.00 0.00 0.00
90.00 34.00 45.00 95.00 170.00 50.00 75.00 0.08 0.96 0.00 3.00 0.00 9.00 15.00 25.00 19.00 19.00 15.00 0.00 0.00 0.00 0.00 0.00
91.00 38.00 49.00 112.00 192.00 63.00 80.00 0.08 1.15 0.00 5.00 0.00 5.00 12.00 33.00 26.00 18.00 20.00 0.00 0.00 1.00 0.00 0.00
92.00 38.00 55.00 114.00 191.00 59.00 77.00 0.09 1.01 0.00 5.00 0.00 9.00 19.00 29.00 19.00 21.00 17.00 0.00 0.00 0.00 0.00 0.00
93.00 38.00 50.00 103.00 187.00 53.00 84.00 0.08 1.12 0.00 4.00 0.00 9.00 18.00 29.00 20.00 24.00 14.00 1.00 0.00 0.00 0.00 0.00
94.00 33.00 45.00 99.00 167.00 54.00 68.00 0.07 1.07 0.00 4.00 0.00 7.00 11.00 26.00 22.00 18.00 15.00 1.00 0.00 0.00 0.00 0.00
95.00 37.00 47.00 106.00 190.00 59.00 84.00 0.08 1.29 0.00 4.00 0.00 8.00 17.00 29.00 20.00 23.00 14.00 1.00 0.00 0.00 0.00 0.00
96.00 38.00 52.00 119.00 191.00 67.00 72.00 0.09 1.15 0.00 6.00 0.00 6.00 17.00 32.00 21.00 22.00 16.00 0.00 0.00 0.00 0.00 1.00
97.00 36.00 54.00 111.00 176.00 57.00 65.00 0.08 1.08 0.00 4.00 0.00 4.00 14.00 32.00 22.00 18.00 18.00 0.00 0.00 0.00 0.00 0.00
98.00 37.00 53.00 112.00 188.00 59.00 76.00 0.09 1.06 0.00 4.00 0.00 10.00 17.00 27.00 20.00 23.00 14.00 1.00 0.00 0.00 0.00 0.00
99.00 39.00 52.00 116.00 199.00 64.00 83.00 0.09 1.20 0.00 4.00 0.00 7.00 18.00 32.00 21.00 23.00 16.00 0.00 0.00 0.00 0.00 0.00
100.00 46.00 73.00 130.00 222.00 57.00 92.00 0.08 1.44 0.00 5.00 0.00 13.00 19.00 33.00 27.00 30.00 16.00 0.00 0.00 0.00 0.00 0.00
101.00 42.00 62.00 137.00 217.00 75.00 80.00 0.09 1.32 0.00 5.00 0.00 8.00 13.00 34.00 29.00 20.00 22.00 0.00 0.00 1.00 0.00 0.00
102.00 36.00 56.00 114.00 180.00 58.00 66.00 0.08 0.91 0.00 4.00 0.00 10.00 16.00 26.00 20.00 20.00 16.00 1.00 0.00 0.00 0.00 0.00
103.00 40.00 63.00 126.00 202.00 63.00 76.00 0.09 1.13 0.00 4.00 0.00 5.00 11.00 35.00 29.00 22.00 18.00 1.00 0.00 0.00 0.00 0.00
104.00 37.00 46.00 106.00 194.00 60.00 88.00 0.10 1.16 0.00 4.00 0.00 9.00 17.00 28.00 20.00 26.00 11.00 0.00 0.00 0.00 0.00 0.00
105.00 37.00 34.00 93.00 177.00 59.00 84.00 0.08 1.52 0.00 3.00 0.00 11.00 15.00 26.00 22.00 25.00 12.00 0.00 0.00 0.00 0.00 0.00
106.00 40.00 61.00 120.00 207.00 59.00 87.00 0.08 1.36 0.00 5.00 0.00 7.00 18.00 33.00 22.00 26.00 14.00 0.00 0.00 0.00 0.00 2.00
107.00 38.00 54.00 118.00 197.00 64.00 79.00 0.09 1.07 0.00 6.00 0.00 10.00 17.00 28.00 21.00 22.00 16.00 0.00 0.00 0.00 0.00 1.00
108.00 39.00 42.00 110.00 206.00 68.00 96.00 0.09 1.44 0.00 4.00 0.00 11.00 23.00 28.00 16.00 30.00 9.00 0.00 0.00 3.00 0.00 1.00
109.00 48.00 69.00 136.00 233.00 67.00 97.00 0.09 1.34 1.00 5.00 0.20 13.00 20.00 35.00 28.00 28.00 20.00 0.00 0.00 0.00 0.00 1.00
110.00 38.00 52.00 117.00 196.00 65.00 79.00 0.10 1.34 0.00 6.00 0.00 8.00 16.00 30.00 22.00 24.00 14.00 0.00 0.00 1.00 0.00 1.00
111.00 44.00 77.00 130.00 221.00 53.00 91.00 0.06 1.44 0.00 3.00 0.00 11.00 16.00 33.00 28.00 20.00 24.00 0.00 0.00 1.00 0.00 0.00
112.00 46.00 60.00 132.00 233.00 72.00 101.00 0.09 1.56 0.00 3.00 0.00 13.00 20.00 33.00 26.00 27.00 19.00 1.00 0.00 1.00 0.00 0.00
113.00 44.00 71.00 136.00 212.00 65.00 76.00 0.10 1.33 0.00 4.00 0.00 13.00 21.00 31.00 23.00 27.00 17.00 1.00 0.00 1.00 0.00 0.00
114.00 40.00 52.00 109.00 193.00 57.00 84.00 0.09 1.30 0.00 4.00 0.00 9.00 19.00 31.00 21.00 25.00 15.00 0.00 0.00 0.00 0.00 0.00
115.00 40.00 48.00 117.00 197.00 69.00 80.00 0.08 1.29 0.00 5.00 0.00 9.00 15.00 31.00 25.00 21.00 19.00 1.00 0.00 1.00 0.00 0.00
116.00 34.00 49.00 101.00 171.00 52.00 70.00 0.10 1.11 0.00 2.00 0.00 4.00 8.00 30.00 26.00 16.00 18.00 1.00 0.00 1.00 0.00 0.00
117.00 40.00 49.00 126.00 206.00 77.00 80.00 0.09 1.13 0.00 3.00 0.00 6.00 19.00 34.00 21.00 23.00 17.00 0.00 0.00 1.00 0.00 0.00
118.00 31.00 39.00 93.00 158.00 54.00 65.00 0.09 0.89 0.00 3.00 0.00 4.00 12.00 27.00 19.00 18.00 13.00 0.00 0.00 2.00 0.00 0.00
119.00 40.00 60.00 117.00 207.00 57.00 90.00 0.09 1.01 0.00 3.00 0.00 9.00 19.00 31.00 21.00 26.00 14.00 0.00 0.00 1.00 0.00 0.00
120.00 37.00 49.00 102.00 189.00 53.00 87.00 0.08 1.09 0.00 3.00 0.00 12.00 17.00 25.00 20.00 25.00 12.00 0.00 0.00 1.00 0.00 0.00
121.00 38.00 62.00 125.00 197.00 63.00 72.00 0.10 0.96 0.00 3.00 0.00 8.00 18.00 30.00 20.00 25.00 13.00 0.00 0.00 2.00 0.00 0.00
122.00 36.00 52.00 110.00 193.00 58.00 83.00 0.09 0.98 0.00 2.00 0.00 9.00 15.00 27.00 21.00 18.00 18.00 0.00 0.00 1.00 0.00 0.00
123.00 41.00 66.00 119.00 200.00 53.00 81.00 0.08 1.28 0.00 2.00 0.00 8.00 12.00 33.00 29.00 21.00 20.00 0.00 0.00 1.00 0.00 0.00
124.00 22.00 25.00 59.00 113.00 34.00 54.00 0.10 0.61 0.00 3.00 0.00 6.00 9.00 16.00 13.00 13.00 9.00 0.00 0.00 1.00 0.00 0.00
125.00 34.00 47.00 96.00 170.00 49.00 74.00 0.08 0.86 0.00 3.00 0.00 9.00 16.00 25.00 18.00 21.00 13.00 0.00 0.00 1.00 1.00 0.00
126.00 29.00 34.00 77.00 149.00 43.00 72.00 0.11 0.70 0.00 3.00 0.00 5.00 11.00 24.00 18.00 15.00 14.00 0.00 0.00 0.00 0.00 0.00
127.00 33.00 36.00 92.00 163.00 56.00 71.00 0.09 0.96 0.00 2.00 0.00 8.00 15.00 25.00 18.00 22.00 11.00 0.00 0.00 1.00 0.00 0.00
128.00 30.00 36.00 77.00 145.00 41.00 68.00 0.09 0.89 0.00 3.00 0.00 8.00 14.00 22.00 16.00 19.00 11.00 0.00 0.00 1.00 0.00 0.00
129.00 33.00 47.00 102.00 164.00 55.00 62.00 0.09 0.76 0.00 3.00 0.00 10.00 18.00 23.00 15.00 21.00 12.00 0.00 0.00 0.00 0.00 1.00
130.00 28.00 28.00 76.00 146.00 48.00 70.00 0.09 0.82 0.00 3.00 0.00 6.00 14.00 22.00 14.00 19.00 9.00 0.00 0.00 1.00 0.00 0.00
131.00 29.00 36.00 85.00 140.00 49.00 55.00 0.08 0.93 0.00 3.00 0.00 12.00 16.00 17.00 13.00 21.00 8.00 0.00 0.00 1.00 0.00 0.00
132.00 33.00 37.00 89.00 176.00 52.00 87.00 0.06 1.19 0.00 3.00 0.00 9.00 15.00 24.00 18.00 18.00 15.00 0.00 0.00 1.00 0.00 1.00
133.00 30.00 40.00 87.00 153.00 47.00 66.00 0.09 0.89 0.00 3.00 0.00 7.00 10.00 23.00 20.00 19.00 11.00 0.00 0.00 2.00 0.00 0.00
134.00 27.00 27.00 68.00 131.00 41.00 63.00 0.06 0.96 0.00 2.00 0.00 12.00 15.00 15.00 12.00 16.00 11.00 0.00 0.00 1.00 0.00 0.00
135.00 32.00 41.00 96.00 159.00 55.00 63.00 0.09 0.92 0.00 2.00 0.00 11.00 19.00 21.00 13.00 20.00 12.00 0.00 0.00 1.00 0.00 0.00
136.00 28.00 42.00 81.00 134.00 39.00 53.00 0.09 0.80 0.00 2.00 0.00 7.00 14.00 21.00 14.00 20.00 8.00 0.00 0.00 1.00 1.00 0.00
137.00 23.00 21.00 58.00 119.00 37.00 61.00 0.09 0.71 0.00 3.00 0.00 8.00 11.00 15.00 12.00 17.00 6.00 0.00 0.00 0.00 0.00 0.00
138.00 32.00 33.00 86.00 158.00 53.00 72.00 0.09 0.89 0.00 4.00 0.00 8.00 16.00 24.00 16.00 24.00 8.00 0.00 0.00 1.00 0.00 0.00
139.00 26.00 33.00 75.00 123.00 42.00 48.00 0.09 0.79 0.00 3.00 0.00 7.00 13.00 19.00 13.00 17.00 9.00 0.00 0.00 1.00 0.00 0.00
140.00 29.00 40.00 77.00 143.00 37.00 66.00 0.09 0.93 0.00 4.00 0.00 7.00 16.00 22.00 13.00 23.00 6.00 0.00 0.00 1.00 0.00 0.00
141.00 33.00 48.00 94.00 162.00 46.00 68.00 0.09 0.84 0.00 4.00 0.00 6.00 14.00 27.00 19.00 20.00 13.00 1.00 0.00 0.00 0.00 0.00
142.00 31.00 34.00 89.00 156.00 55.00 67.00 0.08 0.80 0.00 3.00 0.00 6.00 11.00 25.00 20.00 18.00 13.00 1.00 0.00 0.00 0.00 0.00
143.00 28.00 45.00 81.00 138.00 36.00 57.00 0.07 0.95 0.00 4.00 0.00 5.00 11.00 23.00 17.00 14.00 14.00 1.00 0.00 0.00 0.00 0.00
144.00 33.00 47.00 107.00 179.00 60.00 72.00 0.09 0.94 0.00 4.00 0.00 7.00 11.00 26.00 22.00 19.00 14.00 1.00 0.00 0.00 0.00 0.00
145.00 33.00 41.00 103.00 174.00 62.00 71.00 0.09 0.95 0.00 4.00 0.00 8.00 14.00 25.00 19.00 17.00 16.00 0.00 0.00 0.00 0.00 0.00
146.00 35.00 52.00 102.00 176.00 50.00 74.00 0.08 0.90 0.00 4.00 0.00 6.00 15.00 29.00 20.00 24.00 11.00 0.00 0.00 1.00 0.00 0.00
147.00 30.00 45.00 90.00 154.00 45.00 64.00 0.08 0.78 0.00 4.00 0.00 6.00 12.00 24.00 18.00 15.00 15.00 0.00 0.00 0.00 0.00 0.00
148.00 30.00 44.00 86.00 151.00 42.00 65.00 0.08 0.80 0.00 4.00 0.00 9.00 13.00 21.00 17.00 17.00 13.00 0.00 0.00 0.00 0.00 0.00
149.00 35.00 48.00 112.00 176.00 64.00 64.00 0.09 0.87 0.00 4.00 0.00 6.00 13.00 29.00 22.00 18.00 17.00 1.00 0.00 0.00 0.00 0.00
150.00 31.00 47.00 87.00 153.00 40.00 66.00 0.08 0.94 0.00 4.00 0.00 7.00 12.00 24.00 19.00 22.00 9.00 1.00 0.00 0.00 0.00 0.00
151.00 34.00 49.00 103.00 177.00 54.00 74.00 0.09 0.92 0.00 4.00 0.00 9.00 12.00 25.00 22.00 16.00 18.00 1.00 0.00 0.00 0.00 0.00
152.00 29.00 33.00 85.00 152.00 52.00 67.00 0.08 0.72 0.00 4.00 0.00 6.00 9.00 23.00 20.00 16.00 13.00 0.00 0.00 0.00 0.00 0.00
153.00 30.00 34.00 83.00 154.00 49.00 71.00 0.10 1.10 0.00 5.00 0.00 5.00 10.00 25.00 20.00 22.00 8.00 0.00 0.00 0.00 0.00 0.00
154.00 33.00 50.00 94.00 157.00 44.00 63.00 0.09 0.88 0.00 4.00 0.00 10.00 16.00 23.00 17.00 22.00 11.00 0.00 0.00 0.00 1.00 0.00
155.00 29.00 48.00 88.00 140.00 40.00 52.00 0.08 0.77 0.00 4.00 0.00 4.00 11.00 25.00 18.00 24.00 5.00 0.00 0.00 0.00 0.00 0.00
156.00 33.00 58.00 104.00 167.00 46.00 63.00 0.07 0.89 0.00 4.00 0.00 6.00 14.00 27.00 19.00 20.00 13.00 1.00 0.00 0.00 1.00 0.00
157.00 32.00 47.00 101.00 159.00 54.00 58.00 0.08 0.84 0.00 4.00 0.00 2.00 9.00 30.00 23.00 14.00 18.00 0.00 0.00 0.00 0.00 0.00
158.00 32.00 53.00 96.00 161.00 43.00 65.00 0.08 0.79 0.00 4.00 0.00 9.00 17.00 23.00 15.00 22.00 10.00 1.00 0.00 0.00 0.00 0.00
159.00 30.00 39.00 82.00 142.00 43.00 60.00 0.07 0.80 0.00 4.00 0.00 3.00 12.00 27.00 18.00 21.00 9.00 1.00 0.00 0.00 0.00 0.00
160.00 27.00 45.00 83.00 140.00 38.00 57.00 0.08 0.65 0.00 4.00 0.00 6.00 9.00 21.00 18.00 14.00 13.00 0.00 0.00 0.00 0.00 0.00
161.00 29.00 38.00 83.00 144.00 45.00 61.00 0.08 0.80 0.00 4.00 0.00 6.00 14.00 23.00 15.00 21.00 8.00 1.00 0.00 0.00 0.00 0.00
162.00 23.00 24.00 62.00 116.00 38.00 54.00 0.08 0.76 0.00 4.00 0.00 9.00 12.00 14.00 11.00 15.00 8.00 1.00 0.00 0.00 0.00 1.00
163.00 28.00 46.00 88.00 147.00 42.00 59.00 0.08 0.61 0.00 2.00 0.00 6.00 10.00 22.00 18.00 15.00 13.00 0.00 0.00 0.00 1.00 0.00
164.00 24.00 30.00 64.00 120.00 34.00 56.00 0.08 0.69 0.00 2.00 0.00 6.00 10.00 18.00 14.00 15.00 9.00 2.00 0.00 0.00 0.00 0.00
165.00 24.00 31.00 70.00 118.00 39.00 48.00 0.08 0.59 0.00 2.00 0.00 4.00 7.00 20.00 17.00 12.00 12.00 2.00 0.00 0.00 0.00 0.00
166.00 27.00 32.00 80.00 144.00 48.00 64.00 0.09 0.75 0.00 2.00 0.00 5.00 12.00 22.00 15.00 15.00 12.00 2.00 0.00 0.00 0.00 0.00
167.00 26.00 32.00 77.00 129.00 45.00 52.00 0.09 0.64 0.00 3.00 0.00 4.00 9.00 22.00 17.00 18.00 8.00 0.00 0.00 0.00 0.00 0.00
168.00 23.00 26.00 56.00 104.00 30.00 48.00 0.08 0.62 0.00 4.00 0.00 6.00 11.00 17.00 12.00 14.00 9.00 0.00 0.00 0.00 0.00 0.00
169.00 29.00 37.00 80.00 144.00 43.00 64.00 0.08 0.85 0.00 3.00 0.00 8.00 17.00 21.00 12.00 20.00 9.00 0.00 0.00 0.00 0.00 0.00
170.00 25.00 36.00 78.00 127.00 42.00 49.00 0.08 0.85 0.00 3.00 0.00 5.00 11.00 20.00 14.00 15.00 10.00 0.00 0.00 1.00 0.00 0.00
171.00 26.00 32.00 72.00 125.00 40.00 53.00 0.07 0.77 0.00 2.00 0.00 6.00 13.00 20.00 13.00 15.00 11.00 0.00 0.00 1.00 1.00 0.00
172.00 23.00 29.00 66.00 117.00 37.00 51.00 0.09 0.80 0.00 3.00 0.00 6.00 9.00 17.00 14.00 15.00 8.00 0.00 0.00 0.00 0.00 0.00
173.00 33.00 45.00 91.00 158.00 46.00 67.00 0.07 0.87 0.00 2.00 0.00 9.00 14.00 24.00 19.00 19.00 14.00 0.00 0.00 0.00 0.00 0.00
174.00 26.00 34.00 74.00 132.00 40.00 58.00 0.08 0.77 0.00 4.00 0.00 6.00 9.00 20.00 17.00 13.00 13.00 0.00 0.00 0.00 0.00 0.00
175.00 23.00 27.00 64.00 114.00 37.00 50.00 0.08 0.77 0.00 4.00 0.00 8.00 14.00 15.00 9.00 17.00 6.00 0.00 0.00 0.00 0.00 0.00
176.00 29.00 42.00 82.00 144.00 40.00 62.00 0.08 0.76 0.00 2.00 0.00 8.00 12.00 21.00 17.00 17.00 12.00 0.00 0.00 1.00 0.00 0.00
177.00 28.00 33.00 74.00 132.00 41.00 58.00 0.08 0.80 0.00 4.00 0.00 8.00 15.00 20.00 13.00 19.00 9.00 0.00 0.00 1.00 0.00 0.00
178.00 21.00 25.00 55.00 101.00 30.00 46.00 0.07 0.70 0.00 3.00 0.00 5.00 9.00 16.00 12.00 13.00 8.00 0.00 0.00 1.00 0.00 0.00
179.00 27.00 35.00 83.00 135.00 48.00 52.00 0.08 0.90 0.00 3.00 0.00 4.00 10.00 23.00 17.00 17.00 10.00 0.00 0.00 0.00 0.00 0.00
180.00 17.00 16.00 43.00 88.00 27.00 45.00 0.08 0.50 0.00 2.00 0.00 2.00 4.00 15.00 13.00 8.00 9.00 0.00 0.00 0.00 1.00 0.00
181.00 33.00 49.00 90.00 155.00 41.00 65.00 0.08 1.02 0.00 2.00 0.00 7.00 11.00 26.00 22.00 21.00 12.00 0.00 0.00 0.00 0.00 0.00
182.00 26.00 37.00 76.00 134.00 39.00 58.00 0.09 0.72 0.00 3.00 0.00 6.00 11.00 20.00 15.00 18.00 8.00 0.00 0.00 0.00 0.00 0.00
183.00 32.00 46.00 93.00 156.00 47.00 63.00 0.07 0.91 0.00 2.00 0.00 10.00 15.00 22.00 17.00 19.00 13.00 0.00 0.00 0.00 0.00 0.00
184.00 30.00 45.00 94.00 149.00 49.00 55.00 0.08 0.86 0.00 3.00 0.00 6.00 15.00 24.00 15.00 18.00 12.00 0.00 0.00 0.00 0.00 0.00
185.00 28.00 37.00 80.00 143.00 43.00 63.00 0.08 0.82 0.00 1.00 0.00 4.00 9.00 24.00 19.00 14.00 14.00 0.00 0.00 0.00 0.00 0.00
186.00 28.00 28.00 68.00 135.00 40.00 67.00 0.09 0.76 0.00 2.00 0.00 9.00 15.00 19.00 13.00 17.00 11.00 0.00 0.00 0.00 0.00 0.00
187.00 26.00 35.00 79.00 125.00 44.00 46.00 0.08 0.75 0.00 2.00 0.00 10.00 15.00 16.00 11.00 19.00 7.00 0.00 0.00 0.00 0.00 0.00
188.00 29.00 46.00 86.00 152.00 40.00 66.00 0.08 0.76 0.00 2.00 0.00 4.00 12.00 25.00 17.00 18.00 11.00 0.00 0.00 0.00 0.00 0.00
189.00 24.00 29.00 66.00 122.00 37.00 56.00 0.07 0.77 0.00 3.00 0.00 3.00 9.00 21.00 15.00 14.00 10.00 0.00 0.00 0.00 0.00 0.00
190.00 27.00 39.00 76.00 132.00 37.00 56.00 0.07 0.73 0.00 2.00 0.00 7.00 9.00 20.00 18.00 14.00 13.00 0.00 0.00 0.00 0.00 0.00
191.00 32.00 44.00 90.00 155.00 46.00 65.00 0.10 1.10 0.00 2.00 0.00 11.00 15.00 21.00 17.00 22.00 10.00 0.00 0.00 0.00 0.00 0.00
192.00 23.00 26.00 57.00 115.00 31.00 58.00 0.08 1.84 0.00 2.00 0.00 5.00 10.00 18.00 13.00 15.00 8.00 0.00 0.00 0.00 0.00 0.00
193.00 25.00 27.00 66.00 118.00 39.00 52.00 0.09 1.30 0.00 2.00 0.00 6.00 10.00 19.00 15.00 16.00 9.00 0.00 0.00 1.00 0.00 0.00
194.00 25.00 39.00 73.00 127.00 34.00 54.00 0.08 0.85 0.00 3.00 0.00 4.00 11.00 21.00 14.00 17.00 8.00 0.00 0.00 0.00 0.00 0.00
195.00 25.00 35.00 71.00 124.00 36.00 53.00 0.07 0.78 0.00 2.00 0.00 7.00 12.00 18.00 13.00 16.00 9.00 0.00 0.00 0.00 0.00 0.00
196.00 29.00 25.00 78.00 144.00 53.00 66.00 0.07 0.72 0.00 1.00 0.00 5.00 13.00 24.00 16.00 20.00 9.00 0.00 0.00 0.00 0.00 0.00
197.00 27.00 34.00 78.00 143.00 44.00 65.00 0.09 1.28 0.00 2.00 0.00 4.00 9.00 23.00 18.00 11.00 16.00 0.00 0.00 0.00 0.00 0.00
198.00 21.00 24.00 56.00 98.00 32.00 42.00 0.09 0.69 0.00 3.00 0.00 3.00 8.00 18.00 13.00 13.00 8.00 0.00 0.00 0.00 0.00 0.00
199.00 24.00 29.00 58.00 113.00 29.00 55.00 0.09 0.69 0.00 3.00 0.00 7.00 10.00 17.00 14.00 13.00 11.00 0.00 0.00 0.00 1.00 0.00
200.00 24.00 25.00 56.00 119.00 31.00 63.00 0.09 0.75 0.00 2.00 0.00 11.00 14.00 13.00 10.00 18.00 6.00 0.00 0.00 0.00 0.00 0.00
201.00 25.00 32.00 70.00 125.00 38.00 55.00 0.08 0.81 0.00 2.00 0.00 4.00 9.00 21.00 16.00 16.00 9.00 0.00 0.00 0.00 0.00 0.00
202.00 32.00 36.00 89.00 153.00 53.00 64.00 0.07 1.54 0.00 3.00 0.00 10.00 17.00 22.00 15.00 24.00 8.00 0.00 0.00 0.00 0.00 0.00
203.00 23.00 33.00 64.00 114.00 31.00 50.00 0.08 0.51 0.00 3.00 0.00 7.00 16.00 16.00 7.00 19.00 4.00 0.00 0.00 0.00 0.00 0.00
204.00 24.00 27.00 64.00 114.00 37.00 50.00 0.08 0.68 0.00 3.00 0.00 3.00 7.00 21.00 17.00 13.00 11.00 0.00 0.00 0.00 0.00 0.00
205.00 31.00 44.00 93.00 147.00 49.00 54.00 0.08 1.29 0.00 3.00 0.00 8.00 15.00 23.00 16.00 19.00 12.00 0.00 0.00 0.00 0.00 0.00
206.00 23.00 33.00 68.00 110.00 35.00 42.00 0.09 0.81 0.00 1.00 0.00 5.00 13.00 18.00 10.00 17.00 6.00 0.00 0.00 1.00 0.00 0.00
207.00 25.00 31.00 72.00 127.00 41.00 55.00 0.08 1.38 0.00 2.00 0.00 5.00 13.00 20.00 12.00 19.00 6.00 0.00 0.00 0.00 0.00 0.00
208.00 27.00 38.00 72.00 131.00 34.00 59.00 0.09 0.95 0.00 2.00 0.00 7.00 12.00 20.00 15.00 16.00 11.00 1.00 0.00 1.00 0.00 0.00
209.00 31.00 39.00 85.00 146.00 46.00 61.00 0.08 0.89 0.00 2.00 0.00 9.00 19.00 22.00 12.00 22.00 9.00 0.00 0.00 1.00 0.00 1.00
210.00 29.00 40.00 79.00 139.00 39.00 60.00 0.08 0.81 0.00 3.00 0.00 7.00 8.00 22.00 21.00 12.00 17.00 0.00 0.00 1.00 1.00 0.00
211.00 26.00 24.00 68.00 127.00 44.00 59.00 0.08 0.71 0.00 3.00 0.00 4.00 8.00 22.00 18.00 15.00 11.00 0.00 0.00 0.00 0.00 0.00
212.00 34.00 47.00 93.00 165.00 46.00 72.00 0.08 1.88 0.00 3.00 0.00 10.00 16.00 24.00 18.00 24.00 10.00 0.00 0.00 0.00 0.00 0.00
213.00 33.00 47.00 102.00 169.00 55.00 67.00 0.09 1.47 0.00 1.00 0.00 6.00 13.00 27.00 20.00 23.00 10.00 0.00 0.00 0.00 0.00 0.00
214.00 30.00 48.00 93.00 150.00 45.00 57.00 0.07 1.01 0.00 3.00 0.00 5.00 12.00 25.00 18.00 15.00 15.00 0.00 0.00 1.00 0.00 0.00
215.00 25.00 36.00 67.00 130.00 31.00 63.00 0.08 0.75 0.00 3.00 0.00 7.00 11.00 18.00 14.00 17.00 8.00 0.00 0.00 0.00 0.00 0.00
216.00 31.00 44.00 88.00 152.00 44.00 64.00 0.09 0.93 0.00 3.00 0.00 3.00 15.00 28.00 16.00 19.00 12.00 0.00 0.00 0.00 0.00 0.00
217.00 25.00 29.00 69.00 127.00 40.00 58.00 0.09 0.70 0.00 3.00 0.00 5.00 11.00 20.00 14.00 16.00 9.00 0.00 0.00 1.00 0.00 0.00
218.00 28.00 29.00 73.00 139.00 44.00 66.00 0.08 1.49 0.00 1.00 0.00 8.00 11.00 20.00 17.00 18.00 10.00 0.00 0.00 1.00 1.00 0.00
219.00 30.00 35.00 84.00 153.00 49.00 69.00 0.08 1.51 0.00 2.00 0.00 8.00 15.00 22.00 15.00 18.00 12.00 0.00 0.00 1.00 1.00 0.00
220.00 26.00 37.00 78.00 134.00 41.00 56.00 0.09 1.40 0.00 3.00 0.00 7.00 13.00 19.00 13.00 17.00 9.00 0.00 0.00 0.00 0.00 0.00
221.00 30.00 41.00 88.00 152.00 47.00 64.00 0.07 1.54 0.00 3.00 0.00 9.00 12.00 21.00 18.00 17.00 13.00 0.00 0.00 1.00 1.00 0.00
222.00 25.00 33.00 74.00 129.00 41.00 55.00 0.08 1.86 0.00 2.00 0.00 5.00 10.00 20.00 15.00 14.00 11.00 0.00 0.00 0.00 1.00 0.00
223.00 30.00 25.00 73.00 152.00 48.00 79.00 0.08 1.90 0.00 1.00 0.00 6.00 15.00 24.00 15.00 20.00 10.00 0.00 0.00 0.00 0.00 0.00
224.00 25.00 36.00 73.00 121.00 37.00 48.00 0.08 1.36 0.00 2.00 0.00 3.00 8.00 22.00 17.00 11.00 14.00 0.00 0.00 1.00 0.00 0.00
225.00 29.00 39.00 85.00 152.00 46.00 67.00 0.09 1.23 0.00 2.00 0.00 7.00 11.00 22.00 18.00 17.00 12.00 0.00 0.00 0.00 0.00 0.00
226.00 17.00 14.00 36.00 82.00 22.00 46.00 0.09 0.61 0.00 2.00 0.00 5.00 9.00 12.00 8.00 12.00 5.00 0.00 0.00 0.00 0.00 0.00
227.00 10.00 6.00 19.00 45.00 13.00 26.00 0.07 0.35 0.00 1.00 0.00 3.00 7.00 7.00 3.00 9.00 1.00 0.00 0.00 0.00 0.00 0.00
228.00 19.00 20.00 52.00 96.00 32.00 44.00 0.08 1.29 0.00 1.00 0.00 7.00 9.00 12.00 10.00 13.00 6.00 0.00 0.00 0.00 0.00 0.00
229.00 23.00 21.00 59.00 109.00 38.00 50.00 0.08 1.45 0.00 2.00 0.00 6.00 12.00 17.00 11.00 16.00 7.00 0.00 0.00 1.00 0.00 0.00
230.00 18.00 18.00 45.00 90.00 27.00 45.00 0.08 1.28 0.00 1.00 0.00 5.00 7.00 13.00 11.00 14.00 4.00 0.00 0.00 1.00 0.00 0.00
231.00 21.00 28.00 60.00 106.00 32.00 46.00 0.10 0.61 0.00 1.00 0.00 7.00 13.00 14.00 8.00 16.00 5.00 0.00 0.00 1.00 0.00 0.00
232.00 14.00 10.00 34.00 68.00 24.00 34.00 0.10 0.43 0.00 1.00 0.00 4.00 7.00 10.00 7.00 11.00 3.00 0.00 0.00 2.00 0.00 0.00
233.00 21.00 24.00 56.00 101.00 32.00 45.00 0.09 1.41 0.00 1.00 0.00 6.00 10.00 15.00 11.00 15.00 6.00 0.00 0.00 1.00 0.00 0.00
234.00 21.00 30.00 57.00 96.00 27.00 39.00 0.10 0.67 0.00 1.00 0.00 5.00 9.00 16.00 12.00 13.00 8.00 0.00 0.00 0.00 1.00 0.00
235.00 17.00 20.00 51.00 85.00 31.00 34.00 0.08 0.51 0.00 1.00 0.00 3.00 8.00 14.00 9.00 10.00 7.00 0.00 0.00 1.00 0.00 0.00
236.00 19.00 22.00 48.00 98.00 26.00 50.00 0.10 0.73 0.00 0.00 0.00 5.00 11.00 14.00 8.00 13.00 6.00 0.00 0.00 1.00 2.00 0.00
237.00 14.00 9.00 29.00 69.00 20.00 40.00 0.09 0.53 0.00 1.00 0.00 6.00 10.00 8.00 4.00 11.00 3.00 0.00 0.00 1.00 0.00 0.00
238.00 15.00 12.00 30.00 71.00 18.00 41.00 0.07 0.65 0.00 1.00 0.00 4.00 5.00 11.00 10.00 11.00 4.00 0.00 0.00 1.00 0.00 0.00
239.00 20.00 22.00 55.00 97.00 33.00 42.00 0.08 0.67 0.00 1.00 0.00 7.00 12.00 13.00 8.00 17.00 3.00 0.00 0.00 0.00 0.00 0.00
240.00 22.00 20.00 58.00 103.00 38.00 45.00 0.09 0.69 0.00 1.00 0.00 9.00 12.00 13.00 10.00 16.00 6.00 0.00 0.00 1.00 0.00 0.00
241.00 19.00 15.00 44.00 90.00 29.00 46.00 0.10 0.66 0.00 3.00 0.00 8.00 9.00 11.00 10.00 14.00 5.00 0.00 0.00 0.00 0.00 0.00
242.00 16.00 12.00 37.00 82.00 25.00 45.00 0.09 0.64 0.00 1.00 0.00 7.00 10.00 9.00 6.00 13.00 3.00 0.00 0.00 0.00 0.00 0.00
243.00 16.00 17.00 39.00 79.00 22.00 40.00 0.09 0.58 0.00 1.00 0.00 3.00 5.00 13.00 11.00 11.00 5.00 0.00 0.00 1.00 0.00 0.00
244.00 17.00 17.00 36.00 85.00 19.00 49.00 0.10 0.62 0.00 1.00 0.00 3.00 6.00 14.00 11.00 9.00 8.00 0.00 0.00 1.00 0.00 0.00
245.00 22.00 28.00 60.00 116.00 32.00 56.00 0.08 0.72 0.00 1.00 0.00 4.00 8.00 18.00 14.00 14.00 8.00 0.00 0.00 1.00 0.00 0.00
246.00 18.00 25.00 52.00 88.00 27.00 36.00 0.08 0.65 0.00 1.00 0.00 3.00 7.00 15.00 11.00 15.00 3.00 0.00 0.00 1.00 0.00 0.00
247.00 22.00 18.00 48.00 109.00 30.00 61.00 0.08 1.03 0.00 1.00 0.00 4.00 11.00 18.00 11.00 16.00 6.00 0.00 0.00 1.00 0.00 0.00
248.00 25.00 28.00 63.00 119.00 35.00 56.00 0.09 0.76 0.00 1.00 0.00 5.00 13.00 20.00 12.00 18.00 7.00 0.00 0.00 1.00 0.00 0.00
249.00 16.00 15.00 42.00 79.00 27.00 37.00 0.08 0.63 0.00 1.00 0.00 5.00 6.00 11.00 10.00 9.00 7.00 0.00 0.00 0.00 0.00 0.00
250.00 21.00 22.00 51.00 101.00 29.00 50.00 0.08 0.93 0.00 1.00 0.00 4.00 11.00 17.00 10.00 14.00 7.00 0.00 0.00 0.00 0.00 0.00
251.00 15.00 9.00 35.00 78.00 26.00 43.00 0.09 0.67 0.00 1.00 0.00 3.00 4.00 12.00 11.00 7.00 8.00 0.00 0.00 0.00 0.00 0.00
252.00 14.00 12.00 34.00 66.00 22.00 32.00 0.09 0.54 0.00 2.00 0.00 5.00 7.00 9.00 7.00 9.00 5.00 0.00 0.00 0.00 0.00 0.00
253.00 16.00 11.00 35.00 75.00 24.00 40.00 0.10 0.64 0.00 2.00 0.00 7.00 8.00 9.00 8.00 10.00 6.00 0.00 0.00 0.00 0.00 0.00
254.00 19.00 17.00 45.00 92.00 28.00 47.00 0.06 0.70 0.00 1.00 0.00 4.00 8.00 15.00 11.00 12.00 7.00 0.00 0.00 1.00 0.00 0.00
255.00 12.00 7.00 26.00 58.00 19.00 32.00 0.10 0.42 0.00 1.00 0.00 1.00 7.00 11.00 5.00 10.00 2.00 0.00 0.00 1.00 0.00 0.00
256.00 15.00 15.00 36.00 71.00 21.00 35.00 0.08 0.51 0.00 1.00 0.00 6.00 9.00 9.00 6.00 13.00 2.00 0.00 0.00 0.00 0.00 0.00
257.00 17.00 14.00 37.00 81.00 23.00 44.00 0.08 0.70 0.00 1.00 0.00 3.00 7.00 14.00 10.00 14.00 3.00 0.00 0.00 2.00 0.00 0.00
258.00 13.00 6.00 26.00 59.00 20.00 33.00 0.09 0.86 0.00 1.00 0.00 3.00 10.00 10.00 3.00 12.00 1.00 0.00 0.00 1.00 0.00 0.00
259.00 17.00 12.00 43.00 83.00 31.00 40.00 0.07 0.58 0.00 0.00 0.00 8.00 9.00 9.00 8.00 15.00 2.00 0.00 0.00 2.00 0.00 0.00
260.00 17.00 15.00 40.00 79.00 25.00 39.00 0.09 0.80 0.00 1.00 0.00 5.00 9.00 12.00 8.00 12.00 5.00 0.00 0.00 1.00 0.00 0.00
261.00 22.00 24.00 57.00 108.00 33.00 51.00 0.09 0.79 0.00 1.00 0.00 8.00 15.00 14.00 7.00 17.00 5.00 0.00 0.00 0.00 0.00 0.00
262.00 15.00 5.00 29.00 75.00 24.00 46.00 0.08 0.62 0.00 1.00 0.00 4.00 9.00 11.00 6.00 13.00 2.00 0.00 0.00 0.00 0.00 0.00
263.00 15.00 15.00 37.00 74.00 22.00 37.00 0.08 0.61 0.00 0.00 0.00 6.00 10.00 9.00 5.00 11.00 4.00 0.00 0.00 0.00 0.00 0.00
264.00 10.00 5.00 17.00 40.00 12.00 23.00 0.09 0.40 0.00 0.00 0.00 3.00 7.00 7.00 3.00 10.00 0.00 0.00 0.00 0.00 0.00 0.00
265.00 14.00 12.00 28.00 64.00 16.00 36.00 0.08 0.69 0.00 0.00 0.00 7.00 10.00 7.00 4.00 11.00 3.00 0.00 0.00 0.00 1.00 0.00
266.00 14.00 6.00 28.00 67.00 22.00 39.00 0.09 0.48 0.00 0.00 0.00 3.00 7.00 11.00 7.00 11.00 3.00 0.00 0.00 0.00 0.00 0.00
267.00 18.00 15.00 38.00 84.00 23.00 46.00 0.07 0.59 0.00 1.00 0.00 5.00 11.00 13.00 7.00 15.00 3.00 0.00 0.00 1.00 0.00 0.00
268.00 17.00 15.00 40.00 82.00 25.00 42.00 0.10 0.71 0.00 0.00 0.00 5.00 10.00 12.00 7.00 13.00 4.00 0.00 0.00 0.00 0.00 0.00
269.00 17.00 16.00 41.00 89.00 25.00 48.00 0.08 0.58 0.00 0.00 0.00 3.00 10.00 14.00 7.00 14.00 3.00 0.00 0.00 1.00 0.00 0.00
270.00 10.00 7.00 20.00 45.00 13.00 25.00 0.09 0.28 0.00 1.00 0.00 4.00 5.00 6.00 5.00 5.00 5.00 0.00 0.00 0.00 0.00 0.00
271.00 13.00 8.00 28.00 66.00 20.00 38.00 0.09 0.57 0.00 0.00 0.00 6.00 8.00 7.00 5.00 11.00 2.00 0.00 0.00 0.00 0.00 0.00
272.00 12.00 9.00 25.00 58.00 16.00 33.00 0.08 0.42 0.00 1.00 0.00 5.00 6.00 7.00 6.00 8.00 4.00 0.00 0.00 0.00 0.00 0.00
273.00 11.00 3.00 20.00 51.00 17.00 31.00 0.09 0.55 0.00 1.00 0.00 5.00 8.00 6.00 3.00 9.00 2.00 0.00 0.00 0.00 0.00 0.00
274.00 10.00 3.00 15.00 45.00 12.00 30.00 0.09 0.50 0.00 0.00 0.00 4.00 6.00 6.00 4.00 9.00 1.00 0.00 0.00 0.00 0.00 0.00
275.00 9.00 8.00 22.00 44.00 14.00 22.00 0.08 0.29 0.00 0.00 0.00 2.00 3.00 7.00 6.00 6.00 3.00 0.00 0.00 0.00 0.00 0.00
276.00 9.00 0.00 8.00 38.00 8.00 30.00 0.08 0.52 0.00 0.00 0.00 4.00 7.00 5.00 2.00 9.00 0.00 0.00 0.00 0.00 0.00 0.00
277.00 12.00 7.00 20.00 54.00 13.00 34.00 0.08 0.56 0.00 1.00 0.00 6.00 7.00 6.00 5.00 9.00 3.00 0.00 0.00 1.00 0.00 0.00
278.00 11.00 6.00 21.00 48.00 15.00 27.00 0.07 0.43 0.00 1.00 0.00 2.00 8.00 9.00 3.00 10.00 1.00 0.00 0.00 0.00 0.00 0.00
279.00 13.00 10.00 28.00 65.00 18.00 37.00 0.09 0.59 0.00 0.00 0.00 5.00 9.00 8.00 4.00 12.00 1.00 0.00 0.00 0.00 0.00 0.00
280.00 10.00 4.00 16.00 50.00 12.00 34.00 0.08 0.63 0.00 0.00 0.00 3.00 8.00 7.00 2.00 8.00 2.00 0.00 0.00 0.00 0.00 0.00
281.00 9.00 5.00 16.00 39.00 11.00 23.00 0.07 0.48 0.00 0.00 0.00 5.00 5.00 4.00 4.00 7.00 2.00 0.00 0.00 0.00 0.00 0.00
282.00 11.00 3.00 18.00 44.00 15.00 26.00 0.10 0.61 0.00 0.00 0.00 2.00 5.00 9.00 6.00 7.00 4.00 0.00 0.00 0.00 0.00 0.00
283.00 10.00 6.00 18.00 48.00 12.00 30.00 0.09 0.48 0.00 0.00 0.00 2.00 4.00 8.00 6.00 7.00 3.00 0.00 0.00 0.00 0.00 0.00
284.00 11.00 3.00 15.00 49.00 12.00 34.00 0.09 0.79 0.00 0.00 0.00 5.00 8.00 6.00 3.00 9.00 2.00 0.00 0.00 0.00 0.00 0.00
285.00 9.00 4.00 19.00 39.00 15.00 20.00 0.10 0.62 0.00 0.00 0.00 2.00 6.00 7.00 3.00 6.00 3.00 0.00 0.00 0.00 0.00 0.00
286.00 3.00 0.00 2.00 10.00 2.00 8.00 0.09 0.17 0.00 0.00 0.00 2.00 3.00 1.00 0.00 3.00 0.00 0.00 0.00 0.00 0.00 0.00
287.00 7.00 4.00 14.00 33.00 10.00 19.00 0.08 0.35 0.00 0.00 0.00 2.00 4.00 5.00 3.00 6.00 1.00 0.00 0.00 0.00 0.00 0.00
288.00 6.00 3.00 11.00 26.00 8.00 15.00 0.08 0.25 0.00 0.00 0.00 3.00 5.00 3.00 1.00 6.00 0.00 0.00 0.00 0.00 0.00 0.00
289.00 2.00 0.00 0.00 1.00 0.00 1.00 0.09 0.01 0.00 0.00 0.00 2.00 2.00 0.00 0.00 2.00 0.00 0.00 0.00 0.00 0.00 0.00
