0.00 2.00 0.00 0.00 4.00 0.00 4.00 0.08 0.09 0.00 0.00 0.00 2.00 2.00 0.00 0.00 2.00 0.00 0.00 0.00 0.00 0.00 0.00
1.00 4.00 0.00 4.00 15.00 4.00 11.00 0.09 0.19 0.00 0.00 0.00 2.00 4.00 2.00 0.00 4.00 0.00 0.00 0.00 0.00 0.00 0.00
2.00 6.00 1.00 6.00 21.00 5.00 15.00 0.07 0.28 0.00 0.00 0.00 3.00 5.00 3.00 1.00 6.00 0.00 0.00 0.00 0.00 0.00 0.00
3.00 6.00 0.00 6.00 25.00 6.00 19.00 0.08 0.28 0.00 0.00 0.00 4.00 5.00 2.00 1.00 5.00 1.00 0.00 0.00 0.00 0.00 0.00
4.00 5.00 0.00 2.00 18.00 2.00 16.00 0.09 0.21 0.00 0.00 0.00 4.00 4.00 1.00 1.00 4.00 1.00 0.00 0.00 0.00 0.00 0.00
5.00 3.00 0.00 1.00 8.00 1.00 7.00 0.07 0.17 0.00 0.00 0.00 2.00 3.00 1.00 0.00 3.00 0.00 0.00 0.00 0.00 0.00 0.00
6.00 4.00 0.00 2.00 12.00 2.00 10.00 0.08 0.17 0.00 0.00 0.00 2.00 4.00 2.00 0.00 4.00 0.00 0.00 0.00 0.00 0.00 0.00
7.00 3.00 0.00 1.00 4.00 1.00 3.00 0.09 0.11 0.00 0.00 0.00 2.00 3.00 1.00 0.00 3.00 0.00 0.00 0.00 0.00 0.00 0.00
8.00 3.00 0.00 2.00 8.00 2.00 6.00 0.08 0.15 0.00 0.00 0.00 2.00 3.00 1.00 0.00 3.00 0.00 0.00 0.00 0.00 0.00 0.00
9.00 4.00 0.00 4.00 17.00 4.00 13.00 0.08 0.19 0.00 0.00 0.00 3.00 3.00 1.00 1.00 4.00 0.00 0.00 0.00 0.00 0.00 0.00
10.00 7.00 1.00 8.00 28.00 7.00 20.00 0.08 0.33 0.00 0.00 0.00 2.00 5.00 5.00 2.00 5.00 2.00 0.00 0.00 0.00 0.00 0.00
11.00 4.00 0.00 4.00 16.00 4.00 12.00 0.08 0.22 0.00 0.00 0.00 3.00 3.00 1.00 1.00 4.00 0.00 0.00 0.00 0.00 0.00 0.00
12.00 3.00 0.00 2.00 11.00 2.00 9.00 0.08 0.17 0.00 0.00 0.00 2.00 3.00 1.00 0.00 3.00 0.00 0.00 0.00 0.00 0.00 0.00
13.00 9.00 6.00 17.00 41.00 11.00 24.00 0.11 0.41 0.00 0.00 0.00 2.00 3.00 7.00 6.00 5.00 4.00 0.00 0.00 0.00 0.00 0.00
14.00 9.00 5.00 15.00 39.00 10.00 24.00 0.08 0.33 0.00 0.00 0.00 4.00 7.00 5.00 2.00 8.00 1.00 0.00 0.00 0.00 0.00 0.00
15.00 11.00 5.00 21.00 55.00 16.00 34.00 0.08 0.54 0.00 0.00 0.00 2.00 4.00 9.00 7.00 8.00 3.00 0.00 0.00 0.00 0.00 0.00
16.00 11.00 5.00 22.00 47.00 17.00 25.00 0.09 0.37 0.00 0.00 0.00 6.00 8.00 5.00 3.00 10.00 1.00 0.00 0.00 0.00 0.00 0.00
17.00 14.00 5.00 23.00 67.00 18.00 44.00 0.08 0.63 0.00 1.00 0.00 5.00 7.00 9.00 7.00 10.00 4.00 0.00 0.00 0.00 0.00 0.00
18.00 12.00 10.00 30.00 58.00 20.00 28.00 0.09 0.35 0.00 1.00 0.00 4.00 5.00 8.00 7.00 8.00 4.00 0.00 0.00 0.00 0.00 0.00
19.00 11.00 7.00 23.00 49.00 16.00 26.00 0.08 0.35 0.00 1.00 0.00 5.00 7.00 6.00 4.00 8.00 3.00 0.00 0.00 0.00 0.00 0.00
20.00 10.00 2.00 12.00 39.00 10.00 27.00 0.08 0.90 0.00 1.00 0.00 4.00 7.00 6.00 3.00 9.00 1.00 0.00 0.00 0.00 0.00 0.00
21.00 9.00 6.00 20.00 42.00 14.00 22.00 0.08 0.29 0.00 1.00 0.00 2.00 5.00 7.00 4.00 7.00 2.00 0.00 0.00 0.00 0.00 0.00
22.00 12.00 8.00 26.00 60.00 18.00 34.00 0.09 0.40 0.00 1.00 0.00 2.00 5.00 10.00 7.00 8.00 4.00 0.00 0.00 0.00 0.00 0.00
23.00 12.00 8.00 28.00 60.00 20.00 32.00 0.09 0.39 0.00 1.00 0.00 3.00 6.00 9.00 6.00 9.00 3.00 0.00 0.00 0.00 0.00 0.00
24.00 10.00 2.00 17.00 49.00 15.00 32.00 0.07 0.50 0.00 0.00 0.00 7.00 7.00 3.00 3.00 8.00 2.00 0.00 0.00 0.00 0.00 0.00
25.00 11.00 5.00 20.00 49.00 15.00 29.00 0.08 0.41 0.00 1.00 0.00 3.00 5.00 8.00 6.00 8.00 3.00 0.00 0.00 0.00 0.00 0.00
26.00 14.00 10.00 28.00 60.00 18.00 32.00 0.08 0.54 0.00 1.00 0.00 3.00 8.00 11.00 6.00 11.00 3.00 0.00 0.00 0.00 0.00 0.00
27.00 10.00 7.00 20.00 48.00 13.00 28.00 0.08 0.55 0.00 0.00 0.00 2.00 5.00 8.00 5.00 9.00 1.00 0.00 0.00 0.00 0.00 0.00
28.00 13.00 5.00 22.00 61.00 17.00 39.00 0.09 0.42 0.00 1.00 0.00 3.00 8.00 10.00 5.00 10.00 3.00 0.00 0.00 0.00 0.00 0.00
29.00 11.00 12.00 27.00 54.00 15.00 27.00 0.08 0.35 0.00 0.00 0.00 4.00 6.00 7.00 5.00 9.00 2.00 0.00 0.00 0.00 0.00 0.00
30.00 13.00 8.00 27.00 64.00 19.00 37.00 0.07 0.74 0.00 1.00 0.00 5.00 9.00 8.00 4.00 10.00 3.00 0.00 0.00 0.00 0.00 0.00
31.00 8.00 2.00 12.00 35.00 10.00 23.00 0.09 0.18 0.00 1.00 0.00 2.00 6.00 6.00 2.00 7.00 1.00 0.00 0.00 0.00 0.00 0.00
32.00 13.00 10.00 31.00 66.00 21.00 35.00 0.09 0.61 0.00 1.00 0.00 4.00 6.00 9.00 7.00 8.00 5.00 0.00 0.00 0.00 0.00 0.00
33.00 9.00 4.00 18.00 44.00 14.00 26.00 0.09 0.60 0.00 0.00 0.00 3.00 5.00 6.00 4.00 6.00 3.00 0.00 0.00 0.00 0.00 0.00
34.00 10.00 8.00 23.00 49.00 15.00 26.00 0.08 0.40 0.00 1.00 0.00 3.00 5.00 7.00 5.00 6.00 4.00 0.00 0.00 0.00 0.00 0.00
35.00 16.00 13.00 39.00 74.00 26.00 35.00 0.08 0.75 0.00 1.00 0.00 7.00 10.00 9.00 6.00 11.00 5.00 0.00 0.00 0.00 0.00 0.00
36.00 9.00 5.00 17.00 43.00 12.00 26.00 0.10 0.48 0.00 1.00 0.00 4.00 6.00 5.00 3.00 8.00 1.00 0.00 0.00 0.00 0.00 0.00
37.00 11.00 8.00 27.00 56.00 19.00 29.00 0.08 0.50 0.00 0.00 0.00 3.00 7.00 8.00 4.00 9.00 2.00 0.00 0.00 0.00 0.00 0.00
38.00 9.00 6.00 18.00 39.00 12.00 21.00 0.09 0.30 0.00 0.00 0.00 3.00 7.00 6.00 2.00 8.00 1.00 0.00 0.00 0.00 0.00 0.00
39.00 12.00 5.00 19.00 56.00 14.00 37.00 0.08 0.71 0.00 0.00 0.00 2.00 5.00 10.00 7.00 9.00 3.00 0.00 0.00 0.00 0.00 0.00
40.00 10.00 8.00 24.00 49.00 16.00 25.00 0.09 0.40 0.00 0.00 0.00 3.00 5.00 7.00 5.00 6.00 4.00 0.00 0.00 0.00 0.00 0.00
41.00 13.00 6.00 26.00 66.00 20.00 40.00 0.09 0.84 0.00 0.00 0.00 4.00 9.00 9.00 4.00 12.00 1.00 0.00 0.00 0.00 0.00 0.00
42.00 12.00 9.00 24.00 56.00 15.00 32.00 0.07 0.72 0.00 0.00 0.00 5.00 8.00 7.00 4.00 11.00 1.00 0.00 0.00 0.00 0.00 0.00
43.00 14.00 9.00 26.00 63.00 17.00 37.00 0.08 0.99 0.00 0.00 0.00 7.00 9.00 7.00 5.00 13.00 1.00 0.00 0.00 0.00 0.00 0.00
44.00 11.00 11.00 26.00 52.00 15.00 26.00 0.10 0.35 0.00 0.00 0.00 2.00 3.00 9.00 8.00 8.00 3.00 0.00 0.00 0.00 0.00 0.00
45.00 12.00 7.00 24.00 59.00 17.00 35.00 0.07 0.62 0.00 1.00 0.00 3.00 7.00 9.00 5.00 8.00 4.00 0.00 0.00 0.00 0.00 0.00
46.00 14.00 7.00 22.00 55.00 15.00 33.00 0.09 0.97 0.00 0.00 0.00 6.00 8.00 8.00 6.00 11.00 3.00 0.00 0.00 0.00 0.00 0.00
47.00 12.00 12.00 30.00 56.00 18.00 26.00 0.08 0.36 0.00 1.00 0.00 3.00 5.00 9.00 7.00 6.00 6.00 0.00 0.00 0.00 0.00 0.00
48.00 11.00 11.00 26.00 48.00 15.00 22.00 0.08 0.40 0.00 0.00 0.00 4.00 7.00 7.00 4.00 9.00 2.00 0.00 0.00 0.00 0.00 0.00
49.00 14.00 10.00 32.00 63.00 22.00 31.00 0.10 0.47 0.00 0.00 0.00 4.00 5.00 10.00 9.00 9.00 5.00 0.00 0.00 0.00 0.00 0.00
50.00 8.00 3.00 13.00 35.00 10.00 22.00 0.07 0.42 0.00 0.00 0.00 2.00 3.00 6.00 5.00 6.00 2.00 0.00 0.00 0.00 0.00 0.00
51.00 13.00 10.00 28.00 58.00 18.00 30.00 0.09 0.73 1.00 0.00 0.00 4.00 7.00 9.00 6.00 10.00 3.00 0.00 0.00 0.00 0.00 0.00
52.00 13.00 10.00 24.00 62.00 14.00 38.00 0.08 0.41 0.00 0.00 0.00 3.00 6.00 10.00 7.00 10.00 3.00 0.00 0.00 0.00 0.00 0.00
53.00 7.00 4.00 14.00 33.00 10.00 19.00 0.10 0.30 0.00 0.00 0.00 2.00 3.00 5.00 4.00 4.00 3.00 0.00 0.00 0.00 0.00 0.00
54.00 5.00 0.00 5.00 15.00 5.00 10.00 0.08 0.33 0.00 0.00 0.00 3.00 4.00 2.00 1.00 5.00 0.00 0.00 0.00 0.00 0.00 0.00
55.00 9.00 4.00 13.00 39.00 9.00 26.00 0.11 0.23 0.00 0.00 0.00 3.00 6.00 6.00 3.00 9.00 0.00 0.00 0.00 0.00 0.00 0.00
56.00 12.00 13.00 28.00 56.00 15.00 28.00 0.09 0.32 0.00 1.00 0.00 5.00 11.00 7.00 1.00 11.00 1.00 0.00 0.00 0.00 0.00 0.00
57.00 15.00 8.00 31.00 72.00 23.00 41.00 0.08 0.61 0.00 1.00 0.00 3.00 8.00 12.00 7.00 9.00 6.00 0.00 0.00 0.00 0.00 0.00
58.00 14.00 13.00 34.00 67.00 21.00 33.00 0.10 0.47 0.00 1.00 0.00 4.00 8.00 10.00 6.00 9.00 5.00 0.00 0.00 0.00 0.00 0.00
59.00 3.00 0.00 0.00 6.00 0.00 6.00 0.08 0.25 0.00 1.00 0.00 2.00 3.00 1.00 0.00 3.00 0.00 0.00 0.00 0.00 0.00 0.00
60.00 17.00 16.00 42.00 84.00 26.00 42.00 0.08 0.63 0.00 1.00 0.00 3.00 5.00 14.00 12.00 11.00 6.00 0.00 0.00 0.00 0.00 0.00
61.00 15.00 14.00 39.00 75.00 25.00 36.00 0.09 0.41 0.00 1.00 0.00 3.00 6.00 12.00 9.00 9.00 6.00 0.00 0.00 0.00 0.00 0.00
62.00 20.00 27.00 57.00 96.00 30.00 39.00 0.10 0.52 0.00 1.00 0.00 5.00 10.00 15.00 10.00 12.00 8.00 0.00 0.00 0.00 0.00 0.00
63.00 16.00 19.00 42.00 75.00 23.00 33.00 0.09 0.56 0.00 1.00 0.00 4.00 8.00 12.00 8.00 9.00 7.00 0.00 0.00 0.00 0.00 0.00
64.00 24.00 25.00 61.00 123.00 36.00 62.00 0.10 0.74 0.00 1.00 0.00 8.00 13.00 16.00 11.00 15.00 9.00 0.00 0.00 0.00 0.00 0.00
65.00 23.00 38.00 68.00 113.00 30.00 45.00 0.09 0.69 0.00 2.00 0.00 5.00 9.00 18.00 14.00 12.00 11.00 0.00 0.00 0.00 0.00 0.00
66.00 17.00 20.00 45.00 86.00 25.00 41.00 0.09 0.48 0.00 2.00 0.00 3.00 8.00 14.00 9.00 11.00 6.00 0.00 0.00 1.00 0.00 0.00
67.00 23.00 35.00 65.00 112.00 30.00 47.00 0.08 0.69 0.00 2.00 0.00 5.00 11.00 18.00 12.00 15.00 8.00 0.00 0.00 0.00 0.00 0.00
68.00 19.00 23.00 52.00 96.00 29.00 44.00 0.08 0.66 0.00 2.00 0.00 7.00 9.00 12.00 10.00 14.00 5.00 0.00 0.00 0.00 0.00 0.00
69.00 20.00 25.00 54.00 101.00 29.00 47.00 0.08 0.50 0.00 2.00 0.00 9.00 12.00 11.00 8.00 13.00 7.00 0.00 0.00 1.00 0.00 0.00
70.00 25.00 37.00 71.00 118.00 34.00 47.00 0.08 0.79 0.00 1.00 0.00 9.00 14.00 16.00 11.00 20.00 5.00 0.00 0.00 0.00 0.00 0.00
71.00 20.00 22.00 56.00 101.00 34.00 45.00 0.09 0.59 0.00 2.00 0.00 4.00 9.00 16.00 11.00 11.00 9.00 0.00 0.00 1.00 0.00 0.00
72.00 26.00 41.00 72.00 124.00 31.00 52.00 0.08 0.94 0.00 2.00 0.00 7.00 11.00 19.00 15.00 14.00 12.00 0.00 0.00 1.00 0.00 0.00
73.00 22.00 29.00 61.00 107.00 32.00 46.00 0.09 0.84 0.00 2.00 0.00 4.00 8.00 18.00 14.00 11.00 11.00 0.00 0.00 1.00 0.00 0.00
74.00 22.00 25.00 61.00 115.00 36.00 54.00 0.10 0.66 1.00 1.00 1.00 5.00 11.00 17.00 11.00 13.00 9.00 0.00 0.00 0.00 0.00 0.00
75.00 20.00 23.00 56.00 107.00 33.00 51.00 0.06 0.60 0.00 1.00 0.00 4.00 11.00 16.00 9.00 14.00 6.00 0.00 0.00 0.00 0.00 0.00
76.00 26.00 31.00 72.00 120.00 41.00 48.00 0.07 0.90 0.00 4.00 0.00 9.00 13.00 17.00 13.00 17.00 9.00 0.00 0.00 0.00 0.00 0.00
77.00 23.00 29.00 67.00 119.00 38.00 52.00 0.08 0.82 0.00 2.00 0.00 4.00 8.00 19.00 15.00 12.00 11.00 0.00 0.00 0.00 0.00 0.00
78.00 21.00 23.00 53.00 95.00 30.00 42.00 0.08 1.29 0.00 3.00 0.00 11.00 12.00 10.00 9.00 14.00 7.00 0.00 0.00 0.00 0.00 0.00
79.00 21.00 26.00 59.00 101.00 33.00 42.00 0.08 0.76 0.00 2.00 0.00 8.00 13.00 13.00 8.00 15.00 6.00 0.00 0.00 0.00 1.00 0.00
80.00 23.00 27.00 63.00 113.00 36.00 50.00 0.08 0.73 0.00 2.00 0.00 6.00 12.00 17.00 11.00 16.00 7.00 0.00 0.00 0.00 1.00 0.00
81.00 20.00 28.00 53.00 100.00 25.00 47.00 0.08 0.50 0.00 2.00 0.00 5.00 6.00 15.00 14.00 8.00 12.00 0.00 0.00 0.00 0.00 0.00
82.00 20.00 29.00 58.00 98.00 29.00 40.00 0.09 0.63 0.00 2.00 0.00 2.00 4.00 18.00 16.00 10.00 10.00 0.00 0.00 0.00 0.00 0.00
83.00 18.00 17.00 49.00 87.00 32.00 38.00 0.09 0.60 0.00 2.00 0.00 3.00 7.00 15.00 11.00 12.00 6.00 0.00 0.00 0.00 0.00 0.00
84.00 18.00 10.00 40.00 87.00 30.00 47.00 0.09 0.72 0.00 1.00 0.00 8.00 11.00 10.00 7.00 13.00 5.00 0.00 0.00 0.00 0.00 0.00
85.00 23.00 29.00 56.00 106.00 27.00 50.00 0.09 0.74 0.00 2.00 0.00 6.00 13.00 17.00 10.00 17.00 6.00 0.00 0.00 0.00 0.00 0.00
86.00 24.00 31.00 55.00 116.00 24.00 61.00 0.08 0.84 0.00 2.00 0.00 4.00 11.00 20.00 13.00 16.00 8.00 0.00 0.00 0.00 0.00 0.00
87.00 24.00 34.00 66.00 112.00 32.00 46.00 0.08 0.66 0.00 2.00 0.00 3.00 8.00 21.00 16.00 10.00 14.00 0.00 0.00 0.00 0.00 0.00
88.00 18.00 15.00 44.00 88.00 29.00 44.00 0.09 0.61 0.00 2.00 0.00 5.00 10.00 13.00 8.00 14.00 4.00 0.00 0.00 0.00 0.00 0.00
89.00 21.00 25.00 56.00 106.00 31.00 50.00 0.06 0.74 0.00 2.00 0.00 6.00 10.00 15.00 11.00 13.00 8.00 0.00 0.00 0.00 0.00 0.00
90.00 19.00 9.00 43.00 94.00 34.00 51.00 0.10 0.85 0.00 3.00 0.00 7.00 12.00 12.00 7.00 17.00 2.00 0.00 0.00 0.00 0.00 0.00
91.00 23.00 22.00 65.00 113.00 43.00 48.00 0.10 0.80 0.00 3.00 0.00 5.00 11.00 18.00 12.00 17.00 6.00 0.00 0.00 0.00 0.00 0.00
92.00 22.00 24.00 61.00 107.00 37.00 46.00 0.09 0.67 0.00 2.00 0.00 8.00 10.00 14.00 12.00 13.00 9.00 0.00 0.00 0.00 0.00 0.00
93.00 20.00 21.00 49.00 96.00 28.00 47.00 0.08 0.78 0.00 1.00 0.00 7.00 10.00 13.00 10.00 11.00 9.00 0.00 0.00 0.00 0.00 0.00
94.00 24.00 26.00 59.00 113.00 33.00 54.00 0.09 0.86 0.00 1.00 0.00 7.00 13.00 17.00 11.00 18.00 6.00 0.00 0.00 0.00 0.00 0.00
95.00 18.00 20.00 46.00 87.00 26.00 41.00 0.09 0.74 0.00 2.00 0.00 5.00 11.00 13.00 7.00 12.00 6.00 0.00 0.00 0.00 0.00 0.00
96.00 24.00 24.00 58.00 113.00 34.00 55.00 0.09 0.93 0.00 2.00 0.00 4.00 11.00 20.00 13.00 17.00 7.00 0.00 0.00 0.00 0.00 0.00
97.00 21.00 26.00 56.00 103.00 30.00 47.00 0.09 0.66 0.00 2.00 0.00 3.00 13.00 18.00 8.00 17.00 4.00 0.00 0.00 0.00 0.00 0.00
98.00 21.00 28.00 60.00 106.00 32.00 46.00 0.09 0.71 0.00 2.00 0.00 9.00 12.00 12.00 9.00 17.00 4.00 0.00 0.00 1.00 0.00 0.00
99.00 15.00 16.00 39.00 75.00 23.00 36.00 0.09 0.58 0.00 2.00 0.00 0.00 6.00 15.00 9.00 10.00 5.00 0.00 0.00 0.00 0.00 0.00
100.00 16.00 12.00 39.00 79.00 27.00 40.00 0.09 0.56 0.00 1.00 0.00 6.00 9.00 10.00 7.00 11.00 5.00 0.00 0.00 0.00 0.00 0.00
101.00 18.00 17.00 44.00 84.00 27.00 40.00 0.10 0.72 0.00 1.00 0.00 5.00 6.00 13.00 12.00 9.00 9.00 0.00 0.00 0.00 0.00 0.00
102.00 21.00 30.00 63.00 101.00 33.00 38.00 0.09 0.69 0.00 1.00 0.00 8.00 10.00 13.00 11.00 13.00 8.00 0.00 0.00 1.00 0.00 0.00
103.00 20.00 25.00 52.00 98.00 27.00 46.00 0.08 0.65 1.00 1.00 1.00 7.00 10.00 13.00 10.00 16.00 4.00 0.00 0.00 0.00 0.00 0.00
104.00 19.00 25.00 54.00 96.00 29.00 42.00 0.08 0.66 0.00 1.00 0.00 3.00 9.00 16.00 10.00 10.00 9.00 0.00 0.00 0.00 0.00 0.00
105.00 14.00 11.00 32.00 66.00 21.00 34.00 0.08 0.68 0.00 1.00 0.00 5.00 10.00 9.00 4.00 11.00 3.00 0.00 0.00 0.00 0.00 0.00
106.00 21.00 21.00 47.00 99.00 26.00 52.00 0.08 0.88 0.00 2.00 0.00 5.00 13.00 16.00 8.00 17.00 4.00 0.00 0.00 0.00 0.00 0.00
107.00 19.00 19.00 53.00 98.00 34.00 45.00 0.06 0.93 0.00 2.00 0.00 6.00 10.00 13.00 9.00 12.00 7.00 0.00 0.00 0.00 0.00 0.00
108.00 21.00 18.00 52.00 100.00 34.00 48.00 0.08 1.06 0.00 2.00 0.00 6.00 13.00 15.00 8.00 16.00 5.00 0.00 0.00 0.00 0.00 0.00
109.00 17.00 21.00 44.00 86.00 23.00 42.00 0.07 0.62 0.00 1.00 0.00 4.00 7.00 13.00 10.00 11.00 6.00 0.00 0.00 0.00 0.00 0.00
110.00 21.00 31.00 56.00 96.00 25.00 40.00 0.08 0.78 0.00 3.00 0.00 5.00 7.00 16.00 14.00 12.00 9.00 0.00 0.00 0.00 0.00 0.00
111.00 17.00 17.00 44.00 82.00 27.00 38.00 0.08 0.66 0.00 3.00 0.00 5.00 10.00 12.00 7.00 14.00 3.00 0.00 0.00 0.00 0.00 0.00
112.00 25.00 32.00 68.00 125.00 36.00 57.00 0.08 0.73 0.00 2.00 0.00 6.00 8.00 19.00 17.00 14.00 11.00 0.00 0.00 0.00 0.00 0.00
113.00 17.00 17.00 45.00 80.00 28.00 35.00 0.09 0.60 0.00 2.00 0.00 4.00 12.00 13.00 5.00 13.00 4.00 0.00 0.00 0.00 0.00 0.00
114.00 22.00 28.00 56.00 99.00 28.00 43.00 0.10 0.73 0.00 2.00 0.00 7.00 13.00 15.00 9.00 18.00 4.00 0.00 0.00 0.00 0.00 0.00
115.00 17.00 13.00 40.00 85.00 27.00 45.00 0.09 0.52 0.00 2.00 0.00 3.00 7.00 14.00 10.00 12.00 5.00 0.00 0.00 0.00 0.00 0.00
116.00 22.00 25.00 56.00 109.00 31.00 53.00 0.08 0.66 0.00 1.00 0.00 5.00 11.00 17.00 11.00 14.00 8.00 0.00 0.00 1.00 0.00 0.00
117.00 24.00 32.00 69.00 120.00 37.00 51.00 0.08 0.80 0.00 2.00 0.00 2.00 8.00 22.00 16.00 16.00 8.00 0.00 0.00 0.00 0.00 0.00
118.00 25.00 34.00 67.00 116.00 33.00 49.00 0.08 0.74 0.00 2.00 0.00 4.00 10.00 21.00 15.00 18.00 7.00 0.00 0.00 1.00 0.00 0.00
119.00 27.00 38.00 75.00 129.00 37.00 54.00 0.10 0.82 0.00 2.00 0.00 8.00 12.00 19.00 15.00 17.00 10.00 0.00 0.00 0.00 0.00 0.00
120.00 30.00 50.00 88.00 148.00 38.00 60.00 0.10 0.75 0.00 2.00 0.00 10.00 16.00 20.00 14.00 20.00 10.00 0.00 0.00 0.00 0.00 0.00
121.00 26.00 41.00 74.00 123.00 33.00 49.00 0.10 0.91 0.00 2.00 0.00 5.00 13.00 21.00 13.00 16.00 10.00 0.00 0.00 0.00 0.00 0.00
122.00 27.00 36.00 72.00 138.00 36.00 66.00 0.09 0.64 0.00 2.00 0.00 3.00 8.00 24.00 19.00 12.00 15.00 0.00 0.00 1.00 0.00 0.00
123.00 30.00 40.00 79.00 143.00 39.00 64.00 0.08 1.12 0.00 2.00 0.00 7.00 13.00 23.00 17.00 16.00 14.00 0.00 0.00 0.00 1.00 0.00
124.00 29.00 48.00 85.00 147.00 37.00 62.00 0.08 0.79 0.00 2.00 0.00 7.00 14.00 22.00 15.00 17.00 12.00 0.00 0.00 0.00 0.00 0.00
125.00 30.00 48.00 80.00 147.00 32.00 67.00 0.09 0.99 0.00 3.00 0.00 6.00 14.00 24.00 16.00 18.00 12.00 0.00 0.00 0.00 1.00 0.00
126.00 28.00 36.00 79.00 136.00 43.00 57.00 0.08 1.05 0.00 2.00 0.00 8.00 18.00 20.00 10.00 19.00 9.00 0.00 0.00 2.00 0.00 0.00
127.00 24.00 33.00 70.00 124.00 37.00 54.00 0.08 0.62 0.00 2.00 0.00 8.00 13.00 16.00 11.00 16.00 8.00 0.00 0.00 2.00 0.00 0.00
128.00 27.00 40.00 82.00 140.00 42.00 58.00 0.09 0.90 0.00 2.00 0.00 6.00 12.00 21.00 15.00 17.00 10.00 0.00 0.00 2.00 0.00 0.00
129.00 22.00 31.00 66.00 112.00 35.00 46.00 0.09 0.64 0.00 2.00 0.00 4.00 8.00 18.00 14.00 14.00 8.00 0.00 0.00 1.00 0.00 0.00
130.00 30.00 41.00 81.00 140.00 40.00 59.00 0.09 0.91 0.00 2.00 0.00 8.00 12.00 22.00 18.00 20.00 10.00 0.00 0.00 0.00 0.00 0.00
131.00 32.00 45.00 90.00 163.00 45.00 73.00 0.07 1.10 0.00 2.00 0.00 9.00 14.00 23.00 18.00 20.00 12.00 0.00 0.00 1.00 0.00 0.00
132.00 31.00 37.00 93.00 162.00 56.00 69.00 0.08 0.97 0.00 4.00 0.00 5.00 15.00 26.00 16.00 19.00 12.00 1.00 0.00 1.00 0.00 0.00
133.00 31.00 40.00 95.00 154.00 55.00 59.00 0.08 1.10 0.00 3.00 0.00 4.00 12.00 27.00 19.00 20.00 11.00 0.00 0.00 1.00 0.00 0.00
134.00 33.00 47.00 89.00 157.00 42.00 68.00 0.07 1.04 0.00 2.00 0.00 11.00 13.00 22.00 20.00 22.00 11.00 0.00 0.00 1.00 0.00 0.00
135.00 27.00 26.00 77.00 142.00 51.00 65.00 0.09 1.14 0.00 1.00 0.00 5.00 12.00 22.00 15.00 17.00 10.00 0.00 0.00 2.00 0.00 1.00
136.00 28.00 37.00 77.00 139.00 40.00 62.00 0.09 0.84 0.00 1.00 0.00 7.00 11.00 21.00 17.00 18.00 10.00 0.00 0.00 2.00 0.00 0.00
137.00 28.00 43.00 82.00 139.00 39.00 57.00 0.10 0.75 0.00 3.00 0.00 7.00 15.00 21.00 13.00 20.00 8.00 0.00 0.00 1.00 0.00 0.00
138.00 30.00 36.00 83.00 147.00 47.00 64.00 0.09 0.98 0.00 4.00 0.00 9.00 19.00 21.00 11.00 24.00 6.00 0.00 0.00 2.00 0.00 0.00
139.00 28.00 30.00 71.00 131.00 41.00 60.00 0.08 1.03 0.00 5.00 0.00 7.00 16.00 21.00 12.00 21.00 7.00 0.00 0.00 2.00 0.00 0.00
140.00 40.00 55.00 115.00 200.00 60.00 85.00 0.09 1.18 0.00 4.00 0.00 11.00 16.00 29.00 24.00 24.00 16.00 0.00 0.00 3.00 0.00 0.00
141.00 32.00 36.00 82.00 156.00 46.00 74.00 0.09 0.90 0.00 2.00 0.00 10.00 15.00 22.00 17.00 24.00 8.00 0.00 0.00 2.00 0.00 0.00
142.00 27.00 33.00 72.00 136.00 39.00 64.00 0.08 0.86 0.00 3.00 0.00 7.00 15.00 20.00 12.00 17.00 10.00 0.00 0.00 1.00 0.00 0.00
143.00 25.00 26.00 71.00 121.00 45.00 50.00 0.06 1.09 0.00 2.00 0.00 9.00 13.00 16.00 12.00 17.00 8.00 0.00 0.00 2.00 1.00 0.00
144.00 35.00 48.00 106.00 171.00 58.00 65.00 0.08 0.98 0.00 2.00 0.00 8.00 13.00 27.00 22.00 20.00 15.00 0.00 0.00 0.00 0.00 0.00
145.00 36.00 55.00 103.00 173.00 48.00 70.00 0.08 0.96 0.00 3.00 0.00 13.00 21.00 23.00 15.00 28.00 8.00 0.00 0.00 0.00 0.00 0.00
146.00 28.00 27.00 75.00 144.00 48.00 69.00 0.09 0.98 1.00 3.00 0.33 5.00 14.00 23.00 14.00 19.00 9.00 0.00 0.00 1.00 0.00 0.00
147.00 33.00 57.00 101.00 161.00 44.00 60.00 0.10 0.96 0.00 3.00 0.00 8.00 17.00 25.00 16.00 24.00 9.00 0.00 0.00 0.00 0.00 0.00
148.00 30.00 42.00 91.00 150.00 49.00 59.00 0.08 0.94 0.00 3.00 0.00 7.00 9.00 23.00 21.00 18.00 12.00 0.00 0.00 2.00 0.00 0.00
149.00 25.00 34.00 67.00 118.00 33.00 51.00 0.10 0.72 0.00 3.00 0.00 12.00 17.00 13.00 8.00 20.00 5.00 0.00 0.00 1.00 0.00 0.00
150.00 37.00 52.00 106.00 181.00 54.00 75.00 0.07 0.85 0.00 3.00 0.00 13.00 21.00 24.00 16.00 25.00 12.00 0.00 0.00 2.00 0.00 0.00
151.00 25.00 38.00 72.00 121.00 34.00 49.00 0.09 0.59 0.00 4.00 0.00 9.00 13.00 16.00 12.00 15.00 10.00 0.00 0.00 2.00 0.00 1.00
152.00 29.00 35.00 86.00 153.00 51.00 67.00 0.10 0.75 0.00 3.00 0.00 5.00 12.00 24.00 17.00 20.00 9.00 0.00 0.00 1.00 0.00 0.00
153.00 29.00 40.00 82.00 142.00 42.00 60.00 0.08 0.72 0.00 3.00 0.00 10.00 11.00 19.00 18.00 19.00 10.00 0.00 0.00 1.00 0.00 0.00
154.00 30.00 41.00 85.00 147.00 44.00 62.00 0.07 0.89 0.00 3.00 0.00 8.00 16.00 22.00 14.00 21.00 9.00 0.00 0.00 1.00 0.00 0.00
155.00 28.00 41.00 81.00 142.00 40.00 61.00 0.09 1.04 0.00 4.00 0.00 5.00 12.00 23.00 16.00 16.00 12.00 0.00 0.00 0.00 0.00 0.00
156.00 24.00 24.00 65.00 121.00 41.00 56.00 0.08 0.84 1.00 3.00 0.33 5.00 10.00 19.00 14.00 18.00 6.00 0.00 0.00 0.00 0.00 0.00
157.00 34.00 56.00 106.00 167.00 50.00 61.00 0.08 0.90 0.00 4.00 0.00 9.00 17.00 25.00 17.00 24.00 10.00 0.00 0.00 0.00 0.00 0.00
158.00 25.00 25.00 65.00 125.00 40.00 60.00 0.09 0.62 0.00 5.00 0.00 5.00 10.00 20.00 15.00 18.00 7.00 0.00 0.00 0.00 0.00 0.00
159.00 25.00 25.00 72.00 131.00 47.00 59.00 0.09 0.69 0.00 4.00 0.00 7.00 10.00 18.00 15.00 18.00 7.00 0.00 0.00 0.00 0.00 0.00
160.00 36.00 37.00 91.00 175.00 54.00 84.00 0.09 1.02 0.00 3.00 0.00 12.00 18.00 24.00 18.00 30.00 6.00 0.00 0.00 0.00 0.00 0.00
161.00 30.00 40.00 82.00 140.00 42.00 58.00 0.08 1.09 0.00 3.00 0.00 10.00 16.00 20.00 14.00 22.00 8.00 0.00 0.00 1.00 0.00 0.00
162.00 25.00 33.00 67.00 129.00 34.00 62.00 0.09 0.76 0.00 2.00 0.00 7.00 11.00 18.00 14.00 14.00 11.00 0.00 0.00 0.00 0.00 0.00
163.00 27.00 18.00 72.00 130.00 54.00 58.00 0.08 0.84 0.00 2.00 0.00 5.00 13.00 22.00 14.00 18.00 9.00 0.00 0.00 1.00 0.00 0.00
164.00 32.00 43.00 89.00 160.00 46.00 71.00 0.08 0.79 0.00 4.00 0.00 7.00 15.00 25.00 17.00 22.00 10.00 0.00 0.00 1.00 0.00 0.00
165.00 36.00 53.00 108.00 179.00 55.00 71.00 0.08 0.94 0.00 4.00 0.00 7.00 19.00 29.00 17.00 25.00 11.00 0.00 0.00 1.00 0.00 0.00
166.00 25.00 39.00 72.00 127.00 33.00 55.00 0.08 0.58 0.00 3.00 0.00 6.00 17.00 19.00 8.00 19.00 6.00 0.00 0.00 1.00 0.00 0.00
167.00 29.00 39.00 77.00 140.00 38.00 63.00 0.08 0.80 0.00 3.00 0.00 7.00 17.00 22.00 12.00 20.00 9.00 0.00 0.00 1.00 0.00 0.00
168.00 32.00 45.00 91.00 158.00 46.00 67.00 0.09 0.89 0.00 2.00 0.00 5.00 13.00 27.00 19.00 20.00 12.00 0.00 0.00 1.00 0.00 0.00
169.00 28.00 37.00 86.00 146.00 49.00 60.00 0.09 0.81 0.00 3.00 0.00 10.00 14.00 18.00 14.00 17.00 11.00 0.00 0.00 1.00 0.00 0.00
170.00 27.00 36.00 79.00 136.00 43.00 57.00 0.09 0.89 0.00 3.00 0.00 8.00 11.00 19.00 16.00 18.00 9.00 0.00 0.00 1.00 0.00 0.00
171.00 33.00 52.00 90.00 151.00 38.00 61.00 0.08 0.93 0.00 2.00 0.00 7.00 19.00 26.00 14.00 21.00 12.00 0.00 0.00 0.00 0.00 0.00
172.00 27.00 24.00 71.00 130.00 47.00 59.00 0.08 0.84 0.00 3.00 0.00 9.00 14.00 18.00 13.00 20.00 7.00 0.00 0.00 0.00 0.00 0.00
173.00 29.00 33.00 78.00 133.00 45.00 55.00 0.10 0.82 0.00 3.00 0.00 7.00 15.00 22.00 14.00 21.00 8.00 0.00 0.00 0.00 0.00 0.00
174.00 20.00 19.00 52.00 102.00 33.00 50.00 0.06 0.48 0.00 2.00 0.00 6.00 11.00 14.00 9.00 14.00 6.00 0.00 0.00 1.00 0.00 0.00
175.00 27.00 36.00 74.00 129.00 38.00 55.00 0.08 0.69 0.00 4.00 0.00 6.00 12.00 21.00 15.00 20.00 7.00 0.00 0.00 0.00 0.00 0.00
176.00 31.00 42.00 85.00 149.00 43.00 64.00 0.08 0.77 0.00 3.00 0.00 10.00 14.00 21.00 17.00 20.00 11.00 0.00 0.00 0.00 0.00 0.00
177.00 31.00 40.00 88.00 148.00 48.00 60.00 0.08 0.81 0.00 4.00 0.00 7.00 16.00 24.00 15.00 24.00 7.00 0.00 0.00 0.00 0.00 0.00
178.00 35.00 38.00 89.00 172.00 51.00 83.00 0.08 1.26 0.00 3.00 0.00 10.00 20.00 25.00 15.00 25.00 10.00 0.00 0.00 2.00 0.00 0.00
179.00 37.00 43.00 100.00 170.00 57.00 70.00 0.06 1.17 0.00 3.00 0.00 11.00 18.00 26.00 19.00 25.00 12.00 0.00 0.00 1.00 0.00 0.00
180.00 34.00 48.00 98.00 170.00 50.00 72.00 0.07 0.87 0.00 3.00 0.00 6.00 17.00 28.00 17.00 21.00 13.00 0.00 0.00 1.00 0.00 0.00
181.00 44.00 64.00 126.00 219.00 62.00 93.00 0.09 1.11 1.00 3.00 0.33 12.00 19.00 32.00 25.00 25.00 19.00 0.00 0.00 0.00 0.00 0.00
182.00 39.00 56.00 116.00 197.00 60.00 81.00 0.09 0.89 1.00 3.00 0.33 7.00 16.00 32.00 23.00 22.00 17.00 0.00 0.00 1.00 0.00 0.00
183.00 37.00 47.00 113.00 191.00 66.00 78.00 0.09 0.95 0.00 3.00 0.00 12.00 16.00 25.00 21.00 21.00 16.00 0.00 0.00 1.00 0.00 0.00
184.00 48.00 64.00 131.00 245.00 67.00 114.00 0.07 1.17 0.00 3.00 0.00 13.00 26.00 35.00 22.00 33.00 15.00 0.00 0.00 1.00 2.00 0.00
185.00 43.00 54.00 123.00 218.00 69.00 95.00 0.08 1.11 0.00 4.00 0.00 7.00 14.00 36.00 29.00 22.00 21.00 0.00 0.00 1.00 1.00 0.00
186.00 39.00 64.00 117.00 198.00 53.00 81.00 0.08 0.80 0.00 3.00 0.00 5.00 16.00 34.00 23.00 26.00 13.00 0.00 0.00 0.00 1.00 0.00
187.00 44.00 62.00 120.00 215.00 58.00 95.00 0.08 1.07 0.00 3.00 0.00 13.00 22.00 31.00 22.00 29.00 15.00 0.00 0.00 0.00 0.00 0.00
188.00 36.00 57.00 107.00 176.00 50.00 69.00 0.08 0.85 0.00 3.00 0.00 11.00 12.00 25.00 24.00 20.00 16.00 0.00 0.00 2.00 0.00 0.00
189.00 29.00 37.00 79.00 139.00 42.00 60.00 0.08 0.81 0.00 3.00 0.00 7.00 12.00 22.00 17.00 19.00 10.00 0.00 0.00 1.00 0.00 0.00
190.00 31.00 40.00 96.00 152.00 56.00 56.00 0.08 0.98 0.00 4.00 0.00 5.00 7.00 26.00 24.00 14.00 17.00 0.00 0.00 2.00 0.00 0.00
191.00 36.00 52.00 104.00 188.00 52.00 84.00 0.08 1.07 0.00 7.00 0.00 5.00 15.00 31.00 21.00 26.00 10.00 0.00 0.00 1.00 0.00 0.00
192.00 36.00 48.00 101.00 171.00 53.00 70.00 0.08 0.83 0.00 5.00 0.00 7.00 13.00 29.00 23.00 18.00 18.00 0.00 0.00 0.00 0.00 0.00
193.00 38.00 52.00 107.00 188.00 55.00 81.00 0.09 1.31 0.00 4.00 0.00 9.00 20.00 29.00 18.00 25.00 13.00 0.00 0.00 1.00 0.00 0.00
194.00 30.00 27.00 83.00 153.00 56.00 70.00 0.08 0.83 0.00 4.00 0.00 8.00 16.00 22.00 14.00 24.00 6.00 0.00 0.00 1.00 0.00 0.00
195.00 30.00 38.00 91.00 152.00 53.00 61.00 0.10 0.99 0.00 2.00 0.00 5.00 11.00 25.00 19.00 18.00 12.00 0.00 0.00 0.00 1.00 0.00
196.00 42.00 51.00 113.00 201.00 62.00 88.00 0.09 1.51 1.00 4.00 0.25 9.00 19.00 33.00 23.00 30.00 12.00 0.00 0.00 1.00 1.00 0.00
197.00 34.00 48.00 98.00 174.00 50.00 76.00 0.08 0.98 0.00 3.00 0.00 7.00 16.00 27.00 18.00 20.00 14.00 0.00 0.00 1.00 0.00 0.00
198.00 32.00 49.00 92.00 159.00 43.00 67.00 0.09 0.97 1.00 5.00 0.20 8.00 13.00 24.00 19.00 20.00 12.00 0.00 0.00 1.00 0.00 0.00
199.00 42.00 63.00 128.00 212.00 65.00 84.00 0.08 1.25 1.00 3.00 0.33 11.00 22.00 31.00 20.00 34.00 8.00 0.00 0.00 0.00 0.00 0.00
200.00 37.00 52.00 102.00 175.00 50.00 73.00 0.08 1.36 1.00 5.00 0.20 6.00 16.00 31.00 21.00 25.00 12.00 0.00 0.00 0.00 0.00 0.00
201.00 32.00 42.00 96.00 168.00 54.00 72.00 0.08 0.80 2.00 3.00 0.67 4.00 16.00 28.00 16.00 20.00 12.00 0.00 0.00 0.00 0.00 0.00
202.00 39.00 56.00 119.00 201.00 63.00 82.00 0.08 1.02 1.00 5.00 0.20 6.00 16.00 33.00 23.00 25.00 14.00 0.00 0.00 0.00 0.00 0.00
203.00 37.00 44.00 105.00 184.00 61.00 79.00 0.08 1.10 0.00 5.00 0.00 9.00 16.00 28.00 21.00 20.00 17.00 0.00 0.00 0.00 0.00 0.00
204.00 39.00 47.00 108.00 198.00 61.00 90.00 0.10 1.11 0.00 2.00 0.00 12.00 19.00 27.00 20.00 23.00 16.00 0.00 0.00 0.00 0.00 0.00
205.00 37.00 39.00 105.00 188.00 66.00 83.00 0.09 1.05 1.00 3.00 0.33 11.00 19.00 26.00 18.00 23.00 14.00 0.00 0.00 0.00 0.00 0.00
206.00 38.00 58.00 116.00 197.00 58.00 81.00 0.08 1.10 0.00 4.00 0.00 7.00 18.00 31.00 20.00 23.00 15.00 0.00 0.00 1.00 0.00 0.00
207.00 36.00 47.00 100.00 180.00 53.00 80.00 0.08 0.98 0.00 4.00 0.00 13.00 22.00 23.00 14.00 26.00 10.00 0.00 0.00 1.00 0.00 0.00
208.00 33.00 53.00 97.00 167.00 44.00 70.00 0.07 0.72 0.00 2.00 0.00 7.00 13.00 26.00 20.00 17.00 16.00 0.00 0.00 1.00 1.00 0.00
209.00 32.00 47.00 94.00 169.00 47.00 75.00 0.07 0.76 1.00 3.00 0.33 6.00 12.00 26.00 20.00 17.00 15.00 0.00 0.00 0.00 0.00 0.00
210.00 32.00 43.00 98.00 165.00 55.00 67.00 0.08 0.82 0.00 3.00 0.00 10.00 15.00 22.00 17.00 18.00 14.00 0.00 0.00 0.00 0.00 0.00
211.00 33.00 38.00 95.00 174.00 57.00 79.00 0.09 0.87 0.00 3.00 0.00 8.00 15.00 25.00 18.00 22.00 11.00 0.00 0.00 1.00 0.00 0.00
212.00 33.00 38.00 95.00 158.00 57.00 63.00 0.08 1.04 0.00 3.00 0.00 6.00 12.00 27.00 21.00 21.00 12.00 0.00 0.00 0.00 0.00 0.00
213.00 21.00 21.00 52.00 102.00 31.00 50.00 0.08 0.61 0.00 3.00 0.00 5.00 7.00 16.00 14.00 10.00 11.00 0.00 0.00 0.00 0.00 0.00
214.00 34.00 43.00 91.00 163.00 48.00 72.00 0.08 1.02 0.00 2.00 0.00 8.00 16.00 26.00 18.00 22.00 12.00 0.00 0.00 0.00 0.00 0.00
215.00 26.00 29.00 71.00 121.00 42.00 50.00 0.09 0.76 0.00 4.00 0.00 8.00 14.00 18.00 12.00 18.00 8.00 0.00 0.00 0.00 0.00 0.00
216.00 34.00 36.00 89.00 167.00 53.00 78.00 0.08 1.00 0.00 4.00 0.00 10.00 14.00 24.00 20.00 23.00 11.00 0.00 0.00 0.00 0.00 0.00
217.00 33.00 43.00 98.00 176.00 55.00 78.00 0.09 0.67 0.00 3.00 0.00 3.00 13.00 30.00 20.00 18.00 15.00 0.00 0.00 1.00 0.00 0.00
218.00 29.00 33.00 89.00 152.00 56.00 63.00 0.08 0.85 0.00 1.00 0.00 8.00 11.00 21.00 18.00 19.00 10.00 1.00 0.00 1.00 0.00 0.00
219.00 31.00 44.00 83.00 158.00 39.00 75.00 0.08 0.86 1.00 5.00 0.20 5.00 8.00 26.00 23.00 15.00 16.00 0.00 0.00 0.00 0.00 0.00
220.00 35.00 39.00 96.00 176.00 57.00 80.00 0.09 1.03 0.00 5.00 0.00 7.00 11.00 28.00 24.00 21.00 14.00 0.00 0.00 0.00 0.00 0.00
221.00 22.00 22.00 59.00 119.00 37.00 60.00 0.08 0.70 0.00 4.00 0.00 1.00 8.00 21.00 14.00 14.00 8.00 0.00 0.00 0.00 0.00 0.00
222.00 36.00 41.00 96.00 181.00 55.00 85.00 0.08 0.92 0.00 5.00 0.00 12.00 22.00 24.00 14.00 26.00 10.00 0.00 0.00 0.00 1.00 0.00
223.00 30.00 40.00 87.00 155.00 47.00 68.00 0.09 0.80 0.00 4.00 0.00 6.00 12.00 24.00 18.00 20.00 10.00 0.00 0.00 0.00 0.00 0.00
224.00 34.00 37.00 94.00 158.00 57.00 64.00 0.09 1.18 0.00 5.00 0.00 7.00 19.00 27.00 15.00 22.00 12.00 0.00 0.00 0.00 0.00 0.00
225.00 34.00 40.00 93.00 171.00 53.00 78.00 0.09 0.97 0.00 3.00 0.00 11.00 16.00 23.00 18.00 24.00 10.00 0.00 0.00 0.00 0.00 1.00
226.00 33.00 24.00 74.00 158.00 50.00 84.00 0.09 1.15 0.00 2.00 0.00 13.00 18.00 20.00 15.00 22.00 11.00 0.00 0.00 0.00 0.00 0.00
227.00 32.00 38.00 84.00 163.00 46.00 79.00 0.09 0.92 0.00 3.00 0.00 8.00 18.00 24.00 14.00 20.00 12.00 0.00 0.00 1.00 0.00 0.00
228.00 32.00 39.00 84.00 157.00 45.00 73.00 0.07 0.89 0.00 2.00 0.00 9.00 17.00 23.00 15.00 21.00 11.00 0.00 0.00 1.00 0.00 0.00
229.00 27.00 23.00 70.00 143.00 47.00 73.00 0.07 0.88 0.00 0.00 0.00 8.00 15.00 19.00 12.00 17.00 10.00 1.00 0.00 0.00 0.00 0.00
230.00 30.00 36.00 86.00 153.00 50.00 67.00 0.08 0.91 0.00 2.00 0.00 5.00 15.00 25.00 15.00 17.00 13.00 0.00 0.00 0.00 1.00 0.00
231.00 32.00 37.00 84.00 157.00 47.00 73.00 0.07 0.94 0.00 2.00 0.00 7.00 15.00 25.00 17.00 22.00 10.00 0.00 0.00 0.00 0.00 0.00
232.00 22.00 27.00 56.00 108.00 29.00 52.00 0.09 0.81 0.00 3.00 0.00 4.00 8.00 18.00 14.00 14.00 8.00 0.00 0.00 0.00 0.00 0.00
233.00 20.00 23.00 57.00 105.00 34.00 48.00 0.06 0.46 0.00 3.00 0.00 4.00 9.00 16.00 11.00 13.00 7.00 0.00 0.00 0.00 0.00 0.00
234.00 20.00 28.00 59.00 103.00 31.00 44.00 0.10 0.51 0.00 2.00 0.00 4.00 5.00 16.00 15.00 9.00 11.00 0.00 0.00 0.00 0.00 0.00
235.00 27.00 31.00 68.00 131.00 37.00 63.00 0.08 0.85 0.00 2.00 0.00 13.00 16.00 14.00 11.00 21.00 6.00 0.00 0.00 0.00 0.00 0.00
236.00 20.00 23.00 49.00 94.00 26.00 45.00 0.09 0.66 0.00 2.00 0.00 9.00 12.00 11.00 8.00 15.00 5.00 0.00 0.00 0.00 0.00 0.00
237.00 19.00 16.00 47.00 92.00 31.00 45.00 0.07 0.68 0.00 1.00 0.00 5.00 9.00 14.00 10.00 11.00 8.00 0.00 0.00 0.00 1.00 0.00
238.00 22.00 25.00 56.00 107.00 31.00 51.00 0.09 0.57 0.00 1.00 0.00 6.00 11.00 16.00 11.00 14.00 8.00 0.00 0.00 0.00 0.00 0.00
239.00 25.00 15.00 49.00 105.00 34.00 56.00 0.08 0.88 0.00 2.00 0.00 9.00 17.00 16.00 8.00 21.00 4.00 0.00 0.00 0.00 0.00 0.00
240.00 16.00 12.00 36.00 80.00 24.00 44.00 0.08 0.65 0.00 3.00 0.00 3.00 7.00 13.00 9.00 10.00 6.00 0.00 0.00 1.00 0.00 0.00
241.00 20.00 12.00 43.00 96.00 31.00 53.00 0.06 0.83 0.00 1.00 0.00 8.00 13.00 12.00 7.00 14.00 6.00 0.00 0.00 0.00 0.00 0.00
242.00 22.00 18.00 49.00 99.00 31.00 50.00 0.08 1.07 0.00 1.00 0.00 7.00 11.00 15.00 11.00 17.00 5.00 0.00 0.00 0.00 0.00 0.00
243.00 16.00 18.00 44.00 80.00 26.00 36.00 0.09 0.49 0.00 3.00 0.00 4.00 8.00 12.00 8.00 12.00 4.00 0.00 0.00 0.00 0.00 0.00
244.00 20.00 22.00 54.00 95.00 32.00 41.00 0.07 0.55 0.00 2.00 0.00 4.00 8.00 16.00 12.00 12.00 8.00 0.00 0.00 0.00 0.00 0.00
245.00 18.00 11.00 39.00 91.00 28.00 52.00 0.09 0.63 0.00 1.00 0.00 4.00 8.00 14.00 10.00 14.00 4.00 0.00 0.00 0.00 0.00 0.00
246.00 11.00 2.00 15.00 50.00 13.00 35.00 0.09 0.62 0.00 1.00 0.00 3.00 5.00 8.00 6.00 8.00 3.00 0.00 0.00 0.00 0.00 0.00
247.00 23.00 27.00 62.00 114.00 35.00 52.00 0.09 0.69 0.00 0.00 0.00 3.00 10.00 20.00 13.00 14.00 9.00 0.00 0.00 0.00 0.00 0.00
248.00 26.00 21.00 60.00 120.00 39.00 60.00 0.09 0.92 0.00 0.00 0.00 8.00 13.00 18.00 13.00 16.00 10.00 0.00 0.00 1.00 0.00 0.00
249.00 7.00 3.00 11.00 28.00 8.00 17.00 0.08 0.35 0.00 0.00 0.00 3.00 4.00 4.00 3.00 5.00 2.00 0.00 0.00 1.00 0.00 0.00
250.00 19.00 16.00 45.00 90.00 29.00 45.00 0.09 0.65 0.00 0.00 0.00 6.00 10.00 13.00 9.00 12.00 7.00 0.00 0.00 0.00 0.00 0.00
251.00 19.00 24.00 53.00 90.00 29.00 37.00 0.07 0.67 0.00 0.00 0.00 6.00 9.00 13.00 10.00 14.00 5.00 0.00 0.00 1.00 0.00 0.00
252.00 21.00 24.00 57.00 110.00 33.00 53.00 0.08 0.72 0.00 0.00 0.00 4.00 9.00 17.00 12.00 17.00 4.00 0.00 0.00 1.00 0.00 0.00
253.00 21.00 23.00 60.00 107.00 37.00 47.00 0.09 0.75 1.00 0.00 0.00 5.00 10.00 16.00 11.00 14.00 7.00 0.00 0.00 0.00 0.00 0.00
254.00 17.00 14.00 35.00 78.00 21.00 43.00 0.07 0.71 0.00 2.00 0.00 5.00 8.00 12.00 9.00 12.00 5.00 0.00 0.00 0.00 0.00 0.00
255.00 19.00 18.00 48.00 95.00 30.00 47.00 0.08 0.85 0.00 0.00 0.00 5.00 9.00 14.00 10.00 13.00 6.00 0.00 0.00 0.00 0.00 0.00
256.00 21.00 21.00 46.00 103.00 25.00 57.00 0.08 0.94 0.00 1.00 0.00 6.00 9.00 15.00 12.00 14.00 7.00 0.00 0.00 1.00 0.00 0.00
257.00 8.00 0.00 5.00 27.00 5.00 22.00 0.08 0.53 0.00 0.00 0.00 5.00 5.00 3.00 3.00 8.00 0.00 0.00 0.00 0.00 0.00 0.00
258.00 14.00 12.00 29.00 57.00 17.00 28.00 0.09 0.56 0.00 0.00 0.00 6.00 8.00 8.00 6.00 11.00 3.00 0.00 0.00 0.00 0.00 0.00
259.00 15.00 15.00 35.00 74.00 20.00 39.00 0.09 0.71 0.00 0.00 0.00 2.00 6.00 13.00 9.00 10.00 5.00 0.00 0.00 0.00 0.00 0.00
260.00 9.00 5.00 20.00 44.00 15.00 24.00 0.09 0.43 0.00 0.00 0.00 4.00 6.00 5.00 3.00 7.00 2.00 0.00 0.00 0.00 0.00 0.00
261.00 16.00 18.00 42.00 83.00 24.00 41.00 0.09 0.72 0.00 1.00 0.00 4.00 7.00 12.00 9.00 12.00 4.00 0.00 0.00 0.00 0.00 0.00
262.00 16.00 12.00 32.00 73.00 20.00 41.00 0.09 1.00 0.00 1.00 0.00 6.00 11.00 10.00 5.00 12.00 4.00 0.00 0.00 0.00 0.00 0.00
263.00 11.00 8.00 24.00 53.00 16.00 29.00 0.08 0.40 0.00 1.00 0.00 3.00 7.00 8.00 4.00 8.00 3.00 0.00 0.00 0.00 0.00 0.00
264.00 14.00 14.00 35.00 71.00 21.00 36.00 0.06 0.52 0.00 1.00 0.00 2.00 6.00 12.00 8.00 6.00 8.00 0.00 0.00 0.00 0.00 0.00
265.00 16.00 16.00 42.00 75.00 26.00 33.00 0.08 0.48 0.00 2.00 0.00 2.00 6.00 14.00 10.00 10.00 6.00 0.00 0.00 0.00 0.00 0.00
266.00 12.00 10.00 27.00 58.00 17.00 31.00 0.08 0.47 0.00 2.00 0.00 5.00 7.00 7.00 5.00 8.00 4.00 0.00 0.00 0.00 0.00 0.00
267.00 12.00 7.00 22.00 51.00 15.00 29.00 0.09 0.82 0.00 1.00 0.00 5.00 10.00 7.00 2.00 11.00 1.00 0.00 0.00 0.00 0.00 0.00
268.00 13.00 14.00 36.00 61.00 22.00 25.00 0.09 0.40 0.00 2.00 0.00 3.00 6.00 10.00 7.00 9.00 4.00 0.00 0.00 0.00 0.00 0.00
269.00 9.00 0.00 16.00 45.00 16.00 29.00 0.07 0.41 0.00 1.00 0.00 3.00 6.00 6.00 3.00 8.00 1.00 0.00 0.00 0.00 0.00 0.00
270.00 14.00 13.00 33.00 71.00 20.00 38.00 0.09 0.48 0.00 0.00 0.00 3.00 7.00 11.00 7.00 11.00 3.00 0.00 0.00 0.00 0.00 0.00
271.00 13.00 10.00 30.00 64.00 20.00 34.00 0.08 0.52 0.00 0.00 0.00 2.00 9.00 11.00 4.00 10.00 3.00 0.00 0.00 0.00 0.00 0.00
272.00 11.00 10.00 27.00 52.00 17.00 25.00 0.10 0.51 0.00 0.00 0.00 2.00 6.00 9.00 5.00 6.00 5.00 0.00 0.00 0.00 0.00 0.00
273.00 10.00 5.00 20.00 46.00 15.00 26.00 0.09 0.52 0.00 1.00 0.00 3.00 5.00 7.00 5.00 6.00 4.00 0.00 0.00 0.00 0.00 0.00
274.00 5.00 2.00 8.00 23.00 6.00 15.00 0.09 0.16 0.00 1.00 0.00 3.00 4.00 2.00 1.00 5.00 0.00 0.00 0.00 0.00 0.00 0.00
275.00 8.00 4.00 17.00 35.00 13.00 18.00 0.08 0.26 0.00 0.00 0.00 1.00 5.00 7.00 3.00 5.00 3.00 0.00 0.00 0.00 0.00 0.00
276.00 10.00 8.00 20.00 44.00 12.00 24.00 0.10 0.35 0.00 1.00 0.00 3.00 7.00 7.00 3.00 9.00 1.00 0.00 0.00 0.00 0.00 0.00
277.00 9.00 6.00 16.00 40.00 10.00 24.00 0.10 0.33 0.00 0.00 0.00 4.00 6.00 5.00 3.00 8.00 1.00 0.00 0.00 0.00 0.00 0.00
278.00 13.00 9.00 27.00 59.00 18.00 32.00 0.09 0.36 0.00 0.00 0.00 4.00 5.00 9.00 8.00 8.00 5.00 0.00 0.00 0.00 0.00 0.00
279.00 6.00 0.00 8.00 22.00 8.00 14.00 0.09 0.35 0.00 0.00 0.00 2.00 5.00 4.00 1.00 5.00 1.00 0.00 0.00 0.00 0.00 0.00
280.00 9.00 1.00 10.00 43.00 9.00 33.00 0.07 0.45 0.00 0.00 0.00 3.00 5.00 6.00 4.00 7.00 2.00 0.00 0.00 0.00 0.00 0.00
281.00 11.00 7.00 22.00 51.00 15.00 29.00 0.07 0.64 0.00 1.00 0.00 2.00 4.00 9.00 7.00 7.00 4.00 0.00 0.00 0.00 0.00 0.00
282.00 10.00 9.00 22.00 45.00 13.00 23.00 0.09 0.33 0.00 0.00 0.00 2.00 7.00 8.00 3.00 8.00 2.00 0.00 0.00 0.00 0.00 0.00
283.00 8.00 4.00 14.00 32.00 10.00 18.00 0.08 0.36 0.00 0.00 0.00 4.00 5.00 4.00 3.00 5.00 3.00 0.00 0.00 0.00 0.00 0.00
284.00 11.00 8.00 26.00 51.00 18.00 25.00 0.08 0.48 0.00 1.00 0.00 1.00 6.00 10.00 5.00 8.00 3.00 0.00 0.00 0.00 0.00 0.00
285.00 13.00 11.00 31.00 60.00 20.00 29.00 0.08 0.50 0.00 1.00 0.00 6.00 8.00 7.00 5.00 9.00 4.00 0.00 0.00 0.00 0.00 0.00
286.00 10.00 5.00 19.00 49.00 14.00 30.00 0.09 0.53 0.00 0.00 0.00 3.00 6.00 7.00 4.00 9.00 1.00 0.00 0.00 0.00 0.00 0.00
287.00 9.00 7.00 17.00 40.00 10.00 23.00 0.09 0.48 0.00 1.00 0.00 3.00 6.00 6.00 3.00 8.00 1.00 0.00 0.00 0.00 0.00 0.00
288.00 5.00 0.00 6.00 23.00 6.00 17.00 0.08 0.24 0.00 0.00 0.00 3.00 4.00 2.00 1.00 5.00 0.00 0.00 0.00 0.00 0.00 0.00
289.00 9.00 5.00 18.00 41.00 13.00 23.00 0.09 0.52 0.00 1.00 0.00 4.00 5.00 5.00 4.00 6.00 3.00 0.00 0.00 0.00 0.00 0.00
290.00 8.00 3.00 10.00 30.00 7.00 20.00 0.10 0.43 0.00 1.00 0.00 3.00 5.00 5.00 3.00 8.00 0.00 0.00 0.00 0.00 0.00 0.00
291.00 9.00 4.00 14.00 39.00 10.00 25.00 0.10 0.54 0.00 1.00 0.00 3.00 5.00 6.00 4.00 5.00 4.00 0.00 0.00 0.00 0.00 0.00
292.00 3.00 0.00 2.00 12.00 2.00 10.00 0.08 0.16 0.00 0.00 0.00 2.00 3.00 1.00 0.00 3.00 0.00 0.00 0.00 0.00 0.00 0.00
293.00 7.00 2.00 12.00 31.00 10.00 19.00 0.08 0.39 0.00 1.00 0.00 4.00 5.00 3.00 2.00 7.00 0.00 0.00 0.00 0.00 0.00 0.00
294.00 10.00 6.00 20.00 44.00 14.00 24.00 0.07 0.55 0.00 0.00 0.00 4.00 5.00 6.00 5.00 9.00 1.00 0.00 0.00 0.00 0.00 0.00
295.00 12.00 10.00 28.00 59.00 18.00 31.00 0.08 0.52 0.00 0.00 0.00 5.00 6.00 7.00 6.00 8.00 4.00 0.00 0.00 0.00 0.00 0.00
296.00 7.00 3.00 11.00 31.00 8.00 20.00 0.07 0.36 0.00 0.00 0.00 3.00 4.00 4.00 3.00 6.00 1.00 0.00 0.00 0.00 0.00 0.00
297.00 10.00 2.00 21.00 52.00 19.00 31.00 0.08 0.66 0.00 0.00 0.00 2.00 5.00 8.00 5.00 7.00 3.00 0.00 0.00 0.00 0.00 0.00
298.00 14.00 9.00 29.00 63.00 20.00 34.00 0.09 0.53 0.00 2.00 0.00 8.00 11.00 6.00 3.00 12.00 2.00 0.00 0.00 0.00 0.00 0.00
299.00 14.00 8.00 27.00 64.00 19.00 37.00 0.10 0.64 0.00 1.00 0.00 4.00 8.00 10.00 6.00 10.00 4.00 0.00 0.00 0.00 0.00 0.00
300.00 7.00 1.00 11.00 32.00 10.00 21.00 0.08 0.41 0.00 0.00 0.00 1.00 5.00 6.00 2.00 5.00 2.00 0.00 0.00 0.00 0.00 0.00
301.00 12.00 6.00 19.00 58.00 13.00 39.00 0.08 0.45 0.00 0.00 0.00 4.00 9.00 8.00 3.00 11.00 1.00 0.00 0.00 0.00 0.00 0.00
302.00 9.00 3.00 14.00 38.00 11.00 24.00 0.08 0.42 0.00 0.00 0.00 3.00 7.00 6.00 2.00 8.00 1.00 0.00 0.00 0.00 0.00 0.00
303.00 14.00 15.00 31.00 66.00 16.00 35.00 0.09 0.63 0.00 0.00 0.00 3.00 6.00 11.00 8.00 11.00 3.00 0.00 0.00 0.00 0.00 0.00
304.00 17.00 15.00 42.00 82.00 27.00 40.00 0.09 0.72 0.00 1.00 0.00 5.00 10.00 12.00 7.00 14.00 3.00 0.00 0.00 0.00 0.00 0.00
305.00 13.00 11.00 26.00 59.00 15.00 33.00 0.09 0.62 0.00 1.00 0.00 4.00 7.00 9.00 6.00 10.00 3.00 0.00 0.00 0.00 0.00 0.00
306.00 11.00 5.00 22.00 50.00 17.00 28.00 0.10 0.57 0.00 0.00 0.00 4.00 6.00 7.00 5.00 9.00 2.00 0.00 0.00 0.00 0.00 0.00
307.00 18.00 20.00 42.00 84.00 22.00 42.00 0.09 0.95 0.00 0.00 0.00 4.00 11.00 14.00 7.00 16.00 2.00 0.00 0.00 1.00 0.00 0.00
308.00 15.00 13.00 32.00 70.00 19.00 38.00 0.09 0.77 0.00 1.00 0.00 2.00 10.00 13.00 5.00 11.00 4.00 0.00 0.00 0.00 0.00 0.00
309.00 17.00 12.00 35.00 73.00 23.00 38.00 0.09 0.80 0.00 1.00 0.00 8.00 10.00 9.00 7.00 14.00 3.00 0.00 0.00 0.00 0.00 0.00
310.00 15.00 16.00 38.00 78.00 22.00 40.00 0.09 0.69 0.00 0.00 0.00 5.00 7.00 10.00 8.00 9.00 6.00 0.00 0.00 0.00 0.00 0.00
311.00 16.00 21.00 42.00 80.00 21.00 38.00 0.08 0.59 0.00 0.00 0.00 4.00 10.00 12.00 6.00 12.00 4.00 0.00 0.00 0.00 0.00 0.00
312.00 17.00 18.00 43.00 85.00 25.00 42.00 0.09 0.66 0.00 0.00 0.00 5.00 6.00 12.00 11.00 10.00 7.00 0.00 0.00 0.00 0.00 0.00
313.00 14.00 15.00 34.00 68.00 19.00 34.00 0.08 0.54 0.00 0.00 0.00 6.00 10.00 8.00 4.00 11.00 3.00 0.00 0.00 0.00 0.00 0.00
314.00 14.00 14.00 34.00 70.00 20.00 36.00 0.08 0.72 0.00 0.00 0.00 4.00 8.00 10.00 6.00 9.00 5.00 0.00 0.00 0.00 0.00 0.00
315.00 10.00 8.00 23.00 49.00 15.00 26.00 0.09 0.30 0.00 0.00 0.00 2.00 4.00 8.00 6.00 5.00 5.00 0.00 0.00 1.00 0.00 0.00
316.00 15.00 15.00 37.00 71.00 22.00 34.00 0.09 0.52 0.00 0.00 0.00 5.00 7.00 10.00 8.00 10.00 5.00 0.00 0.00 1.00 0.00 0.00
317.00 13.00 12.00 28.00 63.00 16.00 35.00 0.10 0.46 0.00 0.00 0.00 3.00 9.00 10.00 4.00 11.00 2.00 0.00 0.00 0.00 0.00 0.00
318.00 12.00 7.00 23.00 54.00 16.00 31.00 0.10 0.50 0.00 0.00 0.00 4.00 9.00 8.00 3.00 10.00 2.00 0.00 0.00 0.00 0.00 0.00
319.00 18.00 22.00 47.00 82.00 25.00 35.00 0.10 0.65 0.00 1.00 0.00 4.00 12.00 14.00 6.00 13.00 5.00 0.00 0.00 0.00 0.00 0.00
320.00 13.00 13.00 31.00 62.00 18.00 31.00 0.08 0.43 0.00 1.00 0.00 2.00 6.00 11.00 7.00 8.00 5.00 0.00 0.00 0.00 0.00 0.00
321.00 18.00 22.00 50.00 89.00 28.00 39.00 0.07 0.68 0.00 1.00 0.00 3.00 9.00 15.00 9.00 12.00 6.00 0.00 0.00 0.00 0.00 0.00
322.00 19.00 20.00 43.00 90.00 23.00 47.00 0.09 0.66 0.00 1.00 0.00 4.00 5.00 15.00 14.00 11.00 8.00 0.00 0.00 0.00 0.00 0.00
323.00 18.00 18.00 44.00 86.00 26.00 42.00 0.08 0.80 0.00 1.00 0.00 5.00 8.00 13.00 10.00 12.00 6.00 0.00 0.00 0.00 0.00 0.00
324.00 12.00 6.00 24.00 54.00 18.00 30.00 0.11 0.44 0.00 1.00 0.00 4.00 6.00 8.00 6.00 8.00 4.00 0.00 0.00 0.00 0.00 0.00
325.00 15.00 9.00 33.00 70.00 24.00 37.00 0.07 0.69 0.00 1.00 0.00 4.00 8.00 11.00 7.00 11.00 4.00 0.00 0.00 0.00 0.00 0.00
326.00 17.00 25.00 44.00 80.00 19.00 36.00 0.08 0.64 0.00 1.00 0.00 4.00 9.00 13.00 8.00 11.00 6.00 0.00 0.00 0.00 0.00 0.00
327.00 20.00 27.00 54.00 99.00 27.00 45.00 0.07 0.81 0.00 1.00 0.00 4.00 9.00 16.00 11.00 9.00 11.00 0.00 0.00 1.00 1.00 0.00
328.00 14.00 15.00 33.00 68.00 18.00 35.00 0.08 0.53 0.00 1.00 0.00 3.00 6.00 11.00 8.00 12.00 2.00 0.00 0.00 0.00 0.00 0.00
329.00 18.00 20.00 42.00 79.00 22.00 37.00 0.07 1.91 0.00 1.00 0.00 2.00 9.00 16.00 9.00 12.00 6.00 0.00 0.00 0.00 0.00 0.00
330.00 17.00 16.00 39.00 74.00 23.00 35.00 0.09 0.72 0.00 1.00 0.00 5.00 7.00 12.00 10.00 11.00 6.00 0.00 0.00 0.00 0.00 0.00
331.00 16.00 21.00 45.00 84.00 24.00 39.00 0.08 0.59 0.00 1.00 0.00 2.00 6.00 14.00 10.00 8.00 8.00 0.00 0.00 0.00 0.00 0.00
332.00 17.00 22.00 45.00 81.00 23.00 36.00 0.09 0.60 0.00 1.00 0.00 3.00 8.00 14.00 9.00 12.00 5.00 0.00 0.00 0.00 0.00 0.00
333.00 15.00 13.00 36.00 74.00 23.00 38.00 0.08 0.66 0.00 1.00 0.00 8.00 9.00 7.00 6.00 11.00 4.00 0.00 0.00 0.00 0.00 0.00
334.00 20.00 25.00 56.00 104.00 31.00 48.00 0.08 0.68 0.00 1.00 0.00 3.00 8.00 17.00 12.00 13.00 7.00 0.00 0.00 0.00 0.00 0.00
335.00 19.00 16.00 51.00 98.00 35.00 47.00 0.08 0.75 0.00 1.00 0.00 5.00 9.00 14.00 10.00 12.00 7.00 0.00 0.00 0.00 0.00 0.00
336.00 17.00 17.00 46.00 90.00 29.00 44.00 0.08 0.69 0.00 1.00 0.00 2.00 7.00 15.00 10.00 10.00 7.00 0.00 0.00 0.00 0.00 0.00
337.00 20.00 22.00 50.00 91.00 28.00 41.00 0.09 0.89 0.00 1.00 0.00 5.00 10.00 15.00 10.00 14.00 6.00 0.00 0.00 0.00 0.00 0.00
338.00 16.00 16.00 45.00 82.00 29.00 37.00 0.08 0.68 0.00 0.00 0.00 4.00 7.00 12.00 9.00 11.00 5.00 0.00 0.00 0.00 0.00 0.00
339.00 18.00 25.00 51.00 91.00 26.00 40.00 0.09 0.70 0.00 1.00 0.00 5.00 9.00 13.00 9.00 11.00 7.00 0.00 0.00 0.00 0.00 0.00
340.00 15.00 4.00 33.00 78.00 29.00 45.00 0.08 0.91 0.00 1.00 0.00 5.00 12.00 10.00 3.00 14.00 1.00 0.00 0.00 0.00 0.00 0.00
341.00 14.00 12.00 33.00 69.00 21.00 36.00 0.09 0.56 0.00 1.00 0.00 3.00 6.00 11.00 8.00 11.00 3.00 0.00 0.00 0.00 0.00 0.00
342.00 13.00 3.00 19.00 55.00 16.00 36.00 0.09 0.56 0.00 1.00 0.00 5.00 8.00 8.00 5.00 11.00 2.00 0.00 0.00 0.00 0.00 0.00
343.00 16.00 18.00 41.00 78.00 23.00 37.00 0.09 0.54 0.00 1.00 0.00 4.00 9.00 12.00 7.00 10.00 6.00 0.00 0.00 0.00 0.00 0.00
344.00 15.00 14.00 38.00 71.00 24.00 33.00 0.08 0.53 0.00 1.00 0.00 6.00 8.00 9.00 7.00 11.00 4.00 0.00 0.00 0.00 0.00 0.00
345.00 13.00 13.00 35.00 65.00 22.00 30.00 0.09 0.42 0.00 1.00 0.00 3.00 6.00 10.00 7.00 6.00 7.00 0.00 0.00 1.00 0.00 0.00
346.00 18.00 22.00 49.00 80.00 27.00 31.00 0.09 0.77 0.00 1.00 0.00 5.00 9.00 13.00 9.00 13.00 5.00 0.00 0.00 0.00 0.00 0.00
347.00 14.00 14.00 31.00 65.00 17.00 34.00 0.09 0.49 0.00 1.00 0.00 4.00 11.00 10.00 3.00 12.00 2.00 0.00 0.00 0.00 0.00 0.00
348.00 19.00 19.00 41.00 83.00 22.00 42.00 0.09 0.65 0.00 1.00 0.00 9.00 13.00 10.00 6.00 15.00 4.00 0.00 0.00 0.00 0.00 0.00
349.00 13.00 12.00 30.00 61.00 18.00 31.00 0.09 0.54 0.00 2.00 0.00 5.00 7.00 8.00 6.00 12.00 1.00 0.00 0.00 0.00 0.00 0.00
350.00 16.00 15.00 40.00 77.00 25.00 37.00 0.09 0.71 0.00 1.00 0.00 4.00 10.00 12.00 6.00 15.00 1.00 0.00 0.00 0.00 0.00 0.00
351.00 19.00 22.00 49.00 95.00 27.00 46.00 0.09 0.53 0.00 1.00 0.00 7.00 8.00 12.00 11.00 13.00 6.00 0.00 0.00 0.00 0.00 0.00
352.00 18.00 21.00 48.00 85.00 27.00 37.00 0.09 0.54 0.00 1.00 0.00 3.00 8.00 15.00 10.00 13.00 5.00 0.00 0.00 0.00 0.00 0.00
353.00 18.00 20.00 46.00 86.00 26.00 40.00 0.10 0.65 0.00 1.00 0.00 5.00 8.00 13.00 10.00 11.00 7.00 0.00 0.00 0.00 0.00 0.00
354.00 17.00 22.00 44.00 87.00 22.00 43.00 0.08 0.42 0.00 1.00 0.00 7.00 11.00 10.00 6.00 15.00 2.00 0.00 0.00 0.00 0.00 0.00
355.00 13.00 12.00 29.00 62.00 17.00 33.00 0.08 0.48 0.00 1.00 0.00 5.00 8.00 8.00 5.00 10.00 3.00 0.00 0.00 0.00 0.00 0.00
356.00 13.00 14.00 31.00 59.00 17.00 28.00 0.08 0.53 0.00 1.00 0.00 7.00 9.00 6.00 4.00 10.00 3.00 0.00 0.00 0.00 0.00 0.00
357.00 12.00 12.00 32.00 60.00 20.00 28.00 0.08 0.39 0.00 1.00 0.00 2.00 2.00 10.00 10.00 5.00 7.00 0.00 0.00 0.00 0.00 0.00
358.00 12.00 7.00 27.00 54.00 20.00 27.00 0.07 0.71 0.00 1.00 0.00 5.00 10.00 7.00 2.00 10.00 2.00 0.00 0.00 0.00 0.00 0.00
359.00 11.00 5.00 23.00 50.00 18.00 27.00 0.07 0.50 0.00 1.00 0.00 3.00 4.00 8.00 7.00 9.00 2.00 0.00 0.00 0.00 0.00 0.00
360.00 11.00 5.00 24.00 53.00 19.00 29.00 0.08 0.71 0.00 1.00 0.00 5.00 9.00 6.00 2.00 10.00 1.00 0.00 0.00 0.00 0.00 0.00
361.00 15.00 9.00 31.00 70.00 22.00 39.00 0.09 0.97 0.00 1.00 0.00 6.00 10.00 9.00 5.00 13.00 2.00 0.00 0.00 0.00 0.00 0.00
362.00 9.00 6.00 18.00 41.00 12.00 23.00 0.09 0.30 0.00 1.00 0.00 1.00 6.00 8.00 3.00 6.00 3.00 0.00 0.00 0.00 0.00 0.00
363.00 19.00 17.00 40.00 85.00 23.00 45.00 0.08 1.00 0.00 1.00 0.00 4.00 11.00 15.00 8.00 16.00 3.00 0.00 0.00 0.00 0.00 0.00
364.00 14.00 12.00 34.00 67.00 22.00 33.00 0.07 0.55 0.00 0.00 0.00 5.00 8.00 9.00 6.00 13.00 1.00 0.00 0.00 0.00 0.00 0.00
365.00 13.00 12.00 31.00 60.00 19.00 29.00 0.07 0.51 0.00 0.00 0.00 3.00 7.00 10.00 6.00 11.00 2.00 0.00 0.00 0.00 0.00 0.00
366.00 15.00 16.00 37.00 71.00 21.00 34.00 0.07 0.70 0.00 1.00 0.00 2.00 5.00 13.00 10.00 8.00 7.00 1.00 0.00 0.00 1.00 0.00
367.00 5.00 0.00 6.00 22.00 6.00 16.00 0.07 0.41 0.00 0.00 0.00 2.00 4.00 3.00 1.00 4.00 1.00 0.00 0.00 0.00 0.00 0.00
368.00 16.00 18.00 45.00 78.00 27.00 33.00 0.10 0.72 0.00 1.00 0.00 3.00 9.00 13.00 7.00 13.00 3.00 0.00 0.00 0.00 0.00 0.00
369.00 11.00 6.00 23.00 54.00 17.00 31.00 0.09 0.53 0.00 0.00 0.00 4.00 6.00 7.00 5.00 6.00 5.00 0.00 0.00 1.00 0.00 0.00
370.00 12.00 6.00 27.00 60.00 21.00 33.00 0.09 0.88 0.00 0.00 0.00 1.00 3.00 11.00 9.00 5.00 7.00 0.00 0.00 0.00 0.00 0.00
371.00 14.00 14.00 33.00 68.00 19.00 35.00 0.09 0.79 0.00 0.00 0.00 4.00 7.00 10.00 7.00 9.00 5.00 0.00 0.00 1.00 1.00 0.00
372.00 10.00 6.00 21.00 46.00 15.00 25.00 0.08 0.53 0.00 0.00 0.00 2.00 4.00 8.00 6.00 7.00 3.00 0.00 0.00 0.00 0.00 0.00
373.00 15.00 13.00 31.00 71.00 18.00 40.00 0.09 0.80 0.00 0.00 0.00 5.00 9.00 10.00 6.00 11.00 4.00 0.00 0.00 0.00 0.00 0.00
374.00 5.00 1.00 6.00 20.00 5.00 14.00 0.08 0.14 0.00 0.00 0.00 1.00 4.00 4.00 1.00 5.00 0.00 0.00 0.00 0.00 0.00 0.00
375.00 7.00 1.00 7.00 27.00 6.00 20.00 0.09 0.42 0.00 0.00 0.00 5.00 5.00 2.00 2.00 6.00 1.00 0.00 0.00 0.00 0.00 0.00
376.00 15.00 10.00 37.00 75.00 27.00 38.00 0.08 0.92 0.00 0.00 0.00 2.00 9.00 13.00 6.00 13.00 2.00 0.00 0.00 0.00 0.00 0.00
377.00 11.00 6.00 20.00 47.00 14.00 27.00 0.10 0.62 0.00 0.00 0.00 5.00 8.00 6.00 3.00 11.00 0.00 0.00 0.00 0.00 0.00 0.00
378.00 5.00 0.00 4.00 18.00 4.00 14.00 0.09 0.23 0.00 0.00 0.00 3.00 4.00 2.00 1.00 5.00 0.00 0.00 0.00 0.00 0.00 0.00
379.00 4.00 1.00 4.00 13.00 3.00 9.00 0.08 0.17 0.00 0.00 0.00 3.00 3.00 1.00 1.00 4.00 0.00 0.00 0.00 0.00 0.00 0.00
380.00 9.00 6.00 17.00 40.00 11.00 23.00 0.08 0.42 0.00 1.00 0.00 3.00 6.00 6.00 3.00 6.00 3.00 0.00 0.00 0.00 0.00 0.00
381.00 8.00 3.00 9.00 32.00 6.00 23.00 0.09 0.42 0.00 0.00 0.00 3.00 4.00 5.00 4.00 7.00 1.00 0.00 0.00 0.00 0.00 0.00
382.00 3.00 0.00 0.00 5.00 0.00 5.00 0.09 0.32 0.00 0.00 0.00 2.00 3.00 1.00 0.00 3.00 0.00 0.00 0.00 0.00 0.00 0.00
383.00 3.00 0.00 2.00 11.00 2.00 9.00 0.09 0.14 0.00 0.00 0.00 2.00 3.00 1.00 0.00 3.00 0.00 0.00 0.00 0.00 0.00 0.00
384.00 6.00 0.00 8.00 27.00 8.00 19.00 0.09 0.35 0.00 0.00 0.00 2.00 4.00 4.00 2.00 6.00 0.00 0.00 0.00 0.00 0.00 0.00
385.00 4.00 1.00 5.00 16.00 4.00 11.00 0.07 0.13 0.00 0.00 0.00 3.00 3.00 1.00 1.00 4.00 0.00 0.00 0.00 0.00 0.00 0.00
386.00 6.00 1.00 7.00 26.00 6.00 19.00 0.09 0.22 0.00 0.00 0.00 3.00 5.00 3.00 1.00 6.00 0.00 0.00 0.00 0.00 0.00 0.00
387.00 4.00 0.00 4.00 16.00 4.00 12.00 0.08 0.16 0.00 0.00 0.00 3.00 3.00 1.00 1.00 4.00 0.00 0.00 0.00 0.00 0.00 0.00
388.00 3.00 0.00 2.00 11.00 2.00 9.00 0.08 0.11 0.00 0.00 0.00 2.00 3.00 1.00 0.00 3.00 0.00 0.00 0.00 0.00 0.00 0.00
389.00 2.00 0.00 0.00 3.00 0.00 3.00 0.07 5.16 0.00 0.00 0.00 2.00 2.00 0.00 0.00 2.00 0.00 0.00 0.00 0.00 0.00 0.00
