0.00 2.00 0.00 0.00 1.00 0.00 1.00 0.10 0.07 0.00 0.00 0.00 2.00 2.00 0.00 0.00 2.00 0.00 0.00 0.00 0.00 0.00 0.00
1.00 3.00 0.00 0.00 2.00 0.00 2.00 0.09 0.45 0.00 0.00 0.00 2.00 3.00 1.00 0.00 3.00 0.00 0.00 0.00 0.00 0.00 0.00
2.00 3.00 0.00 2.00 11.00 2.00 9.00 0.08 0.18 0.00 0.00 0.00 2.00 3.00 1.00 0.00 3.00 0.00 0.00 0.00 0.00 0.00 0.00
3.00 9.00 5.00 16.00 37.00 11.00 21.00 0.09 0.36 0.00 0.00 0.00 2.00 4.00 7.00 5.00 6.00 3.00 0.00 0.00 0.00 0.00 0.00
4.00 6.00 0.00 5.00 26.00 5.00 21.00 0.07 0.28 0.00 0.00 0.00 2.00 4.00 4.00 2.00 6.00 0.00 0.00 0.00 0.00 0.00 0.00
5.00 3.00 0.00 2.00 11.00 2.00 9.00 0.08 0.16 0.00 0.00 0.00 2.00 3.00 1.00 0.00 3.00 0.00 0.00 0.00 0.00 0.00 0.00
6.00 9.00 3.00 10.00 25.00 7.00 15.00 0.08 0.42 0.00 0.00 0.00 5.00 7.00 4.00 2.00 8.00 1.00 0.00 0.00 0.00 0.00 0.00
7.00 6.00 2.00 7.00 22.00 5.00 15.00 0.09 0.36 0.00 0.00 0.00 2.00 5.00 4.00 1.00 5.00 1.00 0.00 0.00 0.00 0.00 0.00
8.00 5.00 1.00 5.00 15.00 4.00 10.00 0.08 0.57 0.00 0.00 0.00 3.00 4.00 2.00 1.00 5.00 0.00 0.00 0.00 0.00 0.00 0.00
9.00 10.00 2.00 16.00 36.00 14.00 20.00 0.08 0.39 0.00 0.00 0.00 6.00 7.00 4.00 3.00 9.00 1.00 0.00 0.00 0.00 0.00 0.00
10.00 8.00 1.00 12.00 29.00 11.00 17.00 0.10 0.52 0.00 0.00 0.00 4.00 6.00 4.00 2.00 7.00 1.00 0.00 0.00 0.00 0.00 0.00
11.00 6.00 1.00 7.00 27.00 6.00 20.00 0.09 0.28 0.00 0.00 0.00 2.00 4.00 4.00 2.00 6.00 0.00 0.00 0.00 0.00 0.00 0.00
12.00 8.00 1.00 11.00 40.00 10.00 29.00 0.08 0.21 0.00 0.00 0.00 4.00 6.00 4.00 2.00 8.00 0.00 0.00 0.00 0.00 0.00 0.00
13.00 3.00 0.00 1.00 7.00 1.00 6.00 0.09 0.14 0.00 0.00 0.00 2.00 3.00 1.00 0.00 3.00 0.00 0.00 0.00 0.00 0.00 0.00
14.00 13.00 8.00 30.00 63.00 22.00 33.00 0.08 0.31 0.00 1.00 0.00 4.00 9.00 9.00 4.00 13.00 0.00 0.00 0.00 0.00 0.00 0.00
15.00 14.00 13.00 35.00 63.00 22.00 28.00 0.08 0.34 0.00 1.00 0.00 3.00 10.00 11.00 4.00 10.00 4.00 0.00 0.00 0.00 0.00 0.00
16.00 9.00 3.00 17.00 43.00 14.00 26.00 0.07 0.49 0.00 1.00 0.00 3.00 4.00 6.00 5.00 4.00 5.00 0.00 0.00 0.00 0.00 0.00
17.00 8.00 3.00 13.00 34.00 10.00 21.00 0.09 0.23 0.00 1.00 0.00 3.00 7.00 5.00 1.00 8.00 0.00 0.00 0.00 0.00 0.00 0.00
18.00 4.00 1.00 4.00 16.00 3.00 12.00 0.08 0.13 0.00 1.00 0.00 2.00 4.00 2.00 0.00 4.00 0.00 0.00 0.00 0.00 0.00 0.00
19.00 8.00 6.00 16.00 35.00 10.00 19.00 0.08 0.32 0.00 1.00 0.00 4.00 5.00 4.00 3.00 7.00 1.00 0.00 0.00 0.00 0.00 0.00
20.00 16.00 14.00 38.00 77.00 24.00 39.00 0.08 0.45 0.00 1.00 0.00 6.00 10.00 10.00 6.00 11.00 5.00 0.00 0.00 0.00 0.00 0.00
21.00 13.00 11.00 30.00 56.00 19.00 26.00 0.08 0.62 0.00 0.00 0.00 4.00 9.00 9.00 4.00 11.00 2.00 0.00 0.00 0.00 0.00 0.00
22.00 14.00 12.00 33.00 68.00 21.00 35.00 0.09 0.52 0.00 2.00 0.00 4.00 9.00 10.00 5.00 9.00 5.00 0.00 0.00 0.00 0.00 0.00
23.00 19.00 16.00 50.00 92.00 34.00 42.00 0.07 0.63 0.00 1.00 0.00 5.00 12.00 14.00 7.00 13.00 6.00 0.00 0.00 0.00 0.00 0.00
24.00 17.00 16.00 43.00 75.00 27.00 32.00 0.09 0.64 0.00 1.00 0.00 5.00 9.00 12.00 8.00 13.00 4.00 0.00 0.00 0.00 0.00 0.00
25.00 15.00 13.00 33.00 76.00 20.00 43.00 0.09 0.66 0.00 1.00 0.00 5.00 7.00 10.00 8.00 8.00 7.00 0.00 0.00 0.00 0.00 0.00
26.00 16.00 14.00 41.00 82.00 27.00 41.00 0.09 0.52 0.00 1.00 0.00 6.00 9.00 10.00 7.00 10.00 6.00 0.00 0.00 0.00 0.00 0.00
27.00 19.00 15.00 51.00 91.00 36.00 40.00 0.09 0.55 0.00 0.00 0.00 3.00 9.00 16.00 10.00 14.00 5.00 0.00 0.00 0.00 0.00 0.00
28.00 18.00 18.00 49.00 87.00 31.00 38.00 0.07 0.63 0.00 1.00 0.00 5.00 10.00 13.00 8.00 13.00 5.00 0.00 0.00 0.00 0.00 0.00
29.00 18.00 23.00 50.00 93.00 27.00 43.00 0.09 0.49 0.00 0.00 0.00 4.00 6.00 14.00 12.00 8.00 10.00 0.00 0.00 0.00 0.00 0.00
30.00 15.00 17.00 37.00 69.00 20.00 32.00 0.07 0.57 0.00 1.00 0.00 3.00 7.00 12.00 8.00 10.00 5.00 0.00 0.00 0.00 0.00 0.00
31.00 16.00 14.00 40.00 81.00 26.00 41.00 0.09 0.69 0.00 1.00 0.00 5.00 8.00 11.00 8.00 12.00 4.00 0.00 0.00 0.00 0.00 0.00
32.00 18.00 16.00 45.00 89.00 29.00 44.00 0.08 0.56 0.00 1.00 0.00 4.00 9.00 14.00 9.00 14.00 4.00 0.00 0.00 1.00 0.00 0.00
33.00 20.00 17.00 45.00 93.00 28.00 48.00 0.09 0.80 0.00 1.00 0.00 5.00 10.00 15.00 10.00 13.00 7.00 0.00 0.00 0.00 0.00 0.00
34.00 18.00 16.00 42.00 88.00 26.00 46.00 0.08 0.63 0.00 1.00 0.00 6.00 11.00 12.00 7.00 14.00 4.00 0.00 0.00 1.00 0.00 0.00
35.00 17.00 18.00 44.00 82.00 26.00 38.00 0.09 0.60 0.00 1.00 0.00 6.00 9.00 11.00 8.00 13.00 4.00 0.00 0.00 0.00 0.00 0.00
36.00 22.00 32.00 59.00 101.00 27.00 42.00 0.09 0.79 0.00 1.00 0.00 5.00 14.00 17.00 8.00 16.00 6.00 0.00 0.00 0.00 0.00 0.00
37.00 27.00 37.00 73.00 129.00 36.00 56.00 0.08 0.89 0.00 2.00 0.00 7.00 15.00 20.00 12.00 20.00 7.00 0.00 0.00 1.00 0.00 0.00
38.00 15.00 11.00 34.00 72.00 23.00 38.00 0.09 0.59 0.00 2.00 0.00 7.00 7.00 8.00 8.00 9.00 6.00 0.00 0.00 0.00 1.00 0.00
39.00 24.00 31.00 70.00 116.00 39.00 46.00 0.09 0.80 0.00 2.00 0.00 5.00 10.00 19.00 14.00 17.00 7.00 0.00 0.00 0.00 0.00 0.00
40.00 30.00 44.00 82.00 149.00 38.00 67.00 0.09 0.75 0.00 2.00 0.00 8.00 16.00 22.00 14.00 19.00 11.00 0.00 0.00 1.00 1.00 0.00
41.00 14.00 4.00 32.00 69.00 28.00 37.00 0.09 0.50 0.00 2.00 0.00 3.00 7.00 11.00 7.00 10.00 4.00 0.00 0.00 1.00 0.00 0.00
42.00 22.00 25.00 61.00 113.00 36.00 52.00 0.09 0.75 0.00 1.00 0.00 7.00 13.00 15.00 9.00 17.00 5.00 0.00 0.00 0.00 1.00 0.00
43.00 19.00 18.00 48.00 94.00 30.00 46.00 0.08 0.61 0.00 2.00 0.00 3.00 8.00 16.00 11.00 14.00 5.00 0.00 0.00 0.00 0.00 0.00
44.00 20.00 14.00 49.00 97.00 35.00 48.00 0.08 0.59 0.00 2.00 0.00 6.00 10.00 14.00 10.00 12.00 8.00 0.00 0.00 0.00 0.00 0.00
45.00 24.00 22.00 53.00 113.00 31.00 60.00 0.10 0.86 0.00 1.00 0.00 10.00 15.00 14.00 9.00 17.00 7.00 0.00 0.00 0.00 0.00 0.00
46.00 24.00 29.00 63.00 117.00 34.00 54.00 0.09 0.73 1.00 2.00 0.50 6.00 12.00 18.00 12.00 17.00 7.00 0.00 0.00 0.00 0.00 0.00
47.00 27.00 19.00 61.00 125.00 42.00 64.00 0.10 1.12 0.00 1.00 0.00 11.00 13.00 16.00 14.00 17.00 10.00 0.00 0.00 0.00 0.00 0.00
48.00 29.00 36.00 83.00 143.00 47.00 60.00 0.08 0.80 0.00 2.00 0.00 7.00 10.00 22.00 19.00 13.00 16.00 0.00 0.00 0.00 1.00 0.00
49.00 22.00 29.00 63.00 109.00 34.00 46.00 0.08 0.68 0.00 2.00 0.00 6.00 10.00 16.00 12.00 13.00 9.00 0.00 0.00 0.00 0.00 0.00
50.00 24.00 21.00 56.00 120.00 35.00 64.00 0.09 0.81 0.00 3.00 0.00 8.00 12.00 16.00 12.00 17.00 7.00 0.00 0.00 1.00 0.00 0.00
51.00 30.00 39.00 76.00 141.00 37.00 65.00 0.08 0.62 0.00 3.00 0.00 8.00 17.00 22.00 13.00 22.00 8.00 0.00 0.00 0.00 0.00 0.00
52.00 27.00 21.00 65.00 128.00 44.00 63.00 0.08 0.94 1.00 3.00 0.33 7.00 9.00 20.00 18.00 20.00 7.00 0.00 0.00 0.00 0.00 0.00
53.00 32.00 41.00 93.00 158.00 52.00 65.00 0.09 0.88 1.00 3.00 0.33 7.00 14.00 25.00 18.00 20.00 12.00 0.00 0.00 0.00 0.00 0.00
54.00 28.00 32.00 76.00 136.00 44.00 60.00 0.07 0.78 1.00 2.00 0.50 7.00 17.00 21.00 11.00 19.00 9.00 0.00 0.00 0.00 0.00 0.00
55.00 31.00 41.00 89.00 153.00 48.00 64.00 0.09 0.77 1.00 3.00 0.33 4.00 12.00 27.00 19.00 16.00 15.00 0.00 0.00 0.00 0.00 0.00
56.00 30.00 43.00 87.00 158.00 44.00 71.00 0.08 0.86 1.00 3.00 0.33 8.00 10.00 22.00 20.00 18.00 12.00 0.00 0.00 1.00 0.00 0.00
57.00 30.00 42.00 88.00 153.00 46.00 65.00 0.10 0.73 2.00 2.00 1.00 5.00 15.00 25.00 15.00 18.00 12.00 0.00 0.00 0.00 0.00 0.00
58.00 31.00 28.00 84.00 155.00 56.00 71.00 0.08 0.80 1.00 3.00 0.33 10.00 15.00 21.00 16.00 20.00 11.00 0.00 0.00 0.00 0.00 0.00
59.00 30.00 42.00 92.00 156.00 50.00 64.00 0.08 0.75 1.00 3.00 0.33 4.00 9.00 26.00 21.00 14.00 16.00 0.00 0.00 2.00 0.00 0.00
60.00 33.00 52.00 103.00 169.00 51.00 66.00 0.08 0.89 1.00 3.00 0.33 9.00 13.00 24.00 20.00 18.00 15.00 0.00 0.00 1.00 0.00 0.00
61.00 33.00 49.00 93.00 164.00 44.00 71.00 0.08 0.99 1.00 4.00 0.25 6.00 14.00 27.00 19.00 15.00 18.00 0.00 0.00 0.00 0.00 0.00
62.00 31.00 41.00 94.00 155.00 53.00 61.00 0.07 0.82 0.00 4.00 0.00 7.00 11.00 24.00 20.00 19.00 12.00 0.00 0.00 0.00 0.00 0.00
63.00 31.00 52.00 96.00 159.00 44.00 63.00 0.07 0.75 0.00 3.00 0.00 3.00 10.00 28.00 21.00 15.00 16.00 0.00 0.00 0.00 0.00 0.00
64.00 36.00 45.00 102.00 176.00 57.00 74.00 0.09 0.92 0.00 3.00 0.00 10.00 20.00 26.00 16.00 25.00 11.00 0.00 0.00 0.00 0.00 0.00
65.00 28.00 27.00 79.00 136.00 52.00 57.00 0.08 0.81 0.00 5.00 0.00 11.00 18.00 17.00 10.00 20.00 8.00 0.00 0.00 0.00 0.00 0.00
66.00 30.00 49.00 88.00 147.00 39.00 59.00 0.08 0.77 0.00 4.00 0.00 7.00 12.00 23.00 18.00 17.00 13.00 0.00 0.00 0.00 0.00 0.00
67.00 29.00 38.00 81.00 152.00 43.00 71.00 0.09 1.06 0.00 2.00 0.00 9.00 13.00 20.00 16.00 14.00 15.00 0.00 0.00 0.00 0.00 0.00
68.00 35.00 38.00 99.00 171.00 61.00 72.00 0.08 0.95 0.00 4.00 0.00 9.00 20.00 26.00 15.00 25.00 10.00 1.00 0.00 0.00 0.00 0.00
69.00 34.00 33.00 90.00 156.00 57.00 66.00 0.08 0.86 0.00 3.00 0.00 9.00 21.00 25.00 13.00 24.00 10.00 0.00 0.00 1.00 0.00 0.00
70.00 26.00 19.00 70.00 130.00 51.00 60.00 0.09 0.88 0.00 3.00 0.00 5.00 11.00 21.00 15.00 14.00 12.00 0.00 0.00 1.00 0.00 0.00
71.00 27.00 37.00 77.00 133.00 40.00 56.00 0.09 0.75 0.00 3.00 0.00 9.00 10.00 18.00 17.00 16.00 11.00 0.00 0.00 1.00 0.00 0.00
72.00 28.00 25.00 66.00 135.00 41.00 69.00 0.07 0.87 0.00 3.00 0.00 7.00 14.00 21.00 14.00 21.00 7.00 0.00 0.00 0.00 0.00 0.00
73.00 30.00 34.00 76.00 141.00 42.00 65.00 0.08 0.85 0.00 4.00 0.00 7.00 15.00 23.00 15.00 21.00 9.00 1.00 0.00 0.00 0.00 0.00
74.00 28.00 42.00 90.00 143.00 48.00 53.00 0.10 0.93 0.00 4.00 0.00 4.00 14.00 24.00 14.00 18.00 10.00 0.00 0.00 0.00 0.00 0.00
75.00 34.00 55.00 108.00 166.00 53.00 58.00 0.08 1.08 0.00 4.00 0.00 7.00 14.00 27.00 20.00 20.00 14.00 0.00 0.00 0.00 0.00 0.00
76.00 30.00 32.00 83.00 148.00 51.00 65.00 0.07 1.11 0.00 5.00 0.00 9.00 14.00 21.00 16.00 20.00 10.00 0.00 0.00 0.00 0.00 0.00
77.00 39.00 51.00 105.00 188.00 54.00 83.00 0.08 1.02 0.00 4.00 0.00 7.00 18.00 32.00 21.00 28.00 11.00 0.00 0.00 0.00 0.00 0.00
78.00 45.00 52.00 127.00 230.00 75.00 103.00 0.09 1.16 0.00 4.00 0.00 10.00 23.00 35.00 22.00 30.00 15.00 0.00 0.00 1.00 0.00 0.00
79.00 41.00 51.00 117.00 210.00 66.00 93.00 0.08 1.04 0.00 5.00 0.00 11.00 19.00 30.00 22.00 26.00 15.00 0.00 0.00 0.00 0.00 0.00
80.00 28.00 22.00 66.00 134.00 44.00 68.00 0.09 0.78 0.00 2.00 0.00 12.00 18.00 16.00 10.00 21.00 7.00 0.00 0.00 0.00 0.00 0.00
81.00 35.00 50.00 103.00 183.00 53.00 80.00 0.08 0.97 0.00 3.00 0.00 5.00 16.00 30.00 19.00 22.00 13.00 0.00 0.00 0.00 0.00 0.00
82.00 34.00 45.00 97.00 165.00 52.00 68.00 0.09 1.09 0.00 3.00 0.00 7.00 19.00 27.00 15.00 23.00 11.00 0.00 0.00 0.00 0.00 0.00
83.00 30.00 34.00 80.00 148.00 46.00 68.00 0.09 1.28 0.00 3.00 0.00 9.00 15.00 21.00 15.00 18.00 12.00 0.00 0.00 1.00 0.00 0.00
84.00 27.00 29.00 81.00 138.00 52.00 57.00 0.09 1.01 0.00 3.00 0.00 3.00 11.00 24.00 16.00 15.00 12.00 0.00 0.00 0.00 0.00 0.00
85.00 26.00 29.00 79.00 137.00 50.00 58.00 0.08 0.88 0.00 2.00 0.00 5.00 7.00 21.00 19.00 13.00 13.00 0.00 0.00 2.00 0.00 0.00
86.00 27.00 23.00 80.00 139.00 57.00 59.00 0.09 1.22 0.00 2.00 0.00 6.00 12.00 21.00 15.00 18.00 9.00 0.00 0.00 0.00 0.00 0.00
87.00 28.00 38.00 76.00 133.00 38.00 57.00 0.08 0.86 1.00 1.00 1.00 7.00 11.00 21.00 17.00 17.00 11.00 0.00 0.00 1.00 0.00 0.00
88.00 34.00 36.00 91.00 171.00 55.00 80.00 0.09 1.35 0.00 1.00 0.00 9.00 17.00 25.00 17.00 21.00 13.00 0.00 0.00 1.00 0.00 0.00
89.00 23.00 23.00 63.00 122.00 40.00 59.00 0.09 1.03 1.00 1.00 1.00 9.00 12.00 14.00 11.00 13.00 10.00 0.00 0.00 1.00 0.00 0.00
90.00 26.00 30.00 67.00 125.00 37.00 58.00 0.10 1.05 0.00 0.00 0.00 9.00 15.00 17.00 11.00 20.00 6.00 0.00 0.00 0.00 0.00 0.00
91.00 20.00 22.00 54.00 102.00 32.00 48.00 0.09 0.80 0.00 1.00 0.00 7.00 10.00 13.00 10.00 14.00 6.00 0.00 0.00 0.00 0.00 0.00
92.00 23.00 25.00 58.00 109.00 33.00 51.00 0.09 0.92 0.00 1.00 0.00 7.00 13.00 16.00 10.00 16.00 7.00 0.00 0.00 0.00 0.00 0.00
93.00 16.00 12.00 35.00 78.00 23.00 43.00 0.09 0.58 0.00 1.00 0.00 4.00 6.00 12.00 10.00 10.00 6.00 0.00 0.00 0.00 0.00 0.00
94.00 17.00 17.00 42.00 88.00 25.00 46.00 0.09 0.70 0.00 1.00 0.00 2.00 8.00 15.00 9.00 10.00 7.00 0.00 0.00 0.00 0.00 0.00
95.00 23.00 31.00 67.00 116.00 36.00 49.00 0.09 0.85 0.00 1.00 0.00 4.00 13.00 19.00 10.00 16.00 7.00 0.00 0.00 1.00 1.00 0.00
96.00 23.00 27.00 55.00 111.00 28.00 56.00 0.09 0.65 0.00 1.00 0.00 8.00 12.00 15.00 11.00 17.00 6.00 0.00 0.00 1.00 0.00 0.00
97.00 25.00 18.00 61.00 124.00 43.00 63.00 0.08 0.85 0.00 2.00 0.00 6.00 14.00 19.00 11.00 20.00 5.00 0.00 0.00 1.00 0.00 0.00
98.00 27.00 29.00 75.00 132.00 46.00 57.00 0.10 0.77 0.00 1.00 0.00 7.00 15.00 20.00 12.00 19.00 8.00 0.00 0.00 0.00 0.00 0.00
99.00 29.00 25.00 62.00 134.00 37.00 72.00 0.10 1.17 0.00 1.00 0.00 6.00 20.00 23.00 9.00 22.00 7.00 0.00 0.00 0.00 0.00 0.00
100.00 22.00 25.00 57.00 106.00 32.00 49.00 0.08 0.67 0.00 3.00 0.00 4.00 11.00 18.00 11.00 14.00 8.00 0.00 0.00 0.00 0.00 0.00
101.00 26.00 31.00 65.00 120.00 34.00 55.00 0.09 0.55 1.00 3.00 0.33 7.00 14.00 19.00 12.00 22.00 4.00 0.00 0.00 0.00 0.00 0.00
102.00 23.00 28.00 59.00 112.00 31.00 53.00 0.09 0.76 0.00 0.00 0.00 6.00 14.00 17.00 9.00 18.00 5.00 0.00 0.00 0.00 0.00 0.00
103.00 26.00 28.00 66.00 132.00 38.00 66.00 0.10 0.72 1.00 2.00 0.50 9.00 12.00 17.00 14.00 14.00 12.00 0.00 0.00 0.00 0.00 0.00
104.00 22.00 18.00 54.00 102.00 36.00 48.00 0.09 0.78 0.00 1.00 0.00 7.00 12.00 15.00 10.00 16.00 6.00 0.00 0.00 0.00 0.00 0.00
105.00 24.00 30.00 65.00 122.00 35.00 57.00 0.09 0.89 0.00 2.00 0.00 5.00 11.00 19.00 13.00 14.00 10.00 0.00 0.00 0.00 0.00 0.00
106.00 9.00 5.00 17.00 42.00 12.00 25.00 0.09 0.30 0.00 1.00 0.00 2.00 6.00 7.00 3.00 7.00 2.00 0.00 0.00 0.00 0.00 0.00
107.00 20.00 23.00 50.00 98.00 27.00 48.00 0.09 0.62 0.00 2.00 0.00 6.00 9.00 14.00 11.00 12.00 8.00 0.00 0.00 0.00 0.00 0.00
108.00 17.00 16.00 39.00 80.00 23.00 41.00 0.09 0.64 0.00 3.00 0.00 5.00 10.00 12.00 7.00 14.00 3.00 0.00 0.00 0.00 0.00 0.00
109.00 14.00 8.00 32.00 74.00 24.00 42.00 0.07 0.72 0.00 2.00 0.00 2.00 5.00 12.00 9.00 9.00 5.00 0.00 0.00 0.00 0.00 0.00
110.00 12.00 12.00 28.00 56.00 16.00 28.00 0.09 0.53 0.00 1.00 0.00 5.00 6.00 7.00 6.00 8.00 4.00 0.00 0.00 0.00 0.00 0.00
111.00 14.00 16.00 38.00 67.00 22.00 29.00 0.07 0.52 0.00 0.00 0.00 5.00 6.00 9.00 8.00 7.00 7.00 0.00 0.00 1.00 0.00 0.00
112.00 24.00 31.00 66.00 110.00 35.00 44.00 0.09 0.98 0.00 2.00 0.00 8.00 13.00 16.00 11.00 18.00 6.00 0.00 0.00 0.00 0.00 0.00
113.00 20.00 23.00 53.00 99.00 30.00 46.00 0.08 0.80 0.00 2.00 0.00 3.00 10.00 17.00 10.00 16.00 4.00 0.00 0.00 0.00 0.00 0.00
114.00 21.00 21.00 54.00 101.00 33.00 47.00 0.08 0.89 0.00 1.00 0.00 5.00 9.00 16.00 12.00 14.00 7.00 0.00 0.00 1.00 0.00 0.00
115.00 14.00 14.00 38.00 71.00 24.00 33.00 0.08 0.56 0.00 2.00 0.00 3.00 6.00 11.00 8.00 8.00 6.00 0.00 0.00 0.00 0.00 0.00
116.00 11.00 5.00 19.00 51.00 14.00 32.00 0.08 0.62 0.00 1.00 0.00 3.00 8.00 8.00 3.00 8.00 3.00 0.00 0.00 1.00 0.00 0.00
117.00 22.00 22.00 53.00 98.00 31.00 45.00 0.07 1.13 0.00 3.00 0.00 5.00 10.00 17.00 12.00 14.00 8.00 0.00 0.00 0.00 0.00 0.00
118.00 16.00 8.00 33.00 71.00 25.00 38.00 0.07 0.72 0.00 1.00 0.00 5.00 9.00 11.00 7.00 12.00 4.00 0.00 0.00 0.00 0.00 0.00
119.00 11.00 4.00 20.00 52.00 16.00 32.00 0.08 0.56 0.00 1.00 0.00 4.00 8.00 7.00 3.00 10.00 1.00 0.00 0.00 0.00 0.00 0.00
120.00 12.00 4.00 18.00 54.00 14.00 36.00 0.08 0.71 0.00 0.00 0.00 4.00 7.00 8.00 5.00 11.00 1.00 0.00 0.00 0.00 0.00 0.00
121.00 11.00 9.00 26.00 51.00 17.00 25.00 0.08 0.42 0.00 1.00 0.00 1.00 4.00 10.00 7.00 6.00 5.00 0.00 0.00 0.00 0.00 0.00
122.00 20.00 27.00 53.00 96.00 26.00 43.00 0.09 0.79 0.00 1.00 0.00 4.00 13.00 16.00 7.00 15.00 5.00 0.00 0.00 0.00 0.00 0.00
123.00 17.00 18.00 42.00 81.00 24.00 39.00 0.08 0.53 0.00 1.00 0.00 7.00 10.00 10.00 7.00 14.00 3.00 0.00 0.00 0.00 0.00 0.00
124.00 17.00 13.00 41.00 85.00 28.00 44.00 0.09 0.76 0.00 1.00 0.00 5.00 7.00 12.00 10.00 14.00 3.00 0.00 0.00 0.00 0.00 0.00
125.00 20.00 29.00 56.00 92.00 27.00 36.00 0.08 0.74 0.00 1.00 0.00 4.00 11.00 16.00 9.00 16.00 4.00 0.00 0.00 0.00 0.00 0.00
126.00 12.00 9.00 27.00 56.00 18.00 29.00 0.07 0.86 0.00 1.00 0.00 2.00 4.00 10.00 8.00 6.00 6.00 0.00 0.00 0.00 0.00 0.00
127.00 20.00 16.00 48.00 96.00 32.00 48.00 0.07 1.06 0.00 0.00 0.00 6.00 10.00 14.00 10.00 14.00 6.00 0.00 0.00 1.00 0.00 0.00
128.00 12.00 10.00 31.00 56.00 21.00 25.00 0.08 0.44 0.00 1.00 0.00 5.00 6.00 7.00 6.00 9.00 3.00 0.00 0.00 0.00 0.00 0.00
129.00 7.00 3.00 10.00 34.00 7.00 24.00 0.07 0.22 0.00 0.00 0.00 2.00 6.00 5.00 1.00 6.00 1.00 0.00 0.00 0.00 0.00 0.00
130.00 17.00 18.00 41.00 81.00 23.00 40.00 0.08 0.79 0.00 0.00 0.00 4.00 9.00 13.00 8.00 10.00 7.00 0.00 0.00 1.00 1.00 0.00
131.00 17.00 16.00 40.00 82.00 24.00 42.00 0.08 0.77 0.00 1.00 0.00 3.00 11.00 14.00 6.00 12.00 5.00 0.00 0.00 1.00 0.00 0.00
132.00 16.00 17.00 38.00 76.00 21.00 38.00 0.07 0.75 0.00 1.00 0.00 4.00 7.00 12.00 9.00 10.00 6.00 0.00 0.00 0.00 0.00 0.00
133.00 17.00 20.00 44.00 81.00 24.00 37.00 0.08 0.72 0.00 1.00 0.00 5.00 10.00 12.00 7.00 14.00 3.00 0.00 0.00 0.00 0.00 0.00
134.00 15.00 16.00 41.00 73.00 25.00 32.00 0.08 0.50 0.00 1.00 0.00 4.00 8.00 11.00 7.00 13.00 2.00 0.00 0.00 0.00 0.00 0.00
135.00 15.00 10.00 34.00 70.00 24.00 36.00 0.09 0.67 0.00 1.00 0.00 2.00 8.00 13.00 7.00 10.00 5.00 0.00 0.00 0.00 0.00 0.00
136.00 17.00 12.00 35.00 76.00 23.00 41.00 0.09 0.57 0.00 0.00 0.00 5.00 8.00 12.00 9.00 12.00 5.00 0.00 0.00 0.00 0.00 0.00
137.00 12.00 11.00 28.00 59.00 17.00 31.00 0.08 0.44 0.00 0.00 0.00 1.00 6.00 11.00 6.00 7.00 5.00 0.00 0.00 0.00 0.00 0.00
138.00 13.00 8.00 24.00 53.00 16.00 29.00 0.09 0.69 0.00 1.00 0.00 3.00 7.00 10.00 6.00 8.00 5.00 0.00 0.00 0.00 0.00 0.00
139.00 12.00 5.00 22.00 51.00 17.00 29.00 0.10 0.83 0.00 1.00 0.00 5.00 7.00 7.00 5.00 9.00 3.00 0.00 0.00 0.00 0.00 0.00
140.00 15.00 10.00 39.00 77.00 29.00 38.00 0.09 0.63 0.00 1.00 0.00 5.00 7.00 10.00 8.00 10.00 5.00 0.00 0.00 0.00 0.00 0.00
141.00 14.00 8.00 29.00 67.00 21.00 38.00 0.08 0.70 0.00 1.00 0.00 4.00 12.00 10.00 2.00 12.00 2.00 0.00 0.00 0.00 0.00 0.00
142.00 19.00 10.00 30.00 74.00 20.00 44.00 0.09 0.77 0.00 1.00 0.00 4.00 11.00 15.00 8.00 11.00 8.00 0.00 0.00 0.00 0.00 0.00
143.00 9.00 7.00 20.00 44.00 13.00 24.00 0.09 0.35 0.00 1.00 0.00 4.00 5.00 5.00 4.00 7.00 2.00 0.00 0.00 0.00 0.00 0.00
144.00 20.00 22.00 49.00 95.00 27.00 46.00 0.09 0.68 0.00 1.00 0.00 5.00 8.00 15.00 12.00 12.00 8.00 0.00 0.00 0.00 0.00 0.00
145.00 15.00 14.00 39.00 75.00 25.00 36.00 0.08 0.68 0.00 1.00 0.00 3.00 7.00 12.00 8.00 11.00 4.00 0.00 0.00 0.00 0.00 0.00
146.00 12.00 9.00 27.00 59.00 18.00 32.00 0.07 0.49 0.00 2.00 0.00 3.00 7.00 9.00 5.00 11.00 1.00 0.00 0.00 0.00 0.00 0.00
147.00 14.00 19.00 36.00 67.00 17.00 31.00 0.08 0.47 0.00 1.00 0.00 4.00 8.00 10.00 6.00 12.00 2.00 0.00 0.00 0.00 0.00 0.00
148.00 12.00 13.00 31.00 55.00 18.00 24.00 0.09 0.34 0.00 1.00 0.00 4.00 7.00 8.00 5.00 9.00 3.00 0.00 0.00 0.00 0.00 0.00
149.00 15.00 19.00 42.00 74.00 23.00 32.00 0.09 0.46 0.00 0.00 0.00 4.00 10.00 11.00 5.00 13.00 2.00 0.00 0.00 0.00 0.00 0.00
150.00 13.00 11.00 29.00 60.00 18.00 31.00 0.06 0.67 0.00 1.00 0.00 4.00 8.00 9.00 5.00 9.00 4.00 0.00 0.00 0.00 0.00 0.00
151.00 12.00 7.00 28.00 59.00 21.00 31.00 0.09 0.52 0.00 1.00 0.00 1.00 6.00 11.00 6.00 7.00 5.00 0.00 0.00 0.00 0.00 0.00
152.00 16.00 18.00 40.00 80.00 22.00 40.00 0.09 0.53 0.00 1.00 0.00 1.00 5.00 15.00 11.00 9.00 7.00 0.00 0.00 0.00 0.00 0.00
153.00 14.00 9.00 28.00 62.00 19.00 34.00 0.07 0.64 0.00 1.00 0.00 6.00 10.00 8.00 4.00 11.00 3.00 0.00 0.00 0.00 0.00 0.00
154.00 14.00 13.00 30.00 68.00 17.00 38.00 0.09 0.50 0.00 1.00 0.00 5.00 7.00 9.00 7.00 10.00 4.00 0.00 0.00 0.00 0.00 0.00
155.00 9.00 1.00 12.00 38.00 11.00 26.00 0.08 0.70 0.00 1.00 0.00 2.00 5.00 7.00 4.00 8.00 1.00 0.00 0.00 0.00 0.00 0.00
156.00 14.00 11.00 31.00 62.00 20.00 31.00 0.08 0.50 0.00 0.00 0.00 8.00 10.00 6.00 4.00 11.00 3.00 0.00 0.00 0.00 0.00 0.00
157.00 10.00 7.00 21.00 47.00 14.00 26.00 0.08 0.30 0.00 1.00 0.00 7.00 7.00 3.00 3.00 9.00 1.00 0.00 0.00 0.00 0.00 0.00
158.00 12.00 10.00 33.00 62.00 23.00 29.00 0.09 0.38 0.00 1.00 0.00 3.00 8.00 9.00 4.00 8.00 4.00 0.00 0.00 0.00 0.00 0.00
159.00 16.00 14.00 41.00 79.00 27.00 38.00 0.10 0.53 0.00 1.00 0.00 6.00 8.00 10.00 8.00 12.00 4.00 0.00 0.00 0.00 0.00 0.00
160.00 14.00 18.00 39.00 69.00 21.00 30.00 0.08 0.44 0.00 1.00 0.00 1.00 5.00 13.00 9.00 6.00 8.00 0.00 0.00 0.00 0.00 0.00
161.00 11.00 9.00 25.00 52.00 16.00 27.00 0.08 0.42 0.00 1.00 0.00 2.00 4.00 9.00 7.00 6.00 5.00 0.00 0.00 0.00 0.00 0.00
162.00 18.00 17.00 42.00 88.00 25.00 46.00 0.09 0.64 0.00 1.00 0.00 5.00 9.00 13.00 9.00 11.00 7.00 0.00 0.00 0.00 0.00 0.00
163.00 18.00 21.00 49.00 90.00 28.00 41.00 0.08 0.72 0.00 1.00 0.00 4.00 7.00 14.00 11.00 10.00 8.00 0.00 0.00 0.00 1.00 0.00
164.00 19.00 23.00 49.00 87.00 26.00 38.00 0.07 0.61 0.00 1.00 0.00 5.00 8.00 14.00 11.00 12.00 7.00 0.00 0.00 0.00 0.00 0.00
165.00 16.00 17.00 38.00 80.00 21.00 42.00 0.07 0.46 0.00 1.00 0.00 6.00 9.00 10.00 7.00 13.00 3.00 0.00 0.00 0.00 0.00 0.00
166.00 16.00 21.00 42.00 79.00 21.00 37.00 0.09 0.59 0.00 1.00 0.00 4.00 7.00 12.00 9.00 11.00 5.00 0.00 0.00 0.00 0.00 0.00
167.00 14.00 18.00 38.00 64.00 20.00 26.00 0.08 0.48 0.00 0.00 0.00 4.00 8.00 10.00 6.00 9.00 5.00 0.00 0.00 0.00 0.00 0.00
168.00 17.00 18.00 43.00 85.00 25.00 42.00 0.09 0.58 0.00 1.00 0.00 4.00 10.00 13.00 7.00 14.00 3.00 0.00 0.00 0.00 0.00 0.00
169.00 19.00 18.00 50.00 93.00 32.00 43.00 0.09 0.64 0.00 1.00 0.00 4.00 13.00 15.00 6.00 15.00 4.00 0.00 0.00 0.00 0.00 0.00
170.00 17.00 24.00 43.00 83.00 19.00 40.00 0.09 0.59 0.00 2.00 0.00 1.00 7.00 16.00 10.00 11.00 6.00 0.00 0.00 0.00 0.00 0.00
171.00 15.00 16.00 35.00 69.00 19.00 34.00 0.07 0.64 0.00 1.00 0.00 6.00 10.00 9.00 5.00 12.00 3.00 0.00 0.00 0.00 0.00 0.00
172.00 15.00 10.00 34.00 77.00 24.00 43.00 0.07 0.67 0.00 1.00 0.00 6.00 10.00 9.00 5.00 12.00 3.00 0.00 0.00 0.00 0.00 0.00
173.00 16.00 11.00 36.00 76.00 25.00 40.00 0.08 0.59 0.00 1.00 0.00 6.00 7.00 10.00 9.00 9.00 7.00 0.00 0.00 0.00 0.00 0.00
174.00 17.00 14.00 44.00 83.00 30.00 39.00 0.08 0.57 0.00 1.00 0.00 4.00 8.00 13.00 9.00 13.00 4.00 0.00 0.00 0.00 0.00 0.00
175.00 17.00 14.00 40.00 79.00 26.00 39.00 0.09 0.60 0.00 1.00 0.00 7.00 8.00 10.00 9.00 11.00 6.00 0.00 0.00 0.00 0.00 0.00
176.00 11.00 4.00 21.00 49.00 17.00 28.00 0.07 0.39 0.00 1.00 0.00 4.00 6.00 7.00 5.00 7.00 4.00 0.00 0.00 0.00 0.00 0.00
177.00 12.00 8.00 25.00 56.00 17.00 31.00 0.09 0.65 0.00 1.00 0.00 3.00 6.00 9.00 6.00 7.00 5.00 0.00 0.00 0.00 0.00 0.00
178.00 9.00 5.00 19.00 43.00 14.00 24.00 0.09 0.28 0.00 1.00 0.00 2.00 4.00 7.00 5.00 4.00 5.00 0.00 0.00 0.00 0.00 0.00
179.00 6.00 2.00 8.00 27.00 6.00 19.00 0.08 0.29 0.00 1.00 0.00 2.00 5.00 4.00 1.00 5.00 1.00 0.00 0.00 0.00 0.00 0.00
180.00 10.00 6.00 19.00 43.00 13.00 24.00 0.09 0.33 0.00 0.00 0.00 4.00 8.00 6.00 2.00 9.00 1.00 0.00 0.00 0.00 0.00 0.00
181.00 5.00 0.00 2.00 15.00 2.00 13.00 0.09 0.44 0.00 0.00 0.00 1.00 4.00 4.00 1.00 5.00 0.00 0.00 0.00 0.00 0.00 0.00
182.00 5.00 0.00 4.00 17.00 4.00 13.00 0.09 0.52 0.00 0.00 0.00 3.00 4.00 2.00 1.00 5.00 0.00 0.00 0.00 0.00 0.00 0.00
183.00 3.00 0.00 0.00 2.00 0.00 2.00 0.08 0.42 0.00 0.00 0.00 2.00 3.00 1.00 0.00 3.00 0.00 0.00 0.00 0.00 0.00 0.00
184.00 6.00 2.00 8.00 22.00 6.00 14.00 0.08 0.29 0.00 0.00 0.00 4.00 5.00 2.00 1.00 5.00 1.00 0.00 0.00 0.00 0.00 0.00
185.00 6.00 1.00 8.00 25.00 7.00 17.00 0.09 0.32 0.00 0.00 0.00 1.00 4.00 5.00 2.00 5.00 1.00 0.00 0.00 0.00 0.00 0.00
186.00 7.00 4.00 10.00 31.00 6.00 21.00 0.10 0.27 0.00 0.00 0.00 1.00 5.00 6.00 2.00 6.00 1.00 0.00 0.00 0.00 0.00 0.00
187.00 4.00 0.00 0.00 7.00 0.00 7.00 0.07 0.45 0.00 0.00 0.00 3.00 3.00 1.00 1.00 4.00 0.00 0.00 0.00 0.00 0.00 0.00
188.00 4.00 0.00 0.00 9.00 0.00 9.00 0.08 4.84 0.00 0.00 0.00 3.00 3.00 1.00 1.00 4.00 0.00 0.00 0.00 0.00 0.00 0.00
189.00 10.00 3.00 12.00 37.00 9.00 25.00 0.11 0.49 0.00 0.00 0.00 5.00 6.00 5.00 4.00 9.00 1.00 0.00 0.00 0.00 0.00 0.00
190.00 3.00 0.00 2.00 12.00 2.00 10.00 0.10 0.17 0.00 0.00 0.00 2.00 3.00 1.00 0.00 3.00 0.00 0.00 0.00 0.00 0.00 0.00
191.00 4.00 0.00 2.00 11.00 2.00 9.00 0.07 0.17 0.00 0.00 0.00 3.00 3.00 1.00 1.00 4.00 0.00 0.00 0.00 0.00 0.00 0.00
192.00 3.00 0.00 0.00 4.00 0.00 4.00 0.08 0.16 0.00 0.00 0.00 2.00 3.00 1.00 0.00 3.00 0.00 0.00 0.00 0.00 0.00 0.00
193.00 2.00 0.00 0.00 1.00 0.00 1.00 0.09 0.25 0.00 0.00 0.00 2.00 2.00 0.00 0.00 2.00 0.00 0.00 0.00 0.00 0.00 0.00
