0.00 2.00 0.00 0.00 1.00 0.00 1.00 0.09 0.02 0.00 0.00 0.00 2.00 2.00 0.00 0.00 2.00 0.00 0.00 0.00 0.00 0.00 0.00
1.00 3.00 0.00 2.00 10.00 2.00 8.00 0.10 0.23 0.00 0.00 0.00 2.00 3.00 1.00 0.00 3.00 0.00 0.00 0.00 0.00 0.00 0.00
2.00 6.00 2.00 6.00 21.00 4.00 15.00 0.09 0.19 0.00 0.00 0.00 2.00 5.00 4.00 1.00 5.00 1.00 0.00 0.00 0.00 0.00 0.00
3.00 4.00 1.00 4.00 16.00 3.00 12.00 0.09 0.15 0.00 0.00 0.00 1.00 3.00 3.00 1.00 4.00 0.00 0.00 0.00 0.00 0.00 0.00
4.00 5.00 0.00 4.00 21.00 4.00 17.00 0.10 0.21 0.00 0.00 0.00 2.00 5.00 3.00 0.00 5.00 0.00 0.00 0.00 0.00 0.00 0.00
5.00 5.00 1.00 7.00 20.00 6.00 13.00 0.09 0.22 0.00 0.00 0.00 1.00 1.00 4.00 4.00 4.00 1.00 0.00 0.00 0.00 0.00 0.00
6.00 10.00 2.00 14.00 45.00 12.00 31.00 0.09 0.60 0.00 0.00 0.00 6.00 8.00 4.00 2.00 9.00 1.00 0.00 0.00 0.00 0.00 0.00
7.00 12.00 7.00 26.00 52.00 19.00 26.00 0.09 0.38 0.00 0.00 0.00 6.00 7.00 6.00 5.00 10.00 2.00 0.00 0.00 0.00 0.00 0.00
8.00 5.00 0.00 3.00 19.00 3.00 16.00 0.09 0.17 0.00 0.00 0.00 2.00 5.00 3.00 0.00 5.00 0.00 0.00 0.00 0.00 0.00 0.00
9.00 8.00 2.00 15.00 38.00 13.00 23.00 0.09 0.37 0.00 0.00 0.00 3.00 5.00 5.00 3.00 7.00 1.00 0.00 0.00 1.00 0.00 0.00
10.00 7.00 3.00 11.00 31.00 8.00 20.00 0.10 0.28 0.00 0.00 0.00 1.00 3.00 6.00 4.00 6.00 1.00 0.00 0.00 0.00 0.00 0.00
11.00 8.00 2.00 12.00 33.00 10.00 21.00 0.07 0.39 0.00 0.00 0.00 4.00 5.00 4.00 3.00 7.00 1.00 0.00 0.00 0.00 0.00 0.00
12.00 6.00 0.00 3.00 21.00 3.00 18.00 0.09 0.20 0.00 0.00 0.00 2.00 6.00 4.00 0.00 6.00 0.00 0.00 0.00 0.00 0.00 0.00
13.00 6.00 2.00 9.00 26.00 7.00 17.00 0.09 0.29 0.00 0.00 0.00 1.00 5.00 5.00 1.00 6.00 0.00 0.00 0.00 0.00 0.00 0.00
14.00 4.00 0.00 3.00 14.00 3.00 11.00 0.09 0.25 0.00 0.00 0.00 3.00 3.00 1.00 1.00 4.00 0.00 0.00 0.00 0.00 0.00 0.00
15.00 6.00 0.00 7.00 25.00 7.00 18.00 0.08 0.30 0.00 0.00 0.00 3.00 5.00 3.00 1.00 6.00 0.00 0.00 0.00 0.00 0.00 0.00
16.00 10.00 4.00 13.00 46.00 9.00 33.00 0.08 0.47 0.00 0.00 0.00 3.00 5.00 7.00 5.00 8.00 2.00 0.00 0.00 0.00 0.00 0.00
17.00 12.00 6.00 24.00 55.00 18.00 31.00 0.08 0.45 0.00 1.00 0.00 4.00 6.00 8.00 6.00 10.00 2.00 0.00 0.00 1.00 0.00 0.00
18.00 6.00 1.00 5.00 21.00 4.00 16.00 0.08 0.51 0.00 0.00 0.00 2.00 4.00 4.00 2.00 6.00 0.00 0.00 0.00 0.00 0.00 0.00
19.00 6.00 3.00 10.00 25.00 7.00 15.00 0.08 0.26 0.00 0.00 0.00 2.00 2.00 4.00 4.00 5.00 1.00 0.00 0.00 0.00 0.00 0.00
20.00 8.00 3.00 9.00 34.00 6.00 25.00 0.09 0.47 0.00 0.00 0.00 5.00 5.00 3.00 3.00 6.00 2.00 0.00 0.00 0.00 0.00 0.00
21.00 17.00 14.00 40.00 80.00 26.00 40.00 0.10 0.56 0.00 1.00 0.00 3.00 8.00 14.00 9.00 11.00 6.00 0.00 0.00 0.00 0.00 0.00
22.00 13.00 7.00 28.00 57.00 21.00 29.00 0.07 0.56 0.00 0.00 0.00 3.00 7.00 10.00 6.00 10.00 3.00 0.00 0.00 0.00 0.00 0.00
23.00 14.00 14.00 33.00 66.00 19.00 33.00 0.09 0.47 0.00 1.00 0.00 5.00 11.00 9.00 3.00 12.00 2.00 0.00 0.00 0.00 0.00 0.00
24.00 6.00 2.00 7.00 23.00 5.00 16.00 0.09 0.27 0.00 1.00 0.00 3.00 5.00 3.00 1.00 5.00 1.00 0.00 0.00 0.00 0.00 0.00
25.00 11.00 10.00 25.00 52.00 15.00 27.00 0.08 0.33 0.00 1.00 0.00 2.00 7.00 9.00 4.00 10.00 1.00 0.00 0.00 0.00 0.00 0.00
26.00 11.00 11.00 29.00 54.00 18.00 25.00 0.09 0.35 0.00 1.00 0.00 2.00 6.00 9.00 5.00 8.00 3.00 0.00 0.00 0.00 0.00 0.00
27.00 15.00 8.00 24.00 60.00 16.00 36.00 0.07 0.79 0.00 1.00 0.00 2.00 8.00 13.00 7.00 12.00 3.00 0.00 0.00 0.00 0.00 0.00
28.00 14.00 10.00 29.00 65.00 19.00 36.00 0.07 0.50 0.00 1.00 0.00 5.00 9.00 9.00 5.00 12.00 2.00 0.00 0.00 0.00 0.00 0.00
29.00 15.00 10.00 29.00 73.00 19.00 44.00 0.08 0.57 0.00 2.00 0.00 5.00 10.00 10.00 5.00 13.00 2.00 0.00 0.00 0.00 0.00 0.00
30.00 12.00 11.00 28.00 57.00 17.00 29.00 0.09 0.51 0.00 1.00 0.00 2.00 6.00 10.00 6.00 8.00 4.00 0.00 0.00 0.00 0.00 0.00
31.00 18.00 20.00 51.00 86.00 31.00 35.00 0.07 0.47 0.00 1.00 0.00 7.00 11.00 11.00 7.00 13.00 5.00 0.00 0.00 0.00 0.00 0.00
32.00 12.00 4.00 18.00 47.00 14.00 29.00 0.08 0.53 0.00 0.00 0.00 3.00 9.00 9.00 3.00 12.00 0.00 0.00 0.00 0.00 0.00 0.00
33.00 16.00 7.00 31.00 71.00 24.00 40.00 0.09 0.56 0.00 1.00 0.00 4.00 10.00 12.00 6.00 12.00 4.00 0.00 0.00 0.00 0.00 0.00
34.00 19.00 15.00 47.00 93.00 32.00 46.00 0.08 0.60 0.00 1.00 0.00 5.00 9.00 14.00 10.00 13.00 6.00 0.00 0.00 0.00 0.00 0.00
35.00 11.00 7.00 23.00 51.00 16.00 28.00 0.07 0.47 0.00 1.00 0.00 4.00 7.00 7.00 4.00 11.00 0.00 0.00 0.00 0.00 0.00 0.00
36.00 19.00 17.00 45.00 88.00 28.00 43.00 0.09 0.50 0.00 1.00 0.00 6.00 12.00 13.00 7.00 14.00 5.00 0.00 0.00 0.00 0.00 0.00
37.00 19.00 17.00 41.00 79.00 24.00 38.00 0.08 0.56 0.00 2.00 0.00 8.00 12.00 11.00 7.00 16.00 3.00 0.00 0.00 0.00 0.00 0.00
38.00 20.00 25.00 55.00 101.00 30.00 46.00 0.08 0.57 0.00 0.00 0.00 6.00 10.00 14.00 10.00 15.00 5.00 0.00 0.00 0.00 0.00 0.00
39.00 17.00 17.00 41.00 81.00 24.00 40.00 0.09 0.46 0.00 2.00 0.00 7.00 11.00 10.00 6.00 13.00 4.00 0.00 0.00 0.00 0.00 0.00
40.00 17.00 19.00 43.00 82.00 24.00 39.00 0.09 0.52 0.00 0.00 0.00 6.00 8.00 11.00 9.00 9.00 8.00 0.00 0.00 0.00 0.00 0.00
41.00 18.00 18.00 43.00 91.00 25.00 48.00 0.08 0.55 0.00 0.00 0.00 4.00 9.00 14.00 9.00 12.00 6.00 0.00 0.00 0.00 0.00 0.00
42.00 21.00 12.00 42.00 104.00 30.00 62.00 0.09 0.68 0.00 2.00 0.00 6.00 12.00 15.00 9.00 16.00 5.00 0.00 0.00 0.00 0.00 0.00
43.00 20.00 17.00 48.00 100.00 31.00 52.00 0.09 0.69 0.00 1.00 0.00 8.00 12.00 12.00 8.00 16.00 4.00 0.00 0.00 1.00 1.00 0.00
44.00 19.00 17.00 48.00 87.00 31.00 39.00 0.09 0.56 0.00 1.00 0.00 3.00 8.00 16.00 11.00 12.00 7.00 0.00 0.00 2.00 1.00 0.00
45.00 18.00 18.00 43.00 88.00 25.00 45.00 0.07 0.60 0.00 1.00 0.00 6.00 9.00 12.00 9.00 11.00 7.00 0.00 0.00 1.00 0.00 0.00
46.00 24.00 28.00 62.00 113.00 34.00 51.00 0.09 0.61 0.00 1.00 0.00 5.00 12.00 19.00 12.00 15.00 9.00 0.00 0.00 0.00 0.00 0.00
47.00 22.00 30.00 64.00 116.00 34.00 52.00 0.08 0.63 0.00 2.00 0.00 5.00 10.00 17.00 12.00 14.00 8.00 1.00 0.00 0.00 0.00 0.00
48.00 31.00 45.00 91.00 156.00 46.00 65.00 0.07 0.66 1.00 2.00 0.50 7.00 14.00 24.00 17.00 18.00 13.00 1.00 0.00 0.00 0.00 0.00
49.00 28.00 33.00 76.00 137.00 43.00 61.00 0.08 0.79 0.00 2.00 0.00 6.00 11.00 22.00 17.00 18.00 10.00 1.00 0.00 0.00 1.00 0.00
50.00 30.00 29.00 72.00 151.00 43.00 79.00 0.09 0.88 0.00 2.00 0.00 10.00 13.00 20.00 17.00 17.00 13.00 1.00 0.00 0.00 1.00 0.00
51.00 36.00 59.00 105.00 183.00 46.00 78.00 0.08 0.81 0.00 2.00 0.00 8.00 15.00 28.00 21.00 23.00 13.00 1.00 0.00 0.00 1.00 0.00
52.00 33.00 40.00 94.00 169.00 54.00 75.00 0.08 0.73 0.00 2.00 0.00 8.00 15.00 25.00 18.00 20.00 13.00 1.00 0.00 0.00 1.00 0.00
53.00 30.00 41.00 87.00 155.00 46.00 68.00 0.08 0.76 0.00 2.00 0.00 9.00 13.00 21.00 17.00 20.00 10.00 1.00 0.00 0.00 0.00 0.00
54.00 31.00 23.00 69.00 152.00 46.00 83.00 0.08 1.33 0.00 4.00 0.00 9.00 16.00 22.00 15.00 20.00 11.00 0.00 0.00 0.00 0.00 0.00
55.00 28.00 27.00 84.00 144.00 57.00 60.00 0.10 0.74 0.00 3.00 0.00 6.00 11.00 22.00 17.00 19.00 9.00 1.00 0.00 0.00 0.00 0.00
56.00 26.00 33.00 78.00 131.00 45.00 53.00 0.09 0.68 0.00 3.00 0.00 6.00 9.00 20.00 17.00 13.00 13.00 1.00 0.00 0.00 0.00 0.00
57.00 35.00 44.00 86.00 160.00 42.00 74.00 0.10 0.95 0.00 3.00 0.00 7.00 17.00 28.00 18.00 24.00 11.00 0.00 0.00 0.00 0.00 0.00
58.00 29.00 35.00 85.00 153.00 50.00 68.00 0.08 0.77 0.00 3.00 0.00 6.00 10.00 23.00 19.00 17.00 12.00 1.00 0.00 0.00 0.00 0.00
59.00 31.00 28.00 79.00 151.00 51.00 72.00 0.09 0.83 0.00 2.00 0.00 6.00 16.00 25.00 15.00 22.00 9.00 0.00 0.00 0.00 0.00 0.00
60.00 30.00 29.00 75.00 156.00 46.00 81.00 0.09 0.76 0.00 1.00 0.00 5.00 15.00 25.00 15.00 22.00 8.00 1.00 0.00 0.00 0.00 0.00
61.00 26.00 30.00 68.00 127.00 38.00 59.00 0.09 0.67 0.00 2.00 0.00 5.00 13.00 21.00 13.00 19.00 7.00 1.00 0.00 0.00 0.00 0.00
62.00 29.00 31.00 80.00 150.00 49.00 70.00 0.08 0.85 0.00 2.00 0.00 8.00 15.00 21.00 14.00 19.00 10.00 1.00 0.00 1.00 0.00 0.00
63.00 32.00 37.00 90.00 159.00 53.00 69.00 0.08 0.81 0.00 2.00 0.00 8.00 18.00 24.00 14.00 21.00 11.00 1.00 0.00 1.00 0.00 0.00
64.00 30.00 38.00 83.00 156.00 45.00 73.00 0.08 0.77 0.00 3.00 0.00 8.00 14.00 22.00 16.00 18.00 12.00 1.00 0.00 1.00 0.00 1.00
65.00 31.00 44.00 95.00 159.00 51.00 64.00 0.09 0.81 1.00 1.00 1.00 4.00 11.00 27.00 20.00 20.00 11.00 1.00 0.00 0.00 0.00 0.00
66.00 26.00 27.00 64.00 128.00 37.00 64.00 0.08 0.75 0.00 1.00 0.00 7.00 17.00 19.00 9.00 19.00 7.00 1.00 0.00 0.00 0.00 0.00
67.00 32.00 28.00 83.00 157.00 55.00 74.00 0.08 1.06 0.00 1.00 0.00 12.00 15.00 20.00 17.00 20.00 12.00 2.00 0.00 1.00 0.00 0.00
68.00 32.00 35.00 93.00 166.00 58.00 73.00 0.08 0.79 1.00 2.00 0.50 9.00 14.00 23.00 18.00 17.00 15.00 0.00 0.00 1.00 0.00 0.00
69.00 31.00 30.00 80.00 148.00 50.00 68.00 0.09 1.44 1.00 2.00 0.50 10.00 18.00 21.00 13.00 20.00 11.00 1.00 0.00 0.00 0.00 0.00
70.00 29.00 32.00 81.00 146.00 49.00 65.00 0.09 0.92 1.00 1.00 1.00 8.00 14.00 21.00 15.00 19.00 10.00 1.00 0.00 0.00 0.00 0.00
71.00 26.00 28.00 72.00 138.00 44.00 66.00 0.10 0.74 0.00 1.00 0.00 5.00 8.00 21.00 18.00 10.00 16.00 1.00 0.00 0.00 0.00 0.00
72.00 22.00 18.00 63.00 113.00 45.00 50.00 0.08 0.59 0.00 1.00 0.00 4.00 14.00 18.00 8.00 19.00 3.00 1.00 0.00 0.00 0.00 0.00
73.00 29.00 34.00 73.00 137.00 39.00 64.00 0.10 1.07 0.00 1.00 0.00 8.00 12.00 21.00 17.00 16.00 13.00 1.00 0.00 1.00 0.00 0.00
74.00 32.00 29.00 83.00 161.00 54.00 78.00 0.07 0.89 1.00 2.00 0.50 9.00 15.00 23.00 17.00 20.00 12.00 0.00 0.00 1.00 0.00 0.00
75.00 26.00 26.00 71.00 137.00 45.00 66.00 0.09 0.68 0.00 2.00 0.00 6.00 10.00 20.00 16.00 17.00 9.00 1.00 0.00 0.00 0.00 0.00
76.00 27.00 20.00 66.00 140.00 46.00 74.00 0.07 0.75 0.00 2.00 0.00 7.00 14.00 20.00 13.00 17.00 10.00 1.00 0.00 0.00 0.00 0.00
77.00 20.00 13.00 51.00 99.00 38.00 48.00 0.08 0.70 0.00 2.00 0.00 5.00 9.00 15.00 11.00 12.00 8.00 1.00 0.00 0.00 0.00 0.00
78.00 34.00 34.00 85.00 154.00 51.00 69.00 0.07 1.00 0.00 3.00 0.00 11.00 20.00 23.00 14.00 27.00 7.00 1.00 0.00 0.00 0.00 0.00
79.00 27.00 27.00 72.00 137.00 45.00 65.00 0.08 0.75 0.00 3.00 0.00 10.00 16.00 17.00 11.00 25.00 2.00 1.00 0.00 0.00 0.00 0.00
80.00 25.00 25.00 65.00 128.00 40.00 63.00 0.08 0.64 0.00 2.00 0.00 4.00 10.00 21.00 15.00 16.00 9.00 0.00 0.00 0.00 0.00 0.00
81.00 26.00 33.00 74.00 130.00 41.00 56.00 0.09 0.65 0.00 2.00 0.00 6.00 12.00 20.00 14.00 17.00 9.00 1.00 0.00 1.00 0.00 0.00
82.00 25.00 29.00 65.00 134.00 36.00 69.00 0.07 0.71 0.00 2.00 0.00 7.00 8.00 18.00 17.00 11.00 14.00 2.00 0.00 1.00 1.00 0.00
83.00 27.00 28.00 68.00 130.00 40.00 62.00 0.09 0.74 0.00 2.00 0.00 11.00 14.00 16.00 13.00 18.00 9.00 0.00 0.00 1.00 0.00 0.00
84.00 32.00 37.00 92.00 159.00 55.00 67.00 0.09 0.83 0.00 1.00 0.00 7.00 18.00 25.00 14.00 22.00 10.00 0.00 0.00 1.00 0.00 0.00
85.00 29.00 20.00 72.00 144.00 52.00 72.00 0.08 0.91 0.00 1.00 0.00 9.00 17.00 20.00 12.00 23.00 6.00 1.00 0.00 0.00 1.00 0.00
86.00 34.00 48.00 105.00 172.00 57.00 67.00 0.09 0.81 0.00 3.00 0.00 8.00 18.00 26.00 16.00 23.00 11.00 1.00 0.00 1.00 0.00 0.00
87.00 37.00 55.00 106.00 177.00 51.00 71.00 0.10 1.03 0.00 2.00 0.00 9.00 16.00 28.00 21.00 24.00 13.00 1.00 0.00 0.00 0.00 0.00
88.00 35.00 47.00 112.00 174.00 65.00 62.00 0.10 0.88 0.00 3.00 0.00 6.00 12.00 29.00 23.00 20.00 15.00 1.00 0.00 0.00 0.00 0.00
89.00 33.00 40.00 104.00 167.00 64.00 63.00 0.08 0.91 0.00 4.00 0.00 9.00 14.00 24.00 19.00 18.00 15.00 1.00 0.00 0.00 1.00 0.00
90.00 28.00 29.00 80.00 150.00 51.00 70.00 0.09 0.82 0.00 3.00 0.00 7.00 10.00 21.00 18.00 19.00 9.00 0.00 0.00 1.00 2.00 0.00
91.00 31.00 42.00 96.00 157.00 54.00 61.00 0.08 0.83 0.00 6.00 0.00 7.00 14.00 24.00 17.00 19.00 12.00 0.00 0.00 0.00 0.00 0.00
92.00 29.00 28.00 83.00 153.00 55.00 70.00 0.09 0.74 0.00 3.00 0.00 7.00 8.00 22.00 21.00 15.00 14.00 0.00 0.00 0.00 0.00 0.00
93.00 32.00 41.00 96.00 168.00 55.00 72.00 0.09 1.03 0.00 5.00 0.00 7.00 19.00 25.00 13.00 22.00 10.00 1.00 0.00 0.00 0.00 0.00
94.00 33.00 46.00 103.00 170.00 57.00 67.00 0.08 0.82 0.00 4.00 0.00 9.00 14.00 24.00 19.00 19.00 14.00 1.00 0.00 0.00 0.00 0.00
95.00 29.00 32.00 83.00 153.00 51.00 70.00 0.09 0.88 0.00 3.00 0.00 4.00 11.00 25.00 18.00 15.00 14.00 1.00 0.00 0.00 0.00 0.00
96.00 31.00 41.00 87.00 153.00 46.00 66.00 0.07 0.87 0.00 4.00 0.00 11.00 18.00 20.00 13.00 21.00 10.00 0.00 0.00 1.00 0.00 0.00
97.00 25.00 25.00 66.00 128.00 41.00 62.00 0.08 0.74 0.00 2.00 0.00 6.00 9.00 19.00 16.00 16.00 9.00 1.00 0.00 0.00 0.00 0.00
98.00 34.00 45.00 88.00 174.00 43.00 86.00 0.08 0.87 0.00 4.00 0.00 11.00 17.00 23.00 17.00 26.00 8.00 0.00 0.00 0.00 0.00 0.00
99.00 30.00 37.00 88.00 160.00 51.00 72.00 0.09 0.88 0.00 3.00 0.00 7.00 14.00 23.00 16.00 16.00 14.00 0.00 0.00 0.00 0.00 0.00
100.00 27.00 33.00 79.00 139.00 46.00 60.00 0.09 0.87 0.00 3.00 0.00 6.00 15.00 21.00 12.00 16.00 11.00 1.00 0.00 0.00 1.00 0.00
101.00 34.00 32.00 95.00 172.00 63.00 77.00 0.09 0.98 0.00 3.00 0.00 11.00 18.00 23.00 16.00 26.00 8.00 0.00 0.00 0.00 0.00 0.00
102.00 39.00 51.00 106.00 194.00 55.00 88.00 0.07 1.90 0.00 4.00 0.00 9.00 18.00 30.00 21.00 22.00 17.00 0.00 0.00 0.00 0.00 0.00
103.00 38.00 61.00 112.00 191.00 51.00 79.00 0.08 1.41 0.00 4.00 0.00 14.00 18.00 24.00 20.00 27.00 11.00 0.00 0.00 1.00 0.00 0.00
104.00 40.00 60.00 123.00 204.00 63.00 81.00 0.08 1.02 1.00 5.00 0.20 7.00 16.00 33.00 24.00 26.00 14.00 0.00 0.00 0.00 0.00 0.00
105.00 30.00 41.00 85.00 162.00 44.00 77.00 0.09 0.87 0.00 4.00 0.00 3.00 8.00 27.00 22.00 14.00 16.00 0.00 0.00 1.00 0.00 0.00
106.00 34.00 50.00 106.00 175.00 56.00 69.00 0.09 0.94 0.00 3.00 0.00 9.00 15.00 25.00 19.00 21.00 13.00 0.00 0.00 0.00 0.00 0.00
107.00 33.00 36.00 101.00 170.00 65.00 69.00 0.10 1.07 0.00 4.00 0.00 6.00 17.00 27.00 16.00 22.00 11.00 1.00 0.00 0.00 0.00 0.00
108.00 32.00 45.00 104.00 163.00 59.00 59.00 0.08 0.71 0.00 4.00 0.00 6.00 14.00 26.00 18.00 19.00 13.00 1.00 0.00 0.00 0.00 0.00
109.00 38.00 62.00 114.00 194.00 52.00 80.00 0.07 0.99 0.00 5.00 0.00 9.00 18.00 29.00 20.00 23.00 15.00 0.00 0.00 0.00 0.00 0.00
110.00 36.00 46.00 114.00 183.00 68.00 69.00 0.07 0.98 0.00 3.00 0.00 9.00 17.00 27.00 19.00 23.00 13.00 1.00 0.00 1.00 0.00 0.00
111.00 41.00 57.00 123.00 212.00 66.00 89.00 0.09 1.05 0.00 4.00 0.00 9.00 18.00 32.00 23.00 21.00 20.00 0.00 0.00 0.00 0.00 0.00
112.00 39.00 56.00 105.00 204.00 49.00 99.00 0.10 1.06 0.00 4.00 0.00 9.00 15.00 30.00 24.00 20.00 19.00 2.00 0.00 0.00 0.00 0.00
113.00 34.00 53.00 111.00 181.00 58.00 70.00 0.08 0.87 0.00 4.00 0.00 4.00 10.00 30.00 24.00 17.00 17.00 2.00 0.00 2.00 0.00 0.00
114.00 39.00 50.00 115.00 190.00 65.00 75.00 0.08 1.30 0.00 3.00 0.00 9.00 17.00 30.00 22.00 27.00 12.00 0.00 0.00 1.00 0.00 0.00
115.00 34.00 45.00 101.00 167.00 56.00 66.00 0.09 1.06 0.00 4.00 0.00 7.00 14.00 27.00 20.00 22.00 12.00 1.00 0.00 0.00 0.00 0.00
116.00 35.00 56.00 107.00 184.00 51.00 77.00 0.09 0.96 0.00 3.00 0.00 4.00 8.00 31.00 27.00 18.00 17.00 0.00 0.00 1.00 0.00 0.00
117.00 35.00 52.00 112.00 179.00 60.00 67.00 0.08 0.94 0.00 4.00 0.00 7.00 15.00 28.00 20.00 19.00 16.00 1.00 0.00 0.00 0.00 0.00
118.00 33.00 53.00 100.00 172.00 47.00 72.00 0.09 0.86 0.00 3.00 0.00 11.00 14.00 22.00 19.00 19.00 14.00 0.00 0.00 0.00 0.00 0.00
119.00 35.00 48.00 104.00 180.00 56.00 76.00 0.08 0.88 0.00 3.00 0.00 8.00 12.00 27.00 23.00 17.00 18.00 0.00 0.00 0.00 0.00 0.00
120.00 47.00 62.00 140.00 235.00 78.00 95.00 0.08 1.21 0.00 5.00 0.00 16.00 28.00 31.00 19.00 30.00 17.00 1.00 0.00 0.00 0.00 0.00
121.00 40.00 67.00 120.00 201.00 53.00 81.00 0.08 1.04 1.00 4.00 0.25 7.00 19.00 33.00 21.00 22.00 18.00 1.00 0.00 0.00 0.00 0.00
122.00 41.00 55.00 115.00 203.00 60.00 88.00 0.09 1.37 0.00 4.00 0.00 8.00 19.00 33.00 22.00 25.00 16.00 1.00 0.00 0.00 0.00 0.00
123.00 42.00 60.00 116.00 209.00 56.00 93.00 0.09 1.26 1.00 5.00 0.20 13.00 24.00 29.00 18.00 29.00 13.00 0.00 0.00 0.00 0.00 0.00
124.00 28.00 29.00 78.00 143.00 49.00 65.00 0.08 0.86 1.00 4.00 0.25 7.00 17.00 21.00 11.00 21.00 7.00 0.00 0.00 0.00 0.00 0.00
125.00 37.00 44.00 102.00 186.00 58.00 84.00 0.08 1.06 1.00 4.00 0.25 7.00 11.00 30.00 26.00 21.00 16.00 0.00 0.00 0.00 0.00 0.00
126.00 37.00 50.00 112.00 187.00 62.00 75.00 0.08 1.03 0.00 5.00 0.00 9.00 19.00 28.00 18.00 22.00 15.00 0.00 0.00 0.00 0.00 0.00
127.00 40.00 56.00 118.00 207.00 62.00 89.00 0.09 0.96 0.00 6.00 0.00 10.00 24.00 30.00 16.00 27.00 13.00 1.00 0.00 0.00 0.00 0.00
128.00 36.00 42.00 99.00 184.00 57.00 85.00 0.09 0.94 0.00 5.00 0.00 10.00 17.00 26.00 19.00 21.00 15.00 1.00 0.00 0.00 0.00 0.00
129.00 34.00 40.00 97.00 176.00 57.00 79.00 0.07 0.87 1.00 3.00 0.33 8.00 20.00 26.00 14.00 25.00 9.00 0.00 0.00 0.00 0.00 0.00
130.00 32.00 36.00 85.00 160.00 49.00 75.00 0.08 0.95 0.00 3.00 0.00 7.00 14.00 25.00 18.00 20.00 12.00 1.00 0.00 0.00 0.00 0.00
131.00 32.00 36.00 82.00 160.00 46.00 78.00 0.06 0.84 0.00 3.00 0.00 10.00 15.00 22.00 17.00 25.00 7.00 1.00 0.00 0.00 0.00 0.00
132.00 17.00 13.00 38.00 82.00 25.00 44.00 0.08 0.65 1.00 2.00 0.50 5.00 6.00 12.00 11.00 13.00 4.00 1.00 0.00 0.00 0.00 0.00
133.00 35.00 39.00 98.00 174.00 59.00 76.00 0.07 0.91 1.00 2.00 0.50 13.00 19.00 22.00 16.00 23.00 12.00 0.00 0.00 0.00 0.00 0.00
134.00 30.00 42.00 96.00 155.00 54.00 59.00 0.08 0.83 1.00 2.00 0.50 7.00 9.00 23.00 21.00 18.00 12.00 0.00 0.00 1.00 0.00 0.00
135.00 25.00 34.00 71.00 123.00 37.00 52.00 0.08 0.68 0.00 2.00 0.00 6.00 12.00 19.00 13.00 14.00 11.00 0.00 0.00 1.00 0.00 0.00
136.00 27.00 41.00 76.00 138.00 35.00 62.00 0.07 0.61 0.00 2.00 0.00 5.00 14.00 22.00 13.00 18.00 9.00 2.00 0.00 0.00 0.00 0.00
137.00 31.00 36.00 87.00 151.00 51.00 64.00 0.08 0.75 0.00 2.00 0.00 5.00 15.00 26.00 16.00 20.00 11.00 0.00 0.00 0.00 0.00 0.00
138.00 30.00 35.00 83.00 150.00 48.00 67.00 0.08 1.00 1.00 2.00 0.50 5.00 11.00 25.00 19.00 16.00 14.00 1.00 0.00 0.00 0.00 0.00
139.00 24.00 28.00 65.00 125.00 37.00 60.00 0.09 0.67 1.00 3.00 0.33 2.00 9.00 22.00 15.00 13.00 11.00 0.00 0.00 0.00 0.00 0.00
140.00 30.00 43.00 78.00 153.00 35.00 75.00 0.09 0.93 0.00 2.00 0.00 9.00 18.00 21.00 12.00 20.00 10.00 0.00 0.00 0.00 0.00 0.00
141.00 22.00 23.00 59.00 112.00 36.00 53.00 0.08 0.68 1.00 0.00 0.00 7.00 12.00 15.00 10.00 14.00 8.00 1.00 0.00 0.00 0.00 0.00
142.00 30.00 39.00 84.00 147.00 45.00 63.00 0.10 0.96 1.00 3.00 0.33 5.00 14.00 25.00 16.00 19.00 11.00 0.00 0.00 0.00 0.00 0.00
143.00 30.00 42.00 82.00 149.00 40.00 67.00 0.08 0.81 1.00 4.00 0.25 9.00 12.00 21.00 18.00 18.00 12.00 0.00 0.00 0.00 0.00 0.00
144.00 34.00 38.00 100.00 166.00 62.00 66.00 0.08 0.94 1.00 2.00 0.50 11.00 16.00 23.00 18.00 22.00 12.00 1.00 0.00 0.00 0.00 0.00
145.00 27.00 38.00 74.00 134.00 36.00 60.00 0.08 0.65 1.00 2.00 0.50 6.00 12.00 21.00 15.00 17.00 10.00 0.00 0.00 0.00 0.00 0.00
146.00 25.00 39.00 70.00 123.00 31.00 53.00 0.08 0.67 0.00 2.00 0.00 5.00 14.00 20.00 11.00 17.00 8.00 0.00 0.00 0.00 0.00 0.00
147.00 28.00 39.00 81.00 140.00 42.00 59.00 0.08 0.85 0.00 2.00 0.00 7.00 12.00 21.00 16.00 19.00 9.00 0.00 0.00 0.00 0.00 0.00
148.00 19.00 15.00 43.00 98.00 28.00 55.00 0.07 0.67 0.00 2.00 0.00 4.00 8.00 15.00 11.00 14.00 5.00 0.00 0.00 0.00 0.00 0.00
149.00 26.00 34.00 71.00 126.00 37.00 55.00 0.09 0.82 0.00 1.00 0.00 4.00 12.00 22.00 14.00 15.00 11.00 0.00 0.00 1.00 0.00 0.00
150.00 25.00 31.00 70.00 126.00 39.00 56.00 0.07 0.87 0.00 2.00 0.00 6.00 14.00 19.00 11.00 16.00 9.00 0.00 0.00 0.00 0.00 0.00
151.00 23.00 32.00 63.00 115.00 31.00 52.00 0.08 0.80 0.00 2.00 0.00 8.00 11.00 15.00 12.00 15.00 8.00 0.00 0.00 0.00 0.00 0.00
152.00 25.00 35.00 65.00 121.00 30.00 56.00 0.08 0.71 0.00 1.00 0.00 5.00 9.00 20.00 16.00 15.00 10.00 0.00 0.00 1.00 0.00 0.00
153.00 23.00 32.00 71.00 112.00 39.00 41.00 0.08 0.72 0.00 2.00 0.00 4.00 10.00 19.00 13.00 14.00 9.00 0.00 0.00 0.00 0.00 0.00
154.00 24.00 29.00 68.00 126.00 39.00 58.00 0.08 0.81 0.00 0.00 0.00 5.00 12.00 19.00 12.00 13.00 11.00 0.00 0.00 0.00 0.00 0.00
155.00 19.00 17.00 44.00 91.00 27.00 47.00 0.06 0.56 0.00 2.00 0.00 6.00 6.00 13.00 13.00 8.00 11.00 0.00 0.00 0.00 0.00 1.00
156.00 26.00 27.00 59.00 109.00 32.00 50.00 0.07 1.05 0.00 1.00 0.00 9.00 12.00 17.00 14.00 14.00 12.00 0.00 0.00 0.00 0.00 0.00
157.00 27.00 35.00 78.00 135.00 43.00 57.00 0.07 0.98 0.00 2.00 0.00 6.00 10.00 21.00 17.00 15.00 12.00 0.00 0.00 1.00 0.00 0.00
158.00 23.00 29.00 68.00 118.00 39.00 50.00 0.08 0.62 0.00 1.00 0.00 7.00 8.00 16.00 15.00 13.00 10.00 0.00 0.00 0.00 0.00 0.00
159.00 23.00 33.00 61.00 108.00 28.00 47.00 0.08 0.81 0.00 1.00 0.00 4.00 11.00 19.00 12.00 14.00 9.00 0.00 0.00 1.00 0.00 0.00
160.00 19.00 15.00 40.00 92.00 25.00 52.00 0.09 0.86 0.00 1.00 0.00 5.00 9.00 14.00 10.00 13.00 6.00 0.00 0.00 1.00 0.00 0.00
161.00 20.00 32.00 62.00 96.00 30.00 34.00 0.08 0.63 0.00 1.00 0.00 5.00 8.00 15.00 12.00 11.00 9.00 0.00 0.00 0.00 0.00 0.00
162.00 21.00 17.00 52.00 101.00 35.00 49.00 0.07 0.89 0.00 1.00 0.00 4.00 10.00 17.00 11.00 16.00 5.00 0.00 0.00 1.00 0.00 0.00
163.00 19.00 23.00 52.00 97.00 29.00 45.00 0.07 0.62 0.00 1.00 0.00 5.00 10.00 14.00 9.00 13.00 6.00 0.00 0.00 2.00 0.00 0.00
164.00 18.00 18.00 46.00 89.00 28.00 43.00 0.10 0.72 0.00 0.00 0.00 6.00 9.00 12.00 9.00 11.00 7.00 0.00 0.00 1.00 0.00 0.00
165.00 18.00 15.00 40.00 88.00 25.00 48.00 0.09 0.70 0.00 0.00 0.00 7.00 10.00 11.00 8.00 13.00 5.00 0.00 0.00 0.00 0.00 0.00
166.00 19.00 14.00 36.00 94.00 22.00 58.00 0.10 0.86 0.00 0.00 0.00 5.00 12.00 14.00 7.00 14.00 5.00 0.00 0.00 0.00 0.00 0.00
167.00 19.00 28.00 54.00 99.00 26.00 45.00 0.09 0.68 0.00 1.00 0.00 2.00 4.00 17.00 15.00 9.00 10.00 0.00 0.00 1.00 0.00 0.00
168.00 21.00 16.00 42.00 98.00 26.00 56.00 0.08 0.86 0.00 1.00 0.00 7.00 11.00 14.00 10.00 14.00 7.00 0.00 0.00 0.00 0.00 0.00
169.00 23.00 31.00 62.00 117.00 31.00 55.00 0.08 0.79 0.00 1.00 0.00 5.00 10.00 18.00 13.00 14.00 9.00 0.00 0.00 0.00 0.00 0.00
170.00 22.00 23.00 59.00 114.00 36.00 55.00 0.08 0.64 1.00 1.00 1.00 7.00 13.00 15.00 9.00 15.00 7.00 0.00 0.00 1.00 0.00 0.00
171.00 24.00 37.00 75.00 122.00 38.00 47.00 0.07 0.66 0.00 1.00 0.00 2.00 10.00 22.00 14.00 14.00 10.00 0.00 0.00 1.00 1.00 0.00
172.00 23.00 22.00 59.00 120.00 37.00 61.00 0.08 0.82 0.00 1.00 0.00 9.00 13.00 14.00 10.00 16.00 7.00 0.00 0.00 0.00 0.00 0.00
173.00 30.00 34.00 78.00 145.00 44.00 67.00 0.06 1.02 0.00 1.00 0.00 12.00 13.00 18.00 17.00 21.00 9.00 0.00 0.00 0.00 0.00 0.00
174.00 20.00 23.00 58.00 95.00 35.00 37.00 0.08 0.60 0.00 1.00 0.00 8.00 10.00 12.00 10.00 14.00 6.00 0.00 0.00 0.00 0.00 0.00
175.00 20.00 22.00 58.00 100.00 36.00 42.00 0.08 0.60 0.00 2.00 0.00 5.00 10.00 15.00 10.00 13.00 7.00 0.00 0.00 0.00 0.00 0.00
176.00 25.00 26.00 66.00 119.00 40.00 53.00 0.10 0.84 0.00 2.00 0.00 9.00 14.00 16.00 11.00 16.00 9.00 0.00 0.00 0.00 0.00 0.00
177.00 25.00 28.00 59.00 115.00 31.00 56.00 0.09 0.96 0.00 2.00 0.00 7.00 12.00 18.00 13.00 18.00 7.00 0.00 0.00 1.00 0.00 0.00
178.00 21.00 25.00 58.00 102.00 33.00 44.00 0.08 0.60 0.00 1.00 0.00 4.00 10.00 17.00 11.00 12.00 9.00 0.00 0.00 0.00 0.00 0.00
179.00 20.00 27.00 56.00 101.00 29.00 45.00 0.09 0.69 0.00 1.00 0.00 2.00 6.00 18.00 14.00 14.00 6.00 0.00 0.00 0.00 0.00 0.00
180.00 16.00 16.00 35.00 73.00 19.00 38.00 0.08 0.74 0.00 1.00 0.00 4.00 8.00 12.00 8.00 13.00 3.00 0.00 0.00 0.00 0.00 0.00
181.00 14.00 12.00 29.00 64.00 17.00 35.00 0.07 0.84 0.00 1.00 0.00 7.00 11.00 7.00 3.00 11.00 3.00 0.00 0.00 0.00 0.00 0.00
182.00 18.00 20.00 47.00 89.00 27.00 42.00 0.08 0.69 0.00 1.00 0.00 3.00 5.00 15.00 13.00 12.00 6.00 0.00 0.00 0.00 0.00 0.00
183.00 18.00 23.00 50.00 89.00 27.00 39.00 0.09 0.72 0.00 1.00 0.00 2.00 8.00 16.00 10.00 9.00 9.00 0.00 0.00 0.00 0.00 0.00
184.00 17.00 17.00 43.00 83.00 26.00 40.00 0.07 0.67 0.00 1.00 0.00 5.00 10.00 12.00 7.00 14.00 3.00 0.00 0.00 0.00 0.00 0.00
185.00 15.00 10.00 27.00 64.00 17.00 37.00 0.10 0.65 0.00 0.00 0.00 5.00 8.00 10.00 7.00 10.00 5.00 0.00 0.00 0.00 0.00 0.00
186.00 15.00 10.00 30.00 73.00 20.00 43.00 0.08 0.56 0.00 1.00 0.00 5.00 10.00 10.00 5.00 15.00 0.00 0.00 0.00 0.00 0.00 0.00
187.00 16.00 9.00 31.00 72.00 22.00 41.00 0.09 0.63 0.00 0.00 0.00 5.00 9.00 11.00 7.00 11.00 5.00 0.00 0.00 0.00 0.00 0.00
188.00 14.00 15.00 37.00 69.00 22.00 32.00 0.10 0.47 0.00 1.00 0.00 6.00 11.00 8.00 3.00 13.00 1.00 0.00 0.00 0.00 0.00 0.00
189.00 10.00 4.00 17.00 45.00 13.00 28.00 0.09 0.65 0.00 0.00 0.00 4.00 6.00 6.00 4.00 7.00 3.00 0.00 0.00 1.00 0.00 0.00
190.00 12.00 11.00 26.00 61.00 15.00 35.00 0.09 0.34 0.00 0.00 0.00 3.00 4.00 9.00 8.00 6.00 6.00 0.00 0.00 0.00 0.00 0.00
191.00 11.00 10.00 27.00 57.00 17.00 30.00 0.09 0.36 0.00 0.00 0.00 2.00 5.00 9.00 6.00 8.00 3.00 0.00 0.00 0.00 0.00 0.00
192.00 12.00 7.00 24.00 56.00 17.00 32.00 0.07 0.38 0.00 0.00 0.00 5.00 6.00 7.00 6.00 8.00 4.00 0.00 0.00 0.00 0.00 0.00
193.00 16.00 13.00 40.00 74.00 27.00 34.00 0.09 0.69 0.00 1.00 0.00 5.00 12.00 11.00 4.00 13.00 3.00 0.00 0.00 0.00 0.00 0.00
194.00 12.00 10.00 29.00 56.00 19.00 27.00 0.09 0.48 0.00 1.00 0.00 3.00 4.00 9.00 8.00 7.00 5.00 0.00 0.00 0.00 0.00 0.00
195.00 14.00 16.00 36.00 63.00 20.00 27.00 0.08 0.47 0.00 1.00 0.00 3.00 7.00 11.00 7.00 9.00 5.00 0.00 0.00 0.00 0.00 0.00
196.00 11.00 8.00 28.00 53.00 20.00 25.00 0.07 0.43 0.00 0.00 0.00 3.00 6.00 8.00 5.00 8.00 3.00 0.00 0.00 0.00 0.00 0.00
197.00 15.00 10.00 29.00 69.00 19.00 40.00 0.08 0.47 0.00 1.00 0.00 4.00 6.00 11.00 9.00 11.00 4.00 0.00 0.00 0.00 0.00 0.00
198.00 15.00 16.00 43.00 73.00 27.00 30.00 0.08 0.47 0.00 1.00 0.00 3.00 6.00 12.00 9.00 8.00 7.00 0.00 0.00 0.00 0.00 0.00
199.00 15.00 10.00 32.00 70.00 22.00 38.00 0.08 0.61 0.00 0.00 0.00 4.00 10.00 11.00 5.00 12.00 3.00 0.00 0.00 0.00 0.00 0.00
200.00 13.00 12.00 28.00 60.00 16.00 32.00 0.08 0.37 0.00 0.00 0.00 5.00 8.00 8.00 5.00 10.00 3.00 0.00 0.00 0.00 0.00 0.00
201.00 4.00 0.00 4.00 15.00 4.00 11.00 0.09 0.12 0.00 1.00 0.00 2.00 4.00 2.00 0.00 4.00 0.00 0.00 0.00 0.00 0.00 0.00
202.00 11.00 11.00 26.00 53.00 15.00 27.00 0.09 0.40 0.00 1.00 0.00 2.00 6.00 9.00 5.00 8.00 3.00 0.00 0.00 0.00 0.00 0.00
203.00 14.00 6.00 20.00 52.00 14.00 32.00 0.08 1.12 0.00 2.00 0.00 8.00 11.00 6.00 3.00 11.00 3.00 0.00 0.00 0.00 0.00 0.00
204.00 7.00 0.00 10.00 33.00 10.00 23.00 0.08 0.28 0.00 0.00 0.00 5.00 5.00 2.00 2.00 6.00 1.00 0.00 0.00 0.00 0.00 0.00
205.00 8.00 4.00 13.00 35.00 9.00 22.00 0.09 0.34 0.00 1.00 0.00 5.00 6.00 3.00 2.00 7.00 1.00 0.00 0.00 0.00 0.00 0.00
206.00 12.00 10.00 28.00 59.00 18.00 31.00 0.09 0.44 0.00 1.00 0.00 2.00 9.00 10.00 3.00 11.00 1.00 0.00 0.00 0.00 0.00 0.00
207.00 12.00 6.00 17.00 44.00 11.00 27.00 0.07 0.44 0.00 1.00 0.00 3.00 9.00 9.00 3.00 11.00 1.00 0.00 0.00 0.00 0.00 0.00
208.00 7.00 3.00 10.00 32.00 7.00 22.00 0.09 0.36 0.00 0.00 0.00 2.00 3.00 5.00 4.00 7.00 0.00 0.00 0.00 0.00 0.00 0.00
209.00 5.00 1.00 6.00 23.00 5.00 17.00 0.10 0.26 0.00 0.00 0.00 0.00 2.00 5.00 3.00 4.00 1.00 0.00 0.00 0.00 0.00 0.00
210.00 8.00 4.00 16.00 37.00 12.00 21.00 0.07 0.42 0.00 0.00 0.00 2.00 3.00 6.00 5.00 4.00 4.00 0.00 0.00 0.00 0.00 0.00
211.00 8.00 3.00 13.00 36.00 10.00 23.00 0.07 0.26 0.00 0.00 0.00 4.00 5.00 4.00 3.00 7.00 1.00 0.00 0.00 0.00 0.00 0.00
212.00 8.00 4.00 13.00 33.00 9.00 20.00 0.08 0.20 0.00 0.00 0.00 4.00 6.00 4.00 2.00 8.00 0.00 0.00 0.00 0.00 0.00 0.00
213.00 8.00 3.00 10.00 32.00 7.00 22.00 0.09 0.33 0.00 0.00 0.00 2.00 6.00 6.00 2.00 8.00 0.00 0.00 0.00 0.00 0.00 0.00
214.00 3.00 0.00 0.00 10.00 0.00 10.00 0.08 0.15 0.00 0.00 0.00 2.00 3.00 1.00 0.00 3.00 0.00 0.00 0.00 0.00 0.00 0.00
215.00 7.00 3.00 12.00 30.00 9.00 18.00 0.08 0.28 0.00 0.00 0.00 4.00 5.00 3.00 2.00 7.00 0.00 0.00 0.00 0.00 0.00 0.00
216.00 3.00 0.00 2.00 10.00 2.00 8.00 0.09 0.16 0.00 0.00 0.00 2.00 3.00 1.00 0.00 3.00 0.00 0.00 0.00 0.00 0.00 0.00
217.00 6.00 0.00 2.00 17.00 2.00 15.00 0.07 0.72 0.00 0.00 0.00 2.00 5.00 4.00 1.00 5.00 1.00 0.00 0.00 0.00 0.00 0.00
218.00 3.00 0.00 2.00 9.00 2.00 7.00 0.08 0.10 0.00 0.00 0.00 2.00 3.00 1.00 0.00 3.00 0.00 0.00 0.00 0.00 0.00 0.00
219.00 3.00 0.00 2.00 10.00 2.00 8.00 0.08 0.09 0.00 0.00 0.00 2.00 3.00 1.00 0.00 3.00 0.00 0.00 0.00 0.00 0.00 0.00
220.00 3.00 0.00 0.00 6.00 0.00 6.00 0.08 0.28 0.00 0.00 0.00 2.00 3.00 1.00 0.00 3.00 0.00 0.00 0.00 0.00 0.00 0.00
221.00 5.00 0.00 0.00 6.00 0.00 6.00 0.06 0.43 0.00 0.00 0.00 4.00 4.00 1.00 1.00 4.00 1.00 0.00 0.00 0.00 0.00 0.00
222.00 2.00 0.00 0.00 0.00 0.00 0.00 0.08 0.21 0.00 0.00 0.00 2.00 2.00 0.00 0.00 2.00 0.00 0.00 0.00 0.00 0.00 0.00
