0.00 2.00 0.00 0.00 1.00 0.00 1.00 0.08 0.03 0.00 0.00 0.00 2.00 2.00 0.00 0.00 2.00 0.00 0.00 0.00 0.00 0.00 0.00
1.00 4.00 0.00 4.00 14.00 4.00 10.00 0.08 0.16 0.00 0.00 0.00 2.00 4.00 2.00 0.00 4.00 0.00 0.00 0.00 0.00 0.00 0.00
2.00 5.00 0.00 6.00 20.00 6.00 14.00 0.08 0.28 0.00 0.00 0.00 0.00 3.00 5.00 2.00 5.00 0.00 0.00 0.00 0.00 0.00 0.00
3.00 10.00 5.00 18.00 43.00 13.00 25.00 0.07 0.32 0.00 0.00 0.00 4.00 8.00 6.00 2.00 10.00 0.00 0.00 0.00 0.00 0.00 0.00
4.00 4.00 0.00 2.00 14.00 2.00 12.00 0.09 0.30 0.00 0.00 0.00 3.00 3.00 1.00 1.00 4.00 0.00 0.00 0.00 0.00 0.00 0.00
5.00 9.00 2.00 15.00 41.00 13.00 26.00 0.09 0.38 0.00 1.00 0.00 4.00 5.00 5.00 4.00 8.00 1.00 0.00 0.00 0.00 0.00 0.00
6.00 8.00 3.00 15.00 35.00 12.00 20.00 0.08 0.35 0.00 1.00 0.00 2.00 5.00 6.00 3.00 6.00 2.00 0.00 0.00 0.00 0.00 0.00
7.00 12.00 6.00 26.00 54.00 20.00 28.00 0.08 0.42 0.00 1.00 0.00 5.00 8.00 7.00 4.00 10.00 2.00 0.00 0.00 0.00 0.00 0.00
8.00 8.00 6.00 17.00 36.00 11.00 19.00 0.08 0.25 0.00 0.00 0.00 2.00 4.00 6.00 4.00 6.00 2.00 0.00 0.00 0.00 0.00 0.00
9.00 7.00 0.00 6.00 25.00 6.00 19.00 0.06 0.30 0.00 0.00 0.00 3.00 6.00 4.00 1.00 7.00 0.00 0.00 0.00 0.00 0.00 0.00
10.00 6.00 2.00 10.00 27.00 8.00 17.00 0.07 0.37 0.00 0.00 0.00 2.00 4.00 4.00 2.00 5.00 1.00 0.00 0.00 0.00 0.00 0.00
11.00 10.00 5.00 20.00 46.00 15.00 26.00 0.10 0.43 0.00 1.00 0.00 3.00 5.00 7.00 5.00 6.00 4.00 0.00 0.00 0.00 0.00 0.00
12.00 9.00 5.00 17.00 43.00 12.00 26.00 0.06 0.31 0.00 1.00 0.00 3.00 7.00 6.00 2.00 7.00 2.00 0.00 0.00 0.00 0.00 0.00
13.00 11.00 11.00 28.00 55.00 17.00 27.00 0.09 0.44 0.00 0.00 0.00 3.00 6.00 8.00 5.00 9.00 2.00 0.00 0.00 0.00 0.00 0.00
14.00 9.00 5.00 18.00 41.00 13.00 23.00 0.08 0.43 0.00 0.00 0.00 2.00 3.00 7.00 6.00 8.00 1.00 0.00 0.00 0.00 0.00 0.00
15.00 7.00 0.00 10.00 32.00 10.00 22.00 0.09 0.38 0.00 0.00 0.00 5.00 5.00 2.00 2.00 6.00 1.00 0.00 0.00 0.00 0.00 0.00
16.00 4.00 1.00 4.00 15.00 3.00 11.00 0.09 0.21 0.00 0.00 0.00 2.00 4.00 2.00 0.00 4.00 0.00 0.00 0.00 0.00 0.00 0.00
17.00 8.00 5.00 17.00 37.00 12.00 20.00 0.08 0.29 0.00 1.00 0.00 5.00 6.00 3.00 2.00 7.00 1.00 0.00 0.00 0.00 0.00 0.00
18.00 11.00 7.00 22.00 47.00 15.00 25.00 0.08 0.49 0.00 1.00 0.00 5.00 6.00 6.00 5.00 10.00 1.00 0.00 0.00 0.00 0.00 0.00
19.00 9.00 3.00 15.00 45.00 12.00 30.00 0.09 0.47 0.00 0.00 0.00 5.00 7.00 4.00 2.00 8.00 1.00 0.00 0.00 0.00 1.00 0.00
20.00 5.00 0.00 6.00 20.00 6.00 14.00 0.09 0.22 0.00 1.00 0.00 2.00 3.00 3.00 2.00 5.00 0.00 0.00 0.00 0.00 0.00 0.00
21.00 12.00 4.00 25.00 55.00 21.00 30.00 0.10 0.57 0.00 0.00 0.00 6.00 9.00 6.00 3.00 10.00 2.00 0.00 0.00 0.00 0.00 0.00
22.00 19.00 16.00 36.00 77.00 20.00 41.00 0.09 1.49 0.00 0.00 0.00 6.00 11.00 13.00 8.00 15.00 4.00 0.00 0.00 0.00 0.00 0.00
23.00 10.00 6.00 19.00 47.00 13.00 28.00 0.09 0.34 0.00 0.00 0.00 3.00 6.00 7.00 4.00 7.00 3.00 0.00 0.00 0.00 0.00 0.00
24.00 6.00 0.00 4.00 21.00 4.00 17.00 0.09 0.28 0.00 0.00 0.00 2.00 4.00 4.00 2.00 6.00 0.00 0.00 0.00 0.00 0.00 0.00
25.00 5.00 2.00 7.00 17.00 5.00 10.00 0.10 0.19 0.00 0.00 0.00 3.00 4.00 2.00 1.00 5.00 0.00 0.00 0.00 0.00 0.00 0.00
26.00 13.00 12.00 26.00 58.00 14.00 32.00 0.09 0.47 0.00 1.00 0.00 4.00 8.00 9.00 5.00 9.00 4.00 0.00 0.00 0.00 0.00 0.00
27.00 12.00 9.00 25.00 54.00 16.00 29.00 0.09 0.50 0.00 0.00 0.00 4.00 9.00 8.00 3.00 11.00 1.00 0.00 0.00 0.00 0.00 0.00
28.00 12.00 13.00 30.00 56.00 17.00 26.00 0.09 0.29 0.00 0.00 0.00 6.00 7.00 6.00 5.00 8.00 4.00 0.00 0.00 0.00 0.00 0.00
29.00 12.00 9.00 27.00 52.00 18.00 25.00 0.09 0.37 0.00 1.00 0.00 3.00 6.00 9.00 6.00 8.00 4.00 0.00 0.00 0.00 0.00 0.00
30.00 7.00 4.00 12.00 31.00 8.00 19.00 0.07 0.35 0.00 0.00 0.00 3.00 6.00 4.00 1.00 7.00 0.00 0.00 0.00 0.00 0.00 0.00
31.00 10.00 5.00 15.00 44.00 10.00 29.00 0.08 0.34 0.00 0.00 0.00 4.00 7.00 6.00 3.00 9.00 1.00 0.00 0.00 0.00 0.00 0.00
32.00 13.00 12.00 33.00 63.00 21.00 30.00 0.09 0.47 0.00 0.00 0.00 4.00 10.00 9.00 3.00 11.00 2.00 0.00 0.00 1.00 0.00 0.00
33.00 12.00 11.00 28.00 55.00 17.00 27.00 0.09 0.40 0.00 0.00 0.00 5.00 8.00 7.00 4.00 10.00 2.00 0.00 0.00 1.00 0.00 0.00
34.00 13.00 5.00 27.00 63.00 22.00 36.00 0.08 0.47 0.00 0.00 0.00 1.00 8.00 12.00 5.00 10.00 3.00 0.00 0.00 1.00 0.00 0.00
35.00 13.00 2.00 17.00 54.00 15.00 37.00 0.09 1.73 0.00 0.00 0.00 4.00 7.00 9.00 6.00 9.00 4.00 0.00 0.00 1.00 0.00 0.00
36.00 20.00 18.00 47.00 88.00 29.00 41.00 0.11 0.53 0.00 0.00 0.00 7.00 15.00 13.00 5.00 18.00 2.00 0.00 0.00 1.00 0.00 0.00
37.00 6.00 1.00 7.00 21.00 6.00 14.00 0.09 0.33 0.00 0.00 0.00 2.00 5.00 4.00 1.00 5.00 1.00 0.00 0.00 0.00 0.00 0.00
38.00 17.00 15.00 38.00 71.00 23.00 33.00 0.08 0.50 0.00 0.00 0.00 9.00 12.00 8.00 5.00 14.00 3.00 0.00 0.00 2.00 0.00 0.00
39.00 17.00 10.00 35.00 72.00 25.00 37.00 0.09 0.57 0.00 0.00 0.00 6.00 8.00 11.00 9.00 11.00 6.00 0.00 0.00 0.00 0.00 0.00
40.00 11.00 6.00 23.00 54.00 17.00 31.00 0.09 0.36 0.00 0.00 0.00 3.00 6.00 8.00 5.00 11.00 0.00 0.00 0.00 1.00 0.00 0.00
41.00 20.00 8.00 36.00 97.00 28.00 61.00 0.10 0.76 0.00 0.00 0.00 6.00 11.00 14.00 9.00 16.00 4.00 0.00 0.00 0.00 0.00 0.00
42.00 11.00 2.00 16.00 51.00 14.00 35.00 0.08 0.40 0.00 1.00 0.00 3.00 8.00 8.00 3.00 11.00 0.00 0.00 0.00 0.00 0.00 0.00
43.00 14.00 12.00 30.00 63.00 18.00 33.00 0.09 0.56 0.00 0.00 0.00 4.00 6.00 10.00 8.00 10.00 4.00 0.00 0.00 0.00 0.00 0.00
44.00 16.00 9.00 36.00 80.00 27.00 44.00 0.09 0.64 0.00 1.00 0.00 5.00 8.00 11.00 8.00 13.00 3.00 0.00 0.00 1.00 0.00 0.00
45.00 20.00 16.00 45.00 97.00 29.00 52.00 0.10 0.74 0.00 1.00 0.00 6.00 13.00 14.00 7.00 16.00 4.00 0.00 0.00 1.00 0.00 0.00
46.00 23.00 19.00 56.00 104.00 37.00 48.00 0.09 1.37 0.00 0.00 0.00 9.00 13.00 14.00 10.00 17.00 6.00 1.00 0.00 1.00 0.00 0.00
47.00 23.00 18.00 58.00 111.00 40.00 53.00 0.09 1.85 0.00 0.00 0.00 5.00 13.00 18.00 10.00 16.00 7.00 0.00 0.00 0.00 0.00 0.00
48.00 21.00 16.00 53.00 115.00 37.00 62.00 0.06 0.85 0.00 0.00 0.00 5.00 10.00 16.00 11.00 14.00 7.00 1.00 0.00 1.00 0.00 0.00
49.00 23.00 21.00 58.00 106.00 37.00 48.00 0.09 0.76 0.00 0.00 0.00 7.00 12.00 16.00 11.00 18.00 5.00 0.00 0.00 0.00 0.00 0.00
50.00 19.00 12.00 41.00 98.00 29.00 57.00 0.09 0.64 1.00 2.00 0.50 10.00 13.00 9.00 6.00 14.00 5.00 1.00 0.00 0.00 0.00 0.00
51.00 23.00 29.00 63.00 119.00 34.00 56.00 0.09 0.63 0.00 2.00 0.00 7.00 10.00 16.00 13.00 14.00 9.00 1.00 0.00 0.00 0.00 0.00
52.00 18.00 12.00 37.00 85.00 25.00 48.00 0.07 0.61 1.00 1.00 1.00 5.00 8.00 13.00 10.00 10.00 8.00 1.00 0.00 0.00 0.00 0.00
53.00 18.00 17.00 43.00 87.00 26.00 44.00 0.08 0.56 1.00 1.00 1.00 5.00 7.00 13.00 11.00 12.00 6.00 1.00 0.00 0.00 0.00 0.00
54.00 26.00 24.00 73.00 137.00 49.00 64.00 0.09 0.80 1.00 0.00 0.00 7.00 13.00 19.00 13.00 19.00 7.00 1.00 0.00 0.00 0.00 0.00
55.00 23.00 24.00 60.00 112.00 36.00 52.00 0.11 0.79 1.00 0.00 0.00 4.00 12.00 19.00 11.00 13.00 10.00 1.00 0.00 0.00 0.00 0.00
56.00 15.00 7.00 32.00 78.00 25.00 46.00 0.09 0.51 1.00 0.00 0.00 3.00 9.00 12.00 6.00 10.00 5.00 0.00 0.00 0.00 0.00 0.00
57.00 26.00 24.00 68.00 137.00 44.00 69.00 0.09 0.80 0.00 0.00 0.00 7.00 15.00 19.00 11.00 20.00 6.00 0.00 0.00 0.00 0.00 0.00
58.00 16.00 11.00 34.00 83.00 23.00 49.00 0.09 0.56 1.00 1.00 1.00 9.00 9.00 7.00 7.00 14.00 2.00 1.00 0.00 0.00 0.00 0.00
59.00 26.00 23.00 73.00 138.00 50.00 65.00 0.09 0.94 1.00 1.00 1.00 8.00 17.00 18.00 9.00 20.00 6.00 1.00 0.00 0.00 0.00 0.00
60.00 19.00 12.00 45.00 102.00 33.00 57.00 0.09 0.76 1.00 0.00 0.00 8.00 12.00 11.00 7.00 12.00 7.00 1.00 0.00 0.00 0.00 0.00
61.00 17.00 7.00 37.00 93.00 30.00 56.00 0.07 0.68 1.00 0.00 0.00 4.00 6.00 13.00 11.00 10.00 7.00 1.00 0.00 0.00 0.00 0.00
62.00 22.00 18.00 51.00 115.00 33.00 64.00 0.07 0.78 1.00 1.00 1.00 6.00 11.00 16.00 11.00 13.00 9.00 1.00 0.00 0.00 0.00 0.00
63.00 21.00 18.00 50.00 102.00 32.00 52.00 0.10 0.67 1.00 1.00 1.00 7.00 12.00 14.00 9.00 18.00 3.00 0.00 0.00 1.00 0.00 0.00
64.00 23.00 18.00 59.00 117.00 41.00 58.00 0.09 0.72 1.00 0.00 0.00 6.00 13.00 17.00 10.00 18.00 5.00 0.00 0.00 0.00 0.00 0.00
65.00 26.00 22.00 70.00 134.00 48.00 64.00 0.07 0.92 1.00 0.00 0.00 8.00 16.00 18.00 10.00 22.00 4.00 0.00 0.00 0.00 0.00 1.00
66.00 25.00 21.00 62.00 138.00 41.00 76.00 0.09 0.88 1.00 0.00 0.00 7.00 12.00 18.00 13.00 14.00 11.00 0.00 0.00 0.00 0.00 0.00
67.00 22.00 16.00 53.00 114.00 37.00 61.00 0.07 0.74 1.00 1.00 1.00 7.00 13.00 15.00 9.00 19.00 3.00 0.00 0.00 0.00 0.00 0.00
68.00 28.00 24.00 67.00 139.00 43.00 72.00 0.08 0.83 0.00 1.00 0.00 6.00 14.00 22.00 14.00 21.00 7.00 0.00 0.00 0.00 0.00 0.00
69.00 15.00 5.00 28.00 72.00 23.00 44.00 0.08 0.64 1.00 1.00 1.00 3.00 9.00 12.00 6.00 12.00 3.00 0.00 0.00 0.00 0.00 0.00
70.00 32.00 25.00 84.00 165.00 59.00 81.00 0.08 0.90 0.00 1.00 0.00 8.00 14.00 24.00 18.00 17.00 15.00 0.00 0.00 0.00 0.00 0.00
71.00 31.00 33.00 88.00 152.00 55.00 64.00 0.10 1.24 1.00 1.00 1.00 6.00 16.00 25.00 15.00 21.00 10.00 0.00 0.00 0.00 0.00 0.00
72.00 26.00 11.00 59.00 128.00 48.00 69.00 0.09 0.94 0.00 1.00 0.00 7.00 12.00 19.00 14.00 18.00 8.00 0.00 0.00 1.00 0.00 0.00
73.00 31.00 32.00 91.00 155.00 59.00 64.00 0.09 0.78 0.00 1.00 0.00 7.00 11.00 24.00 20.00 21.00 10.00 0.00 0.00 1.00 0.00 0.00
74.00 28.00 20.00 68.00 143.00 48.00 75.00 0.08 1.26 0.00 1.00 0.00 6.00 9.00 22.00 19.00 16.00 12.00 0.00 0.00 0.00 0.00 0.00
75.00 37.00 33.00 96.00 199.00 63.00 103.00 0.08 0.83 1.00 2.00 0.50 6.00 11.00 31.00 26.00 19.00 18.00 0.00 0.00 2.00 0.00 0.00
76.00 31.00 29.00 91.00 166.00 62.00 75.00 0.09 0.68 0.00 2.00 0.00 7.00 13.00 24.00 18.00 19.00 12.00 1.00 0.00 1.00 0.00 0.00
77.00 36.00 43.00 106.00 181.00 63.00 75.00 0.09 0.72 1.00 2.00 0.50 7.00 16.00 29.00 20.00 24.00 12.00 1.00 0.00 1.00 0.00 0.00
78.00 28.00 21.00 75.00 138.00 54.00 63.00 0.08 0.68 0.00 2.00 0.00 6.00 14.00 22.00 14.00 21.00 7.00 0.00 0.00 0.00 0.00 0.00
79.00 28.00 30.00 76.00 149.00 46.00 73.00 0.08 0.69 0.00 2.00 0.00 7.00 14.00 21.00 14.00 21.00 7.00 1.00 0.00 0.00 0.00 0.00
80.00 33.00 36.00 90.00 173.00 54.00 83.00 0.07 0.77 0.00 3.00 0.00 9.00 15.00 24.00 18.00 23.00 10.00 1.00 0.00 2.00 0.00 0.00
81.00 35.00 35.00 103.00 183.00 68.00 80.00 0.09 0.65 0.00 2.00 0.00 8.00 17.00 27.00 18.00 23.00 12.00 0.00 0.00 1.00 1.00 0.00
82.00 34.00 28.00 89.00 174.00 61.00 85.00 0.08 0.70 0.00 1.00 0.00 15.00 19.00 19.00 15.00 24.00 10.00 1.00 0.00 0.00 2.00 0.00
83.00 35.00 42.00 104.00 182.00 62.00 78.00 0.09 0.63 1.00 0.00 0.00 7.00 15.00 28.00 20.00 23.00 12.00 1.00 0.00 0.00 1.00 0.00
84.00 35.00 37.00 102.00 189.00 65.00 87.00 0.08 0.73 0.00 2.00 0.00 11.00 18.00 24.00 17.00 21.00 14.00 1.00 0.00 1.00 1.00 0.00
85.00 35.00 38.00 96.00 188.00 58.00 92.00 0.08 0.66 0.00 4.00 0.00 12.00 20.00 23.00 15.00 27.00 8.00 1.00 0.00 0.00 2.00 0.00
86.00 29.00 27.00 88.00 158.00 61.00 70.00 0.10 0.69 0.00 1.00 0.00 5.00 10.00 24.00 19.00 17.00 12.00 0.00 0.00 1.00 0.00 0.00
87.00 32.00 36.00 94.00 171.00 58.00 77.00 0.08 0.78 0.00 3.00 0.00 10.00 21.00 22.00 11.00 23.00 9.00 1.00 0.00 0.00 1.00 0.00
88.00 38.00 49.00 114.00 193.00 65.00 79.00 0.09 0.63 0.00 4.00 0.00 11.00 20.00 27.00 18.00 25.00 13.00 0.00 0.00 0.00 0.00 0.00
89.00 31.00 25.00 89.00 166.00 64.00 77.00 0.08 0.65 0.00 2.00 0.00 5.00 13.00 26.00 18.00 18.00 13.00 1.00 0.00 1.00 0.00 0.00
90.00 35.00 34.00 105.00 183.00 71.00 78.00 0.09 0.81 0.00 2.00 0.00 7.00 14.00 28.00 21.00 18.00 17.00 1.00 0.00 1.00 0.00 0.00
91.00 34.00 34.00 95.00 173.00 61.00 78.00 0.09 0.74 0.00 2.00 0.00 9.00 16.00 25.00 18.00 23.00 11.00 1.00 0.00 2.00 0.00 1.00
92.00 35.00 38.00 94.00 175.00 56.00 81.00 0.10 0.80 0.00 1.00 0.00 10.00 19.00 25.00 16.00 23.00 12.00 0.00 0.00 1.00 0.00 0.00
93.00 34.00 30.00 92.00 172.00 62.00 80.00 0.08 0.80 0.00 4.00 0.00 11.00 19.00 23.00 15.00 24.00 10.00 1.00 1.00 1.00 0.00 0.00
94.00 34.00 41.00 97.00 179.00 56.00 82.00 0.07 0.83 0.00 2.00 0.00 10.00 19.00 24.00 15.00 21.00 13.00 1.00 0.00 1.00 0.00 0.00
95.00 30.00 37.00 83.00 157.00 46.00 74.00 0.09 0.75 0.00 3.00 0.00 7.00 12.00 23.00 18.00 19.00 11.00 1.00 0.00 1.00 0.00 0.00
96.00 40.00 40.00 106.00 196.00 66.00 90.00 0.08 0.97 0.00 3.00 0.00 10.00 18.00 30.00 22.00 24.00 16.00 1.00 0.00 1.00 0.00 0.00
97.00 39.00 49.00 106.00 193.00 57.00 87.00 0.07 1.04 0.00 3.00 0.00 7.00 17.00 32.00 22.00 21.00 18.00 1.00 0.00 1.00 0.00 0.00
98.00 36.00 42.00 106.00 183.00 64.00 77.00 0.08 0.80 0.00 4.00 0.00 10.00 19.00 26.00 17.00 23.00 13.00 1.00 0.00 1.00 0.00 0.00
99.00 35.00 34.00 92.00 179.00 58.00 87.00 0.10 0.79 0.00 3.00 0.00 8.00 17.00 27.00 18.00 21.00 14.00 1.00 0.00 1.00 0.00 0.00
100.00 39.00 44.00 114.00 195.00 70.00 81.00 0.10 0.90 0.00 4.00 0.00 14.00 21.00 25.00 18.00 22.00 17.00 2.00 0.00 1.00 0.00 0.00
101.00 41.00 47.00 116.00 204.00 69.00 88.00 0.09 0.82 0.00 3.00 0.00 9.00 21.00 32.00 20.00 26.00 15.00 1.00 0.00 2.00 0.00 0.00
102.00 34.00 28.00 92.00 175.00 64.00 83.00 0.08 0.93 1.00 1.00 1.00 7.00 15.00 27.00 19.00 20.00 14.00 1.00 0.00 2.00 0.00 0.00
103.00 38.00 38.00 101.00 185.00 63.00 84.00 0.08 0.78 1.00 3.00 0.33 8.00 21.00 30.00 17.00 25.00 13.00 0.00 0.00 1.00 1.00 0.00
104.00 30.00 31.00 80.00 151.00 49.00 71.00 0.09 0.66 0.00 2.00 0.00 7.00 15.00 23.00 15.00 17.00 13.00 1.00 0.00 2.00 0.00 0.00
105.00 29.00 29.00 77.00 146.00 48.00 69.00 0.10 0.56 1.00 2.00 0.50 8.00 16.00 21.00 13.00 23.00 6.00 1.00 0.00 1.00 0.00 0.00
106.00 36.00 37.00 100.00 182.00 63.00 82.00 0.07 0.80 0.00 1.00 0.00 12.00 20.00 24.00 16.00 26.00 10.00 0.00 0.00 0.00 0.00 0.00
107.00 23.00 18.00 59.00 116.00 41.00 57.00 0.10 0.57 0.00 3.00 0.00 6.00 13.00 17.00 10.00 15.00 8.00 1.00 0.00 0.00 0.00 0.00
108.00 33.00 27.00 77.00 145.00 50.00 68.00 0.09 0.65 0.00 2.00 0.00 8.00 20.00 25.00 13.00 26.00 7.00 0.00 0.00 0.00 0.00 0.00
109.00 26.00 31.00 73.00 132.00 42.00 59.00 0.08 0.57 0.00 1.00 0.00 8.00 13.00 18.00 13.00 18.00 8.00 1.00 0.00 0.00 0.00 0.00
110.00 24.00 27.00 68.00 120.00 41.00 52.00 0.08 0.51 0.00 0.00 0.00 5.00 15.00 19.00 9.00 16.00 8.00 0.00 0.00 1.00 0.00 0.00
111.00 31.00 25.00 69.00 141.00 44.00 72.00 0.09 0.81 0.00 1.00 0.00 9.00 19.00 22.00 12.00 26.00 5.00 0.00 0.00 0.00 0.00 0.00
112.00 30.00 26.00 83.00 155.00 57.00 72.00 0.09 0.80 0.00 1.00 0.00 7.00 13.00 23.00 17.00 18.00 12.00 0.00 0.00 2.00 0.00 0.00
113.00 24.00 23.00 70.00 121.00 47.00 51.00 0.10 0.64 0.00 1.00 0.00 5.00 7.00 19.00 17.00 14.00 10.00 0.00 0.00 1.00 0.00 0.00
114.00 31.00 37.00 85.00 153.00 48.00 68.00 0.07 0.74 0.00 2.00 0.00 6.00 13.00 25.00 18.00 21.00 10.00 1.00 0.00 1.00 0.00 0.00
115.00 29.00 31.00 78.00 140.00 47.00 62.00 0.09 0.62 0.00 1.00 0.00 7.00 14.00 22.00 15.00 16.00 13.00 1.00 0.00 0.00 0.00 0.00
116.00 26.00 32.00 72.00 135.00 40.00 63.00 0.09 0.60 0.00 1.00 0.00 5.00 12.00 21.00 14.00 14.00 12.00 1.00 0.00 1.00 0.00 0.00
117.00 26.00 35.00 70.00 131.00 35.00 61.00 0.08 0.51 0.00 1.00 0.00 5.00 11.00 21.00 15.00 19.00 7.00 1.00 0.00 1.00 0.00 0.00
118.00 27.00 25.00 67.00 130.00 42.00 63.00 0.10 0.74 0.00 3.00 0.00 4.00 11.00 23.00 16.00 13.00 14.00 0.00 0.00 1.00 0.00 0.00
119.00 29.00 32.00 76.00 145.00 44.00 69.00 0.09 0.72 0.00 2.00 0.00 7.00 11.00 22.00 18.00 18.00 11.00 0.00 0.00 2.00 0.00 0.00
120.00 18.00 11.00 39.00 88.00 28.00 49.00 0.09 0.64 0.00 1.00 0.00 3.00 10.00 15.00 8.00 12.00 6.00 0.00 0.00 1.00 0.00 0.00
121.00 19.00 18.00 48.00 92.00 30.00 44.00 0.09 0.55 0.00 0.00 0.00 3.00 7.00 16.00 12.00 14.00 5.00 0.00 0.00 1.00 0.00 0.00
122.00 24.00 14.00 48.00 112.00 34.00 64.00 0.07 0.67 0.00 0.00 0.00 8.00 14.00 16.00 10.00 18.00 6.00 0.00 1.00 1.00 0.00 0.00
123.00 13.00 6.00 28.00 62.00 22.00 34.00 0.08 0.51 0.00 0.00 0.00 4.00 8.00 9.00 5.00 12.00 1.00 0.00 0.00 0.00 0.00 0.00
124.00 21.00 17.00 52.00 108.00 35.00 56.00 0.08 0.63 0.00 0.00 0.00 5.00 10.00 16.00 11.00 15.00 6.00 0.00 0.00 1.00 1.00 0.00
125.00 25.00 24.00 66.00 139.00 42.00 73.00 0.08 0.55 0.00 1.00 0.00 5.00 15.00 20.00 10.00 20.00 5.00 0.00 0.00 1.00 0.00 0.00
126.00 27.00 22.00 70.00 139.00 48.00 69.00 0.09 0.59 0.00 0.00 0.00 8.00 15.00 19.00 12.00 20.00 7.00 0.00 0.00 1.00 0.00 0.00
127.00 32.00 26.00 87.00 157.00 61.00 70.00 0.09 0.65 0.00 1.00 0.00 8.00 14.00 24.00 18.00 20.00 12.00 0.00 0.00 1.00 0.00 0.00
128.00 29.00 29.00 77.00 143.00 48.00 66.00 0.08 0.73 0.00 3.00 0.00 6.00 13.00 23.00 16.00 18.00 11.00 0.00 0.00 1.00 0.00 0.00
129.00 32.00 31.00 90.00 162.00 59.00 72.00 0.08 0.79 1.00 0.00 0.00 7.00 16.00 25.00 16.00 21.00 11.00 1.00 0.00 2.00 0.00 0.00
130.00 26.00 30.00 75.00 132.00 45.00 57.00 0.08 0.72 0.00 2.00 0.00 5.00 9.00 21.00 17.00 15.00 11.00 0.00 0.00 1.00 0.00 0.00
131.00 30.00 40.00 83.00 149.00 43.00 66.00 0.08 0.84 0.00 2.00 0.00 9.00 14.00 21.00 16.00 20.00 10.00 0.00 0.00 1.00 0.00 0.00
132.00 32.00 34.00 90.00 163.00 56.00 73.00 0.08 0.74 0.00 2.00 0.00 11.00 16.00 21.00 16.00 22.00 10.00 1.00 0.00 2.00 0.00 0.00
133.00 31.00 44.00 97.00 160.00 53.00 63.00 0.08 0.72 0.00 2.00 0.00 7.00 15.00 24.00 16.00 22.00 9.00 1.00 0.00 1.00 0.00 0.00
134.00 39.00 40.00 104.00 197.00 64.00 93.00 0.10 0.88 0.00 2.00 0.00 14.00 19.00 25.00 20.00 29.00 10.00 0.00 0.00 2.00 0.00 0.00
135.00 35.00 41.00 106.00 183.00 65.00 77.00 0.08 0.92 0.00 2.00 0.00 8.00 20.00 27.00 15.00 24.00 11.00 1.00 0.00 2.00 0.00 0.00
136.00 33.00 43.00 98.00 165.00 55.00 67.00 0.08 0.89 0.00 2.00 0.00 7.00 14.00 26.00 19.00 20.00 13.00 0.00 0.00 0.00 1.00 0.00
137.00 36.00 44.00 114.00 186.00 70.00 72.00 0.08 1.05 0.00 3.00 0.00 8.00 15.00 28.00 21.00 20.00 16.00 1.00 0.00 1.00 0.00 0.00
138.00 35.00 44.00 99.00 182.00 55.00 83.00 0.09 0.72 0.00 3.00 0.00 7.00 14.00 28.00 21.00 23.00 12.00 2.00 0.00 0.00 0.00 0.00
139.00 41.00 54.00 124.00 202.00 70.00 78.00 0.09 0.86 0.00 3.00 0.00 9.00 21.00 32.00 20.00 29.00 12.00 2.00 0.00 1.00 0.00 0.00
140.00 35.00 43.00 99.00 177.00 56.00 78.00 0.08 0.75 0.00 3.00 0.00 7.00 16.00 28.00 19.00 23.00 12.00 1.00 0.00 1.00 0.00 0.00
141.00 34.00 37.00 97.00 171.00 60.00 74.00 0.08 0.90 0.00 3.00 0.00 11.00 15.00 23.00 19.00 23.00 11.00 0.00 0.00 1.00 0.00 0.00
142.00 36.00 44.00 99.00 186.00 55.00 87.00 0.07 0.91 0.00 2.00 0.00 5.00 17.00 31.00 19.00 23.00 13.00 1.00 0.00 2.00 0.00 0.00
143.00 33.00 44.00 104.00 177.00 60.00 73.00 0.09 0.69 0.00 2.00 0.00 7.00 11.00 26.00 22.00 19.00 14.00 1.00 0.00 0.00 0.00 0.00
144.00 36.00 43.00 100.00 190.00 57.00 90.00 0.08 0.75 0.00 2.00 0.00 10.00 17.00 26.00 19.00 25.00 11.00 1.00 0.00 0.00 1.00 0.00
145.00 36.00 39.00 105.00 184.00 66.00 79.00 0.10 0.80 0.00 5.00 0.00 10.00 14.00 26.00 22.00 21.00 15.00 1.00 0.00 1.00 0.00 0.00
146.00 35.00 42.00 96.00 174.00 54.00 78.00 0.08 0.96 1.00 3.00 0.33 7.00 18.00 28.00 17.00 20.00 15.00 1.00 0.00 1.00 0.00 0.00
147.00 39.00 40.00 119.00 201.00 79.00 82.00 0.08 1.32 0.00 3.00 0.00 5.00 14.00 34.00 25.00 20.00 19.00 1.00 0.00 1.00 0.00 0.00
148.00 37.00 35.00 104.00 191.00 69.00 87.00 0.08 0.86 0.00 3.00 0.00 10.00 13.00 27.00 24.00 21.00 16.00 1.00 0.00 0.00 0.00 0.00
149.00 37.00 49.00 114.00 193.00 65.00 79.00 0.09 0.84 1.00 2.00 0.50 8.00 15.00 29.00 22.00 20.00 17.00 1.00 0.00 0.00 0.00 0.00
150.00 37.00 50.00 113.00 192.00 63.00 79.00 0.08 0.71 1.00 2.00 0.50 9.00 18.00 28.00 19.00 22.00 15.00 1.00 0.00 2.00 0.00 0.00
151.00 38.00 50.00 119.00 202.00 69.00 83.00 0.09 0.70 0.00 3.00 0.00 6.00 11.00 32.00 27.00 22.00 16.00 1.00 0.00 1.00 0.00 0.00
152.00 42.00 57.00 131.00 217.00 74.00 86.00 0.09 0.79 0.00 3.00 0.00 8.00 15.00 34.00 27.00 24.00 18.00 0.00 0.00 0.00 0.00 0.00
153.00 36.00 47.00 115.00 190.00 68.00 75.00 0.08 0.68 0.00 3.00 0.00 8.00 21.00 28.00 15.00 28.00 8.00 0.00 0.00 2.00 0.00 0.00
154.00 46.00 63.00 130.00 235.00 67.00 105.00 0.09 1.16 0.00 3.00 0.00 11.00 21.00 35.00 25.00 25.00 21.00 1.00 0.00 1.00 0.00 0.00
155.00 39.00 52.00 107.00 183.00 55.00 76.00 0.10 1.36 0.00 3.00 0.00 11.00 17.00 28.00 22.00 23.00 16.00 0.00 0.00 0.00 0.00 0.00
156.00 35.00 42.00 98.00 181.00 56.00 83.00 0.09 0.71 1.00 3.00 0.33 10.00 19.00 25.00 16.00 24.00 11.00 1.00 0.00 0.00 0.00 0.00
157.00 34.00 39.00 102.00 180.00 63.00 78.00 0.08 0.73 0.00 3.00 0.00 5.00 14.00 29.00 20.00 21.00 13.00 1.00 0.00 0.00 0.00 0.00
158.00 37.00 45.00 106.00 188.00 61.00 82.00 0.09 0.80 1.00 2.00 0.50 10.00 16.00 27.00 21.00 25.00 12.00 0.00 0.00 0.00 0.00 0.00
159.00 42.00 52.00 120.00 211.00 68.00 91.00 0.09 0.87 0.00 4.00 0.00 7.00 18.00 35.00 24.00 23.00 19.00 1.00 0.00 1.00 0.00 0.00
160.00 37.00 40.00 96.00 189.00 56.00 93.00 0.09 0.78 1.00 3.00 0.33 6.00 18.00 31.00 19.00 24.00 13.00 1.00 0.00 0.00 0.00 0.00
161.00 41.00 53.00 119.00 210.00 66.00 91.00 0.08 0.82 0.00 4.00 0.00 10.00 15.00 31.00 26.00 23.00 18.00 1.00 0.00 0.00 0.00 0.00
162.00 40.00 48.00 112.00 209.00 64.00 97.00 0.08 0.82 0.00 2.00 0.00 4.00 14.00 36.00 26.00 25.00 15.00 1.00 0.00 0.00 0.00 0.00
163.00 32.00 28.00 89.00 165.00 61.00 76.00 0.08 0.65 0.00 2.00 0.00 8.00 18.00 24.00 14.00 24.00 8.00 0.00 0.00 0.00 0.00 0.00
164.00 31.00 44.00 90.00 157.00 46.00 67.00 0.09 1.02 0.00 2.00 0.00 8.00 14.00 23.00 17.00 17.00 14.00 1.00 0.00 0.00 0.00 0.00
165.00 31.00 30.00 93.00 165.00 63.00 72.00 0.08 0.70 0.00 3.00 0.00 4.00 13.00 27.00 18.00 18.00 13.00 0.00 0.00 1.00 0.00 0.00
166.00 31.00 34.00 88.00 158.00 54.00 70.00 0.07 0.56 0.00 3.00 0.00 9.00 15.00 22.00 16.00 22.00 9.00 1.00 0.00 1.00 0.00 0.00
167.00 26.00 30.00 71.00 128.00 41.00 57.00 0.10 0.75 0.00 1.00 0.00 8.00 12.00 18.00 14.00 18.00 8.00 0.00 0.00 0.00 0.00 0.00
168.00 37.00 46.00 113.00 190.00 67.00 77.00 0.08 0.76 0.00 3.00 0.00 10.00 19.00 27.00 18.00 25.00 12.00 1.00 0.00 0.00 0.00 0.00
169.00 34.00 41.00 97.00 169.00 56.00 72.00 0.08 0.58 0.00 2.00 0.00 7.00 13.00 27.00 21.00 23.00 11.00 1.00 0.00 0.00 0.00 0.00
170.00 37.00 55.00 107.00 183.00 52.00 76.00 0.10 0.83 0.00 4.00 0.00 7.00 14.00 30.00 23.00 20.00 17.00 1.00 0.00 0.00 0.00 0.00
171.00 37.00 31.00 92.00 182.00 61.00 90.00 0.08 0.99 0.00 3.00 0.00 9.00 14.00 28.00 23.00 20.00 17.00 0.00 0.00 0.00 0.00 0.00
172.00 34.00 38.00 97.00 172.00 59.00 75.00 0.08 0.81 0.00 3.00 0.00 10.00 17.00 24.00 17.00 23.00 11.00 1.00 0.00 2.00 0.00 0.00
173.00 39.00 60.00 119.00 194.00 59.00 75.00 0.08 0.73 0.00 3.00 0.00 9.00 20.00 30.00 19.00 26.00 13.00 1.00 0.00 0.00 0.00 0.00
174.00 37.00 50.00 114.00 197.00 64.00 83.00 0.08 0.75 0.00 3.00 0.00 7.00 11.00 30.00 26.00 21.00 16.00 1.00 0.00 2.00 0.00 0.00
175.00 40.00 47.00 121.00 204.00 74.00 83.00 0.10 0.73 0.00 3.00 0.00 11.00 23.00 29.00 17.00 28.00 12.00 0.00 0.00 0.00 0.00 0.00
176.00 36.00 41.00 108.00 186.00 67.00 78.00 0.07 0.69 0.00 4.00 0.00 10.00 18.00 26.00 18.00 21.00 15.00 0.00 0.00 0.00 0.00 0.00
177.00 37.00 46.00 107.00 187.00 61.00 80.00 0.09 0.70 0.00 4.00 0.00 7.00 13.00 30.00 24.00 23.00 14.00 0.00 0.00 0.00 0.00 0.00
178.00 36.00 56.00 99.00 174.00 43.00 75.00 0.08 0.86 0.00 3.00 0.00 11.00 19.00 25.00 17.00 24.00 12.00 0.00 0.00 0.00 0.00 0.00
179.00 39.00 59.00 117.00 197.00 58.00 80.00 0.08 0.86 0.00 3.00 0.00 8.00 15.00 31.00 24.00 22.00 17.00 1.00 0.00 0.00 0.00 0.00
180.00 33.00 37.00 90.00 170.00 53.00 80.00 0.09 0.64 0.00 1.00 0.00 6.00 13.00 27.00 20.00 21.00 12.00 0.00 0.00 0.00 1.00 0.00
181.00 41.00 58.00 124.00 212.00 66.00 88.00 0.08 0.91 0.00 5.00 0.00 8.00 14.00 33.00 27.00 23.00 18.00 1.00 0.00 0.00 0.00 0.00
182.00 32.00 37.00 89.00 157.00 52.00 68.00 0.10 0.80 0.00 3.00 0.00 10.00 17.00 22.00 15.00 21.00 11.00 1.00 0.00 0.00 0.00 0.00
183.00 43.00 65.00 139.00 224.00 74.00 85.00 0.09 0.77 0.00 2.00 0.00 6.00 18.00 37.00 25.00 24.00 19.00 1.00 0.00 0.00 0.00 0.00
184.00 41.00 64.00 130.00 204.00 66.00 74.00 0.08 0.88 0.00 4.00 0.00 8.00 16.00 33.00 25.00 22.00 19.00 1.00 0.00 1.00 0.00 0.00
185.00 37.00 51.00 110.00 195.00 59.00 85.00 0.08 0.73 0.00 2.00 0.00 6.00 14.00 31.00 23.00 20.00 17.00 0.00 0.00 1.00 0.00 0.00
186.00 35.00 48.00 111.00 185.00 63.00 74.00 0.07 0.69 0.00 3.00 0.00 5.00 10.00 30.00 25.00 17.00 18.00 0.00 0.00 1.00 0.00 0.00
187.00 37.00 62.00 114.00 190.00 52.00 76.00 0.08 0.82 0.00 5.00 0.00 10.00 23.00 27.00 14.00 28.00 9.00 1.00 0.00 1.00 0.00 0.00
188.00 36.00 45.00 115.00 190.00 70.00 75.00 0.08 0.68 0.00 3.00 0.00 3.00 9.00 33.00 27.00 18.00 18.00 0.00 0.00 0.00 0.00 0.00
189.00 31.00 41.00 93.00 160.00 52.00 67.00 0.08 0.71 0.00 2.00 0.00 2.00 13.00 29.00 18.00 21.00 10.00 1.00 0.00 0.00 0.00 0.00
190.00 32.00 43.00 103.00 169.00 60.00 66.00 0.08 0.67 0.00 3.00 0.00 6.00 15.00 26.00 17.00 19.00 13.00 2.00 0.00 0.00 0.00 0.00
191.00 36.00 45.00 109.00 192.00 64.00 83.00 0.08 0.81 0.00 4.00 0.00 8.00 15.00 28.00 21.00 20.00 16.00 2.00 0.00 0.00 0.00 0.00
192.00 33.00 50.00 105.00 171.00 55.00 66.00 0.08 0.73 0.00 3.00 0.00 8.00 9.00 25.00 24.00 18.00 15.00 1.00 0.00 0.00 0.00 0.00
193.00 34.00 58.00 106.00 172.00 48.00 66.00 0.10 0.70 0.00 3.00 0.00 7.00 15.00 27.00 19.00 21.00 13.00 1.00 0.00 0.00 0.00 0.00
194.00 31.00 42.00 99.00 154.00 57.00 55.00 0.09 0.72 0.00 3.00 0.00 7.00 13.00 24.00 18.00 22.00 9.00 1.00 0.00 1.00 0.00 0.00
195.00 32.00 51.00 100.00 165.00 49.00 65.00 0.09 0.64 0.00 4.00 0.00 1.00 7.00 31.00 25.00 15.00 17.00 1.00 0.00 0.00 0.00 0.00
196.00 34.00 48.00 103.00 175.00 55.00 72.00 0.09 0.71 0.00 3.00 0.00 8.00 14.00 26.00 20.00 21.00 13.00 1.00 0.00 1.00 0.00 0.00
197.00 34.00 47.00 107.00 177.00 60.00 70.00 0.08 0.75 0.00 5.00 0.00 9.00 14.00 25.00 20.00 19.00 15.00 1.00 0.00 1.00 0.00 0.00
198.00 35.00 52.00 112.00 182.00 60.00 70.00 0.09 0.75 0.00 3.00 0.00 6.00 13.00 29.00 22.00 19.00 16.00 1.00 0.00 1.00 0.00 0.00
199.00 34.00 52.00 105.00 176.00 53.00 71.00 0.08 0.80 0.00 3.00 0.00 7.00 14.00 27.00 20.00 19.00 15.00 1.00 0.00 0.00 0.00 0.00
200.00 37.00 67.00 122.00 185.00 55.00 63.00 0.09 0.69 0.00 4.00 0.00 9.00 19.00 28.00 18.00 23.00 14.00 1.00 0.00 0.00 0.00 0.00
201.00 37.00 48.00 107.00 197.00 59.00 90.00 0.08 0.83 0.00 3.00 0.00 10.00 16.00 27.00 21.00 23.00 14.00 1.00 0.00 1.00 0.00 0.00
202.00 37.00 45.00 106.00 182.00 61.00 76.00 0.10 1.21 0.00 3.00 0.00 10.00 19.00 27.00 18.00 26.00 11.00 1.00 0.00 0.00 0.00 0.00
203.00 36.00 51.00 109.00 179.00 58.00 70.00 0.08 0.76 0.00 2.00 0.00 9.00 15.00 27.00 21.00 23.00 13.00 1.00 0.00 0.00 0.00 0.00
204.00 28.00 38.00 78.00 141.00 40.00 63.00 0.10 0.71 0.00 3.00 0.00 9.00 15.00 19.00 13.00 20.00 8.00 1.00 0.00 0.00 0.00 0.00
205.00 27.00 27.00 78.00 139.00 51.00 61.00 0.10 0.72 1.00 1.00 1.00 6.00 12.00 21.00 15.00 20.00 7.00 1.00 0.00 0.00 0.00 0.00
206.00 28.00 30.00 82.00 154.00 52.00 72.00 0.09 0.63 0.00 2.00 0.00 3.00 8.00 25.00 20.00 13.00 15.00 1.00 0.00 0.00 0.00 0.00
207.00 31.00 45.00 87.00 148.00 42.00 61.00 0.08 0.66 0.00 2.00 0.00 9.00 16.00 22.00 15.00 21.00 10.00 1.00 0.00 1.00 0.00 0.00
208.00 31.00 31.00 86.00 154.00 55.00 68.00 0.09 0.71 0.00 5.00 0.00 7.00 12.00 24.00 19.00 16.00 15.00 1.00 0.00 0.00 1.00 0.00
209.00 28.00 30.00 80.00 142.00 50.00 62.00 0.09 0.63 0.00 5.00 0.00 8.00 14.00 20.00 14.00 20.00 8.00 1.00 0.00 0.00 0.00 0.00
210.00 27.00 42.00 81.00 138.00 39.00 57.00 0.08 0.57 0.00 2.00 0.00 4.00 9.00 23.00 18.00 15.00 12.00 1.00 0.00 0.00 0.00 0.00
211.00 27.00 37.00 79.00 139.00 42.00 60.00 0.09 0.66 0.00 3.00 0.00 3.00 8.00 24.00 19.00 14.00 13.00 1.00 0.00 0.00 0.00 0.00
212.00 31.00 36.00 80.00 157.00 44.00 77.00 0.10 0.83 0.00 2.00 0.00 10.00 16.00 21.00 15.00 20.00 11.00 0.00 0.00 0.00 0.00 0.00
213.00 32.00 47.00 98.00 159.00 51.00 61.00 0.09 0.65 0.00 2.00 0.00 8.00 16.00 24.00 16.00 19.00 13.00 0.00 0.00 0.00 0.00 0.00
214.00 28.00 35.00 74.00 141.00 39.00 67.00 0.06 0.65 0.00 4.00 0.00 7.00 14.00 21.00 14.00 22.00 6.00 1.00 0.00 0.00 0.00 0.00
215.00 23.00 22.00 52.00 111.00 30.00 59.00 0.06 0.85 0.00 1.00 0.00 6.00 13.00 17.00 10.00 14.00 9.00 0.00 0.00 0.00 0.00 0.00
216.00 32.00 41.00 92.00 160.00 51.00 68.00 0.09 0.72 0.00 4.00 0.00 7.00 18.00 25.00 14.00 24.00 8.00 1.00 0.00 0.00 0.00 0.00
217.00 29.00 34.00 82.00 151.00 48.00 69.00 0.10 0.75 0.00 5.00 0.00 8.00 12.00 21.00 17.00 24.00 5.00 1.00 0.00 1.00 0.00 0.00
218.00 36.00 42.00 100.00 175.00 58.00 75.00 0.07 0.79 0.00 3.00 0.00 10.00 19.00 26.00 17.00 23.00 13.00 0.00 0.00 0.00 0.00 0.00
219.00 29.00 32.00 87.00 152.00 55.00 65.00 0.09 0.70 0.00 4.00 0.00 6.00 15.00 23.00 14.00 18.00 11.00 1.00 0.00 0.00 0.00 0.00
220.00 34.00 42.00 95.00 173.00 53.00 78.00 0.10 0.76 0.00 4.00 0.00 7.00 15.00 27.00 19.00 23.00 11.00 0.00 0.00 0.00 0.00 0.00
221.00 28.00 24.00 76.00 143.00 52.00 67.00 0.09 0.96 0.00 2.00 0.00 10.00 15.00 18.00 13.00 19.00 9.00 1.00 0.00 0.00 0.00 0.00
222.00 33.00 35.00 93.00 175.00 58.00 82.00 0.08 0.80 0.00 5.00 0.00 8.00 16.00 25.00 17.00 21.00 12.00 1.00 0.00 0.00 0.00 0.00
223.00 34.00 40.00 98.00 175.00 58.00 77.00 0.09 0.88 0.00 5.00 0.00 9.00 15.00 25.00 19.00 22.00 12.00 1.00 0.00 0.00 0.00 0.00
224.00 23.00 21.00 60.00 115.00 39.00 55.00 0.10 0.79 0.00 4.00 0.00 9.00 12.00 14.00 11.00 15.00 8.00 1.00 0.00 0.00 0.00 0.00
225.00 32.00 40.00 100.00 164.00 60.00 64.00 0.08 0.75 0.00 2.00 0.00 9.00 12.00 23.00 20.00 19.00 13.00 2.00 0.00 0.00 0.00 0.00
226.00 35.00 49.00 93.00 161.00 44.00 68.00 0.10 0.81 0.00 4.00 0.00 7.00 12.00 28.00 23.00 19.00 16.00 1.00 0.00 0.00 0.00 0.00
227.00 30.00 47.00 100.00 156.00 53.00 56.00 0.08 0.62 0.00 3.00 0.00 5.00 15.00 25.00 15.00 21.00 9.00 1.00 0.00 1.00 0.00 0.00
228.00 29.00 32.00 82.00 148.00 50.00 66.00 0.08 0.63 0.00 2.00 0.00 4.00 11.00 25.00 18.00 18.00 11.00 1.00 0.00 0.00 0.00 0.00
229.00 29.00 33.00 79.00 148.00 46.00 69.00 0.09 0.75 0.00 2.00 0.00 9.00 16.00 20.00 13.00 20.00 9.00 1.00 0.00 0.00 1.00 0.00
230.00 28.00 30.00 78.00 150.00 48.00 72.00 0.08 0.71 0.00 2.00 0.00 6.00 15.00 22.00 13.00 19.00 9.00 1.00 0.00 0.00 0.00 0.00
231.00 34.00 51.00 111.00 173.00 60.00 62.00 0.08 0.71 0.00 2.00 0.00 6.00 9.00 28.00 25.00 16.00 18.00 0.00 0.00 0.00 0.00 0.00
232.00 24.00 24.00 64.00 123.00 40.00 59.00 0.09 0.65 0.00 1.00 0.00 7.00 13.00 17.00 11.00 17.00 7.00 0.00 0.00 0.00 0.00 0.00
233.00 30.00 26.00 86.00 152.00 60.00 66.00 0.10 0.68 0.00 3.00 0.00 10.00 13.00 20.00 17.00 18.00 12.00 0.00 0.00 0.00 0.00 0.00
234.00 27.00 37.00 78.00 140.00 41.00 62.00 0.10 0.61 0.00 5.00 0.00 5.00 12.00 22.00 15.00 17.00 10.00 0.00 0.00 0.00 0.00 0.00
235.00 34.00 35.00 98.00 169.00 63.00 71.00 0.07 1.26 0.00 4.00 0.00 6.00 14.00 28.00 20.00 19.00 15.00 0.00 0.00 0.00 1.00 0.00
236.00 34.00 36.00 83.00 166.00 47.00 83.00 0.09 1.12 0.00 3.00 0.00 8.00 16.00 26.00 18.00 24.00 10.00 1.00 0.00 0.00 0.00 0.00
237.00 34.00 47.00 102.00 178.00 55.00 76.00 0.07 0.71 0.00 4.00 0.00 4.00 9.00 30.00 25.00 14.00 20.00 1.00 0.00 0.00 0.00 0.00
238.00 33.00 50.00 98.00 164.00 48.00 66.00 0.08 0.91 0.00 3.00 0.00 8.00 15.00 25.00 18.00 16.00 17.00 0.00 0.00 0.00 0.00 0.00
239.00 32.00 40.00 97.00 168.00 57.00 71.00 0.09 0.73 0.00 3.00 0.00 5.00 14.00 27.00 18.00 15.00 17.00 1.00 0.00 0.00 0.00 0.00
240.00 29.00 38.00 82.00 149.00 44.00 67.00 0.08 0.72 0.00 3.00 0.00 9.00 14.00 20.00 15.00 19.00 10.00 1.00 0.00 0.00 0.00 0.00
241.00 33.00 40.00 93.00 177.00 53.00 84.00 0.08 0.92 1.00 2.00 0.50 11.00 17.00 22.00 16.00 23.00 10.00 1.00 0.00 0.00 0.00 0.00
242.00 29.00 32.00 81.00 152.00 49.00 71.00 0.08 1.73 1.00 3.00 0.33 6.00 10.00 23.00 19.00 17.00 12.00 0.00 0.00 0.00 0.00 0.00
243.00 28.00 43.00 82.00 149.00 39.00 67.00 0.07 0.89 0.00 2.00 0.00 4.00 10.00 24.00 18.00 16.00 12.00 0.00 0.00 1.00 0.00 0.00
244.00 22.00 31.00 60.00 111.00 29.00 51.00 0.07 0.77 0.00 3.00 0.00 5.00 13.00 17.00 9.00 17.00 5.00 0.00 0.00 0.00 0.00 0.00
245.00 21.00 25.00 45.00 105.00 20.00 60.00 0.08 0.78 0.00 4.00 0.00 11.00 14.00 10.00 7.00 17.00 4.00 0.00 0.00 0.00 0.00 0.00
246.00 33.00 43.00 102.00 175.00 59.00 73.00 0.08 0.87 1.00 3.00 0.33 9.00 15.00 24.00 18.00 18.00 15.00 1.00 0.00 1.00 0.00 0.00
247.00 34.00 38.00 99.00 178.00 61.00 79.00 0.08 0.89 1.00 3.00 0.33 12.00 17.00 22.00 17.00 19.00 15.00 1.00 0.00 0.00 0.00 0.00
248.00 28.00 35.00 77.00 144.00 42.00 67.00 0.07 0.77 1.00 3.00 0.33 1.00 13.00 27.00 15.00 18.00 10.00 1.00 0.00 1.00 0.00 0.00
249.00 31.00 37.00 85.00 163.00 48.00 78.00 0.09 0.84 1.00 3.00 0.33 11.00 15.00 20.00 16.00 19.00 12.00 0.00 0.00 0.00 0.00 0.00
250.00 35.00 46.00 108.00 182.00 62.00 74.00 0.09 0.93 1.00 3.00 0.33 7.00 13.00 28.00 22.00 22.00 13.00 1.00 0.00 0.00 1.00 0.00
251.00 34.00 41.00 103.00 183.00 62.00 80.00 0.07 1.63 1.00 3.00 0.33 7.00 17.00 27.00 17.00 23.00 11.00 1.00 0.00 0.00 0.00 0.00
252.00 30.00 34.00 93.00 159.00 59.00 66.00 0.08 0.76 1.00 3.00 0.33 10.00 14.00 20.00 16.00 17.00 13.00 1.00 0.00 0.00 0.00 0.00
253.00 31.00 42.00 96.00 155.00 54.00 59.00 0.08 1.24 0.00 3.00 0.00 5.00 11.00 26.00 20.00 19.00 12.00 0.00 0.00 0.00 0.00 0.00
254.00 31.00 47.00 90.00 154.00 43.00 64.00 0.08 0.73 0.00 3.00 0.00 4.00 8.00 27.00 23.00 14.00 17.00 1.00 0.00 0.00 0.00 0.00
255.00 26.00 24.00 80.00 141.00 56.00 61.00 0.08 1.74 0.00 3.00 0.00 4.00 15.00 22.00 11.00 18.00 8.00 1.00 0.00 0.00 0.00 0.00
256.00 30.00 35.00 95.00 158.00 60.00 63.00 0.09 1.13 0.00 2.00 0.00 6.00 11.00 24.00 19.00 18.00 12.00 1.00 0.00 0.00 0.00 1.00
257.00 28.00 36.00 79.00 142.00 43.00 63.00 0.08 0.63 0.00 4.00 0.00 8.00 11.00 20.00 17.00 15.00 13.00 1.00 0.00 0.00 0.00 1.00
258.00 28.00 34.00 76.00 148.00 42.00 72.00 0.08 0.71 0.00 4.00 0.00 7.00 11.00 21.00 17.00 18.00 10.00 1.00 0.00 0.00 0.00 0.00
259.00 27.00 33.00 81.00 140.00 48.00 59.00 0.08 0.67 0.00 3.00 0.00 7.00 13.00 20.00 14.00 20.00 7.00 0.00 0.00 0.00 0.00 0.00
260.00 27.00 26.00 75.00 140.00 49.00 65.00 0.09 0.72 0.00 2.00 0.00 4.00 10.00 23.00 17.00 17.00 10.00 1.00 0.00 0.00 0.00 0.00
261.00 24.00 21.00 62.00 121.00 41.00 59.00 0.10 0.62 0.00 3.00 0.00 7.00 16.00 17.00 8.00 18.00 6.00 0.00 0.00 1.00 0.00 0.00
262.00 27.00 28.00 81.00 147.00 53.00 66.00 0.07 0.81 0.00 3.00 0.00 5.00 9.00 22.00 18.00 16.00 11.00 1.00 0.00 0.00 0.00 0.00
263.00 26.00 36.00 81.00 137.00 45.00 56.00 0.09 0.71 0.00 2.00 0.00 3.00 7.00 23.00 19.00 12.00 14.00 1.00 0.00 0.00 0.00 0.00
264.00 26.00 30.00 72.00 136.00 42.00 64.00 0.07 0.79 0.00 1.00 0.00 8.00 11.00 18.00 15.00 18.00 8.00 1.00 0.00 0.00 0.00 0.00
265.00 23.00 20.00 60.00 113.00 40.00 53.00 0.09 0.69 0.00 3.00 0.00 5.00 9.00 18.00 14.00 17.00 6.00 1.00 0.00 0.00 0.00 0.00
266.00 30.00 49.00 92.00 149.00 43.00 57.00 0.10 0.78 0.00 2.00 0.00 7.00 11.00 23.00 19.00 18.00 12.00 1.00 0.00 1.00 0.00 0.00
267.00 28.00 34.00 73.00 137.00 39.00 64.00 0.08 0.77 1.00 3.00 0.33 6.00 10.00 22.00 18.00 17.00 11.00 1.00 0.00 1.00 0.00 0.00
268.00 26.00 18.00 69.00 136.00 51.00 67.00 0.10 0.82 0.00 3.00 0.00 3.00 15.00 23.00 11.00 20.00 6.00 1.00 0.00 0.00 0.00 0.00
269.00 28.00 33.00 83.00 141.00 50.00 58.00 0.08 1.36 0.00 2.00 0.00 8.00 16.00 20.00 12.00 21.00 7.00 0.00 0.00 0.00 0.00 0.00
270.00 28.00 35.00 93.00 145.00 58.00 52.00 0.10 0.65 0.00 2.00 0.00 7.00 10.00 21.00 18.00 14.00 14.00 0.00 0.00 0.00 0.00 0.00
271.00 21.00 25.00 62.00 111.00 37.00 49.00 0.09 0.55 1.00 2.00 0.50 6.00 9.00 15.00 12.00 14.00 7.00 0.00 0.00 0.00 0.00 0.00
272.00 28.00 44.00 91.00 150.00 47.00 59.00 0.07 0.70 0.00 2.00 0.00 5.00 12.00 23.00 16.00 18.00 10.00 1.00 0.00 0.00 0.00 0.00
273.00 26.00 30.00 74.00 129.00 44.00 55.00 0.07 0.80 1.00 2.00 0.50 5.00 12.00 21.00 14.00 16.00 10.00 1.00 0.00 0.00 0.00 0.00
274.00 26.00 25.00 68.00 131.00 43.00 63.00 0.09 0.72 1.00 2.00 0.50 7.00 13.00 19.00 13.00 18.00 8.00 1.00 0.00 0.00 0.00 0.00
275.00 21.00 21.00 52.00 101.00 31.00 49.00 0.09 0.59 0.00 1.00 0.00 6.00 9.00 15.00 12.00 14.00 7.00 0.00 0.00 0.00 0.00 0.00
276.00 24.00 25.00 61.00 124.00 36.00 63.00 0.07 0.74 0.00 2.00 0.00 5.00 10.00 19.00 14.00 18.00 6.00 1.00 0.00 0.00 0.00 0.00
277.00 26.00 30.00 60.00 115.00 30.00 55.00 0.08 1.03 0.00 2.00 0.00 10.00 14.00 16.00 12.00 20.00 6.00 1.00 0.00 0.00 0.00 0.00
278.00 23.00 33.00 68.00 118.00 35.00 50.00 0.09 0.58 0.00 2.00 0.00 5.00 11.00 18.00 12.00 18.00 5.00 1.00 0.00 0.00 0.00 0.00
279.00 23.00 32.00 65.00 112.00 33.00 47.00 0.09 0.71 0.00 2.00 0.00 5.00 10.00 18.00 13.00 13.00 10.00 1.00 0.00 0.00 0.00 0.00
280.00 24.00 35.00 76.00 124.00 41.00 48.00 0.08 0.60 0.00 3.00 0.00 2.00 10.00 22.00 14.00 16.00 8.00 1.00 0.00 0.00 0.00 0.00
281.00 25.00 32.00 70.00 124.00 38.00 54.00 0.09 0.55 1.00 2.00 0.50 5.00 13.00 20.00 12.00 16.00 9.00 0.00 0.00 0.00 0.00 0.00
282.00 24.00 24.00 67.00 128.00 43.00 61.00 0.08 0.66 1.00 2.00 0.50 4.00 9.00 20.00 15.00 13.00 11.00 1.00 0.00 0.00 0.00 0.00
283.00 28.00 35.00 75.00 146.00 40.00 71.00 0.08 0.66 1.00 2.00 0.50 5.00 13.00 23.00 15.00 19.00 9.00 1.00 0.00 0.00 0.00 0.00
284.00 22.00 35.00 63.00 112.00 28.00 49.00 0.06 0.52 0.00 2.00 0.00 7.00 11.00 15.00 11.00 15.00 7.00 1.00 0.00 0.00 0.00 0.00
285.00 21.00 24.00 57.00 106.00 33.00 49.00 0.08 0.51 0.00 2.00 0.00 4.00 8.00 17.00 13.00 12.00 9.00 0.00 0.00 0.00 0.00 0.00
286.00 23.00 23.00 63.00 114.00 40.00 51.00 0.09 1.19 0.00 2.00 0.00 5.00 15.00 18.00 8.00 18.00 5.00 0.00 0.00 1.00 0.00 0.00
287.00 10.00 4.00 16.00 46.00 12.00 30.00 0.09 0.41 0.00 1.00 0.00 2.00 4.00 8.00 6.00 6.00 4.00 0.00 0.00 0.00 0.00 0.00
288.00 21.00 19.00 50.00 100.00 31.00 50.00 0.08 0.70 0.00 2.00 0.00 3.00 11.00 18.00 10.00 15.00 6.00 0.00 0.00 0.00 0.00 0.00
289.00 24.00 34.00 67.00 127.00 33.00 60.00 0.08 0.63 0.00 2.00 0.00 4.00 7.00 20.00 17.00 16.00 8.00 0.00 0.00 2.00 0.00 0.00
290.00 23.00 30.00 60.00 114.00 30.00 54.00 0.09 0.72 0.00 2.00 0.00 5.00 9.00 18.00 14.00 13.00 10.00 0.00 0.00 0.00 0.00 0.00
291.00 25.00 25.00 69.00 124.00 44.00 55.00 0.08 0.84 0.00 2.00 0.00 6.00 11.00 19.00 14.00 17.00 8.00 0.00 0.00 1.00 0.00 0.00
292.00 18.00 25.00 54.00 86.00 29.00 32.00 0.09 0.55 0.00 2.00 0.00 3.00 8.00 15.00 10.00 12.00 6.00 0.00 0.00 1.00 0.00 0.00
293.00 21.00 28.00 57.00 104.00 29.00 47.00 0.08 0.62 0.00 1.00 0.00 6.00 9.00 15.00 12.00 12.00 9.00 0.00 0.00 1.00 0.00 0.00
294.00 17.00 19.00 43.00 85.00 24.00 42.00 0.09 0.68 0.00 3.00 0.00 5.00 6.00 12.00 11.00 9.00 8.00 0.00 0.00 1.00 0.00 0.00
295.00 27.00 22.00 57.00 116.00 35.00 59.00 0.07 0.89 0.00 1.00 0.00 6.00 14.00 21.00 13.00 20.00 7.00 0.00 0.00 0.00 0.00 0.00
296.00 19.00 19.00 46.00 94.00 27.00 48.00 0.08 0.62 0.00 2.00 0.00 4.00 11.00 15.00 8.00 14.00 5.00 0.00 0.00 0.00 0.00 0.00
297.00 22.00 23.00 54.00 101.00 31.00 47.00 0.10 1.49 0.00 1.00 0.00 8.00 11.00 14.00 11.00 15.00 7.00 0.00 0.00 0.00 0.00 0.00
298.00 21.00 23.00 53.00 99.00 30.00 46.00 0.08 1.61 0.00 1.00 0.00 5.00 10.00 16.00 11.00 15.00 6.00 0.00 0.00 0.00 0.00 0.00
299.00 25.00 24.00 62.00 123.00 38.00 61.00 0.10 1.03 0.00 2.00 0.00 7.00 9.00 18.00 16.00 14.00 11.00 0.00 0.00 1.00 0.00 0.00
300.00 18.00 24.00 47.00 90.00 23.00 43.00 0.08 0.56 0.00 1.00 0.00 4.00 8.00 14.00 10.00 13.00 5.00 0.00 0.00 0.00 0.00 0.00
301.00 20.00 25.00 48.00 94.00 23.00 46.00 0.08 0.68 0.00 1.00 0.00 5.00 12.00 15.00 8.00 16.00 4.00 0.00 0.00 0.00 0.00 0.00
302.00 21.00 24.00 57.00 97.00 33.00 40.00 0.09 0.84 0.00 2.00 0.00 5.00 12.00 16.00 9.00 14.00 7.00 0.00 0.00 0.00 0.00 0.00
303.00 18.00 27.00 50.00 87.00 23.00 37.00 0.08 0.63 0.00 3.00 0.00 6.00 9.00 12.00 9.00 14.00 4.00 0.00 0.00 0.00 0.00 0.00
304.00 18.00 18.00 46.00 91.00 28.00 45.00 0.10 0.78 0.00 2.00 0.00 4.00 7.00 14.00 11.00 13.00 5.00 0.00 0.00 1.00 0.00 0.00
305.00 17.00 18.00 43.00 82.00 25.00 39.00 0.09 0.58 0.00 2.00 0.00 4.00 10.00 13.00 7.00 12.00 5.00 0.00 0.00 0.00 0.00 0.00
306.00 15.00 19.00 41.00 74.00 22.00 33.00 0.06 0.59 0.00 0.00 0.00 4.00 7.00 11.00 8.00 9.00 6.00 0.00 0.00 1.00 0.00 0.00
307.00 22.00 25.00 54.00 105.00 29.00 51.00 0.08 0.73 0.00 2.00 0.00 3.00 12.00 19.00 10.00 15.00 7.00 0.00 0.00 0.00 0.00 0.00
308.00 26.00 32.00 72.00 133.00 40.00 61.00 0.09 0.92 0.00 1.00 0.00 9.00 13.00 17.00 13.00 19.00 7.00 0.00 0.00 0.00 0.00 0.00
309.00 25.00 36.00 69.00 117.00 33.00 48.00 0.08 1.29 0.00 3.00 0.00 5.00 12.00 20.00 13.00 16.00 9.00 0.00 0.00 0.00 0.00 0.00
310.00 23.00 34.00 69.00 110.00 35.00 41.00 0.07 1.34 0.00 2.00 0.00 4.00 11.00 19.00 12.00 14.00 9.00 0.00 0.00 0.00 0.00 0.00
311.00 21.00 27.00 55.00 100.00 28.00 45.00 0.09 0.61 0.00 2.00 0.00 8.00 10.00 13.00 11.00 17.00 4.00 0.00 0.00 0.00 0.00 0.00
312.00 24.00 30.00 61.00 117.00 31.00 56.00 0.08 1.82 0.00 1.00 0.00 6.00 12.00 18.00 12.00 15.00 9.00 0.00 0.00 0.00 0.00 0.00
313.00 18.00 21.00 44.00 86.00 23.00 42.00 0.09 0.47 0.00 2.00 0.00 5.00 11.00 13.00 7.00 12.00 6.00 0.00 0.00 0.00 0.00 0.00
314.00 26.00 28.00 65.00 118.00 37.00 53.00 0.08 1.26 0.00 2.00 0.00 7.00 11.00 19.00 15.00 15.00 11.00 0.00 0.00 0.00 0.00 0.00
315.00 21.00 31.00 57.00 106.00 26.00 49.00 0.08 0.67 0.00 4.00 0.00 5.00 8.00 16.00 13.00 13.00 8.00 0.00 0.00 0.00 0.00 0.00
316.00 27.00 32.00 74.00 137.00 42.00 63.00 0.09 1.26 0.00 4.00 0.00 7.00 15.00 20.00 12.00 17.00 10.00 0.00 0.00 0.00 0.00 0.00
317.00 28.00 51.00 86.00 138.00 35.00 52.00 0.08 1.25 0.00 5.00 0.00 7.00 12.00 21.00 16.00 13.00 15.00 0.00 0.00 1.00 0.00 0.00
318.00 28.00 41.00 84.00 134.00 43.00 50.00 0.08 0.93 0.00 3.00 0.00 3.00 8.00 25.00 20.00 14.00 14.00 1.00 0.00 0.00 0.00 0.00
319.00 26.00 36.00 81.00 134.00 45.00 53.00 0.08 1.32 0.00 4.00 0.00 5.00 12.00 21.00 14.00 19.00 7.00 0.00 0.00 0.00 0.00 0.00
320.00 26.00 34.00 68.00 125.00 34.00 57.00 0.08 0.77 0.00 4.00 0.00 5.00 13.00 21.00 13.00 20.00 6.00 0.00 0.00 0.00 0.00 0.00
321.00 28.00 35.00 73.00 140.00 38.00 67.00 0.08 1.36 0.00 3.00 0.00 4.00 10.00 24.00 18.00 15.00 13.00 0.00 0.00 0.00 0.00 0.00
322.00 23.00 36.00 67.00 124.00 31.00 57.00 0.10 1.35 0.00 3.00 0.00 5.00 9.00 18.00 14.00 11.00 12.00 0.00 0.00 0.00 0.00 0.00
323.00 29.00 51.00 85.00 138.00 34.00 53.00 0.08 1.30 0.00 4.00 0.00 8.00 12.00 21.00 17.00 18.00 11.00 0.00 0.00 0.00 0.00 0.00
324.00 26.00 35.00 74.00 129.00 39.00 55.00 0.09 0.73 0.00 3.00 0.00 7.00 10.00 19.00 16.00 13.00 13.00 0.00 0.00 0.00 0.00 0.00
325.00 20.00 24.00 55.00 101.00 31.00 46.00 0.09 1.37 0.00 4.00 0.00 6.00 13.00 14.00 7.00 15.00 5.00 0.00 0.00 0.00 0.00 0.00
326.00 27.00 39.00 81.00 132.00 42.00 51.00 0.09 1.86 0.00 2.00 0.00 6.00 11.00 21.00 16.00 17.00 10.00 0.00 0.00 0.00 0.00 0.00
327.00 24.00 33.00 69.00 120.00 36.00 51.00 0.10 0.73 0.00 4.00 0.00 7.00 14.00 17.00 10.00 15.00 9.00 0.00 0.00 0.00 0.00 0.00
328.00 22.00 23.00 60.00 106.00 37.00 46.00 0.10 0.76 0.00 3.00 0.00 6.00 13.00 16.00 9.00 15.00 7.00 0.00 0.00 1.00 0.00 0.00
329.00 19.00 24.00 52.00 91.00 28.00 39.00 0.09 0.66 0.00 2.00 0.00 7.00 10.00 12.00 9.00 13.00 6.00 0.00 0.00 0.00 0.00 0.00
330.00 20.00 29.00 58.00 95.00 29.00 37.00 0.09 0.53 0.00 2.00 0.00 5.00 9.00 15.00 11.00 11.00 9.00 0.00 0.00 0.00 0.00 0.00
331.00 14.00 11.00 32.00 72.00 21.00 40.00 0.09 0.47 0.00 2.00 0.00 3.00 7.00 11.00 7.00 10.00 4.00 0.00 0.00 0.00 0.00 0.00
332.00 11.00 4.00 19.00 52.00 15.00 33.00 0.08 2.00 0.00 2.00 0.00 3.00 7.00 8.00 4.00 8.00 3.00 0.00 0.00 0.00 0.00 0.00
333.00 19.00 13.00 47.00 89.00 34.00 42.00 0.10 0.59 0.00 3.00 0.00 7.00 13.00 12.00 6.00 14.00 5.00 0.00 0.00 1.00 0.00 0.00
334.00 22.00 28.00 58.00 102.00 30.00 44.00 0.09 0.71 0.00 3.00 0.00 7.00 15.00 15.00 7.00 18.00 4.00 0.00 0.00 0.00 0.00 0.00
335.00 19.00 23.00 48.00 93.00 25.00 45.00 0.08 0.53 0.00 4.00 0.00 7.00 9.00 12.00 10.00 11.00 8.00 0.00 0.00 0.00 0.00 0.00
336.00 16.00 13.00 40.00 79.00 27.00 39.00 0.08 1.39 0.00 3.00 0.00 2.00 8.00 14.00 8.00 11.00 5.00 0.00 0.00 0.00 0.00 0.00
337.00 19.00 21.00 44.00 90.00 23.00 46.00 0.09 0.63 0.00 2.00 0.00 4.00 7.00 15.00 12.00 12.00 7.00 0.00 0.00 1.00 0.00 0.00
338.00 18.00 15.00 44.00 88.00 29.00 44.00 0.09 0.48 0.00 2.00 0.00 6.00 12.00 12.00 6.00 15.00 3.00 0.00 0.00 0.00 0.00 0.00
339.00 15.00 16.00 39.00 75.00 23.00 36.00 0.09 1.49 0.00 1.00 0.00 4.00 7.00 11.00 8.00 9.00 6.00 0.00 0.00 0.00 0.00 0.00
340.00 17.00 16.00 47.00 83.00 31.00 36.00 0.08 1.30 0.00 1.00 0.00 4.00 9.00 13.00 8.00 13.00 4.00 0.00 0.00 0.00 0.00 0.00
341.00 20.00 19.00 42.00 88.00 23.00 46.00 0.09 2.10 0.00 2.00 0.00 4.00 10.00 16.00 10.00 15.00 5.00 0.00 0.00 0.00 0.00 0.00
342.00 21.00 24.00 53.00 98.00 29.00 45.00 0.09 0.65 0.00 1.00 0.00 7.00 9.00 14.00 12.00 14.00 7.00 0.00 0.00 0.00 0.00 0.00
343.00 17.00 20.00 42.00 86.00 22.00 44.00 0.07 0.49 0.00 2.00 0.00 8.00 11.00 9.00 6.00 12.00 5.00 0.00 0.00 0.00 0.00 0.00
344.00 12.00 7.00 26.00 56.00 19.00 30.00 0.08 0.48 0.00 2.00 0.00 3.00 4.00 9.00 8.00 7.00 5.00 0.00 0.00 0.00 0.00 0.00
345.00 13.00 11.00 31.00 63.00 20.00 32.00 0.09 0.41 0.00 2.00 0.00 5.00 9.00 8.00 4.00 9.00 4.00 0.00 0.00 0.00 0.00 0.00
346.00 12.00 5.00 22.00 52.00 17.00 30.00 0.10 0.43 0.00 1.00 0.00 4.00 8.00 8.00 4.00 11.00 1.00 0.00 0.00 0.00 0.00 0.00
347.00 13.00 13.00 32.00 59.00 19.00 27.00 0.09 0.36 0.00 2.00 0.00 5.00 10.00 8.00 3.00 11.00 2.00 0.00 0.00 0.00 0.00 0.00
348.00 20.00 25.00 46.00 85.00 21.00 39.00 0.09 0.67 0.00 1.00 0.00 4.00 10.00 16.00 10.00 13.00 7.00 0.00 0.00 0.00 0.00 0.00
349.00 18.00 29.00 54.00 91.00 25.00 37.00 0.08 0.46 0.00 1.00 0.00 4.00 9.00 14.00 9.00 10.00 8.00 0.00 0.00 0.00 0.00 0.00
350.00 16.00 13.00 36.00 77.00 23.00 41.00 0.09 1.53 0.00 1.00 0.00 3.00 9.00 13.00 7.00 12.00 4.00 0.00 0.00 0.00 0.00 0.00
351.00 21.00 27.00 56.00 108.00 29.00 52.00 0.08 0.54 0.00 1.00 0.00 5.00 10.00 16.00 11.00 13.00 8.00 0.00 0.00 1.00 0.00 0.00
352.00 21.00 25.00 54.00 97.00 29.00 43.00 0.08 0.45 0.00 1.00 0.00 5.00 10.00 16.00 11.00 13.00 8.00 0.00 0.00 1.00 0.00 0.00
353.00 17.00 15.00 42.00 82.00 27.00 40.00 0.09 0.49 0.00 1.00 0.00 3.00 8.00 14.00 9.00 12.00 5.00 0.00 0.00 0.00 0.00 0.00
354.00 16.00 19.00 45.00 81.00 26.00 36.00 0.09 0.45 0.00 1.00 0.00 3.00 6.00 13.00 10.00 10.00 6.00 0.00 0.00 0.00 0.00 0.00
355.00 14.00 10.00 36.00 70.00 26.00 34.00 0.09 0.37 0.00 1.00 0.00 3.00 7.00 11.00 7.00 9.00 5.00 0.00 0.00 0.00 0.00 0.00
356.00 17.00 18.00 41.00 79.00 23.00 38.00 0.09 1.43 0.00 1.00 0.00 7.00 11.00 10.00 6.00 15.00 2.00 0.00 0.00 0.00 0.00 0.00
357.00 9.00 4.00 16.00 37.00 12.00 21.00 0.09 0.28 0.00 0.00 0.00 3.00 8.00 6.00 1.00 9.00 0.00 0.00 0.00 0.00 0.00 0.00
358.00 8.00 3.00 11.00 36.00 8.00 25.00 0.09 0.46 0.00 0.00 0.00 3.00 5.00 5.00 3.00 6.00 2.00 0.00 0.00 0.00 0.00 0.00
359.00 6.00 1.00 4.00 26.00 3.00 22.00 0.08 2.74 0.00 0.00 0.00 3.00 5.00 3.00 1.00 6.00 0.00 0.00 0.00 0.00 0.00 0.00
360.00 10.00 6.00 23.00 47.00 17.00 24.00 0.08 2.05 0.00 0.00 0.00 4.00 6.00 6.00 4.00 8.00 2.00 0.00 0.00 0.00 0.00 0.00
361.00 9.00 5.00 18.00 38.00 13.00 20.00 0.10 0.29 0.00 0.00 0.00 3.00 6.00 6.00 3.00 7.00 2.00 0.00 0.00 0.00 0.00 0.00
362.00 9.00 5.00 18.00 41.00 13.00 23.00 0.09 0.37 0.00 0.00 0.00 4.00 5.00 5.00 4.00 7.00 2.00 0.00 0.00 0.00 0.00 0.00
363.00 13.00 11.00 30.00 64.00 19.00 34.00 0.08 2.72 0.00 0.00 0.00 4.00 7.00 9.00 6.00 8.00 5.00 0.00 0.00 0.00 0.00 0.00
364.00 13.00 8.00 25.00 60.00 17.00 35.00 0.08 3.68 0.00 0.00 0.00 3.00 7.00 10.00 6.00 10.00 3.00 0.00 0.00 1.00 0.00 0.00
365.00 11.00 5.00 15.00 44.00 10.00 29.00 0.07 3.84 0.00 1.00 0.00 3.00 7.00 8.00 4.00 10.00 1.00 0.00 0.00 1.00 0.00 0.00
366.00 15.00 14.00 33.00 62.00 19.00 29.00 0.08 1.53 0.00 1.00 0.00 6.00 9.00 9.00 6.00 12.00 3.00 0.00 0.00 0.00 0.00 0.00
367.00 4.00 0.00 2.00 15.00 2.00 13.00 0.09 3.68 0.00 0.00 0.00 3.00 3.00 1.00 1.00 4.00 0.00 0.00 0.00 0.00 0.00 0.00
368.00 9.00 6.00 20.00 42.00 14.00 22.00 0.08 2.21 0.00 0.00 0.00 3.00 6.00 6.00 3.00 9.00 0.00 0.00 0.00 0.00 0.00 0.00
369.00 14.00 6.00 33.00 62.00 27.00 29.00 0.10 1.47 0.00 2.00 0.00 5.00 8.00 9.00 6.00 10.00 4.00 0.00 0.00 0.00 0.00 0.00
370.00 14.00 15.00 35.00 71.00 20.00 36.00 0.07 1.62 0.00 1.00 0.00 2.00 7.00 12.00 7.00 9.00 5.00 0.00 0.00 0.00 0.00 0.00
371.00 12.00 7.00 25.00 50.00 18.00 25.00 0.09 0.42 0.00 0.00 0.00 4.00 7.00 8.00 5.00 9.00 3.00 0.00 0.00 0.00 0.00 0.00
372.00 13.00 10.00 27.00 62.00 17.00 35.00 0.07 1.61 0.00 1.00 0.00 4.00 7.00 9.00 6.00 12.00 1.00 0.00 0.00 0.00 0.00 0.00
373.00 9.00 6.00 19.00 44.00 13.00 25.00 0.08 0.36 0.00 1.00 0.00 4.00 7.00 5.00 2.00 7.00 2.00 0.00 0.00 0.00 0.00 0.00
374.00 14.00 9.00 30.00 69.00 21.00 39.00 0.09 2.66 0.00 1.00 0.00 4.00 7.00 10.00 7.00 10.00 4.00 0.00 0.00 1.00 0.00 0.00
375.00 12.00 7.00 24.00 56.00 17.00 32.00 0.09 0.39 0.00 0.00 0.00 3.00 6.00 9.00 6.00 8.00 4.00 0.00 0.00 0.00 0.00 0.00
376.00 10.00 6.00 22.00 49.00 16.00 27.00 0.08 2.07 0.00 0.00 0.00 1.00 4.00 9.00 6.00 7.00 3.00 0.00 0.00 0.00 0.00 0.00
377.00 6.00 1.00 7.00 25.00 6.00 18.00 0.10 0.30 0.00 0.00 0.00 2.00 4.00 4.00 2.00 6.00 0.00 0.00 0.00 0.00 0.00 0.00
378.00 8.00 4.00 15.00 38.00 11.00 23.00 0.08 0.31 0.00 1.00 0.00 3.00 6.00 5.00 2.00 7.00 1.00 0.00 0.00 0.00 0.00 0.00
379.00 11.00 10.00 24.00 53.00 14.00 29.00 0.08 1.83 0.00 0.00 0.00 5.00 7.00 6.00 4.00 8.00 3.00 0.00 0.00 0.00 0.00 0.00
380.00 14.00 8.00 28.00 56.00 20.00 28.00 0.08 0.65 0.00 0.00 0.00 6.00 8.00 8.00 6.00 11.00 3.00 0.00 0.00 0.00 0.00 0.00
381.00 8.00 5.00 15.00 37.00 10.00 22.00 0.08 0.31 0.00 0.00 0.00 4.00 6.00 4.00 2.00 7.00 1.00 0.00 0.00 0.00 0.00 0.00
382.00 10.00 6.00 20.00 40.00 14.00 20.00 0.09 0.65 0.00 0.00 0.00 3.00 5.00 7.00 5.00 8.00 2.00 0.00 0.00 0.00 0.00 0.00
383.00 6.00 1.00 9.00 27.00 8.00 18.00 0.09 0.37 0.00 1.00 0.00 4.00 5.00 2.00 1.00 5.00 1.00 0.00 0.00 0.00 0.00 0.00
384.00 11.00 12.00 27.00 50.00 15.00 23.00 0.10 0.38 0.00 1.00 0.00 2.00 7.00 9.00 4.00 8.00 3.00 0.00 0.00 0.00 0.00 0.00
385.00 8.00 1.00 13.00 36.00 12.00 23.00 0.08 0.44 0.00 0.00 0.00 4.00 6.00 4.00 2.00 7.00 1.00 0.00 0.00 0.00 0.00 0.00
386.00 6.00 2.00 10.00 25.00 8.00 15.00 0.08 0.24 0.00 1.00 0.00 5.00 5.00 1.00 1.00 5.00 1.00 0.00 0.00 0.00 0.00 0.00
387.00 4.00 0.00 2.00 10.00 2.00 8.00 0.07 0.45 0.00 0.00 0.00 2.00 4.00 2.00 0.00 4.00 0.00 0.00 0.00 0.00 0.00 0.00
388.00 6.00 3.00 9.00 25.00 6.00 16.00 0.08 0.29 0.00 0.00 0.00 2.00 4.00 4.00 2.00 6.00 0.00 0.00 0.00 0.00 0.00 0.00
389.00 4.00 0.00 0.00 4.00 0.00 4.00 0.09 5.21 0.00 0.00 0.00 3.00 3.00 1.00 1.00 4.00 0.00 0.00 0.00 0.00 0.00 0.00
390.00 12.00 9.00 23.00 55.00 14.00 32.00 0.09 0.61 0.00 1.00 0.00 3.00 4.00 9.00 8.00 8.00 4.00 0.00 0.00 0.00 0.00 0.00
391.00 8.00 6.00 16.00 34.00 10.00 18.00 0.07 0.30 0.00 1.00 0.00 2.00 4.00 6.00 4.00 8.00 0.00 0.00 0.00 0.00 0.00 0.00
392.00 13.00 13.00 30.00 65.00 17.00 35.00 0.08 0.43 0.00 1.00 0.00 4.00 8.00 9.00 5.00 9.00 4.00 0.00 0.00 0.00 0.00 0.00
393.00 9.00 3.00 18.00 36.00 15.00 18.00 0.09 3.33 0.00 1.00 0.00 5.00 6.00 4.00 3.00 8.00 1.00 0.00 0.00 0.00 0.00 0.00
394.00 5.00 1.00 4.00 21.00 3.00 17.00 0.07 0.40 0.00 1.00 0.00 1.00 4.00 4.00 1.00 5.00 0.00 0.00 0.00 0.00 0.00 0.00
395.00 8.00 4.00 16.00 36.00 12.00 20.00 0.08 0.32 0.00 0.00 0.00 4.00 5.00 4.00 3.00 7.00 1.00 0.00 0.00 0.00 0.00 0.00
396.00 11.00 10.00 27.00 53.00 17.00 26.00 0.07 0.42 0.00 0.00 0.00 5.00 6.00 6.00 5.00 8.00 3.00 0.00 0.00 0.00 0.00 0.00
397.00 10.00 8.00 22.00 47.00 14.00 25.00 0.08 0.45 0.00 0.00 0.00 2.00 7.00 8.00 3.00 7.00 3.00 0.00 0.00 0.00 0.00 0.00
398.00 8.00 4.00 15.00 33.00 11.00 18.00 0.07 0.34 0.00 1.00 0.00 4.00 7.00 4.00 1.00 7.00 1.00 0.00 0.00 0.00 0.00 0.00
399.00 6.00 1.00 8.00 27.00 7.00 19.00 0.09 0.34 0.00 1.00 0.00 2.00 4.00 4.00 2.00 4.00 2.00 0.00 0.00 0.00 0.00 0.00
400.00 10.00 4.00 20.00 41.00 16.00 21.00 0.08 0.36 0.00 1.00 0.00 3.00 8.00 7.00 2.00 9.00 1.00 0.00 0.00 0.00 0.00 0.00
401.00 4.00 0.00 4.00 14.00 4.00 10.00 0.09 0.20 0.00 0.00 0.00 2.00 4.00 2.00 0.00 4.00 0.00 0.00 0.00 0.00 0.00 0.00
402.00 7.00 3.00 11.00 29.00 8.00 18.00 0.08 0.33 0.00 0.00 0.00 4.00 5.00 3.00 2.00 7.00 0.00 0.00 0.00 0.00 0.00 0.00
403.00 2.00 0.00 0.00 5.00 0.00 5.00 0.07 0.12 0.00 0.00 0.00 2.00 2.00 0.00 0.00 2.00 0.00 0.00 0.00 0.00 0.00 0.00
