0.00 2.00 0.00 0.00 3.00 0.00 3.00 0.10 0.02 0.00 0.00 0.00 2.00 2.00 0.00 0.00 2.00 0.00 0.00 0.00 0.00 0.00 0.00
1.00 4.00 0.00 0.00 11.00 0.00 11.00 0.09 0.51 0.00 0.00 0.00 2.00 4.00 2.00 0.00 4.00 0.00 0.00 0.00 0.00 0.00 0.00
2.00 3.00 0.00 0.00 10.00 0.00 10.00 0.09 0.30 0.00 0.00 0.00 2.00 3.00 1.00 0.00 3.00 0.00 0.00 0.00 0.00 0.00 0.00
3.00 13.00 10.00 29.00 57.00 19.00 28.00 0.09 0.39 0.00 0.00 0.00 7.00 9.00 6.00 4.00 11.00 2.00 0.00 0.00 0.00 0.00 0.00
4.00 12.00 9.00 26.00 57.00 17.00 31.00 0.08 0.44 1.00 1.00 1.00 5.00 5.00 7.00 7.00 8.00 4.00 0.00 0.00 0.00 0.00 0.00
5.00 12.00 5.00 19.00 56.00 14.00 37.00 0.09 0.46 0.00 1.00 0.00 4.00 6.00 8.00 6.00 7.00 5.00 0.00 0.00 0.00 0.00 0.00
6.00 12.00 6.00 19.00 51.00 13.00 32.00 0.08 0.53 0.00 2.00 0.00 5.00 5.00 7.00 7.00 11.00 1.00 0.00 0.00 0.00 0.00 0.00
7.00 13.00 10.00 34.00 59.00 24.00 25.00 0.09 0.57 0.00 1.00 0.00 5.00 8.00 8.00 5.00 11.00 2.00 0.00 0.00 0.00 0.00 0.00
8.00 12.00 6.00 26.00 57.00 20.00 31.00 0.10 0.32 0.00 1.00 0.00 2.00 8.00 10.00 4.00 10.00 2.00 0.00 0.00 0.00 0.00 0.00
9.00 11.00 3.00 19.00 54.00 16.00 35.00 0.09 0.63 0.00 2.00 0.00 5.00 8.00 6.00 3.00 9.00 2.00 0.00 0.00 0.00 0.00 0.00
10.00 13.00 13.00 34.00 66.00 21.00 32.00 0.08 0.33 0.00 1.00 0.00 3.00 10.00 10.00 3.00 10.00 3.00 0.00 0.00 0.00 0.00 0.00
11.00 16.00 12.00 45.00 78.00 33.00 33.00 0.08 0.36 0.00 2.00 0.00 7.00 12.00 9.00 4.00 14.00 2.00 0.00 0.00 0.00 0.00 0.00
12.00 13.00 15.00 33.00 64.00 18.00 31.00 0.09 0.37 0.00 0.00 0.00 2.00 7.00 11.00 6.00 10.00 3.00 0.00 0.00 0.00 0.00 0.00
13.00 16.00 13.00 38.00 75.00 25.00 37.00 0.09 0.42 0.00 1.00 0.00 5.00 9.00 11.00 7.00 12.00 4.00 0.00 0.00 0.00 0.00 0.00
14.00 15.00 13.00 35.00 73.00 22.00 38.00 0.07 0.41 0.00 2.00 0.00 4.00 8.00 11.00 7.00 10.00 5.00 0.00 0.00 0.00 0.00 1.00
15.00 14.00 11.00 35.00 69.00 24.00 34.00 0.07 0.37 0.00 2.00 0.00 3.00 8.00 11.00 6.00 12.00 2.00 0.00 0.00 0.00 0.00 0.00
16.00 14.00 12.00 32.00 67.00 20.00 35.00 0.10 0.31 0.00 2.00 0.00 4.00 6.00 10.00 8.00 10.00 4.00 0.00 0.00 0.00 0.00 0.00
17.00 22.00 26.00 56.00 106.00 30.00 50.00 0.08 0.50 0.00 1.00 0.00 8.00 13.00 14.00 9.00 16.00 6.00 0.00 0.00 0.00 1.00 0.00
18.00 20.00 22.00 56.00 92.00 34.00 36.00 0.10 0.63 0.00 2.00 0.00 6.00 8.00 14.00 12.00 15.00 5.00 0.00 0.00 0.00 0.00 0.00
19.00 22.00 27.00 58.00 106.00 31.00 48.00 0.09 0.57 0.00 2.00 0.00 8.00 12.00 14.00 10.00 16.00 6.00 0.00 0.00 0.00 0.00 1.00
20.00 20.00 16.00 42.00 99.00 26.00 57.00 0.08 0.53 0.00 3.00 0.00 7.00 13.00 13.00 7.00 17.00 3.00 0.00 0.00 0.00 0.00 0.00
21.00 18.00 24.00 52.00 81.00 28.00 29.00 0.09 0.46 0.00 3.00 0.00 5.00 11.00 13.00 7.00 12.00 6.00 0.00 0.00 0.00 0.00 0.00
22.00 20.00 25.00 51.00 100.00 26.00 49.00 0.08 0.47 0.00 2.00 0.00 5.00 9.00 15.00 11.00 15.00 5.00 0.00 0.00 0.00 0.00 0.00
23.00 22.00 30.00 58.00 106.00 28.00 48.00 0.09 0.53 0.00 1.00 0.00 5.00 5.00 17.00 17.00 11.00 11.00 0.00 0.00 0.00 0.00 0.00
24.00 22.00 18.00 54.00 106.00 36.00 52.00 0.07 0.80 0.00 3.00 0.00 6.00 9.00 16.00 13.00 13.00 9.00 0.00 0.00 0.00 0.00 0.00
25.00 12.00 5.00 24.00 60.00 19.00 36.00 0.09 0.33 0.00 0.00 0.00 4.00 6.00 8.00 6.00 8.00 4.00 0.00 0.00 0.00 0.00 0.00
26.00 20.00 26.00 54.00 94.00 28.00 40.00 0.08 0.48 0.00 2.00 0.00 5.00 8.00 15.00 12.00 14.00 6.00 0.00 0.00 0.00 0.00 0.00
27.00 23.00 36.00 68.00 120.00 32.00 52.00 0.09 0.45 0.00 2.00 0.00 5.00 11.00 18.00 12.00 13.00 10.00 0.00 0.00 0.00 1.00 0.00
28.00 21.00 30.00 62.00 99.00 32.00 37.00 0.08 0.56 0.00 2.00 0.00 9.00 11.00 12.00 10.00 13.00 8.00 0.00 0.00 0.00 0.00 0.00
29.00 23.00 28.00 60.00 109.00 32.00 49.00 0.09 0.77 0.00 2.00 0.00 7.00 13.00 16.00 10.00 17.00 6.00 0.00 0.00 0.00 1.00 0.00
30.00 21.00 24.00 58.00 104.00 34.00 46.00 0.08 0.51 1.00 2.00 0.50 4.00 10.00 17.00 11.00 13.00 8.00 0.00 0.00 0.00 0.00 0.00
31.00 22.00 17.00 57.00 106.00 40.00 49.00 0.08 0.57 0.00 2.00 0.00 4.00 9.00 18.00 13.00 15.00 7.00 0.00 0.00 0.00 0.00 0.00
32.00 21.00 18.00 50.00 102.00 32.00 52.00 0.08 0.75 0.00 2.00 0.00 7.00 12.00 14.00 9.00 16.00 5.00 0.00 0.00 0.00 0.00 0.00
33.00 23.00 32.00 62.00 111.00 30.00 49.00 0.08 0.47 0.00 2.00 0.00 6.00 10.00 17.00 13.00 13.00 10.00 0.00 0.00 0.00 0.00 0.00
34.00 23.00 21.00 59.00 116.00 38.00 57.00 0.09 0.65 0.00 3.00 0.00 2.00 9.00 21.00 14.00 13.00 10.00 0.00 0.00 0.00 0.00 0.00
35.00 23.00 28.00 66.00 118.00 38.00 52.00 0.08 0.68 0.00 2.00 0.00 5.00 10.00 18.00 13.00 15.00 8.00 0.00 0.00 0.00 0.00 0.00
36.00 19.00 19.00 48.00 91.00 29.00 43.00 0.09 0.52 1.00 1.00 1.00 7.00 10.00 12.00 9.00 14.00 5.00 0.00 0.00 0.00 0.00 0.00
37.00 22.00 21.00 53.00 107.00 32.00 54.00 0.09 0.88 1.00 1.00 1.00 5.00 9.00 17.00 13.00 14.00 8.00 0.00 0.00 0.00 0.00 0.00
38.00 16.00 9.00 35.00 77.00 26.00 42.00 0.08 0.55 1.00 2.00 0.50 6.00 10.00 10.00 6.00 14.00 2.00 0.00 0.00 0.00 0.00 0.00
39.00 23.00 25.00 58.00 113.00 33.00 55.00 0.09 0.70 1.00 3.00 0.33 5.00 10.00 18.00 13.00 15.00 8.00 0.00 0.00 0.00 0.00 0.00
40.00 24.00 27.00 59.00 121.00 32.00 62.00 0.09 1.00 0.00 3.00 0.00 6.00 11.00 18.00 13.00 17.00 7.00 0.00 0.00 0.00 0.00 0.00
41.00 24.00 31.00 61.00 120.00 30.00 59.00 0.10 0.85 1.00 2.00 0.50 6.00 10.00 18.00 14.00 16.00 8.00 0.00 0.00 0.00 0.00 0.00
42.00 28.00 29.00 69.00 140.00 40.00 71.00 0.07 0.85 1.00 3.00 0.33 7.00 12.00 21.00 16.00 16.00 12.00 0.00 0.00 0.00 0.00 0.00
43.00 24.00 19.00 59.00 119.00 40.00 60.00 0.09 1.02 1.00 4.00 0.25 6.00 10.00 18.00 14.00 16.00 8.00 0.00 0.00 0.00 1.00 0.00
44.00 22.00 18.00 56.00 108.00 38.00 52.00 0.09 0.81 0.00 1.00 0.00 5.00 12.00 17.00 10.00 17.00 5.00 0.00 0.00 0.00 0.00 0.00
45.00 20.00 21.00 50.00 94.00 29.00 44.00 0.08 0.71 1.00 1.00 1.00 2.00 8.00 18.00 12.00 11.00 9.00 0.00 0.00 1.00 0.00 0.00
46.00 21.00 17.00 51.00 101.00 34.00 50.00 0.08 0.61 1.00 1.00 1.00 9.00 11.00 12.00 10.00 15.00 6.00 0.00 0.00 1.00 0.00 0.00
47.00 16.00 15.00 40.00 79.00 25.00 39.00 0.08 0.68 1.00 0.00 0.00 5.00 9.00 11.00 7.00 11.00 5.00 0.00 0.00 0.00 0.00 0.00
48.00 20.00 23.00 52.00 98.00 29.00 46.00 0.09 0.77 1.00 0.00 0.00 5.00 11.00 15.00 9.00 14.00 6.00 0.00 0.00 0.00 0.00 0.00
49.00 21.00 16.00 50.00 105.00 34.00 55.00 0.07 0.81 1.00 0.00 0.00 11.00 14.00 10.00 7.00 18.00 3.00 0.00 0.00 0.00 1.00 0.00
50.00 16.00 13.00 40.00 75.00 27.00 35.00 0.09 0.84 0.00 0.00 0.00 4.00 10.00 12.00 6.00 13.00 3.00 0.00 0.00 0.00 0.00 1.00
51.00 22.00 14.00 46.00 98.00 32.00 52.00 0.09 0.83 1.00 1.00 1.00 9.00 16.00 13.00 6.00 20.00 2.00 0.00 0.00 0.00 0.00 0.00
52.00 31.00 33.00 77.00 153.00 44.00 76.00 0.09 1.12 1.00 1.00 1.00 8.00 11.00 23.00 20.00 22.00 9.00 0.00 0.00 0.00 0.00 0.00
53.00 27.00 37.00 77.00 137.00 40.00 60.00 0.10 0.81 2.00 2.00 1.00 7.00 11.00 20.00 16.00 20.00 7.00 0.00 0.00 0.00 0.00 0.00
54.00 22.00 19.00 55.00 112.00 36.00 57.00 0.10 0.87 1.00 1.00 1.00 5.00 13.00 17.00 9.00 15.00 7.00 0.00 0.00 0.00 0.00 0.00
55.00 26.00 32.00 74.00 135.00 42.00 61.00 0.11 0.88 1.00 1.00 1.00 6.00 14.00 20.00 12.00 16.00 10.00 0.00 0.00 0.00 0.00 0.00
56.00 25.00 26.00 70.00 120.00 44.00 50.00 0.08 0.78 1.00 1.00 1.00 8.00 15.00 17.00 10.00 17.00 8.00 0.00 0.00 0.00 0.00 0.00
57.00 30.00 40.00 81.00 149.00 41.00 68.00 0.09 1.07 1.00 1.00 1.00 5.00 13.00 25.00 17.00 19.00 11.00 0.00 0.00 0.00 0.00 0.00
58.00 32.00 41.00 97.00 160.00 56.00 63.00 0.10 1.02 1.00 1.00 1.00 7.00 15.00 25.00 17.00 24.00 8.00 0.00 0.00 0.00 0.00 0.00
59.00 26.00 25.00 68.00 123.00 43.00 55.00 0.07 0.90 1.00 1.00 1.00 6.00 15.00 20.00 11.00 22.00 4.00 0.00 0.00 0.00 0.00 0.00
60.00 23.00 20.00 56.00 111.00 36.00 55.00 0.09 0.81 1.00 1.00 1.00 7.00 15.00 16.00 8.00 15.00 8.00 0.00 0.00 0.00 1.00 0.00
61.00 28.00 34.00 83.00 140.00 49.00 57.00 0.08 0.83 2.00 0.00 0.00 6.00 13.00 22.00 15.00 17.00 11.00 0.00 0.00 0.00 1.00 0.00
62.00 31.00 34.00 84.00 158.00 50.00 74.00 0.09 1.32 2.00 1.00 2.00 8.00 14.00 23.00 17.00 20.00 11.00 0.00 0.00 0.00 0.00 0.00
63.00 26.00 27.00 77.00 137.00 50.00 60.00 0.09 0.71 2.00 2.00 1.00 3.00 10.00 23.00 16.00 17.00 9.00 0.00 0.00 0.00 0.00 0.00
64.00 27.00 31.00 80.00 138.00 49.00 58.00 0.08 0.77 2.00 1.00 2.00 3.00 10.00 24.00 17.00 16.00 11.00 0.00 0.00 0.00 0.00 0.00
65.00 28.00 35.00 80.00 139.00 45.00 59.00 0.10 0.77 2.00 1.00 2.00 13.00 17.00 15.00 11.00 22.00 6.00 0.00 0.00 0.00 0.00 0.00
66.00 29.00 44.00 87.00 150.00 43.00 63.00 0.09 0.70 2.00 2.00 1.00 5.00 11.00 24.00 18.00 15.00 14.00 0.00 0.00 0.00 0.00 0.00
67.00 29.00 35.00 84.00 148.00 49.00 64.00 0.08 0.83 1.00 0.00 0.00 9.00 14.00 20.00 15.00 19.00 10.00 0.00 0.00 0.00 0.00 0.00
68.00 31.00 38.00 91.00 171.00 53.00 80.00 0.08 0.93 4.00 0.00 0.00 3.00 12.00 28.00 19.00 18.00 13.00 0.00 0.00 0.00 0.00 0.00
69.00 33.00 43.00 98.00 173.00 55.00 75.00 0.09 1.09 4.00 0.00 0.00 11.00 16.00 22.00 17.00 24.00 9.00 0.00 0.00 0.00 0.00 0.00
70.00 30.00 35.00 90.00 160.00 55.00 70.00 0.08 1.00 3.00 0.00 0.00 4.00 14.00 26.00 16.00 19.00 11.00 0.00 0.00 0.00 0.00 0.00
71.00 30.00 39.00 85.00 149.00 46.00 64.00 0.08 1.03 4.00 1.00 4.00 9.00 18.00 21.00 12.00 22.00 8.00 0.00 0.00 2.00 0.00 0.00
72.00 32.00 32.00 84.00 160.00 52.00 76.00 0.09 1.15 3.00 0.00 0.00 12.00 16.00 20.00 16.00 22.00 10.00 0.00 0.00 1.00 0.00 0.00
73.00 34.00 43.00 101.00 177.00 58.00 76.00 0.08 1.53 1.00 2.00 0.50 11.00 19.00 23.00 15.00 21.00 13.00 1.00 0.00 0.00 0.00 0.00
74.00 35.00 43.00 104.00 184.00 61.00 80.00 0.08 1.45 3.00 2.00 1.50 8.00 15.00 27.00 20.00 17.00 18.00 0.00 0.00 0.00 0.00 0.00
75.00 36.00 55.00 122.00 199.00 67.00 77.00 0.09 1.08 2.00 3.00 0.67 8.00 14.00 28.00 22.00 20.00 16.00 0.00 0.00 0.00 1.00 0.00
76.00 30.00 34.00 82.00 148.00 48.00 66.00 0.07 1.41 2.00 2.00 1.00 6.00 9.00 24.00 21.00 16.00 14.00 0.00 0.00 1.00 1.00 0.00
77.00 30.00 40.00 88.00 157.00 48.00 69.00 0.08 1.48 1.00 2.00 0.50 9.00 15.00 21.00 15.00 18.00 12.00 0.00 0.00 0.00 1.00 0.00
78.00 27.00 36.00 81.00 146.00 45.00 65.00 0.10 1.05 1.00 2.00 0.50 7.00 12.00 20.00 15.00 16.00 11.00 0.00 0.00 0.00 0.00 0.00
79.00 27.00 33.00 81.00 133.00 48.00 52.00 0.11 1.49 1.00 2.00 0.50 10.00 15.00 17.00 12.00 20.00 7.00 0.00 0.00 0.00 0.00 0.00
80.00 29.00 23.00 73.00 140.00 50.00 67.00 0.09 2.33 1.00 2.00 0.50 8.00 14.00 21.00 15.00 20.00 9.00 0.00 0.00 0.00 0.00 0.00
81.00 30.00 25.00 86.00 164.00 61.00 78.00 0.07 2.21 1.00 2.00 0.50 7.00 12.00 23.00 18.00 17.00 13.00 0.00 0.00 0.00 0.00 0.00
82.00 28.00 40.00 78.00 139.00 38.00 61.00 0.08 1.52 1.00 2.00 0.50 7.00 13.00 21.00 15.00 17.00 11.00 0.00 0.00 1.00 1.00 0.00
83.00 35.00 43.00 107.00 180.00 64.00 73.00 0.10 1.54 1.00 3.00 0.33 7.00 14.00 28.00 21.00 23.00 12.00 0.00 0.00 2.00 0.00 0.00
84.00 34.00 42.00 105.00 171.00 63.00 66.00 0.09 1.98 1.00 2.00 0.50 10.00 15.00 24.00 19.00 22.00 12.00 0.00 0.00 1.00 1.00 0.00
85.00 34.00 50.00 102.00 174.00 52.00 72.00 0.09 1.83 2.00 3.00 0.67 13.00 19.00 21.00 15.00 23.00 11.00 0.00 0.00 3.00 0.00 0.00
86.00 39.00 54.00 123.00 204.00 69.00 81.00 0.08 2.22 2.00 2.00 1.00 4.00 11.00 35.00 28.00 20.00 19.00 0.00 0.00 1.00 0.00 0.00
87.00 37.00 47.00 114.00 202.00 67.00 88.00 0.09 1.65 2.00 2.00 1.00 6.00 10.00 31.00 27.00 19.00 18.00 0.00 0.00 1.00 0.00 0.00
88.00 39.00 60.00 127.00 203.00 67.00 76.00 0.08 1.90 2.00 3.00 0.67 5.00 14.00 34.00 25.00 22.00 17.00 0.00 0.00 2.00 0.00 0.00
89.00 34.00 46.00 98.00 173.00 52.00 75.00 0.08 1.59 2.00 3.00 0.67 5.00 10.00 29.00 24.00 18.00 16.00 0.00 0.00 1.00 0.00 0.00
90.00 36.00 47.00 112.00 185.00 65.00 73.00 0.06 1.67 2.00 3.00 0.67 8.00 16.00 28.00 20.00 23.00 13.00 0.00 0.00 1.00 0.00 0.00
91.00 36.00 52.00 117.00 195.00 65.00 78.00 0.10 2.07 1.00 3.00 0.33 4.00 9.00 32.00 27.00 20.00 16.00 0.00 0.00 0.00 0.00 0.00
92.00 39.00 55.00 122.00 201.00 67.00 79.00 0.08 1.90 2.00 2.00 1.00 5.00 13.00 34.00 26.00 22.00 17.00 0.00 0.00 0.00 0.00 1.00
93.00 40.00 55.00 124.00 208.00 69.00 84.00 0.07 1.72 2.00 2.00 1.00 11.00 17.00 29.00 23.00 27.00 13.00 0.00 0.00 0.00 0.00 0.00
94.00 35.00 50.00 98.00 175.00 48.00 77.00 0.08 2.26 3.00 2.00 1.50 7.00 14.00 28.00 21.00 21.00 14.00 0.00 0.00 0.00 0.00 0.00
95.00 39.00 67.00 121.00 198.00 54.00 77.00 0.08 1.56 1.00 2.00 0.50 7.00 17.00 32.00 22.00 25.00 14.00 0.00 0.00 0.00 0.00 0.00
96.00 36.00 47.00 105.00 189.00 58.00 84.00 0.09 1.23 2.00 2.00 1.00 5.00 18.00 31.00 18.00 27.00 9.00 0.00 0.00 1.00 0.00 0.00
97.00 34.00 46.00 96.00 177.00 50.00 81.00 0.07 1.64 2.00 1.00 2.00 8.00 18.00 26.00 16.00 22.00 12.00 0.00 0.00 0.00 0.00 0.00
98.00 39.00 53.00 118.00 200.00 65.00 82.00 0.09 1.86 2.00 0.00 0.00 11.00 15.00 28.00 24.00 24.00 15.00 0.00 0.00 0.00 0.00 0.00
99.00 34.00 36.00 98.00 185.00 62.00 87.00 0.09 1.35 2.00 0.00 0.00 7.00 18.00 27.00 16.00 25.00 9.00 0.00 0.00 0.00 0.00 0.00
100.00 42.00 62.00 116.00 215.00 54.00 99.00 0.09 1.68 2.00 2.00 1.00 13.00 21.00 29.00 21.00 30.00 12.00 0.00 0.00 1.00 0.00 0.00
101.00 42.00 62.00 118.00 216.00 56.00 98.00 0.08 1.73 2.00 3.00 0.67 13.00 25.00 29.00 17.00 33.00 9.00 0.00 0.00 0.00 0.00 0.00
102.00 37.00 55.00 112.00 190.00 57.00 78.00 0.08 1.48 2.00 3.00 0.67 8.00 17.00 29.00 20.00 20.00 17.00 0.00 0.00 0.00 0.00 0.00
103.00 34.00 52.00 107.00 177.00 55.00 70.00 0.09 1.15 2.00 3.00 0.67 5.00 14.00 29.00 20.00 19.00 15.00 0.00 0.00 0.00 0.00 0.00
104.00 44.00 77.00 143.00 222.00 66.00 79.00 0.09 1.63 2.00 3.00 0.67 13.00 21.00 31.00 23.00 27.00 17.00 0.00 0.00 1.00 0.00 0.00
105.00 41.00 58.00 128.00 212.00 70.00 84.00 0.07 1.89 1.00 3.00 0.33 9.00 15.00 32.00 26.00 25.00 16.00 0.00 0.00 0.00 0.00 0.00
106.00 42.00 62.00 125.00 221.00 63.00 96.00 0.09 1.95 2.00 4.00 0.50 11.00 18.00 31.00 24.00 22.00 20.00 0.00 0.00 2.00 0.00 0.00
107.00 40.00 65.00 128.00 213.00 63.00 85.00 0.08 1.41 1.00 3.00 0.33 10.00 19.00 30.00 21.00 28.00 12.00 0.00 0.00 3.00 0.00 0.00
108.00 38.00 52.00 120.00 201.00 68.00 81.00 0.07 1.64 2.00 2.00 1.00 8.00 13.00 30.00 25.00 22.00 16.00 0.00 0.00 4.00 0.00 0.00
109.00 43.00 71.00 137.00 221.00 66.00 84.00 0.08 1.76 2.00 2.00 1.00 11.00 17.00 32.00 26.00 23.00 20.00 0.00 0.00 2.00 0.00 0.00
110.00 42.00 68.00 135.00 219.00 67.00 84.00 0.08 1.68 3.00 2.00 1.50 7.00 17.00 35.00 25.00 26.00 16.00 0.00 0.00 0.00 0.00 0.00
111.00 37.00 62.00 117.00 193.00 55.00 76.00 0.07 1.73 2.00 2.00 1.00 7.00 16.00 30.00 21.00 22.00 15.00 0.00 0.00 1.00 1.00 1.00
112.00 40.00 58.00 124.00 204.00 66.00 80.00 0.08 1.77 2.00 2.00 1.00 12.00 18.00 28.00 22.00 24.00 16.00 0.00 0.00 2.00 0.00 0.00
113.00 43.00 51.00 118.00 222.00 67.00 104.00 0.08 2.27 2.00 3.00 0.67 10.00 23.00 33.00 20.00 28.00 15.00 0.00 0.00 1.00 0.00 0.00
114.00 38.00 47.00 105.00 192.00 58.00 87.00 0.09 1.92 2.00 1.00 2.00 11.00 24.00 27.00 14.00 30.00 8.00 0.00 0.00 1.00 0.00 0.00
115.00 46.00 68.00 141.00 237.00 73.00 96.00 0.08 2.34 3.00 2.00 1.50 15.00 19.00 31.00 27.00 30.00 16.00 0.00 0.00 0.00 0.00 0.00
116.00 40.00 60.00 122.00 208.00 62.00 86.00 0.08 1.73 3.00 2.00 1.50 9.00 17.00 31.00 23.00 22.00 18.00 0.00 0.00 1.00 0.00 0.00
117.00 46.00 74.00 144.00 232.00 70.00 88.00 0.09 2.73 2.00 1.00 2.00 11.00 20.00 35.00 26.00 27.00 19.00 0.00 0.00 0.00 0.00 0.00
118.00 45.00 60.00 133.00 229.00 73.00 96.00 0.07 2.23 2.00 2.00 1.00 11.00 17.00 34.00 28.00 26.00 19.00 0.00 0.00 1.00 0.00 0.00
119.00 45.00 66.00 137.00 233.00 71.00 96.00 0.11 2.62 2.00 2.00 1.00 11.00 21.00 34.00 24.00 27.00 18.00 0.00 0.00 1.00 0.00 0.00
120.00 44.00 68.00 139.00 224.00 71.00 85.00 0.08 2.39 2.00 3.00 0.67 6.00 16.00 38.00 28.00 24.00 20.00 0.00 0.00 0.00 1.00 0.00
121.00 36.00 50.00 105.00 182.00 55.00 77.00 0.08 1.59 2.00 2.00 1.00 10.00 17.00 26.00 19.00 23.00 13.00 0.00 0.00 0.00 0.00 0.00
122.00 41.00 56.00 127.00 220.00 71.00 93.00 0.08 1.88 2.00 3.00 0.67 8.00 14.00 33.00 27.00 18.00 23.00 0.00 0.00 0.00 0.00 0.00
123.00 41.00 57.00 123.00 199.00 66.00 76.00 0.07 1.44 1.00 1.00 1.00 11.00 20.00 30.00 21.00 29.00 12.00 0.00 0.00 0.00 0.00 0.00
124.00 39.00 59.00 110.00 189.00 51.00 79.00 0.07 1.54 2.00 4.00 0.50 8.00 17.00 31.00 22.00 24.00 15.00 0.00 0.00 0.00 0.00 0.00
125.00 30.00 34.00 87.00 149.00 53.00 62.00 0.08 1.16 2.00 3.00 0.67 6.00 16.00 24.00 14.00 19.00 11.00 0.00 0.00 1.00 0.00 0.00
126.00 32.00 43.00 92.00 164.00 49.00 72.00 0.10 1.11 2.00 2.00 1.00 8.00 15.00 24.00 17.00 18.00 14.00 0.00 0.00 2.00 0.00 0.00
127.00 35.00 44.00 103.00 174.00 59.00 71.00 0.10 1.23 2.00 3.00 0.67 11.00 20.00 24.00 15.00 23.00 12.00 0.00 0.00 0.00 0.00 0.00
128.00 32.00 42.00 95.00 174.00 53.00 79.00 0.07 0.95 2.00 3.00 0.67 8.00 15.00 24.00 17.00 18.00 14.00 0.00 0.00 0.00 0.00 0.00
129.00 38.00 58.00 112.00 195.00 54.00 83.00 0.08 1.63 3.00 2.00 1.50 9.00 16.00 29.00 22.00 23.00 15.00 0.00 0.00 0.00 0.00 0.00
130.00 37.00 54.00 112.00 187.00 58.00 75.00 0.07 1.21 2.00 2.00 1.00 7.00 13.00 30.00 24.00 20.00 17.00 0.00 0.00 0.00 0.00 0.00
131.00 35.00 44.00 102.00 184.00 58.00 82.00 0.08 1.06 2.00 3.00 0.67 7.00 16.00 28.00 19.00 23.00 12.00 0.00 0.00 0.00 0.00 0.00
132.00 26.00 26.00 74.00 135.00 48.00 61.00 0.08 0.87 2.00 3.00 0.67 6.00 8.00 20.00 18.00 11.00 15.00 0.00 0.00 0.00 0.00 0.00
133.00 34.00 44.00 104.00 180.00 60.00 76.00 0.08 1.20 3.00 2.00 1.50 9.00 14.00 25.00 20.00 20.00 14.00 0.00 0.00 0.00 0.00 0.00
134.00 35.00 54.00 111.00 181.00 57.00 70.00 0.08 1.01 2.00 3.00 0.67 4.00 15.00 31.00 20.00 20.00 15.00 0.00 0.00 0.00 0.00 0.00
135.00 27.00 34.00 78.00 140.00 44.00 62.00 0.09 0.90 2.00 3.00 0.67 8.00 13.00 19.00 14.00 15.00 12.00 0.00 0.00 0.00 0.00 0.00
136.00 28.00 35.00 88.00 149.00 53.00 61.00 0.08 0.91 2.00 1.00 2.00 7.00 14.00 21.00 14.00 18.00 10.00 0.00 0.00 0.00 0.00 0.00
137.00 27.00 36.00 73.00 137.00 37.00 64.00 0.08 1.25 2.00 1.00 2.00 6.00 8.00 21.00 19.00 21.00 6.00 1.00 0.00 0.00 0.00 0.00
138.00 34.00 42.00 98.00 169.00 56.00 71.00 0.09 1.40 2.00 1.00 2.00 5.00 13.00 29.00 21.00 22.00 12.00 0.00 0.00 1.00 0.00 0.00
139.00 34.00 41.00 93.00 168.00 52.00 75.00 0.10 1.36 1.00 1.00 1.00 11.00 15.00 23.00 19.00 23.00 11.00 0.00 0.00 0.00 0.00 0.00
140.00 27.00 28.00 76.00 134.00 48.00 58.00 0.10 1.36 1.00 0.00 0.00 7.00 12.00 20.00 15.00 21.00 6.00 0.00 0.00 0.00 0.00 0.00
141.00 32.00 25.00 84.00 157.00 59.00 73.00 0.08 1.84 2.00 0.00 0.00 9.00 14.00 23.00 18.00 20.00 12.00 0.00 0.00 0.00 0.00 0.00
142.00 32.00 45.00 92.00 168.00 47.00 76.00 0.08 1.37 2.00 0.00 0.00 2.00 15.00 30.00 17.00 20.00 12.00 0.00 0.00 0.00 0.00 0.00
143.00 23.00 20.00 60.00 121.00 40.00 61.00 0.10 1.25 2.00 0.00 0.00 6.00 8.00 17.00 15.00 15.00 8.00 0.00 0.00 0.00 0.00 0.00
144.00 36.00 51.00 105.00 180.00 54.00 75.00 0.09 1.34 2.00 0.00 0.00 8.00 18.00 28.00 18.00 27.00 9.00 0.00 0.00 0.00 0.00 0.00
145.00 33.00 44.00 94.00 169.00 50.00 75.00 0.10 1.09 2.00 0.00 0.00 11.00 16.00 22.00 17.00 22.00 11.00 0.00 0.00 0.00 0.00 0.00
146.00 30.00 20.00 87.00 161.00 67.00 74.00 0.08 1.16 2.00 0.00 0.00 8.00 13.00 22.00 17.00 20.00 10.00 0.00 0.00 0.00 0.00 0.00
147.00 28.00 39.00 87.00 153.00 48.00 66.00 0.07 0.98 2.00 1.00 2.00 5.00 12.00 23.00 16.00 18.00 10.00 0.00 0.00 0.00 0.00 0.00
148.00 31.00 35.00 83.00 157.00 48.00 74.00 0.07 1.39 1.00 1.00 1.00 6.00 11.00 25.00 20.00 20.00 11.00 0.00 0.00 0.00 0.00 0.00
149.00 36.00 53.00 115.00 182.00 62.00 67.00 0.07 1.32 1.00 0.00 0.00 11.00 19.00 25.00 17.00 24.00 12.00 0.00 0.00 0.00 0.00 0.00
150.00 33.00 51.00 98.00 174.00 47.00 76.00 0.08 1.21 2.00 1.00 2.00 5.00 14.00 28.00 19.00 20.00 13.00 0.00 0.00 0.00 0.00 0.00
151.00 38.00 48.00 107.00 186.00 59.00 79.00 0.10 1.54 2.00 1.00 2.00 7.00 17.00 31.00 21.00 25.00 13.00 0.00 0.00 0.00 0.00 0.00
152.00 35.00 48.00 99.00 177.00 51.00 78.00 0.09 1.50 2.00 1.00 2.00 11.00 16.00 24.00 19.00 21.00 14.00 0.00 0.00 0.00 0.00 0.00
153.00 35.00 57.00 113.00 178.00 56.00 65.00 0.07 1.11 2.00 2.00 1.00 10.00 17.00 25.00 18.00 26.00 9.00 0.00 0.00 0.00 0.00 0.00
154.00 29.00 30.00 80.00 156.00 50.00 76.00 0.08 1.27 2.00 2.00 1.00 7.00 12.00 22.00 17.00 19.00 10.00 0.00 0.00 0.00 0.00 0.00
155.00 31.00 42.00 95.00 154.00 53.00 59.00 0.08 1.05 1.00 1.00 1.00 11.00 15.00 20.00 16.00 21.00 10.00 0.00 0.00 0.00 0.00 0.00
156.00 34.00 33.00 97.00 186.00 64.00 89.00 0.09 1.14 2.00 1.00 2.00 10.00 20.00 24.00 14.00 23.00 11.00 0.00 0.00 0.00 0.00 0.00
157.00 35.00 42.00 99.00 175.00 57.00 76.00 0.08 1.22 2.00 1.00 2.00 9.00 19.00 26.00 16.00 28.00 7.00 0.00 0.00 0.00 0.00 0.00
158.00 23.00 34.00 69.00 118.00 35.00 49.00 0.09 0.62 2.00 2.00 1.00 4.00 8.00 19.00 15.00 17.00 6.00 0.00 0.00 0.00 0.00 0.00
159.00 34.00 35.00 102.00 178.00 67.00 76.00 0.07 1.20 2.00 1.00 2.00 8.00 12.00 26.00 22.00 18.00 16.00 0.00 0.00 0.00 0.00 0.00
160.00 34.00 33.00 101.00 171.00 68.00 70.00 0.08 1.40 1.00 1.00 1.00 11.00 14.00 23.00 20.00 23.00 11.00 0.00 0.00 0.00 0.00 0.00
161.00 39.00 50.00 106.00 192.00 56.00 86.00 0.07 1.57 2.00 1.00 2.00 6.00 16.00 33.00 23.00 29.00 10.00 0.00 0.00 0.00 0.00 0.00
162.00 34.00 42.00 94.00 173.00 52.00 79.00 0.09 1.46 2.00 1.00 2.00 7.00 13.00 27.00 21.00 23.00 11.00 0.00 0.00 0.00 0.00 0.00
163.00 34.00 55.00 110.00 177.00 55.00 67.00 0.08 1.19 2.00 1.00 2.00 6.00 14.00 28.00 20.00 18.00 16.00 0.00 0.00 0.00 0.00 0.00
164.00 31.00 39.00 87.00 170.00 48.00 83.00 0.08 1.24 2.00 1.00 2.00 6.00 10.00 25.00 21.00 20.00 11.00 0.00 0.00 0.00 0.00 0.00
165.00 31.00 37.00 90.00 158.00 53.00 68.00 0.07 1.07 2.00 2.00 1.00 10.00 16.00 21.00 15.00 20.00 11.00 0.00 0.00 0.00 0.00 0.00
166.00 29.00 37.00 83.00 147.00 46.00 64.00 0.08 1.18 2.00 1.00 2.00 12.00 18.00 17.00 11.00 20.00 9.00 0.00 0.00 0.00 0.00 0.00
167.00 25.00 25.00 63.00 126.00 38.00 63.00 0.08 0.89 2.00 0.00 0.00 4.00 10.00 21.00 15.00 14.00 11.00 0.00 0.00 1.00 0.00 0.00
168.00 25.00 24.00 66.00 125.00 42.00 59.00 0.09 0.93 2.00 0.00 0.00 5.00 11.00 20.00 14.00 18.00 7.00 0.00 0.00 1.00 0.00 0.00
169.00 26.00 30.00 67.00 134.00 37.00 67.00 0.08 0.87 1.00 0.00 0.00 8.00 10.00 18.00 16.00 18.00 8.00 0.00 0.00 0.00 0.00 0.00
170.00 31.00 36.00 78.00 145.00 42.00 67.00 0.09 1.08 1.00 1.00 1.00 10.00 16.00 21.00 15.00 26.00 5.00 0.00 0.00 0.00 0.00 0.00
171.00 29.00 31.00 80.00 148.00 49.00 68.00 0.09 1.09 1.00 0.00 0.00 6.00 15.00 23.00 14.00 25.00 4.00 0.00 0.00 1.00 0.00 0.00
172.00 32.00 35.00 93.00 162.00 58.00 69.00 0.09 1.07 1.00 1.00 1.00 8.00 16.00 24.00 16.00 25.00 7.00 0.00 0.00 0.00 0.00 0.00
173.00 27.00 29.00 72.00 133.00 43.00 61.00 0.08 0.96 1.00 0.00 0.00 5.00 10.00 22.00 17.00 19.00 8.00 0.00 0.00 0.00 0.00 0.00
174.00 28.00 34.00 76.00 145.00 42.00 69.00 0.08 0.99 1.00 1.00 1.00 11.00 17.00 17.00 11.00 21.00 7.00 0.00 0.00 1.00 0.00 0.00
175.00 27.00 30.00 79.00 139.00 49.00 60.00 0.08 0.97 1.00 1.00 1.00 5.00 11.00 22.00 16.00 19.00 8.00 0.00 0.00 1.00 0.00 0.00
176.00 24.00 34.00 74.00 125.00 40.00 51.00 0.09 0.72 0.00 0.00 0.00 2.00 8.00 22.00 16.00 15.00 9.00 0.00 0.00 1.00 0.00 0.00
177.00 24.00 23.00 64.00 125.00 41.00 61.00 0.08 0.82 1.00 0.00 0.00 5.00 13.00 19.00 11.00 16.00 8.00 0.00 0.00 2.00 0.00 0.00
178.00 22.00 24.00 61.00 116.00 37.00 55.00 0.08 0.85 1.00 0.00 0.00 7.00 11.00 15.00 11.00 15.00 7.00 0.00 0.00 1.00 0.00 0.00
179.00 26.00 29.00 69.00 131.00 40.00 62.00 0.09 0.91 1.00 2.00 0.50 7.00 16.00 19.00 10.00 23.00 3.00 0.00 0.00 1.00 0.00 0.00
180.00 24.00 31.00 73.00 128.00 42.00 55.00 0.09 1.02 1.00 0.00 0.00 5.00 11.00 19.00 13.00 14.00 10.00 0.00 0.00 1.00 0.00 0.00
181.00 23.00 28.00 63.00 117.00 35.00 54.00 0.08 0.86 1.00 0.00 0.00 5.00 9.00 18.00 14.00 11.00 12.00 0.00 0.00 1.00 0.00 0.00
182.00 24.00 26.00 61.00 118.00 35.00 57.00 0.08 1.09 1.00 0.00 0.00 9.00 14.00 15.00 10.00 17.00 7.00 0.00 0.00 0.00 0.00 0.00
183.00 25.00 28.00 70.00 123.00 42.00 53.00 0.07 0.88 1.00 0.00 0.00 7.00 12.00 18.00 13.00 19.00 6.00 0.00 0.00 0.00 0.00 0.00
184.00 23.00 14.00 51.00 112.00 37.00 61.00 0.08 0.81 1.00 0.00 0.00 8.00 14.00 15.00 9.00 15.00 8.00 0.00 0.00 1.00 0.00 0.00
185.00 24.00 23.00 60.00 114.00 37.00 54.00 0.09 0.95 1.00 1.00 1.00 7.00 10.00 17.00 14.00 16.00 8.00 0.00 0.00 1.00 0.00 0.00
186.00 24.00 29.00 64.00 120.00 35.00 56.00 0.08 0.87 1.00 1.00 1.00 8.00 12.00 16.00 12.00 14.00 10.00 0.00 0.00 0.00 0.00 0.00
187.00 32.00 30.00 90.00 168.00 60.00 78.00 0.08 1.39 1.00 0.00 0.00 8.00 17.00 24.00 15.00 20.00 12.00 0.00 0.00 0.00 0.00 0.00
188.00 30.00 31.00 75.00 144.00 44.00 69.00 0.08 1.13 1.00 0.00 0.00 8.00 12.00 22.00 18.00 18.00 12.00 0.00 0.00 0.00 0.00 0.00
189.00 33.00 35.00 85.00 163.00 50.00 78.00 0.08 1.17 1.00 0.00 0.00 8.00 16.00 25.00 17.00 21.00 12.00 0.00 0.00 0.00 0.00 0.00
190.00 25.00 37.00 73.00 127.00 36.00 54.00 0.09 0.80 2.00 0.00 0.00 6.00 9.00 19.00 16.00 16.00 9.00 0.00 0.00 1.00 0.00 0.00
191.00 21.00 22.00 56.00 102.00 34.00 46.00 0.08 0.79 1.00 1.00 1.00 3.00 10.00 18.00 11.00 14.00 7.00 0.00 0.00 0.00 0.00 0.00
192.00 26.00 26.00 69.00 133.00 43.00 64.00 0.08 1.04 1.00 0.00 0.00 8.00 13.00 18.00 13.00 20.00 6.00 1.00 0.00 0.00 0.00 0.00
193.00 26.00 31.00 68.00 126.00 37.00 58.00 0.07 0.87 1.00 0.00 0.00 6.00 11.00 20.00 15.00 18.00 8.00 0.00 0.00 1.00 0.00 0.00
194.00 18.00 14.00 38.00 97.00 24.00 59.00 0.09 0.97 1.00 0.00 0.00 4.00 9.00 14.00 9.00 11.00 7.00 0.00 0.00 0.00 0.00 0.00
195.00 27.00 29.00 67.00 133.00 38.00 66.00 0.08 1.11 1.00 0.00 0.00 6.00 14.00 21.00 13.00 19.00 8.00 0.00 0.00 0.00 0.00 0.00
196.00 27.00 27.00 69.00 135.00 42.00 66.00 0.08 1.12 1.00 0.00 0.00 8.00 15.00 19.00 12.00 22.00 5.00 0.00 0.00 0.00 0.00 0.00
197.00 21.00 15.00 53.00 107.00 38.00 54.00 0.09 1.07 1.00 0.00 0.00 7.00 13.00 14.00 8.00 16.00 5.00 0.00 0.00 0.00 0.00 0.00
198.00 18.00 11.00 44.00 87.00 33.00 43.00 0.09 0.72 1.00 0.00 0.00 5.00 12.00 13.00 6.00 12.00 6.00 0.00 0.00 0.00 0.00 0.00
199.00 16.00 6.00 27.00 70.00 21.00 43.00 0.09 0.71 0.00 0.00 0.00 4.00 6.00 12.00 10.00 10.00 6.00 0.00 0.00 0.00 0.00 0.00
200.00 9.00 0.00 7.00 40.00 7.00 33.00 0.07 0.53 1.00 0.00 0.00 3.00 5.00 6.00 4.00 7.00 2.00 0.00 0.00 0.00 0.00 1.00
201.00 22.00 12.00 37.00 104.00 25.00 67.00 0.09 1.09 1.00 0.00 0.00 10.00 13.00 12.00 9.00 15.00 7.00 0.00 0.00 0.00 0.00 0.00
202.00 16.00 8.00 29.00 75.00 21.00 46.00 0.09 0.93 1.00 0.00 0.00 4.00 7.00 12.00 9.00 13.00 3.00 0.00 0.00 0.00 0.00 0.00
203.00 16.00 3.00 26.00 74.00 23.00 48.00 0.06 1.46 0.00 1.00 0.00 6.00 11.00 10.00 5.00 12.00 4.00 0.00 0.00 0.00 0.00 1.00
204.00 9.00 2.00 13.00 39.00 11.00 26.00 0.07 0.58 0.00 1.00 0.00 2.00 5.00 7.00 4.00 5.00 4.00 0.00 0.00 0.00 0.00 0.00
205.00 14.00 10.00 30.00 65.00 20.00 35.00 0.09 0.67 0.00 0.00 0.00 6.00 9.00 8.00 5.00 12.00 2.00 0.00 0.00 0.00 0.00 0.00
206.00 13.00 1.00 20.00 54.00 19.00 34.00 0.09 0.78 0.00 0.00 0.00 5.00 11.00 8.00 2.00 12.00 1.00 0.00 0.00 0.00 0.00 0.00
207.00 10.00 5.00 19.00 46.00 14.00 27.00 0.08 0.37 0.00 0.00 0.00 5.00 7.00 5.00 3.00 10.00 0.00 0.00 0.00 0.00 0.00 0.00
208.00 5.00 0.00 5.00 21.00 5.00 16.00 0.08 0.26 0.00 0.00 0.00 3.00 4.00 2.00 1.00 5.00 0.00 0.00 0.00 0.00 0.00 0.00
209.00 10.00 3.00 13.00 41.00 10.00 28.00 0.07 0.44 0.00 0.00 0.00 4.00 6.00 6.00 4.00 8.00 2.00 0.00 0.00 1.00 0.00 0.00
210.00 5.00 1.00 5.00 21.00 4.00 16.00 0.07 0.20 0.00 0.00 0.00 2.00 5.00 3.00 0.00 5.00 0.00 0.00 0.00 0.00 0.00 0.00
211.00 5.00 1.00 6.00 20.00 5.00 14.00 0.08 0.28 0.00 0.00 0.00 2.00 5.00 3.00 0.00 5.00 0.00 0.00 0.00 0.00 0.00 0.00
212.00 3.00 0.00 1.00 8.00 1.00 7.00 0.09 0.11 0.00 0.00 0.00 2.00 3.00 1.00 0.00 3.00 0.00 0.00 0.00 0.00 0.00 0.00
213.00 4.00 0.00 3.00 15.00 3.00 12.00 0.08 0.21 0.00 0.00 0.00 1.00 3.00 3.00 1.00 4.00 0.00 0.00 0.00 0.00 0.00 0.00
214.00 6.00 2.00 9.00 24.00 7.00 15.00 0.08 0.22 0.00 0.00 0.00 1.00 5.00 5.00 1.00 6.00 0.00 0.00 0.00 0.00 0.00 0.00
215.00 2.00 0.00 0.00 0.00 0.00 0.00 0.08 0.15 0.00 0.00 0.00 2.00 2.00 0.00 0.00 2.00 0.00 0.00 0.00 0.00 0.00 0.00
