0.00 6.00 1.00 7.00 23.00 6.00 16.00 0.08 0.34 0.00 0.00 0.00 5.00 5.00 1.00 1.00 5.00 1.00 0.00 0.00 0.00 0.00 0.00
1.00 9.00 6.00 18.00 41.00 12.00 23.00 0.07 0.39 0.00 0.00 0.00 0.00 5.00 9.00 4.00 7.00 2.00 0.00 0.00 0.00 0.00 0.00
2.00 6.00 2.00 7.00 26.00 5.00 19.00 0.09 0.38 0.00 0.00 0.00 3.00 5.00 3.00 1.00 6.00 0.00 0.00 0.00 0.00 0.00 0.00
3.00 7.00 4.00 14.00 30.00 10.00 16.00 0.09 0.27 0.00 0.00 0.00 3.00 4.00 4.00 3.00 7.00 0.00 0.00 0.00 0.00 0.00 0.00
4.00 6.00 1.00 8.00 27.00 7.00 19.00 0.08 0.30 0.00 0.00 0.00 4.00 5.00 2.00 1.00 5.00 1.00 0.00 0.00 0.00 0.00 0.00
5.00 8.00 4.00 14.00 35.00 10.00 21.00 0.08 0.38 0.00 0.00 0.00 3.00 5.00 5.00 3.00 6.00 2.00 0.00 0.00 0.00 0.00 0.00
6.00 9.00 4.00 17.00 43.00 13.00 26.00 0.08 0.37 1.00 0.00 0.00 2.00 4.00 7.00 5.00 5.00 4.00 0.00 0.00 0.00 0.00 0.00
7.00 11.00 6.00 21.00 50.00 15.00 29.00 0.08 0.56 0.00 0.00 0.00 4.00 6.00 7.00 5.00 7.00 4.00 0.00 0.00 0.00 0.00 0.00
8.00 10.00 5.00 18.00 42.00 13.00 24.00 0.09 0.47 0.00 0.00 0.00 2.00 9.00 8.00 1.00 9.00 1.00 0.00 0.00 0.00 0.00 0.00
9.00 11.00 3.00 18.00 49.00 15.00 31.00 0.08 0.47 0.00 0.00 0.00 4.00 6.00 7.00 5.00 8.00 3.00 0.00 0.00 0.00 0.00 0.00
10.00 12.00 8.00 28.00 56.00 20.00 28.00 0.09 0.45 0.00 0.00 0.00 6.00 8.00 6.00 4.00 10.00 2.00 0.00 0.00 0.00 0.00 0.00
11.00 11.00 10.00 28.00 56.00 18.00 28.00 0.08 0.44 0.00 0.00 0.00 2.00 5.00 9.00 6.00 8.00 3.00 0.00 0.00 0.00 0.00 0.00
12.00 10.00 9.00 24.00 48.00 15.00 24.00 0.08 0.41 0.00 0.00 0.00 3.00 3.00 7.00 7.00 4.00 6.00 0.00 0.00 0.00 0.00 0.00
13.00 11.00 7.00 23.00 54.00 16.00 31.00 0.10 0.48 0.00 0.00 0.00 2.00 5.00 9.00 6.00 7.00 4.00 0.00 0.00 0.00 0.00 0.00
14.00 15.00 7.00 30.00 67.00 23.00 37.00 0.09 0.85 0.00 1.00 0.00 5.00 11.00 10.00 4.00 14.00 1.00 0.00 0.00 0.00 0.00 0.00
15.00 13.00 9.00 23.00 50.00 14.00 27.00 0.09 0.67 0.00 1.00 0.00 6.00 7.00 7.00 6.00 13.00 0.00 0.00 0.00 0.00 0.00 0.00
16.00 13.00 4.00 20.00 57.00 16.00 37.00 0.08 0.67 0.00 1.00 0.00 5.00 9.00 8.00 4.00 11.00 2.00 0.00 0.00 0.00 0.00 0.00
17.00 13.00 13.00 33.00 64.00 20.00 31.00 0.08 0.55 0.00 1.00 0.00 3.00 7.00 10.00 6.00 10.00 3.00 0.00 0.00 0.00 0.00 0.00
18.00 12.00 11.00 28.00 58.00 17.00 30.00 0.09 0.61 0.00 1.00 0.00 4.00 6.00 8.00 6.00 8.00 4.00 0.00 0.00 0.00 0.00 0.00
19.00 11.00 8.00 25.00 53.00 17.00 28.00 0.08 0.44 0.00 1.00 0.00 5.00 6.00 6.00 5.00 8.00 3.00 0.00 0.00 0.00 0.00 0.00
20.00 13.00 5.00 27.00 62.00 22.00 35.00 0.08 0.70 0.00 1.00 0.00 4.00 9.00 9.00 4.00 10.00 3.00 0.00 0.00 0.00 0.00 0.00
21.00 11.00 5.00 20.00 48.00 15.00 28.00 0.08 0.72 0.00 0.00 0.00 3.00 8.00 8.00 3.00 10.00 1.00 0.00 0.00 0.00 0.00 0.00
22.00 19.00 16.00 41.00 91.00 25.00 50.00 0.07 1.03 0.00 1.00 0.00 6.00 9.00 13.00 10.00 14.00 5.00 0.00 0.00 0.00 0.00 0.00
23.00 15.00 15.00 35.00 75.00 20.00 40.00 0.09 0.69 0.00 1.00 0.00 6.00 8.00 9.00 7.00 10.00 5.00 0.00 0.00 0.00 0.00 0.00
24.00 9.00 6.00 20.00 42.00 14.00 22.00 0.09 0.40 0.00 0.00 0.00 2.00 5.00 7.00 4.00 6.00 3.00 0.00 0.00 0.00 0.00 0.00
25.00 11.00 9.00 26.00 56.00 17.00 30.00 0.07 0.50 0.00 0.00 0.00 3.00 7.00 8.00 4.00 10.00 1.00 0.00 0.00 0.00 0.00 0.00
26.00 13.00 9.00 29.00 58.00 20.00 29.00 0.08 0.63 0.00 0.00 0.00 2.00 2.00 11.00 11.00 7.00 6.00 0.00 0.00 0.00 0.00 0.00
27.00 15.00 7.00 32.00 73.00 25.00 41.00 0.09 0.75 0.00 0.00 0.00 2.00 4.00 13.00 11.00 10.00 5.00 0.00 0.00 0.00 0.00 0.00
28.00 18.00 19.00 47.00 91.00 28.00 44.00 0.10 0.75 0.00 0.00 0.00 4.00 7.00 14.00 11.00 10.00 8.00 0.00 0.00 0.00 0.00 0.00
29.00 16.00 16.00 34.00 72.00 18.00 38.00 0.08 0.80 0.00 0.00 0.00 4.00 9.00 12.00 7.00 11.00 5.00 0.00 0.00 0.00 0.00 0.00
30.00 14.00 14.00 34.00 67.00 20.00 33.00 0.09 0.66 0.00 0.00 0.00 5.00 12.00 9.00 2.00 12.00 2.00 0.00 0.00 0.00 0.00 0.00
31.00 14.00 13.00 34.00 67.00 21.00 33.00 0.09 0.65 0.00 0.00 0.00 6.00 8.00 8.00 6.00 9.00 5.00 0.00 0.00 0.00 0.00 0.00
32.00 14.00 13.00 30.00 63.00 17.00 33.00 0.07 0.65 0.00 0.00 0.00 4.00 8.00 10.00 6.00 10.00 4.00 0.00 0.00 0.00 0.00 0.00
33.00 12.00 7.00 24.00 54.00 17.00 30.00 0.10 0.62 0.00 0.00 0.00 3.00 7.00 9.00 5.00 10.00 2.00 0.00 0.00 0.00 0.00 0.00
34.00 16.00 15.00 40.00 78.00 25.00 38.00 0.09 0.61 0.00 0.00 0.00 6.00 10.00 10.00 6.00 11.00 5.00 0.00 0.00 0.00 0.00 0.00
35.00 15.00 14.00 38.00 76.00 24.00 38.00 0.08 0.62 0.00 1.00 0.00 5.00 5.00 10.00 10.00 9.00 6.00 0.00 0.00 0.00 0.00 0.00
36.00 18.00 17.00 44.00 89.00 27.00 45.00 0.09 0.68 0.00 1.00 0.00 6.00 10.00 12.00 8.00 14.00 4.00 0.00 0.00 0.00 0.00 0.00
37.00 13.00 12.00 31.00 65.00 19.00 34.00 0.09 0.50 0.00 0.00 0.00 5.00 7.00 8.00 6.00 9.00 4.00 0.00 0.00 0.00 1.00 0.00
38.00 18.00 21.00 47.00 89.00 26.00 42.00 0.08 0.63 0.00 0.00 0.00 7.00 11.00 11.00 7.00 12.00 6.00 0.00 0.00 0.00 0.00 0.00
39.00 16.00 11.00 41.00 76.00 30.00 35.00 0.08 0.59 1.00 0.00 0.00 4.00 7.00 12.00 9.00 9.00 7.00 0.00 0.00 0.00 0.00 0.00
40.00 20.00 23.00 55.00 100.00 32.00 45.00 0.09 0.67 1.00 1.00 1.00 4.00 7.00 16.00 13.00 11.00 9.00 0.00 0.00 1.00 0.00 0.00
41.00 19.00 20.00 50.00 95.00 30.00 45.00 0.09 0.68 0.00 1.00 0.00 6.00 12.00 13.00 7.00 13.00 6.00 0.00 0.00 0.00 0.00 0.00
42.00 19.00 23.00 55.00 95.00 32.00 40.00 0.08 0.60 0.00 2.00 0.00 4.00 10.00 15.00 9.00 14.00 5.00 0.00 0.00 0.00 0.00 0.00
43.00 19.00 20.00 50.00 96.00 30.00 46.00 0.08 0.60 1.00 0.00 0.00 5.00 9.00 14.00 10.00 16.00 3.00 0.00 0.00 1.00 0.00 0.00
44.00 22.00 22.00 54.00 104.00 32.00 50.00 0.07 0.97 1.00 0.00 0.00 8.00 12.00 14.00 10.00 16.00 6.00 0.00 0.00 1.00 0.00 0.00
45.00 17.00 14.00 44.00 87.00 30.00 43.00 0.08 0.83 1.00 0.00 0.00 4.00 9.00 13.00 8.00 12.00 5.00 0.00 0.00 1.00 0.00 0.00
46.00 22.00 16.00 45.00 101.00 29.00 56.00 0.09 1.93 0.00 0.00 0.00 6.00 12.00 16.00 10.00 17.00 5.00 0.00 0.00 0.00 0.00 0.00
47.00 25.00 26.00 69.00 124.00 43.00 55.00 0.09 1.04 1.00 1.00 1.00 10.00 12.00 15.00 13.00 20.00 5.00 0.00 0.00 1.00 0.00 0.00
48.00 24.00 23.00 65.00 118.00 42.00 53.00 0.10 1.88 0.00 1.00 0.00 7.00 16.00 17.00 8.00 20.00 4.00 0.00 0.00 0.00 0.00 0.00
49.00 21.00 11.00 53.00 109.00 42.00 56.00 0.10 0.84 1.00 1.00 1.00 3.00 7.00 18.00 14.00 12.00 9.00 0.00 0.00 1.00 0.00 0.00
50.00 22.00 21.00 54.00 105.00 33.00 51.00 0.08 1.05 1.00 1.00 1.00 4.00 12.00 18.00 10.00 14.00 8.00 0.00 0.00 0.00 0.00 0.00
51.00 25.00 31.00 68.00 119.00 37.00 51.00 0.09 1.07 1.00 2.00 0.50 6.00 6.00 19.00 19.00 15.00 10.00 0.00 0.00 0.00 0.00 0.00
52.00 23.00 27.00 67.00 118.00 40.00 51.00 0.08 0.78 0.00 2.00 0.00 7.00 11.00 16.00 12.00 13.00 10.00 0.00 0.00 1.00 0.00 0.00
53.00 26.00 36.00 72.00 129.00 36.00 57.00 0.08 0.95 1.00 2.00 0.50 9.00 13.00 17.00 13.00 18.00 8.00 0.00 0.00 0.00 0.00 0.00
54.00 22.00 19.00 52.00 105.00 33.00 53.00 0.10 1.05 1.00 2.00 0.50 7.00 13.00 15.00 9.00 16.00 6.00 0.00 0.00 0.00 0.00 0.00
55.00 23.00 19.00 60.00 116.00 41.00 56.00 0.09 0.98 0.00 1.00 0.00 6.00 9.00 17.00 14.00 14.00 9.00 0.00 0.00 0.00 0.00 0.00
56.00 25.00 29.00 66.00 121.00 37.00 55.00 0.08 0.87 0.00 4.00 0.00 7.00 15.00 18.00 10.00 20.00 5.00 0.00 0.00 0.00 0.00 0.00
57.00 17.00 18.00 47.00 87.00 29.00 40.00 0.09 0.77 0.00 3.00 0.00 5.00 7.00 12.00 10.00 15.00 2.00 0.00 0.00 0.00 0.00 0.00
58.00 24.00 26.00 67.00 121.00 41.00 54.00 0.09 1.05 1.00 2.00 0.50 5.00 9.00 19.00 15.00 16.00 8.00 0.00 0.00 0.00 0.00 0.00
59.00 26.00 44.00 81.00 131.00 37.00 50.00 0.07 0.90 0.00 2.00 0.00 3.00 12.00 23.00 14.00 14.00 12.00 0.00 0.00 1.00 0.00 0.00
60.00 27.00 31.00 83.00 136.00 52.00 53.00 0.08 1.01 0.00 2.00 0.00 7.00 12.00 20.00 15.00 16.00 11.00 0.00 0.00 1.00 0.00 0.00
61.00 29.00 44.00 87.00 143.00 43.00 56.00 0.09 1.05 1.00 4.00 0.25 5.00 10.00 24.00 19.00 14.00 15.00 0.00 0.00 0.00 0.00 0.00
62.00 29.00 39.00 75.00 139.00 36.00 64.00 0.08 1.28 0.00 3.00 0.00 4.00 12.00 25.00 17.00 20.00 9.00 0.00 0.00 0.00 1.00 0.00
63.00 31.00 39.00 87.00 160.00 48.00 73.00 0.08 1.20 0.00 2.00 0.00 7.00 15.00 24.00 16.00 16.00 15.00 0.00 0.00 0.00 0.00 0.00
64.00 29.00 34.00 85.00 148.00 51.00 63.00 0.09 1.11 0.00 3.00 0.00 6.00 11.00 23.00 18.00 18.00 11.00 1.00 0.00 0.00 1.00 0.00
65.00 32.00 42.00 94.00 162.00 52.00 68.00 0.08 1.25 0.00 3.00 0.00 6.00 13.00 26.00 19.00 16.00 16.00 0.00 0.00 0.00 1.00 0.00
66.00 23.00 20.00 56.00 117.00 36.00 61.00 0.09 0.96 0.00 2.00 0.00 5.00 10.00 18.00 13.00 13.00 10.00 0.00 0.00 0.00 0.00 0.00
67.00 20.00 20.00 50.00 98.00 30.00 48.00 0.09 0.94 0.00 3.00 0.00 7.00 10.00 13.00 10.00 11.00 9.00 0.00 0.00 0.00 0.00 0.00
68.00 26.00 33.00 74.00 131.00 41.00 57.00 0.09 0.95 0.00 2.00 0.00 6.00 11.00 20.00 15.00 16.00 10.00 0.00 0.00 0.00 0.00 0.00
69.00 21.00 19.00 52.00 100.00 33.00 48.00 0.09 0.94 0.00 1.00 0.00 7.00 13.00 14.00 8.00 16.00 5.00 0.00 0.00 1.00 0.00 0.00
70.00 19.00 25.00 53.00 97.00 28.00 44.00 0.06 0.65 0.00 2.00 0.00 3.00 11.00 16.00 8.00 15.00 4.00 0.00 0.00 0.00 0.00 0.00
71.00 20.00 17.00 52.00 99.00 35.00 47.00 0.10 0.81 0.00 2.00 0.00 5.00 11.00 15.00 9.00 15.00 5.00 0.00 0.00 0.00 0.00 0.00
72.00 24.00 33.00 75.00 121.00 42.00 46.00 0.07 0.83 0.00 2.00 0.00 5.00 9.00 19.00 15.00 15.00 9.00 0.00 0.00 0.00 0.00 0.00
73.00 20.00 17.00 47.00 100.00 30.00 53.00 0.09 0.88 0.00 2.00 0.00 7.00 11.00 13.00 9.00 12.00 8.00 0.00 0.00 0.00 0.00 0.00
74.00 20.00 17.00 53.00 104.00 36.00 51.00 0.09 0.76 0.00 0.00 0.00 2.00 8.00 18.00 12.00 12.00 8.00 0.00 0.00 0.00 0.00 0.00
75.00 27.00 34.00 73.00 122.00 39.00 49.00 0.09 0.95 0.00 2.00 0.00 10.00 17.00 17.00 10.00 20.00 7.00 0.00 0.00 1.00 0.00 0.00
76.00 28.00 36.00 76.00 143.00 40.00 67.00 0.06 1.09 0.00 2.00 0.00 6.00 13.00 22.00 15.00 18.00 10.00 0.00 0.00 1.00 1.00 0.00
77.00 23.00 29.00 62.00 117.00 33.00 55.00 0.08 0.83 0.00 1.00 0.00 8.00 11.00 15.00 12.00 12.00 11.00 0.00 0.00 1.00 1.00 0.00
78.00 25.00 32.00 69.00 127.00 37.00 58.00 0.08 0.77 0.00 0.00 0.00 8.00 12.00 17.00 13.00 16.00 9.00 0.00 0.00 2.00 0.00 0.00
79.00 19.00 23.00 51.00 99.00 28.00 48.00 0.09 0.70 0.00 1.00 0.00 5.00 9.00 14.00 10.00 13.00 6.00 0.00 0.00 1.00 0.00 0.00
80.00 24.00 29.00 66.00 118.00 37.00 52.00 0.08 0.91 0.00 0.00 0.00 8.00 14.00 16.00 10.00 17.00 7.00 0.00 0.00 0.00 0.00 0.00
81.00 20.00 20.00 49.00 96.00 29.00 47.00 0.08 0.72 0.00 1.00 0.00 6.00 8.00 14.00 12.00 13.00 7.00 0.00 0.00 1.00 0.00 0.00
82.00 21.00 20.00 52.00 107.00 32.00 55.00 0.08 0.73 0.00 0.00 0.00 3.00 9.00 18.00 12.00 12.00 9.00 0.00 0.00 0.00 0.00 0.00
83.00 21.00 29.00 62.00 103.00 33.00 41.00 0.08 0.74 0.00 1.00 0.00 4.00 8.00 17.00 13.00 10.00 11.00 0.00 0.00 1.00 0.00 0.00
84.00 23.00 22.00 54.00 108.00 32.00 54.00 0.08 0.77 0.00 1.00 0.00 10.00 15.00 13.00 8.00 19.00 4.00 0.00 0.00 1.00 0.00 0.00
85.00 29.00 42.00 83.00 147.00 41.00 64.00 0.09 0.93 0.00 1.00 0.00 10.00 16.00 19.00 13.00 18.00 11.00 0.00 0.00 2.00 0.00 0.00
86.00 24.00 37.00 65.00 118.00 28.00 53.00 0.09 0.72 0.00 1.00 0.00 7.00 13.00 17.00 11.00 14.00 10.00 0.00 0.00 2.00 0.00 0.00
87.00 25.00 34.00 74.00 122.00 40.00 48.00 0.08 0.94 0.00 1.00 0.00 6.00 9.00 19.00 16.00 12.00 13.00 0.00 0.00 0.00 0.00 0.00
88.00 25.00 32.00 66.00 115.00 34.00 49.00 0.09 0.88 1.00 1.00 1.00 6.00 12.00 19.00 13.00 18.00 7.00 0.00 0.00 0.00 0.00 0.00
89.00 23.00 30.00 65.00 115.00 35.00 50.00 0.08 0.64 0.00 2.00 0.00 8.00 11.00 15.00 12.00 16.00 7.00 0.00 0.00 0.00 0.00 0.00
90.00 25.00 31.00 69.00 126.00 38.00 57.00 0.08 0.93 0.00 1.00 0.00 7.00 12.00 18.00 13.00 16.00 9.00 0.00 0.00 2.00 0.00 0.00
91.00 18.00 19.00 48.00 89.00 29.00 41.00 0.08 0.72 0.00 2.00 0.00 6.00 8.00 12.00 10.00 13.00 5.00 0.00 0.00 0.00 0.00 0.00
92.00 22.00 33.00 67.00 109.00 34.00 42.00 0.09 0.63 1.00 2.00 0.50 5.00 13.00 17.00 9.00 16.00 6.00 0.00 0.00 0.00 0.00 0.00
93.00 28.00 39.00 82.00 139.00 43.00 57.00 0.08 0.81 1.00 2.00 0.50 6.00 14.00 22.00 14.00 21.00 7.00 0.00 0.00 0.00 0.00 0.00
94.00 31.00 33.00 76.00 152.00 43.00 76.00 0.08 0.93 1.00 3.00 0.33 8.00 12.00 23.00 19.00 21.00 10.00 0.00 0.00 0.00 0.00 0.00
95.00 27.00 40.00 83.00 140.00 43.00 57.00 0.08 0.88 1.00 2.00 0.50 7.00 13.00 20.00 14.00 18.00 9.00 0.00 0.00 0.00 0.00 0.00
96.00 22.00 26.00 65.00 112.00 39.00 47.00 0.09 0.76 1.00 2.00 0.50 5.00 10.00 17.00 12.00 15.00 7.00 0.00 0.00 0.00 0.00 0.00
97.00 34.00 47.00 91.00 173.00 44.00 82.00 0.08 0.95 1.00 2.00 0.50 8.00 11.00 26.00 23.00 15.00 19.00 0.00 0.00 0.00 0.00 0.00
98.00 30.00 38.00 90.00 150.00 52.00 60.00 0.08 0.95 1.00 2.00 0.50 6.00 14.00 24.00 16.00 18.00 12.00 0.00 0.00 0.00 0.00 0.00
99.00 30.00 47.00 90.00 146.00 43.00 56.00 0.06 1.07 1.00 2.00 0.50 6.00 16.00 24.00 14.00 22.00 8.00 0.00 0.00 0.00 0.00 0.00
100.00 24.00 25.00 68.00 126.00 43.00 58.00 0.08 0.84 1.00 1.00 1.00 4.00 10.00 20.00 14.00 18.00 6.00 0.00 0.00 0.00 0.00 0.00
101.00 27.00 30.00 85.00 142.00 55.00 57.00 0.09 0.85 2.00 2.00 1.00 6.00 13.00 21.00 14.00 15.00 12.00 0.00 0.00 1.00 0.00 0.00
102.00 31.00 43.00 95.00 159.00 52.00 64.00 0.09 0.97 3.00 2.00 1.50 4.00 8.00 27.00 23.00 14.00 17.00 0.00 0.00 1.00 0.00 0.00
103.00 24.00 31.00 75.00 123.00 44.00 48.00 0.09 0.80 0.00 2.00 0.00 6.00 10.00 18.00 14.00 15.00 9.00 0.00 0.00 0.00 0.00 0.00
104.00 29.00 33.00 72.00 137.00 39.00 65.00 0.08 1.32 2.00 3.00 0.67 6.00 13.00 23.00 16.00 19.00 10.00 0.00 0.00 0.00 0.00 0.00
105.00 33.00 34.00 97.00 166.00 63.00 69.00 0.09 1.17 1.00 1.00 1.00 7.00 12.00 26.00 21.00 20.00 13.00 0.00 0.00 0.00 0.00 0.00
106.00 32.00 50.00 97.00 152.00 47.00 55.00 0.09 1.14 1.00 2.00 0.50 4.00 13.00 28.00 19.00 21.00 11.00 0.00 0.00 1.00 0.00 0.00
107.00 32.00 41.00 96.00 167.00 55.00 71.00 0.09 0.99 2.00 2.00 1.00 6.00 13.00 26.00 19.00 20.00 12.00 0.00 0.00 1.00 0.00 0.00
108.00 34.00 36.00 91.00 180.00 55.00 89.00 0.10 1.20 2.00 2.00 1.00 9.00 14.00 25.00 20.00 18.00 16.00 0.00 0.00 0.00 0.00 0.00
109.00 30.00 40.00 89.00 155.00 49.00 66.00 0.08 0.93 1.00 2.00 0.50 6.00 14.00 24.00 16.00 19.00 11.00 0.00 0.00 2.00 1.00 0.00
110.00 36.00 51.00 113.00 195.00 62.00 82.00 0.08 0.98 2.00 2.00 1.00 6.00 12.00 30.00 24.00 16.00 20.00 1.00 0.00 1.00 0.00 0.00
111.00 35.00 57.00 108.00 180.00 51.00 72.00 0.09 1.02 3.00 2.00 1.50 4.00 10.00 31.00 25.00 19.00 16.00 0.00 0.00 1.00 0.00 0.00
112.00 31.00 43.00 92.00 159.00 49.00 67.00 0.10 0.93 1.00 2.00 0.50 5.00 12.00 26.00 19.00 17.00 14.00 0.00 0.00 1.00 0.00 0.00
113.00 30.00 30.00 76.00 161.00 46.00 85.00 0.07 1.15 1.00 2.00 0.50 6.00 11.00 24.00 19.00 17.00 13.00 0.00 0.00 2.00 1.00 0.00
114.00 36.00 46.00 107.00 180.00 61.00 73.00 0.08 1.14 3.00 2.00 1.50 10.00 16.00 26.00 20.00 25.00 11.00 0.00 0.00 1.00 0.00 0.00
115.00 35.00 45.00 97.00 178.00 52.00 81.00 0.08 1.23 1.00 2.00 0.50 9.00 17.00 26.00 18.00 24.00 11.00 0.00 0.00 2.00 1.00 0.00
116.00 39.00 47.00 116.00 202.00 69.00 86.00 0.07 1.06 2.00 2.00 1.00 10.00 17.00 29.00 22.00 25.00 14.00 1.00 0.00 1.00 0.00 0.00
117.00 32.00 37.00 89.00 163.00 52.00 74.00 0.10 0.96 0.00 2.00 0.00 7.00 15.00 25.00 17.00 20.00 12.00 0.00 0.00 1.00 0.00 0.00
118.00 31.00 37.00 86.00 163.00 49.00 77.00 0.09 0.93 2.00 2.00 1.00 9.00 14.00 22.00 17.00 17.00 14.00 0.00 0.00 0.00 0.00 0.00
119.00 30.00 42.00 90.00 153.00 48.00 63.00 0.09 0.83 2.00 4.00 0.50 4.00 7.00 26.00 23.00 14.00 16.00 0.00 0.00 0.00 0.00 0.00
120.00 34.00 38.00 93.00 171.00 55.00 78.00 0.09 1.08 1.00 2.00 0.50 8.00 16.00 26.00 18.00 21.00 13.00 0.00 0.00 1.00 0.00 0.00
121.00 30.00 37.00 86.00 155.00 49.00 69.00 0.08 1.07 1.00 2.00 0.50 7.00 10.00 23.00 20.00 15.00 15.00 0.00 0.00 2.00 0.00 0.00
122.00 38.00 48.00 108.00 196.00 60.00 88.00 0.07 1.18 2.00 2.00 1.00 10.00 16.00 28.00 22.00 21.00 17.00 0.00 0.00 0.00 0.00 1.00
123.00 41.00 53.00 128.00 212.00 75.00 84.00 0.09 1.17 3.00 1.00 3.00 8.00 19.00 33.00 22.00 25.00 16.00 0.00 0.00 1.00 0.00 0.00
124.00 46.00 67.00 140.00 233.00 73.00 93.00 0.08 1.25 3.00 1.00 3.00 9.00 19.00 37.00 27.00 31.00 15.00 0.00 0.00 1.00 0.00 1.00
125.00 41.00 33.00 112.00 208.00 79.00 96.00 0.07 1.46 3.00 1.00 3.00 13.00 21.00 28.00 20.00 32.00 9.00 0.00 0.00 0.00 0.00 0.00
126.00 39.00 42.00 118.00 211.00 76.00 93.00 0.07 1.10 3.00 1.00 3.00 5.00 17.00 34.00 22.00 21.00 18.00 0.00 0.00 0.00 0.00 0.00
127.00 42.00 66.00 134.00 215.00 68.00 81.00 0.08 1.18 3.00 1.00 3.00 9.00 20.00 33.00 22.00 23.00 19.00 0.00 0.00 1.00 0.00 0.00
128.00 41.00 41.00 127.00 216.00 86.00 89.00 0.08 1.12 3.00 1.00 3.00 9.00 17.00 32.00 24.00 24.00 17.00 1.00 0.00 3.00 0.00 0.00
129.00 35.00 44.00 111.00 192.00 67.00 81.00 0.09 0.96 2.00 1.00 2.00 8.00 14.00 27.00 21.00 17.00 18.00 1.00 0.00 1.00 0.00 0.00
130.00 38.00 54.00 117.00 199.00 63.00 82.00 0.08 1.05 1.00 1.00 1.00 10.00 17.00 28.00 21.00 21.00 17.00 0.00 0.00 0.00 0.00 0.00
131.00 31.00 35.00 89.00 164.00 54.00 75.00 0.08 0.92 3.00 1.00 3.00 11.00 16.00 20.00 15.00 21.00 10.00 0.00 0.00 1.00 0.00 1.00
132.00 38.00 47.00 116.00 203.00 69.00 87.00 0.09 1.03 2.00 1.00 2.00 5.00 16.00 33.00 22.00 20.00 18.00 0.00 0.00 2.00 1.00 1.00
133.00 37.00 58.00 118.00 189.00 60.00 71.00 0.08 0.92 2.00 1.00 2.00 9.00 16.00 28.00 21.00 22.00 15.00 0.00 0.00 0.00 0.00 0.00
134.00 35.00 40.00 100.00 180.00 60.00 80.00 0.10 0.88 3.00 1.00 3.00 9.00 15.00 26.00 20.00 20.00 15.00 0.00 0.00 0.00 0.00 0.00
135.00 33.00 43.00 102.00 182.00 59.00 80.00 0.07 0.87 1.00 1.00 1.00 2.00 12.00 31.00 21.00 18.00 15.00 0.00 0.00 1.00 0.00 0.00
136.00 42.00 61.00 118.00 215.00 57.00 97.00 0.09 1.20 1.00 1.00 1.00 11.00 16.00 31.00 26.00 24.00 18.00 0.00 0.00 2.00 0.00 0.00
137.00 32.00 41.00 106.00 178.00 65.00 72.00 0.08 0.81 2.00 1.00 2.00 5.00 13.00 27.00 19.00 21.00 11.00 0.00 0.00 0.00 0.00 0.00
138.00 32.00 55.00 104.00 165.00 49.00 61.00 0.09 0.87 1.00 2.00 0.50 6.00 13.00 26.00 19.00 16.00 16.00 0.00 0.00 1.00 0.00 0.00
139.00 35.00 41.00 100.00 190.00 59.00 90.00 0.08 0.93 1.00 2.00 0.50 9.00 19.00 26.00 16.00 23.00 12.00 0.00 0.00 0.00 0.00 0.00
140.00 38.00 53.00 111.00 184.00 58.00 73.00 0.07 1.20 1.00 1.00 1.00 9.00 15.00 29.00 23.00 21.00 17.00 0.00 0.00 0.00 0.00 0.00
141.00 30.00 45.00 82.00 147.00 37.00 65.00 0.09 0.87 1.00 3.00 0.33 5.00 11.00 25.00 19.00 21.00 9.00 0.00 0.00 1.00 0.00 0.00
142.00 39.00 56.00 118.00 206.00 62.00 88.00 0.09 0.95 1.00 3.00 0.33 13.00 21.00 26.00 18.00 25.00 14.00 0.00 0.00 0.00 0.00 0.00
143.00 41.00 66.00 131.00 214.00 65.00 83.00 0.10 1.04 1.00 3.00 0.33 8.00 15.00 33.00 26.00 22.00 19.00 0.00 0.00 1.00 0.00 0.00
144.00 38.00 54.00 111.00 201.00 57.00 90.00 0.10 0.87 2.00 3.00 0.67 7.00 15.00 31.00 23.00 26.00 12.00 0.00 0.00 0.00 0.00 0.00
145.00 40.00 56.00 123.00 210.00 67.00 87.00 0.09 1.07 2.00 4.00 0.50 10.00 17.00 30.00 23.00 24.00 16.00 0.00 0.00 0.00 0.00 0.00
146.00 39.00 48.00 116.00 201.00 68.00 85.00 0.09 1.17 2.00 2.00 1.00 11.00 19.00 28.00 20.00 24.00 15.00 0.00 0.00 1.00 0.00 0.00
147.00 39.00 42.00 114.00 207.00 72.00 93.00 0.08 1.14 3.00 2.00 1.50 8.00 14.00 31.00 25.00 20.00 19.00 0.00 0.00 1.00 0.00 0.00
148.00 36.00 34.00 98.00 193.00 64.00 95.00 0.09 1.02 2.00 3.00 0.67 6.00 16.00 30.00 20.00 24.00 12.00 0.00 0.00 0.00 0.00 1.00
149.00 36.00 46.00 113.00 194.00 67.00 81.00 0.10 0.92 1.00 4.00 0.25 6.00 16.00 30.00 20.00 22.00 14.00 0.00 0.00 0.00 0.00 0.00
150.00 41.00 71.00 132.00 210.00 61.00 78.00 0.09 0.93 2.00 2.00 1.00 6.00 14.00 35.00 27.00 27.00 14.00 0.00 0.00 1.00 0.00 0.00
151.00 37.00 58.00 116.00 190.00 58.00 74.00 0.09 1.12 2.00 3.00 0.67 5.00 14.00 32.00 23.00 19.00 18.00 0.00 0.00 1.00 0.00 0.00
152.00 38.00 54.00 116.00 193.00 62.00 77.00 0.08 0.99 2.00 2.00 1.00 7.00 15.00 31.00 23.00 22.00 16.00 0.00 0.00 1.00 0.00 0.00
153.00 44.00 68.00 136.00 223.00 68.00 87.00 0.09 1.17 2.00 2.00 1.00 8.00 15.00 36.00 29.00 23.00 21.00 0.00 0.00 1.00 0.00 0.00
154.00 33.00 44.00 96.00 169.00 52.00 73.00 0.08 0.96 2.00 3.00 0.67 9.00 16.00 24.00 17.00 19.00 14.00 0.00 0.00 1.00 0.00 0.00
155.00 36.00 63.00 111.00 190.00 48.00 79.00 0.09 0.88 2.00 3.00 0.67 8.00 13.00 28.00 23.00 18.00 18.00 0.00 0.00 1.00 1.00 0.00
156.00 36.00 50.00 115.00 184.00 65.00 69.00 0.08 0.99 2.00 3.00 0.67 7.00 17.00 29.00 19.00 26.00 10.00 0.00 0.00 2.00 0.00 0.00
157.00 38.00 68.00 121.00 197.00 53.00 76.00 0.08 1.02 1.00 3.00 0.33 5.00 15.00 33.00 23.00 24.00 14.00 0.00 0.00 1.00 1.00 1.00
158.00 37.00 59.00 118.00 192.00 59.00 74.00 0.08 1.09 2.00 4.00 0.50 7.00 18.00 30.00 19.00 22.00 15.00 0.00 0.00 0.00 0.00 0.00
159.00 38.00 60.00 116.00 195.00 56.00 79.00 0.08 1.04 2.00 3.00 0.67 12.00 19.00 26.00 19.00 24.00 14.00 0.00 0.00 0.00 0.00 0.00
160.00 33.00 43.00 104.00 164.00 61.00 60.00 0.10 0.93 3.00 2.00 1.50 11.00 16.00 22.00 17.00 24.00 9.00 0.00 0.00 0.00 0.00 0.00
161.00 38.00 49.00 114.00 189.00 65.00 75.00 0.08 1.04 2.00 2.00 1.00 6.00 18.00 32.00 20.00 23.00 15.00 0.00 0.00 1.00 1.00 0.00
162.00 37.00 46.00 101.00 179.00 55.00 78.00 0.08 1.08 2.00 2.00 1.00 7.00 21.00 30.00 16.00 23.00 14.00 0.00 0.00 0.00 1.00 0.00
163.00 41.00 69.00 124.00 202.00 55.00 78.00 0.09 1.02 2.00 4.00 0.50 13.00 21.00 28.00 20.00 26.00 15.00 0.00 1.00 0.00 0.00 0.00
164.00 40.00 58.00 123.00 207.00 65.00 84.00 0.07 1.03 1.00 3.00 0.33 14.00 23.00 26.00 17.00 28.00 12.00 0.00 0.00 0.00 0.00 0.00
165.00 43.00 57.00 136.00 216.00 79.00 80.00 0.10 1.21 2.00 3.00 0.67 10.00 21.00 33.00 22.00 28.00 15.00 0.00 0.00 0.00 0.00 0.00
166.00 45.00 70.00 143.00 231.00 73.00 88.00 0.07 1.19 2.00 5.00 0.40 7.00 17.00 38.00 28.00 26.00 19.00 0.00 0.00 1.00 0.00 0.00
167.00 39.00 55.00 122.00 200.00 67.00 78.00 0.07 1.13 2.00 6.00 0.33 7.00 10.00 32.00 29.00 24.00 15.00 0.00 0.00 0.00 0.00 0.00
168.00 39.00 68.00 123.00 201.00 55.00 78.00 0.09 1.01 2.00 5.00 0.40 10.00 14.00 29.00 25.00 20.00 19.00 0.00 0.00 0.00 0.00 0.00
169.00 44.00 68.00 134.00 220.00 66.00 86.00 0.08 1.22 2.00 4.00 0.50 8.00 14.00 36.00 30.00 25.00 19.00 0.00 0.00 1.00 0.00 0.00
170.00 40.00 60.00 122.00 205.00 62.00 83.00 0.10 1.09 2.00 3.00 0.67 13.00 20.00 27.00 20.00 22.00 18.00 0.00 0.00 0.00 0.00 0.00
171.00 40.00 64.00 138.00 212.00 74.00 74.00 0.10 1.03 3.00 4.00 0.75 4.00 11.00 36.00 29.00 16.00 24.00 0.00 0.00 0.00 0.00 0.00
172.00 35.00 55.00 110.00 186.00 55.00 76.00 0.08 0.93 2.00 5.00 0.40 4.00 9.00 31.00 26.00 14.00 21.00 0.00 0.00 0.00 0.00 0.00
173.00 35.00 48.00 110.00 190.00 62.00 80.00 0.10 0.90 2.00 3.00 0.67 9.00 17.00 26.00 18.00 21.00 14.00 0.00 0.00 1.00 0.00 0.00
174.00 37.00 63.00 122.00 183.00 59.00 61.00 0.09 1.04 2.00 4.00 0.50 6.00 12.00 31.00 25.00 23.00 14.00 0.00 0.00 0.00 0.00 0.00
175.00 46.00 75.00 145.00 225.00 70.00 80.00 0.10 1.32 1.00 3.00 0.33 13.00 18.00 33.00 28.00 27.00 19.00 0.00 0.00 0.00 0.00 0.00
176.00 45.00 69.00 144.00 237.00 75.00 93.00 0.07 1.09 1.00 2.00 0.50 8.00 17.00 37.00 28.00 23.00 22.00 0.00 0.00 0.00 1.00 0.00
177.00 39.00 52.00 121.00 198.00 69.00 77.00 0.07 0.98 2.00 2.00 1.00 10.00 20.00 29.00 19.00 26.00 13.00 0.00 0.00 0.00 0.00 0.00
178.00 46.00 67.00 142.00 237.00 75.00 95.00 0.08 1.28 2.00 3.00 0.67 8.00 14.00 38.00 32.00 20.00 26.00 0.00 0.00 1.00 1.00 0.00
179.00 36.00 46.00 113.00 193.00 67.00 80.00 0.10 0.99 2.00 2.00 1.00 8.00 12.00 28.00 24.00 19.00 17.00 0.00 0.00 0.00 1.00 0.00
180.00 41.00 59.00 133.00 210.00 74.00 77.00 0.09 1.12 3.00 3.00 1.00 8.00 15.00 33.00 26.00 21.00 20.00 0.00 0.00 0.00 0.00 0.00
181.00 38.00 55.00 112.00 197.00 57.00 85.00 0.09 1.06 2.00 3.00 0.67 14.00 19.00 24.00 19.00 25.00 13.00 0.00 0.00 0.00 0.00 0.00
182.00 34.00 53.00 101.00 176.00 48.00 75.00 0.09 0.98 2.00 2.00 1.00 9.00 12.00 25.00 22.00 17.00 17.00 0.00 0.00 0.00 0.00 0.00
183.00 32.00 38.00 93.00 164.00 55.00 71.00 0.09 0.97 2.00 2.00 1.00 8.00 14.00 24.00 18.00 18.00 14.00 0.00 0.00 0.00 0.00 0.00
184.00 29.00 32.00 77.00 150.00 45.00 73.00 0.07 1.06 2.00 3.00 0.67 5.00 11.00 24.00 18.00 19.00 10.00 0.00 0.00 0.00 0.00 0.00
185.00 29.00 40.00 87.00 151.00 47.00 64.00 0.08 0.89 2.00 1.00 2.00 5.00 11.00 24.00 18.00 18.00 11.00 0.00 0.00 0.00 0.00 0.00
186.00 33.00 57.00 102.00 169.00 45.00 67.00 0.08 0.94 2.00 2.00 1.00 7.00 15.00 26.00 18.00 21.00 12.00 0.00 0.00 0.00 0.00 0.00
187.00 38.00 51.00 111.00 194.00 60.00 83.00 0.10 1.17 2.00 3.00 0.67 9.00 15.00 29.00 23.00 25.00 13.00 0.00 0.00 0.00 0.00 0.00
188.00 34.00 39.00 110.00 188.00 71.00 78.00 0.08 1.11 2.00 3.00 0.67 6.00 11.00 28.00 23.00 23.00 11.00 0.00 0.00 0.00 0.00 0.00
189.00 32.00 39.00 90.00 167.00 51.00 77.00 0.09 0.96 2.00 3.00 0.67 10.00 15.00 22.00 17.00 20.00 12.00 0.00 0.00 0.00 0.00 0.00
190.00 30.00 39.00 86.00 146.00 47.00 60.00 0.07 1.06 2.00 3.00 0.67 6.00 14.00 24.00 16.00 22.00 8.00 0.00 0.00 0.00 0.00 0.00
191.00 31.00 42.00 81.00 146.00 39.00 65.00 0.10 1.13 1.00 3.00 0.33 9.00 15.00 22.00 16.00 19.00 12.00 0.00 0.00 0.00 0.00 0.00
192.00 34.00 42.00 95.00 171.00 53.00 76.00 0.08 1.13 1.00 2.00 0.50 10.00 18.00 24.00 16.00 23.00 11.00 0.00 0.00 1.00 0.00 0.00
193.00 36.00 43.00 99.00 174.00 56.00 75.00 0.08 1.16 1.00 3.00 0.33 11.00 19.00 25.00 17.00 25.00 11.00 0.00 0.00 0.00 0.00 0.00
194.00 33.00 53.00 99.00 162.00 46.00 63.00 0.09 1.18 1.00 3.00 0.33 9.00 15.00 24.00 18.00 22.00 11.00 0.00 0.00 0.00 0.00 0.00
195.00 32.00 34.00 90.00 165.00 56.00 75.00 0.09 0.95 1.00 2.00 0.50 6.00 18.00 26.00 14.00 26.00 6.00 0.00 0.00 0.00 0.00 0.00
196.00 36.00 56.00 101.00 181.00 45.00 80.00 0.07 1.16 1.00 2.00 0.50 10.00 19.00 26.00 17.00 24.00 12.00 0.00 0.00 0.00 0.00 0.00
197.00 22.00 22.00 58.00 110.00 36.00 52.00 0.08 1.05 1.00 2.00 0.50 4.00 10.00 18.00 12.00 16.00 6.00 0.00 0.00 1.00 1.00 0.00
198.00 34.00 43.00 97.00 165.00 54.00 68.00 0.09 1.33 2.00 3.00 0.67 10.00 21.00 24.00 13.00 22.00 12.00 0.00 0.00 0.00 0.00 0.00
199.00 32.00 42.00 90.00 158.00 48.00 68.00 0.10 1.13 1.00 4.00 0.25 8.00 19.00 24.00 13.00 19.00 13.00 0.00 0.00 0.00 0.00 0.00
200.00 29.00 38.00 84.00 144.00 46.00 60.00 0.09 0.89 1.00 2.00 0.50 5.00 11.00 24.00 18.00 16.00 13.00 0.00 0.00 0.00 0.00 0.00
201.00 32.00 51.00 101.00 159.00 50.00 58.00 0.07 0.95 2.00 2.00 1.00 7.00 15.00 25.00 17.00 21.00 11.00 0.00 0.00 0.00 0.00 0.00
202.00 34.00 33.00 89.00 174.00 56.00 85.00 0.08 0.99 2.00 2.00 1.00 8.00 18.00 26.00 16.00 22.00 12.00 0.00 0.00 0.00 0.00 0.00
203.00 33.00 44.00 94.00 165.00 50.00 71.00 0.08 1.04 2.00 2.00 1.00 10.00 17.00 23.00 16.00 21.00 12.00 0.00 0.00 0.00 0.00 0.00
204.00 32.00 33.00 91.00 153.00 58.00 62.00 0.07 1.17 2.00 2.00 1.00 6.00 10.00 26.00 22.00 16.00 16.00 0.00 0.00 0.00 0.00 0.00
205.00 31.00 42.00 86.00 155.00 44.00 69.00 0.08 1.06 1.00 2.00 0.50 8.00 14.00 23.00 17.00 20.00 11.00 0.00 0.00 0.00 1.00 0.00
206.00 37.00 48.00 104.00 179.00 56.00 75.00 0.09 1.33 1.00 2.00 0.50 10.00 21.00 27.00 16.00 28.00 9.00 0.00 0.00 0.00 0.00 0.00
207.00 34.00 55.00 102.00 180.00 47.00 78.00 0.08 1.10 2.00 2.00 1.00 7.00 15.00 27.00 19.00 16.00 18.00 0.00 0.00 1.00 0.00 0.00
208.00 30.00 41.00 82.00 146.00 41.00 64.00 0.09 1.04 3.00 2.00 1.50 8.00 14.00 22.00 16.00 19.00 11.00 0.00 0.00 0.00 0.00 0.00
209.00 33.00 54.00 105.00 172.00 51.00 67.00 0.09 1.11 2.00 2.00 1.00 6.00 13.00 27.00 20.00 16.00 17.00 0.00 0.00 0.00 1.00 0.00
210.00 37.00 45.00 105.00 193.00 60.00 88.00 0.09 1.30 3.00 2.00 1.50 7.00 15.00 30.00 22.00 20.00 17.00 0.00 0.00 0.00 0.00 0.00
211.00 41.00 71.00 129.00 204.00 58.00 75.00 0.09 1.38 3.00 3.00 1.00 5.00 19.00 36.00 22.00 24.00 17.00 0.00 0.00 0.00 0.00 0.00
212.00 38.00 57.00 114.00 187.00 57.00 73.00 0.08 1.40 1.00 3.00 0.33 5.00 12.00 33.00 26.00 22.00 16.00 0.00 0.00 0.00 0.00 0.00
213.00 37.00 58.00 114.00 191.00 56.00 77.00 0.08 1.18 1.00 3.00 0.33 7.00 11.00 30.00 26.00 24.00 13.00 0.00 0.00 1.00 0.00 0.00
214.00 41.00 52.00 108.00 184.00 56.00 76.00 0.09 1.22 0.00 4.00 0.00 14.00 20.00 27.00 21.00 29.00 12.00 0.00 0.00 0.00 0.00 0.00
215.00 44.00 62.00 131.00 223.00 69.00 92.00 0.08 1.43 1.00 3.00 0.33 9.00 18.00 35.00 26.00 25.00 19.00 0.00 0.00 0.00 0.00 0.00
216.00 34.00 31.00 101.00 177.00 70.00 76.00 0.08 1.20 1.00 3.00 0.33 8.00 21.00 26.00 13.00 24.00 10.00 0.00 0.00 1.00 0.00 0.00
217.00 36.00 57.00 109.00 185.00 52.00 76.00 0.08 1.17 1.00 2.00 0.50 11.00 19.00 25.00 17.00 23.00 13.00 0.00 0.00 0.00 0.00 0.00
218.00 32.00 55.00 99.00 167.00 44.00 68.00 0.08 0.92 2.00 3.00 0.67 6.00 10.00 26.00 22.00 14.00 18.00 0.00 0.00 0.00 0.00 0.00
219.00 27.00 28.00 79.00 144.00 51.00 65.00 0.10 0.86 2.00 3.00 0.67 6.00 12.00 21.00 15.00 17.00 10.00 0.00 0.00 1.00 0.00 0.00
220.00 34.00 56.00 106.00 172.00 50.00 66.00 0.09 1.07 2.00 3.00 0.67 5.00 9.00 29.00 25.00 15.00 19.00 0.00 0.00 1.00 0.00 0.00
221.00 29.00 37.00 85.00 154.00 48.00 69.00 0.07 0.96 2.00 2.00 1.00 4.00 11.00 25.00 18.00 15.00 14.00 0.00 0.00 0.00 0.00 0.00
222.00 31.00 44.00 98.00 161.00 54.00 63.00 0.09 0.96 1.00 3.00 0.33 7.00 11.00 24.00 20.00 18.00 13.00 0.00 0.00 0.00 0.00 0.00
223.00 38.00 56.00 118.00 190.00 62.00 72.00 0.08 1.21 1.00 2.00 0.50 9.00 15.00 29.00 23.00 23.00 15.00 0.00 0.00 0.00 0.00 0.00
224.00 34.00 46.00 101.00 183.00 55.00 82.00 0.09 1.39 1.00 3.00 0.33 6.00 12.00 28.00 22.00 19.00 15.00 0.00 0.00 0.00 0.00 0.00
225.00 25.00 30.00 74.00 130.00 44.00 56.00 0.08 0.94 1.00 2.00 0.50 6.00 14.00 19.00 11.00 18.00 7.00 0.00 0.00 1.00 0.00 0.00
226.00 25.00 35.00 74.00 129.00 39.00 55.00 0.08 0.93 1.00 2.00 0.50 5.00 8.00 20.00 17.00 16.00 9.00 0.00 0.00 0.00 0.00 0.00
227.00 29.00 31.00 83.00 144.00 52.00 61.00 0.07 0.99 1.00 2.00 0.50 5.00 12.00 24.00 17.00 18.00 11.00 0.00 0.00 0.00 0.00 0.00
228.00 30.00 46.00 85.00 148.00 39.00 63.00 0.09 0.83 1.00 2.00 0.50 9.00 14.00 21.00 16.00 22.00 8.00 0.00 0.00 0.00 0.00 0.00
229.00 19.00 21.00 54.00 99.00 33.00 45.00 0.09 0.72 1.00 2.00 0.50 6.00 8.00 13.00 11.00 11.00 8.00 0.00 0.00 0.00 0.00 0.00
230.00 21.00 14.00 47.00 108.00 33.00 61.00 0.09 0.94 1.00 2.00 0.50 8.00 15.00 13.00 6.00 19.00 2.00 0.00 0.00 0.00 0.00 0.00
231.00 28.00 35.00 78.00 134.00 43.00 56.00 0.08 1.00 1.00 2.00 0.50 7.00 13.00 21.00 15.00 17.00 11.00 0.00 0.00 0.00 0.00 0.00
232.00 28.00 42.00 80.00 141.00 38.00 61.00 0.08 0.95 1.00 2.00 0.50 6.00 12.00 22.00 16.00 19.00 9.00 0.00 0.00 0.00 0.00 0.00
233.00 30.00 43.00 94.00 155.00 51.00 61.00 0.08 0.97 1.00 2.00 0.50 5.00 18.00 25.00 12.00 19.00 11.00 0.00 0.00 0.00 0.00 0.00
234.00 31.00 35.00 79.00 159.00 44.00 80.00 0.09 1.16 0.00 1.00 0.00 4.00 13.00 27.00 18.00 21.00 10.00 0.00 0.00 0.00 0.00 0.00
235.00 25.00 30.00 69.00 124.00 39.00 55.00 0.08 0.92 1.00 2.00 0.50 6.00 13.00 19.00 12.00 19.00 6.00 0.00 0.00 0.00 0.00 0.00
236.00 27.00 38.00 76.00 138.00 38.00 62.00 0.09 0.88 0.00 2.00 0.00 3.00 11.00 24.00 16.00 16.00 11.00 0.00 0.00 0.00 1.00 0.00
237.00 21.00 18.00 49.00 108.00 31.00 59.00 0.09 0.89 1.00 1.00 1.00 7.00 10.00 14.00 11.00 13.00 8.00 0.00 0.00 0.00 0.00 0.00
238.00 21.00 20.00 56.00 113.00 36.00 57.00 0.08 0.86 1.00 1.00 1.00 6.00 10.00 15.00 11.00 14.00 7.00 0.00 0.00 0.00 0.00 0.00
239.00 25.00 36.00 72.00 124.00 36.00 52.00 0.08 0.74 1.00 1.00 1.00 6.00 13.00 19.00 12.00 17.00 8.00 0.00 0.00 0.00 0.00 0.00
240.00 26.00 30.00 75.00 127.00 45.00 52.00 0.09 0.90 1.00 1.00 1.00 7.00 11.00 19.00 15.00 15.00 11.00 0.00 0.00 0.00 0.00 0.00
241.00 22.00 25.00 63.00 115.00 38.00 52.00 0.10 0.93 1.00 1.00 1.00 4.00 9.00 18.00 13.00 16.00 6.00 0.00 0.00 0.00 0.00 0.00
242.00 27.00 35.00 77.00 136.00 42.00 59.00 0.10 0.90 1.00 2.00 0.50 5.00 9.00 22.00 18.00 15.00 12.00 0.00 0.00 0.00 0.00 0.00
243.00 25.00 35.00 71.00 126.00 36.00 55.00 0.09 0.84 1.00 2.00 0.50 6.00 12.00 19.00 13.00 16.00 9.00 0.00 0.00 0.00 0.00 0.00
244.00 23.00 21.00 63.00 117.00 42.00 54.00 0.08 0.79 1.00 2.00 0.50 8.00 14.00 15.00 9.00 15.00 8.00 0.00 0.00 1.00 0.00 0.00
245.00 26.00 28.00 69.00 128.00 41.00 59.00 0.08 0.90 0.00 2.00 0.00 7.00 14.00 19.00 12.00 19.00 7.00 0.00 0.00 1.00 0.00 0.00
246.00 24.00 26.00 65.00 117.00 39.00 52.00 0.07 1.00 0.00 3.00 0.00 3.00 12.00 21.00 12.00 15.00 9.00 0.00 0.00 0.00 0.00 0.00
247.00 19.00 18.00 47.00 94.00 29.00 47.00 0.09 0.89 0.00 0.00 0.00 4.00 8.00 15.00 11.00 10.00 9.00 0.00 0.00 1.00 0.00 0.00
248.00 22.00 21.00 58.00 109.00 37.00 51.00 0.09 0.96 1.00 1.00 1.00 6.00 11.00 16.00 11.00 16.00 6.00 0.00 0.00 1.00 0.00 0.00
249.00 22.00 22.00 52.00 101.00 30.00 49.00 0.09 1.03 1.00 1.00 1.00 8.00 14.00 14.00 8.00 16.00 6.00 0.00 0.00 1.00 0.00 0.00
250.00 23.00 28.00 58.00 112.00 30.00 54.00 0.08 0.96 0.00 1.00 0.00 4.00 12.00 19.00 11.00 19.00 4.00 0.00 0.00 0.00 0.00 0.00
251.00 25.00 31.00 71.00 123.00 40.00 52.00 0.09 0.95 0.00 1.00 0.00 8.00 14.00 17.00 11.00 19.00 6.00 0.00 0.00 1.00 0.00 0.00
252.00 24.00 28.00 67.00 111.00 39.00 44.00 0.08 0.76 0.00 1.00 0.00 9.00 13.00 15.00 11.00 19.00 5.00 0.00 0.00 0.00 0.00 0.00
253.00 27.00 24.00 62.00 123.00 38.00 61.00 0.08 0.79 0.00 2.00 0.00 7.00 12.00 20.00 15.00 17.00 10.00 0.00 0.00 1.00 0.00 0.00
254.00 22.00 24.00 57.00 106.00 33.00 49.00 0.08 0.70 0.00 1.00 0.00 5.00 14.00 17.00 8.00 15.00 7.00 0.00 0.00 0.00 0.00 0.00
255.00 18.00 18.00 47.00 92.00 29.00 45.00 0.08 0.49 1.00 1.00 1.00 4.00 10.00 14.00 8.00 14.00 4.00 0.00 0.00 0.00 0.00 0.00
256.00 19.00 19.00 49.00 100.00 30.00 51.00 0.08 0.50 0.00 1.00 0.00 4.00 6.00 15.00 13.00 12.00 7.00 0.00 0.00 0.00 0.00 0.00
257.00 21.00 24.00 56.00 100.00 32.00 44.00 0.08 0.65 0.00 1.00 0.00 5.00 10.00 16.00 11.00 11.00 10.00 0.00 0.00 0.00 0.00 0.00
258.00 19.00 23.00 51.00 90.00 28.00 39.00 0.09 0.54 0.00 1.00 0.00 6.00 7.00 13.00 12.00 12.00 7.00 0.00 0.00 0.00 0.00 0.00
259.00 22.00 34.00 63.00 110.00 29.00 47.00 0.08 0.56 0.00 1.00 0.00 6.00 14.00 16.00 8.00 17.00 5.00 0.00 0.00 1.00 0.00 0.00
260.00 18.00 14.00 44.00 92.00 30.00 48.00 0.08 0.51 0.00 1.00 0.00 6.00 10.00 12.00 8.00 14.00 4.00 0.00 0.00 1.00 0.00 0.00
261.00 22.00 30.00 61.00 115.00 31.00 54.00 0.08 0.73 0.00 1.00 0.00 2.00 5.00 20.00 17.00 12.00 10.00 0.00 0.00 0.00 0.00 0.00
262.00 20.00 17.00 48.00 98.00 31.00 50.00 0.09 0.77 0.00 2.00 0.00 5.00 8.00 15.00 12.00 11.00 9.00 0.00 0.00 0.00 0.00 0.00
263.00 22.00 19.00 59.00 110.00 40.00 51.00 0.08 0.66 0.00 2.00 0.00 6.00 8.00 16.00 14.00 15.00 7.00 0.00 0.00 0.00 0.00 0.00
264.00 19.00 16.00 52.00 96.00 36.00 44.00 0.09 0.62 0.00 1.00 0.00 4.00 11.00 15.00 8.00 16.00 3.00 0.00 0.00 0.00 0.00 0.00
265.00 22.00 19.00 49.00 107.00 30.00 58.00 0.10 0.80 0.00 2.00 0.00 7.00 11.00 15.00 11.00 16.00 6.00 0.00 0.00 0.00 0.00 0.00
266.00 19.00 24.00 53.00 92.00 29.00 39.00 0.09 0.51 0.00 1.00 0.00 3.00 4.00 16.00 15.00 7.00 12.00 0.00 0.00 0.00 0.00 0.00
267.00 18.00 20.00 47.00 87.00 27.00 40.00 0.09 0.72 0.00 2.00 0.00 5.00 8.00 13.00 10.00 12.00 6.00 0.00 0.00 0.00 0.00 0.00
268.00 13.00 10.00 32.00 60.00 22.00 28.00 0.07 0.39 0.00 2.00 0.00 4.00 10.00 9.00 3.00 12.00 1.00 0.00 0.00 0.00 0.00 0.00
269.00 16.00 20.00 43.00 72.00 23.00 29.00 0.07 0.44 0.00 2.00 0.00 3.00 6.00 13.00 10.00 10.00 6.00 0.00 0.00 0.00 0.00 0.00
270.00 19.00 29.00 57.00 97.00 28.00 40.00 0.09 0.61 0.00 3.00 0.00 5.00 9.00 14.00 10.00 13.00 6.00 0.00 0.00 0.00 0.00 0.00
271.00 21.00 29.00 58.00 104.00 29.00 46.00 0.08 0.70 0.00 2.00 0.00 3.00 6.00 18.00 15.00 13.00 8.00 0.00 0.00 1.00 0.00 0.00
272.00 25.00 31.00 75.00 126.00 44.00 51.00 0.08 0.69 0.00 2.00 0.00 4.00 8.00 21.00 17.00 13.00 12.00 0.00 0.00 0.00 0.00 1.00
273.00 25.00 30.00 62.00 116.00 32.00 54.00 0.09 0.69 0.00 2.00 0.00 8.00 14.00 17.00 11.00 19.00 6.00 0.00 0.00 0.00 0.00 0.00
274.00 18.00 21.00 48.00 91.00 27.00 43.00 0.06 0.50 0.00 2.00 0.00 4.00 11.00 14.00 7.00 12.00 6.00 0.00 0.00 0.00 0.00 1.00
275.00 18.00 21.00 50.00 92.00 29.00 42.00 0.08 0.44 0.00 1.00 0.00 5.00 8.00 13.00 10.00 11.00 7.00 0.00 0.00 0.00 0.00 0.00
276.00 19.00 21.00 52.00 96.00 31.00 44.00 0.08 0.61 0.00 1.00 0.00 5.00 8.00 14.00 11.00 13.00 6.00 0.00 0.00 0.00 0.00 0.00
277.00 24.00 24.00 66.00 122.00 42.00 56.00 0.08 0.66 0.00 1.00 0.00 6.00 7.00 18.00 17.00 13.00 11.00 0.00 0.00 0.00 0.00 0.00
278.00 21.00 25.00 58.00 102.00 33.00 44.00 0.08 0.62 0.00 2.00 0.00 6.00 8.00 15.00 13.00 12.00 9.00 0.00 0.00 0.00 0.00 0.00
279.00 18.00 20.00 49.00 87.00 29.00 38.00 0.10 0.53 0.00 1.00 0.00 4.00 6.00 14.00 12.00 9.00 9.00 0.00 0.00 0.00 0.00 0.00
280.00 15.00 15.00 39.00 73.00 24.00 34.00 0.09 0.54 0.00 2.00 0.00 2.00 4.00 13.00 11.00 6.00 9.00 0.00 0.00 0.00 0.00 0.00
281.00 13.00 12.00 31.00 63.00 19.00 32.00 0.08 0.39 0.00 1.00 0.00 4.00 9.00 9.00 4.00 10.00 3.00 0.00 0.00 0.00 0.00 0.00
282.00 21.00 25.00 55.00 104.00 30.00 49.00 0.09 0.55 0.00 1.00 0.00 3.00 10.00 18.00 11.00 15.00 6.00 0.00 0.00 0.00 0.00 0.00
283.00 16.00 8.00 30.00 75.00 22.00 45.00 0.09 0.50 0.00 1.00 0.00 6.00 10.00 10.00 6.00 12.00 4.00 0.00 0.00 0.00 0.00 0.00
284.00 20.00 25.00 57.00 96.00 32.00 39.00 0.08 0.69 0.00 2.00 0.00 1.00 10.00 19.00 10.00 13.00 7.00 0.00 0.00 0.00 0.00 0.00
285.00 21.00 21.00 54.00 94.00 33.00 40.00 0.09 0.77 0.00 1.00 0.00 10.00 12.00 11.00 9.00 16.00 5.00 0.00 0.00 0.00 0.00 0.00
286.00 21.00 20.00 58.00 109.00 38.00 51.00 0.07 0.58 0.00 1.00 0.00 4.00 10.00 17.00 11.00 17.00 4.00 0.00 0.00 0.00 0.00 0.00
287.00 19.00 11.00 44.00 90.00 33.00 46.00 0.09 0.73 0.00 2.00 0.00 7.00 10.00 12.00 9.00 14.00 5.00 0.00 0.00 0.00 0.00 0.00
288.00 18.00 19.00 42.00 83.00 23.00 41.00 0.09 0.45 0.00 1.00 0.00 6.00 11.00 12.00 7.00 15.00 3.00 0.00 0.00 0.00 0.00 0.00
289.00 21.00 24.00 56.00 108.00 32.00 52.00 0.08 0.65 0.00 2.00 0.00 7.00 11.00 14.00 10.00 15.00 6.00 0.00 0.00 1.00 0.00 0.00
290.00 28.00 35.00 82.00 141.00 47.00 59.00 0.08 0.67 0.00 3.00 0.00 4.00 10.00 24.00 18.00 16.00 12.00 0.00 0.00 0.00 0.00 0.00
291.00 24.00 26.00 61.00 113.00 35.00 52.00 0.10 0.70 1.00 2.00 0.50 7.00 11.00 17.00 13.00 14.00 10.00 0.00 0.00 0.00 0.00 0.00
292.00 19.00 20.00 49.00 98.00 29.00 49.00 0.09 0.48 0.00 3.00 0.00 4.00 8.00 15.00 11.00 12.00 7.00 0.00 0.00 0.00 0.00 0.00
293.00 16.00 16.00 37.00 75.00 21.00 38.00 0.08 0.56 0.00 1.00 0.00 3.00 5.00 13.00 11.00 10.00 6.00 0.00 0.00 0.00 0.00 0.00
294.00 17.00 13.00 40.00 86.00 27.00 46.00 0.10 0.72 0.00 1.00 0.00 7.00 8.00 10.00 9.00 12.00 5.00 0.00 0.00 0.00 0.00 0.00
295.00 18.00 28.00 51.00 91.00 23.00 40.00 0.10 0.54 0.00 2.00 0.00 3.00 11.00 15.00 7.00 15.00 3.00 0.00 0.00 0.00 0.00 0.00
296.00 15.00 16.00 35.00 72.00 19.00 37.00 0.09 0.37 0.00 1.00 0.00 6.00 9.00 9.00 6.00 12.00 3.00 0.00 0.00 0.00 0.00 0.00
297.00 18.00 16.00 39.00 84.00 23.00 45.00 0.08 0.53 0.00 1.00 0.00 6.00 12.00 12.00 6.00 15.00 3.00 0.00 0.00 0.00 0.00 0.00
298.00 19.00 23.00 48.00 84.00 25.00 36.00 0.08 0.65 0.00 1.00 0.00 8.00 11.00 11.00 8.00 15.00 4.00 0.00 0.00 0.00 0.00 0.00
299.00 17.00 10.00 42.00 79.00 32.00 37.00 0.08 0.58 0.00 1.00 0.00 6.00 10.00 11.00 7.00 12.00 5.00 0.00 0.00 0.00 0.00 0.00
300.00 14.00 12.00 30.00 64.00 18.00 34.00 0.06 0.51 0.00 1.00 0.00 4.00 8.00 10.00 6.00 9.00 5.00 0.00 0.00 0.00 0.00 0.00
301.00 15.00 13.00 37.00 73.00 24.00 36.00 0.09 0.64 0.00 2.00 0.00 6.00 10.00 9.00 5.00 13.00 2.00 0.00 0.00 0.00 0.00 0.00
302.00 16.00 17.00 40.00 77.00 23.00 37.00 0.09 0.60 0.00 2.00 0.00 6.00 8.00 10.00 8.00 11.00 5.00 0.00 0.00 0.00 0.00 0.00
303.00 12.00 6.00 28.00 56.00 22.00 28.00 0.07 0.45 0.00 1.00 0.00 4.00 9.00 8.00 3.00 10.00 2.00 0.00 0.00 0.00 0.00 0.00
304.00 18.00 14.00 33.00 82.00 19.00 49.00 0.09 0.73 0.00 0.00 0.00 6.00 9.00 12.00 9.00 14.00 4.00 0.00 0.00 0.00 0.00 0.00
305.00 16.00 15.00 37.00 72.00 22.00 35.00 0.09 0.53 0.00 1.00 0.00 4.00 6.00 12.00 10.00 13.00 3.00 0.00 0.00 0.00 0.00 0.00
306.00 14.00 8.00 24.00 62.00 16.00 38.00 0.08 0.59 0.00 1.00 0.00 5.00 7.00 9.00 7.00 10.00 4.00 0.00 0.00 0.00 0.00 0.00
307.00 15.00 17.00 38.00 71.00 21.00 33.00 0.09 0.46 0.00 1.00 0.00 2.00 7.00 13.00 8.00 11.00 4.00 0.00 0.00 0.00 0.00 0.00
308.00 6.00 2.00 8.00 27.00 6.00 19.00 0.09 0.32 0.00 1.00 0.00 1.00 2.00 5.00 4.00 4.00 2.00 0.00 0.00 0.00 0.00 0.00
309.00 14.00 7.00 30.00 65.00 23.00 35.00 0.08 0.48 0.00 0.00 0.00 6.00 10.00 8.00 4.00 14.00 0.00 0.00 0.00 0.00 0.00 0.00
310.00 16.00 14.00 37.00 76.00 23.00 39.00 0.08 0.40 0.00 1.00 0.00 9.00 12.00 7.00 4.00 14.00 2.00 0.00 0.00 0.00 0.00 0.00
311.00 16.00 16.00 42.00 77.00 26.00 35.00 0.07 0.42 0.00 1.00 0.00 5.00 8.00 11.00 8.00 12.00 4.00 0.00 0.00 0.00 0.00 0.00
312.00 19.00 21.00 48.00 90.00 27.00 42.00 0.09 0.50 0.00 1.00 0.00 5.00 12.00 14.00 7.00 17.00 2.00 0.00 0.00 0.00 0.00 0.00
313.00 18.00 28.00 51.00 88.00 23.00 37.00 0.09 0.38 0.00 1.00 0.00 5.00 10.00 13.00 8.00 14.00 4.00 0.00 0.00 0.00 0.00 0.00
314.00 15.00 15.00 36.00 73.00 21.00 37.00 0.08 0.48 0.00 2.00 0.00 9.00 11.00 6.00 4.00 13.00 2.00 0.00 0.00 0.00 0.00 0.00
315.00 12.00 9.00 24.00 55.00 15.00 31.00 0.08 0.38 0.00 1.00 0.00 4.00 8.00 8.00 4.00 9.00 3.00 0.00 0.00 0.00 0.00 1.00
316.00 13.00 11.00 29.00 59.00 18.00 30.00 0.08 0.46 0.00 1.00 0.00 5.00 9.00 8.00 4.00 11.00 2.00 0.00 0.00 0.00 0.00 0.00
317.00 19.00 19.00 43.00 89.00 24.00 46.00 0.10 0.39 0.00 1.00 0.00 5.00 12.00 14.00 7.00 15.00 4.00 0.00 0.00 0.00 0.00 0.00
318.00 17.00 17.00 43.00 81.00 26.00 38.00 0.09 0.45 0.00 2.00 0.00 5.00 11.00 12.00 6.00 13.00 4.00 0.00 0.00 0.00 0.00 0.00
319.00 13.00 7.00 29.00 61.00 22.00 32.00 0.07 0.52 0.00 2.00 0.00 6.00 8.00 7.00 5.00 12.00 1.00 0.00 0.00 0.00 0.00 0.00
320.00 9.00 4.00 19.00 44.00 15.00 25.00 0.09 0.36 0.00 0.00 0.00 2.00 6.00 7.00 3.00 7.00 2.00 0.00 0.00 0.00 0.00 0.00
321.00 17.00 15.00 40.00 88.00 25.00 48.00 0.10 0.43 0.00 1.00 0.00 6.00 10.00 11.00 7.00 10.00 7.00 0.00 0.00 0.00 0.00 0.00
322.00 9.00 3.00 14.00 37.00 11.00 23.00 0.08 0.40 0.00 0.00 0.00 4.00 6.00 5.00 3.00 8.00 1.00 0.00 0.00 0.00 0.00 0.00
323.00 11.00 9.00 26.00 54.00 17.00 28.00 0.08 0.29 0.00 1.00 0.00 5.00 6.00 6.00 5.00 8.00 3.00 0.00 0.00 0.00 0.00 0.00
324.00 12.00 5.00 21.00 55.00 16.00 34.00 0.10 0.63 0.00 1.00 0.00 5.00 10.00 7.00 2.00 11.00 1.00 0.00 0.00 0.00 0.00 0.00
325.00 15.00 13.00 36.00 66.00 23.00 30.00 0.09 0.45 0.00 0.00 0.00 7.00 10.00 8.00 5.00 12.00 3.00 0.00 0.00 0.00 0.00 0.00
326.00 13.00 7.00 28.00 62.00 21.00 34.00 0.07 0.31 0.00 1.00 0.00 5.00 8.00 8.00 5.00 11.00 2.00 0.00 0.00 0.00 0.00 0.00
327.00 14.00 13.00 29.00 68.00 16.00 39.00 0.09 0.65 0.00 1.00 0.00 2.00 6.00 12.00 8.00 10.00 4.00 0.00 0.00 0.00 0.00 0.00
328.00 18.00 16.00 38.00 83.00 22.00 45.00 0.08 0.61 0.00 0.00 0.00 7.00 13.00 11.00 5.00 14.00 4.00 0.00 0.00 0.00 0.00 0.00
329.00 15.00 13.00 38.00 74.00 25.00 36.00 0.08 0.51 0.00 1.00 0.00 6.00 11.00 9.00 4.00 12.00 3.00 0.00 0.00 0.00 0.00 0.00
330.00 14.00 13.00 31.00 66.00 18.00 35.00 0.07 0.52 0.00 0.00 0.00 5.00 9.00 9.00 5.00 9.00 5.00 0.00 0.00 0.00 0.00 0.00
331.00 16.00 9.00 37.00 76.00 28.00 39.00 0.09 0.54 0.00 1.00 0.00 5.00 9.00 11.00 7.00 14.00 2.00 0.00 0.00 0.00 0.00 0.00
332.00 14.00 12.00 31.00 66.00 19.00 35.00 0.08 0.60 1.00 0.00 0.00 5.00 8.00 9.00 6.00 9.00 5.00 0.00 0.00 0.00 0.00 0.00
333.00 15.00 12.00 32.00 71.00 20.00 39.00 0.09 0.72 0.00 0.00 0.00 5.00 6.00 10.00 9.00 9.00 6.00 0.00 0.00 0.00 0.00 0.00
334.00 9.00 8.00 18.00 42.00 10.00 24.00 0.08 0.35 0.00 0.00 0.00 4.00 7.00 5.00 2.00 8.00 1.00 0.00 0.00 0.00 0.00 0.00
335.00 12.00 10.00 27.00 56.00 17.00 29.00 0.09 0.42 0.00 0.00 0.00 2.00 6.00 10.00 6.00 9.00 3.00 0.00 0.00 0.00 0.00 0.00
336.00 12.00 8.00 22.00 53.00 14.00 31.00 0.08 0.44 0.00 1.00 0.00 3.00 8.00 9.00 4.00 11.00 1.00 0.00 0.00 0.00 0.00 0.00
337.00 14.00 11.00 34.00 69.00 23.00 35.00 0.10 0.57 0.00 1.00 0.00 3.00 9.00 11.00 5.00 9.00 5.00 0.00 0.00 0.00 0.00 0.00
338.00 11.00 6.00 22.00 52.00 16.00 30.00 0.08 0.48 0.00 1.00 0.00 5.00 9.00 6.00 2.00 9.00 2.00 0.00 0.00 0.00 0.00 0.00
339.00 5.00 0.00 4.00 19.00 4.00 15.00 0.07 0.39 0.00 0.00 0.00 1.00 4.00 4.00 1.00 5.00 0.00 0.00 0.00 0.00 0.00 0.00
340.00 4.00 0.00 1.00 10.00 1.00 9.00 0.08 0.11 0.00 0.00 0.00 2.00 4.00 2.00 0.00 4.00 0.00 0.00 0.00 0.00 0.00 0.00
