0.00 2.00 0.00 0.00 3.00 0.00 3.00 0.08 4.74 0.00 0.00 0.00 2.00 2.00 0.00 0.00 2.00 0.00 0.00 0.00 0.00 0.00 0.00
1.00 4.00 0.00 3.00 10.00 3.00 7.00 0.08 3.54 0.00 0.00 0.00 3.00 3.00 1.00 1.00 4.00 0.00 0.00 0.00 0.00 0.00 0.00
2.00 4.00 0.00 2.00 13.00 2.00 11.00 0.07 3.77 0.00 0.00 0.00 2.00 4.00 2.00 0.00 4.00 0.00 0.00 0.00 0.00 0.00 0.00
3.00 6.00 1.00 9.00 28.00 8.00 19.00 0.08 2.79 0.00 0.00 0.00 0.00 4.00 6.00 2.00 6.00 0.00 0.00 0.00 0.00 0.00 0.00
4.00 3.00 0.00 0.00 10.00 0.00 10.00 0.08 0.14 0.00 0.00 0.00 2.00 3.00 1.00 0.00 3.00 0.00 0.00 0.00 0.00 0.00 0.00
5.00 11.00 7.00 25.00 51.00 18.00 26.00 0.08 0.37 0.00 0.00 0.00 3.00 9.00 8.00 2.00 10.00 1.00 0.00 0.00 0.00 0.00 0.00
6.00 8.00 3.00 14.00 37.00 11.00 23.00 0.10 0.25 0.00 0.00 0.00 1.00 3.00 7.00 5.00 4.00 4.00 0.00 0.00 0.00 0.00 0.00
7.00 12.00 5.00 22.00 50.00 17.00 28.00 0.09 4.14 0.00 0.00 0.00 3.00 7.00 9.00 5.00 9.00 3.00 0.00 0.00 0.00 0.00 0.00
8.00 14.00 14.00 32.00 66.00 18.00 34.00 0.07 1.64 0.00 0.00 0.00 3.00 7.00 11.00 7.00 9.00 5.00 0.00 0.00 1.00 0.00 0.00
9.00 17.00 15.00 44.00 77.00 29.00 33.00 0.09 4.07 0.00 0.00 0.00 3.00 8.00 14.00 9.00 10.00 7.00 0.00 0.00 1.00 0.00 0.00
10.00 17.00 21.00 41.00 88.00 20.00 47.00 0.09 4.24 0.00 0.00 0.00 4.00 8.00 13.00 9.00 11.00 6.00 0.00 0.00 0.00 0.00 0.00
11.00 11.00 7.00 23.00 56.00 16.00 33.00 0.07 4.76 0.00 0.00 0.00 2.00 6.00 9.00 5.00 7.00 4.00 0.00 0.00 0.00 0.00 0.00
12.00 13.00 9.00 35.00 68.00 26.00 33.00 0.09 5.19 0.00 0.00 0.00 0.00 8.00 13.00 5.00 9.00 4.00 0.00 0.00 0.00 0.00 0.00
13.00 14.00 16.00 37.00 74.00 21.00 37.00 0.08 4.78 0.00 0.00 0.00 2.00 4.00 12.00 10.00 6.00 8.00 0.00 0.00 1.00 0.00 0.00
14.00 13.00 8.00 31.00 62.00 23.00 31.00 0.07 4.76 0.00 0.00 0.00 4.00 11.00 9.00 2.00 13.00 0.00 0.00 0.00 0.00 0.00 0.00
15.00 12.00 9.00 26.00 57.00 17.00 31.00 0.08 3.97 0.00 0.00 0.00 4.00 4.00 8.00 8.00 7.00 5.00 0.00 0.00 0.00 1.00 0.00
16.00 10.00 3.00 19.00 47.00 16.00 28.00 0.08 5.00 0.00 0.00 0.00 3.00 5.00 7.00 5.00 7.00 3.00 0.00 0.00 0.00 0.00 0.00
17.00 17.00 17.00 41.00 74.00 24.00 33.00 0.08 4.37 0.00 0.00 0.00 4.00 9.00 13.00 8.00 12.00 5.00 0.00 0.00 0.00 0.00 0.00
18.00 13.00 10.00 30.00 66.00 20.00 36.00 0.09 3.53 0.00 1.00 0.00 4.00 8.00 9.00 5.00 11.00 2.00 0.00 0.00 0.00 0.00 0.00
19.00 13.00 14.00 36.00 61.00 22.00 25.00 0.07 4.06 0.00 1.00 0.00 3.00 8.00 10.00 5.00 11.00 2.00 0.00 0.00 0.00 0.00 0.00
20.00 17.00 22.00 43.00 85.00 21.00 42.00 0.09 3.56 0.00 2.00 0.00 2.00 8.00 15.00 9.00 11.00 6.00 0.00 0.00 0.00 0.00 0.00
21.00 18.00 13.00 44.00 87.00 31.00 43.00 0.09 4.60 0.00 2.00 0.00 4.00 9.00 14.00 9.00 9.00 9.00 0.00 0.00 0.00 0.00 0.00
22.00 16.00 14.00 32.00 75.00 18.00 43.00 0.08 4.60 0.00 0.00 0.00 9.00 10.00 7.00 6.00 10.00 6.00 0.00 0.00 1.00 0.00 0.00
23.00 16.00 17.00 40.00 78.00 23.00 38.00 0.07 3.76 0.00 2.00 0.00 6.00 9.00 10.00 7.00 12.00 4.00 0.00 0.00 1.00 0.00 0.00
24.00 8.00 4.00 13.00 36.00 9.00 23.00 0.08 0.38 0.00 2.00 0.00 4.00 7.00 4.00 1.00 7.00 1.00 0.00 0.00 0.00 0.00 0.00
25.00 17.00 18.00 41.00 84.00 23.00 43.00 0.09 4.15 0.00 2.00 0.00 3.00 6.00 14.00 11.00 10.00 7.00 0.00 0.00 0.00 0.00 0.00
26.00 10.00 4.00 16.00 43.00 12.00 27.00 0.08 0.41 0.00 0.00 0.00 4.00 8.00 6.00 2.00 10.00 0.00 0.00 0.00 0.00 0.00 0.00
27.00 18.00 15.00 40.00 87.00 25.00 47.00 0.09 3.98 0.00 0.00 0.00 6.00 14.00 12.00 4.00 15.00 3.00 0.00 0.00 0.00 0.00 0.00
28.00 16.00 16.00 36.00 70.00 20.00 34.00 0.08 2.22 0.00 0.00 0.00 4.00 11.00 12.00 5.00 14.00 2.00 0.00 0.00 0.00 0.00 0.00
29.00 7.00 0.00 7.00 29.00 7.00 22.00 0.08 0.49 0.00 0.00 0.00 3.00 6.00 4.00 1.00 7.00 0.00 0.00 0.00 0.00 0.00 0.00
30.00 17.00 17.00 43.00 83.00 26.00 40.00 0.08 4.72 0.00 1.00 0.00 2.00 7.00 15.00 10.00 9.00 8.00 0.00 0.00 0.00 0.00 0.00
31.00 20.00 20.00 52.00 98.00 32.00 46.00 0.08 3.83 0.00 1.00 0.00 7.00 12.00 13.00 8.00 15.00 5.00 0.00 0.00 0.00 0.00 0.00
32.00 14.00 15.00 33.00 68.00 18.00 35.00 0.08 4.14 0.00 1.00 0.00 4.00 6.00 10.00 8.00 11.00 3.00 0.00 0.00 0.00 0.00 0.00
33.00 16.00 17.00 42.00 76.00 25.00 34.00 0.09 3.24 0.00 1.00 0.00 1.00 6.00 15.00 10.00 11.00 5.00 0.00 0.00 1.00 0.00 0.00
34.00 7.00 4.00 13.00 32.00 9.00 19.00 0.07 5.16 0.00 1.00 0.00 3.00 5.00 4.00 2.00 6.00 1.00 0.00 0.00 0.00 0.00 0.00
35.00 17.00 13.00 42.00 81.00 29.00 39.00 0.10 4.03 0.00 1.00 0.00 7.00 11.00 10.00 6.00 14.00 3.00 0.00 0.00 0.00 0.00 0.00
36.00 15.00 14.00 38.00 74.00 24.00 36.00 0.09 3.21 0.00 1.00 0.00 3.00 7.00 12.00 8.00 9.00 6.00 0.00 0.00 0.00 0.00 0.00
37.00 18.00 21.00 48.00 88.00 27.00 40.00 0.09 3.47 0.00 1.00 0.00 5.00 11.00 13.00 7.00 12.00 6.00 0.00 0.00 0.00 0.00 0.00
38.00 15.00 11.00 32.00 81.00 21.00 49.00 0.08 4.26 0.00 2.00 0.00 4.00 5.00 11.00 10.00 11.00 4.00 0.00 0.00 0.00 0.00 0.00
39.00 11.00 7.00 24.00 49.00 17.00 25.00 0.08 5.24 0.00 2.00 0.00 4.00 7.00 7.00 4.00 9.00 2.00 0.00 0.00 0.00 0.00 0.00
40.00 25.00 26.00 63.00 125.00 37.00 62.00 0.07 3.27 0.00 3.00 0.00 6.00 12.00 19.00 13.00 17.00 8.00 0.00 0.00 0.00 0.00 0.00
41.00 19.00 18.00 49.00 93.00 31.00 44.00 0.08 3.34 0.00 3.00 0.00 9.00 13.00 10.00 6.00 15.00 4.00 0.00 0.00 0.00 0.00 0.00
42.00 23.00 29.00 61.00 112.00 32.00 51.00 0.07 3.33 0.00 2.00 0.00 5.00 11.00 18.00 12.00 15.00 8.00 0.00 0.00 0.00 0.00 0.00
43.00 23.00 23.00 67.00 122.00 44.00 55.00 0.06 1.21 1.00 2.00 0.50 5.00 9.00 18.00 14.00 14.00 9.00 0.00 0.00 1.00 0.00 0.00
44.00 16.00 10.00 36.00 79.00 26.00 43.00 0.07 1.45 0.00 1.00 0.00 4.00 9.00 12.00 7.00 11.00 5.00 0.00 0.00 1.00 0.00 0.00
45.00 25.00 28.00 68.00 117.00 40.00 49.00 0.08 1.20 0.00 1.00 0.00 5.00 16.00 20.00 9.00 17.00 8.00 0.00 0.00 0.00 1.00 0.00
46.00 19.00 17.00 46.00 95.00 29.00 49.00 0.08 1.34 0.00 1.00 0.00 6.00 9.00 13.00 10.00 10.00 9.00 0.00 0.00 0.00 0.00 0.00
47.00 27.00 32.00 72.00 125.00 40.00 53.00 0.09 2.76 1.00 2.00 0.50 10.00 15.00 17.00 12.00 19.00 8.00 0.00 0.00 1.00 0.00 0.00
48.00 23.00 16.00 59.00 119.00 43.00 60.00 0.07 2.93 1.00 1.00 1.00 8.00 13.00 15.00 10.00 15.00 8.00 0.00 0.00 0.00 0.00 0.00
49.00 25.00 19.00 53.00 126.00 34.00 73.00 0.08 4.08 0.00 2.00 0.00 7.00 16.00 18.00 9.00 20.00 5.00 0.00 0.00 0.00 0.00 0.00
50.00 23.00 26.00 57.00 116.00 31.00 59.00 0.08 2.87 0.00 1.00 0.00 6.00 11.00 17.00 12.00 15.00 8.00 0.00 0.00 0.00 0.00 0.00
51.00 28.00 29.00 77.00 144.00 48.00 67.00 0.08 3.50 0.00 3.00 0.00 8.00 15.00 20.00 13.00 17.00 11.00 0.00 0.00 0.00 0.00 0.00
52.00 19.00 15.00 47.00 95.00 32.00 48.00 0.07 3.43 0.00 2.00 0.00 5.00 11.00 14.00 8.00 14.00 5.00 0.00 0.00 0.00 0.00 0.00
53.00 41.00 43.00 100.00 185.00 57.00 85.00 0.08 4.15 0.00 4.00 0.00 10.00 19.00 31.00 22.00 27.00 14.00 0.00 0.00 0.00 0.00 0.00
54.00 29.00 37.00 87.00 145.00 50.00 58.00 0.07 3.06 0.00 3.00 0.00 3.00 6.00 26.00 23.00 19.00 10.00 0.00 0.00 0.00 0.00 0.00
55.00 26.00 24.00 70.00 130.00 46.00 60.00 0.09 4.83 0.00 2.00 0.00 4.00 13.00 22.00 13.00 18.00 8.00 0.00 0.00 1.00 0.00 0.00
56.00 25.00 36.00 70.00 121.00 34.00 51.00 0.08 4.14 0.00 2.00 0.00 7.00 13.00 18.00 12.00 16.00 9.00 0.00 0.00 1.00 0.00 0.00
57.00 21.00 23.00 57.00 102.00 34.00 45.00 0.10 4.04 0.00 2.00 0.00 6.00 13.00 15.00 8.00 14.00 7.00 0.00 0.00 0.00 0.00 0.00
58.00 21.00 17.00 50.00 107.00 33.00 57.00 0.09 2.64 0.00 1.00 0.00 4.00 12.00 17.00 9.00 14.00 7.00 0.00 0.00 0.00 0.00 0.00
59.00 28.00 25.00 75.00 146.00 50.00 71.00 0.09 4.71 0.00 2.00 0.00 5.00 9.00 23.00 19.00 18.00 10.00 0.00 0.00 0.00 0.00 0.00
60.00 29.00 41.00 87.00 148.00 46.00 61.00 0.10 4.58 0.00 1.00 0.00 9.00 13.00 20.00 16.00 16.00 13.00 0.00 0.00 0.00 0.00 0.00
61.00 25.00 22.00 59.00 120.00 37.00 61.00 0.09 4.48 0.00 2.00 0.00 6.00 11.00 19.00 14.00 16.00 9.00 0.00 0.00 0.00 0.00 0.00
62.00 24.00 33.00 71.00 128.00 38.00 57.00 0.09 4.37 0.00 3.00 0.00 4.00 9.00 20.00 15.00 11.00 13.00 0.00 0.00 0.00 0.00 0.00
63.00 20.00 15.00 47.00 96.00 32.00 49.00 0.10 4.71 0.00 3.00 0.00 3.00 10.00 17.00 10.00 14.00 6.00 0.00 0.00 0.00 0.00 0.00
64.00 13.00 8.00 24.00 62.00 16.00 38.00 0.08 1.73 0.00 2.00 0.00 4.00 7.00 9.00 6.00 10.00 3.00 0.00 0.00 0.00 0.00 0.00
65.00 24.00 20.00 67.00 118.00 47.00 51.00 0.08 4.71 0.00 3.00 0.00 6.00 11.00 18.00 13.00 17.00 7.00 0.00 0.00 0.00 0.00 0.00
66.00 18.00 15.00 40.00 87.00 25.00 47.00 0.08 4.87 0.00 1.00 0.00 4.00 10.00 14.00 8.00 11.00 7.00 0.00 0.00 0.00 0.00 0.00
67.00 23.00 25.00 59.00 113.00 34.00 54.00 0.08 4.60 0.00 2.00 0.00 4.00 13.00 19.00 10.00 18.00 5.00 0.00 0.00 0.00 0.00 0.00
68.00 21.00 24.00 56.00 99.00 32.00 43.00 0.07 4.83 0.00 2.00 0.00 6.00 9.00 15.00 12.00 12.00 9.00 0.00 0.00 0.00 0.00 0.00
69.00 21.00 24.00 57.00 104.00 33.00 47.00 0.09 4.84 0.00 3.00 0.00 4.00 10.00 17.00 11.00 16.00 5.00 0.00 0.00 0.00 0.00 0.00
70.00 23.00 19.00 58.00 111.00 39.00 53.00 0.08 4.32 0.00 3.00 0.00 8.00 11.00 15.00 12.00 17.00 6.00 0.00 0.00 0.00 0.00 0.00
71.00 25.00 27.00 71.00 124.00 44.00 53.00 0.09 4.86 0.00 3.00 0.00 3.00 7.00 22.00 18.00 12.00 13.00 0.00 0.00 0.00 0.00 0.00
72.00 26.00 42.00 79.00 136.00 37.00 57.00 0.07 4.50 0.00 2.00 0.00 2.00 7.00 24.00 19.00 12.00 14.00 0.00 0.00 0.00 0.00 0.00
73.00 25.00 36.00 74.00 125.00 38.00 51.00 0.07 4.82 0.00 2.00 0.00 6.00 13.00 19.00 12.00 16.00 9.00 0.00 0.00 0.00 0.00 0.00
74.00 20.00 26.00 52.00 95.00 26.00 43.00 0.09 4.77 0.00 2.00 0.00 4.00 9.00 16.00 11.00 12.00 8.00 0.00 0.00 0.00 0.00 0.00
75.00 28.00 42.00 83.00 138.00 41.00 55.00 0.09 4.75 0.00 2.00 0.00 8.00 12.00 20.00 16.00 16.00 12.00 0.00 0.00 1.00 0.00 0.00
76.00 25.00 32.00 65.00 120.00 33.00 55.00 0.10 4.76 0.00 2.00 0.00 8.00 15.00 17.00 10.00 20.00 5.00 0.00 0.00 1.00 0.00 0.00
77.00 24.00 23.00 61.00 115.00 38.00 54.00 0.10 4.46 0.00 2.00 0.00 5.00 10.00 19.00 14.00 17.00 7.00 0.00 0.00 0.00 0.00 0.00
78.00 22.00 22.00 59.00 106.00 37.00 47.00 0.10 4.89 0.00 2.00 0.00 5.00 9.00 17.00 13.00 13.00 9.00 0.00 0.00 0.00 0.00 0.00
79.00 24.00 27.00 60.00 114.00 33.00 54.00 0.08 4.79 0.00 3.00 0.00 8.00 10.00 16.00 14.00 14.00 10.00 0.00 0.00 2.00 0.00 0.00
80.00 19.00 27.00 53.00 92.00 26.00 39.00 0.09 4.91 0.00 4.00 0.00 4.00 9.00 15.00 10.00 14.00 5.00 0.00 0.00 0.00 0.00 0.00
81.00 23.00 34.00 72.00 117.00 38.00 45.00 0.08 4.72 0.00 4.00 0.00 3.00 7.00 20.00 16.00 12.00 11.00 0.00 0.00 0.00 0.00 0.00
82.00 20.00 30.00 57.00 101.00 27.00 44.00 0.07 4.77 0.00 3.00 0.00 2.00 6.00 18.00 14.00 10.00 10.00 0.00 0.00 0.00 0.00 0.00
83.00 24.00 30.00 69.00 123.00 39.00 54.00 0.07 4.75 0.00 3.00 0.00 5.00 12.00 19.00 12.00 12.00 12.00 0.00 0.00 0.00 0.00 0.00
84.00 24.00 27.00 68.00 125.00 41.00 57.00 0.08 4.62 0.00 2.00 0.00 4.00 7.00 20.00 17.00 15.00 9.00 0.00 0.00 0.00 0.00 0.00
85.00 24.00 34.00 65.00 116.00 31.00 51.00 0.09 4.69 0.00 2.00 0.00 8.00 10.00 16.00 14.00 17.00 7.00 0.00 0.00 0.00 0.00 0.00
86.00 25.00 31.00 64.00 119.00 33.00 55.00 0.10 4.85 0.00 3.00 0.00 8.00 12.00 17.00 13.00 17.00 8.00 0.00 0.00 0.00 0.00 0.00
87.00 22.00 18.00 57.00 107.00 39.00 50.00 0.10 4.80 0.00 3.00 0.00 4.00 10.00 18.00 12.00 14.00 8.00 0.00 0.00 0.00 0.00 0.00
88.00 27.00 33.00 82.00 127.00 49.00 45.00 0.08 4.83 0.00 2.00 0.00 3.00 11.00 24.00 16.00 18.00 9.00 0.00 0.00 0.00 1.00 0.00
89.00 22.00 30.00 62.00 107.00 32.00 45.00 0.09 4.67 0.00 3.00 0.00 2.00 9.00 20.00 13.00 15.00 7.00 0.00 0.00 0.00 0.00 0.00
90.00 18.00 18.00 48.00 86.00 30.00 38.00 0.10 4.67 0.00 3.00 0.00 3.00 7.00 15.00 11.00 10.00 8.00 0.00 0.00 0.00 0.00 0.00
91.00 24.00 28.00 63.00 110.00 35.00 47.00 0.09 5.01 0.00 2.00 0.00 8.00 13.00 16.00 11.00 18.00 6.00 0.00 0.00 1.00 0.00 0.00
92.00 19.00 28.00 49.00 93.00 21.00 44.00 0.07 4.79 0.00 2.00 0.00 3.00 11.00 16.00 8.00 15.00 4.00 0.00 0.00 1.00 0.00 0.00
93.00 21.00 35.00 57.00 103.00 22.00 46.00 0.05 4.71 0.00 2.00 0.00 8.00 12.00 13.00 9.00 15.00 6.00 0.00 0.00 0.00 0.00 0.00
94.00 13.00 10.00 31.00 63.00 21.00 32.00 0.09 4.87 0.00 4.00 0.00 4.00 9.00 9.00 4.00 11.00 2.00 0.00 0.00 0.00 0.00 0.00
95.00 21.00 24.00 54.00 97.00 30.00 43.00 0.09 5.09 0.00 3.00 0.00 7.00 10.00 14.00 11.00 14.00 7.00 0.00 0.00 0.00 0.00 0.00
96.00 17.00 24.00 47.00 78.00 23.00 31.00 0.09 4.81 0.00 1.00 0.00 3.00 10.00 14.00 7.00 10.00 7.00 0.00 0.00 0.00 0.00 0.00
97.00 19.00 18.00 50.00 86.00 32.00 36.00 0.08 4.88 0.00 3.00 0.00 5.00 12.00 14.00 7.00 16.00 3.00 0.00 0.00 0.00 0.00 0.00
98.00 17.00 19.00 43.00 86.00 24.00 43.00 0.08 5.04 0.00 3.00 0.00 6.00 8.00 11.00 9.00 13.00 4.00 0.00 0.00 0.00 0.00 0.00
99.00 19.00 22.00 56.00 92.00 34.00 36.00 0.07 4.64 0.00 2.00 0.00 6.00 11.00 13.00 8.00 12.00 7.00 0.00 0.00 0.00 0.00 0.00
100.00 23.00 22.00 61.00 112.00 39.00 51.00 0.07 4.21 0.00 2.00 0.00 4.00 11.00 19.00 12.00 15.00 8.00 0.00 0.00 1.00 0.00 0.00
101.00 23.00 27.00 60.00 107.00 33.00 47.00 0.08 4.50 0.00 2.00 0.00 6.00 9.00 17.00 14.00 13.00 10.00 0.00 0.00 0.00 0.00 0.00
102.00 19.00 26.00 52.00 95.00 26.00 43.00 0.09 3.84 0.00 2.00 0.00 3.00 8.00 16.00 11.00 13.00 6.00 0.00 0.00 0.00 0.00 0.00
103.00 19.00 20.00 52.00 94.00 32.00 42.00 0.09 3.80 0.00 2.00 0.00 4.00 8.00 15.00 11.00 13.00 6.00 0.00 0.00 0.00 0.00 0.00
104.00 16.00 20.00 42.00 80.00 22.00 38.00 0.08 4.14 0.00 2.00 0.00 2.00 8.00 14.00 8.00 10.00 6.00 0.00 0.00 0.00 0.00 0.00
105.00 17.00 23.00 47.00 83.00 24.00 36.00 0.09 3.50 0.00 2.00 0.00 3.00 8.00 14.00 9.00 12.00 5.00 0.00 0.00 0.00 0.00 0.00
106.00 12.00 9.00 27.00 55.00 18.00 28.00 0.09 4.37 0.00 2.00 0.00 4.00 6.00 8.00 6.00 9.00 3.00 0.00 0.00 0.00 0.00 0.00
107.00 16.00 17.00 37.00 77.00 20.00 40.00 0.08 4.31 0.00 2.00 0.00 5.00 12.00 11.00 4.00 13.00 3.00 0.00 0.00 0.00 0.00 0.00
108.00 17.00 16.00 41.00 80.00 25.00 39.00 0.08 3.49 0.00 2.00 0.00 5.00 9.00 12.00 8.00 13.00 4.00 0.00 0.00 0.00 0.00 0.00
109.00 15.00 14.00 37.00 72.00 23.00 35.00 0.09 4.28 0.00 1.00 0.00 6.00 8.00 9.00 7.00 11.00 4.00 0.00 0.00 0.00 0.00 0.00
110.00 14.00 13.00 35.00 64.00 22.00 29.00 0.09 4.74 0.00 1.00 0.00 3.00 7.00 11.00 7.00 9.00 5.00 0.00 0.00 1.00 0.00 0.00
111.00 11.00 1.00 16.00 48.00 15.00 32.00 0.07 3.99 0.00 1.00 0.00 5.00 7.00 6.00 4.00 8.00 3.00 0.00 0.00 0.00 0.00 0.00
112.00 20.00 20.00 43.00 90.00 23.00 47.00 0.10 5.03 0.00 0.00 0.00 6.00 14.00 14.00 6.00 16.00 4.00 0.00 0.00 0.00 0.00 0.00
113.00 16.00 13.00 41.00 76.00 28.00 35.00 0.08 4.87 0.00 1.00 0.00 7.00 10.00 9.00 6.00 13.00 3.00 0.00 0.00 0.00 1.00 0.00
114.00 12.00 7.00 26.00 61.00 19.00 35.00 0.09 3.00 1.00 1.00 1.00 4.00 8.00 8.00 4.00 9.00 3.00 0.00 0.00 0.00 0.00 0.00
115.00 11.00 9.00 25.00 54.00 16.00 29.00 0.09 3.38 1.00 1.00 1.00 3.00 4.00 8.00 7.00 6.00 5.00 0.00 0.00 0.00 0.00 0.00
116.00 23.00 26.00 62.00 111.00 36.00 49.00 0.09 4.75 0.00 1.00 0.00 11.00 13.00 12.00 10.00 14.00 9.00 0.00 0.00 0.00 1.00 0.00
117.00 16.00 17.00 39.00 81.00 22.00 42.00 0.08 5.04 0.00 0.00 0.00 4.00 9.00 12.00 7.00 14.00 2.00 0.00 0.00 0.00 0.00 0.00
118.00 13.00 2.00 21.00 59.00 19.00 38.00 0.09 4.49 0.00 0.00 0.00 7.00 8.00 6.00 5.00 10.00 3.00 0.00 0.00 0.00 1.00 0.00
119.00 20.00 22.00 48.00 89.00 26.00 41.00 0.06 4.47 1.00 0.00 0.00 8.00 11.00 12.00 9.00 16.00 4.00 0.00 0.00 0.00 2.00 0.00
120.00 22.00 25.00 55.00 100.00 30.00 45.00 0.09 4.97 0.00 0.00 0.00 8.00 13.00 14.00 9.00 21.00 1.00 0.00 0.00 0.00 1.00 0.00
121.00 17.00 9.00 31.00 72.00 22.00 41.00 0.08 4.81 1.00 0.00 0.00 9.00 12.00 8.00 5.00 14.00 3.00 0.00 0.00 0.00 0.00 0.00
122.00 17.00 11.00 38.00 84.00 27.00 46.00 0.09 4.48 1.00 0.00 0.00 6.00 14.00 11.00 3.00 15.00 2.00 0.00 0.00 0.00 0.00 0.00
123.00 16.00 14.00 38.00 78.00 24.00 40.00 0.08 3.24 1.00 1.00 1.00 3.00 7.00 13.00 9.00 9.00 7.00 0.00 0.00 0.00 0.00 0.00
124.00 21.00 22.00 50.00 102.00 28.00 52.00 0.10 4.85 0.00 0.00 0.00 8.00 13.00 13.00 8.00 17.00 4.00 0.00 0.00 0.00 0.00 0.00
125.00 17.00 14.00 42.00 86.00 28.00 44.00 0.08 4.58 0.00 0.00 0.00 5.00 8.00 12.00 9.00 13.00 4.00 0.00 0.00 0.00 0.00 0.00
126.00 15.00 12.00 31.00 67.00 19.00 36.00 0.09 3.92 0.00 0.00 0.00 2.00 10.00 13.00 5.00 11.00 4.00 0.00 0.00 0.00 0.00 0.00
127.00 20.00 10.00 50.00 97.00 40.00 47.00 0.08 4.91 0.00 0.00 0.00 7.00 13.00 13.00 7.00 16.00 4.00 0.00 0.00 0.00 0.00 0.00
128.00 13.00 9.00 33.00 68.00 24.00 35.00 0.09 4.63 0.00 0.00 0.00 4.00 6.00 9.00 7.00 9.00 4.00 0.00 0.00 0.00 0.00 1.00
129.00 21.00 18.00 45.00 95.00 27.00 50.00 0.09 4.94 0.00 1.00 0.00 6.00 11.00 15.00 10.00 17.00 4.00 0.00 0.00 1.00 1.00 0.00
130.00 18.00 19.00 43.00 87.00 24.00 44.00 0.09 5.13 0.00 2.00 0.00 6.00 9.00 12.00 9.00 15.00 3.00 0.00 0.00 0.00 0.00 0.00
131.00 16.00 14.00 39.00 77.00 25.00 38.00 0.10 4.97 0.00 1.00 0.00 5.00 9.00 11.00 7.00 11.00 5.00 0.00 0.00 1.00 1.00 0.00
132.00 14.00 18.00 41.00 74.00 23.00 33.00 0.08 4.73 0.00 1.00 0.00 1.00 5.00 13.00 9.00 8.00 6.00 0.00 0.00 0.00 0.00 0.00
133.00 13.00 10.00 26.00 63.00 16.00 37.00 0.08 4.69 0.00 1.00 0.00 5.00 7.00 8.00 6.00 11.00 2.00 0.00 0.00 1.00 0.00 0.00
134.00 21.00 25.00 58.00 102.00 33.00 44.00 0.09 5.02 0.00 1.00 0.00 5.00 10.00 16.00 11.00 15.00 6.00 0.00 0.00 0.00 0.00 0.00
135.00 17.00 18.00 42.00 78.00 24.00 36.00 0.08 4.30 0.00 1.00 0.00 4.00 9.00 13.00 8.00 13.00 4.00 0.00 0.00 0.00 0.00 0.00
136.00 21.00 27.00 54.00 101.00 27.00 47.00 0.08 4.94 0.00 1.00 0.00 7.00 11.00 14.00 10.00 15.00 6.00 0.00 0.00 0.00 0.00 0.00
137.00 21.00 23.00 44.00 96.00 21.00 52.00 0.09 4.60 0.00 1.00 0.00 6.00 12.00 15.00 9.00 17.00 4.00 0.00 0.00 0.00 0.00 0.00
138.00 20.00 21.00 53.00 97.00 32.00 44.00 0.09 4.86 0.00 0.00 0.00 6.00 9.00 14.00 11.00 14.00 6.00 0.00 0.00 0.00 0.00 0.00
139.00 17.00 16.00 44.00 84.00 28.00 40.00 0.08 4.97 0.00 1.00 0.00 5.00 9.00 12.00 8.00 10.00 7.00 0.00 0.00 0.00 0.00 0.00
140.00 20.00 21.00 58.00 103.00 37.00 45.00 0.09 4.80 0.00 1.00 0.00 5.00 10.00 15.00 10.00 10.00 10.00 0.00 0.00 1.00 0.00 0.00
141.00 13.00 9.00 25.00 57.00 16.00 32.00 0.09 4.78 0.00 1.00 0.00 2.00 7.00 11.00 6.00 8.00 5.00 0.00 0.00 0.00 0.00 0.00
142.00 17.00 18.00 43.00 85.00 25.00 42.00 0.09 3.99 0.00 1.00 0.00 2.00 5.00 15.00 12.00 8.00 9.00 0.00 0.00 0.00 0.00 0.00
143.00 16.00 15.00 33.00 76.00 18.00 43.00 0.10 1.61 0.00 0.00 0.00 7.00 9.00 9.00 7.00 13.00 3.00 0.00 0.00 0.00 0.00 0.00
144.00 12.00 10.00 30.00 61.00 20.00 31.00 0.07 3.06 0.00 1.00 0.00 3.00 8.00 9.00 4.00 11.00 1.00 0.00 0.00 0.00 0.00 0.00
145.00 11.00 11.00 28.00 51.00 17.00 23.00 0.09 3.07 0.00 1.00 0.00 2.00 5.00 9.00 6.00 7.00 4.00 0.00 0.00 0.00 0.00 0.00
146.00 14.00 12.00 27.00 64.00 15.00 37.00 0.10 4.23 0.00 0.00 0.00 7.00 9.00 7.00 5.00 10.00 4.00 0.00 0.00 0.00 0.00 0.00
147.00 10.00 9.00 21.00 45.00 12.00 24.00 0.08 4.99 0.00 0.00 0.00 1.00 6.00 9.00 4.00 9.00 1.00 0.00 0.00 0.00 0.00 0.00
148.00 7.00 0.00 8.00 30.00 8.00 22.00 0.08 5.09 0.00 0.00 0.00 4.00 5.00 3.00 2.00 7.00 0.00 0.00 0.00 0.00 0.00 0.00
149.00 5.00 0.00 5.00 17.00 5.00 12.00 0.10 5.29 0.00 0.00 0.00 2.00 4.00 3.00 1.00 4.00 1.00 0.00 0.00 1.00 0.00 0.00
150.00 7.00 2.00 9.00 25.00 7.00 16.00 0.09 4.97 0.00 0.00 0.00 2.00 3.00 5.00 4.00 7.00 0.00 0.00 0.00 0.00 0.00 0.00
151.00 3.00 0.00 0.00 7.00 0.00 7.00 0.06 4.50 0.00 0.00 0.00 2.00 3.00 1.00 0.00 3.00 0.00 0.00 0.00 0.00 0.00 0.00
152.00 8.00 0.00 9.00 33.00 9.00 24.00 0.08 4.91 0.00 0.00 0.00 5.00 6.00 3.00 2.00 7.00 1.00 0.00 0.00 0.00 0.00 0.00
153.00 3.00 0.00 1.00 7.00 1.00 6.00 0.07 0.19 0.00 0.00 0.00 2.00 3.00 1.00 0.00 3.00 0.00 0.00 0.00 0.00 0.00 0.00
154.00 2.00 0.00 0.00 0.00 0.00 0.00 0.09 0.17 0.00 0.00 0.00 2.00 2.00 0.00 0.00 2.00 0.00 0.00 0.00 0.00 0.00 0.00
