0.00 2.00 0.00 0.00 1.00 0.00 1.00 0.08 0.21 0.00 0.00 0.00 2.00 2.00 0.00 0.00 2.00 0.00 0.00 0.00 0.00 0.00 0.00
1.00 8.00 3.00 10.00 27.00 7.00 17.00 0.09 0.35 0.00 0.00 0.00 5.00 6.00 3.00 2.00 6.00 2.00 0.00 0.00 0.00 0.00 0.00
2.00 3.00 0.00 0.00 10.00 0.00 10.00 0.09 0.26 0.00 1.00 0.00 2.00 3.00 1.00 0.00 3.00 0.00 0.00 0.00 0.00 0.00 0.00
3.00 3.00 0.00 2.00 11.00 2.00 9.00 0.07 0.12 0.00 0.00 0.00 2.00 3.00 1.00 0.00 3.00 0.00 0.00 0.00 0.00 0.00 0.00
4.00 8.00 2.00 16.00 36.00 14.00 20.00 0.09 0.38 0.00 0.00 0.00 3.00 6.00 5.00 2.00 7.00 1.00 0.00 0.00 0.00 0.00 0.00
5.00 8.00 2.00 12.00 39.00 10.00 27.00 0.07 0.33 0.00 0.00 0.00 4.00 7.00 4.00 1.00 7.00 1.00 0.00 0.00 0.00 0.00 0.00
6.00 5.00 0.00 2.00 14.00 2.00 12.00 0.08 0.28 0.00 0.00 0.00 1.00 4.00 4.00 1.00 5.00 0.00 0.00 0.00 0.00 0.00 0.00
7.00 9.00 3.00 16.00 40.00 13.00 24.00 0.08 0.47 0.00 0.00 0.00 3.00 6.00 6.00 3.00 9.00 0.00 0.00 0.00 0.00 0.00 0.00
8.00 3.00 0.00 2.00 11.00 2.00 9.00 0.09 0.12 0.00 0.00 0.00 2.00 3.00 1.00 0.00 3.00 0.00 0.00 0.00 0.00 0.00 0.00
9.00 5.00 1.00 3.00 15.00 2.00 12.00 0.10 0.38 0.00 1.00 0.00 2.00 3.00 3.00 2.00 5.00 0.00 0.00 0.00 0.00 0.00 0.00
10.00 4.00 0.00 2.00 13.00 2.00 11.00 0.09 0.32 0.00 0.00 0.00 3.00 3.00 1.00 1.00 4.00 0.00 0.00 0.00 0.00 0.00 0.00
11.00 6.00 1.00 8.00 24.00 7.00 16.00 0.08 0.32 0.00 0.00 0.00 4.00 4.00 2.00 2.00 6.00 0.00 0.00 0.00 1.00 0.00 0.00
12.00 5.00 1.00 6.00 21.00 5.00 15.00 0.07 0.24 0.00 0.00 0.00 2.00 5.00 3.00 0.00 5.00 0.00 0.00 0.00 0.00 0.00 0.00
13.00 13.00 2.00 24.00 53.00 22.00 29.00 0.06 1.52 0.00 1.00 0.00 6.00 9.00 7.00 4.00 11.00 2.00 0.00 0.00 0.00 0.00 0.00
14.00 3.00 0.00 1.00 8.00 1.00 7.00 0.08 0.22 0.00 0.00 0.00 0.00 3.00 3.00 0.00 3.00 0.00 0.00 0.00 0.00 0.00 0.00
15.00 10.00 8.00 22.00 49.00 14.00 27.00 0.09 0.42 0.00 0.00 0.00 2.00 5.00 8.00 5.00 8.00 2.00 0.00 0.00 0.00 0.00 0.00
16.00 12.00 7.00 21.00 46.00 14.00 25.00 0.10 2.88 1.00 0.00 0.00 4.00 7.00 8.00 5.00 9.00 3.00 0.00 0.00 0.00 0.00 0.00
17.00 9.00 0.00 7.00 37.00 7.00 30.00 0.08 1.11 0.00 0.00 0.00 3.00 7.00 6.00 2.00 8.00 1.00 0.00 0.00 0.00 0.00 0.00
18.00 8.00 3.00 11.00 30.00 8.00 19.00 0.09 3.69 0.00 1.00 0.00 5.00 6.00 3.00 2.00 7.00 1.00 0.00 0.00 1.00 0.00 0.00
19.00 16.00 9.00 34.00 84.00 25.00 50.00 0.09 2.38 0.00 0.00 0.00 5.00 10.00 11.00 6.00 13.00 3.00 0.00 0.00 0.00 0.00 0.00
20.00 4.00 0.00 2.00 11.00 2.00 9.00 0.08 0.22 0.00 0.00 0.00 2.00 4.00 2.00 0.00 4.00 0.00 0.00 0.00 0.00 0.00 0.00
21.00 10.00 7.00 20.00 49.00 13.00 29.00 0.08 0.30 0.00 0.00 0.00 2.00 6.00 8.00 4.00 8.00 2.00 0.00 0.00 0.00 0.00 0.00
22.00 10.00 3.00 17.00 44.00 14.00 27.00 0.08 0.58 0.00 0.00 0.00 2.00 6.00 8.00 4.00 8.00 2.00 0.00 0.00 0.00 0.00 0.00
23.00 11.00 10.00 25.00 54.00 15.00 29.00 0.08 0.42 0.00 0.00 0.00 3.00 6.00 8.00 5.00 7.00 4.00 0.00 0.00 0.00 1.00 0.00
24.00 11.00 4.00 19.00 53.00 15.00 34.00 0.08 0.40 0.00 0.00 0.00 3.00 6.00 8.00 5.00 11.00 0.00 0.00 0.00 0.00 0.00 0.00
25.00 11.00 5.00 24.00 50.00 19.00 26.00 0.09 0.38 0.00 0.00 0.00 3.00 7.00 8.00 4.00 8.00 3.00 0.00 0.00 0.00 0.00 0.00
26.00 9.00 2.00 12.00 39.00 10.00 27.00 0.08 0.75 0.00 0.00 0.00 4.00 7.00 5.00 2.00 9.00 0.00 0.00 0.00 0.00 0.00 0.00
27.00 5.00 0.00 5.00 19.00 5.00 14.00 0.09 0.20 0.00 0.00 0.00 3.00 4.00 2.00 1.00 5.00 0.00 0.00 0.00 0.00 0.00 0.00
28.00 13.00 10.00 31.00 66.00 21.00 35.00 0.10 0.51 0.00 0.00 0.00 3.00 7.00 10.00 6.00 10.00 3.00 0.00 0.00 0.00 0.00 0.00
29.00 4.00 0.00 4.00 17.00 4.00 13.00 0.07 0.15 0.00 0.00 0.00 1.00 3.00 3.00 1.00 4.00 0.00 0.00 0.00 0.00 0.00 0.00
30.00 9.00 5.00 15.00 38.00 10.00 23.00 0.08 2.18 0.00 0.00 0.00 2.00 6.00 7.00 3.00 7.00 2.00 0.00 0.00 0.00 0.00 0.00
31.00 12.00 10.00 27.00 57.00 17.00 30.00 0.09 0.40 0.00 1.00 0.00 3.00 5.00 9.00 7.00 7.00 5.00 0.00 0.00 0.00 0.00 0.00
32.00 17.00 17.00 41.00 75.00 24.00 34.00 0.07 1.48 0.00 0.00 0.00 7.00 7.00 10.00 10.00 13.00 4.00 0.00 0.00 0.00 0.00 0.00
33.00 14.00 16.00 33.00 71.00 17.00 38.00 0.09 2.44 0.00 1.00 0.00 6.00 8.00 8.00 6.00 10.00 4.00 0.00 0.00 0.00 0.00 0.00
34.00 17.00 20.00 42.00 84.00 22.00 42.00 0.08 1.44 0.00 1.00 0.00 3.00 7.00 14.00 10.00 12.00 5.00 0.00 0.00 0.00 0.00 0.00
35.00 15.00 16.00 38.00 74.00 22.00 36.00 0.09 1.54 0.00 1.00 0.00 3.00 8.00 12.00 7.00 13.00 2.00 0.00 0.00 0.00 0.00 0.00
36.00 15.00 14.00 36.00 74.00 22.00 38.00 0.09 1.47 0.00 1.00 0.00 8.00 10.00 7.00 5.00 13.00 2.00 0.00 0.00 0.00 0.00 0.00
37.00 19.00 23.00 50.00 94.00 27.00 44.00 0.09 2.07 0.00 1.00 0.00 2.00 6.00 17.00 13.00 11.00 8.00 0.00 0.00 1.00 0.00 0.00
38.00 15.00 15.00 39.00 75.00 24.00 36.00 0.07 2.46 0.00 2.00 0.00 6.00 9.00 9.00 6.00 10.00 5.00 0.00 0.00 0.00 0.00 0.00
39.00 19.00 21.00 48.00 90.00 27.00 42.00 0.09 3.53 0.00 2.00 0.00 6.00 10.00 13.00 9.00 11.00 8.00 0.00 0.00 0.00 0.00 0.00
40.00 25.00 33.00 67.00 123.00 34.00 56.00 0.09 3.40 0.00 2.00 0.00 6.00 13.00 19.00 12.00 16.00 9.00 0.00 0.00 0.00 0.00 0.00
41.00 16.00 18.00 39.00 77.00 21.00 38.00 0.07 3.06 0.00 2.00 0.00 1.00 5.00 15.00 11.00 8.00 8.00 0.00 0.00 0.00 0.00 0.00
42.00 16.00 14.00 40.00 80.00 26.00 40.00 0.08 4.17 0.00 0.00 0.00 7.00 10.00 9.00 6.00 13.00 3.00 0.00 0.00 0.00 0.00 0.00
43.00 9.00 1.00 13.00 36.00 12.00 23.00 0.09 3.13 0.00 0.00 0.00 5.00 7.00 4.00 2.00 8.00 1.00 0.00 0.00 0.00 0.00 0.00
44.00 15.00 19.00 39.00 74.00 20.00 35.00 0.10 3.31 0.00 1.00 0.00 5.00 9.00 10.00 6.00 11.00 4.00 0.00 0.00 0.00 0.00 0.00
45.00 10.00 2.00 10.00 43.00 8.00 33.00 0.08 2.03 0.00 0.00 0.00 4.00 6.00 6.00 4.00 10.00 0.00 0.00 0.00 0.00 0.00 0.00
46.00 20.00 17.00 47.00 93.00 30.00 46.00 0.09 2.59 0.00 2.00 0.00 6.00 13.00 14.00 7.00 14.00 6.00 0.00 0.00 0.00 0.00 0.00
47.00 13.00 10.00 29.00 59.00 19.00 30.00 0.07 3.92 0.00 2.00 0.00 3.00 8.00 10.00 5.00 12.00 1.00 0.00 0.00 0.00 0.00 0.00
48.00 19.00 22.00 44.00 88.00 22.00 44.00 0.08 2.80 0.00 2.00 0.00 3.00 8.00 16.00 11.00 13.00 6.00 0.00 0.00 0.00 0.00 0.00
49.00 19.00 26.00 49.00 89.00 23.00 40.00 0.08 2.88 0.00 2.00 0.00 4.00 9.00 15.00 10.00 13.00 6.00 0.00 0.00 0.00 0.00 0.00
50.00 11.00 3.00 20.00 48.00 17.00 28.00 0.09 0.63 0.00 1.00 0.00 5.00 9.00 6.00 2.00 10.00 1.00 0.00 0.00 0.00 0.00 0.00
51.00 23.00 30.00 66.00 115.00 36.00 49.00 0.07 2.90 0.00 2.00 0.00 3.00 6.00 20.00 17.00 13.00 10.00 0.00 0.00 0.00 0.00 0.00
52.00 14.00 14.00 36.00 63.00 22.00 27.00 0.09 3.37 0.00 1.00 0.00 4.00 10.00 10.00 4.00 11.00 3.00 0.00 0.00 0.00 0.00 0.00
53.00 20.00 22.00 50.00 98.00 28.00 48.00 0.10 2.22 0.00 2.00 0.00 4.00 5.00 16.00 15.00 11.00 9.00 0.00 0.00 0.00 0.00 0.00
54.00 19.00 20.00 47.00 93.00 27.00 46.00 0.09 2.93 0.00 1.00 0.00 5.00 10.00 14.00 9.00 15.00 4.00 0.00 0.00 0.00 0.00 0.00
55.00 24.00 33.00 64.00 115.00 31.00 51.00 0.07 1.93 0.00 2.00 0.00 6.00 11.00 18.00 13.00 17.00 7.00 0.00 0.00 0.00 0.00 0.00
56.00 17.00 14.00 42.00 86.00 28.00 44.00 0.08 1.51 0.00 2.00 0.00 5.00 7.00 12.00 10.00 11.00 6.00 0.00 0.00 0.00 0.00 0.00
57.00 15.00 6.00 31.00 74.00 25.00 43.00 0.07 1.61 0.00 0.00 0.00 3.00 9.00 12.00 6.00 10.00 5.00 0.00 0.00 0.00 0.00 0.00
58.00 29.00 29.00 71.00 138.00 42.00 67.00 0.09 1.92 0.00 2.00 0.00 8.00 13.00 21.00 16.00 19.00 10.00 0.00 0.00 0.00 0.00 0.00
59.00 22.00 23.00 60.00 100.00 37.00 40.00 0.09 1.43 0.00 2.00 0.00 6.00 13.00 16.00 9.00 17.00 5.00 0.00 0.00 0.00 0.00 0.00
60.00 16.00 16.00 43.00 80.00 27.00 37.00 0.08 1.51 0.00 2.00 0.00 5.00 8.00 11.00 8.00 11.00 5.00 0.00 0.00 0.00 0.00 1.00
61.00 21.00 25.00 60.00 103.00 35.00 43.00 0.07 2.78 0.00 1.00 0.00 5.00 9.00 16.00 12.00 11.00 10.00 0.00 0.00 0.00 0.00 0.00
62.00 20.00 15.00 51.00 93.00 36.00 42.00 0.07 4.27 0.00 2.00 0.00 4.00 7.00 16.00 13.00 12.00 8.00 0.00 0.00 0.00 0.00 0.00
63.00 22.00 18.00 56.00 109.00 38.00 53.00 0.07 4.95 0.00 1.00 0.00 8.00 11.00 14.00 11.00 17.00 5.00 0.00 0.00 0.00 0.00 0.00
64.00 20.00 20.00 46.00 93.00 26.00 47.00 0.09 2.70 0.00 3.00 0.00 6.00 10.00 14.00 10.00 14.00 6.00 0.00 0.00 0.00 0.00 0.00
65.00 19.00 16.00 50.00 90.00 34.00 40.00 0.09 4.22 0.00 3.00 0.00 7.00 11.00 12.00 8.00 13.00 6.00 0.00 0.00 0.00 0.00 0.00
66.00 20.00 23.00 55.00 104.00 32.00 49.00 0.09 4.27 0.00 2.00 0.00 4.00 11.00 16.00 9.00 12.00 8.00 0.00 0.00 0.00 0.00 0.00
67.00 18.00 25.00 51.00 88.00 26.00 37.00 0.08 3.61 0.00 1.00 0.00 4.00 11.00 14.00 7.00 14.00 4.00 0.00 0.00 0.00 0.00 0.00
68.00 21.00 18.00 50.00 103.00 32.00 53.00 0.07 4.42 0.00 2.00 0.00 5.00 11.00 16.00 10.00 15.00 6.00 0.00 0.00 0.00 0.00 0.00
69.00 21.00 25.00 49.00 99.00 24.00 50.00 0.08 3.57 0.00 2.00 0.00 6.00 8.00 15.00 13.00 13.00 8.00 0.00 0.00 0.00 0.00 0.00
70.00 24.00 32.00 62.00 117.00 30.00 55.00 0.09 3.35 0.00 2.00 0.00 7.00 15.00 17.00 9.00 20.00 4.00 0.00 0.00 0.00 0.00 0.00
71.00 22.00 31.00 55.00 105.00 24.00 50.00 0.09 3.92 0.00 2.00 0.00 4.00 9.00 18.00 13.00 10.00 12.00 0.00 0.00 0.00 0.00 0.00
72.00 17.00 11.00 36.00 88.00 25.00 52.00 0.09 4.74 0.00 2.00 0.00 7.00 9.00 10.00 8.00 12.00 5.00 0.00 0.00 0.00 0.00 0.00
73.00 27.00 38.00 77.00 137.00 39.00 60.00 0.09 3.74 0.00 2.00 0.00 7.00 12.00 20.00 15.00 16.00 11.00 0.00 0.00 1.00 1.00 0.00
74.00 17.00 15.00 40.00 82.00 25.00 42.00 0.07 3.61 0.00 2.00 0.00 6.00 10.00 11.00 7.00 13.00 4.00 0.00 0.00 1.00 0.00 0.00
75.00 16.00 19.00 43.00 82.00 24.00 39.00 0.08 3.10 0.00 2.00 0.00 4.00 7.00 12.00 9.00 12.00 4.00 0.00 0.00 0.00 0.00 0.00
76.00 22.00 34.00 64.00 106.00 30.00 42.00 0.08 2.48 0.00 2.00 0.00 6.00 8.00 16.00 14.00 15.00 7.00 0.00 0.00 0.00 0.00 0.00
77.00 15.00 12.00 33.00 77.00 21.00 44.00 0.09 2.50 0.00 2.00 0.00 6.00 7.00 9.00 8.00 11.00 4.00 0.00 0.00 0.00 0.00 0.00
78.00 24.00 30.00 59.00 112.00 29.00 53.00 0.08 3.00 0.00 2.00 0.00 7.00 14.00 17.00 10.00 16.00 8.00 0.00 0.00 0.00 0.00 0.00
79.00 21.00 19.00 51.00 103.00 32.00 52.00 0.09 3.66 0.00 2.00 0.00 6.00 8.00 15.00 13.00 14.00 7.00 0.00 0.00 0.00 1.00 0.00
80.00 20.00 16.00 47.00 99.00 31.00 52.00 0.09 2.09 0.00 2.00 0.00 5.00 9.00 15.00 11.00 12.00 8.00 0.00 0.00 0.00 0.00 0.00
81.00 25.00 29.00 73.00 129.00 44.00 56.00 0.09 2.81 1.00 2.00 0.50 5.00 10.00 20.00 15.00 15.00 10.00 0.00 0.00 0.00 0.00 0.00
82.00 23.00 30.00 63.00 125.00 33.00 62.00 0.08 2.54 1.00 2.00 0.50 4.00 9.00 19.00 14.00 15.00 8.00 0.00 0.00 0.00 0.00 0.00
83.00 27.00 35.00 67.00 124.00 32.00 57.00 0.07 2.57 0.00 2.00 0.00 7.00 9.00 20.00 18.00 15.00 12.00 0.00 0.00 0.00 0.00 1.00
84.00 26.00 29.00 66.00 139.00 37.00 73.00 0.08 2.76 0.00 1.00 0.00 8.00 12.00 18.00 14.00 16.00 10.00 0.00 0.00 1.00 0.00 0.00
85.00 27.00 30.00 70.00 131.00 40.00 61.00 0.08 3.92 0.00 1.00 0.00 8.00 12.00 19.00 15.00 18.00 9.00 1.00 0.00 0.00 0.00 0.00
86.00 25.00 32.00 67.00 123.00 35.00 56.00 0.09 2.26 0.00 2.00 0.00 4.00 7.00 21.00 18.00 13.00 12.00 1.00 0.00 0.00 0.00 0.00
87.00 24.00 21.00 67.00 122.00 46.00 55.00 0.08 1.87 0.00 2.00 0.00 4.00 12.00 20.00 12.00 16.00 8.00 0.00 0.00 0.00 0.00 0.00
88.00 27.00 42.00 81.00 136.00 39.00 55.00 0.09 1.69 1.00 3.00 0.33 5.00 11.00 22.00 16.00 18.00 9.00 0.00 0.00 0.00 0.00 0.00
89.00 28.00 37.00 83.00 137.00 46.00 54.00 0.08 3.35 0.00 2.00 0.00 7.00 12.00 21.00 16.00 18.00 10.00 0.00 0.00 0.00 0.00 0.00
90.00 32.00 49.00 93.00 162.00 44.00 69.00 0.07 3.85 0.00 5.00 0.00 8.00 15.00 24.00 17.00 19.00 13.00 0.00 0.00 0.00 1.00 0.00
91.00 33.00 36.00 88.00 162.00 52.00 74.00 0.08 3.72 0.00 3.00 0.00 8.00 17.00 25.00 16.00 24.00 9.00 0.00 0.00 0.00 0.00 0.00
92.00 26.00 22.00 69.00 134.00 47.00 65.00 0.09 2.25 0.00 5.00 0.00 6.00 14.00 20.00 12.00 19.00 7.00 0.00 1.00 0.00 0.00 0.00
93.00 26.00 25.00 63.00 124.00 38.00 61.00 0.09 3.05 0.00 4.00 0.00 13.00 20.00 13.00 6.00 21.00 5.00 0.00 0.00 0.00 0.00 0.00
94.00 41.00 43.00 100.00 185.00 57.00 85.00 0.08 4.15 0.00 4.00 0.00 10.00 19.00 31.00 22.00 27.00 14.00 0.00 0.00 0.00 0.00 0.00
95.00 31.00 40.00 89.00 158.00 49.00 69.00 0.07 4.46 0.00 4.00 0.00 9.00 14.00 22.00 17.00 20.00 11.00 0.00 0.00 0.00 0.00 0.00
96.00 28.00 41.00 88.00 139.00 47.00 51.00 0.07 4.28 0.00 4.00 0.00 8.00 13.00 20.00 15.00 16.00 12.00 0.00 0.00 0.00 0.00 0.00
97.00 31.00 43.00 87.00 154.00 44.00 67.00 0.08 4.22 0.00 3.00 0.00 8.00 17.00 23.00 14.00 19.00 12.00 0.00 0.00 0.00 0.00 0.00
98.00 27.00 31.00 78.00 133.00 47.00 55.00 0.09 4.08 0.00 3.00 0.00 7.00 13.00 20.00 14.00 15.00 12.00 0.00 0.00 1.00 1.00 0.00
99.00 28.00 33.00 79.00 148.00 46.00 69.00 0.09 4.19 0.00 2.00 0.00 5.00 10.00 23.00 18.00 17.00 11.00 0.00 0.00 0.00 0.00 0.00
100.00 21.00 21.00 49.00 98.00 28.00 49.00 0.09 4.80 0.00 2.00 0.00 5.00 10.00 16.00 11.00 19.00 2.00 0.00 0.00 0.00 0.00 0.00
101.00 22.00 20.00 65.00 114.00 45.00 49.00 0.08 4.72 0.00 1.00 0.00 6.00 10.00 16.00 12.00 17.00 5.00 0.00 0.00 0.00 0.00 0.00
102.00 32.00 44.00 94.00 158.00 50.00 64.00 0.10 4.06 0.00 2.00 0.00 10.00 13.00 22.00 19.00 19.00 13.00 0.00 0.00 0.00 0.00 0.00
103.00 21.00 23.00 52.00 103.00 29.00 51.00 0.08 3.64 0.00 1.00 0.00 4.00 9.00 17.00 12.00 13.00 8.00 0.00 0.00 1.00 0.00 0.00
104.00 18.00 17.00 50.00 93.00 33.00 43.00 0.09 2.77 0.00 2.00 0.00 3.00 10.00 15.00 8.00 12.00 6.00 0.00 0.00 0.00 0.00 0.00
105.00 21.00 22.00 56.00 103.00 34.00 47.00 0.08 3.13 0.00 0.00 0.00 3.00 8.00 18.00 13.00 16.00 5.00 0.00 0.00 0.00 0.00 0.00
106.00 24.00 27.00 60.00 114.00 33.00 54.00 0.09 2.95 0.00 1.00 0.00 7.00 14.00 17.00 10.00 19.00 5.00 0.00 0.00 0.00 0.00 0.00
107.00 23.00 20.00 61.00 116.00 41.00 55.00 0.09 3.81 0.00 2.00 0.00 8.00 16.00 15.00 7.00 20.00 3.00 0.00 0.00 1.00 0.00 0.00
108.00 17.00 11.00 36.00 82.00 25.00 46.00 0.09 3.58 0.00 1.00 0.00 4.00 11.00 13.00 6.00 14.00 3.00 0.00 0.00 0.00 0.00 0.00
109.00 19.00 16.00 47.00 95.00 31.00 48.00 0.09 3.82 0.00 2.00 0.00 1.00 9.00 18.00 10.00 11.00 8.00 0.00 0.00 0.00 0.00 0.00
110.00 23.00 17.00 51.00 112.00 34.00 61.00 0.07 4.16 0.00 1.00 0.00 8.00 10.00 15.00 13.00 11.00 12.00 0.00 0.00 0.00 0.00 0.00
111.00 19.00 16.00 45.00 94.00 29.00 49.00 0.08 4.12 0.00 1.00 0.00 5.00 8.00 14.00 11.00 12.00 7.00 0.00 0.00 0.00 0.00 0.00
112.00 22.00 17.00 53.00 103.00 36.00 50.00 0.10 4.63 0.00 0.00 0.00 3.00 10.00 19.00 12.00 17.00 5.00 0.00 0.00 0.00 0.00 0.00
113.00 21.00 15.00 46.00 101.00 31.00 55.00 0.09 4.16 0.00 0.00 0.00 6.00 14.00 15.00 7.00 16.00 5.00 0.00 0.00 0.00 1.00 0.00
114.00 21.00 17.00 54.00 100.00 37.00 46.00 0.09 4.50 0.00 0.00 0.00 4.00 11.00 17.00 10.00 14.00 7.00 0.00 0.00 0.00 0.00 0.00
115.00 19.00 14.00 42.00 93.00 28.00 51.00 0.09 3.39 0.00 0.00 0.00 7.00 11.00 12.00 8.00 12.00 7.00 0.00 0.00 0.00 0.00 0.00
116.00 18.00 23.00 52.00 87.00 29.00 35.00 0.07 2.96 0.00 1.00 0.00 3.00 5.00 15.00 13.00 12.00 6.00 0.00 0.00 0.00 0.00 0.00
117.00 11.00 5.00 17.00 48.00 12.00 31.00 0.07 3.05 0.00 1.00 0.00 2.00 5.00 9.00 6.00 6.00 5.00 0.00 0.00 0.00 0.00 0.00
118.00 16.00 11.00 34.00 76.00 23.00 42.00 0.10 2.36 0.00 1.00 0.00 6.00 10.00 10.00 6.00 10.00 6.00 0.00 0.00 0.00 0.00 0.00
119.00 14.00 12.00 31.00 68.00 19.00 37.00 0.09 2.41 0.00 0.00 0.00 5.00 7.00 9.00 7.00 13.00 1.00 0.00 0.00 0.00 0.00 0.00
120.00 12.00 9.00 27.00 59.00 18.00 32.00 0.08 2.64 0.00 0.00 0.00 2.00 5.00 10.00 7.00 8.00 4.00 0.00 0.00 0.00 0.00 0.00
121.00 15.00 9.00 30.00 69.00 21.00 39.00 0.08 1.47 0.00 0.00 0.00 5.00 12.00 10.00 3.00 12.00 3.00 0.00 0.00 0.00 0.00 0.00
122.00 15.00 11.00 36.00 70.00 25.00 34.00 0.08 4.35 0.00 1.00 0.00 5.00 10.00 10.00 5.00 10.00 5.00 0.00 0.00 0.00 0.00 0.00
123.00 17.00 17.00 41.00 80.00 24.00 39.00 0.07 1.29 0.00 1.00 0.00 5.00 7.00 12.00 10.00 11.00 6.00 0.00 0.00 0.00 0.00 0.00
124.00 20.00 10.00 44.00 101.00 34.00 57.00 0.09 3.87 0.00 2.00 0.00 6.00 12.00 14.00 8.00 15.00 5.00 0.00 0.00 0.00 0.00 0.00
125.00 18.00 17.00 48.00 93.00 31.00 45.00 0.08 3.30 0.00 2.00 0.00 4.00 9.00 14.00 9.00 12.00 6.00 0.00 0.00 0.00 0.00 0.00
126.00 13.00 12.00 32.00 65.00 20.00 33.00 0.08 0.38 0.00 1.00 0.00 1.00 2.00 12.00 11.00 7.00 6.00 0.00 0.00 0.00 0.00 0.00
127.00 12.00 9.00 28.00 58.00 19.00 30.00 0.09 2.82 0.00 0.00 0.00 4.00 5.00 8.00 7.00 8.00 4.00 0.00 0.00 0.00 0.00 0.00
128.00 10.00 1.00 18.00 46.00 17.00 28.00 0.10 3.16 0.00 1.00 0.00 5.00 7.00 5.00 3.00 9.00 1.00 0.00 0.00 0.00 1.00 0.00
129.00 12.00 6.00 22.00 55.00 16.00 33.00 0.08 3.50 0.00 0.00 0.00 4.00 8.00 8.00 4.00 11.00 1.00 0.00 0.00 0.00 0.00 0.00
130.00 15.00 13.00 35.00 74.00 22.00 39.00 0.08 4.18 0.00 0.00 0.00 4.00 8.00 11.00 7.00 9.00 6.00 0.00 0.00 1.00 0.00 0.00
131.00 12.00 7.00 22.00 53.00 15.00 31.00 0.11 3.38 0.00 0.00 0.00 3.00 5.00 9.00 7.00 9.00 3.00 0.00 0.00 0.00 0.00 0.00
132.00 17.00 12.00 27.00 78.00 15.00 51.00 0.09 4.06 0.00 0.00 0.00 8.00 9.00 9.00 8.00 11.00 6.00 0.00 0.00 0.00 0.00 0.00
133.00 9.00 0.00 11.00 42.00 11.00 31.00 0.08 4.66 0.00 0.00 0.00 4.00 6.00 5.00 3.00 8.00 1.00 0.00 0.00 0.00 0.00 0.00
134.00 19.00 8.00 34.00 92.00 26.00 58.00 0.07 4.37 0.00 0.00 0.00 7.00 9.00 12.00 10.00 16.00 3.00 0.00 0.00 0.00 0.00 0.00
135.00 9.00 3.00 14.00 43.00 11.00 29.00 0.09 4.72 0.00 0.00 0.00 5.00 6.00 4.00 3.00 7.00 2.00 0.00 0.00 0.00 0.00 0.00
136.00 6.00 0.00 3.00 19.00 3.00 16.00 0.09 4.51 0.00 0.00 0.00 2.00 6.00 4.00 0.00 6.00 0.00 0.00 0.00 0.00 0.00 0.00
137.00 5.00 0.00 2.00 21.00 2.00 19.00 0.10 4.58 0.00 0.00 0.00 2.00 5.00 3.00 0.00 5.00 0.00 0.00 0.00 0.00 0.00 0.00
138.00 8.00 3.00 13.00 32.00 10.00 19.00 0.08 5.09 0.00 0.00 0.00 2.00 2.00 6.00 6.00 8.00 0.00 0.00 0.00 0.00 0.00 0.00
139.00 3.00 0.00 1.00 6.00 1.00 5.00 0.08 0.17 0.00 0.00 0.00 2.00 3.00 1.00 0.00 3.00 0.00 0.00 0.00 0.00 0.00 0.00
140.00 5.00 1.00 5.00 17.00 4.00 12.00 0.08 3.21 0.00 0.00 0.00 3.00 4.00 2.00 1.00 5.00 0.00 0.00 0.00 0.00 0.00 0.00
141.00 2.00 0.00 0.00 2.00 0.00 2.00 0.08 0.02 0.00 0.00 0.00 2.00 2.00 0.00 0.00 2.00 0.00 0.00 0.00 0.00 0.00 0.00
