0.00 2.00 0.00 0.00 1.00 0.00 1.00 0.09 0.14 0.00 0.00 0.00 2.00 2.00 0.00 0.00 2.00 0.00 0.00 0.00 0.00 0.00 0.00
1.00 3.00 0.00 0.00 3.00 0.00 3.00 0.08 4.26 0.00 0.00 0.00 2.00 3.00 1.00 0.00 3.00 0.00 0.00 0.00 0.00 0.00 0.00
2.00 3.00 0.00 0.00 1.00 0.00 1.00 0.10 0.24 0.00 0.00 0.00 2.00 3.00 1.00 0.00 3.00 0.00 0.00 0.00 0.00 0.00 0.00
3.00 4.00 0.00 3.00 14.00 3.00 11.00 0.08 0.21 0.00 0.00 0.00 2.00 4.00 2.00 0.00 4.00 0.00 0.00 0.00 0.00 0.00 0.00
4.00 6.00 0.00 6.00 27.00 6.00 21.00 0.10 0.68 0.00 0.00 0.00 2.00 6.00 4.00 0.00 6.00 0.00 0.00 0.00 0.00 0.00 0.00
5.00 4.00 0.00 4.00 14.00 4.00 10.00 0.08 0.14 0.00 0.00 0.00 2.00 4.00 2.00 0.00 4.00 0.00 0.00 0.00 0.00 0.00 0.00
6.00 9.00 2.00 14.00 36.00 12.00 22.00 0.06 0.41 0.00 0.00 0.00 4.00 5.00 5.00 4.00 7.00 2.00 0.00 0.00 0.00 0.00 0.00
7.00 6.00 1.00 5.00 26.00 4.00 21.00 0.09 0.34 0.00 1.00 0.00 4.00 5.00 2.00 1.00 5.00 1.00 0.00 0.00 0.00 0.00 0.00
8.00 7.00 0.00 10.00 34.00 10.00 24.00 0.11 2.56 0.00 0.00 0.00 4.00 5.00 3.00 2.00 7.00 0.00 0.00 0.00 0.00 0.00 0.00
9.00 14.00 10.00 29.00 66.00 19.00 37.00 0.09 0.63 0.00 1.00 0.00 6.00 10.00 8.00 4.00 12.00 2.00 0.00 0.00 0.00 0.00 0.00
10.00 17.00 12.00 33.00 71.00 21.00 38.00 0.08 2.66 0.00 1.00 0.00 7.00 13.00 10.00 4.00 14.00 3.00 0.00 0.00 0.00 0.00 0.00
11.00 10.00 6.00 19.00 42.00 13.00 23.00 0.07 0.54 0.00 0.00 0.00 3.00 4.00 7.00 6.00 8.00 2.00 0.00 0.00 0.00 0.00 0.00
12.00 8.00 1.00 13.00 36.00 12.00 23.00 0.08 0.29 0.00 1.00 0.00 3.00 5.00 5.00 3.00 8.00 0.00 0.00 0.00 0.00 0.00 0.00
13.00 17.00 21.00 44.00 81.00 23.00 37.00 0.10 0.45 0.00 2.00 0.00 5.00 9.00 12.00 8.00 10.00 7.00 0.00 0.00 0.00 0.00 0.00
14.00 17.00 17.00 45.00 80.00 28.00 35.00 0.08 0.32 0.00 2.00 0.00 7.00 13.00 10.00 4.00 14.00 3.00 0.00 0.00 0.00 0.00 0.00
15.00 12.00 10.00 24.00 52.00 14.00 28.00 0.08 0.33 0.00 1.00 0.00 7.00 8.00 5.00 4.00 9.00 3.00 0.00 0.00 0.00 0.00 0.00
16.00 16.00 17.00 39.00 74.00 22.00 35.00 0.09 0.47 0.00 2.00 0.00 3.00 9.00 13.00 7.00 12.00 4.00 0.00 0.00 0.00 0.00 0.00
17.00 15.00 14.00 30.00 66.00 16.00 36.00 0.08 1.62 0.00 2.00 0.00 7.00 8.00 8.00 7.00 9.00 6.00 0.00 0.00 0.00 0.00 0.00
18.00 16.00 18.00 46.00 78.00 28.00 32.00 0.07 0.36 0.00 2.00 0.00 0.00 7.00 16.00 9.00 11.00 5.00 0.00 0.00 0.00 0.00 0.00
19.00 15.00 16.00 38.00 73.00 22.00 35.00 0.08 0.33 0.00 2.00 0.00 5.00 10.00 10.00 5.00 12.00 3.00 0.00 0.00 0.00 0.00 0.00
20.00 15.00 12.00 34.00 72.00 22.00 38.00 0.10 0.37 0.00 2.00 0.00 4.00 9.00 11.00 6.00 13.00 2.00 0.00 0.00 0.00 0.00 0.00
21.00 18.00 19.00 42.00 84.00 23.00 42.00 0.08 1.21 0.00 2.00 0.00 3.00 7.00 15.00 11.00 13.00 5.00 0.00 0.00 0.00 0.00 0.00
22.00 18.00 17.00 37.00 80.00 20.00 43.00 0.08 0.71 0.00 2.00 0.00 7.00 12.00 11.00 6.00 14.00 4.00 0.00 0.00 0.00 0.00 0.00
23.00 15.00 13.00 34.00 70.00 21.00 36.00 0.10 1.41 0.00 1.00 0.00 6.00 8.00 9.00 7.00 10.00 5.00 0.00 0.00 0.00 0.00 0.00
24.00 18.00 16.00 46.00 89.00 30.00 43.00 0.08 0.44 0.00 1.00 0.00 8.00 11.00 10.00 7.00 14.00 4.00 0.00 0.00 0.00 0.00 0.00
25.00 19.00 6.00 41.00 93.00 35.00 52.00 0.09 1.42 0.00 1.00 0.00 5.00 10.00 14.00 9.00 14.00 5.00 1.00 0.00 0.00 0.00 0.00
26.00 13.00 5.00 27.00 67.00 22.00 40.00 0.09 0.44 0.00 2.00 0.00 3.00 7.00 10.00 6.00 12.00 1.00 0.00 0.00 0.00 0.00 0.00
27.00 17.00 19.00 43.00 80.00 24.00 37.00 0.07 0.52 1.00 2.00 0.50 5.00 11.00 12.00 6.00 11.00 6.00 0.00 0.00 0.00 0.00 0.00
28.00 13.00 10.00 29.00 61.00 19.00 32.00 0.09 0.41 1.00 0.00 0.00 5.00 8.00 8.00 5.00 11.00 2.00 0.00 0.00 0.00 0.00 0.00
29.00 17.00 12.00 41.00 82.00 29.00 41.00 0.08 0.42 0.00 1.00 0.00 5.00 12.00 12.00 5.00 13.00 4.00 0.00 0.00 0.00 0.00 0.00
30.00 23.00 22.00 57.00 109.00 35.00 52.00 0.09 0.72 0.00 0.00 0.00 11.00 15.00 12.00 8.00 19.00 4.00 0.00 0.00 1.00 0.00 0.00
31.00 20.00 22.00 48.00 100.00 26.00 52.00 0.07 0.65 0.00 1.00 0.00 9.00 15.00 11.00 5.00 17.00 3.00 0.00 0.00 0.00 0.00 0.00
32.00 22.00 23.00 65.00 115.00 42.00 50.00 0.07 0.62 0.00 1.00 0.00 3.00 11.00 19.00 11.00 17.00 5.00 0.00 0.00 0.00 0.00 0.00
33.00 20.00 17.00 48.00 101.00 31.00 53.00 0.09 1.64 0.00 1.00 0.00 6.00 13.00 14.00 7.00 17.00 3.00 0.00 0.00 0.00 0.00 0.00
34.00 23.00 26.00 62.00 117.00 36.00 55.00 0.09 2.03 0.00 1.00 0.00 4.00 11.00 19.00 12.00 18.00 5.00 0.00 0.00 0.00 0.00 0.00
35.00 22.00 26.00 58.00 108.00 32.00 50.00 0.07 2.19 0.00 1.00 0.00 4.00 13.00 18.00 9.00 17.00 5.00 0.00 0.00 0.00 0.00 0.00
36.00 22.00 22.00 50.00 107.00 28.00 57.00 0.09 1.58 1.00 1.00 1.00 4.00 12.00 18.00 10.00 16.00 6.00 0.00 0.00 1.00 0.00 0.00
37.00 18.00 17.00 44.00 91.00 27.00 47.00 0.09 0.71 0.00 1.00 0.00 5.00 8.00 13.00 10.00 10.00 8.00 0.00 0.00 1.00 0.00 0.00
38.00 11.00 6.00 26.00 54.00 20.00 28.00 0.09 0.37 0.00 1.00 0.00 4.00 7.00 7.00 4.00 7.00 4.00 0.00 0.00 0.00 0.00 0.00
39.00 23.00 22.00 63.00 118.00 41.00 55.00 0.07 1.43 0.00 1.00 0.00 9.00 11.00 14.00 12.00 17.00 6.00 0.00 0.00 0.00 0.00 0.00
40.00 13.00 7.00 25.00 67.00 18.00 42.00 0.08 2.70 0.00 1.00 0.00 6.00 11.00 7.00 2.00 11.00 2.00 0.00 0.00 0.00 0.00 0.00
41.00 18.00 17.00 43.00 95.00 26.00 52.00 0.08 0.68 0.00 1.00 0.00 9.00 11.00 9.00 7.00 16.00 2.00 0.00 0.00 0.00 0.00 0.00
42.00 24.00 18.00 55.00 117.00 37.00 62.00 0.08 0.90 0.00 1.00 0.00 7.00 13.00 17.00 11.00 18.00 6.00 1.00 0.00 0.00 0.00 0.00
43.00 23.00 23.00 64.00 114.00 41.00 50.00 0.10 0.78 0.00 1.00 0.00 8.00 14.00 15.00 9.00 20.00 3.00 0.00 0.00 0.00 1.00 0.00
44.00 23.00 26.00 62.00 113.00 36.00 51.00 0.09 0.82 0.00 0.00 0.00 7.00 13.00 16.00 10.00 19.00 4.00 0.00 0.00 1.00 0.00 0.00
45.00 21.00 21.00 54.00 101.00 33.00 47.00 0.09 0.72 0.00 1.00 0.00 6.00 11.00 15.00 10.00 14.00 7.00 0.00 0.00 0.00 0.00 0.00
46.00 25.00 33.00 70.00 122.00 37.00 52.00 0.08 1.89 1.00 1.00 1.00 6.00 11.00 19.00 14.00 17.00 8.00 0.00 0.00 0.00 0.00 0.00
47.00 25.00 19.00 61.00 121.00 42.00 60.00 0.08 1.29 0.00 1.00 0.00 5.00 12.00 20.00 13.00 17.00 8.00 0.00 0.00 0.00 0.00 0.00
48.00 22.00 25.00 60.00 112.00 35.00 52.00 0.08 0.58 0.00 1.00 0.00 1.00 8.00 21.00 14.00 17.00 5.00 0.00 0.00 1.00 0.00 0.00
49.00 25.00 24.00 69.00 126.00 45.00 57.00 0.08 0.78 0.00 1.00 0.00 3.00 11.00 22.00 14.00 17.00 8.00 0.00 0.00 1.00 0.00 0.00
50.00 28.00 35.00 71.00 138.00 36.00 67.00 0.08 0.72 0.00 1.00 0.00 4.00 9.00 24.00 19.00 15.00 13.00 1.00 0.00 1.00 0.00 0.00
51.00 23.00 26.00 60.00 119.00 34.00 59.00 0.10 0.61 0.00 1.00 0.00 6.00 12.00 17.00 11.00 17.00 6.00 0.00 0.00 2.00 0.00 0.00
52.00 29.00 36.00 83.00 145.00 47.00 62.00 0.08 0.72 0.00 1.00 0.00 9.00 16.00 20.00 13.00 19.00 10.00 0.00 0.00 2.00 0.00 0.00
53.00 29.00 30.00 77.00 144.00 47.00 67.00 0.09 0.59 0.00 1.00 0.00 9.00 15.00 20.00 14.00 18.00 11.00 0.00 0.00 0.00 0.00 0.00
54.00 22.00 24.00 65.00 119.00 41.00 54.00 0.09 0.49 0.00 1.00 0.00 6.00 11.00 16.00 11.00 15.00 7.00 0.00 0.00 2.00 1.00 0.00
55.00 20.00 18.00 54.00 104.00 36.00 50.00 0.09 0.41 0.00 1.00 0.00 1.00 8.00 19.00 12.00 12.00 8.00 0.00 0.00 1.00 0.00 0.00
56.00 29.00 36.00 84.00 143.00 48.00 59.00 0.09 1.76 1.00 1.00 1.00 5.00 10.00 24.00 19.00 16.00 13.00 0.00 0.00 2.00 0.00 0.00
57.00 22.00 29.00 58.00 112.00 29.00 54.00 0.08 1.34 0.00 0.00 0.00 4.00 7.00 18.00 15.00 13.00 9.00 0.00 0.00 1.00 0.00 0.00
58.00 25.00 27.00 66.00 135.00 39.00 69.00 0.07 2.46 0.00 2.00 0.00 5.00 11.00 20.00 14.00 17.00 8.00 0.00 0.00 2.00 0.00 0.00
59.00 26.00 20.00 57.00 128.00 37.00 71.00 0.07 1.38 1.00 1.00 1.00 10.00 16.00 16.00 10.00 20.00 6.00 0.00 0.00 1.00 0.00 0.00
60.00 27.00 33.00 75.00 136.00 42.00 61.00 0.09 2.31 1.00 1.00 1.00 7.00 17.00 20.00 10.00 18.00 9.00 0.00 0.00 1.00 0.00 0.00
61.00 24.00 29.00 68.00 125.00 39.00 57.00 0.09 3.83 1.00 1.00 1.00 4.00 11.00 20.00 13.00 15.00 9.00 0.00 0.00 1.00 0.00 0.00
62.00 35.00 44.00 99.00 181.00 55.00 82.00 0.08 3.91 0.00 1.00 0.00 12.00 17.00 23.00 18.00 19.00 16.00 0.00 0.00 2.00 0.00 1.00
63.00 29.00 26.00 78.00 147.00 52.00 69.00 0.09 2.78 0.00 1.00 0.00 7.00 17.00 22.00 12.00 21.00 8.00 0.00 0.00 0.00 0.00 0.00
64.00 27.00 30.00 71.00 137.00 41.00 66.00 0.08 2.32 0.00 1.00 0.00 8.00 15.00 19.00 12.00 21.00 6.00 0.00 0.00 0.00 0.00 0.00
65.00 29.00 23.00 71.00 136.00 48.00 65.00 0.08 3.65 0.00 2.00 0.00 9.00 15.00 20.00 14.00 19.00 10.00 1.00 0.00 0.00 0.00 0.00
66.00 27.00 26.00 65.00 136.00 39.00 71.00 0.08 2.43 0.00 1.00 0.00 7.00 13.00 20.00 14.00 23.00 4.00 0.00 0.00 1.00 0.00 0.00
67.00 34.00 42.00 91.00 170.00 49.00 79.00 0.11 3.41 0.00 1.00 0.00 11.00 19.00 23.00 15.00 24.00 10.00 1.00 0.00 1.00 0.00 0.00
68.00 28.00 25.00 72.00 141.00 47.00 69.00 0.09 2.81 0.00 1.00 0.00 4.00 13.00 24.00 15.00 18.00 10.00 0.00 0.00 0.00 1.00 0.00
69.00 30.00 40.00 86.00 147.00 46.00 61.00 0.09 2.55 0.00 1.00 0.00 6.00 15.00 24.00 15.00 16.00 14.00 1.00 0.00 1.00 0.00 0.00
70.00 26.00 22.00 63.00 126.00 41.00 63.00 0.08 2.92 0.00 1.00 0.00 8.00 13.00 18.00 13.00 15.00 11.00 1.00 0.00 0.00 1.00 0.00
71.00 27.00 26.00 74.00 132.00 48.00 58.00 0.08 3.34 0.00 1.00 0.00 9.00 16.00 18.00 11.00 19.00 8.00 1.00 0.00 0.00 0.00 0.00
72.00 24.00 20.00 63.00 123.00 43.00 60.00 0.08 1.89 0.00 1.00 0.00 6.00 11.00 18.00 13.00 15.00 9.00 0.00 0.00 1.00 0.00 0.00
73.00 22.00 33.00 60.00 112.00 27.00 52.00 0.08 1.29 0.00 2.00 0.00 4.00 12.00 18.00 10.00 16.00 6.00 1.00 0.00 1.00 0.00 0.00
74.00 27.00 24.00 60.00 128.00 36.00 68.00 0.08 3.46 0.00 2.00 0.00 8.00 13.00 19.00 14.00 21.00 6.00 0.00 0.00 1.00 0.00 0.00
75.00 26.00 18.00 55.00 134.00 37.00 79.00 0.08 2.11 0.00 1.00 0.00 6.00 11.00 20.00 15.00 16.00 10.00 0.00 0.00 1.00 0.00 0.00
76.00 20.00 18.00 51.00 98.00 33.00 47.00 0.08 3.83 0.00 1.00 0.00 6.00 12.00 14.00 8.00 14.00 6.00 1.00 0.00 2.00 0.00 1.00
77.00 24.00 22.00 72.00 128.00 50.00 56.00 0.08 2.98 0.00 1.00 0.00 3.00 6.00 21.00 18.00 14.00 10.00 0.00 0.00 1.00 0.00 0.00
78.00 27.00 23.00 69.00 137.00 46.00 68.00 0.08 3.12 0.00 2.00 0.00 9.00 15.00 18.00 12.00 17.00 10.00 1.00 0.00 1.00 0.00 0.00
79.00 22.00 9.00 38.00 96.00 29.00 58.00 0.08 4.55 0.00 2.00 0.00 6.00 15.00 16.00 7.00 17.00 5.00 1.00 0.00 0.00 0.00 0.00
80.00 28.00 37.00 80.00 139.00 43.00 59.00 0.09 3.01 0.00 2.00 0.00 7.00 16.00 21.00 12.00 19.00 9.00 1.00 0.00 1.00 0.00 0.00
81.00 10.00 5.00 16.00 49.00 11.00 33.00 0.09 0.53 0.00 1.00 0.00 1.00 6.00 9.00 4.00 7.00 3.00 0.00 0.00 0.00 0.00 0.00
82.00 23.00 16.00 49.00 115.00 33.00 66.00 0.09 3.06 0.00 2.00 0.00 6.00 12.00 17.00 11.00 19.00 4.00 0.00 0.00 0.00 0.00 0.00
83.00 30.00 28.00 79.00 152.00 51.00 73.00 0.09 3.96 0.00 2.00 0.00 12.00 20.00 18.00 10.00 23.00 7.00 1.00 0.00 0.00 0.00 0.00
84.00 28.00 19.00 63.00 141.00 44.00 78.00 0.08 3.84 0.00 1.00 0.00 10.00 18.00 18.00 10.00 20.00 8.00 1.00 0.00 0.00 0.00 0.00
85.00 26.00 20.00 60.00 133.00 40.00 73.00 0.09 4.13 0.00 2.00 0.00 7.00 11.00 19.00 15.00 18.00 8.00 0.00 0.00 0.00 0.00 0.00
86.00 24.00 11.00 50.00 117.00 39.00 67.00 0.07 3.77 0.00 1.00 0.00 8.00 12.00 16.00 12.00 18.00 6.00 1.00 0.00 0.00 0.00 0.00
87.00 25.00 19.00 65.00 125.00 46.00 60.00 0.08 3.13 0.00 2.00 0.00 9.00 15.00 16.00 10.00 18.00 7.00 1.00 0.00 0.00 0.00 0.00
88.00 19.00 14.00 46.00 99.00 32.00 53.00 0.09 4.01 0.00 1.00 0.00 8.00 11.00 11.00 8.00 14.00 5.00 1.00 0.00 0.00 0.00 0.00
89.00 33.00 34.00 80.00 156.00 46.00 76.00 0.09 4.31 0.00 2.00 0.00 10.00 18.00 23.00 15.00 27.00 6.00 1.00 0.00 0.00 0.00 0.00
90.00 28.00 25.00 76.00 145.00 51.00 69.00 0.08 3.76 0.00 2.00 0.00 10.00 16.00 18.00 12.00 20.00 8.00 1.00 0.00 1.00 0.00 0.00
91.00 30.00 17.00 77.00 153.00 60.00 76.00 0.09 3.60 0.00 2.00 0.00 11.00 19.00 19.00 11.00 25.00 5.00 1.00 0.00 0.00 0.00 0.00
92.00 27.00 20.00 64.00 140.00 44.00 76.00 0.09 4.57 0.00 2.00 0.00 9.00 15.00 18.00 12.00 20.00 7.00 1.00 0.00 0.00 0.00 0.00
93.00 33.00 31.00 98.00 175.00 67.00 77.00 0.06 4.28 0.00 1.00 0.00 10.00 15.00 23.00 18.00 23.00 10.00 1.00 0.00 0.00 0.00 0.00
94.00 32.00 39.00 87.00 164.00 48.00 77.00 0.08 4.00 0.00 1.00 0.00 8.00 19.00 24.00 13.00 21.00 11.00 0.00 0.00 1.00 0.00 0.00
95.00 29.00 35.00 87.00 154.00 52.00 67.00 0.09 4.06 0.00 2.00 0.00 7.00 14.00 22.00 15.00 18.00 11.00 1.00 0.00 1.00 0.00 0.00
96.00 25.00 18.00 60.00 130.00 42.00 70.00 0.10 3.91 0.00 2.00 0.00 8.00 13.00 17.00 12.00 19.00 6.00 0.00 0.00 0.00 0.00 0.00
97.00 28.00 26.00 82.00 146.00 56.00 64.00 0.09 4.17 0.00 1.00 0.00 8.00 13.00 20.00 15.00 18.00 10.00 0.00 0.00 0.00 0.00 1.00
98.00 24.00 17.00 65.00 123.00 48.00 58.00 0.09 4.40 0.00 1.00 0.00 6.00 11.00 18.00 13.00 16.00 8.00 0.00 0.00 0.00 0.00 1.00
99.00 30.00 35.00 88.00 149.00 53.00 61.00 0.09 4.46 0.00 1.00 0.00 10.00 16.00 20.00 14.00 19.00 11.00 0.00 0.00 0.00 0.00 2.00
100.00 35.00 38.00 86.00 169.00 48.00 83.00 0.10 3.76 0.00 3.00 0.00 13.00 21.00 22.00 14.00 26.00 9.00 0.00 0.00 0.00 1.00 1.00
101.00 28.00 28.00 73.00 145.00 45.00 72.00 0.09 4.58 0.00 2.00 0.00 8.00 16.00 20.00 12.00 20.00 8.00 0.00 0.00 0.00 0.00 0.00
102.00 24.00 30.00 69.00 121.00 39.00 52.00 0.08 4.11 0.00 3.00 0.00 6.00 10.00 18.00 14.00 16.00 8.00 0.00 0.00 1.00 0.00 0.00
103.00 25.00 11.00 53.00 119.00 42.00 66.00 0.09 4.47 0.00 2.00 0.00 7.00 18.00 18.00 7.00 22.00 3.00 0.00 0.00 0.00 0.00 0.00
104.00 28.00 26.00 82.00 150.00 56.00 68.00 0.09 4.55 0.00 2.00 0.00 6.00 16.00 22.00 12.00 20.00 8.00 0.00 0.00 1.00 0.00 1.00
105.00 23.00 23.00 60.00 117.00 37.00 57.00 0.07 4.42 0.00 3.00 0.00 4.00 12.00 19.00 11.00 15.00 8.00 0.00 0.00 2.00 0.00 1.00
106.00 30.00 30.00 83.00 156.00 53.00 73.00 0.08 4.43 0.00 3.00 0.00 8.00 14.00 22.00 16.00 19.00 11.00 0.00 0.00 0.00 0.00 0.00
107.00 32.00 39.00 99.00 168.00 60.00 69.00 0.07 4.11 0.00 3.00 0.00 5.00 12.00 27.00 20.00 20.00 12.00 0.00 0.00 1.00 0.00 1.00
108.00 32.00 33.00 86.00 162.00 53.00 76.00 0.09 4.51 0.00 1.00 0.00 9.00 17.00 23.00 15.00 19.00 13.00 0.00 0.00 0.00 0.00 1.00
109.00 30.00 26.00 70.00 146.00 44.00 76.00 0.10 4.77 1.00 2.00 0.50 11.00 18.00 19.00 12.00 24.00 6.00 0.00 0.00 0.00 0.00 1.00
110.00 33.00 49.00 102.00 164.00 53.00 62.00 0.08 4.09 1.00 1.00 1.00 7.00 17.00 26.00 16.00 23.00 10.00 0.00 0.00 2.00 0.00 0.00
111.00 31.00 38.00 92.00 156.00 54.00 64.00 0.08 3.91 1.00 2.00 0.50 10.00 17.00 21.00 14.00 21.00 10.00 0.00 0.00 1.00 0.00 1.00
112.00 28.00 29.00 77.00 138.00 48.00 61.00 0.08 4.16 1.00 1.00 1.00 9.00 13.00 19.00 15.00 18.00 10.00 0.00 0.00 0.00 0.00 0.00
113.00 26.00 32.00 74.00 134.00 42.00 60.00 0.08 3.72 0.00 1.00 0.00 7.00 12.00 19.00 14.00 21.00 5.00 0.00 0.00 2.00 0.00 0.00
114.00 35.00 50.00 107.00 177.00 57.00 70.00 0.09 4.57 1.00 2.00 0.50 5.00 13.00 30.00 22.00 23.00 12.00 0.00 0.00 0.00 1.00 0.00
115.00 18.00 6.00 33.00 90.00 27.00 57.00 0.09 5.06 0.00 1.00 0.00 7.00 10.00 11.00 8.00 15.00 3.00 0.00 0.00 0.00 0.00 0.00
116.00 35.00 52.00 110.00 181.00 58.00 71.00 0.10 4.24 1.00 2.00 0.50 4.00 11.00 31.00 24.00 22.00 13.00 0.00 0.00 0.00 0.00 0.00
117.00 32.00 43.00 95.00 173.00 52.00 78.00 0.10 4.76 1.00 2.00 0.50 6.00 14.00 26.00 18.00 18.00 14.00 0.00 0.00 1.00 0.00 0.00
118.00 29.00 32.00 80.00 145.00 48.00 65.00 0.09 4.52 1.00 2.00 0.50 6.00 11.00 23.00 18.00 20.00 9.00 1.00 0.00 1.00 0.00 0.00
119.00 34.00 51.00 111.00 172.00 60.00 61.00 0.08 4.56 1.00 2.00 0.50 7.00 12.00 27.00 22.00 17.00 17.00 0.00 0.00 1.00 0.00 0.00
120.00 24.00 14.00 51.00 127.00 37.00 76.00 0.08 4.48 1.00 1.00 1.00 9.00 13.00 15.00 11.00 17.00 7.00 0.00 0.00 0.00 0.00 0.00
121.00 34.00 38.00 97.00 176.00 59.00 79.00 0.08 4.41 1.00 1.00 1.00 11.00 15.00 23.00 19.00 17.00 17.00 1.00 0.00 1.00 0.00 0.00
122.00 38.00 45.00 112.00 184.00 67.00 72.00 0.08 4.42 1.00 2.00 0.50 11.00 20.00 27.00 18.00 25.00 13.00 0.00 0.00 1.00 1.00 0.00
123.00 41.00 56.00 121.00 192.00 65.00 71.00 0.08 4.52 0.00 3.00 0.00 10.00 22.00 31.00 19.00 28.00 13.00 1.00 0.00 1.00 0.00 0.00
124.00 33.00 40.00 97.00 176.00 57.00 79.00 0.10 4.27 1.00 2.00 0.50 8.00 14.00 25.00 19.00 21.00 12.00 0.00 0.00 2.00 0.00 0.00
125.00 37.00 66.00 117.00 188.00 51.00 71.00 0.08 4.58 0.00 3.00 0.00 8.00 18.00 29.00 19.00 20.00 17.00 1.00 0.00 0.00 0.00 0.00
126.00 33.00 47.00 101.00 169.00 54.00 68.00 0.09 4.75 0.00 2.00 0.00 8.00 13.00 25.00 20.00 18.00 15.00 0.00 0.00 0.00 0.00 0.00
127.00 35.00 40.00 98.00 179.00 58.00 81.00 0.09 4.71 1.00 3.00 0.33 9.00 16.00 26.00 19.00 22.00 13.00 1.00 0.00 1.00 0.00 0.00
128.00 36.00 39.00 111.00 192.00 72.00 81.00 0.10 4.59 0.00 1.00 0.00 5.00 11.00 31.00 25.00 21.00 15.00 0.00 0.00 1.00 0.00 0.00
129.00 31.00 35.00 92.00 159.00 57.00 67.00 0.09 4.62 1.00 2.00 0.50 9.00 16.00 22.00 15.00 19.00 12.00 0.00 0.00 2.00 0.00 0.00
130.00 33.00 42.00 95.00 173.00 53.00 78.00 0.09 4.60 0.00 1.00 0.00 8.00 16.00 25.00 17.00 26.00 7.00 0.00 0.00 2.00 0.00 0.00
131.00 36.00 57.00 107.00 185.00 50.00 78.00 0.08 4.57 1.00 1.00 1.00 7.00 15.00 29.00 21.00 24.00 12.00 0.00 0.00 2.00 0.00 0.00
132.00 30.00 39.00 91.00 158.00 52.00 67.00 0.08 4.88 1.00 1.00 1.00 8.00 11.00 22.00 19.00 17.00 13.00 0.00 0.00 2.00 0.00 0.00
133.00 32.00 40.00 93.00 164.00 53.00 71.00 0.08 4.22 1.00 1.00 1.00 5.00 15.00 27.00 17.00 22.00 10.00 1.00 0.00 2.00 0.00 0.00
134.00 40.00 57.00 120.00 206.00 63.00 86.00 0.08 4.47 2.00 1.00 2.00 11.00 17.00 29.00 23.00 23.00 17.00 0.00 0.00 2.00 0.00 0.00
135.00 32.00 35.00 95.00 166.00 60.00 71.00 0.08 4.40 1.00 1.00 1.00 7.00 11.00 25.00 21.00 22.00 10.00 0.00 0.00 2.00 0.00 0.00
136.00 29.00 32.00 83.00 157.00 51.00 74.00 0.09 4.41 1.00 2.00 0.50 6.00 11.00 23.00 18.00 17.00 12.00 1.00 0.00 2.00 0.00 0.00
137.00 38.00 42.00 107.00 189.00 65.00 82.00 0.07 4.33 1.00 1.00 1.00 9.00 15.00 29.00 23.00 20.00 18.00 1.00 0.00 2.00 1.00 0.00
138.00 27.00 24.00 72.00 137.00 48.00 65.00 0.09 4.31 2.00 1.00 2.00 10.00 16.00 17.00 11.00 19.00 8.00 0.00 0.00 3.00 0.00 0.00
139.00 27.00 36.00 83.00 147.00 47.00 64.00 0.07 3.85 2.00 2.00 1.00 6.00 11.00 21.00 16.00 14.00 13.00 0.00 0.00 1.00 0.00 0.00
140.00 34.00 45.00 100.00 175.00 55.00 75.00 0.09 4.31 0.00 2.00 0.00 9.00 15.00 25.00 19.00 22.00 12.00 0.00 0.00 2.00 0.00 0.00
141.00 30.00 43.00 97.00 154.00 54.00 57.00 0.09 4.34 2.00 2.00 1.00 8.00 14.00 22.00 16.00 23.00 7.00 0.00 0.00 2.00 0.00 0.00
142.00 33.00 39.00 91.00 164.00 52.00 73.00 0.09 4.13 2.00 1.00 2.00 8.00 17.00 25.00 16.00 24.00 9.00 0.00 0.00 2.00 0.00 0.00
143.00 34.00 47.00 102.00 171.00 55.00 69.00 0.09 4.41 2.00 1.00 2.00 9.00 21.00 25.00 13.00 25.00 9.00 0.00 0.00 3.00 0.00 0.00
144.00 31.00 49.00 95.00 162.00 46.00 67.00 0.10 4.37 1.00 2.00 0.50 8.00 18.00 23.00 13.00 20.00 11.00 0.00 0.00 3.00 0.00 0.00
145.00 36.00 56.00 112.00 190.00 56.00 78.00 0.08 4.59 1.00 2.00 0.50 6.00 14.00 30.00 22.00 23.00 13.00 1.00 0.00 2.00 0.00 0.00
146.00 37.00 49.00 112.00 201.00 63.00 89.00 0.08 4.59 1.00 3.00 0.33 7.00 11.00 30.00 26.00 19.00 18.00 1.00 0.00 2.00 2.00 0.00
147.00 33.00 48.00 103.00 167.00 55.00 64.00 0.08 4.79 1.00 2.00 0.50 5.00 15.00 28.00 18.00 19.00 14.00 1.00 0.00 3.00 0.00 0.00
148.00 36.00 39.00 103.00 183.00 64.00 80.00 0.09 4.48 1.00 2.00 0.50 3.00 12.00 33.00 24.00 17.00 19.00 0.00 0.00 2.00 0.00 0.00
149.00 34.00 43.00 97.00 177.00 54.00 80.00 0.08 4.77 0.00 1.00 0.00 6.00 16.00 28.00 18.00 20.00 14.00 1.00 0.00 1.00 0.00 0.00
150.00 25.00 27.00 62.00 125.00 35.00 63.00 0.10 2.91 1.00 1.00 1.00 5.00 12.00 20.00 13.00 13.00 12.00 1.00 0.00 1.00 0.00 0.00
151.00 32.00 25.00 88.00 170.00 63.00 82.00 0.09 4.55 1.00 1.00 1.00 11.00 16.00 21.00 16.00 24.00 8.00 1.00 0.00 1.00 0.00 0.00
152.00 33.00 38.00 90.00 167.00 52.00 77.00 0.09 4.67 1.00 1.00 1.00 8.00 13.00 25.00 20.00 19.00 14.00 1.00 0.00 2.00 0.00 0.00
153.00 35.00 43.00 99.00 178.00 56.00 79.00 0.08 4.62 1.00 1.00 1.00 12.00 19.00 23.00 16.00 25.00 10.00 0.00 0.00 1.00 0.00 0.00
154.00 32.00 32.00 94.00 168.00 62.00 74.00 0.09 4.69 1.00 1.00 1.00 8.00 15.00 24.00 17.00 19.00 13.00 0.00 0.00 2.00 0.00 0.00
155.00 34.00 40.00 93.00 178.00 53.00 85.00 0.08 4.58 0.00 2.00 0.00 9.00 18.00 25.00 16.00 22.00 12.00 1.00 0.00 3.00 0.00 0.00
156.00 33.00 48.00 102.00 179.00 54.00 77.00 0.07 4.55 1.00 3.00 0.33 8.00 14.00 25.00 19.00 19.00 14.00 1.00 0.00 3.00 0.00 0.00
157.00 37.00 49.00 116.00 188.00 67.00 72.00 0.10 4.53 0.00 2.00 0.00 10.00 17.00 27.00 20.00 24.00 13.00 1.00 0.00 1.00 1.00 0.00
158.00 41.00 63.00 129.00 215.00 66.00 86.00 0.09 4.48 1.00 3.00 0.33 7.00 17.00 34.00 24.00 24.00 17.00 1.00 0.00 0.00 0.00 0.00
159.00 39.00 57.00 127.00 207.00 70.00 80.00 0.08 4.51 2.00 4.00 0.50 8.00 13.00 31.00 26.00 23.00 16.00 1.00 0.00 2.00 0.00 0.00
160.00 39.00 54.00 104.00 209.00 50.00 105.00 0.07 4.57 2.00 2.00 1.00 9.00 16.00 30.00 23.00 24.00 15.00 1.00 0.00 0.00 0.00 0.00
161.00 37.00 45.00 114.00 206.00 69.00 92.00 0.08 4.59 2.00 1.00 2.00 6.00 14.00 31.00 23.00 19.00 18.00 1.00 0.00 1.00 0.00 0.00
162.00 36.00 58.00 111.00 184.00 53.00 73.00 0.08 4.64 1.00 1.00 1.00 10.00 16.00 26.00 20.00 20.00 16.00 0.00 0.00 2.00 0.00 0.00
163.00 31.00 35.00 89.00 157.00 54.00 68.00 0.10 4.51 0.00 1.00 0.00 8.00 17.00 23.00 14.00 24.00 7.00 1.00 0.00 1.00 0.00 0.00
164.00 35.00 44.00 102.00 179.00 58.00 77.00 0.08 4.57 1.00 2.00 0.50 7.00 13.00 28.00 22.00 17.00 18.00 1.00 0.00 2.00 0.00 0.00
165.00 43.00 53.00 124.00 218.00 71.00 94.00 0.08 4.91 1.00 1.00 1.00 9.00 17.00 34.00 26.00 24.00 19.00 1.00 0.00 1.00 0.00 0.00
166.00 35.00 39.00 108.00 182.00 69.00 74.00 0.08 4.43 2.00 0.00 0.00 8.00 16.00 27.00 19.00 23.00 12.00 0.00 0.00 2.00 0.00 0.00
167.00 39.00 55.00 121.00 201.00 66.00 80.00 0.10 4.54 0.00 1.00 0.00 10.00 17.00 29.00 22.00 25.00 14.00 0.00 0.00 2.00 1.00 0.00
168.00 32.00 33.00 91.00 166.00 58.00 75.00 0.08 4.36 1.00 1.00 1.00 9.00 18.00 23.00 14.00 26.00 6.00 0.00 0.00 2.00 0.00 0.00
169.00 32.00 41.00 93.00 165.00 52.00 72.00 0.09 4.51 1.00 2.00 0.50 5.00 12.00 27.00 20.00 18.00 14.00 0.00 0.00 1.00 0.00 0.00
170.00 31.00 38.00 84.00 162.00 46.00 78.00 0.09 4.41 1.00 1.00 1.00 4.00 13.00 27.00 18.00 21.00 10.00 0.00 0.00 0.00 0.00 0.00
171.00 36.00 45.00 107.00 182.00 62.00 75.00 0.08 4.61 0.00 1.00 0.00 7.00 11.00 29.00 25.00 19.00 17.00 0.00 0.00 1.00 0.00 0.00
172.00 33.00 46.00 97.00 174.00 51.00 77.00 0.08 4.59 3.00 1.00 3.00 6.00 17.00 27.00 16.00 19.00 14.00 0.00 0.00 2.00 0.00 0.00
173.00 25.00 20.00 64.00 126.00 44.00 62.00 0.08 4.47 1.00 1.00 1.00 10.00 14.00 15.00 11.00 18.00 7.00 0.00 0.00 2.00 0.00 0.00
174.00 33.00 45.00 96.00 167.00 51.00 71.00 0.08 4.50 2.00 1.00 2.00 8.00 14.00 25.00 19.00 19.00 14.00 0.00 0.00 2.00 0.00 0.00
175.00 35.00 43.00 96.00 182.00 53.00 86.00 0.09 4.69 0.00 2.00 0.00 11.00 19.00 24.00 16.00 24.00 11.00 0.00 0.00 1.00 0.00 0.00
176.00 34.00 53.00 110.00 177.00 57.00 67.00 0.09 4.60 1.00 1.00 1.00 11.00 13.00 23.00 21.00 16.00 18.00 0.00 0.00 4.00 0.00 0.00
177.00 40.00 60.00 129.00 212.00 69.00 83.00 0.09 4.65 0.00 1.00 0.00 7.00 13.00 33.00 27.00 23.00 17.00 0.00 0.00 1.00 1.00 0.00
178.00 37.00 51.00 110.00 189.00 59.00 79.00 0.08 4.57 2.00 1.00 2.00 8.00 13.00 29.00 24.00 18.00 19.00 0.00 0.00 2.00 0.00 0.00
179.00 33.00 40.00 92.00 177.00 52.00 85.00 0.09 4.54 2.00 1.00 2.00 8.00 17.00 25.00 16.00 23.00 10.00 1.00 0.00 2.00 1.00 0.00
180.00 30.00 40.00 89.00 152.00 49.00 63.00 0.09 4.23 1.00 2.00 0.50 7.00 19.00 23.00 11.00 20.00 10.00 1.00 0.00 2.00 0.00 0.00
181.00 32.00 34.00 87.00 163.00 53.00 76.00 0.09 4.51 2.00 1.00 2.00 7.00 13.00 25.00 19.00 19.00 13.00 0.00 0.00 1.00 0.00 0.00
182.00 30.00 30.00 80.00 158.00 50.00 78.00 0.08 4.53 1.00 1.00 1.00 6.00 10.00 24.00 20.00 17.00 13.00 0.00 0.00 2.00 0.00 0.00
183.00 30.00 43.00 94.00 151.00 51.00 57.00 0.08 4.63 1.00 1.00 1.00 10.00 11.00 20.00 19.00 16.00 14.00 0.00 0.00 1.00 0.00 0.00
184.00 31.00 50.00 95.00 155.00 45.00 60.00 0.08 4.55 1.00 2.00 0.50 9.00 13.00 22.00 18.00 21.00 10.00 0.00 0.00 2.00 0.00 0.00
185.00 32.00 42.00 95.00 168.00 53.00 73.00 0.07 4.39 1.00 2.00 0.50 8.00 13.00 24.00 19.00 19.00 13.00 0.00 0.00 2.00 0.00 0.00
186.00 29.00 39.00 89.00 152.00 50.00 63.00 0.09 4.53 1.00 2.00 0.50 6.00 11.00 23.00 18.00 18.00 11.00 0.00 0.00 2.00 0.00 0.00
187.00 26.00 29.00 73.00 133.00 44.00 60.00 0.09 3.60 1.00 0.00 0.00 5.00 10.00 21.00 16.00 18.00 8.00 0.00 0.00 2.00 0.00 0.00
188.00 25.00 32.00 71.00 132.00 39.00 61.00 0.08 4.92 1.00 1.00 1.00 9.00 12.00 16.00 13.00 15.00 10.00 0.00 0.00 1.00 0.00 0.00
189.00 30.00 38.00 82.00 147.00 44.00 65.00 0.08 4.48 1.00 1.00 1.00 4.00 14.00 26.00 16.00 17.00 13.00 0.00 0.00 1.00 0.00 0.00
190.00 24.00 21.00 65.00 125.00 44.00 60.00 0.07 4.61 1.00 1.00 1.00 5.00 14.00 19.00 10.00 16.00 8.00 0.00 0.00 3.00 0.00 0.00
191.00 26.00 25.00 76.00 133.00 51.00 57.00 0.11 4.49 1.00 2.00 0.50 7.00 11.00 19.00 15.00 15.00 11.00 0.00 0.00 1.00 0.00 0.00
192.00 20.00 17.00 47.00 105.00 30.00 58.00 0.07 4.20 1.00 1.00 1.00 6.00 14.00 14.00 6.00 16.00 4.00 0.00 0.00 1.00 0.00 0.00
193.00 28.00 27.00 75.00 143.00 48.00 68.00 0.09 4.56 1.00 0.00 0.00 8.00 17.00 20.00 11.00 20.00 8.00 0.00 0.00 1.00 0.00 0.00
194.00 28.00 30.00 77.00 144.00 47.00 67.00 0.09 4.31 2.00 2.00 1.00 7.00 12.00 21.00 16.00 18.00 10.00 0.00 0.00 0.00 0.00 0.00
195.00 27.00 36.00 74.00 137.00 38.00 63.00 0.11 4.67 2.00 2.00 1.00 5.00 13.00 22.00 14.00 18.00 9.00 0.00 0.00 0.00 0.00 0.00
196.00 32.00 42.00 90.00 161.00 48.00 71.00 0.08 4.36 2.00 2.00 1.00 8.00 13.00 24.00 19.00 17.00 15.00 0.00 0.00 0.00 0.00 0.00
197.00 25.00 26.00 68.00 130.00 42.00 62.00 0.09 4.56 1.00 2.00 0.50 5.00 11.00 20.00 14.00 17.00 8.00 0.00 0.00 0.00 0.00 0.00
198.00 27.00 25.00 72.00 136.00 47.00 64.00 0.07 4.48 0.00 1.00 0.00 9.00 16.00 18.00 11.00 18.00 9.00 0.00 0.00 0.00 1.00 0.00
199.00 27.00 24.00 74.00 136.00 50.00 62.00 0.08 4.48 1.00 0.00 0.00 6.00 13.00 21.00 14.00 18.00 9.00 0.00 0.00 0.00 0.00 0.00
200.00 26.00 31.00 73.00 129.00 42.00 56.00 0.11 4.53 0.00 0.00 0.00 7.00 10.00 19.00 16.00 14.00 12.00 0.00 0.00 0.00 0.00 0.00
201.00 22.00 20.00 64.00 109.00 44.00 45.00 0.07 4.19 1.00 0.00 0.00 4.00 12.00 18.00 10.00 18.00 4.00 0.00 0.00 0.00 1.00 0.00
202.00 23.00 21.00 56.00 123.00 35.00 67.00 0.09 4.30 1.00 1.00 1.00 5.00 10.00 18.00 13.00 16.00 7.00 0.00 0.00 0.00 0.00 0.00
203.00 18.00 8.00 35.00 82.00 27.00 47.00 0.09 2.99 1.00 2.00 0.50 5.00 9.00 13.00 9.00 16.00 2.00 0.00 0.00 0.00 0.00 0.00
204.00 33.00 34.00 89.00 164.00 55.00 75.00 0.08 4.41 1.00 2.00 0.50 8.00 15.00 25.00 18.00 20.00 13.00 0.00 0.00 0.00 0.00 0.00
205.00 23.00 19.00 61.00 110.00 42.00 49.00 0.08 4.64 0.00 2.00 0.00 5.00 12.00 18.00 11.00 19.00 4.00 0.00 0.00 0.00 0.00 0.00
206.00 26.00 36.00 77.00 127.00 41.00 50.00 0.07 4.49 1.00 1.00 1.00 6.00 13.00 20.00 13.00 18.00 8.00 0.00 0.00 0.00 0.00 0.00
207.00 25.00 33.00 71.00 127.00 38.00 56.00 0.08 4.52 1.00 2.00 0.50 5.00 12.00 20.00 13.00 17.00 8.00 0.00 0.00 0.00 0.00 0.00
208.00 25.00 30.00 70.00 135.00 40.00 65.00 0.09 4.48 1.00 0.00 0.00 8.00 10.00 17.00 15.00 12.00 13.00 0.00 0.00 1.00 0.00 0.00
209.00 24.00 29.00 68.00 120.00 39.00 52.00 0.09 4.56 1.00 1.00 1.00 5.00 13.00 19.00 11.00 15.00 9.00 0.00 0.00 0.00 0.00 0.00
210.00 28.00 41.00 86.00 145.00 45.00 59.00 0.09 4.55 1.00 2.00 0.50 7.00 17.00 21.00 11.00 21.00 7.00 0.00 0.00 0.00 0.00 0.00
211.00 30.00 37.00 91.00 155.00 54.00 64.00 0.09 4.46 1.00 2.00 0.50 8.00 15.00 22.00 15.00 20.00 10.00 0.00 0.00 1.00 0.00 0.00
212.00 25.00 36.00 76.00 128.00 40.00 52.00 0.08 4.37 0.00 1.00 0.00 4.00 10.00 21.00 15.00 13.00 12.00 0.00 0.00 0.00 0.00 0.00
213.00 25.00 24.00 78.00 135.00 54.00 57.00 0.09 4.62 1.00 1.00 1.00 8.00 14.00 17.00 11.00 18.00 7.00 0.00 0.00 0.00 0.00 0.00
214.00 23.00 30.00 67.00 118.00 37.00 51.00 0.08 4.52 1.00 2.00 0.50 2.00 7.00 21.00 16.00 13.00 10.00 0.00 0.00 0.00 0.00 0.00
215.00 26.00 35.00 78.00 133.00 43.00 55.00 0.09 4.55 1.00 2.00 0.50 7.00 11.00 19.00 15.00 18.00 8.00 0.00 0.00 1.00 0.00 0.00
216.00 20.00 17.00 50.00 97.00 33.00 47.00 0.09 4.31 1.00 0.00 0.00 7.00 10.00 13.00 10.00 12.00 8.00 0.00 0.00 0.00 0.00 0.00
217.00 27.00 33.00 68.00 132.00 35.00 64.00 0.08 4.35 1.00 2.00 0.50 8.00 13.00 19.00 14.00 20.00 7.00 1.00 0.00 0.00 0.00 0.00
218.00 36.00 44.00 93.00 176.00 49.00 83.00 0.10 4.40 1.00 3.00 0.33 6.00 15.00 30.00 21.00 22.00 14.00 0.00 0.00 0.00 0.00 0.00
219.00 20.00 23.00 57.00 107.00 34.00 50.00 0.09 3.81 1.00 2.00 0.50 6.00 12.00 14.00 8.00 15.00 5.00 0.00 0.00 0.00 0.00 0.00
220.00 25.00 24.00 64.00 119.00 40.00 55.00 0.09 4.89 1.00 1.00 1.00 8.00 12.00 17.00 13.00 17.00 8.00 0.00 0.00 0.00 0.00 0.00
221.00 27.00 30.00 73.00 133.00 43.00 60.00 0.09 4.42 1.00 3.00 0.33 10.00 18.00 17.00 9.00 21.00 6.00 0.00 0.00 1.00 0.00 0.00
222.00 25.00 23.00 69.00 128.00 46.00 59.00 0.07 4.82 1.00 2.00 0.50 5.00 13.00 20.00 12.00 19.00 6.00 0.00 0.00 0.00 0.00 0.00
223.00 27.00 23.00 62.00 125.00 39.00 63.00 0.08 4.84 1.00 1.00 1.00 7.00 14.00 20.00 13.00 20.00 7.00 0.00 0.00 0.00 0.00 0.00
224.00 26.00 30.00 71.00 130.00 41.00 59.00 0.09 4.96 1.00 1.00 1.00 8.00 15.00 18.00 11.00 18.00 8.00 0.00 0.00 0.00 0.00 0.00
225.00 27.00 40.00 83.00 144.00 43.00 61.00 0.08 4.42 1.00 0.00 0.00 5.00 13.00 22.00 14.00 17.00 10.00 0.00 0.00 0.00 0.00 0.00
226.00 20.00 14.00 50.00 107.00 36.00 57.00 0.08 4.61 1.00 1.00 1.00 4.00 12.00 16.00 8.00 15.00 5.00 0.00 0.00 0.00 0.00 0.00
227.00 21.00 23.00 60.00 108.00 37.00 48.00 0.08 4.75 1.00 3.00 0.33 8.00 12.00 13.00 9.00 14.00 7.00 0.00 0.00 0.00 0.00 0.00
228.00 20.00 17.00 49.00 101.00 32.00 52.00 0.09 4.38 1.00 3.00 0.33 4.00 11.00 16.00 9.00 15.00 5.00 0.00 0.00 0.00 0.00 0.00
229.00 23.00 31.00 65.00 111.00 34.00 46.00 0.08 4.26 1.00 2.00 0.50 5.00 9.00 18.00 14.00 11.00 12.00 0.00 0.00 0.00 0.00 0.00
230.00 26.00 34.00 71.00 133.00 37.00 62.00 0.08 4.21 0.00 3.00 0.00 5.00 10.00 21.00 16.00 14.00 12.00 0.00 0.00 0.00 0.00 0.00
231.00 27.00 35.00 76.00 136.00 41.00 60.00 0.09 4.43 1.00 3.00 0.33 8.00 13.00 19.00 14.00 16.00 11.00 0.00 0.00 0.00 0.00 0.00
232.00 22.00 19.00 58.00 110.00 39.00 52.00 0.09 4.90 1.00 3.00 0.33 7.00 13.00 15.00 9.00 18.00 4.00 0.00 0.00 0.00 1.00 0.00
233.00 25.00 26.00 67.00 113.00 41.00 46.00 0.09 4.57 0.00 3.00 0.00 11.00 14.00 14.00 11.00 19.00 6.00 0.00 0.00 0.00 0.00 0.00
234.00 27.00 37.00 83.00 144.00 46.00 61.00 0.09 4.10 1.00 2.00 0.50 5.00 9.00 22.00 18.00 16.00 11.00 0.00 0.00 0.00 0.00 0.00
235.00 23.00 27.00 68.00 118.00 41.00 50.00 0.09 4.50 1.00 2.00 0.50 7.00 10.00 16.00 13.00 14.00 9.00 0.00 0.00 0.00 0.00 0.00
236.00 18.00 19.00 45.00 88.00 26.00 43.00 0.09 4.45 0.00 2.00 0.00 5.00 8.00 13.00 10.00 12.00 6.00 0.00 0.00 0.00 0.00 0.00
237.00 26.00 35.00 78.00 131.00 43.00 53.00 0.09 4.49 1.00 2.00 0.50 10.00 14.00 16.00 12.00 19.00 7.00 0.00 0.00 0.00 0.00 0.00
238.00 26.00 14.00 62.00 132.00 48.00 70.00 0.08 4.54 1.00 2.00 0.50 8.00 12.00 18.00 14.00 21.00 5.00 0.00 0.00 0.00 0.00 0.00
239.00 26.00 31.00 68.00 123.00 37.00 55.00 0.07 4.52 1.00 0.00 0.00 7.00 14.00 19.00 12.00 21.00 5.00 0.00 0.00 0.00 0.00 0.00
240.00 21.00 26.00 57.00 109.00 31.00 52.00 0.09 4.31 0.00 0.00 0.00 4.00 9.00 17.00 12.00 13.00 8.00 0.00 0.00 0.00 0.00 0.00
241.00 27.00 34.00 71.00 130.00 37.00 59.00 0.09 4.39 0.00 1.00 0.00 6.00 10.00 21.00 17.00 16.00 11.00 0.00 0.00 0.00 0.00 0.00
242.00 20.00 15.00 54.00 103.00 39.00 49.00 0.09 4.15 0.00 1.00 0.00 3.00 6.00 17.00 14.00 9.00 11.00 0.00 0.00 1.00 0.00 0.00
243.00 20.00 20.00 55.00 105.00 35.00 50.00 0.08 4.20 1.00 1.00 1.00 3.00 6.00 17.00 14.00 15.00 5.00 0.00 0.00 0.00 0.00 0.00
244.00 26.00 21.00 59.00 126.00 38.00 67.00 0.09 4.37 1.00 1.00 1.00 8.00 13.00 18.00 13.00 18.00 8.00 0.00 0.00 0.00 0.00 0.00
245.00 21.00 20.00 57.00 115.00 37.00 58.00 0.09 4.16 0.00 1.00 0.00 4.00 10.00 17.00 11.00 14.00 7.00 0.00 0.00 0.00 0.00 0.00
246.00 11.00 7.00 22.00 48.00 15.00 26.00 0.08 0.44 0.00 0.00 0.00 3.00 5.00 8.00 6.00 6.00 5.00 0.00 0.00 1.00 0.00 0.00
247.00 23.00 23.00 64.00 116.00 41.00 52.00 0.09 4.28 0.00 0.00 0.00 3.00 11.00 20.00 12.00 16.00 7.00 0.00 0.00 1.00 0.00 0.00
248.00 26.00 23.00 68.00 123.00 45.00 55.00 0.08 4.75 1.00 0.00 0.00 6.00 11.00 20.00 15.00 21.00 5.00 0.00 0.00 0.00 0.00 0.00
249.00 25.00 27.00 81.00 130.00 54.00 49.00 0.07 4.30 1.00 1.00 1.00 7.00 14.00 18.00 11.00 17.00 8.00 0.00 0.00 0.00 0.00 0.00
250.00 27.00 34.00 76.00 142.00 42.00 66.00 0.09 4.44 1.00 1.00 1.00 8.00 14.00 19.00 13.00 17.00 10.00 0.00 0.00 0.00 0.00 0.00
251.00 25.00 29.00 72.00 127.00 43.00 55.00 0.07 4.26 1.00 1.00 1.00 2.00 12.00 23.00 13.00 15.00 10.00 0.00 0.00 0.00 0.00 0.00
252.00 25.00 28.00 66.00 132.00 38.00 66.00 0.10 4.52 0.00 1.00 0.00 3.00 11.00 22.00 14.00 13.00 12.00 0.00 0.00 0.00 0.00 0.00
253.00 22.00 24.00 56.00 113.00 32.00 57.00 0.09 4.31 1.00 1.00 1.00 5.00 9.00 17.00 13.00 17.00 5.00 0.00 0.00 0.00 0.00 0.00
254.00 27.00 31.00 80.00 141.00 49.00 61.00 0.08 4.57 0.00 1.00 0.00 5.00 12.00 22.00 15.00 16.00 11.00 0.00 0.00 1.00 0.00 0.00
255.00 26.00 28.00 73.00 128.00 45.00 55.00 0.09 4.52 1.00 1.00 1.00 10.00 12.00 16.00 14.00 15.00 11.00 0.00 0.00 1.00 0.00 0.00
256.00 23.00 16.00 59.00 119.00 43.00 60.00 0.10 4.49 1.00 2.00 0.50 5.00 11.00 18.00 12.00 19.00 4.00 0.00 0.00 0.00 0.00 0.00
257.00 23.00 16.00 61.00 119.00 45.00 58.00 0.09 4.56 1.00 1.00 1.00 7.00 13.00 16.00 10.00 16.00 7.00 0.00 0.00 0.00 0.00 0.00
258.00 25.00 31.00 72.00 131.00 41.00 59.00 0.10 4.32 1.00 0.00 0.00 6.00 12.00 19.00 13.00 14.00 11.00 0.00 0.00 0.00 0.00 0.00
259.00 21.00 21.00 53.00 113.00 32.00 60.00 0.09 4.32 1.00 1.00 1.00 4.00 9.00 17.00 12.00 12.00 9.00 0.00 0.00 0.00 0.00 0.00
260.00 20.00 25.00 55.00 101.00 30.00 46.00 0.08 4.50 1.00 1.00 1.00 3.00 6.00 17.00 14.00 11.00 9.00 0.00 0.00 0.00 0.00 0.00
261.00 17.00 10.00 35.00 84.00 25.00 49.00 0.07 4.01 2.00 0.00 0.00 8.00 12.00 9.00 5.00 13.00 4.00 0.00 0.00 0.00 0.00 0.00
262.00 18.00 15.00 40.00 87.00 25.00 47.00 0.08 4.26 2.00 0.00 0.00 5.00 11.00 13.00 7.00 11.00 7.00 0.00 0.00 0.00 0.00 0.00
263.00 17.00 13.00 40.00 79.00 27.00 39.00 0.09 4.68 3.00 0.00 0.00 7.00 11.00 10.00 6.00 14.00 3.00 0.00 0.00 0.00 0.00 0.00
264.00 14.00 5.00 27.00 66.00 22.00 39.00 0.09 4.56 1.00 0.00 0.00 7.00 11.00 7.00 3.00 11.00 3.00 0.00 0.00 0.00 0.00 0.00
265.00 22.00 24.00 56.00 101.00 32.00 45.00 0.07 4.47 1.00 0.00 0.00 6.00 12.00 16.00 10.00 19.00 3.00 0.00 0.00 0.00 0.00 0.00
266.00 16.00 8.00 30.00 82.00 22.00 52.00 0.07 4.26 1.00 0.00 0.00 8.00 9.00 8.00 7.00 13.00 3.00 0.00 0.00 0.00 0.00 0.00
267.00 16.00 7.00 36.00 80.00 29.00 44.00 0.09 4.09 1.00 0.00 0.00 5.00 8.00 11.00 8.00 10.00 6.00 0.00 0.00 0.00 0.00 0.00
268.00 21.00 17.00 47.00 97.00 30.00 50.00 0.08 4.49 1.00 0.00 0.00 8.00 15.00 13.00 6.00 15.00 6.00 0.00 0.00 0.00 0.00 0.00
269.00 14.00 9.00 38.00 77.00 29.00 39.00 0.08 4.57 0.00 0.00 0.00 5.00 8.00 9.00 6.00 9.00 5.00 0.00 0.00 0.00 0.00 0.00
270.00 15.00 9.00 28.00 65.00 19.00 37.00 0.09 4.59 0.00 0.00 0.00 6.00 9.00 9.00 6.00 13.00 2.00 0.00 0.00 1.00 0.00 0.00
271.00 16.00 13.00 35.00 77.00 22.00 42.00 0.09 4.40 0.00 0.00 0.00 4.00 8.00 12.00 8.00 13.00 3.00 0.00 0.00 0.00 0.00 0.00
272.00 16.00 8.00 29.00 71.00 21.00 42.00 0.09 4.72 0.00 0.00 0.00 3.00 10.00 13.00 6.00 12.00 4.00 0.00 0.00 0.00 0.00 0.00
273.00 12.00 9.00 24.00 55.00 15.00 31.00 0.08 4.09 0.00 0.00 0.00 3.00 8.00 9.00 4.00 10.00 2.00 0.00 0.00 0.00 0.00 0.00
274.00 13.00 7.00 28.00 59.00 21.00 31.00 0.08 4.38 0.00 0.00 0.00 6.00 9.00 7.00 4.00 11.00 2.00 0.00 0.00 0.00 0.00 0.00
275.00 14.00 9.00 29.00 65.00 20.00 36.00 0.08 3.90 0.00 0.00 0.00 4.00 8.00 10.00 6.00 11.00 3.00 0.00 0.00 0.00 1.00 0.00
276.00 7.00 4.00 12.00 33.00 8.00 21.00 0.09 0.31 0.00 0.00 0.00 1.00 3.00 6.00 4.00 6.00 1.00 0.00 0.00 0.00 0.00 0.00
277.00 8.00 3.00 8.00 35.00 5.00 27.00 0.07 3.57 0.00 0.00 0.00 3.00 7.00 5.00 1.00 8.00 0.00 0.00 0.00 0.00 0.00 0.00
278.00 11.00 5.00 22.00 52.00 17.00 30.00 0.07 4.57 0.00 0.00 0.00 2.00 6.00 9.00 5.00 9.00 2.00 0.00 0.00 0.00 0.00 0.00
279.00 6.00 2.00 10.00 26.00 8.00 16.00 0.08 4.80 0.00 0.00 0.00 2.00 4.00 4.00 2.00 6.00 0.00 0.00 0.00 0.00 0.00 0.00
280.00 4.00 1.00 5.00 17.00 4.00 12.00 0.08 4.26 0.00 0.00 0.00 0.00 2.00 4.00 2.00 4.00 0.00 0.00 0.00 0.00 0.00 0.00
281.00 9.00 6.00 18.00 40.00 12.00 22.00 0.09 4.71 0.00 0.00 0.00 1.00 4.00 8.00 5.00 7.00 2.00 0.00 0.00 0.00 0.00 0.00
282.00 6.00 0.00 2.00 22.00 2.00 20.00 0.08 0.59 0.00 0.00 0.00 3.00 5.00 3.00 1.00 6.00 0.00 0.00 0.00 0.00 0.00 0.00
283.00 10.00 4.00 18.00 44.00 14.00 26.00 0.07 5.14 0.00 0.00 0.00 4.00 7.00 6.00 3.00 9.00 1.00 0.00 0.00 0.00 0.00 0.00
284.00 6.00 1.00 7.00 24.00 6.00 17.00 0.09 3.27 0.00 1.00 0.00 2.00 2.00 4.00 4.00 6.00 0.00 0.00 0.00 0.00 0.00 0.00
285.00 4.00 0.00 4.00 17.00 4.00 13.00 0.09 0.22 0.00 1.00 0.00 1.00 3.00 3.00 1.00 4.00 0.00 0.00 0.00 0.00 0.00 0.00
286.00 6.00 1.00 7.00 25.00 6.00 18.00 0.07 3.01 0.00 0.00 0.00 3.00 5.00 3.00 1.00 6.00 0.00 0.00 0.00 0.00 0.00 0.00
287.00 3.00 0.00 1.00 4.00 1.00 3.00 0.07 0.09 0.00 0.00 0.00 2.00 3.00 1.00 0.00 3.00 0.00 0.00 0.00 0.00 0.00 0.00
288.00 2.00 0.00 0.00 5.00 0.00 5.00 0.08 0.27 0.00 0.00 0.00 2.00 2.00 0.00 0.00 2.00 0.00 0.00 0.00 0.00 0.00 0.00
