0.00 4.00 0.00 2.00 14.00 2.00 12.00 0.07 0.31 0.00 0.00 0.00 3.00 3.00 1.00 1.00 4.00 0.00 0.00 0.00 0.00 0.00 0.00
1.00 3.00 0.00 0.00 4.00 0.00 4.00 0.08 0.21 0.00 0.00 0.00 2.00 3.00 1.00 0.00 3.00 0.00 0.00 0.00 0.00 0.00 0.00
2.00 5.00 1.00 6.00 15.00 5.00 9.00 0.09 0.15 0.00 0.00 0.00 2.00 3.00 3.00 2.00 5.00 0.00 0.00 0.00 0.00 0.00 0.00
3.00 5.00 1.00 6.00 22.00 5.00 16.00 0.09 0.26 0.00 0.00 0.00 1.00 4.00 4.00 1.00 5.00 0.00 0.00 0.00 0.00 0.00 0.00
4.00 8.00 3.00 12.00 29.00 9.00 17.00 0.10 4.56 0.00 0.00 0.00 5.00 6.00 3.00 2.00 7.00 1.00 0.00 0.00 0.00 0.00 0.00
5.00 9.00 1.00 8.00 33.00 7.00 25.00 0.09 3.77 0.00 0.00 0.00 3.00 8.00 6.00 1.00 9.00 0.00 0.00 0.00 0.00 0.00 0.00
6.00 5.00 1.00 5.00 22.00 4.00 17.00 0.08 4.57 0.00 0.00 0.00 2.00 4.00 3.00 1.00 4.00 1.00 0.00 0.00 0.00 0.00 0.00
7.00 8.00 4.00 14.00 36.00 10.00 22.00 0.09 0.33 0.00 0.00 0.00 3.00 6.00 5.00 2.00 7.00 1.00 0.00 0.00 0.00 0.00 0.00
8.00 6.00 2.00 11.00 28.00 9.00 17.00 0.10 4.96 0.00 0.00 0.00 1.00 3.00 5.00 3.00 5.00 1.00 0.00 0.00 0.00 0.00 0.00
9.00 8.00 4.00 14.00 36.00 10.00 22.00 0.08 3.73 0.00 0.00 0.00 4.00 6.00 4.00 2.00 6.00 2.00 0.00 0.00 0.00 0.00 0.00
10.00 10.00 2.00 12.00 43.00 10.00 31.00 0.09 2.18 0.00 0.00 0.00 6.00 7.00 4.00 3.00 9.00 1.00 0.00 0.00 0.00 0.00 0.00
11.00 7.00 3.00 12.00 28.00 9.00 16.00 0.08 0.23 0.00 0.00 0.00 3.00 4.00 4.00 3.00 6.00 1.00 0.00 0.00 0.00 0.00 0.00
12.00 10.00 3.00 18.00 41.00 15.00 23.00 0.08 0.45 0.00 1.00 0.00 4.00 6.00 6.00 4.00 8.00 2.00 0.00 0.00 0.00 0.00 0.00
13.00 5.00 0.00 3.00 17.00 3.00 14.00 0.10 0.27 0.00 1.00 0.00 3.00 4.00 2.00 1.00 5.00 0.00 0.00 0.00 0.00 0.00 0.00
14.00 11.00 10.00 24.00 56.00 14.00 32.00 0.08 0.36 0.00 1.00 0.00 2.00 6.00 9.00 5.00 7.00 4.00 0.00 0.00 0.00 0.00 0.00
15.00 12.00 7.00 25.00 57.00 18.00 32.00 0.09 1.78 0.00 1.00 0.00 3.00 9.00 9.00 3.00 10.00 2.00 0.00 0.00 0.00 0.00 0.00
16.00 22.00 15.00 51.00 104.00 36.00 53.00 0.09 4.73 0.00 0.00 0.00 5.00 15.00 17.00 7.00 18.00 4.00 0.00 0.00 0.00 0.00 0.00
17.00 21.00 22.00 52.00 99.00 30.00 47.00 0.08 4.67 0.00 2.00 0.00 3.00 7.00 18.00 14.00 12.00 9.00 0.00 0.00 0.00 0.00 0.00
18.00 24.00 24.00 63.00 126.00 39.00 63.00 0.09 3.50 1.00 0.00 0.00 4.00 9.00 20.00 15.00 13.00 11.00 0.00 0.00 0.00 0.00 0.00
19.00 23.00 28.00 66.00 109.00 38.00 43.00 0.08 3.10 0.00 0.00 0.00 4.00 8.00 19.00 15.00 14.00 9.00 0.00 0.00 0.00 0.00 0.00
20.00 26.00 23.00 69.00 135.00 46.00 66.00 0.08 3.33 0.00 1.00 0.00 3.00 17.00 23.00 9.00 21.00 5.00 0.00 0.00 0.00 0.00 0.00
21.00 20.00 18.00 47.00 104.00 29.00 57.00 0.09 3.87 0.00 2.00 0.00 3.00 8.00 17.00 12.00 13.00 7.00 1.00 0.00 0.00 0.00 0.00
22.00 8.00 3.00 13.00 34.00 10.00 21.00 0.08 3.86 0.00 1.00 0.00 4.00 6.00 4.00 2.00 8.00 0.00 0.00 0.00 0.00 0.00 0.00
23.00 10.00 8.00 22.00 49.00 14.00 27.00 0.08 3.41 0.00 1.00 0.00 6.00 8.00 4.00 2.00 9.00 1.00 0.00 0.00 0.00 0.00 0.00
24.00 23.00 23.00 61.00 113.00 38.00 52.00 0.09 4.06 0.00 2.00 0.00 4.00 12.00 19.00 11.00 16.00 7.00 0.00 0.00 0.00 0.00 1.00
25.00 27.00 34.00 77.00 141.00 43.00 64.00 0.09 3.90 0.00 1.00 0.00 6.00 15.00 21.00 12.00 19.00 8.00 1.00 0.00 0.00 0.00 0.00
26.00 26.00 26.00 67.00 129.00 41.00 62.00 0.07 3.20 0.00 2.00 0.00 7.00 12.00 19.00 14.00 21.00 5.00 0.00 0.00 0.00 0.00 0.00
27.00 20.00 18.00 53.00 107.00 35.00 54.00 0.09 2.79 0.00 1.00 0.00 7.00 12.00 13.00 8.00 14.00 6.00 1.00 0.00 0.00 0.00 0.00
28.00 23.00 23.00 63.00 118.00 40.00 55.00 0.08 4.62 0.00 2.00 0.00 3.00 13.00 20.00 10.00 15.00 8.00 0.00 0.00 0.00 0.00 0.00
29.00 30.00 45.00 94.00 157.00 49.00 63.00 0.08 3.75 0.00 2.00 0.00 4.00 8.00 26.00 22.00 18.00 12.00 1.00 0.00 0.00 0.00 0.00
30.00 29.00 34.00 90.00 155.00 56.00 65.00 0.07 3.60 0.00 3.00 0.00 4.00 10.00 25.00 19.00 18.00 11.00 1.00 0.00 1.00 0.00 0.00
31.00 27.00 25.00 70.00 139.00 45.00 69.00 0.07 3.98 0.00 2.00 0.00 8.00 15.00 19.00 12.00 19.00 8.00 1.00 0.00 0.00 0.00 0.00
32.00 28.00 28.00 80.00 151.00 52.00 71.00 0.08 3.96 0.00 4.00 0.00 9.00 11.00 19.00 17.00 19.00 9.00 1.00 0.00 0.00 0.00 0.00
33.00 31.00 36.00 88.00 157.00 52.00 69.00 0.10 4.03 0.00 3.00 0.00 10.00 18.00 21.00 13.00 23.00 8.00 0.00 0.00 0.00 0.00 0.00
34.00 31.00 38.00 88.00 161.00 50.00 73.00 0.09 4.50 0.00 3.00 0.00 9.00 16.00 22.00 15.00 21.00 10.00 1.00 0.00 0.00 0.00 0.00
35.00 34.00 52.00 101.00 171.00 49.00 70.00 0.10 4.14 0.00 4.00 0.00 8.00 18.00 26.00 16.00 22.00 12.00 1.00 0.00 0.00 0.00 0.00
36.00 32.00 53.00 101.00 167.00 48.00 66.00 0.10 3.99 0.00 4.00 0.00 4.00 10.00 28.00 22.00 18.00 14.00 1.00 0.00 0.00 0.00 0.00
37.00 34.00 43.00 97.00 174.00 54.00 77.00 0.07 4.73 0.00 2.00 0.00 7.00 12.00 27.00 22.00 20.00 14.00 0.00 0.00 0.00 0.00 0.00
38.00 35.00 44.00 100.00 167.00 56.00 67.00 0.08 3.86 1.00 2.00 0.50 8.00 16.00 27.00 19.00 22.00 13.00 0.00 0.00 0.00 0.00 0.00
39.00 31.00 41.00 91.00 164.00 50.00 73.00 0.09 3.81 0.00 2.00 0.00 8.00 13.00 23.00 18.00 18.00 13.00 1.00 0.00 0.00 0.00 0.00
40.00 30.00 36.00 87.00 156.00 51.00 69.00 0.09 4.82 0.00 1.00 0.00 6.00 12.00 24.00 18.00 18.00 12.00 0.00 0.00 0.00 0.00 0.00
41.00 41.00 53.00 121.00 212.00 68.00 91.00 0.05 4.64 0.00 2.00 0.00 9.00 18.00 32.00 23.00 23.00 18.00 1.00 0.00 0.00 0.00 1.00
42.00 30.00 34.00 84.00 155.00 50.00 71.00 0.10 4.54 0.00 2.00 0.00 7.00 10.00 23.00 20.00 16.00 14.00 1.00 0.00 0.00 0.00 0.00
43.00 32.00 37.00 92.00 166.00 55.00 74.00 0.08 4.13 0.00 2.00 0.00 7.00 11.00 25.00 21.00 21.00 11.00 1.00 0.00 0.00 0.00 0.00
44.00 30.00 38.00 84.00 153.00 46.00 69.00 0.08 3.92 0.00 1.00 0.00 8.00 13.00 22.00 17.00 15.00 15.00 1.00 0.00 0.00 0.00 0.00
45.00 28.00 39.00 83.00 146.00 44.00 63.00 0.10 3.47 0.00 2.00 0.00 7.00 14.00 21.00 14.00 21.00 7.00 1.00 0.00 0.00 0.00 0.00
46.00 31.00 36.00 83.00 156.00 47.00 73.00 0.10 4.72 0.00 2.00 0.00 8.00 14.00 23.00 17.00 21.00 10.00 1.00 0.00 0.00 0.00 0.00
47.00 27.00 30.00 74.00 135.00 44.00 61.00 0.10 4.09 0.00 3.00 0.00 6.00 12.00 21.00 15.00 16.00 11.00 1.00 0.00 0.00 0.00 0.00
48.00 30.00 35.00 83.00 151.00 48.00 68.00 0.08 4.39 0.00 2.00 0.00 8.00 16.00 22.00 14.00 23.00 7.00 1.00 0.00 0.00 0.00 0.00
49.00 33.00 43.00 92.00 180.00 49.00 88.00 0.09 4.29 0.00 2.00 0.00 6.00 19.00 27.00 14.00 23.00 10.00 1.00 0.00 1.00 0.00 0.00
50.00 29.00 40.00 88.00 143.00 48.00 55.00 0.08 4.10 0.00 1.00 0.00 6.00 12.00 23.00 17.00 15.00 14.00 1.00 0.00 0.00 0.00 0.00
51.00 34.00 47.00 99.00 172.00 52.00 73.00 0.07 4.23 0.00 3.00 0.00 9.00 17.00 25.00 17.00 19.00 15.00 1.00 0.00 0.00 1.00 0.00
52.00 34.00 46.00 99.00 168.00 53.00 69.00 0.08 4.40 0.00 1.00 0.00 8.00 17.00 26.00 17.00 23.00 11.00 1.00 0.00 0.00 1.00 0.00
53.00 26.00 29.00 78.00 139.00 49.00 61.00 0.08 3.68 0.00 1.00 0.00 5.00 10.00 21.00 16.00 15.00 11.00 0.00 0.00 0.00 0.00 0.00
54.00 33.00 28.00 86.00 168.00 58.00 82.00 0.08 3.67 1.00 1.00 1.00 9.00 16.00 24.00 17.00 21.00 12.00 1.00 0.00 0.00 0.00 0.00
55.00 26.00 38.00 79.00 136.00 41.00 57.00 0.09 4.08 0.00 2.00 0.00 3.00 8.00 23.00 18.00 11.00 15.00 1.00 0.00 0.00 0.00 0.00
56.00 23.00 21.00 62.00 117.00 41.00 55.00 0.08 3.48 0.00 2.00 0.00 5.00 12.00 18.00 11.00 18.00 5.00 0.00 0.00 0.00 0.00 0.00
57.00 23.00 15.00 51.00 116.00 36.00 65.00 0.08 3.88 0.00 1.00 0.00 2.00 10.00 21.00 13.00 16.00 7.00 1.00 0.00 0.00 0.00 0.00
58.00 27.00 30.00 82.00 137.00 52.00 55.00 0.10 1.83 0.00 1.00 0.00 5.00 14.00 22.00 13.00 20.00 7.00 1.00 0.00 0.00 0.00 0.00
59.00 31.00 33.00 91.00 153.00 58.00 62.00 0.08 3.73 0.00 2.00 0.00 8.00 15.00 23.00 16.00 21.00 10.00 1.00 0.00 0.00 0.00 0.00
60.00 25.00 29.00 74.00 133.00 45.00 59.00 0.08 3.26 0.00 0.00 0.00 8.00 16.00 17.00 9.00 19.00 6.00 1.00 0.00 0.00 0.00 0.00
61.00 29.00 31.00 81.00 148.00 50.00 67.00 0.09 4.21 0.00 3.00 0.00 8.00 14.00 21.00 15.00 20.00 9.00 1.00 0.00 0.00 0.00 0.00
62.00 29.00 35.00 82.00 150.00 47.00 68.00 0.10 3.80 0.00 3.00 0.00 3.00 10.00 26.00 19.00 19.00 10.00 1.00 0.00 0.00 0.00 0.00
63.00 32.00 44.00 100.00 162.00 56.00 62.00 0.09 4.09 0.00 4.00 0.00 10.00 16.00 22.00 16.00 20.00 12.00 1.00 0.00 0.00 0.00 0.00
64.00 28.00 31.00 80.00 147.00 49.00 67.00 0.08 3.96 0.00 5.00 0.00 8.00 17.00 20.00 11.00 19.00 9.00 1.00 0.00 0.00 0.00 0.00
65.00 28.00 26.00 73.00 143.00 47.00 70.00 0.09 4.31 0.00 2.00 0.00 8.00 15.00 20.00 13.00 20.00 8.00 1.00 0.00 0.00 0.00 0.00
66.00 27.00 31.00 76.00 139.00 45.00 63.00 0.09 4.88 0.00 2.00 0.00 5.00 12.00 22.00 15.00 16.00 11.00 1.00 0.00 0.00 0.00 0.00
67.00 28.00 30.00 77.00 145.00 47.00 68.00 0.09 4.77 0.00 0.00 0.00 7.00 15.00 21.00 13.00 18.00 10.00 1.00 0.00 0.00 0.00 0.00
68.00 27.00 31.00 80.00 149.00 49.00 69.00 0.08 4.82 0.00 1.00 0.00 6.00 10.00 21.00 17.00 14.00 13.00 1.00 0.00 0.00 0.00 0.00
69.00 22.00 24.00 60.00 114.00 36.00 54.00 0.08 4.88 0.00 0.00 0.00 5.00 11.00 17.00 11.00 14.00 8.00 1.00 0.00 0.00 0.00 0.00
70.00 21.00 14.00 50.00 107.00 36.00 57.00 0.07 4.96 0.00 1.00 0.00 6.00 10.00 15.00 11.00 13.00 8.00 1.00 0.00 0.00 0.00 0.00
71.00 22.00 19.00 52.00 109.00 33.00 57.00 0.08 4.39 1.00 0.00 0.00 7.00 11.00 15.00 11.00 12.00 10.00 1.00 0.00 0.00 0.00 0.00
72.00 28.00 27.00 84.00 143.00 57.00 59.00 0.08 4.70 0.00 1.00 0.00 7.00 10.00 21.00 18.00 15.00 13.00 0.00 0.00 0.00 0.00 0.00
73.00 35.00 34.00 91.00 177.00 57.00 86.00 0.08 4.70 0.00 1.00 0.00 11.00 18.00 24.00 17.00 25.00 10.00 1.00 0.00 1.00 0.00 0.00
74.00 29.00 27.00 85.00 146.00 58.00 61.00 0.08 4.67 0.00 0.00 0.00 6.00 16.00 23.00 13.00 20.00 9.00 1.00 0.00 1.00 0.00 1.00
75.00 27.00 33.00 76.00 141.00 43.00 65.00 0.08 4.81 0.00 0.00 0.00 7.00 10.00 20.00 17.00 16.00 11.00 1.00 0.00 0.00 0.00 0.00
76.00 25.00 28.00 68.00 126.00 40.00 58.00 0.09 4.56 0.00 0.00 0.00 10.00 12.00 15.00 13.00 17.00 8.00 1.00 0.00 0.00 0.00 0.00
77.00 30.00 36.00 90.00 162.00 54.00 72.00 0.08 4.69 0.00 0.00 0.00 7.00 15.00 23.00 15.00 23.00 7.00 1.00 0.00 0.00 0.00 0.00
78.00 14.00 9.00 27.00 64.00 18.00 37.00 0.09 3.55 0.00 0.00 0.00 5.00 8.00 9.00 6.00 11.00 3.00 0.00 0.00 1.00 0.00 0.00
79.00 23.00 16.00 50.00 104.00 34.00 54.00 0.08 4.51 0.00 1.00 0.00 8.00 15.00 15.00 8.00 19.00 4.00 0.00 0.00 0.00 0.00 0.00
80.00 26.00 24.00 70.00 134.00 46.00 64.00 0.08 4.71 0.00 2.00 0.00 5.00 10.00 21.00 16.00 17.00 9.00 1.00 0.00 0.00 0.00 0.00
81.00 29.00 29.00 76.00 144.00 47.00 68.00 0.08 5.16 1.00 2.00 0.50 7.00 14.00 22.00 15.00 18.00 11.00 1.00 0.00 1.00 0.00 0.00
82.00 25.00 36.00 75.00 127.00 39.00 52.00 0.09 4.28 0.00 1.00 0.00 8.00 16.00 17.00 9.00 19.00 6.00 1.00 0.00 0.00 0.00 0.00
83.00 17.00 16.00 39.00 79.00 23.00 40.00 0.09 4.76 0.00 2.00 0.00 6.00 11.00 11.00 6.00 12.00 5.00 1.00 0.00 0.00 0.00 0.00
84.00 25.00 21.00 68.00 123.00 47.00 55.00 0.08 3.62 0.00 3.00 0.00 5.00 11.00 20.00 14.00 19.00 6.00 1.00 0.00 0.00 1.00 0.00
85.00 22.00 21.00 57.00 113.00 36.00 56.00 0.08 3.59 0.00 1.00 0.00 2.00 9.00 20.00 13.00 15.00 7.00 1.00 0.00 0.00 0.00 0.00
86.00 19.00 20.00 51.00 100.00 31.00 49.00 0.08 2.91 0.00 0.00 0.00 5.00 12.00 14.00 7.00 13.00 6.00 1.00 0.00 0.00 0.00 0.00
87.00 22.00 16.00 59.00 110.00 43.00 51.00 0.08 4.45 0.00 0.00 0.00 6.00 11.00 16.00 11.00 14.00 8.00 0.00 0.00 0.00 1.00 0.00
88.00 18.00 11.00 42.00 94.00 31.00 52.00 0.09 4.44 0.00 0.00 0.00 8.00 11.00 10.00 7.00 15.00 3.00 1.00 0.00 0.00 0.00 0.00
89.00 20.00 18.00 46.00 103.00 28.00 57.00 0.08 3.97 0.00 0.00 0.00 7.00 9.00 13.00 11.00 11.00 9.00 0.00 0.00 0.00 0.00 0.00
90.00 22.00 27.00 59.00 110.00 32.00 51.00 0.08 4.10 0.00 0.00 0.00 7.00 12.00 15.00 10.00 15.00 7.00 0.00 0.00 0.00 0.00 1.00
91.00 21.00 27.00 57.00 112.00 30.00 55.00 0.08 4.03 0.00 0.00 0.00 7.00 10.00 14.00 11.00 15.00 6.00 0.00 0.00 0.00 0.00 0.00
92.00 19.00 9.00 37.00 86.00 28.00 49.00 0.08 4.07 0.00 1.00 0.00 7.00 14.00 12.00 5.00 18.00 1.00 0.00 0.00 0.00 0.00 1.00
93.00 26.00 22.00 66.00 121.00 44.00 55.00 0.09 3.82 0.00 1.00 0.00 8.00 15.00 18.00 11.00 19.00 7.00 1.00 0.00 0.00 0.00 0.00
94.00 10.00 2.00 16.00 52.00 14.00 36.00 0.08 2.01 0.00 1.00 0.00 2.00 5.00 8.00 5.00 7.00 3.00 0.00 0.00 0.00 0.00 0.00
95.00 18.00 12.00 39.00 90.00 27.00 51.00 0.08 2.37 0.00 0.00 0.00 3.00 6.00 15.00 12.00 12.00 6.00 0.00 0.00 0.00 1.00 0.00
96.00 22.00 23.00 60.00 116.00 37.00 56.00 0.07 3.54 0.00 2.00 0.00 7.00 9.00 15.00 13.00 13.00 9.00 1.00 0.00 0.00 0.00 0.00
97.00 16.00 7.00 33.00 82.00 26.00 49.00 0.08 3.85 0.00 0.00 0.00 5.00 10.00 11.00 6.00 13.00 3.00 0.00 0.00 0.00 0.00 0.00
98.00 16.00 11.00 36.00 82.00 25.00 46.00 0.09 3.20 0.00 2.00 0.00 1.00 9.00 15.00 7.00 12.00 4.00 1.00 0.00 0.00 0.00 0.00
99.00 20.00 18.00 45.00 96.00 27.00 51.00 0.08 3.41 0.00 1.00 0.00 5.00 10.00 15.00 10.00 13.00 7.00 0.00 0.00 0.00 1.00 0.00
100.00 24.00 29.00 62.00 118.00 33.00 56.00 0.07 3.81 0.00 0.00 0.00 6.00 13.00 18.00 11.00 19.00 5.00 0.00 0.00 0.00 0.00 0.00
101.00 24.00 25.00 62.00 120.00 37.00 58.00 0.08 4.45 0.00 1.00 0.00 6.00 11.00 18.00 13.00 16.00 8.00 0.00 0.00 0.00 0.00 0.00
102.00 18.00 14.00 45.00 84.00 31.00 39.00 0.08 4.01 0.00 0.00 0.00 3.00 10.00 15.00 8.00 12.00 6.00 0.00 0.00 0.00 0.00 0.00
103.00 19.00 17.00 49.00 94.00 32.00 45.00 0.09 3.97 0.00 1.00 0.00 5.00 11.00 14.00 8.00 15.00 4.00 0.00 0.00 0.00 0.00 0.00
104.00 21.00 25.00 55.00 100.00 30.00 45.00 0.08 4.79 0.00 0.00 0.00 8.00 11.00 13.00 10.00 13.00 8.00 0.00 0.00 0.00 0.00 0.00
105.00 23.00 24.00 56.00 111.00 32.00 55.00 0.09 3.95 0.00 0.00 0.00 8.00 12.00 15.00 11.00 17.00 6.00 0.00 0.00 0.00 0.00 0.00
106.00 10.00 4.00 18.00 41.00 14.00 23.00 0.07 5.55 0.00 0.00 0.00 3.00 5.00 7.00 5.00 9.00 1.00 0.00 0.00 0.00 1.00 0.00
107.00 21.00 20.00 50.00 105.00 30.00 55.00 0.09 4.72 0.00 1.00 0.00 4.00 10.00 17.00 11.00 14.00 7.00 0.00 0.00 0.00 0.00 0.00
108.00 18.00 10.00 37.00 81.00 27.00 44.00 0.10 4.27 1.00 1.00 1.00 4.00 11.00 14.00 7.00 14.00 4.00 0.00 0.00 0.00 0.00 0.00
109.00 19.00 19.00 50.00 93.00 31.00 43.00 0.10 4.79 1.00 2.00 0.50 8.00 11.00 11.00 8.00 13.00 6.00 0.00 0.00 0.00 0.00 0.00
110.00 16.00 10.00 43.00 84.00 33.00 41.00 0.09 4.33 1.00 0.00 0.00 4.00 8.00 12.00 8.00 12.00 4.00 0.00 0.00 1.00 0.00 0.00
111.00 20.00 22.00 49.00 97.00 27.00 48.00 0.08 4.81 1.00 1.00 1.00 3.00 7.00 17.00 13.00 12.00 8.00 0.00 0.00 1.00 0.00 0.00
112.00 18.00 18.00 47.00 92.00 29.00 45.00 0.09 5.09 1.00 0.00 0.00 4.00 10.00 14.00 8.00 15.00 3.00 0.00 0.00 1.00 0.00 0.00
113.00 16.00 8.00 30.00 76.00 22.00 46.00 0.09 5.01 0.00 0.00 0.00 4.00 9.00 12.00 7.00 12.00 4.00 0.00 0.00 1.00 0.00 0.00
114.00 19.00 20.00 52.00 96.00 32.00 44.00 0.07 4.54 0.00 0.00 0.00 7.00 10.00 12.00 9.00 14.00 5.00 0.00 0.00 1.00 0.00 0.00
115.00 21.00 14.00 52.00 102.00 38.00 50.00 0.07 4.73 0.00 0.00 0.00 4.00 8.00 17.00 13.00 14.00 7.00 0.00 0.00 1.00 0.00 0.00
116.00 19.00 24.00 53.00 99.00 29.00 46.00 0.08 4.55 1.00 0.00 0.00 5.00 9.00 14.00 10.00 13.00 6.00 0.00 0.00 2.00 0.00 0.00
117.00 10.00 4.00 19.00 47.00 15.00 28.00 0.09 4.86 0.00 0.00 0.00 1.00 7.00 9.00 3.00 8.00 2.00 0.00 0.00 0.00 0.00 0.00
118.00 13.00 8.00 27.00 60.00 19.00 33.00 0.08 4.61 0.00 0.00 0.00 4.00 9.00 9.00 4.00 11.00 2.00 0.00 0.00 0.00 0.00 0.00
119.00 13.00 12.00 30.00 64.00 18.00 34.00 0.08 4.21 0.00 0.00 0.00 2.00 7.00 11.00 6.00 11.00 2.00 0.00 0.00 0.00 0.00 0.00
120.00 16.00 8.00 25.00 74.00 17.00 49.00 0.08 2.97 0.00 0.00 0.00 6.00 11.00 10.00 5.00 12.00 4.00 0.00 0.00 0.00 1.00 0.00
121.00 15.00 14.00 33.00 73.00 19.00 40.00 0.09 3.15 0.00 0.00 0.00 6.00 11.00 9.00 4.00 14.00 1.00 0.00 0.00 0.00 1.00 0.00
122.00 19.00 16.00 42.00 86.00 26.00 44.00 0.09 3.26 0.00 0.00 0.00 5.00 13.00 14.00 6.00 16.00 3.00 0.00 0.00 0.00 0.00 0.00
123.00 11.00 3.00 16.00 49.00 13.00 33.00 0.09 2.94 0.00 0.00 0.00 4.00 7.00 7.00 4.00 10.00 1.00 0.00 0.00 0.00 0.00 0.00
124.00 14.00 6.00 30.00 69.00 24.00 39.00 0.10 3.84 0.00 0.00 0.00 6.00 7.00 8.00 7.00 11.00 3.00 0.00 0.00 0.00 0.00 0.00
125.00 17.00 15.00 36.00 83.00 21.00 47.00 0.09 3.53 1.00 1.00 1.00 8.00 11.00 9.00 6.00 14.00 3.00 0.00 0.00 0.00 0.00 0.00
126.00 14.00 7.00 29.00 65.00 22.00 36.00 0.08 2.77 0.00 1.00 0.00 6.00 10.00 8.00 4.00 12.00 2.00 0.00 0.00 0.00 0.00 0.00
127.00 20.00 17.00 47.00 89.00 30.00 42.00 0.09 3.11 0.00 1.00 0.00 7.00 12.00 13.00 8.00 14.00 6.00 0.00 0.00 0.00 0.00 0.00
128.00 15.00 14.00 34.00 67.00 20.00 33.00 0.08 4.68 0.00 0.00 0.00 7.00 8.00 8.00 7.00 12.00 3.00 0.00 0.00 0.00 0.00 0.00
129.00 14.00 10.00 28.00 64.00 18.00 36.00 0.08 5.06 0.00 0.00 0.00 5.00 8.00 9.00 6.00 12.00 2.00 0.00 0.00 0.00 0.00 0.00
130.00 8.00 2.00 12.00 36.00 10.00 24.00 0.10 2.52 0.00 1.00 0.00 3.00 6.00 5.00 2.00 7.00 1.00 0.00 0.00 0.00 0.00 0.00
131.00 17.00 18.00 43.00 82.00 25.00 39.00 0.07 4.94 0.00 0.00 0.00 4.00 11.00 13.00 6.00 14.00 3.00 0.00 0.00 0.00 0.00 0.00
132.00 15.00 17.00 37.00 70.00 20.00 33.00 0.09 5.14 0.00 0.00 0.00 6.00 10.00 9.00 5.00 11.00 4.00 0.00 0.00 0.00 0.00 0.00
133.00 17.00 14.00 41.00 87.00 27.00 46.00 0.07 5.02 0.00 0.00 0.00 4.00 8.00 13.00 9.00 11.00 6.00 0.00 0.00 0.00 0.00 0.00
134.00 12.00 9.00 26.00 56.00 17.00 30.00 0.10 4.83 0.00 0.00 0.00 3.00 6.00 9.00 6.00 6.00 6.00 0.00 0.00 0.00 0.00 0.00
135.00 16.00 13.00 33.00 70.00 20.00 37.00 0.08 4.91 0.00 0.00 0.00 6.00 9.00 10.00 7.00 12.00 4.00 0.00 0.00 0.00 0.00 0.00
136.00 8.00 4.00 14.00 39.00 10.00 25.00 0.09 4.94 0.00 0.00 0.00 4.00 5.00 4.00 3.00 7.00 1.00 0.00 0.00 0.00 0.00 0.00
137.00 14.00 9.00 32.00 69.00 23.00 37.00 0.08 4.13 0.00 0.00 0.00 4.00 10.00 10.00 4.00 12.00 2.00 0.00 0.00 0.00 0.00 0.00
138.00 16.00 13.00 37.00 74.00 24.00 37.00 0.08 5.00 0.00 0.00 0.00 5.00 9.00 11.00 7.00 10.00 6.00 0.00 0.00 0.00 0.00 0.00
139.00 10.00 8.00 24.00 47.00 16.00 23.00 0.07 4.81 0.00 0.00 0.00 5.00 7.00 5.00 3.00 7.00 3.00 0.00 0.00 1.00 0.00 0.00
140.00 11.00 10.00 29.00 52.00 19.00 23.00 0.09 4.86 0.00 0.00 0.00 5.00 6.00 6.00 5.00 7.00 4.00 0.00 0.00 0.00 0.00 0.00
141.00 18.00 13.00 39.00 82.00 26.00 43.00 0.08 4.71 0.00 0.00 0.00 7.00 11.00 11.00 7.00 13.00 5.00 0.00 0.00 0.00 0.00 0.00
142.00 6.00 1.00 9.00 24.00 8.00 15.00 0.08 3.05 0.00 0.00 0.00 3.00 5.00 3.00 1.00 6.00 0.00 0.00 0.00 0.00 0.00 0.00
143.00 6.00 0.00 3.00 19.00 3.00 16.00 0.08 2.97 0.00 0.00 0.00 3.00 5.00 3.00 1.00 6.00 0.00 0.00 0.00 0.00 0.00 0.00
144.00 12.00 4.00 21.00 54.00 17.00 33.00 0.06 4.52 0.00 0.00 0.00 2.00 8.00 10.00 4.00 10.00 2.00 0.00 0.00 0.00 0.00 0.00
145.00 9.00 6.00 20.00 42.00 14.00 22.00 0.09 4.59 0.00 0.00 0.00 3.00 5.00 6.00 4.00 7.00 2.00 0.00 0.00 0.00 0.00 0.00
146.00 9.00 0.00 13.00 35.00 13.00 22.00 0.08 4.88 0.00 0.00 0.00 5.00 6.00 4.00 3.00 9.00 0.00 0.00 0.00 0.00 0.00 0.00
147.00 6.00 1.00 7.00 27.00 6.00 20.00 0.08 4.77 0.00 0.00 0.00 3.00 5.00 3.00 1.00 6.00 0.00 0.00 0.00 0.00 0.00 0.00
148.00 15.00 7.00 22.00 66.00 15.00 44.00 0.09 4.06 0.00 0.00 0.00 8.00 10.00 7.00 5.00 11.00 4.00 0.00 0.00 1.00 0.00 0.00
149.00 16.00 5.00 34.00 81.00 29.00 47.00 0.09 3.94 0.00 1.00 0.00 4.00 6.00 12.00 10.00 11.00 5.00 0.00 0.00 1.00 0.00 0.00
150.00 17.00 5.00 38.00 82.00 33.00 44.00 0.09 3.32 0.00 0.00 0.00 4.00 7.00 13.00 10.00 11.00 6.00 0.00 0.00 0.00 0.00 0.00
151.00 8.00 4.00 13.00 38.00 9.00 25.00 0.07 3.88 0.00 0.00 0.00 4.00 6.00 4.00 2.00 6.00 2.00 0.00 0.00 0.00 0.00 0.00
152.00 7.00 0.00 11.00 30.00 11.00 19.00 0.08 4.38 0.00 0.00 0.00 3.00 3.00 4.00 4.00 6.00 1.00 0.00 0.00 0.00 0.00 0.00
153.00 8.00 4.00 15.00 38.00 11.00 23.00 0.08 3.70 0.00 0.00 0.00 2.00 6.00 6.00 2.00 7.00 1.00 0.00 0.00 0.00 0.00 0.00
154.00 5.00 0.00 2.00 17.00 2.00 15.00 0.08 4.56 0.00 0.00 0.00 2.00 5.00 3.00 0.00 5.00 0.00 0.00 0.00 0.00 0.00 0.00
155.00 6.00 3.00 11.00 27.00 8.00 16.00 0.09 5.39 0.00 1.00 0.00 3.00 5.00 3.00 1.00 6.00 0.00 0.00 0.00 0.00 0.00 0.00
156.00 5.00 1.00 6.00 23.00 5.00 17.00 0.08 5.04 0.00 0.00 0.00 1.00 2.00 4.00 3.00 5.00 0.00 0.00 0.00 0.00 0.00 0.00
157.00 11.00 6.00 22.00 50.00 16.00 28.00 0.09 5.11 0.00 0.00 0.00 5.00 8.00 6.00 3.00 11.00 0.00 0.00 0.00 0.00 0.00 0.00
158.00 3.00 0.00 0.00 3.00 0.00 3.00 0.09 0.10 0.00 0.00 0.00 2.00 3.00 1.00 0.00 3.00 0.00 0.00 0.00 0.00 0.00 0.00
159.00 4.00 0.00 2.00 10.00 2.00 8.00 0.06 3.94 0.00 0.00 0.00 2.00 4.00 2.00 0.00 4.00 0.00 0.00 0.00 0.00 0.00 0.00
160.00 9.00 2.00 10.00 35.00 8.00 25.00 0.09 4.35 0.00 0.00 0.00 3.00 8.00 6.00 1.00 8.00 1.00 0.00 0.00 0.00 0.00 0.00
161.00 6.00 1.00 7.00 22.00 6.00 15.00 0.07 4.79 0.00 0.00 0.00 2.00 5.00 4.00 1.00 5.00 1.00 0.00 0.00 0.00 0.00 0.00
