0.00 6.00 0.00 6.00 25.00 6.00 19.00 0.10 3.25 0.00 0.00 0.00 4.00 4.00 2.00 2.00 6.00 0.00 0.00 0.00 0.00 0.00 0.00
1.00 6.00 1.00 8.00 23.00 7.00 15.00 0.09 4.87 0.00 1.00 0.00 3.00 5.00 3.00 1.00 6.00 0.00 0.00 0.00 0.00 0.00 0.00
2.00 11.00 3.00 19.00 45.00 16.00 26.00 0.08 5.13 0.00 0.00 0.00 4.00 7.00 7.00 4.00 11.00 0.00 0.00 0.00 0.00 0.00 0.00
3.00 8.00 0.00 6.00 30.00 6.00 24.00 0.08 3.87 0.00 1.00 0.00 3.00 6.00 5.00 2.00 7.00 1.00 0.00 0.00 0.00 0.00 0.00
4.00 12.00 9.00 27.00 57.00 18.00 30.00 0.08 4.90 0.00 1.00 0.00 4.00 7.00 8.00 5.00 9.00 3.00 0.00 0.00 0.00 0.00 0.00
5.00 15.00 13.00 37.00 72.00 24.00 35.00 0.10 4.67 0.00 0.00 0.00 4.00 8.00 11.00 7.00 11.00 4.00 0.00 0.00 0.00 0.00 0.00
6.00 13.00 9.00 32.00 62.00 23.00 30.00 0.08 4.59 0.00 0.00 0.00 5.00 7.00 8.00 6.00 9.00 4.00 0.00 0.00 0.00 0.00 0.00
7.00 14.00 11.00 31.00 65.00 20.00 34.00 0.09 4.82 0.00 2.00 0.00 6.00 11.00 8.00 3.00 13.00 1.00 0.00 0.00 0.00 0.00 0.00
8.00 13.00 12.00 33.00 63.00 21.00 30.00 0.08 4.25 0.00 2.00 0.00 6.00 9.00 7.00 4.00 11.00 2.00 0.00 0.00 0.00 0.00 0.00
9.00 13.00 10.00 33.00 63.00 23.00 30.00 0.09 5.00 0.00 2.00 0.00 6.00 11.00 7.00 2.00 12.00 1.00 0.00 0.00 0.00 0.00 0.00
10.00 12.00 8.00 26.00 58.00 18.00 32.00 0.10 3.99 0.00 2.00 0.00 5.00 8.00 7.00 4.00 9.00 3.00 0.00 0.00 0.00 0.00 0.00
11.00 13.00 7.00 27.00 61.00 20.00 34.00 0.09 4.07 0.00 2.00 0.00 5.00 8.00 8.00 5.00 9.00 4.00 0.00 0.00 0.00 0.00 0.00
12.00 17.00 13.00 40.00 80.00 27.00 40.00 0.08 4.79 0.00 1.00 0.00 5.00 9.00 12.00 8.00 11.00 6.00 0.00 0.00 0.00 0.00 0.00
13.00 12.00 8.00 27.00 52.00 19.00 25.00 0.09 4.62 0.00 1.00 0.00 7.00 11.00 5.00 1.00 11.00 1.00 0.00 0.00 0.00 0.00 0.00
14.00 12.00 7.00 27.00 57.00 20.00 30.00 0.08 4.65 0.00 0.00 0.00 3.00 5.00 9.00 7.00 10.00 2.00 0.00 0.00 0.00 0.00 0.00
15.00 12.00 10.00 29.00 58.00 19.00 29.00 0.09 5.06 0.00 1.00 0.00 3.00 5.00 9.00 7.00 7.00 5.00 0.00 0.00 0.00 0.00 0.00
16.00 13.00 10.00 32.00 65.00 22.00 33.00 0.07 5.05 0.00 1.00 0.00 2.00 4.00 11.00 9.00 8.00 5.00 0.00 0.00 0.00 0.00 0.00
17.00 14.00 9.00 30.00 66.00 21.00 36.00 0.08 4.24 0.00 1.00 0.00 7.00 11.00 7.00 3.00 11.00 3.00 0.00 0.00 0.00 0.00 0.00
18.00 17.00 15.00 42.00 82.00 27.00 40.00 0.09 4.75 0.00 1.00 0.00 5.00 10.00 12.00 7.00 14.00 3.00 0.00 0.00 0.00 0.00 0.00
19.00 12.00 11.00 26.00 58.00 15.00 32.00 0.09 4.43 0.00 2.00 0.00 4.00 8.00 8.00 4.00 11.00 1.00 0.00 0.00 0.00 0.00 0.00
20.00 16.00 8.00 36.00 76.00 28.00 40.00 0.08 4.91 0.00 0.00 0.00 1.00 11.00 15.00 5.00 14.00 2.00 0.00 0.00 0.00 0.00 0.00
21.00 10.00 8.00 18.00 43.00 10.00 25.00 0.08 0.27 0.00 1.00 0.00 4.00 8.00 6.00 2.00 9.00 1.00 0.00 0.00 0.00 0.00 0.00
22.00 16.00 15.00 45.00 82.00 30.00 37.00 0.09 4.65 0.00 2.00 0.00 9.00 14.00 7.00 2.00 14.00 2.00 0.00 0.00 0.00 0.00 0.00
23.00 7.00 2.00 7.00 32.00 5.00 25.00 0.09 3.76 0.00 1.00 0.00 4.00 6.00 3.00 1.00 6.00 1.00 0.00 0.00 0.00 0.00 0.00
24.00 19.00 21.00 47.00 89.00 26.00 42.00 0.08 4.83 0.00 2.00 0.00 6.00 10.00 13.00 9.00 13.00 6.00 0.00 0.00 0.00 0.00 0.00
25.00 20.00 24.00 54.00 97.00 30.00 43.00 0.10 4.62 0.00 2.00 0.00 2.00 7.00 18.00 13.00 11.00 9.00 0.00 0.00 0.00 0.00 0.00
26.00 11.00 8.00 26.00 52.00 18.00 26.00 0.09 1.84 0.00 1.00 0.00 3.00 7.00 8.00 4.00 8.00 3.00 0.00 0.00 0.00 0.00 0.00
27.00 21.00 15.00 49.00 101.00 34.00 52.00 0.09 4.74 0.00 2.00 0.00 6.00 9.00 15.00 12.00 13.00 8.00 0.00 0.00 0.00 0.00 0.00
28.00 16.00 14.00 41.00 82.00 27.00 41.00 0.10 4.52 0.00 2.00 0.00 1.00 8.00 15.00 8.00 13.00 3.00 0.00 0.00 0.00 0.00 0.00
29.00 18.00 17.00 44.00 83.00 27.00 39.00 0.09 4.83 0.00 3.00 0.00 6.00 10.00 12.00 8.00 14.00 4.00 0.00 0.00 0.00 0.00 0.00
30.00 15.00 13.00 37.00 73.00 24.00 36.00 0.09 4.47 0.00 3.00 0.00 5.00 9.00 10.00 6.00 12.00 3.00 0.00 0.00 0.00 0.00 0.00
31.00 19.00 24.00 52.00 94.00 28.00 42.00 0.09 3.83 0.00 2.00 0.00 4.00 8.00 15.00 11.00 12.00 7.00 0.00 0.00 0.00 0.00 0.00
32.00 19.00 21.00 45.00 87.00 24.00 42.00 0.08 4.51 0.00 2.00 0.00 5.00 10.00 14.00 9.00 11.00 8.00 0.00 0.00 0.00 0.00 0.00
33.00 14.00 12.00 33.00 64.00 21.00 31.00 0.07 3.55 0.00 2.00 0.00 2.00 8.00 12.00 6.00 11.00 3.00 0.00 0.00 0.00 0.00 0.00
34.00 18.00 25.00 50.00 90.00 25.00 40.00 0.07 4.79 0.00 2.00 0.00 6.00 10.00 12.00 8.00 12.00 6.00 0.00 0.00 1.00 0.00 0.00
35.00 15.00 14.00 39.00 73.00 25.00 34.00 0.07 4.64 0.00 3.00 0.00 3.00 8.00 12.00 7.00 11.00 4.00 0.00 0.00 0.00 1.00 0.00
36.00 17.00 22.00 46.00 81.00 24.00 35.00 0.09 4.13 0.00 1.00 0.00 4.00 6.00 13.00 11.00 9.00 8.00 0.00 0.00 0.00 0.00 0.00
37.00 19.00 28.00 56.00 90.00 28.00 34.00 0.08 3.78 0.00 1.00 0.00 7.00 11.00 12.00 8.00 13.00 6.00 0.00 0.00 1.00 0.00 0.00
38.00 18.00 23.00 48.00 92.00 25.00 44.00 0.08 3.83 0.00 1.00 0.00 4.00 9.00 14.00 9.00 13.00 5.00 0.00 0.00 0.00 0.00 0.00
39.00 20.00 21.00 47.00 92.00 26.00 45.00 0.09 3.19 0.00 1.00 0.00 4.00 7.00 16.00 13.00 14.00 6.00 0.00 0.00 0.00 0.00 0.00
40.00 22.00 25.00 60.00 107.00 35.00 47.00 0.08 4.17 0.00 1.00 0.00 3.00 14.00 19.00 8.00 14.00 8.00 0.00 0.00 0.00 1.00 0.00
41.00 18.00 24.00 52.00 89.00 28.00 37.00 0.09 4.53 0.00 1.00 0.00 6.00 8.00 12.00 10.00 11.00 7.00 0.00 0.00 0.00 0.00 0.00
42.00 24.00 25.00 68.00 127.00 43.00 59.00 0.09 4.43 0.00 1.00 0.00 8.00 10.00 16.00 14.00 12.00 12.00 0.00 0.00 0.00 0.00 0.00
43.00 26.00 27.00 66.00 128.00 39.00 62.00 0.08 3.79 0.00 1.00 0.00 8.00 13.00 18.00 13.00 16.00 10.00 1.00 0.00 2.00 0.00 0.00
44.00 21.00 23.00 56.00 98.00 33.00 42.00 0.07 4.05 0.00 1.00 0.00 9.00 15.00 12.00 6.00 16.00 5.00 0.00 0.00 1.00 0.00 0.00
45.00 27.00 26.00 61.00 127.00 35.00 66.00 0.09 3.65 0.00 2.00 0.00 7.00 16.00 20.00 11.00 22.00 5.00 0.00 0.00 0.00 0.00 0.00
46.00 16.00 19.00 40.00 77.00 21.00 37.00 0.09 4.39 0.00 2.00 0.00 7.00 10.00 9.00 6.00 10.00 6.00 0.00 0.00 0.00 0.00 0.00
47.00 23.00 20.00 59.00 122.00 39.00 63.00 0.10 4.37 0.00 1.00 0.00 7.00 15.00 16.00 8.00 18.00 5.00 0.00 0.00 0.00 0.00 0.00
48.00 10.00 3.00 17.00 47.00 14.00 30.00 0.10 4.88 0.00 0.00 0.00 4.00 6.00 6.00 4.00 7.00 3.00 0.00 0.00 0.00 0.00 0.00
49.00 22.00 25.00 58.00 109.00 33.00 51.00 0.08 3.40 0.00 1.00 0.00 3.00 9.00 19.00 13.00 15.00 7.00 0.00 0.00 0.00 0.00 0.00
50.00 19.00 28.00 57.00 99.00 29.00 42.00 0.08 2.01 0.00 3.00 0.00 1.00 3.00 18.00 16.00 9.00 10.00 0.00 0.00 0.00 0.00 1.00
51.00 23.00 28.00 61.00 118.00 33.00 57.00 0.07 3.80 0.00 2.00 0.00 5.00 9.00 18.00 14.00 11.00 12.00 0.00 0.00 0.00 0.00 0.00
52.00 24.00 31.00 63.00 114.00 32.00 51.00 0.10 2.89 0.00 3.00 0.00 4.00 9.00 20.00 15.00 14.00 10.00 0.00 0.00 0.00 0.00 0.00
53.00 24.00 34.00 68.00 120.00 34.00 52.00 0.08 3.33 0.00 2.00 0.00 8.00 13.00 16.00 11.00 17.00 7.00 0.00 0.00 0.00 0.00 0.00
54.00 26.00 35.00 73.00 134.00 38.00 61.00 0.09 3.73 0.00 2.00 0.00 6.00 15.00 20.00 11.00 17.00 9.00 0.00 0.00 0.00 0.00 0.00
55.00 30.00 30.00 82.00 145.00 52.00 63.00 0.10 4.01 0.00 4.00 0.00 10.00 18.00 20.00 12.00 22.00 8.00 0.00 0.00 1.00 0.00 0.00
56.00 28.00 34.00 80.00 139.00 46.00 59.00 0.08 4.08 0.00 2.00 0.00 8.00 14.00 20.00 14.00 16.00 12.00 0.00 0.00 0.00 0.00 0.00
57.00 32.00 41.00 82.00 161.00 41.00 79.00 0.09 3.93 0.00 4.00 0.00 8.00 16.00 24.00 16.00 17.00 15.00 0.00 0.00 0.00 0.00 0.00
58.00 32.00 42.00 93.00 158.00 51.00 65.00 0.08 3.58 0.00 4.00 0.00 10.00 13.00 22.00 19.00 20.00 12.00 0.00 0.00 0.00 0.00 0.00
59.00 30.00 37.00 89.00 154.00 52.00 65.00 0.09 3.94 0.00 4.00 0.00 5.00 12.00 25.00 18.00 15.00 15.00 0.00 0.00 0.00 0.00 0.00
60.00 33.00 44.00 98.00 165.00 54.00 67.00 0.09 4.17 0.00 5.00 0.00 8.00 13.00 25.00 20.00 20.00 13.00 0.00 0.00 0.00 0.00 0.00
61.00 31.00 32.00 87.00 166.00 55.00 79.00 0.08 4.50 0.00 4.00 0.00 5.00 13.00 26.00 18.00 16.00 15.00 0.00 0.00 2.00 0.00 0.00
62.00 33.00 47.00 100.00 171.00 53.00 71.00 0.08 3.89 0.00 3.00 0.00 4.00 13.00 29.00 20.00 20.00 13.00 0.00 0.00 0.00 1.00 0.00
63.00 34.00 50.00 103.00 168.00 53.00 65.00 0.07 4.46 0.00 3.00 0.00 6.00 11.00 28.00 23.00 17.00 17.00 0.00 0.00 0.00 0.00 0.00
64.00 33.00 46.00 96.00 168.00 50.00 72.00 0.08 4.43 1.00 3.00 0.33 9.00 17.00 24.00 16.00 23.00 10.00 0.00 0.00 0.00 0.00 0.00
65.00 34.00 47.00 98.00 171.00 51.00 73.00 0.10 4.34 0.00 3.00 0.00 7.00 12.00 27.00 22.00 18.00 16.00 0.00 0.00 0.00 0.00 0.00
66.00 38.00 30.00 90.00 183.00 60.00 93.00 0.08 4.23 0.00 3.00 0.00 10.00 19.00 28.00 19.00 24.00 14.00 0.00 0.00 1.00 0.00 0.00
67.00 41.00 65.00 124.00 210.00 59.00 86.00 0.09 3.83 1.00 4.00 0.25 7.00 15.00 34.00 26.00 26.00 15.00 0.00 0.00 1.00 0.00 0.00
68.00 41.00 56.00 113.00 192.00 57.00 79.00 0.08 4.04 1.00 4.00 0.25 7.00 16.00 34.00 25.00 24.00 17.00 0.00 0.00 0.00 0.00 1.00
69.00 33.00 46.00 98.00 168.00 52.00 70.00 0.08 3.93 1.00 3.00 0.33 7.00 13.00 26.00 20.00 19.00 14.00 0.00 0.00 0.00 0.00 0.00
70.00 29.00 32.00 83.00 151.00 51.00 68.00 0.09 4.27 1.00 6.00 0.17 8.00 12.00 21.00 17.00 18.00 11.00 0.00 0.00 0.00 0.00 0.00
71.00 30.00 39.00 87.00 153.00 48.00 66.00 0.09 4.01 1.00 4.00 0.25 7.00 13.00 23.00 17.00 19.00 11.00 0.00 0.00 0.00 0.00 0.00
72.00 29.00 40.00 89.00 154.00 49.00 65.00 0.09 4.14 1.00 3.00 0.33 3.00 8.00 26.00 21.00 13.00 16.00 0.00 0.00 0.00 0.00 0.00
73.00 32.00 43.00 99.00 160.00 56.00 61.00 0.08 4.34 1.00 3.00 0.33 7.00 14.00 25.00 18.00 17.00 15.00 0.00 0.00 0.00 0.00 0.00
74.00 30.00 46.00 90.00 154.00 44.00 64.00 0.10 4.44 1.00 4.00 0.25 7.00 15.00 23.00 15.00 20.00 10.00 0.00 0.00 0.00 0.00 0.00
75.00 32.00 51.00 99.00 161.00 48.00 62.00 0.08 4.50 0.00 4.00 0.00 6.00 9.00 26.00 23.00 12.00 20.00 0.00 0.00 0.00 0.00 0.00
76.00 28.00 35.00 80.00 141.00 45.00 61.00 0.10 3.45 0.00 3.00 0.00 6.00 9.00 22.00 19.00 13.00 15.00 0.00 0.00 0.00 0.00 0.00
77.00 30.00 41.00 84.00 146.00 43.00 62.00 0.07 4.56 0.00 2.00 0.00 6.00 16.00 24.00 14.00 19.00 11.00 0.00 0.00 0.00 1.00 0.00
78.00 23.00 30.00 67.00 123.00 37.00 56.00 0.08 4.67 0.00 2.00 0.00 3.00 9.00 20.00 14.00 13.00 10.00 0.00 0.00 0.00 1.00 0.00
79.00 25.00 25.00 67.00 126.00 42.00 59.00 0.09 4.32 0.00 1.00 0.00 6.00 14.00 19.00 11.00 18.00 7.00 0.00 0.00 0.00 1.00 0.00
80.00 30.00 40.00 90.00 154.00 50.00 64.00 0.10 4.43 0.00 3.00 0.00 9.00 13.00 21.00 17.00 20.00 10.00 0.00 0.00 1.00 0.00 0.00
81.00 27.00 29.00 79.00 142.00 50.00 63.00 0.09 4.60 0.00 1.00 0.00 6.00 9.00 21.00 18.00 16.00 11.00 0.00 0.00 0.00 0.00 0.00
82.00 31.00 30.00 86.00 153.00 56.00 67.00 0.08 4.55 1.00 2.00 0.50 9.00 16.00 22.00 15.00 20.00 11.00 0.00 0.00 0.00 0.00 0.00
83.00 23.00 28.00 61.00 118.00 33.00 57.00 0.09 4.52 1.00 2.00 0.50 4.00 9.00 19.00 14.00 11.00 12.00 0.00 0.00 0.00 0.00 0.00
84.00 33.00 39.00 92.00 172.00 53.00 80.00 0.08 4.48 0.00 3.00 0.00 5.00 13.00 28.00 20.00 20.00 13.00 0.00 0.00 0.00 0.00 0.00
85.00 32.00 51.00 88.00 164.00 37.00 76.00 0.09 4.57 0.00 3.00 0.00 7.00 12.00 25.00 20.00 21.00 11.00 0.00 0.00 0.00 0.00 0.00
86.00 29.00 38.00 87.00 148.00 49.00 61.00 0.07 4.56 0.00 5.00 0.00 10.00 15.00 19.00 14.00 22.00 7.00 0.00 0.00 0.00 1.00 0.00
87.00 33.00 47.00 93.00 169.00 46.00 76.00 0.07 4.47 1.00 3.00 0.33 9.00 16.00 24.00 17.00 23.00 10.00 0.00 0.00 0.00 0.00 0.00
88.00 27.00 32.00 80.00 138.00 48.00 58.00 0.08 4.69 1.00 2.00 0.50 3.00 9.00 24.00 18.00 13.00 14.00 0.00 0.00 0.00 0.00 0.00
89.00 36.00 37.00 88.00 170.00 51.00 82.00 0.09 4.50 1.00 3.00 0.33 11.00 20.00 25.00 16.00 26.00 10.00 0.00 0.00 0.00 0.00 1.00
90.00 20.00 19.00 43.00 104.00 24.00 61.00 0.09 4.55 1.00 2.00 0.50 4.00 9.00 16.00 11.00 12.00 8.00 0.00 0.00 0.00 0.00 0.00
91.00 16.00 14.00 41.00 73.00 27.00 32.00 0.08 4.71 0.00 2.00 0.00 4.00 11.00 12.00 5.00 13.00 3.00 0.00 0.00 0.00 0.00 0.00
92.00 25.00 28.00 65.00 122.00 37.00 57.00 0.09 4.44 0.00 3.00 0.00 8.00 12.00 17.00 13.00 18.00 7.00 0.00 0.00 0.00 0.00 0.00
93.00 26.00 40.00 83.00 135.00 43.00 52.00 0.08 4.25 0.00 3.00 0.00 5.00 12.00 21.00 14.00 14.00 12.00 0.00 0.00 0.00 0.00 0.00
94.00 26.00 28.00 75.00 135.00 47.00 60.00 0.09 4.02 0.00 3.00 0.00 7.00 10.00 19.00 16.00 15.00 11.00 0.00 0.00 0.00 0.00 0.00
95.00 29.00 34.00 79.00 149.00 45.00 70.00 0.09 3.88 0.00 3.00 0.00 7.00 13.00 22.00 16.00 16.00 13.00 0.00 0.00 0.00 0.00 0.00
96.00 30.00 38.00 78.00 148.00 40.00 70.00 0.08 3.72 1.00 2.00 0.50 7.00 16.00 23.00 14.00 21.00 9.00 0.00 0.00 0.00 0.00 0.00
97.00 28.00 37.00 81.00 141.00 44.00 60.00 0.08 4.01 0.00 4.00 0.00 8.00 13.00 20.00 15.00 20.00 8.00 0.00 0.00 0.00 0.00 0.00
98.00 21.00 31.00 62.00 99.00 31.00 37.00 0.09 3.24 0.00 2.00 0.00 0.00 6.00 21.00 15.00 13.00 8.00 0.00 0.00 0.00 0.00 0.00
99.00 19.00 22.00 49.00 92.00 27.00 43.00 0.09 2.18 0.00 1.00 0.00 5.00 10.00 14.00 9.00 14.00 5.00 0.00 0.00 0.00 0.00 0.00
100.00 20.00 16.00 46.00 102.00 30.00 56.00 0.08 3.85 0.00 3.00 0.00 7.00 14.00 13.00 6.00 15.00 5.00 0.00 0.00 0.00 0.00 0.00
101.00 24.00 26.00 64.00 116.00 38.00 52.00 0.08 4.31 0.00 3.00 0.00 5.00 11.00 19.00 13.00 15.00 9.00 0.00 0.00 0.00 0.00 0.00
102.00 22.00 24.00 59.00 109.00 35.00 50.00 0.08 1.81 0.00 1.00 0.00 5.00 8.00 17.00 14.00 17.00 5.00 0.00 0.00 0.00 0.00 0.00
103.00 21.00 27.00 55.00 111.00 28.00 56.00 0.07 2.53 0.00 3.00 0.00 4.00 10.00 17.00 11.00 12.00 9.00 0.00 0.00 0.00 0.00 0.00
104.00 24.00 28.00 69.00 121.00 41.00 52.00 0.06 3.18 0.00 3.00 0.00 3.00 8.00 21.00 16.00 14.00 10.00 0.00 0.00 0.00 0.00 0.00
105.00 29.00 31.00 77.00 148.00 46.00 71.00 0.09 3.85 0.00 2.00 0.00 8.00 16.00 21.00 13.00 20.00 9.00 0.00 0.00 1.00 0.00 0.00
106.00 24.00 19.00 63.00 125.00 44.00 62.00 0.08 3.23 0.00 2.00 0.00 3.00 9.00 21.00 15.00 15.00 9.00 0.00 0.00 0.00 0.00 0.00
107.00 22.00 25.00 62.00 110.00 37.00 48.00 0.09 2.63 0.00 2.00 0.00 4.00 10.00 18.00 12.00 14.00 8.00 0.00 0.00 0.00 0.00 0.00
108.00 27.00 25.00 66.00 128.00 41.00 62.00 0.09 3.40 0.00 2.00 0.00 7.00 14.00 20.00 13.00 20.00 7.00 0.00 0.00 0.00 0.00 0.00
109.00 24.00 28.00 65.00 120.00 37.00 55.00 0.09 2.83 0.00 1.00 0.00 4.00 10.00 20.00 14.00 12.00 12.00 0.00 0.00 0.00 0.00 0.00
110.00 24.00 31.00 70.00 120.00 39.00 50.00 0.09 1.20 0.00 1.00 0.00 5.00 9.00 19.00 15.00 15.00 9.00 0.00 0.00 0.00 0.00 0.00
111.00 15.00 8.00 31.00 75.00 23.00 44.00 0.08 1.51 0.00 3.00 0.00 2.00 8.00 13.00 7.00 9.00 6.00 0.00 0.00 0.00 0.00 0.00
112.00 18.00 14.00 46.00 83.00 32.00 37.00 0.10 2.89 0.00 3.00 0.00 4.00 8.00 14.00 10.00 13.00 5.00 0.00 0.00 0.00 0.00 0.00
113.00 23.00 21.00 62.00 118.00 41.00 56.00 0.09 2.44 0.00 3.00 0.00 5.00 12.00 18.00 11.00 16.00 7.00 0.00 0.00 1.00 0.00 0.00
114.00 27.00 39.00 77.00 134.00 38.00 57.00 0.06 3.53 0.00 4.00 0.00 8.00 14.00 19.00 13.00 17.00 10.00 0.00 0.00 1.00 0.00 0.00
115.00 24.00 35.00 67.00 122.00 32.00 55.00 0.10 3.30 0.00 3.00 0.00 8.00 10.00 16.00 14.00 13.00 11.00 0.00 0.00 0.00 0.00 0.00
116.00 23.00 29.00 68.00 113.00 39.00 45.00 0.08 3.48 0.00 3.00 0.00 4.00 10.00 19.00 13.00 15.00 8.00 0.00 0.00 0.00 0.00 0.00
117.00 26.00 47.00 75.00 117.00 28.00 42.00 0.08 3.53 0.00 3.00 0.00 5.00 11.00 21.00 15.00 17.00 9.00 0.00 0.00 0.00 0.00 0.00
118.00 24.00 35.00 68.00 121.00 33.00 53.00 0.09 4.43 0.00 2.00 0.00 4.00 8.00 20.00 16.00 15.00 9.00 0.00 0.00 0.00 0.00 0.00
119.00 22.00 20.00 48.00 108.00 28.00 60.00 0.09 3.05 0.00 3.00 0.00 5.00 9.00 17.00 13.00 14.00 8.00 0.00 0.00 0.00 0.00 0.00
120.00 19.00 17.00 44.00 85.00 27.00 41.00 0.10 3.88 0.00 2.00 0.00 6.00 8.00 13.00 11.00 11.00 8.00 0.00 0.00 0.00 0.00 0.00
121.00 23.00 23.00 60.00 114.00 37.00 54.00 0.08 3.50 1.00 2.00 0.50 3.00 9.00 20.00 14.00 17.00 6.00 0.00 0.00 0.00 0.00 0.00
122.00 23.00 24.00 61.00 113.00 37.00 52.00 0.09 3.89 0.00 2.00 0.00 4.00 9.00 19.00 14.00 15.00 8.00 0.00 0.00 0.00 0.00 0.00
123.00 22.00 25.00 54.00 108.00 29.00 54.00 0.09 4.60 0.00 2.00 0.00 7.00 9.00 15.00 13.00 10.00 12.00 0.00 0.00 0.00 0.00 0.00
124.00 28.00 42.00 77.00 137.00 35.00 60.00 0.08 3.72 0.00 2.00 0.00 7.00 14.00 21.00 14.00 20.00 8.00 0.00 0.00 0.00 0.00 0.00
125.00 22.00 28.00 62.00 109.00 34.00 47.00 0.08 3.75 0.00 2.00 0.00 8.00 13.00 14.00 9.00 16.00 6.00 0.00 0.00 0.00 0.00 0.00
126.00 20.00 17.00 52.00 104.00 35.00 52.00 0.10 2.80 0.00 1.00 0.00 4.00 10.00 16.00 10.00 16.00 4.00 0.00 0.00 0.00 1.00 0.00
127.00 17.00 18.00 44.00 80.00 26.00 36.00 0.09 2.33 0.00 2.00 0.00 6.00 10.00 11.00 7.00 11.00 6.00 0.00 0.00 0.00 0.00 0.00
128.00 16.00 16.00 41.00 76.00 25.00 35.00 0.08 2.39 0.00 1.00 0.00 4.00 7.00 12.00 9.00 9.00 7.00 0.00 0.00 0.00 0.00 0.00
129.00 20.00 24.00 56.00 95.00 32.00 39.00 0.08 2.84 0.00 1.00 0.00 8.00 10.00 12.00 10.00 13.00 7.00 0.00 0.00 0.00 0.00 0.00
130.00 20.00 26.00 52.00 102.00 26.00 50.00 0.08 2.10 0.00 2.00 0.00 7.00 14.00 13.00 6.00 15.00 5.00 0.00 0.00 0.00 0.00 0.00
131.00 15.00 11.00 34.00 70.00 23.00 36.00 0.10 2.22 0.00 2.00 0.00 2.00 8.00 13.00 7.00 12.00 3.00 0.00 0.00 0.00 0.00 0.00
132.00 14.00 10.00 35.00 65.00 25.00 30.00 0.10 0.59 0.00 2.00 0.00 5.00 9.00 9.00 5.00 11.00 3.00 0.00 0.00 0.00 0.00 0.00
133.00 18.00 14.00 42.00 86.00 28.00 44.00 0.09 1.38 0.00 2.00 0.00 6.00 10.00 12.00 8.00 12.00 6.00 0.00 0.00 0.00 0.00 0.00
134.00 21.00 30.00 56.00 98.00 26.00 42.00 0.10 2.50 0.00 2.00 0.00 6.00 12.00 15.00 9.00 14.00 7.00 0.00 0.00 0.00 0.00 0.00
135.00 18.00 28.00 48.00 85.00 20.00 37.00 0.09 1.50 0.00 2.00 0.00 5.00 8.00 13.00 10.00 14.00 4.00 0.00 0.00 0.00 0.00 0.00
136.00 17.00 20.00 42.00 81.00 22.00 39.00 0.08 0.58 0.00 2.00 0.00 7.00 9.00 10.00 8.00 10.00 7.00 0.00 0.00 0.00 0.00 0.00
137.00 15.00 15.00 35.00 69.00 20.00 34.00 0.09 1.63 0.00 2.00 0.00 3.00 7.00 12.00 8.00 11.00 4.00 0.00 0.00 0.00 0.00 0.00
138.00 12.00 7.00 25.00 55.00 18.00 30.00 0.08 1.70 0.00 1.00 0.00 5.00 8.00 7.00 4.00 9.00 3.00 0.00 0.00 0.00 0.00 0.00
139.00 15.00 19.00 38.00 69.00 19.00 31.00 0.08 0.40 0.00 1.00 0.00 2.00 8.00 13.00 7.00 9.00 6.00 0.00 0.00 0.00 0.00 0.00
140.00 13.00 13.00 28.00 60.00 15.00 32.00 0.08 0.43 0.00 0.00 0.00 5.00 7.00 8.00 6.00 10.00 3.00 0.00 0.00 0.00 0.00 0.00
141.00 15.00 8.00 29.00 69.00 21.00 40.00 0.09 1.47 0.00 0.00 0.00 7.00 10.00 8.00 5.00 12.00 3.00 0.00 0.00 0.00 0.00 0.00
142.00 12.00 7.00 28.00 57.00 21.00 29.00 0.08 3.78 0.00 0.00 0.00 3.00 7.00 9.00 5.00 10.00 2.00 0.00 0.00 0.00 0.00 0.00
143.00 7.00 2.00 12.00 31.00 10.00 19.00 0.08 0.24 0.00 0.00 0.00 2.00 3.00 5.00 4.00 5.00 2.00 0.00 0.00 0.00 0.00 0.00
144.00 12.00 8.00 25.00 54.00 17.00 29.00 0.09 3.10 0.00 1.00 0.00 7.00 8.00 5.00 4.00 8.00 4.00 0.00 0.00 0.00 0.00 0.00
145.00 8.00 5.00 16.00 34.00 11.00 18.00 0.08 2.41 0.00 0.00 0.00 3.00 5.00 5.00 3.00 6.00 2.00 0.00 0.00 0.00 0.00 0.00
146.00 6.00 2.00 10.00 27.00 8.00 17.00 0.07 4.42 0.00 0.00 0.00 1.00 4.00 5.00 2.00 4.00 2.00 0.00 0.00 0.00 0.00 0.00
147.00 10.00 6.00 22.00 49.00 16.00 27.00 0.08 2.08 0.00 1.00 0.00 3.00 4.00 7.00 6.00 9.00 1.00 0.00 0.00 0.00 0.00 0.00
148.00 6.00 1.00 9.00 26.00 8.00 17.00 0.09 0.21 0.00 1.00 0.00 3.00 5.00 3.00 1.00 6.00 0.00 0.00 0.00 0.00 0.00 0.00
149.00 12.00 5.00 22.00 55.00 17.00 33.00 0.09 4.00 0.00 2.00 0.00 5.00 10.00 7.00 2.00 10.00 2.00 0.00 0.00 0.00 0.00 0.00
150.00 14.00 10.00 29.00 55.00 19.00 26.00 0.09 4.95 0.00 1.00 0.00 5.00 7.00 9.00 7.00 13.00 1.00 0.00 0.00 0.00 0.00 0.00
151.00 11.00 4.00 22.00 51.00 18.00 29.00 0.08 4.14 0.00 1.00 0.00 4.00 7.00 7.00 4.00 7.00 4.00 0.00 0.00 0.00 0.00 0.00
152.00 10.00 7.00 19.00 46.00 12.00 27.00 0.09 4.53 0.00 1.00 0.00 2.00 8.00 8.00 2.00 8.00 2.00 0.00 0.00 0.00 0.00 0.00
153.00 9.00 4.00 13.00 39.00 9.00 26.00 0.07 2.28 0.00 1.00 0.00 3.00 3.00 6.00 6.00 8.00 1.00 0.00 0.00 0.00 0.00 0.00
154.00 12.00 10.00 27.00 60.00 17.00 33.00 0.08 4.74 0.00 1.00 0.00 3.00 8.00 9.00 4.00 10.00 2.00 0.00 0.00 0.00 0.00 0.00
155.00 12.00 13.00 30.00 53.00 17.00 23.00 0.07 4.60 0.00 1.00 0.00 4.00 9.00 8.00 3.00 11.00 1.00 0.00 0.00 0.00 0.00 0.00
156.00 9.00 3.00 18.00 46.00 15.00 28.00 0.08 5.34 0.00 0.00 0.00 3.00 7.00 6.00 2.00 7.00 2.00 0.00 0.00 0.00 0.00 0.00
157.00 11.00 9.00 26.00 53.00 17.00 27.00 0.08 4.76 0.00 1.00 0.00 3.00 5.00 8.00 6.00 8.00 3.00 0.00 0.00 0.00 0.00 0.00
158.00 13.00 6.00 23.00 53.00 17.00 30.00 0.09 4.78 0.00 1.00 0.00 6.00 9.00 7.00 4.00 11.00 2.00 0.00 0.00 0.00 0.00 0.00
159.00 14.00 5.00 28.00 67.00 23.00 39.00 0.09 4.24 0.00 1.00 0.00 5.00 11.00 9.00 3.00 13.00 1.00 0.00 0.00 0.00 0.00 0.00
160.00 10.00 7.00 22.00 49.00 15.00 27.00 0.09 4.81 0.00 1.00 0.00 4.00 7.00 6.00 3.00 9.00 1.00 0.00 0.00 0.00 0.00 0.00
161.00 16.00 21.00 44.00 72.00 23.00 28.00 0.07 4.45 0.00 1.00 0.00 1.00 5.00 15.00 11.00 8.00 8.00 0.00 0.00 0.00 0.00 0.00
162.00 12.00 10.00 30.00 59.00 20.00 29.00 0.10 4.57 0.00 1.00 0.00 1.00 8.00 11.00 4.00 10.00 2.00 0.00 0.00 0.00 0.00 0.00
163.00 11.00 9.00 26.00 53.00 17.00 27.00 0.08 4.94 0.00 1.00 0.00 4.00 7.00 7.00 4.00 9.00 2.00 0.00 0.00 0.00 0.00 0.00
164.00 12.00 7.00 29.00 59.00 22.00 30.00 0.09 5.14 0.00 1.00 0.00 5.00 7.00 7.00 5.00 9.00 3.00 0.00 0.00 0.00 0.00 0.00
165.00 15.00 15.00 34.00 66.00 19.00 32.00 0.09 5.07 0.00 1.00 0.00 6.00 9.00 9.00 6.00 10.00 5.00 0.00 0.00 0.00 0.00 0.00
166.00 14.00 14.00 35.00 62.00 21.00 27.00 0.09 5.12 0.00 1.00 0.00 4.00 6.00 10.00 8.00 8.00 6.00 0.00 0.00 0.00 0.00 0.00
167.00 11.00 9.00 21.00 47.00 12.00 26.00 0.08 3.26 0.00 1.00 0.00 3.00 6.00 8.00 5.00 7.00 4.00 0.00 0.00 0.00 0.00 0.00
168.00 9.00 4.00 18.00 43.00 14.00 25.00 0.08 4.40 0.00 1.00 0.00 3.00 5.00 6.00 4.00 7.00 2.00 0.00 0.00 0.00 0.00 0.00
169.00 8.00 3.00 13.00 33.00 10.00 20.00 0.10 4.96 0.00 1.00 0.00 3.00 5.00 5.00 3.00 6.00 2.00 0.00 0.00 0.00 0.00 0.00
170.00 4.00 0.00 2.00 15.00 2.00 13.00 0.09 0.20 0.00 1.00 0.00 3.00 3.00 1.00 1.00 4.00 0.00 0.00 0.00 0.00 0.00 0.00
171.00 7.00 3.00 13.00 34.00 10.00 21.00 0.08 0.21 0.00 0.00 0.00 3.00 5.00 4.00 2.00 6.00 1.00 0.00 0.00 0.00 0.00 0.00
172.00 10.00 7.00 18.00 45.00 11.00 27.00 0.08 3.24 0.00 0.00 0.00 5.00 8.00 5.00 2.00 9.00 1.00 0.00 0.00 0.00 0.00 0.00
173.00 15.00 12.00 28.00 66.00 16.00 38.00 0.08 4.41 0.00 1.00 0.00 5.00 9.00 10.00 6.00 11.00 4.00 0.00 0.00 0.00 0.00 0.00
174.00 10.00 6.00 22.00 45.00 16.00 23.00 0.10 3.25 0.00 1.00 0.00 3.00 7.00 7.00 3.00 10.00 0.00 0.00 0.00 0.00 0.00 0.00
175.00 6.00 0.00 8.00 28.00 8.00 20.00 0.08 4.30 0.00 1.00 0.00 0.00 3.00 6.00 3.00 5.00 1.00 0.00 0.00 0.00 0.00 0.00
176.00 8.00 2.00 15.00 38.00 13.00 23.00 0.08 4.90 0.00 0.00 0.00 4.00 7.00 4.00 1.00 7.00 1.00 0.00 0.00 0.00 0.00 0.00
177.00 6.00 3.00 11.00 29.00 8.00 18.00 0.07 4.33 0.00 0.00 0.00 3.00 5.00 3.00 1.00 6.00 0.00 0.00 0.00 0.00 0.00 0.00
178.00 4.00 0.00 2.00 14.00 2.00 12.00 0.08 4.16 0.00 0.00 0.00 3.00 3.00 1.00 1.00 4.00 0.00 0.00 0.00 0.00 0.00 0.00
179.00 11.00 9.00 26.00 53.00 17.00 27.00 0.09 3.97 1.00 0.00 0.00 2.00 5.00 9.00 6.00 8.00 3.00 0.00 0.00 0.00 0.00 0.00
180.00 6.00 3.00 11.00 26.00 8.00 15.00 0.08 0.17 0.00 0.00 0.00 2.00 4.00 4.00 2.00 6.00 0.00 0.00 0.00 0.00 0.00 0.00
181.00 4.00 0.00 3.00 13.00 3.00 10.00 0.08 0.12 0.00 0.00 0.00 2.00 4.00 2.00 0.00 4.00 0.00 0.00 0.00 0.00 0.00 0.00
182.00 8.00 5.00 17.00 35.00 12.00 18.00 0.10 0.25 0.00 0.00 0.00 1.00 4.00 7.00 4.00 7.00 1.00 0.00 0.00 0.00 0.00 0.00
183.00 4.00 0.00 1.00 4.00 1.00 3.00 0.08 0.19 0.00 0.00 0.00 3.00 3.00 1.00 1.00 4.00 0.00 0.00 0.00 0.00 0.00 0.00
184.00 6.00 0.00 5.00 25.00 5.00 20.00 0.10 2.60 0.00 0.00 0.00 3.00 5.00 3.00 1.00 6.00 0.00 0.00 0.00 0.00 0.00 0.00
185.00 6.00 0.00 6.00 21.00 6.00 15.00 0.10 2.80 0.00 0.00 0.00 2.00 3.00 4.00 3.00 5.00 1.00 0.00 0.00 0.00 0.00 0.00
186.00 6.00 3.00 8.00 28.00 5.00 20.00 0.07 4.44 0.00 0.00 0.00 2.00 4.00 4.00 2.00 6.00 0.00 0.00 0.00 0.00 0.00 0.00
187.00 10.00 3.00 18.00 45.00 15.00 27.00 0.09 3.20 0.00 0.00 0.00 2.00 4.00 8.00 6.00 7.00 3.00 0.00 0.00 0.00 0.00 0.00
188.00 6.00 1.00 9.00 27.00 8.00 18.00 0.08 4.39 0.00 0.00 0.00 3.00 4.00 3.00 2.00 5.00 1.00 0.00 0.00 0.00 0.00 0.00
