0.00 5.00 0.00 0.00 12.00 0.00 12.00 0.08 3.09 0.00 0.00 0.00 3.00 4.00 2.00 1.00 5.00 0.00 0.00 0.00 0.00 0.00 0.00
1.00 3.00 0.00 2.00 8.00 2.00 6.00 0.07 4.32 0.00 0.00 0.00 2.00 3.00 1.00 0.00 3.00 0.00 0.00 0.00 0.00 0.00 0.00
2.00 3.00 0.00 0.00 4.00 0.00 4.00 0.09 0.30 0.00 0.00 0.00 2.00 3.00 1.00 0.00 3.00 0.00 0.00 0.00 0.00 0.00 0.00
3.00 9.00 1.00 7.00 31.00 6.00 24.00 0.09 4.12 0.00 0.00 0.00 6.00 6.00 3.00 3.00 8.00 1.00 0.00 0.00 0.00 0.00 0.00
4.00 9.00 2.00 13.00 36.00 11.00 23.00 0.08 4.81 0.00 0.00 0.00 5.00 7.00 4.00 2.00 7.00 2.00 0.00 0.00 0.00 0.00 0.00
5.00 10.00 5.00 21.00 48.00 16.00 27.00 0.08 3.95 0.00 0.00 0.00 3.00 6.00 7.00 4.00 9.00 1.00 0.00 0.00 0.00 0.00 0.00
6.00 18.00 12.00 36.00 85.00 24.00 49.00 0.08 4.31 0.00 0.00 0.00 9.00 9.00 9.00 9.00 11.00 7.00 0.00 0.00 0.00 0.00 0.00
7.00 12.00 9.00 24.00 59.00 15.00 35.00 0.08 4.73 0.00 0.00 0.00 3.00 7.00 9.00 5.00 10.00 2.00 0.00 0.00 0.00 0.00 0.00
8.00 10.00 4.00 19.00 45.00 15.00 26.00 0.10 4.85 0.00 0.00 0.00 3.00 6.00 7.00 4.00 8.00 2.00 0.00 0.00 0.00 0.00 0.00
9.00 16.00 16.00 38.00 73.00 22.00 35.00 0.08 4.67 0.00 0.00 0.00 2.00 7.00 14.00 9.00 10.00 6.00 0.00 0.00 0.00 0.00 0.00
10.00 14.00 11.00 30.00 65.00 19.00 35.00 0.09 4.00 0.00 0.00 0.00 4.00 7.00 10.00 7.00 10.00 4.00 0.00 0.00 0.00 1.00 0.00
11.00 14.00 14.00 35.00 68.00 21.00 33.00 0.08 4.77 0.00 0.00 0.00 4.00 7.00 10.00 7.00 13.00 1.00 0.00 0.00 0.00 0.00 0.00
12.00 10.00 7.00 21.00 49.00 14.00 28.00 0.08 3.53 0.00 0.00 0.00 4.00 6.00 6.00 4.00 8.00 2.00 0.00 0.00 0.00 0.00 0.00
13.00 15.00 8.00 34.00 75.00 26.00 41.00 0.09 4.31 0.00 0.00 0.00 4.00 8.00 11.00 7.00 10.00 5.00 0.00 0.00 0.00 0.00 0.00
14.00 17.00 20.00 46.00 87.00 26.00 41.00 0.08 4.15 0.00 0.00 0.00 6.00 7.00 11.00 10.00 9.00 8.00 0.00 0.00 0.00 0.00 0.00
15.00 18.00 15.00 45.00 87.00 30.00 42.00 0.08 4.83 0.00 0.00 0.00 5.00 11.00 13.00 7.00 14.00 4.00 0.00 0.00 0.00 0.00 0.00
16.00 18.00 17.00 43.00 86.00 26.00 43.00 0.09 4.48 0.00 1.00 0.00 4.00 7.00 14.00 11.00 9.00 9.00 0.00 0.00 1.00 0.00 0.00
17.00 20.00 19.00 51.00 94.00 32.00 43.00 0.09 4.21 1.00 2.00 0.50 6.00 8.00 14.00 12.00 12.00 8.00 0.00 0.00 0.00 0.00 0.00
18.00 20.00 24.00 57.00 99.00 33.00 42.00 0.09 4.36 0.00 1.00 0.00 5.00 9.00 15.00 11.00 13.00 7.00 0.00 0.00 0.00 0.00 0.00
19.00 20.00 22.00 48.00 100.00 26.00 52.00 0.07 3.33 0.00 2.00 0.00 8.00 12.00 12.00 8.00 13.00 7.00 0.00 0.00 0.00 1.00 0.00
20.00 22.00 27.00 56.00 113.00 29.00 57.00 0.07 3.60 0.00 1.00 0.00 8.00 14.00 14.00 8.00 15.00 7.00 0.00 0.00 0.00 2.00 0.00
21.00 21.00 25.00 59.00 110.00 34.00 51.00 0.09 4.63 0.00 1.00 0.00 6.00 11.00 15.00 10.00 14.00 7.00 0.00 0.00 0.00 1.00 0.00
22.00 24.00 24.00 64.00 120.00 40.00 56.00 0.08 4.47 0.00 1.00 0.00 8.00 10.00 16.00 14.00 13.00 11.00 0.00 0.00 0.00 0.00 0.00
23.00 25.00 29.00 65.00 121.00 36.00 56.00 0.07 3.61 0.00 0.00 0.00 4.00 12.00 21.00 13.00 14.00 11.00 0.00 0.00 1.00 0.00 0.00
24.00 20.00 18.00 53.00 102.00 35.00 49.00 0.07 4.15 0.00 3.00 0.00 7.00 10.00 13.00 10.00 14.00 6.00 0.00 0.00 1.00 0.00 0.00
25.00 18.00 21.00 45.00 82.00 24.00 37.00 0.08 4.09 0.00 2.00 0.00 4.00 8.00 14.00 10.00 11.00 7.00 0.00 0.00 1.00 0.00 0.00
26.00 20.00 19.00 47.00 89.00 28.00 42.00 0.08 4.69 0.00 2.00 0.00 5.00 10.00 15.00 10.00 13.00 7.00 0.00 0.00 1.00 0.00 0.00
27.00 23.00 28.00 61.00 116.00 33.00 55.00 0.08 4.36 0.00 3.00 0.00 5.00 10.00 18.00 13.00 15.00 8.00 0.00 0.00 1.00 0.00 0.00
28.00 27.00 42.00 77.00 135.00 35.00 58.00 0.09 4.48 0.00 2.00 0.00 7.00 13.00 20.00 14.00 20.00 7.00 0.00 0.00 1.00 0.00 0.00
29.00 19.00 20.00 46.00 90.00 26.00 44.00 0.08 4.75 0.00 1.00 0.00 5.00 11.00 14.00 8.00 14.00 5.00 0.00 0.00 0.00 0.00 0.00
30.00 30.00 31.00 69.00 140.00 38.00 71.00 0.10 2.79 0.00 1.00 0.00 9.00 17.00 21.00 13.00 22.00 8.00 0.00 0.00 2.00 0.00 0.00
31.00 25.00 32.00 68.00 125.00 36.00 57.00 0.11 4.02 0.00 2.00 0.00 4.00 9.00 21.00 16.00 17.00 8.00 0.00 0.00 1.00 0.00 0.00
32.00 34.00 47.00 97.00 170.00 50.00 73.00 0.09 2.69 0.00 2.00 0.00 7.00 14.00 27.00 20.00 21.00 13.00 0.00 0.00 0.00 0.00 0.00
33.00 26.00 25.00 68.00 133.00 43.00 65.00 0.09 1.74 0.00 3.00 0.00 7.00 13.00 19.00 13.00 18.00 8.00 0.00 0.00 0.00 0.00 0.00
34.00 33.00 48.00 102.00 172.00 54.00 70.00 0.08 2.71 0.00 4.00 0.00 5.00 10.00 28.00 23.00 22.00 11.00 0.00 0.00 0.00 0.00 0.00
35.00 29.00 37.00 79.00 139.00 42.00 60.00 0.09 1.86 0.00 3.00 0.00 5.00 11.00 24.00 18.00 15.00 14.00 0.00 0.00 1.00 0.00 1.00
36.00 23.00 25.00 62.00 120.00 37.00 58.00 0.09 3.02 1.00 2.00 0.50 5.00 12.00 18.00 11.00 16.00 7.00 0.00 0.00 0.00 1.00 0.00
37.00 31.00 41.00 85.00 160.00 44.00 75.00 0.08 1.98 0.00 2.00 0.00 8.00 16.00 23.00 15.00 22.00 9.00 0.00 0.00 0.00 1.00 0.00
38.00 30.00 38.00 85.00 147.00 47.00 62.00 0.08 3.06 0.00 2.00 0.00 5.00 11.00 25.00 19.00 19.00 11.00 0.00 0.00 0.00 2.00 0.00
39.00 37.00 44.00 112.00 193.00 68.00 81.00 0.09 3.25 0.00 2.00 0.00 7.00 12.00 30.00 25.00 24.00 13.00 0.00 0.00 0.00 1.00 0.00
40.00 36.00 52.00 99.00 181.00 47.00 82.00 0.08 2.71 1.00 3.00 0.33 7.00 13.00 29.00 23.00 17.00 19.00 0.00 0.00 1.00 0.00 0.00
41.00 34.00 42.00 97.00 185.00 55.00 88.00 0.09 2.45 0.00 3.00 0.00 6.00 14.00 28.00 20.00 20.00 14.00 0.00 0.00 0.00 0.00 1.00
42.00 35.00 46.00 106.00 177.00 60.00 71.00 0.09 3.05 0.00 3.00 0.00 9.00 14.00 26.00 21.00 22.00 13.00 0.00 0.00 0.00 0.00 0.00
43.00 31.00 43.00 93.00 166.00 50.00 73.00 0.07 2.43 1.00 3.00 0.33 5.00 10.00 26.00 21.00 15.00 16.00 0.00 0.00 0.00 0.00 0.00
44.00 38.00 45.00 112.00 194.00 67.00 82.00 0.08 3.13 1.00 3.00 0.33 9.00 15.00 29.00 23.00 23.00 15.00 0.00 0.00 1.00 0.00 0.00
45.00 32.00 38.00 90.00 163.00 52.00 73.00 0.08 3.35 1.00 2.00 0.50 5.00 7.00 27.00 25.00 13.00 19.00 0.00 0.00 1.00 0.00 0.00
46.00 34.00 65.00 112.00 178.00 47.00 66.00 0.11 3.52 1.00 4.00 0.25 3.00 5.00 31.00 29.00 11.00 23.00 0.00 0.00 1.00 0.00 0.00
47.00 30.00 43.00 91.00 158.00 48.00 67.00 0.08 3.87 1.00 4.00 0.25 7.00 13.00 23.00 17.00 20.00 10.00 0.00 0.00 0.00 0.00 0.00
48.00 39.00 60.00 113.00 197.00 53.00 84.00 0.09 3.81 0.00 4.00 0.00 4.00 13.00 35.00 26.00 20.00 19.00 0.00 0.00 1.00 0.00 0.00
49.00 41.00 56.00 113.00 192.00 57.00 79.00 0.08 4.04 1.00 4.00 0.25 7.00 16.00 34.00 25.00 24.00 17.00 0.00 0.00 0.00 0.00 1.00
50.00 33.00 46.00 98.00 168.00 52.00 70.00 0.08 3.93 1.00 3.00 0.33 7.00 13.00 26.00 20.00 19.00 14.00 0.00 0.00 0.00 0.00 0.00
51.00 29.00 32.00 83.00 151.00 51.00 68.00 0.09 4.27 1.00 6.00 0.17 8.00 12.00 21.00 17.00 18.00 11.00 0.00 0.00 0.00 0.00 0.00
52.00 30.00 39.00 87.00 153.00 48.00 66.00 0.09 4.01 1.00 4.00 0.25 7.00 13.00 23.00 17.00 19.00 11.00 0.00 0.00 0.00 0.00 0.00
53.00 29.00 40.00 89.00 154.00 49.00 65.00 0.09 4.14 1.00 3.00 0.33 3.00 8.00 26.00 21.00 13.00 16.00 0.00 0.00 0.00 0.00 0.00
54.00 32.00 43.00 99.00 160.00 56.00 61.00 0.08 4.34 1.00 3.00 0.33 7.00 14.00 25.00 18.00 17.00 15.00 0.00 0.00 0.00 0.00 0.00
55.00 30.00 46.00 90.00 154.00 44.00 64.00 0.10 4.44 1.00 4.00 0.25 7.00 15.00 23.00 15.00 20.00 10.00 0.00 0.00 0.00 0.00 0.00
56.00 32.00 51.00 99.00 161.00 48.00 62.00 0.08 4.50 0.00 4.00 0.00 6.00 9.00 26.00 23.00 12.00 20.00 0.00 0.00 0.00 0.00 0.00
57.00 28.00 35.00 80.00 141.00 45.00 61.00 0.10 3.45 0.00 3.00 0.00 6.00 9.00 22.00 19.00 13.00 15.00 0.00 0.00 0.00 0.00 0.00
58.00 30.00 41.00 84.00 146.00 43.00 62.00 0.07 4.56 0.00 2.00 0.00 6.00 16.00 24.00 14.00 19.00 11.00 0.00 0.00 0.00 1.00 0.00
59.00 23.00 30.00 67.00 123.00 37.00 56.00 0.08 4.67 0.00 2.00 0.00 3.00 9.00 20.00 14.00 13.00 10.00 0.00 0.00 0.00 1.00 0.00
60.00 25.00 25.00 67.00 126.00 42.00 59.00 0.09 4.32 0.00 1.00 0.00 6.00 14.00 19.00 11.00 18.00 7.00 0.00 0.00 0.00 1.00 0.00
61.00 30.00 40.00 90.00 154.00 50.00 64.00 0.10 4.43 0.00 3.00 0.00 9.00 13.00 21.00 17.00 20.00 10.00 0.00 0.00 1.00 0.00 0.00
62.00 27.00 29.00 79.00 142.00 50.00 63.00 0.09 4.60 0.00 1.00 0.00 6.00 9.00 21.00 18.00 16.00 11.00 0.00 0.00 0.00 0.00 0.00
63.00 31.00 30.00 86.00 153.00 56.00 67.00 0.08 4.55 1.00 2.00 0.50 9.00 16.00 22.00 15.00 20.00 11.00 0.00 0.00 0.00 0.00 0.00
64.00 23.00 28.00 61.00 118.00 33.00 57.00 0.09 4.52 1.00 2.00 0.50 4.00 9.00 19.00 14.00 11.00 12.00 0.00 0.00 0.00 0.00 0.00
65.00 33.00 39.00 92.00 172.00 53.00 80.00 0.08 4.48 0.00 3.00 0.00 5.00 13.00 28.00 20.00 20.00 13.00 0.00 0.00 0.00 0.00 0.00
66.00 32.00 51.00 88.00 164.00 37.00 76.00 0.09 4.57 0.00 3.00 0.00 7.00 12.00 25.00 20.00 21.00 11.00 0.00 0.00 0.00 0.00 0.00
67.00 29.00 38.00 87.00 148.00 49.00 61.00 0.07 4.56 0.00 5.00 0.00 10.00 15.00 19.00 14.00 22.00 7.00 0.00 0.00 0.00 1.00 0.00
68.00 33.00 47.00 93.00 169.00 46.00 76.00 0.07 4.47 1.00 3.00 0.33 9.00 16.00 24.00 17.00 23.00 10.00 0.00 0.00 0.00 0.00 0.00
69.00 27.00 32.00 80.00 138.00 48.00 58.00 0.08 4.69 1.00 2.00 0.50 3.00 9.00 24.00 18.00 13.00 14.00 0.00 0.00 0.00 0.00 0.00
70.00 36.00 37.00 88.00 170.00 51.00 82.00 0.09 4.50 1.00 3.00 0.33 11.00 20.00 25.00 16.00 26.00 10.00 0.00 0.00 0.00 0.00 1.00
71.00 20.00 19.00 43.00 104.00 24.00 61.00 0.09 4.55 1.00 2.00 0.50 4.00 9.00 16.00 11.00 12.00 8.00 0.00 0.00 0.00 0.00 0.00
72.00 16.00 14.00 41.00 73.00 27.00 32.00 0.08 4.71 0.00 2.00 0.00 4.00 11.00 12.00 5.00 13.00 3.00 0.00 0.00 0.00 0.00 0.00
73.00 25.00 28.00 65.00 122.00 37.00 57.00 0.09 4.44 0.00 3.00 0.00 8.00 12.00 17.00 13.00 18.00 7.00 0.00 0.00 0.00 0.00 0.00
74.00 26.00 40.00 83.00 135.00 43.00 52.00 0.08 4.25 0.00 3.00 0.00 5.00 12.00 21.00 14.00 14.00 12.00 0.00 0.00 0.00 0.00 0.00
75.00 26.00 28.00 75.00 135.00 47.00 60.00 0.09 4.02 0.00 3.00 0.00 7.00 10.00 19.00 16.00 15.00 11.00 0.00 0.00 0.00 0.00 0.00
76.00 29.00 34.00 79.00 149.00 45.00 70.00 0.09 3.88 0.00 3.00 0.00 7.00 13.00 22.00 16.00 16.00 13.00 0.00 0.00 0.00 0.00 0.00
77.00 30.00 38.00 78.00 148.00 40.00 70.00 0.08 3.72 1.00 2.00 0.50 7.00 16.00 23.00 14.00 21.00 9.00 0.00 0.00 0.00 0.00 0.00
78.00 25.00 40.00 75.00 126.00 35.00 51.00 0.09 2.19 1.00 3.00 0.33 3.00 9.00 22.00 16.00 13.00 12.00 0.00 0.00 0.00 0.00 0.00
79.00 31.00 34.00 79.00 143.00 45.00 64.00 0.08 3.50 1.00 3.00 0.33 7.00 12.00 24.00 19.00 18.00 13.00 0.00 0.00 0.00 0.00 0.00
80.00 24.00 32.00 64.00 126.00 32.00 62.00 0.09 4.33 0.00 3.00 0.00 6.00 14.00 18.00 10.00 20.00 4.00 0.00 0.00 0.00 0.00 0.00
81.00 30.00 35.00 95.00 154.00 60.00 59.00 0.08 2.89 1.00 3.00 0.33 10.00 15.00 20.00 15.00 19.00 11.00 0.00 0.00 0.00 0.00 0.00
82.00 30.00 47.00 90.00 149.00 43.00 59.00 0.09 4.14 1.00 3.00 0.33 4.00 10.00 26.00 20.00 15.00 15.00 0.00 0.00 0.00 0.00 0.00
83.00 32.00 38.00 93.00 159.00 55.00 66.00 0.08 4.27 0.00 3.00 0.00 8.00 18.00 24.00 14.00 25.00 7.00 0.00 0.00 0.00 0.00 0.00
84.00 28.00 35.00 80.00 143.00 45.00 63.00 0.08 4.59 1.00 4.00 0.25 4.00 10.00 24.00 18.00 17.00 11.00 0.00 0.00 0.00 0.00 0.00
85.00 31.00 31.00 83.00 155.00 52.00 72.00 0.08 4.65 1.00 2.00 0.50 8.00 12.00 23.00 19.00 15.00 16.00 0.00 0.00 0.00 0.00 0.00
86.00 31.00 36.00 82.00 152.00 46.00 70.00 0.07 4.62 1.00 3.00 0.33 8.00 15.00 23.00 16.00 22.00 9.00 0.00 0.00 0.00 0.00 0.00
87.00 34.00 51.00 105.00 171.00 54.00 66.00 0.08 4.63 1.00 4.00 0.25 6.00 9.00 28.00 25.00 17.00 17.00 0.00 0.00 1.00 0.00 0.00
88.00 35.00 43.00 95.00 172.00 52.00 77.00 0.09 4.59 1.00 4.00 0.25 6.00 15.00 29.00 20.00 20.00 15.00 0.00 0.00 0.00 0.00 0.00
89.00 30.00 44.00 88.00 151.00 44.00 63.00 0.08 4.27 1.00 4.00 0.25 6.00 14.00 24.00 16.00 18.00 12.00 0.00 0.00 0.00 0.00 0.00
90.00 32.00 34.00 89.00 156.00 55.00 67.00 0.09 4.60 1.00 2.00 0.50 7.00 12.00 25.00 20.00 21.00 11.00 0.00 0.00 0.00 0.00 0.00
91.00 23.00 22.00 56.00 121.00 34.00 65.00 0.09 4.73 0.00 1.00 0.00 8.00 12.00 15.00 11.00 18.00 5.00 0.00 0.00 0.00 0.00 0.00
92.00 22.00 20.00 57.00 109.00 37.00 52.00 0.09 4.23 0.00 3.00 0.00 6.00 14.00 16.00 8.00 17.00 5.00 0.00 0.00 0.00 0.00 0.00
93.00 27.00 38.00 80.00 134.00 42.00 54.00 0.06 4.75 0.00 3.00 0.00 7.00 15.00 20.00 12.00 18.00 9.00 0.00 0.00 0.00 0.00 0.00
94.00 33.00 47.00 84.00 159.00 37.00 75.00 0.09 4.48 0.00 3.00 0.00 9.00 16.00 24.00 17.00 19.00 14.00 0.00 0.00 0.00 0.00 0.00
95.00 29.00 37.00 81.00 139.00 44.00 58.00 0.09 3.89 0.00 3.00 0.00 7.00 15.00 22.00 14.00 18.00 11.00 0.00 0.00 1.00 0.00 0.00
96.00 21.00 21.00 51.00 101.00 30.00 50.00 0.09 3.60 0.00 2.00 0.00 5.00 8.00 16.00 13.00 14.00 7.00 0.00 0.00 0.00 0.00 0.00
97.00 25.00 41.00 73.00 120.00 32.00 47.00 0.10 3.20 0.00 2.00 0.00 3.00 15.00 22.00 10.00 18.00 7.00 0.00 0.00 0.00 1.00 0.00
98.00 17.00 18.00 48.00 89.00 30.00 41.00 0.11 3.02 0.00 3.00 0.00 5.00 7.00 12.00 10.00 8.00 9.00 0.00 0.00 0.00 0.00 0.00
99.00 19.00 27.00 52.00 97.00 25.00 45.00 0.08 3.72 0.00 2.00 0.00 7.00 9.00 12.00 10.00 11.00 8.00 0.00 0.00 0.00 0.00 0.00
100.00 21.00 25.00 58.00 101.00 33.00 43.00 0.09 3.92 0.00 3.00 0.00 8.00 13.00 13.00 8.00 13.00 8.00 0.00 0.00 0.00 0.00 0.00
101.00 21.00 18.00 56.00 99.00 38.00 43.00 0.10 4.47 0.00 2.00 0.00 10.00 15.00 11.00 6.00 17.00 4.00 0.00 0.00 0.00 0.00 0.00
102.00 25.00 26.00 63.00 114.00 37.00 51.00 0.10 4.67 0.00 2.00 0.00 8.00 14.00 17.00 11.00 20.00 5.00 0.00 0.00 0.00 0.00 0.00
103.00 25.00 41.00 79.00 134.00 38.00 55.00 0.08 4.72 1.00 4.00 0.25 2.00 10.00 23.00 15.00 12.00 13.00 0.00 0.00 1.00 0.00 0.00
104.00 31.00 43.00 84.00 147.00 41.00 63.00 0.09 4.48 1.00 3.00 0.33 7.00 15.00 24.00 16.00 22.00 9.00 0.00 0.00 0.00 0.00 0.00
105.00 23.00 36.00 70.00 116.00 34.00 46.00 0.08 4.50 1.00 3.00 0.33 7.00 13.00 16.00 10.00 14.00 9.00 0.00 0.00 0.00 0.00 0.00
106.00 18.00 16.00 49.00 91.00 33.00 42.00 0.10 4.76 0.00 3.00 0.00 5.00 10.00 13.00 8.00 13.00 5.00 0.00 0.00 0.00 0.00 0.00
107.00 23.00 29.00 63.00 113.00 34.00 50.00 0.08 4.43 0.00 4.00 0.00 6.00 12.00 17.00 11.00 12.00 11.00 0.00 0.00 0.00 0.00 0.00
108.00 20.00 28.00 55.00 93.00 27.00 38.00 0.08 4.35 0.00 2.00 0.00 3.00 8.00 17.00 12.00 12.00 8.00 0.00 0.00 0.00 0.00 0.00
109.00 20.00 21.00 48.00 97.00 27.00 49.00 0.10 3.74 0.00 2.00 0.00 4.00 10.00 16.00 10.00 15.00 5.00 0.00 0.00 0.00 0.00 0.00
110.00 21.00 26.00 49.00 93.00 23.00 44.00 0.08 4.49 0.00 0.00 0.00 2.00 8.00 19.00 13.00 14.00 7.00 0.00 0.00 0.00 0.00 0.00
111.00 17.00 19.00 41.00 84.00 22.00 43.00 0.09 4.12 0.00 2.00 0.00 2.00 4.00 15.00 13.00 11.00 6.00 0.00 0.00 0.00 0.00 0.00
112.00 19.00 19.00 44.00 82.00 25.00 38.00 0.09 4.93 0.00 2.00 0.00 5.00 10.00 14.00 9.00 14.00 5.00 0.00 0.00 0.00 0.00 0.00
113.00 23.00 32.00 61.00 103.00 29.00 42.00 0.07 4.30 0.00 2.00 0.00 5.00 10.00 18.00 13.00 14.00 9.00 0.00 0.00 0.00 0.00 0.00
114.00 17.00 22.00 43.00 79.00 21.00 36.00 0.10 4.35 0.00 2.00 0.00 7.00 10.00 10.00 7.00 13.00 4.00 0.00 0.00 0.00 0.00 0.00
115.00 12.00 7.00 23.00 54.00 16.00 31.00 0.08 2.98 0.00 2.00 0.00 3.00 5.00 9.00 7.00 8.00 4.00 0.00 0.00 0.00 0.00 0.00
116.00 17.00 19.00 42.00 83.00 23.00 41.00 0.09 3.65 0.00 2.00 0.00 2.00 8.00 15.00 9.00 14.00 3.00 0.00 0.00 0.00 0.00 0.00
117.00 12.00 4.00 18.00 51.00 14.00 33.00 0.08 4.27 0.00 1.00 0.00 6.00 8.00 6.00 4.00 9.00 3.00 0.00 0.00 0.00 0.00 0.00
118.00 18.00 21.00 46.00 86.00 25.00 40.00 0.08 3.86 0.00 1.00 0.00 8.00 12.00 10.00 6.00 13.00 5.00 0.00 0.00 0.00 0.00 0.00
119.00 12.00 11.00 28.00 54.00 17.00 26.00 0.08 0.29 0.00 2.00 0.00 2.00 6.00 10.00 6.00 9.00 3.00 0.00 0.00 0.00 0.00 0.00
120.00 19.00 19.00 46.00 85.00 27.00 39.00 0.09 3.33 0.00 1.00 0.00 4.00 10.00 15.00 9.00 14.00 5.00 0.00 0.00 0.00 0.00 0.00
121.00 15.00 16.00 38.00 73.00 22.00 35.00 0.08 2.41 0.00 2.00 0.00 2.00 7.00 13.00 8.00 9.00 6.00 0.00 0.00 0.00 0.00 0.00
122.00 20.00 19.00 51.00 103.00 32.00 52.00 0.09 4.20 0.00 2.00 0.00 6.00 12.00 14.00 8.00 14.00 6.00 0.00 0.00 0.00 0.00 0.00
123.00 19.00 21.00 48.00 85.00 27.00 37.00 0.09 4.48 0.00 1.00 0.00 5.00 9.00 14.00 10.00 16.00 3.00 0.00 0.00 0.00 0.00 0.00
124.00 14.00 9.00 31.00 68.00 22.00 37.00 0.08 4.22 0.00 1.00 0.00 2.00 6.00 12.00 8.00 12.00 2.00 0.00 0.00 0.00 0.00 0.00
125.00 15.00 11.00 36.00 73.00 25.00 37.00 0.09 4.95 0.00 1.00 0.00 2.00 7.00 13.00 8.00 11.00 4.00 0.00 0.00 0.00 0.00 0.00
126.00 19.00 15.00 47.00 91.00 32.00 44.00 0.10 3.26 0.00 2.00 0.00 6.00 10.00 13.00 9.00 11.00 8.00 0.00 0.00 0.00 0.00 0.00
127.00 18.00 16.00 39.00 89.00 23.00 50.00 0.08 5.04 0.00 2.00 0.00 3.00 11.00 15.00 7.00 14.00 4.00 0.00 0.00 0.00 0.00 0.00
128.00 19.00 17.00 48.00 83.00 31.00 35.00 0.09 2.79 0.00 2.00 0.00 8.00 12.00 11.00 7.00 14.00 5.00 0.00 0.00 1.00 0.00 0.00
129.00 18.00 15.00 44.00 87.00 29.00 43.00 0.10 2.27 0.00 2.00 0.00 6.00 12.00 12.00 6.00 13.00 5.00 0.00 0.00 0.00 0.00 0.00
130.00 7.00 4.00 13.00 31.00 9.00 18.00 0.08 4.14 0.00 1.00 0.00 2.00 4.00 5.00 3.00 6.00 1.00 0.00 0.00 0.00 0.00 0.00
131.00 15.00 12.00 33.00 70.00 21.00 37.00 0.08 3.87 0.00 1.00 0.00 4.00 9.00 11.00 6.00 12.00 3.00 0.00 0.00 0.00 0.00 0.00
132.00 18.00 22.00 44.00 82.00 22.00 38.00 0.08 4.49 0.00 2.00 0.00 7.00 9.00 11.00 9.00 13.00 5.00 0.00 0.00 0.00 0.00 0.00
133.00 20.00 23.00 48.00 96.00 25.00 48.00 0.08 4.48 0.00 2.00 0.00 7.00 13.00 13.00 7.00 16.00 4.00 0.00 0.00 0.00 0.00 0.00
134.00 13.00 14.00 33.00 63.00 19.00 30.00 0.09 4.33 0.00 2.00 0.00 2.00 7.00 11.00 6.00 10.00 3.00 0.00 0.00 0.00 0.00 0.00
135.00 13.00 10.00 27.00 59.00 17.00 32.00 0.08 4.48 0.00 2.00 0.00 3.00 9.00 10.00 4.00 9.00 4.00 0.00 0.00 0.00 0.00 0.00
136.00 17.00 18.00 42.00 76.00 24.00 34.00 0.10 4.63 0.00 2.00 0.00 3.00 10.00 14.00 7.00 11.00 6.00 0.00 0.00 0.00 0.00 0.00
137.00 15.00 15.00 37.00 73.00 22.00 36.00 0.09 4.59 0.00 2.00 0.00 2.00 7.00 13.00 8.00 11.00 4.00 0.00 0.00 0.00 0.00 0.00
138.00 18.00 24.00 47.00 86.00 23.00 39.00 0.09 4.67 0.00 2.00 0.00 8.00 12.00 10.00 6.00 15.00 3.00 0.00 0.00 0.00 0.00 0.00
139.00 18.00 24.00 48.00 79.00 24.00 31.00 0.07 4.85 0.00 2.00 0.00 2.00 10.00 16.00 8.00 14.00 4.00 0.00 0.00 0.00 0.00 0.00
140.00 16.00 17.00 41.00 73.00 24.00 32.00 0.08 4.74 0.00 2.00 0.00 5.00 8.00 11.00 8.00 12.00 4.00 0.00 0.00 0.00 0.00 0.00
141.00 17.00 20.00 44.00 83.00 24.00 39.00 0.07 4.38 0.00 2.00 0.00 4.00 11.00 13.00 6.00 12.00 5.00 0.00 0.00 0.00 0.00 0.00
142.00 15.00 11.00 34.00 72.00 23.00 38.00 0.08 4.70 0.00 1.00 0.00 3.00 10.00 12.00 5.00 15.00 0.00 0.00 0.00 0.00 0.00 0.00
143.00 17.00 24.00 49.00 81.00 25.00 32.00 0.08 5.14 0.00 2.00 0.00 6.00 9.00 11.00 8.00 13.00 4.00 0.00 0.00 0.00 0.00 0.00
144.00 20.00 25.00 55.00 94.00 30.00 39.00 0.07 4.96 0.00 2.00 0.00 5.00 9.00 15.00 11.00 13.00 7.00 0.00 0.00 0.00 0.00 0.00
145.00 18.00 21.00 46.00 88.00 25.00 42.00 0.09 5.02 0.00 2.00 0.00 5.00 9.00 13.00 9.00 12.00 6.00 0.00 0.00 0.00 0.00 0.00
146.00 14.00 7.00 25.00 61.00 18.00 36.00 0.08 4.67 1.00 2.00 0.50 7.00 9.00 7.00 5.00 12.00 2.00 0.00 0.00 0.00 0.00 0.00
147.00 17.00 20.00 46.00 81.00 26.00 35.00 0.09 4.24 0.00 2.00 0.00 3.00 10.00 14.00 7.00 11.00 6.00 0.00 0.00 0.00 0.00 0.00
148.00 18.00 26.00 50.00 85.00 24.00 35.00 0.08 4.73 0.00 2.00 0.00 4.00 11.00 14.00 7.00 14.00 4.00 0.00 0.00 0.00 0.00 0.00
149.00 19.00 27.00 54.00 104.00 27.00 50.00 0.08 4.64 0.00 2.00 0.00 2.00 5.00 17.00 14.00 8.00 11.00 0.00 0.00 0.00 1.00 0.00
150.00 19.00 27.00 52.00 88.00 25.00 36.00 0.08 4.38 0.00 1.00 0.00 9.00 10.00 10.00 9.00 13.00 6.00 0.00 0.00 0.00 0.00 0.00
151.00 20.00 28.00 58.00 103.00 30.00 45.00 0.07 4.12 0.00 2.00 0.00 4.00 9.00 16.00 11.00 13.00 7.00 0.00 0.00 0.00 0.00 0.00
152.00 21.00 27.00 54.00 103.00 27.00 49.00 0.08 4.64 0.00 2.00 0.00 5.00 9.00 16.00 12.00 15.00 6.00 0.00 0.00 0.00 0.00 0.00
153.00 14.00 11.00 32.00 65.00 21.00 33.00 0.08 2.72 0.00 2.00 0.00 7.00 10.00 7.00 4.00 12.00 2.00 0.00 0.00 0.00 0.00 0.00
154.00 18.00 15.00 46.00 87.00 31.00 41.00 0.09 3.46 0.00 3.00 0.00 4.00 9.00 14.00 9.00 12.00 6.00 0.00 0.00 0.00 0.00 0.00
155.00 22.00 23.00 53.00 95.00 30.00 42.00 0.08 3.50 0.00 3.00 0.00 9.00 12.00 13.00 10.00 15.00 7.00 0.00 0.00 0.00 0.00 0.00
156.00 16.00 19.00 44.00 82.00 25.00 38.00 0.08 3.86 0.00 3.00 0.00 5.00 6.00 11.00 10.00 9.00 7.00 0.00 0.00 0.00 0.00 0.00
157.00 16.00 11.00 32.00 70.00 21.00 38.00 0.09 4.88 0.00 2.00 0.00 7.00 9.00 9.00 7.00 14.00 2.00 0.00 0.00 0.00 0.00 0.00
158.00 19.00 23.00 48.00 92.00 25.00 44.00 0.08 3.94 0.00 2.00 0.00 4.00 12.00 15.00 7.00 18.00 1.00 0.00 0.00 0.00 0.00 0.00
159.00 12.00 5.00 25.00 58.00 20.00 33.00 0.09 0.48 0.00 2.00 0.00 4.00 6.00 8.00 6.00 10.00 2.00 0.00 0.00 0.00 0.00 0.00
160.00 14.00 11.00 26.00 61.00 15.00 35.00 0.07 1.76 0.00 1.00 0.00 2.00 8.00 12.00 6.00 10.00 4.00 0.00 0.00 0.00 0.00 0.00
161.00 14.00 12.00 30.00 67.00 18.00 37.00 0.08 0.49 0.00 0.00 0.00 4.00 8.00 10.00 6.00 10.00 4.00 0.00 0.00 0.00 0.00 0.00
162.00 16.00 15.00 40.00 74.00 25.00 34.00 0.07 1.57 0.00 1.00 0.00 2.00 6.00 14.00 10.00 8.00 8.00 0.00 0.00 0.00 0.00 0.00
163.00 16.00 13.00 40.00 76.00 27.00 36.00 0.10 4.19 0.00 2.00 0.00 5.00 9.00 11.00 7.00 13.00 3.00 0.00 0.00 0.00 0.00 0.00
164.00 16.00 13.00 35.00 74.00 22.00 39.00 0.08 3.72 0.00 1.00 0.00 4.00 8.00 12.00 8.00 10.00 6.00 0.00 0.00 0.00 0.00 0.00
165.00 10.00 5.00 21.00 47.00 16.00 26.00 0.10 2.09 0.00 1.00 0.00 3.00 4.00 7.00 6.00 7.00 3.00 0.00 0.00 0.00 0.00 0.00
166.00 9.00 7.00 19.00 44.00 12.00 25.00 0.09 0.25 0.00 1.00 0.00 4.00 6.00 5.00 3.00 8.00 1.00 0.00 0.00 0.00 0.00 0.00
167.00 14.00 10.00 31.00 67.00 21.00 36.00 0.07 2.56 0.00 1.00 0.00 3.00 7.00 11.00 7.00 8.00 6.00 0.00 0.00 0.00 0.00 0.00
168.00 7.00 1.00 10.00 32.00 9.00 22.00 0.10 4.02 0.00 1.00 0.00 3.00 6.00 4.00 1.00 7.00 0.00 0.00 0.00 0.00 0.00 0.00
169.00 10.00 3.00 16.00 44.00 13.00 28.00 0.08 2.23 0.00 0.00 0.00 4.00 6.00 6.00 4.00 8.00 2.00 0.00 0.00 1.00 0.00 0.00
170.00 13.00 12.00 32.00 59.00 20.00 27.00 0.08 5.00 0.00 1.00 0.00 6.00 8.00 7.00 5.00 10.00 3.00 0.00 0.00 0.00 0.00 0.00
171.00 11.00 8.00 26.00 52.00 18.00 26.00 0.10 3.06 0.00 0.00 0.00 2.00 5.00 9.00 6.00 5.00 6.00 0.00 0.00 0.00 0.00 0.00
172.00 10.00 5.00 21.00 51.00 16.00 30.00 0.09 3.45 0.00 0.00 0.00 3.00 3.00 7.00 7.00 5.00 5.00 0.00 0.00 0.00 0.00 0.00
173.00 10.00 2.00 18.00 50.00 16.00 32.00 0.08 4.45 0.00 0.00 0.00 2.00 5.00 8.00 5.00 7.00 3.00 0.00 0.00 0.00 0.00 0.00
174.00 13.00 12.00 31.00 60.00 19.00 29.00 0.09 3.69 1.00 0.00 0.00 4.00 8.00 9.00 5.00 11.00 2.00 0.00 0.00 0.00 0.00 0.00
175.00 9.00 0.00 16.00 44.00 16.00 28.00 0.09 4.50 0.00 0.00 0.00 5.00 7.00 4.00 2.00 8.00 1.00 0.00 0.00 0.00 0.00 0.00
176.00 5.00 2.00 8.00 24.00 6.00 16.00 0.09 3.40 0.00 0.00 0.00 2.00 4.00 3.00 1.00 4.00 1.00 0.00 0.00 0.00 0.00 0.00
