0.00 4.00 0.00 2.00 11.00 2.00 9.00 0.09 4.33 0.00 0.00 0.00 2.00 4.00 2.00 0.00 4.00 0.00 0.00 0.00 0.00 0.00 0.00
1.00 3.00 0.00 1.00 8.00 1.00 7.00 0.09 4.72 0.00 0.00 0.00 2.00 3.00 1.00 0.00 3.00 0.00 0.00 0.00 0.00 0.00 0.00
2.00 3.00 0.00 0.00 7.00 0.00 7.00 0.10 0.18 0.00 0.00 0.00 2.00 3.00 1.00 0.00 3.00 0.00 0.00 0.00 0.00 0.00 0.00
3.00 4.00 0.00 0.00 11.00 0.00 11.00 0.09 3.68 0.00 0.00 0.00 2.00 4.00 2.00 0.00 4.00 0.00 0.00 0.00 0.00 0.00 0.00
4.00 3.00 0.00 0.00 2.00 0.00 2.00 0.08 0.20 0.00 0.00 0.00 2.00 3.00 1.00 0.00 3.00 0.00 0.00 0.00 0.00 0.00 0.00
5.00 4.00 0.00 1.00 11.00 1.00 10.00 0.08 3.99 0.00 0.00 0.00 3.00 3.00 1.00 1.00 4.00 0.00 0.00 0.00 0.00 0.00 0.00
6.00 4.00 0.00 2.00 12.00 2.00 10.00 0.08 0.17 0.00 0.00 0.00 2.00 4.00 2.00 0.00 4.00 0.00 0.00 0.00 0.00 0.00 0.00
7.00 12.00 8.00 22.00 44.00 14.00 22.00 0.10 3.01 0.00 0.00 0.00 6.00 8.00 6.00 4.00 10.00 2.00 0.00 0.00 0.00 0.00 0.00
8.00 4.00 0.00 2.00 15.00 2.00 13.00 0.08 0.19 0.00 0.00 0.00 3.00 3.00 1.00 1.00 4.00 0.00 0.00 0.00 0.00 0.00 0.00
9.00 7.00 2.00 10.00 27.00 8.00 17.00 0.07 2.45 0.00 0.00 0.00 5.00 5.00 2.00 2.00 6.00 1.00 0.00 0.00 0.00 0.00 0.00
10.00 11.00 6.00 19.00 43.00 13.00 24.00 0.08 1.93 0.00 0.00 0.00 5.00 7.00 6.00 4.00 10.00 1.00 0.00 0.00 0.00 0.00 0.00
11.00 4.00 0.00 2.00 13.00 2.00 11.00 0.08 0.25 0.00 0.00 0.00 3.00 3.00 1.00 1.00 4.00 0.00 0.00 0.00 0.00 0.00 0.00
12.00 16.00 13.00 32.00 76.00 19.00 44.00 0.08 4.12 0.00 1.00 0.00 7.00 11.00 9.00 5.00 13.00 3.00 0.00 0.00 0.00 1.00 0.00
13.00 9.00 4.00 14.00 39.00 10.00 25.00 0.08 3.43 0.00 0.00 0.00 4.00 7.00 5.00 2.00 9.00 0.00 0.00 0.00 0.00 0.00 0.00
14.00 11.00 10.00 25.00 53.00 15.00 28.00 0.09 1.94 0.00 0.00 0.00 4.00 5.00 7.00 6.00 9.00 2.00 0.00 0.00 0.00 0.00 0.00
15.00 8.00 3.00 14.00 36.00 11.00 22.00 0.10 4.07 0.00 0.00 0.00 3.00 3.00 5.00 5.00 6.00 2.00 0.00 0.00 0.00 0.00 0.00
16.00 8.00 5.00 16.00 39.00 11.00 23.00 0.08 3.90 0.00 0.00 0.00 2.00 3.00 6.00 5.00 4.00 4.00 0.00 0.00 0.00 0.00 0.00
17.00 7.00 3.00 12.00 29.00 9.00 17.00 0.08 2.76 0.00 0.00 0.00 3.00 5.00 4.00 2.00 6.00 1.00 0.00 0.00 0.00 0.00 0.00
18.00 9.00 6.00 17.00 40.00 11.00 23.00 0.08 4.48 0.00 0.00 0.00 3.00 4.00 6.00 5.00 7.00 2.00 0.00 0.00 0.00 0.00 0.00
19.00 9.00 6.00 19.00 38.00 13.00 19.00 0.07 2.21 0.00 1.00 0.00 2.00 2.00 7.00 7.00 7.00 2.00 0.00 0.00 0.00 0.00 0.00
20.00 10.00 4.00 10.00 35.00 6.00 25.00 0.07 2.15 0.00 0.00 0.00 4.00 8.00 6.00 2.00 8.00 2.00 0.00 0.00 0.00 0.00 0.00
21.00 4.00 0.00 0.00 2.00 0.00 2.00 0.08 0.48 0.00 0.00 0.00 2.00 4.00 2.00 0.00 4.00 0.00 0.00 0.00 0.00 0.00 0.00
22.00 10.00 8.00 24.00 50.00 16.00 26.00 0.07 2.09 0.00 0.00 0.00 4.00 6.00 6.00 4.00 7.00 3.00 0.00 0.00 0.00 0.00 0.00
23.00 12.00 6.00 24.00 57.00 18.00 33.00 0.08 2.79 0.00 0.00 0.00 5.00 7.00 7.00 5.00 10.00 2.00 0.00 0.00 0.00 0.00 0.00
24.00 17.00 18.00 44.00 74.00 26.00 30.00 0.10 3.08 0.00 1.00 0.00 7.00 9.00 10.00 8.00 12.00 5.00 0.00 0.00 0.00 0.00 0.00
25.00 10.00 6.00 21.00 52.00 15.00 31.00 0.08 3.28 0.00 1.00 0.00 3.00 5.00 7.00 5.00 5.00 5.00 0.00 0.00 0.00 0.00 0.00
26.00 13.00 13.00 30.00 65.00 17.00 35.00 0.09 2.82 0.00 0.00 0.00 3.00 7.00 10.00 6.00 10.00 3.00 0.00 0.00 0.00 0.00 0.00
27.00 12.00 6.00 19.00 52.00 13.00 33.00 0.09 3.09 0.00 0.00 0.00 2.00 8.00 10.00 4.00 9.00 3.00 0.00 0.00 0.00 0.00 0.00
28.00 8.00 6.00 16.00 36.00 10.00 20.00 0.08 3.82 0.00 0.00 0.00 3.00 6.00 5.00 2.00 6.00 2.00 0.00 0.00 0.00 0.00 0.00
29.00 7.00 2.00 11.00 30.00 9.00 19.00 0.07 4.88 0.00 1.00 0.00 3.00 5.00 4.00 2.00 6.00 1.00 0.00 0.00 0.00 0.00 0.00
30.00 13.00 9.00 34.00 64.00 25.00 30.00 0.09 1.65 0.00 2.00 0.00 4.00 7.00 9.00 6.00 9.00 4.00 0.00 0.00 0.00 0.00 0.00
31.00 9.00 3.00 13.00 44.00 10.00 31.00 0.08 2.08 0.00 0.00 0.00 3.00 5.00 6.00 4.00 8.00 1.00 0.00 0.00 0.00 0.00 0.00
32.00 15.00 10.00 30.00 64.00 20.00 34.00 0.09 4.04 0.00 0.00 0.00 5.00 11.00 10.00 4.00 12.00 3.00 0.00 0.00 0.00 0.00 0.00
33.00 16.00 17.00 45.00 80.00 28.00 35.00 0.07 2.31 0.00 1.00 0.00 6.00 11.00 10.00 5.00 11.00 5.00 0.00 0.00 0.00 0.00 0.00
34.00 17.00 22.00 47.00 86.00 25.00 39.00 0.09 2.86 0.00 1.00 0.00 5.00 8.00 12.00 9.00 12.00 5.00 0.00 0.00 0.00 0.00 0.00
35.00 15.00 13.00 37.00 73.00 24.00 36.00 0.08 4.02 0.00 2.00 0.00 7.00 10.00 8.00 5.00 12.00 3.00 0.00 0.00 0.00 0.00 0.00
36.00 19.00 16.00 48.00 95.00 32.00 47.00 0.09 2.78 0.00 2.00 0.00 5.00 10.00 14.00 9.00 17.00 2.00 0.00 0.00 0.00 0.00 0.00
37.00 18.00 19.00 48.00 85.00 29.00 37.00 0.09 2.81 0.00 0.00 0.00 6.00 12.00 12.00 6.00 15.00 3.00 0.00 0.00 0.00 0.00 0.00
38.00 17.00 16.00 45.00 88.00 29.00 43.00 0.07 2.92 0.00 0.00 0.00 5.00 11.00 12.00 6.00 13.00 4.00 0.00 0.00 0.00 0.00 0.00
39.00 20.00 24.00 61.00 101.00 37.00 40.00 0.07 3.30 0.00 1.00 0.00 2.00 7.00 18.00 13.00 14.00 6.00 0.00 0.00 0.00 0.00 0.00
40.00 23.00 22.00 63.00 113.00 41.00 50.00 0.07 2.63 0.00 1.00 0.00 8.00 13.00 15.00 10.00 16.00 7.00 0.00 0.00 1.00 0.00 0.00
41.00 12.00 7.00 27.00 61.00 20.00 34.00 0.07 1.66 0.00 0.00 0.00 5.00 8.00 7.00 4.00 9.00 3.00 0.00 0.00 0.00 1.00 0.00
42.00 24.00 28.00 65.00 111.00 37.00 46.00 0.06 3.75 0.00 1.00 0.00 8.00 11.00 16.00 13.00 15.00 9.00 1.00 0.00 0.00 0.00 0.00
43.00 27.00 31.00 72.00 137.00 41.00 65.00 0.08 2.90 0.00 2.00 0.00 6.00 9.00 21.00 18.00 14.00 13.00 0.00 0.00 0.00 0.00 0.00
44.00 24.00 26.00 67.00 120.00 41.00 53.00 0.08 2.41 0.00 0.00 0.00 9.00 15.00 15.00 9.00 16.00 8.00 0.00 0.00 1.00 0.00 0.00
45.00 24.00 26.00 65.00 121.00 39.00 56.00 0.07 2.44 0.00 1.00 0.00 5.00 9.00 19.00 15.00 15.00 9.00 0.00 0.00 0.00 0.00 0.00
46.00 25.00 22.00 68.00 129.00 46.00 61.00 0.10 3.39 0.00 3.00 0.00 8.00 13.00 17.00 12.00 17.00 8.00 0.00 0.00 0.00 1.00 0.00
47.00 27.00 35.00 77.00 137.00 42.00 60.00 0.08 3.50 0.00 2.00 0.00 4.00 12.00 23.00 15.00 17.00 10.00 0.00 0.00 1.00 0.00 0.00
48.00 31.00 40.00 93.00 160.00 53.00 67.00 0.07 3.28 0.00 1.00 0.00 8.00 13.00 23.00 18.00 18.00 13.00 0.00 0.00 0.00 0.00 0.00
49.00 26.00 34.00 76.00 131.00 42.00 55.00 0.08 3.98 1.00 2.00 0.50 5.00 11.00 21.00 15.00 17.00 9.00 0.00 0.00 0.00 0.00 0.00
50.00 24.00 33.00 70.00 122.00 37.00 52.00 0.09 0.79 1.00 1.00 1.00 7.00 11.00 17.00 13.00 14.00 10.00 0.00 0.00 3.00 1.00 0.00
51.00 27.00 27.00 67.00 142.00 40.00 75.00 0.08 2.26 1.00 1.00 1.00 7.00 13.00 20.00 14.00 19.00 8.00 0.00 0.00 1.00 0.00 0.00
52.00 22.00 25.00 56.00 103.00 31.00 47.00 0.07 2.06 0.00 1.00 0.00 9.00 13.00 13.00 9.00 16.00 6.00 0.00 0.00 0.00 0.00 0.00
53.00 24.00 27.00 65.00 127.00 38.00 62.00 0.08 1.77 0.00 1.00 0.00 4.00 12.00 20.00 12.00 17.00 7.00 0.00 0.00 1.00 0.00 0.00
54.00 29.00 38.00 82.00 145.00 44.00 63.00 0.09 3.31 0.00 1.00 0.00 9.00 13.00 20.00 16.00 18.00 11.00 0.00 0.00 1.00 1.00 0.00
55.00 33.00 49.00 101.00 169.00 52.00 68.00 0.09 2.35 0.00 1.00 0.00 12.00 16.00 21.00 17.00 21.00 12.00 1.00 0.00 1.00 0.00 0.00
56.00 27.00 27.00 75.00 138.00 48.00 63.00 0.08 2.76 0.00 1.00 0.00 8.00 11.00 19.00 16.00 19.00 8.00 1.00 0.00 0.00 0.00 0.00
57.00 33.00 47.00 106.00 163.00 59.00 57.00 0.09 3.57 0.00 3.00 0.00 7.00 18.00 26.00 15.00 20.00 13.00 1.00 0.00 0.00 0.00 0.00
58.00 31.00 36.00 89.00 153.00 53.00 64.00 0.08 4.32 0.00 3.00 0.00 8.00 20.00 23.00 11.00 22.00 9.00 1.00 0.00 0.00 0.00 0.00
59.00 28.00 42.00 79.00 137.00 37.00 58.00 0.09 3.51 0.00 4.00 0.00 6.00 13.00 22.00 15.00 15.00 13.00 0.00 0.00 0.00 0.00 0.00
60.00 31.00 43.00 84.00 158.00 41.00 74.00 0.08 3.83 0.00 5.00 0.00 8.00 13.00 23.00 18.00 16.00 15.00 1.00 0.00 0.00 0.00 0.00
61.00 27.00 31.00 77.00 140.00 46.00 63.00 0.09 4.38 0.00 3.00 0.00 7.00 14.00 20.00 13.00 20.00 7.00 0.00 0.00 0.00 0.00 0.00
62.00 32.00 58.00 97.00 161.00 39.00 64.00 0.09 3.41 1.00 4.00 0.25 5.00 11.00 27.00 21.00 18.00 14.00 0.00 0.00 0.00 1.00 0.00
63.00 31.00 47.00 85.00 155.00 38.00 70.00 0.08 3.16 1.00 3.00 0.33 8.00 13.00 23.00 18.00 19.00 12.00 0.00 0.00 1.00 0.00 0.00
64.00 30.00 43.00 89.00 148.00 46.00 59.00 0.11 3.05 1.00 2.00 0.50 4.00 12.00 26.00 18.00 17.00 13.00 0.00 0.00 1.00 0.00 0.00
65.00 33.00 37.00 91.00 171.00 54.00 80.00 0.09 3.50 1.00 2.00 0.50 7.00 15.00 26.00 18.00 21.00 12.00 0.00 0.00 0.00 1.00 0.00
66.00 32.00 46.00 94.00 171.00 48.00 77.00 0.08 3.53 1.00 3.00 0.33 7.00 12.00 25.00 20.00 17.00 15.00 0.00 0.00 1.00 0.00 0.00
67.00 29.00 37.00 86.00 147.00 49.00 61.00 0.10 4.53 0.00 3.00 0.00 10.00 14.00 19.00 15.00 19.00 10.00 0.00 0.00 0.00 0.00 0.00
68.00 31.00 41.00 89.00 156.00 48.00 67.00 0.08 3.60 1.00 2.00 0.50 10.00 16.00 21.00 15.00 21.00 10.00 0.00 0.00 0.00 0.00 0.00
69.00 31.00 44.00 91.00 163.00 47.00 72.00 0.10 3.56 1.00 3.00 0.33 6.00 13.00 25.00 18.00 18.00 13.00 0.00 0.00 0.00 0.00 0.00
70.00 30.00 23.00 76.00 158.00 53.00 82.00 0.09 3.40 1.00 2.00 0.50 9.00 17.00 21.00 13.00 19.00 11.00 0.00 0.00 1.00 0.00 0.00
71.00 33.00 44.00 92.00 167.00 48.00 75.00 0.08 3.90 1.00 3.00 0.33 7.00 12.00 26.00 21.00 21.00 12.00 0.00 0.00 1.00 0.00 0.00
72.00 33.00 42.00 89.00 169.00 47.00 80.00 0.07 4.34 0.00 3.00 0.00 8.00 12.00 25.00 21.00 19.00 14.00 0.00 0.00 0.00 0.00 0.00
73.00 34.00 44.00 95.00 174.00 51.00 79.00 0.10 4.17 1.00 3.00 0.33 7.00 20.00 27.00 14.00 26.00 8.00 0.00 0.00 0.00 0.00 1.00
74.00 27.00 30.00 76.00 142.00 46.00 66.00 0.07 4.34 2.00 3.00 0.67 7.00 12.00 20.00 15.00 16.00 11.00 0.00 0.00 2.00 0.00 0.00
75.00 32.00 48.00 89.00 156.00 41.00 67.00 0.07 3.07 2.00 3.00 0.67 12.00 14.00 20.00 18.00 19.00 13.00 0.00 0.00 1.00 0.00 0.00
76.00 36.00 54.00 102.00 190.00 48.00 88.00 0.08 4.46 0.00 3.00 0.00 4.00 10.00 32.00 26.00 18.00 18.00 0.00 0.00 0.00 0.00 0.00
77.00 25.00 28.00 69.00 123.00 41.00 54.00 0.09 4.53 1.00 1.00 1.00 3.00 9.00 22.00 16.00 14.00 11.00 0.00 0.00 0.00 0.00 0.00
78.00 32.00 44.00 94.00 166.00 50.00 72.00 0.08 4.44 1.00 2.00 0.50 6.00 14.00 26.00 18.00 19.00 13.00 0.00 0.00 0.00 0.00 0.00
79.00 36.00 49.00 103.00 182.00 54.00 79.00 0.08 4.20 1.00 1.00 1.00 9.00 18.00 27.00 18.00 24.00 12.00 0.00 0.00 0.00 1.00 0.00
80.00 36.00 44.00 92.00 179.00 48.00 87.00 0.09 4.36 1.00 0.00 0.00 13.00 22.00 23.00 14.00 25.00 11.00 0.00 0.00 1.00 0.00 0.00
81.00 31.00 35.00 93.00 153.00 58.00 60.00 0.10 4.22 1.00 1.00 1.00 7.00 11.00 24.00 20.00 16.00 15.00 0.00 0.00 0.00 0.00 0.00
82.00 29.00 43.00 92.00 147.00 49.00 55.00 0.09 4.19 1.00 1.00 1.00 11.00 15.00 18.00 14.00 18.00 11.00 0.00 0.00 0.00 0.00 0.00
83.00 28.00 38.00 82.00 144.00 44.00 62.00 0.09 4.36 1.00 1.00 1.00 8.00 15.00 20.00 13.00 18.00 10.00 0.00 0.00 0.00 0.00 0.00
84.00 31.00 39.00 88.00 162.00 49.00 74.00 0.08 4.34 1.00 2.00 0.50 8.00 11.00 23.00 20.00 16.00 15.00 0.00 0.00 0.00 1.00 0.00
85.00 31.00 34.00 93.00 163.00 59.00 70.00 0.07 3.88 1.00 3.00 0.33 7.00 15.00 24.00 16.00 20.00 11.00 0.00 0.00 0.00 0.00 0.00
86.00 36.00 48.00 112.00 174.00 64.00 62.00 0.09 4.37 1.00 2.00 0.50 5.00 13.00 31.00 23.00 18.00 18.00 0.00 0.00 0.00 0.00 0.00
87.00 33.00 38.00 84.00 165.00 46.00 81.00 0.10 4.51 0.00 2.00 0.00 7.00 17.00 26.00 16.00 20.00 13.00 0.00 0.00 1.00 0.00 0.00
88.00 31.00 45.00 87.00 152.00 42.00 65.00 0.09 4.10 0.00 2.00 0.00 10.00 19.00 21.00 12.00 19.00 12.00 0.00 0.00 0.00 0.00 0.00
89.00 35.00 47.00 100.00 173.00 53.00 73.00 0.09 4.67 1.00 3.00 0.33 7.00 15.00 28.00 20.00 18.00 17.00 0.00 0.00 0.00 0.00 0.00
90.00 38.00 46.00 113.00 193.00 67.00 80.00 0.09 4.44 1.00 3.00 0.33 12.00 18.00 26.00 20.00 25.00 13.00 0.00 0.00 0.00 0.00 0.00
91.00 35.00 43.00 95.00 163.00 52.00 68.00 0.07 4.34 0.00 4.00 0.00 10.00 22.00 25.00 13.00 25.00 10.00 0.00 0.00 0.00 0.00 0.00
92.00 41.00 56.00 113.00 192.00 57.00 79.00 0.08 4.04 1.00 4.00 0.25 7.00 16.00 34.00 25.00 24.00 17.00 0.00 0.00 0.00 0.00 1.00
93.00 33.00 46.00 98.00 168.00 52.00 70.00 0.08 3.93 1.00 3.00 0.33 7.00 13.00 26.00 20.00 19.00 14.00 0.00 0.00 0.00 0.00 0.00
94.00 29.00 32.00 83.00 151.00 51.00 68.00 0.09 4.27 1.00 6.00 0.17 8.00 12.00 21.00 17.00 18.00 11.00 0.00 0.00 0.00 0.00 0.00
95.00 30.00 39.00 87.00 153.00 48.00 66.00 0.09 4.01 1.00 4.00 0.25 7.00 13.00 23.00 17.00 19.00 11.00 0.00 0.00 0.00 0.00 0.00
96.00 28.00 31.00 67.00 145.00 36.00 78.00 0.08 3.61 1.00 3.00 0.33 7.00 16.00 21.00 12.00 21.00 7.00 0.00 0.00 0.00 0.00 0.00
97.00 31.00 39.00 91.00 159.00 52.00 68.00 0.09 4.09 1.00 2.00 0.50 8.00 15.00 23.00 16.00 20.00 11.00 0.00 0.00 0.00 0.00 0.00
98.00 30.00 40.00 78.00 145.00 38.00 67.00 0.10 3.74 0.00 3.00 0.00 10.00 17.00 20.00 13.00 20.00 10.00 0.00 0.00 0.00 0.00 0.00
99.00 29.00 35.00 83.00 146.00 48.00 63.00 0.07 4.11 1.00 3.00 0.33 5.00 11.00 24.00 18.00 19.00 10.00 0.00 0.00 0.00 0.00 0.00
100.00 28.00 40.00 77.00 142.00 37.00 65.00 0.09 3.98 1.00 2.00 0.50 7.00 15.00 21.00 13.00 17.00 11.00 0.00 0.00 0.00 0.00 0.00
101.00 25.00 28.00 66.00 128.00 38.00 62.00 0.09 4.23 1.00 1.00 1.00 4.00 8.00 21.00 17.00 15.00 10.00 0.00 0.00 1.00 0.00 0.00
102.00 22.00 23.00 55.00 104.00 32.00 49.00 0.09 4.26 0.00 1.00 0.00 4.00 7.00 18.00 15.00 13.00 9.00 0.00 0.00 0.00 0.00 0.00
103.00 30.00 45.00 90.00 155.00 45.00 65.00 0.09 4.14 2.00 2.00 1.00 7.00 11.00 23.00 19.00 16.00 14.00 0.00 0.00 0.00 0.00 0.00
104.00 30.00 39.00 82.00 150.00 43.00 68.00 0.08 3.70 1.00 1.00 1.00 11.00 14.00 19.00 16.00 22.00 8.00 0.00 0.00 0.00 0.00 0.00
105.00 28.00 28.00 68.00 138.00 40.00 70.00 0.07 3.69 0.00 1.00 0.00 6.00 12.00 22.00 16.00 19.00 9.00 0.00 0.00 0.00 0.00 0.00
106.00 23.00 25.00 68.00 120.00 43.00 52.00 0.08 4.41 2.00 2.00 1.00 4.00 6.00 19.00 17.00 12.00 11.00 0.00 0.00 0.00 0.00 0.00
107.00 24.00 27.00 69.00 119.00 42.00 50.00 0.09 4.73 0.00 1.00 0.00 5.00 9.00 19.00 15.00 18.00 6.00 0.00 0.00 1.00 0.00 0.00
108.00 22.00 17.00 50.00 110.00 33.00 60.00 0.09 4.27 0.00 1.00 0.00 5.00 12.00 17.00 10.00 17.00 5.00 0.00 0.00 0.00 0.00 0.00
109.00 23.00 21.00 59.00 112.00 38.00 53.00 0.09 4.46 0.00 1.00 0.00 4.00 13.00 19.00 10.00 18.00 5.00 0.00 0.00 0.00 0.00 0.00
110.00 24.00 25.00 60.00 119.00 35.00 59.00 0.07 4.13 0.00 1.00 0.00 6.00 12.00 18.00 12.00 16.00 8.00 0.00 0.00 0.00 0.00 0.00
111.00 12.00 7.00 25.00 50.00 18.00 25.00 0.09 3.59 0.00 0.00 0.00 4.00 8.00 8.00 4.00 10.00 2.00 0.00 0.00 1.00 0.00 0.00
112.00 25.00 27.00 69.00 123.00 42.00 54.00 0.08 4.36 0.00 1.00 0.00 10.00 14.00 15.00 11.00 16.00 9.00 0.00 0.00 1.00 0.00 0.00
113.00 18.00 22.00 48.00 86.00 26.00 38.00 0.09 4.56 0.00 1.00 0.00 3.00 8.00 15.00 10.00 14.00 4.00 0.00 0.00 0.00 0.00 0.00
114.00 17.00 18.00 47.00 83.00 29.00 36.00 0.09 4.30 0.00 1.00 0.00 4.00 8.00 13.00 9.00 11.00 6.00 0.00 0.00 0.00 0.00 0.00
115.00 19.00 12.00 46.00 98.00 34.00 52.00 0.08 4.01 0.00 1.00 0.00 6.00 11.00 13.00 8.00 14.00 5.00 0.00 0.00 0.00 0.00 0.00
116.00 22.00 20.00 52.00 100.00 32.00 48.00 0.08 4.33 0.00 1.00 0.00 9.00 16.00 13.00 6.00 18.00 4.00 0.00 0.00 0.00 0.00 0.00
117.00 17.00 15.00 41.00 87.00 26.00 46.00 0.07 4.31 0.00 1.00 0.00 4.00 10.00 13.00 7.00 12.00 5.00 0.00 0.00 1.00 0.00 0.00
118.00 6.00 2.00 10.00 28.00 8.00 18.00 0.09 0.14 0.00 0.00 0.00 1.00 3.00 5.00 3.00 6.00 0.00 0.00 0.00 0.00 0.00 0.00
119.00 15.00 5.00 32.00 75.00 27.00 43.00 0.09 4.89 0.00 1.00 0.00 8.00 9.00 7.00 6.00 12.00 3.00 0.00 0.00 0.00 0.00 0.00
120.00 17.00 12.00 42.00 84.00 30.00 42.00 0.08 4.56 0.00 1.00 0.00 5.00 9.00 12.00 8.00 10.00 7.00 0.00 0.00 1.00 0.00 0.00
121.00 13.00 9.00 27.00 63.00 18.00 36.00 0.08 4.35 0.00 0.00 0.00 1.00 5.00 12.00 8.00 9.00 4.00 0.00 0.00 0.00 0.00 0.00
122.00 13.00 5.00 19.00 59.00 14.00 40.00 0.08 4.25 0.00 0.00 0.00 6.00 10.00 7.00 3.00 11.00 2.00 0.00 0.00 0.00 0.00 0.00
123.00 15.00 15.00 38.00 71.00 23.00 33.00 0.09 4.32 0.00 1.00 0.00 5.00 7.00 10.00 8.00 12.00 3.00 0.00 0.00 0.00 1.00 0.00
124.00 17.00 12.00 36.00 83.00 24.00 47.00 0.09 5.07 0.00 0.00 0.00 5.00 8.00 12.00 9.00 14.00 3.00 0.00 0.00 0.00 0.00 0.00
125.00 15.00 12.00 32.00 68.00 20.00 36.00 0.08 5.10 0.00 0.00 0.00 4.00 8.00 11.00 7.00 12.00 3.00 0.00 0.00 0.00 0.00 0.00
126.00 19.00 18.00 39.00 88.00 21.00 49.00 0.07 4.49 0.00 0.00 0.00 8.00 11.00 11.00 8.00 14.00 5.00 0.00 0.00 1.00 0.00 0.00
127.00 16.00 8.00 32.00 73.00 24.00 41.00 0.08 3.80 0.00 0.00 0.00 6.00 11.00 10.00 5.00 11.00 5.00 0.00 0.00 1.00 0.00 1.00
128.00 14.00 6.00 25.00 69.00 19.00 44.00 0.08 4.14 0.00 0.00 0.00 5.00 8.00 9.00 6.00 11.00 3.00 0.00 0.00 0.00 0.00 0.00
129.00 11.00 5.00 17.00 46.00 12.00 29.00 0.08 2.95 0.00 0.00 0.00 3.00 8.00 8.00 3.00 9.00 2.00 0.00 0.00 0.00 0.00 0.00
130.00 15.00 15.00 33.00 69.00 18.00 36.00 0.09 4.58 0.00 0.00 0.00 6.00 8.00 9.00 7.00 13.00 2.00 0.00 0.00 0.00 0.00 0.00
131.00 9.00 2.00 11.00 42.00 9.00 31.00 0.11 4.63 0.00 0.00 0.00 5.00 7.00 4.00 2.00 8.00 1.00 0.00 0.00 0.00 0.00 0.00
132.00 18.00 16.00 44.00 86.00 28.00 42.00 0.08 4.45 0.00 1.00 0.00 5.00 8.00 13.00 10.00 11.00 7.00 0.00 0.00 0.00 0.00 0.00
133.00 17.00 11.00 35.00 82.00 24.00 47.00 0.09 5.01 0.00 0.00 0.00 4.00 8.00 13.00 9.00 11.00 6.00 0.00 0.00 0.00 0.00 0.00
134.00 15.00 8.00 27.00 69.00 19.00 42.00 0.10 3.89 0.00 0.00 0.00 5.00 8.00 10.00 7.00 12.00 3.00 0.00 0.00 0.00 0.00 0.00
135.00 10.00 4.00 19.00 48.00 15.00 29.00 0.07 4.55 0.00 0.00 0.00 4.00 6.00 6.00 4.00 8.00 2.00 0.00 0.00 0.00 0.00 0.00
136.00 14.00 13.00 33.00 69.00 20.00 36.00 0.09 4.88 0.00 0.00 0.00 8.00 9.00 6.00 5.00 10.00 4.00 0.00 0.00 0.00 0.00 0.00
137.00 11.00 6.00 20.00 48.00 14.00 28.00 0.10 5.12 0.00 0.00 0.00 3.00 6.00 8.00 5.00 11.00 0.00 0.00 0.00 0.00 0.00 0.00
138.00 13.00 7.00 21.00 51.00 14.00 30.00 0.09 5.21 0.00 0.00 0.00 4.00 11.00 9.00 2.00 11.00 2.00 0.00 0.00 0.00 0.00 0.00
139.00 15.00 13.00 35.00 73.00 22.00 38.00 0.10 4.88 0.00 0.00 0.00 5.00 11.00 10.00 4.00 13.00 2.00 0.00 0.00 0.00 0.00 0.00
140.00 14.00 5.00 25.00 63.00 20.00 38.00 0.11 3.82 0.00 0.00 0.00 5.00 9.00 9.00 5.00 12.00 2.00 0.00 0.00 1.00 0.00 0.00
141.00 14.00 9.00 30.00 64.00 21.00 34.00 0.10 4.42 0.00 0.00 0.00 6.00 8.00 8.00 6.00 11.00 3.00 0.00 0.00 0.00 0.00 0.00
142.00 10.00 2.00 16.00 46.00 14.00 30.00 0.09 3.24 0.00 0.00 0.00 3.00 7.00 7.00 3.00 8.00 2.00 0.00 0.00 0.00 0.00 0.00
143.00 13.00 13.00 34.00 60.00 21.00 26.00 0.10 4.61 0.00 0.00 0.00 3.00 9.00 10.00 4.00 10.00 3.00 0.00 0.00 0.00 0.00 0.00
144.00 11.00 8.00 26.00 51.00 18.00 25.00 0.07 4.11 0.00 0.00 0.00 5.00 6.00 6.00 5.00 9.00 2.00 0.00 0.00 0.00 0.00 0.00
145.00 13.00 6.00 20.00 50.00 14.00 30.00 0.07 4.65 0.00 0.00 0.00 6.00 7.00 7.00 6.00 9.00 4.00 0.00 0.00 0.00 0.00 0.00
146.00 10.00 4.00 19.00 49.00 15.00 30.00 0.09 4.82 0.00 0.00 0.00 1.00 2.00 9.00 8.00 7.00 3.00 0.00 0.00 0.00 0.00 0.00
147.00 12.00 10.00 24.00 55.00 14.00 31.00 0.08 4.86 0.00 0.00 0.00 4.00 6.00 8.00 6.00 10.00 2.00 0.00 0.00 0.00 0.00 0.00
148.00 8.00 4.00 13.00 35.00 9.00 22.00 0.09 2.37 0.00 0.00 0.00 3.00 3.00 5.00 5.00 5.00 3.00 0.00 0.00 1.00 0.00 0.00
149.00 16.00 14.00 41.00 76.00 27.00 35.00 0.09 3.05 0.00 1.00 0.00 4.00 8.00 12.00 8.00 10.00 6.00 0.00 0.00 0.00 0.00 0.00
150.00 10.00 5.00 19.00 49.00 14.00 30.00 0.08 4.36 0.00 0.00 0.00 6.00 7.00 4.00 3.00 8.00 2.00 0.00 0.00 0.00 0.00 0.00
151.00 16.00 12.00 34.00 70.00 22.00 36.00 0.08 4.44 0.00 0.00 0.00 3.00 10.00 13.00 6.00 13.00 3.00 0.00 0.00 0.00 0.00 0.00
152.00 19.00 19.00 47.00 92.00 28.00 45.00 0.08 4.32 0.00 1.00 0.00 6.00 12.00 13.00 7.00 14.00 5.00 0.00 0.00 1.00 0.00 0.00
153.00 17.00 14.00 33.00 77.00 19.00 44.00 0.10 4.52 0.00 0.00 0.00 6.00 12.00 11.00 5.00 13.00 4.00 0.00 0.00 0.00 1.00 0.00
154.00 15.00 9.00 34.00 74.00 25.00 40.00 0.08 5.03 0.00 0.00 0.00 5.00 8.00 10.00 7.00 11.00 4.00 0.00 0.00 0.00 1.00 0.00
155.00 12.00 7.00 19.00 53.00 12.00 34.00 0.08 4.46 0.00 0.00 0.00 5.00 10.00 7.00 2.00 10.00 2.00 0.00 0.00 0.00 0.00 0.00
156.00 10.00 3.00 16.00 44.00 13.00 28.00 0.08 4.94 0.00 0.00 0.00 4.00 9.00 6.00 1.00 9.00 1.00 0.00 0.00 0.00 0.00 0.00
157.00 8.00 1.00 10.00 30.00 9.00 20.00 0.07 4.65 0.00 0.00 0.00 3.00 6.00 5.00 2.00 7.00 1.00 0.00 0.00 0.00 0.00 0.00
158.00 11.00 6.00 17.00 41.00 11.00 24.00 0.08 4.65 0.00 1.00 0.00 3.00 5.00 8.00 6.00 9.00 2.00 0.00 0.00 0.00 0.00 0.00
159.00 10.00 7.00 22.00 50.00 15.00 28.00 0.08 4.56 0.00 0.00 0.00 2.00 4.00 8.00 6.00 7.00 3.00 0.00 0.00 0.00 0.00 0.00
160.00 16.00 5.00 29.00 73.00 24.00 44.00 0.08 3.79 0.00 0.00 0.00 6.00 9.00 10.00 7.00 10.00 6.00 0.00 0.00 0.00 0.00 0.00
161.00 10.00 2.00 14.00 40.00 12.00 26.00 0.09 3.45 0.00 0.00 0.00 3.00 6.00 7.00 4.00 9.00 1.00 0.00 0.00 0.00 0.00 0.00
162.00 15.00 7.00 28.00 73.00 21.00 45.00 0.10 3.90 0.00 0.00 0.00 5.00 11.00 10.00 4.00 11.00 4.00 0.00 0.00 1.00 0.00 0.00
163.00 7.00 0.00 10.00 31.00 10.00 21.00 0.09 4.04 0.00 0.00 0.00 2.00 5.00 5.00 2.00 6.00 1.00 0.00 0.00 1.00 0.00 0.00
164.00 19.00 8.00 26.00 84.00 18.00 58.00 0.09 3.54 0.00 0.00 0.00 8.00 12.00 11.00 7.00 15.00 4.00 0.00 0.00 0.00 0.00 0.00
165.00 14.00 8.00 27.00 62.00 19.00 35.00 0.09 5.09 0.00 0.00 0.00 4.00 9.00 10.00 5.00 13.00 1.00 0.00 0.00 0.00 0.00 0.00
166.00 14.00 1.00 18.00 59.00 17.00 41.00 0.08 3.65 0.00 0.00 0.00 6.00 10.00 8.00 4.00 12.00 2.00 0.00 0.00 0.00 0.00 0.00
167.00 11.00 3.00 19.00 54.00 16.00 35.00 0.09 3.83 0.00 0.00 0.00 4.00 7.00 7.00 4.00 9.00 2.00 0.00 0.00 0.00 0.00 0.00
168.00 19.00 9.00 40.00 94.00 31.00 54.00 0.08 4.68 0.00 0.00 0.00 6.00 11.00 13.00 8.00 16.00 3.00 0.00 0.00 0.00 0.00 0.00
169.00 11.00 3.00 15.00 54.00 12.00 39.00 0.09 3.79 0.00 1.00 0.00 3.00 7.00 8.00 4.00 10.00 1.00 0.00 0.00 0.00 0.00 0.00
170.00 13.00 5.00 23.00 56.00 18.00 33.00 0.09 4.75 0.00 0.00 0.00 4.00 5.00 9.00 8.00 11.00 2.00 0.00 0.00 0.00 0.00 0.00
171.00 14.00 8.00 30.00 69.00 22.00 39.00 0.09 4.78 0.00 0.00 0.00 4.00 7.00 10.00 7.00 10.00 4.00 0.00 0.00 1.00 1.00 0.00
172.00 16.00 8.00 34.00 80.00 26.00 46.00 0.09 3.22 0.00 0.00 0.00 2.00 7.00 14.00 9.00 10.00 6.00 0.00 0.00 0.00 0.00 0.00
173.00 12.00 9.00 27.00 59.00 18.00 32.00 0.08 3.09 0.00 0.00 0.00 3.00 7.00 9.00 5.00 10.00 2.00 0.00 0.00 0.00 0.00 0.00
174.00 6.00 1.00 8.00 23.00 7.00 15.00 0.09 4.50 0.00 0.00 0.00 4.00 5.00 2.00 1.00 5.00 1.00 0.00 0.00 0.00 0.00 0.00
175.00 13.00 7.00 26.00 62.00 19.00 36.00 0.08 4.61 0.00 0.00 0.00 3.00 7.00 10.00 6.00 11.00 2.00 0.00 0.00 1.00 0.00 0.00
176.00 5.00 0.00 6.00 21.00 6.00 15.00 0.09 0.16 0.00 0.00 0.00 3.00 4.00 2.00 1.00 5.00 0.00 0.00 0.00 0.00 0.00 0.00
177.00 12.00 7.00 19.00 47.00 12.00 28.00 0.08 4.96 0.00 0.00 0.00 4.00 8.00 8.00 4.00 9.00 3.00 0.00 0.00 0.00 0.00 0.00
178.00 14.00 9.00 28.00 66.00 19.00 38.00 0.08 4.63 0.00 0.00 0.00 7.00 11.00 7.00 3.00 11.00 3.00 0.00 0.00 0.00 0.00 0.00
179.00 10.00 3.00 16.00 42.00 13.00 26.00 0.09 4.86 0.00 0.00 0.00 5.00 8.00 5.00 2.00 8.00 2.00 0.00 0.00 0.00 0.00 0.00
180.00 7.00 3.00 10.00 25.00 7.00 15.00 0.08 2.54 0.00 0.00 0.00 5.00 6.00 2.00 1.00 6.00 1.00 0.00 0.00 0.00 0.00 0.00
181.00 10.00 3.00 19.00 46.00 16.00 27.00 0.09 2.17 0.00 0.00 0.00 5.00 7.00 5.00 3.00 10.00 0.00 0.00 0.00 0.00 0.00 0.00
182.00 14.00 8.00 26.00 61.00 18.00 35.00 0.09 4.58 0.00 0.00 0.00 2.00 8.00 12.00 6.00 12.00 2.00 0.00 0.00 0.00 0.00 0.00
183.00 15.00 9.00 31.00 77.00 22.00 46.00 0.08 4.33 0.00 0.00 0.00 7.00 11.00 8.00 4.00 14.00 1.00 0.00 0.00 0.00 0.00 0.00
184.00 11.00 9.00 22.00 56.00 13.00 34.00 0.10 3.19 0.00 0.00 0.00 2.00 6.00 9.00 5.00 10.00 1.00 0.00 0.00 1.00 0.00 0.00
185.00 6.00 0.00 1.00 22.00 1.00 21.00 0.07 3.06 0.00 0.00 0.00 3.00 5.00 3.00 1.00 6.00 0.00 0.00 0.00 0.00 0.00 0.00
186.00 10.00 4.00 18.00 38.00 14.00 20.00 0.09 2.00 0.00 0.00 0.00 2.00 7.00 8.00 3.00 8.00 2.00 0.00 0.00 0.00 0.00 0.00
187.00 12.00 2.00 19.00 50.00 17.00 31.00 0.08 4.25 0.00 0.00 0.00 5.00 10.00 7.00 2.00 10.00 2.00 0.00 0.00 0.00 0.00 0.00
188.00 6.00 0.00 2.00 16.00 2.00 14.00 0.08 4.79 0.00 0.00 0.00 3.00 5.00 3.00 1.00 6.00 0.00 0.00 0.00 0.00 0.00 0.00
189.00 7.00 2.00 7.00 33.00 5.00 26.00 0.07 4.33 0.00 0.00 0.00 1.00 6.00 6.00 1.00 7.00 0.00 0.00 0.00 0.00 0.00 0.00
190.00 3.00 0.00 0.00 5.00 0.00 5.00 0.07 0.19 0.00 0.00 0.00 2.00 3.00 1.00 0.00 3.00 0.00 0.00 0.00 0.00 0.00 0.00
191.00 6.00 2.00 10.00 22.00 8.00 12.00 0.08 0.16 0.00 0.00 0.00 2.00 3.00 4.00 3.00 5.00 1.00 0.00 0.00 0.00 0.00 0.00
192.00 5.00 0.00 3.00 18.00 3.00 15.00 0.06 4.54 0.00 0.00 0.00 2.00 4.00 3.00 1.00 4.00 1.00 0.00 0.00 0.00 0.00 0.00
193.00 4.00 0.00 1.00 3.00 1.00 2.00 0.07 0.34 0.00 0.00 0.00 3.00 3.00 1.00 1.00 4.00 0.00 0.00 0.00 0.00 0.00 0.00
194.00 7.00 0.00 3.00 29.00 3.00 26.00 0.10 2.24 0.00 0.00 0.00 3.00 4.00 4.00 3.00 7.00 0.00 0.00 0.00 0.00 0.00 0.00
195.00 3.00 0.00 0.00 2.00 0.00 2.00 0.08 0.23 0.00 0.00 0.00 0.00 3.00 3.00 0.00 3.00 0.00 0.00 0.00 0.00 0.00 0.00
196.00 5.00 0.00 3.00 16.00 3.00 13.00 0.08 3.18 0.00 0.00 0.00 2.00 5.00 3.00 0.00 5.00 0.00 0.00 0.00 0.00 0.00 0.00
197.00 3.00 0.00 2.00 10.00 2.00 8.00 0.08 4.28 0.00 0.00 0.00 0.00 3.00 3.00 0.00 3.00 0.00 0.00 0.00 0.00 0.00 0.00
198.00 4.00 0.00 1.00 7.00 1.00 6.00 0.07 0.23 0.00 0.00 0.00 3.00 3.00 1.00 1.00 4.00 0.00 0.00 0.00 0.00 0.00 0.00
199.00 5.00 0.00 1.00 11.00 1.00 10.00 0.08 0.37 0.00 0.00 0.00 2.00 5.00 3.00 0.00 5.00 0.00 0.00 0.00 0.00 0.00 0.00
