0.00 3.00 0.00 0.00 9.00 0.00 9.00 0.07 0.31 0.00 0.00 0.00 2.00 3.00 1.00 0.00 3.00 0.00 0.00 0.00 0.00 0.00 0.00
1.00 3.00 0.00 2.00 10.00 2.00 8.00 0.09 4.36 0.00 0.00 0.00 2.00 3.00 1.00 0.00 3.00 0.00 0.00 0.00 0.00 0.00 0.00
2.00 4.00 0.00 3.00 14.00 3.00 11.00 0.08 0.23 0.00 0.00 0.00 3.00 3.00 1.00 1.00 4.00 0.00 0.00 0.00 0.00 0.00 0.00
3.00 3.00 0.00 0.00 3.00 0.00 3.00 0.07 0.31 0.00 0.00 0.00 2.00 3.00 1.00 0.00 3.00 0.00 0.00 0.00 0.00 0.00 0.00
4.00 3.00 0.00 0.00 10.00 0.00 10.00 0.10 0.22 0.00 1.00 0.00 2.00 3.00 1.00 0.00 3.00 0.00 0.00 0.00 0.00 0.00 0.00
5.00 8.00 2.00 15.00 36.00 13.00 21.00 0.08 0.27 0.00 1.00 0.00 3.00 7.00 5.00 1.00 7.00 1.00 0.00 0.00 0.00 0.00 0.00
6.00 7.00 3.00 13.00 30.00 10.00 17.00 0.08 0.32 0.00 1.00 0.00 3.00 4.00 4.00 3.00 7.00 0.00 0.00 0.00 0.00 0.00 0.00
7.00 9.00 7.00 18.00 35.00 11.00 17.00 0.09 0.37 0.00 0.00 0.00 3.00 8.00 6.00 1.00 8.00 1.00 0.00 0.00 0.00 0.00 0.00
8.00 10.00 4.00 13.00 41.00 9.00 28.00 0.09 0.49 0.00 0.00 0.00 4.00 4.00 6.00 6.00 6.00 4.00 0.00 0.00 0.00 0.00 0.00
9.00 11.00 6.00 22.00 50.00 16.00 28.00 0.09 0.60 0.00 0.00 0.00 3.00 9.00 8.00 2.00 9.00 2.00 0.00 0.00 0.00 0.00 0.00
10.00 9.00 3.00 15.00 36.00 12.00 21.00 0.10 0.36 0.00 0.00 0.00 3.00 6.00 6.00 3.00 7.00 2.00 0.00 0.00 0.00 0.00 0.00
11.00 9.00 7.00 20.00 38.00 13.00 18.00 0.10 0.34 0.00 0.00 0.00 1.00 4.00 8.00 5.00 6.00 3.00 0.00 0.00 0.00 0.00 0.00
12.00 4.00 1.00 5.00 16.00 4.00 11.00 0.07 0.17 0.00 1.00 0.00 1.00 3.00 3.00 1.00 4.00 0.00 0.00 0.00 0.00 0.00 0.00
13.00 11.00 10.00 26.00 52.00 16.00 26.00 0.09 0.29 0.00 1.00 0.00 4.00 5.00 7.00 6.00 8.00 3.00 0.00 0.00 0.00 0.00 0.00
14.00 13.00 15.00 32.00 63.00 17.00 31.00 0.08 0.42 0.00 1.00 0.00 4.00 6.00 9.00 7.00 8.00 5.00 0.00 0.00 0.00 0.00 0.00
15.00 12.00 8.00 28.00 61.00 20.00 33.00 0.08 0.45 0.00 1.00 0.00 4.00 7.00 8.00 5.00 8.00 4.00 0.00 0.00 0.00 0.00 0.00
16.00 15.00 10.00 31.00 65.00 21.00 34.00 0.10 1.71 0.00 0.00 0.00 3.00 5.00 12.00 10.00 10.00 5.00 0.00 0.00 0.00 0.00 0.00
17.00 17.00 21.00 42.00 81.00 21.00 39.00 0.07 1.45 0.00 1.00 0.00 4.00 11.00 13.00 6.00 14.00 3.00 0.00 0.00 0.00 0.00 0.00
18.00 13.00 10.00 29.00 59.00 19.00 30.00 0.08 3.68 0.00 1.00 0.00 7.00 10.00 6.00 3.00 12.00 1.00 0.00 0.00 0.00 0.00 0.00
19.00 13.00 11.00 33.00 64.00 22.00 31.00 0.08 2.80 0.00 1.00 0.00 4.00 6.00 9.00 7.00 12.00 1.00 0.00 0.00 0.00 0.00 0.00
20.00 14.00 11.00 29.00 65.00 18.00 36.00 0.07 0.55 0.00 2.00 0.00 4.00 9.00 10.00 5.00 12.00 2.00 0.00 0.00 0.00 0.00 0.00
21.00 10.00 6.00 17.00 42.00 11.00 25.00 0.09 1.99 0.00 1.00 0.00 4.00 6.00 6.00 4.00 8.00 2.00 0.00 0.00 0.00 0.00 0.00
22.00 18.00 15.00 40.00 85.00 25.00 45.00 0.08 2.33 0.00 1.00 0.00 5.00 12.00 13.00 6.00 14.00 4.00 0.00 0.00 0.00 0.00 0.00
23.00 15.00 15.00 35.00 64.00 20.00 29.00 0.08 1.60 0.00 1.00 0.00 6.00 10.00 9.00 5.00 13.00 2.00 0.00 0.00 0.00 0.00 0.00
24.00 15.00 12.00 36.00 72.00 24.00 36.00 0.08 2.51 0.00 0.00 0.00 3.00 5.00 12.00 10.00 10.00 5.00 0.00 0.00 0.00 0.00 0.00
25.00 17.00 17.00 38.00 79.00 21.00 41.00 0.11 2.87 0.00 0.00 0.00 1.00 4.00 16.00 13.00 8.00 9.00 0.00 0.00 0.00 0.00 0.00
26.00 17.00 12.00 32.00 73.00 20.00 41.00 0.08 1.47 0.00 0.00 0.00 6.00 9.00 11.00 8.00 13.00 4.00 0.00 0.00 0.00 0.00 0.00
27.00 17.00 12.00 40.00 77.00 28.00 37.00 0.09 1.46 0.00 0.00 0.00 2.00 9.00 15.00 8.00 13.00 4.00 0.00 0.00 0.00 1.00 0.00
28.00 21.00 18.00 49.00 103.00 31.00 54.00 0.09 3.32 0.00 0.00 0.00 8.00 14.00 13.00 7.00 17.00 4.00 0.00 0.00 0.00 0.00 0.00
29.00 18.00 16.00 41.00 87.00 25.00 46.00 0.07 2.15 0.00 0.00 0.00 6.00 8.00 12.00 10.00 10.00 8.00 0.00 0.00 0.00 0.00 0.00
30.00 13.00 9.00 28.00 66.00 19.00 38.00 0.09 1.60 0.00 0.00 0.00 4.00 4.00 9.00 9.00 11.00 2.00 0.00 0.00 0.00 1.00 0.00
31.00 17.00 11.00 34.00 79.00 23.00 45.00 0.07 0.57 0.00 1.00 0.00 7.00 12.00 10.00 5.00 15.00 2.00 0.00 0.00 0.00 0.00 0.00
32.00 17.00 13.00 37.00 78.00 24.00 41.00 0.09 2.39 0.00 3.00 0.00 7.00 10.00 10.00 7.00 13.00 4.00 0.00 0.00 0.00 0.00 0.00
33.00 19.00 15.00 44.00 93.00 29.00 49.00 0.09 3.50 0.00 3.00 0.00 6.00 12.00 13.00 7.00 15.00 4.00 0.00 0.00 0.00 0.00 0.00
34.00 15.00 13.00 33.00 67.00 20.00 34.00 0.08 2.71 0.00 4.00 0.00 4.00 8.00 11.00 7.00 9.00 6.00 0.00 0.00 0.00 0.00 0.00
35.00 15.00 15.00 37.00 76.00 22.00 39.00 0.09 4.04 0.00 1.00 0.00 1.00 6.00 14.00 9.00 10.00 5.00 0.00 0.00 0.00 0.00 0.00
36.00 20.00 11.00 42.00 98.00 31.00 56.00 0.09 4.74 0.00 3.00 0.00 6.00 12.00 14.00 8.00 13.00 7.00 0.00 0.00 0.00 0.00 0.00
37.00 14.00 14.00 32.00 71.00 18.00 39.00 0.07 1.60 0.00 1.00 0.00 5.00 6.00 9.00 8.00 9.00 5.00 0.00 0.00 0.00 0.00 0.00
38.00 13.00 11.00 33.00 67.00 22.00 34.00 0.07 2.78 0.00 3.00 0.00 3.00 5.00 10.00 8.00 8.00 5.00 0.00 0.00 0.00 0.00 0.00
39.00 19.00 22.00 49.00 93.00 27.00 44.00 0.08 2.94 0.00 2.00 0.00 6.00 14.00 13.00 5.00 16.00 3.00 0.00 0.00 0.00 0.00 0.00
40.00 16.00 9.00 29.00 62.00 20.00 33.00 0.07 4.76 0.00 2.00 0.00 5.00 7.00 11.00 9.00 11.00 5.00 0.00 0.00 0.00 0.00 0.00
41.00 17.00 12.00 36.00 84.00 24.00 48.00 0.09 3.79 0.00 1.00 0.00 5.00 7.00 12.00 10.00 11.00 6.00 0.00 0.00 0.00 0.00 0.00
42.00 22.00 31.00 61.00 114.00 30.00 53.00 0.08 4.20 0.00 3.00 0.00 6.00 9.00 16.00 13.00 12.00 10.00 0.00 0.00 0.00 0.00 0.00
43.00 18.00 17.00 47.00 84.00 30.00 37.00 0.08 2.93 0.00 1.00 0.00 4.00 9.00 14.00 9.00 12.00 6.00 0.00 0.00 0.00 0.00 0.00
44.00 18.00 19.00 47.00 94.00 28.00 47.00 0.07 3.65 0.00 1.00 0.00 4.00 8.00 14.00 10.00 11.00 7.00 0.00 0.00 0.00 0.00 0.00
45.00 20.00 21.00 52.00 100.00 31.00 48.00 0.09 3.40 0.00 1.00 0.00 5.00 11.00 15.00 9.00 16.00 4.00 0.00 0.00 0.00 0.00 0.00
46.00 20.00 22.00 52.00 93.00 30.00 41.00 0.08 2.72 0.00 0.00 0.00 6.00 7.00 14.00 13.00 12.00 8.00 0.00 0.00 0.00 0.00 0.00
47.00 18.00 18.00 49.00 89.00 31.00 40.00 0.08 2.76 0.00 1.00 0.00 6.00 11.00 12.00 7.00 13.00 5.00 0.00 0.00 0.00 0.00 0.00
48.00 19.00 13.00 46.00 94.00 33.00 48.00 0.08 2.13 0.00 2.00 0.00 6.00 11.00 13.00 8.00 15.00 4.00 0.00 0.00 0.00 0.00 0.00
49.00 9.00 6.00 18.00 43.00 12.00 25.00 0.09 4.50 0.00 1.00 0.00 4.00 4.00 5.00 5.00 6.00 3.00 0.00 0.00 0.00 0.00 0.00
50.00 22.00 22.00 57.00 106.00 35.00 49.00 0.08 4.23 0.00 1.00 0.00 3.00 9.00 19.00 13.00 18.00 4.00 0.00 0.00 0.00 0.00 0.00
51.00 18.00 13.00 40.00 88.00 27.00 48.00 0.08 4.29 0.00 0.00 0.00 7.00 10.00 11.00 8.00 11.00 7.00 0.00 0.00 0.00 0.00 0.00
52.00 22.00 33.00 59.00 106.00 26.00 47.00 0.10 3.99 0.00 2.00 0.00 5.00 9.00 17.00 13.00 14.00 8.00 0.00 0.00 0.00 0.00 0.00
53.00 18.00 19.00 48.00 83.00 29.00 35.00 0.06 2.16 0.00 2.00 0.00 3.00 8.00 15.00 10.00 12.00 6.00 0.00 0.00 1.00 0.00 0.00
54.00 23.00 33.00 62.00 115.00 29.00 53.00 0.09 3.51 0.00 2.00 0.00 6.00 9.00 17.00 14.00 15.00 8.00 0.00 0.00 0.00 0.00 0.00
55.00 19.00 18.00 48.00 90.00 30.00 42.00 0.08 4.62 0.00 1.00 0.00 3.00 10.00 16.00 9.00 15.00 4.00 0.00 0.00 0.00 0.00 0.00
56.00 22.00 25.00 58.00 109.00 33.00 51.00 0.09 3.55 0.00 2.00 0.00 7.00 14.00 15.00 8.00 17.00 5.00 0.00 0.00 0.00 0.00 0.00
57.00 14.00 8.00 33.00 67.00 25.00 34.00 0.09 3.53 0.00 1.00 0.00 4.00 11.00 10.00 3.00 11.00 3.00 0.00 0.00 0.00 0.00 0.00
58.00 21.00 27.00 62.00 106.00 35.00 44.00 0.09 4.88 1.00 2.00 0.50 2.00 6.00 19.00 15.00 10.00 11.00 0.00 0.00 0.00 0.00 0.00
59.00 28.00 39.00 81.00 138.00 42.00 57.00 0.10 4.35 0.00 2.00 0.00 6.00 16.00 22.00 12.00 19.00 9.00 0.00 0.00 0.00 0.00 0.00
60.00 20.00 18.00 53.00 101.00 35.00 48.00 0.09 4.49 0.00 2.00 0.00 8.00 14.00 12.00 6.00 16.00 4.00 0.00 0.00 1.00 0.00 0.00
61.00 22.00 24.00 61.00 111.00 37.00 50.00 0.08 2.58 0.00 3.00 0.00 6.00 11.00 16.00 11.00 12.00 10.00 0.00 0.00 2.00 0.00 0.00
62.00 27.00 20.00 63.00 124.00 43.00 61.00 0.09 4.32 0.00 2.00 0.00 7.00 15.00 20.00 12.00 21.00 6.00 0.00 0.00 0.00 0.00 0.00
63.00 23.00 28.00 59.00 108.00 31.00 49.00 0.09 3.84 0.00 3.00 0.00 8.00 15.00 15.00 8.00 17.00 6.00 0.00 0.00 0.00 0.00 0.00
64.00 22.00 23.00 62.00 107.00 39.00 45.00 0.08 4.24 0.00 2.00 0.00 5.00 13.00 17.00 9.00 16.00 6.00 0.00 0.00 0.00 0.00 0.00
65.00 23.00 21.00 53.00 115.00 32.00 62.00 0.08 3.90 0.00 1.00 0.00 5.00 14.00 18.00 9.00 16.00 7.00 0.00 0.00 0.00 0.00 0.00
66.00 24.00 25.00 58.00 112.00 33.00 54.00 0.08 4.43 0.00 2.00 0.00 8.00 14.00 16.00 10.00 17.00 7.00 0.00 0.00 0.00 0.00 0.00
67.00 15.00 13.00 37.00 76.00 24.00 39.00 0.09 3.20 0.00 2.00 0.00 5.00 8.00 10.00 7.00 10.00 5.00 0.00 0.00 0.00 0.00 0.00
68.00 25.00 29.00 71.00 121.00 42.00 50.00 0.07 3.74 0.00 2.00 0.00 6.00 15.00 19.00 10.00 18.00 7.00 0.00 0.00 0.00 0.00 0.00
69.00 23.00 16.00 55.00 107.00 39.00 52.00 0.09 4.61 0.00 1.00 0.00 5.00 13.00 18.00 10.00 18.00 5.00 0.00 0.00 0.00 0.00 0.00
70.00 23.00 22.00 61.00 111.00 39.00 50.00 0.10 4.81 0.00 2.00 0.00 3.00 14.00 20.00 9.00 17.00 6.00 1.00 0.00 0.00 0.00 0.00
71.00 24.00 24.00 66.00 118.00 42.00 52.00 0.09 4.65 0.00 2.00 0.00 6.00 11.00 18.00 13.00 16.00 8.00 0.00 0.00 0.00 0.00 0.00
72.00 26.00 30.00 69.00 124.00 39.00 55.00 0.09 4.31 0.00 2.00 0.00 8.00 13.00 18.00 13.00 16.00 10.00 0.00 0.00 0.00 0.00 0.00
73.00 23.00 19.00 55.00 111.00 36.00 56.00 0.09 4.46 0.00 2.00 0.00 5.00 12.00 18.00 11.00 16.00 7.00 0.00 0.00 0.00 0.00 0.00
74.00 21.00 26.00 58.00 104.00 32.00 46.00 0.09 3.73 0.00 2.00 0.00 5.00 7.00 16.00 14.00 12.00 9.00 0.00 0.00 0.00 0.00 0.00
75.00 30.00 34.00 75.00 150.00 41.00 75.00 0.09 4.59 0.00 1.00 0.00 4.00 12.00 26.00 18.00 17.00 13.00 0.00 0.00 0.00 0.00 0.00
76.00 22.00 19.00 59.00 110.00 40.00 51.00 0.10 4.19 1.00 1.00 1.00 6.00 15.00 16.00 7.00 18.00 4.00 0.00 0.00 0.00 0.00 0.00
77.00 27.00 32.00 73.00 133.00 41.00 60.00 0.10 4.60 0.00 2.00 0.00 9.00 15.00 18.00 12.00 17.00 10.00 0.00 0.00 0.00 0.00 0.00
78.00 28.00 40.00 83.00 136.00 43.00 53.00 0.07 4.76 0.00 2.00 0.00 6.00 10.00 22.00 18.00 16.00 12.00 0.00 0.00 1.00 0.00 0.00
79.00 24.00 26.00 62.00 124.00 36.00 62.00 0.09 4.85 0.00 1.00 0.00 6.00 12.00 18.00 12.00 15.00 9.00 0.00 0.00 2.00 0.00 0.00
80.00 23.00 18.00 57.00 114.00 39.00 57.00 0.10 4.63 0.00 1.00 0.00 7.00 15.00 16.00 8.00 18.00 5.00 0.00 0.00 0.00 0.00 0.00
81.00 23.00 18.00 50.00 115.00 32.00 65.00 0.08 4.80 1.00 1.00 1.00 7.00 11.00 16.00 12.00 13.00 10.00 0.00 0.00 1.00 0.00 0.00
82.00 35.00 54.00 99.00 167.00 45.00 68.00 0.08 4.53 0.00 3.00 0.00 10.00 16.00 25.00 19.00 22.00 13.00 0.00 0.00 0.00 0.00 0.00
83.00 33.00 26.00 84.00 154.00 58.00 70.00 0.11 5.02 0.00 4.00 0.00 8.00 19.00 25.00 14.00 24.00 9.00 0.00 0.00 0.00 0.00 0.00
84.00 33.00 30.00 85.00 158.00 55.00 73.00 0.10 4.52 0.00 3.00 0.00 7.00 15.00 26.00 18.00 20.00 13.00 1.00 0.00 1.00 0.00 0.00
85.00 31.00 33.00 94.00 158.00 61.00 64.00 0.09 3.90 0.00 4.00 0.00 6.00 14.00 25.00 17.00 19.00 12.00 1.00 0.00 0.00 0.00 0.00
86.00 35.00 50.00 106.00 174.00 56.00 68.00 0.09 3.76 0.00 4.00 0.00 6.00 14.00 29.00 21.00 24.00 11.00 1.00 0.00 1.00 0.00 0.00
87.00 35.00 48.00 109.00 175.00 61.00 66.00 0.09 4.05 0.00 2.00 0.00 8.00 15.00 27.00 20.00 20.00 15.00 0.00 0.00 1.00 0.00 0.00
88.00 33.00 48.00 98.00 167.00 50.00 69.00 0.08 4.00 0.00 3.00 0.00 6.00 13.00 27.00 20.00 16.00 17.00 0.00 0.00 1.00 0.00 0.00
89.00 38.00 51.00 112.00 197.00 61.00 85.00 0.09 3.96 0.00 4.00 0.00 5.00 20.00 33.00 18.00 26.00 12.00 0.00 0.00 0.00 1.00 0.00
90.00 39.00 49.00 109.00 192.00 60.00 83.00 0.09 4.22 0.00 3.00 0.00 12.00 22.00 27.00 17.00 26.00 13.00 0.00 1.00 0.00 0.00 0.00
91.00 33.00 50.00 99.00 170.00 49.00 71.00 0.08 4.29 1.00 4.00 0.25 5.00 13.00 28.00 20.00 15.00 18.00 0.00 0.00 0.00 0.00 0.00
92.00 34.00 50.00 105.00 169.00 55.00 64.00 0.08 4.43 1.00 3.00 0.33 9.00 13.00 25.00 21.00 17.00 17.00 0.00 0.00 0.00 0.00 0.00
93.00 35.00 51.00 107.00 180.00 56.00 73.00 0.08 4.67 1.00 4.00 0.25 6.00 13.00 29.00 22.00 19.00 16.00 0.00 0.00 0.00 0.00 0.00
94.00 37.00 54.00 104.00 188.00 50.00 84.00 0.09 4.16 0.00 2.00 0.00 10.00 13.00 27.00 24.00 20.00 17.00 0.00 0.00 0.00 0.00 0.00
95.00 31.00 38.00 86.00 155.00 48.00 69.00 0.08 3.86 1.00 3.00 0.33 5.00 13.00 26.00 18.00 19.00 12.00 0.00 0.00 1.00 0.00 0.00
96.00 38.00 46.00 113.00 193.00 67.00 80.00 0.09 4.44 1.00 3.00 0.33 12.00 18.00 26.00 20.00 25.00 13.00 0.00 0.00 0.00 0.00 0.00
97.00 35.00 43.00 95.00 163.00 52.00 68.00 0.07 4.34 0.00 4.00 0.00 10.00 22.00 25.00 13.00 25.00 10.00 0.00 0.00 0.00 0.00 0.00
98.00 41.00 56.00 113.00 192.00 57.00 79.00 0.08 4.04 1.00 4.00 0.25 7.00 16.00 34.00 25.00 24.00 17.00 0.00 0.00 0.00 0.00 1.00
99.00 29.00 30.00 86.00 152.00 56.00 66.00 0.06 4.33 0.00 3.00 0.00 7.00 11.00 22.00 18.00 18.00 11.00 0.00 0.00 2.00 0.00 0.00
100.00 37.00 60.00 114.00 182.00 54.00 68.00 0.08 4.29 0.00 3.00 0.00 9.00 12.00 28.00 25.00 20.00 17.00 0.00 0.00 2.00 0.00 1.00
101.00 38.00 46.00 115.00 195.00 69.00 80.00 0.08 3.56 0.00 3.00 0.00 9.00 16.00 29.00 22.00 23.00 15.00 0.00 0.00 2.00 0.00 0.00
102.00 37.00 56.00 115.00 189.00 59.00 74.00 0.08 3.94 0.00 4.00 0.00 7.00 17.00 30.00 20.00 20.00 17.00 0.00 0.00 0.00 0.00 0.00
103.00 41.00 67.00 128.00 208.00 61.00 80.00 0.09 4.09 0.00 5.00 0.00 9.00 16.00 32.00 25.00 21.00 20.00 0.00 0.00 1.00 0.00 0.00
104.00 26.00 24.00 65.00 135.00 41.00 70.00 0.10 3.56 0.00 2.00 0.00 6.00 9.00 20.00 17.00 19.00 7.00 0.00 0.00 0.00 0.00 0.00
105.00 33.00 54.00 103.00 170.00 49.00 67.00 0.08 4.40 0.00 3.00 0.00 5.00 11.00 28.00 22.00 22.00 11.00 0.00 0.00 1.00 0.00 0.00
106.00 37.00 62.00 115.00 194.00 53.00 79.00 0.09 3.82 1.00 3.00 0.33 8.00 13.00 29.00 24.00 26.00 11.00 0.00 0.00 1.00 0.00 0.00
107.00 30.00 43.00 84.00 149.00 41.00 65.00 0.10 4.77 0.00 4.00 0.00 6.00 10.00 24.00 20.00 20.00 10.00 0.00 0.00 1.00 0.00 0.00
108.00 32.00 51.00 97.00 170.00 46.00 73.00 0.08 4.21 0.00 5.00 0.00 4.00 11.00 28.00 21.00 20.00 12.00 0.00 0.00 2.00 0.00 0.00
109.00 37.00 57.00 106.00 182.00 49.00 76.00 0.08 4.46 0.00 3.00 0.00 9.00 16.00 28.00 21.00 22.00 15.00 0.00 0.00 1.00 0.00 0.00
110.00 35.00 45.00 102.00 176.00 57.00 74.00 0.08 4.22 0.00 4.00 0.00 7.00 18.00 28.00 17.00 27.00 8.00 0.00 0.00 2.00 0.00 0.00
111.00 29.00 38.00 89.00 149.00 51.00 60.00 0.07 4.46 0.00 3.00 0.00 5.00 11.00 24.00 18.00 17.00 12.00 0.00 0.00 1.00 0.00 0.00
112.00 30.00 46.00 90.00 155.00 44.00 65.00 0.08 4.31 1.00 4.00 0.25 3.00 11.00 27.00 19.00 16.00 14.00 0.00 0.00 1.00 1.00 0.00
113.00 31.00 36.00 92.00 153.00 56.00 61.00 0.08 3.80 0.00 3.00 0.00 9.00 16.00 22.00 15.00 18.00 13.00 0.00 0.00 1.00 0.00 0.00
114.00 34.00 45.00 104.00 178.00 59.00 74.00 0.09 4.30 0.00 2.00 0.00 6.00 12.00 28.00 22.00 17.00 17.00 0.00 0.00 1.00 0.00 0.00
115.00 36.00 52.00 105.00 179.00 53.00 74.00 0.08 4.23 0.00 1.00 0.00 7.00 17.00 29.00 19.00 19.00 17.00 0.00 0.00 1.00 0.00 0.00
116.00 34.00 50.00 97.00 170.00 47.00 73.00 0.07 4.05 0.00 2.00 0.00 9.00 17.00 25.00 17.00 23.00 11.00 0.00 0.00 0.00 0.00 0.00
117.00 35.00 49.00 107.00 176.00 58.00 69.00 0.08 4.15 0.00 2.00 0.00 8.00 11.00 27.00 24.00 18.00 17.00 0.00 0.00 1.00 0.00 1.00
118.00 26.00 20.00 59.00 123.00 39.00 64.00 0.08 4.49 0.00 1.00 0.00 7.00 15.00 19.00 11.00 19.00 7.00 0.00 0.00 1.00 0.00 0.00
119.00 30.00 37.00 85.00 155.00 48.00 70.00 0.08 4.31 0.00 2.00 0.00 9.00 14.00 21.00 16.00 21.00 9.00 0.00 0.00 1.00 0.00 0.00
120.00 35.00 49.00 110.00 172.00 61.00 62.00 0.10 4.44 0.00 2.00 0.00 10.00 14.00 25.00 21.00 23.00 12.00 0.00 0.00 1.00 0.00 0.00
121.00 30.00 31.00 86.00 159.00 55.00 73.00 0.09 4.22 0.00 2.00 0.00 8.00 12.00 22.00 18.00 19.00 11.00 0.00 0.00 1.00 0.00 0.00
122.00 31.00 39.00 87.00 151.00 48.00 64.00 0.09 4.87 0.00 1.00 0.00 7.00 13.00 24.00 18.00 20.00 11.00 0.00 0.00 2.00 1.00 0.00
123.00 28.00 29.00 74.00 142.00 45.00 68.00 0.08 4.27 0.00 1.00 0.00 5.00 12.00 23.00 16.00 18.00 10.00 0.00 0.00 2.00 0.00 0.00
124.00 30.00 34.00 81.00 143.00 47.00 62.00 0.07 4.67 0.00 2.00 0.00 8.00 13.00 22.00 17.00 19.00 11.00 0.00 0.00 3.00 0.00 0.00
125.00 32.00 41.00 94.00 156.00 53.00 62.00 0.09 4.66 0.00 1.00 0.00 8.00 12.00 24.00 20.00 17.00 15.00 0.00 0.00 1.00 0.00 0.00
126.00 32.00 36.00 89.00 157.00 53.00 68.00 0.09 4.69 0.00 0.00 0.00 4.00 18.00 28.00 14.00 23.00 9.00 0.00 0.00 0.00 0.00 0.00
127.00 29.00 42.00 90.00 144.00 48.00 54.00 0.08 4.51 0.00 1.00 0.00 6.00 11.00 23.00 18.00 14.00 15.00 0.00 0.00 1.00 0.00 0.00
128.00 27.00 30.00 74.00 142.00 44.00 68.00 0.09 4.27 0.00 2.00 0.00 6.00 10.00 21.00 17.00 14.00 13.00 0.00 0.00 2.00 0.00 0.00
129.00 34.00 44.00 93.00 180.00 49.00 87.00 0.09 4.58 1.00 2.00 0.50 8.00 15.00 26.00 19.00 20.00 14.00 0.00 0.00 0.00 0.00 0.00
130.00 29.00 49.00 91.00 146.00 42.00 55.00 0.07 4.34 0.00 3.00 0.00 5.00 10.00 24.00 19.00 16.00 13.00 0.00 0.00 3.00 0.00 0.00
131.00 26.00 24.00 69.00 132.00 45.00 63.00 0.08 4.08 0.00 2.00 0.00 7.00 12.00 19.00 14.00 16.00 10.00 0.00 0.00 2.00 0.00 0.00
132.00 27.00 32.00 68.00 135.00 36.00 67.00 0.10 4.41 0.00 1.00 0.00 8.00 11.00 19.00 16.00 15.00 12.00 0.00 0.00 0.00 0.00 0.00
133.00 25.00 32.00 66.00 129.00 34.00 63.00 0.08 4.47 0.00 3.00 0.00 6.00 9.00 19.00 16.00 14.00 11.00 0.00 0.00 0.00 0.00 0.00
134.00 30.00 42.00 84.00 143.00 42.00 59.00 0.07 4.52 0.00 2.00 0.00 10.00 17.00 20.00 13.00 23.00 7.00 0.00 0.00 0.00 0.00 0.00
135.00 29.00 27.00 73.00 143.00 46.00 70.00 0.08 4.13 0.00 1.00 0.00 6.00 12.00 23.00 17.00 18.00 11.00 0.00 0.00 0.00 0.00 0.00
136.00 25.00 33.00 71.00 116.00 38.00 45.00 0.08 4.43 0.00 1.00 0.00 5.00 12.00 20.00 13.00 18.00 7.00 0.00 0.00 0.00 0.00 0.00
137.00 28.00 35.00 80.00 136.00 45.00 56.00 0.08 4.35 0.00 3.00 0.00 6.00 11.00 22.00 17.00 18.00 10.00 0.00 0.00 0.00 0.00 0.00
138.00 26.00 35.00 73.00 134.00 38.00 61.00 0.08 3.88 0.00 1.00 0.00 7.00 15.00 19.00 11.00 18.00 8.00 0.00 0.00 1.00 0.00 0.00
139.00 28.00 31.00 74.00 142.00 43.00 68.00 0.10 3.16 0.00 1.00 0.00 6.00 11.00 22.00 17.00 15.00 13.00 0.00 0.00 1.00 0.00 0.00
140.00 28.00 33.00 75.00 135.00 42.00 60.00 0.07 2.87 0.00 2.00 0.00 7.00 11.00 21.00 17.00 18.00 10.00 0.00 0.00 1.00 0.00 0.00
141.00 24.00 21.00 56.00 117.00 35.00 61.00 0.07 2.44 0.00 2.00 0.00 7.00 13.00 17.00 11.00 18.00 6.00 0.00 0.00 1.00 0.00 0.00
142.00 26.00 19.00 68.00 131.00 49.00 63.00 0.09 3.94 0.00 1.00 0.00 6.00 15.00 20.00 11.00 22.00 4.00 0.00 0.00 2.00 0.00 0.00
143.00 27.00 37.00 80.00 133.00 43.00 53.00 0.09 3.66 0.00 1.00 0.00 3.00 12.00 24.00 15.00 20.00 7.00 0.00 0.00 1.00 0.00 0.00
144.00 23.00 21.00 57.00 118.00 36.00 61.00 0.09 2.69 0.00 1.00 0.00 8.00 13.00 15.00 10.00 15.00 8.00 0.00 0.00 0.00 0.00 0.00
145.00 24.00 32.00 66.00 116.00 34.00 50.00 0.08 2.95 0.00 2.00 0.00 5.00 12.00 19.00 12.00 15.00 9.00 0.00 0.00 1.00 0.00 0.00
146.00 19.00 21.00 51.00 95.00 30.00 44.00 0.09 3.83 0.00 2.00 0.00 3.00 7.00 16.00 12.00 12.00 7.00 0.00 0.00 1.00 0.00 0.00
147.00 21.00 27.00 57.00 101.00 30.00 44.00 0.09 3.38 0.00 1.00 0.00 6.00 12.00 15.00 9.00 17.00 4.00 0.00 0.00 1.00 0.00 0.00
148.00 16.00 12.00 36.00 72.00 24.00 36.00 0.09 3.17 0.00 1.00 0.00 6.00 7.00 10.00 9.00 12.00 4.00 0.00 0.00 0.00 0.00 0.00
149.00 19.00 22.00 48.00 91.00 26.00 43.00 0.08 3.67 0.00 1.00 0.00 3.00 11.00 16.00 8.00 12.00 7.00 0.00 0.00 1.00 0.00 0.00
150.00 25.00 27.00 63.00 125.00 36.00 62.00 0.09 4.06 0.00 1.00 0.00 8.00 14.00 17.00 11.00 18.00 7.00 0.00 0.00 1.00 0.00 0.00
151.00 22.00 21.00 52.00 111.00 31.00 59.00 0.09 3.36 0.00 3.00 0.00 5.00 12.00 17.00 10.00 15.00 7.00 0.00 0.00 2.00 0.00 0.00
152.00 21.00 26.00 61.00 103.00 35.00 42.00 0.08 4.53 0.00 2.00 0.00 5.00 10.00 16.00 11.00 13.00 8.00 0.00 0.00 1.00 0.00 0.00
153.00 22.00 26.00 63.00 108.00 37.00 45.00 0.10 4.64 0.00 1.00 0.00 11.00 12.00 11.00 10.00 12.00 10.00 0.00 0.00 1.00 0.00 0.00
154.00 22.00 34.00 66.00 112.00 32.00 46.00 0.08 3.76 0.00 2.00 0.00 3.00 9.00 19.00 13.00 13.00 9.00 0.00 0.00 1.00 0.00 0.00
155.00 24.00 25.00 59.00 114.00 34.00 55.00 0.10 1.83 0.00 2.00 0.00 8.00 16.00 16.00 8.00 16.00 8.00 0.00 0.00 1.00 0.00 0.00
156.00 16.00 15.00 39.00 79.00 24.00 40.00 0.08 3.83 0.00 2.00 0.00 4.00 7.00 12.00 9.00 9.00 7.00 0.00 0.00 0.00 0.00 0.00
157.00 15.00 17.00 41.00 71.00 24.00 30.00 0.09 3.23 0.00 3.00 0.00 5.00 8.00 10.00 7.00 9.00 6.00 0.00 0.00 0.00 0.00 0.00
158.00 21.00 23.00 54.00 96.00 31.00 42.00 0.08 3.18 0.00 1.00 0.00 7.00 13.00 14.00 8.00 16.00 5.00 0.00 0.00 0.00 0.00 0.00
159.00 18.00 22.00 50.00 83.00 28.00 33.00 0.08 2.83 0.00 2.00 0.00 7.00 9.00 11.00 9.00 14.00 4.00 0.00 0.00 0.00 0.00 0.00
160.00 21.00 24.00 57.00 107.00 33.00 50.00 0.08 3.13 0.00 2.00 0.00 5.00 9.00 16.00 12.00 12.00 9.00 0.00 0.00 0.00 0.00 0.00
161.00 22.00 26.00 66.00 110.00 40.00 44.00 0.09 3.46 0.00 2.00 0.00 6.00 12.00 16.00 10.00 15.00 7.00 0.00 0.00 0.00 0.00 0.00
162.00 24.00 28.00 63.00 115.00 35.00 52.00 0.09 2.88 0.00 0.00 0.00 9.00 14.00 15.00 10.00 19.00 5.00 0.00 0.00 0.00 0.00 0.00
163.00 22.00 23.00 56.00 107.00 33.00 51.00 0.09 3.89 0.00 2.00 0.00 7.00 10.00 15.00 12.00 14.00 8.00 0.00 0.00 0.00 0.00 0.00
164.00 21.00 25.00 53.00 96.00 28.00 43.00 0.07 3.94 0.00 2.00 0.00 5.00 12.00 16.00 9.00 17.00 4.00 0.00 0.00 0.00 1.00 0.00
165.00 21.00 23.00 57.00 107.00 34.00 50.00 0.08 3.72 0.00 2.00 0.00 4.00 8.00 17.00 13.00 12.00 9.00 0.00 0.00 0.00 0.00 0.00
166.00 16.00 7.00 34.00 79.00 27.00 45.00 0.08 4.28 0.00 2.00 0.00 4.00 7.00 12.00 9.00 12.00 4.00 0.00 0.00 0.00 0.00 0.00
167.00 18.00 14.00 42.00 91.00 28.00 49.00 0.09 2.97 0.00 1.00 0.00 6.00 10.00 12.00 8.00 15.00 3.00 0.00 0.00 0.00 0.00 0.00
168.00 21.00 17.00 49.00 107.00 32.00 58.00 0.08 3.70 0.00 1.00 0.00 6.00 8.00 15.00 13.00 15.00 6.00 0.00 0.00 0.00 2.00 0.00
169.00 23.00 25.00 60.00 113.00 35.00 53.00 0.08 3.98 0.00 2.00 0.00 8.00 11.00 15.00 12.00 17.00 6.00 0.00 0.00 0.00 0.00 0.00
170.00 18.00 19.00 45.00 84.00 26.00 39.00 0.09 3.65 0.00 2.00 0.00 6.00 13.00 12.00 5.00 15.00 3.00 0.00 0.00 1.00 0.00 0.00
171.00 21.00 27.00 62.00 105.00 35.00 43.00 0.07 4.92 0.00 2.00 0.00 4.00 7.00 17.00 14.00 10.00 11.00 0.00 0.00 0.00 0.00 0.00
172.00 12.00 15.00 32.00 56.00 17.00 24.00 0.09 4.78 0.00 1.00 0.00 2.00 4.00 10.00 8.00 6.00 6.00 0.00 0.00 0.00 0.00 0.00
173.00 16.00 14.00 43.00 78.00 29.00 35.00 0.08 4.74 0.00 1.00 0.00 4.00 7.00 12.00 9.00 11.00 5.00 0.00 0.00 0.00 0.00 0.00
174.00 19.00 19.00 46.00 94.00 27.00 48.00 0.08 4.81 0.00 3.00 0.00 2.00 6.00 17.00 13.00 10.00 9.00 0.00 0.00 0.00 1.00 0.00
175.00 16.00 14.00 39.00 79.00 25.00 40.00 0.10 5.01 0.00 2.00 0.00 6.00 10.00 10.00 6.00 13.00 3.00 0.00 0.00 0.00 0.00 0.00
176.00 18.00 18.00 44.00 84.00 26.00 40.00 0.09 4.36 0.00 1.00 0.00 5.00 11.00 13.00 7.00 14.00 4.00 0.00 0.00 0.00 0.00 0.00
177.00 14.00 15.00 35.00 68.00 20.00 33.00 0.08 3.48 0.00 2.00 0.00 4.00 9.00 10.00 5.00 12.00 2.00 0.00 0.00 0.00 0.00 0.00
178.00 15.00 20.00 40.00 75.00 20.00 35.00 0.10 4.73 0.00 2.00 0.00 1.00 4.00 14.00 11.00 7.00 8.00 0.00 0.00 0.00 0.00 0.00
179.00 16.00 11.00 35.00 75.00 24.00 40.00 0.08 4.27 0.00 1.00 0.00 6.00 11.00 10.00 5.00 13.00 3.00 0.00 0.00 0.00 0.00 0.00
180.00 18.00 17.00 47.00 83.00 30.00 36.00 0.09 2.34 0.00 2.00 0.00 6.00 10.00 12.00 8.00 14.00 4.00 0.00 0.00 0.00 0.00 0.00
181.00 14.00 13.00 36.00 71.00 23.00 35.00 0.07 1.63 0.00 1.00 0.00 2.00 3.00 12.00 11.00 9.00 5.00 0.00 0.00 0.00 0.00 0.00
182.00 15.00 15.00 38.00 73.00 23.00 35.00 0.09 3.50 0.00 1.00 0.00 2.00 7.00 13.00 8.00 11.00 4.00 0.00 0.00 0.00 0.00 0.00
183.00 17.00 12.00 41.00 79.00 29.00 38.00 0.08 4.52 0.00 1.00 0.00 2.00 9.00 15.00 8.00 12.00 5.00 0.00 0.00 0.00 0.00 0.00
184.00 12.00 9.00 28.00 57.00 19.00 29.00 0.09 4.37 0.00 0.00 0.00 3.00 4.00 9.00 8.00 6.00 6.00 0.00 0.00 0.00 0.00 0.00
185.00 13.00 14.00 35.00 63.00 21.00 28.00 0.10 3.60 0.00 1.00 0.00 3.00 5.00 10.00 8.00 9.00 4.00 0.00 0.00 0.00 0.00 0.00
186.00 10.00 6.00 21.00 47.00 15.00 26.00 0.08 3.15 0.00 0.00 0.00 2.00 7.00 8.00 3.00 8.00 2.00 0.00 0.00 0.00 0.00 0.00
187.00 13.00 11.00 29.00 59.00 18.00 30.00 0.08 3.71 0.00 1.00 0.00 4.00 9.00 9.00 4.00 11.00 2.00 0.00 0.00 0.00 0.00 0.00
188.00 13.00 8.00 32.00 62.00 24.00 30.00 0.07 2.78 0.00 2.00 0.00 1.00 6.00 12.00 7.00 10.00 3.00 0.00 0.00 0.00 0.00 0.00
189.00 20.00 14.00 49.00 87.00 35.00 38.00 0.07 2.74 0.00 2.00 0.00 7.00 11.00 13.00 9.00 15.00 5.00 0.00 0.00 0.00 0.00 0.00
190.00 8.00 4.00 16.00 38.00 12.00 22.00 0.08 3.95 0.00 0.00 0.00 3.00 6.00 5.00 2.00 6.00 2.00 0.00 0.00 0.00 0.00 0.00
191.00 16.00 14.00 42.00 80.00 28.00 38.00 0.08 3.33 0.00 1.00 0.00 3.00 7.00 13.00 9.00 10.00 6.00 0.00 0.00 0.00 0.00 0.00
192.00 14.00 11.00 38.00 65.00 27.00 27.00 0.08 3.65 0.00 0.00 0.00 4.00 8.00 10.00 6.00 8.00 6.00 0.00 0.00 0.00 0.00 0.00
193.00 11.00 7.00 23.00 53.00 16.00 30.00 0.09 3.04 0.00 0.00 0.00 3.00 5.00 8.00 6.00 7.00 4.00 0.00 0.00 0.00 0.00 0.00
194.00 14.00 13.00 36.00 70.00 23.00 34.00 0.10 2.59 0.00 1.00 0.00 3.00 7.00 11.00 7.00 9.00 5.00 0.00 0.00 1.00 0.00 0.00
195.00 14.00 10.00 28.00 65.00 18.00 37.00 0.08 2.76 0.00 1.00 0.00 3.00 9.00 11.00 5.00 10.00 4.00 0.00 0.00 0.00 0.00 0.00
196.00 14.00 14.00 35.00 66.00 21.00 31.00 0.09 4.16 0.00 1.00 0.00 4.00 9.00 10.00 5.00 10.00 4.00 0.00 0.00 1.00 0.00 0.00
197.00 13.00 5.00 25.00 64.00 20.00 39.00 0.10 3.73 0.00 0.00 0.00 4.00 9.00 9.00 4.00 10.00 3.00 0.00 0.00 0.00 0.00 0.00
198.00 16.00 13.00 36.00 79.00 23.00 43.00 0.08 2.98 0.00 2.00 0.00 4.00 7.00 12.00 9.00 12.00 4.00 0.00 0.00 0.00 0.00 0.00
199.00 15.00 12.00 35.00 69.00 23.00 34.00 0.09 3.96 0.00 1.00 0.00 2.00 6.00 13.00 9.00 10.00 5.00 0.00 0.00 0.00 0.00 0.00
200.00 16.00 13.00 36.00 73.00 23.00 37.00 0.08 4.98 0.00 1.00 0.00 5.00 9.00 11.00 7.00 11.00 5.00 0.00 0.00 0.00 1.00 0.00
201.00 13.00 12.00 31.00 60.00 19.00 29.00 0.08 3.72 0.00 0.00 0.00 4.00 7.00 9.00 6.00 11.00 2.00 0.00 0.00 1.00 0.00 0.00
202.00 14.00 13.00 34.00 67.00 21.00 33.00 0.09 4.61 0.00 0.00 0.00 3.00 8.00 11.00 6.00 9.00 5.00 0.00 0.00 1.00 0.00 0.00
203.00 9.00 3.00 17.00 42.00 14.00 25.00 0.10 3.63 0.00 1.00 0.00 2.00 5.00 7.00 4.00 7.00 2.00 0.00 0.00 0.00 0.00 0.00
204.00 14.00 12.00 34.00 69.00 22.00 35.00 0.09 4.44 0.00 0.00 0.00 6.00 10.00 8.00 4.00 12.00 2.00 0.00 0.00 0.00 0.00 0.00
205.00 16.00 18.00 39.00 73.00 21.00 34.00 0.09 4.48 0.00 0.00 0.00 6.00 9.00 10.00 7.00 13.00 3.00 0.00 0.00 0.00 0.00 0.00
206.00 12.00 5.00 18.00 49.00 13.00 31.00 0.08 4.59 0.00 0.00 0.00 4.00 8.00 8.00 4.00 9.00 3.00 0.00 0.00 0.00 0.00 0.00
207.00 12.00 10.00 31.00 57.00 21.00 26.00 0.09 3.11 0.00 0.00 0.00 2.00 8.00 10.00 4.00 10.00 2.00 0.00 0.00 0.00 0.00 0.00
208.00 13.00 8.00 30.00 62.00 22.00 32.00 0.09 4.41 0.00 0.00 0.00 3.00 7.00 10.00 6.00 12.00 1.00 0.00 0.00 0.00 0.00 0.00
209.00 9.00 3.00 13.00 45.00 10.00 32.00 0.08 5.12 0.00 0.00 0.00 5.00 6.00 4.00 3.00 9.00 0.00 0.00 0.00 0.00 0.00 0.00
210.00 10.00 4.00 22.00 49.00 18.00 27.00 0.08 3.34 0.00 0.00 0.00 3.00 7.00 7.00 3.00 8.00 2.00 0.00 0.00 0.00 0.00 0.00
211.00 10.00 3.00 19.00 48.00 16.00 29.00 0.09 2.14 0.00 0.00 0.00 5.00 6.00 5.00 4.00 8.00 2.00 0.00 0.00 0.00 1.00 0.00
212.00 11.00 3.00 25.00 52.00 22.00 27.00 0.07 3.03 0.00 1.00 0.00 3.00 5.00 8.00 6.00 7.00 4.00 0.00 0.00 1.00 0.00 0.00
213.00 8.00 5.00 14.00 36.00 9.00 22.00 0.09 0.32 0.00 1.00 0.00 2.00 6.00 6.00 2.00 8.00 0.00 0.00 0.00 0.00 0.00 0.00
214.00 9.00 1.00 14.00 40.00 13.00 26.00 0.07 4.77 0.00 0.00 0.00 3.00 5.00 6.00 4.00 8.00 1.00 0.00 0.00 0.00 0.00 0.00
215.00 11.00 7.00 23.00 52.00 16.00 29.00 0.10 0.36 0.00 0.00 0.00 5.00 6.00 6.00 5.00 10.00 1.00 0.00 0.00 0.00 0.00 0.00
216.00 10.00 9.00 22.00 48.00 13.00 26.00 0.09 0.33 0.00 0.00 0.00 2.00 6.00 8.00 4.00 7.00 3.00 0.00 0.00 0.00 0.00 0.00
217.00 10.00 9.00 22.00 47.00 13.00 25.00 0.09 0.31 0.00 0.00 0.00 3.00 6.00 7.00 4.00 8.00 2.00 0.00 0.00 0.00 0.00 0.00
218.00 4.00 1.00 5.00 17.00 4.00 12.00 0.07 0.17 0.00 0.00 0.00 3.00 3.00 1.00 1.00 4.00 0.00 0.00 0.00 0.00 0.00 0.00
219.00 8.00 0.00 5.00 24.00 5.00 19.00 0.11 0.89 0.00 0.00 0.00 3.00 7.00 5.00 1.00 8.00 0.00 0.00 0.00 0.00 0.00 0.00
220.00 11.00 7.00 19.00 48.00 12.00 29.00 0.08 0.47 0.00 0.00 0.00 1.00 4.00 10.00 7.00 6.00 5.00 0.00 0.00 0.00 0.00 0.00
221.00 6.00 2.00 6.00 25.00 4.00 19.00 0.08 0.38 0.00 0.00 0.00 1.00 4.00 5.00 2.00 5.00 1.00 0.00 0.00 0.00 0.00 0.00
222.00 11.00 3.00 16.00 47.00 13.00 31.00 0.07 0.66 0.00 0.00 0.00 5.00 7.00 6.00 4.00 9.00 2.00 0.00 0.00 0.00 0.00 0.00
223.00 6.00 1.00 6.00 24.00 5.00 18.00 0.07 0.32 0.00 0.00 0.00 2.00 5.00 4.00 1.00 5.00 1.00 0.00 0.00 0.00 0.00 0.00
224.00 7.00 1.00 11.00 32.00 10.00 21.00 0.09 0.38 0.00 0.00 0.00 4.00 6.00 3.00 1.00 6.00 1.00 0.00 0.00 0.00 0.00 0.00
225.00 7.00 2.00 10.00 30.00 8.00 20.00 0.09 0.34 0.00 0.00 0.00 0.00 4.00 7.00 3.00 6.00 1.00 0.00 0.00 0.00 0.00 0.00
226.00 7.00 4.00 13.00 29.00 9.00 16.00 0.08 0.26 0.00 0.00 0.00 3.00 4.00 4.00 3.00 5.00 2.00 0.00 0.00 0.00 0.00 0.00
227.00 10.00 3.00 15.00 46.00 12.00 31.00 0.08 0.49 0.00 0.00 0.00 2.00 7.00 8.00 3.00 9.00 1.00 0.00 0.00 0.00 0.00 0.00
228.00 6.00 1.00 7.00 21.00 6.00 14.00 0.10 2.72 0.00 0.00 0.00 4.00 5.00 2.00 1.00 5.00 1.00 0.00 0.00 0.00 0.00 0.00
229.00 4.00 0.00 1.00 9.00 1.00 8.00 0.09 0.32 0.00 0.00 0.00 2.00 4.00 2.00 0.00 4.00 0.00 0.00 0.00 0.00 0.00 0.00
230.00 5.00 1.00 6.00 20.00 5.00 14.00 0.08 0.26 0.00 0.00 0.00 3.00 4.00 2.00 1.00 5.00 0.00 0.00 0.00 0.00 0.00 0.00
231.00 5.00 0.00 1.00 16.00 1.00 15.00 0.08 0.33 0.00 0.00 0.00 3.00 4.00 2.00 1.00 5.00 0.00 0.00 0.00 0.00 0.00 0.00
232.00 3.00 0.00 2.00 8.00 2.00 6.00 0.09 5.12 0.00 0.00 0.00 2.00 3.00 1.00 0.00 3.00 0.00 0.00 0.00 0.00 0.00 0.00
233.00 3.00 0.00 0.00 4.00 0.00 4.00 0.07 0.29 0.00 0.00 0.00 2.00 3.00 1.00 0.00 3.00 0.00 0.00 0.00 0.00 0.00 0.00
234.00 3.00 0.00 0.00 5.00 0.00 5.00 0.10 0.10 0.00 0.00 0.00 2.00 3.00 1.00 0.00 3.00 0.00 0.00 0.00 0.00 0.00 0.00
235.00 3.00 0.00 2.00 5.00 2.00 3.00 0.09 0.11 0.00 0.00 0.00 2.00 3.00 1.00 0.00 3.00 0.00 0.00 0.00 0.00 0.00 0.00
236.00 2.00 0.00 0.00 1.00 0.00 1.00 0.09 0.15 0.00 0.00 0.00 2.00 2.00 0.00 0.00 2.00 0.00 0.00 0.00 0.00 0.00 0.00
