0.00 4.00 0.00 0.00 6.00 0.00 6.00 0.09 0.29 0.00 0.00 0.00 3.00 3.00 1.00 1.00 4.00 0.00 0.00 0.00 0.00 0.00 0.00
1.00 6.00 2.00 9.00 28.00 7.00 19.00 0.10 3.15 0.00 0.00 0.00 2.00 4.00 4.00 2.00 6.00 0.00 0.00 0.00 0.00 0.00 0.00
2.00 5.00 2.00 8.00 21.00 6.00 13.00 0.08 5.22 0.00 0.00 0.00 1.00 4.00 4.00 1.00 5.00 0.00 0.00 0.00 0.00 0.00 0.00
3.00 3.00 0.00 2.00 11.00 2.00 9.00 0.09 4.47 0.00 0.00 0.00 2.00 3.00 1.00 0.00 3.00 0.00 0.00 0.00 0.00 0.00 0.00
4.00 4.00 0.00 2.00 16.00 2.00 14.00 0.07 3.82 0.00 0.00 0.00 2.00 4.00 2.00 0.00 4.00 0.00 0.00 0.00 0.00 0.00 0.00
5.00 11.00 3.00 19.00 49.00 16.00 30.00 0.10 4.58 0.00 0.00 0.00 4.00 9.00 7.00 2.00 9.00 2.00 0.00 0.00 0.00 0.00 0.00
6.00 17.00 14.00 41.00 81.00 27.00 40.00 0.09 4.75 0.00 1.00 0.00 5.00 9.00 12.00 8.00 12.00 5.00 0.00 0.00 0.00 0.00 0.00
7.00 11.00 5.00 23.00 53.00 18.00 30.00 0.08 3.92 0.00 1.00 0.00 3.00 6.00 8.00 5.00 9.00 2.00 0.00 0.00 0.00 0.00 0.00
8.00 14.00 8.00 31.00 70.00 23.00 39.00 0.10 1.74 0.00 2.00 0.00 5.00 9.00 9.00 5.00 11.00 3.00 0.00 0.00 0.00 0.00 0.00
9.00 12.00 6.00 22.00 54.00 16.00 32.00 0.08 3.84 0.00 1.00 0.00 5.00 6.00 7.00 6.00 9.00 3.00 0.00 0.00 0.00 0.00 0.00
10.00 13.00 12.00 33.00 63.00 21.00 30.00 0.09 4.77 0.00 1.00 0.00 4.00 7.00 9.00 6.00 9.00 4.00 0.00 0.00 0.00 0.00 0.00
11.00 16.00 10.00 34.00 70.00 24.00 36.00 0.08 4.27 0.00 2.00 0.00 3.00 9.00 13.00 7.00 13.00 3.00 0.00 0.00 0.00 0.00 0.00
12.00 13.00 9.00 26.00 62.00 17.00 36.00 0.09 3.48 0.00 1.00 0.00 5.00 6.00 8.00 7.00 7.00 6.00 1.00 0.00 0.00 0.00 0.00
13.00 18.00 8.00 35.00 83.00 27.00 48.00 0.09 2.18 0.00 3.00 0.00 8.00 10.00 10.00 8.00 11.00 7.00 0.00 0.00 0.00 0.00 0.00
14.00 20.00 19.00 46.00 97.00 27.00 51.00 0.08 4.33 0.00 1.00 0.00 6.00 10.00 14.00 10.00 14.00 6.00 0.00 0.00 0.00 0.00 0.00
15.00 19.00 19.00 51.00 93.00 32.00 42.00 0.08 4.16 0.00 1.00 0.00 3.00 9.00 16.00 10.00 12.00 7.00 0.00 0.00 0.00 0.00 0.00
16.00 17.00 18.00 41.00 78.00 23.00 37.00 0.09 3.71 0.00 3.00 0.00 6.00 10.00 11.00 7.00 12.00 5.00 0.00 0.00 0.00 0.00 0.00
17.00 19.00 18.00 48.00 93.00 30.00 45.00 0.10 4.74 0.00 2.00 0.00 7.00 13.00 12.00 6.00 14.00 5.00 0.00 0.00 0.00 0.00 0.00
18.00 21.00 23.00 55.00 97.00 32.00 42.00 0.09 4.14 0.00 2.00 0.00 5.00 12.00 16.00 9.00 17.00 4.00 0.00 0.00 0.00 0.00 0.00
19.00 24.00 25.00 62.00 106.00 37.00 44.00 0.08 3.95 0.00 2.00 0.00 3.00 13.00 21.00 11.00 15.00 9.00 0.00 0.00 0.00 0.00 0.00
20.00 20.00 15.00 43.00 93.00 28.00 50.00 0.09 4.33 0.00 2.00 0.00 7.00 13.00 13.00 7.00 14.00 6.00 0.00 0.00 0.00 0.00 0.00
21.00 14.00 11.00 34.00 71.00 23.00 37.00 0.09 3.31 0.00 1.00 0.00 6.00 7.00 8.00 7.00 10.00 4.00 0.00 0.00 0.00 0.00 0.00
22.00 18.00 18.00 42.00 87.00 24.00 45.00 0.08 3.93 0.00 1.00 0.00 3.00 10.00 15.00 8.00 11.00 7.00 0.00 0.00 0.00 0.00 0.00
23.00 23.00 27.00 63.00 118.00 36.00 55.00 0.07 4.48 0.00 2.00 0.00 3.00 7.00 20.00 16.00 9.00 14.00 0.00 0.00 0.00 0.00 0.00
24.00 19.00 19.00 49.00 95.00 30.00 46.00 0.07 4.15 0.00 4.00 0.00 2.00 7.00 17.00 12.00 8.00 11.00 0.00 0.00 0.00 0.00 0.00
25.00 18.00 16.00 46.00 88.00 30.00 42.00 0.08 4.20 0.00 2.00 0.00 3.00 11.00 15.00 7.00 14.00 4.00 0.00 0.00 0.00 0.00 0.00
26.00 23.00 27.00 61.00 111.00 34.00 50.00 0.09 4.87 0.00 2.00 0.00 10.00 15.00 13.00 8.00 15.00 8.00 0.00 0.00 0.00 0.00 0.00
27.00 27.00 40.00 74.00 133.00 34.00 59.00 0.08 4.69 0.00 3.00 0.00 6.00 9.00 21.00 18.00 15.00 12.00 0.00 0.00 1.00 0.00 0.00
28.00 27.00 32.00 77.00 138.00 45.00 61.00 0.10 4.58 0.00 3.00 0.00 3.00 12.00 24.00 15.00 18.00 9.00 0.00 0.00 1.00 0.00 0.00
29.00 33.00 46.00 93.00 163.00 47.00 70.00 0.09 4.66 0.00 1.00 0.00 9.00 18.00 24.00 15.00 22.00 11.00 0.00 0.00 1.00 0.00 0.00
30.00 24.00 29.00 67.00 122.00 38.00 55.00 0.08 4.70 0.00 1.00 0.00 6.00 8.00 18.00 16.00 16.00 8.00 0.00 0.00 0.00 0.00 0.00
31.00 27.00 34.00 65.00 131.00 31.00 66.00 0.08 4.67 0.00 2.00 0.00 10.00 16.00 17.00 11.00 18.00 9.00 0.00 0.00 0.00 0.00 0.00
32.00 24.00 23.00 64.00 117.00 41.00 53.00 0.08 4.68 0.00 2.00 0.00 5.00 14.00 19.00 10.00 15.00 9.00 0.00 0.00 0.00 0.00 0.00
33.00 19.00 23.00 50.00 87.00 27.00 37.00 0.08 4.51 0.00 2.00 0.00 5.00 11.00 14.00 8.00 14.00 5.00 0.00 0.00 0.00 0.00 0.00
34.00 16.00 7.00 34.00 78.00 27.00 44.00 0.06 4.18 0.00 2.00 0.00 6.00 8.00 10.00 8.00 11.00 5.00 0.00 0.00 0.00 0.00 0.00
35.00 19.00 18.00 49.00 94.00 31.00 45.00 0.08 4.78 0.00 2.00 0.00 7.00 10.00 12.00 9.00 14.00 5.00 0.00 0.00 0.00 0.00 0.00
36.00 24.00 19.00 52.00 108.00 33.00 56.00 0.09 4.63 0.00 3.00 0.00 6.00 12.00 18.00 12.00 16.00 8.00 0.00 0.00 0.00 0.00 0.00
37.00 29.00 42.00 75.00 136.00 33.00 61.00 0.10 4.70 0.00 3.00 0.00 7.00 14.00 22.00 15.00 19.00 10.00 0.00 0.00 0.00 0.00 0.00
38.00 22.00 21.00 56.00 110.00 35.00 54.00 0.07 4.49 0.00 3.00 0.00 8.00 12.00 14.00 10.00 13.00 9.00 0.00 0.00 1.00 1.00 0.00
39.00 25.00 37.00 69.00 119.00 32.00 50.00 0.09 4.62 0.00 0.00 0.00 6.00 10.00 19.00 15.00 12.00 13.00 0.00 0.00 1.00 0.00 0.00
40.00 27.00 37.00 76.00 129.00 39.00 53.00 0.09 4.50 0.00 2.00 0.00 6.00 14.00 21.00 13.00 21.00 6.00 0.00 0.00 2.00 0.00 0.00
41.00 19.00 23.00 46.00 92.00 23.00 46.00 0.08 3.89 0.00 2.00 0.00 5.00 8.00 14.00 11.00 13.00 6.00 0.00 0.00 0.00 0.00 0.00
42.00 27.00 36.00 78.00 138.00 42.00 60.00 0.08 4.43 0.00 4.00 0.00 6.00 10.00 21.00 17.00 14.00 13.00 0.00 0.00 0.00 0.00 0.00
43.00 31.00 40.00 88.00 152.00 48.00 64.00 0.08 4.52 0.00 4.00 0.00 8.00 13.00 23.00 18.00 16.00 15.00 0.00 0.00 1.00 0.00 0.00
44.00 22.00 17.00 45.00 109.00 28.00 64.00 0.09 4.74 0.00 3.00 0.00 5.00 11.00 17.00 11.00 14.00 8.00 0.00 0.00 1.00 0.00 0.00
45.00 29.00 37.00 77.00 152.00 40.00 75.00 0.08 4.67 0.00 3.00 0.00 4.00 9.00 25.00 20.00 16.00 13.00 0.00 0.00 0.00 0.00 0.00
46.00 35.00 43.00 98.00 177.00 55.00 79.00 0.10 4.38 0.00 4.00 0.00 8.00 13.00 27.00 22.00 21.00 14.00 0.00 0.00 0.00 0.00 0.00
47.00 41.00 47.00 113.00 194.00 66.00 81.00 0.08 4.72 0.00 2.00 0.00 11.00 19.00 30.00 22.00 28.00 13.00 0.00 0.00 0.00 0.00 1.00
48.00 36.00 46.00 103.00 184.00 57.00 81.00 0.09 4.51 0.00 3.00 0.00 7.00 17.00 29.00 19.00 24.00 12.00 0.00 0.00 0.00 0.00 0.00
49.00 35.00 53.00 102.00 173.00 49.00 71.00 0.09 4.54 0.00 5.00 0.00 10.00 19.00 25.00 16.00 24.00 11.00 0.00 0.00 1.00 0.00 0.00
50.00 35.00 54.00 112.00 182.00 58.00 70.00 0.08 4.30 0.00 3.00 0.00 8.00 18.00 27.00 17.00 23.00 12.00 0.00 0.00 0.00 1.00 0.00
51.00 30.00 49.00 84.00 156.00 35.00 72.00 0.09 4.37 0.00 3.00 0.00 10.00 18.00 20.00 12.00 22.00 8.00 0.00 0.00 0.00 0.00 0.00
52.00 31.00 36.00 84.00 149.00 48.00 65.00 0.09 4.56 0.00 2.00 0.00 3.00 12.00 28.00 19.00 21.00 10.00 0.00 0.00 0.00 0.00 0.00
53.00 30.00 33.00 80.00 146.00 47.00 66.00 0.08 4.33 0.00 2.00 0.00 10.00 17.00 20.00 13.00 21.00 9.00 0.00 0.00 0.00 0.00 0.00
54.00 13.00 7.00 24.00 62.00 17.00 38.00 0.09 3.49 0.00 1.00 0.00 3.00 7.00 10.00 6.00 11.00 2.00 0.00 0.00 1.00 0.00 0.00
55.00 28.00 25.00 68.00 144.00 43.00 76.00 0.08 3.91 0.00 1.00 0.00 9.00 17.00 19.00 11.00 20.00 8.00 0.00 0.00 0.00 0.00 0.00
56.00 26.00 28.00 73.00 138.00 45.00 65.00 0.09 4.14 0.00 1.00 0.00 5.00 11.00 21.00 15.00 15.00 11.00 0.00 0.00 2.00 0.00 0.00
57.00 32.00 49.00 92.00 158.00 43.00 66.00 0.09 4.11 0.00 2.00 0.00 7.00 12.00 25.00 20.00 17.00 15.00 0.00 0.00 2.00 1.00 0.00
58.00 19.00 19.00 49.00 93.00 30.00 44.00 0.09 5.02 0.00 3.00 0.00 8.00 11.00 11.00 8.00 16.00 3.00 0.00 0.00 1.00 0.00 0.00
59.00 29.00 40.00 87.00 142.00 47.00 55.00 0.10 3.60 0.00 2.00 0.00 9.00 15.00 20.00 14.00 16.00 13.00 0.00 0.00 1.00 0.00 0.00
60.00 24.00 22.00 65.00 121.00 43.00 56.00 0.10 3.26 0.00 3.00 0.00 6.00 10.00 18.00 14.00 18.00 6.00 0.00 0.00 0.00 0.00 0.00
61.00 26.00 25.00 72.00 129.00 47.00 57.00 0.10 3.29 0.00 2.00 0.00 11.00 17.00 15.00 9.00 19.00 7.00 0.00 0.00 0.00 0.00 0.00
62.00 27.00 39.00 72.00 138.00 33.00 66.00 0.09 4.53 0.00 3.00 0.00 6.00 14.00 21.00 13.00 18.00 9.00 0.00 0.00 0.00 0.00 0.00
63.00 27.00 40.00 84.00 136.00 44.00 52.00 0.09 4.03 0.00 3.00 0.00 8.00 13.00 19.00 14.00 15.00 12.00 0.00 0.00 0.00 0.00 0.00
64.00 24.00 38.00 70.00 127.00 32.00 57.00 0.09 2.91 0.00 3.00 0.00 3.00 9.00 21.00 15.00 13.00 11.00 0.00 0.00 0.00 0.00 0.00
65.00 28.00 30.00 73.00 139.00 43.00 66.00 0.09 3.53 0.00 3.00 0.00 6.00 11.00 22.00 17.00 15.00 13.00 0.00 0.00 2.00 0.00 0.00
66.00 30.00 42.00 88.00 149.00 46.00 61.00 0.08 4.46 0.00 2.00 0.00 6.00 11.00 24.00 19.00 16.00 14.00 0.00 0.00 2.00 0.00 0.00
67.00 28.00 33.00 72.00 138.00 39.00 66.00 0.08 4.27 0.00 3.00 0.00 6.00 16.00 22.00 12.00 21.00 7.00 0.00 0.00 1.00 0.00 0.00
68.00 27.00 34.00 78.00 142.00 44.00 64.00 0.10 3.92 0.00 3.00 0.00 5.00 12.00 22.00 15.00 15.00 12.00 0.00 0.00 1.00 0.00 0.00
69.00 20.00 21.00 56.00 100.00 35.00 44.00 0.10 4.52 0.00 1.00 0.00 7.00 10.00 13.00 10.00 11.00 9.00 0.00 0.00 1.00 0.00 0.00
70.00 27.00 31.00 70.00 131.00 39.00 61.00 0.09 3.94 0.00 2.00 0.00 9.00 14.00 18.00 13.00 18.00 9.00 0.00 0.00 1.00 0.00 0.00
71.00 27.00 32.00 77.00 140.00 45.00 63.00 0.10 4.32 0.00 2.00 0.00 10.00 14.00 17.00 13.00 17.00 10.00 0.00 0.00 2.00 0.00 0.00
72.00 25.00 29.00 70.00 127.00 41.00 57.00 0.08 3.96 0.00 2.00 0.00 7.00 12.00 18.00 13.00 16.00 9.00 0.00 0.00 0.00 0.00 0.00
73.00 25.00 24.00 65.00 128.00 41.00 63.00 0.09 4.61 0.00 2.00 0.00 6.00 12.00 19.00 13.00 16.00 9.00 0.00 0.00 0.00 0.00 0.00
74.00 25.00 23.00 61.00 130.00 38.00 69.00 0.08 4.21 0.00 1.00 0.00 5.00 13.00 20.00 12.00 15.00 10.00 0.00 0.00 0.00 0.00 0.00
75.00 21.00 17.00 50.00 104.00 33.00 54.00 0.08 4.44 0.00 1.00 0.00 7.00 9.00 14.00 12.00 15.00 6.00 0.00 0.00 0.00 0.00 0.00
76.00 21.00 25.00 52.00 105.00 27.00 53.00 0.09 4.29 0.00 0.00 0.00 3.00 9.00 18.00 12.00 15.00 6.00 0.00 0.00 0.00 0.00 0.00
77.00 22.00 20.00 53.00 105.00 33.00 52.00 0.07 4.56 0.00 0.00 0.00 6.00 10.00 16.00 12.00 13.00 9.00 0.00 0.00 0.00 0.00 0.00
78.00 20.00 25.00 57.00 102.00 32.00 45.00 0.08 4.48 0.00 0.00 0.00 4.00 7.00 16.00 13.00 12.00 8.00 0.00 0.00 0.00 0.00 0.00
79.00 16.00 12.00 40.00 78.00 28.00 38.00 0.09 4.33 0.00 1.00 0.00 4.00 11.00 12.00 5.00 11.00 5.00 0.00 0.00 0.00 0.00 0.00
80.00 10.00 6.00 20.00 44.00 14.00 24.00 0.07 3.18 0.00 1.00 0.00 1.00 6.00 9.00 4.00 9.00 1.00 0.00 0.00 0.00 0.00 0.00
81.00 17.00 14.00 38.00 81.00 24.00 43.00 0.09 4.49 0.00 1.00 0.00 5.00 10.00 12.00 7.00 13.00 4.00 0.00 0.00 0.00 0.00 0.00
82.00 16.00 14.00 38.00 83.00 24.00 45.00 0.08 4.53 0.00 1.00 0.00 6.00 11.00 10.00 5.00 12.00 4.00 0.00 0.00 0.00 0.00 0.00
83.00 15.00 11.00 30.00 68.00 19.00 38.00 0.09 4.50 0.00 1.00 0.00 8.00 11.00 7.00 4.00 13.00 2.00 0.00 0.00 0.00 0.00 0.00
84.00 18.00 9.00 37.00 88.00 28.00 51.00 0.08 4.94 0.00 1.00 0.00 5.00 13.00 13.00 5.00 15.00 3.00 0.00 0.00 0.00 0.00 0.00
85.00 18.00 22.00 50.00 87.00 28.00 37.00 0.09 5.02 0.00 1.00 0.00 8.00 9.00 10.00 9.00 10.00 8.00 0.00 0.00 1.00 0.00 0.00
86.00 19.00 20.00 51.00 96.00 31.00 45.00 0.07 4.61 0.00 1.00 0.00 9.00 9.00 10.00 10.00 11.00 8.00 0.00 0.00 0.00 0.00 0.00
87.00 9.00 3.00 12.00 44.00 9.00 32.00 0.09 2.31 0.00 0.00 0.00 4.00 7.00 5.00 2.00 9.00 0.00 0.00 0.00 0.00 0.00 0.00
88.00 17.00 10.00 35.00 87.00 25.00 52.00 0.09 4.86 0.00 0.00 0.00 6.00 9.00 11.00 8.00 12.00 5.00 0.00 0.00 0.00 0.00 0.00
89.00 13.00 6.00 26.00 62.00 20.00 36.00 0.09 3.75 0.00 2.00 0.00 4.00 9.00 9.00 4.00 12.00 1.00 0.00 0.00 0.00 0.00 0.00
90.00 13.00 9.00 34.00 61.00 25.00 27.00 0.10 4.43 0.00 2.00 0.00 4.00 7.00 9.00 6.00 10.00 3.00 0.00 0.00 0.00 0.00 0.00
91.00 15.00 6.00 25.00 65.00 19.00 40.00 0.09 5.11 0.00 0.00 0.00 4.00 11.00 11.00 4.00 13.00 2.00 0.00 0.00 1.00 0.00 0.00
92.00 16.00 9.00 36.00 78.00 27.00 42.00 0.10 4.99 0.00 0.00 0.00 0.00 4.00 16.00 12.00 11.00 5.00 0.00 0.00 0.00 0.00 0.00
93.00 4.00 0.00 2.00 12.00 2.00 10.00 0.10 3.87 0.00 0.00 0.00 1.00 3.00 3.00 1.00 4.00 0.00 0.00 0.00 0.00 0.00 0.00
94.00 7.00 1.00 7.00 30.00 6.00 23.00 0.08 4.88 0.00 0.00 0.00 3.00 6.00 4.00 1.00 7.00 0.00 0.00 0.00 0.00 0.00 0.00
95.00 13.00 8.00 23.00 59.00 15.00 36.00 0.08 5.18 0.00 0.00 0.00 6.00 8.00 7.00 5.00 9.00 4.00 0.00 0.00 0.00 0.00 0.00
96.00 12.00 5.00 16.00 55.00 11.00 39.00 0.09 5.16 0.00 0.00 0.00 5.00 7.00 7.00 5.00 8.00 4.00 0.00 0.00 1.00 0.00 0.00
97.00 9.00 4.00 15.00 42.00 11.00 27.00 0.08 4.35 0.00 0.00 0.00 3.00 5.00 6.00 4.00 8.00 1.00 0.00 0.00 0.00 0.00 0.00
98.00 5.00 0.00 4.00 20.00 4.00 16.00 0.08 3.56 0.00 0.00 0.00 2.00 4.00 3.00 1.00 4.00 1.00 0.00 0.00 0.00 0.00 0.00
99.00 9.00 3.00 11.00 40.00 8.00 29.00 0.08 3.85 0.00 0.00 0.00 3.00 5.00 6.00 4.00 7.00 2.00 0.00 0.00 0.00 0.00 0.00
100.00 6.00 3.00 9.00 27.00 6.00 18.00 0.09 4.23 0.00 0.00 0.00 2.00 2.00 4.00 4.00 6.00 0.00 0.00 0.00 0.00 0.00 0.00
101.00 11.00 9.00 26.00 54.00 17.00 28.00 0.09 4.15 0.00 0.00 0.00 3.00 6.00 8.00 5.00 7.00 4.00 0.00 0.00 0.00 0.00 0.00
102.00 11.00 4.00 18.00 51.00 14.00 33.00 0.09 3.69 0.00 0.00 0.00 4.00 5.00 7.00 6.00 9.00 2.00 0.00 0.00 0.00 0.00 0.00
103.00 6.00 1.00 5.00 20.00 4.00 15.00 0.09 4.51 0.00 0.00 0.00 2.00 6.00 4.00 0.00 6.00 0.00 0.00 0.00 0.00 0.00 0.00
104.00 4.00 0.00 1.00 11.00 1.00 10.00 0.08 0.30 0.00 0.00 0.00 3.00 3.00 1.00 1.00 4.00 0.00 0.00 0.00 0.00 0.00 0.00
105.00 4.00 0.00 3.00 14.00 3.00 11.00 0.08 0.16 0.00 0.00 0.00 2.00 4.00 2.00 0.00 4.00 0.00 0.00 0.00 0.00 0.00 0.00
106.00 5.00 2.00 6.00 19.00 4.00 13.00 0.08 3.15 0.00 0.00 0.00 1.00 2.00 4.00 3.00 5.00 0.00 0.00 0.00 0.00 0.00 0.00
107.00 9.00 4.00 17.00 36.00 13.00 19.00 0.08 5.34 0.00 0.00 0.00 3.00 7.00 6.00 2.00 7.00 2.00 0.00 0.00 0.00 0.00 0.00
108.00 14.00 10.00 32.00 64.00 22.00 32.00 0.08 5.09 0.00 0.00 0.00 4.00 7.00 10.00 7.00 8.00 6.00 0.00 0.00 0.00 0.00 0.00
109.00 7.00 2.00 10.00 30.00 8.00 20.00 0.10 5.09 0.00 1.00 0.00 4.00 6.00 3.00 1.00 6.00 1.00 0.00 0.00 0.00 0.00 0.00
110.00 11.00 9.00 24.00 54.00 15.00 30.00 0.08 4.88 0.00 0.00 0.00 2.00 7.00 9.00 4.00 10.00 1.00 0.00 0.00 0.00 0.00 0.00
111.00 9.00 2.00 11.00 37.00 9.00 26.00 0.09 4.57 0.00 1.00 0.00 4.00 6.00 5.00 3.00 8.00 1.00 0.00 0.00 0.00 0.00 0.00
112.00 11.00 4.00 18.00 46.00 14.00 28.00 0.08 4.17 0.00 1.00 0.00 5.00 7.00 6.00 4.00 9.00 2.00 0.00 0.00 0.00 0.00 0.00
113.00 7.00 2.00 10.00 32.00 8.00 22.00 0.07 4.99 0.00 0.00 0.00 1.00 3.00 6.00 4.00 6.00 1.00 0.00 0.00 0.00 0.00 0.00
114.00 7.00 4.00 11.00 32.00 7.00 21.00 0.09 4.27 0.00 1.00 0.00 3.00 5.00 4.00 2.00 6.00 1.00 0.00 0.00 0.00 0.00 0.00
115.00 8.00 3.00 14.00 35.00 11.00 21.00 0.09 3.85 0.00 1.00 0.00 3.00 6.00 5.00 2.00 7.00 1.00 0.00 0.00 0.00 0.00 0.00
116.00 7.00 3.00 10.00 31.00 7.00 21.00 0.09 4.85 0.00 1.00 0.00 4.00 6.00 3.00 1.00 6.00 1.00 0.00 0.00 0.00 0.00 0.00
117.00 7.00 3.00 9.00 27.00 6.00 18.00 0.08 4.85 0.00 0.00 0.00 2.00 5.00 5.00 2.00 7.00 0.00 0.00 0.00 0.00 0.00 0.00
118.00 6.00 1.00 6.00 23.00 5.00 17.00 0.08 5.58 0.00 0.00 0.00 2.00 5.00 4.00 1.00 5.00 1.00 0.00 0.00 0.00 0.00 0.00
119.00 7.00 1.00 9.00 30.00 8.00 21.00 0.07 4.16 0.00 0.00 0.00 1.00 6.00 6.00 1.00 7.00 0.00 0.00 0.00 0.00 0.00 0.00
120.00 3.00 0.00 1.00 4.00 1.00 3.00 0.08 0.18 0.00 0.00 0.00 2.00 3.00 1.00 0.00 3.00 0.00 0.00 0.00 0.00 0.00 0.00
121.00 3.00 0.00 2.00 7.00 2.00 5.00 0.08 0.14 0.00 0.00 0.00 2.00 3.00 1.00 0.00 3.00 0.00 0.00 0.00 0.00 0.00 0.00
122.00 3.00 0.00 1.00 9.00 1.00 8.00 0.08 0.13 0.00 0.00 0.00 2.00 3.00 1.00 0.00 3.00 0.00 0.00 0.00 0.00 0.00 0.00
123.00 3.00 0.00 1.00 3.00 1.00 2.00 0.09 0.16 0.00 0.00 0.00 2.00 3.00 1.00 0.00 3.00 0.00 0.00 0.00 0.00 0.00 0.00
124.00 3.00 0.00 0.00 0.00 0.00 0.00 0.08 0.41 0.00 0.00 0.00 2.00 3.00 1.00 0.00 3.00 0.00 0.00 0.00 0.00 0.00 0.00
