0.00 3.00 0.00 0.00 6.00 0.00 6.00 0.08 0.16 0.00 0.00 0.00 2.00 3.00 1.00 0.00 3.00 0.00 0.00 0.00 0.00 0.00 0.00
1.00 7.00 0.00 2.00 23.00 2.00 21.00 0.09 0.39 0.00 0.00 0.00 4.00 5.00 3.00 2.00 7.00 0.00 0.00 0.00 0.00 0.00 0.00
2.00 5.00 0.00 1.00 13.00 1.00 12.00 0.08 0.49 0.00 0.00 0.00 3.00 4.00 2.00 1.00 5.00 0.00 0.00 0.00 0.00 0.00 0.00
3.00 5.00 2.00 8.00 21.00 6.00 13.00 0.08 3.53 0.00 0.00 0.00 2.00 3.00 3.00 2.00 5.00 0.00 0.00 0.00 0.00 0.00 0.00
4.00 9.00 3.00 14.00 42.00 11.00 28.00 0.08 0.38 0.00 0.00 0.00 3.00 7.00 6.00 2.00 8.00 1.00 0.00 0.00 0.00 0.00 0.00
5.00 6.00 0.00 2.00 17.00 2.00 15.00 0.10 0.45 0.00 0.00 0.00 2.00 6.00 4.00 0.00 6.00 0.00 0.00 0.00 0.00 0.00 0.00
6.00 4.00 0.00 1.00 7.00 1.00 6.00 0.07 0.16 0.00 0.00 0.00 3.00 3.00 1.00 1.00 4.00 0.00 0.00 0.00 0.00 0.00 0.00
7.00 12.00 6.00 22.00 52.00 16.00 30.00 0.08 0.45 0.00 0.00 0.00 4.00 9.00 8.00 3.00 10.00 2.00 0.00 0.00 0.00 0.00 0.00
8.00 6.00 0.00 2.00 26.00 2.00 24.00 0.09 0.42 0.00 0.00 0.00 2.00 6.00 4.00 0.00 6.00 0.00 0.00 0.00 0.00 0.00 0.00
9.00 4.00 0.00 0.00 12.00 0.00 12.00 0.08 3.82 0.00 0.00 0.00 3.00 3.00 1.00 1.00 4.00 0.00 0.00 0.00 0.00 0.00 0.00
10.00 6.00 2.00 9.00 25.00 7.00 16.00 0.09 0.39 0.00 0.00 0.00 3.00 5.00 3.00 1.00 6.00 0.00 0.00 0.00 0.00 0.00 0.00
11.00 9.00 3.00 11.00 39.00 8.00 28.00 0.08 2.35 0.00 0.00 0.00 4.00 6.00 5.00 3.00 8.00 1.00 0.00 0.00 0.00 0.00 0.00
12.00 9.00 2.00 10.00 39.00 8.00 29.00 0.07 0.55 0.00 0.00 0.00 4.00 6.00 5.00 3.00 8.00 1.00 0.00 0.00 0.00 0.00 0.00
13.00 5.00 0.00 1.00 15.00 1.00 14.00 0.08 0.30 0.00 0.00 0.00 2.00 5.00 3.00 0.00 5.00 0.00 0.00 0.00 0.00 0.00 0.00
14.00 9.00 1.00 11.00 38.00 10.00 27.00 0.08 4.49 0.00 0.00 0.00 3.00 6.00 6.00 3.00 8.00 1.00 0.00 0.00 0.00 0.00 0.00
15.00 7.00 0.00 8.00 29.00 8.00 21.00 0.08 4.30 0.00 0.00 0.00 2.00 5.00 5.00 2.00 6.00 1.00 0.00 0.00 0.00 0.00 0.00
16.00 9.00 2.00 13.00 39.00 11.00 26.00 0.09 3.36 0.00 0.00 0.00 3.00 6.00 6.00 3.00 7.00 2.00 0.00 0.00 0.00 0.00 0.00
17.00 8.00 1.00 6.00 30.00 5.00 24.00 0.09 3.73 0.00 0.00 0.00 4.00 6.00 4.00 2.00 8.00 0.00 0.00 0.00 0.00 0.00 0.00
18.00 4.00 0.00 0.00 3.00 0.00 3.00 0.09 0.07 0.00 0.00 0.00 2.00 4.00 2.00 0.00 4.00 0.00 0.00 0.00 0.00 0.00 0.00
19.00 8.00 2.00 13.00 30.00 11.00 17.00 0.07 0.52 0.00 0.00 0.00 1.00 6.00 7.00 2.00 7.00 1.00 0.00 0.00 0.00 0.00 0.00
20.00 9.00 7.00 19.00 43.00 12.00 24.00 0.07 0.32 0.00 0.00 0.00 4.00 8.00 5.00 1.00 8.00 1.00 0.00 0.00 0.00 0.00 0.00
21.00 9.00 8.00 20.00 39.00 12.00 19.00 0.08 0.33 0.00 0.00 0.00 2.00 4.00 7.00 5.00 8.00 1.00 0.00 0.00 0.00 0.00 0.00
22.00 11.00 9.00 25.00 53.00 16.00 28.00 0.10 2.91 0.00 1.00 0.00 4.00 5.00 7.00 6.00 7.00 4.00 0.00 0.00 0.00 0.00 0.00
23.00 10.00 6.00 22.00 49.00 16.00 27.00 0.09 0.38 0.00 1.00 0.00 4.00 6.00 6.00 4.00 8.00 2.00 0.00 0.00 0.00 0.00 0.00
24.00 14.00 9.00 27.00 65.00 18.00 38.00 0.09 2.61 0.00 1.00 0.00 6.00 8.00 8.00 6.00 12.00 2.00 0.00 0.00 0.00 0.00 0.00
25.00 18.00 15.00 45.00 87.00 30.00 42.00 0.09 3.66 0.00 1.00 0.00 3.00 12.00 15.00 6.00 17.00 1.00 0.00 0.00 0.00 0.00 0.00
26.00 15.00 14.00 37.00 71.00 23.00 34.00 0.08 1.64 0.00 1.00 0.00 4.00 9.00 11.00 6.00 11.00 4.00 0.00 0.00 0.00 0.00 0.00
27.00 16.00 11.00 36.00 73.00 25.00 37.00 0.08 0.49 0.00 1.00 0.00 9.00 11.00 7.00 5.00 14.00 2.00 0.00 0.00 0.00 0.00 0.00
28.00 11.00 9.00 25.00 49.00 16.00 24.00 0.08 1.84 0.00 1.00 0.00 5.00 7.00 6.00 4.00 9.00 2.00 0.00 0.00 0.00 0.00 0.00
29.00 16.00 16.00 37.00 69.00 21.00 32.00 0.08 1.49 0.00 1.00 0.00 4.00 10.00 12.00 6.00 13.00 3.00 0.00 0.00 0.00 0.00 0.00
30.00 11.00 9.00 23.00 56.00 14.00 33.00 0.07 1.87 0.00 1.00 0.00 4.00 8.00 7.00 3.00 8.00 3.00 0.00 0.00 0.00 0.00 0.00
31.00 14.00 18.00 37.00 68.00 19.00 31.00 0.10 1.58 0.00 1.00 0.00 2.00 6.00 12.00 8.00 7.00 7.00 0.00 0.00 0.00 0.00 0.00
32.00 12.00 6.00 25.00 57.00 19.00 32.00 0.09 1.76 0.00 1.00 0.00 1.00 8.00 11.00 4.00 10.00 2.00 0.00 0.00 0.00 0.00 0.00
33.00 12.00 13.00 29.00 56.00 16.00 27.00 0.08 1.70 0.00 1.00 0.00 3.00 9.00 9.00 3.00 10.00 2.00 0.00 0.00 0.00 0.00 0.00
34.00 14.00 9.00 34.00 70.00 25.00 36.00 0.08 1.61 0.00 1.00 0.00 4.00 10.00 10.00 4.00 12.00 2.00 0.00 0.00 0.00 0.00 0.00
35.00 14.00 20.00 38.00 63.00 18.00 25.00 0.08 1.62 0.00 1.00 0.00 6.00 11.00 8.00 3.00 12.00 2.00 0.00 0.00 0.00 0.00 0.00
36.00 13.00 13.00 36.00 56.00 23.00 20.00 0.09 2.87 0.00 1.00 0.00 4.00 10.00 9.00 3.00 11.00 2.00 0.00 0.00 0.00 0.00 0.00
37.00 11.00 6.00 23.00 51.00 17.00 28.00 0.09 0.41 0.00 1.00 0.00 3.00 9.00 8.00 2.00 9.00 2.00 0.00 0.00 0.00 0.00 0.00
38.00 16.00 13.00 32.00 73.00 19.00 41.00 0.08 1.63 0.00 1.00 0.00 6.00 11.00 10.00 5.00 12.00 4.00 0.00 0.00 0.00 0.00 0.00
39.00 14.00 13.00 35.00 66.00 22.00 31.00 0.09 0.49 0.00 1.00 0.00 3.00 5.00 11.00 9.00 7.00 7.00 0.00 0.00 0.00 0.00 0.00
40.00 14.00 14.00 38.00 69.00 24.00 31.00 0.07 0.46 0.00 1.00 0.00 4.00 9.00 10.00 5.00 10.00 4.00 0.00 0.00 0.00 0.00 0.00
41.00 17.00 25.00 47.00 85.00 22.00 38.00 0.08 0.51 0.00 1.00 0.00 2.00 8.00 15.00 9.00 11.00 6.00 0.00 0.00 0.00 0.00 0.00
42.00 13.00 14.00 30.00 62.00 16.00 32.00 0.08 0.45 0.00 1.00 0.00 4.00 6.00 9.00 7.00 8.00 5.00 0.00 0.00 0.00 0.00 0.00
43.00 12.00 5.00 25.00 58.00 20.00 33.00 0.09 0.57 0.00 1.00 0.00 5.00 9.00 7.00 3.00 10.00 2.00 0.00 0.00 0.00 0.00 0.00
44.00 15.00 13.00 32.00 66.00 19.00 34.00 0.08 0.76 0.00 1.00 0.00 6.00 8.00 9.00 7.00 11.00 4.00 0.00 0.00 0.00 0.00 0.00
45.00 11.00 9.00 25.00 51.00 16.00 26.00 0.09 0.44 0.00 1.00 0.00 4.00 7.00 7.00 4.00 9.00 2.00 0.00 0.00 0.00 0.00 0.00
46.00 5.00 0.00 4.00 20.00 4.00 16.00 0.09 3.40 0.00 0.00 0.00 1.00 4.00 4.00 1.00 5.00 0.00 0.00 0.00 0.00 0.00 0.00
47.00 16.00 16.00 36.00 68.00 20.00 32.00 0.06 3.80 0.00 1.00 0.00 6.00 11.00 10.00 5.00 13.00 3.00 0.00 0.00 1.00 0.00 0.00
48.00 11.00 9.00 23.00 49.00 14.00 26.00 0.08 1.80 0.00 1.00 0.00 4.00 8.00 7.00 3.00 9.00 2.00 0.00 0.00 0.00 0.00 0.00
49.00 15.00 10.00 26.00 60.00 16.00 34.00 0.09 3.26 0.00 1.00 0.00 4.00 9.00 11.00 6.00 13.00 2.00 0.00 0.00 0.00 0.00 0.00
50.00 14.00 14.00 39.00 70.00 25.00 31.00 0.08 1.54 0.00 1.00 0.00 2.00 7.00 12.00 7.00 9.00 5.00 0.00 0.00 0.00 0.00 0.00
51.00 12.00 9.00 28.00 63.00 19.00 35.00 0.09 0.40 0.00 1.00 0.00 3.00 4.00 9.00 8.00 10.00 2.00 0.00 0.00 0.00 0.00 0.00
52.00 18.00 7.00 35.00 86.00 28.00 51.00 0.08 2.23 0.00 0.00 0.00 10.00 15.00 8.00 3.00 16.00 2.00 0.00 0.00 0.00 0.00 0.00
53.00 15.00 14.00 31.00 59.00 17.00 28.00 0.07 3.79 1.00 1.00 1.00 6.00 10.00 9.00 5.00 11.00 4.00 0.00 0.00 0.00 0.00 0.00
54.00 6.00 1.00 8.00 25.00 7.00 17.00 0.06 0.23 0.00 1.00 0.00 1.00 4.00 5.00 2.00 5.00 1.00 0.00 0.00 0.00 0.00 0.00
55.00 12.00 9.00 25.00 57.00 16.00 32.00 0.09 2.72 0.00 0.00 0.00 5.00 6.00 7.00 6.00 7.00 5.00 0.00 0.00 0.00 0.00 0.00
56.00 18.00 10.00 39.00 78.00 29.00 39.00 0.08 3.37 0.00 1.00 0.00 3.00 12.00 15.00 6.00 13.00 5.00 0.00 0.00 0.00 0.00 0.00
57.00 19.00 20.00 46.00 93.00 26.00 47.00 0.08 3.05 0.00 1.00 0.00 6.00 9.00 13.00 10.00 15.00 4.00 0.00 0.00 0.00 0.00 0.00
58.00 6.00 2.00 8.00 24.00 6.00 16.00 0.07 4.75 0.00 0.00 0.00 2.00 4.00 4.00 2.00 6.00 0.00 1.00 0.00 0.00 0.00 0.00
59.00 18.00 14.00 45.00 95.00 31.00 50.00 0.09 3.57 0.00 1.00 0.00 7.00 11.00 11.00 7.00 15.00 3.00 1.00 0.00 0.00 0.00 0.00
60.00 21.00 24.00 66.00 108.00 42.00 42.00 0.09 3.55 0.00 1.00 0.00 7.00 11.00 14.00 10.00 15.00 6.00 1.00 0.00 0.00 0.00 0.00
61.00 16.00 9.00 28.00 72.00 19.00 44.00 0.06 3.95 0.00 0.00 0.00 5.00 10.00 11.00 6.00 12.00 4.00 0.00 0.00 0.00 0.00 0.00
62.00 22.00 25.00 55.00 103.00 30.00 48.00 0.09 3.04 0.00 1.00 0.00 8.00 16.00 14.00 6.00 18.00 4.00 1.00 0.00 0.00 0.00 0.00
63.00 16.00 7.00 39.00 83.00 32.00 44.00 0.08 3.92 0.00 1.00 0.00 2.00 10.00 14.00 6.00 12.00 4.00 1.00 0.00 0.00 0.00 1.00
64.00 10.00 4.00 15.00 50.00 11.00 35.00 0.08 1.90 0.00 1.00 0.00 3.00 6.00 7.00 4.00 7.00 3.00 0.00 0.00 0.00 0.00 0.00
65.00 22.00 25.00 60.00 108.00 35.00 48.00 0.06 3.07 0.00 1.00 0.00 10.00 12.00 12.00 10.00 18.00 4.00 0.00 0.00 1.00 0.00 0.00
66.00 18.00 5.00 33.00 88.00 28.00 55.00 0.09 1.62 0.00 1.00 0.00 8.00 11.00 10.00 7.00 12.00 6.00 0.00 0.00 1.00 0.00 0.00
67.00 23.00 25.00 58.00 112.00 33.00 54.00 0.09 2.13 0.00 1.00 0.00 8.00 11.00 15.00 12.00 15.00 8.00 0.00 0.00 1.00 0.00 0.00
68.00 29.00 29.00 77.00 149.00 48.00 72.00 0.08 3.62 0.00 1.00 0.00 8.00 14.00 21.00 15.00 19.00 10.00 1.00 0.00 0.00 0.00 0.00
69.00 27.00 35.00 78.00 138.00 43.00 60.00 0.08 2.77 0.00 1.00 0.00 2.00 8.00 25.00 19.00 15.00 12.00 1.00 0.00 0.00 0.00 0.00
70.00 28.00 31.00 74.00 137.00 43.00 63.00 0.09 3.61 0.00 1.00 0.00 7.00 10.00 21.00 18.00 18.00 10.00 0.00 0.00 1.00 0.00 0.00
71.00 20.00 11.00 45.00 98.00 34.00 53.00 0.08 3.31 0.00 1.00 0.00 4.00 10.00 16.00 10.00 17.00 3.00 1.00 0.00 0.00 0.00 0.00
72.00 29.00 42.00 85.00 154.00 43.00 69.00 0.10 2.68 0.00 1.00 0.00 5.00 11.00 24.00 18.00 17.00 12.00 1.00 0.00 0.00 1.00 0.00
73.00 24.00 18.00 62.00 123.00 44.00 61.00 0.08 2.03 0.00 1.00 0.00 5.00 12.00 19.00 12.00 16.00 8.00 1.00 0.00 0.00 0.00 0.00
74.00 32.00 41.00 88.00 165.00 47.00 77.00 0.08 1.73 0.00 1.00 0.00 10.00 19.00 22.00 13.00 22.00 10.00 1.00 0.00 1.00 0.00 0.00
75.00 31.00 30.00 83.00 161.00 53.00 78.00 0.08 2.19 0.00 2.00 0.00 6.00 12.00 25.00 19.00 18.00 13.00 1.00 0.00 1.00 0.00 0.00
76.00 32.00 36.00 94.00 163.00 58.00 69.00 0.10 2.56 0.00 1.00 0.00 5.00 10.00 27.00 22.00 15.00 17.00 1.00 0.00 1.00 0.00 0.00
77.00 27.00 23.00 72.00 145.00 49.00 73.00 0.08 1.97 0.00 1.00 0.00 5.00 13.00 22.00 14.00 19.00 8.00 0.00 0.00 1.00 0.00 0.00
78.00 25.00 25.00 73.00 133.00 48.00 60.00 0.09 3.63 0.00 1.00 0.00 4.00 8.00 21.00 17.00 15.00 10.00 1.00 0.00 1.00 0.00 0.00
79.00 33.00 33.00 97.00 174.00 64.00 77.00 0.08 2.96 0.00 0.00 0.00 7.00 15.00 26.00 18.00 20.00 13.00 1.00 0.00 0.00 0.00 0.00
80.00 29.00 37.00 89.00 159.00 52.00 70.00 0.08 4.14 0.00 2.00 0.00 3.00 11.00 26.00 18.00 15.00 14.00 1.00 0.00 0.00 0.00 0.00
81.00 31.00 27.00 85.00 164.00 58.00 79.00 0.08 3.51 0.00 2.00 0.00 6.00 11.00 25.00 20.00 20.00 11.00 1.00 0.00 1.00 1.00 0.00
82.00 31.00 37.00 91.00 156.00 54.00 65.00 0.10 3.51 0.00 2.00 0.00 8.00 14.00 23.00 17.00 21.00 10.00 1.00 0.00 1.00 0.00 0.00
83.00 24.00 26.00 69.00 122.00 43.00 53.00 0.08 2.89 0.00 1.00 0.00 9.00 13.00 15.00 11.00 18.00 6.00 1.00 0.00 2.00 0.00 0.00
84.00 33.00 43.00 99.00 167.00 56.00 68.00 0.08 3.81 1.00 1.00 1.00 6.00 16.00 27.00 17.00 20.00 13.00 1.00 0.00 0.00 0.00 0.00
85.00 28.00 30.00 75.00 144.00 45.00 69.00 0.08 3.13 0.00 2.00 0.00 9.00 15.00 19.00 13.00 17.00 11.00 1.00 0.00 0.00 0.00 0.00
86.00 35.00 45.00 114.00 190.00 69.00 76.00 0.07 3.00 1.00 2.00 0.50 3.00 11.00 32.00 24.00 16.00 19.00 1.00 0.00 0.00 0.00 0.00
87.00 34.00 47.00 105.00 181.00 58.00 76.00 0.08 3.37 1.00 2.00 0.50 9.00 16.00 25.00 18.00 21.00 13.00 1.00 0.00 2.00 0.00 0.00
88.00 33.00 38.00 103.00 174.00 65.00 71.00 0.08 2.54 0.00 3.00 0.00 2.00 12.00 31.00 21.00 16.00 17.00 1.00 0.00 1.00 0.00 0.00
89.00 35.00 44.00 103.00 182.00 59.00 79.00 0.09 2.81 1.00 1.00 1.00 10.00 16.00 25.00 19.00 21.00 14.00 1.00 0.00 0.00 0.00 0.00
90.00 35.00 33.00 101.00 189.00 68.00 88.00 0.09 2.45 2.00 2.00 1.00 13.00 18.00 22.00 17.00 25.00 10.00 0.00 0.00 2.00 0.00 0.00
91.00 34.00 40.00 101.00 170.00 61.00 69.00 0.07 2.27 1.00 3.00 0.33 7.00 13.00 27.00 21.00 22.00 12.00 1.00 0.00 0.00 0.00 0.00
92.00 35.00 46.00 103.00 180.00 57.00 77.00 0.09 3.23 1.00 1.00 1.00 11.00 18.00 24.00 17.00 25.00 10.00 1.00 0.00 1.00 0.00 0.00
93.00 27.00 25.00 80.00 142.00 55.00 62.00 0.08 2.76 1.00 2.00 0.50 9.00 14.00 18.00 13.00 17.00 10.00 0.00 0.00 1.00 0.00 0.00
94.00 32.00 36.00 94.00 169.00 58.00 75.00 0.09 3.61 1.00 1.00 1.00 11.00 16.00 21.00 16.00 23.00 9.00 1.00 0.00 0.00 0.00 0.00
95.00 29.00 29.00 78.00 144.00 49.00 66.00 0.09 3.50 1.00 2.00 0.50 8.00 13.00 21.00 16.00 21.00 8.00 1.00 0.00 2.00 0.00 0.00
96.00 31.00 34.00 87.00 165.00 53.00 78.00 0.07 3.65 1.00 2.00 0.50 8.00 16.00 23.00 15.00 19.00 12.00 1.00 0.00 2.00 0.00 0.00
97.00 32.00 40.00 90.00 167.00 50.00 77.00 0.08 2.91 0.00 2.00 0.00 12.00 16.00 20.00 16.00 21.00 11.00 1.00 0.00 1.00 0.00 0.00
98.00 29.00 25.00 81.00 147.00 56.00 66.00 0.09 4.29 1.00 2.00 0.50 7.00 15.00 22.00 14.00 22.00 7.00 1.00 0.00 0.00 0.00 0.00
99.00 28.00 26.00 72.00 134.00 46.00 62.00 0.08 3.87 1.00 2.00 0.50 6.00 17.00 22.00 11.00 21.00 7.00 0.00 0.00 0.00 0.00 0.00
100.00 26.00 24.00 61.00 128.00 37.00 67.00 0.09 3.59 0.00 1.00 0.00 7.00 16.00 19.00 10.00 19.00 7.00 1.00 0.00 1.00 0.00 0.00
101.00 26.00 30.00 76.00 131.00 46.00 55.00 0.08 3.26 0.00 1.00 0.00 4.00 11.00 22.00 15.00 15.00 11.00 1.00 0.00 1.00 1.00 0.00
102.00 23.00 20.00 56.00 108.00 36.00 52.00 0.09 2.03 0.00 2.00 0.00 4.00 9.00 19.00 14.00 14.00 9.00 1.00 0.00 1.00 0.00 0.00
103.00 28.00 36.00 84.00 147.00 48.00 63.00 0.09 3.83 0.00 1.00 0.00 7.00 13.00 21.00 15.00 19.00 9.00 1.00 0.00 1.00 0.00 0.00
104.00 24.00 29.00 68.00 126.00 39.00 58.00 0.08 2.36 0.00 1.00 0.00 3.00 8.00 21.00 16.00 10.00 14.00 1.00 0.00 1.00 0.00 0.00
105.00 27.00 29.00 73.00 142.00 44.00 69.00 0.08 3.65 0.00 1.00 0.00 6.00 16.00 21.00 11.00 22.00 5.00 1.00 0.00 1.00 0.00 0.00
106.00 32.00 30.00 88.00 156.00 58.00 68.00 0.08 3.24 0.00 1.00 0.00 8.00 15.00 24.00 17.00 22.00 10.00 1.00 0.00 0.00 0.00 0.00
107.00 25.00 17.00 58.00 125.00 41.00 67.00 0.09 3.42 0.00 0.00 0.00 8.00 12.00 17.00 13.00 16.00 9.00 1.00 0.00 1.00 1.00 0.00
108.00 25.00 24.00 67.00 127.00 43.00 60.00 0.08 3.53 0.00 1.00 0.00 8.00 14.00 17.00 11.00 16.00 9.00 1.00 0.00 0.00 0.00 0.00
109.00 26.00 37.00 75.00 137.00 38.00 62.00 0.10 3.33 0.00 1.00 0.00 3.00 7.00 23.00 19.00 14.00 12.00 0.00 0.00 0.00 0.00 0.00
110.00 23.00 24.00 64.00 117.00 40.00 53.00 0.09 2.55 1.00 1.00 1.00 5.00 7.00 18.00 16.00 10.00 13.00 0.00 0.00 0.00 0.00 0.00
111.00 28.00 30.00 75.00 143.00 45.00 68.00 0.08 1.83 0.00 1.00 0.00 10.00 13.00 18.00 15.00 17.00 11.00 1.00 0.00 0.00 0.00 0.00
112.00 21.00 27.00 58.00 113.00 31.00 55.00 0.10 3.19 0.00 2.00 0.00 4.00 9.00 17.00 12.00 11.00 10.00 1.00 0.00 0.00 0.00 0.00
113.00 25.00 29.00 69.00 126.00 40.00 57.00 0.08 2.90 0.00 1.00 0.00 11.00 17.00 14.00 8.00 20.00 5.00 1.00 0.00 0.00 0.00 0.00
114.00 25.00 27.00 72.00 130.00 45.00 58.00 0.08 2.93 0.00 2.00 0.00 5.00 10.00 20.00 15.00 12.00 13.00 1.00 0.00 0.00 0.00 0.00
115.00 30.00 35.00 89.00 159.00 54.00 70.00 0.10 3.02 0.00 2.00 0.00 8.00 15.00 22.00 15.00 19.00 11.00 0.00 0.00 0.00 0.00 0.00
116.00 34.00 52.00 102.00 171.00 50.00 69.00 0.09 2.51 0.00 3.00 0.00 10.00 15.00 24.00 19.00 19.00 15.00 1.00 0.00 0.00 0.00 0.00
117.00 30.00 32.00 77.00 156.00 45.00 79.00 0.10 2.97 0.00 2.00 0.00 7.00 14.00 23.00 16.00 19.00 11.00 1.00 0.00 1.00 0.00 0.00
118.00 34.00 47.00 108.00 174.00 61.00 66.00 0.07 3.91 0.00 3.00 0.00 9.00 17.00 25.00 17.00 22.00 12.00 1.00 0.00 0.00 0.00 0.00
119.00 31.00 41.00 91.00 153.00 50.00 62.00 0.08 3.70 0.00 2.00 0.00 5.00 8.00 26.00 23.00 16.00 15.00 1.00 0.00 0.00 1.00 0.00
120.00 27.00 27.00 77.00 143.00 50.00 66.00 0.10 3.45 0.00 3.00 0.00 7.00 8.00 20.00 19.00 14.00 13.00 1.00 0.00 0.00 0.00 0.00
121.00 29.00 34.00 79.00 138.00 45.00 59.00 0.08 3.22 0.00 3.00 0.00 9.00 13.00 20.00 16.00 20.00 9.00 1.00 0.00 0.00 0.00 0.00
122.00 32.00 41.00 90.00 159.00 49.00 69.00 0.08 4.12 0.00 3.00 0.00 10.00 13.00 22.00 19.00 18.00 14.00 1.00 0.00 0.00 0.00 0.00
123.00 23.00 20.00 62.00 119.00 42.00 57.00 0.09 2.90 0.00 2.00 0.00 7.00 11.00 16.00 12.00 16.00 7.00 1.00 0.00 0.00 0.00 0.00
124.00 30.00 33.00 85.00 152.00 52.00 67.00 0.07 3.86 0.00 1.00 0.00 9.00 14.00 21.00 16.00 19.00 11.00 1.00 0.00 0.00 0.00 0.00
125.00 30.00 40.00 96.00 154.00 56.00 58.00 0.09 3.58 0.00 1.00 0.00 7.00 12.00 23.00 18.00 20.00 10.00 1.00 0.00 0.00 0.00 0.00
126.00 29.00 35.00 87.00 148.00 52.00 61.00 0.10 4.18 0.00 0.00 0.00 8.00 13.00 21.00 16.00 16.00 13.00 1.00 0.00 1.00 0.00 0.00
127.00 31.00 37.00 90.00 155.00 53.00 65.00 0.08 4.17 0.00 1.00 0.00 7.00 16.00 24.00 15.00 23.00 8.00 1.00 0.00 2.00 0.00 0.00
128.00 26.00 24.00 71.00 133.00 47.00 62.00 0.09 3.68 0.00 2.00 0.00 7.00 13.00 19.00 13.00 18.00 8.00 1.00 0.00 2.00 0.00 0.00
129.00 21.00 23.00 55.00 104.00 32.00 49.00 0.08 3.03 0.00 1.00 0.00 5.00 9.00 16.00 12.00 13.00 8.00 0.00 0.00 1.00 0.00 0.00
130.00 25.00 34.00 78.00 126.00 44.00 48.00 0.08 2.75 0.00 1.00 0.00 8.00 11.00 17.00 14.00 17.00 8.00 1.00 0.00 1.00 0.00 0.00
131.00 30.00 35.00 91.00 155.00 56.00 64.00 0.09 3.79 0.00 1.00 0.00 7.00 13.00 23.00 17.00 21.00 9.00 1.00 0.00 0.00 0.00 0.00
132.00 29.00 28.00 79.00 157.00 51.00 78.00 0.10 3.05 0.00 2.00 0.00 5.00 13.00 24.00 16.00 15.00 14.00 1.00 0.00 2.00 0.00 0.00
133.00 32.00 40.00 95.00 174.00 55.00 79.00 0.09 3.20 0.00 1.00 0.00 7.00 13.00 25.00 19.00 21.00 11.00 1.00 0.00 1.00 0.00 0.00
134.00 24.00 21.00 60.00 118.00 39.00 58.00 0.09 3.86 0.00 1.00 0.00 7.00 15.00 17.00 9.00 20.00 4.00 0.00 0.00 0.00 0.00 0.00
135.00 27.00 29.00 75.00 135.00 46.00 60.00 0.11 3.71 0.00 1.00 0.00 7.00 13.00 20.00 14.00 19.00 8.00 0.00 0.00 0.00 0.00 0.00
136.00 29.00 35.00 89.00 148.00 54.00 59.00 0.07 4.06 0.00 2.00 0.00 6.00 10.00 23.00 19.00 19.00 10.00 0.00 0.00 0.00 0.00 0.00
137.00 26.00 37.00 85.00 138.00 48.00 53.00 0.09 4.17 1.00 3.00 0.33 3.00 12.00 23.00 14.00 19.00 7.00 1.00 0.00 0.00 0.00 0.00
138.00 27.00 32.00 86.00 137.00 54.00 51.00 0.08 3.57 1.00 2.00 0.50 6.00 9.00 21.00 18.00 17.00 10.00 1.00 0.00 0.00 0.00 0.00
139.00 29.00 31.00 80.00 149.00 49.00 69.00 0.07 3.60 2.00 2.00 1.00 9.00 15.00 20.00 14.00 19.00 10.00 0.00 0.00 0.00 0.00 0.00
140.00 29.00 29.00 83.00 146.00 54.00 63.00 0.08 3.84 1.00 2.00 0.50 8.00 18.00 21.00 11.00 20.00 9.00 1.00 0.00 1.00 0.00 0.00
141.00 32.00 37.00 86.00 166.00 49.00 80.00 0.09 3.83 0.00 2.00 0.00 10.00 18.00 22.00 14.00 24.00 8.00 1.00 0.00 0.00 0.00 0.00
142.00 22.00 26.00 58.00 113.00 32.00 55.00 0.07 2.08 1.00 2.00 0.50 6.00 11.00 16.00 11.00 15.00 7.00 0.00 0.00 0.00 0.00 0.00
143.00 34.00 47.00 105.00 180.00 58.00 75.00 0.09 4.25 1.00 2.00 0.50 7.00 20.00 27.00 14.00 25.00 9.00 0.00 0.00 0.00 1.00 0.00
144.00 29.00 44.00 90.00 147.00 46.00 57.00 0.08 4.06 1.00 2.00 0.50 7.00 12.00 22.00 17.00 19.00 10.00 1.00 0.00 0.00 1.00 0.00
145.00 30.00 15.00 85.00 153.00 70.00 68.00 0.09 4.35 1.00 2.00 0.50 9.00 20.00 21.00 10.00 23.00 7.00 1.00 0.00 0.00 2.00 0.00
146.00 36.00 38.00 104.00 187.00 66.00 83.00 0.09 4.43 0.00 2.00 0.00 15.00 23.00 21.00 13.00 28.00 8.00 1.00 0.00 0.00 1.00 0.00
147.00 34.00 47.00 109.00 181.00 62.00 72.00 0.08 3.84 2.00 2.00 1.00 7.00 14.00 27.00 20.00 19.00 15.00 1.00 0.00 0.00 1.00 0.00
148.00 36.00 54.00 108.00 176.00 54.00 68.00 0.10 4.21 2.00 2.00 1.00 8.00 13.00 28.00 23.00 20.00 16.00 1.00 0.00 0.00 0.00 0.00
149.00 28.00 31.00 85.00 147.00 54.00 62.00 0.08 3.96 1.00 2.00 0.50 7.00 13.00 21.00 15.00 17.00 11.00 1.00 0.00 0.00 0.00 0.00
150.00 39.00 47.00 111.00 198.00 64.00 87.00 0.08 3.99 2.00 2.00 1.00 8.00 18.00 31.00 21.00 27.00 12.00 0.00 0.00 0.00 0.00 0.00
151.00 35.00 47.00 104.00 176.00 57.00 72.00 0.09 4.01 1.00 2.00 0.50 12.00 17.00 23.00 18.00 22.00 13.00 0.00 0.00 2.00 0.00 0.00
152.00 31.00 29.00 83.00 166.00 54.00 83.00 0.09 4.10 1.00 1.00 1.00 10.00 15.00 21.00 16.00 21.00 10.00 1.00 0.00 0.00 0.00 0.00
153.00 42.00 45.00 119.00 221.00 74.00 102.00 0.07 4.20 2.00 1.00 2.00 9.00 22.00 33.00 20.00 32.00 10.00 1.00 0.00 1.00 0.00 0.00
154.00 37.00 53.00 113.00 190.00 60.00 77.00 0.09 4.10 4.00 2.00 2.00 10.00 21.00 27.00 16.00 26.00 11.00 1.00 0.00 0.00 0.00 0.00
155.00 37.00 55.00 113.00 188.00 58.00 75.00 0.09 3.80 2.00 3.00 0.67 7.00 18.00 30.00 19.00 24.00 13.00 1.00 0.00 0.00 0.00 0.00
156.00 39.00 55.00 122.00 202.00 67.00 80.00 0.08 4.18 2.00 3.00 0.67 12.00 17.00 27.00 22.00 25.00 14.00 1.00 0.00 0.00 0.00 0.00
157.00 39.00 51.00 111.00 203.00 60.00 92.00 0.09 4.23 2.00 3.00 0.67 8.00 18.00 31.00 21.00 23.00 16.00 0.00 0.00 0.00 0.00 0.00
158.00 36.00 49.00 119.00 187.00 70.00 68.00 0.08 4.43 0.00 3.00 0.00 9.00 16.00 27.00 20.00 23.00 13.00 1.00 0.00 1.00 0.00 0.00
159.00 35.00 53.00 108.00 176.00 55.00 68.00 0.08 3.49 2.00 3.00 0.67 3.00 14.00 32.00 21.00 20.00 15.00 0.00 0.00 1.00 0.00 0.00
160.00 37.00 51.00 118.00 191.00 67.00 73.00 0.08 4.15 2.00 2.00 1.00 10.00 16.00 27.00 21.00 24.00 13.00 0.00 0.00 0.00 0.00 0.00
161.00 33.00 31.00 82.00 165.00 51.00 83.00 0.09 4.27 1.00 3.00 0.33 6.00 17.00 27.00 16.00 24.00 9.00 1.00 0.00 0.00 0.00 0.00
162.00 34.00 43.00 97.00 182.00 54.00 85.00 0.09 4.34 1.00 3.00 0.33 9.00 15.00 25.00 19.00 23.00 11.00 0.00 0.00 0.00 0.00 0.00
163.00 36.00 62.00 118.00 184.00 56.00 66.00 0.10 4.52 0.00 3.00 0.00 8.00 16.00 28.00 20.00 18.00 18.00 1.00 0.00 0.00 0.00 0.00
164.00 32.00 32.00 87.00 166.00 55.00 79.00 0.09 4.45 0.00 4.00 0.00 7.00 13.00 25.00 19.00 19.00 13.00 1.00 0.00 0.00 0.00 0.00
165.00 33.00 42.00 97.00 163.00 55.00 66.00 0.08 4.43 0.00 2.00 0.00 8.00 15.00 25.00 18.00 25.00 8.00 0.00 0.00 0.00 0.00 0.00
166.00 32.00 33.00 91.00 159.00 58.00 68.00 0.08 3.94 0.00 1.00 0.00 12.00 16.00 20.00 16.00 22.00 10.00 0.00 0.00 0.00 0.00 0.00
167.00 29.00 39.00 84.00 142.00 45.00 58.00 0.09 3.77 1.00 1.00 1.00 11.00 14.00 18.00 15.00 18.00 11.00 1.00 0.00 0.00 0.00 0.00
168.00 22.00 20.00 54.00 110.00 34.00 56.00 0.09 2.97 0.00 2.00 0.00 8.00 10.00 14.00 12.00 16.00 6.00 1.00 0.00 0.00 0.00 0.00
169.00 23.00 10.00 58.00 122.00 48.00 64.00 0.09 3.79 0.00 2.00 0.00 6.00 15.00 17.00 8.00 18.00 5.00 0.00 0.00 0.00 0.00 0.00
170.00 29.00 37.00 82.00 133.00 45.00 51.00 0.08 3.90 0.00 3.00 0.00 10.00 16.00 19.00 13.00 20.00 9.00 1.00 0.00 0.00 0.00 0.00
171.00 26.00 25.00 72.00 127.00 47.00 55.00 0.08 4.02 0.00 3.00 0.00 8.00 12.00 18.00 14.00 19.00 7.00 0.00 0.00 1.00 0.00 0.00
172.00 26.00 31.00 72.00 131.00 41.00 59.00 0.09 3.78 0.00 3.00 0.00 5.00 9.00 21.00 17.00 15.00 11.00 1.00 0.00 0.00 0.00 0.00
173.00 28.00 33.00 85.00 144.00 52.00 59.00 0.07 4.31 0.00 4.00 0.00 7.00 14.00 21.00 14.00 21.00 7.00 0.00 0.00 1.00 0.00 0.00
174.00 29.00 40.00 81.00 139.00 41.00 58.00 0.08 3.88 0.00 4.00 0.00 8.00 12.00 21.00 17.00 20.00 9.00 1.00 0.00 1.00 0.00 0.00
175.00 28.00 35.00 73.00 139.00 38.00 66.00 0.07 4.00 0.00 5.00 0.00 7.00 12.00 21.00 16.00 16.00 12.00 0.00 0.00 0.00 0.00 0.00
176.00 30.00 36.00 82.00 151.00 46.00 69.00 0.09 3.80 0.00 4.00 0.00 6.00 12.00 24.00 18.00 18.00 12.00 1.00 0.00 0.00 0.00 0.00
177.00 32.00 38.00 84.00 154.00 46.00 70.00 0.09 3.38 0.00 3.00 0.00 8.00 17.00 24.00 15.00 24.00 8.00 1.00 0.00 0.00 0.00 0.00
178.00 34.00 49.00 103.00 174.00 54.00 71.00 0.09 4.38 0.00 2.00 0.00 12.00 19.00 22.00 15.00 23.00 11.00 1.00 0.00 0.00 0.00 0.00
179.00 23.00 13.00 57.00 117.00 44.00 60.00 0.09 3.40 0.00 4.00 0.00 5.00 9.00 18.00 14.00 14.00 9.00 1.00 0.00 0.00 0.00 0.00
180.00 35.00 43.00 100.00 173.00 57.00 73.00 0.09 4.02 0.00 2.00 0.00 9.00 17.00 26.00 18.00 24.00 11.00 1.00 0.00 0.00 0.00 0.00
181.00 30.00 35.00 76.00 154.00 41.00 78.00 0.08 3.59 0.00 1.00 0.00 6.00 14.00 24.00 16.00 19.00 11.00 0.00 0.00 1.00 0.00 0.00
182.00 32.00 42.00 94.00 165.00 52.00 71.00 0.09 3.99 0.00 1.00 0.00 8.00 13.00 24.00 19.00 23.00 9.00 0.00 0.00 1.00 0.00 0.00
183.00 30.00 46.00 93.00 155.00 47.00 62.00 0.08 3.25 0.00 1.00 0.00 5.00 10.00 25.00 20.00 17.00 13.00 1.00 0.00 1.00 0.00 0.00
184.00 30.00 45.00 94.00 154.00 49.00 60.00 0.09 2.99 0.00 3.00 0.00 5.00 12.00 25.00 18.00 20.00 10.00 1.00 0.00 0.00 0.00 0.00
185.00 31.00 40.00 95.00 158.00 55.00 63.00 0.08 3.58 0.00 3.00 0.00 9.00 14.00 22.00 17.00 21.00 10.00 1.00 0.00 0.00 0.00 0.00
186.00 28.00 34.00 81.00 147.00 47.00 66.00 0.10 3.48 0.00 3.00 0.00 6.00 9.00 22.00 19.00 14.00 14.00 0.00 0.00 0.00 0.00 0.00
187.00 27.00 30.00 79.00 146.00 49.00 67.00 0.08 3.43 0.00 3.00 0.00 6.00 12.00 21.00 15.00 15.00 12.00 1.00 0.00 0.00 0.00 0.00
188.00 32.00 38.00 99.00 165.00 61.00 66.00 0.09 3.77 0.00 4.00 0.00 11.00 14.00 21.00 18.00 20.00 12.00 1.00 0.00 0.00 0.00 0.00
189.00 36.00 55.00 109.00 186.00 54.00 77.00 0.09 3.86 0.00 5.00 0.00 9.00 13.00 27.00 23.00 21.00 15.00 1.00 0.00 0.00 0.00 0.00
190.00 35.00 46.00 105.00 182.00 59.00 77.00 0.08 3.87 0.00 4.00 0.00 5.00 12.00 30.00 23.00 18.00 17.00 1.00 0.00 0.00 0.00 0.00
191.00 32.00 47.00 94.00 162.00 47.00 68.00 0.09 3.51 0.00 3.00 0.00 6.00 12.00 26.00 20.00 19.00 13.00 0.00 0.00 0.00 0.00 0.00
192.00 30.00 31.00 86.00 150.00 55.00 64.00 0.08 4.01 0.00 3.00 0.00 6.00 13.00 24.00 17.00 19.00 11.00 0.00 0.00 0.00 0.00 0.00
193.00 32.00 43.00 92.00 163.00 49.00 71.00 0.08 4.35 0.00 4.00 0.00 6.00 14.00 26.00 18.00 22.00 10.00 1.00 0.00 1.00 0.00 0.00
194.00 29.00 26.00 72.00 146.00 46.00 74.00 0.08 4.52 0.00 3.00 0.00 5.00 10.00 24.00 19.00 19.00 10.00 1.00 0.00 0.00 0.00 0.00
195.00 28.00 36.00 83.00 146.00 47.00 63.00 0.08 3.96 0.00 4.00 0.00 7.00 10.00 21.00 18.00 16.00 12.00 1.00 0.00 1.00 0.00 0.00
196.00 31.00 34.00 88.00 158.00 54.00 70.00 0.08 4.31 0.00 2.00 0.00 9.00 15.00 22.00 16.00 20.00 11.00 1.00 0.00 2.00 0.00 0.00
197.00 20.00 14.00 45.00 106.00 31.00 61.00 0.08 2.65 0.00 1.00 0.00 6.00 10.00 14.00 10.00 15.00 5.00 0.00 0.00 1.00 0.00 0.00
198.00 27.00 28.00 69.00 137.00 41.00 68.00 0.08 3.74 0.00 2.00 0.00 6.00 11.00 21.00 16.00 19.00 8.00 1.00 0.00 0.00 0.00 0.00
199.00 30.00 33.00 82.00 151.00 49.00 69.00 0.08 4.31 0.00 2.00 0.00 12.00 16.00 18.00 14.00 23.00 7.00 1.00 0.00 0.00 0.00 0.00
200.00 31.00 41.00 91.00 163.00 50.00 72.00 0.09 4.54 0.00 2.00 0.00 6.00 9.00 25.00 22.00 15.00 16.00 1.00 0.00 0.00 0.00 0.00
201.00 28.00 37.00 80.00 138.00 43.00 58.00 0.09 3.99 0.00 2.00 0.00 8.00 11.00 20.00 17.00 17.00 11.00 0.00 0.00 0.00 0.00 0.00
202.00 26.00 28.00 75.00 134.00 47.00 59.00 0.09 4.34 0.00 3.00 0.00 8.00 13.00 18.00 13.00 17.00 9.00 1.00 0.00 0.00 0.00 0.00
203.00 25.00 18.00 61.00 128.00 43.00 67.00 0.09 4.54 0.00 0.00 0.00 11.00 17.00 14.00 8.00 21.00 4.00 1.00 0.00 0.00 0.00 0.00
204.00 25.00 23.00 71.00 135.00 48.00 64.00 0.09 4.46 0.00 1.00 0.00 5.00 11.00 20.00 14.00 16.00 9.00 0.00 0.00 0.00 0.00 0.00
205.00 22.00 27.00 62.00 111.00 35.00 49.00 0.07 4.58 1.00 1.00 1.00 8.00 12.00 14.00 10.00 18.00 4.00 1.00 0.00 0.00 0.00 0.00
206.00 31.00 38.00 90.00 158.00 52.00 68.00 0.09 4.54 0.00 1.00 0.00 9.00 16.00 22.00 15.00 19.00 12.00 1.00 0.00 1.00 0.00 0.00
207.00 33.00 48.00 95.00 154.00 47.00 59.00 0.10 4.32 0.00 2.00 0.00 9.00 15.00 24.00 18.00 22.00 11.00 1.00 0.00 0.00 0.00 0.00
208.00 32.00 38.00 95.00 159.00 57.00 64.00 0.09 4.59 0.00 2.00 0.00 10.00 20.00 22.00 12.00 24.00 8.00 1.00 0.00 1.00 0.00 0.00
209.00 32.00 40.00 97.00 170.00 57.00 73.00 0.08 3.05 0.00 2.00 0.00 5.00 8.00 27.00 24.00 19.00 13.00 1.00 0.00 1.00 0.00 0.00
210.00 29.00 34.00 76.00 149.00 42.00 73.00 0.09 3.80 0.00 2.00 0.00 11.00 16.00 18.00 13.00 23.00 6.00 1.00 0.00 1.00 0.00 1.00
211.00 27.00 39.00 84.00 135.00 45.00 51.00 0.11 4.14 0.00 2.00 0.00 4.00 11.00 23.00 16.00 15.00 12.00 1.00 0.00 1.00 0.00 0.00
212.00 29.00 23.00 71.00 144.00 48.00 73.00 0.08 4.65 0.00 2.00 0.00 10.00 15.00 19.00 14.00 21.00 8.00 1.00 0.00 0.00 0.00 0.00
213.00 30.00 46.00 92.00 146.00 46.00 54.00 0.08 4.27 0.00 2.00 0.00 8.00 16.00 22.00 14.00 19.00 11.00 1.00 0.00 0.00 0.00 0.00
214.00 27.00 42.00 87.00 147.00 45.00 60.00 0.08 4.24 0.00 3.00 0.00 4.00 9.00 23.00 18.00 14.00 13.00 1.00 0.00 1.00 0.00 0.00
215.00 24.00 31.00 65.00 123.00 34.00 58.00 0.09 3.89 0.00 2.00 0.00 6.00 11.00 18.00 13.00 15.00 9.00 0.00 0.00 0.00 0.00 0.00
216.00 27.00 36.00 78.00 138.00 42.00 60.00 0.08 4.19 0.00 2.00 0.00 7.00 14.00 20.00 13.00 16.00 11.00 1.00 0.00 0.00 0.00 0.00
217.00 29.00 31.00 86.00 144.00 55.00 58.00 0.09 4.26 0.00 2.00 0.00 9.00 11.00 20.00 18.00 18.00 11.00 1.00 0.00 0.00 1.00 0.00
218.00 21.00 20.00 55.00 107.00 35.00 52.00 0.09 4.45 0.00 2.00 0.00 7.00 9.00 14.00 12.00 14.00 7.00 1.00 0.00 0.00 0.00 0.00
219.00 27.00 40.00 84.00 139.00 44.00 55.00 0.09 3.63 0.00 2.00 0.00 4.00 9.00 23.00 18.00 19.00 8.00 1.00 0.00 0.00 0.00 0.00
220.00 25.00 26.00 63.00 127.00 37.00 64.00 0.06 4.08 0.00 2.00 0.00 5.00 10.00 20.00 15.00 14.00 11.00 0.00 0.00 1.00 0.00 0.00
221.00 27.00 26.00 69.00 137.00 43.00 68.00 0.07 4.47 0.00 2.00 0.00 5.00 10.00 22.00 17.00 15.00 12.00 1.00 0.00 0.00 0.00 0.00
222.00 19.00 23.00 49.00 95.00 26.00 46.00 0.07 4.02 0.00 2.00 0.00 3.00 6.00 16.00 13.00 12.00 7.00 1.00 0.00 0.00 0.00 0.00
223.00 26.00 34.00 70.00 126.00 36.00 56.00 0.10 4.47 0.00 2.00 0.00 6.00 11.00 20.00 15.00 18.00 8.00 1.00 0.00 0.00 0.00 0.00
224.00 26.00 33.00 76.00 131.00 43.00 55.00 0.08 4.53 0.00 2.00 0.00 4.00 14.00 22.00 12.00 19.00 7.00 0.00 0.00 1.00 1.00 0.00
225.00 24.00 23.00 64.00 124.00 41.00 60.00 0.09 4.79 0.00 1.00 0.00 4.00 14.00 20.00 10.00 19.00 5.00 0.00 0.00 0.00 0.00 0.00
226.00 23.00 25.00 67.00 116.00 42.00 49.00 0.08 4.71 0.00 1.00 0.00 4.00 13.00 19.00 10.00 16.00 7.00 1.00 0.00 0.00 0.00 0.00
227.00 23.00 30.00 65.00 117.00 35.00 52.00 0.08 4.11 0.00 1.00 0.00 7.00 11.00 16.00 12.00 13.00 10.00 1.00 0.00 0.00 0.00 0.00
228.00 25.00 23.00 65.00 124.00 42.00 59.00 0.07 4.43 0.00 1.00 0.00 5.00 14.00 20.00 11.00 18.00 7.00 1.00 0.00 0.00 0.00 0.00
229.00 21.00 17.00 49.00 86.00 32.00 37.00 0.08 5.22 0.00 1.00 0.00 8.00 12.00 13.00 9.00 14.00 7.00 1.00 0.00 0.00 0.00 0.00
230.00 23.00 26.00 61.00 113.00 35.00 52.00 0.09 4.44 0.00 2.00 0.00 7.00 12.00 16.00 11.00 18.00 5.00 1.00 0.00 0.00 0.00 0.00
231.00 25.00 30.00 71.00 119.00 41.00 48.00 0.10 4.78 0.00 3.00 0.00 5.00 10.00 20.00 15.00 12.00 13.00 1.00 0.00 0.00 0.00 0.00
232.00 21.00 20.00 56.00 111.00 36.00 55.00 0.07 4.55 1.00 2.00 0.50 3.00 7.00 18.00 14.00 9.00 12.00 1.00 0.00 0.00 0.00 0.00
233.00 24.00 26.00 61.00 119.00 35.00 58.00 0.09 4.69 0.00 2.00 0.00 3.00 8.00 21.00 16.00 15.00 9.00 0.00 0.00 0.00 0.00 0.00
234.00 26.00 30.00 75.00 134.00 45.00 59.00 0.07 4.70 0.00 2.00 0.00 7.00 10.00 19.00 16.00 15.00 11.00 0.00 0.00 0.00 0.00 0.00
235.00 24.00 24.00 61.00 120.00 37.00 59.00 0.09 5.05 0.00 3.00 0.00 4.00 9.00 20.00 15.00 13.00 11.00 1.00 0.00 0.00 0.00 0.00
236.00 27.00 34.00 77.00 143.00 43.00 66.00 0.09 4.91 0.00 2.00 0.00 6.00 16.00 21.00 11.00 19.00 8.00 1.00 0.00 0.00 0.00 0.00
237.00 23.00 32.00 67.00 120.00 35.00 53.00 0.08 4.82 0.00 2.00 0.00 4.00 10.00 19.00 13.00 14.00 9.00 1.00 0.00 0.00 0.00 0.00
238.00 22.00 31.00 62.00 114.00 31.00 52.00 0.08 4.74 0.00 3.00 0.00 4.00 8.00 18.00 14.00 12.00 10.00 1.00 0.00 0.00 0.00 0.00
239.00 25.00 29.00 70.00 127.00 41.00 57.00 0.09 5.07 0.00 2.00 0.00 7.00 14.00 18.00 11.00 17.00 8.00 1.00 0.00 0.00 0.00 0.00
240.00 21.00 22.00 59.00 113.00 37.00 54.00 0.08 4.93 0.00 2.00 0.00 3.00 11.00 18.00 10.00 15.00 6.00 1.00 0.00 0.00 0.00 0.00
241.00 23.00 24.00 59.00 113.00 35.00 54.00 0.08 4.54 0.00 3.00 0.00 5.00 10.00 18.00 13.00 16.00 7.00 1.00 0.00 0.00 0.00 0.00
242.00 25.00 29.00 65.00 129.00 36.00 64.00 0.08 4.67 0.00 2.00 0.00 7.00 14.00 18.00 11.00 18.00 7.00 1.00 0.00 0.00 0.00 0.00
243.00 17.00 8.00 38.00 91.00 30.00 53.00 0.08 4.49 0.00 2.00 0.00 6.00 7.00 11.00 10.00 13.00 4.00 0.00 0.00 0.00 0.00 0.00
244.00 26.00 22.00 68.00 128.00 46.00 60.00 0.07 4.84 0.00 2.00 0.00 8.00 11.00 18.00 15.00 18.00 8.00 1.00 0.00 0.00 0.00 0.00
245.00 28.00 34.00 75.00 142.00 41.00 67.00 0.10 4.91 0.00 3.00 0.00 7.00 10.00 21.00 18.00 12.00 16.00 1.00 0.00 0.00 0.00 0.00
246.00 28.00 40.00 82.00 139.00 42.00 57.00 0.08 5.07 0.00 3.00 0.00 7.00 13.00 21.00 15.00 18.00 10.00 1.00 0.00 0.00 0.00 0.00
247.00 26.00 32.00 82.00 136.00 50.00 54.00 0.09 5.03 1.00 3.00 0.33 3.00 10.00 23.00 16.00 15.00 11.00 1.00 0.00 0.00 0.00 0.00
248.00 25.00 29.00 77.00 132.00 48.00 55.00 0.07 4.77 0.00 3.00 0.00 3.00 9.00 22.00 16.00 13.00 12.00 1.00 0.00 0.00 0.00 0.00
249.00 25.00 25.00 69.00 132.00 44.00 63.00 0.10 5.05 0.00 2.00 0.00 5.00 13.00 20.00 12.00 18.00 7.00 1.00 0.00 0.00 0.00 0.00
250.00 23.00 15.00 58.00 119.00 43.00 61.00 0.08 5.08 0.00 2.00 0.00 4.00 11.00 19.00 12.00 14.00 9.00 0.00 0.00 0.00 0.00 0.00
251.00 22.00 19.00 59.00 114.00 40.00 55.00 0.09 4.54 0.00 1.00 0.00 5.00 12.00 17.00 10.00 16.00 6.00 1.00 0.00 0.00 0.00 0.00
252.00 25.00 27.00 63.00 129.00 36.00 66.00 0.08 4.39 0.00 1.00 0.00 4.00 11.00 21.00 14.00 13.00 12.00 0.00 0.00 0.00 0.00 0.00
253.00 24.00 34.00 75.00 125.00 41.00 50.00 0.08 4.74 0.00 1.00 0.00 5.00 9.00 19.00 15.00 13.00 11.00 1.00 0.00 0.00 0.00 0.00
254.00 24.00 29.00 70.00 124.00 41.00 54.00 0.10 4.64 0.00 1.00 0.00 3.00 9.00 21.00 15.00 13.00 11.00 1.00 0.00 0.00 0.00 0.00
255.00 25.00 32.00 71.00 128.00 39.00 57.00 0.09 4.16 0.00 1.00 0.00 4.00 9.00 21.00 16.00 17.00 8.00 0.00 0.00 0.00 0.00 0.00
256.00 19.00 15.00 42.00 82.00 27.00 40.00 0.08 1.55 0.00 3.00 0.00 6.00 11.00 13.00 8.00 13.00 6.00 0.00 0.00 0.00 0.00 0.00
257.00 25.00 34.00 77.00 131.00 43.00 54.00 0.08 4.69 0.00 1.00 0.00 3.00 10.00 22.00 15.00 13.00 12.00 1.00 0.00 0.00 0.00 1.00
258.00 26.00 17.00 71.00 132.00 54.00 61.00 0.08 3.15 0.00 1.00 0.00 5.00 11.00 21.00 15.00 16.00 10.00 1.00 0.00 0.00 0.00 0.00
259.00 26.00 22.00 69.00 134.00 47.00 65.00 0.06 3.34 0.00 2.00 0.00 8.00 15.00 18.00 11.00 20.00 6.00 1.00 0.00 0.00 0.00 0.00
260.00 25.00 28.00 73.00 125.00 45.00 52.00 0.08 4.42 0.00 2.00 0.00 6.00 15.00 19.00 10.00 16.00 9.00 1.00 0.00 0.00 0.00 0.00
261.00 24.00 34.00 65.00 118.00 31.00 53.00 0.09 3.83 0.00 3.00 0.00 8.00 10.00 16.00 14.00 18.00 6.00 0.00 0.00 0.00 0.00 0.00
262.00 24.00 23.00 68.00 124.00 45.00 56.00 0.09 3.85 0.00 3.00 0.00 8.00 12.00 16.00 12.00 16.00 8.00 1.00 0.00 0.00 0.00 0.00
263.00 25.00 29.00 76.00 131.00 47.00 55.00 0.08 3.75 0.00 3.00 0.00 6.00 8.00 19.00 17.00 16.00 9.00 1.00 0.00 0.00 0.00 0.00
264.00 13.00 5.00 24.00 59.00 19.00 35.00 0.09 2.54 0.00 2.00 0.00 6.00 9.00 7.00 4.00 11.00 2.00 0.00 0.00 0.00 0.00 0.00
265.00 20.00 23.00 57.00 104.00 34.00 47.00 0.10 3.79 0.00 2.00 0.00 5.00 11.00 15.00 9.00 13.00 7.00 0.00 0.00 0.00 0.00 0.00
266.00 23.00 31.00 72.00 115.00 41.00 43.00 0.08 3.62 0.00 0.00 0.00 5.00 5.00 18.00 18.00 11.00 12.00 1.00 0.00 0.00 0.00 0.00
267.00 23.00 22.00 59.00 114.00 37.00 55.00 0.09 5.19 0.00 1.00 0.00 7.00 13.00 16.00 10.00 20.00 3.00 0.00 0.00 0.00 0.00 0.00
268.00 23.00 35.00 63.00 119.00 28.00 56.00 0.10 4.45 0.00 2.00 0.00 3.00 11.00 20.00 12.00 14.00 9.00 1.00 0.00 0.00 0.00 0.00
269.00 20.00 23.00 52.00 99.00 29.00 47.00 0.06 3.30 0.00 1.00 0.00 6.00 9.00 14.00 11.00 11.00 9.00 0.00 0.00 0.00 0.00 0.00
270.00 22.00 19.00 55.00 99.00 36.00 44.00 0.08 3.76 0.00 2.00 0.00 10.00 14.00 12.00 8.00 18.00 4.00 1.00 0.00 0.00 0.00 0.00
271.00 18.00 15.00 47.00 89.00 32.00 42.00 0.09 4.49 0.00 2.00 0.00 7.00 11.00 11.00 7.00 11.00 7.00 0.00 0.00 0.00 0.00 0.00
272.00 25.00 34.00 67.00 118.00 33.00 51.00 0.09 4.14 0.00 1.00 0.00 9.00 14.00 16.00 11.00 20.00 5.00 1.00 0.00 1.00 0.00 0.00
273.00 22.00 17.00 58.00 118.00 41.00 60.00 0.08 3.34 0.00 2.00 0.00 3.00 11.00 19.00 11.00 17.00 5.00 0.00 0.00 0.00 0.00 0.00
274.00 23.00 28.00 63.00 121.00 35.00 58.00 0.08 3.05 0.00 1.00 0.00 5.00 10.00 18.00 13.00 16.00 7.00 1.00 0.00 0.00 0.00 0.00
275.00 20.00 18.00 48.00 105.00 30.00 57.00 0.08 3.39 0.00 1.00 0.00 4.00 13.00 16.00 7.00 16.00 4.00 1.00 0.00 0.00 0.00 0.00
276.00 13.00 8.00 28.00 56.00 20.00 28.00 0.08 2.75 0.00 1.00 0.00 4.00 7.00 9.00 6.00 10.00 3.00 0.00 0.00 0.00 0.00 0.00
277.00 17.00 11.00 39.00 82.00 28.00 43.00 0.08 3.69 0.00 2.00 0.00 6.00 10.00 11.00 7.00 12.00 5.00 0.00 0.00 0.00 0.00 0.00
278.00 22.00 25.00 58.00 109.00 33.00 51.00 0.09 2.59 0.00 0.00 0.00 7.00 11.00 15.00 11.00 14.00 8.00 0.00 0.00 0.00 0.00 0.00
279.00 15.00 15.00 37.00 76.00 22.00 39.00 0.10 0.48 0.00 2.00 0.00 3.00 6.00 12.00 9.00 9.00 6.00 0.00 0.00 0.00 0.00 0.00
280.00 23.00 30.00 66.00 114.00 36.00 48.00 0.08 2.59 0.00 2.00 0.00 4.00 10.00 19.00 13.00 12.00 11.00 0.00 0.00 0.00 0.00 0.00
281.00 23.00 27.00 64.00 119.00 37.00 55.00 0.08 1.94 1.00 3.00 0.33 6.00 12.00 17.00 11.00 18.00 5.00 1.00 0.00 0.00 0.00 0.00
282.00 27.00 40.00 80.00 132.00 40.00 52.00 0.09 3.28 0.00 2.00 0.00 10.00 15.00 17.00 12.00 21.00 6.00 1.00 0.00 0.00 0.00 0.00
283.00 23.00 27.00 67.00 114.00 40.00 47.00 0.08 3.02 0.00 2.00 0.00 3.00 11.00 20.00 12.00 13.00 10.00 1.00 0.00 0.00 0.00 0.00
284.00 22.00 25.00 66.00 114.00 41.00 48.00 0.08 3.16 0.00 2.00 0.00 5.00 11.00 17.00 11.00 16.00 6.00 1.00 0.00 0.00 0.00 0.00
285.00 20.00 31.00 52.00 91.00 21.00 39.00 0.08 3.84 0.00 1.00 0.00 6.00 10.00 14.00 10.00 14.00 6.00 0.00 0.00 0.00 0.00 0.00
286.00 14.00 12.00 33.00 69.00 21.00 36.00 0.09 3.37 0.00 2.00 0.00 7.00 11.00 7.00 3.00 12.00 2.00 0.00 0.00 0.00 0.00 0.00
287.00 23.00 21.00 55.00 111.00 34.00 56.00 0.09 3.46 0.00 1.00 0.00 4.00 12.00 19.00 11.00 17.00 6.00 1.00 0.00 0.00 0.00 0.00
288.00 22.00 25.00 56.00 110.00 31.00 54.00 0.08 2.63 0.00 1.00 0.00 7.00 12.00 15.00 10.00 15.00 7.00 1.00 0.00 0.00 0.00 0.00
289.00 23.00 30.00 71.00 119.00 41.00 48.00 0.08 2.53 0.00 2.00 0.00 8.00 11.00 15.00 12.00 14.00 9.00 1.00 0.00 0.00 0.00 0.00
290.00 24.00 23.00 70.00 128.00 47.00 58.00 0.08 2.81 0.00 2.00 0.00 7.00 13.00 17.00 11.00 16.00 8.00 1.00 0.00 0.00 0.00 0.00
291.00 20.00 21.00 59.00 107.00 38.00 48.00 0.08 3.40 0.00 2.00 0.00 3.00 10.00 17.00 10.00 14.00 6.00 0.00 0.00 0.00 0.00 0.00
292.00 21.00 29.00 56.00 104.00 27.00 48.00 0.09 3.72 0.00 2.00 0.00 4.00 6.00 17.00 15.00 17.00 4.00 1.00 0.00 0.00 0.00 0.00
293.00 23.00 33.00 66.00 118.00 33.00 52.00 0.09 3.97 0.00 2.00 0.00 6.00 10.00 17.00 13.00 14.00 9.00 1.00 0.00 0.00 0.00 0.00
294.00 23.00 29.00 69.00 122.00 40.00 53.00 0.07 3.11 0.00 2.00 0.00 3.00 9.00 20.00 14.00 14.00 9.00 1.00 0.00 0.00 0.00 0.00
295.00 21.00 26.00 64.00 106.00 38.00 42.00 0.08 2.85 0.00 3.00 0.00 4.00 12.00 17.00 9.00 17.00 4.00 1.00 0.00 0.00 0.00 0.00
296.00 24.00 24.00 66.00 125.00 42.00 59.00 0.09 3.06 0.00 3.00 0.00 5.00 9.00 19.00 15.00 14.00 10.00 0.00 0.00 0.00 0.00 0.00
297.00 20.00 25.00 57.00 100.00 32.00 43.00 0.09 4.66 0.00 2.00 0.00 4.00 12.00 16.00 8.00 18.00 2.00 0.00 0.00 0.00 0.00 0.00
298.00 17.00 19.00 44.00 90.00 25.00 46.00 0.09 2.55 0.00 1.00 0.00 2.00 7.00 15.00 10.00 11.00 6.00 0.00 0.00 0.00 0.00 0.00
299.00 19.00 20.00 53.00 93.00 33.00 40.00 0.09 4.58 0.00 2.00 0.00 2.00 9.00 17.00 10.00 13.00 6.00 1.00 0.00 0.00 0.00 0.00
300.00 23.00 24.00 63.00 113.00 39.00 50.00 0.09 4.31 0.00 3.00 0.00 7.00 11.00 16.00 12.00 17.00 6.00 1.00 0.00 0.00 0.00 0.00
301.00 25.00 26.00 68.00 121.00 42.00 53.00 0.09 4.30 0.00 2.00 0.00 4.00 13.00 21.00 12.00 15.00 10.00 1.00 0.00 0.00 0.00 0.00
302.00 24.00 31.00 70.00 124.00 39.00 54.00 0.08 3.96 0.00 2.00 0.00 8.00 15.00 16.00 9.00 20.00 4.00 0.00 0.00 0.00 0.00 0.00
303.00 25.00 25.00 62.00 119.00 37.00 57.00 0.09 3.99 0.00 2.00 0.00 4.00 13.00 21.00 12.00 17.00 8.00 0.00 0.00 0.00 0.00 0.00
304.00 23.00 31.00 70.00 123.00 39.00 53.00 0.08 4.20 0.00 2.00 0.00 3.00 10.00 20.00 13.00 13.00 10.00 1.00 0.00 0.00 0.00 0.00
305.00 30.00 40.00 87.00 151.00 47.00 64.00 0.08 4.15 0.00 2.00 0.00 7.00 14.00 23.00 16.00 18.00 12.00 0.00 0.00 0.00 0.00 0.00
306.00 16.00 14.00 43.00 80.00 29.00 37.00 0.10 4.49 0.00 2.00 0.00 3.00 8.00 13.00 8.00 11.00 5.00 0.00 0.00 0.00 0.00 0.00
307.00 24.00 24.00 63.00 122.00 39.00 59.00 0.09 3.49 0.00 2.00 0.00 7.00 14.00 17.00 10.00 17.00 7.00 1.00 0.00 0.00 0.00 0.00
308.00 19.00 16.00 46.00 90.00 30.00 44.00 0.10 4.26 0.00 2.00 0.00 5.00 9.00 14.00 10.00 13.00 6.00 1.00 0.00 1.00 0.00 0.00
309.00 21.00 21.00 60.00 109.00 39.00 49.00 0.10 3.23 0.00 2.00 0.00 5.00 11.00 16.00 10.00 15.00 6.00 0.00 0.00 0.00 0.00 0.00
310.00 19.00 12.00 40.00 85.00 28.00 45.00 0.08 3.95 0.00 1.00 0.00 3.00 11.00 16.00 8.00 13.00 6.00 0.00 0.00 0.00 1.00 0.00
311.00 17.00 17.00 46.00 87.00 29.00 41.00 0.08 4.16 0.00 2.00 0.00 5.00 9.00 12.00 8.00 11.00 6.00 0.00 0.00 0.00 0.00 0.00
312.00 24.00 30.00 61.00 108.00 31.00 47.00 0.08 2.57 0.00 2.00 0.00 9.00 13.00 15.00 11.00 16.00 8.00 0.00 0.00 0.00 0.00 0.00
313.00 14.00 11.00 35.00 65.00 24.00 30.00 0.09 4.44 0.00 3.00 0.00 3.00 7.00 11.00 7.00 8.00 6.00 0.00 0.00 0.00 0.00 0.00
314.00 17.00 21.00 48.00 83.00 27.00 35.00 0.09 4.70 0.00 2.00 0.00 2.00 9.00 15.00 8.00 11.00 6.00 0.00 0.00 0.00 0.00 0.00
315.00 18.00 18.00 48.00 83.00 30.00 35.00 0.09 4.56 0.00 2.00 0.00 4.00 10.00 14.00 8.00 14.00 4.00 0.00 0.00 0.00 0.00 0.00
316.00 18.00 15.00 45.00 88.00 30.00 43.00 0.10 4.82 0.00 2.00 0.00 8.00 11.00 10.00 7.00 14.00 4.00 0.00 0.00 0.00 0.00 0.00
317.00 16.00 6.00 32.00 75.00 26.00 43.00 0.08 3.94 0.00 1.00 0.00 3.00 8.00 13.00 8.00 13.00 3.00 0.00 0.00 0.00 0.00 0.00
318.00 17.00 17.00 43.00 83.00 26.00 40.00 0.07 4.59 0.00 1.00 0.00 6.00 10.00 11.00 7.00 12.00 5.00 0.00 0.00 0.00 0.00 0.00
319.00 15.00 12.00 35.00 74.00 23.00 39.00 0.09 3.52 0.00 1.00 0.00 5.00 7.00 10.00 8.00 11.00 4.00 0.00 0.00 0.00 0.00 0.00
320.00 16.00 21.00 47.00 80.00 26.00 33.00 0.08 5.58 0.00 1.00 0.00 6.00 8.00 10.00 8.00 12.00 4.00 0.00 0.00 0.00 0.00 0.00
321.00 15.00 13.00 30.00 71.00 17.00 41.00 0.09 3.89 0.00 2.00 0.00 5.00 9.00 10.00 6.00 13.00 2.00 0.00 0.00 0.00 0.00 0.00
322.00 12.00 6.00 24.00 59.00 18.00 35.00 0.09 4.20 0.00 1.00 0.00 5.00 7.00 7.00 5.00 7.00 5.00 0.00 0.00 0.00 0.00 0.00
323.00 7.00 1.00 9.00 31.00 8.00 22.00 0.10 3.40 0.00 1.00 0.00 4.00 5.00 3.00 2.00 7.00 0.00 0.00 0.00 0.00 0.00 0.00
324.00 18.00 13.00 36.00 76.00 23.00 40.00 0.10 3.60 0.00 0.00 0.00 9.00 12.00 9.00 6.00 12.00 6.00 0.00 0.00 0.00 0.00 0.00
325.00 12.00 8.00 21.00 50.00 13.00 29.00 0.10 2.61 0.00 0.00 0.00 5.00 6.00 7.00 6.00 11.00 1.00 0.00 0.00 0.00 0.00 0.00
326.00 13.00 10.00 32.00 61.00 22.00 29.00 0.08 2.39 0.00 0.00 0.00 4.00 7.00 9.00 6.00 11.00 2.00 0.00 0.00 0.00 0.00 0.00
327.00 13.00 14.00 33.00 63.00 19.00 30.00 0.08 4.56 0.00 0.00 0.00 7.00 9.00 6.00 4.00 11.00 2.00 0.00 0.00 0.00 0.00 0.00
328.00 10.00 6.00 18.00 45.00 12.00 27.00 0.08 4.75 0.00 0.00 0.00 4.00 7.00 6.00 3.00 9.00 1.00 0.00 0.00 0.00 0.00 0.00
329.00 15.00 17.00 35.00 65.00 18.00 30.00 0.08 5.82 0.00 2.00 0.00 4.00 11.00 11.00 4.00 12.00 3.00 0.00 0.00 0.00 0.00 0.00
330.00 13.00 6.00 24.00 59.00 18.00 35.00 0.08 5.59 0.00 2.00 0.00 1.00 7.00 12.00 6.00 10.00 3.00 0.00 0.00 0.00 0.00 0.00
331.00 12.00 10.00 29.00 53.00 19.00 24.00 0.09 5.65 0.00 1.00 0.00 1.00 7.00 11.00 5.00 9.00 3.00 0.00 0.00 0.00 0.00 0.00
332.00 13.00 12.00 31.00 64.00 19.00 33.00 0.08 4.63 0.00 1.00 0.00 4.00 8.00 9.00 5.00 8.00 5.00 0.00 0.00 0.00 0.00 0.00
333.00 11.00 9.00 27.00 52.00 18.00 25.00 0.09 4.53 0.00 1.00 0.00 2.00 5.00 9.00 6.00 7.00 4.00 0.00 0.00 0.00 0.00 0.00
334.00 14.00 15.00 35.00 67.00 20.00 32.00 0.09 5.82 0.00 1.00 0.00 3.00 8.00 11.00 6.00 11.00 3.00 0.00 0.00 0.00 0.00 0.00
335.00 12.00 4.00 21.00 60.00 17.00 39.00 0.09 7.05 0.00 1.00 0.00 5.00 7.00 7.00 5.00 10.00 2.00 0.00 0.00 0.00 0.00 0.00
336.00 10.00 8.00 22.00 46.00 14.00 24.00 0.10 5.13 0.00 1.00 0.00 5.00 6.00 5.00 4.00 7.00 3.00 0.00 0.00 0.00 0.00 0.00
337.00 16.00 13.00 35.00 79.00 22.00 44.00 0.09 5.87 0.00 1.00 0.00 4.00 9.00 12.00 7.00 12.00 4.00 0.00 0.00 0.00 0.00 0.00
338.00 11.00 5.00 19.00 51.00 14.00 32.00 0.08 4.70 0.00 1.00 0.00 5.00 9.00 6.00 2.00 9.00 2.00 0.00 0.00 0.00 0.00 0.00
339.00 13.00 14.00 34.00 67.00 20.00 33.00 0.07 5.37 0.00 1.00 0.00 5.00 6.00 8.00 7.00 9.00 4.00 0.00 0.00 0.00 0.00 0.00
340.00 11.00 5.00 24.00 54.00 19.00 30.00 0.09 5.16 0.00 1.00 0.00 2.00 5.00 9.00 6.00 8.00 3.00 0.00 0.00 0.00 0.00 0.00
341.00 11.00 8.00 23.00 47.00 15.00 24.00 0.08 4.68 0.00 1.00 0.00 4.00 7.00 7.00 4.00 10.00 1.00 0.00 0.00 0.00 0.00 0.00
342.00 14.00 10.00 27.00 66.00 17.00 39.00 0.08 3.71 0.00 0.00 0.00 8.00 9.00 6.00 5.00 12.00 2.00 0.00 0.00 1.00 0.00 0.00
343.00 7.00 3.00 12.00 28.00 9.00 16.00 0.08 4.10 0.00 0.00 0.00 4.00 6.00 3.00 1.00 6.00 1.00 0.00 0.00 1.00 0.00 0.00
344.00 8.00 3.00 13.00 35.00 10.00 22.00 0.09 4.46 0.00 1.00 0.00 4.00 7.00 4.00 1.00 7.00 1.00 0.00 0.00 0.00 0.00 0.00
345.00 9.00 3.00 15.00 39.00 12.00 24.00 0.08 2.21 0.00 1.00 0.00 3.00 4.00 6.00 5.00 7.00 2.00 0.00 0.00 0.00 0.00 0.00
346.00 6.00 0.00 6.00 19.00 6.00 13.00 0.08 0.37 0.00 0.00 0.00 2.00 6.00 4.00 0.00 6.00 0.00 0.00 0.00 0.00 0.00 0.00
347.00 6.00 1.00 9.00 23.00 8.00 14.00 0.09 4.52 0.00 0.00 0.00 3.00 5.00 3.00 1.00 5.00 1.00 0.00 0.00 0.00 0.00 0.00
348.00 3.00 0.00 2.00 10.00 2.00 8.00 0.09 0.20 0.00 0.00 0.00 2.00 3.00 1.00 0.00 3.00 0.00 0.00 0.00 0.00 0.00 0.00
349.00 3.00 0.00 0.00 3.00 0.00 3.00 0.08 0.29 0.00 0.00 0.00 2.00 3.00 1.00 0.00 3.00 0.00 0.00 0.00 0.00 0.00 0.00
