0.00 3.00 0.00 1.00 4.00 1.00 3.00 0.07 0.10 0.00 0.00 0.00 2.00 3.00 1.00 0.00 3.00 0.00 0.00 0.00 0.00 0.00 0.00
1.00 3.00 0.00 0.00 5.00 0.00 5.00 0.10 4.38 0.00 0.00 0.00 2.00 3.00 1.00 0.00 3.00 0.00 0.00 0.00 0.00 0.00 0.00
2.00 4.00 0.00 0.00 5.00 0.00 5.00 0.08 0.30 0.00 0.00 0.00 3.00 3.00 1.00 1.00 4.00 0.00 0.00 0.00 0.00 0.00 0.00
3.00 4.00 0.00 4.00 15.00 4.00 11.00 0.09 3.64 0.00 0.00 0.00 2.00 4.00 2.00 0.00 4.00 0.00 0.00 0.00 0.00 0.00 0.00
4.00 5.00 0.00 4.00 15.00 4.00 11.00 0.09 3.48 0.00 0.00 0.00 4.00 4.00 1.00 1.00 4.00 1.00 0.00 0.00 0.00 0.00 0.00
5.00 6.00 0.00 4.00 21.00 4.00 17.00 0.09 5.09 0.00 0.00 0.00 3.00 4.00 3.00 2.00 5.00 1.00 0.00 0.00 0.00 0.00 0.00
6.00 6.00 2.00 7.00 26.00 5.00 19.00 0.09 5.24 0.00 0.00 0.00 4.00 5.00 2.00 1.00 5.00 1.00 0.00 0.00 0.00 0.00 0.00
7.00 7.00 1.00 10.00 33.00 9.00 23.00 0.08 5.17 0.00 0.00 0.00 4.00 5.00 3.00 2.00 6.00 1.00 0.00 0.00 0.00 0.00 0.00
8.00 3.00 0.00 1.00 4.00 1.00 3.00 0.08 0.12 0.00 0.00 0.00 2.00 3.00 1.00 0.00 3.00 0.00 0.00 0.00 0.00 0.00 0.00
9.00 7.00 3.00 11.00 28.00 8.00 17.00 0.07 4.07 0.00 0.00 0.00 3.00 6.00 4.00 1.00 7.00 0.00 0.00 0.00 0.00 0.00 0.00
10.00 6.00 1.00 5.00 26.00 4.00 21.00 0.08 0.32 0.00 0.00 0.00 2.00 5.00 4.00 1.00 5.00 1.00 0.00 0.00 0.00 0.00 0.00
11.00 6.00 1.00 10.00 22.00 9.00 12.00 0.09 5.18 0.00 0.00 0.00 2.00 4.00 4.00 2.00 6.00 0.00 0.00 0.00 0.00 0.00 0.00
12.00 4.00 0.00 1.00 13.00 1.00 12.00 0.08 3.84 0.00 0.00 0.00 3.00 3.00 1.00 1.00 4.00 0.00 0.00 0.00 0.00 0.00 0.00
13.00 9.00 6.00 18.00 40.00 12.00 22.00 0.08 5.17 0.00 0.00 0.00 3.00 4.00 6.00 5.00 8.00 1.00 0.00 0.00 0.00 0.00 0.00
14.00 13.00 7.00 24.00 51.00 17.00 27.00 0.08 4.82 0.00 0.00 0.00 6.00 10.00 7.00 3.00 12.00 1.00 0.00 0.00 0.00 0.00 0.00
15.00 7.00 1.00 8.00 33.00 7.00 25.00 0.09 4.10 0.00 0.00 0.00 3.00 4.00 4.00 3.00 7.00 0.00 0.00 0.00 0.00 0.00 0.00
16.00 9.00 4.00 16.00 43.00 12.00 27.00 0.09 4.16 0.00 0.00 0.00 4.00 6.00 5.00 3.00 7.00 2.00 0.00 0.00 0.00 0.00 0.00
17.00 9.00 6.00 18.00 41.00 12.00 23.00 0.09 4.43 0.00 0.00 0.00 5.00 8.00 4.00 1.00 8.00 1.00 0.00 0.00 0.00 0.00 0.00
18.00 17.00 9.00 31.00 85.00 22.00 54.00 0.09 4.31 0.00 0.00 0.00 7.00 11.00 10.00 6.00 12.00 5.00 0.00 0.00 0.00 0.00 0.00
19.00 14.00 10.00 29.00 65.00 19.00 36.00 0.10 3.86 0.00 0.00 0.00 5.00 10.00 9.00 4.00 11.00 3.00 0.00 0.00 1.00 0.00 0.00
20.00 13.00 8.00 27.00 65.00 19.00 38.00 0.09 4.66 0.00 1.00 0.00 6.00 7.00 7.00 6.00 10.00 3.00 0.00 0.00 0.00 0.00 0.00
21.00 17.00 19.00 41.00 83.00 22.00 42.00 0.09 3.55 0.00 1.00 0.00 2.00 7.00 15.00 10.00 12.00 5.00 0.00 0.00 0.00 0.00 0.00
22.00 19.00 14.00 49.00 95.00 35.00 46.00 0.10 3.84 0.00 1.00 0.00 6.00 12.00 13.00 7.00 15.00 4.00 0.00 0.00 0.00 0.00 0.00
23.00 15.00 14.00 38.00 72.00 24.00 34.00 0.08 3.06 0.00 2.00 0.00 4.00 8.00 11.00 7.00 9.00 6.00 0.00 0.00 0.00 0.00 0.00
24.00 8.00 6.00 18.00 35.00 12.00 17.00 0.08 5.09 1.00 0.00 0.00 1.00 3.00 7.00 5.00 5.00 3.00 0.00 0.00 0.00 0.00 0.00
25.00 17.00 18.00 42.00 80.00 24.00 38.00 0.09 4.12 0.00 0.00 0.00 2.00 8.00 15.00 9.00 13.00 4.00 0.00 0.00 0.00 0.00 0.00
26.00 14.00 14.00 36.00 68.00 22.00 32.00 0.06 4.44 0.00 1.00 0.00 4.00 9.00 10.00 5.00 10.00 4.00 0.00 0.00 0.00 0.00 0.00
27.00 20.00 20.00 47.00 91.00 27.00 44.00 0.08 4.05 0.00 0.00 0.00 6.00 11.00 14.00 9.00 15.00 5.00 0.00 0.00 0.00 0.00 0.00
28.00 18.00 20.00 44.00 89.00 24.00 45.00 0.09 3.87 0.00 0.00 0.00 7.00 10.00 11.00 8.00 12.00 6.00 0.00 0.00 1.00 0.00 0.00
29.00 19.00 13.00 46.00 99.00 33.00 53.00 0.09 4.28 0.00 2.00 0.00 6.00 13.00 13.00 6.00 15.00 4.00 0.00 0.00 1.00 0.00 0.00
30.00 14.00 12.00 29.00 69.00 17.00 40.00 0.07 4.47 0.00 1.00 0.00 3.00 9.00 11.00 5.00 11.00 3.00 0.00 0.00 0.00 0.00 0.00
31.00 18.00 17.00 42.00 83.00 25.00 41.00 0.08 3.40 0.00 2.00 0.00 5.00 9.00 13.00 9.00 14.00 4.00 0.00 0.00 1.00 0.00 0.00
32.00 15.00 13.00 38.00 75.00 25.00 37.00 0.08 3.14 0.00 2.00 0.00 7.00 10.00 8.00 5.00 13.00 2.00 0.00 0.00 0.00 0.00 0.00
33.00 17.00 14.00 41.00 80.00 27.00 39.00 0.07 3.62 0.00 0.00 0.00 4.00 7.00 13.00 10.00 10.00 7.00 0.00 0.00 0.00 0.00 0.00
34.00 22.00 26.00 60.00 115.00 34.00 55.00 0.08 2.97 0.00 0.00 0.00 4.00 9.00 18.00 13.00 10.00 12.00 0.00 0.00 1.00 0.00 0.00
35.00 16.00 13.00 39.00 78.00 26.00 39.00 0.08 2.34 0.00 0.00 0.00 8.00 11.00 8.00 5.00 14.00 2.00 0.00 0.00 0.00 0.00 0.00
36.00 13.00 6.00 27.00 61.00 21.00 34.00 0.09 3.51 0.00 0.00 0.00 3.00 8.00 10.00 5.00 10.00 3.00 1.00 0.00 0.00 0.00 0.00
37.00 16.00 9.00 37.00 75.00 28.00 38.00 0.10 2.85 0.00 1.00 0.00 5.00 10.00 11.00 6.00 14.00 2.00 0.00 0.00 1.00 0.00 0.00
38.00 23.00 23.00 53.00 110.00 30.00 57.00 0.10 3.64 0.00 1.00 0.00 5.00 10.00 18.00 13.00 11.00 12.00 0.00 0.00 0.00 0.00 0.00
39.00 24.00 22.00 57.00 118.00 35.00 61.00 0.09 3.77 0.00 1.00 0.00 8.00 13.00 16.00 11.00 16.00 8.00 0.00 0.00 0.00 0.00 0.00
40.00 27.00 26.00 70.00 129.00 44.00 59.00 0.09 3.87 0.00 3.00 0.00 6.00 12.00 21.00 15.00 19.00 8.00 0.00 0.00 0.00 1.00 0.00
41.00 22.00 17.00 51.00 110.00 34.00 59.00 0.07 3.54 0.00 2.00 0.00 8.00 12.00 14.00 10.00 15.00 7.00 0.00 0.00 0.00 1.00 0.00
42.00 22.00 17.00 52.00 108.00 35.00 56.00 0.08 4.07 0.00 0.00 0.00 6.00 12.00 16.00 10.00 17.00 5.00 0.00 0.00 0.00 1.00 0.00
43.00 25.00 23.00 56.00 122.00 33.00 66.00 0.09 4.35 0.00 0.00 0.00 8.00 13.00 17.00 12.00 17.00 8.00 0.00 0.00 0.00 1.00 0.00
44.00 23.00 23.00 56.00 109.00 33.00 53.00 0.07 4.36 0.00 1.00 0.00 9.00 14.00 14.00 9.00 18.00 5.00 0.00 0.00 1.00 0.00 0.00
45.00 14.00 7.00 32.00 72.00 25.00 40.00 0.09 4.33 1.00 0.00 0.00 1.00 3.00 13.00 11.00 8.00 6.00 0.00 0.00 1.00 0.00 0.00
46.00 19.00 18.00 53.00 96.00 35.00 43.00 0.08 4.79 1.00 0.00 0.00 7.00 9.00 12.00 10.00 13.00 6.00 0.00 0.00 0.00 0.00 0.00
47.00 19.00 19.00 53.00 96.00 34.00 43.00 0.10 4.38 1.00 1.00 1.00 5.00 7.00 14.00 12.00 12.00 7.00 0.00 0.00 0.00 0.00 0.00
48.00 24.00 20.00 61.00 112.00 41.00 51.00 0.08 4.25 1.00 1.00 1.00 7.00 13.00 17.00 11.00 17.00 7.00 0.00 0.00 0.00 0.00 0.00
49.00 21.00 16.00 51.00 102.00 35.00 51.00 0.08 4.02 1.00 1.00 1.00 6.00 9.00 15.00 12.00 16.00 5.00 0.00 0.00 0.00 0.00 0.00
50.00 18.00 12.00 44.00 90.00 32.00 46.00 0.07 3.66 1.00 1.00 1.00 2.00 9.00 16.00 9.00 13.00 5.00 0.00 0.00 0.00 0.00 0.00
51.00 21.00 19.00 51.00 103.00 32.00 52.00 0.07 4.20 1.00 0.00 0.00 7.00 9.00 14.00 12.00 13.00 8.00 0.00 0.00 0.00 0.00 0.00
52.00 18.00 11.00 44.00 88.00 33.00 44.00 0.09 2.82 1.00 0.00 0.00 6.00 9.00 12.00 9.00 11.00 7.00 0.00 0.00 0.00 0.00 0.00
53.00 27.00 21.00 73.00 136.00 52.00 63.00 0.09 4.14 1.00 0.00 0.00 9.00 16.00 18.00 11.00 21.00 6.00 0.00 0.00 0.00 0.00 0.00
54.00 26.00 27.00 62.00 129.00 35.00 67.00 0.09 4.26 1.00 0.00 0.00 7.00 13.00 19.00 13.00 20.00 6.00 0.00 0.00 0.00 1.00 0.00
55.00 24.00 25.00 67.00 121.00 42.00 54.00 0.08 3.80 1.00 1.00 1.00 4.00 9.00 20.00 15.00 15.00 9.00 0.00 0.00 1.00 1.00 0.00
56.00 26.00 31.00 72.00 129.00 41.00 57.00 0.09 4.39 2.00 1.00 2.00 6.00 14.00 20.00 12.00 20.00 6.00 0.00 0.00 0.00 0.00 0.00
57.00 23.00 29.00 66.00 111.00 37.00 45.00 0.08 4.23 1.00 0.00 0.00 9.00 14.00 14.00 9.00 17.00 6.00 0.00 0.00 0.00 0.00 0.00
58.00 23.00 22.00 54.00 109.00 32.00 55.00 0.10 3.80 2.00 1.00 2.00 7.00 13.00 16.00 10.00 17.00 6.00 0.00 0.00 0.00 0.00 0.00
59.00 25.00 21.00 68.00 124.00 47.00 56.00 0.08 4.85 0.00 2.00 0.00 8.00 15.00 17.00 10.00 21.00 4.00 0.00 0.00 1.00 0.00 0.00
60.00 26.00 33.00 66.00 129.00 33.00 63.00 0.08 4.57 0.00 1.00 0.00 6.00 13.00 20.00 13.00 18.00 8.00 0.00 0.00 1.00 0.00 0.00
61.00 20.00 21.00 52.00 101.00 31.00 49.00 0.09 4.55 1.00 1.00 1.00 3.00 10.00 17.00 10.00 15.00 5.00 0.00 0.00 0.00 0.00 0.00
62.00 23.00 28.00 71.00 118.00 43.00 47.00 0.09 4.81 1.00 2.00 0.50 8.00 13.00 15.00 10.00 18.00 5.00 0.00 0.00 0.00 0.00 0.00
63.00 25.00 24.00 67.00 124.00 43.00 57.00 0.08 4.71 2.00 1.00 2.00 6.00 10.00 19.00 15.00 15.00 10.00 0.00 0.00 0.00 0.00 0.00
64.00 22.00 21.00 55.00 113.00 34.00 58.00 0.07 4.28 2.00 1.00 2.00 6.00 10.00 16.00 12.00 14.00 8.00 0.00 0.00 0.00 0.00 0.00
65.00 25.00 27.00 76.00 129.00 49.00 53.00 0.07 4.68 2.00 1.00 2.00 5.00 7.00 20.00 18.00 14.00 11.00 0.00 0.00 0.00 0.00 0.00
66.00 30.00 35.00 80.00 139.00 45.00 59.00 0.09 4.57 2.00 1.00 2.00 8.00 16.00 22.00 14.00 21.00 9.00 0.00 0.00 0.00 0.00 0.00
67.00 30.00 46.00 91.00 159.00 45.00 68.00 0.07 4.40 2.00 1.00 2.00 6.00 13.00 24.00 17.00 22.00 8.00 0.00 0.00 0.00 0.00 0.00
68.00 30.00 41.00 93.00 161.00 52.00 68.00 0.10 4.44 2.00 1.00 2.00 6.00 8.00 24.00 22.00 17.00 13.00 0.00 0.00 1.00 0.00 0.00
69.00 27.00 33.00 80.00 142.00 47.00 62.00 0.09 4.53 0.00 1.00 0.00 5.00 11.00 22.00 16.00 15.00 12.00 0.00 0.00 0.00 0.00 0.00
70.00 26.00 23.00 69.00 136.00 46.00 67.00 0.08 4.53 2.00 0.00 0.00 3.00 11.00 23.00 15.00 16.00 10.00 0.00 0.00 0.00 0.00 0.00
71.00 25.00 33.00 71.00 121.00 38.00 50.00 0.08 4.51 2.00 1.00 2.00 6.00 14.00 19.00 11.00 18.00 7.00 0.00 0.00 0.00 0.00 0.00
72.00 27.00 31.00 77.00 135.00 46.00 58.00 0.08 4.52 2.00 1.00 2.00 8.00 14.00 19.00 13.00 18.00 9.00 0.00 0.00 0.00 0.00 0.00
73.00 28.00 42.00 85.00 139.00 43.00 54.00 0.06 4.70 1.00 1.00 1.00 9.00 12.00 19.00 16.00 17.00 11.00 0.00 0.00 0.00 0.00 0.00
74.00 29.00 36.00 82.00 141.00 46.00 59.00 0.08 4.74 2.00 1.00 2.00 10.00 14.00 19.00 15.00 17.00 12.00 0.00 0.00 0.00 0.00 0.00
75.00 25.00 30.00 75.00 126.00 45.00 51.00 0.10 4.58 2.00 1.00 2.00 7.00 14.00 18.00 11.00 18.00 7.00 0.00 0.00 0.00 0.00 0.00
76.00 29.00 42.00 89.00 148.00 47.00 59.00 0.08 4.60 1.00 1.00 1.00 8.00 13.00 21.00 16.00 19.00 10.00 0.00 0.00 0.00 0.00 0.00
77.00 27.00 37.00 83.00 140.00 46.00 57.00 0.08 4.55 1.00 2.00 0.50 6.00 14.00 21.00 13.00 17.00 10.00 0.00 0.00 0.00 0.00 0.00
78.00 30.00 41.00 89.00 139.00 48.00 50.00 0.08 4.82 1.00 1.00 1.00 6.00 11.00 24.00 19.00 17.00 13.00 0.00 0.00 0.00 1.00 0.00
79.00 22.00 25.00 59.00 113.00 34.00 54.00 0.10 4.68 1.00 1.00 1.00 5.00 12.00 17.00 10.00 14.00 8.00 0.00 0.00 1.00 0.00 0.00
80.00 20.00 18.00 55.00 105.00 37.00 50.00 0.08 4.27 1.00 1.00 1.00 5.00 10.00 15.00 10.00 12.00 8.00 0.00 0.00 0.00 0.00 0.00
81.00 20.00 22.00 53.00 104.00 31.00 51.00 0.09 4.60 1.00 1.00 1.00 4.00 6.00 16.00 14.00 12.00 8.00 0.00 0.00 0.00 0.00 0.00
82.00 31.00 37.00 86.00 145.00 49.00 59.00 0.10 4.51 1.00 2.00 0.50 7.00 14.00 24.00 17.00 21.00 10.00 1.00 0.00 0.00 0.00 0.00
83.00 28.00 39.00 84.00 141.00 45.00 57.00 0.09 4.43 1.00 2.00 0.50 6.00 10.00 22.00 18.00 14.00 14.00 1.00 0.00 0.00 0.00 0.00
84.00 31.00 40.00 86.00 155.00 46.00 69.00 0.09 4.34 1.00 3.00 0.33 7.00 15.00 24.00 16.00 21.00 10.00 1.00 0.00 0.00 0.00 0.00
85.00 29.00 31.00 84.00 144.00 53.00 60.00 0.08 4.37 1.00 2.00 0.50 8.00 15.00 21.00 14.00 19.00 10.00 2.00 0.00 0.00 0.00 0.00
86.00 33.00 39.00 100.00 162.00 61.00 62.00 0.09 4.71 1.00 2.00 0.50 7.00 19.00 26.00 14.00 24.00 9.00 1.00 0.00 0.00 0.00 0.00
87.00 27.00 30.00 82.00 140.00 52.00 58.00 0.09 4.41 1.00 3.00 0.33 7.00 15.00 20.00 12.00 19.00 8.00 0.00 0.00 0.00 0.00 0.00
88.00 23.00 26.00 62.00 113.00 36.00 51.00 0.09 4.50 1.00 2.00 0.50 5.00 12.00 18.00 11.00 15.00 8.00 0.00 0.00 0.00 0.00 0.00
89.00 30.00 42.00 92.00 148.00 50.00 56.00 0.09 4.60 0.00 3.00 0.00 6.00 12.00 24.00 18.00 20.00 10.00 0.00 0.00 0.00 0.00 0.00
90.00 28.00 40.00 87.00 141.00 47.00 54.00 0.08 4.51 1.00 2.00 0.50 3.00 11.00 25.00 17.00 16.00 12.00 0.00 0.00 0.00 0.00 0.00
91.00 26.00 34.00 76.00 132.00 42.00 56.00 0.10 4.82 1.00 1.00 1.00 6.00 12.00 20.00 14.00 19.00 7.00 0.00 0.00 0.00 0.00 0.00
92.00 28.00 31.00 78.00 137.00 47.00 59.00 0.09 4.26 1.00 2.00 0.50 10.00 18.00 18.00 10.00 21.00 7.00 1.00 0.00 0.00 0.00 0.00
93.00 31.00 37.00 87.00 157.00 50.00 70.00 0.08 4.52 1.00 2.00 0.50 11.00 15.00 20.00 16.00 18.00 13.00 1.00 0.00 1.00 0.00 0.00
94.00 29.00 31.00 81.00 156.00 50.00 75.00 0.10 4.51 0.00 1.00 0.00 8.00 15.00 21.00 14.00 19.00 10.00 1.00 0.00 0.00 0.00 0.00
95.00 25.00 27.00 74.00 129.00 47.00 55.00 0.09 4.89 1.00 2.00 0.50 7.00 11.00 18.00 14.00 14.00 11.00 1.00 0.00 0.00 0.00 0.00
96.00 27.00 34.00 82.00 138.00 48.00 56.00 0.07 4.37 1.00 2.00 0.50 9.00 17.00 18.00 10.00 20.00 7.00 0.00 0.00 2.00 0.00 0.00
97.00 34.00 38.00 99.00 174.00 61.00 75.00 0.09 4.69 0.00 3.00 0.00 9.00 13.00 25.00 21.00 21.00 13.00 0.00 0.00 2.00 0.00 0.00
98.00 31.00 39.00 91.00 160.00 52.00 69.00 0.09 4.94 1.00 3.00 0.33 6.00 13.00 25.00 18.00 18.00 13.00 1.00 0.00 1.00 0.00 0.00
99.00 34.00 44.00 99.00 173.00 55.00 74.00 0.08 4.77 1.00 2.00 0.50 8.00 15.00 26.00 19.00 18.00 16.00 1.00 0.00 3.00 0.00 0.00
100.00 32.00 37.00 96.00 169.00 59.00 73.00 0.09 4.54 1.00 3.00 0.33 5.00 14.00 27.00 18.00 18.00 14.00 1.00 0.00 2.00 0.00 0.00
101.00 21.00 17.00 45.00 106.00 28.00 61.00 0.09 4.69 1.00 2.00 0.50 10.00 16.00 11.00 5.00 20.00 1.00 0.00 0.00 0.00 0.00 0.00
102.00 33.00 41.00 103.00 167.00 62.00 64.00 0.08 4.74 1.00 1.00 1.00 9.00 16.00 24.00 17.00 20.00 13.00 1.00 0.00 1.00 0.00 0.00
103.00 29.00 29.00 80.00 153.00 51.00 73.00 0.09 4.93 1.00 1.00 1.00 6.00 10.00 23.00 19.00 13.00 16.00 0.00 0.00 1.00 0.00 0.00
104.00 30.00 30.00 78.00 145.00 48.00 67.00 0.09 4.65 1.00 2.00 0.50 9.00 13.00 21.00 17.00 18.00 12.00 1.00 0.00 0.00 0.00 0.00
105.00 30.00 29.00 88.00 157.00 59.00 69.00 0.07 4.43 1.00 1.00 1.00 10.00 16.00 20.00 14.00 20.00 10.00 0.00 0.00 0.00 0.00 0.00
106.00 36.00 46.00 99.00 168.00 53.00 69.00 0.09 4.35 0.00 3.00 0.00 7.00 22.00 29.00 14.00 25.00 11.00 1.00 0.00 0.00 0.00 0.00
107.00 26.00 31.00 80.00 134.00 49.00 54.00 0.08 4.80 1.00 2.00 0.50 3.00 9.00 23.00 17.00 17.00 9.00 1.00 0.00 1.00 0.00 0.00
108.00 29.00 33.00 88.00 141.00 55.00 53.00 0.09 4.86 1.00 1.00 1.00 5.00 14.00 24.00 15.00 21.00 8.00 1.00 0.00 0.00 0.00 0.00
109.00 29.00 32.00 85.00 150.00 53.00 65.00 0.09 4.75 2.00 2.00 1.00 7.00 12.00 22.00 17.00 16.00 13.00 1.00 0.00 0.00 0.00 0.00
110.00 35.00 34.00 101.00 176.00 67.00 75.00 0.08 4.71 1.00 3.00 0.33 10.00 19.00 25.00 16.00 23.00 12.00 1.00 0.00 0.00 0.00 0.00
111.00 37.00 45.00 107.00 188.00 62.00 81.00 0.09 4.35 1.00 3.00 0.33 6.00 12.00 31.00 25.00 19.00 18.00 1.00 0.00 0.00 0.00 0.00
112.00 34.00 41.00 106.00 188.00 65.00 82.00 0.09 4.47 1.00 3.00 0.33 5.00 9.00 29.00 25.00 18.00 16.00 1.00 0.00 1.00 0.00 0.00
113.00 31.00 31.00 83.00 155.00 52.00 72.00 0.07 4.73 1.00 3.00 0.33 7.00 12.00 24.00 19.00 18.00 13.00 1.00 0.00 1.00 0.00 0.00
114.00 32.00 41.00 97.00 171.00 56.00 74.00 0.07 4.58 1.00 3.00 0.33 5.00 12.00 27.00 20.00 18.00 14.00 0.00 0.00 2.00 0.00 0.00
115.00 36.00 42.00 104.00 193.00 62.00 89.00 0.08 4.45 1.00 2.00 0.50 12.00 18.00 24.00 18.00 21.00 15.00 1.00 0.00 2.00 0.00 0.00
116.00 38.00 40.00 103.00 197.00 63.00 94.00 0.09 4.56 0.00 2.00 0.00 9.00 18.00 29.00 20.00 24.00 14.00 1.00 0.00 1.00 0.00 0.00
117.00 41.00 58.00 129.00 215.00 71.00 86.00 0.08 4.53 1.00 2.00 0.50 7.00 15.00 34.00 26.00 23.00 18.00 1.00 0.00 1.00 0.00 0.00
118.00 37.00 46.00 111.00 199.00 65.00 88.00 0.09 4.74 1.00 1.00 1.00 10.00 19.00 27.00 18.00 20.00 17.00 1.00 0.00 1.00 0.00 1.00
119.00 40.00 45.00 110.00 203.00 65.00 93.00 0.08 4.44 1.00 1.00 1.00 9.00 21.00 31.00 19.00 27.00 13.00 0.00 0.00 1.00 0.00 0.00
120.00 37.00 45.00 110.00 194.00 65.00 84.00 0.08 4.45 1.00 2.00 0.50 8.00 19.00 29.00 18.00 23.00 14.00 1.00 0.00 1.00 0.00 0.00
121.00 33.00 38.00 101.00 174.00 63.00 73.00 0.08 4.65 0.00 2.00 0.00 7.00 9.00 26.00 24.00 16.00 17.00 1.00 0.00 0.00 0.00 0.00
122.00 34.00 43.00 106.00 184.00 63.00 78.00 0.08 4.66 2.00 1.00 2.00 3.00 12.00 31.00 22.00 18.00 16.00 1.00 0.00 0.00 0.00 0.00
123.00 35.00 42.00 106.00 173.00 64.00 67.00 0.09 4.59 2.00 4.00 0.50 9.00 16.00 26.00 19.00 22.00 13.00 1.00 0.00 0.00 0.00 0.00
124.00 37.00 41.00 110.00 192.00 69.00 82.00 0.08 4.62 1.00 2.00 0.50 11.00 21.00 26.00 16.00 26.00 11.00 0.00 0.00 0.00 0.00 0.00
125.00 29.00 27.00 82.00 152.00 55.00 70.00 0.10 4.44 1.00 4.00 0.25 7.00 13.00 22.00 16.00 19.00 10.00 0.00 0.00 0.00 0.00 0.00
126.00 34.00 44.00 93.00 180.00 49.00 87.00 0.08 4.43 1.00 2.00 0.50 9.00 16.00 25.00 18.00 20.00 14.00 0.00 0.00 0.00 0.00 0.00
127.00 31.00 33.00 84.00 146.00 51.00 62.00 0.07 4.48 0.00 2.00 0.00 6.00 14.00 25.00 17.00 19.00 12.00 1.00 0.00 0.00 0.00 0.00
128.00 24.00 28.00 62.00 125.00 34.00 63.00 0.08 4.08 1.00 2.00 0.50 8.00 12.00 16.00 12.00 15.00 9.00 2.00 0.00 0.00 0.00 0.00
129.00 22.00 17.00 55.00 116.00 38.00 61.00 0.07 4.53 1.00 2.00 0.50 4.00 11.00 18.00 11.00 14.00 8.00 1.00 0.00 0.00 0.00 0.00
130.00 30.00 29.00 73.00 150.00 44.00 77.00 0.08 4.19 1.00 3.00 0.33 10.00 15.00 20.00 15.00 20.00 10.00 1.00 0.00 0.00 0.00 0.00
131.00 29.00 36.00 83.00 150.00 47.00 67.00 0.09 4.29 1.00 1.00 1.00 9.00 12.00 20.00 17.00 17.00 12.00 0.00 0.00 0.00 0.00 0.00
132.00 31.00 23.00 81.00 161.00 58.00 80.00 0.09 4.28 1.00 1.00 1.00 6.00 13.00 25.00 18.00 18.00 13.00 1.00 0.00 0.00 0.00 1.00
133.00 29.00 27.00 78.00 152.00 51.00 74.00 0.10 4.45 0.00 0.00 0.00 5.00 16.00 24.00 13.00 20.00 9.00 0.00 0.00 1.00 0.00 0.00
134.00 21.00 15.00 52.00 112.00 37.00 60.00 0.11 4.62 0.00 1.00 0.00 3.00 9.00 18.00 12.00 14.00 7.00 0.00 0.00 0.00 0.00 0.00
135.00 25.00 17.00 58.00 130.00 41.00 72.00 0.10 4.42 0.00 1.00 0.00 10.00 15.00 15.00 10.00 19.00 6.00 1.00 0.00 0.00 0.00 0.00
136.00 32.00 26.00 82.00 161.00 56.00 79.00 0.09 4.53 0.00 2.00 0.00 6.00 11.00 26.00 21.00 17.00 15.00 1.00 0.00 0.00 0.00 0.00
137.00 21.00 21.00 55.00 104.00 34.00 49.00 0.09 4.88 0.00 4.00 0.00 5.00 8.00 16.00 13.00 12.00 9.00 1.00 0.00 0.00 0.00 0.00
138.00 21.00 15.00 54.00 109.00 39.00 55.00 0.08 4.64 0.00 1.00 0.00 6.00 9.00 15.00 12.00 18.00 3.00 0.00 0.00 0.00 0.00 0.00
139.00 20.00 14.00 48.00 101.00 34.00 53.00 0.08 4.71 0.00 3.00 0.00 6.00 13.00 14.00 7.00 14.00 6.00 0.00 0.00 0.00 0.00 0.00
140.00 19.00 19.00 50.00 102.00 31.00 52.00 0.09 4.93 0.00 2.00 0.00 3.00 5.00 16.00 14.00 7.00 12.00 1.00 0.00 0.00 0.00 0.00
141.00 27.00 19.00 65.00 129.00 46.00 64.00 0.08 4.75 0.00 3.00 0.00 9.00 15.00 18.00 12.00 21.00 6.00 1.00 0.00 0.00 0.00 0.00
142.00 17.00 14.00 42.00 87.00 28.00 45.00 0.08 4.29 0.00 0.00 0.00 8.00 10.00 9.00 7.00 13.00 4.00 1.00 0.00 0.00 0.00 0.00
143.00 22.00 22.00 59.00 115.00 37.00 56.00 0.11 4.58 0.00 1.00 0.00 9.00 11.00 13.00 11.00 14.00 8.00 0.00 0.00 0.00 0.00 1.00
144.00 28.00 31.00 79.00 148.00 48.00 69.00 0.06 4.63 0.00 2.00 0.00 7.00 11.00 21.00 17.00 20.00 8.00 0.00 0.00 1.00 0.00 0.00
145.00 26.00 34.00 73.00 134.00 39.00 61.00 0.08 4.40 0.00 1.00 0.00 6.00 16.00 20.00 10.00 19.00 7.00 0.00 0.00 0.00 0.00 0.00
146.00 23.00 26.00 62.00 121.00 36.00 59.00 0.06 4.40 0.00 0.00 0.00 8.00 14.00 15.00 9.00 17.00 6.00 0.00 0.00 0.00 0.00 0.00
147.00 28.00 31.00 72.00 140.00 41.00 68.00 0.08 4.25 0.00 0.00 0.00 8.00 16.00 20.00 12.00 19.00 9.00 0.00 0.00 0.00 0.00 0.00
148.00 24.00 25.00 67.00 125.00 42.00 58.00 0.08 3.72 0.00 2.00 0.00 3.00 9.00 21.00 15.00 15.00 9.00 1.00 0.00 0.00 0.00 0.00
149.00 21.00 20.00 55.00 108.00 35.00 53.00 0.09 4.48 0.00 1.00 0.00 8.00 12.00 13.00 9.00 13.00 8.00 1.00 0.00 0.00 1.00 0.00
150.00 19.00 20.00 51.00 98.00 31.00 47.00 0.07 4.55 0.00 2.00 0.00 7.00 9.00 12.00 10.00 14.00 5.00 0.00 0.00 0.00 0.00 0.00
151.00 19.00 21.00 50.00 90.00 29.00 40.00 0.08 4.72 1.00 0.00 0.00 5.00 9.00 14.00 10.00 13.00 6.00 0.00 0.00 0.00 0.00 0.00
152.00 19.00 23.00 51.00 90.00 28.00 39.00 0.08 4.17 0.00 2.00 0.00 8.00 11.00 11.00 8.00 13.00 6.00 0.00 0.00 0.00 0.00 0.00
153.00 21.00 22.00 54.00 103.00 32.00 49.00 0.09 4.19 0.00 1.00 0.00 8.00 13.00 13.00 8.00 16.00 5.00 0.00 0.00 0.00 0.00 0.00
154.00 21.00 18.00 58.00 112.00 40.00 54.00 0.07 4.36 0.00 0.00 0.00 6.00 11.00 15.00 10.00 17.00 4.00 0.00 0.00 1.00 0.00 0.00
155.00 20.00 18.00 49.00 103.00 31.00 54.00 0.09 4.07 0.00 0.00 0.00 4.00 11.00 16.00 9.00 15.00 5.00 0.00 0.00 0.00 0.00 0.00
156.00 15.00 17.00 38.00 74.00 21.00 36.00 0.09 4.36 0.00 1.00 0.00 4.00 5.00 11.00 10.00 7.00 8.00 0.00 0.00 0.00 0.00 0.00
157.00 22.00 27.00 59.00 103.00 32.00 44.00 0.09 3.50 1.00 1.00 1.00 6.00 11.00 16.00 11.00 15.00 7.00 0.00 0.00 0.00 0.00 0.00
158.00 19.00 17.00 44.00 90.00 27.00 46.00 0.09 4.54 0.00 0.00 0.00 6.00 12.00 13.00 7.00 14.00 5.00 0.00 0.00 1.00 0.00 0.00
159.00 14.00 9.00 32.00 67.00 23.00 35.00 0.09 2.44 0.00 1.00 0.00 3.00 7.00 11.00 7.00 12.00 2.00 0.00 0.00 0.00 0.00 0.00
160.00 16.00 13.00 34.00 77.00 21.00 43.00 0.09 2.44 1.00 0.00 0.00 7.00 9.00 9.00 7.00 14.00 2.00 0.00 0.00 0.00 0.00 0.00
161.00 19.00 14.00 44.00 93.00 30.00 49.00 0.09 4.18 1.00 0.00 0.00 5.00 8.00 14.00 11.00 13.00 6.00 0.00 0.00 0.00 0.00 0.00
162.00 9.00 3.00 17.00 45.00 14.00 28.00 0.09 2.24 0.00 0.00 0.00 2.00 3.00 7.00 6.00 6.00 3.00 0.00 0.00 0.00 0.00 0.00
163.00 7.00 5.00 14.00 31.00 9.00 17.00 0.09 0.23 0.00 0.00 0.00 3.00 3.00 4.00 4.00 6.00 1.00 0.00 0.00 0.00 0.00 0.00
164.00 9.00 2.00 17.00 43.00 15.00 26.00 0.06 2.11 0.00 0.00 0.00 2.00 6.00 7.00 3.00 7.00 2.00 0.00 0.00 0.00 0.00 0.00
165.00 8.00 2.00 13.00 32.00 11.00 19.00 0.07 2.27 0.00 0.00 0.00 3.00 5.00 5.00 3.00 6.00 2.00 0.00 0.00 0.00 0.00 0.00
166.00 13.00 5.00 23.00 61.00 18.00 38.00 0.08 3.70 0.00 0.00 0.00 7.00 9.00 6.00 4.00 12.00 1.00 0.00 0.00 0.00 0.00 0.00
167.00 14.00 4.00 19.00 55.00 15.00 36.00 0.08 1.55 0.00 0.00 0.00 6.00 8.00 8.00 6.00 12.00 2.00 0.00 0.00 0.00 0.00 0.00
168.00 9.00 4.00 17.00 36.00 13.00 19.00 0.09 1.88 0.00 0.00 0.00 5.00 6.00 4.00 3.00 8.00 1.00 0.00 0.00 0.00 0.00 0.00
169.00 10.00 5.00 20.00 46.00 15.00 26.00 0.08 0.29 0.00 0.00 0.00 3.00 7.00 7.00 3.00 8.00 2.00 0.00 0.00 1.00 0.00 0.00
170.00 9.00 3.00 14.00 40.00 11.00 26.00 0.09 0.29 0.00 0.00 0.00 5.00 7.00 4.00 2.00 8.00 1.00 0.00 0.00 0.00 0.00 0.00
171.00 8.00 2.00 14.00 34.00 12.00 20.00 0.07 0.31 0.00 0.00 0.00 3.00 4.00 5.00 4.00 7.00 1.00 0.00 0.00 0.00 0.00 0.00
172.00 10.00 7.00 17.00 41.00 10.00 24.00 0.10 0.37 0.00 0.00 0.00 3.00 5.00 7.00 5.00 7.00 3.00 0.00 0.00 0.00 0.00 0.00
173.00 7.00 0.00 1.00 27.00 1.00 26.00 0.07 0.57 0.00 0.00 0.00 2.00 7.00 5.00 0.00 7.00 0.00 0.00 0.00 0.00 0.00 0.00
174.00 9.00 3.00 13.00 40.00 10.00 27.00 0.07 0.41 0.00 1.00 0.00 5.00 5.00 4.00 4.00 6.00 3.00 0.00 0.00 0.00 0.00 0.00
175.00 11.00 3.00 24.00 52.00 21.00 28.00 0.08 0.57 0.00 0.00 0.00 4.00 5.00 7.00 6.00 11.00 0.00 0.00 0.00 0.00 0.00 0.00
176.00 6.00 3.00 8.00 26.00 5.00 18.00 0.09 0.28 0.00 0.00 0.00 1.00 5.00 5.00 1.00 6.00 0.00 0.00 0.00 0.00 0.00 0.00
177.00 4.00 0.00 4.00 16.00 4.00 12.00 0.09 0.28 0.00 0.00 0.00 2.00 4.00 2.00 0.00 4.00 0.00 0.00 0.00 0.00 0.00 0.00
178.00 3.00 0.00 0.00 4.00 0.00 4.00 0.10 0.26 0.00 0.00 0.00 2.00 3.00 1.00 0.00 3.00 0.00 0.00 0.00 0.00 0.00 0.00
179.00 3.00 0.00 2.00 11.00 2.00 9.00 0.08 0.15 0.00 0.00 0.00 2.00 3.00 1.00 0.00 3.00 0.00 0.00 0.00 0.00 0.00 0.00
180.00 6.00 0.00 6.00 22.00 6.00 16.00 0.07 4.55 0.00 0.00 0.00 3.00 5.00 3.00 1.00 6.00 0.00 0.00 0.00 0.00 0.00 0.00
181.00 9.00 0.00 6.00 25.00 6.00 19.00 0.09 4.46 0.00 0.00 0.00 4.00 8.00 5.00 1.00 8.00 1.00 0.00 0.00 0.00 0.00 0.00
182.00 5.00 2.00 7.00 18.00 5.00 11.00 0.09 0.15 0.00 0.00 0.00 4.00 4.00 1.00 1.00 4.00 1.00 0.00 0.00 0.00 0.00 0.00
183.00 3.00 0.00 0.00 4.00 0.00 4.00 0.07 0.12 0.00 0.00 0.00 2.00 3.00 1.00 0.00 3.00 0.00 0.00 0.00 0.00 0.00 0.00
184.00 3.00 0.00 0.00 1.00 0.00 1.00 0.08 3.77 0.00 0.00 0.00 2.00 3.00 1.00 0.00 3.00 0.00 0.00 0.00 0.00 0.00 0.00
185.00 4.00 0.00 3.00 12.00 3.00 9.00 0.07 0.24 0.00 0.00 0.00 2.00 4.00 2.00 0.00 4.00 0.00 0.00 0.00 0.00 0.00 0.00
186.00 3.00 0.00 1.00 11.00 1.00 10.00 0.08 0.15 0.00 0.00 0.00 2.00 3.00 1.00 0.00 3.00 0.00 0.00 0.00 0.00 0.00 0.00
