0.00 3.00 0.00 1.00 3.00 1.00 2.00 0.09 4.28 0.00 0.00 0.00 2.00 3.00 1.00 0.00 3.00 0.00 0.00 0.00 0.00 0.00 0.00
1.00 3.00 0.00 2.00 10.00 2.00 8.00 0.09 0.10 0.00 0.00 0.00 2.00 3.00 1.00 0.00 3.00 0.00 0.00 0.00 0.00 0.00 0.00
2.00 5.00 0.00 6.00 20.00 6.00 14.00 0.08 0.42 0.00 0.00 0.00 2.00 5.00 3.00 0.00 5.00 0.00 0.00 0.00 0.00 0.00 0.00
3.00 7.00 0.00 9.00 27.00 9.00 18.00 0.07 0.58 0.00 0.00 0.00 1.00 4.00 6.00 3.00 7.00 0.00 0.00 0.00 0.00 0.00 0.00
4.00 7.00 1.00 10.00 32.00 9.00 22.00 0.07 0.34 0.00 1.00 0.00 3.00 5.00 4.00 2.00 6.00 1.00 0.00 0.00 0.00 0.00 0.00
5.00 7.00 0.00 11.00 30.00 11.00 19.00 0.09 2.74 0.00 1.00 0.00 4.00 6.00 3.00 1.00 6.00 1.00 0.00 0.00 0.00 0.00 0.00
6.00 14.00 5.00 31.00 67.00 26.00 36.00 0.10 1.72 0.00 1.00 0.00 6.00 11.00 8.00 3.00 12.00 2.00 0.00 0.00 0.00 0.00 0.00
7.00 9.00 2.00 14.00 37.00 12.00 23.00 0.09 4.62 0.00 0.00 0.00 5.00 7.00 4.00 2.00 8.00 1.00 0.00 0.00 0.00 0.00 0.00
8.00 14.00 8.00 30.00 61.00 22.00 31.00 0.08 4.51 0.00 1.00 0.00 10.00 11.00 4.00 3.00 12.00 2.00 0.00 0.00 0.00 0.00 0.00
9.00 4.00 0.00 0.00 4.00 0.00 4.00 0.10 0.45 0.00 0.00 0.00 2.00 4.00 2.00 0.00 4.00 0.00 0.00 0.00 0.00 0.00 0.00
10.00 10.00 4.00 18.00 43.00 14.00 25.00 0.10 2.09 0.00 0.00 0.00 4.00 5.00 6.00 5.00 7.00 3.00 0.00 0.00 0.00 0.00 0.00
11.00 17.00 10.00 37.00 79.00 27.00 42.00 0.09 4.34 1.00 1.00 1.00 7.00 9.00 10.00 8.00 12.00 5.00 0.00 0.00 0.00 0.00 0.00
12.00 18.00 9.00 49.00 94.00 40.00 45.00 0.08 4.71 0.00 0.00 0.00 4.00 10.00 14.00 8.00 13.00 5.00 0.00 0.00 0.00 0.00 0.00
13.00 17.00 11.00 38.00 86.00 27.00 48.00 0.09 5.11 0.00 0.00 0.00 3.00 10.00 14.00 7.00 13.00 4.00 0.00 0.00 0.00 0.00 0.00
14.00 14.00 12.00 34.00 70.00 22.00 36.00 0.09 4.98 1.00 0.00 0.00 2.00 7.00 12.00 7.00 11.00 3.00 0.00 0.00 0.00 0.00 0.00
15.00 16.00 17.00 39.00 78.00 22.00 39.00 0.08 4.73 1.00 1.00 1.00 6.00 11.00 10.00 5.00 12.00 4.00 0.00 0.00 0.00 0.00 0.00
16.00 15.00 6.00 27.00 72.00 21.00 45.00 0.10 2.47 0.00 2.00 0.00 4.00 9.00 11.00 6.00 11.00 4.00 0.00 0.00 0.00 0.00 0.00
17.00 20.00 25.00 52.00 99.00 27.00 47.00 0.09 4.02 1.00 0.00 0.00 7.00 10.00 13.00 10.00 15.00 5.00 0.00 0.00 0.00 0.00 0.00
18.00 21.00 23.00 54.00 102.00 31.00 48.00 0.09 2.13 1.00 1.00 1.00 4.00 9.00 17.00 12.00 13.00 8.00 0.00 0.00 0.00 0.00 0.00
19.00 19.00 19.00 48.00 95.00 29.00 47.00 0.09 2.15 1.00 1.00 1.00 8.00 13.00 11.00 6.00 16.00 3.00 0.00 0.00 0.00 0.00 0.00
20.00 17.00 16.00 43.00 83.00 27.00 40.00 0.10 1.39 1.00 2.00 0.50 6.00 8.00 11.00 9.00 12.00 5.00 0.00 0.00 0.00 0.00 0.00
21.00 20.00 27.00 58.00 98.00 31.00 40.00 0.09 1.17 1.00 2.00 0.50 1.00 7.00 19.00 13.00 13.00 7.00 0.00 0.00 0.00 0.00 0.00
22.00 18.00 18.00 47.00 85.00 29.00 38.00 0.09 1.44 0.00 1.00 0.00 5.00 12.00 13.00 6.00 14.00 4.00 0.00 0.00 0.00 0.00 0.00
23.00 17.00 17.00 44.00 84.00 27.00 40.00 0.09 3.42 0.00 0.00 0.00 5.00 6.00 12.00 11.00 9.00 8.00 0.00 0.00 0.00 1.00 0.00
24.00 25.00 29.00 61.00 125.00 32.00 64.00 0.08 2.17 1.00 1.00 1.00 5.00 13.00 20.00 12.00 18.00 7.00 0.00 0.00 0.00 0.00 0.00
25.00 26.00 30.00 64.00 122.00 34.00 58.00 0.08 2.05 1.00 2.00 0.50 10.00 14.00 16.00 12.00 18.00 8.00 0.00 0.00 0.00 0.00 0.00
26.00 23.00 17.00 55.00 110.00 38.00 55.00 0.07 2.06 1.00 1.00 1.00 6.00 16.00 17.00 7.00 18.00 5.00 0.00 0.00 0.00 0.00 0.00
27.00 25.00 29.00 72.00 119.00 43.00 47.00 0.09 1.37 1.00 1.00 1.00 6.00 12.00 19.00 13.00 18.00 7.00 0.00 0.00 0.00 0.00 0.00
28.00 22.00 23.00 68.00 120.00 45.00 52.00 0.10 2.14 0.00 2.00 0.00 4.00 11.00 18.00 11.00 16.00 6.00 0.00 0.00 0.00 0.00 0.00
29.00 23.00 24.00 49.00 101.00 25.00 52.00 0.10 3.47 1.00 2.00 0.50 6.00 11.00 17.00 12.00 15.00 8.00 0.00 0.00 0.00 0.00 0.00
30.00 24.00 29.00 69.00 124.00 40.00 55.00 0.09 1.18 1.00 3.00 0.33 5.00 9.00 19.00 15.00 14.00 10.00 0.00 0.00 0.00 0.00 0.00
31.00 21.00 16.00 45.00 107.00 29.00 62.00 0.10 2.64 1.00 3.00 0.33 8.00 12.00 13.00 9.00 13.00 8.00 0.00 0.00 0.00 0.00 0.00
32.00 23.00 28.00 60.00 111.00 32.00 51.00 0.08 3.14 0.00 3.00 0.00 5.00 11.00 18.00 12.00 16.00 7.00 0.00 0.00 0.00 0.00 0.00
33.00 24.00 28.00 74.00 123.00 46.00 49.00 0.09 1.97 1.00 3.00 0.33 5.00 7.00 19.00 17.00 13.00 11.00 0.00 0.00 0.00 0.00 0.00
34.00 27.00 42.00 80.00 140.00 38.00 60.00 0.09 3.83 1.00 3.00 0.33 6.00 9.00 21.00 18.00 18.00 9.00 0.00 0.00 0.00 0.00 0.00
35.00 25.00 39.00 72.00 122.00 33.00 50.00 0.09 3.00 1.00 3.00 0.33 7.00 13.00 18.00 12.00 17.00 8.00 0.00 0.00 0.00 0.00 0.00
36.00 24.00 32.00 67.00 119.00 35.00 52.00 0.09 3.92 1.00 3.00 0.33 7.00 11.00 17.00 13.00 14.00 10.00 0.00 0.00 0.00 0.00 0.00
37.00 24.00 30.00 70.00 124.00 40.00 54.00 0.07 4.14 2.00 2.00 1.00 7.00 11.00 17.00 13.00 16.00 8.00 0.00 0.00 0.00 0.00 0.00
38.00 21.00 22.00 58.00 105.00 36.00 47.00 0.09 4.01 1.00 3.00 0.33 3.00 9.00 18.00 12.00 11.00 10.00 0.00 0.00 1.00 0.00 0.00
39.00 25.00 31.00 74.00 130.00 43.00 56.00 0.09 3.62 1.00 3.00 0.33 6.00 10.00 19.00 15.00 12.00 13.00 0.00 0.00 0.00 0.00 0.00
40.00 29.00 36.00 85.00 150.00 49.00 65.00 0.09 3.83 1.00 3.00 0.33 5.00 11.00 24.00 18.00 16.00 13.00 0.00 0.00 0.00 0.00 0.00
41.00 29.00 37.00 79.00 147.00 42.00 68.00 0.07 4.38 1.00 2.00 0.50 3.00 11.00 26.00 18.00 18.00 11.00 0.00 0.00 0.00 0.00 0.00
42.00 31.00 41.00 95.00 157.00 54.00 62.00 0.08 3.66 0.00 3.00 0.00 7.00 12.00 24.00 19.00 21.00 10.00 0.00 0.00 0.00 0.00 0.00
43.00 30.00 41.00 97.00 153.00 56.00 56.00 0.09 4.60 1.00 2.00 0.50 5.00 11.00 25.00 19.00 15.00 15.00 0.00 0.00 0.00 0.00 0.00
44.00 27.00 28.00 78.00 133.00 50.00 55.00 0.09 4.79 1.00 3.00 0.33 4.00 15.00 23.00 12.00 17.00 10.00 0.00 0.00 0.00 1.00 0.00
45.00 23.00 31.00 68.00 118.00 37.00 50.00 0.09 4.03 0.00 4.00 0.00 5.00 9.00 18.00 14.00 17.00 6.00 0.00 0.00 0.00 0.00 0.00
46.00 23.00 25.00 62.00 111.00 37.00 49.00 0.08 4.86 0.00 3.00 0.00 6.00 13.00 17.00 10.00 18.00 5.00 0.00 0.00 0.00 0.00 0.00
47.00 25.00 35.00 69.00 121.00 34.00 52.00 0.08 4.69 0.00 2.00 0.00 3.00 9.00 22.00 16.00 17.00 8.00 0.00 0.00 0.00 0.00 0.00
48.00 21.00 26.00 59.00 111.00 33.00 52.00 0.08 4.91 0.00 2.00 0.00 6.00 10.00 15.00 11.00 14.00 7.00 0.00 0.00 0.00 0.00 0.00
49.00 24.00 29.00 68.00 124.00 39.00 56.00 0.07 4.31 0.00 3.00 0.00 3.00 9.00 21.00 15.00 16.00 8.00 0.00 0.00 0.00 0.00 0.00
50.00 27.00 29.00 76.00 145.00 47.00 69.00 0.07 4.95 0.00 3.00 0.00 5.00 10.00 22.00 17.00 20.00 7.00 0.00 0.00 0.00 0.00 0.00
51.00 25.00 28.00 69.00 128.00 41.00 59.00 0.08 4.58 0.00 3.00 0.00 6.00 10.00 19.00 15.00 15.00 10.00 0.00 0.00 0.00 0.00 0.00
52.00 23.00 29.00 65.00 122.00 36.00 57.00 0.09 4.35 0.00 2.00 0.00 5.00 12.00 18.00 11.00 17.00 6.00 1.00 0.00 0.00 0.00 0.00
53.00 26.00 24.00 73.00 126.00 49.00 53.00 0.08 4.48 0.00 3.00 0.00 4.00 11.00 22.00 15.00 17.00 9.00 0.00 0.00 0.00 0.00 0.00
54.00 17.00 9.00 37.00 86.00 28.00 49.00 0.09 4.17 0.00 2.00 0.00 3.00 9.00 14.00 8.00 13.00 4.00 0.00 0.00 0.00 0.00 0.00
55.00 26.00 25.00 70.00 128.00 45.00 58.00 0.10 4.23 0.00 2.00 0.00 7.00 15.00 19.00 11.00 19.00 7.00 1.00 0.00 0.00 0.00 0.00
56.00 20.00 22.00 53.00 100.00 31.00 47.00 0.09 2.77 0.00 2.00 0.00 4.00 10.00 16.00 10.00 11.00 9.00 0.00 1.00 0.00 0.00 0.00
57.00 31.00 31.00 93.00 160.00 62.00 67.00 0.08 4.80 0.00 2.00 0.00 9.00 20.00 22.00 11.00 21.00 10.00 1.00 0.00 0.00 0.00 0.00
58.00 24.00 29.00 66.00 121.00 37.00 55.00 0.08 4.64 0.00 1.00 0.00 9.00 12.00 15.00 12.00 16.00 8.00 0.00 0.00 0.00 1.00 0.00
59.00 29.00 36.00 82.00 151.00 46.00 69.00 0.09 4.91 0.00 1.00 0.00 5.00 13.00 24.00 16.00 22.00 7.00 1.00 0.00 0.00 0.00 0.00
60.00 28.00 31.00 78.00 143.00 47.00 65.00 0.08 4.70 0.00 1.00 0.00 10.00 11.00 18.00 17.00 18.00 10.00 1.00 0.00 0.00 0.00 0.00
61.00 24.00 28.00 67.00 121.00 39.00 54.00 0.09 3.43 0.00 2.00 0.00 6.00 12.00 18.00 12.00 17.00 7.00 1.00 0.00 0.00 0.00 0.00
62.00 29.00 37.00 78.00 138.00 41.00 60.00 0.10 3.60 0.00 2.00 0.00 7.00 14.00 22.00 15.00 24.00 5.00 0.00 0.00 0.00 0.00 0.00
63.00 29.00 35.00 76.00 148.00 41.00 72.00 0.08 3.34 0.00 2.00 0.00 8.00 13.00 21.00 16.00 19.00 10.00 0.00 0.00 0.00 0.00 0.00
64.00 28.00 32.00 74.00 141.00 42.00 67.00 0.10 4.22 0.00 4.00 0.00 5.00 14.00 23.00 14.00 20.00 8.00 0.00 0.00 0.00 1.00 0.00
65.00 27.00 37.00 76.00 136.00 39.00 60.00 0.11 3.22 0.00 3.00 0.00 5.00 13.00 22.00 14.00 17.00 10.00 0.00 0.00 2.00 0.00 0.00
66.00 29.00 31.00 94.00 145.00 63.00 51.00 0.09 3.31 0.00 3.00 0.00 3.00 8.00 26.00 21.00 14.00 15.00 0.00 1.00 0.00 0.00 0.00
67.00 20.00 22.00 45.00 101.00 23.00 56.00 0.09 2.17 0.00 5.00 0.00 5.00 10.00 15.00 10.00 14.00 6.00 0.00 0.00 0.00 0.00 0.00
68.00 28.00 29.00 83.00 140.00 54.00 57.00 0.09 3.61 0.00 4.00 0.00 9.00 14.00 19.00 14.00 20.00 8.00 0.00 0.00 0.00 0.00 0.00
69.00 27.00 31.00 78.00 142.00 47.00 64.00 0.09 4.01 1.00 4.00 0.25 4.00 11.00 23.00 16.00 15.00 12.00 0.00 1.00 0.00 0.00 0.00
70.00 30.00 34.00 88.00 150.00 54.00 62.00 0.10 3.10 1.00 4.00 0.25 6.00 16.00 24.00 14.00 19.00 11.00 0.00 0.00 0.00 0.00 0.00
71.00 27.00 22.00 71.00 139.00 49.00 68.00 0.10 2.86 1.00 4.00 0.25 5.00 10.00 22.00 17.00 20.00 7.00 0.00 0.00 0.00 0.00 0.00
72.00 30.00 26.00 89.00 153.00 63.00 64.00 0.08 3.91 0.00 3.00 0.00 8.00 19.00 22.00 11.00 21.00 9.00 0.00 1.00 0.00 0.00 0.00
73.00 29.00 37.00 91.00 153.00 54.00 62.00 0.08 4.02 1.00 2.00 0.50 5.00 13.00 24.00 16.00 17.00 12.00 0.00 1.00 1.00 0.00 0.00
74.00 30.00 25.00 77.00 159.00 52.00 82.00 0.07 4.38 1.00 1.00 1.00 9.00 19.00 21.00 11.00 25.00 5.00 0.00 1.00 1.00 0.00 0.00
75.00 15.00 7.00 32.00 66.00 25.00 34.00 0.09 0.59 0.00 2.00 0.00 5.00 8.00 10.00 7.00 11.00 4.00 0.00 0.00 0.00 0.00 0.00
76.00 31.00 39.00 89.00 158.00 50.00 69.00 0.10 3.45 1.00 3.00 0.33 8.00 13.00 23.00 18.00 17.00 14.00 0.00 1.00 1.00 0.00 0.00
77.00 26.00 25.00 76.00 138.00 51.00 62.00 0.08 3.81 0.00 4.00 0.00 6.00 11.00 20.00 15.00 12.00 14.00 0.00 0.00 1.00 0.00 0.00
78.00 25.00 29.00 72.00 127.00 43.00 55.00 0.10 3.09 1.00 2.00 0.50 6.00 13.00 19.00 12.00 15.00 10.00 1.00 0.00 0.00 0.00 0.00
79.00 22.00 13.00 57.00 114.00 44.00 57.00 0.09 3.98 0.00 1.00 0.00 6.00 8.00 16.00 14.00 13.00 9.00 1.00 0.00 0.00 0.00 0.00
80.00 28.00 29.00 86.00 143.00 57.00 57.00 0.09 4.32 0.00 1.00 0.00 11.00 15.00 17.00 13.00 20.00 8.00 0.00 0.00 0.00 0.00 0.00
81.00 28.00 22.00 77.00 145.00 55.00 68.00 0.07 4.16 0.00 3.00 0.00 6.00 13.00 22.00 15.00 16.00 12.00 1.00 0.00 0.00 0.00 0.00
82.00 30.00 34.00 86.00 152.00 52.00 66.00 0.09 3.11 0.00 3.00 0.00 5.00 13.00 25.00 17.00 19.00 11.00 1.00 0.00 0.00 0.00 0.00
83.00 32.00 42.00 94.00 164.00 52.00 70.00 0.08 4.77 0.00 2.00 0.00 6.00 13.00 26.00 19.00 20.00 12.00 1.00 0.00 0.00 0.00 0.00
84.00 32.00 40.00 96.00 164.00 56.00 68.00 0.08 4.07 0.00 4.00 0.00 6.00 8.00 26.00 24.00 16.00 16.00 0.00 1.00 0.00 0.00 0.00
85.00 31.00 35.00 87.00 162.00 52.00 75.00 0.06 3.94 0.00 3.00 0.00 8.00 12.00 23.00 19.00 15.00 16.00 0.00 1.00 0.00 0.00 0.00
86.00 33.00 40.00 103.00 175.00 63.00 72.00 0.08 3.75 0.00 4.00 0.00 6.00 14.00 27.00 19.00 19.00 14.00 0.00 0.00 0.00 0.00 0.00
87.00 32.00 38.00 94.00 161.00 56.00 67.00 0.08 4.23 0.00 4.00 0.00 7.00 13.00 25.00 19.00 18.00 14.00 1.00 0.00 0.00 0.00 0.00
88.00 31.00 35.00 88.00 155.00 53.00 67.00 0.08 4.58 0.00 4.00 0.00 6.00 15.00 25.00 16.00 19.00 12.00 1.00 0.00 0.00 0.00 0.00
89.00 38.00 51.00 123.00 189.00 72.00 66.00 0.09 4.21 0.00 5.00 0.00 10.00 22.00 28.00 16.00 26.00 12.00 0.00 0.00 0.00 1.00 0.00
90.00 34.00 42.00 100.00 169.00 58.00 69.00 0.07 3.83 0.00 6.00 0.00 11.00 16.00 23.00 18.00 22.00 12.00 0.00 0.00 0.00 0.00 0.00
91.00 35.00 36.00 94.00 172.00 58.00 78.00 0.08 4.25 0.00 8.00 0.00 7.00 17.00 28.00 18.00 24.00 11.00 1.00 0.00 0.00 0.00 0.00
92.00 36.00 38.00 105.00 177.00 67.00 72.00 0.08 4.29 0.00 5.00 0.00 4.00 14.00 32.00 22.00 20.00 16.00 1.00 0.00 0.00 0.00 0.00
93.00 28.00 33.00 83.00 141.00 50.00 58.00 0.07 3.90 0.00 6.00 0.00 6.00 16.00 22.00 12.00 18.00 10.00 1.00 0.00 0.00 0.00 0.00
94.00 39.00 46.00 118.00 204.00 72.00 86.00 0.09 4.43 0.00 5.00 0.00 9.00 16.00 30.00 23.00 23.00 16.00 1.00 0.00 0.00 0.00 0.00
95.00 35.00 52.00 115.00 185.00 63.00 70.00 0.10 4.53 0.00 4.00 0.00 7.00 13.00 28.00 22.00 21.00 14.00 0.00 0.00 0.00 0.00 0.00
96.00 29.00 30.00 89.00 154.00 59.00 65.00 0.08 4.50 0.00 4.00 0.00 7.00 10.00 22.00 19.00 15.00 14.00 0.00 0.00 0.00 0.00 0.00
97.00 33.00 41.00 98.00 177.00 57.00 79.00 0.08 4.69 0.00 4.00 0.00 8.00 13.00 25.00 20.00 22.00 11.00 0.00 0.00 1.00 0.00 0.00
98.00 37.00 51.00 118.00 194.00 67.00 76.00 0.09 4.49 0.00 6.00 0.00 8.00 16.00 29.00 21.00 21.00 16.00 0.00 0.00 1.00 0.00 0.00
99.00 32.00 39.00 94.00 161.00 55.00 67.00 0.10 3.97 0.00 3.00 0.00 9.00 17.00 23.00 15.00 22.00 10.00 0.00 1.00 0.00 0.00 0.00
100.00 41.00 58.00 127.00 207.00 69.00 80.00 0.08 4.24 0.00 4.00 0.00 12.00 20.00 29.00 21.00 26.00 15.00 0.00 1.00 0.00 0.00 0.00
101.00 33.00 37.00 100.00 168.00 63.00 68.00 0.09 4.35 0.00 4.00 0.00 9.00 13.00 24.00 20.00 19.00 14.00 0.00 1.00 0.00 0.00 0.00
102.00 29.00 33.00 82.00 151.00 49.00 69.00 0.08 4.27 0.00 4.00 0.00 10.00 16.00 19.00 13.00 22.00 7.00 0.00 0.00 0.00 0.00 0.00
103.00 30.00 27.00 86.00 154.00 59.00 68.00 0.07 3.48 0.00 2.00 0.00 9.00 17.00 21.00 13.00 20.00 10.00 0.00 0.00 1.00 0.00 0.00
104.00 30.00 33.00 87.00 160.00 54.00 73.00 0.08 4.25 0.00 3.00 0.00 8.00 11.00 22.00 19.00 15.00 15.00 0.00 1.00 0.00 0.00 0.00
105.00 36.00 43.00 99.00 185.00 56.00 86.00 0.09 4.66 0.00 3.00 0.00 10.00 17.00 26.00 19.00 22.00 14.00 0.00 1.00 1.00 0.00 0.00
106.00 43.00 48.00 123.00 206.00 75.00 83.00 0.08 4.14 0.00 3.00 0.00 9.00 19.00 34.00 24.00 25.00 18.00 0.00 0.00 1.00 0.00 0.00
107.00 32.00 40.00 83.00 153.00 43.00 70.00 0.08 3.00 0.00 3.00 0.00 5.00 10.00 27.00 22.00 15.00 17.00 0.00 0.00 1.00 0.00 0.00
108.00 32.00 43.00 102.00 168.00 59.00 66.00 0.08 3.57 0.00 3.00 0.00 8.00 13.00 24.00 19.00 17.00 15.00 1.00 0.00 1.00 0.00 0.00
109.00 38.00 63.00 115.00 193.00 52.00 78.00 0.09 3.63 0.00 4.00 0.00 6.00 12.00 32.00 26.00 13.00 25.00 1.00 1.00 2.00 0.00 0.00
110.00 35.00 48.00 106.00 184.00 58.00 78.00 0.08 3.18 0.00 5.00 0.00 7.00 11.00 28.00 24.00 17.00 18.00 0.00 0.00 0.00 0.00 1.00
111.00 42.00 58.00 123.00 217.00 65.00 94.00 0.08 3.66 1.00 5.00 0.20 6.00 16.00 36.00 26.00 22.00 20.00 0.00 0.00 0.00 0.00 0.00
112.00 35.00 46.00 107.00 189.00 61.00 82.00 0.09 3.78 0.00 3.00 0.00 6.00 15.00 29.00 20.00 20.00 15.00 0.00 0.00 1.00 0.00 0.00
113.00 29.00 23.00 71.00 142.00 48.00 71.00 0.09 4.22 0.00 3.00 0.00 7.00 15.00 22.00 14.00 23.00 6.00 0.00 0.00 1.00 0.00 0.00
114.00 29.00 36.00 87.00 154.00 51.00 67.00 0.08 3.83 0.00 5.00 0.00 2.00 7.00 27.00 22.00 14.00 15.00 0.00 0.00 0.00 1.00 0.00
115.00 45.00 54.00 128.00 233.00 74.00 105.00 0.08 3.86 0.00 3.00 0.00 10.00 18.00 35.00 27.00 24.00 21.00 0.00 1.00 0.00 0.00 0.00
116.00 35.00 43.00 106.00 180.00 63.00 74.00 0.08 3.86 0.00 3.00 0.00 6.00 17.00 29.00 18.00 24.00 11.00 0.00 1.00 0.00 0.00 1.00
117.00 34.00 46.00 101.00 181.00 55.00 80.00 0.08 3.34 0.00 3.00 0.00 5.00 11.00 29.00 23.00 14.00 20.00 0.00 0.00 1.00 0.00 0.00
118.00 43.00 50.00 133.00 231.00 83.00 98.00 0.09 4.00 0.00 6.00 0.00 8.00 18.00 35.00 25.00 23.00 20.00 1.00 0.00 0.00 0.00 0.00
119.00 37.00 49.00 104.00 191.00 55.00 87.00 0.09 4.09 0.00 7.00 0.00 6.00 14.00 31.00 23.00 20.00 17.00 1.00 0.00 0.00 0.00 0.00
120.00 36.00 43.00 101.00 189.00 58.00 88.00 0.08 3.89 0.00 4.00 0.00 11.00 16.00 25.00 20.00 19.00 17.00 0.00 0.00 0.00 0.00 0.00
121.00 39.00 56.00 126.00 209.00 70.00 83.00 0.10 2.91 0.00 7.00 0.00 3.00 11.00 36.00 28.00 18.00 21.00 0.00 0.00 0.00 0.00 0.00
122.00 35.00 35.00 99.00 183.00 64.00 84.00 0.07 3.89 0.00 3.00 0.00 9.00 15.00 26.00 20.00 20.00 15.00 1.00 0.00 0.00 0.00 0.00
123.00 36.00 48.00 112.00 178.00 64.00 66.00 0.09 3.56 0.00 4.00 0.00 13.00 22.00 23.00 14.00 30.00 6.00 1.00 0.00 0.00 0.00 0.00
124.00 35.00 42.00 100.00 179.00 58.00 79.00 0.09 2.40 0.00 3.00 0.00 7.00 17.00 28.00 18.00 26.00 9.00 1.00 0.00 0.00 0.00 0.00
125.00 35.00 47.00 106.00 176.00 59.00 70.00 0.07 3.80 0.00 5.00 0.00 9.00 16.00 26.00 19.00 23.00 12.00 0.00 0.00 2.00 0.00 0.00
126.00 35.00 42.00 94.00 184.00 52.00 90.00 0.11 3.88 0.00 3.00 0.00 6.00 13.00 29.00 22.00 20.00 15.00 0.00 0.00 0.00 0.00 0.00
127.00 35.00 53.00 108.00 171.00 55.00 63.00 0.09 3.58 0.00 4.00 0.00 5.00 15.00 30.00 20.00 21.00 14.00 1.00 0.00 0.00 0.00 0.00
128.00 32.00 37.00 95.00 166.00 58.00 71.00 0.08 3.40 0.00 5.00 0.00 9.00 11.00 23.00 21.00 17.00 15.00 1.00 0.00 1.00 0.00 0.00
129.00 33.00 38.00 88.00 164.00 50.00 76.00 0.10 2.09 0.00 3.00 0.00 10.00 16.00 23.00 17.00 21.00 12.00 0.00 0.00 0.00 0.00 0.00
130.00 29.00 29.00 79.00 149.00 50.00 70.00 0.09 0.91 0.00 3.00 0.00 5.00 13.00 24.00 16.00 19.00 10.00 0.00 0.00 1.00 0.00 0.00
131.00 29.00 21.00 71.00 141.00 50.00 70.00 0.08 2.61 0.00 3.00 0.00 8.00 15.00 21.00 14.00 20.00 9.00 1.00 0.00 2.00 0.00 0.00
132.00 37.00 46.00 104.00 179.00 58.00 75.00 0.09 3.65 0.00 3.00 0.00 14.00 20.00 23.00 17.00 25.00 12.00 0.00 0.00 1.00 0.00 0.00
133.00 40.00 67.00 127.00 210.00 60.00 83.00 0.08 3.59 1.00 5.00 0.20 6.00 17.00 34.00 23.00 24.00 16.00 1.00 0.00 0.00 0.00 0.00
134.00 34.00 52.00 104.00 175.00 52.00 71.00 0.08 3.18 1.00 3.00 0.33 7.00 12.00 27.00 22.00 21.00 13.00 1.00 0.00 1.00 0.00 0.00
135.00 34.00 43.00 99.00 175.00 56.00 76.00 0.09 3.07 1.00 3.00 0.33 9.00 14.00 25.00 20.00 20.00 14.00 0.00 0.00 0.00 0.00 0.00
136.00 35.00 45.00 98.00 174.00 53.00 76.00 0.09 3.58 0.00 4.00 0.00 6.00 16.00 29.00 19.00 26.00 9.00 1.00 0.00 0.00 0.00 1.00
137.00 41.00 43.00 107.00 199.00 64.00 92.00 0.09 3.21 0.00 3.00 0.00 14.00 22.00 27.00 19.00 26.00 15.00 0.00 0.00 0.00 0.00 0.00
138.00 36.00 44.00 113.00 181.00 69.00 68.00 0.08 3.50 0.00 5.00 0.00 7.00 16.00 29.00 20.00 26.00 10.00 1.00 0.00 0.00 0.00 0.00
139.00 29.00 33.00 76.00 138.00 43.00 62.00 0.08 2.88 0.00 2.00 0.00 6.00 12.00 23.00 17.00 16.00 13.00 0.00 0.00 0.00 0.00 0.00
140.00 34.00 49.00 97.00 174.00 48.00 77.00 0.08 3.44 0.00 2.00 0.00 6.00 11.00 28.00 23.00 18.00 16.00 0.00 0.00 0.00 0.00 0.00
141.00 33.00 45.00 96.00 172.00 51.00 76.00 0.07 3.28 0.00 2.00 0.00 5.00 11.00 28.00 22.00 17.00 16.00 0.00 0.00 0.00 0.00 0.00
142.00 30.00 37.00 85.00 156.00 48.00 71.00 0.09 3.37 0.00 2.00 0.00 5.00 11.00 25.00 19.00 17.00 13.00 0.00 0.00 0.00 0.00 0.00
143.00 29.00 25.00 79.00 149.00 54.00 70.00 0.09 2.67 0.00 3.00 0.00 6.00 16.00 23.00 13.00 21.00 8.00 0.00 0.00 0.00 0.00 0.00
144.00 32.00 40.00 93.00 164.00 53.00 71.00 0.10 3.30 0.00 3.00 0.00 10.00 14.00 22.00 18.00 17.00 15.00 0.00 0.00 1.00 0.00 0.00
145.00 32.00 47.00 100.00 161.00 53.00 61.00 0.08 3.12 0.00 4.00 0.00 5.00 14.00 27.00 18.00 22.00 10.00 0.00 0.00 0.00 0.00 0.00
146.00 29.00 32.00 83.00 150.00 51.00 67.00 0.09 2.12 0.00 2.00 0.00 5.00 11.00 24.00 18.00 18.00 11.00 1.00 0.00 0.00 0.00 0.00
147.00 37.00 44.00 105.00 186.00 61.00 81.00 0.09 2.67 0.00 3.00 0.00 10.00 17.00 27.00 20.00 25.00 12.00 0.00 0.00 1.00 0.00 0.00
148.00 39.00 61.00 119.00 200.00 58.00 81.00 0.08 2.52 0.00 3.00 0.00 9.00 15.00 30.00 24.00 21.00 18.00 0.00 0.00 1.00 0.00 0.00
149.00 42.00 60.00 120.00 214.00 60.00 94.00 0.08 2.08 0.00 2.00 0.00 9.00 16.00 33.00 26.00 26.00 16.00 0.00 0.00 0.00 0.00 0.00
150.00 33.00 41.00 103.00 173.00 62.00 70.00 0.09 2.69 0.00 4.00 0.00 5.00 13.00 28.00 20.00 26.00 7.00 0.00 0.00 1.00 0.00 0.00
151.00 32.00 37.00 92.00 166.00 55.00 74.00 0.07 2.84 0.00 2.00 0.00 5.00 18.00 27.00 14.00 22.00 10.00 0.00 0.00 1.00 0.00 0.00
152.00 30.00 32.00 85.00 154.00 53.00 69.00 0.09 2.90 0.00 2.00 0.00 7.00 13.00 23.00 17.00 17.00 13.00 0.00 0.00 0.00 0.00 0.00
153.00 33.00 33.00 93.00 172.00 60.00 79.00 0.09 3.05 0.00 2.00 0.00 4.00 14.00 29.00 19.00 21.00 12.00 0.00 0.00 1.00 0.00 0.00
154.00 31.00 34.00 85.00 160.00 51.00 75.00 0.08 3.74 0.00 1.00 0.00 9.00 16.00 22.00 15.00 20.00 11.00 0.00 0.00 0.00 0.00 0.00
155.00 22.00 14.00 54.00 109.00 40.00 55.00 0.10 1.96 0.00 0.00 0.00 4.00 9.00 18.00 13.00 11.00 11.00 0.00 0.00 0.00 0.00 0.00
156.00 35.00 48.00 109.00 178.00 61.00 69.00 0.11 3.62 0.00 2.00 0.00 5.00 15.00 30.00 20.00 25.00 10.00 0.00 0.00 0.00 0.00 0.00
157.00 36.00 40.00 97.00 174.00 57.00 77.00 0.08 3.49 0.00 2.00 0.00 12.00 20.00 24.00 16.00 25.00 11.00 0.00 0.00 0.00 0.00 0.00
158.00 27.00 28.00 78.00 142.00 50.00 64.00 0.07 3.89 1.00 2.00 0.50 4.00 11.00 23.00 16.00 16.00 11.00 0.00 0.00 0.00 0.00 0.00
159.00 30.00 43.00 93.00 149.00 50.00 56.00 0.10 3.72 0.00 2.00 0.00 9.00 12.00 21.00 18.00 14.00 16.00 0.00 0.00 0.00 0.00 0.00
160.00 31.00 33.00 86.00 149.00 53.00 63.00 0.08 4.07 0.00 1.00 0.00 7.00 17.00 24.00 14.00 22.00 9.00 0.00 1.00 1.00 0.00 0.00
161.00 26.00 32.00 70.00 123.00 38.00 53.00 0.09 4.54 0.00 1.00 0.00 6.00 12.00 20.00 14.00 19.00 7.00 0.00 0.00 0.00 0.00 0.00
162.00 26.00 30.00 77.00 133.00 47.00 56.00 0.09 4.30 0.00 2.00 0.00 8.00 15.00 18.00 11.00 19.00 7.00 0.00 0.00 1.00 0.00 0.00
163.00 31.00 40.00 97.00 160.00 57.00 63.00 0.09 3.71 0.00 1.00 0.00 8.00 13.00 23.00 18.00 21.00 10.00 1.00 0.00 1.00 1.00 0.00
164.00 31.00 33.00 89.00 155.00 56.00 66.00 0.07 3.60 0.00 2.00 0.00 8.00 12.00 23.00 19.00 17.00 14.00 0.00 0.00 1.00 0.00 0.00
165.00 30.00 42.00 85.00 152.00 43.00 67.00 0.07 4.28 0.00 2.00 0.00 7.00 15.00 23.00 15.00 19.00 11.00 0.00 0.00 2.00 0.00 0.00
166.00 33.00 40.00 94.00 169.00 54.00 75.00 0.08 4.34 1.00 2.00 0.50 7.00 13.00 26.00 20.00 17.00 16.00 0.00 0.00 1.00 0.00 0.00
167.00 34.00 48.00 100.00 167.00 52.00 67.00 0.10 4.35 1.00 2.00 0.50 7.00 11.00 27.00 23.00 21.00 13.00 0.00 0.00 1.00 0.00 0.00
168.00 26.00 28.00 74.00 135.00 46.00 61.00 0.07 4.26 1.00 3.00 0.33 5.00 12.00 21.00 14.00 16.00 10.00 0.00 0.00 0.00 0.00 0.00
169.00 28.00 37.00 83.00 148.00 46.00 65.00 0.09 4.58 1.00 0.00 0.00 7.00 12.00 21.00 16.00 13.00 15.00 0.00 0.00 1.00 1.00 1.00
170.00 31.00 41.00 86.00 153.00 45.00 67.00 0.07 4.92 0.00 2.00 0.00 10.00 13.00 21.00 18.00 20.00 11.00 0.00 0.00 1.00 0.00 0.00
171.00 25.00 30.00 72.00 128.00 42.00 56.00 0.09 4.47 1.00 2.00 0.50 5.00 14.00 20.00 11.00 17.00 8.00 0.00 0.00 0.00 0.00 0.00
172.00 34.00 45.00 106.00 179.00 61.00 73.00 0.08 4.21 1.00 2.00 0.50 10.00 18.00 24.00 16.00 22.00 12.00 1.00 0.00 0.00 0.00 1.00
173.00 33.00 54.00 95.00 164.00 41.00 69.00 0.08 4.18 1.00 3.00 0.33 4.00 17.00 29.00 16.00 23.00 10.00 0.00 0.00 0.00 0.00 0.00
174.00 30.00 36.00 92.00 154.00 56.00 62.00 0.09 4.34 0.00 2.00 0.00 8.00 13.00 22.00 17.00 19.00 11.00 0.00 0.00 0.00 0.00 0.00
175.00 30.00 41.00 89.00 160.00 48.00 71.00 0.08 4.34 0.00 1.00 0.00 4.00 9.00 26.00 21.00 17.00 13.00 1.00 0.00 1.00 0.00 0.00
176.00 32.00 43.00 89.00 155.00 46.00 66.00 0.09 4.53 1.00 1.00 1.00 8.00 14.00 24.00 18.00 16.00 16.00 0.00 0.00 0.00 0.00 0.00
177.00 28.00 35.00 76.00 148.00 41.00 72.00 0.08 4.77 1.00 2.00 0.50 7.00 17.00 21.00 11.00 19.00 9.00 0.00 0.00 0.00 0.00 0.00
178.00 27.00 34.00 76.00 139.00 42.00 63.00 0.08 4.68 1.00 3.00 0.33 7.00 13.00 20.00 14.00 15.00 12.00 0.00 0.00 0.00 0.00 0.00
179.00 27.00 29.00 70.00 134.00 41.00 64.00 0.08 4.44 1.00 1.00 1.00 6.00 14.00 21.00 13.00 17.00 10.00 0.00 0.00 1.00 0.00 0.00
180.00 18.00 9.00 44.00 93.00 35.00 49.00 0.09 3.47 1.00 1.00 1.00 4.00 9.00 14.00 9.00 11.00 7.00 0.00 0.00 0.00 0.00 0.00
181.00 24.00 23.00 63.00 122.00 40.00 59.00 0.09 4.67 1.00 0.00 0.00 5.00 11.00 19.00 13.00 14.00 10.00 0.00 0.00 0.00 0.00 0.00
182.00 20.00 19.00 47.00 93.00 28.00 46.00 0.09 4.76 1.00 1.00 1.00 7.00 12.00 13.00 8.00 15.00 5.00 0.00 0.00 0.00 0.00 0.00
183.00 19.00 17.00 35.00 92.00 18.00 57.00 0.09 4.50 0.00 1.00 0.00 3.00 11.00 16.00 8.00 13.00 6.00 0.00 0.00 0.00 0.00 0.00
184.00 19.00 23.00 52.00 95.00 29.00 43.00 0.09 4.68 1.00 1.00 1.00 4.00 10.00 15.00 9.00 11.00 8.00 0.00 0.00 1.00 0.00 0.00
185.00 20.00 22.00 54.00 93.00 32.00 39.00 0.09 4.62 1.00 1.00 1.00 6.00 8.00 14.00 12.00 13.00 7.00 0.00 0.00 0.00 0.00 0.00
186.00 19.00 23.00 47.00 93.00 24.00 46.00 0.08 4.71 1.00 1.00 1.00 4.00 9.00 15.00 10.00 11.00 8.00 0.00 0.00 0.00 0.00 0.00
187.00 21.00 23.00 49.00 96.00 26.00 47.00 0.10 4.37 0.00 0.00 0.00 6.00 9.00 15.00 12.00 12.00 9.00 0.00 0.00 0.00 0.00 0.00
188.00 19.00 19.00 48.00 98.00 29.00 50.00 0.08 4.87 0.00 0.00 0.00 4.00 8.00 15.00 11.00 13.00 6.00 0.00 0.00 0.00 0.00 0.00
189.00 16.00 18.00 38.00 75.00 20.00 37.00 0.09 5.28 0.00 0.00 0.00 2.00 5.00 14.00 11.00 10.00 6.00 0.00 0.00 0.00 0.00 0.00
190.00 12.00 9.00 26.00 57.00 17.00 31.00 0.08 4.56 0.00 0.00 0.00 5.00 9.00 7.00 3.00 10.00 2.00 0.00 0.00 1.00 0.00 0.00
191.00 13.00 11.00 32.00 64.00 21.00 32.00 0.09 5.08 0.00 0.00 0.00 5.00 8.00 8.00 5.00 9.00 4.00 0.00 0.00 0.00 0.00 0.00
192.00 11.00 6.00 22.00 49.00 16.00 27.00 0.07 4.00 0.00 0.00 0.00 4.00 7.00 7.00 4.00 9.00 2.00 0.00 0.00 0.00 0.00 0.00
193.00 11.00 6.00 22.00 47.00 16.00 25.00 0.09 4.02 0.00 0.00 0.00 2.00 5.00 9.00 6.00 7.00 4.00 0.00 0.00 0.00 0.00 0.00
194.00 13.00 10.00 29.00 62.00 19.00 33.00 0.07 4.46 0.00 0.00 0.00 4.00 5.00 9.00 8.00 7.00 6.00 0.00 0.00 0.00 0.00 0.00
195.00 13.00 13.00 29.00 66.00 16.00 37.00 0.09 4.95 0.00 0.00 0.00 2.00 5.00 11.00 8.00 5.00 8.00 0.00 0.00 0.00 0.00 0.00
196.00 11.00 7.00 24.00 54.00 17.00 30.00 0.08 4.64 0.00 0.00 0.00 6.00 7.00 5.00 4.00 10.00 1.00 0.00 0.00 0.00 0.00 0.00
197.00 14.00 12.00 33.00 66.00 21.00 33.00 0.09 4.98 0.00 0.00 0.00 5.00 9.00 9.00 5.00 10.00 4.00 0.00 0.00 0.00 0.00 0.00
198.00 12.00 10.00 23.00 51.00 13.00 28.00 0.08 4.88 0.00 0.00 0.00 6.00 9.00 6.00 3.00 10.00 2.00 0.00 0.00 0.00 0.00 0.00
199.00 14.00 13.00 31.00 57.00 18.00 26.00 0.09 5.51 0.00 0.00 0.00 4.00 7.00 10.00 7.00 9.00 5.00 0.00 0.00 1.00 0.00 0.00
200.00 12.00 8.00 28.00 61.00 20.00 33.00 0.09 4.86 0.00 0.00 0.00 3.00 4.00 9.00 8.00 7.00 5.00 0.00 0.00 0.00 0.00 0.00
201.00 14.00 7.00 25.00 60.00 18.00 35.00 0.11 4.54 0.00 0.00 0.00 4.00 7.00 10.00 7.00 11.00 3.00 0.00 0.00 0.00 0.00 0.00
202.00 11.00 9.00 25.00 53.00 16.00 28.00 0.09 5.14 0.00 1.00 0.00 2.00 5.00 9.00 6.00 6.00 5.00 0.00 0.00 0.00 0.00 0.00
203.00 7.00 2.00 12.00 35.00 10.00 23.00 0.08 2.69 0.00 1.00 0.00 1.00 3.00 6.00 4.00 6.00 1.00 0.00 0.00 0.00 0.00 0.00
204.00 14.00 7.00 29.00 62.00 22.00 33.00 0.09 4.79 0.00 0.00 0.00 5.00 9.00 9.00 5.00 9.00 5.00 0.00 0.00 0.00 0.00 0.00
205.00 11.00 8.00 22.00 49.00 14.00 27.00 0.09 4.71 0.00 0.00 0.00 4.00 7.00 7.00 4.00 10.00 1.00 0.00 0.00 0.00 0.00 0.00
206.00 11.00 5.00 21.00 51.00 16.00 30.00 0.09 4.71 0.00 0.00 0.00 3.00 5.00 8.00 6.00 10.00 1.00 0.00 0.00 0.00 0.00 0.00
207.00 14.00 17.00 38.00 66.00 21.00 28.00 0.08 4.55 0.00 0.00 0.00 3.00 8.00 11.00 6.00 11.00 3.00 0.00 0.00 0.00 0.00 0.00
208.00 13.00 11.00 31.00 65.00 20.00 34.00 0.08 4.70 0.00 0.00 0.00 4.00 5.00 9.00 8.00 11.00 2.00 0.00 0.00 0.00 0.00 0.00
209.00 11.00 9.00 29.00 59.00 20.00 30.00 0.09 4.95 0.00 0.00 0.00 2.00 5.00 9.00 6.00 7.00 4.00 0.00 0.00 0.00 0.00 0.00
210.00 14.00 10.00 26.00 61.00 16.00 35.00 0.09 4.63 0.00 0.00 0.00 3.00 10.00 11.00 4.00 12.00 2.00 0.00 0.00 0.00 0.00 0.00
211.00 11.00 5.00 19.00 42.00 14.00 23.00 0.08 4.88 0.00 0.00 0.00 5.00 10.00 6.00 1.00 10.00 1.00 0.00 0.00 0.00 0.00 0.00
212.00 11.00 7.00 17.00 53.00 10.00 36.00 0.10 4.78 0.00 0.00 0.00 5.00 8.00 6.00 3.00 10.00 1.00 0.00 0.00 0.00 0.00 0.00
213.00 8.00 1.00 7.00 32.00 6.00 25.00 0.08 4.75 0.00 0.00 0.00 2.00 8.00 6.00 0.00 8.00 0.00 0.00 0.00 0.00 0.00 0.00
214.00 7.00 4.00 14.00 33.00 10.00 19.00 0.08 5.04 0.00 0.00 0.00 0.00 1.00 7.00 6.00 5.00 2.00 0.00 0.00 0.00 0.00 0.00
215.00 5.00 1.00 6.00 21.00 5.00 15.00 0.09 3.33 0.00 0.00 0.00 3.00 4.00 2.00 1.00 5.00 0.00 0.00 0.00 0.00 0.00 0.00
216.00 11.00 9.00 25.00 54.00 16.00 29.00 0.08 4.04 0.00 0.00 0.00 3.00 8.00 8.00 3.00 11.00 0.00 0.00 0.00 0.00 0.00 0.00
217.00 9.00 1.00 17.00 43.00 16.00 26.00 0.09 4.36 0.00 0.00 0.00 1.00 5.00 8.00 4.00 8.00 1.00 0.00 0.00 0.00 0.00 0.00
218.00 9.00 4.00 14.00 40.00 10.00 26.00 0.08 2.36 0.00 0.00 0.00 4.00 7.00 5.00 2.00 7.00 2.00 0.00 0.00 0.00 0.00 0.00
219.00 6.00 1.00 9.00 27.00 8.00 18.00 0.08 4.88 0.00 0.00 0.00 4.00 5.00 2.00 1.00 5.00 1.00 0.00 0.00 0.00 0.00 0.00
220.00 7.00 3.00 13.00 33.00 10.00 20.00 0.08 4.33 0.00 0.00 0.00 3.00 5.00 4.00 2.00 6.00 1.00 0.00 0.00 0.00 0.00 0.00
221.00 7.00 3.00 7.00 28.00 4.00 21.00 0.08 4.19 0.00 0.00 0.00 2.00 5.00 5.00 2.00 6.00 1.00 0.00 0.00 0.00 0.00 0.00
222.00 5.00 1.00 6.00 21.00 5.00 15.00 0.09 3.27 0.00 0.00 0.00 2.00 3.00 3.00 2.00 5.00 0.00 0.00 0.00 0.00 0.00 0.00
