0.00 6.00 3.00 9.00 24.00 6.00 15.00 0.09 0.24 0.00 0.00 0.00 0.00 3.00 6.00 3.00 5.00 1.00 0.00 0.00 0.00 0.00 0.00
1.00 8.00 3.00 9.00 23.00 6.00 14.00 0.08 0.35 0.00 0.00 0.00 4.00 6.00 4.00 2.00 8.00 0.00 0.00 0.00 0.00 0.00 0.00
2.00 4.00 0.00 1.00 14.00 1.00 13.00 0.08 3.49 0.00 0.00 0.00 2.00 4.00 2.00 0.00 4.00 0.00 0.00 0.00 0.00 0.00 0.00
3.00 9.00 5.00 16.00 37.00 11.00 21.00 0.09 2.13 0.00 0.00 0.00 3.00 6.00 6.00 3.00 9.00 0.00 0.00 0.00 0.00 0.00 0.00
4.00 12.00 7.00 18.00 49.00 11.00 31.00 0.06 2.07 0.00 0.00 0.00 4.00 6.00 8.00 6.00 8.00 4.00 0.00 0.00 0.00 0.00 0.00
5.00 11.00 8.00 23.00 50.00 15.00 27.00 0.10 0.35 0.00 0.00 0.00 4.00 7.00 7.00 4.00 10.00 1.00 0.00 0.00 0.00 0.00 0.00
6.00 6.00 1.00 8.00 25.00 7.00 17.00 0.08 0.16 0.00 0.00 0.00 3.00 4.00 3.00 2.00 5.00 1.00 0.00 0.00 0.00 0.00 0.00
7.00 15.00 7.00 22.00 58.00 15.00 36.00 0.09 2.59 0.00 0.00 0.00 5.00 12.00 10.00 3.00 14.00 1.00 0.00 0.00 0.00 0.00 0.00
8.00 6.00 1.00 7.00 25.00 6.00 18.00 0.08 0.17 0.00 0.00 0.00 1.00 3.00 5.00 3.00 6.00 0.00 0.00 0.00 0.00 0.00 0.00
9.00 6.00 1.00 8.00 23.00 7.00 15.00 0.09 5.30 0.00 0.00 0.00 3.00 5.00 3.00 1.00 6.00 0.00 0.00 0.00 0.00 0.00 0.00
10.00 9.00 3.00 15.00 39.00 12.00 24.00 0.08 3.47 0.00 0.00 0.00 3.00 7.00 6.00 2.00 7.00 2.00 0.00 0.00 0.00 0.00 0.00
11.00 3.00 0.00 1.00 7.00 1.00 6.00 0.09 4.71 0.00 0.00 0.00 2.00 3.00 1.00 0.00 3.00 0.00 0.00 0.00 0.00 0.00 0.00
12.00 6.00 0.00 6.00 26.00 6.00 20.00 0.09 4.91 0.00 0.00 0.00 2.00 6.00 4.00 0.00 6.00 0.00 0.00 0.00 0.00 0.00 0.00
13.00 7.00 4.00 12.00 32.00 8.00 20.00 0.08 5.01 0.00 0.00 0.00 2.00 4.00 5.00 3.00 6.00 1.00 0.00 0.00 0.00 0.00 0.00
14.00 4.00 0.00 1.00 15.00 1.00 14.00 0.09 0.18 0.00 0.00 0.00 3.00 3.00 1.00 1.00 4.00 0.00 0.00 0.00 0.00 0.00 0.00
15.00 11.00 8.00 21.00 49.00 13.00 28.00 0.08 5.02 0.00 0.00 0.00 4.00 9.00 7.00 2.00 10.00 1.00 0.00 0.00 0.00 0.00 0.00
16.00 9.00 8.00 20.00 41.00 12.00 21.00 0.08 4.80 0.00 0.00 0.00 1.00 6.00 8.00 3.00 7.00 2.00 0.00 0.00 0.00 0.00 0.00
17.00 5.00 0.00 2.00 20.00 2.00 18.00 0.08 3.00 0.00 0.00 0.00 3.00 4.00 2.00 1.00 5.00 0.00 0.00 0.00 0.00 0.00 0.00
18.00 9.00 7.00 20.00 43.00 13.00 23.00 0.08 5.06 0.00 0.00 0.00 3.00 5.00 6.00 4.00 7.00 2.00 0.00 0.00 0.00 0.00 0.00
19.00 7.00 1.00 9.00 34.00 8.00 25.00 0.08 5.12 0.00 0.00 0.00 3.00 5.00 4.00 2.00 5.00 2.00 0.00 0.00 0.00 0.00 0.00
20.00 8.00 6.00 14.00 37.00 8.00 23.00 0.09 2.39 0.00 0.00 0.00 0.00 3.00 8.00 5.00 6.00 2.00 0.00 0.00 0.00 0.00 0.00
21.00 11.00 9.00 24.00 50.00 15.00 26.00 0.09 4.69 0.00 0.00 0.00 3.00 6.00 8.00 5.00 7.00 4.00 0.00 0.00 0.00 0.00 0.00
22.00 14.00 9.00 29.00 65.00 20.00 36.00 0.08 4.99 0.00 0.00 0.00 2.00 7.00 12.00 7.00 7.00 7.00 0.00 0.00 0.00 0.00 0.00
23.00 5.00 0.00 2.00 17.00 2.00 15.00 0.08 5.13 0.00 0.00 0.00 3.00 4.00 2.00 1.00 5.00 0.00 0.00 0.00 0.00 0.00 0.00
24.00 12.00 10.00 27.00 52.00 17.00 25.00 0.08 3.86 0.00 0.00 0.00 3.00 6.00 9.00 6.00 9.00 3.00 0.00 0.00 0.00 0.00 0.00
25.00 13.00 8.00 24.00 61.00 16.00 37.00 0.09 3.67 0.00 0.00 0.00 4.00 8.00 9.00 5.00 12.00 1.00 0.00 0.00 0.00 0.00 0.00
26.00 12.00 10.00 28.00 58.00 18.00 30.00 0.08 3.91 0.00 0.00 0.00 6.00 8.00 6.00 4.00 9.00 3.00 0.00 0.00 0.00 0.00 0.00
27.00 11.00 4.00 21.00 56.00 17.00 35.00 0.09 2.95 0.00 0.00 0.00 2.00 7.00 9.00 4.00 8.00 3.00 0.00 0.00 0.00 0.00 0.00
28.00 13.00 8.00 28.00 63.00 20.00 35.00 0.08 2.83 0.00 1.00 0.00 5.00 8.00 8.00 5.00 10.00 3.00 0.00 0.00 0.00 0.00 0.00
29.00 15.00 9.00 30.00 71.00 21.00 41.00 0.09 1.48 0.00 1.00 0.00 6.00 10.00 9.00 5.00 14.00 1.00 0.00 0.00 0.00 0.00 0.00
30.00 19.00 11.00 38.00 86.00 27.00 48.00 0.08 3.72 0.00 1.00 0.00 7.00 13.00 12.00 6.00 14.00 5.00 0.00 0.00 0.00 0.00 0.00
31.00 17.00 13.00 39.00 82.00 26.00 43.00 0.08 4.10 0.00 1.00 0.00 7.00 9.00 10.00 8.00 12.00 5.00 0.00 0.00 0.00 0.00 0.00
32.00 14.00 13.00 33.00 67.00 20.00 34.00 0.09 3.48 0.00 1.00 0.00 5.00 9.00 9.00 5.00 10.00 4.00 0.00 0.00 0.00 0.00 0.00
33.00 20.00 22.00 47.00 92.00 25.00 45.00 0.07 4.60 0.00 1.00 0.00 5.00 10.00 15.00 10.00 14.00 6.00 0.00 0.00 0.00 0.00 0.00
34.00 19.00 16.00 40.00 84.00 24.00 44.00 0.08 4.92 0.00 0.00 0.00 7.00 11.00 12.00 8.00 13.00 6.00 0.00 0.00 1.00 0.00 0.00
35.00 12.00 3.00 21.00 54.00 18.00 33.00 0.08 2.92 0.00 2.00 0.00 7.00 8.00 5.00 4.00 10.00 2.00 0.00 0.00 0.00 0.00 0.00
36.00 11.00 8.00 28.00 56.00 20.00 28.00 0.08 4.77 0.00 1.00 0.00 3.00 7.00 8.00 4.00 9.00 2.00 0.00 0.00 0.00 0.00 0.00
37.00 20.00 27.00 54.00 89.00 27.00 35.00 0.09 4.54 0.00 1.00 0.00 8.00 11.00 12.00 9.00 16.00 4.00 0.00 0.00 0.00 0.00 0.00
38.00 15.00 11.00 32.00 66.00 21.00 34.00 0.09 4.10 0.00 2.00 0.00 7.00 11.00 8.00 4.00 11.00 4.00 0.00 0.00 0.00 0.00 0.00
39.00 18.00 27.00 48.00 88.00 21.00 40.00 0.07 2.88 0.00 2.00 0.00 7.00 9.00 11.00 9.00 10.00 8.00 0.00 0.00 0.00 0.00 0.00
40.00 17.00 13.00 35.00 73.00 22.00 38.00 0.08 2.35 0.00 1.00 0.00 7.00 12.00 10.00 5.00 15.00 2.00 0.00 0.00 0.00 0.00 0.00
41.00 16.00 21.00 43.00 74.00 22.00 31.00 0.09 3.16 0.00 2.00 0.00 3.00 5.00 13.00 11.00 11.00 5.00 0.00 0.00 0.00 0.00 0.00
42.00 23.00 24.00 61.00 105.00 37.00 44.00 0.10 3.17 0.00 1.00 0.00 8.00 13.00 15.00 10.00 18.00 5.00 0.00 0.00 0.00 0.00 0.00
43.00 14.00 11.00 37.00 71.00 26.00 34.00 0.08 3.43 0.00 3.00 0.00 6.00 10.00 8.00 4.00 11.00 3.00 0.00 0.00 0.00 0.00 0.00
44.00 19.00 17.00 51.00 92.00 34.00 41.00 0.09 2.77 0.00 3.00 0.00 4.00 9.00 15.00 10.00 11.00 8.00 0.00 0.00 0.00 0.00 0.00
45.00 17.00 21.00 46.00 79.00 25.00 33.00 0.07 3.01 0.00 1.00 0.00 5.00 12.00 12.00 5.00 13.00 4.00 0.00 0.00 0.00 0.00 0.00
46.00 18.00 17.00 43.00 88.00 26.00 45.00 0.07 3.65 0.00 2.00 0.00 5.00 8.00 13.00 10.00 11.00 7.00 0.00 0.00 0.00 0.00 0.00
47.00 22.00 27.00 56.00 106.00 29.00 50.00 0.10 2.77 0.00 2.00 0.00 6.00 12.00 16.00 10.00 17.00 5.00 0.00 0.00 0.00 0.00 0.00
48.00 19.00 23.00 48.00 87.00 25.00 39.00 0.09 3.57 0.00 2.00 0.00 6.00 12.00 13.00 7.00 15.00 4.00 0.00 0.00 0.00 0.00 0.00
49.00 16.00 15.00 37.00 77.00 22.00 40.00 0.08 2.44 0.00 1.00 0.00 2.00 8.00 14.00 8.00 12.00 4.00 0.00 0.00 0.00 0.00 0.00
50.00 21.00 25.00 54.00 100.00 29.00 46.00 0.08 3.31 0.00 1.00 0.00 6.00 12.00 15.00 9.00 16.00 5.00 0.00 0.00 0.00 0.00 0.00
51.00 19.00 19.00 50.00 89.00 31.00 39.00 0.08 3.93 0.00 1.00 0.00 6.00 10.00 13.00 9.00 14.00 5.00 0.00 0.00 0.00 0.00 0.00
52.00 19.00 26.00 54.00 90.00 28.00 36.00 0.07 3.43 0.00 2.00 0.00 2.00 7.00 17.00 12.00 12.00 7.00 0.00 0.00 1.00 0.00 0.00
53.00 18.00 21.00 53.00 86.00 32.00 33.00 0.09 4.55 0.00 1.00 0.00 5.00 8.00 13.00 10.00 11.00 7.00 0.00 0.00 0.00 0.00 0.00
54.00 18.00 18.00 46.00 85.00 28.00 39.00 0.08 3.50 0.00 3.00 0.00 5.00 10.00 13.00 8.00 12.00 6.00 0.00 0.00 1.00 0.00 0.00
55.00 20.00 23.00 53.00 96.00 30.00 43.00 0.09 3.84 0.00 2.00 0.00 7.00 9.00 13.00 11.00 13.00 7.00 0.00 0.00 0.00 0.00 0.00
56.00 15.00 16.00 41.00 71.00 25.00 30.00 0.09 0.43 0.00 1.00 0.00 5.00 8.00 10.00 7.00 8.00 7.00 0.00 0.00 1.00 0.00 0.00
57.00 18.00 23.00 49.00 90.00 26.00 41.00 0.08 2.97 0.00 0.00 0.00 4.00 6.00 14.00 12.00 11.00 7.00 0.00 0.00 0.00 0.00 0.00
58.00 21.00 29.00 63.00 102.00 34.00 39.00 0.08 3.72 0.00 1.00 0.00 6.00 14.00 15.00 7.00 17.00 4.00 0.00 0.00 0.00 0.00 0.00
59.00 18.00 25.00 52.00 86.00 27.00 34.00 0.08 4.60 0.00 2.00 0.00 6.00 8.00 12.00 10.00 12.00 6.00 0.00 0.00 0.00 0.00 0.00
60.00 18.00 18.00 49.00 89.00 31.00 40.00 0.09 3.84 0.00 2.00 0.00 2.00 8.00 16.00 10.00 11.00 7.00 0.00 0.00 0.00 0.00 0.00
61.00 20.00 24.00 50.00 93.00 26.00 43.00 0.08 3.28 0.00 3.00 0.00 5.00 10.00 15.00 10.00 16.00 4.00 0.00 0.00 0.00 0.00 0.00
62.00 20.00 34.00 62.00 97.00 28.00 35.00 0.09 3.28 0.00 3.00 0.00 4.00 8.00 16.00 12.00 12.00 8.00 0.00 0.00 0.00 0.00 0.00
63.00 19.00 22.00 55.00 97.00 33.00 42.00 0.08 4.75 0.00 2.00 0.00 3.00 7.00 16.00 12.00 10.00 9.00 0.00 0.00 0.00 0.00 0.00
64.00 20.00 23.00 54.00 93.00 31.00 39.00 0.07 4.65 0.00 2.00 0.00 7.00 10.00 13.00 10.00 14.00 6.00 0.00 0.00 0.00 0.00 0.00
65.00 25.00 33.00 66.00 115.00 33.00 49.00 0.07 4.20 0.00 3.00 0.00 6.00 12.00 19.00 13.00 15.00 10.00 0.00 0.00 0.00 0.00 0.00
66.00 22.00 30.00 65.00 114.00 35.00 49.00 0.09 4.67 0.00 3.00 0.00 2.00 5.00 20.00 17.00 11.00 11.00 0.00 0.00 0.00 0.00 0.00
67.00 23.00 29.00 65.00 115.00 36.00 50.00 0.08 4.27 0.00 2.00 0.00 5.00 11.00 18.00 12.00 13.00 10.00 0.00 0.00 0.00 0.00 0.00
68.00 21.00 24.00 61.00 106.00 37.00 45.00 0.10 4.45 0.00 3.00 0.00 4.00 11.00 17.00 10.00 12.00 9.00 0.00 0.00 0.00 0.00 0.00
69.00 21.00 22.00 56.00 102.00 34.00 46.00 0.07 4.75 0.00 1.00 0.00 3.00 9.00 18.00 12.00 16.00 5.00 0.00 0.00 0.00 0.00 0.00
70.00 22.00 31.00 63.00 104.00 32.00 41.00 0.08 4.87 0.00 3.00 0.00 5.00 9.00 17.00 13.00 13.00 9.00 0.00 0.00 0.00 0.00 0.00
71.00 19.00 25.00 52.00 91.00 27.00 39.00 0.10 4.62 0.00 4.00 0.00 2.00 9.00 17.00 10.00 12.00 7.00 0.00 0.00 0.00 0.00 0.00
72.00 22.00 29.00 60.00 106.00 31.00 46.00 0.08 4.08 0.00 4.00 0.00 8.00 11.00 14.00 11.00 15.00 7.00 0.00 0.00 0.00 0.00 0.00
73.00 27.00 36.00 74.00 131.00 38.00 57.00 0.08 4.53 0.00 3.00 0.00 3.00 12.00 24.00 15.00 17.00 10.00 0.00 0.00 0.00 1.00 0.00
74.00 27.00 43.00 78.00 131.00 35.00 53.00 0.09 4.20 0.00 3.00 0.00 5.00 10.00 22.00 17.00 14.00 13.00 0.00 0.00 0.00 0.00 0.00
75.00 21.00 18.00 56.00 107.00 38.00 51.00 0.08 4.29 0.00 4.00 0.00 8.00 11.00 13.00 10.00 17.00 4.00 0.00 0.00 0.00 0.00 0.00
76.00 24.00 39.00 73.00 115.00 34.00 42.00 0.08 4.59 0.00 5.00 0.00 6.00 12.00 18.00 12.00 18.00 6.00 0.00 0.00 0.00 0.00 0.00
77.00 25.00 45.00 79.00 125.00 34.00 46.00 0.07 4.35 0.00 3.00 0.00 5.00 10.00 20.00 15.00 18.00 7.00 0.00 0.00 0.00 0.00 0.00
78.00 28.00 42.00 82.00 128.00 40.00 46.00 0.08 4.70 0.00 4.00 0.00 4.00 13.00 24.00 15.00 17.00 11.00 0.00 0.00 0.00 0.00 0.00
79.00 24.00 33.00 68.00 115.00 35.00 47.00 0.09 4.99 0.00 3.00 0.00 4.00 7.00 20.00 17.00 13.00 11.00 0.00 0.00 0.00 0.00 0.00
80.00 25.00 23.00 70.00 127.00 47.00 57.00 0.09 4.47 0.00 4.00 0.00 4.00 9.00 21.00 16.00 12.00 13.00 0.00 0.00 0.00 0.00 0.00
81.00 25.00 31.00 73.00 127.00 42.00 54.00 0.09 4.61 0.00 3.00 0.00 3.00 9.00 22.00 16.00 15.00 10.00 0.00 0.00 1.00 0.00 0.00
82.00 23.00 33.00 68.00 113.00 35.00 45.00 0.09 4.89 0.00 3.00 0.00 5.00 12.00 18.00 11.00 17.00 6.00 0.00 0.00 0.00 0.00 0.00
83.00 32.00 48.00 92.00 157.00 44.00 65.00 0.08 4.33 0.00 3.00 0.00 8.00 19.00 24.00 13.00 22.00 10.00 0.00 0.00 0.00 0.00 0.00
84.00 19.00 14.00 49.00 99.00 35.00 50.00 0.09 5.08 0.00 3.00 0.00 5.00 7.00 14.00 12.00 13.00 6.00 0.00 0.00 0.00 0.00 0.00
85.00 19.00 23.00 53.00 97.00 30.00 44.00 0.08 4.77 0.00 3.00 0.00 5.00 8.00 14.00 11.00 11.00 8.00 0.00 0.00 0.00 0.00 0.00
86.00 25.00 36.00 67.00 119.00 31.00 52.00 0.09 3.99 0.00 3.00 0.00 5.00 10.00 20.00 15.00 13.00 12.00 0.00 0.00 0.00 0.00 0.00
87.00 21.00 22.00 56.00 109.00 34.00 53.00 0.07 2.54 0.00 3.00 0.00 5.00 11.00 16.00 10.00 16.00 5.00 0.00 0.00 0.00 1.00 0.00
88.00 24.00 39.00 68.00 122.00 29.00 54.00 0.08 3.73 0.00 3.00 0.00 5.00 11.00 19.00 13.00 15.00 9.00 0.00 0.00 0.00 0.00 0.00
89.00 23.00 23.00 58.00 114.00 35.00 56.00 0.09 2.45 0.00 3.00 0.00 6.00 14.00 17.00 9.00 17.00 6.00 0.00 0.00 0.00 0.00 0.00
90.00 24.00 32.00 69.00 116.00 37.00 47.00 0.08 4.22 0.00 2.00 0.00 7.00 13.00 17.00 11.00 15.00 9.00 0.00 0.00 0.00 0.00 0.00
91.00 21.00 33.00 65.00 107.00 32.00 42.00 0.09 3.67 0.00 3.00 0.00 7.00 13.00 14.00 8.00 18.00 3.00 0.00 0.00 1.00 0.00 0.00
92.00 23.00 28.00 61.00 115.00 33.00 54.00 0.08 3.93 0.00 2.00 0.00 6.00 15.00 17.00 8.00 17.00 6.00 0.00 0.00 0.00 0.00 0.00
93.00 20.00 21.00 52.00 106.00 31.00 54.00 0.09 4.52 0.00 2.00 0.00 3.00 8.00 17.00 12.00 13.00 7.00 0.00 0.00 1.00 0.00 0.00
94.00 23.00 31.00 63.00 116.00 32.00 53.00 0.08 3.84 0.00 2.00 0.00 4.00 9.00 19.00 14.00 15.00 8.00 0.00 0.00 1.00 0.00 0.00
95.00 26.00 22.00 69.00 128.00 47.00 59.00 0.08 3.78 1.00 2.00 0.50 7.00 13.00 19.00 13.00 19.00 7.00 0.00 0.00 1.00 0.00 0.00
96.00 19.00 19.00 53.00 96.00 34.00 43.00 0.09 4.19 1.00 3.00 0.33 4.00 10.00 15.00 9.00 13.00 6.00 0.00 0.00 1.00 0.00 0.00
97.00 28.00 41.00 81.00 129.00 40.00 48.00 0.08 3.86 0.00 2.00 0.00 5.00 15.00 23.00 13.00 20.00 8.00 0.00 0.00 1.00 0.00 0.00
98.00 33.00 50.00 95.00 152.00 45.00 57.00 0.09 3.92 0.00 2.00 0.00 9.00 14.00 24.00 19.00 18.00 15.00 0.00 0.00 1.00 0.00 0.00
99.00 37.00 50.00 97.00 175.00 47.00 78.00 0.08 4.53 0.00 2.00 0.00 13.00 18.00 24.00 19.00 24.00 13.00 0.00 0.00 1.00 0.00 1.00
100.00 25.00 28.00 68.00 128.00 40.00 60.00 0.08 4.27 0.00 2.00 0.00 4.00 10.00 21.00 15.00 14.00 11.00 0.00 0.00 0.00 0.00 0.00
101.00 34.00 51.00 101.00 170.00 50.00 69.00 0.08 3.81 1.00 3.00 0.33 8.00 15.00 26.00 19.00 20.00 14.00 0.00 0.00 0.00 1.00 0.00
102.00 30.00 43.00 85.00 148.00 42.00 63.00 0.08 3.67 1.00 2.00 0.50 8.00 13.00 22.00 17.00 19.00 11.00 0.00 0.00 0.00 0.00 0.00
103.00 29.00 50.00 87.00 145.00 37.00 58.00 0.07 4.68 0.00 4.00 0.00 7.00 12.00 22.00 17.00 19.00 10.00 0.00 0.00 0.00 0.00 0.00
104.00 28.00 35.00 72.00 141.00 37.00 69.00 0.09 4.38 0.00 4.00 0.00 5.00 12.00 23.00 16.00 17.00 11.00 0.00 0.00 0.00 0.00 0.00
105.00 27.00 39.00 80.00 129.00 41.00 49.00 0.07 3.81 0.00 3.00 0.00 6.00 12.00 21.00 15.00 20.00 7.00 0.00 0.00 0.00 0.00 0.00
106.00 33.00 51.00 94.00 155.00 43.00 61.00 0.08 4.63 0.00 4.00 0.00 9.00 14.00 24.00 19.00 22.00 11.00 0.00 0.00 0.00 0.00 0.00
107.00 28.00 44.00 85.00 139.00 41.00 54.00 0.10 4.80 0.00 3.00 0.00 8.00 12.00 20.00 16.00 16.00 12.00 0.00 0.00 1.00 1.00 0.00
108.00 30.00 55.00 96.00 152.00 41.00 56.00 0.08 3.60 0.00 4.00 0.00 4.00 11.00 26.00 19.00 19.00 11.00 0.00 0.00 1.00 0.00 0.00
109.00 30.00 34.00 88.00 151.00 54.00 63.00 0.08 5.05 0.00 4.00 0.00 10.00 15.00 20.00 15.00 18.00 12.00 0.00 0.00 1.00 0.00 0.00
110.00 30.00 36.00 88.00 149.00 52.00 61.00 0.10 4.95 0.00 4.00 0.00 6.00 10.00 24.00 20.00 19.00 11.00 0.00 0.00 1.00 0.00 0.00
111.00 32.00 46.00 89.00 158.00 43.00 69.00 0.09 4.76 0.00 4.00 0.00 7.00 13.00 25.00 19.00 22.00 10.00 0.00 0.00 1.00 0.00 0.00
112.00 29.00 46.00 80.00 140.00 34.00 60.00 0.10 4.44 0.00 4.00 0.00 8.00 14.00 21.00 15.00 21.00 8.00 0.00 0.00 0.00 0.00 0.00
113.00 20.00 24.00 50.00 101.00 26.00 51.00 0.08 4.05 0.00 2.00 0.00 3.00 8.00 17.00 12.00 10.00 10.00 0.00 0.00 1.00 0.00 0.00
114.00 19.00 22.00 49.00 92.00 27.00 43.00 0.09 3.88 0.00 3.00 0.00 4.00 9.00 15.00 10.00 13.00 6.00 0.00 0.00 0.00 0.00 0.00
115.00 24.00 31.00 71.00 121.00 40.00 50.00 0.10 4.83 0.00 3.00 0.00 3.00 8.00 21.00 16.00 10.00 14.00 0.00 0.00 1.00 0.00 0.00
116.00 32.00 51.00 95.00 156.00 44.00 61.00 0.09 4.67 0.00 3.00 0.00 7.00 12.00 25.00 20.00 17.00 15.00 0.00 0.00 0.00 0.00 0.00
117.00 28.00 43.00 82.00 144.00 39.00 62.00 0.07 4.73 0.00 3.00 0.00 4.00 11.00 24.00 17.00 15.00 13.00 0.00 0.00 0.00 0.00 0.00
118.00 32.00 43.00 89.00 156.00 46.00 67.00 0.09 4.22 0.00 3.00 0.00 7.00 11.00 25.00 21.00 17.00 15.00 0.00 0.00 0.00 0.00 0.00
119.00 30.00 44.00 87.00 148.00 43.00 61.00 0.08 4.89 0.00 3.00 0.00 7.00 17.00 23.00 13.00 22.00 8.00 0.00 0.00 1.00 0.00 0.00
120.00 27.00 42.00 78.00 136.00 36.00 58.00 0.08 4.77 1.00 3.00 0.33 5.00 11.00 22.00 16.00 17.00 10.00 0.00 0.00 1.00 0.00 0.00
121.00 31.00 46.00 91.00 156.00 45.00 65.00 0.12 4.77 0.00 3.00 0.00 6.00 14.00 25.00 17.00 18.00 13.00 0.00 0.00 0.00 0.00 0.00
122.00 24.00 38.00 73.00 120.00 35.00 47.00 0.08 3.88 1.00 3.00 0.33 1.00 2.00 23.00 22.00 8.00 16.00 0.00 0.00 0.00 0.00 0.00
123.00 28.00 37.00 81.00 141.00 44.00 60.00 0.07 4.83 1.00 2.00 0.50 5.00 9.00 23.00 19.00 17.00 11.00 0.00 0.00 0.00 0.00 0.00
124.00 29.00 37.00 77.00 144.00 40.00 67.00 0.07 4.72 1.00 3.00 0.33 7.00 14.00 22.00 15.00 16.00 13.00 0.00 0.00 0.00 0.00 0.00
125.00 27.00 33.00 74.00 126.00 41.00 52.00 0.09 4.72 1.00 3.00 0.33 9.00 12.00 18.00 15.00 18.00 9.00 0.00 0.00 0.00 0.00 0.00
126.00 26.00 32.00 66.00 124.00 34.00 58.00 0.08 4.72 1.00 3.00 0.33 6.00 10.00 20.00 16.00 15.00 11.00 0.00 0.00 0.00 0.00 0.00
127.00 26.00 41.00 86.00 130.00 45.00 44.00 0.10 4.29 0.00 3.00 0.00 3.00 9.00 23.00 17.00 14.00 12.00 0.00 0.00 0.00 0.00 0.00
128.00 31.00 47.00 89.00 149.00 42.00 60.00 0.09 4.67 0.00 3.00 0.00 6.00 12.00 25.00 19.00 21.00 10.00 0.00 0.00 0.00 0.00 0.00
129.00 28.00 29.00 76.00 145.00 47.00 69.00 0.10 5.03 0.00 3.00 0.00 5.00 12.00 23.00 16.00 20.00 8.00 0.00 0.00 0.00 0.00 0.00
130.00 26.00 31.00 59.00 124.00 28.00 65.00 0.08 4.54 0.00 3.00 0.00 7.00 16.00 19.00 10.00 19.00 7.00 1.00 0.00 0.00 0.00 0.00
131.00 25.00 41.00 76.00 124.00 35.00 48.00 0.08 4.21 0.00 3.00 0.00 5.00 12.00 20.00 13.00 15.00 10.00 0.00 0.00 0.00 0.00 0.00
132.00 28.00 29.00 65.00 129.00 36.00 64.00 0.09 3.88 0.00 2.00 0.00 10.00 13.00 18.00 15.00 20.00 8.00 0.00 0.00 0.00 0.00 0.00
133.00 25.00 24.00 61.00 126.00 37.00 65.00 0.08 4.54 0.00 2.00 0.00 5.00 13.00 20.00 12.00 16.00 9.00 0.00 0.00 0.00 0.00 0.00
134.00 27.00 40.00 80.00 137.00 40.00 57.00 0.09 4.04 0.00 4.00 0.00 9.00 12.00 18.00 15.00 17.00 10.00 0.00 0.00 0.00 0.00 0.00
135.00 22.00 23.00 60.00 111.00 37.00 51.00 0.10 4.27 0.00 2.00 0.00 9.00 13.00 13.00 9.00 17.00 5.00 0.00 0.00 0.00 0.00 1.00
136.00 33.00 55.00 100.00 165.00 45.00 65.00 0.07 4.45 0.00 4.00 0.00 9.00 13.00 24.00 20.00 15.00 18.00 0.00 0.00 0.00 0.00 0.00
137.00 31.00 36.00 82.00 153.00 46.00 71.00 0.08 4.32 1.00 4.00 0.25 9.00 13.00 22.00 18.00 18.00 13.00 0.00 0.00 0.00 0.00 0.00
138.00 28.00 34.00 79.00 140.00 45.00 61.00 0.10 4.28 1.00 4.00 0.25 8.00 14.00 20.00 14.00 19.00 9.00 0.00 0.00 0.00 0.00 0.00
139.00 25.00 31.00 67.00 132.00 36.00 65.00 0.08 4.60 0.00 3.00 0.00 3.00 10.00 22.00 15.00 15.00 10.00 1.00 0.00 0.00 0.00 0.00
140.00 26.00 38.00 75.00 127.00 37.00 52.00 0.08 4.59 1.00 4.00 0.25 8.00 13.00 18.00 13.00 17.00 9.00 0.00 0.00 0.00 0.00 0.00
141.00 34.00 49.00 95.00 162.00 46.00 67.00 0.08 4.01 1.00 4.00 0.25 10.00 19.00 24.00 15.00 23.00 11.00 0.00 0.00 0.00 0.00 0.00
142.00 34.00 60.00 107.00 171.00 47.00 64.00 0.07 4.07 1.00 4.00 0.25 4.00 13.00 30.00 21.00 21.00 13.00 0.00 0.00 0.00 1.00 0.00
143.00 32.00 38.00 83.00 160.00 45.00 77.00 0.09 3.98 0.00 4.00 0.00 8.00 14.00 24.00 18.00 20.00 12.00 0.00 0.00 0.00 1.00 0.00
144.00 27.00 35.00 77.00 139.00 42.00 62.00 0.10 3.87 1.00 4.00 0.25 6.00 10.00 21.00 17.00 16.00 11.00 0.00 0.00 0.00 0.00 0.00
145.00 34.00 51.00 98.00 166.00 47.00 68.00 0.08 4.21 1.00 4.00 0.25 6.00 16.00 28.00 18.00 26.00 8.00 0.00 0.00 0.00 0.00 0.00
146.00 38.00 59.00 108.00 187.00 49.00 79.00 0.09 4.23 1.00 4.00 0.25 8.00 13.00 30.00 25.00 20.00 18.00 0.00 0.00 1.00 0.00 0.00
147.00 34.00 51.00 97.00 167.00 46.00 70.00 0.08 4.16 1.00 4.00 0.25 6.00 12.00 28.00 22.00 18.00 16.00 0.00 0.00 0.00 0.00 0.00
148.00 41.00 53.00 114.00 196.00 61.00 82.00 0.07 3.97 1.00 4.00 0.25 11.00 21.00 30.00 20.00 30.00 11.00 0.00 0.00 1.00 0.00 0.00
149.00 37.00 48.00 99.00 174.00 51.00 75.00 0.08 4.23 1.00 4.00 0.25 3.00 13.00 34.00 24.00 20.00 17.00 0.00 0.00 0.00 0.00 0.00
150.00 33.00 47.00 93.00 163.00 46.00 70.00 0.10 4.13 1.00 4.00 0.25 8.00 11.00 25.00 22.00 18.00 15.00 0.00 0.00 0.00 0.00 0.00
151.00 31.00 46.00 87.00 152.00 41.00 65.00 0.08 4.01 1.00 4.00 0.25 7.00 13.00 24.00 18.00 21.00 10.00 0.00 0.00 0.00 0.00 0.00
152.00 30.00 37.00 82.00 135.00 45.00 53.00 0.07 3.74 1.00 4.00 0.25 8.00 16.00 22.00 14.00 20.00 10.00 0.00 0.00 0.00 0.00 0.00
153.00 30.00 41.00 88.00 149.00 47.00 61.00 0.09 3.89 1.00 4.00 0.25 7.00 14.00 23.00 16.00 20.00 10.00 0.00 0.00 0.00 0.00 0.00
154.00 28.00 44.00 82.00 139.00 38.00 57.00 0.08 3.79 0.00 4.00 0.00 6.00 9.00 22.00 19.00 14.00 14.00 0.00 0.00 0.00 0.00 0.00
155.00 31.00 49.00 88.00 148.00 39.00 60.00 0.09 4.08 1.00 3.00 0.33 8.00 15.00 23.00 16.00 20.00 11.00 0.00 0.00 0.00 0.00 0.00
156.00 29.00 45.00 88.00 145.00 43.00 57.00 0.07 3.34 1.00 1.00 1.00 7.00 11.00 22.00 18.00 21.00 8.00 0.00 0.00 0.00 0.00 0.00
157.00 27.00 39.00 74.00 121.00 35.00 47.00 0.08 2.60 1.00 2.00 0.50 5.00 13.00 22.00 14.00 18.00 9.00 0.00 0.00 0.00 0.00 0.00
158.00 18.00 23.00 45.00 87.00 22.00 42.00 0.08 1.43 0.00 2.00 0.00 4.00 6.00 14.00 12.00 9.00 9.00 0.00 0.00 0.00 0.00 0.00
159.00 25.00 33.00 62.00 121.00 29.00 59.00 0.08 3.82 0.00 2.00 0.00 3.00 13.00 22.00 12.00 17.00 8.00 0.00 0.00 0.00 0.00 0.00
160.00 28.00 45.00 76.00 136.00 31.00 60.00 0.08 2.95 0.00 3.00 0.00 5.00 7.00 23.00 21.00 16.00 12.00 0.00 0.00 0.00 0.00 0.00
161.00 24.00 34.00 67.00 121.00 33.00 54.00 0.08 4.15 0.00 3.00 0.00 4.00 6.00 20.00 18.00 12.00 12.00 0.00 0.00 0.00 0.00 0.00
162.00 24.00 37.00 75.00 130.00 38.00 55.00 0.09 3.35 0.00 3.00 0.00 6.00 8.00 18.00 16.00 11.00 13.00 0.00 0.00 1.00 0.00 0.00
163.00 21.00 29.00 58.00 105.00 29.00 47.00 0.09 3.58 0.00 3.00 0.00 2.00 8.00 19.00 13.00 16.00 5.00 0.00 0.00 1.00 0.00 0.00
164.00 27.00 39.00 78.00 129.00 39.00 51.00 0.09 3.71 0.00 3.00 0.00 5.00 14.00 22.00 13.00 16.00 11.00 0.00 0.00 1.00 1.00 0.00
165.00 20.00 24.00 57.00 100.00 33.00 43.00 0.08 2.75 0.00 2.00 0.00 4.00 9.00 16.00 11.00 13.00 7.00 0.00 0.00 1.00 0.00 0.00
166.00 22.00 33.00 62.00 109.00 29.00 47.00 0.09 3.86 0.00 3.00 0.00 3.00 8.00 19.00 14.00 13.00 9.00 0.00 0.00 1.00 0.00 0.00
167.00 20.00 26.00 54.00 100.00 28.00 46.00 0.07 4.20 0.00 2.00 0.00 5.00 8.00 15.00 12.00 16.00 4.00 1.00 0.00 0.00 0.00 0.00
168.00 17.00 16.00 42.00 87.00 26.00 45.00 0.08 4.19 0.00 3.00 0.00 1.00 7.00 16.00 10.00 11.00 6.00 0.00 0.00 0.00 0.00 0.00
169.00 24.00 35.00 74.00 121.00 39.00 47.00 0.10 3.75 0.00 3.00 0.00 3.00 12.00 21.00 12.00 14.00 10.00 0.00 0.00 1.00 0.00 0.00
170.00 23.00 27.00 59.00 111.00 32.00 52.00 0.07 4.09 0.00 3.00 0.00 6.00 12.00 17.00 11.00 15.00 8.00 0.00 0.00 0.00 0.00 0.00
171.00 22.00 21.00 56.00 109.00 35.00 53.00 0.09 3.96 0.00 3.00 0.00 4.00 9.00 18.00 13.00 15.00 7.00 0.00 0.00 1.00 0.00 0.00
172.00 21.00 15.00 49.00 99.00 34.00 50.00 0.08 4.22 0.00 2.00 0.00 8.00 10.00 13.00 11.00 17.00 4.00 0.00 0.00 1.00 0.00 1.00
173.00 22.00 31.00 61.00 105.00 30.00 44.00 0.08 3.59 0.00 2.00 0.00 3.00 9.00 19.00 13.00 10.00 12.00 0.00 0.00 0.00 0.00 0.00
174.00 18.00 21.00 46.00 84.00 25.00 38.00 0.08 2.90 0.00 2.00 0.00 8.00 12.00 10.00 6.00 13.00 5.00 0.00 0.00 0.00 0.00 0.00
175.00 16.00 18.00 38.00 75.00 20.00 37.00 0.08 2.39 0.00 2.00 0.00 3.00 8.00 13.00 8.00 9.00 7.00 0.00 0.00 0.00 0.00 0.00
176.00 15.00 17.00 41.00 79.00 24.00 38.00 0.09 0.68 0.00 1.00 0.00 1.00 6.00 14.00 9.00 11.00 4.00 0.00 0.00 0.00 0.00 0.00
177.00 21.00 14.00 44.00 98.00 30.00 54.00 0.08 3.28 0.00 1.00 0.00 4.00 10.00 17.00 11.00 13.00 8.00 0.00 0.00 0.00 0.00 0.00
178.00 20.00 25.00 54.00 94.00 29.00 40.00 0.09 3.21 0.00 2.00 0.00 5.00 12.00 15.00 8.00 15.00 5.00 0.00 0.00 0.00 0.00 0.00
179.00 22.00 31.00 56.00 107.00 25.00 51.00 0.08 3.53 0.00 1.00 0.00 8.00 11.00 14.00 11.00 15.00 7.00 0.00 0.00 0.00 0.00 0.00
180.00 25.00 29.00 66.00 113.00 37.00 47.00 0.07 3.42 0.00 1.00 0.00 7.00 10.00 18.00 15.00 14.00 11.00 0.00 0.00 0.00 0.00 0.00
181.00 16.00 10.00 41.00 76.00 31.00 35.00 0.08 3.67 0.00 3.00 0.00 4.00 9.00 12.00 7.00 9.00 7.00 0.00 0.00 0.00 0.00 0.00
182.00 13.00 10.00 30.00 65.00 20.00 35.00 0.08 3.37 0.00 2.00 0.00 1.00 4.00 12.00 9.00 9.00 4.00 0.00 0.00 0.00 0.00 0.00
183.00 15.00 16.00 40.00 76.00 24.00 36.00 0.08 1.46 0.00 2.00 0.00 2.00 7.00 13.00 8.00 10.00 5.00 0.00 0.00 0.00 0.00 0.00
184.00 21.00 22.00 52.00 95.00 30.00 43.00 0.08 3.36 0.00 2.00 0.00 2.00 8.00 19.00 13.00 13.00 8.00 0.00 0.00 0.00 0.00 0.00
185.00 16.00 12.00 37.00 81.00 25.00 44.00 0.08 1.40 0.00 1.00 0.00 5.00 8.00 11.00 8.00 10.00 6.00 0.00 0.00 0.00 0.00 0.00
186.00 19.00 24.00 48.00 90.00 24.00 42.00 0.08 2.10 0.00 1.00 0.00 5.00 8.00 14.00 11.00 11.00 8.00 0.00 0.00 1.00 0.00 0.00
187.00 18.00 10.00 38.00 95.00 28.00 57.00 0.08 1.45 0.00 1.00 0.00 4.00 7.00 14.00 11.00 12.00 6.00 0.00 0.00 0.00 0.00 0.00
188.00 17.00 16.00 42.00 83.00 26.00 41.00 0.09 3.01 0.00 2.00 0.00 5.00 8.00 12.00 9.00 12.00 5.00 0.00 0.00 0.00 0.00 0.00
189.00 22.00 35.00 67.00 111.00 32.00 44.00 0.08 1.90 1.00 2.00 0.50 5.00 10.00 17.00 12.00 14.00 8.00 0.00 0.00 0.00 0.00 0.00
190.00 18.00 19.00 46.00 90.00 27.00 44.00 0.07 2.13 0.00 2.00 0.00 4.00 6.00 14.00 12.00 11.00 7.00 0.00 0.00 0.00 0.00 0.00
191.00 21.00 26.00 58.00 100.00 32.00 42.00 0.09 2.72 0.00 2.00 0.00 2.00 8.00 19.00 13.00 13.00 8.00 0.00 0.00 0.00 0.00 0.00
192.00 14.00 11.00 35.00 69.00 24.00 34.00 0.09 0.53 0.00 2.00 0.00 2.00 6.00 12.00 8.00 12.00 2.00 0.00 0.00 1.00 0.00 0.00
193.00 17.00 21.00 48.00 86.00 27.00 38.00 0.08 0.48 0.00 2.00 0.00 6.00 7.00 11.00 10.00 7.00 10.00 0.00 0.00 1.00 0.00 0.00
194.00 19.00 19.00 48.00 87.00 29.00 39.00 0.08 3.68 0.00 1.00 0.00 4.00 7.00 15.00 12.00 14.00 5.00 0.00 0.00 0.00 0.00 0.00
195.00 15.00 12.00 41.00 75.00 29.00 34.00 0.08 1.59 0.00 1.00 0.00 3.00 7.00 12.00 8.00 11.00 4.00 0.00 0.00 0.00 0.00 0.00
196.00 21.00 20.00 50.00 104.00 30.00 54.00 0.07 1.44 0.00 1.00 0.00 7.00 14.00 14.00 7.00 17.00 4.00 0.00 0.00 0.00 0.00 0.00
197.00 19.00 25.00 50.00 88.00 25.00 38.00 0.09 1.42 0.00 2.00 0.00 3.00 8.00 16.00 11.00 10.00 9.00 0.00 0.00 0.00 0.00 0.00
198.00 14.00 16.00 36.00 63.00 20.00 27.00 0.08 0.54 0.00 1.00 0.00 4.00 7.00 10.00 7.00 9.00 5.00 0.00 0.00 0.00 0.00 0.00
199.00 16.00 15.00 36.00 71.00 21.00 35.00 0.09 2.46 0.00 2.00 0.00 4.00 9.00 12.00 7.00 14.00 2.00 0.00 0.00 0.00 0.00 0.00
200.00 21.00 22.00 53.00 101.00 31.00 48.00 0.09 1.38 0.00 2.00 0.00 6.00 11.00 15.00 10.00 16.00 5.00 0.00 0.00 0.00 0.00 0.00
201.00 17.00 22.00 47.00 87.00 25.00 40.00 0.09 1.37 0.00 1.00 0.00 2.00 7.00 15.00 10.00 8.00 9.00 0.00 0.00 0.00 0.00 0.00
202.00 17.00 22.00 45.00 82.00 23.00 37.00 0.09 1.43 0.00 2.00 0.00 3.00 5.00 14.00 12.00 10.00 7.00 0.00 0.00 0.00 0.00 0.00
203.00 17.00 20.00 46.00 84.00 26.00 38.00 0.08 1.46 0.00 2.00 0.00 1.00 8.00 16.00 9.00 12.00 5.00 0.00 0.00 0.00 0.00 0.00
204.00 14.00 9.00 31.00 74.00 22.00 43.00 0.09 2.68 0.00 1.00 0.00 5.00 7.00 9.00 7.00 8.00 6.00 0.00 0.00 0.00 0.00 0.00
205.00 9.00 5.00 21.00 39.00 16.00 18.00 0.09 0.33 0.00 1.00 0.00 4.00 6.00 5.00 3.00 6.00 3.00 0.00 0.00 0.00 0.00 0.00
206.00 11.00 12.00 25.00 50.00 13.00 25.00 0.08 0.40 0.00 1.00 0.00 4.00 5.00 7.00 6.00 9.00 2.00 0.00 0.00 0.00 0.00 0.00
207.00 8.00 3.00 16.00 36.00 13.00 20.00 0.08 0.30 0.00 1.00 0.00 3.00 4.00 5.00 4.00 5.00 3.00 0.00 0.00 0.00 0.00 0.00
208.00 18.00 23.00 44.00 80.00 21.00 36.00 0.09 0.64 0.00 1.00 0.00 7.00 11.00 11.00 7.00 14.00 4.00 0.00 0.00 0.00 0.00 0.00
209.00 11.00 8.00 25.00 55.00 17.00 30.00 0.07 0.43 0.00 1.00 0.00 3.00 7.00 8.00 4.00 9.00 2.00 0.00 0.00 0.00 0.00 0.00
210.00 12.00 10.00 23.00 50.00 13.00 27.00 0.09 0.39 0.00 1.00 0.00 1.00 4.00 11.00 8.00 8.00 4.00 0.00 0.00 0.00 0.00 0.00
211.00 8.00 6.00 17.00 37.00 11.00 20.00 0.08 0.30 0.00 0.00 0.00 1.00 3.00 7.00 5.00 6.00 2.00 0.00 0.00 0.00 0.00 0.00
212.00 8.00 3.00 12.00 33.00 9.00 21.00 0.09 0.41 0.00 1.00 0.00 5.00 6.00 3.00 2.00 7.00 1.00 0.00 0.00 0.00 0.00 0.00
213.00 11.00 8.00 23.00 49.00 15.00 26.00 0.07 0.35 0.00 0.00 0.00 4.00 6.00 7.00 5.00 9.00 2.00 0.00 0.00 0.00 0.00 0.00
214.00 13.00 3.00 22.00 60.00 19.00 38.00 0.07 0.46 0.00 1.00 0.00 6.00 9.00 7.00 4.00 13.00 0.00 0.00 0.00 0.00 0.00 0.00
215.00 9.00 4.00 16.00 43.00 12.00 27.00 0.08 0.35 0.00 1.00 0.00 4.00 8.00 5.00 1.00 8.00 1.00 0.00 0.00 0.00 0.00 0.00
216.00 9.00 4.00 15.00 36.00 11.00 21.00 0.08 0.32 0.00 1.00 0.00 4.00 4.00 5.00 5.00 8.00 1.00 0.00 0.00 0.00 0.00 0.00
217.00 11.00 8.00 19.00 44.00 11.00 25.00 0.09 0.42 0.00 1.00 0.00 4.00 7.00 7.00 4.00 9.00 2.00 0.00 0.00 0.00 0.00 0.00
218.00 9.00 5.00 14.00 37.00 9.00 23.00 0.08 0.40 0.00 1.00 0.00 3.00 5.00 6.00 4.00 6.00 3.00 0.00 0.00 0.00 0.00 0.00
219.00 10.00 1.00 17.00 43.00 16.00 26.00 0.08 0.45 0.00 1.00 0.00 3.00 7.00 7.00 3.00 9.00 1.00 0.00 0.00 0.00 0.00 0.00
220.00 11.00 12.00 26.00 51.00 14.00 25.00 0.09 0.37 0.00 1.00 0.00 2.00 5.00 9.00 6.00 9.00 2.00 0.00 0.00 0.00 0.00 0.00
221.00 11.00 8.00 26.00 54.00 18.00 28.00 0.08 0.35 0.00 1.00 0.00 3.00 5.00 8.00 6.00 8.00 3.00 0.00 0.00 0.00 0.00 0.00
222.00 13.00 9.00 26.00 62.00 17.00 36.00 0.09 1.44 0.00 1.00 0.00 1.00 6.00 12.00 7.00 9.00 4.00 0.00 0.00 0.00 0.00 0.00
223.00 4.00 1.00 4.00 13.00 3.00 9.00 0.09 0.18 0.00 0.00 0.00 2.00 4.00 2.00 0.00 4.00 0.00 0.00 0.00 0.00 0.00 0.00
224.00 10.00 4.00 15.00 40.00 11.00 25.00 0.09 0.46 0.00 0.00 0.00 5.00 8.00 5.00 2.00 9.00 1.00 0.00 0.00 0.00 0.00 0.00
225.00 12.00 10.00 29.00 55.00 19.00 26.00 0.08 0.51 0.00 0.00 0.00 4.00 7.00 8.00 5.00 9.00 3.00 0.00 0.00 0.00 0.00 0.00
226.00 7.00 0.00 2.00 14.00 2.00 12.00 0.09 0.60 0.00 0.00 0.00 3.00 6.00 4.00 1.00 7.00 0.00 0.00 0.00 0.00 0.00 0.00
227.00 4.00 0.00 2.00 11.00 2.00 9.00 0.08 0.59 0.00 0.00 0.00 1.00 3.00 3.00 1.00 4.00 0.00 0.00 0.00 0.00 0.00 0.00
228.00 3.00 0.00 2.00 11.00 2.00 9.00 0.07 0.13 0.00 0.00 0.00 2.00 3.00 1.00 0.00 3.00 0.00 0.00 0.00 0.00 0.00 0.00
229.00 5.00 2.00 8.00 20.00 6.00 12.00 0.08 0.23 0.00 0.00 0.00 2.00 3.00 3.00 2.00 5.00 0.00 0.00 0.00 0.00 0.00 0.00
230.00 4.00 0.00 2.00 12.00 2.00 10.00 0.09 0.37 0.00 0.00 0.00 2.00 4.00 2.00 0.00 4.00 0.00 0.00 0.00 0.00 0.00 0.00
231.00 3.00 0.00 2.00 8.00 2.00 6.00 0.09 0.15 0.00 0.00 0.00 2.00 3.00 1.00 0.00 3.00 0.00 0.00 0.00 0.00 0.00 0.00
232.00 3.00 0.00 2.00 12.00 2.00 10.00 0.08 0.14 0.00 0.00 0.00 2.00 3.00 1.00 0.00 3.00 0.00 0.00 0.00 0.00 0.00 0.00
233.00 3.00 0.00 2.00 11.00 2.00 9.00 0.09 0.07 0.00 0.00 0.00 2.00 3.00 1.00 0.00 3.00 0.00 0.00 0.00 0.00 0.00 0.00
234.00 4.00 0.00 0.00 6.00 0.00 6.00 0.08 0.77 0.00 0.00 0.00 2.00 4.00 2.00 0.00 4.00 0.00 0.00 0.00 0.00 0.00 0.00
235.00 4.00 1.00 5.00 15.00 4.00 10.00 0.07 0.16 0.00 0.00 0.00 3.00 3.00 1.00 1.00 4.00 0.00 0.00 0.00 0.00 0.00 0.00
