0.00 4.00 0.00 0.00 7.00 0.00 7.00 0.09 0.45 0.00 0.00 0.00 3.00 3.00 1.00 1.00 4.00 0.00 0.00 0.00 0.00 0.00 0.00
1.00 3.00 0.00 2.00 11.00 2.00 9.00 0.09 0.15 0.00 0.00 0.00 2.00 3.00 1.00 0.00 3.00 0.00 0.00 0.00 0.00 0.00 0.00
2.00 5.00 1.00 7.00 23.00 6.00 16.00 0.08 0.24 0.00 0.00 0.00 1.00 4.00 4.00 1.00 5.00 0.00 0.00 0.00 0.00 0.00 0.00
3.00 6.00 2.00 8.00 24.00 6.00 16.00 0.09 0.23 0.00 0.00 0.00 3.00 5.00 3.00 1.00 6.00 0.00 0.00 0.00 0.00 0.00 0.00
4.00 7.00 1.00 6.00 29.00 5.00 23.00 0.09 0.45 0.00 0.00 0.00 5.00 5.00 2.00 2.00 6.00 1.00 0.00 0.00 0.00 0.00 0.00
5.00 6.00 2.00 8.00 23.00 6.00 15.00 0.10 0.21 0.00 0.00 0.00 3.00 4.00 3.00 2.00 5.00 1.00 0.00 0.00 0.00 0.00 0.00
6.00 7.00 2.00 13.00 31.00 11.00 18.00 0.09 0.27 0.00 0.00 0.00 5.00 5.00 2.00 2.00 6.00 1.00 0.00 0.00 0.00 0.00 0.00
7.00 5.00 1.00 7.00 22.00 6.00 15.00 0.08 0.23 0.00 0.00 0.00 2.00 3.00 3.00 2.00 5.00 0.00 0.00 0.00 0.00 0.00 0.00
8.00 9.00 4.00 19.00 43.00 15.00 24.00 0.09 0.36 0.00 1.00 0.00 2.00 4.00 7.00 5.00 8.00 1.00 0.00 0.00 0.00 0.00 0.00
9.00 11.00 8.00 28.00 53.00 20.00 25.00 0.08 0.43 0.00 1.00 0.00 6.00 7.00 5.00 4.00 8.00 3.00 0.00 0.00 0.00 0.00 0.00
10.00 5.00 1.00 5.00 20.00 4.00 15.00 0.08 0.15 0.00 0.00 0.00 1.00 4.00 4.00 1.00 5.00 0.00 0.00 0.00 0.00 0.00 0.00
11.00 11.00 7.00 25.00 53.00 18.00 28.00 0.09 0.42 0.00 1.00 0.00 2.00 9.00 9.00 2.00 11.00 0.00 0.00 0.00 0.00 0.00 0.00
12.00 13.00 13.00 33.00 61.00 20.00 28.00 0.08 0.44 0.00 1.00 0.00 6.00 9.00 7.00 4.00 10.00 3.00 0.00 0.00 0.00 0.00 0.00
13.00 11.00 11.00 28.00 54.00 17.00 26.00 0.09 0.35 0.00 0.00 0.00 2.00 4.00 9.00 7.00 7.00 4.00 0.00 0.00 0.00 0.00 0.00
14.00 6.00 1.00 8.00 28.00 7.00 20.00 0.10 0.35 0.00 1.00 0.00 2.00 4.00 4.00 2.00 6.00 0.00 0.00 0.00 0.00 0.00 0.00
15.00 13.00 10.00 27.00 63.00 17.00 36.00 0.11 0.46 0.00 1.00 0.00 5.00 7.00 8.00 6.00 9.00 4.00 0.00 0.00 0.00 0.00 0.00
16.00 8.00 4.00 14.00 37.00 10.00 23.00 0.10 0.34 0.00 1.00 0.00 4.00 7.00 4.00 1.00 7.00 1.00 0.00 0.00 0.00 0.00 0.00
17.00 8.00 3.00 13.00 34.00 10.00 21.00 0.09 0.39 0.00 1.00 0.00 4.00 6.00 4.00 2.00 7.00 1.00 0.00 0.00 0.00 0.00 0.00
18.00 7.00 5.00 11.00 31.00 6.00 20.00 0.10 0.22 0.00 1.00 0.00 1.00 5.00 6.00 2.00 6.00 1.00 0.00 0.00 0.00 0.00 0.00
19.00 10.00 5.00 19.00 49.00 14.00 30.00 0.08 0.37 0.00 1.00 0.00 5.00 6.00 5.00 4.00 8.00 2.00 0.00 0.00 0.00 0.00 0.00
20.00 13.00 12.00 34.00 63.00 22.00 29.00 0.11 0.38 0.00 1.00 0.00 7.00 10.00 6.00 3.00 12.00 1.00 0.00 0.00 0.00 0.00 0.00
21.00 15.00 7.00 31.00 70.00 24.00 39.00 0.10 1.67 0.00 1.00 0.00 4.00 10.00 11.00 5.00 13.00 2.00 0.00 0.00 0.00 0.00 0.00
22.00 13.00 13.00 32.00 64.00 19.00 32.00 0.11 0.52 0.00 1.00 0.00 4.00 8.00 9.00 5.00 10.00 3.00 0.00 0.00 0.00 0.00 0.00
23.00 8.00 1.00 6.00 31.00 5.00 25.00 0.10 0.43 0.00 1.00 0.00 4.00 6.00 4.00 2.00 8.00 0.00 0.00 0.00 0.00 0.00 0.00
24.00 15.00 18.00 40.00 72.00 22.00 32.00 0.09 1.55 0.00 2.00 0.00 4.00 7.00 11.00 8.00 9.00 6.00 0.00 0.00 0.00 0.00 0.00
25.00 17.00 23.00 43.00 87.00 20.00 44.00 0.09 0.54 0.00 2.00 0.00 4.00 8.00 13.00 9.00 12.00 5.00 0.00 0.00 0.00 0.00 0.00
26.00 20.00 26.00 54.00 98.00 28.00 44.00 0.08 1.42 0.00 1.00 0.00 8.00 9.00 12.00 11.00 11.00 9.00 0.00 0.00 0.00 0.00 0.00
27.00 20.00 21.00 54.00 100.00 33.00 46.00 0.08 2.09 0.00 1.00 0.00 6.00 11.00 14.00 9.00 13.00 7.00 0.00 0.00 0.00 0.00 0.00
28.00 17.00 18.00 41.00 85.00 23.00 44.00 0.10 0.67 0.00 1.00 0.00 5.00 10.00 12.00 7.00 14.00 3.00 0.00 0.00 0.00 0.00 0.00
29.00 16.00 14.00 39.00 79.00 25.00 40.00 0.10 1.43 0.00 1.00 0.00 5.00 7.00 11.00 9.00 12.00 4.00 0.00 0.00 0.00 0.00 0.00
30.00 18.00 23.00 49.00 86.00 26.00 37.00 0.07 1.54 0.00 2.00 0.00 4.00 8.00 14.00 10.00 9.00 9.00 0.00 0.00 0.00 0.00 0.00
31.00 18.00 20.00 47.00 91.00 27.00 44.00 0.10 1.40 0.00 3.00 0.00 5.00 8.00 13.00 10.00 11.00 7.00 0.00 0.00 0.00 0.00 0.00
32.00 21.00 17.00 48.00 99.00 31.00 51.00 0.10 1.47 0.00 2.00 0.00 7.00 14.00 14.00 7.00 16.00 5.00 0.00 0.00 0.00 0.00 0.00
33.00 6.00 2.00 9.00 26.00 7.00 17.00 0.08 0.23 0.00 2.00 0.00 1.00 5.00 5.00 1.00 6.00 0.00 0.00 0.00 0.00 0.00 0.00
34.00 20.00 20.00 51.00 94.00 31.00 43.00 0.09 0.69 0.00 1.00 0.00 3.00 9.00 17.00 11.00 12.00 8.00 0.00 0.00 0.00 0.00 0.00
35.00 18.00 20.00 41.00 89.00 21.00 48.00 0.09 0.69 0.00 2.00 0.00 7.00 8.00 11.00 10.00 11.00 7.00 0.00 0.00 0.00 0.00 0.00
36.00 21.00 33.00 64.00 102.00 31.00 38.00 0.09 1.41 0.00 2.00 0.00 3.00 7.00 18.00 14.00 9.00 12.00 0.00 0.00 0.00 0.00 0.00
37.00 22.00 28.00 56.00 103.00 28.00 47.00 0.09 0.85 0.00 1.00 0.00 6.00 10.00 16.00 12.00 14.00 8.00 0.00 0.00 1.00 0.00 0.00
38.00 22.00 27.00 60.00 106.00 33.00 46.00 0.08 1.91 0.00 1.00 0.00 5.00 11.00 17.00 11.00 16.00 6.00 0.00 0.00 0.00 0.00 0.00
39.00 22.00 31.00 61.00 108.00 30.00 47.00 0.09 1.28 0.00 1.00 0.00 7.00 9.00 15.00 13.00 14.00 8.00 0.00 0.00 0.00 0.00 0.00
40.00 24.00 36.00 69.00 119.00 33.00 50.00 0.08 1.36 0.00 1.00 0.00 3.00 9.00 21.00 15.00 13.00 11.00 0.00 0.00 0.00 1.00 0.00
41.00 20.00 23.00 51.00 100.00 28.00 49.00 0.10 0.67 0.00 1.00 0.00 6.00 12.00 14.00 8.00 16.00 4.00 0.00 0.00 1.00 0.00 0.00
42.00 22.00 28.00 58.00 107.00 30.00 49.00 0.08 0.75 0.00 1.00 0.00 4.00 8.00 18.00 14.00 11.00 11.00 0.00 0.00 0.00 0.00 0.00
43.00 25.00 33.00 67.00 117.00 34.00 50.00 0.09 0.69 0.00 1.00 0.00 8.00 11.00 17.00 14.00 14.00 11.00 0.00 0.00 1.00 0.00 0.00
44.00 19.00 19.00 41.00 88.00 22.00 47.00 0.10 1.45 0.00 1.00 0.00 7.00 11.00 12.00 8.00 16.00 3.00 0.00 0.00 0.00 0.00 0.00
45.00 26.00 29.00 61.00 124.00 32.00 63.00 0.08 1.32 0.00 1.00 0.00 7.00 11.00 19.00 15.00 14.00 12.00 0.00 0.00 2.00 0.00 0.00
46.00 21.00 27.00 57.00 98.00 30.00 41.00 0.08 0.67 0.00 2.00 0.00 8.00 10.00 13.00 11.00 15.00 6.00 0.00 0.00 0.00 0.00 0.00
47.00 14.00 11.00 31.00 70.00 20.00 39.00 0.08 0.40 0.00 1.00 0.00 5.00 7.00 9.00 7.00 9.00 5.00 0.00 0.00 0.00 0.00 0.00
48.00 19.00 17.00 51.00 96.00 34.00 45.00 0.08 0.61 0.00 0.00 0.00 6.00 10.00 13.00 9.00 13.00 6.00 0.00 0.00 0.00 0.00 0.00
49.00 17.00 18.00 48.00 84.00 30.00 36.00 0.08 0.55 0.00 1.00 0.00 4.00 6.00 13.00 11.00 11.00 6.00 0.00 0.00 0.00 0.00 0.00
50.00 18.00 22.00 49.00 90.00 27.00 41.00 0.09 0.60 0.00 1.00 0.00 5.00 10.00 13.00 8.00 11.00 7.00 0.00 0.00 0.00 0.00 0.00
51.00 18.00 19.00 47.00 90.00 28.00 43.00 0.08 0.54 0.00 1.00 0.00 7.00 11.00 11.00 7.00 13.00 5.00 0.00 0.00 0.00 0.00 0.00
52.00 18.00 21.00 50.00 93.00 29.00 43.00 0.09 0.58 0.00 1.00 0.00 3.00 4.00 15.00 14.00 9.00 9.00 0.00 0.00 0.00 0.00 0.00
53.00 24.00 30.00 72.00 120.00 42.00 48.00 0.09 0.68 1.00 2.00 0.50 5.00 14.00 19.00 10.00 16.00 8.00 0.00 0.00 1.00 0.00 0.00
54.00 21.00 30.00 61.00 97.00 31.00 36.00 0.09 0.68 0.00 1.00 0.00 6.00 12.00 15.00 9.00 16.00 5.00 0.00 0.00 0.00 0.00 0.00
55.00 19.00 16.00 40.00 88.00 24.00 48.00 0.09 0.75 0.00 2.00 0.00 7.00 10.00 12.00 9.00 15.00 4.00 0.00 0.00 0.00 0.00 0.00
56.00 20.00 16.00 52.00 103.00 36.00 51.00 0.07 0.69 0.00 2.00 0.00 7.00 10.00 13.00 10.00 15.00 5.00 0.00 0.00 0.00 0.00 0.00
57.00 23.00 24.00 62.00 113.00 38.00 51.00 0.08 0.70 0.00 1.00 0.00 6.00 12.00 17.00 11.00 19.00 4.00 0.00 0.00 0.00 0.00 0.00
58.00 20.00 13.00 47.00 102.00 34.00 55.00 0.08 0.76 0.00 1.00 0.00 8.00 13.00 12.00 7.00 15.00 5.00 0.00 0.00 0.00 0.00 0.00
59.00 20.00 24.00 52.00 95.00 28.00 43.00 0.09 1.55 0.00 1.00 0.00 3.00 10.00 17.00 10.00 15.00 5.00 0.00 0.00 0.00 0.00 0.00
60.00 19.00 25.00 53.00 89.00 28.00 36.00 0.08 0.62 0.00 1.00 0.00 5.00 6.00 14.00 13.00 10.00 9.00 0.00 0.00 1.00 0.00 0.00
61.00 22.00 28.00 60.00 112.00 32.00 52.00 0.10 0.74 0.00 1.00 0.00 6.00 11.00 16.00 11.00 14.00 8.00 0.00 0.00 0.00 0.00 0.00
62.00 23.00 28.00 59.00 119.00 31.00 60.00 0.08 0.75 0.00 1.00 0.00 7.00 11.00 16.00 12.00 15.00 8.00 0.00 0.00 1.00 0.00 0.00
63.00 19.00 19.00 51.00 94.00 32.00 43.00 0.08 0.77 0.00 1.00 0.00 3.00 6.00 16.00 13.00 7.00 12.00 0.00 0.00 1.00 1.00 0.00
64.00 22.00 27.00 61.00 109.00 34.00 48.00 0.07 0.71 0.00 1.00 0.00 5.00 9.00 17.00 13.00 14.00 8.00 0.00 0.00 0.00 1.00 0.00
65.00 19.00 20.00 49.00 90.00 29.00 41.00 0.06 0.72 0.00 1.00 0.00 8.00 12.00 11.00 7.00 15.00 4.00 0.00 0.00 0.00 0.00 0.00
66.00 19.00 21.00 46.00 96.00 25.00 50.00 0.10 2.11 0.00 1.00 0.00 8.00 11.00 11.00 8.00 13.00 6.00 0.00 0.00 0.00 0.00 0.00
67.00 22.00 25.00 49.00 97.00 24.00 48.00 0.09 2.28 0.00 1.00 0.00 7.00 10.00 15.00 12.00 15.00 7.00 0.00 0.00 0.00 0.00 0.00
68.00 21.00 22.00 57.00 105.00 35.00 48.00 0.08 2.12 0.00 1.00 0.00 6.00 8.00 15.00 13.00 16.00 5.00 0.00 0.00 0.00 0.00 0.00
69.00 22.00 34.00 65.00 105.00 31.00 40.00 0.09 2.05 0.00 1.00 0.00 4.00 10.00 18.00 12.00 13.00 9.00 0.00 0.00 0.00 1.00 0.00
70.00 18.00 19.00 51.00 89.00 32.00 38.00 0.09 2.22 0.00 1.00 0.00 3.00 7.00 15.00 11.00 9.00 9.00 0.00 0.00 0.00 0.00 0.00
71.00 18.00 14.00 43.00 94.00 29.00 51.00 0.10 1.54 0.00 0.00 0.00 8.00 11.00 10.00 7.00 13.00 5.00 0.00 0.00 0.00 0.00 0.00
72.00 19.00 21.00 52.00 94.00 31.00 42.00 0.08 2.75 1.00 1.00 1.00 5.00 10.00 14.00 9.00 13.00 6.00 0.00 0.00 0.00 0.00 0.00
73.00 21.00 25.00 53.00 99.00 28.00 46.00 0.09 4.01 0.00 2.00 0.00 8.00 12.00 13.00 9.00 15.00 6.00 0.00 0.00 0.00 0.00 0.00
74.00 16.00 16.00 39.00 77.00 23.00 38.00 0.07 3.74 0.00 2.00 0.00 9.00 10.00 7.00 6.00 11.00 5.00 0.00 0.00 0.00 0.00 0.00
75.00 17.00 14.00 40.00 78.00 26.00 38.00 0.10 4.90 0.00 2.00 0.00 6.00 11.00 11.00 6.00 12.00 5.00 0.00 0.00 0.00 0.00 0.00
76.00 20.00 24.00 55.00 96.00 31.00 41.00 0.08 3.75 0.00 1.00 0.00 7.00 12.00 13.00 8.00 16.00 4.00 0.00 0.00 0.00 0.00 1.00
77.00 19.00 20.00 51.00 101.00 31.00 50.00 0.08 3.46 0.00 1.00 0.00 4.00 8.00 15.00 11.00 12.00 7.00 0.00 0.00 0.00 0.00 0.00
78.00 16.00 13.00 35.00 75.00 22.00 40.00 0.08 3.74 0.00 1.00 0.00 6.00 9.00 10.00 7.00 12.00 4.00 0.00 0.00 0.00 0.00 0.00
79.00 21.00 23.00 52.00 93.00 29.00 41.00 0.07 4.67 0.00 1.00 0.00 5.00 12.00 16.00 9.00 16.00 5.00 0.00 0.00 0.00 0.00 0.00
80.00 9.00 3.00 14.00 39.00 11.00 25.00 0.06 0.72 0.00 1.00 0.00 1.00 5.00 8.00 4.00 8.00 1.00 0.00 0.00 0.00 0.00 0.00
81.00 14.00 6.00 30.00 63.00 24.00 33.00 0.09 2.65 0.00 1.00 0.00 4.00 10.00 10.00 4.00 12.00 2.00 0.00 0.00 0.00 0.00 0.00
82.00 15.00 12.00 35.00 74.00 23.00 39.00 0.09 3.29 0.00 1.00 0.00 5.00 8.00 10.00 7.00 10.00 5.00 0.00 0.00 0.00 0.00 0.00
83.00 14.00 14.00 36.00 69.00 22.00 33.00 0.09 4.83 0.00 1.00 0.00 4.00 10.00 10.00 4.00 11.00 3.00 0.00 0.00 0.00 0.00 0.00
84.00 15.00 17.00 36.00 72.00 19.00 36.00 0.09 3.51 0.00 1.00 0.00 6.00 9.00 9.00 6.00 11.00 4.00 0.00 0.00 0.00 0.00 0.00
85.00 17.00 13.00 36.00 80.00 23.00 44.00 0.08 4.14 0.00 1.00 0.00 6.00 11.00 11.00 6.00 12.00 5.00 0.00 0.00 0.00 0.00 0.00
86.00 16.00 11.00 30.00 69.00 19.00 39.00 0.09 3.07 0.00 1.00 0.00 9.00 11.00 7.00 5.00 14.00 2.00 0.00 0.00 0.00 0.00 0.00
87.00 17.00 12.00 35.00 79.00 23.00 44.00 0.09 2.22 0.00 1.00 0.00 6.00 10.00 11.00 7.00 14.00 3.00 0.00 0.00 0.00 0.00 0.00
88.00 14.00 13.00 35.00 70.00 22.00 35.00 0.09 2.68 0.00 1.00 0.00 4.00 10.00 10.00 4.00 10.00 4.00 0.00 0.00 0.00 0.00 0.00
89.00 15.00 15.00 36.00 69.00 21.00 33.00 0.09 2.45 0.00 1.00 0.00 5.00 9.00 10.00 6.00 12.00 3.00 0.00 0.00 0.00 0.00 0.00
90.00 15.00 9.00 35.00 70.00 26.00 35.00 0.09 1.65 0.00 1.00 0.00 7.00 10.00 8.00 5.00 11.00 4.00 0.00 0.00 0.00 0.00 0.00
91.00 22.00 20.00 44.00 91.00 24.00 47.00 0.09 1.81 0.00 1.00 0.00 7.00 15.00 15.00 7.00 20.00 2.00 0.00 0.00 0.00 0.00 0.00
92.00 15.00 13.00 36.00 68.00 23.00 32.00 0.09 3.26 0.00 1.00 0.00 2.00 9.00 13.00 6.00 11.00 4.00 0.00 0.00 0.00 0.00 0.00
93.00 20.00 21.00 49.00 97.00 28.00 48.00 0.09 0.62 0.00 0.00 0.00 8.00 14.00 12.00 6.00 16.00 4.00 0.00 0.00 0.00 0.00 0.00
94.00 18.00 20.00 49.00 86.00 29.00 37.00 0.09 1.41 0.00 1.00 0.00 5.00 10.00 13.00 8.00 13.00 5.00 0.00 0.00 0.00 0.00 0.00
95.00 20.00 21.00 53.00 99.00 32.00 46.00 0.08 1.91 0.00 1.00 0.00 5.00 11.00 15.00 9.00 15.00 5.00 0.00 0.00 1.00 0.00 0.00
96.00 16.00 14.00 38.00 76.00 24.00 38.00 0.09 1.47 0.00 1.00 0.00 6.00 8.00 10.00 8.00 10.00 6.00 0.00 0.00 0.00 0.00 0.00
97.00 17.00 20.00 47.00 84.00 27.00 37.00 0.09 1.56 0.00 1.00 0.00 5.00 8.00 12.00 9.00 11.00 6.00 0.00 0.00 0.00 0.00 0.00
98.00 20.00 17.00 50.00 98.00 33.00 48.00 0.10 2.12 0.00 2.00 0.00 3.00 6.00 17.00 14.00 11.00 9.00 0.00 0.00 0.00 0.00 0.00
99.00 26.00 31.00 64.00 128.00 33.00 64.00 0.09 2.71 0.00 2.00 0.00 6.00 13.00 20.00 13.00 19.00 7.00 0.00 0.00 0.00 0.00 0.00
100.00 20.00 27.00 56.00 103.00 29.00 47.00 0.08 2.05 0.00 2.00 0.00 5.00 8.00 15.00 12.00 12.00 8.00 0.00 0.00 0.00 0.00 0.00
101.00 14.00 10.00 34.00 71.00 24.00 37.00 0.09 2.49 0.00 2.00 0.00 3.00 8.00 11.00 6.00 10.00 4.00 0.00 0.00 0.00 0.00 0.00
102.00 16.00 19.00 38.00 77.00 19.00 39.00 0.07 1.39 0.00 2.00 0.00 5.00 10.00 11.00 6.00 13.00 3.00 0.00 0.00 0.00 1.00 0.00
103.00 20.00 25.00 54.00 95.00 29.00 41.00 0.09 1.24 0.00 1.00 0.00 5.00 12.00 15.00 8.00 15.00 5.00 0.00 0.00 0.00 0.00 0.00
104.00 14.00 11.00 33.00 70.00 22.00 37.00 0.08 1.59 0.00 2.00 0.00 5.00 9.00 9.00 5.00 11.00 3.00 0.00 0.00 0.00 0.00 0.00
105.00 19.00 24.00 51.00 91.00 27.00 40.00 0.09 0.54 0.00 1.00 0.00 8.00 9.00 11.00 10.00 14.00 5.00 0.00 0.00 1.00 0.00 0.00
106.00 21.00 26.00 55.00 104.00 29.00 49.00 0.08 1.82 0.00 2.00 0.00 6.00 9.00 15.00 12.00 10.00 11.00 0.00 0.00 0.00 0.00 0.00
107.00 22.00 26.00 57.00 112.00 31.00 55.00 0.07 2.10 0.00 2.00 0.00 4.00 8.00 18.00 14.00 12.00 10.00 0.00 0.00 0.00 0.00 0.00
108.00 20.00 22.00 50.00 93.00 28.00 43.00 0.09 1.39 0.00 1.00 0.00 4.00 11.00 16.00 9.00 12.00 8.00 0.00 0.00 1.00 0.00 0.00
109.00 19.00 14.00 42.00 84.00 28.00 42.00 0.09 2.07 0.00 1.00 0.00 6.00 12.00 13.00 7.00 15.00 4.00 0.00 0.00 0.00 0.00 0.00
110.00 21.00 19.00 55.00 103.00 36.00 48.00 0.08 1.34 0.00 1.00 0.00 5.00 10.00 16.00 11.00 16.00 5.00 0.00 0.00 0.00 0.00 0.00
111.00 22.00 22.00 52.00 103.00 30.00 51.00 0.09 1.58 0.00 3.00 0.00 5.00 11.00 17.00 11.00 15.00 7.00 0.00 0.00 0.00 0.00 0.00
112.00 15.00 15.00 37.00 76.00 22.00 39.00 0.08 1.49 0.00 2.00 0.00 2.00 7.00 13.00 8.00 11.00 4.00 0.00 0.00 0.00 0.00 0.00
113.00 18.00 21.00 43.00 89.00 22.00 46.00 0.08 2.07 0.00 3.00 0.00 4.00 6.00 14.00 12.00 13.00 5.00 0.00 0.00 0.00 0.00 0.00
114.00 10.00 6.00 23.00 47.00 17.00 24.00 0.06 1.92 0.00 2.00 0.00 4.00 6.00 6.00 4.00 7.00 3.00 0.00 0.00 0.00 0.00 0.00
115.00 23.00 25.00 63.00 119.00 38.00 56.00 0.10 1.91 0.00 2.00 0.00 3.00 8.00 20.00 15.00 16.00 7.00 0.00 0.00 0.00 0.00 0.00
116.00 20.00 20.00 48.00 101.00 28.00 53.00 0.07 2.15 0.00 2.00 0.00 5.00 8.00 15.00 12.00 11.00 9.00 0.00 0.00 0.00 0.00 0.00
117.00 26.00 28.00 64.00 116.00 36.00 52.00 0.08 2.38 0.00 2.00 0.00 6.00 15.00 20.00 11.00 18.00 8.00 0.00 0.00 1.00 0.00 0.00
118.00 19.00 16.00 48.00 92.00 32.00 44.00 0.08 1.46 0.00 1.00 0.00 7.00 10.00 12.00 9.00 12.00 7.00 0.00 0.00 0.00 0.00 0.00
119.00 14.00 5.00 21.00 61.00 16.00 40.00 0.08 0.66 0.00 1.00 0.00 4.00 11.00 10.00 3.00 13.00 1.00 0.00 0.00 0.00 0.00 0.00
120.00 23.00 27.00 60.00 116.00 33.00 56.00 0.08 0.70 0.00 1.00 0.00 4.00 10.00 19.00 13.00 14.00 9.00 0.00 0.00 0.00 0.00 0.00
121.00 30.00 38.00 84.00 151.00 46.00 67.00 0.09 1.18 0.00 2.00 0.00 10.00 12.00 20.00 18.00 18.00 12.00 0.00 0.00 0.00 0.00 0.00
122.00 14.00 13.00 36.00 67.00 23.00 31.00 0.09 2.49 0.00 1.00 0.00 3.00 6.00 11.00 8.00 10.00 4.00 0.00 0.00 0.00 1.00 0.00
123.00 27.00 35.00 70.00 132.00 35.00 62.00 0.09 2.22 0.00 0.00 0.00 5.00 11.00 22.00 16.00 21.00 6.00 0.00 0.00 0.00 1.00 0.00
124.00 22.00 26.00 58.00 115.00 32.00 57.00 0.09 1.26 0.00 1.00 0.00 9.00 14.00 13.00 8.00 19.00 3.00 0.00 0.00 0.00 2.00 0.00
125.00 25.00 14.00 52.00 121.00 38.00 69.00 0.10 2.72 0.00 2.00 0.00 7.00 13.00 18.00 12.00 16.00 9.00 0.00 0.00 0.00 0.00 0.00
126.00 25.00 26.00 68.00 124.00 42.00 56.00 0.09 2.28 1.00 1.00 1.00 8.00 10.00 17.00 15.00 15.00 10.00 0.00 0.00 0.00 0.00 0.00
127.00 31.00 35.00 79.00 155.00 44.00 76.00 0.08 2.45 1.00 2.00 0.50 8.00 15.00 23.00 16.00 19.00 12.00 0.00 0.00 0.00 1.00 0.00
128.00 26.00 26.00 73.00 133.00 47.00 60.00 0.08 2.39 1.00 2.00 0.50 8.00 13.00 18.00 13.00 17.00 9.00 0.00 0.00 0.00 0.00 0.00
129.00 25.00 37.00 67.00 131.00 30.00 64.00 0.09 1.84 0.00 1.00 0.00 5.00 8.00 20.00 17.00 14.00 11.00 1.00 0.00 0.00 0.00 0.00
130.00 36.00 33.00 98.00 182.00 65.00 84.00 0.09 3.09 0.00 2.00 0.00 10.00 17.00 26.00 19.00 25.00 11.00 0.00 0.00 0.00 0.00 0.00
131.00 22.00 17.00 47.00 110.00 30.00 63.00 0.08 3.39 0.00 1.00 0.00 4.00 12.00 18.00 10.00 15.00 7.00 1.00 0.00 0.00 0.00 0.00
132.00 31.00 43.00 81.00 154.00 38.00 73.00 0.08 1.60 1.00 3.00 0.33 10.00 18.00 21.00 13.00 22.00 9.00 1.00 0.00 1.00 0.00 0.00
133.00 30.00 31.00 75.00 158.00 44.00 83.00 0.09 2.99 1.00 3.00 0.33 11.00 16.00 19.00 14.00 18.00 12.00 0.00 0.00 1.00 0.00 0.00
134.00 41.00 47.00 118.00 202.00 71.00 84.00 0.07 2.50 1.00 4.00 0.25 8.00 21.00 33.00 20.00 29.00 12.00 1.00 0.00 1.00 0.00 0.00
135.00 30.00 27.00 69.00 144.00 42.00 75.00 0.07 3.50 1.00 3.00 0.33 6.00 16.00 24.00 14.00 22.00 8.00 1.00 0.00 0.00 0.00 0.00
136.00 38.00 42.00 107.00 194.00 65.00 87.00 0.08 2.90 0.00 4.00 0.00 7.00 15.00 31.00 23.00 20.00 18.00 1.00 0.00 0.00 0.00 0.00
137.00 30.00 38.00 85.00 161.00 47.00 76.00 0.08 3.81 0.00 2.00 0.00 5.00 10.00 25.00 20.00 15.00 15.00 0.00 0.00 1.00 0.00 1.00
138.00 30.00 29.00 85.00 154.00 56.00 69.00 0.09 2.97 0.00 3.00 0.00 9.00 16.00 21.00 14.00 18.00 12.00 0.00 0.00 0.00 1.00 0.00
139.00 34.00 34.00 85.00 170.00 51.00 85.00 0.08 2.74 0.00 3.00 0.00 7.00 13.00 27.00 21.00 20.00 14.00 1.00 0.00 0.00 0.00 0.00
140.00 31.00 40.00 84.00 155.00 44.00 71.00 0.09 2.55 0.00 3.00 0.00 8.00 12.00 23.00 19.00 15.00 16.00 1.00 0.00 1.00 0.00 0.00
141.00 34.00 41.00 96.00 172.00 55.00 76.00 0.09 2.77 0.00 3.00 0.00 7.00 15.00 27.00 19.00 22.00 12.00 1.00 0.00 1.00 0.00 0.00
142.00 30.00 24.00 78.00 155.00 54.00 77.00 0.10 3.29 0.00 3.00 0.00 6.00 15.00 24.00 15.00 21.00 9.00 0.00 0.00 0.00 0.00 0.00
143.00 26.00 28.00 69.00 137.00 41.00 68.00 0.08 2.24 0.00 3.00 0.00 6.00 13.00 20.00 13.00 18.00 8.00 0.00 0.00 0.00 1.00 0.00
144.00 28.00 27.00 68.00 138.00 41.00 70.00 0.07 2.18 0.00 3.00 0.00 7.00 12.00 21.00 16.00 16.00 12.00 0.00 0.00 0.00 0.00 0.00
145.00 27.00 23.00 75.00 143.00 52.00 68.00 0.08 3.23 0.00 2.00 0.00 8.00 12.00 19.00 15.00 15.00 12.00 0.00 0.00 0.00 0.00 1.00
146.00 24.00 17.00 62.00 127.00 45.00 65.00 0.08 2.35 0.00 2.00 0.00 4.00 8.00 20.00 16.00 12.00 12.00 0.00 0.00 0.00 0.00 0.00
147.00 25.00 25.00 62.00 127.00 37.00 65.00 0.07 1.85 0.00 2.00 0.00 7.00 12.00 18.00 13.00 16.00 9.00 0.00 0.00 0.00 0.00 0.00
148.00 32.00 36.00 84.00 149.00 48.00 65.00 0.07 3.74 0.00 3.00 0.00 15.00 20.00 17.00 12.00 24.00 8.00 0.00 0.00 0.00 0.00 0.00
149.00 31.00 32.00 87.00 155.00 55.00 68.00 0.08 3.09 0.00 2.00 0.00 9.00 16.00 22.00 15.00 18.00 13.00 0.00 0.00 0.00 0.00 0.00
150.00 28.00 32.00 78.00 140.00 46.00 62.00 0.07 2.68 0.00 2.00 0.00 12.00 14.00 16.00 14.00 19.00 9.00 0.00 0.00 0.00 0.00 0.00
151.00 30.00 41.00 95.00 151.00 54.00 56.00 0.09 3.22 1.00 2.00 0.50 6.00 10.00 24.00 20.00 19.00 11.00 0.00 0.00 0.00 0.00 0.00
152.00 33.00 29.00 86.00 163.00 57.00 77.00 0.08 4.18 0.00 2.00 0.00 9.00 14.00 24.00 19.00 19.00 14.00 0.00 0.00 0.00 0.00 0.00
153.00 34.00 41.00 94.00 169.00 53.00 75.00 0.09 3.88 0.00 2.00 0.00 11.00 13.00 23.00 21.00 19.00 15.00 0.00 0.00 0.00 0.00 0.00
154.00 26.00 24.00 65.00 133.00 41.00 68.00 0.09 4.79 2.00 2.00 1.00 8.00 10.00 18.00 16.00 19.00 7.00 0.00 0.00 0.00 0.00 0.00
155.00 19.00 9.00 39.00 91.00 30.00 52.00 0.08 4.46 1.00 1.00 1.00 7.00 14.00 12.00 5.00 15.00 4.00 0.00 0.00 0.00 0.00 0.00
156.00 26.00 37.00 70.00 138.00 33.00 68.00 0.09 4.40 1.00 1.00 1.00 7.00 12.00 19.00 14.00 15.00 11.00 0.00 0.00 0.00 1.00 0.00
157.00 29.00 38.00 88.00 157.00 50.00 69.00 0.10 3.90 1.00 1.00 1.00 5.00 13.00 24.00 16.00 18.00 11.00 0.00 0.00 0.00 1.00 0.00
158.00 26.00 24.00 63.00 128.00 39.00 65.00 0.07 4.54 0.00 1.00 0.00 4.00 9.00 22.00 17.00 15.00 11.00 0.00 0.00 0.00 0.00 0.00
159.00 27.00 30.00 75.00 146.00 45.00 71.00 0.08 4.51 2.00 0.00 0.00 6.00 12.00 21.00 15.00 17.00 10.00 0.00 0.00 0.00 1.00 0.00
160.00 25.00 19.00 60.00 132.00 41.00 72.00 0.08 3.93 0.00 1.00 0.00 5.00 11.00 20.00 14.00 15.00 10.00 0.00 0.00 0.00 0.00 0.00
161.00 26.00 38.00 79.00 137.00 41.00 58.00 0.05 4.57 2.00 2.00 1.00 3.00 9.00 23.00 17.00 17.00 9.00 0.00 0.00 0.00 0.00 0.00
162.00 27.00 30.00 72.00 140.00 42.00 68.00 0.07 4.53 1.00 1.00 1.00 9.00 14.00 18.00 13.00 21.00 6.00 0.00 0.00 0.00 0.00 0.00
163.00 26.00 27.00 72.00 135.00 45.00 63.00 0.08 4.67 1.00 0.00 0.00 5.00 9.00 21.00 17.00 13.00 13.00 0.00 0.00 0.00 0.00 0.00
164.00 16.00 6.00 34.00 82.00 28.00 48.00 0.08 4.35 0.00 2.00 0.00 2.00 7.00 14.00 9.00 12.00 4.00 0.00 0.00 0.00 0.00 0.00
165.00 18.00 19.00 47.00 90.00 28.00 43.00 0.10 2.25 0.00 0.00 0.00 5.00 12.00 13.00 6.00 15.00 3.00 0.00 0.00 0.00 0.00 0.00
166.00 20.00 25.00 55.00 99.00 30.00 44.00 0.09 3.11 0.00 2.00 0.00 6.00 8.00 14.00 12.00 12.00 8.00 0.00 0.00 0.00 0.00 0.00
167.00 24.00 23.00 61.00 121.00 38.00 60.00 0.08 4.62 0.00 1.00 0.00 6.00 13.00 18.00 11.00 20.00 4.00 0.00 0.00 1.00 0.00 0.00
168.00 25.00 33.00 70.00 129.00 37.00 59.00 0.08 4.13 0.00 1.00 0.00 5.00 9.00 20.00 16.00 15.00 10.00 0.00 0.00 0.00 0.00 0.00
169.00 24.00 24.00 63.00 128.00 39.00 65.00 0.09 4.43 1.00 1.00 1.00 5.00 10.00 19.00 14.00 18.00 6.00 0.00 0.00 0.00 1.00 0.00
170.00 28.00 36.00 78.00 140.00 42.00 62.00 0.07 4.01 0.00 1.00 0.00 9.00 14.00 19.00 14.00 20.00 8.00 0.00 0.00 0.00 0.00 0.00
171.00 24.00 18.00 60.00 127.00 42.00 67.00 0.09 4.21 0.00 1.00 0.00 3.00 10.00 21.00 14.00 17.00 7.00 0.00 0.00 0.00 0.00 0.00
172.00 18.00 10.00 44.00 90.00 34.00 46.00 0.08 4.45 0.00 1.00 0.00 2.00 8.00 16.00 10.00 12.00 6.00 1.00 0.00 0.00 0.00 0.00
173.00 13.00 1.00 24.00 64.00 23.00 40.00 0.09 4.82 0.00 1.00 0.00 7.00 7.00 6.00 6.00 11.00 2.00 0.00 0.00 0.00 0.00 0.00
174.00 15.00 8.00 29.00 73.00 21.00 44.00 0.09 2.45 0.00 0.00 0.00 4.00 7.00 11.00 8.00 10.00 5.00 0.00 0.00 0.00 0.00 0.00
175.00 14.00 5.00 23.00 67.00 18.00 44.00 0.07 4.81 0.00 1.00 0.00 9.00 10.00 5.00 4.00 11.00 3.00 0.00 0.00 0.00 0.00 0.00
176.00 22.00 15.00 47.00 107.00 32.00 60.00 0.09 4.23 0.00 1.00 0.00 5.00 13.00 17.00 9.00 16.00 6.00 0.00 0.00 0.00 2.00 0.00
177.00 22.00 13.00 49.00 107.00 36.00 58.00 0.09 4.12 0.00 1.00 0.00 9.00 14.00 13.00 8.00 16.00 6.00 0.00 0.00 0.00 0.00 0.00
178.00 11.00 3.00 19.00 50.00 16.00 31.00 0.08 1.86 0.00 0.00 0.00 5.00 6.00 6.00 5.00 7.00 4.00 0.00 0.00 0.00 0.00 0.00
179.00 16.00 18.00 33.00 74.00 15.00 41.00 0.10 3.66 0.00 1.00 0.00 4.00 10.00 12.00 6.00 10.00 6.00 0.00 0.00 0.00 0.00 0.00
180.00 13.00 9.00 26.00 56.00 17.00 30.00 0.07 3.92 0.00 1.00 0.00 1.00 7.00 12.00 6.00 8.00 5.00 0.00 0.00 0.00 0.00 0.00
181.00 13.00 13.00 32.00 60.00 19.00 28.00 0.08 2.72 0.00 1.00 0.00 2.00 4.00 11.00 9.00 12.00 1.00 0.00 0.00 0.00 0.00 0.00
182.00 15.00 15.00 35.00 72.00 20.00 37.00 0.06 2.43 0.00 1.00 0.00 5.00 9.00 10.00 6.00 11.00 4.00 0.00 0.00 0.00 0.00 0.00
183.00 8.00 2.00 13.00 35.00 11.00 22.00 0.07 0.36 0.00 1.00 0.00 0.00 5.00 8.00 3.00 7.00 1.00 0.00 0.00 0.00 0.00 0.00
184.00 14.00 11.00 33.00 66.00 22.00 33.00 0.09 2.61 0.00 2.00 0.00 3.00 9.00 11.00 5.00 11.00 3.00 0.00 0.00 0.00 0.00 0.00
185.00 13.00 15.00 36.00 61.00 21.00 25.00 0.06 2.65 0.00 1.00 0.00 5.00 7.00 8.00 6.00 10.00 3.00 0.00 0.00 0.00 0.00 0.00
186.00 12.00 8.00 25.00 58.00 17.00 33.00 0.08 1.77 0.00 1.00 0.00 3.00 6.00 9.00 6.00 8.00 4.00 0.00 0.00 0.00 0.00 0.00
187.00 15.00 11.00 28.00 65.00 17.00 37.00 0.09 3.76 0.00 1.00 0.00 4.00 9.00 11.00 6.00 9.00 6.00 0.00 0.00 0.00 0.00 0.00
188.00 6.00 0.00 6.00 23.00 6.00 17.00 0.08 3.74 0.00 1.00 0.00 3.00 4.00 3.00 2.00 5.00 1.00 0.00 0.00 0.00 0.00 0.00
189.00 8.00 3.00 11.00 38.00 8.00 27.00 0.10 4.61 0.00 1.00 0.00 2.00 5.00 6.00 3.00 7.00 1.00 0.00 0.00 0.00 0.00 0.00
190.00 17.00 16.00 42.00 85.00 26.00 43.00 0.07 4.00 0.00 1.00 0.00 4.00 9.00 13.00 8.00 12.00 5.00 0.00 0.00 1.00 0.00 0.00
191.00 13.00 15.00 34.00 63.00 19.00 29.00 0.09 3.46 0.00 1.00 0.00 1.00 4.00 12.00 9.00 8.00 5.00 0.00 0.00 0.00 0.00 0.00
192.00 12.00 9.00 25.00 58.00 16.00 33.00 0.09 4.39 0.00 1.00 0.00 3.00 6.00 9.00 6.00 9.00 3.00 0.00 0.00 0.00 0.00 0.00
193.00 11.00 6.00 22.00 50.00 16.00 28.00 0.08 4.16 0.00 1.00 0.00 5.00 7.00 6.00 4.00 10.00 1.00 0.00 0.00 0.00 0.00 0.00
194.00 14.00 13.00 35.00 63.00 22.00 28.00 0.08 3.85 0.00 1.00 0.00 4.00 5.00 10.00 9.00 9.00 5.00 0.00 0.00 0.00 0.00 0.00
195.00 15.00 8.00 33.00 78.00 25.00 45.00 0.10 4.12 0.00 2.00 0.00 4.00 8.00 11.00 7.00 11.00 4.00 0.00 0.00 0.00 0.00 0.00
196.00 12.00 8.00 26.00 58.00 18.00 32.00 0.09 3.53 0.00 1.00 0.00 3.00 6.00 9.00 6.00 8.00 4.00 0.00 0.00 0.00 0.00 0.00
197.00 12.00 8.00 23.00 59.00 15.00 36.00 0.08 4.66 0.00 1.00 0.00 2.00 5.00 10.00 7.00 8.00 4.00 0.00 0.00 0.00 0.00 0.00
198.00 14.00 8.00 25.00 62.00 17.00 37.00 0.08 4.80 0.00 0.00 0.00 4.00 8.00 10.00 6.00 10.00 4.00 0.00 0.00 0.00 0.00 0.00
199.00 11.00 6.00 25.00 50.00 19.00 25.00 0.09 3.96 0.00 1.00 0.00 5.00 8.00 6.00 3.00 9.00 2.00 0.00 0.00 0.00 0.00 0.00
200.00 9.00 3.00 14.00 44.00 11.00 30.00 0.08 4.86 0.00 1.00 0.00 3.00 3.00 6.00 6.00 6.00 3.00 0.00 0.00 0.00 0.00 0.00
201.00 12.00 5.00 17.00 52.00 12.00 35.00 0.08 4.79 0.00 0.00 0.00 4.00 6.00 8.00 6.00 8.00 4.00 0.00 0.00 0.00 0.00 0.00
202.00 12.00 8.00 28.00 55.00 20.00 27.00 0.05 4.52 0.00 1.00 0.00 6.00 8.00 6.00 4.00 8.00 4.00 0.00 0.00 0.00 0.00 0.00
203.00 10.00 3.00 16.00 43.00 13.00 27.00 0.08 4.38 0.00 1.00 0.00 4.00 6.00 6.00 4.00 8.00 2.00 0.00 0.00 0.00 0.00 0.00
204.00 8.00 1.00 10.00 31.00 9.00 21.00 0.08 4.89 0.00 1.00 0.00 2.00 5.00 6.00 3.00 7.00 1.00 0.00 0.00 0.00 0.00 0.00
205.00 11.00 7.00 20.00 51.00 13.00 31.00 0.07 5.06 0.00 1.00 0.00 2.00 8.00 9.00 3.00 9.00 2.00 0.00 0.00 0.00 0.00 0.00
206.00 5.00 0.00 6.00 21.00 6.00 15.00 0.09 3.34 0.00 0.00 0.00 1.00 4.00 4.00 1.00 5.00 0.00 0.00 0.00 0.00 0.00 0.00
207.00 9.00 2.00 17.00 43.00 15.00 26.00 0.07 5.08 0.00 0.00 0.00 5.00 7.00 4.00 2.00 7.00 2.00 0.00 0.00 0.00 0.00 0.00
208.00 5.00 0.00 6.00 21.00 6.00 15.00 0.08 4.91 0.00 0.00 0.00 3.00 4.00 2.00 1.00 5.00 0.00 0.00 0.00 0.00 0.00 0.00
209.00 9.00 4.00 15.00 42.00 11.00 27.00 0.09 4.99 0.00 0.00 0.00 2.00 4.00 7.00 5.00 7.00 2.00 0.00 0.00 0.00 0.00 0.00
210.00 7.00 2.00 12.00 32.00 10.00 20.00 0.07 2.68 0.00 0.00 0.00 1.00 5.00 6.00 2.00 6.00 1.00 0.00 0.00 0.00 0.00 0.00
211.00 5.00 1.00 6.00 17.00 5.00 11.00 0.08 4.74 0.00 0.00 0.00 2.00 5.00 3.00 0.00 5.00 0.00 0.00 0.00 0.00 0.00 0.00
212.00 5.00 0.00 4.00 20.00 4.00 16.00 0.09 3.34 0.00 0.00 0.00 1.00 4.00 4.00 1.00 5.00 0.00 0.00 0.00 0.00 0.00 0.00
213.00 3.00 0.00 0.00 5.00 0.00 5.00 0.09 4.59 0.00 0.00 0.00 2.00 3.00 1.00 0.00 3.00 0.00 0.00 0.00 0.00 0.00 0.00
214.00 5.00 0.00 2.00 18.00 2.00 16.00 0.09 3.71 0.00 0.00 0.00 2.00 5.00 3.00 0.00 5.00 0.00 0.00 0.00 0.00 0.00 0.00
215.00 6.00 1.00 3.00 26.00 2.00 23.00 0.09 5.16 0.00 0.00 0.00 3.00 5.00 3.00 1.00 6.00 0.00 0.00 0.00 0.00 0.00 0.00
216.00 3.00 0.00 1.00 9.00 1.00 8.00 0.08 4.51 0.00 0.00 0.00 2.00 3.00 1.00 0.00 3.00 0.00 0.00 0.00 0.00 0.00 0.00
217.00 3.00 0.00 0.00 2.00 0.00 2.00 0.09 0.14 0.00 0.00 0.00 2.00 3.00 1.00 0.00 3.00 0.00 0.00 0.00 0.00 0.00 0.00
218.00 5.00 0.00 5.00 19.00 5.00 14.00 0.10 3.73 0.00 0.00 0.00 3.00 4.00 2.00 1.00 5.00 0.00 0.00 0.00 0.00 0.00 0.00
219.00 3.00 0.00 2.00 11.00 2.00 9.00 0.09 4.71 0.00 0.00 0.00 2.00 3.00 1.00 0.00 3.00 0.00 0.00 0.00 0.00 0.00 0.00
220.00 8.00 6.00 18.00 39.00 12.00 21.00 0.09 4.11 0.00 0.00 0.00 1.00 4.00 7.00 4.00 5.00 3.00 0.00 0.00 0.00 0.00 0.00
221.00 9.00 5.00 17.00 41.00 12.00 24.00 0.08 3.88 0.00 0.00 0.00 1.00 5.00 8.00 4.00 8.00 1.00 0.00 0.00 0.00 0.00 0.00
222.00 8.00 1.00 7.00 29.00 6.00 22.00 0.09 4.70 0.00 0.00 0.00 3.00 5.00 5.00 3.00 8.00 0.00 0.00 0.00 1.00 0.00 0.00
223.00 6.00 3.00 11.00 27.00 8.00 16.00 0.08 3.13 0.00 0.00 0.00 2.00 4.00 4.00 2.00 6.00 0.00 0.00 0.00 0.00 0.00 0.00
224.00 11.00 9.00 24.00 54.00 15.00 30.00 0.07 3.22 0.00 0.00 0.00 3.00 8.00 8.00 3.00 9.00 2.00 0.00 0.00 0.00 0.00 0.00
225.00 6.00 3.00 10.00 28.00 7.00 18.00 0.08 2.83 0.00 0.00 0.00 2.00 4.00 4.00 2.00 6.00 0.00 0.00 0.00 0.00 0.00 0.00
226.00 12.00 8.00 22.00 53.00 14.00 31.00 0.08 5.04 0.00 0.00 0.00 5.00 9.00 7.00 3.00 10.00 2.00 0.00 0.00 0.00 0.00 0.00
227.00 10.00 4.00 19.00 43.00 15.00 24.00 0.09 5.35 0.00 0.00 0.00 4.00 8.00 6.00 2.00 10.00 0.00 0.00 0.00 0.00 0.00 0.00
228.00 5.00 0.00 3.00 21.00 3.00 18.00 0.08 5.05 0.00 0.00 0.00 3.00 4.00 2.00 1.00 5.00 0.00 0.00 0.00 0.00 0.00 0.00
229.00 7.00 1.00 11.00 34.00 10.00 23.00 0.09 4.99 0.00 0.00 0.00 3.00 4.00 4.00 3.00 7.00 0.00 0.00 0.00 0.00 0.00 0.00
230.00 7.00 2.00 11.00 32.00 9.00 21.00 0.08 4.05 0.00 0.00 0.00 3.00 5.00 4.00 2.00 6.00 1.00 0.00 0.00 0.00 0.00 0.00
231.00 4.00 0.00 0.00 6.00 0.00 6.00 0.08 4.96 0.00 0.00 0.00 2.00 4.00 2.00 0.00 4.00 0.00 0.00 0.00 0.00 0.00 0.00
