0.00 3.00 0.00 0.00 3.00 0.00 3.00 0.08 0.40 0.00 0.00 0.00 2.00 3.00 1.00 0.00 3.00 0.00 0.00 0.00 0.00 0.00 0.00
1.00 3.00 0.00 1.00 8.00 1.00 7.00 0.07 4.45 0.00 0.00 0.00 2.00 3.00 1.00 0.00 3.00 0.00 0.00 0.00 0.00 0.00 0.00
2.00 3.00 0.00 0.00 2.00 0.00 2.00 0.09 4.39 0.00 0.00 0.00 2.00 3.00 1.00 0.00 3.00 0.00 0.00 0.00 0.00 0.00 0.00
3.00 7.00 3.00 10.00 29.00 7.00 19.00 0.08 0.47 0.00 0.00 0.00 3.00 4.00 4.00 3.00 7.00 0.00 0.00 0.00 0.00 0.00 0.00
4.00 7.00 0.00 4.00 17.00 4.00 13.00 0.09 2.77 0.00 0.00 0.00 5.00 5.00 2.00 2.00 6.00 1.00 0.00 0.00 0.00 0.00 0.00
5.00 3.00 0.00 0.00 3.00 0.00 3.00 0.09 0.06 0.00 0.00 0.00 2.00 3.00 1.00 0.00 3.00 0.00 0.00 0.00 0.00 0.00 0.00
6.00 6.00 2.00 7.00 25.00 5.00 18.00 0.08 0.22 0.00 0.00 0.00 2.00 4.00 4.00 2.00 6.00 0.00 0.00 0.00 0.00 0.00 0.00
7.00 7.00 1.00 9.00 29.00 8.00 20.00 0.08 0.50 0.00 0.00 0.00 2.00 3.00 5.00 4.00 7.00 0.00 0.00 0.00 0.00 0.00 0.00
8.00 9.00 4.00 16.00 41.00 12.00 25.00 0.09 2.03 0.00 0.00 0.00 4.00 5.00 5.00 4.00 8.00 1.00 0.00 0.00 0.00 0.00 0.00
9.00 15.00 17.00 41.00 72.00 24.00 31.00 0.08 1.48 0.00 2.00 0.00 5.00 8.00 10.00 7.00 12.00 3.00 0.00 0.00 0.00 0.00 0.00
10.00 17.00 17.00 44.00 77.00 27.00 33.00 0.09 1.50 0.00 1.00 0.00 6.00 10.00 11.00 7.00 12.00 5.00 0.00 0.00 0.00 0.00 0.00
11.00 13.00 14.00 33.00 64.00 19.00 31.00 0.09 0.40 0.00 1.00 0.00 4.00 7.00 9.00 6.00 9.00 4.00 0.00 0.00 0.00 0.00 0.00
12.00 8.00 4.00 12.00 31.00 8.00 19.00 0.08 0.33 0.00 1.00 0.00 4.00 6.00 4.00 2.00 7.00 1.00 0.00 0.00 0.00 0.00 0.00
13.00 15.00 20.00 41.00 74.00 21.00 33.00 0.08 0.46 0.00 2.00 0.00 3.00 7.00 12.00 8.00 11.00 4.00 0.00 0.00 0.00 0.00 0.00
14.00 13.00 9.00 28.00 61.00 19.00 33.00 0.08 0.55 0.00 2.00 0.00 4.00 7.00 9.00 6.00 9.00 4.00 0.00 0.00 0.00 0.00 0.00
15.00 6.00 0.00 9.00 25.00 9.00 16.00 0.09 0.30 0.00 0.00 0.00 2.00 6.00 4.00 0.00 6.00 0.00 0.00 0.00 0.00 0.00 0.00
16.00 18.00 22.00 42.00 85.00 20.00 43.00 0.08 1.36 0.00 1.00 0.00 3.00 7.00 15.00 11.00 13.00 5.00 0.00 0.00 0.00 0.00 0.00
17.00 17.00 13.00 42.00 83.00 29.00 41.00 0.09 2.18 0.00 3.00 0.00 3.00 7.00 14.00 10.00 14.00 3.00 0.00 0.00 0.00 0.00 0.00
18.00 15.00 16.00 38.00 75.00 22.00 37.00 0.09 1.54 0.00 2.00 0.00 6.00 10.00 9.00 5.00 11.00 4.00 0.00 0.00 0.00 0.00 0.00
19.00 14.00 16.00 33.00 69.00 17.00 36.00 0.09 1.54 0.00 2.00 0.00 3.00 8.00 11.00 6.00 10.00 4.00 0.00 0.00 0.00 0.00 0.00
20.00 10.00 6.00 20.00 44.00 14.00 24.00 0.10 0.27 0.00 1.00 0.00 3.00 5.00 7.00 5.00 8.00 2.00 0.00 0.00 0.00 0.00 0.00
21.00 16.00 11.00 36.00 77.00 25.00 41.00 0.10 1.48 0.00 1.00 0.00 4.00 8.00 12.00 8.00 11.00 5.00 0.00 0.00 0.00 0.00 0.00
22.00 17.00 23.00 46.00 76.00 23.00 30.00 0.08 0.51 0.00 1.00 0.00 5.00 12.00 12.00 5.00 14.00 3.00 0.00 0.00 0.00 0.00 0.00
23.00 8.00 6.00 16.00 37.00 10.00 21.00 0.08 0.23 0.00 0.00 0.00 3.00 7.00 5.00 1.00 8.00 0.00 0.00 0.00 0.00 0.00 0.00
24.00 13.00 11.00 28.00 63.00 17.00 35.00 0.08 2.66 0.00 1.00 0.00 3.00 6.00 10.00 7.00 9.00 4.00 0.00 0.00 0.00 0.00 0.00
25.00 14.00 14.00 36.00 66.00 22.00 30.00 0.08 1.57 0.00 1.00 0.00 2.00 6.00 12.00 8.00 11.00 3.00 0.00 0.00 0.00 0.00 0.00
26.00 16.00 14.00 36.00 72.00 22.00 36.00 0.08 0.64 0.00 1.00 0.00 7.00 9.00 9.00 7.00 12.00 4.00 0.00 1.00 0.00 0.00 0.00
27.00 21.00 21.00 48.00 95.00 27.00 47.00 0.08 1.30 0.00 1.00 0.00 7.00 14.00 14.00 7.00 17.00 4.00 0.00 0.00 0.00 0.00 0.00
28.00 14.00 16.00 39.00 72.00 23.00 33.00 0.08 1.54 0.00 1.00 0.00 2.00 6.00 12.00 8.00 11.00 3.00 0.00 0.00 0.00 0.00 0.00
29.00 13.00 9.00 30.00 60.00 21.00 30.00 0.09 1.69 0.00 1.00 0.00 2.00 5.00 11.00 8.00 8.00 5.00 0.00 0.00 0.00 0.00 0.00
30.00 19.00 23.00 52.00 92.00 29.00 40.00 0.08 1.42 0.00 1.00 0.00 6.00 10.00 13.00 9.00 12.00 7.00 0.00 0.00 0.00 1.00 0.00
31.00 20.00 15.00 47.00 94.00 32.00 47.00 0.08 1.36 0.00 0.00 0.00 4.00 12.00 16.00 8.00 15.00 5.00 0.00 0.00 0.00 0.00 0.00
32.00 17.00 19.00 42.00 84.00 23.00 42.00 0.07 0.36 0.00 1.00 0.00 5.00 10.00 12.00 7.00 13.00 4.00 0.00 0.00 0.00 0.00 0.00
33.00 21.00 16.00 49.00 95.00 33.00 46.00 0.08 1.96 0.00 1.00 0.00 6.00 12.00 15.00 9.00 18.00 3.00 0.00 0.00 0.00 0.00 0.00
34.00 21.00 21.00 57.00 103.00 36.00 46.00 0.10 0.45 0.00 1.00 0.00 6.00 13.00 15.00 8.00 15.00 6.00 0.00 0.00 0.00 0.00 0.00
35.00 18.00 14.00 40.00 89.00 26.00 49.00 0.08 0.40 0.00 1.00 0.00 5.00 9.00 13.00 9.00 12.00 6.00 0.00 0.00 0.00 0.00 0.00
36.00 16.00 17.00 39.00 75.00 22.00 36.00 0.09 0.45 0.00 1.00 0.00 3.00 8.00 13.00 8.00 13.00 3.00 0.00 0.00 1.00 0.00 0.00
37.00 6.00 1.00 4.00 24.00 3.00 20.00 0.09 0.21 0.00 0.00 0.00 5.00 5.00 1.00 1.00 5.00 1.00 0.00 0.00 1.00 0.00 0.00
38.00 20.00 21.00 48.00 103.00 27.00 55.00 0.08 0.65 0.00 1.00 0.00 2.00 8.00 18.00 12.00 12.00 8.00 0.00 0.00 1.00 0.00 0.00
39.00 14.00 11.00 34.00 69.00 23.00 35.00 0.09 0.51 0.00 1.00 0.00 4.00 8.00 10.00 6.00 10.00 4.00 0.00 0.00 0.00 0.00 0.00
40.00 17.00 15.00 40.00 85.00 25.00 45.00 0.08 0.54 0.00 1.00 0.00 6.00 9.00 11.00 8.00 14.00 3.00 0.00 0.00 0.00 0.00 0.00
41.00 15.00 15.00 36.00 76.00 21.00 40.00 0.09 0.54 0.00 1.00 0.00 5.00 9.00 10.00 6.00 11.00 4.00 0.00 0.00 0.00 0.00 0.00
42.00 12.00 7.00 23.00 55.00 16.00 32.00 0.09 0.57 0.00 1.00 0.00 3.00 6.00 9.00 6.00 8.00 4.00 0.00 0.00 0.00 0.00 0.00
43.00 15.00 13.00 37.00 76.00 24.00 39.00 0.09 0.52 0.00 1.00 0.00 3.00 7.00 12.00 8.00 10.00 5.00 0.00 0.00 0.00 0.00 0.00
44.00 14.00 8.00 26.00 62.00 18.00 36.00 0.08 0.49 0.00 1.00 0.00 2.00 8.00 12.00 6.00 10.00 4.00 0.00 0.00 0.00 0.00 0.00
45.00 15.00 18.00 40.00 70.00 22.00 30.00 0.10 1.51 0.00 1.00 0.00 5.00 8.00 10.00 7.00 9.00 6.00 0.00 0.00 0.00 0.00 0.00
46.00 20.00 18.00 48.00 97.00 30.00 49.00 0.11 2.83 0.00 2.00 0.00 3.00 7.00 17.00 13.00 12.00 8.00 0.00 0.00 0.00 0.00 0.00
47.00 21.00 15.00 53.00 105.00 38.00 52.00 0.10 2.11 0.00 2.00 0.00 6.00 12.00 15.00 9.00 13.00 8.00 0.00 0.00 0.00 0.00 0.00
48.00 18.00 19.00 46.00 85.00 27.00 39.00 0.09 1.49 0.00 2.00 0.00 7.00 12.00 11.00 6.00 14.00 4.00 0.00 0.00 0.00 0.00 0.00
49.00 16.00 17.00 45.00 81.00 28.00 36.00 0.08 0.42 0.00 2.00 0.00 2.00 7.00 14.00 9.00 10.00 6.00 0.00 0.00 0.00 0.00 0.00
50.00 16.00 15.00 37.00 73.00 22.00 36.00 0.08 0.48 0.00 1.00 0.00 4.00 9.00 12.00 7.00 12.00 4.00 0.00 0.00 0.00 0.00 0.00
51.00 18.00 22.00 48.00 88.00 26.00 40.00 0.09 2.07 0.00 0.00 0.00 7.00 10.00 11.00 8.00 14.00 4.00 0.00 0.00 0.00 0.00 0.00
52.00 14.00 11.00 31.00 68.00 20.00 37.00 0.08 1.47 0.00 0.00 0.00 3.00 8.00 11.00 6.00 9.00 5.00 0.00 0.00 0.00 0.00 0.00
53.00 20.00 12.00 45.00 94.00 33.00 49.00 0.09 2.04 0.00 0.00 0.00 8.00 13.00 12.00 7.00 13.00 7.00 0.00 0.00 0.00 0.00 0.00
54.00 17.00 15.00 34.00 81.00 19.00 47.00 0.09 4.17 0.00 0.00 0.00 6.00 11.00 11.00 6.00 15.00 2.00 0.00 0.00 0.00 0.00 0.00
55.00 18.00 27.00 52.00 90.00 25.00 38.00 0.09 3.08 0.00 1.00 0.00 4.00 8.00 14.00 10.00 10.00 8.00 0.00 0.00 0.00 0.00 0.00
56.00 21.00 17.00 50.00 100.00 33.00 50.00 0.09 2.93 0.00 1.00 0.00 5.00 12.00 16.00 9.00 13.00 8.00 0.00 0.00 1.00 0.00 0.00
57.00 19.00 28.00 54.00 98.00 26.00 44.00 0.09 2.27 0.00 1.00 0.00 5.00 8.00 14.00 11.00 12.00 7.00 0.00 0.00 0.00 0.00 0.00
58.00 18.00 14.00 37.00 85.00 23.00 48.00 0.08 2.18 0.00 1.00 0.00 7.00 12.00 11.00 6.00 15.00 3.00 0.00 0.00 0.00 0.00 0.00
59.00 24.00 26.00 64.00 119.00 38.00 55.00 0.09 1.93 0.00 0.00 0.00 6.00 13.00 18.00 11.00 20.00 4.00 0.00 0.00 0.00 0.00 0.00
60.00 21.00 23.00 58.00 95.00 35.00 37.00 0.10 2.70 1.00 1.00 1.00 8.00 13.00 13.00 8.00 16.00 5.00 0.00 0.00 1.00 0.00 0.00
61.00 13.00 12.00 30.00 63.00 18.00 33.00 0.08 0.36 0.00 1.00 0.00 6.00 8.00 7.00 5.00 9.00 4.00 0.00 0.00 0.00 0.00 0.00
62.00 20.00 31.00 54.00 100.00 23.00 46.00 0.07 2.06 0.00 1.00 0.00 4.00 12.00 16.00 8.00 14.00 6.00 0.00 0.00 0.00 0.00 0.00
63.00 26.00 32.00 68.00 118.00 36.00 50.00 0.08 2.16 1.00 1.00 1.00 9.00 13.00 17.00 13.00 19.00 7.00 0.00 0.00 0.00 0.00 0.00
64.00 20.00 15.00 47.00 96.00 32.00 49.00 0.08 2.82 0.00 1.00 0.00 6.00 11.00 14.00 9.00 15.00 5.00 0.00 0.00 0.00 0.00 0.00
65.00 19.00 24.00 48.00 92.00 24.00 44.00 0.08 3.12 0.00 1.00 0.00 8.00 11.00 11.00 8.00 14.00 5.00 0.00 0.00 0.00 0.00 0.00
66.00 27.00 31.00 75.00 139.00 44.00 64.00 0.08 2.77 1.00 1.00 1.00 8.00 13.00 19.00 14.00 18.00 9.00 0.00 0.00 0.00 0.00 0.00
67.00 25.00 29.00 70.00 126.00 41.00 56.00 0.10 3.39 1.00 2.00 0.50 6.00 9.00 19.00 16.00 16.00 9.00 0.00 0.00 0.00 0.00 0.00
68.00 25.00 26.00 66.00 123.00 40.00 57.00 0.09 3.44 1.00 1.00 1.00 7.00 12.00 18.00 13.00 19.00 6.00 0.00 0.00 0.00 0.00 0.00
69.00 28.00 34.00 80.00 144.00 46.00 64.00 0.09 2.74 1.00 1.00 1.00 3.00 8.00 25.00 20.00 15.00 13.00 0.00 0.00 0.00 0.00 0.00
70.00 17.00 14.00 41.00 79.00 27.00 38.00 0.11 1.38 0.00 1.00 0.00 5.00 9.00 12.00 8.00 12.00 5.00 0.00 0.00 1.00 0.00 0.00
71.00 24.00 26.00 70.00 122.00 44.00 52.00 0.08 3.03 0.00 1.00 0.00 2.00 10.00 22.00 14.00 16.00 8.00 0.00 0.00 0.00 0.00 0.00
72.00 23.00 15.00 64.00 126.00 49.00 62.00 0.08 1.33 0.00 1.00 0.00 7.00 12.00 16.00 11.00 18.00 5.00 0.00 0.00 0.00 0.00 0.00
73.00 25.00 36.00 71.00 126.00 35.00 55.00 0.08 1.89 0.00 1.00 0.00 8.00 10.00 17.00 15.00 19.00 6.00 0.00 0.00 1.00 0.00 0.00
74.00 27.00 35.00 79.00 135.00 44.00 56.00 0.09 2.32 0.00 2.00 0.00 8.00 12.00 19.00 15.00 17.00 10.00 0.00 0.00 1.00 0.00 0.00
75.00 27.00 30.00 80.00 147.00 50.00 67.00 0.09 3.10 1.00 2.00 0.50 5.00 13.00 22.00 14.00 17.00 10.00 0.00 0.00 0.00 0.00 0.00
76.00 25.00 29.00 65.00 127.00 36.00 62.00 0.08 3.44 1.00 2.00 0.50 3.00 9.00 22.00 16.00 17.00 8.00 0.00 0.00 0.00 0.00 0.00
77.00 22.00 23.00 53.00 113.00 30.00 60.00 0.08 2.24 2.00 1.00 2.00 6.00 13.00 16.00 9.00 15.00 7.00 0.00 0.00 0.00 0.00 0.00
78.00 23.00 31.00 64.00 118.00 33.00 54.00 0.08 1.98 0.00 1.00 0.00 2.00 5.00 21.00 18.00 11.00 12.00 0.00 0.00 0.00 0.00 0.00
79.00 17.00 10.00 32.00 79.00 22.00 47.00 0.08 1.47 0.00 1.00 0.00 6.00 12.00 11.00 5.00 14.00 3.00 0.00 0.00 0.00 1.00 0.00
80.00 19.00 19.00 45.00 90.00 26.00 45.00 0.06 2.21 0.00 1.00 0.00 4.00 8.00 15.00 11.00 14.00 5.00 0.00 0.00 0.00 1.00 0.00
81.00 21.00 18.00 46.00 104.00 28.00 58.00 0.09 1.98 0.00 1.00 0.00 5.00 9.00 16.00 12.00 12.00 9.00 0.00 0.00 0.00 0.00 0.00
82.00 23.00 29.00 65.00 116.00 36.00 51.00 0.08 2.53 1.00 2.00 0.50 7.00 15.00 16.00 8.00 20.00 3.00 0.00 0.00 0.00 0.00 0.00
83.00 19.00 12.00 40.00 97.00 28.00 57.00 0.09 2.13 1.00 1.00 1.00 7.00 13.00 12.00 6.00 13.00 6.00 0.00 0.00 0.00 0.00 0.00
84.00 25.00 23.00 58.00 126.00 35.00 68.00 0.09 1.85 0.00 2.00 0.00 6.00 17.00 19.00 8.00 21.00 4.00 0.00 0.00 0.00 0.00 0.00
85.00 24.00 33.00 67.00 118.00 34.00 51.00 0.07 2.50 0.00 1.00 0.00 6.00 8.00 18.00 16.00 12.00 12.00 0.00 0.00 0.00 0.00 0.00
86.00 28.00 37.00 78.00 143.00 41.00 65.00 0.09 1.75 0.00 1.00 0.00 7.00 12.00 21.00 16.00 15.00 13.00 0.00 0.00 0.00 0.00 0.00
87.00 23.00 26.00 56.00 113.00 30.00 57.00 0.09 1.93 0.00 1.00 0.00 2.00 10.00 21.00 13.00 16.00 7.00 0.00 0.00 0.00 0.00 0.00
88.00 26.00 30.00 72.00 132.00 42.00 60.00 0.08 1.79 0.00 1.00 0.00 6.00 14.00 20.00 12.00 17.00 9.00 0.00 0.00 0.00 0.00 0.00
89.00 25.00 14.00 60.00 128.00 46.00 68.00 0.08 1.85 1.00 1.00 1.00 4.00 12.00 21.00 13.00 16.00 9.00 0.00 0.00 0.00 0.00 0.00
90.00 36.00 34.00 81.00 158.00 47.00 77.00 0.08 2.37 1.00 2.00 0.50 10.00 18.00 26.00 18.00 23.00 13.00 0.00 0.00 0.00 0.00 0.00
91.00 29.00 39.00 81.00 151.00 42.00 70.00 0.09 1.64 0.00 2.00 0.00 5.00 13.00 24.00 16.00 17.00 12.00 1.00 0.00 0.00 0.00 0.00
92.00 35.00 29.00 79.00 167.00 50.00 88.00 0.07 1.69 0.00 1.00 0.00 10.00 23.00 25.00 12.00 29.00 6.00 1.00 0.00 0.00 0.00 0.00
93.00 30.00 36.00 91.00 153.00 55.00 62.00 0.09 2.09 0.00 1.00 0.00 7.00 14.00 23.00 16.00 21.00 9.00 1.00 0.00 1.00 1.00 0.00
94.00 29.00 28.00 83.00 149.00 55.00 66.00 0.08 1.75 0.00 1.00 0.00 11.00 17.00 18.00 12.00 22.00 7.00 0.00 0.00 0.00 0.00 0.00
95.00 32.00 30.00 81.00 154.00 51.00 73.00 0.08 2.46 0.00 1.00 0.00 6.00 16.00 26.00 16.00 22.00 10.00 0.00 0.00 1.00 0.00 0.00
96.00 32.00 28.00 77.00 160.00 49.00 83.00 0.08 2.80 0.00 0.00 0.00 7.00 19.00 25.00 13.00 22.00 10.00 0.00 0.00 0.00 0.00 0.00
97.00 24.00 26.00 66.00 122.00 40.00 56.00 0.08 1.91 0.00 1.00 0.00 4.00 8.00 20.00 16.00 14.00 10.00 0.00 0.00 0.00 0.00 0.00
98.00 23.00 18.00 64.00 124.00 46.00 60.00 0.09 2.40 0.00 1.00 0.00 8.00 16.00 15.00 7.00 17.00 6.00 0.00 0.00 0.00 0.00 0.00
99.00 24.00 22.00 55.00 117.00 33.00 62.00 0.08 1.97 1.00 1.00 1.00 7.00 13.00 17.00 11.00 18.00 6.00 0.00 0.00 0.00 0.00 0.00
100.00 24.00 32.00 71.00 126.00 39.00 55.00 0.08 2.49 0.00 1.00 0.00 3.00 10.00 21.00 14.00 12.00 12.00 0.00 0.00 0.00 0.00 0.00
101.00 24.00 22.00 57.00 118.00 35.00 61.00 0.09 2.49 0.00 3.00 0.00 9.00 13.00 15.00 11.00 16.00 8.00 0.00 0.00 0.00 0.00 0.00
102.00 24.00 27.00 62.00 121.00 35.00 59.00 0.09 2.38 0.00 2.00 0.00 6.00 13.00 18.00 11.00 18.00 6.00 0.00 0.00 0.00 0.00 0.00
103.00 28.00 26.00 75.00 138.00 49.00 63.00 0.10 3.30 0.00 2.00 0.00 9.00 14.00 19.00 14.00 18.00 10.00 0.00 0.00 0.00 1.00 0.00
104.00 22.00 14.00 48.00 101.00 34.00 53.00 0.08 2.48 0.00 1.00 0.00 6.00 10.00 16.00 12.00 15.00 7.00 0.00 0.00 0.00 0.00 0.00
105.00 18.00 7.00 41.00 92.00 34.00 51.00 0.09 2.93 0.00 2.00 0.00 7.00 10.00 11.00 8.00 12.00 6.00 1.00 0.00 0.00 0.00 0.00
106.00 31.00 25.00 83.00 162.00 58.00 79.00 0.09 3.12 0.00 4.00 0.00 5.00 13.00 26.00 18.00 18.00 13.00 0.00 0.00 0.00 0.00 0.00
107.00 30.00 38.00 78.00 142.00 40.00 64.00 0.10 2.13 0.00 2.00 0.00 6.00 12.00 24.00 18.00 17.00 13.00 0.00 0.00 0.00 1.00 0.00
108.00 29.00 31.00 84.00 145.00 53.00 61.00 0.08 2.09 0.00 2.00 0.00 9.00 14.00 20.00 15.00 20.00 9.00 0.00 0.00 0.00 0.00 0.00
109.00 23.00 16.00 61.00 120.00 45.00 59.00 0.08 1.85 0.00 2.00 0.00 3.00 12.00 20.00 11.00 19.00 4.00 0.00 0.00 0.00 1.00 0.00
110.00 32.00 35.00 85.00 170.00 50.00 85.00 0.09 2.59 0.00 1.00 0.00 5.00 18.00 27.00 14.00 25.00 7.00 0.00 0.00 1.00 0.00 0.00
111.00 29.00 25.00 78.00 145.00 53.00 67.00 0.08 3.34 0.00 1.00 0.00 8.00 15.00 21.00 14.00 18.00 11.00 0.00 0.00 0.00 1.00 0.00
112.00 26.00 22.00 63.00 127.00 41.00 64.00 0.08 2.11 0.00 1.00 0.00 5.00 14.00 21.00 12.00 19.00 7.00 0.00 0.00 0.00 1.00 0.00
113.00 41.00 49.00 108.00 194.00 59.00 86.00 0.08 2.52 0.00 1.00 0.00 11.00 19.00 30.00 22.00 27.00 14.00 0.00 0.00 1.00 1.00 1.00
114.00 26.00 26.00 69.00 131.00 43.00 62.00 0.09 3.24 0.00 1.00 0.00 11.00 12.00 15.00 14.00 17.00 9.00 0.00 0.00 0.00 1.00 1.00
115.00 28.00 38.00 81.00 149.00 43.00 68.00 0.08 2.68 0.00 2.00 0.00 9.00 18.00 19.00 10.00 19.00 9.00 0.00 0.00 0.00 1.00 0.00
116.00 32.00 38.00 91.00 160.00 53.00 69.00 0.07 2.92 0.00 3.00 0.00 10.00 16.00 22.00 16.00 23.00 9.00 0.00 0.00 0.00 0.00 0.00
117.00 29.00 34.00 80.00 147.00 46.00 67.00 0.08 1.69 0.00 2.00 0.00 6.00 15.00 23.00 14.00 19.00 10.00 0.00 0.00 0.00 0.00 0.00
118.00 31.00 32.00 83.00 157.00 51.00 74.00 0.08 2.11 0.00 2.00 0.00 11.00 13.00 20.00 18.00 19.00 12.00 0.00 0.00 0.00 0.00 0.00
119.00 33.00 44.00 99.00 159.00 55.00 60.00 0.08 2.91 0.00 3.00 0.00 13.00 17.00 20.00 16.00 23.00 10.00 0.00 0.00 0.00 0.00 0.00
120.00 28.00 29.00 76.00 135.00 47.00 59.00 0.08 1.72 0.00 3.00 0.00 9.00 13.00 19.00 15.00 21.00 7.00 0.00 0.00 0.00 0.00 0.00
121.00 26.00 27.00 77.00 134.00 50.00 57.00 0.10 2.25 0.00 3.00 0.00 7.00 14.00 19.00 12.00 20.00 6.00 1.00 0.00 0.00 0.00 0.00
122.00 32.00 38.00 91.00 166.00 53.00 75.00 0.08 2.95 0.00 4.00 0.00 7.00 15.00 25.00 17.00 17.00 15.00 1.00 0.00 0.00 0.00 0.00
123.00 34.00 41.00 97.00 180.00 56.00 83.00 0.10 3.33 0.00 2.00 0.00 7.00 14.00 27.00 20.00 23.00 11.00 2.00 0.00 0.00 0.00 0.00
124.00 38.00 56.00 120.00 193.00 64.00 73.00 0.08 4.46 1.00 2.00 0.50 10.00 20.00 28.00 18.00 23.00 15.00 1.00 0.00 0.00 0.00 0.00
125.00 28.00 31.00 79.00 142.00 48.00 63.00 0.08 3.02 0.00 2.00 0.00 6.00 11.00 22.00 17.00 17.00 11.00 1.00 0.00 0.00 0.00 0.00
126.00 35.00 42.00 101.00 187.00 59.00 86.00 0.07 3.25 0.00 3.00 0.00 7.00 14.00 28.00 21.00 23.00 12.00 1.00 0.00 0.00 0.00 0.00
127.00 30.00 43.00 93.00 156.00 50.00 63.00 0.08 3.05 0.00 2.00 0.00 5.00 11.00 25.00 19.00 18.00 12.00 1.00 0.00 0.00 0.00 0.00
128.00 36.00 39.00 96.00 180.00 57.00 84.00 0.09 3.14 0.00 4.00 0.00 9.00 13.00 27.00 23.00 22.00 14.00 2.00 0.00 0.00 0.00 0.00
129.00 31.00 41.00 90.00 157.00 49.00 67.00 0.09 2.55 0.00 5.00 0.00 8.00 14.00 23.00 17.00 18.00 13.00 2.00 0.00 0.00 0.00 0.00
130.00 34.00 43.00 101.00 165.00 58.00 64.00 0.09 2.83 0.00 4.00 0.00 9.00 18.00 25.00 16.00 23.00 11.00 1.00 0.00 0.00 0.00 0.00
131.00 29.00 30.00 74.00 145.00 44.00 71.00 0.09 3.80 0.00 2.00 0.00 8.00 12.00 21.00 17.00 22.00 7.00 0.00 0.00 0.00 0.00 0.00
132.00 28.00 37.00 87.00 146.00 50.00 59.00 0.08 2.66 0.00 2.00 0.00 6.00 12.00 22.00 16.00 21.00 7.00 0.00 0.00 0.00 0.00 1.00
133.00 34.00 42.00 93.00 170.00 51.00 77.00 0.09 2.92 1.00 2.00 0.50 9.00 13.00 25.00 21.00 21.00 13.00 0.00 0.00 0.00 0.00 1.00
134.00 29.00 34.00 74.00 137.00 40.00 63.00 0.09 1.69 1.00 2.00 0.50 8.00 17.00 21.00 12.00 22.00 7.00 0.00 0.00 0.00 0.00 0.00
135.00 31.00 48.00 98.00 155.00 50.00 57.00 0.08 2.59 0.00 4.00 0.00 8.00 13.00 23.00 18.00 21.00 10.00 0.00 0.00 0.00 0.00 1.00
136.00 25.00 29.00 57.00 125.00 28.00 68.00 0.07 3.82 0.00 2.00 0.00 6.00 15.00 19.00 10.00 21.00 4.00 0.00 0.00 0.00 0.00 0.00
137.00 29.00 35.00 77.00 145.00 42.00 68.00 0.08 2.71 0.00 2.00 0.00 7.00 11.00 22.00 18.00 22.00 7.00 0.00 0.00 0.00 0.00 0.00
138.00 31.00 40.00 89.00 161.00 49.00 72.00 0.08 4.67 0.00 2.00 0.00 7.00 15.00 24.00 16.00 20.00 11.00 0.00 0.00 0.00 0.00 1.00
139.00 30.00 40.00 83.00 157.00 43.00 74.00 0.09 4.25 0.00 2.00 0.00 4.00 11.00 26.00 19.00 19.00 11.00 0.00 0.00 0.00 0.00 0.00
140.00 34.00 39.00 100.00 183.00 61.00 83.00 0.07 4.42 0.00 5.00 0.00 10.00 15.00 24.00 19.00 21.00 13.00 0.00 0.00 0.00 0.00 1.00
141.00 34.00 50.00 100.00 180.00 50.00 80.00 0.07 4.14 0.00 3.00 0.00 8.00 12.00 26.00 22.00 19.00 15.00 0.00 0.00 0.00 0.00 1.00
142.00 36.00 46.00 108.00 182.00 62.00 74.00 0.09 3.95 0.00 3.00 0.00 7.00 13.00 29.00 23.00 24.00 12.00 0.00 0.00 1.00 1.00 1.00
143.00 34.00 39.00 103.00 185.00 64.00 82.00 0.07 4.54 0.00 3.00 0.00 7.00 16.00 27.00 18.00 21.00 13.00 0.00 0.00 0.00 0.00 1.00
144.00 32.00 39.00 96.00 164.00 57.00 68.00 0.09 4.87 0.00 2.00 0.00 12.00 19.00 20.00 13.00 25.00 7.00 0.00 0.00 0.00 0.00 1.00
145.00 29.00 41.00 79.00 143.00 38.00 64.00 0.10 3.44 0.00 2.00 0.00 8.00 16.00 21.00 13.00 22.00 7.00 0.00 0.00 0.00 0.00 0.00
146.00 36.00 45.00 111.00 183.00 66.00 72.00 0.06 4.05 0.00 4.00 0.00 9.00 19.00 27.00 17.00 23.00 13.00 0.00 0.00 0.00 0.00 1.00
147.00 34.00 34.00 96.00 183.00 62.00 87.00 0.09 3.82 0.00 3.00 0.00 5.00 13.00 29.00 21.00 17.00 17.00 1.00 0.00 0.00 0.00 1.00
148.00 34.00 41.00 100.00 175.00 59.00 75.00 0.10 3.57 0.00 3.00 0.00 7.00 12.00 27.00 22.00 18.00 16.00 1.00 0.00 0.00 0.00 1.00
149.00 37.00 43.00 112.00 194.00 69.00 82.00 0.08 4.30 0.00 4.00 0.00 9.00 19.00 28.00 18.00 23.00 14.00 0.00 0.00 0.00 0.00 1.00
150.00 30.00 33.00 91.00 157.00 58.00 66.00 0.09 3.79 0.00 5.00 0.00 4.00 10.00 26.00 20.00 20.00 10.00 0.00 0.00 0.00 0.00 1.00
151.00 36.00 40.00 108.00 183.00 68.00 75.00 0.08 4.22 0.00 5.00 0.00 6.00 12.00 30.00 24.00 19.00 17.00 0.00 0.00 0.00 1.00 0.00
152.00 33.00 45.00 97.00 170.00 52.00 73.00 0.09 4.31 0.00 4.00 0.00 9.00 13.00 24.00 20.00 21.00 12.00 0.00 0.00 0.00 0.00 0.00
153.00 29.00 29.00 84.00 145.00 55.00 61.00 0.09 4.14 0.00 3.00 0.00 7.00 16.00 22.00 13.00 20.00 9.00 0.00 0.00 0.00 0.00 0.00
154.00 31.00 31.00 78.00 161.00 47.00 83.00 0.08 4.14 1.00 4.00 0.25 7.00 13.00 24.00 18.00 17.00 14.00 0.00 0.00 0.00 0.00 0.00
155.00 17.00 17.00 36.00 80.00 19.00 44.00 0.08 4.95 0.00 2.00 0.00 5.00 12.00 12.00 5.00 13.00 4.00 1.00 0.00 0.00 0.00 0.00
156.00 22.00 19.00 62.00 109.00 43.00 47.00 0.08 3.36 0.00 2.00 0.00 5.00 8.00 17.00 14.00 14.00 8.00 0.00 0.00 0.00 1.00 0.00
157.00 30.00 37.00 86.00 151.00 49.00 65.00 0.08 4.59 0.00 3.00 0.00 7.00 14.00 23.00 16.00 20.00 10.00 1.00 0.00 0.00 0.00 0.00
158.00 27.00 26.00 71.00 133.00 45.00 62.00 0.08 3.78 0.00 3.00 0.00 6.00 12.00 21.00 15.00 16.00 11.00 1.00 0.00 0.00 0.00 0.00
159.00 29.00 22.00 74.00 140.00 52.00 66.00 0.07 4.30 0.00 3.00 0.00 10.00 16.00 19.00 13.00 23.00 6.00 0.00 0.00 1.00 0.00 0.00
160.00 25.00 33.00 67.00 130.00 34.00 63.00 0.08 3.89 0.00 3.00 0.00 4.00 11.00 21.00 14.00 14.00 11.00 0.00 0.00 0.00 0.00 0.00
161.00 28.00 21.00 69.00 138.00 48.00 69.00 0.09 4.51 0.00 2.00 0.00 11.00 17.00 17.00 11.00 19.00 9.00 0.00 0.00 0.00 0.00 0.00
162.00 26.00 18.00 63.00 137.00 45.00 74.00 0.07 4.46 0.00 3.00 0.00 6.00 12.00 20.00 14.00 16.00 10.00 0.00 0.00 1.00 0.00 1.00
163.00 26.00 23.00 66.00 132.00 43.00 66.00 0.08 4.83 0.00 3.00 0.00 8.00 17.00 18.00 9.00 18.00 8.00 0.00 0.00 0.00 0.00 0.00
164.00 31.00 32.00 81.00 155.00 49.00 74.00 0.06 5.03 0.00 1.00 0.00 10.00 18.00 21.00 13.00 23.00 8.00 0.00 0.00 0.00 0.00 0.00
165.00 32.00 36.00 89.00 167.00 53.00 78.00 0.07 4.93 1.00 2.00 0.50 12.00 14.00 20.00 18.00 19.00 13.00 0.00 0.00 0.00 0.00 0.00
166.00 30.00 37.00 82.00 154.00 45.00 72.00 0.08 5.18 0.00 2.00 0.00 7.00 15.00 23.00 15.00 19.00 11.00 0.00 0.00 0.00 1.00 0.00
167.00 26.00 20.00 69.00 137.00 49.00 68.00 0.07 4.79 0.00 1.00 0.00 7.00 15.00 19.00 11.00 21.00 5.00 0.00 0.00 0.00 0.00 0.00
168.00 33.00 36.00 88.00 165.00 52.00 77.00 0.09 4.85 0.00 1.00 0.00 10.00 16.00 23.00 17.00 20.00 13.00 0.00 0.00 0.00 0.00 0.00
169.00 27.00 33.00 83.00 136.00 50.00 53.00 0.08 4.90 0.00 2.00 0.00 4.00 9.00 23.00 18.00 15.00 12.00 0.00 0.00 0.00 0.00 0.00
170.00 26.00 30.00 70.00 135.00 40.00 65.00 0.07 5.04 1.00 2.00 0.50 5.00 10.00 21.00 16.00 18.00 8.00 0.00 0.00 0.00 0.00 0.00
171.00 21.00 16.00 45.00 102.00 29.00 57.00 0.10 4.56 0.00 1.00 0.00 7.00 13.00 14.00 8.00 15.00 6.00 0.00 0.00 0.00 0.00 0.00
172.00 18.00 20.00 47.00 88.00 27.00 41.00 0.09 3.72 0.00 2.00 0.00 4.00 9.00 14.00 9.00 14.00 4.00 0.00 0.00 0.00 0.00 0.00
173.00 25.00 23.00 69.00 126.00 46.00 57.00 0.08 4.69 0.00 3.00 0.00 9.00 13.00 16.00 12.00 15.00 10.00 0.00 0.00 0.00 0.00 0.00
174.00 15.00 13.00 31.00 69.00 18.00 38.00 0.10 4.54 0.00 1.00 0.00 5.00 9.00 10.00 6.00 14.00 1.00 0.00 0.00 0.00 0.00 0.00
175.00 22.00 14.00 51.00 108.00 37.00 57.00 0.07 4.90 0.00 1.00 0.00 8.00 14.00 14.00 8.00 15.00 7.00 0.00 0.00 0.00 0.00 0.00
176.00 13.00 4.00 24.00 60.00 20.00 36.00 0.08 4.63 0.00 0.00 0.00 4.00 6.00 9.00 7.00 11.00 2.00 0.00 0.00 0.00 1.00 0.00
177.00 21.00 18.00 51.00 101.00 33.00 50.00 0.09 4.81 0.00 1.00 0.00 6.00 10.00 15.00 11.00 14.00 7.00 0.00 0.00 0.00 0.00 0.00
178.00 22.00 18.00 59.00 109.00 41.00 50.00 0.08 5.11 0.00 0.00 0.00 7.00 15.00 15.00 7.00 19.00 3.00 0.00 0.00 0.00 0.00 0.00
179.00 21.00 20.00 49.00 105.00 29.00 56.00 0.08 5.01 0.00 2.00 0.00 8.00 13.00 13.00 8.00 17.00 4.00 0.00 0.00 0.00 0.00 0.00
180.00 17.00 14.00 40.00 82.00 26.00 42.00 0.07 4.92 0.00 1.00 0.00 6.00 10.00 11.00 7.00 12.00 5.00 0.00 0.00 0.00 0.00 0.00
181.00 19.00 13.00 40.00 89.00 27.00 49.00 0.10 3.97 0.00 0.00 0.00 7.00 13.00 12.00 6.00 16.00 3.00 0.00 0.00 0.00 0.00 0.00
182.00 22.00 14.00 47.00 102.00 33.00 55.00 0.09 5.35 0.00 1.00 0.00 4.00 9.00 18.00 13.00 15.00 7.00 0.00 0.00 0.00 0.00 0.00
183.00 15.00 10.00 32.00 70.00 22.00 38.00 0.10 4.43 0.00 2.00 0.00 5.00 10.00 10.00 5.00 13.00 2.00 0.00 0.00 0.00 0.00 0.00
184.00 16.00 13.00 37.00 81.00 24.00 44.00 0.07 5.21 0.00 0.00 0.00 3.00 6.00 13.00 10.00 11.00 5.00 0.00 0.00 0.00 0.00 0.00
185.00 14.00 11.00 32.00 68.00 21.00 36.00 0.08 4.90 0.00 1.00 0.00 3.00 9.00 11.00 5.00 14.00 0.00 0.00 0.00 1.00 0.00 0.00
186.00 13.00 8.00 28.00 65.00 20.00 37.00 0.09 3.71 0.00 1.00 0.00 5.00 8.00 8.00 5.00 9.00 4.00 0.00 0.00 0.00 0.00 0.00
187.00 14.00 12.00 33.00 67.00 21.00 34.00 0.08 3.49 0.00 0.00 0.00 4.00 10.00 10.00 4.00 11.00 3.00 0.00 0.00 0.00 0.00 0.00
188.00 11.00 6.00 19.00 51.00 13.00 32.00 0.10 3.96 0.00 0.00 0.00 4.00 6.00 7.00 5.00 8.00 3.00 0.00 0.00 0.00 0.00 0.00
189.00 7.00 2.00 8.00 30.00 6.00 22.00 0.09 2.41 0.00 0.00 0.00 4.00 6.00 3.00 1.00 6.00 1.00 0.00 0.00 0.00 0.00 0.00
190.00 17.00 15.00 41.00 74.00 26.00 33.00 0.09 4.74 0.00 0.00 0.00 9.00 11.00 8.00 6.00 14.00 3.00 0.00 0.00 0.00 0.00 0.00
191.00 14.00 4.00 19.00 65.00 15.00 46.00 0.08 1.90 0.00 1.00 0.00 8.00 11.00 6.00 3.00 12.00 2.00 0.00 0.00 0.00 0.00 0.00
192.00 17.00 14.00 39.00 84.00 25.00 45.00 0.08 3.95 0.00 1.00 0.00 5.00 11.00 12.00 6.00 14.00 3.00 0.00 0.00 0.00 0.00 0.00
193.00 15.00 10.00 36.00 67.00 26.00 31.00 0.08 4.77 0.00 0.00 0.00 6.00 10.00 9.00 5.00 11.00 4.00 0.00 0.00 0.00 0.00 0.00
194.00 13.00 6.00 27.00 64.00 21.00 37.00 0.08 4.48 0.00 1.00 0.00 5.00 8.00 8.00 5.00 11.00 2.00 0.00 0.00 0.00 0.00 0.00
195.00 15.00 12.00 35.00 76.00 23.00 41.00 0.07 4.67 0.00 0.00 0.00 3.00 10.00 12.00 5.00 10.00 5.00 0.00 0.00 0.00 0.00 0.00
196.00 8.00 0.00 6.00 36.00 6.00 30.00 0.09 3.90 0.00 0.00 0.00 2.00 7.00 6.00 1.00 7.00 1.00 0.00 0.00 0.00 0.00 0.00
197.00 14.00 6.00 28.00 61.00 22.00 33.00 0.09 3.54 0.00 0.00 0.00 3.00 7.00 11.00 7.00 10.00 4.00 0.00 0.00 0.00 0.00 0.00
198.00 8.00 1.00 15.00 36.00 14.00 21.00 0.08 2.38 0.00 0.00 0.00 3.00 7.00 5.00 1.00 7.00 1.00 0.00 0.00 0.00 0.00 0.00
199.00 10.00 6.00 20.00 45.00 14.00 25.00 0.09 3.18 0.00 0.00 0.00 3.00 7.00 7.00 3.00 8.00 2.00 0.00 0.00 0.00 0.00 0.00
200.00 14.00 6.00 27.00 65.00 21.00 38.00 0.09 4.18 0.00 1.00 0.00 5.00 9.00 9.00 5.00 12.00 2.00 0.00 0.00 0.00 0.00 0.00
201.00 13.00 4.00 26.00 64.00 22.00 38.00 0.09 4.37 0.00 0.00 0.00 6.00 9.00 7.00 4.00 12.00 1.00 0.00 0.00 0.00 0.00 0.00
202.00 13.00 11.00 30.00 64.00 19.00 34.00 0.10 5.11 0.00 1.00 0.00 1.00 5.00 12.00 8.00 9.00 4.00 0.00 0.00 0.00 0.00 0.00
203.00 11.00 6.00 17.00 56.00 11.00 39.00 0.09 4.51 0.00 0.00 0.00 3.00 8.00 8.00 3.00 9.00 2.00 0.00 0.00 0.00 0.00 0.00
204.00 14.00 12.00 33.00 68.00 21.00 35.00 0.08 4.71 0.00 0.00 0.00 2.00 5.00 12.00 9.00 7.00 7.00 0.00 0.00 0.00 0.00 0.00
205.00 14.00 14.00 37.00 67.00 23.00 30.00 0.08 4.27 0.00 0.00 0.00 5.00 9.00 9.00 5.00 11.00 3.00 0.00 0.00 0.00 0.00 0.00
206.00 5.00 1.00 8.00 21.00 7.00 13.00 0.07 4.88 0.00 0.00 0.00 0.00 1.00 5.00 4.00 3.00 2.00 0.00 0.00 0.00 0.00 0.00
207.00 16.00 16.00 40.00 76.00 24.00 36.00 0.09 4.41 0.00 0.00 0.00 4.00 9.00 12.00 7.00 14.00 2.00 0.00 0.00 0.00 0.00 0.00
208.00 17.00 16.00 42.00 83.00 26.00 41.00 0.09 2.49 0.00 1.00 0.00 5.00 12.00 12.00 5.00 13.00 4.00 0.00 0.00 0.00 0.00 0.00
209.00 6.00 2.00 10.00 25.00 8.00 15.00 0.09 0.30 0.00 0.00 0.00 4.00 4.00 2.00 2.00 6.00 0.00 0.00 0.00 0.00 0.00 0.00
210.00 9.00 4.00 16.00 42.00 12.00 26.00 0.09 3.24 0.00 0.00 0.00 4.00 5.00 5.00 4.00 7.00 2.00 0.00 0.00 0.00 0.00 0.00
211.00 12.00 10.00 27.00 56.00 17.00 29.00 0.09 2.87 0.00 0.00 0.00 6.00 9.00 6.00 3.00 9.00 3.00 0.00 0.00 0.00 0.00 0.00
212.00 17.00 16.00 38.00 80.00 22.00 42.00 0.08 4.21 0.00 0.00 0.00 3.00 7.00 14.00 10.00 14.00 3.00 0.00 0.00 0.00 0.00 0.00
213.00 15.00 12.00 35.00 70.00 23.00 35.00 0.07 3.28 0.00 0.00 0.00 4.00 9.00 11.00 6.00 11.00 4.00 0.00 0.00 0.00 0.00 0.00
214.00 10.00 1.00 14.00 45.00 13.00 31.00 0.07 1.97 0.00 0.00 0.00 3.00 7.00 7.00 3.00 9.00 1.00 0.00 0.00 0.00 0.00 0.00
215.00 7.00 3.00 12.00 30.00 9.00 18.00 0.08 4.30 0.00 0.00 0.00 1.00 3.00 6.00 4.00 6.00 1.00 0.00 0.00 0.00 0.00 0.00
216.00 8.00 3.00 15.00 37.00 12.00 22.00 0.08 4.66 0.00 0.00 0.00 3.00 6.00 5.00 2.00 7.00 1.00 0.00 0.00 0.00 0.00 0.00
217.00 6.00 2.00 10.00 28.00 8.00 18.00 0.08 4.95 0.00 0.00 0.00 2.00 4.00 4.00 2.00 6.00 0.00 0.00 0.00 0.00 0.00 0.00
218.00 6.00 1.00 9.00 26.00 8.00 17.00 0.09 4.94 0.00 0.00 0.00 3.00 5.00 3.00 1.00 6.00 0.00 0.00 0.00 0.00 0.00 0.00
219.00 3.00 0.00 2.00 9.00 2.00 7.00 0.07 4.54 0.00 0.00 0.00 2.00 3.00 1.00 0.00 3.00 0.00 0.00 0.00 0.00 0.00 0.00
220.00 10.00 8.00 22.00 45.00 14.00 23.00 0.07 4.74 0.00 0.00 0.00 3.00 7.00 7.00 3.00 9.00 1.00 0.00 0.00 0.00 0.00 0.00
221.00 9.00 6.00 15.00 40.00 9.00 25.00 0.08 4.44 0.00 1.00 0.00 4.00 6.00 5.00 3.00 8.00 1.00 0.00 0.00 0.00 0.00 0.00
222.00 10.00 8.00 22.00 45.00 14.00 23.00 0.09 4.13 0.00 0.00 0.00 3.00 5.00 7.00 5.00 6.00 4.00 0.00 0.00 0.00 1.00 0.00
223.00 6.00 1.00 7.00 27.00 6.00 20.00 0.08 4.41 0.00 1.00 0.00 4.00 4.00 2.00 2.00 6.00 0.00 0.00 0.00 0.00 0.00 0.00
224.00 8.00 6.00 17.00 34.00 11.00 17.00 0.07 4.47 0.00 0.00 0.00 2.00 5.00 6.00 3.00 7.00 1.00 0.00 0.00 0.00 0.00 0.00
225.00 9.00 6.00 19.00 37.00 13.00 18.00 0.07 3.52 0.00 0.00 0.00 2.00 4.00 7.00 5.00 8.00 1.00 0.00 0.00 0.00 0.00 0.00
226.00 11.00 10.00 25.00 52.00 15.00 27.00 0.08 4.51 0.00 0.00 0.00 3.00 8.00 8.00 3.00 8.00 3.00 0.00 0.00 0.00 0.00 0.00
227.00 9.00 8.00 18.00 40.00 10.00 22.00 0.08 3.51 0.00 0.00 0.00 2.00 6.00 7.00 3.00 8.00 1.00 0.00 0.00 0.00 0.00 0.00
228.00 3.00 0.00 0.00 10.00 0.00 10.00 0.08 4.29 0.00 0.00 0.00 2.00 3.00 1.00 0.00 3.00 0.00 0.00 0.00 0.00 0.00 0.00
229.00 9.00 1.00 12.00 38.00 11.00 26.00 0.09 5.19 0.00 0.00 0.00 1.00 7.00 8.00 2.00 8.00 1.00 0.00 0.00 0.00 0.00 0.00
230.00 6.00 0.00 7.00 25.00 7.00 18.00 0.08 2.72 0.00 0.00 0.00 3.00 5.00 3.00 1.00 6.00 0.00 0.00 0.00 0.00 0.00 0.00
231.00 5.00 0.00 2.00 3.00 2.00 1.00 0.08 0.28 0.00 0.00 0.00 2.00 5.00 3.00 0.00 5.00 0.00 0.00 0.00 0.00 0.00 0.00
232.00 5.00 0.00 2.00 18.00 2.00 16.00 0.08 3.70 0.00 0.00 0.00 3.00 4.00 2.00 1.00 5.00 0.00 0.00 0.00 0.00 0.00 0.00
233.00 6.00 2.00 9.00 25.00 7.00 16.00 0.07 4.49 0.00 0.00 0.00 3.00 5.00 3.00 1.00 6.00 0.00 0.00 0.00 0.00 0.00 0.00
234.00 6.00 3.00 10.00 28.00 7.00 18.00 0.08 5.00 0.00 0.00 0.00 4.00 5.00 2.00 1.00 5.00 1.00 0.00 0.00 0.00 0.00 0.00
235.00 7.00 5.00 11.00 30.00 6.00 19.00 0.09 4.27 0.00 0.00 0.00 3.00 4.00 4.00 3.00 6.00 1.00 0.00 0.00 1.00 0.00 0.00
236.00 10.00 4.00 18.00 46.00 14.00 28.00 0.10 4.33 0.00 0.00 0.00 2.00 6.00 8.00 4.00 8.00 2.00 0.00 0.00 0.00 0.00 0.00
237.00 6.00 2.00 9.00 26.00 7.00 17.00 0.09 2.79 0.00 0.00 0.00 2.00 5.00 4.00 1.00 5.00 1.00 0.00 0.00 0.00 0.00 0.00
238.00 9.00 6.00 15.00 41.00 9.00 26.00 0.07 4.45 0.00 0.00 0.00 4.00 6.00 5.00 3.00 8.00 1.00 0.00 0.00 0.00 0.00 0.00
