0.00 5.00 0.00 3.00 14.00 3.00 11.00 0.07 3.37 0.00 0.00 0.00 4.00 4.00 1.00 1.00 4.00 1.00 0.00 0.00 0.00 0.00 0.00
1.00 3.00 0.00 0.00 4.00 0.00 4.00 0.08 0.34 0.00 0.00 0.00 2.00 3.00 1.00 0.00 3.00 0.00 0.00 0.00 0.00 0.00 0.00
2.00 5.00 0.00 5.00 17.00 5.00 12.00 0.10 3.17 0.00 0.00 0.00 2.00 5.00 3.00 0.00 5.00 0.00 0.00 0.00 0.00 0.00 0.00
3.00 5.00 0.00 4.00 21.00 4.00 17.00 0.07 0.22 0.00 0.00 0.00 1.00 4.00 4.00 1.00 5.00 0.00 0.00 0.00 0.00 0.00 0.00
4.00 3.00 0.00 0.00 3.00 0.00 3.00 0.06 0.12 0.00 0.00 0.00 2.00 3.00 1.00 0.00 3.00 0.00 0.00 0.00 0.00 0.00 0.00
5.00 8.00 5.00 17.00 35.00 12.00 18.00 0.09 4.27 0.00 0.00 0.00 3.00 4.00 5.00 4.00 6.00 2.00 0.00 0.00 0.00 0.00 0.00
6.00 8.00 4.00 16.00 35.00 12.00 19.00 0.09 2.42 0.00 0.00 0.00 4.00 6.00 4.00 2.00 6.00 2.00 0.00 0.00 0.00 0.00 0.00
7.00 8.00 4.00 11.00 35.00 7.00 24.00 0.09 3.92 0.00 0.00 0.00 3.00 6.00 5.00 2.00 6.00 2.00 0.00 0.00 0.00 0.00 0.00
8.00 8.00 3.00 9.00 32.00 6.00 23.00 0.09 2.69 0.00 0.00 0.00 5.00 6.00 3.00 2.00 7.00 1.00 0.00 0.00 0.00 0.00 0.00
9.00 13.00 7.00 25.00 63.00 18.00 38.00 0.08 1.85 0.00 2.00 0.00 2.00 5.00 11.00 8.00 7.00 6.00 0.00 0.00 0.00 0.00 0.00
10.00 10.00 4.00 21.00 46.00 17.00 25.00 0.07 0.32 0.00 1.00 0.00 3.00 8.00 7.00 2.00 8.00 2.00 0.00 0.00 0.00 0.00 0.00
11.00 17.00 14.00 39.00 75.00 25.00 36.00 0.08 2.10 0.00 1.00 0.00 9.00 11.00 8.00 6.00 13.00 4.00 0.00 0.00 0.00 0.00 0.00
12.00 20.00 26.00 56.00 88.00 30.00 32.00 0.08 2.66 0.00 3.00 0.00 8.00 13.00 12.00 7.00 15.00 5.00 0.00 0.00 0.00 0.00 0.00
13.00 22.00 26.00 57.00 105.00 31.00 48.00 0.09 3.14 0.00 3.00 0.00 8.00 13.00 14.00 9.00 14.00 8.00 0.00 0.00 0.00 0.00 0.00
14.00 21.00 22.00 56.00 106.00 34.00 50.00 0.08 2.59 1.00 3.00 0.33 8.00 11.00 13.00 10.00 14.00 7.00 0.00 0.00 0.00 0.00 0.00
15.00 19.00 18.00 49.00 92.00 31.00 43.00 0.09 2.10 1.00 2.00 0.50 7.00 12.00 12.00 7.00 15.00 4.00 0.00 0.00 0.00 0.00 0.00
16.00 23.00 18.00 58.00 108.00 40.00 50.00 0.08 3.11 1.00 3.00 0.33 8.00 11.00 15.00 12.00 17.00 6.00 0.00 0.00 0.00 0.00 0.00
17.00 21.00 25.00 52.00 93.00 27.00 41.00 0.07 4.03 1.00 2.00 0.50 6.00 12.00 15.00 9.00 16.00 5.00 0.00 0.00 0.00 0.00 0.00
18.00 18.00 21.00 46.00 89.00 25.00 43.00 0.08 2.21 0.00 2.00 0.00 5.00 12.00 13.00 6.00 15.00 3.00 0.00 0.00 0.00 1.00 0.00
19.00 23.00 26.00 59.00 113.00 33.00 54.00 0.09 1.76 0.00 1.00 0.00 7.00 13.00 16.00 10.00 17.00 6.00 0.00 0.00 0.00 1.00 0.00
20.00 16.00 10.00 37.00 80.00 27.00 43.00 0.08 2.35 0.00 2.00 0.00 2.00 7.00 14.00 9.00 13.00 3.00 0.00 0.00 0.00 1.00 0.00
21.00 24.00 28.00 63.00 124.00 35.00 61.00 0.08 3.35 0.00 2.00 0.00 10.00 14.00 14.00 10.00 14.00 10.00 0.00 0.00 0.00 0.00 0.00
22.00 23.00 22.00 61.00 112.00 39.00 51.00 0.08 4.56 0.00 2.00 0.00 6.00 9.00 17.00 14.00 14.00 9.00 0.00 0.00 0.00 1.00 0.00
23.00 23.00 24.00 69.00 115.00 45.00 46.00 0.09 4.39 0.00 1.00 0.00 6.00 15.00 17.00 8.00 16.00 7.00 0.00 0.00 0.00 1.00 0.00
24.00 20.00 20.00 52.00 89.00 32.00 37.00 0.08 2.72 0.00 3.00 0.00 6.00 10.00 14.00 10.00 14.00 6.00 0.00 0.00 0.00 0.00 0.00
25.00 22.00 23.00 60.00 111.00 37.00 51.00 0.08 1.88 0.00 1.00 0.00 3.00 8.00 19.00 14.00 15.00 7.00 0.00 0.00 0.00 1.00 0.00
26.00 25.00 27.00 70.00 127.00 43.00 57.00 0.08 3.19 0.00 2.00 0.00 5.00 10.00 20.00 15.00 13.00 12.00 0.00 0.00 0.00 1.00 0.00
27.00 20.00 22.00 55.00 103.00 33.00 48.00 0.10 1.39 0.00 2.00 0.00 6.00 10.00 14.00 10.00 14.00 6.00 0.00 0.00 0.00 1.00 0.00
28.00 19.00 16.00 44.00 92.00 28.00 48.00 0.09 1.98 0.00 2.00 0.00 5.00 12.00 14.00 7.00 16.00 3.00 0.00 0.00 0.00 1.00 0.00
29.00 20.00 22.00 52.00 103.00 30.00 51.00 0.09 2.70 0.00 1.00 0.00 5.00 9.00 15.00 11.00 13.00 7.00 0.00 0.00 0.00 1.00 0.00
30.00 23.00 28.00 63.00 115.00 35.00 52.00 0.08 1.95 1.00 2.00 0.50 4.00 10.00 19.00 13.00 14.00 9.00 0.00 0.00 0.00 0.00 0.00
31.00 17.00 12.00 35.00 78.00 23.00 43.00 0.09 2.12 0.00 2.00 0.00 6.00 7.00 11.00 10.00 13.00 4.00 0.00 0.00 0.00 0.00 0.00
32.00 24.00 26.00 66.00 117.00 40.00 51.00 0.09 1.84 1.00 1.00 1.00 11.00 16.00 13.00 8.00 17.00 7.00 0.00 0.00 0.00 0.00 0.00
33.00 18.00 17.00 40.00 87.00 23.00 47.00 0.10 0.65 0.00 1.00 0.00 3.00 8.00 15.00 10.00 12.00 6.00 0.00 0.00 0.00 0.00 0.00
34.00 24.00 25.00 68.00 118.00 43.00 50.00 0.09 1.28 1.00 1.00 1.00 8.00 13.00 16.00 11.00 19.00 5.00 0.00 0.00 0.00 0.00 0.00
35.00 27.00 37.00 79.00 130.00 42.00 51.00 0.08 2.33 1.00 2.00 0.50 7.00 13.00 20.00 14.00 18.00 9.00 0.00 0.00 0.00 0.00 0.00
36.00 22.00 21.00 58.00 111.00 37.00 53.00 0.09 1.45 1.00 1.00 1.00 8.00 12.00 14.00 10.00 16.00 6.00 0.00 0.00 0.00 0.00 0.00
37.00 23.00 27.00 62.00 123.00 35.00 61.00 0.08 1.32 2.00 2.00 1.00 4.00 8.00 19.00 15.00 14.00 9.00 0.00 0.00 0.00 0.00 0.00
38.00 28.00 48.00 91.00 148.00 43.00 57.00 0.09 1.21 1.00 1.00 1.00 2.00 9.00 26.00 19.00 14.00 14.00 0.00 0.00 0.00 0.00 0.00
39.00 31.00 44.00 86.00 150.00 42.00 64.00 0.08 0.85 1.00 1.00 1.00 12.00 16.00 19.00 15.00 20.00 11.00 0.00 0.00 0.00 0.00 0.00
40.00 25.00 34.00 68.00 116.00 34.00 48.00 0.08 1.43 1.00 1.00 1.00 5.00 12.00 20.00 13.00 17.00 8.00 0.00 0.00 0.00 0.00 0.00
41.00 24.00 28.00 63.00 121.00 35.00 58.00 0.09 0.70 1.00 2.00 0.50 5.00 12.00 19.00 12.00 15.00 9.00 0.00 0.00 0.00 0.00 0.00
42.00 29.00 38.00 84.00 143.00 46.00 59.00 0.08 0.86 1.00 1.00 1.00 7.00 12.00 22.00 17.00 17.00 12.00 0.00 0.00 0.00 0.00 0.00
43.00 25.00 35.00 74.00 122.00 39.00 48.00 0.10 1.88 1.00 2.00 0.50 5.00 11.00 20.00 14.00 14.00 11.00 0.00 0.00 0.00 0.00 0.00
44.00 27.00 31.00 74.00 134.00 43.00 60.00 0.07 1.41 0.00 0.00 0.00 5.00 13.00 22.00 14.00 18.00 9.00 0.00 0.00 0.00 0.00 0.00
45.00 24.00 29.00 71.00 120.00 42.00 49.00 0.11 1.93 1.00 1.00 1.00 7.00 11.00 17.00 13.00 17.00 7.00 0.00 0.00 0.00 0.00 0.00
46.00 23.00 22.00 61.00 115.00 39.00 54.00 0.10 1.47 1.00 1.00 1.00 5.00 10.00 18.00 13.00 17.00 6.00 0.00 0.00 0.00 0.00 0.00
47.00 26.00 31.00 71.00 134.00 40.00 63.00 0.08 1.33 1.00 1.00 1.00 9.00 11.00 17.00 15.00 14.00 12.00 0.00 0.00 0.00 0.00 0.00
48.00 32.00 36.00 91.00 157.00 55.00 66.00 0.10 2.05 1.00 1.00 1.00 12.00 15.00 20.00 17.00 23.00 9.00 0.00 0.00 0.00 0.00 0.00
49.00 25.00 38.00 75.00 135.00 37.00 60.00 0.08 2.32 1.00 1.00 1.00 3.00 12.00 22.00 13.00 16.00 9.00 0.00 0.00 1.00 0.00 0.00
50.00 26.00 43.00 77.00 129.00 34.00 52.00 0.09 2.74 2.00 1.00 2.00 7.00 11.00 19.00 15.00 16.00 10.00 0.00 0.00 0.00 0.00 0.00
51.00 27.00 26.00 76.00 136.00 50.00 60.00 0.07 2.26 2.00 1.00 2.00 6.00 14.00 21.00 13.00 20.00 7.00 0.00 0.00 0.00 0.00 0.00
52.00 25.00 29.00 67.00 120.00 38.00 53.00 0.10 2.48 2.00 2.00 1.00 7.00 9.00 18.00 16.00 16.00 9.00 0.00 0.00 0.00 0.00 0.00
53.00 25.00 25.00 58.00 123.00 33.00 65.00 0.06 3.65 2.00 1.00 2.00 5.00 14.00 20.00 11.00 18.00 7.00 0.00 0.00 0.00 0.00 0.00
54.00 28.00 36.00 72.00 126.00 36.00 54.00 0.08 3.56 2.00 2.00 1.00 6.00 11.00 22.00 17.00 17.00 11.00 0.00 0.00 0.00 0.00 1.00
55.00 26.00 31.00 69.00 125.00 38.00 56.00 0.08 3.53 1.00 1.00 1.00 10.00 14.00 16.00 12.00 17.00 9.00 0.00 0.00 0.00 0.00 0.00
56.00 24.00 29.00 61.00 112.00 32.00 51.00 0.10 2.95 1.00 1.00 1.00 6.00 10.00 18.00 14.00 14.00 10.00 0.00 0.00 0.00 0.00 0.00
57.00 26.00 28.00 71.00 135.00 43.00 64.00 0.08 2.99 1.00 3.00 0.33 5.00 11.00 21.00 15.00 15.00 11.00 0.00 0.00 0.00 0.00 0.00
58.00 25.00 30.00 71.00 130.00 41.00 59.00 0.10 2.89 1.00 1.00 1.00 7.00 14.00 18.00 11.00 17.00 8.00 0.00 0.00 0.00 0.00 0.00
59.00 30.00 32.00 77.00 151.00 45.00 74.00 0.11 3.85 1.00 1.00 1.00 6.00 13.00 24.00 17.00 19.00 11.00 0.00 0.00 1.00 0.00 0.00
60.00 23.00 22.00 64.00 125.00 42.00 61.00 0.09 4.08 1.00 1.00 1.00 3.00 8.00 20.00 15.00 13.00 10.00 0.00 0.00 0.00 1.00 0.00
61.00 30.00 41.00 87.00 153.00 46.00 66.00 0.07 3.75 1.00 1.00 1.00 8.00 13.00 22.00 17.00 17.00 13.00 0.00 0.00 0.00 1.00 0.00
62.00 31.00 35.00 95.00 158.00 60.00 63.00 0.08 3.35 2.00 1.00 2.00 10.00 16.00 21.00 15.00 23.00 8.00 0.00 0.00 1.00 0.00 1.00
63.00 29.00 34.00 85.00 145.00 51.00 60.00 0.08 4.07 2.00 1.00 2.00 5.00 12.00 24.00 17.00 18.00 11.00 0.00 0.00 0.00 0.00 0.00
64.00 31.00 45.00 99.00 162.00 54.00 63.00 0.09 2.49 2.00 2.00 1.00 5.00 14.00 26.00 17.00 20.00 11.00 0.00 0.00 1.00 0.00 0.00
65.00 29.00 27.00 73.00 143.00 46.00 70.00 0.09 3.75 2.00 1.00 2.00 8.00 16.00 21.00 13.00 20.00 9.00 0.00 0.00 0.00 0.00 1.00
66.00 30.00 33.00 89.00 155.00 56.00 66.00 0.08 3.34 2.00 1.00 2.00 4.00 10.00 26.00 20.00 15.00 15.00 1.00 0.00 0.00 0.00 0.00
67.00 27.00 32.00 74.00 134.00 42.00 60.00 0.08 2.66 2.00 1.00 2.00 6.00 10.00 21.00 17.00 16.00 11.00 0.00 0.00 0.00 0.00 0.00
68.00 30.00 40.00 90.00 159.00 50.00 69.00 0.09 3.09 2.00 2.00 1.00 6.00 13.00 24.00 17.00 18.00 12.00 0.00 0.00 0.00 0.00 0.00
69.00 28.00 32.00 79.00 140.00 47.00 61.00 0.08 3.10 1.00 2.00 0.50 4.00 14.00 24.00 14.00 18.00 10.00 0.00 0.00 0.00 0.00 0.00
70.00 29.00 33.00 85.00 142.00 52.00 57.00 0.10 2.98 1.00 2.00 0.50 10.00 16.00 19.00 13.00 19.00 10.00 0.00 0.00 0.00 0.00 0.00
71.00 37.00 53.00 109.00 190.00 56.00 81.00 0.09 3.59 1.00 2.00 0.50 8.00 15.00 29.00 22.00 18.00 19.00 0.00 0.00 0.00 0.00 0.00
72.00 36.00 52.00 106.00 178.00 54.00 72.00 0.09 2.90 2.00 3.00 0.67 6.00 19.00 30.00 17.00 26.00 10.00 0.00 0.00 0.00 0.00 0.00
73.00 27.00 25.00 84.00 148.00 59.00 64.00 0.08 2.65 2.00 2.00 1.00 6.00 11.00 21.00 16.00 18.00 9.00 0.00 0.00 0.00 0.00 0.00
74.00 29.00 33.00 87.00 151.00 54.00 64.00 0.09 2.92 2.00 4.00 0.50 9.00 16.00 20.00 13.00 21.00 8.00 0.00 0.00 0.00 0.00 0.00
75.00 31.00 44.00 90.00 159.00 46.00 69.00 0.09 3.37 2.00 1.00 2.00 9.00 14.00 22.00 17.00 16.00 15.00 0.00 0.00 0.00 0.00 0.00
76.00 31.00 38.00 94.00 150.00 56.00 56.00 0.08 3.80 2.00 2.00 1.00 5.00 13.00 26.00 18.00 17.00 14.00 0.00 0.00 0.00 0.00 0.00
77.00 37.00 47.00 101.00 182.00 54.00 81.00 0.07 3.88 2.00 1.00 2.00 9.00 18.00 28.00 19.00 22.00 15.00 0.00 0.00 0.00 0.00 0.00
78.00 34.00 49.00 97.00 172.00 48.00 75.00 0.08 4.25 2.00 1.00 2.00 9.00 15.00 25.00 19.00 16.00 18.00 0.00 0.00 2.00 0.00 1.00
79.00 29.00 36.00 88.00 142.00 52.00 54.00 0.07 4.30 1.00 2.00 0.50 7.00 12.00 22.00 17.00 20.00 9.00 0.00 0.00 0.00 0.00 0.00
80.00 32.00 43.00 91.00 159.00 48.00 68.00 0.08 4.23 1.00 3.00 0.33 3.00 12.00 29.00 20.00 18.00 14.00 0.00 0.00 0.00 1.00 0.00
81.00 28.00 37.00 83.00 149.00 46.00 66.00 0.07 3.89 1.00 3.00 0.33 6.00 12.00 22.00 16.00 15.00 13.00 0.00 0.00 1.00 0.00 0.00
82.00 33.00 48.00 95.00 171.00 47.00 76.00 0.09 3.71 2.00 3.00 0.67 9.00 15.00 24.00 18.00 21.00 12.00 0.00 0.00 2.00 0.00 0.00
83.00 28.00 39.00 90.00 141.00 51.00 51.00 0.07 3.32 2.00 3.00 0.67 8.00 13.00 20.00 15.00 20.00 8.00 0.00 0.00 1.00 0.00 0.00
84.00 41.00 45.00 111.00 199.00 66.00 88.00 0.08 4.31 2.00 4.00 0.50 12.00 20.00 29.00 21.00 24.00 17.00 0.00 0.00 0.00 0.00 0.00
85.00 25.00 21.00 57.00 110.00 36.00 53.00 0.08 3.41 1.00 4.00 0.25 4.00 13.00 21.00 12.00 16.00 9.00 0.00 0.00 0.00 0.00 0.00
86.00 30.00 42.00 93.00 152.00 51.00 59.00 0.08 4.35 2.00 1.00 2.00 7.00 10.00 23.00 20.00 15.00 15.00 0.00 0.00 1.00 0.00 0.00
87.00 32.00 28.00 76.00 157.00 48.00 81.00 0.07 3.80 0.00 3.00 0.00 10.00 18.00 22.00 14.00 22.00 10.00 0.00 0.00 0.00 0.00 0.00
88.00 26.00 24.00 73.00 135.00 49.00 62.00 0.10 4.24 1.00 2.00 0.50 6.00 16.00 20.00 10.00 18.00 8.00 0.00 0.00 0.00 0.00 0.00
89.00 26.00 36.00 78.00 133.00 42.00 55.00 0.08 4.93 1.00 2.00 0.50 5.00 8.00 21.00 18.00 13.00 13.00 0.00 0.00 0.00 0.00 0.00
90.00 27.00 26.00 69.00 135.00 43.00 66.00 0.08 3.98 1.00 3.00 0.33 7.00 13.00 20.00 14.00 21.00 6.00 0.00 0.00 0.00 0.00 0.00
91.00 25.00 29.00 74.00 124.00 45.00 50.00 0.08 4.46 1.00 3.00 0.33 7.00 13.00 18.00 12.00 17.00 8.00 0.00 0.00 0.00 0.00 0.00
92.00 28.00 35.00 78.00 135.00 43.00 57.00 0.09 4.23 1.00 2.00 0.50 10.00 12.00 18.00 16.00 18.00 10.00 0.00 0.00 1.00 0.00 0.00
93.00 31.00 41.00 88.00 152.00 47.00 64.00 0.08 4.59 2.00 2.00 1.00 8.00 15.00 23.00 16.00 20.00 11.00 0.00 0.00 0.00 0.00 0.00
94.00 33.00 45.00 90.00 152.00 45.00 62.00 0.08 4.98 1.00 3.00 0.33 10.00 17.00 23.00 16.00 20.00 13.00 0.00 0.00 1.00 0.00 0.00
95.00 36.00 45.00 103.00 184.00 58.00 81.00 0.09 4.70 3.00 4.00 0.75 9.00 16.00 27.00 20.00 20.00 16.00 0.00 0.00 1.00 0.00 0.00
96.00 34.00 53.00 103.00 166.00 50.00 63.00 0.08 4.87 1.00 3.00 0.33 7.00 17.00 27.00 17.00 24.00 10.00 1.00 0.00 1.00 0.00 0.00
97.00 29.00 40.00 92.00 151.00 52.00 59.00 0.09 3.99 2.00 4.00 0.50 4.00 9.00 25.00 20.00 14.00 15.00 1.00 0.00 0.00 0.00 0.00
98.00 29.00 33.00 79.00 146.00 46.00 67.00 0.08 3.58 1.00 5.00 0.20 7.00 13.00 22.00 16.00 19.00 10.00 0.00 0.00 0.00 0.00 0.00
99.00 33.00 51.00 106.00 177.00 55.00 71.00 0.07 4.08 1.00 5.00 0.20 8.00 15.00 25.00 18.00 21.00 12.00 0.00 0.00 0.00 0.00 0.00
100.00 40.00 48.00 112.00 185.00 64.00 73.00 0.07 4.25 1.00 3.00 0.33 10.00 16.00 30.00 24.00 22.00 18.00 0.00 0.00 0.00 0.00 0.00
101.00 32.00 34.00 83.00 152.00 49.00 69.00 0.09 4.18 1.00 4.00 0.25 11.00 16.00 21.00 16.00 22.00 10.00 0.00 0.00 0.00 0.00 1.00
102.00 29.00 36.00 81.00 146.00 45.00 65.00 0.09 3.34 1.00 3.00 0.33 7.00 14.00 22.00 15.00 21.00 8.00 0.00 0.00 0.00 1.00 0.00
103.00 27.00 31.00 70.00 126.00 39.00 56.00 0.10 2.94 1.00 2.00 0.50 8.00 14.00 19.00 13.00 22.00 5.00 0.00 0.00 0.00 0.00 0.00
104.00 26.00 33.00 73.00 136.00 40.00 63.00 0.10 3.64 1.00 1.00 1.00 7.00 12.00 19.00 14.00 17.00 9.00 0.00 0.00 0.00 0.00 0.00
105.00 30.00 39.00 84.00 144.00 45.00 60.00 0.08 3.86 1.00 2.00 0.50 9.00 16.00 21.00 14.00 19.00 11.00 0.00 0.00 0.00 0.00 1.00
106.00 27.00 32.00 73.00 138.00 41.00 65.00 0.08 4.31 2.00 2.00 1.00 10.00 13.00 17.00 14.00 15.00 12.00 0.00 0.00 0.00 0.00 0.00
107.00 30.00 36.00 77.00 140.00 41.00 63.00 0.09 4.56 0.00 1.00 0.00 5.00 12.00 25.00 18.00 14.00 16.00 0.00 0.00 0.00 0.00 0.00
108.00 26.00 36.00 77.00 132.00 41.00 55.00 0.09 3.60 1.00 2.00 0.50 5.00 13.00 21.00 13.00 15.00 11.00 0.00 0.00 0.00 0.00 0.00
109.00 27.00 29.00 70.00 125.00 41.00 55.00 0.08 3.36 1.00 2.00 0.50 8.00 19.00 19.00 8.00 20.00 7.00 0.00 0.00 0.00 0.00 0.00
110.00 25.00 29.00 67.00 125.00 38.00 58.00 0.09 4.49 1.00 2.00 0.50 9.00 16.00 16.00 9.00 18.00 7.00 0.00 0.00 0.00 0.00 0.00
111.00 26.00 38.00 78.00 131.00 40.00 53.00 0.08 3.34 1.00 2.00 0.50 9.00 14.00 17.00 12.00 17.00 9.00 0.00 0.00 0.00 0.00 0.00
112.00 25.00 28.00 64.00 115.00 36.00 51.00 0.08 4.93 1.00 1.00 1.00 9.00 12.00 16.00 13.00 17.00 8.00 0.00 0.00 0.00 0.00 0.00
113.00 30.00 35.00 86.00 138.00 51.00 52.00 0.08 4.13 1.00 2.00 0.50 8.00 17.00 22.00 13.00 21.00 9.00 0.00 0.00 0.00 0.00 0.00
114.00 25.00 25.00 71.00 121.00 46.00 50.00 0.09 4.67 0.00 2.00 0.00 5.00 9.00 20.00 16.00 18.00 7.00 0.00 0.00 0.00 0.00 0.00
115.00 30.00 39.00 86.00 143.00 47.00 57.00 0.08 4.52 1.00 3.00 0.33 6.00 12.00 24.00 18.00 19.00 11.00 0.00 0.00 0.00 0.00 0.00
116.00 27.00 31.00 69.00 131.00 38.00 62.00 0.09 3.91 1.00 2.00 0.50 9.00 14.00 18.00 13.00 17.00 10.00 0.00 0.00 0.00 0.00 0.00
117.00 25.00 24.00 66.00 124.00 42.00 58.00 0.09 4.63 1.00 1.00 1.00 5.00 11.00 20.00 14.00 15.00 10.00 0.00 0.00 0.00 0.00 0.00
118.00 19.00 15.00 53.00 98.00 38.00 45.00 0.09 4.56 1.00 1.00 1.00 4.00 9.00 15.00 10.00 14.00 5.00 0.00 0.00 0.00 0.00 0.00
119.00 27.00 27.00 70.00 133.00 43.00 63.00 0.10 4.28 1.00 1.00 1.00 9.00 13.00 18.00 14.00 17.00 10.00 0.00 0.00 0.00 0.00 0.00
120.00 27.00 28.00 76.00 138.00 48.00 62.00 0.07 3.93 2.00 1.00 2.00 6.00 15.00 21.00 12.00 19.00 8.00 0.00 0.00 1.00 0.00 0.00
121.00 25.00 31.00 66.00 124.00 35.00 58.00 0.09 2.90 1.00 2.00 0.50 6.00 12.00 19.00 13.00 16.00 9.00 0.00 0.00 0.00 0.00 0.00
122.00 23.00 24.00 63.00 122.00 39.00 59.00 0.10 3.54 0.00 3.00 0.00 6.00 13.00 17.00 10.00 15.00 8.00 0.00 0.00 0.00 0.00 0.00
123.00 21.00 15.00 52.00 105.00 37.00 53.00 0.09 2.50 0.00 2.00 0.00 5.00 9.00 16.00 12.00 15.00 6.00 0.00 0.00 0.00 0.00 0.00
124.00 19.00 22.00 51.00 94.00 29.00 43.00 0.09 3.55 1.00 1.00 1.00 4.00 8.00 15.00 11.00 12.00 7.00 0.00 0.00 0.00 0.00 0.00
125.00 26.00 30.00 67.00 129.00 37.00 62.00 0.09 3.74 2.00 0.00 0.00 5.00 12.00 21.00 14.00 17.00 9.00 0.00 0.00 0.00 0.00 0.00
126.00 24.00 24.00 59.00 123.00 35.00 64.00 0.08 2.95 1.00 0.00 0.00 11.00 15.00 13.00 9.00 17.00 7.00 0.00 0.00 0.00 0.00 0.00
127.00 23.00 26.00 64.00 116.00 38.00 52.00 0.08 3.12 1.00 3.00 0.33 5.00 11.00 18.00 12.00 15.00 8.00 0.00 0.00 0.00 0.00 0.00
128.00 28.00 32.00 75.00 139.00 43.00 64.00 0.09 3.71 1.00 1.00 1.00 10.00 12.00 18.00 16.00 20.00 8.00 0.00 0.00 0.00 0.00 0.00
129.00 24.00 22.00 64.00 123.00 42.00 59.00 0.08 3.85 1.00 1.00 1.00 4.00 9.00 20.00 15.00 14.00 10.00 0.00 0.00 0.00 0.00 0.00
130.00 28.00 41.00 82.00 134.00 41.00 52.00 0.08 3.64 0.00 1.00 0.00 7.00 15.00 21.00 13.00 18.00 10.00 0.00 0.00 0.00 0.00 0.00
131.00 24.00 28.00 70.00 124.00 42.00 54.00 0.08 2.47 1.00 1.00 1.00 4.00 10.00 20.00 14.00 12.00 12.00 0.00 0.00 0.00 0.00 0.00
132.00 27.00 33.00 78.00 138.00 45.00 60.00 0.09 3.44 1.00 1.00 1.00 6.00 6.00 21.00 21.00 13.00 14.00 0.00 0.00 0.00 0.00 0.00
133.00 21.00 22.00 60.00 110.00 38.00 50.00 0.10 2.63 1.00 2.00 0.50 7.00 12.00 14.00 9.00 15.00 6.00 0.00 0.00 0.00 0.00 0.00
134.00 14.00 10.00 31.00 70.00 21.00 39.00 0.08 2.36 0.00 2.00 0.00 5.00 10.00 9.00 4.00 12.00 2.00 0.00 0.00 0.00 0.00 0.00
135.00 26.00 28.00 74.00 131.00 46.00 57.00 0.08 2.66 1.00 2.00 0.50 11.00 15.00 15.00 11.00 19.00 7.00 0.00 0.00 0.00 0.00 0.00
136.00 26.00 27.00 67.00 121.00 40.00 54.00 0.08 3.30 1.00 2.00 0.50 8.00 13.00 18.00 13.00 18.00 8.00 0.00 0.00 0.00 0.00 0.00
137.00 25.00 30.00 69.00 127.00 39.00 58.00 0.09 1.89 1.00 1.00 1.00 7.00 14.00 18.00 11.00 16.00 9.00 0.00 0.00 0.00 0.00 0.00
138.00 28.00 32.00 79.00 148.00 47.00 69.00 0.06 2.64 1.00 1.00 1.00 5.00 11.00 23.00 17.00 18.00 10.00 0.00 0.00 0.00 0.00 0.00
139.00 21.00 26.00 59.00 108.00 33.00 49.00 0.08 2.62 1.00 1.00 1.00 6.00 11.00 15.00 10.00 15.00 6.00 0.00 0.00 0.00 0.00 0.00
140.00 25.00 29.00 72.00 125.00 43.00 53.00 0.10 3.36 1.00 1.00 1.00 9.00 13.00 16.00 12.00 17.00 8.00 0.00 0.00 0.00 0.00 0.00
141.00 25.00 30.00 65.00 123.00 35.00 58.00 0.09 2.78 1.00 1.00 1.00 7.00 13.00 18.00 12.00 18.00 7.00 0.00 0.00 0.00 0.00 0.00
142.00 21.00 27.00 63.00 111.00 36.00 48.00 0.08 3.70 1.00 1.00 1.00 5.00 10.00 16.00 11.00 13.00 8.00 0.00 0.00 0.00 0.00 0.00
143.00 20.00 27.00 58.00 104.00 31.00 46.00 0.08 2.75 1.00 2.00 0.50 6.00 10.00 14.00 10.00 15.00 5.00 0.00 0.00 0.00 0.00 0.00
144.00 25.00 40.00 76.00 124.00 36.00 48.00 0.07 3.57 1.00 1.00 1.00 9.00 15.00 16.00 10.00 19.00 6.00 0.00 0.00 0.00 0.00 0.00
145.00 23.00 23.00 62.00 123.00 39.00 61.00 0.08 3.81 0.00 2.00 0.00 8.00 11.00 15.00 12.00 16.00 7.00 0.00 0.00 0.00 1.00 0.00
146.00 25.00 31.00 70.00 130.00 39.00 60.00 0.10 3.26 1.00 1.00 1.00 6.00 11.00 19.00 14.00 15.00 10.00 0.00 0.00 1.00 0.00 0.00
147.00 20.00 22.00 53.00 97.00 31.00 44.00 0.09 3.77 1.00 1.00 1.00 3.00 10.00 17.00 10.00 15.00 5.00 0.00 0.00 0.00 0.00 0.00
148.00 20.00 23.00 52.00 100.00 29.00 48.00 0.09 3.28 1.00 1.00 1.00 7.00 11.00 13.00 9.00 14.00 6.00 0.00 0.00 0.00 0.00 0.00
149.00 24.00 24.00 65.00 119.00 41.00 54.00 0.11 3.76 0.00 2.00 0.00 4.00 13.00 20.00 11.00 16.00 8.00 0.00 0.00 0.00 0.00 0.00
150.00 23.00 34.00 68.00 113.00 34.00 45.00 0.08 2.34 0.00 2.00 0.00 4.00 10.00 19.00 13.00 12.00 11.00 0.00 0.00 0.00 0.00 0.00
151.00 18.00 18.00 52.00 96.00 34.00 44.00 0.08 2.75 1.00 1.00 1.00 3.00 3.00 15.00 15.00 10.00 8.00 0.00 0.00 0.00 0.00 0.00
152.00 23.00 22.00 58.00 115.00 36.00 57.00 0.08 3.78 0.00 1.00 0.00 8.00 13.00 15.00 10.00 14.00 9.00 0.00 0.00 1.00 0.00 0.00
153.00 26.00 26.00 73.00 131.00 47.00 58.00 0.08 2.22 0.00 1.00 0.00 9.00 14.00 17.00 12.00 17.00 9.00 0.00 0.00 0.00 0.00 0.00
154.00 21.00 20.00 52.00 112.00 32.00 60.00 0.10 1.93 0.00 1.00 0.00 7.00 10.00 14.00 11.00 11.00 10.00 0.00 0.00 1.00 0.00 0.00
155.00 21.00 21.00 55.00 102.00 34.00 47.00 0.08 2.64 1.00 1.00 1.00 6.00 9.00 15.00 12.00 13.00 8.00 0.00 0.00 0.00 0.00 0.00
156.00 21.00 21.00 55.00 109.00 34.00 54.00 0.07 2.62 1.00 1.00 1.00 4.00 9.00 17.00 12.00 14.00 7.00 0.00 0.00 0.00 0.00 0.00
157.00 19.00 18.00 44.00 96.00 26.00 52.00 0.09 3.69 1.00 1.00 1.00 8.00 10.00 11.00 9.00 14.00 5.00 0.00 0.00 0.00 0.00 0.00
158.00 23.00 22.00 58.00 109.00 36.00 51.00 0.09 3.36 0.00 1.00 0.00 7.00 11.00 16.00 12.00 16.00 7.00 0.00 0.00 0.00 0.00 0.00
159.00 24.00 24.00 59.00 115.00 35.00 56.00 0.09 2.80 0.00 1.00 0.00 8.00 10.00 16.00 14.00 13.00 11.00 0.00 0.00 0.00 0.00 0.00
160.00 20.00 18.00 44.00 87.00 26.00 43.00 0.08 4.29 0.00 1.00 0.00 3.00 8.00 17.00 12.00 12.00 8.00 0.00 0.00 0.00 0.00 0.00
161.00 20.00 14.00 46.00 94.00 32.00 48.00 0.08 3.90 0.00 0.00 0.00 8.00 17.00 12.00 3.00 17.00 3.00 0.00 0.00 0.00 0.00 0.00
162.00 8.00 3.00 12.00 36.00 9.00 24.00 0.09 0.36 0.00 0.00 0.00 5.00 5.00 3.00 3.00 8.00 0.00 0.00 0.00 0.00 0.00 0.00
163.00 5.00 1.00 5.00 21.00 4.00 16.00 0.08 0.30 0.00 0.00 0.00 1.00 4.00 4.00 1.00 5.00 0.00 0.00 0.00 0.00 0.00 0.00
164.00 13.00 6.00 24.00 60.00 18.00 36.00 0.09 1.70 0.00 0.00 0.00 7.00 9.00 6.00 4.00 11.00 2.00 0.00 0.00 0.00 0.00 0.00
165.00 13.00 9.00 23.00 65.00 14.00 42.00 0.08 2.72 0.00 0.00 0.00 5.00 7.00 8.00 6.00 10.00 3.00 0.00 0.00 0.00 0.00 0.00
166.00 10.00 3.00 13.00 45.00 10.00 32.00 0.10 1.86 0.00 0.00 0.00 3.00 5.00 7.00 5.00 9.00 1.00 0.00 0.00 0.00 0.00 0.00
167.00 13.00 9.00 28.00 64.00 19.00 36.00 0.08 1.62 0.00 0.00 0.00 4.00 6.00 9.00 7.00 8.00 5.00 0.00 0.00 0.00 0.00 0.00
168.00 8.00 4.00 15.00 36.00 11.00 21.00 0.09 0.23 0.00 0.00 0.00 1.00 2.00 7.00 6.00 6.00 2.00 0.00 0.00 0.00 0.00 0.00
169.00 15.00 9.00 31.00 70.00 22.00 39.00 0.08 0.57 0.00 0.00 0.00 4.00 4.00 11.00 11.00 7.00 8.00 0.00 0.00 0.00 0.00 0.00
170.00 12.00 5.00 23.00 56.00 18.00 33.00 0.08 1.70 0.00 0.00 0.00 3.00 8.00 9.00 4.00 10.00 2.00 0.00 0.00 0.00 0.00 0.00
171.00 15.00 8.00 28.00 64.00 20.00 36.00 0.07 2.40 0.00 0.00 0.00 7.00 10.00 8.00 5.00 13.00 2.00 0.00 0.00 0.00 0.00 0.00
172.00 11.00 3.00 13.00 50.00 10.00 37.00 0.08 1.77 0.00 0.00 0.00 6.00 7.00 5.00 4.00 9.00 2.00 0.00 0.00 0.00 0.00 0.00
173.00 13.00 3.00 27.00 68.00 24.00 41.00 0.09 1.58 0.00 0.00 0.00 5.00 10.00 8.00 3.00 11.00 2.00 0.00 0.00 0.00 0.00 0.00
174.00 7.00 1.00 6.00 28.00 5.00 22.00 0.08 3.78 0.00 0.00 0.00 1.00 4.00 6.00 3.00 7.00 0.00 0.00 0.00 0.00 0.00 0.00
175.00 5.00 2.00 7.00 21.00 5.00 14.00 0.09 0.21 0.00 0.00 0.00 1.00 2.00 4.00 3.00 5.00 0.00 0.00 0.00 0.00 0.00 0.00
176.00 3.00 0.00 1.00 9.00 1.00 8.00 0.08 4.58 0.00 0.00 0.00 2.00 3.00 1.00 0.00 3.00 0.00 0.00 0.00 0.00 0.00 0.00
177.00 6.00 1.00 7.00 23.00 6.00 16.00 0.08 0.20 0.00 0.00 0.00 0.00 3.00 6.00 3.00 5.00 1.00 0.00 0.00 0.00 0.00 0.00
178.00 6.00 0.00 8.00 25.00 8.00 17.00 0.09 0.17 0.00 0.00 0.00 2.00 6.00 4.00 0.00 6.00 0.00 0.00 0.00 0.00 0.00 0.00
179.00 5.00 1.00 5.00 18.00 4.00 13.00 0.07 0.16 0.00 0.00 0.00 2.00 4.00 3.00 1.00 4.00 1.00 0.00 0.00 0.00 0.00 0.00
180.00 8.00 3.00 11.00 32.00 8.00 21.00 0.07 0.26 0.00 0.00 0.00 5.00 5.00 3.00 3.00 6.00 2.00 0.00 0.00 0.00 0.00 0.00
181.00 4.00 0.00 2.00 15.00 2.00 13.00 0.09 0.17 0.00 0.00 0.00 2.00 4.00 2.00 0.00 4.00 0.00 0.00 0.00 0.00 0.00 0.00
182.00 11.00 2.00 21.00 52.00 19.00 31.00 0.07 0.54 0.00 0.00 0.00 3.00 5.00 8.00 6.00 8.00 3.00 0.00 0.00 0.00 0.00 0.00
183.00 4.00 0.00 2.00 16.00 2.00 14.00 0.07 0.33 0.00 0.00 0.00 2.00 4.00 2.00 0.00 4.00 0.00 0.00 0.00 0.00 0.00 0.00
184.00 9.00 4.00 18.00 42.00 14.00 24.00 0.09 0.38 0.00 1.00 0.00 0.00 5.00 9.00 4.00 8.00 1.00 0.00 0.00 0.00 0.00 0.00
185.00 13.00 7.00 29.00 64.00 22.00 35.00 0.08 0.56 0.00 1.00 0.00 2.00 5.00 11.00 8.00 11.00 2.00 0.00 0.00 0.00 0.00 0.00
186.00 7.00 3.00 13.00 31.00 10.00 18.00 0.08 0.36 0.00 0.00 0.00 3.00 6.00 4.00 1.00 6.00 1.00 0.00 0.00 0.00 0.00 0.00
187.00 12.00 8.00 26.00 59.00 18.00 33.00 0.08 0.47 0.00 0.00 0.00 5.00 10.00 7.00 2.00 11.00 1.00 0.00 0.00 0.00 0.00 0.00
188.00 5.00 1.00 6.00 19.00 5.00 13.00 0.08 0.24 0.00 0.00 0.00 1.00 3.00 4.00 2.00 4.00 1.00 0.00 0.00 0.00 0.00 0.00
189.00 4.00 0.00 2.00 15.00 2.00 13.00 0.07 0.25 0.00 0.00 0.00 1.00 3.00 3.00 1.00 4.00 0.00 0.00 0.00 0.00 0.00 0.00
190.00 6.00 0.00 0.00 19.00 0.00 19.00 0.09 2.84 0.00 0.00 0.00 2.00 6.00 4.00 0.00 6.00 0.00 0.00 0.00 0.00 0.00 0.00
191.00 3.00 0.00 2.00 11.00 2.00 9.00 0.09 0.10 0.00 0.00 0.00 2.00 3.00 1.00 0.00 3.00 0.00 0.00 0.00 0.00 0.00 0.00
192.00 4.00 0.00 0.00 10.00 0.00 10.00 0.09 0.44 0.00 0.00 0.00 2.00 4.00 2.00 0.00 4.00 0.00 0.00 0.00 0.00 0.00 0.00
193.00 8.00 3.00 13.00 32.00 10.00 19.00 0.07 2.08 0.00 0.00 0.00 5.00 6.00 3.00 2.00 7.00 1.00 0.00 0.00 0.00 0.00 0.00
194.00 3.00 0.00 1.00 8.00 1.00 7.00 0.09 0.17 0.00 0.00 0.00 2.00 3.00 1.00 0.00 3.00 0.00 0.00 0.00 0.00 0.00 0.00
195.00 4.00 0.00 0.00 2.00 0.00 2.00 0.09 0.23 0.00 0.00 0.00 2.00 4.00 2.00 0.00 4.00 0.00 0.00 0.00 0.00 0.00 0.00
