0.00 4.00 0.00 4.00 17.00 4.00 13.00 0.08 0.18 0.00 0.00 0.00 2.00 4.00 2.00 0.00 4.00 0.00 0.00 0.00 0.00 0.00 0.00
1.00 3.00 0.00 2.00 10.00 2.00 8.00 0.08 0.12 0.00 0.00 0.00 0.00 3.00 3.00 0.00 3.00 0.00 0.00 0.00 0.00 0.00 0.00
2.00 7.00 4.00 11.00 30.00 7.00 19.00 0.09 0.31 0.00 0.00 0.00 2.00 3.00 5.00 4.00 6.00 1.00 0.00 0.00 0.00 0.00 0.00
3.00 4.00 0.00 3.00 15.00 3.00 12.00 0.10 0.23 0.00 0.00 0.00 2.00 4.00 2.00 0.00 4.00 0.00 0.00 0.00 0.00 0.00 0.00
4.00 5.00 2.00 7.00 19.00 5.00 12.00 0.09 0.14 0.00 0.00 0.00 2.00 5.00 3.00 0.00 5.00 0.00 0.00 0.00 0.00 0.00 0.00
5.00 4.00 0.00 4.00 16.00 4.00 12.00 0.10 0.24 0.00 0.00 0.00 3.00 3.00 1.00 1.00 4.00 0.00 0.00 0.00 0.00 0.00 0.00
6.00 4.00 0.00 1.00 10.00 1.00 9.00 0.09 4.10 0.00 0.00 0.00 2.00 4.00 2.00 0.00 4.00 0.00 0.00 0.00 0.00 0.00 0.00
7.00 5.00 0.00 1.00 14.00 1.00 13.00 0.07 3.43 0.00 0.00 0.00 3.00 4.00 2.00 1.00 5.00 0.00 0.00 0.00 0.00 0.00 0.00
8.00 6.00 1.00 7.00 29.00 6.00 22.00 0.06 0.23 0.00 0.00 0.00 4.00 5.00 2.00 1.00 5.00 1.00 0.00 0.00 0.00 0.00 0.00
9.00 10.00 7.00 22.00 48.00 15.00 26.00 0.10 0.46 0.00 0.00 0.00 4.00 7.00 6.00 3.00 7.00 3.00 0.00 0.00 0.00 0.00 0.00
10.00 12.00 7.00 23.00 51.00 16.00 28.00 0.09 0.58 0.00 0.00 0.00 4.00 6.00 8.00 6.00 9.00 3.00 0.00 0.00 0.00 0.00 0.00
11.00 14.00 8.00 30.00 63.00 22.00 33.00 0.09 0.64 0.00 0.00 0.00 7.00 10.00 7.00 4.00 11.00 3.00 0.00 0.00 0.00 0.00 0.00
12.00 10.00 3.00 15.00 43.00 12.00 28.00 0.07 0.40 0.00 0.00 0.00 4.00 6.00 6.00 4.00 8.00 2.00 0.00 0.00 0.00 0.00 0.00
13.00 12.00 7.00 23.00 52.00 16.00 29.00 0.09 0.45 0.00 0.00 0.00 4.00 7.00 8.00 5.00 9.00 3.00 0.00 0.00 0.00 0.00 0.00
14.00 11.00 6.00 21.00 51.00 15.00 30.00 0.07 0.72 0.00 1.00 0.00 4.00 5.00 7.00 6.00 9.00 2.00 0.00 0.00 0.00 0.00 0.00
15.00 8.00 1.00 7.00 31.00 6.00 24.00 0.08 4.92 0.00 0.00 0.00 3.00 7.00 5.00 1.00 8.00 0.00 0.00 0.00 0.00 0.00 0.00
16.00 8.00 2.00 8.00 29.00 6.00 21.00 0.09 4.24 0.00 0.00 0.00 4.00 5.00 4.00 3.00 7.00 1.00 0.00 0.00 0.00 0.00 0.00
17.00 17.00 14.00 37.00 84.00 23.00 47.00 0.09 0.66 0.00 0.00 0.00 3.00 8.00 14.00 9.00 14.00 3.00 0.00 0.00 0.00 0.00 0.00
18.00 8.00 4.00 12.00 33.00 8.00 21.00 0.08 0.24 0.00 0.00 0.00 4.00 5.00 4.00 3.00 7.00 1.00 0.00 0.00 0.00 0.00 0.00
19.00 10.00 7.00 17.00 45.00 10.00 28.00 0.10 0.49 0.00 1.00 0.00 3.00 5.00 7.00 5.00 8.00 2.00 0.00 0.00 0.00 0.00 0.00
20.00 22.00 17.00 49.00 102.00 32.00 53.00 0.09 1.37 0.00 1.00 0.00 10.00 15.00 12.00 7.00 17.00 5.00 0.00 0.00 0.00 0.00 0.00
21.00 19.00 24.00 51.00 93.00 27.00 42.00 0.09 0.61 0.00 1.00 0.00 3.00 9.00 16.00 10.00 14.00 5.00 0.00 0.00 0.00 0.00 0.00
22.00 20.00 24.00 52.00 97.00 28.00 45.00 0.08 1.40 0.00 1.00 0.00 4.00 8.00 16.00 12.00 14.00 6.00 0.00 0.00 0.00 0.00 0.00
23.00 20.00 22.00 53.00 93.00 31.00 40.00 0.08 0.63 0.00 1.00 0.00 6.00 12.00 14.00 8.00 15.00 5.00 0.00 0.00 0.00 0.00 0.00
24.00 14.00 15.00 37.00 68.00 22.00 31.00 0.07 0.44 0.00 1.00 0.00 2.00 3.00 12.00 11.00 8.00 6.00 0.00 0.00 0.00 0.00 0.00
25.00 23.00 26.00 55.00 114.00 29.00 59.00 0.08 0.85 0.00 1.00 0.00 3.00 8.00 20.00 15.00 15.00 8.00 0.00 0.00 1.00 0.00 0.00
26.00 26.00 21.00 62.00 129.00 41.00 67.00 0.09 1.83 0.00 1.00 0.00 4.00 8.00 22.00 18.00 15.00 11.00 0.00 0.00 0.00 0.00 0.00
27.00 21.00 23.00 60.00 100.00 37.00 40.00 0.08 0.53 0.00 1.00 0.00 9.00 14.00 12.00 7.00 16.00 5.00 0.00 0.00 0.00 0.00 0.00
28.00 24.00 26.00 58.00 115.00 32.00 57.00 0.08 2.24 0.00 1.00 0.00 6.00 12.00 18.00 12.00 19.00 5.00 0.00 0.00 0.00 1.00 0.00
29.00 19.00 14.00 44.00 89.00 30.00 45.00 0.07 2.22 0.00 1.00 0.00 7.00 13.00 12.00 6.00 17.00 2.00 0.00 0.00 0.00 0.00 0.00
30.00 24.00 31.00 62.00 119.00 31.00 57.00 0.08 0.67 0.00 1.00 0.00 8.00 15.00 16.00 9.00 19.00 5.00 0.00 0.00 1.00 0.00 0.00
31.00 25.00 32.00 66.00 122.00 34.00 56.00 0.08 1.79 1.00 1.00 1.00 7.00 15.00 18.00 10.00 18.00 7.00 0.00 0.00 0.00 0.00 0.00
32.00 23.00 25.00 59.00 108.00 34.00 49.00 0.08 1.24 0.00 2.00 0.00 5.00 9.00 18.00 14.00 10.00 13.00 0.00 0.00 0.00 0.00 0.00
33.00 20.00 15.00 49.00 101.00 34.00 52.00 0.09 0.49 0.00 1.00 0.00 5.00 12.00 15.00 8.00 15.00 5.00 0.00 0.00 0.00 0.00 0.00
34.00 25.00 21.00 62.00 123.00 41.00 61.00 0.09 2.09 0.00 1.00 0.00 9.00 12.00 16.00 13.00 14.00 11.00 0.00 0.00 1.00 0.00 0.00
35.00 27.00 38.00 81.00 136.00 43.00 55.00 0.07 1.11 0.00 1.00 0.00 7.00 10.00 20.00 17.00 16.00 11.00 0.00 0.00 0.00 0.00 0.00
36.00 29.00 29.00 71.00 136.00 42.00 65.00 0.08 0.78 1.00 2.00 0.50 10.00 17.00 19.00 12.00 19.00 10.00 0.00 0.00 0.00 0.00 0.00
37.00 25.00 28.00 60.00 123.00 32.00 63.00 0.09 0.62 1.00 2.00 0.50 6.00 13.00 19.00 12.00 16.00 9.00 0.00 0.00 0.00 0.00 0.00
38.00 21.00 22.00 55.00 106.00 33.00 51.00 0.09 0.54 2.00 1.00 2.00 5.00 10.00 16.00 11.00 15.00 6.00 0.00 0.00 0.00 0.00 0.00
39.00 27.00 41.00 79.00 142.00 38.00 63.00 0.07 0.67 1.00 1.00 1.00 5.00 9.00 22.00 18.00 14.00 13.00 0.00 0.00 0.00 0.00 0.00
40.00 29.00 24.00 75.00 153.00 51.00 78.00 0.07 1.39 1.00 0.00 0.00 10.00 13.00 19.00 16.00 18.00 11.00 0.00 0.00 0.00 1.00 0.00
41.00 22.00 16.00 57.00 118.00 41.00 61.00 0.09 0.70 1.00 1.00 1.00 4.00 9.00 18.00 13.00 15.00 7.00 0.00 0.00 0.00 0.00 0.00
42.00 27.00 30.00 77.00 131.00 47.00 54.00 0.09 1.34 1.00 1.00 1.00 9.00 16.00 18.00 11.00 20.00 7.00 0.00 0.00 1.00 0.00 0.00
43.00 22.00 23.00 63.00 117.00 40.00 54.00 0.08 0.61 1.00 1.00 1.00 5.00 10.00 17.00 12.00 14.00 8.00 0.00 0.00 0.00 0.00 0.00
44.00 24.00 27.00 60.00 115.00 33.00 55.00 0.08 0.78 1.00 2.00 0.50 5.00 9.00 19.00 15.00 13.00 11.00 0.00 0.00 0.00 0.00 0.00
45.00 29.00 30.00 76.00 148.00 46.00 72.00 0.08 0.87 1.00 2.00 0.50 10.00 16.00 19.00 13.00 18.00 11.00 0.00 0.00 0.00 0.00 0.00
46.00 22.00 28.00 64.00 113.00 36.00 49.00 0.08 0.59 1.00 1.00 1.00 4.00 10.00 18.00 12.00 16.00 6.00 0.00 0.00 0.00 0.00 0.00
47.00 28.00 35.00 77.00 139.00 42.00 62.00 0.09 0.83 2.00 1.00 2.00 9.00 14.00 19.00 14.00 19.00 9.00 0.00 0.00 0.00 0.00 0.00
48.00 19.00 10.00 40.00 97.00 30.00 57.00 0.08 0.69 2.00 1.00 2.00 6.00 10.00 13.00 9.00 13.00 6.00 0.00 0.00 0.00 0.00 0.00
49.00 25.00 33.00 76.00 132.00 43.00 56.00 0.08 0.72 2.00 0.00 0.00 7.00 8.00 18.00 17.00 12.00 13.00 0.00 0.00 0.00 0.00 0.00
50.00 17.00 15.00 39.00 86.00 24.00 47.00 0.08 0.63 2.00 1.00 2.00 4.00 8.00 13.00 9.00 12.00 5.00 0.00 0.00 1.00 0.00 0.00
51.00 27.00 33.00 69.00 128.00 36.00 59.00 0.10 1.48 2.00 1.00 2.00 4.00 12.00 23.00 15.00 17.00 10.00 0.00 0.00 1.00 0.00 0.00
52.00 24.00 32.00 66.00 117.00 34.00 51.00 0.09 0.66 1.00 1.00 1.00 5.00 8.00 19.00 16.00 19.00 5.00 0.00 0.00 0.00 0.00 0.00
53.00 14.00 6.00 25.00 65.00 19.00 40.00 0.09 0.64 1.00 0.00 0.00 4.00 9.00 10.00 5.00 11.00 3.00 0.00 0.00 0.00 0.00 0.00
54.00 21.00 26.00 61.00 109.00 35.00 48.00 0.09 1.37 2.00 1.00 2.00 4.00 10.00 17.00 11.00 15.00 6.00 0.00 0.00 0.00 0.00 0.00
55.00 18.00 13.00 34.00 87.00 21.00 53.00 0.08 1.58 2.00 2.00 1.00 4.00 11.00 14.00 7.00 13.00 5.00 0.00 0.00 0.00 0.00 0.00
56.00 23.00 26.00 62.00 110.00 36.00 48.00 0.09 1.82 0.00 1.00 0.00 6.00 12.00 17.00 11.00 15.00 8.00 0.00 0.00 0.00 0.00 0.00
57.00 26.00 33.00 69.00 127.00 36.00 58.00 0.08 0.69 1.00 1.00 1.00 8.00 14.00 18.00 12.00 15.00 11.00 0.00 0.00 0.00 0.00 0.00
58.00 16.00 16.00 44.00 85.00 28.00 41.00 0.08 0.49 0.00 1.00 0.00 6.00 8.00 10.00 8.00 10.00 6.00 0.00 0.00 0.00 0.00 0.00
59.00 19.00 14.00 45.00 89.00 31.00 44.00 0.09 0.64 0.00 1.00 0.00 4.00 9.00 15.00 10.00 11.00 8.00 0.00 0.00 0.00 0.00 0.00
60.00 15.00 12.00 37.00 74.00 25.00 37.00 0.08 0.56 1.00 1.00 1.00 3.00 9.00 12.00 6.00 11.00 4.00 0.00 0.00 0.00 0.00 0.00
61.00 19.00 21.00 47.00 97.00 26.00 50.00 0.09 0.60 1.00 1.00 1.00 7.00 11.00 12.00 8.00 15.00 4.00 0.00 0.00 0.00 0.00 0.00
62.00 22.00 11.00 48.00 110.00 37.00 62.00 0.09 0.74 2.00 1.00 2.00 9.00 14.00 13.00 8.00 20.00 2.00 0.00 0.00 0.00 1.00 0.00
63.00 28.00 26.00 66.00 142.00 40.00 76.00 0.08 1.93 2.00 0.00 0.00 9.00 15.00 19.00 13.00 18.00 10.00 0.00 0.00 1.00 1.00 0.00
64.00 28.00 33.00 75.00 137.00 42.00 62.00 0.08 1.68 2.00 2.00 1.00 8.00 13.00 20.00 15.00 16.00 12.00 0.00 0.00 1.00 0.00 0.00
65.00 22.00 17.00 60.00 112.00 43.00 52.00 0.07 1.91 2.00 2.00 1.00 4.00 6.00 18.00 16.00 12.00 10.00 0.00 0.00 0.00 0.00 0.00
66.00 25.00 24.00 71.00 137.00 47.00 66.00 0.09 1.41 2.00 2.00 1.00 5.00 13.00 20.00 12.00 18.00 7.00 0.00 0.00 0.00 0.00 0.00
67.00 27.00 31.00 77.00 137.00 46.00 60.00 0.08 0.89 2.00 1.00 2.00 6.00 14.00 21.00 13.00 20.00 7.00 0.00 0.00 0.00 0.00 0.00
68.00 29.00 41.00 79.00 140.00 38.00 61.00 0.08 0.95 2.00 1.00 2.00 9.00 14.00 20.00 15.00 20.00 9.00 0.00 0.00 0.00 0.00 0.00
69.00 30.00 39.00 89.00 154.00 50.00 65.00 0.08 0.89 2.00 1.00 2.00 10.00 13.00 20.00 17.00 16.00 14.00 0.00 0.00 1.00 0.00 0.00
70.00 18.00 16.00 46.00 93.00 30.00 47.00 0.09 0.69 2.00 0.00 0.00 4.00 8.00 14.00 10.00 12.00 6.00 0.00 0.00 0.00 0.00 0.00
71.00 26.00 31.00 68.00 132.00 37.00 64.00 0.09 0.81 2.00 0.00 0.00 13.00 14.00 13.00 12.00 17.00 9.00 0.00 0.00 0.00 0.00 0.00
72.00 12.00 7.00 27.00 60.00 20.00 33.00 0.09 0.47 0.00 0.00 0.00 5.00 6.00 7.00 6.00 11.00 1.00 0.00 0.00 0.00 0.00 0.00
73.00 23.00 25.00 60.00 119.00 35.00 59.00 0.09 0.73 0.00 2.00 0.00 3.00 6.00 20.00 17.00 12.00 11.00 0.00 0.00 0.00 0.00 0.00
74.00 26.00 29.00 73.00 137.00 44.00 64.00 0.09 0.74 1.00 1.00 1.00 5.00 12.00 21.00 14.00 15.00 11.00 0.00 0.00 0.00 0.00 0.00
75.00 30.00 48.00 98.00 158.00 50.00 60.00 0.09 0.75 1.00 2.00 0.50 7.00 12.00 23.00 18.00 17.00 13.00 0.00 0.00 1.00 0.00 0.00
76.00 30.00 37.00 97.00 155.00 60.00 58.00 0.10 1.17 2.00 2.00 1.00 7.00 12.00 23.00 18.00 17.00 13.00 0.00 0.00 0.00 0.00 0.00
77.00 32.00 39.00 91.00 158.00 52.00 67.00 0.07 1.29 1.00 3.00 0.33 7.00 17.00 25.00 15.00 22.00 10.00 0.00 0.00 0.00 0.00 0.00
78.00 23.00 21.00 62.00 125.00 41.00 63.00 0.08 0.69 1.00 4.00 0.25 6.00 10.00 17.00 13.00 12.00 11.00 0.00 0.00 0.00 0.00 0.00
79.00 27.00 32.00 75.00 141.00 43.00 66.00 0.08 0.74 1.00 1.00 1.00 6.00 15.00 21.00 12.00 17.00 10.00 0.00 0.00 0.00 0.00 0.00
80.00 32.00 48.00 92.00 162.00 44.00 70.00 0.08 0.84 1.00 2.00 0.50 6.00 13.00 26.00 19.00 23.00 9.00 0.00 0.00 0.00 0.00 0.00
81.00 31.00 45.00 92.00 162.00 47.00 70.00 0.09 1.36 1.00 3.00 0.33 5.00 9.00 26.00 22.00 15.00 16.00 0.00 0.00 0.00 0.00 0.00
82.00 35.00 52.00 106.00 177.00 54.00 71.00 0.10 1.23 1.00 3.00 0.33 4.00 12.00 31.00 23.00 18.00 17.00 0.00 0.00 0.00 0.00 0.00
83.00 31.00 45.00 98.00 163.00 53.00 65.00 0.08 0.74 1.00 2.00 0.50 7.00 13.00 24.00 18.00 19.00 12.00 0.00 0.00 0.00 0.00 0.00
84.00 36.00 48.00 108.00 190.00 60.00 82.00 0.09 0.86 1.00 3.00 0.33 5.00 13.00 31.00 23.00 24.00 12.00 1.00 0.00 0.00 0.00 0.00
85.00 30.00 39.00 85.00 156.00 46.00 71.00 0.07 0.68 1.00 3.00 0.33 7.00 13.00 23.00 17.00 18.00 12.00 0.00 0.00 0.00 0.00 0.00
86.00 41.00 62.00 126.00 211.00 64.00 85.00 0.10 1.59 1.00 4.00 0.25 12.00 22.00 29.00 19.00 26.00 15.00 0.00 0.00 0.00 0.00 0.00
87.00 33.00 55.00 103.00 163.00 48.00 60.00 0.10 1.23 1.00 4.00 0.25 2.00 11.00 31.00 22.00 17.00 16.00 1.00 0.00 1.00 0.00 0.00
88.00 35.00 64.00 106.00 189.00 42.00 83.00 0.07 1.62 1.00 5.00 0.20 8.00 14.00 27.00 21.00 20.00 15.00 0.00 0.00 0.00 0.00 0.00
89.00 36.00 48.00 104.00 182.00 56.00 78.00 0.07 1.65 1.00 4.00 0.25 6.00 13.00 30.00 23.00 22.00 14.00 0.00 0.00 0.00 0.00 0.00
90.00 29.00 32.00 90.00 154.00 58.00 64.00 0.07 0.70 1.00 4.00 0.25 5.00 12.00 24.00 17.00 17.00 12.00 0.00 0.00 1.00 0.00 0.00
91.00 31.00 45.00 96.00 157.00 51.00 61.00 0.07 1.15 1.00 2.00 0.50 10.00 14.00 21.00 17.00 20.00 11.00 0.00 0.00 0.00 0.00 0.00
92.00 33.00 48.00 99.00 164.00 51.00 65.00 0.08 2.52 0.00 2.00 0.00 3.00 12.00 30.00 21.00 16.00 17.00 0.00 0.00 0.00 0.00 0.00
93.00 27.00 38.00 79.00 139.00 41.00 60.00 0.08 1.17 1.00 3.00 0.33 5.00 13.00 22.00 14.00 17.00 10.00 0.00 0.00 0.00 0.00 0.00
94.00 37.00 55.00 121.00 190.00 66.00 69.00 0.07 1.59 1.00 5.00 0.20 12.00 18.00 25.00 19.00 25.00 12.00 0.00 0.00 0.00 0.00 0.00
95.00 37.00 55.00 107.00 186.00 52.00 79.00 0.09 2.19 1.00 2.00 0.50 9.00 16.00 28.00 21.00 20.00 17.00 0.00 0.00 0.00 0.00 0.00
96.00 32.00 37.00 91.00 169.00 54.00 78.00 0.10 1.19 1.00 3.00 0.33 8.00 15.00 24.00 17.00 21.00 11.00 0.00 0.00 0.00 0.00 0.00
97.00 27.00 31.00 72.00 140.00 41.00 68.00 0.10 1.23 1.00 3.00 0.33 5.00 11.00 22.00 16.00 15.00 12.00 0.00 0.00 0.00 0.00 0.00
98.00 32.00 47.00 94.00 159.00 47.00 65.00 0.08 1.21 1.00 3.00 0.33 10.00 17.00 22.00 15.00 22.00 10.00 0.00 0.00 0.00 0.00 0.00
99.00 28.00 38.00 87.00 146.00 49.00 59.00 0.08 0.69 1.00 3.00 0.33 6.00 8.00 22.00 20.00 15.00 13.00 0.00 0.00 0.00 0.00 0.00
100.00 28.00 41.00 82.00 148.00 41.00 66.00 0.09 1.25 1.00 2.00 0.50 6.00 9.00 22.00 19.00 12.00 16.00 0.00 0.00 0.00 0.00 0.00
101.00 33.00 47.00 88.00 161.00 41.00 73.00 0.09 1.30 1.00 3.00 0.33 8.00 16.00 25.00 17.00 19.00 14.00 0.00 0.00 0.00 1.00 0.00
102.00 33.00 56.00 102.00 161.00 46.00 59.00 0.08 1.61 1.00 5.00 0.20 6.00 15.00 27.00 18.00 23.00 10.00 0.00 0.00 0.00 0.00 0.00
103.00 32.00 41.00 89.00 165.00 48.00 76.00 0.08 1.99 1.00 3.00 0.33 11.00 14.00 21.00 18.00 19.00 13.00 0.00 0.00 0.00 1.00 0.00
104.00 30.00 48.00 90.00 151.00 42.00 61.00 0.09 0.79 1.00 3.00 0.33 6.00 14.00 24.00 16.00 18.00 12.00 0.00 0.00 0.00 0.00 0.00
105.00 36.00 52.00 99.00 175.00 47.00 76.00 0.10 1.63 1.00 3.00 0.33 10.00 16.00 26.00 20.00 23.00 13.00 0.00 0.00 0.00 0.00 0.00
106.00 30.00 46.00 89.00 149.00 43.00 60.00 0.09 0.66 1.00 3.00 0.33 9.00 14.00 21.00 16.00 19.00 11.00 0.00 0.00 0.00 0.00 0.00
107.00 38.00 60.00 119.00 193.00 59.00 74.00 0.07 0.76 1.00 3.00 0.33 9.00 18.00 29.00 20.00 21.00 17.00 0.00 0.00 1.00 0.00 0.00
108.00 34.00 59.00 110.00 173.00 51.00 63.00 0.08 0.71 0.00 4.00 0.00 9.00 15.00 25.00 19.00 17.00 17.00 0.00 0.00 0.00 0.00 0.00
109.00 33.00 37.00 94.00 169.00 57.00 75.00 0.08 0.82 1.00 3.00 0.33 6.00 13.00 27.00 20.00 16.00 17.00 0.00 0.00 1.00 0.00 0.00
110.00 37.00 46.00 111.00 188.00 65.00 77.00 0.09 0.83 1.00 4.00 0.25 7.00 14.00 30.00 23.00 21.00 16.00 0.00 0.00 0.00 0.00 0.00
111.00 35.00 45.00 106.00 185.00 61.00 79.00 0.08 1.61 1.00 3.00 0.33 9.00 14.00 26.00 21.00 20.00 15.00 0.00 1.00 1.00 0.00 0.00
112.00 38.00 58.00 110.00 196.00 52.00 86.00 0.08 1.62 1.00 4.00 0.25 3.00 13.00 35.00 25.00 22.00 16.00 0.00 1.00 1.00 0.00 0.00
113.00 38.00 53.00 111.00 192.00 58.00 81.00 0.07 1.86 1.00 3.00 0.33 5.00 11.00 33.00 27.00 18.00 20.00 0.00 0.00 0.00 0.00 0.00
114.00 40.00 60.00 128.00 210.00 68.00 82.00 0.10 1.57 1.00 4.00 0.25 8.00 16.00 32.00 24.00 21.00 19.00 0.00 0.00 1.00 0.00 0.00
115.00 36.00 50.00 110.00 187.00 60.00 77.00 0.09 1.15 1.00 3.00 0.33 3.00 13.00 33.00 23.00 21.00 15.00 0.00 0.00 2.00 0.00 1.00
116.00 38.00 61.00 124.00 193.00 63.00 69.00 0.09 0.81 1.00 3.00 0.33 8.00 14.00 30.00 24.00 19.00 19.00 0.00 0.00 1.00 0.00 0.00
117.00 31.00 47.00 93.00 161.00 46.00 68.00 0.09 0.71 1.00 3.00 0.33 3.00 11.00 28.00 20.00 15.00 16.00 0.00 0.00 1.00 0.00 1.00
118.00 35.00 54.00 106.00 173.00 52.00 67.00 0.07 1.83 1.00 5.00 0.20 12.00 18.00 23.00 17.00 22.00 13.00 0.00 0.00 0.00 0.00 1.00
119.00 35.00 48.00 109.00 185.00 61.00 76.00 0.05 1.51 1.00 5.00 0.20 8.00 12.00 27.00 23.00 18.00 17.00 0.00 0.00 0.00 0.00 0.00
120.00 40.00 75.00 128.00 207.00 53.00 79.00 0.08 2.14 1.00 4.00 0.25 6.00 11.00 34.00 29.00 18.00 22.00 0.00 0.00 0.00 0.00 0.00
121.00 37.00 53.00 109.00 189.00 56.00 80.00 0.08 2.17 1.00 5.00 0.20 5.00 22.00 32.00 15.00 26.00 11.00 0.00 0.00 0.00 0.00 0.00
122.00 35.00 51.00 103.00 184.00 52.00 81.00 0.09 1.92 1.00 5.00 0.20 7.00 14.00 28.00 21.00 18.00 17.00 0.00 0.00 0.00 0.00 0.00
123.00 39.00 52.00 121.00 206.00 69.00 85.00 0.08 2.41 1.00 4.00 0.25 8.00 16.00 31.00 23.00 24.00 15.00 0.00 0.00 0.00 0.00 0.00
124.00 34.00 62.00 116.00 173.00 54.00 57.00 0.09 1.13 0.00 4.00 0.00 8.00 12.00 26.00 22.00 19.00 15.00 0.00 0.00 0.00 0.00 0.00
125.00 34.00 56.00 102.00 179.00 46.00 77.00 0.10 1.58 1.00 3.00 0.33 8.00 14.00 26.00 20.00 19.00 15.00 0.00 0.00 0.00 1.00 0.00
126.00 33.00 59.00 102.00 170.00 43.00 68.00 0.07 1.57 0.00 6.00 0.00 4.00 8.00 29.00 25.00 16.00 17.00 0.00 0.00 0.00 0.00 0.00
127.00 38.00 58.00 121.00 188.00 63.00 67.00 0.08 2.17 1.00 5.00 0.20 7.00 13.00 31.00 25.00 17.00 21.00 0.00 1.00 1.00 0.00 0.00
128.00 35.00 59.00 112.00 185.00 53.00 73.00 0.08 1.17 1.00 5.00 0.20 8.00 13.00 27.00 22.00 15.00 20.00 0.00 0.00 1.00 0.00 0.00
129.00 39.00 58.00 112.00 197.00 54.00 85.00 0.09 2.13 1.00 6.00 0.17 8.00 14.00 31.00 25.00 22.00 17.00 0.00 1.00 2.00 1.00 0.00
130.00 38.00 53.00 110.00 189.00 57.00 79.00 0.08 1.29 2.00 5.00 0.40 11.00 20.00 27.00 18.00 26.00 12.00 0.00 0.00 0.00 0.00 0.00
131.00 36.00 44.00 107.00 185.00 63.00 78.00 0.08 2.22 1.00 5.00 0.20 9.00 15.00 27.00 21.00 23.00 13.00 0.00 1.00 1.00 0.00 0.00
132.00 37.00 52.00 111.00 193.00 59.00 82.00 0.07 1.72 1.00 5.00 0.20 7.00 16.00 30.00 21.00 19.00 18.00 0.00 1.00 1.00 0.00 0.00
133.00 37.00 59.00 116.00 189.00 57.00 73.00 0.09 1.56 1.00 5.00 0.20 6.00 15.00 31.00 22.00 23.00 14.00 0.00 0.00 0.00 0.00 0.00
134.00 35.00 54.00 118.00 184.00 64.00 66.00 0.09 1.62 1.00 4.00 0.25 7.00 11.00 28.00 24.00 23.00 12.00 0.00 0.00 0.00 0.00 0.00
135.00 33.00 48.00 101.00 171.00 53.00 70.00 0.09 0.88 0.00 4.00 0.00 5.00 10.00 28.00 23.00 14.00 19.00 1.00 0.00 0.00 0.00 0.00
136.00 32.00 50.00 95.00 161.00 45.00 66.00 0.09 2.07 0.00 3.00 0.00 8.00 15.00 24.00 17.00 20.00 12.00 0.00 0.00 0.00 0.00 0.00
137.00 34.00 49.00 102.00 170.00 53.00 68.00 0.09 2.13 0.00 3.00 0.00 6.00 13.00 28.00 21.00 19.00 15.00 0.00 0.00 0.00 0.00 0.00
138.00 29.00 31.00 78.00 145.00 47.00 67.00 0.08 2.09 0.00 2.00 0.00 10.00 17.00 19.00 12.00 19.00 10.00 1.00 0.00 1.00 0.00 0.00
139.00 35.00 39.00 90.00 158.00 51.00 68.00 0.09 1.72 0.00 4.00 0.00 9.00 19.00 26.00 16.00 25.00 10.00 1.00 0.00 0.00 0.00 0.00
140.00 34.00 45.00 109.00 171.00 64.00 62.00 0.09 2.37 0.00 4.00 0.00 5.00 14.00 29.00 20.00 23.00 11.00 0.00 0.00 0.00 0.00 0.00
141.00 32.00 45.00 96.00 162.00 51.00 66.00 0.09 2.50 0.00 3.00 0.00 4.00 12.00 28.00 20.00 20.00 12.00 0.00 0.00 0.00 0.00 0.00
142.00 29.00 35.00 90.00 153.00 55.00 63.00 0.09 2.20 0.00 3.00 0.00 3.00 12.00 26.00 17.00 19.00 10.00 1.00 0.00 0.00 0.00 0.00
143.00 30.00 33.00 84.00 155.00 51.00 71.00 0.09 1.36 0.00 5.00 0.00 10.00 14.00 20.00 16.00 21.00 9.00 1.00 0.00 0.00 0.00 0.00
144.00 33.00 50.00 105.00 171.00 55.00 66.00 0.08 2.33 0.00 4.00 0.00 8.00 15.00 25.00 18.00 21.00 12.00 1.00 0.00 0.00 0.00 0.00
145.00 35.00 57.00 109.00 177.00 52.00 68.00 0.08 2.37 0.00 5.00 0.00 4.00 10.00 31.00 25.00 17.00 18.00 1.00 0.00 0.00 0.00 0.00
146.00 34.00 39.00 91.00 164.00 52.00 73.00 0.09 1.51 0.00 3.00 0.00 9.00 18.00 25.00 16.00 23.00 11.00 0.00 0.00 0.00 0.00 0.00
147.00 33.00 47.00 97.00 174.00 50.00 77.00 0.09 1.73 0.00 4.00 0.00 5.00 14.00 28.00 19.00 21.00 12.00 1.00 0.00 0.00 0.00 0.00
148.00 35.00 53.00 106.00 177.00 53.00 71.00 0.09 2.24 1.00 5.00 0.20 6.00 14.00 29.00 21.00 17.00 18.00 1.00 0.00 1.00 0.00 0.00
149.00 37.00 49.00 115.00 197.00 66.00 82.00 0.09 1.73 0.00 3.00 0.00 11.00 18.00 26.00 19.00 25.00 12.00 1.00 0.00 0.00 0.00 0.00
150.00 34.00 48.00 105.00 174.00 57.00 69.00 0.07 2.07 0.00 5.00 0.00 8.00 14.00 26.00 20.00 23.00 11.00 1.00 0.00 1.00 0.00 0.00
151.00 35.00 50.00 108.00 174.00 58.00 66.00 0.08 2.08 0.00 5.00 0.00 6.00 14.00 29.00 21.00 19.00 16.00 1.00 0.00 0.00 0.00 0.00
152.00 30.00 31.00 82.00 158.00 51.00 76.00 0.10 2.55 0.00 4.00 0.00 9.00 14.00 21.00 16.00 21.00 9.00 0.00 0.00 1.00 0.00 0.00
153.00 37.00 48.00 112.00 194.00 64.00 82.00 0.07 2.83 0.00 4.00 0.00 8.00 16.00 29.00 21.00 22.00 15.00 0.00 0.00 1.00 0.00 0.00
154.00 38.00 53.00 109.00 187.00 56.00 78.00 0.08 2.37 0.00 3.00 0.00 12.00 19.00 26.00 19.00 25.00 13.00 1.00 0.00 0.00 0.00 0.00
155.00 35.00 56.00 112.00 180.00 56.00 68.00 0.09 2.64 0.00 3.00 0.00 6.00 13.00 29.00 22.00 20.00 15.00 1.00 0.00 0.00 0.00 0.00
156.00 37.00 50.00 109.00 186.00 59.00 77.00 0.09 2.54 1.00 4.00 0.25 8.00 17.00 29.00 20.00 25.00 12.00 1.00 0.00 0.00 0.00 0.00
157.00 34.00 47.00 104.00 180.00 57.00 76.00 0.08 2.42 0.00 4.00 0.00 4.00 16.00 30.00 18.00 19.00 15.00 1.00 0.00 0.00 0.00 0.00
158.00 39.00 58.00 113.00 201.00 55.00 88.00 0.08 2.69 0.00 4.00 0.00 9.00 12.00 30.00 27.00 20.00 19.00 0.00 0.00 0.00 0.00 0.00
159.00 28.00 31.00 79.00 142.00 48.00 63.00 0.09 1.38 0.00 2.00 0.00 9.00 13.00 19.00 15.00 18.00 10.00 1.00 0.00 0.00 0.00 0.00
160.00 29.00 24.00 71.00 139.00 47.00 68.00 0.08 3.19 0.00 2.00 0.00 12.00 15.00 17.00 14.00 23.00 6.00 1.00 0.00 0.00 0.00 0.00
161.00 32.00 38.00 88.00 162.00 50.00 74.00 0.09 2.71 0.00 2.00 0.00 9.00 15.00 23.00 17.00 21.00 11.00 0.00 0.00 1.00 0.00 0.00
162.00 28.00 33.00 74.00 147.00 41.00 73.00 0.08 2.61 0.00 1.00 0.00 6.00 14.00 22.00 14.00 19.00 9.00 1.00 0.00 0.00 0.00 0.00
163.00 28.00 31.00 80.00 149.00 49.00 69.00 0.10 1.41 0.00 2.00 0.00 8.00 14.00 20.00 14.00 17.00 11.00 1.00 0.00 0.00 0.00 0.00
164.00 29.00 28.00 81.00 148.00 53.00 67.00 0.07 1.40 0.00 1.00 0.00 5.00 14.00 24.00 15.00 15.00 14.00 0.00 0.00 0.00 0.00 0.00
165.00 33.00 41.00 88.00 169.00 47.00 81.00 0.09 2.67 0.00 1.00 0.00 8.00 15.00 25.00 18.00 22.00 11.00 0.00 0.00 0.00 0.00 0.00
166.00 31.00 36.00 87.00 165.00 51.00 78.00 0.08 2.29 0.00 2.00 0.00 7.00 16.00 24.00 15.00 21.00 10.00 1.00 0.00 0.00 0.00 0.00
167.00 34.00 43.00 100.00 168.00 57.00 68.00 0.08 2.75 0.00 3.00 0.00 10.00 14.00 24.00 20.00 21.00 13.00 0.00 0.00 0.00 0.00 0.00
168.00 26.00 27.00 72.00 127.00 45.00 55.00 0.09 1.96 1.00 3.00 0.33 6.00 15.00 20.00 11.00 20.00 6.00 0.00 0.00 0.00 0.00 0.00
169.00 31.00 35.00 86.00 159.00 51.00 73.00 0.10 3.31 1.00 3.00 0.33 7.00 14.00 24.00 17.00 19.00 12.00 0.00 0.00 1.00 1.00 0.00
170.00 34.00 40.00 96.00 165.00 56.00 69.00 0.09 3.40 0.00 4.00 0.00 6.00 14.00 28.00 20.00 22.00 12.00 0.00 0.00 0.00 0.00 0.00
171.00 29.00 38.00 82.00 138.00 44.00 56.00 0.08 3.21 0.00 4.00 0.00 6.00 14.00 23.00 15.00 18.00 11.00 0.00 0.00 0.00 0.00 0.00
172.00 27.00 25.00 67.00 131.00 42.00 64.00 0.09 3.15 0.00 3.00 0.00 10.00 12.00 17.00 15.00 20.00 7.00 0.00 0.00 0.00 0.00 0.00
173.00 31.00 43.00 93.00 155.00 50.00 62.00 0.09 2.88 0.00 4.00 0.00 10.00 14.00 21.00 17.00 20.00 11.00 0.00 0.00 0.00 0.00 0.00
174.00 28.00 29.00 83.00 143.00 54.00 60.00 0.07 2.91 0.00 4.00 0.00 3.00 10.00 25.00 18.00 19.00 9.00 0.00 0.00 0.00 0.00 0.00
175.00 27.00 31.00 77.00 135.00 46.00 58.00 0.10 3.00 0.00 4.00 0.00 4.00 8.00 23.00 19.00 16.00 11.00 0.00 0.00 1.00 0.00 0.00
176.00 34.00 42.00 92.00 168.00 50.00 76.00 0.08 3.22 0.00 2.00 0.00 8.00 15.00 26.00 19.00 21.00 13.00 0.00 0.00 0.00 0.00 0.00
177.00 28.00 42.00 76.00 131.00 34.00 55.00 0.07 2.56 0.00 3.00 0.00 10.00 16.00 18.00 12.00 22.00 6.00 0.00 0.00 0.00 0.00 0.00
178.00 28.00 35.00 76.00 135.00 41.00 59.00 0.09 2.45 0.00 4.00 0.00 7.00 13.00 21.00 15.00 18.00 10.00 0.00 0.00 0.00 0.00 0.00
179.00 33.00 30.00 89.00 167.00 59.00 78.00 0.08 2.92 0.00 2.00 0.00 10.00 19.00 23.00 14.00 23.00 10.00 0.00 0.00 1.00 0.00 0.00
180.00 26.00 32.00 76.00 132.00 44.00 56.00 0.08 3.30 0.00 4.00 0.00 8.00 14.00 18.00 12.00 16.00 10.00 0.00 0.00 1.00 1.00 0.00
181.00 30.00 46.00 90.00 144.00 44.00 54.00 0.08 2.09 0.00 3.00 0.00 8.00 15.00 22.00 15.00 19.00 11.00 0.00 0.00 1.00 0.00 0.00
182.00 26.00 27.00 72.00 128.00 45.00 56.00 0.08 2.27 0.00 1.00 0.00 6.00 15.00 20.00 11.00 21.00 5.00 0.00 0.00 0.00 0.00 0.00
183.00 23.00 24.00 62.00 115.00 38.00 53.00 0.08 2.34 0.00 3.00 0.00 3.00 10.00 20.00 13.00 17.00 6.00 0.00 0.00 1.00 0.00 0.00
184.00 29.00 41.00 86.00 132.00 45.00 46.00 0.07 2.16 0.00 3.00 0.00 6.00 15.00 23.00 14.00 21.00 8.00 0.00 0.00 1.00 0.00 0.00
185.00 22.00 25.00 58.00 111.00 33.00 53.00 0.08 0.83 0.00 1.00 0.00 3.00 9.00 19.00 13.00 12.00 10.00 0.00 0.00 0.00 0.00 0.00
186.00 26.00 34.00 73.00 127.00 39.00 54.00 0.08 1.43 0.00 2.00 0.00 6.00 15.00 20.00 11.00 20.00 6.00 0.00 0.00 0.00 0.00 0.00
187.00 27.00 29.00 68.00 131.00 39.00 63.00 0.07 1.06 0.00 2.00 0.00 6.00 14.00 21.00 13.00 19.00 8.00 0.00 0.00 0.00 0.00 0.00
188.00 24.00 34.00 65.00 115.00 31.00 50.00 0.09 1.63 0.00 2.00 0.00 3.00 11.00 21.00 13.00 15.00 9.00 0.00 0.00 0.00 0.00 0.00
189.00 24.00 22.00 55.00 109.00 33.00 54.00 0.07 1.76 0.00 1.00 0.00 9.00 14.00 15.00 10.00 18.00 6.00 0.00 0.00 1.00 0.00 0.00
190.00 18.00 11.00 41.00 94.00 30.00 53.00 0.08 0.97 0.00 1.00 0.00 4.00 7.00 14.00 11.00 13.00 5.00 0.00 0.00 0.00 1.00 0.00
191.00 19.00 16.00 45.00 97.00 29.00 52.00 0.09 1.62 0.00 1.00 0.00 6.00 9.00 13.00 10.00 14.00 5.00 0.00 0.00 0.00 0.00 1.00
192.00 17.00 21.00 48.00 90.00 27.00 42.00 0.08 0.87 1.00 2.00 0.50 4.00 5.00 13.00 12.00 8.00 9.00 0.00 0.00 0.00 0.00 0.00
193.00 19.00 20.00 48.00 94.00 28.00 46.00 0.08 0.73 0.00 1.00 0.00 6.00 11.00 13.00 8.00 15.00 4.00 0.00 0.00 0.00 0.00 0.00
194.00 17.00 23.00 47.00 83.00 24.00 36.00 0.08 0.77 0.00 1.00 0.00 6.00 9.00 11.00 8.00 14.00 3.00 0.00 0.00 0.00 0.00 0.00
195.00 24.00 32.00 71.00 117.00 39.00 46.00 0.08 0.97 0.00 2.00 0.00 8.00 12.00 16.00 12.00 15.00 9.00 0.00 0.00 0.00 0.00 0.00
196.00 19.00 21.00 49.00 92.00 28.00 43.00 0.08 0.69 0.00 1.00 0.00 4.00 8.00 15.00 11.00 12.00 7.00 0.00 0.00 0.00 0.00 0.00
197.00 16.00 17.00 43.00 85.00 26.00 42.00 0.09 0.82 0.00 1.00 0.00 0.00 4.00 16.00 12.00 8.00 8.00 0.00 0.00 0.00 0.00 0.00
198.00 21.00 29.00 58.00 109.00 29.00 51.00 0.08 0.80 0.00 1.00 0.00 4.00 9.00 17.00 12.00 16.00 5.00 0.00 0.00 1.00 0.00 0.00
199.00 16.00 20.00 43.00 78.00 23.00 35.00 0.09 0.71 0.00 1.00 0.00 3.00 6.00 13.00 10.00 12.00 4.00 0.00 0.00 0.00 0.00 0.00
200.00 20.00 25.00 52.00 103.00 27.00 51.00 0.08 0.67 0.00 1.00 0.00 6.00 11.00 14.00 9.00 14.00 6.00 0.00 0.00 0.00 0.00 0.00
201.00 19.00 20.00 53.00 94.00 33.00 41.00 0.08 0.84 0.00 1.00 0.00 6.00 8.00 13.00 11.00 13.00 6.00 0.00 0.00 0.00 0.00 0.00
202.00 18.00 21.00 53.00 85.00 32.00 32.00 0.07 0.65 0.00 1.00 0.00 2.00 9.00 16.00 9.00 12.00 6.00 0.00 0.00 0.00 0.00 0.00
203.00 20.00 21.00 53.00 96.00 32.00 43.00 0.10 0.77 0.00 0.00 0.00 7.00 12.00 13.00 8.00 16.00 4.00 0.00 0.00 0.00 0.00 0.00
204.00 17.00 12.00 42.00 83.00 30.00 41.00 0.08 0.84 0.00 1.00 0.00 4.00 10.00 13.00 7.00 13.00 4.00 0.00 0.00 0.00 0.00 0.00
205.00 14.00 8.00 31.00 70.00 23.00 39.00 0.08 0.56 0.00 1.00 0.00 4.00 9.00 10.00 5.00 12.00 2.00 0.00 0.00 0.00 0.00 0.00
206.00 17.00 17.00 40.00 74.00 23.00 34.00 0.07 1.51 0.00 0.00 0.00 5.00 11.00 12.00 6.00 14.00 3.00 0.00 0.00 0.00 0.00 0.00
207.00 12.00 5.00 25.00 59.00 20.00 34.00 0.09 1.82 0.00 0.00 0.00 5.00 7.00 7.00 5.00 10.00 2.00 0.00 0.00 0.00 0.00 0.00
208.00 14.00 8.00 30.00 59.00 22.00 29.00 0.09 0.71 0.00 1.00 0.00 5.00 9.00 9.00 5.00 11.00 3.00 0.00 0.00 0.00 0.00 0.00
209.00 19.00 13.00 41.00 97.00 28.00 56.00 0.07 0.79 0.00 1.00 0.00 3.00 9.00 16.00 10.00 11.00 8.00 0.00 0.00 0.00 0.00 0.00
210.00 20.00 16.00 48.00 91.00 32.00 43.00 0.09 1.75 0.00 0.00 0.00 6.00 10.00 14.00 10.00 13.00 7.00 0.00 0.00 0.00 0.00 0.00
211.00 14.00 8.00 32.00 66.00 24.00 34.00 0.07 0.60 0.00 1.00 0.00 4.00 7.00 10.00 7.00 11.00 3.00 0.00 0.00 0.00 0.00 0.00
212.00 19.00 8.00 39.00 92.00 31.00 53.00 0.09 0.83 0.00 1.00 0.00 4.00 9.00 15.00 10.00 15.00 4.00 0.00 0.00 0.00 0.00 0.00
213.00 19.00 14.00 43.00 88.00 29.00 45.00 0.07 0.88 0.00 1.00 0.00 6.00 11.00 13.00 8.00 12.00 7.00 0.00 0.00 1.00 0.00 0.00
214.00 21.00 23.00 52.00 101.00 29.00 49.00 0.09 0.81 0.00 1.00 0.00 6.00 10.00 15.00 11.00 14.00 7.00 0.00 0.00 0.00 0.00 0.00
215.00 13.00 9.00 25.00 59.00 16.00 34.00 0.08 0.51 0.00 0.00 0.00 5.00 9.00 8.00 4.00 11.00 2.00 0.00 0.00 0.00 0.00 0.00
216.00 12.00 6.00 24.00 58.00 18.00 34.00 0.09 0.85 0.00 0.00 0.00 1.00 9.00 11.00 3.00 10.00 2.00 0.00 0.00 0.00 0.00 0.00
217.00 16.00 16.00 37.00 76.00 21.00 39.00 0.07 1.61 0.00 1.00 0.00 3.00 10.00 13.00 6.00 15.00 1.00 0.00 0.00 0.00 0.00 0.00
218.00 13.00 10.00 29.00 59.00 19.00 30.00 0.08 0.58 0.00 0.00 0.00 3.00 6.00 10.00 7.00 10.00 3.00 0.00 0.00 0.00 0.00 0.00
219.00 11.00 4.00 16.00 52.00 12.00 36.00 0.08 0.67 0.00 0.00 0.00 4.00 8.00 7.00 3.00 9.00 2.00 0.00 0.00 0.00 0.00 0.00
220.00 12.00 6.00 21.00 54.00 15.00 33.00 0.09 0.53 0.00 0.00 0.00 4.00 7.00 8.00 5.00 10.00 2.00 0.00 0.00 0.00 0.00 0.00
221.00 9.00 1.00 11.00 34.00 10.00 23.00 0.09 0.48 0.00 0.00 0.00 2.00 9.00 7.00 0.00 9.00 0.00 0.00 0.00 0.00 0.00 0.00
222.00 7.00 0.00 7.00 30.00 7.00 23.00 0.10 0.35 0.00 0.00 0.00 2.00 7.00 5.00 0.00 7.00 0.00 0.00 0.00 0.00 0.00 0.00
223.00 7.00 3.00 10.00 29.00 7.00 19.00 0.09 0.31 0.00 0.00 0.00 3.00 4.00 4.00 3.00 7.00 0.00 0.00 0.00 0.00 0.00 0.00
224.00 4.00 0.00 2.00 9.00 2.00 7.00 0.09 0.22 0.00 0.00 0.00 2.00 4.00 2.00 0.00 4.00 0.00 0.00 0.00 0.00 0.00 0.00
225.00 4.00 0.00 1.00 12.00 1.00 11.00 0.08 0.39 0.00 0.00 0.00 3.00 3.00 1.00 1.00 4.00 0.00 0.00 0.00 0.00 0.00 0.00
