0.00 9.00 8.00 21.00 44.00 13.00 23.00 0.09 0.41 0.00 0.00 0.00 4.00 6.00 5.00 3.00 7.00 2.00 0.00 0.00 0.00 0.00 0.00
1.00 10.00 8.00 20.00 43.00 12.00 23.00 0.08 0.39 0.00 0.00 0.00 1.00 6.00 9.00 4.00 7.00 3.00 0.00 0.00 0.00 0.00 0.00
2.00 7.00 4.00 12.00 31.00 8.00 19.00 0.08 0.33 0.00 0.00 0.00 3.00 5.00 4.00 2.00 6.00 1.00 0.00 0.00 0.00 0.00 0.00
3.00 7.00 5.00 13.00 32.00 8.00 19.00 0.09 0.32 0.00 0.00 0.00 2.00 3.00 5.00 4.00 6.00 1.00 0.00 0.00 0.00 0.00 0.00
4.00 8.00 4.00 12.00 32.00 8.00 20.00 0.09 0.38 0.00 1.00 0.00 5.00 5.00 3.00 3.00 7.00 1.00 0.00 0.00 0.00 0.00 0.00
5.00 4.00 1.00 5.00 16.00 4.00 11.00 0.10 4.08 0.00 0.00 0.00 2.00 4.00 2.00 0.00 4.00 0.00 0.00 0.00 0.00 0.00 0.00
6.00 6.00 3.00 9.00 28.00 6.00 19.00 0.08 0.34 0.00 0.00 0.00 1.00 5.00 5.00 1.00 6.00 0.00 0.00 0.00 0.00 0.00 0.00
7.00 13.00 10.00 26.00 57.00 16.00 31.00 0.08 1.80 0.00 0.00 0.00 7.00 10.00 6.00 3.00 12.00 1.00 0.00 0.00 0.00 0.00 0.00
8.00 6.00 2.00 8.00 22.00 6.00 14.00 0.08 0.18 0.00 1.00 0.00 1.00 5.00 5.00 1.00 6.00 0.00 0.00 0.00 0.00 0.00 0.00
9.00 9.00 6.00 17.00 42.00 11.00 25.00 0.08 0.28 0.00 0.00 0.00 1.00 7.00 8.00 2.00 8.00 1.00 0.00 0.00 0.00 0.00 0.00
10.00 7.00 2.00 11.00 28.00 9.00 17.00 0.09 0.49 0.00 1.00 0.00 3.00 4.00 4.00 3.00 7.00 0.00 0.00 0.00 0.00 0.00 0.00
11.00 12.00 9.00 27.00 59.00 18.00 32.00 0.10 0.61 0.00 0.00 0.00 3.00 10.00 9.00 2.00 11.00 1.00 0.00 0.00 0.00 0.00 0.00
12.00 9.00 7.00 18.00 39.00 11.00 21.00 0.07 0.33 0.00 0.00 0.00 4.00 7.00 5.00 2.00 9.00 0.00 0.00 0.00 0.00 0.00 0.00
13.00 9.00 3.00 15.00 38.00 12.00 23.00 0.09 0.35 0.00 0.00 0.00 1.00 7.00 8.00 2.00 7.00 2.00 0.00 0.00 0.00 0.00 0.00
14.00 12.00 2.00 22.00 59.00 20.00 37.00 0.07 0.49 0.00 0.00 0.00 4.00 8.00 8.00 4.00 11.00 1.00 0.00 0.00 1.00 0.00 0.00
15.00 10.00 5.00 20.00 48.00 15.00 28.00 0.07 0.38 0.00 0.00 0.00 3.00 9.00 7.00 1.00 9.00 1.00 0.00 0.00 1.00 0.00 0.00
16.00 10.00 6.00 19.00 48.00 13.00 29.00 0.07 0.37 0.00 0.00 0.00 3.00 8.00 7.00 2.00 8.00 2.00 0.00 0.00 0.00 0.00 0.00
17.00 15.00 15.00 37.00 74.00 22.00 37.00 0.07 0.47 0.00 0.00 0.00 3.00 7.00 12.00 8.00 10.00 5.00 0.00 0.00 0.00 0.00 0.00
18.00 11.00 8.00 23.00 53.00 15.00 30.00 0.07 0.32 1.00 0.00 0.00 6.00 9.00 5.00 2.00 10.00 1.00 0.00 0.00 1.00 0.00 0.00
19.00 13.00 7.00 27.00 68.00 20.00 41.00 0.08 0.45 0.00 0.00 0.00 4.00 8.00 9.00 5.00 10.00 3.00 0.00 0.00 1.00 0.00 0.00
20.00 17.00 4.00 30.00 85.00 26.00 55.00 0.08 1.66 0.00 0.00 0.00 6.00 10.00 11.00 7.00 11.00 6.00 0.00 0.00 0.00 0.00 0.00
21.00 17.00 17.00 44.00 80.00 27.00 36.00 0.10 1.38 1.00 0.00 0.00 3.00 8.00 14.00 9.00 11.00 6.00 0.00 0.00 0.00 0.00 0.00
22.00 19.00 19.00 49.00 96.00 30.00 47.00 0.07 1.31 0.00 1.00 0.00 6.00 9.00 13.00 10.00 12.00 7.00 0.00 0.00 1.00 0.00 0.00
23.00 25.00 37.00 71.00 128.00 34.00 57.00 0.08 0.52 1.00 0.00 0.00 7.00 14.00 18.00 11.00 16.00 9.00 0.00 0.00 2.00 0.00 0.00
24.00 25.00 26.00 66.00 120.00 40.00 54.00 0.08 1.30 1.00 1.00 1.00 3.00 9.00 22.00 16.00 17.00 8.00 0.00 0.00 1.00 0.00 0.00
25.00 28.00 27.00 75.00 138.00 48.00 63.00 0.07 2.05 1.00 1.00 1.00 7.00 13.00 21.00 15.00 14.00 14.00 0.00 0.00 2.00 0.00 0.00
26.00 25.00 28.00 66.00 134.00 38.00 68.00 0.08 1.18 1.00 1.00 1.00 6.00 8.00 19.00 17.00 13.00 12.00 0.00 0.00 2.00 0.00 0.00
27.00 24.00 29.00 61.00 113.00 32.00 52.00 0.09 1.81 1.00 1.00 1.00 6.00 10.00 18.00 14.00 17.00 7.00 0.00 0.00 1.00 0.00 0.00
28.00 24.00 29.00 71.00 128.00 42.00 57.00 0.08 1.19 1.00 0.00 0.00 6.00 11.00 18.00 13.00 16.00 8.00 0.00 0.00 0.00 0.00 0.00
29.00 31.00 32.00 83.00 152.00 51.00 69.00 0.08 1.43 1.00 0.00 0.00 11.00 16.00 20.00 15.00 20.00 11.00 0.00 0.00 2.00 0.00 0.00
30.00 29.00 33.00 80.00 146.00 47.00 66.00 0.08 1.18 1.00 2.00 0.50 10.00 19.00 19.00 10.00 22.00 7.00 0.00 0.00 1.00 0.00 0.00
31.00 22.00 23.00 62.00 112.00 39.00 50.00 0.09 1.34 0.00 2.00 0.00 3.00 10.00 19.00 12.00 12.00 10.00 0.00 0.00 1.00 0.00 0.00
32.00 27.00 29.00 77.00 134.00 48.00 57.00 0.08 0.68 1.00 2.00 0.50 7.00 18.00 20.00 9.00 22.00 5.00 0.00 0.00 1.00 0.00 0.00
33.00 22.00 20.00 46.00 108.00 26.00 62.00 0.06 1.33 1.00 1.00 1.00 6.00 13.00 16.00 9.00 17.00 5.00 0.00 0.00 0.00 0.00 0.00
34.00 26.00 21.00 66.00 135.00 45.00 69.00 0.10 1.32 1.00 0.00 0.00 7.00 13.00 19.00 13.00 18.00 8.00 0.00 0.00 1.00 0.00 0.00
35.00 32.00 29.00 79.00 159.00 50.00 80.00 0.07 3.18 1.00 1.00 1.00 10.00 13.00 22.00 19.00 17.00 15.00 0.00 0.00 2.00 0.00 0.00
36.00 34.00 37.00 106.00 179.00 69.00 73.00 0.08 1.32 1.00 3.00 0.33 16.00 19.00 18.00 15.00 23.00 11.00 0.00 0.00 1.00 0.00 0.00
37.00 32.00 35.00 96.00 155.00 61.00 59.00 0.09 1.62 1.00 5.00 0.20 9.00 13.00 23.00 19.00 17.00 15.00 0.00 0.00 1.00 1.00 0.00
38.00 33.00 38.00 89.00 170.00 51.00 81.00 0.08 1.64 0.00 2.00 0.00 8.00 14.00 25.00 19.00 18.00 15.00 0.00 0.00 0.00 0.00 0.00
39.00 32.00 38.00 101.00 164.00 63.00 63.00 0.09 1.18 1.00 4.00 0.25 9.00 12.00 23.00 20.00 16.00 16.00 1.00 0.00 0.00 0.00 0.00
40.00 28.00 35.00 84.00 154.00 49.00 70.00 0.09 1.77 1.00 5.00 0.20 5.00 9.00 23.00 19.00 17.00 11.00 0.00 0.00 0.00 0.00 0.00
41.00 29.00 50.00 93.00 154.00 43.00 61.00 0.09 1.16 1.00 3.00 0.33 3.00 9.00 26.00 20.00 17.00 12.00 0.00 0.00 0.00 0.00 0.00
42.00 36.00 59.00 105.00 178.00 46.00 73.00 0.10 1.56 1.00 4.00 0.25 8.00 13.00 28.00 23.00 18.00 18.00 0.00 0.00 1.00 0.00 0.00
43.00 30.00 52.00 91.00 155.00 39.00 64.00 0.08 1.74 1.00 2.00 0.50 2.00 8.00 28.00 22.00 15.00 15.00 0.00 0.00 2.00 0.00 0.00
44.00 32.00 39.00 93.00 164.00 54.00 71.00 0.09 1.85 1.00 2.00 0.50 5.00 12.00 27.00 20.00 18.00 14.00 0.00 0.00 0.00 0.00 0.00
45.00 31.00 40.00 88.00 154.00 48.00 66.00 0.07 0.86 1.00 2.00 0.50 8.00 12.00 23.00 19.00 19.00 12.00 0.00 0.00 0.00 0.00 0.00
46.00 29.00 37.00 81.00 156.00 44.00 75.00 0.09 1.32 1.00 1.00 1.00 5.00 11.00 24.00 18.00 18.00 11.00 0.00 0.00 1.00 0.00 0.00
47.00 40.00 33.00 106.00 197.00 73.00 91.00 0.08 2.05 1.00 2.00 0.50 11.00 20.00 29.00 20.00 26.00 14.00 0.00 0.00 1.00 0.00 0.00
48.00 29.00 34.00 85.00 145.00 51.00 60.00 0.09 0.80 1.00 2.00 0.50 3.00 10.00 26.00 19.00 16.00 13.00 0.00 0.00 0.00 0.00 0.00
49.00 35.00 54.00 107.00 178.00 53.00 71.00 0.08 0.99 1.00 2.00 0.50 11.00 17.00 24.00 18.00 23.00 12.00 0.00 0.00 0.00 1.00 0.00
50.00 34.00 57.00 114.00 177.00 57.00 63.00 0.09 1.28 1.00 3.00 0.33 4.00 8.00 30.00 26.00 14.00 20.00 0.00 0.00 0.00 0.00 0.00
51.00 35.00 47.00 98.00 179.00 51.00 81.00 0.08 1.60 1.00 2.00 0.50 7.00 12.00 28.00 23.00 19.00 16.00 0.00 0.00 0.00 0.00 0.00
52.00 31.00 44.00 90.00 158.00 46.00 68.00 0.07 2.11 1.00 3.00 0.33 4.00 10.00 27.00 21.00 17.00 14.00 0.00 0.00 1.00 0.00 0.00
53.00 34.00 47.00 110.00 177.00 63.00 67.00 0.08 1.43 1.00 3.00 0.33 8.00 17.00 26.00 17.00 23.00 11.00 0.00 0.00 0.00 0.00 0.00
54.00 37.00 51.00 112.00 194.00 61.00 82.00 0.07 1.56 1.00 3.00 0.33 7.00 14.00 30.00 23.00 22.00 15.00 0.00 0.00 0.00 1.00 0.00
55.00 36.00 47.00 110.00 188.00 63.00 78.00 0.09 1.02 1.00 3.00 0.33 4.00 9.00 32.00 27.00 20.00 16.00 0.00 0.00 1.00 0.00 0.00
56.00 32.00 41.00 97.00 171.00 56.00 74.00 0.08 1.71 1.00 2.00 0.50 7.00 15.00 25.00 17.00 22.00 10.00 0.00 0.00 0.00 0.00 0.00
57.00 30.00 45.00 84.00 148.00 39.00 64.00 0.06 1.46 1.00 2.00 0.50 4.00 13.00 26.00 17.00 21.00 9.00 0.00 0.00 1.00 0.00 0.00
58.00 33.00 52.00 97.00 166.00 45.00 69.00 0.09 1.71 1.00 2.00 0.50 8.00 15.00 25.00 18.00 18.00 15.00 0.00 0.00 1.00 1.00 0.00
59.00 33.00 59.00 111.00 169.00 52.00 58.00 0.09 2.11 1.00 4.00 0.25 5.00 9.00 28.00 24.00 15.00 18.00 0.00 0.00 1.00 0.00 0.00
60.00 31.00 41.00 87.00 156.00 46.00 69.00 0.09 2.25 1.00 4.00 0.25 8.00 13.00 23.00 18.00 19.00 12.00 0.00 0.00 1.00 0.00 0.00
61.00 33.00 45.00 100.00 169.00 55.00 69.00 0.09 1.61 1.00 3.00 0.33 5.00 14.00 28.00 19.00 21.00 12.00 0.00 0.00 1.00 0.00 0.00
62.00 33.00 45.00 89.00 161.00 44.00 72.00 0.10 2.52 1.00 3.00 0.33 8.00 14.00 25.00 19.00 21.00 12.00 0.00 0.00 0.00 0.00 0.00
63.00 33.00 49.00 101.00 176.00 52.00 75.00 0.10 1.68 1.00 3.00 0.33 8.00 12.00 25.00 21.00 19.00 14.00 0.00 0.00 0.00 0.00 0.00
64.00 31.00 44.00 93.00 158.00 49.00 65.00 0.08 1.65 1.00 3.00 0.33 9.00 15.00 22.00 16.00 18.00 13.00 0.00 0.00 0.00 0.00 0.00
65.00 32.00 37.00 94.00 166.00 57.00 72.00 0.07 2.01 1.00 2.00 0.50 11.00 16.00 21.00 16.00 23.00 9.00 0.00 0.00 0.00 0.00 0.00
66.00 35.00 44.00 103.00 176.00 59.00 73.00 0.08 1.33 1.00 3.00 0.33 6.00 13.00 29.00 22.00 24.00 11.00 0.00 0.00 0.00 0.00 0.00
67.00 29.00 34.00 84.00 142.00 50.00 58.00 0.09 1.48 1.00 2.00 0.50 4.00 12.00 25.00 17.00 18.00 11.00 0.00 0.00 0.00 0.00 0.00
68.00 30.00 34.00 85.00 157.00 51.00 72.00 0.08 1.38 1.00 2.00 0.50 6.00 18.00 24.00 12.00 20.00 10.00 0.00 0.00 0.00 0.00 0.00
69.00 27.00 37.00 82.00 139.00 45.00 57.00 0.09 1.82 1.00 2.00 0.50 7.00 12.00 20.00 15.00 18.00 9.00 0.00 0.00 0.00 1.00 0.00
70.00 32.00 43.00 99.00 159.00 56.00 60.00 0.08 1.77 1.00 2.00 0.50 9.00 18.00 23.00 14.00 23.00 9.00 0.00 0.00 0.00 0.00 0.00
71.00 33.00 47.00 96.00 160.00 49.00 64.00 0.09 1.42 1.00 2.00 0.50 11.00 16.00 22.00 17.00 18.00 15.00 0.00 0.00 0.00 0.00 0.00
72.00 27.00 30.00 69.00 127.00 39.00 58.00 0.09 1.09 1.00 4.00 0.25 5.00 13.00 22.00 14.00 17.00 10.00 0.00 0.00 0.00 1.00 0.00
73.00 24.00 22.00 64.00 117.00 42.00 53.00 0.09 0.81 1.00 2.00 0.50 5.00 11.00 19.00 13.00 16.00 8.00 0.00 0.00 0.00 0.00 0.00
74.00 31.00 45.00 93.00 159.00 48.00 66.00 0.07 1.34 1.00 2.00 0.50 5.00 10.00 26.00 21.00 18.00 13.00 0.00 0.00 0.00 0.00 0.00
75.00 22.00 19.00 55.00 110.00 36.00 55.00 0.08 0.75 1.00 3.00 0.33 5.00 10.00 17.00 12.00 11.00 11.00 0.00 0.00 0.00 0.00 0.00
76.00 30.00 42.00 86.00 159.00 44.00 73.00 0.07 1.38 1.00 3.00 0.33 3.00 8.00 27.00 22.00 15.00 15.00 0.00 0.00 0.00 0.00 0.00
77.00 28.00 36.00 79.00 138.00 43.00 59.00 0.08 0.72 1.00 3.00 0.33 11.00 18.00 17.00 10.00 18.00 10.00 0.00 0.00 0.00 0.00 0.00
78.00 27.00 42.00 83.00 135.00 41.00 52.00 0.09 1.26 1.00 2.00 0.50 9.00 13.00 18.00 14.00 18.00 9.00 0.00 0.00 1.00 0.00 0.00
79.00 23.00 32.00 69.00 120.00 37.00 51.00 0.10 1.35 1.00 2.00 0.50 6.00 12.00 17.00 11.00 16.00 7.00 0.00 0.00 0.00 0.00 0.00
80.00 23.00 29.00 63.00 114.00 34.00 51.00 0.08 1.39 1.00 1.00 1.00 6.00 11.00 17.00 12.00 13.00 10.00 0.00 0.00 0.00 0.00 0.00
81.00 22.00 25.00 58.00 111.00 33.00 53.00 0.08 1.36 1.00 1.00 1.00 7.00 13.00 15.00 9.00 15.00 7.00 0.00 0.00 0.00 0.00 0.00
82.00 20.00 22.00 55.00 92.00 33.00 37.00 0.08 1.28 1.00 1.00 1.00 5.00 12.00 15.00 8.00 16.00 4.00 0.00 0.00 0.00 0.00 0.00
83.00 25.00 36.00 77.00 122.00 41.00 45.00 0.09 0.86 1.00 0.00 0.00 6.00 13.00 19.00 12.00 19.00 6.00 0.00 0.00 0.00 0.00 0.00
84.00 24.00 32.00 69.00 125.00 37.00 56.00 0.07 1.79 0.00 1.00 0.00 5.00 14.00 19.00 10.00 17.00 7.00 0.00 0.00 0.00 0.00 0.00
85.00 25.00 23.00 69.00 125.00 46.00 56.00 0.09 0.88 1.00 1.00 1.00 5.00 11.00 20.00 14.00 15.00 10.00 0.00 0.00 0.00 0.00 0.00
86.00 22.00 15.00 55.00 109.00 40.00 54.00 0.08 1.98 1.00 2.00 0.50 8.00 12.00 14.00 10.00 17.00 5.00 0.00 0.00 0.00 0.00 0.00
87.00 24.00 23.00 63.00 122.00 40.00 59.00 0.09 1.43 1.00 0.00 0.00 11.00 16.00 13.00 8.00 17.00 7.00 0.00 0.00 0.00 0.00 0.00
88.00 25.00 31.00 67.00 120.00 36.00 53.00 0.09 2.11 1.00 0.00 0.00 6.00 9.00 19.00 16.00 16.00 9.00 0.00 0.00 0.00 0.00 0.00
89.00 23.00 27.00 68.00 121.00 41.00 53.00 0.09 1.99 1.00 1.00 1.00 6.00 11.00 17.00 12.00 15.00 8.00 0.00 0.00 0.00 0.00 0.00
90.00 24.00 27.00 67.00 121.00 40.00 54.00 0.09 2.51 1.00 0.00 0.00 6.00 9.00 18.00 15.00 15.00 9.00 0.00 0.00 0.00 0.00 0.00
91.00 24.00 28.00 67.00 132.00 39.00 65.00 0.09 2.38 1.00 2.00 0.50 5.00 13.00 19.00 11.00 15.00 9.00 0.00 0.00 0.00 0.00 0.00
92.00 26.00 36.00 78.00 125.00 42.00 47.00 0.10 1.46 2.00 2.00 1.00 5.00 8.00 21.00 18.00 15.00 11.00 0.00 0.00 0.00 0.00 0.00
93.00 20.00 18.00 53.00 100.00 35.00 47.00 0.07 1.46 0.00 2.00 0.00 6.00 12.00 14.00 8.00 17.00 3.00 0.00 0.00 0.00 0.00 0.00
94.00 17.00 17.00 50.00 82.00 33.00 32.00 0.08 0.58 1.00 2.00 0.50 5.00 10.00 12.00 7.00 11.00 6.00 0.00 0.00 0.00 0.00 0.00
95.00 15.00 8.00 31.00 79.00 23.00 48.00 0.07 0.77 1.00 1.00 1.00 3.00 7.00 12.00 8.00 10.00 5.00 0.00 0.00 1.00 0.00 0.00
96.00 26.00 28.00 69.00 125.00 41.00 56.00 0.09 1.82 1.00 2.00 0.50 10.00 17.00 16.00 9.00 21.00 5.00 0.00 0.00 1.00 0.00 0.00
97.00 25.00 32.00 67.00 126.00 35.00 59.00 0.08 1.97 0.00 1.00 0.00 8.00 12.00 17.00 13.00 18.00 7.00 0.00 0.00 0.00 1.00 0.00
98.00 29.00 26.00 78.00 143.00 52.00 65.00 0.09 2.52 1.00 0.00 0.00 9.00 17.00 20.00 12.00 23.00 6.00 0.00 0.00 0.00 0.00 0.00
99.00 27.00 28.00 68.00 136.00 40.00 68.00 0.07 2.18 1.00 1.00 1.00 5.00 12.00 22.00 15.00 17.00 10.00 0.00 0.00 0.00 0.00 0.00
100.00 31.00 39.00 82.00 154.00 43.00 72.00 0.09 1.81 1.00 1.00 1.00 9.00 17.00 22.00 14.00 23.00 8.00 0.00 0.00 0.00 0.00 0.00
101.00 23.00 27.00 62.00 118.00 35.00 56.00 0.08 1.44 1.00 2.00 0.50 4.00 6.00 19.00 17.00 14.00 9.00 0.00 0.00 0.00 0.00 0.00
102.00 27.00 37.00 80.00 137.00 43.00 57.00 0.09 0.87 1.00 1.00 1.00 6.00 11.00 21.00 16.00 18.00 9.00 0.00 0.00 0.00 0.00 0.00
103.00 25.00 29.00 62.00 118.00 33.00 56.00 0.08 0.86 1.00 0.00 0.00 11.00 18.00 14.00 7.00 19.00 6.00 0.00 0.00 0.00 0.00 0.00
104.00 23.00 31.00 65.00 119.00 34.00 54.00 0.09 0.89 1.00 3.00 0.33 3.00 8.00 20.00 15.00 13.00 10.00 0.00 0.00 0.00 0.00 0.00
105.00 23.00 22.00 59.00 111.00 37.00 52.00 0.10 0.84 1.00 1.00 1.00 6.00 12.00 17.00 11.00 15.00 8.00 0.00 0.00 0.00 0.00 0.00
106.00 20.00 23.00 56.00 101.00 33.00 45.00 0.09 0.69 1.00 2.00 0.50 4.00 8.00 16.00 12.00 13.00 7.00 0.00 0.00 0.00 0.00 0.00
107.00 22.00 27.00 60.00 106.00 33.00 46.00 0.08 0.81 1.00 1.00 1.00 7.00 12.00 15.00 10.00 14.00 8.00 0.00 0.00 0.00 0.00 0.00
108.00 22.00 22.00 58.00 100.00 36.00 42.00 0.10 0.81 1.00 1.00 1.00 7.00 14.00 15.00 8.00 18.00 4.00 0.00 0.00 0.00 0.00 0.00
109.00 25.00 28.00 70.00 125.00 42.00 55.00 0.08 0.98 1.00 2.00 0.50 6.00 10.00 19.00 15.00 17.00 8.00 0.00 0.00 0.00 0.00 0.00
110.00 16.00 16.00 42.00 82.00 26.00 40.00 0.09 0.64 1.00 0.00 0.00 4.00 6.00 12.00 10.00 13.00 3.00 0.00 0.00 0.00 0.00 0.00
111.00 20.00 15.00 57.00 104.00 42.00 47.00 0.09 0.78 1.00 0.00 0.00 3.00 7.00 17.00 13.00 12.00 8.00 0.00 0.00 0.00 0.00 0.00
112.00 21.00 23.00 54.00 106.00 31.00 52.00 0.08 0.90 1.00 0.00 0.00 7.00 13.00 14.00 8.00 14.00 7.00 0.00 0.00 0.00 0.00 0.00
113.00 17.00 14.00 41.00 83.00 27.00 42.00 0.09 0.73 1.00 0.00 0.00 4.00 10.00 13.00 7.00 12.00 5.00 0.00 0.00 0.00 0.00 0.00
114.00 23.00 21.00 59.00 120.00 38.00 61.00 0.09 0.80 1.00 0.00 0.00 4.00 11.00 19.00 12.00 16.00 7.00 0.00 0.00 0.00 0.00 0.00
115.00 19.00 20.00 49.00 92.00 29.00 43.00 0.09 0.69 1.00 0.00 0.00 4.00 8.00 15.00 11.00 11.00 8.00 0.00 0.00 0.00 1.00 0.00
116.00 12.00 8.00 26.00 58.00 18.00 32.00 0.09 0.44 1.00 0.00 0.00 4.00 4.00 8.00 8.00 6.00 6.00 0.00 0.00 0.00 0.00 0.00
117.00 20.00 19.00 54.00 102.00 35.00 48.00 0.07 0.71 1.00 0.00 0.00 2.00 6.00 18.00 14.00 12.00 8.00 0.00 0.00 0.00 0.00 0.00
118.00 17.00 20.00 42.00 89.00 22.00 47.00 0.07 0.68 1.00 0.00 0.00 7.00 10.00 10.00 7.00 13.00 4.00 0.00 0.00 0.00 0.00 0.00
119.00 21.00 24.00 60.00 108.00 36.00 48.00 0.08 0.87 1.00 0.00 0.00 9.00 11.00 12.00 10.00 15.00 6.00 0.00 0.00 0.00 0.00 0.00
120.00 21.00 27.00 56.00 104.00 29.00 48.00 0.08 0.69 1.00 0.00 0.00 3.00 8.00 18.00 13.00 13.00 8.00 0.00 0.00 0.00 0.00 0.00
121.00 20.00 23.00 56.00 101.00 33.00 45.00 0.07 0.68 1.00 0.00 0.00 7.00 8.00 13.00 12.00 13.00 7.00 0.00 0.00 0.00 0.00 0.00
122.00 20.00 19.00 53.00 104.00 34.00 51.00 0.08 0.82 0.00 0.00 0.00 6.00 13.00 14.00 7.00 16.00 4.00 0.00 0.00 0.00 0.00 0.00
123.00 22.00 21.00 50.00 98.00 29.00 48.00 0.09 0.83 0.00 0.00 0.00 5.00 12.00 17.00 10.00 18.00 4.00 0.00 0.00 0.00 0.00 0.00
124.00 19.00 19.00 49.00 96.00 30.00 47.00 0.08 0.80 1.00 0.00 0.00 7.00 11.00 12.00 8.00 14.00 5.00 0.00 0.00 0.00 0.00 0.00
125.00 22.00 21.00 60.00 114.00 39.00 54.00 0.08 0.76 1.00 0.00 0.00 4.00 10.00 18.00 12.00 16.00 6.00 0.00 0.00 1.00 0.00 0.00
126.00 21.00 22.00 59.00 109.00 37.00 50.00 0.08 0.81 1.00 0.00 0.00 5.00 10.00 16.00 11.00 15.00 6.00 0.00 0.00 0.00 0.00 0.00
127.00 22.00 22.00 56.00 108.00 34.00 52.00 0.10 0.78 1.00 0.00 0.00 5.00 12.00 17.00 10.00 16.00 6.00 0.00 0.00 0.00 0.00 0.00
128.00 18.00 20.00 46.00 85.00 26.00 39.00 0.08 0.61 1.00 1.00 1.00 2.00 8.00 16.00 10.00 14.00 4.00 0.00 0.00 0.00 0.00 0.00
129.00 25.00 35.00 75.00 123.00 40.00 48.00 0.08 0.89 2.00 0.00 0.00 4.00 9.00 21.00 16.00 14.00 11.00 0.00 0.00 0.00 0.00 0.00
130.00 20.00 15.00 43.00 98.00 28.00 55.00 0.09 0.86 1.00 0.00 0.00 6.00 10.00 14.00 10.00 12.00 8.00 0.00 0.00 0.00 0.00 0.00
131.00 21.00 28.00 63.00 108.00 35.00 45.00 0.07 0.80 1.00 1.00 1.00 6.00 9.00 15.00 12.00 12.00 9.00 0.00 0.00 0.00 0.00 0.00
132.00 19.00 15.00 49.00 86.00 34.00 37.00 0.07 1.02 0.00 0.00 0.00 10.00 11.00 9.00 8.00 15.00 4.00 0.00 0.00 0.00 0.00 0.00
133.00 18.00 16.00 48.00 88.00 32.00 40.00 0.08 0.74 1.00 0.00 0.00 7.00 9.00 11.00 9.00 14.00 4.00 0.00 0.00 0.00 0.00 0.00
134.00 21.00 14.00 51.00 97.00 37.00 46.00 0.09 0.92 1.00 0.00 0.00 6.00 9.00 15.00 12.00 12.00 9.00 0.00 0.00 0.00 0.00 0.00
135.00 19.00 24.00 50.00 97.00 26.00 47.00 0.08 0.67 1.00 0.00 0.00 6.00 8.00 13.00 11.00 13.00 6.00 0.00 0.00 0.00 0.00 0.00
136.00 22.00 24.00 57.00 106.00 33.00 49.00 0.08 0.78 1.00 1.00 1.00 8.00 12.00 14.00 10.00 15.00 7.00 0.00 0.00 0.00 0.00 0.00
137.00 21.00 20.00 52.00 103.00 32.00 51.00 0.08 0.77 1.00 0.00 0.00 8.00 13.00 13.00 8.00 15.00 6.00 0.00 0.00 0.00 0.00 0.00
138.00 21.00 26.00 66.00 112.00 40.00 46.00 0.09 0.75 1.00 0.00 0.00 7.00 12.00 14.00 9.00 16.00 5.00 0.00 0.00 0.00 0.00 0.00
139.00 14.00 5.00 23.00 68.00 18.00 45.00 0.09 0.67 1.00 0.00 0.00 4.00 7.00 10.00 7.00 9.00 5.00 0.00 0.00 0.00 0.00 0.00
140.00 15.00 17.00 39.00 76.00 22.00 37.00 0.09 0.64 1.00 1.00 1.00 1.00 7.00 14.00 8.00 9.00 6.00 0.00 0.00 0.00 0.00 0.00
141.00 25.00 31.00 61.00 120.00 30.00 59.00 0.10 0.87 1.00 0.00 0.00 6.00 11.00 19.00 14.00 15.00 10.00 0.00 0.00 0.00 0.00 0.00
142.00 23.00 12.00 49.00 105.00 37.00 56.00 0.09 0.96 1.00 0.00 0.00 8.00 14.00 15.00 9.00 19.00 4.00 0.00 0.00 0.00 0.00 0.00
143.00 19.00 20.00 50.00 97.00 30.00 47.00 0.10 0.70 1.00 0.00 0.00 4.00 9.00 15.00 10.00 14.00 5.00 0.00 0.00 0.00 0.00 0.00
144.00 15.00 8.00 33.00 78.00 25.00 45.00 0.08 0.69 1.00 0.00 0.00 4.00 8.00 11.00 7.00 11.00 4.00 0.00 0.00 0.00 0.00 0.00
145.00 16.00 16.00 36.00 72.00 20.00 36.00 0.09 0.67 1.00 0.00 0.00 7.00 11.00 9.00 5.00 14.00 2.00 0.00 0.00 0.00 0.00 0.00
146.00 15.00 14.00 37.00 73.00 23.00 36.00 0.08 0.56 0.00 1.00 0.00 3.00 5.00 12.00 10.00 8.00 7.00 0.00 0.00 0.00 0.00 0.00
147.00 15.00 6.00 37.00 78.00 31.00 41.00 0.08 0.63 1.00 2.00 0.50 5.00 11.00 10.00 4.00 14.00 1.00 0.00 0.00 0.00 0.00 0.00
148.00 14.00 11.00 31.00 65.00 20.00 34.00 0.08 0.84 1.00 1.00 1.00 4.00 8.00 10.00 6.00 11.00 3.00 0.00 0.00 0.00 0.00 0.00
149.00 15.00 17.00 39.00 78.00 22.00 39.00 0.09 0.67 1.00 0.00 0.00 2.00 6.00 13.00 9.00 10.00 5.00 0.00 0.00 0.00 0.00 0.00
150.00 23.00 19.00 51.00 112.00 32.00 61.00 0.09 1.30 1.00 0.00 0.00 9.00 12.00 14.00 11.00 18.00 5.00 0.00 0.00 0.00 0.00 0.00
151.00 19.00 11.00 49.00 96.00 38.00 47.00 0.10 0.79 0.00 0.00 0.00 7.00 11.00 12.00 8.00 12.00 7.00 0.00 0.00 0.00 0.00 0.00
152.00 17.00 11.00 43.00 86.00 32.00 43.00 0.09 0.68 1.00 1.00 1.00 4.00 9.00 13.00 8.00 12.00 5.00 0.00 0.00 0.00 0.00 0.00
153.00 14.00 9.00 32.00 74.00 23.00 42.00 0.09 0.68 1.00 0.00 0.00 2.00 9.00 12.00 5.00 10.00 4.00 0.00 0.00 0.00 0.00 0.00
154.00 19.00 18.00 48.00 99.00 30.00 51.00 0.09 0.65 1.00 0.00 0.00 4.00 10.00 15.00 9.00 13.00 6.00 0.00 0.00 0.00 0.00 0.00
155.00 17.00 14.00 42.00 90.00 28.00 48.00 0.09 0.66 1.00 0.00 0.00 5.00 9.00 12.00 8.00 11.00 6.00 0.00 0.00 0.00 0.00 0.00
156.00 19.00 19.00 46.00 91.00 27.00 45.00 0.09 0.66 0.00 0.00 0.00 6.00 11.00 13.00 8.00 16.00 3.00 0.00 0.00 1.00 0.00 0.00
157.00 17.00 12.00 40.00 83.00 28.00 43.00 0.09 0.91 0.00 0.00 0.00 5.00 12.00 12.00 5.00 15.00 2.00 0.00 0.00 0.00 0.00 0.00
158.00 17.00 14.00 42.00 81.00 28.00 39.00 0.09 0.64 1.00 0.00 0.00 5.00 9.00 12.00 8.00 13.00 4.00 0.00 0.00 0.00 0.00 0.00
159.00 13.00 7.00 29.00 68.00 22.00 39.00 0.08 0.51 1.00 0.00 0.00 4.00 7.00 9.00 6.00 11.00 2.00 0.00 0.00 0.00 0.00 0.00
160.00 25.00 22.00 66.00 123.00 44.00 57.00 0.08 0.93 1.00 0.00 0.00 4.00 14.00 21.00 11.00 18.00 7.00 0.00 0.00 0.00 0.00 0.00
161.00 20.00 16.00 48.00 106.00 32.00 58.00 0.09 0.84 1.00 0.00 0.00 6.00 9.00 14.00 11.00 12.00 8.00 0.00 0.00 0.00 0.00 0.00
162.00 12.00 6.00 24.00 58.00 18.00 34.00 0.07 0.51 1.00 0.00 0.00 2.00 5.00 10.00 7.00 10.00 2.00 0.00 0.00 0.00 0.00 0.00
163.00 18.00 22.00 49.00 92.00 27.00 43.00 0.08 0.72 1.00 0.00 0.00 2.00 7.00 16.00 11.00 11.00 7.00 0.00 0.00 0.00 0.00 0.00
164.00 19.00 16.00 49.00 95.00 33.00 46.00 0.10 0.95 0.00 0.00 0.00 4.00 10.00 15.00 9.00 16.00 3.00 0.00 0.00 0.00 0.00 0.00
165.00 15.00 6.00 30.00 77.00 24.00 47.00 0.07 0.61 1.00 0.00 0.00 2.00 7.00 13.00 8.00 12.00 3.00 0.00 0.00 0.00 0.00 0.00
166.00 17.00 23.00 53.00 86.00 30.00 33.00 0.07 0.63 1.00 0.00 0.00 6.00 11.00 11.00 6.00 14.00 3.00 0.00 0.00 0.00 0.00 0.00
167.00 19.00 15.00 46.00 88.00 31.00 42.00 0.07 0.79 1.00 0.00 0.00 6.00 12.00 13.00 7.00 16.00 3.00 0.00 0.00 0.00 0.00 0.00
168.00 19.00 22.00 46.00 93.00 24.00 47.00 0.09 0.72 1.00 0.00 0.00 5.00 13.00 14.00 6.00 17.00 2.00 0.00 0.00 0.00 0.00 0.00
169.00 13.00 13.00 31.00 62.00 18.00 31.00 0.09 0.59 1.00 1.00 1.00 5.00 8.00 8.00 5.00 8.00 5.00 0.00 0.00 0.00 0.00 0.00
170.00 16.00 17.00 40.00 79.00 23.00 39.00 0.08 0.61 1.00 0.00 0.00 4.00 9.00 12.00 7.00 11.00 5.00 0.00 0.00 0.00 0.00 0.00
171.00 16.00 18.00 41.00 76.00 23.00 35.00 0.09 0.65 1.00 0.00 0.00 5.00 10.00 11.00 6.00 15.00 1.00 0.00 0.00 0.00 0.00 0.00
172.00 18.00 16.00 50.00 93.00 34.00 43.00 0.08 0.73 0.00 0.00 0.00 3.00 6.00 15.00 12.00 12.00 6.00 0.00 0.00 0.00 0.00 0.00
173.00 18.00 19.00 40.00 89.00 21.00 49.00 0.08 0.71 1.00 0.00 0.00 6.00 10.00 12.00 8.00 14.00 4.00 0.00 0.00 0.00 0.00 0.00
174.00 11.00 7.00 22.00 53.00 15.00 31.00 0.08 0.46 0.00 0.00 0.00 2.00 7.00 9.00 4.00 10.00 1.00 0.00 0.00 0.00 0.00 0.00
175.00 14.00 10.00 30.00 64.00 20.00 34.00 0.09 0.63 1.00 0.00 0.00 6.00 8.00 8.00 6.00 12.00 2.00 0.00 0.00 0.00 0.00 0.00
176.00 15.00 8.00 29.00 72.00 21.00 43.00 0.09 0.81 1.00 0.00 0.00 3.00 8.00 12.00 7.00 9.00 6.00 0.00 0.00 0.00 0.00 0.00
177.00 12.00 9.00 29.00 61.00 20.00 32.00 0.08 0.43 1.00 0.00 0.00 2.00 5.00 10.00 7.00 11.00 1.00 0.00 0.00 0.00 0.00 0.00
178.00 11.00 4.00 19.00 48.00 15.00 29.00 0.08 0.58 1.00 0.00 0.00 5.00 8.00 6.00 3.00 9.00 2.00 0.00 0.00 0.00 0.00 0.00
179.00 10.00 3.00 18.00 43.00 15.00 25.00 0.07 0.60 1.00 0.00 0.00 3.00 6.00 7.00 4.00 9.00 1.00 0.00 0.00 0.00 0.00 0.00
180.00 10.00 2.00 11.00 42.00 9.00 31.00 0.08 0.70 0.00 0.00 0.00 4.00 9.00 6.00 1.00 9.00 1.00 0.00 0.00 0.00 0.00 0.00
181.00 10.00 0.00 12.00 39.00 12.00 27.00 0.09 0.53 0.00 0.00 0.00 4.00 8.00 6.00 2.00 9.00 1.00 0.00 0.00 0.00 0.00 0.00
182.00 7.00 2.00 9.00 28.00 7.00 19.00 0.10 0.26 0.00 0.00 0.00 4.00 5.00 3.00 2.00 6.00 1.00 0.00 0.00 0.00 1.00 0.00
183.00 8.00 2.00 12.00 34.00 10.00 22.00 0.09 0.39 0.00 0.00 0.00 2.00 6.00 6.00 2.00 8.00 0.00 0.00 0.00 0.00 0.00 0.00
184.00 4.00 1.00 5.00 17.00 4.00 12.00 0.09 0.17 0.00 0.00 0.00 3.00 3.00 1.00 1.00 4.00 0.00 0.00 0.00 0.00 0.00 0.00
185.00 9.00 1.00 14.00 40.00 13.00 26.00 0.09 0.51 0.00 0.00 0.00 4.00 8.00 5.00 1.00 8.00 1.00 0.00 0.00 0.00 0.00 0.00
186.00 8.00 4.00 15.00 38.00 11.00 23.00 0.08 0.41 0.00 1.00 0.00 2.00 4.00 6.00 4.00 4.00 4.00 0.00 0.00 0.00 0.00 0.00
187.00 10.00 5.00 16.00 48.00 11.00 32.00 0.08 0.57 0.00 0.00 0.00 1.00 6.00 9.00 4.00 8.00 2.00 0.00 0.00 0.00 0.00 0.00
188.00 9.00 5.00 15.00 41.00 10.00 26.00 0.08 0.36 0.00 0.00 0.00 3.00 5.00 6.00 4.00 8.00 1.00 0.00 0.00 0.00 0.00 0.00
189.00 4.00 0.00 4.00 14.00 4.00 10.00 0.07 0.29 0.00 0.00 0.00 2.00 4.00 2.00 0.00 4.00 0.00 0.00 0.00 0.00 0.00 0.00
190.00 6.00 2.00 8.00 25.00 6.00 17.00 0.09 0.23 0.00 0.00 0.00 3.00 5.00 3.00 1.00 6.00 0.00 0.00 0.00 0.00 0.00 0.00
191.00 4.00 0.00 0.00 14.00 0.00 14.00 0.10 0.17 0.00 0.00 0.00 3.00 3.00 1.00 1.00 4.00 0.00 0.00 0.00 0.00 0.00 0.00
192.00 3.00 0.00 0.00 9.00 0.00 9.00 0.07 0.22 0.00 0.00 0.00 2.00 3.00 1.00 0.00 3.00 0.00 0.00 0.00 0.00 0.00 0.00
193.00 4.00 0.00 3.00 13.00 3.00 10.00 0.08 0.28 0.00 0.00 0.00 3.00 3.00 1.00 1.00 4.00 0.00 0.00 0.00 0.00 0.00 0.00
