0.00 3.00 0.00 0.00 2.00 0.00 2.00 0.07 0.22 0.00 0.00 0.00 2.00 3.00 1.00 0.00 3.00 0.00 0.00 0.00 0.00 0.00 0.00
1.00 3.00 0.00 0.00 4.00 0.00 4.00 0.07 0.22 0.00 0.00 0.00 2.00 3.00 1.00 0.00 3.00 0.00 0.00 0.00 0.00 0.00 0.00
2.00 3.00 0.00 2.00 11.00 2.00 9.00 0.09 0.15 0.00 0.00 0.00 2.00 3.00 1.00 0.00 3.00 0.00 0.00 0.00 0.00 0.00 0.00
3.00 5.00 0.00 3.00 18.00 3.00 15.00 0.08 0.21 0.00 0.00 0.00 3.00 4.00 2.00 1.00 5.00 0.00 0.00 0.00 0.00 0.00 0.00
4.00 4.00 0.00 2.00 15.00 2.00 13.00 0.09 3.75 0.00 0.00 0.00 2.00 4.00 2.00 0.00 4.00 0.00 0.00 0.00 0.00 0.00 0.00
5.00 4.00 0.00 1.00 6.00 1.00 5.00 0.07 0.18 0.00 0.00 0.00 3.00 3.00 1.00 1.00 4.00 0.00 0.00 0.00 0.00 0.00 0.00
6.00 3.00 0.00 0.00 5.00 0.00 5.00 0.09 0.34 0.00 0.00 0.00 2.00 3.00 1.00 0.00 3.00 0.00 0.00 0.00 0.00 0.00 0.00
7.00 3.00 0.00 2.00 10.00 2.00 8.00 0.08 0.16 0.00 0.00 0.00 2.00 3.00 1.00 0.00 3.00 0.00 0.00 0.00 0.00 0.00 0.00
8.00 3.00 0.00 0.00 4.00 0.00 4.00 0.08 0.22 0.00 0.00 0.00 2.00 3.00 1.00 0.00 3.00 0.00 0.00 0.00 0.00 0.00 0.00
9.00 7.00 1.00 10.00 31.00 9.00 21.00 0.08 0.25 0.00 0.00 0.00 3.00 5.00 4.00 2.00 6.00 1.00 0.00 0.00 0.00 0.00 0.00
10.00 8.00 1.00 14.00 37.00 13.00 23.00 0.07 0.37 0.00 0.00 0.00 3.00 6.00 5.00 2.00 7.00 1.00 0.00 0.00 0.00 0.00 0.00
11.00 8.00 4.00 14.00 35.00 10.00 21.00 0.08 0.24 0.00 0.00 0.00 4.00 6.00 4.00 2.00 7.00 1.00 0.00 0.00 0.00 0.00 0.00
12.00 10.00 9.00 20.00 45.00 11.00 25.00 0.08 0.30 0.00 0.00 0.00 2.00 5.00 8.00 5.00 9.00 1.00 0.00 0.00 0.00 0.00 0.00
13.00 4.00 0.00 2.00 15.00 2.00 13.00 0.08 3.91 0.00 0.00 0.00 3.00 3.00 1.00 1.00 4.00 0.00 0.00 0.00 0.00 0.00 0.00
14.00 6.00 0.00 5.00 26.00 5.00 21.00 0.09 0.30 0.00 0.00 0.00 1.00 5.00 5.00 1.00 6.00 0.00 0.00 0.00 0.00 0.00 0.00
15.00 6.00 1.00 9.00 28.00 8.00 19.00 0.08 0.27 0.00 0.00 0.00 2.00 4.00 4.00 2.00 6.00 0.00 0.00 0.00 0.00 0.00 0.00
16.00 8.00 2.00 15.00 38.00 13.00 23.00 0.09 0.31 0.00 0.00 0.00 2.00 5.00 6.00 3.00 6.00 2.00 0.00 0.00 0.00 0.00 0.00
17.00 11.00 8.00 24.00 46.00 16.00 22.00 0.10 0.34 0.00 0.00 0.00 3.00 8.00 8.00 3.00 9.00 2.00 0.00 0.00 0.00 0.00 0.00
18.00 5.00 2.00 7.00 15.00 5.00 8.00 0.06 0.24 0.00 0.00 0.00 3.00 4.00 2.00 1.00 5.00 0.00 0.00 0.00 0.00 0.00 0.00
19.00 4.00 0.00 4.00 15.00 4.00 11.00 0.08 0.25 0.00 0.00 0.00 2.00 4.00 2.00 0.00 4.00 0.00 0.00 0.00 0.00 0.00 0.00
20.00 9.00 7.00 19.00 41.00 12.00 22.00 0.09 0.38 0.00 0.00 0.00 1.00 6.00 8.00 3.00 9.00 0.00 0.00 0.00 0.00 0.00 0.00
21.00 14.00 10.00 28.00 65.00 18.00 37.00 0.09 3.40 0.00 1.00 0.00 4.00 9.00 10.00 5.00 13.00 1.00 0.00 0.00 0.00 0.00 0.00
22.00 12.00 12.00 26.00 56.00 14.00 30.00 0.10 0.38 0.00 1.00 0.00 4.00 6.00 8.00 6.00 9.00 3.00 0.00 0.00 0.00 0.00 0.00
23.00 12.00 14.00 29.00 60.00 15.00 31.00 0.08 0.34 0.00 1.00 0.00 3.00 4.00 9.00 8.00 7.00 5.00 0.00 0.00 0.00 0.00 0.00
24.00 13.00 5.00 26.00 62.00 21.00 36.00 0.09 3.67 0.00 1.00 0.00 4.00 7.00 9.00 6.00 10.00 3.00 0.00 0.00 0.00 0.00 0.00
25.00 12.00 10.00 22.00 52.00 12.00 30.00 0.08 0.46 0.00 0.00 0.00 3.00 6.00 9.00 6.00 8.00 4.00 0.00 0.00 0.00 0.00 0.00
26.00 8.00 5.00 16.00 36.00 11.00 20.00 0.07 0.19 0.00 1.00 0.00 5.00 6.00 3.00 2.00 7.00 1.00 0.00 0.00 0.00 0.00 0.00
27.00 7.00 2.00 11.00 31.00 9.00 20.00 0.09 0.31 0.00 1.00 0.00 1.00 6.00 6.00 1.00 7.00 0.00 0.00 0.00 0.00 0.00 0.00
28.00 10.00 4.00 19.00 45.00 15.00 26.00 0.08 1.87 0.00 1.00 0.00 4.00 7.00 6.00 3.00 9.00 1.00 0.00 0.00 0.00 0.00 0.00
29.00 13.00 16.00 31.00 64.00 15.00 33.00 0.07 0.43 0.00 1.00 0.00 1.00 5.00 12.00 8.00 8.00 5.00 0.00 0.00 0.00 0.00 0.00
30.00 9.00 5.00 16.00 41.00 11.00 25.00 0.07 0.34 0.00 1.00 0.00 1.00 6.00 8.00 3.00 7.00 2.00 0.00 0.00 0.00 0.00 0.00
31.00 14.00 20.00 36.00 68.00 16.00 32.00 0.07 0.41 0.00 1.00 0.00 2.00 7.00 12.00 7.00 10.00 4.00 0.00 0.00 0.00 0.00 0.00
32.00 12.00 9.00 21.00 46.00 12.00 25.00 0.08 2.35 0.00 1.00 0.00 4.00 9.00 8.00 3.00 10.00 2.00 0.00 0.00 0.00 0.00 0.00
33.00 11.00 11.00 28.00 56.00 17.00 28.00 0.09 0.35 0.00 1.00 0.00 4.00 7.00 7.00 4.00 8.00 3.00 0.00 0.00 0.00 0.00 0.00
34.00 4.00 0.00 0.00 5.00 0.00 5.00 0.10 0.16 0.00 0.00 0.00 2.00 4.00 2.00 0.00 4.00 0.00 0.00 0.00 0.00 0.00 0.00
35.00 13.00 6.00 24.00 60.00 18.00 36.00 0.10 0.39 0.00 1.00 0.00 5.00 8.00 8.00 5.00 10.00 3.00 0.00 0.00 1.00 0.00 0.00
36.00 19.00 24.00 50.00 93.00 26.00 43.00 0.07 0.45 0.00 1.00 0.00 7.00 9.00 12.00 10.00 14.00 5.00 0.00 0.00 1.00 0.00 0.00
37.00 21.00 22.00 52.00 99.00 30.00 47.00 0.07 0.54 0.00 1.00 0.00 6.00 10.00 15.00 11.00 12.00 9.00 0.00 0.00 0.00 1.00 0.00
38.00 19.00 20.00 44.00 90.00 24.00 46.00 0.08 0.81 0.00 1.00 0.00 6.00 10.00 13.00 9.00 13.00 6.00 0.00 0.00 0.00 0.00 0.00
39.00 21.00 25.00 53.00 104.00 28.00 51.00 0.07 0.58 0.00 1.00 0.00 7.00 11.00 14.00 10.00 16.00 5.00 0.00 0.00 0.00 0.00 0.00
40.00 23.00 21.00 56.00 104.00 35.00 48.00 0.08 0.54 0.00 1.00 0.00 7.00 13.00 16.00 10.00 14.00 9.00 0.00 0.00 0.00 0.00 0.00
41.00 5.00 1.00 4.00 16.00 3.00 12.00 0.09 0.20 0.00 1.00 0.00 1.00 1.00 4.00 4.00 4.00 1.00 0.00 0.00 0.00 0.00 0.00
42.00 18.00 11.00 36.00 88.00 25.00 52.00 0.07 0.67 0.00 2.00 0.00 6.00 13.00 12.00 5.00 16.00 2.00 0.00 0.00 0.00 0.00 0.00
43.00 17.00 10.00 34.00 78.00 24.00 44.00 0.09 0.47 0.00 1.00 0.00 4.00 8.00 13.00 9.00 12.00 5.00 0.00 0.00 0.00 0.00 0.00
44.00 20.00 18.00 46.00 90.00 28.00 44.00 0.08 1.27 0.00 1.00 0.00 6.00 12.00 14.00 8.00 16.00 4.00 0.00 0.00 0.00 0.00 0.00
45.00 17.00 20.00 42.00 73.00 22.00 31.00 0.09 0.67 0.00 2.00 0.00 6.00 10.00 11.00 7.00 12.00 5.00 0.00 0.00 0.00 0.00 0.00
46.00 20.00 22.00 48.00 101.00 26.00 53.00 0.09 0.81 0.00 1.00 0.00 7.00 12.00 13.00 8.00 16.00 4.00 0.00 0.00 0.00 0.00 0.00
47.00 15.00 16.00 39.00 74.00 23.00 35.00 0.08 0.57 0.00 1.00 0.00 1.00 5.00 14.00 10.00 9.00 6.00 0.00 0.00 0.00 0.00 0.00
48.00 22.00 23.00 56.00 103.00 33.00 47.00 0.08 0.69 0.00 1.00 0.00 5.00 8.00 17.00 14.00 12.00 10.00 0.00 0.00 0.00 0.00 0.00
49.00 22.00 20.00 56.00 109.00 36.00 53.00 0.08 0.64 0.00 2.00 0.00 2.00 8.00 20.00 14.00 13.00 9.00 0.00 0.00 0.00 1.00 0.00
50.00 24.00 32.00 67.00 121.00 35.00 54.00 0.08 0.57 0.00 2.00 0.00 7.00 13.00 17.00 11.00 15.00 9.00 0.00 0.00 0.00 0.00 0.00
51.00 20.00 23.00 52.00 95.00 29.00 43.00 0.09 1.16 0.00 2.00 0.00 8.00 11.00 12.00 9.00 15.00 5.00 0.00 0.00 0.00 0.00 0.00
52.00 13.00 10.00 30.00 63.00 20.00 33.00 0.07 0.56 0.00 0.00 0.00 4.00 7.00 9.00 6.00 8.00 5.00 0.00 0.00 0.00 0.00 0.00
53.00 20.00 20.00 52.00 102.00 32.00 50.00 0.08 0.68 0.00 2.00 0.00 6.00 10.00 14.00 10.00 15.00 5.00 0.00 0.00 0.00 0.00 0.00
54.00 26.00 18.00 61.00 127.00 43.00 66.00 0.09 0.83 0.00 1.00 0.00 5.00 14.00 21.00 12.00 16.00 10.00 0.00 0.00 0.00 0.00 0.00
55.00 16.00 10.00 41.00 81.00 31.00 40.00 0.09 1.48 0.00 2.00 0.00 3.00 9.00 13.00 7.00 12.00 4.00 0.00 0.00 0.00 0.00 0.00
56.00 22.00 19.00 50.00 103.00 31.00 53.00 0.09 2.36 0.00 2.00 0.00 8.00 10.00 14.00 12.00 15.00 7.00 0.00 0.00 0.00 1.00 0.00
57.00 24.00 20.00 57.00 115.00 37.00 58.00 0.08 0.83 0.00 1.00 0.00 7.00 16.00 17.00 8.00 19.00 5.00 0.00 0.00 1.00 0.00 0.00
58.00 20.00 14.00 45.00 96.00 31.00 51.00 0.08 1.39 0.00 1.00 0.00 4.00 11.00 16.00 9.00 14.00 6.00 0.00 0.00 1.00 0.00 0.00
59.00 27.00 19.00 56.00 129.00 37.00 73.00 0.08 1.90 0.00 1.00 0.00 8.00 12.00 19.00 15.00 19.00 8.00 0.00 0.00 0.00 1.00 0.00
60.00 21.00 16.00 48.00 106.00 32.00 58.00 0.07 1.27 0.00 1.00 0.00 6.00 9.00 15.00 12.00 16.00 5.00 0.00 0.00 0.00 0.00 0.00
61.00 27.00 29.00 69.00 137.00 40.00 68.00 0.07 1.29 0.00 0.00 0.00 5.00 10.00 22.00 17.00 14.00 13.00 0.00 0.00 0.00 0.00 0.00
62.00 25.00 26.00 60.00 129.00 34.00 69.00 0.08 0.69 0.00 1.00 0.00 3.00 11.00 22.00 14.00 14.00 11.00 0.00 0.00 0.00 0.00 0.00
63.00 32.00 37.00 85.00 157.00 48.00 72.00 0.09 1.65 0.00 1.00 0.00 9.00 17.00 23.00 15.00 23.00 9.00 0.00 0.00 0.00 1.00 0.00
64.00 30.00 27.00 81.00 145.00 54.00 64.00 0.08 1.24 1.00 2.00 0.50 10.00 15.00 20.00 15.00 18.00 12.00 0.00 0.00 1.00 1.00 0.00
65.00 30.00 34.00 73.00 151.00 39.00 78.00 0.08 1.92 1.00 2.00 0.50 8.00 11.00 22.00 19.00 17.00 13.00 0.00 0.00 0.00 0.00 0.00
66.00 32.00 40.00 93.00 165.00 53.00 72.00 0.08 2.07 1.00 3.00 0.33 4.00 12.00 28.00 20.00 19.00 13.00 1.00 0.00 1.00 0.00 0.00
67.00 36.00 40.00 94.00 177.00 54.00 83.00 0.08 1.72 0.00 2.00 0.00 8.00 15.00 28.00 21.00 25.00 11.00 0.00 0.00 0.00 0.00 0.00
68.00 36.00 46.00 105.00 189.00 59.00 84.00 0.07 1.55 0.00 2.00 0.00 10.00 19.00 26.00 17.00 25.00 11.00 0.00 0.00 0.00 0.00 0.00
69.00 26.00 26.00 66.00 137.00 40.00 71.00 0.09 1.27 0.00 2.00 0.00 5.00 11.00 21.00 15.00 18.00 8.00 0.00 0.00 0.00 0.00 0.00
70.00 23.00 22.00 59.00 121.00 37.00 62.00 0.08 1.93 0.00 2.00 0.00 7.00 11.00 16.00 12.00 18.00 5.00 0.00 0.00 1.00 0.00 0.00
71.00 34.00 47.00 97.00 171.00 50.00 74.00 0.08 1.67 0.00 2.00 0.00 7.00 14.00 27.00 20.00 20.00 14.00 0.00 0.00 0.00 0.00 0.00
72.00 27.00 16.00 64.00 146.00 48.00 82.00 0.09 2.27 0.00 2.00 0.00 9.00 15.00 18.00 12.00 22.00 5.00 0.00 0.00 0.00 0.00 0.00
73.00 34.00 39.00 89.00 175.00 50.00 86.00 0.08 1.23 0.00 1.00 0.00 11.00 18.00 23.00 16.00 23.00 11.00 0.00 0.00 0.00 0.00 0.00
74.00 28.00 32.00 80.00 142.00 48.00 62.00 0.09 1.99 1.00 3.00 0.33 7.00 15.00 21.00 13.00 17.00 11.00 0.00 0.00 0.00 0.00 0.00
75.00 33.00 28.00 86.00 162.00 58.00 76.00 0.09 1.91 1.00 2.00 0.50 9.00 19.00 24.00 14.00 22.00 11.00 0.00 0.00 1.00 0.00 0.00
76.00 36.00 34.00 93.00 181.00 59.00 88.00 0.09 1.60 1.00 3.00 0.33 8.00 16.00 28.00 20.00 21.00 15.00 0.00 0.00 2.00 0.00 0.00
77.00 41.00 44.00 107.00 201.00 63.00 94.00 0.09 2.54 1.00 4.00 0.25 12.00 21.00 29.00 20.00 27.00 14.00 0.00 0.00 0.00 0.00 0.00
78.00 30.00 24.00 75.00 158.00 51.00 83.00 0.07 2.89 1.00 3.00 0.33 8.00 12.00 22.00 18.00 14.00 16.00 0.00 0.00 0.00 0.00 0.00
79.00 38.00 36.00 109.00 193.00 73.00 84.00 0.09 2.90 1.00 4.00 0.25 9.00 17.00 29.00 21.00 23.00 15.00 0.00 0.00 0.00 0.00 0.00
80.00 36.00 30.00 95.00 177.00 65.00 82.00 0.08 3.34 2.00 3.00 0.67 12.00 16.00 24.00 20.00 23.00 13.00 0.00 0.00 0.00 0.00 0.00
81.00 28.00 30.00 74.00 148.00 44.00 74.00 0.08 2.18 0.00 4.00 0.00 6.00 10.00 22.00 18.00 16.00 12.00 0.00 0.00 0.00 0.00 0.00
82.00 29.00 22.00 69.00 155.00 47.00 86.00 0.07 2.20 0.00 3.00 0.00 9.00 12.00 20.00 17.00 20.00 9.00 0.00 0.00 0.00 0.00 0.00
83.00 26.00 23.00 66.00 132.00 43.00 66.00 0.08 1.86 0.00 2.00 0.00 5.00 13.00 21.00 13.00 18.00 8.00 1.00 0.00 0.00 0.00 0.00
84.00 28.00 23.00 73.00 138.00 50.00 65.00 0.07 2.34 0.00 2.00 0.00 8.00 16.00 20.00 12.00 22.00 6.00 0.00 0.00 0.00 0.00 0.00
85.00 24.00 12.00 60.00 123.00 48.00 63.00 0.10 1.41 0.00 2.00 0.00 10.00 12.00 14.00 12.00 16.00 8.00 0.00 0.00 0.00 1.00 0.00
86.00 23.00 23.00 61.00 119.00 38.00 58.00 0.07 1.45 0.00 2.00 0.00 7.00 9.00 16.00 14.00 14.00 9.00 0.00 0.00 0.00 0.00 0.00
87.00 26.00 23.00 64.00 127.00 41.00 63.00 0.09 2.44 0.00 1.00 0.00 7.00 12.00 19.00 14.00 15.00 11.00 0.00 0.00 0.00 0.00 0.00
88.00 24.00 14.00 59.00 121.00 45.00 62.00 0.08 1.92 0.00 1.00 0.00 5.00 9.00 19.00 15.00 12.00 12.00 0.00 0.00 0.00 0.00 0.00
89.00 26.00 25.00 71.00 126.00 46.00 55.00 0.08 1.32 0.00 2.00 0.00 9.00 13.00 17.00 13.00 17.00 9.00 0.00 0.00 0.00 1.00 0.00
90.00 25.00 16.00 66.00 128.00 50.00 62.00 0.08 2.43 0.00 2.00 0.00 8.00 13.00 17.00 12.00 17.00 8.00 0.00 0.00 0.00 0.00 0.00
91.00 19.00 11.00 45.00 98.00 34.00 53.00 0.10 2.10 0.00 3.00 0.00 7.00 12.00 12.00 7.00 15.00 4.00 0.00 0.00 0.00 0.00 0.00
92.00 21.00 11.00 43.00 111.00 32.00 68.00 0.08 1.48 0.00 2.00 0.00 6.00 12.00 15.00 9.00 15.00 6.00 0.00 0.00 0.00 0.00 0.00
93.00 19.00 9.00 45.00 95.00 36.00 50.00 0.09 1.53 0.00 2.00 0.00 5.00 12.00 14.00 7.00 16.00 3.00 0.00 0.00 1.00 0.00 0.00
94.00 21.00 18.00 52.00 107.00 34.00 55.00 0.08 0.46 0.00 2.00 0.00 3.00 8.00 18.00 13.00 13.00 8.00 0.00 0.00 0.00 0.00 0.00
95.00 15.00 9.00 35.00 71.00 26.00 36.00 0.09 0.31 0.00 0.00 0.00 5.00 10.00 10.00 5.00 13.00 2.00 0.00 0.00 0.00 0.00 0.00
96.00 25.00 17.00 58.00 123.00 41.00 65.00 0.08 3.29 0.00 1.00 0.00 6.00 14.00 19.00 11.00 19.00 6.00 0.00 0.00 0.00 0.00 0.00
97.00 19.00 12.00 39.00 86.00 27.00 47.00 0.08 0.85 0.00 0.00 0.00 4.00 8.00 15.00 11.00 12.00 7.00 0.00 0.00 1.00 0.00 0.00
98.00 18.00 13.00 48.00 92.00 35.00 44.00 0.08 0.45 0.00 0.00 0.00 3.00 8.00 15.00 10.00 14.00 4.00 0.00 0.00 0.00 0.00 0.00
99.00 18.00 19.00 44.00 80.00 25.00 36.00 0.08 1.33 0.00 0.00 0.00 5.00 7.00 13.00 11.00 12.00 6.00 0.00 0.00 0.00 0.00 0.00
100.00 19.00 9.00 35.00 92.00 26.00 57.00 0.09 0.74 1.00 0.00 0.00 9.00 13.00 10.00 6.00 14.00 5.00 0.00 0.00 0.00 0.00 0.00
101.00 23.00 27.00 61.00 107.00 34.00 46.00 0.09 1.25 0.00 2.00 0.00 3.00 12.00 20.00 11.00 17.00 6.00 0.00 0.00 0.00 1.00 0.00
102.00 15.00 10.00 31.00 70.00 21.00 39.00 0.08 2.50 0.00 2.00 0.00 4.00 7.00 11.00 8.00 8.00 7.00 0.00 0.00 0.00 0.00 0.00
103.00 21.00 19.00 54.00 101.00 35.00 47.00 0.09 3.27 0.00 0.00 0.00 7.00 12.00 14.00 9.00 15.00 6.00 0.00 0.00 0.00 0.00 0.00
104.00 20.00 18.00 49.00 100.00 31.00 51.00 0.09 3.59 0.00 0.00 0.00 5.00 11.00 15.00 9.00 13.00 7.00 0.00 0.00 0.00 0.00 0.00
105.00 13.00 12.00 30.00 66.00 18.00 36.00 0.07 3.79 0.00 0.00 0.00 3.00 8.00 10.00 5.00 10.00 3.00 0.00 0.00 0.00 0.00 0.00
106.00 17.00 9.00 37.00 84.00 28.00 47.00 0.08 3.05 0.00 0.00 0.00 5.00 11.00 12.00 6.00 14.00 3.00 0.00 0.00 1.00 0.00 0.00
107.00 13.00 4.00 24.00 66.00 20.00 42.00 0.08 3.78 0.00 0.00 0.00 5.00 7.00 8.00 6.00 8.00 5.00 0.00 0.00 0.00 0.00 0.00
108.00 12.00 8.00 23.00 52.00 15.00 29.00 0.09 2.84 0.00 0.00 0.00 5.00 6.00 7.00 6.00 11.00 1.00 0.00 0.00 0.00 0.00 0.00
109.00 9.00 4.00 16.00 39.00 12.00 23.00 0.08 3.55 0.00 1.00 0.00 2.00 5.00 7.00 4.00 6.00 3.00 0.00 0.00 0.00 0.00 0.00
110.00 18.00 14.00 45.00 78.00 31.00 33.00 0.07 3.46 0.00 1.00 0.00 5.00 11.00 13.00 7.00 14.00 4.00 0.00 0.00 0.00 0.00 0.00
111.00 16.00 15.00 41.00 76.00 26.00 35.00 0.09 2.47 0.00 0.00 0.00 7.00 11.00 9.00 5.00 12.00 4.00 0.00 0.00 0.00 0.00 0.00
112.00 15.00 12.00 33.00 74.00 21.00 41.00 0.07 3.35 0.00 0.00 0.00 3.00 8.00 12.00 7.00 11.00 4.00 0.00 0.00 0.00 0.00 0.00
113.00 10.00 4.00 19.00 47.00 15.00 28.00 0.09 4.73 0.00 0.00 0.00 4.00 6.00 6.00 4.00 10.00 0.00 0.00 0.00 0.00 0.00 0.00
114.00 17.00 10.00 34.00 82.00 24.00 48.00 0.08 3.39 0.00 0.00 0.00 5.00 8.00 12.00 9.00 13.00 4.00 0.00 0.00 0.00 0.00 0.00
115.00 18.00 11.00 33.00 81.00 22.00 48.00 0.09 3.47 0.00 1.00 0.00 4.00 9.00 14.00 9.00 15.00 3.00 0.00 0.00 0.00 0.00 0.00
116.00 17.00 10.00 32.00 83.00 22.00 51.00 0.07 2.14 0.00 1.00 0.00 5.00 8.00 12.00 9.00 14.00 3.00 0.00 0.00 0.00 1.00 0.00
117.00 10.00 8.00 22.00 50.00 14.00 28.00 0.09 0.45 0.00 0.00 0.00 5.00 8.00 5.00 2.00 9.00 1.00 0.00 0.00 0.00 1.00 0.00
118.00 17.00 19.00 40.00 82.00 21.00 42.00 0.10 0.54 0.00 1.00 0.00 7.00 10.00 10.00 7.00 13.00 4.00 0.00 0.00 0.00 1.00 0.00
119.00 16.00 14.00 39.00 79.00 25.00 40.00 0.07 1.52 1.00 0.00 0.00 5.00 10.00 11.00 6.00 11.00 5.00 0.00 0.00 1.00 1.00 0.00
120.00 19.00 10.00 44.00 99.00 34.00 55.00 0.08 2.08 0.00 0.00 0.00 6.00 9.00 13.00 10.00 15.00 4.00 0.00 0.00 0.00 0.00 0.00
121.00 18.00 14.00 45.00 92.00 31.00 47.00 0.09 1.28 0.00 1.00 0.00 6.00 11.00 12.00 7.00 15.00 3.00 0.00 0.00 0.00 0.00 0.00
122.00 13.00 12.00 34.00 61.00 22.00 27.00 0.07 2.63 0.00 0.00 0.00 4.00 6.00 9.00 7.00 8.00 5.00 0.00 0.00 0.00 0.00 0.00
123.00 17.00 18.00 44.00 87.00 26.00 43.00 0.08 1.50 0.00 0.00 0.00 4.00 5.00 13.00 12.00 11.00 6.00 0.00 0.00 0.00 0.00 0.00
124.00 14.00 10.00 31.00 66.00 21.00 35.00 0.08 1.46 0.00 0.00 0.00 3.00 7.00 11.00 7.00 10.00 4.00 0.00 0.00 0.00 0.00 0.00
125.00 6.00 3.00 11.00 29.00 8.00 18.00 0.10 4.30 0.00 0.00 0.00 2.00 3.00 4.00 3.00 5.00 1.00 0.00 0.00 0.00 0.00 0.00
126.00 13.00 11.00 31.00 59.00 20.00 28.00 0.09 2.64 0.00 0.00 0.00 3.00 7.00 10.00 6.00 8.00 5.00 0.00 0.00 1.00 0.00 0.00
127.00 12.00 7.00 30.00 63.00 23.00 33.00 0.06 1.77 0.00 0.00 0.00 3.00 7.00 9.00 5.00 10.00 2.00 0.00 0.00 0.00 0.00 0.00
128.00 5.00 0.00 2.00 14.00 2.00 12.00 0.08 3.13 0.00 1.00 0.00 3.00 4.00 2.00 1.00 5.00 0.00 0.00 0.00 0.00 0.00 0.00
129.00 21.00 13.00 43.00 95.00 30.00 52.00 0.08 2.18 0.00 0.00 0.00 6.00 14.00 15.00 7.00 19.00 2.00 0.00 0.00 0.00 0.00 0.00
130.00 22.00 17.00 51.00 105.00 34.00 54.00 0.08 2.00 1.00 1.00 1.00 10.00 14.00 12.00 8.00 15.00 7.00 0.00 0.00 0.00 0.00 0.00
131.00 16.00 12.00 35.00 79.00 23.00 44.00 0.08 2.48 0.00 1.00 0.00 6.00 8.00 10.00 8.00 13.00 3.00 0.00 0.00 0.00 0.00 0.00
132.00 20.00 16.00 51.00 102.00 35.00 51.00 0.07 1.47 0.00 0.00 0.00 10.00 13.00 10.00 7.00 14.00 6.00 0.00 0.00 0.00 0.00 0.00
133.00 20.00 18.00 48.00 96.00 30.00 48.00 0.08 0.68 0.00 0.00 0.00 7.00 11.00 13.00 9.00 14.00 6.00 0.00 0.00 0.00 0.00 0.00
134.00 12.00 2.00 22.00 59.00 20.00 37.00 0.08 0.45 1.00 0.00 0.00 8.00 9.00 4.00 3.00 9.00 3.00 0.00 0.00 0.00 0.00 0.00
135.00 22.00 15.00 46.00 99.00 31.00 53.00 0.07 1.44 0.00 0.00 0.00 6.00 9.00 16.00 13.00 17.00 5.00 0.00 0.00 0.00 0.00 0.00
136.00 20.00 16.00 40.00 88.00 24.00 48.00 0.08 1.30 0.00 0.00 0.00 5.00 11.00 15.00 9.00 18.00 2.00 0.00 0.00 1.00 0.00 0.00
137.00 16.00 17.00 40.00 78.00 23.00 38.00 0.09 0.47 0.00 0.00 0.00 3.00 5.00 13.00 11.00 10.00 6.00 0.00 0.00 0.00 0.00 0.00
138.00 15.00 11.00 35.00 79.00 24.00 44.00 0.09 0.58 0.00 0.00 0.00 6.00 8.00 9.00 7.00 12.00 3.00 0.00 0.00 0.00 0.00 0.00
139.00 14.00 8.00 33.00 71.00 25.00 38.00 0.09 0.43 0.00 0.00 0.00 2.00 6.00 12.00 8.00 9.00 5.00 0.00 0.00 0.00 0.00 0.00
140.00 19.00 11.00 38.00 89.00 27.00 51.00 0.09 1.92 0.00 0.00 0.00 6.00 10.00 13.00 9.00 16.00 3.00 0.00 0.00 0.00 0.00 0.00
141.00 18.00 17.00 46.00 89.00 29.00 43.00 0.08 0.35 0.00 0.00 0.00 4.00 10.00 14.00 8.00 16.00 2.00 0.00 0.00 0.00 1.00 0.00
142.00 6.00 1.00 8.00 23.00 7.00 15.00 0.08 0.22 0.00 0.00 0.00 3.00 5.00 3.00 1.00 6.00 0.00 0.00 0.00 0.00 0.00 0.00
143.00 14.00 8.00 28.00 59.00 20.00 31.00 0.08 1.56 0.00 0.00 0.00 4.00 8.00 10.00 6.00 13.00 1.00 0.00 0.00 0.00 1.00 0.00
144.00 8.00 4.00 14.00 35.00 10.00 21.00 0.08 0.35 0.00 1.00 0.00 2.00 5.00 6.00 3.00 7.00 1.00 0.00 0.00 0.00 0.00 0.00
145.00 11.00 6.00 18.00 47.00 12.00 29.00 0.08 0.46 0.00 1.00 0.00 3.00 7.00 8.00 4.00 10.00 1.00 0.00 0.00 0.00 0.00 0.00
146.00 7.00 1.00 10.00 31.00 9.00 21.00 0.07 0.31 0.00 1.00 0.00 1.00 2.00 6.00 5.00 5.00 2.00 0.00 0.00 0.00 0.00 0.00
147.00 13.00 6.00 23.00 64.00 17.00 41.00 0.09 0.50 0.00 1.00 0.00 4.00 6.00 9.00 7.00 9.00 4.00 0.00 0.00 0.00 0.00 0.00
148.00 19.00 19.00 51.00 88.00 32.00 37.00 0.08 0.55 0.00 0.00 0.00 3.00 12.00 16.00 7.00 13.00 6.00 0.00 0.00 0.00 0.00 0.00
149.00 18.00 21.00 48.00 87.00 27.00 39.00 0.08 0.46 0.00 0.00 0.00 3.00 6.00 15.00 12.00 11.00 7.00 0.00 0.00 0.00 0.00 0.00
150.00 16.00 13.00 36.00 74.00 23.00 38.00 0.10 0.44 0.00 1.00 0.00 5.00 9.00 11.00 7.00 11.00 5.00 0.00 0.00 0.00 0.00 0.00
151.00 14.00 12.00 30.00 64.00 18.00 34.00 0.09 0.39 0.00 0.00 0.00 4.00 8.00 10.00 6.00 11.00 3.00 0.00 0.00 0.00 0.00 0.00
152.00 6.00 3.00 9.00 26.00 6.00 17.00 0.10 0.34 0.00 0.00 0.00 3.00 5.00 3.00 1.00 6.00 0.00 0.00 0.00 0.00 0.00 0.00
153.00 8.00 5.00 15.00 37.00 10.00 22.00 0.08 0.25 0.00 0.00 0.00 1.00 3.00 7.00 5.00 6.00 2.00 0.00 0.00 0.00 0.00 0.00
154.00 11.00 3.00 19.00 51.00 16.00 32.00 0.08 0.54 0.00 1.00 0.00 3.00 6.00 8.00 5.00 8.00 3.00 0.00 0.00 0.00 0.00 0.00
155.00 13.00 11.00 28.00 61.00 17.00 33.00 0.09 0.38 0.00 1.00 0.00 4.00 6.00 9.00 7.00 8.00 5.00 0.00 0.00 0.00 0.00 0.00
156.00 14.00 8.00 33.00 67.00 25.00 34.00 0.08 0.43 0.00 2.00 0.00 6.00 7.00 8.00 7.00 11.00 3.00 0.00 0.00 0.00 0.00 0.00
157.00 6.00 0.00 5.00 27.00 5.00 22.00 0.08 0.29 0.00 0.00 0.00 2.00 3.00 4.00 3.00 5.00 1.00 0.00 0.00 0.00 0.00 0.00
158.00 11.00 6.00 22.00 48.00 16.00 26.00 0.09 1.95 0.00 0.00 0.00 3.00 5.00 8.00 6.00 8.00 3.00 0.00 0.00 0.00 0.00 0.00
159.00 7.00 2.00 10.00 31.00 8.00 21.00 0.09 0.22 0.00 0.00 0.00 2.00 6.00 5.00 1.00 6.00 1.00 0.00 0.00 0.00 0.00 0.00
160.00 8.00 6.00 18.00 37.00 12.00 19.00 0.08 0.31 0.00 0.00 0.00 3.00 6.00 5.00 2.00 7.00 1.00 0.00 0.00 0.00 0.00 0.00
161.00 9.00 6.00 20.00 45.00 14.00 25.00 0.07 2.24 0.00 1.00 0.00 2.00 3.00 7.00 6.00 7.00 2.00 0.00 0.00 0.00 0.00 0.00
162.00 9.00 6.00 20.00 41.00 14.00 21.00 0.10 2.24 0.00 0.00 0.00 3.00 6.00 6.00 3.00 9.00 0.00 0.00 0.00 0.00 0.00 0.00
163.00 7.00 1.00 9.00 29.00 8.00 20.00 0.10 3.78 0.00 0.00 0.00 2.00 4.00 5.00 3.00 6.00 1.00 0.00 0.00 0.00 0.00 0.00
164.00 5.00 0.00 0.00 13.00 0.00 13.00 0.08 4.12 0.00 0.00 0.00 1.00 4.00 4.00 1.00 5.00 0.00 0.00 0.00 0.00 0.00 0.00
165.00 6.00 2.00 9.00 24.00 7.00 15.00 0.09 0.23 0.00 0.00 0.00 1.00 5.00 5.00 1.00 6.00 0.00 0.00 0.00 0.00 0.00 0.00
166.00 3.00 0.00 0.00 5.00 0.00 5.00 0.08 4.92 0.00 0.00 0.00 2.00 3.00 1.00 0.00 3.00 0.00 0.00 0.00 0.00 0.00 0.00
167.00 7.00 3.00 11.00 31.00 8.00 20.00 0.08 0.21 0.00 0.00 0.00 3.00 4.00 4.00 3.00 7.00 0.00 0.00 0.00 0.00 0.00 0.00
168.00 7.00 4.00 12.00 31.00 8.00 19.00 0.08 2.43 0.00 0.00 0.00 2.00 4.00 5.00 3.00 6.00 1.00 0.00 0.00 0.00 0.00 0.00
169.00 6.00 2.00 9.00 24.00 7.00 15.00 0.09 2.57 0.00 0.00 0.00 2.00 5.00 4.00 1.00 5.00 1.00 0.00 0.00 0.00 0.00 0.00
170.00 3.00 0.00 2.00 11.00 2.00 9.00 0.09 4.92 0.00 0.00 0.00 2.00 3.00 1.00 0.00 3.00 0.00 0.00 0.00 0.00 0.00 0.00
171.00 7.00 2.00 9.00 30.00 7.00 21.00 0.09 2.51 0.00 0.00 0.00 4.00 5.00 3.00 2.00 7.00 0.00 0.00 0.00 0.00 0.00 0.00
172.00 7.00 1.00 5.00 26.00 4.00 21.00 0.09 4.63 0.00 0.00 0.00 4.00 5.00 3.00 2.00 7.00 0.00 0.00 0.00 0.00 0.00 0.00
173.00 8.00 5.00 16.00 36.00 11.00 20.00 0.08 3.73 0.00 0.00 0.00 3.00 5.00 5.00 3.00 7.00 1.00 0.00 0.00 0.00 0.00 0.00
174.00 7.00 1.00 6.00 28.00 5.00 22.00 0.08 0.30 0.00 0.00 0.00 1.00 4.00 6.00 3.00 7.00 0.00 0.00 0.00 0.00 0.00 0.00
175.00 7.00 1.00 8.00 31.00 7.00 23.00 0.09 4.16 0.00 0.00 0.00 2.00 5.00 5.00 2.00 5.00 2.00 0.00 0.00 1.00 0.00 0.00
176.00 5.00 1.00 5.00 17.00 4.00 12.00 0.08 3.13 0.00 0.00 0.00 3.00 4.00 2.00 1.00 5.00 0.00 0.00 0.00 0.00 0.00 0.00
177.00 9.00 4.00 15.00 40.00 11.00 25.00 0.09 2.15 0.00 0.00 0.00 4.00 7.00 5.00 2.00 7.00 2.00 0.00 0.00 0.00 0.00 0.00
178.00 4.00 0.00 2.00 10.00 2.00 8.00 0.09 0.29 0.00 0.00 0.00 1.00 3.00 3.00 1.00 4.00 0.00 0.00 0.00 0.00 0.00 0.00
179.00 5.00 1.00 6.00 21.00 5.00 15.00 0.08 0.22 0.00 0.00 0.00 3.00 4.00 2.00 1.00 5.00 0.00 0.00 0.00 0.00 0.00 0.00
180.00 3.00 0.00 0.00 6.00 0.00 6.00 0.08 0.15 0.00 0.00 0.00 2.00 3.00 1.00 0.00 3.00 0.00 0.00 0.00 0.00 0.00 0.00
181.00 3.00 0.00 0.00 6.00 0.00 6.00 0.09 0.17 0.00 0.00 0.00 2.00 3.00 1.00 0.00 3.00 0.00 0.00 0.00 0.00 0.00 0.00
182.00 4.00 0.00 0.00 5.00 0.00 5.00 0.09 0.33 0.00 0.00 0.00 3.00 3.00 1.00 1.00 4.00 0.00 0.00 0.00 0.00 0.00 0.00
