0.00 4.00 0.00 0.00 10.00 0.00 10.00 0.07 4.37 0.00 0.00 0.00 3.00 3.00 1.00 1.00 4.00 0.00 0.00 0.00 0.00 0.00 0.00
1.00 5.00 0.00 2.00 20.00 2.00 18.00 0.07 4.34 0.00 0.00 0.00 3.00 4.00 2.00 1.00 5.00 0.00 0.00 0.00 0.00 0.00 0.00
2.00 4.00 0.00 4.00 12.00 4.00 8.00 0.07 0.21 0.00 0.00 0.00 3.00 3.00 1.00 1.00 4.00 0.00 0.00 0.00 0.00 0.00 0.00
3.00 6.00 1.00 5.00 18.00 4.00 13.00 0.09 4.74 0.00 0.00 0.00 3.00 5.00 3.00 1.00 6.00 0.00 0.00 0.00 0.00 0.00 0.00
4.00 11.00 9.00 25.00 50.00 16.00 25.00 0.09 4.85 0.00 1.00 0.00 7.00 8.00 4.00 3.00 10.00 1.00 0.00 0.00 0.00 0.00 0.00
5.00 9.00 6.00 19.00 41.00 13.00 22.00 0.08 4.52 0.00 0.00 0.00 5.00 8.00 4.00 1.00 8.00 1.00 0.00 0.00 0.00 0.00 0.00
6.00 9.00 6.00 19.00 40.00 13.00 21.00 0.09 5.08 0.00 1.00 0.00 4.00 7.00 5.00 2.00 8.00 1.00 0.00 0.00 0.00 0.00 0.00
7.00 12.00 10.00 27.00 47.00 17.00 20.00 0.08 3.02 0.00 1.00 0.00 5.00 8.00 7.00 4.00 10.00 2.00 0.00 0.00 0.00 0.00 0.00
8.00 9.00 7.00 21.00 43.00 14.00 22.00 0.08 3.65 0.00 1.00 0.00 3.00 5.00 6.00 4.00 7.00 2.00 0.00 0.00 0.00 0.00 0.00
9.00 12.00 8.00 27.00 48.00 19.00 21.00 0.08 4.90 0.00 1.00 0.00 4.00 6.00 8.00 6.00 9.00 3.00 0.00 0.00 0.00 0.00 0.00
10.00 7.00 2.00 11.00 30.00 9.00 19.00 0.07 4.13 0.00 1.00 0.00 3.00 5.00 4.00 2.00 6.00 1.00 0.00 0.00 0.00 0.00 0.00
11.00 10.00 6.00 20.00 46.00 14.00 26.00 0.07 4.26 0.00 1.00 0.00 4.00 8.00 6.00 2.00 9.00 1.00 0.00 0.00 0.00 1.00 0.00
12.00 12.00 11.00 26.00 53.00 15.00 27.00 0.09 3.74 0.00 0.00 0.00 3.00 7.00 9.00 5.00 9.00 3.00 0.00 0.00 0.00 0.00 0.00
13.00 7.00 2.00 10.00 31.00 8.00 21.00 0.09 4.23 0.00 0.00 0.00 2.00 4.00 5.00 3.00 6.00 1.00 0.00 0.00 0.00 0.00 0.00
14.00 8.00 5.00 14.00 36.00 9.00 22.00 0.09 4.91 0.00 0.00 0.00 4.00 5.00 4.00 3.00 5.00 3.00 0.00 0.00 0.00 0.00 0.00
15.00 15.00 12.00 31.00 74.00 19.00 43.00 0.07 4.78 0.00 0.00 0.00 4.00 6.00 11.00 9.00 10.00 5.00 0.00 0.00 0.00 0.00 0.00
16.00 8.00 6.00 16.00 37.00 10.00 21.00 0.07 4.69 0.00 1.00 0.00 3.00 6.00 5.00 2.00 7.00 1.00 0.00 0.00 0.00 0.00 0.00
17.00 13.00 9.00 30.00 58.00 21.00 28.00 0.06 2.81 0.00 2.00 0.00 2.00 7.00 11.00 6.00 11.00 2.00 0.00 0.00 0.00 0.00 0.00
18.00 13.00 7.00 28.00 63.00 21.00 35.00 0.09 4.28 0.00 2.00 0.00 3.00 5.00 10.00 8.00 10.00 3.00 0.00 0.00 0.00 0.00 0.00
19.00 15.00 15.00 34.00 71.00 19.00 37.00 0.10 3.16 0.00 2.00 0.00 7.00 10.00 8.00 5.00 11.00 4.00 0.00 0.00 0.00 0.00 0.00
20.00 8.00 0.00 8.00 32.00 8.00 24.00 0.07 4.30 0.00 1.00 0.00 4.00 5.00 4.00 3.00 7.00 1.00 0.00 0.00 0.00 0.00 0.00
21.00 14.00 11.00 36.00 65.00 25.00 29.00 0.09 4.35 0.00 1.00 0.00 6.00 8.00 8.00 6.00 9.00 5.00 0.00 0.00 0.00 0.00 0.00
22.00 11.00 0.00 20.00 48.00 20.00 28.00 0.10 5.02 0.00 0.00 0.00 6.00 8.00 5.00 3.00 10.00 1.00 0.00 0.00 0.00 0.00 0.00
23.00 17.00 12.00 34.00 82.00 22.00 48.00 0.08 3.06 0.00 2.00 0.00 4.00 10.00 13.00 7.00 12.00 5.00 0.00 0.00 0.00 0.00 0.00
24.00 19.00 22.00 47.00 97.00 25.00 50.00 0.06 3.48 0.00 2.00 0.00 4.00 11.00 15.00 8.00 16.00 3.00 0.00 0.00 0.00 0.00 0.00
25.00 19.00 24.00 47.00 84.00 23.00 37.00 0.08 3.51 0.00 1.00 0.00 2.00 7.00 17.00 12.00 13.00 6.00 0.00 0.00 1.00 0.00 0.00
26.00 19.00 19.00 48.00 91.00 29.00 43.00 0.10 2.70 0.00 2.00 0.00 5.00 8.00 14.00 11.00 14.00 5.00 0.00 0.00 1.00 0.00 0.00
27.00 16.00 15.00 42.00 84.00 27.00 42.00 0.09 3.24 0.00 1.00 0.00 4.00 7.00 12.00 9.00 10.00 6.00 0.00 0.00 0.00 0.00 0.00
28.00 19.00 26.00 49.00 94.00 23.00 45.00 0.09 4.88 0.00 2.00 0.00 5.00 7.00 14.00 12.00 10.00 9.00 0.00 0.00 0.00 0.00 0.00
29.00 23.00 30.00 57.00 104.00 27.00 47.00 0.07 4.87 0.00 1.00 0.00 5.00 10.00 18.00 13.00 14.00 9.00 0.00 0.00 0.00 0.00 0.00
30.00 23.00 29.00 64.00 109.00 35.00 45.00 0.09 4.01 0.00 1.00 0.00 6.00 12.00 17.00 11.00 17.00 6.00 0.00 0.00 0.00 0.00 0.00
31.00 16.00 13.00 42.00 78.00 29.00 36.00 0.08 4.52 0.00 1.00 0.00 5.00 10.00 11.00 6.00 12.00 4.00 0.00 0.00 0.00 0.00 0.00
32.00 21.00 27.00 58.00 105.00 31.00 47.00 0.09 4.78 0.00 2.00 0.00 5.00 9.00 16.00 12.00 11.00 10.00 0.00 0.00 0.00 0.00 0.00
33.00 25.00 26.00 68.00 127.00 42.00 59.00 0.08 4.59 0.00 1.00 0.00 7.00 11.00 18.00 14.00 16.00 9.00 0.00 0.00 0.00 0.00 0.00
34.00 26.00 36.00 76.00 134.00 40.00 58.00 0.08 4.13 0.00 2.00 0.00 4.00 10.00 22.00 16.00 16.00 10.00 0.00 0.00 1.00 0.00 0.00
35.00 23.00 26.00 63.00 117.00 37.00 54.00 0.07 3.76 0.00 2.00 0.00 6.00 11.00 17.00 12.00 20.00 3.00 0.00 0.00 0.00 0.00 0.00
36.00 27.00 35.00 70.00 122.00 35.00 52.00 0.10 3.20 0.00 2.00 0.00 6.00 14.00 21.00 13.00 17.00 10.00 0.00 0.00 0.00 1.00 0.00
37.00 27.00 40.00 81.00 140.00 41.00 59.00 0.09 2.28 1.00 3.00 0.33 3.00 9.00 24.00 18.00 12.00 15.00 0.00 0.00 0.00 0.00 0.00
38.00 26.00 42.00 75.00 126.00 33.00 51.00 0.08 3.08 1.00 3.00 0.33 5.00 13.00 21.00 13.00 16.00 10.00 0.00 0.00 0.00 0.00 0.00
39.00 29.00 36.00 79.00 147.00 43.00 68.00 0.10 3.00 2.00 3.00 0.67 8.00 13.00 21.00 16.00 18.00 11.00 0.00 0.00 0.00 1.00 0.00
40.00 21.00 15.00 53.00 110.00 38.00 57.00 0.08 1.39 0.00 2.00 0.00 5.00 9.00 16.00 12.00 14.00 7.00 0.00 0.00 0.00 0.00 0.00
41.00 27.00 37.00 80.00 137.00 43.00 57.00 0.09 2.60 0.00 1.00 0.00 7.00 13.00 20.00 14.00 14.00 13.00 0.00 0.00 0.00 0.00 0.00
42.00 34.00 42.00 91.00 170.00 49.00 79.00 0.08 3.85 1.00 2.00 0.50 10.00 16.00 24.00 18.00 22.00 12.00 0.00 0.00 0.00 0.00 0.00
43.00 21.00 18.00 52.00 101.00 34.00 49.00 0.07 2.40 0.00 2.00 0.00 4.00 10.00 17.00 11.00 13.00 8.00 0.00 0.00 0.00 0.00 0.00
44.00 33.00 51.00 98.00 172.00 47.00 74.00 0.09 4.02 1.00 2.00 0.50 7.00 14.00 26.00 19.00 18.00 15.00 0.00 0.00 0.00 0.00 0.00
45.00 31.00 32.00 89.00 158.00 57.00 69.00 0.09 3.89 0.00 3.00 0.00 9.00 13.00 22.00 18.00 21.00 10.00 0.00 0.00 0.00 0.00 0.00
46.00 28.00 41.00 85.00 144.00 44.00 59.00 0.09 3.09 0.00 1.00 0.00 9.00 13.00 19.00 15.00 20.00 8.00 0.00 0.00 2.00 0.00 0.00
47.00 31.00 42.00 85.00 150.00 43.00 65.00 0.10 3.00 0.00 3.00 0.00 5.00 12.00 26.00 19.00 19.00 12.00 0.00 0.00 0.00 0.00 0.00
48.00 27.00 30.00 73.00 136.00 43.00 63.00 0.08 2.34 0.00 2.00 0.00 4.00 13.00 23.00 14.00 17.00 10.00 0.00 0.00 0.00 0.00 0.00
49.00 29.00 36.00 83.00 149.00 47.00 66.00 0.07 2.70 0.00 2.00 0.00 10.00 17.00 19.00 12.00 21.00 8.00 0.00 0.00 0.00 0.00 0.00
50.00 27.00 30.00 67.00 144.00 37.00 77.00 0.09 3.11 0.00 2.00 0.00 7.00 13.00 20.00 14.00 23.00 4.00 1.00 0.00 0.00 0.00 0.00
51.00 37.00 50.00 115.00 196.00 65.00 81.00 0.08 3.38 0.00 2.00 0.00 11.00 13.00 26.00 24.00 23.00 14.00 1.00 0.00 0.00 1.00 0.00
52.00 34.00 40.00 94.00 172.00 54.00 78.00 0.08 3.76 0.00 4.00 0.00 7.00 18.00 27.00 16.00 21.00 13.00 0.00 0.00 0.00 0.00 1.00
53.00 41.00 57.00 119.00 194.00 62.00 75.00 0.09 4.03 1.00 1.00 1.00 13.00 21.00 28.00 20.00 28.00 13.00 1.00 0.00 0.00 0.00 0.00
54.00 33.00 50.00 96.00 173.00 46.00 77.00 0.08 3.77 0.00 3.00 0.00 8.00 14.00 25.00 19.00 23.00 10.00 0.00 0.00 0.00 0.00 0.00
55.00 30.00 40.00 94.00 161.00 54.00 67.00 0.09 3.56 0.00 3.00 0.00 6.00 15.00 24.00 15.00 17.00 13.00 1.00 0.00 0.00 0.00 0.00
56.00 25.00 29.00 74.00 132.00 45.00 58.00 0.08 4.09 0.00 3.00 0.00 2.00 8.00 23.00 17.00 11.00 14.00 0.00 0.00 0.00 1.00 0.00
57.00 29.00 38.00 87.00 145.00 49.00 58.00 0.09 2.91 0.00 3.00 0.00 7.00 11.00 22.00 18.00 16.00 13.00 0.00 0.00 0.00 0.00 0.00
58.00 25.00 33.00 77.00 130.00 44.00 53.00 0.09 2.68 0.00 2.00 0.00 3.00 11.00 22.00 14.00 13.00 12.00 0.00 0.00 0.00 0.00 0.00
59.00 24.00 32.00 68.00 120.00 36.00 52.00 0.08 2.40 0.00 2.00 0.00 6.00 13.00 18.00 11.00 16.00 8.00 0.00 0.00 0.00 0.00 0.00
60.00 26.00 36.00 71.00 132.00 35.00 61.00 0.08 2.29 0.00 2.00 0.00 8.00 11.00 18.00 15.00 16.00 10.00 0.00 0.00 0.00 0.00 0.00
61.00 21.00 30.00 58.00 103.00 28.00 45.00 0.07 2.58 0.00 2.00 0.00 4.00 8.00 17.00 13.00 14.00 7.00 0.00 0.00 0.00 0.00 0.00
62.00 30.00 44.00 84.00 148.00 40.00 64.00 0.08 3.24 0.00 3.00 0.00 6.00 10.00 24.00 20.00 19.00 11.00 0.00 0.00 0.00 0.00 0.00
63.00 23.00 28.00 65.00 111.00 37.00 46.00 0.09 2.89 0.00 3.00 0.00 6.00 9.00 17.00 14.00 13.00 10.00 0.00 0.00 0.00 0.00 0.00
64.00 27.00 40.00 74.00 132.00 34.00 58.00 0.09 3.35 0.00 3.00 0.00 9.00 11.00 18.00 16.00 20.00 7.00 0.00 0.00 0.00 0.00 0.00
65.00 18.00 21.00 53.00 92.00 32.00 39.00 0.09 2.14 0.00 1.00 0.00 3.00 5.00 15.00 13.00 10.00 8.00 0.00 0.00 0.00 0.00 0.00
66.00 23.00 27.00 63.00 112.00 36.00 49.00 0.09 3.36 0.00 3.00 0.00 5.00 10.00 18.00 13.00 13.00 10.00 0.00 0.00 0.00 0.00 0.00
67.00 23.00 31.00 66.00 115.00 35.00 49.00 0.10 4.00 0.00 3.00 0.00 4.00 9.00 19.00 14.00 13.00 10.00 0.00 0.00 0.00 0.00 0.00
68.00 22.00 28.00 63.00 111.00 35.00 48.00 0.07 3.90 0.00 3.00 0.00 4.00 8.00 18.00 14.00 12.00 10.00 0.00 0.00 1.00 0.00 0.00
69.00 20.00 28.00 55.00 96.00 27.00 41.00 0.09 3.55 0.00 2.00 0.00 6.00 9.00 14.00 11.00 16.00 4.00 0.00 0.00 0.00 0.00 0.00
70.00 25.00 39.00 72.00 120.00 33.00 48.00 0.09 3.44 0.00 2.00 0.00 5.00 11.00 20.00 14.00 16.00 9.00 0.00 0.00 0.00 0.00 0.00
71.00 23.00 30.00 68.00 112.00 38.00 44.00 0.06 3.54 0.00 2.00 0.00 6.00 9.00 17.00 14.00 15.00 8.00 0.00 0.00 0.00 0.00 0.00
72.00 22.00 23.00 54.00 98.00 31.00 44.00 0.09 3.97 0.00 2.00 0.00 9.00 13.00 13.00 9.00 18.00 4.00 0.00 0.00 0.00 0.00 0.00
73.00 25.00 27.00 69.00 128.00 42.00 59.00 0.10 4.14 0.00 1.00 0.00 7.00 17.00 18.00 8.00 19.00 6.00 0.00 0.00 1.00 0.00 0.00
74.00 23.00 30.00 65.00 114.00 35.00 49.00 0.07 3.70 0.00 2.00 0.00 6.00 12.00 17.00 11.00 15.00 8.00 0.00 0.00 1.00 0.00 0.00
75.00 20.00 18.00 51.00 94.00 33.00 43.00 0.08 3.21 0.00 1.00 0.00 3.00 9.00 17.00 11.00 16.00 4.00 0.00 0.00 0.00 0.00 0.00
76.00 20.00 20.00 48.00 95.00 28.00 47.00 0.09 4.27 0.00 2.00 0.00 5.00 12.00 15.00 8.00 15.00 5.00 0.00 0.00 0.00 0.00 0.00
77.00 20.00 26.00 55.00 102.00 29.00 47.00 0.08 4.03 0.00 3.00 0.00 4.00 9.00 16.00 11.00 11.00 9.00 0.00 0.00 0.00 0.00 0.00
78.00 15.00 13.00 37.00 76.00 24.00 39.00 0.08 4.36 0.00 3.00 0.00 3.00 8.00 12.00 7.00 9.00 6.00 1.00 0.00 0.00 0.00 0.00
79.00 22.00 22.00 48.00 103.00 26.00 55.00 0.09 4.43 0.00 3.00 0.00 6.00 11.00 16.00 11.00 14.00 8.00 0.00 0.00 0.00 0.00 0.00
80.00 17.00 22.00 49.00 87.00 27.00 38.00 0.09 3.57 0.00 2.00 0.00 1.00 4.00 16.00 13.00 9.00 8.00 0.00 0.00 0.00 0.00 0.00
81.00 21.00 22.00 52.00 99.00 30.00 47.00 0.08 4.68 0.00 1.00 0.00 7.00 10.00 14.00 11.00 13.00 8.00 0.00 0.00 0.00 0.00 0.00
82.00 18.00 18.00 47.00 90.00 29.00 43.00 0.07 3.56 0.00 1.00 0.00 3.00 8.00 15.00 10.00 11.00 7.00 0.00 0.00 0.00 0.00 0.00
83.00 22.00 17.00 56.00 110.00 39.00 54.00 0.08 4.08 0.00 1.00 0.00 6.00 11.00 16.00 11.00 15.00 7.00 0.00 0.00 0.00 0.00 0.00
84.00 17.00 18.00 46.00 83.00 28.00 37.00 0.09 4.10 0.00 1.00 0.00 6.00 9.00 11.00 8.00 11.00 6.00 0.00 0.00 1.00 0.00 0.00
85.00 20.00 21.00 56.00 103.00 35.00 47.00 0.08 4.37 0.00 1.00 0.00 5.00 10.00 15.00 10.00 13.00 7.00 0.00 0.00 0.00 0.00 0.00
86.00 20.00 24.00 56.00 101.00 32.00 45.00 0.08 4.40 0.00 0.00 0.00 2.00 9.00 18.00 11.00 11.00 9.00 0.00 0.00 0.00 0.00 0.00
87.00 17.00 21.00 44.00 84.00 23.00 40.00 0.08 4.33 0.00 1.00 0.00 7.00 9.00 10.00 8.00 13.00 4.00 0.00 0.00 1.00 0.00 0.00
88.00 18.00 14.00 38.00 89.00 24.00 51.00 0.08 4.49 0.00 2.00 0.00 8.00 11.00 10.00 7.00 13.00 5.00 0.00 0.00 1.00 1.00 0.00
89.00 22.00 25.00 53.00 104.00 28.00 51.00 0.08 3.64 0.00 1.00 0.00 7.00 12.00 15.00 10.00 15.00 7.00 0.00 0.00 0.00 0.00 0.00
90.00 11.00 9.00 25.00 53.00 16.00 28.00 0.06 4.98 0.00 1.00 0.00 2.00 4.00 9.00 7.00 7.00 4.00 0.00 0.00 1.00 1.00 0.00
91.00 22.00 18.00 46.00 102.00 28.00 56.00 0.07 3.59 0.00 1.00 0.00 6.00 13.00 16.00 9.00 16.00 6.00 0.00 0.00 1.00 0.00 0.00
92.00 21.00 18.00 55.00 105.00 37.00 50.00 0.09 4.07 0.00 1.00 0.00 6.00 10.00 15.00 11.00 13.00 8.00 0.00 0.00 1.00 0.00 0.00
93.00 13.00 11.00 30.00 62.00 19.00 32.00 0.09 3.52 0.00 1.00 0.00 4.00 7.00 9.00 6.00 10.00 3.00 0.00 0.00 1.00 0.00 0.00
94.00 21.00 27.00 55.00 106.00 28.00 51.00 0.09 2.54 0.00 0.00 0.00 8.00 8.00 13.00 13.00 16.00 5.00 0.00 0.00 1.00 0.00 0.00
95.00 16.00 18.00 39.00 72.00 21.00 33.00 0.07 1.55 0.00 1.00 0.00 4.00 6.00 12.00 10.00 11.00 5.00 0.00 0.00 1.00 0.00 0.00
96.00 16.00 14.00 41.00 81.00 27.00 40.00 0.07 0.71 0.00 1.00 0.00 4.00 8.00 12.00 8.00 13.00 3.00 0.00 0.00 0.00 0.00 0.00
97.00 13.00 8.00 28.00 65.00 20.00 37.00 0.11 0.62 0.00 1.00 0.00 6.00 9.00 7.00 4.00 10.00 3.00 0.00 0.00 0.00 0.00 0.00
98.00 17.00 21.00 47.00 84.00 26.00 37.00 0.10 3.63 0.00 2.00 0.00 2.00 6.00 15.00 11.00 9.00 8.00 0.00 0.00 0.00 0.00 0.00
99.00 19.00 18.00 51.00 97.00 33.00 46.00 0.08 1.37 0.00 2.00 0.00 7.00 10.00 12.00 9.00 10.00 9.00 0.00 0.00 0.00 0.00 0.00
100.00 17.00 10.00 39.00 84.00 29.00 45.00 0.09 1.52 0.00 2.00 0.00 5.00 13.00 12.00 4.00 16.00 1.00 0.00 0.00 0.00 0.00 0.00
101.00 19.00 17.00 44.00 102.00 27.00 58.00 0.08 2.17 0.00 2.00 0.00 3.00 9.00 16.00 10.00 11.00 8.00 0.00 0.00 0.00 0.00 0.00
102.00 13.00 7.00 25.00 59.00 18.00 34.00 0.09 2.94 0.00 1.00 0.00 4.00 4.00 9.00 9.00 9.00 4.00 0.00 0.00 0.00 0.00 0.00
103.00 16.00 14.00 33.00 76.00 19.00 43.00 0.08 4.12 0.00 2.00 0.00 3.00 6.00 13.00 10.00 11.00 5.00 0.00 0.00 0.00 0.00 0.00
104.00 13.00 11.00 31.00 56.00 20.00 25.00 0.08 1.48 0.00 1.00 0.00 5.00 8.00 8.00 5.00 11.00 2.00 0.00 0.00 0.00 0.00 0.00
105.00 15.00 14.00 33.00 70.00 19.00 37.00 0.08 4.03 0.00 1.00 0.00 2.00 10.00 13.00 5.00 13.00 2.00 0.00 0.00 0.00 0.00 0.00
106.00 14.00 9.00 32.00 70.00 23.00 38.00 0.08 3.47 0.00 0.00 0.00 5.00 8.00 9.00 6.00 10.00 4.00 0.00 0.00 0.00 1.00 0.00
107.00 11.00 7.00 19.00 46.00 12.00 27.00 0.07 1.74 0.00 0.00 0.00 5.00 8.00 6.00 3.00 9.00 2.00 0.00 0.00 0.00 0.00 0.00
108.00 7.00 1.00 10.00 34.00 9.00 24.00 0.08 0.17 0.00 0.00 0.00 1.00 4.00 6.00 3.00 7.00 0.00 0.00 0.00 0.00 0.00 0.00
109.00 7.00 2.00 10.00 31.00 8.00 21.00 0.08 2.75 0.00 0.00 0.00 2.00 5.00 5.00 2.00 5.00 2.00 0.00 0.00 0.00 0.00 0.00
110.00 6.00 2.00 7.00 24.00 5.00 17.00 0.08 0.25 0.00 0.00 0.00 1.00 5.00 5.00 1.00 6.00 0.00 0.00 0.00 0.00 0.00 0.00
111.00 6.00 3.00 8.00 23.00 5.00 15.00 0.09 3.01 0.00 0.00 0.00 3.00 5.00 3.00 1.00 6.00 0.00 0.00 0.00 0.00 0.00 0.00
112.00 4.00 0.00 4.00 16.00 4.00 12.00 0.09 3.89 0.00 0.00 0.00 2.00 4.00 2.00 0.00 4.00 0.00 0.00 0.00 0.00 0.00 0.00
113.00 3.00 0.00 2.00 11.00 2.00 9.00 0.07 0.12 0.00 0.00 0.00 0.00 3.00 3.00 0.00 3.00 0.00 0.00 0.00 0.00 0.00 0.00
114.00 11.00 9.00 25.00 53.00 16.00 28.00 0.08 3.28 0.00 0.00 0.00 4.00 6.00 7.00 5.00 8.00 3.00 0.00 0.00 0.00 0.00 0.00
115.00 6.00 1.00 9.00 28.00 8.00 19.00 0.09 3.23 0.00 0.00 0.00 1.00 3.00 5.00 3.00 6.00 0.00 0.00 0.00 0.00 0.00 0.00
116.00 6.00 1.00 9.00 28.00 8.00 19.00 0.09 0.18 0.00 1.00 0.00 0.00 4.00 6.00 2.00 6.00 0.00 0.00 0.00 0.00 0.00 0.00
117.00 9.00 6.00 18.00 43.00 12.00 25.00 0.09 4.60 0.00 0.00 0.00 2.00 5.00 7.00 4.00 7.00 2.00 0.00 0.00 0.00 0.00 0.00
118.00 12.00 5.00 23.00 51.00 18.00 28.00 0.07 2.96 0.00 0.00 0.00 4.00 7.00 8.00 5.00 11.00 1.00 0.00 0.00 0.00 0.00 0.00
119.00 7.00 3.00 10.00 30.00 7.00 20.00 0.09 4.09 0.00 0.00 0.00 2.00 7.00 5.00 0.00 7.00 0.00 0.00 0.00 0.00 0.00 0.00
120.00 5.00 2.00 7.00 21.00 5.00 14.00 0.07 3.25 0.00 0.00 0.00 1.00 3.00 4.00 2.00 4.00 1.00 0.00 0.00 0.00 0.00 0.00
121.00 8.00 4.00 17.00 33.00 13.00 16.00 0.10 3.74 0.00 0.00 0.00 4.00 6.00 4.00 2.00 8.00 0.00 0.00 0.00 0.00 0.00 0.00
122.00 6.00 3.00 10.00 25.00 7.00 15.00 0.10 0.28 0.00 0.00 0.00 1.00 5.00 5.00 1.00 6.00 0.00 0.00 0.00 0.00 0.00 0.00
123.00 5.00 0.00 2.00 13.00 2.00 11.00 0.07 0.20 0.00 0.00 0.00 1.00 4.00 4.00 1.00 5.00 0.00 0.00 0.00 0.00 0.00 0.00
124.00 3.00 0.00 0.00 1.00 0.00 1.00 0.07 4.06 0.00 0.00 0.00 2.00 3.00 1.00 0.00 3.00 0.00 0.00 0.00 0.00 0.00 0.00
