0.00 2.00 0.00 0.00 5.00 0.00 5.00 0.07 0.16 0.00 0.00 0.00 2.00 2.00 0.00 0.00 2.00 0.00 0.00 0.00 0.00 0.00 0.00
1.00 4.00 0.00 4.00 15.00 4.00 11.00 0.08 0.06 0.00 0.00 0.00 3.00 3.00 1.00 1.00 4.00 0.00 0.00 0.00 0.00 0.00 0.00
2.00 6.00 2.00 10.00 27.00 8.00 17.00 0.08 0.17 0.00 0.00 0.00 4.00 5.00 2.00 1.00 5.00 1.00 0.00 0.00 0.00 0.00 0.00
3.00 5.00 1.00 4.00 15.00 3.00 11.00 0.07 2.82 0.00 0.00 0.00 2.00 4.00 3.00 1.00 4.00 1.00 0.00 0.00 0.00 0.00 0.00
4.00 6.00 3.00 10.00 27.00 7.00 17.00 0.06 0.18 0.00 0.00 0.00 3.00 5.00 3.00 1.00 6.00 0.00 0.00 0.00 0.00 0.00 0.00
5.00 6.00 3.00 9.00 23.00 6.00 14.00 0.10 0.17 0.00 0.00 0.00 3.00 5.00 3.00 1.00 6.00 0.00 0.00 0.00 0.00 0.00 0.00
6.00 5.00 1.00 7.00 20.00 6.00 13.00 0.10 3.27 0.00 1.00 0.00 3.00 4.00 2.00 1.00 5.00 0.00 0.00 0.00 0.00 0.00 0.00
7.00 11.00 10.00 27.00 56.00 17.00 29.00 0.10 1.98 0.00 1.00 0.00 3.00 5.00 8.00 6.00 6.00 5.00 0.00 0.00 0.00 0.00 0.00
8.00 17.00 20.00 43.00 79.00 23.00 36.00 0.07 3.03 0.00 1.00 0.00 3.00 9.00 14.00 8.00 12.00 5.00 0.00 0.00 0.00 0.00 0.00
9.00 8.00 4.00 14.00 35.00 10.00 21.00 0.08 2.19 0.00 0.00 0.00 3.00 7.00 5.00 1.00 7.00 1.00 0.00 0.00 0.00 0.00 0.00
10.00 7.00 4.00 13.00 30.00 9.00 17.00 0.08 4.37 0.00 0.00 0.00 1.00 3.00 6.00 4.00 6.00 1.00 0.00 0.00 1.00 0.00 0.00
11.00 12.00 10.00 31.00 58.00 21.00 27.00 0.08 1.80 0.00 0.00 0.00 3.00 5.00 9.00 7.00 9.00 3.00 0.00 0.00 0.00 0.00 0.00
12.00 9.00 4.00 18.00 43.00 14.00 25.00 0.09 1.98 0.00 0.00 0.00 2.00 5.00 7.00 4.00 7.00 2.00 0.00 0.00 0.00 0.00 0.00
13.00 18.00 16.00 43.00 86.00 27.00 43.00 0.07 1.41 0.00 0.00 0.00 3.00 5.00 15.00 13.00 10.00 8.00 0.00 0.00 0.00 0.00 0.00
14.00 14.00 8.00 29.00 73.00 21.00 44.00 0.08 0.47 0.00 0.00 0.00 4.00 6.00 10.00 8.00 6.00 8.00 0.00 0.00 0.00 0.00 0.00
15.00 7.00 3.00 11.00 26.00 8.00 15.00 0.10 2.15 0.00 0.00 0.00 2.00 5.00 5.00 2.00 7.00 0.00 0.00 0.00 0.00 0.00 0.00
16.00 11.00 9.00 25.00 52.00 16.00 27.00 0.10 0.25 1.00 0.00 0.00 3.00 4.00 8.00 7.00 8.00 3.00 0.00 0.00 0.00 0.00 0.00
17.00 9.00 3.00 16.00 43.00 13.00 27.00 0.08 0.27 0.00 0.00 0.00 4.00 7.00 5.00 2.00 9.00 0.00 0.00 0.00 0.00 0.00 0.00
18.00 9.00 6.00 19.00 39.00 13.00 20.00 0.08 0.32 0.00 0.00 0.00 5.00 6.00 4.00 3.00 8.00 1.00 0.00 0.00 0.00 0.00 0.00
19.00 14.00 10.00 30.00 68.00 20.00 38.00 0.09 0.39 0.00 0.00 0.00 4.00 6.00 10.00 8.00 9.00 5.00 0.00 0.00 0.00 0.00 0.00
20.00 15.00 13.00 35.00 72.00 22.00 37.00 0.09 1.56 0.00 0.00 0.00 4.00 9.00 11.00 6.00 11.00 4.00 0.00 0.00 0.00 0.00 0.00
21.00 12.00 3.00 18.00 55.00 15.00 37.00 0.08 3.56 0.00 0.00 0.00 2.00 6.00 10.00 6.00 9.00 3.00 0.00 0.00 0.00 0.00 0.00
22.00 9.00 6.00 20.00 46.00 14.00 26.00 0.09 4.28 0.00 0.00 0.00 2.00 5.00 7.00 4.00 6.00 3.00 0.00 0.00 0.00 0.00 0.00
23.00 9.00 8.00 20.00 45.00 12.00 25.00 0.10 0.24 0.00 0.00 0.00 2.00 7.00 7.00 2.00 9.00 0.00 0.00 0.00 0.00 0.00 0.00
24.00 13.00 9.00 29.00 61.00 20.00 32.00 0.07 1.69 0.00 1.00 0.00 2.00 7.00 11.00 6.00 11.00 2.00 0.00 0.00 0.00 0.00 0.00
25.00 11.00 9.00 25.00 52.00 16.00 27.00 0.08 1.74 0.00 1.00 0.00 3.00 7.00 8.00 4.00 9.00 2.00 0.00 0.00 0.00 0.00 0.00
26.00 16.00 14.00 34.00 76.00 20.00 42.00 0.08 1.38 0.00 0.00 0.00 3.00 11.00 13.00 5.00 15.00 1.00 0.00 0.00 0.00 0.00 0.00
27.00 8.00 5.00 17.00 40.00 12.00 23.00 0.10 0.26 0.00 1.00 0.00 3.00 5.00 5.00 3.00 7.00 1.00 0.00 0.00 0.00 0.00 0.00
28.00 7.00 4.00 13.00 32.00 9.00 19.00 0.09 0.20 0.00 1.00 0.00 1.00 4.00 6.00 3.00 6.00 1.00 0.00 0.00 0.00 0.00 0.00
29.00 10.00 4.00 18.00 42.00 14.00 24.00 0.08 0.31 0.00 1.00 0.00 4.00 6.00 6.00 4.00 9.00 1.00 0.00 0.00 0.00 0.00 0.00
30.00 13.00 10.00 30.00 58.00 20.00 28.00 0.06 1.59 0.00 1.00 0.00 7.00 11.00 6.00 2.00 11.00 2.00 0.00 0.00 0.00 0.00 0.00
31.00 8.00 3.00 10.00 37.00 7.00 27.00 0.09 4.05 0.00 1.00 0.00 4.00 6.00 4.00 2.00 6.00 2.00 0.00 0.00 0.00 0.00 0.00
32.00 12.00 5.00 22.00 54.00 17.00 32.00 0.09 1.61 0.00 0.00 0.00 5.00 8.00 7.00 4.00 10.00 2.00 0.00 0.00 0.00 0.00 0.00
33.00 16.00 11.00 39.00 72.00 28.00 33.00 0.08 2.81 0.00 0.00 0.00 6.00 12.00 10.00 4.00 14.00 2.00 0.00 0.00 0.00 0.00 0.00
34.00 20.00 15.00 50.00 104.00 35.00 54.00 0.09 3.96 0.00 1.00 0.00 8.00 8.00 12.00 12.00 11.00 9.00 0.00 0.00 0.00 0.00 0.00
35.00 14.00 3.00 14.00 56.00 11.00 42.00 0.07 3.71 0.00 0.00 0.00 3.00 8.00 11.00 6.00 11.00 3.00 0.00 0.00 1.00 0.00 0.00
36.00 20.00 16.00 48.00 96.00 32.00 48.00 0.09 4.14 0.00 0.00 0.00 3.00 9.00 17.00 11.00 11.00 9.00 0.00 0.00 1.00 0.00 0.00
37.00 11.00 6.00 18.00 48.00 12.00 30.00 0.09 0.22 0.00 0.00 0.00 3.00 9.00 8.00 2.00 10.00 1.00 0.00 0.00 0.00 0.00 0.00
38.00 15.00 5.00 33.00 72.00 28.00 39.00 0.07 3.87 0.00 0.00 0.00 4.00 6.00 11.00 9.00 11.00 4.00 0.00 0.00 0.00 0.00 0.00
39.00 23.00 23.00 57.00 108.00 34.00 51.00 0.09 3.58 0.00 1.00 0.00 5.00 13.00 18.00 10.00 17.00 6.00 0.00 0.00 2.00 0.00 0.00
40.00 22.00 21.00 60.00 114.00 39.00 54.00 0.08 3.21 1.00 1.00 1.00 4.00 11.00 18.00 11.00 13.00 9.00 0.00 0.00 1.00 0.00 0.00
41.00 12.00 8.00 27.00 56.00 19.00 29.00 0.08 0.45 1.00 1.00 1.00 4.00 9.00 8.00 3.00 11.00 1.00 0.00 0.00 1.00 0.00 0.00
42.00 13.00 12.00 30.00 69.00 18.00 39.00 0.09 0.36 0.00 1.00 0.00 1.00 6.00 12.00 7.00 8.00 5.00 0.00 0.00 1.00 0.00 0.00
43.00 24.00 16.00 54.00 115.00 38.00 61.00 0.08 2.98 0.00 0.00 0.00 6.00 14.00 18.00 10.00 16.00 8.00 0.00 0.00 1.00 0.00 0.00
44.00 17.00 14.00 39.00 86.00 25.00 47.00 0.09 1.41 0.00 0.00 0.00 8.00 13.00 9.00 4.00 15.00 2.00 0.00 0.00 0.00 0.00 0.00
45.00 18.00 12.00 38.00 86.00 26.00 48.00 0.09 3.28 0.00 0.00 0.00 4.00 8.00 14.00 10.00 12.00 6.00 0.00 0.00 0.00 0.00 0.00
46.00 18.00 14.00 43.00 88.00 29.00 45.00 0.09 3.41 0.00 0.00 0.00 6.00 11.00 12.00 7.00 15.00 3.00 0.00 0.00 0.00 0.00 0.00
47.00 13.00 8.00 31.00 63.00 23.00 32.00 0.10 2.64 0.00 0.00 0.00 5.00 9.00 8.00 4.00 11.00 2.00 0.00 0.00 0.00 0.00 0.00
48.00 15.00 12.00 32.00 74.00 20.00 42.00 0.09 3.03 0.00 0.00 0.00 5.00 11.00 10.00 4.00 13.00 2.00 0.00 0.00 0.00 0.00 0.00
49.00 11.00 7.00 24.00 51.00 17.00 27.00 0.10 0.43 1.00 0.00 0.00 3.00 5.00 8.00 6.00 9.00 2.00 0.00 0.00 0.00 0.00 0.00
50.00 16.00 18.00 39.00 76.00 21.00 37.00 0.10 2.30 0.00 1.00 0.00 4.00 10.00 12.00 6.00 14.00 2.00 0.00 0.00 1.00 0.00 0.00
51.00 14.00 13.00 36.00 70.00 23.00 34.00 0.09 3.27 0.00 2.00 0.00 6.00 8.00 8.00 6.00 10.00 4.00 0.00 0.00 0.00 0.00 0.00
52.00 23.00 32.00 60.00 111.00 28.00 51.00 0.08 3.26 0.00 2.00 0.00 5.00 9.00 18.00 14.00 16.00 7.00 0.00 0.00 0.00 0.00 0.00
53.00 19.00 21.00 52.00 97.00 31.00 45.00 0.09 3.84 0.00 2.00 0.00 4.00 7.00 15.00 12.00 13.00 6.00 0.00 0.00 0.00 0.00 0.00
54.00 15.00 23.00 42.00 73.00 19.00 31.00 0.08 1.52 0.00 1.00 0.00 3.00 7.00 12.00 8.00 9.00 6.00 0.00 0.00 0.00 0.00 0.00
55.00 22.00 21.00 46.00 99.00 25.00 53.00 0.09 2.67 0.00 1.00 0.00 6.00 13.00 16.00 9.00 16.00 6.00 0.00 0.00 0.00 0.00 0.00
56.00 25.00 33.00 64.00 112.00 31.00 48.00 0.07 2.45 0.00 2.00 0.00 5.00 10.00 20.00 15.00 16.00 9.00 0.00 0.00 0.00 0.00 0.00
57.00 22.00 24.00 62.00 115.00 38.00 53.00 0.07 3.94 0.00 1.00 0.00 6.00 10.00 16.00 12.00 13.00 9.00 0.00 0.00 0.00 0.00 0.00
58.00 20.00 28.00 58.00 99.00 30.00 41.00 0.09 3.05 0.00 1.00 0.00 7.00 9.00 13.00 11.00 14.00 6.00 0.00 0.00 0.00 0.00 0.00
59.00 20.00 25.00 57.00 96.00 32.00 39.00 0.08 3.05 0.00 1.00 0.00 2.00 5.00 18.00 15.00 12.00 8.00 0.00 0.00 0.00 0.00 0.00
60.00 27.00 32.00 72.00 140.00 40.00 68.00 0.08 3.64 0.00 1.00 0.00 5.00 9.00 22.00 18.00 14.00 13.00 0.00 0.00 0.00 0.00 0.00
61.00 21.00 25.00 57.00 108.00 32.00 51.00 0.08 4.53 0.00 2.00 0.00 5.00 12.00 16.00 9.00 16.00 5.00 0.00 0.00 0.00 0.00 0.00
62.00 21.00 23.00 57.00 102.00 34.00 45.00 0.09 3.94 0.00 2.00 0.00 4.00 9.00 17.00 12.00 16.00 5.00 0.00 0.00 1.00 0.00 0.00
63.00 20.00 22.00 58.00 102.00 36.00 44.00 0.09 4.14 0.00 2.00 0.00 5.00 8.00 15.00 12.00 13.00 7.00 0.00 0.00 0.00 0.00 0.00
64.00 21.00 26.00 61.00 110.00 35.00 49.00 0.08 3.78 0.00 2.00 0.00 4.00 10.00 17.00 11.00 11.00 10.00 0.00 0.00 1.00 0.00 0.00
65.00 25.00 28.00 65.00 123.00 37.00 58.00 0.10 3.63 0.00 3.00 0.00 5.00 10.00 20.00 15.00 14.00 11.00 0.00 0.00 1.00 0.00 0.00
66.00 25.00 22.00 59.00 119.00 37.00 60.00 0.09 4.32 0.00 2.00 0.00 4.00 13.00 21.00 12.00 20.00 5.00 0.00 0.00 0.00 0.00 0.00
67.00 19.00 17.00 49.00 96.00 32.00 47.00 0.09 3.32 0.00 1.00 0.00 6.00 8.00 13.00 11.00 13.00 6.00 0.00 0.00 0.00 0.00 0.00
68.00 25.00 28.00 61.00 120.00 33.00 59.00 0.10 3.67 0.00 2.00 0.00 3.00 11.00 22.00 14.00 16.00 9.00 0.00 0.00 0.00 0.00 0.00
69.00 25.00 26.00 66.00 132.00 40.00 66.00 0.09 3.76 0.00 3.00 0.00 7.00 12.00 18.00 13.00 15.00 10.00 0.00 0.00 0.00 0.00 0.00
70.00 20.00 20.00 48.00 102.00 28.00 54.00 0.09 4.52 0.00 2.00 0.00 6.00 13.00 14.00 7.00 16.00 4.00 0.00 0.00 0.00 1.00 0.00
71.00 25.00 26.00 65.00 127.00 39.00 62.00 0.09 4.21 0.00 1.00 0.00 7.00 13.00 18.00 12.00 16.00 9.00 0.00 0.00 0.00 0.00 0.00
72.00 22.00 20.00 53.00 108.00 33.00 55.00 0.09 4.20 0.00 1.00 0.00 2.00 13.00 20.00 9.00 18.00 4.00 0.00 0.00 0.00 0.00 0.00
73.00 22.00 22.00 57.00 109.00 35.00 52.00 0.08 3.56 0.00 2.00 0.00 8.00 16.00 14.00 6.00 17.00 5.00 0.00 0.00 0.00 0.00 0.00
74.00 27.00 31.00 69.00 136.00 38.00 67.00 0.09 4.26 0.00 2.00 0.00 9.00 14.00 18.00 13.00 21.00 6.00 0.00 0.00 0.00 0.00 0.00
75.00 29.00 41.00 85.00 148.00 44.00 63.00 0.08 3.96 0.00 2.00 0.00 2.00 11.00 27.00 18.00 18.00 11.00 0.00 0.00 0.00 0.00 0.00
76.00 30.00 33.00 79.00 134.00 46.00 55.00 0.09 4.25 0.00 2.00 0.00 13.00 20.00 17.00 10.00 23.00 7.00 0.00 0.00 0.00 0.00 0.00
77.00 23.00 23.00 60.00 121.00 37.00 61.00 0.07 4.23 0.00 3.00 0.00 4.00 8.00 19.00 15.00 13.00 10.00 0.00 0.00 0.00 0.00 0.00
78.00 31.00 44.00 95.00 160.00 51.00 65.00 0.09 4.14 0.00 2.00 0.00 6.00 12.00 25.00 19.00 18.00 13.00 0.00 0.00 2.00 0.00 0.00
79.00 26.00 35.00 73.00 124.00 38.00 51.00 0.08 4.78 0.00 1.00 0.00 5.00 10.00 21.00 16.00 15.00 11.00 0.00 0.00 0.00 1.00 0.00
80.00 28.00 25.00 72.00 142.00 47.00 70.00 0.08 4.07 0.00 2.00 0.00 8.00 14.00 20.00 14.00 19.00 9.00 0.00 0.00 0.00 1.00 0.00
81.00 24.00 31.00 72.00 121.00 41.00 49.00 0.09 3.99 0.00 2.00 0.00 7.00 10.00 17.00 14.00 13.00 11.00 0.00 0.00 2.00 0.00 0.00
82.00 30.00 28.00 76.00 146.00 48.00 70.00 0.09 4.53 0.00 3.00 0.00 10.00 15.00 20.00 15.00 19.00 11.00 0.00 0.00 0.00 0.00 0.00
83.00 31.00 36.00 82.00 155.00 46.00 73.00 0.08 4.48 0.00 2.00 0.00 7.00 12.00 24.00 19.00 19.00 12.00 0.00 0.00 0.00 0.00 0.00
84.00 29.00 30.00 81.00 155.00 51.00 74.00 0.09 4.25 1.00 3.00 0.33 8.00 13.00 21.00 16.00 21.00 8.00 1.00 0.00 0.00 0.00 0.00
85.00 33.00 41.00 90.00 169.00 49.00 79.00 0.09 4.39 0.00 2.00 0.00 9.00 16.00 24.00 17.00 24.00 9.00 1.00 0.00 0.00 0.00 0.00
86.00 25.00 23.00 65.00 131.00 42.00 66.00 0.08 4.12 0.00 3.00 0.00 9.00 13.00 16.00 12.00 15.00 10.00 1.00 0.00 0.00 0.00 0.00
87.00 27.00 38.00 79.00 134.00 41.00 55.00 0.08 3.81 0.00 2.00 0.00 4.00 11.00 23.00 16.00 14.00 13.00 0.00 0.00 0.00 0.00 0.00
88.00 30.00 39.00 95.00 155.00 56.00 60.00 0.10 3.60 0.00 2.00 0.00 4.00 15.00 26.00 15.00 20.00 10.00 1.00 0.00 0.00 0.00 0.00
89.00 41.00 57.00 119.00 194.00 62.00 75.00 0.09 4.03 1.00 1.00 1.00 13.00 21.00 28.00 20.00 28.00 13.00 1.00 0.00 0.00 0.00 0.00
90.00 32.00 34.00 80.00 156.00 46.00 76.00 0.10 3.17 0.00 4.00 0.00 7.00 15.00 25.00 17.00 23.00 9.00 0.00 0.00 0.00 0.00 0.00
91.00 25.00 21.00 67.00 128.00 46.00 61.00 0.09 3.14 0.00 3.00 0.00 4.00 8.00 21.00 17.00 13.00 12.00 0.00 0.00 0.00 1.00 0.00
92.00 28.00 44.00 82.00 135.00 38.00 53.00 0.08 2.67 0.00 2.00 0.00 4.00 11.00 24.00 17.00 15.00 13.00 0.00 0.00 2.00 0.00 0.00
93.00 30.00 31.00 75.00 142.00 44.00 67.00 0.09 3.96 0.00 2.00 0.00 7.00 15.00 23.00 15.00 18.00 12.00 0.00 0.00 0.00 0.00 0.00
94.00 21.00 19.00 55.00 104.00 36.00 49.00 0.09 2.58 0.00 2.00 0.00 8.00 11.00 13.00 10.00 13.00 8.00 0.00 0.00 0.00 0.00 0.00
95.00 24.00 34.00 64.00 116.00 30.00 52.00 0.09 3.29 0.00 2.00 0.00 5.00 12.00 19.00 12.00 15.00 9.00 0.00 0.00 0.00 0.00 0.00
96.00 21.00 32.00 62.00 107.00 30.00 45.00 0.09 2.96 0.00 1.00 0.00 2.00 8.00 19.00 13.00 10.00 11.00 0.00 0.00 0.00 0.00 0.00
97.00 29.00 37.00 81.00 140.00 44.00 59.00 0.07 4.14 0.00 2.00 0.00 5.00 14.00 24.00 15.00 18.00 11.00 0.00 0.00 0.00 0.00 0.00
98.00 25.00 29.00 74.00 132.00 45.00 58.00 0.08 2.81 0.00 2.00 0.00 4.00 13.00 21.00 12.00 19.00 6.00 0.00 0.00 0.00 0.00 0.00
99.00 25.00 33.00 72.00 125.00 39.00 53.00 0.07 3.53 0.00 2.00 0.00 7.00 10.00 18.00 15.00 13.00 12.00 0.00 0.00 0.00 0.00 0.00
100.00 24.00 29.00 60.00 117.00 31.00 57.00 0.07 3.29 0.00 2.00 0.00 6.00 9.00 18.00 15.00 16.00 8.00 0.00 0.00 1.00 0.00 0.00
101.00 22.00 26.00 55.00 115.00 29.00 60.00 0.07 4.75 0.00 2.00 0.00 8.00 11.00 14.00 11.00 15.00 7.00 0.00 0.00 1.00 0.00 0.00
102.00 22.00 31.00 62.00 112.00 31.00 50.00 0.08 3.81 0.00 2.00 0.00 3.00 9.00 19.00 13.00 16.00 6.00 0.00 0.00 0.00 0.00 0.00
103.00 25.00 28.00 67.00 130.00 39.00 63.00 0.06 3.80 0.00 2.00 0.00 6.00 10.00 19.00 15.00 18.00 7.00 0.00 0.00 1.00 0.00 0.00
104.00 18.00 15.00 40.00 90.00 25.00 50.00 0.07 4.11 0.00 2.00 0.00 6.00 13.00 12.00 5.00 16.00 2.00 0.00 0.00 0.00 0.00 0.00
105.00 24.00 23.00 56.00 118.00 33.00 62.00 0.09 4.01 0.00 1.00 0.00 5.00 13.00 19.00 11.00 17.00 7.00 0.00 0.00 0.00 0.00 0.00
106.00 25.00 41.00 73.00 126.00 32.00 53.00 0.06 4.33 0.00 2.00 0.00 7.00 9.00 18.00 16.00 16.00 9.00 0.00 0.00 0.00 0.00 0.00
107.00 26.00 35.00 76.00 123.00 41.00 47.00 0.10 4.03 0.00 3.00 0.00 8.00 12.00 18.00 14.00 17.00 9.00 0.00 0.00 0.00 0.00 0.00
108.00 26.00 33.00 72.00 130.00 39.00 58.00 0.10 4.14 0.00 3.00 0.00 8.00 12.00 18.00 14.00 17.00 9.00 0.00 0.00 1.00 0.00 0.00
109.00 26.00 32.00 70.00 124.00 38.00 54.00 0.08 4.34 0.00 1.00 0.00 5.00 9.00 21.00 17.00 16.00 10.00 0.00 0.00 0.00 0.00 0.00
110.00 27.00 31.00 74.00 129.00 43.00 55.00 0.09 4.32 0.00 1.00 0.00 6.00 15.00 21.00 12.00 17.00 10.00 0.00 0.00 0.00 0.00 0.00
111.00 28.00 32.00 78.00 131.00 46.00 53.00 0.09 4.10 1.00 2.00 0.50 7.00 14.00 21.00 14.00 16.00 12.00 0.00 0.00 0.00 0.00 0.00
112.00 26.00 34.00 73.00 122.00 39.00 49.00 0.09 4.54 0.00 3.00 0.00 9.00 14.00 17.00 12.00 17.00 9.00 0.00 0.00 0.00 1.00 0.00
113.00 28.00 38.00 78.00 138.00 40.00 60.00 0.07 4.28 0.00 3.00 0.00 10.00 16.00 18.00 12.00 19.00 9.00 0.00 0.00 0.00 0.00 0.00
114.00 23.00 33.00 62.00 113.00 29.00 51.00 0.09 4.73 0.00 2.00 0.00 6.00 10.00 17.00 13.00 14.00 9.00 0.00 0.00 0.00 0.00 0.00
115.00 28.00 38.00 78.00 135.00 40.00 57.00 0.08 4.44 0.00 3.00 0.00 7.00 13.00 21.00 15.00 18.00 10.00 0.00 0.00 0.00 0.00 1.00
116.00 20.00 25.00 59.00 101.00 34.00 42.00 0.07 4.50 0.00 3.00 0.00 2.00 6.00 18.00 14.00 14.00 6.00 0.00 0.00 0.00 0.00 0.00
117.00 20.00 20.00 53.00 97.00 33.00 44.00 0.06 4.62 0.00 2.00 0.00 8.00 14.00 12.00 6.00 17.00 3.00 0.00 0.00 0.00 0.00 0.00
118.00 22.00 27.00 64.00 107.00 37.00 43.00 0.08 4.54 0.00 2.00 0.00 4.00 8.00 18.00 14.00 14.00 8.00 0.00 0.00 0.00 0.00 0.00
119.00 23.00 23.00 56.00 112.00 33.00 56.00 0.08 4.22 0.00 1.00 0.00 8.00 12.00 15.00 11.00 16.00 7.00 0.00 0.00 0.00 0.00 0.00
120.00 15.00 13.00 36.00 75.00 23.00 39.00 0.07 4.72 0.00 2.00 0.00 5.00 12.00 10.00 3.00 13.00 2.00 0.00 0.00 0.00 0.00 0.00
121.00 19.00 23.00 53.00 90.00 30.00 37.00 0.08 4.63 0.00 1.00 0.00 5.00 8.00 14.00 11.00 13.00 6.00 0.00 0.00 0.00 0.00 0.00
122.00 22.00 29.00 62.00 115.00 33.00 53.00 0.08 4.60 0.00 2.00 0.00 2.00 10.00 20.00 12.00 14.00 8.00 0.00 0.00 0.00 0.00 0.00
123.00 26.00 25.00 67.00 128.00 42.00 61.00 0.08 4.94 0.00 2.00 0.00 6.00 11.00 20.00 15.00 16.00 10.00 0.00 0.00 0.00 0.00 0.00
124.00 20.00 23.00 51.00 93.00 28.00 42.00 0.08 4.49 0.00 2.00 0.00 5.00 11.00 15.00 9.00 15.00 5.00 0.00 0.00 0.00 0.00 0.00
125.00 23.00 24.00 64.00 110.00 40.00 46.00 0.10 4.73 0.00 1.00 0.00 10.00 14.00 13.00 9.00 18.00 5.00 0.00 0.00 0.00 0.00 0.00
126.00 8.00 6.00 17.00 41.00 11.00 24.00 0.08 4.10 0.00 0.00 0.00 1.00 2.00 7.00 6.00 2.00 6.00 0.00 0.00 0.00 0.00 0.00
127.00 22.00 22.00 48.00 108.00 26.00 60.00 0.09 4.62 0.00 1.00 0.00 9.00 12.00 13.00 10.00 15.00 7.00 0.00 0.00 0.00 0.00 0.00
128.00 18.00 21.00 48.00 91.00 27.00 43.00 0.09 4.58 0.00 2.00 0.00 4.00 9.00 14.00 9.00 13.00 5.00 0.00 0.00 0.00 0.00 0.00
129.00 21.00 20.00 57.00 104.00 37.00 47.00 0.07 5.06 0.00 2.00 0.00 8.00 10.00 13.00 11.00 12.00 9.00 0.00 0.00 0.00 0.00 0.00
130.00 21.00 22.00 57.00 106.00 35.00 49.00 0.06 4.53 0.00 2.00 0.00 5.00 9.00 16.00 12.00 13.00 8.00 0.00 0.00 0.00 0.00 0.00
131.00 22.00 22.00 64.00 108.00 42.00 44.00 0.07 4.77 0.00 2.00 0.00 5.00 10.00 17.00 12.00 14.00 8.00 0.00 0.00 0.00 0.00 0.00
132.00 24.00 29.00 70.00 121.00 41.00 51.00 0.08 5.05 0.00 2.00 0.00 6.00 12.00 18.00 12.00 15.00 9.00 0.00 0.00 0.00 0.00 0.00
133.00 27.00 30.00 75.00 135.00 45.00 60.00 0.08 4.73 0.00 3.00 0.00 6.00 11.00 21.00 16.00 17.00 10.00 0.00 0.00 0.00 0.00 0.00
134.00 21.00 24.00 58.00 102.00 34.00 44.00 0.07 4.92 0.00 2.00 0.00 5.00 10.00 16.00 11.00 14.00 7.00 0.00 0.00 0.00 0.00 0.00
135.00 22.00 22.00 62.00 112.00 40.00 50.00 0.08 4.94 0.00 2.00 0.00 3.00 9.00 19.00 13.00 14.00 8.00 0.00 0.00 1.00 0.00 0.00
136.00 24.00 31.00 65.00 122.00 34.00 57.00 0.07 4.87 0.00 1.00 0.00 7.00 13.00 17.00 11.00 18.00 6.00 0.00 0.00 1.00 0.00 0.00
137.00 22.00 24.00 58.00 112.00 34.00 54.00 0.08 4.71 0.00 2.00 0.00 4.00 10.00 18.00 12.00 11.00 11.00 0.00 0.00 0.00 0.00 0.00
138.00 23.00 26.00 57.00 108.00 31.00 51.00 0.08 4.79 0.00 2.00 0.00 6.00 10.00 17.00 13.00 15.00 8.00 0.00 0.00 0.00 0.00 0.00
139.00 9.00 3.00 10.00 36.00 7.00 26.00 0.09 5.30 0.00 0.00 0.00 3.00 5.00 6.00 4.00 7.00 2.00 0.00 0.00 0.00 0.00 0.00
140.00 16.00 20.00 45.00 73.00 25.00 28.00 0.09 4.90 0.00 2.00 0.00 8.00 10.00 8.00 6.00 12.00 4.00 0.00 0.00 0.00 0.00 0.00
141.00 14.00 13.00 35.00 69.00 22.00 34.00 0.08 3.66 0.00 0.00 0.00 4.00 8.00 10.00 6.00 9.00 5.00 0.00 0.00 1.00 0.00 0.00
142.00 16.00 15.00 40.00 81.00 25.00 41.00 0.07 4.89 0.00 3.00 0.00 2.00 8.00 14.00 8.00 12.00 4.00 0.00 0.00 0.00 0.00 0.00
143.00 14.00 11.00 33.00 67.00 22.00 34.00 0.08 5.08 0.00 3.00 0.00 3.00 6.00 11.00 8.00 8.00 6.00 0.00 0.00 0.00 0.00 0.00
144.00 16.00 11.00 34.00 69.00 23.00 35.00 0.08 4.58 0.00 2.00 0.00 6.00 10.00 10.00 6.00 12.00 4.00 0.00 0.00 0.00 0.00 0.00
145.00 9.00 6.00 16.00 41.00 10.00 25.00 0.10 3.73 0.00 0.00 0.00 3.00 6.00 6.00 3.00 9.00 0.00 0.00 0.00 1.00 0.00 0.00
146.00 17.00 11.00 36.00 82.00 25.00 46.00 0.08 4.60 0.00 0.00 0.00 3.00 9.00 14.00 8.00 12.00 5.00 0.00 0.00 0.00 0.00 0.00
147.00 19.00 23.00 50.00 97.00 27.00 47.00 0.09 4.67 0.00 1.00 0.00 2.00 10.00 17.00 9.00 12.00 7.00 0.00 0.00 1.00 0.00 0.00
148.00 20.00 24.00 52.00 101.00 28.00 49.00 0.09 4.66 0.00 0.00 0.00 3.00 4.00 17.00 16.00 11.00 9.00 0.00 0.00 1.00 0.00 0.00
149.00 10.00 5.00 24.00 50.00 19.00 26.00 0.08 4.15 0.00 1.00 0.00 4.00 7.00 6.00 3.00 9.00 1.00 0.00 0.00 0.00 0.00 0.00
150.00 17.00 14.00 43.00 82.00 29.00 39.00 0.10 4.82 0.00 0.00 0.00 4.00 7.00 13.00 10.00 12.00 5.00 0.00 0.00 0.00 0.00 0.00
151.00 15.00 12.00 35.00 72.00 23.00 37.00 0.07 4.33 0.00 1.00 0.00 3.00 5.00 12.00 10.00 12.00 3.00 0.00 0.00 0.00 0.00 0.00
152.00 21.00 14.00 44.00 99.00 30.00 55.00 0.10 4.77 0.00 2.00 0.00 7.00 14.00 14.00 7.00 16.00 5.00 0.00 0.00 0.00 1.00 0.00
153.00 14.00 14.00 34.00 70.00 20.00 36.00 0.07 4.56 0.00 1.00 0.00 3.00 5.00 11.00 9.00 9.00 5.00 0.00 0.00 0.00 0.00 0.00
154.00 13.00 8.00 25.00 60.00 17.00 35.00 0.08 4.61 0.00 2.00 0.00 3.00 7.00 10.00 6.00 11.00 2.00 0.00 0.00 0.00 0.00 0.00
155.00 21.00 23.00 56.00 99.00 33.00 43.00 0.08 4.75 0.00 1.00 0.00 6.00 9.00 15.00 12.00 16.00 5.00 0.00 0.00 0.00 0.00 0.00
156.00 20.00 17.00 45.00 96.00 28.00 51.00 0.08 4.62 0.00 0.00 0.00 4.00 11.00 16.00 9.00 13.00 7.00 0.00 0.00 0.00 0.00 0.00
157.00 17.00 22.00 43.00 84.00 21.00 41.00 0.08 5.05 0.00 1.00 0.00 1.00 9.00 16.00 8.00 12.00 5.00 0.00 0.00 0.00 1.00 0.00
158.00 22.00 22.00 54.00 107.00 32.00 53.00 0.09 4.56 0.00 1.00 0.00 6.00 11.00 16.00 11.00 16.00 6.00 0.00 0.00 0.00 0.00 0.00
159.00 15.00 13.00 38.00 80.00 25.00 42.00 0.08 4.63 0.00 1.00 0.00 4.00 9.00 11.00 6.00 10.00 5.00 0.00 0.00 0.00 0.00 0.00
160.00 20.00 22.00 53.00 92.00 31.00 39.00 0.09 4.16 0.00 1.00 0.00 4.00 10.00 16.00 10.00 13.00 7.00 0.00 0.00 1.00 0.00 0.00
161.00 14.00 13.00 35.00 66.00 22.00 31.00 0.09 2.59 0.00 1.00 0.00 4.00 8.00 10.00 6.00 10.00 4.00 0.00 0.00 1.00 0.00 0.00
162.00 17.00 18.00 47.00 83.00 29.00 36.00 0.08 3.69 0.00 1.00 0.00 5.00 7.00 12.00 10.00 9.00 8.00 0.00 0.00 0.00 0.00 0.00
163.00 17.00 19.00 47.00 84.00 28.00 37.00 0.08 3.14 0.00 1.00 0.00 5.00 7.00 12.00 10.00 13.00 4.00 0.00 0.00 0.00 0.00 0.00
164.00 15.00 13.00 35.00 72.00 22.00 37.00 0.09 4.92 0.00 0.00 0.00 4.00 9.00 11.00 6.00 9.00 6.00 0.00 0.00 0.00 0.00 0.00
165.00 16.00 16.00 43.00 84.00 27.00 41.00 0.08 3.86 0.00 0.00 0.00 6.00 7.00 10.00 9.00 11.00 5.00 0.00 0.00 0.00 0.00 0.00
166.00 14.00 11.00 32.00 62.00 21.00 30.00 0.07 4.46 0.00 0.00 0.00 8.00 10.00 6.00 4.00 10.00 4.00 0.00 0.00 0.00 0.00 0.00
167.00 16.00 16.00 42.00 82.00 26.00 40.00 0.09 5.01 0.00 0.00 0.00 4.00 10.00 12.00 6.00 16.00 0.00 0.00 0.00 0.00 0.00 0.00
168.00 14.00 11.00 29.00 64.00 18.00 35.00 0.09 4.27 0.00 1.00 0.00 6.00 10.00 8.00 4.00 12.00 2.00 0.00 0.00 0.00 0.00 0.00
169.00 10.00 1.00 15.00 44.00 14.00 29.00 0.07 4.46 0.00 0.00 0.00 5.00 7.00 5.00 3.00 9.00 1.00 0.00 0.00 0.00 0.00 0.00
170.00 16.00 15.00 35.00 71.00 20.00 36.00 0.09 4.76 0.00 0.00 0.00 2.00 6.00 14.00 10.00 9.00 7.00 0.00 0.00 0.00 0.00 0.00
171.00 14.00 8.00 30.00 60.00 22.00 30.00 0.08 4.96 0.00 0.00 0.00 3.00 6.00 11.00 8.00 9.00 5.00 0.00 0.00 0.00 0.00 0.00
172.00 13.00 12.00 27.00 65.00 15.00 38.00 0.09 4.45 0.00 0.00 0.00 4.00 7.00 9.00 6.00 10.00 3.00 0.00 0.00 0.00 0.00 0.00
173.00 12.00 10.00 27.00 56.00 17.00 29.00 0.08 4.57 0.00 1.00 0.00 4.00 8.00 8.00 4.00 9.00 3.00 0.00 0.00 0.00 0.00 0.00
174.00 9.00 0.00 3.00 39.00 3.00 36.00 0.09 4.88 0.00 0.00 0.00 5.00 8.00 4.00 1.00 8.00 1.00 0.00 0.00 0.00 0.00 0.00
175.00 8.00 4.00 14.00 39.00 10.00 25.00 0.09 5.08 0.00 0.00 0.00 1.00 5.00 7.00 3.00 8.00 0.00 0.00 0.00 0.00 0.00 0.00
176.00 7.00 2.00 10.00 31.00 8.00 21.00 0.08 5.13 0.00 0.00 0.00 3.00 5.00 4.00 2.00 6.00 1.00 0.00 0.00 0.00 0.00 0.00
177.00 8.00 0.00 9.00 32.00 9.00 23.00 0.09 4.92 0.00 0.00 0.00 4.00 7.00 4.00 1.00 7.00 1.00 0.00 0.00 0.00 0.00 0.00
178.00 16.00 13.00 34.00 71.00 21.00 37.00 0.09 4.37 0.00 1.00 0.00 5.00 12.00 11.00 4.00 13.00 3.00 0.00 0.00 0.00 0.00 0.00
179.00 9.00 1.00 6.00 29.00 5.00 23.00 0.09 4.46 0.00 0.00 0.00 3.00 6.00 6.00 3.00 9.00 0.00 0.00 0.00 0.00 0.00 0.00
180.00 4.00 1.00 5.00 16.00 4.00 11.00 0.07 5.40 0.00 1.00 0.00 1.00 3.00 3.00 1.00 4.00 0.00 0.00 0.00 0.00 0.00 0.00
181.00 8.00 4.00 15.00 36.00 11.00 21.00 0.08 4.74 0.00 1.00 0.00 3.00 6.00 5.00 2.00 7.00 1.00 0.00 0.00 0.00 0.00 0.00
182.00 5.00 1.00 7.00 20.00 6.00 13.00 0.09 4.74 0.00 1.00 0.00 2.00 5.00 3.00 0.00 5.00 0.00 0.00 0.00 0.00 0.00 0.00
183.00 11.00 7.00 21.00 50.00 14.00 29.00 0.09 4.60 0.00 1.00 0.00 4.00 8.00 7.00 3.00 9.00 2.00 0.00 0.00 0.00 0.00 0.00
184.00 8.00 5.00 15.00 36.00 10.00 21.00 0.10 5.20 0.00 0.00 0.00 4.00 6.00 4.00 2.00 7.00 1.00 0.00 0.00 0.00 0.00 0.00
185.00 5.00 0.00 6.00 20.00 6.00 14.00 0.08 3.24 0.00 0.00 0.00 4.00 4.00 1.00 1.00 4.00 1.00 0.00 0.00 0.00 0.00 0.00
186.00 4.00 0.00 3.00 11.00 3.00 8.00 0.07 3.97 0.00 0.00 0.00 2.00 4.00 2.00 0.00 4.00 0.00 0.00 0.00 0.00 0.00 0.00
187.00 3.00 0.00 0.00 2.00 0.00 2.00 0.08 0.14 0.00 0.00 0.00 2.00 3.00 1.00 0.00 3.00 0.00 0.00 0.00 0.00 0.00 0.00
188.00 2.00 0.00 0.00 5.00 0.00 5.00 0.07 0.10 0.00 0.00 0.00 2.00 2.00 0.00 0.00 2.00 0.00 0.00 0.00 0.00 0.00 0.00
