0.00 2.00 0.00 0.00 1.00 0.00 1.00 0.09 0.11 0.00 0.00 0.00 2.00 2.00 0.00 0.00 2.00 0.00 0.00 0.00 0.00 0.00 0.00
1.00 6.00 3.00 11.00 24.00 8.00 13.00 0.06 4.49 0.00 0.00 0.00 2.00 2.00 4.00 4.00 4.00 2.00 0.00 0.00 0.00 0.00 0.00
2.00 9.00 4.00 20.00 41.00 16.00 21.00 0.07 5.10 0.00 0.00 0.00 4.00 7.00 5.00 2.00 8.00 1.00 0.00 0.00 0.00 0.00 0.00
3.00 5.00 1.00 3.00 14.00 2.00 11.00 0.07 3.48 0.00 0.00 0.00 3.00 4.00 2.00 1.00 5.00 0.00 0.00 0.00 0.00 0.00 0.00
4.00 10.00 5.00 19.00 44.00 14.00 25.00 0.06 4.93 0.00 0.00 0.00 2.00 3.00 8.00 7.00 7.00 3.00 0.00 0.00 0.00 0.00 0.00
5.00 9.00 6.00 16.00 39.00 10.00 23.00 0.08 5.25 0.00 0.00 0.00 4.00 5.00 5.00 4.00 7.00 2.00 0.00 0.00 0.00 0.00 0.00
6.00 9.00 1.00 6.00 32.00 5.00 26.00 0.07 4.78 0.00 0.00 0.00 1.00 7.00 8.00 2.00 8.00 1.00 0.00 0.00 0.00 0.00 0.00
7.00 10.00 7.00 19.00 46.00 12.00 27.00 0.07 4.85 0.00 0.00 0.00 3.00 5.00 7.00 5.00 8.00 2.00 0.00 0.00 0.00 0.00 0.00
8.00 6.00 0.00 4.00 19.00 4.00 15.00 0.09 2.86 0.00 0.00 0.00 4.00 4.00 2.00 2.00 6.00 0.00 0.00 0.00 0.00 0.00 0.00
9.00 11.00 6.00 20.00 53.00 14.00 33.00 0.08 4.47 0.00 0.00 0.00 4.00 7.00 7.00 4.00 11.00 0.00 0.00 0.00 0.00 0.00 0.00
10.00 10.00 7.00 21.00 46.00 14.00 25.00 0.08 4.70 0.00 0.00 0.00 2.00 4.00 8.00 6.00 6.00 4.00 0.00 0.00 0.00 0.00 0.00
11.00 15.00 15.00 34.00 69.00 19.00 35.00 0.08 4.82 0.00 1.00 0.00 6.00 10.00 9.00 5.00 11.00 4.00 0.00 0.00 0.00 0.00 0.00
12.00 17.00 14.00 41.00 78.00 27.00 37.00 0.09 4.83 0.00 1.00 0.00 5.00 7.00 12.00 10.00 10.00 7.00 0.00 0.00 0.00 0.00 0.00
13.00 11.00 10.00 26.00 56.00 16.00 30.00 0.09 4.24 0.00 1.00 0.00 3.00 3.00 8.00 8.00 5.00 6.00 0.00 0.00 0.00 0.00 0.00
14.00 14.00 13.00 30.00 72.00 17.00 42.00 0.09 4.69 0.00 1.00 0.00 4.00 5.00 10.00 9.00 9.00 5.00 0.00 0.00 0.00 0.00 0.00
15.00 11.00 2.00 19.00 52.00 17.00 33.00 0.08 4.50 0.00 1.00 0.00 5.00 6.00 6.00 5.00 9.00 2.00 0.00 0.00 0.00 0.00 0.00
16.00 13.00 13.00 35.00 62.00 22.00 27.00 0.08 4.76 0.00 1.00 0.00 2.00 5.00 11.00 8.00 8.00 5.00 0.00 0.00 1.00 0.00 0.00
17.00 15.00 6.00 28.00 67.00 22.00 39.00 0.09 4.88 0.00 2.00 0.00 5.00 9.00 10.00 6.00 13.00 2.00 0.00 0.00 0.00 0.00 0.00
18.00 16.00 16.00 39.00 77.00 23.00 38.00 0.10 4.67 0.00 0.00 0.00 3.00 5.00 13.00 11.00 9.00 7.00 0.00 0.00 0.00 0.00 0.00
19.00 18.00 22.00 48.00 86.00 26.00 38.00 0.08 4.63 0.00 0.00 0.00 6.00 9.00 12.00 9.00 15.00 3.00 0.00 0.00 0.00 0.00 0.00
20.00 14.00 8.00 23.00 56.00 15.00 33.00 0.07 4.59 0.00 2.00 0.00 4.00 8.00 10.00 6.00 8.00 6.00 0.00 0.00 0.00 0.00 0.00
21.00 15.00 11.00 33.00 69.00 22.00 36.00 0.09 5.07 0.00 0.00 0.00 5.00 10.00 10.00 5.00 12.00 3.00 0.00 0.00 0.00 0.00 0.00
22.00 13.00 5.00 22.00 62.00 17.00 40.00 0.09 4.70 0.00 1.00 0.00 2.00 7.00 11.00 6.00 7.00 6.00 0.00 0.00 0.00 0.00 0.00
23.00 10.00 8.00 21.00 43.00 13.00 22.00 0.08 4.83 0.00 1.00 0.00 2.00 4.00 8.00 6.00 7.00 3.00 0.00 0.00 0.00 0.00 0.00
24.00 17.00 20.00 40.00 81.00 20.00 41.00 0.08 4.32 0.00 2.00 0.00 7.00 10.00 10.00 7.00 16.00 1.00 0.00 0.00 1.00 0.00 0.00
25.00 12.00 11.00 28.00 57.00 17.00 29.00 0.08 5.26 0.00 0.00 0.00 6.00 9.00 6.00 3.00 10.00 2.00 0.00 0.00 0.00 0.00 0.00
26.00 15.00 13.00 40.00 77.00 27.00 37.00 0.08 3.23 1.00 0.00 0.00 5.00 11.00 10.00 4.00 14.00 1.00 0.00 0.00 0.00 0.00 0.00
27.00 13.00 8.00 27.00 59.00 19.00 32.00 0.08 2.57 0.00 0.00 0.00 4.00 6.00 9.00 7.00 9.00 4.00 0.00 0.00 0.00 0.00 0.00
28.00 21.00 21.00 54.00 105.00 33.00 51.00 0.08 4.56 0.00 0.00 0.00 7.00 13.00 14.00 8.00 17.00 4.00 0.00 0.00 1.00 0.00 0.00
29.00 20.00 24.00 51.00 99.00 27.00 48.00 0.09 3.74 0.00 1.00 0.00 9.00 10.00 11.00 10.00 13.00 7.00 0.00 0.00 0.00 0.00 0.00
30.00 18.00 22.00 46.00 90.00 24.00 44.00 0.08 4.71 0.00 2.00 0.00 5.00 9.00 13.00 9.00 13.00 5.00 0.00 0.00 0.00 0.00 0.00
31.00 18.00 22.00 47.00 84.00 25.00 37.00 0.08 3.03 0.00 2.00 0.00 6.00 10.00 12.00 8.00 10.00 8.00 0.00 0.00 0.00 0.00 0.00
32.00 19.00 17.00 47.00 99.00 30.00 52.00 0.10 4.92 0.00 2.00 0.00 8.00 12.00 11.00 7.00 16.00 3.00 0.00 0.00 0.00 0.00 0.00
33.00 19.00 18.00 49.00 90.00 31.00 41.00 0.08 3.44 0.00 2.00 0.00 7.00 10.00 12.00 9.00 13.00 6.00 0.00 0.00 0.00 0.00 0.00
34.00 20.00 20.00 50.00 96.00 30.00 46.00 0.09 4.59 0.00 2.00 0.00 2.00 7.00 18.00 13.00 12.00 8.00 0.00 0.00 0.00 0.00 0.00
35.00 22.00 19.00 58.00 103.00 39.00 45.00 0.07 4.81 0.00 1.00 0.00 7.00 10.00 15.00 12.00 16.00 6.00 0.00 0.00 0.00 0.00 0.00
36.00 20.00 27.00 55.00 93.00 28.00 38.00 0.08 4.63 0.00 1.00 0.00 5.00 10.00 15.00 10.00 14.00 6.00 0.00 0.00 2.00 0.00 0.00
37.00 16.00 16.00 39.00 84.00 23.00 45.00 0.08 3.80 0.00 1.00 0.00 5.00 8.00 11.00 8.00 11.00 5.00 0.00 0.00 0.00 0.00 0.00
38.00 15.00 17.00 39.00 70.00 22.00 31.00 0.08 4.59 0.00 1.00 0.00 0.00 7.00 15.00 8.00 11.00 4.00 0.00 0.00 0.00 0.00 0.00
39.00 15.00 18.00 37.00 70.00 19.00 33.00 0.07 4.87 0.00 1.00 0.00 1.00 5.00 14.00 10.00 9.00 6.00 0.00 0.00 0.00 0.00 0.00
40.00 17.00 13.00 42.00 84.00 29.00 42.00 0.10 4.18 1.00 1.00 1.00 4.00 11.00 13.00 6.00 14.00 3.00 0.00 0.00 0.00 0.00 0.00
41.00 18.00 24.00 50.00 87.00 26.00 37.00 0.10 4.81 0.00 1.00 0.00 5.00 11.00 13.00 7.00 14.00 4.00 0.00 0.00 0.00 0.00 0.00
42.00 19.00 15.00 47.00 92.00 32.00 45.00 0.08 5.23 0.00 1.00 0.00 3.00 11.00 16.00 8.00 13.00 6.00 0.00 0.00 0.00 0.00 0.00
43.00 15.00 16.00 38.00 76.00 22.00 38.00 0.08 4.99 0.00 2.00 0.00 5.00 8.00 10.00 7.00 9.00 6.00 0.00 0.00 0.00 0.00 0.00
44.00 9.00 6.00 17.00 41.00 11.00 24.00 0.08 3.44 0.00 1.00 0.00 4.00 6.00 5.00 3.00 8.00 1.00 0.00 0.00 0.00 0.00 0.00
45.00 20.00 23.00 52.00 97.00 29.00 45.00 0.09 4.98 0.00 2.00 0.00 7.00 9.00 13.00 11.00 13.00 7.00 0.00 0.00 0.00 0.00 0.00
46.00 18.00 18.00 48.00 91.00 30.00 43.00 0.09 5.30 0.00 2.00 0.00 4.00 8.00 14.00 10.00 12.00 6.00 0.00 0.00 0.00 0.00 0.00
47.00 21.00 32.00 61.00 106.00 29.00 45.00 0.07 5.17 0.00 1.00 0.00 5.00 12.00 16.00 9.00 14.00 7.00 0.00 0.00 0.00 0.00 0.00
48.00 19.00 28.00 51.00 93.00 23.00 42.00 0.08 4.75 0.00 3.00 0.00 5.00 9.00 14.00 10.00 13.00 6.00 0.00 0.00 0.00 0.00 0.00
49.00 21.00 29.00 54.00 99.00 25.00 45.00 0.08 4.92 0.00 2.00 0.00 8.00 10.00 13.00 11.00 15.00 6.00 0.00 0.00 0.00 0.00 0.00
50.00 19.00 22.00 50.00 96.00 28.00 46.00 0.08 4.80 0.00 2.00 0.00 2.00 5.00 17.00 14.00 11.00 8.00 0.00 0.00 0.00 0.00 0.00
51.00 18.00 23.00 49.00 91.00 26.00 42.00 0.08 4.91 0.00 1.00 0.00 5.00 13.00 13.00 5.00 15.00 3.00 0.00 0.00 0.00 0.00 0.00
52.00 19.00 19.00 56.00 95.00 37.00 39.00 0.09 4.81 0.00 1.00 0.00 3.00 5.00 16.00 14.00 8.00 11.00 0.00 0.00 2.00 0.00 0.00
53.00 26.00 25.00 62.00 127.00 37.00 65.00 0.09 4.19 0.00 1.00 0.00 7.00 11.00 19.00 15.00 15.00 11.00 0.00 0.00 0.00 0.00 0.00
54.00 23.00 32.00 61.00 116.00 29.00 55.00 0.08 4.84 0.00 1.00 0.00 6.00 11.00 17.00 12.00 12.00 11.00 0.00 0.00 1.00 0.00 0.00
55.00 19.00 23.00 52.00 95.00 29.00 43.00 0.07 5.00 0.00 2.00 0.00 7.00 11.00 12.00 8.00 15.00 4.00 0.00 0.00 0.00 0.00 0.00
56.00 26.00 38.00 71.00 118.00 33.00 47.00 0.08 4.96 0.00 2.00 0.00 6.00 10.00 20.00 16.00 14.00 12.00 0.00 0.00 0.00 0.00 0.00
57.00 19.00 22.00 46.00 87.00 24.00 41.00 0.08 5.11 0.00 2.00 0.00 3.00 10.00 16.00 9.00 12.00 7.00 0.00 0.00 1.00 0.00 0.00
58.00 21.00 24.00 56.00 105.00 32.00 49.00 0.08 4.97 0.00 2.00 0.00 7.00 9.00 14.00 12.00 13.00 8.00 0.00 0.00 0.00 0.00 0.00
59.00 17.00 20.00 46.00 83.00 26.00 37.00 0.08 4.81 0.00 2.00 0.00 7.00 10.00 10.00 7.00 12.00 5.00 0.00 0.00 0.00 0.00 0.00
60.00 21.00 25.00 55.00 108.00 30.00 53.00 0.09 4.95 0.00 2.00 0.00 4.00 9.00 17.00 12.00 14.00 7.00 0.00 0.00 0.00 0.00 0.00
61.00 18.00 20.00 45.00 85.00 25.00 40.00 0.09 4.42 0.00 1.00 0.00 6.00 11.00 12.00 7.00 16.00 2.00 0.00 0.00 0.00 0.00 0.00
62.00 21.00 22.00 54.00 105.00 32.00 51.00 0.09 5.18 0.00 2.00 0.00 4.00 12.00 17.00 9.00 12.00 9.00 0.00 0.00 0.00 0.00 0.00
63.00 21.00 27.00 60.00 108.00 33.00 48.00 0.08 4.91 0.00 2.00 0.00 5.00 11.00 16.00 10.00 17.00 4.00 0.00 0.00 0.00 0.00 0.00
64.00 23.00 26.00 61.00 113.00 35.00 52.00 0.10 4.74 1.00 2.00 0.50 3.00 12.00 20.00 11.00 15.00 8.00 0.00 0.00 0.00 0.00 0.00
65.00 15.00 11.00 30.00 66.00 19.00 36.00 0.07 4.51 0.00 2.00 0.00 4.00 4.00 11.00 11.00 9.00 6.00 0.00 0.00 0.00 1.00 0.00
66.00 21.00 16.00 58.00 106.00 42.00 48.00 0.09 5.16 0.00 2.00 0.00 5.00 10.00 16.00 11.00 13.00 8.00 0.00 0.00 0.00 0.00 0.00
67.00 21.00 18.00 58.00 105.00 40.00 47.00 0.08 5.12 0.00 1.00 0.00 2.00 9.00 19.00 12.00 13.00 8.00 0.00 0.00 0.00 0.00 0.00
68.00 23.00 28.00 60.00 106.00 32.00 46.00 0.10 5.03 0.00 2.00 0.00 5.00 8.00 18.00 15.00 11.00 12.00 0.00 0.00 0.00 0.00 0.00
69.00 18.00 25.00 51.00 88.00 26.00 37.00 0.08 5.13 0.00 3.00 0.00 4.00 5.00 14.00 13.00 6.00 12.00 0.00 0.00 1.00 0.00 0.00
70.00 18.00 23.00 52.00 86.00 29.00 34.00 0.09 5.05 0.00 2.00 0.00 1.00 11.00 17.00 7.00 15.00 3.00 0.00 0.00 0.00 0.00 0.00
71.00 21.00 19.00 49.00 94.00 30.00 45.00 0.08 5.15 0.00 2.00 0.00 5.00 12.00 16.00 9.00 17.00 4.00 0.00 0.00 1.00 0.00 0.00
72.00 24.00 35.00 72.00 121.00 37.00 49.00 0.10 5.12 0.00 2.00 0.00 4.00 7.00 20.00 17.00 12.00 12.00 0.00 0.00 1.00 0.00 0.00
73.00 22.00 26.00 58.00 112.00 32.00 54.00 0.09 4.81 0.00 3.00 0.00 6.00 13.00 16.00 9.00 14.00 8.00 0.00 0.00 0.00 0.00 0.00
74.00 22.00 25.00 57.00 110.00 32.00 53.00 0.10 5.08 0.00 2.00 0.00 7.00 15.00 15.00 7.00 18.00 4.00 0.00 0.00 0.00 0.00 0.00
75.00 15.00 7.00 37.00 75.00 30.00 38.00 0.08 4.92 0.00 2.00 0.00 1.00 6.00 14.00 9.00 9.00 6.00 0.00 0.00 0.00 0.00 0.00
76.00 17.00 18.00 43.00 85.00 25.00 42.00 0.07 4.98 0.00 2.00 0.00 4.00 8.00 13.00 9.00 11.00 6.00 0.00 0.00 0.00 0.00 0.00
77.00 17.00 16.00 42.00 84.00 26.00 42.00 0.08 4.54 0.00 2.00 0.00 3.00 9.00 14.00 8.00 14.00 3.00 0.00 0.00 0.00 0.00 0.00
78.00 16.00 14.00 36.00 71.00 22.00 35.00 0.09 3.91 0.00 4.00 0.00 8.00 8.00 8.00 8.00 12.00 4.00 0.00 0.00 0.00 0.00 0.00
79.00 16.00 15.00 42.00 77.00 27.00 35.00 0.08 4.33 0.00 4.00 0.00 3.00 6.00 13.00 10.00 11.00 5.00 0.00 0.00 0.00 0.00 0.00
80.00 17.00 20.00 41.00 79.00 21.00 38.00 0.10 3.79 0.00 3.00 0.00 2.00 3.00 15.00 14.00 10.00 7.00 0.00 0.00 0.00 0.00 0.00
81.00 18.00 22.00 49.00 85.00 27.00 36.00 0.07 4.39 0.00 2.00 0.00 5.00 8.00 13.00 10.00 13.00 5.00 0.00 0.00 0.00 0.00 0.00
82.00 26.00 30.00 68.00 134.00 38.00 66.00 0.08 4.48 0.00 3.00 0.00 9.00 16.00 17.00 10.00 20.00 6.00 0.00 0.00 1.00 0.00 0.00
83.00 17.00 17.00 45.00 83.00 28.00 38.00 0.09 4.18 0.00 3.00 0.00 4.00 9.00 13.00 8.00 10.00 7.00 0.00 0.00 0.00 0.00 0.00
84.00 25.00 37.00 69.00 125.00 32.00 56.00 0.08 4.61 0.00 2.00 0.00 8.00 14.00 17.00 11.00 16.00 9.00 0.00 0.00 0.00 0.00 0.00
85.00 20.00 28.00 56.00 98.00 28.00 42.00 0.08 4.65 0.00 1.00 0.00 4.00 12.00 16.00 8.00 15.00 5.00 0.00 0.00 0.00 0.00 0.00
86.00 22.00 32.00 64.00 109.00 32.00 45.00 0.09 3.57 0.00 1.00 0.00 4.00 6.00 18.00 16.00 10.00 12.00 0.00 0.00 1.00 0.00 0.00
87.00 23.00 35.00 67.00 114.00 32.00 47.00 0.09 4.65 0.00 1.00 0.00 6.00 9.00 17.00 14.00 15.00 8.00 0.00 0.00 0.00 0.00 0.00
88.00 26.00 35.00 70.00 127.00 35.00 57.00 0.08 4.54 0.00 1.00 0.00 6.00 11.00 20.00 15.00 18.00 8.00 0.00 0.00 0.00 0.00 0.00
89.00 21.00 17.00 47.00 100.00 30.00 53.00 0.08 4.84 0.00 2.00 0.00 4.00 10.00 17.00 11.00 13.00 8.00 0.00 0.00 0.00 0.00 0.00
90.00 26.00 36.00 70.00 121.00 34.00 51.00 0.09 3.73 0.00 2.00 0.00 5.00 11.00 21.00 15.00 19.00 7.00 0.00 0.00 0.00 1.00 0.00
91.00 28.00 36.00 82.00 139.00 46.00 57.00 0.09 2.88 0.00 3.00 0.00 10.00 19.00 18.00 9.00 19.00 9.00 0.00 0.00 0.00 0.00 0.00
92.00 29.00 41.00 86.00 150.00 45.00 64.00 0.09 3.47 0.00 4.00 0.00 4.00 9.00 25.00 20.00 15.00 14.00 0.00 0.00 0.00 0.00 0.00
93.00 28.00 34.00 75.00 131.00 41.00 56.00 0.08 3.08 0.00 4.00 0.00 9.00 18.00 19.00 10.00 20.00 8.00 0.00 0.00 0.00 0.00 0.00
94.00 22.00 25.00 59.00 107.00 34.00 48.00 0.08 2.51 0.00 4.00 0.00 6.00 14.00 16.00 8.00 19.00 3.00 0.00 0.00 0.00 1.00 0.00
95.00 30.00 28.00 81.00 155.00 53.00 74.00 0.08 3.66 0.00 4.00 0.00 8.00 15.00 22.00 15.00 18.00 12.00 1.00 1.00 0.00 0.00 1.00
96.00 31.00 44.00 94.00 170.00 50.00 76.00 0.07 3.66 0.00 3.00 0.00 4.00 10.00 27.00 21.00 17.00 14.00 0.00 0.00 1.00 1.00 0.00
97.00 27.00 27.00 71.00 145.00 44.00 74.00 0.09 3.34 0.00 4.00 0.00 6.00 12.00 21.00 15.00 17.00 10.00 0.00 0.00 0.00 0.00 0.00
98.00 32.00 42.00 93.00 162.00 51.00 69.00 0.09 4.21 0.00 2.00 0.00 5.00 12.00 27.00 20.00 15.00 17.00 1.00 0.00 0.00 2.00 0.00
99.00 41.00 57.00 119.00 194.00 62.00 75.00 0.09 4.03 1.00 1.00 1.00 13.00 21.00 28.00 20.00 28.00 13.00 1.00 0.00 0.00 0.00 0.00
100.00 29.00 36.00 78.00 143.00 42.00 65.00 0.08 3.49 0.00 3.00 0.00 10.00 15.00 19.00 14.00 18.00 11.00 0.00 0.00 1.00 0.00 0.00
101.00 24.00 17.00 49.00 115.00 32.00 66.00 0.09 3.24 0.00 3.00 0.00 7.00 14.00 17.00 10.00 17.00 7.00 0.00 0.00 0.00 0.00 0.00
102.00 30.00 39.00 88.00 156.00 49.00 68.00 0.09 3.45 0.00 3.00 0.00 7.00 12.00 23.00 18.00 16.00 14.00 0.00 0.00 0.00 0.00 0.00
103.00 24.00 29.00 67.00 123.00 38.00 56.00 0.10 3.61 0.00 3.00 0.00 4.00 11.00 20.00 13.00 18.00 6.00 0.00 0.00 0.00 0.00 0.00
104.00 24.00 36.00 70.00 116.00 34.00 46.00 0.09 4.15 0.00 3.00 0.00 5.00 8.00 19.00 16.00 14.00 10.00 0.00 0.00 0.00 0.00 0.00
105.00 24.00 34.00 73.00 120.00 39.00 47.00 0.08 3.32 0.00 3.00 0.00 6.00 8.00 18.00 16.00 12.00 12.00 0.00 0.00 1.00 0.00 0.00
106.00 30.00 50.00 90.00 147.00 40.00 57.00 0.07 4.20 0.00 3.00 0.00 7.00 11.00 23.00 19.00 20.00 10.00 0.00 0.00 0.00 0.00 0.00
107.00 25.00 25.00 63.00 124.00 38.00 61.00 0.09 4.05 0.00 3.00 0.00 6.00 13.00 19.00 12.00 16.00 9.00 0.00 0.00 0.00 2.00 0.00
108.00 20.00 26.00 57.00 96.00 31.00 39.00 0.09 4.06 0.00 2.00 0.00 7.00 9.00 13.00 11.00 13.00 7.00 0.00 0.00 0.00 0.00 0.00
109.00 20.00 31.00 60.00 101.00 29.00 41.00 0.08 3.62 0.00 3.00 0.00 3.00 8.00 17.00 12.00 13.00 7.00 0.00 0.00 0.00 0.00 0.00
110.00 26.00 30.00 63.00 131.00 33.00 68.00 0.10 4.25 0.00 3.00 0.00 5.00 11.00 21.00 15.00 14.00 12.00 0.00 0.00 0.00 0.00 0.00
111.00 27.00 43.00 81.00 137.00 38.00 56.00 0.08 3.93 1.00 3.00 0.33 5.00 11.00 22.00 16.00 16.00 11.00 0.00 0.00 0.00 0.00 0.00
112.00 24.00 24.00 61.00 119.00 37.00 58.00 0.10 4.08 0.00 3.00 0.00 6.00 12.00 18.00 12.00 14.00 10.00 0.00 0.00 0.00 0.00 0.00
113.00 23.00 31.00 66.00 117.00 35.00 51.00 0.08 2.96 1.00 2.00 0.50 5.00 12.00 18.00 11.00 12.00 11.00 0.00 0.00 0.00 0.00 0.00
114.00 26.00 41.00 81.00 130.00 40.00 49.00 0.08 2.73 0.00 3.00 0.00 4.00 9.00 22.00 17.00 13.00 13.00 0.00 0.00 0.00 0.00 0.00
115.00 24.00 29.00 67.00 115.00 38.00 48.00 0.10 3.57 0.00 3.00 0.00 6.00 10.00 18.00 14.00 16.00 8.00 0.00 0.00 0.00 0.00 0.00
116.00 29.00 32.00 79.00 144.00 47.00 65.00 0.09 3.42 0.00 2.00 0.00 6.00 12.00 23.00 17.00 19.00 10.00 0.00 0.00 0.00 0.00 0.00
117.00 28.00 40.00 81.00 134.00 41.00 53.00 0.08 3.67 1.00 2.00 0.50 4.00 10.00 24.00 18.00 14.00 14.00 0.00 0.00 0.00 0.00 0.00
118.00 22.00 27.00 60.00 109.00 33.00 49.00 0.09 3.48 0.00 2.00 0.00 6.00 11.00 16.00 11.00 14.00 8.00 0.00 0.00 1.00 0.00 0.00
119.00 26.00 31.00 73.00 138.00 42.00 65.00 0.07 3.99 0.00 1.00 0.00 5.00 9.00 21.00 17.00 18.00 8.00 0.00 0.00 0.00 0.00 1.00
120.00 13.00 9.00 23.00 65.00 14.00 42.00 0.09 4.45 0.00 0.00 0.00 4.00 8.00 9.00 5.00 9.00 4.00 0.00 0.00 0.00 0.00 0.00
121.00 23.00 23.00 63.00 110.00 40.00 47.00 0.08 4.54 0.00 2.00 0.00 6.00 11.00 17.00 12.00 15.00 8.00 0.00 0.00 0.00 0.00 0.00
122.00 16.00 14.00 42.00 79.00 28.00 37.00 0.08 4.93 0.00 1.00 0.00 5.00 9.00 11.00 7.00 14.00 2.00 0.00 0.00 0.00 0.00 0.00
123.00 20.00 20.00 50.00 98.00 30.00 48.00 0.09 4.42 0.00 2.00 0.00 5.00 11.00 15.00 9.00 13.00 7.00 0.00 0.00 0.00 0.00 0.00
124.00 15.00 11.00 36.00 74.00 25.00 38.00 0.09 4.50 0.00 1.00 0.00 6.00 9.00 9.00 6.00 12.00 3.00 0.00 0.00 1.00 0.00 0.00
125.00 18.00 12.00 41.00 90.00 29.00 49.00 0.08 5.01 0.00 0.00 0.00 7.00 11.00 11.00 7.00 14.00 4.00 0.00 0.00 2.00 0.00 0.00
126.00 15.00 14.00 38.00 73.00 24.00 35.00 0.09 4.45 0.00 0.00 0.00 5.00 6.00 10.00 9.00 10.00 5.00 0.00 0.00 1.00 0.00 0.00
127.00 16.00 13.00 38.00 73.00 25.00 35.00 0.09 4.31 0.00 1.00 0.00 5.00 7.00 11.00 9.00 10.00 6.00 0.00 0.00 0.00 0.00 0.00
128.00 19.00 9.00 33.00 85.00 24.00 52.00 0.09 4.34 0.00 0.00 0.00 4.00 8.00 15.00 11.00 12.00 7.00 0.00 0.00 0.00 0.00 0.00
129.00 18.00 17.00 44.00 85.00 27.00 41.00 0.09 4.82 0.00 2.00 0.00 6.00 8.00 12.00 10.00 13.00 5.00 0.00 0.00 0.00 0.00 0.00
130.00 21.00 19.00 59.00 108.00 40.00 49.00 0.08 4.73 0.00 1.00 0.00 3.00 6.00 18.00 15.00 13.00 8.00 0.00 0.00 0.00 0.00 0.00
131.00 15.00 16.00 38.00 69.00 22.00 31.00 0.08 4.58 0.00 3.00 0.00 4.00 7.00 11.00 8.00 9.00 6.00 0.00 0.00 0.00 0.00 0.00
132.00 23.00 36.00 64.00 107.00 28.00 43.00 0.08 4.72 0.00 3.00 0.00 10.00 15.00 13.00 8.00 19.00 4.00 0.00 0.00 0.00 0.00 0.00
133.00 25.00 29.00 65.00 127.00 36.00 62.00 0.08 4.84 0.00 2.00 0.00 7.00 14.00 18.00 11.00 15.00 10.00 0.00 0.00 0.00 0.00 0.00
134.00 24.00 26.00 58.00 114.00 32.00 56.00 0.10 4.63 0.00 1.00 0.00 12.00 14.00 12.00 10.00 16.00 8.00 0.00 0.00 0.00 1.00 0.00
135.00 15.00 11.00 29.00 63.00 18.00 34.00 0.09 5.20 0.00 2.00 0.00 5.00 8.00 10.00 7.00 10.00 5.00 0.00 0.00 0.00 0.00 0.00
136.00 21.00 25.00 54.00 101.00 29.00 47.00 0.09 4.52 0.00 3.00 0.00 5.00 9.00 16.00 12.00 11.00 10.00 0.00 0.00 0.00 0.00 0.00
137.00 24.00 26.00 60.00 117.00 34.00 57.00 0.09 4.71 0.00 2.00 0.00 7.00 10.00 17.00 14.00 12.00 12.00 0.00 0.00 0.00 0.00 0.00
138.00 18.00 18.00 43.00 81.00 25.00 38.00 0.09 3.08 0.00 2.00 0.00 6.00 7.00 12.00 11.00 12.00 6.00 0.00 0.00 0.00 0.00 0.00
139.00 21.00 26.00 58.00 98.00 32.00 40.00 0.09 4.65 0.00 3.00 0.00 5.00 9.00 16.00 12.00 15.00 6.00 0.00 0.00 0.00 0.00 0.00
140.00 24.00 25.00 64.00 111.00 39.00 47.00 0.09 4.75 1.00 3.00 0.33 5.00 9.00 19.00 15.00 15.00 9.00 0.00 0.00 0.00 0.00 0.00
141.00 21.00 16.00 52.00 108.00 36.00 56.00 0.07 4.30 1.00 3.00 0.33 4.00 9.00 17.00 12.00 12.00 9.00 0.00 0.00 0.00 0.00 0.00
142.00 19.00 24.00 54.00 93.00 30.00 39.00 0.08 4.06 0.00 3.00 0.00 2.00 8.00 17.00 11.00 14.00 5.00 0.00 0.00 0.00 0.00 0.00
143.00 24.00 31.00 64.00 119.00 33.00 55.00 0.11 4.61 1.00 2.00 0.50 8.00 13.00 16.00 11.00 16.00 8.00 0.00 0.00 0.00 0.00 0.00
144.00 20.00 25.00 53.00 95.00 28.00 42.00 0.10 4.22 0.00 2.00 0.00 4.00 10.00 16.00 10.00 14.00 6.00 0.00 0.00 0.00 0.00 0.00
145.00 20.00 26.00 51.00 97.00 25.00 46.00 0.08 3.66 0.00 1.00 0.00 6.00 8.00 14.00 12.00 11.00 9.00 0.00 0.00 0.00 0.00 0.00
146.00 19.00 22.00 53.00 98.00 31.00 45.00 0.07 4.69 0.00 1.00 0.00 4.00 7.00 15.00 12.00 11.00 8.00 0.00 0.00 0.00 0.00 0.00
147.00 21.00 29.00 62.00 103.00 33.00 41.00 0.09 4.62 0.00 2.00 0.00 5.00 7.00 16.00 14.00 11.00 10.00 0.00 0.00 0.00 0.00 0.00
148.00 24.00 31.00 65.00 120.00 34.00 55.00 0.08 4.80 0.00 3.00 0.00 6.00 11.00 18.00 13.00 15.00 9.00 0.00 0.00 0.00 0.00 0.00
149.00 24.00 30.00 67.00 112.00 37.00 45.00 0.08 4.55 0.00 3.00 0.00 4.00 14.00 20.00 10.00 16.00 8.00 0.00 0.00 0.00 0.00 0.00
150.00 22.00 26.00 54.00 104.00 28.00 50.00 0.09 4.87 0.00 0.00 0.00 6.00 13.00 16.00 9.00 18.00 4.00 0.00 0.00 0.00 0.00 0.00
151.00 26.00 33.00 72.00 126.00 39.00 54.00 0.08 4.76 0.00 2.00 0.00 6.00 11.00 20.00 15.00 18.00 8.00 0.00 0.00 0.00 0.00 0.00
152.00 17.00 16.00 40.00 83.00 24.00 43.00 0.09 4.16 0.00 1.00 0.00 5.00 9.00 12.00 8.00 11.00 6.00 0.00 0.00 0.00 0.00 0.00
153.00 17.00 15.00 41.00 84.00 26.00 43.00 0.08 3.72 0.00 1.00 0.00 5.00 9.00 12.00 8.00 11.00 6.00 0.00 0.00 0.00 0.00 0.00
154.00 19.00 21.00 45.00 80.00 24.00 35.00 0.08 3.47 0.00 1.00 0.00 4.00 8.00 15.00 11.00 11.00 8.00 0.00 0.00 0.00 0.00 0.00
155.00 19.00 22.00 39.00 80.00 17.00 41.00 0.10 4.02 0.00 1.00 0.00 7.00 12.00 12.00 7.00 15.00 4.00 0.00 0.00 0.00 0.00 0.00
156.00 17.00 21.00 40.00 76.00 19.00 36.00 0.09 3.70 0.00 1.00 0.00 5.00 8.00 12.00 9.00 14.00 3.00 0.00 0.00 0.00 0.00 0.00
157.00 19.00 27.00 52.00 95.00 25.00 43.00 0.08 3.87 0.00 2.00 0.00 1.00 3.00 18.00 16.00 6.00 13.00 0.00 0.00 1.00 0.00 0.00
158.00 22.00 21.00 46.00 98.00 25.00 52.00 0.09 3.67 0.00 2.00 0.00 4.00 10.00 18.00 12.00 15.00 7.00 0.00 0.00 0.00 0.00 0.00
159.00 17.00 9.00 40.00 82.00 31.00 42.00 0.10 3.09 0.00 2.00 0.00 5.00 9.00 12.00 8.00 12.00 5.00 0.00 0.00 0.00 0.00 0.00
160.00 20.00 26.00 54.00 98.00 28.00 44.00 0.07 1.42 0.00 1.00 0.00 8.00 10.00 12.00 10.00 14.00 6.00 0.00 0.00 1.00 0.00 0.00
161.00 15.00 15.00 38.00 76.00 23.00 38.00 0.10 1.53 0.00 2.00 0.00 3.00 5.00 12.00 10.00 9.00 6.00 0.00 0.00 0.00 0.00 0.00
162.00 22.00 26.00 63.00 115.00 37.00 52.00 0.08 2.62 0.00 2.00 0.00 6.00 11.00 16.00 11.00 18.00 4.00 0.00 0.00 0.00 0.00 0.00
163.00 23.00 34.00 67.00 115.00 33.00 48.00 0.08 3.43 0.00 2.00 0.00 2.00 10.00 21.00 13.00 15.00 8.00 0.00 0.00 0.00 0.00 0.00
164.00 22.00 24.00 61.00 108.00 37.00 47.00 0.09 3.53 0.00 1.00 0.00 8.00 13.00 14.00 9.00 15.00 7.00 0.00 0.00 1.00 0.00 0.00
165.00 16.00 18.00 44.00 79.00 26.00 35.00 0.07 3.89 0.00 2.00 0.00 4.00 6.00 12.00 10.00 10.00 6.00 0.00 0.00 0.00 1.00 0.00
166.00 20.00 23.00 55.00 104.00 32.00 49.00 0.09 3.85 0.00 2.00 0.00 4.00 11.00 16.00 9.00 16.00 4.00 0.00 0.00 0.00 0.00 0.00
167.00 18.00 12.00 47.00 87.00 35.00 40.00 0.08 3.48 0.00 2.00 0.00 4.00 8.00 14.00 10.00 12.00 6.00 0.00 0.00 0.00 0.00 0.00
168.00 22.00 24.00 60.00 103.00 36.00 43.00 0.08 4.27 0.00 2.00 0.00 4.00 10.00 18.00 12.00 16.00 6.00 0.00 0.00 0.00 0.00 0.00
169.00 13.00 11.00 33.00 62.00 22.00 29.00 0.09 4.64 0.00 1.00 0.00 2.00 6.00 11.00 7.00 9.00 4.00 0.00 0.00 0.00 0.00 0.00
170.00 15.00 17.00 42.00 73.00 25.00 31.00 0.08 3.98 0.00 0.00 0.00 3.00 8.00 12.00 7.00 10.00 5.00 0.00 0.00 0.00 0.00 0.00
171.00 14.00 10.00 34.00 70.00 24.00 36.00 0.08 4.70 0.00 0.00 0.00 5.00 8.00 9.00 6.00 10.00 4.00 0.00 0.00 1.00 0.00 0.00
172.00 17.00 22.00 51.00 85.00 29.00 34.00 0.09 4.86 0.00 1.00 0.00 3.00 7.00 14.00 10.00 11.00 6.00 0.00 0.00 1.00 0.00 0.00
173.00 21.00 20.00 55.00 100.00 35.00 45.00 0.09 4.27 0.00 2.00 0.00 6.00 9.00 15.00 12.00 11.00 10.00 0.00 0.00 1.00 0.00 0.00
174.00 16.00 13.00 39.00 76.00 26.00 37.00 0.08 4.83 0.00 1.00 0.00 3.00 6.00 13.00 10.00 10.00 6.00 0.00 0.00 0.00 0.00 0.00
175.00 17.00 23.00 47.00 82.00 24.00 35.00 0.08 3.94 0.00 1.00 0.00 1.00 8.00 16.00 9.00 12.00 5.00 0.00 0.00 1.00 0.00 0.00
176.00 16.00 19.00 42.00 76.00 23.00 34.00 0.08 4.95 0.00 1.00 0.00 7.00 10.00 9.00 6.00 12.00 4.00 0.00 0.00 1.00 0.00 0.00
177.00 22.00 30.00 58.00 103.00 28.00 45.00 0.10 4.27 0.00 0.00 0.00 7.00 12.00 15.00 10.00 14.00 8.00 0.00 0.00 0.00 0.00 0.00
178.00 16.00 20.00 44.00 78.00 24.00 34.00 0.10 3.12 0.00 0.00 0.00 4.00 7.00 12.00 9.00 11.00 5.00 0.00 0.00 0.00 0.00 0.00
179.00 19.00 22.00 55.00 94.00 33.00 39.00 0.08 5.01 0.00 1.00 0.00 4.00 8.00 15.00 11.00 13.00 6.00 0.00 0.00 0.00 0.00 0.00
180.00 21.00 16.00 43.00 92.00 27.00 49.00 0.09 4.54 0.00 3.00 0.00 9.00 13.00 12.00 8.00 18.00 3.00 0.00 0.00 0.00 0.00 0.00
181.00 19.00 14.00 49.00 99.00 35.00 50.00 0.08 4.95 0.00 0.00 0.00 6.00 11.00 13.00 8.00 15.00 4.00 0.00 0.00 2.00 0.00 0.00
182.00 15.00 15.00 35.00 67.00 20.00 32.00 0.08 4.77 0.00 1.00 0.00 4.00 7.00 11.00 8.00 10.00 5.00 0.00 0.00 0.00 0.00 0.00
183.00 15.00 11.00 35.00 72.00 24.00 37.00 0.09 4.93 0.00 1.00 0.00 6.00 10.00 9.00 5.00 11.00 4.00 0.00 0.00 0.00 0.00 0.00
184.00 18.00 9.00 35.00 77.00 26.00 42.00 0.07 4.61 0.00 1.00 0.00 4.00 12.00 14.00 6.00 13.00 5.00 0.00 0.00 0.00 0.00 0.00
185.00 15.00 11.00 29.00 65.00 18.00 36.00 0.09 4.03 0.00 0.00 0.00 6.00 9.00 9.00 6.00 12.00 3.00 0.00 0.00 0.00 0.00 0.00
186.00 19.00 7.00 42.00 91.00 35.00 49.00 0.08 4.26 0.00 1.00 0.00 2.00 10.00 17.00 9.00 15.00 4.00 0.00 0.00 0.00 0.00 0.00
187.00 11.00 6.00 21.00 53.00 15.00 32.00 0.09 4.86 0.00 1.00 0.00 3.00 5.00 8.00 6.00 8.00 3.00 0.00 0.00 0.00 0.00 0.00
188.00 10.00 7.00 21.00 45.00 14.00 24.00 0.09 5.10 0.00 1.00 0.00 4.00 6.00 6.00 4.00 8.00 2.00 0.00 0.00 0.00 0.00 0.00
189.00 11.00 5.00 23.00 53.00 18.00 30.00 0.09 3.94 0.00 1.00 0.00 2.00 4.00 9.00 7.00 9.00 2.00 0.00 0.00 0.00 0.00 0.00
190.00 12.00 11.00 30.00 59.00 19.00 29.00 0.09 4.87 0.00 0.00 0.00 1.00 6.00 11.00 6.00 8.00 4.00 0.00 0.00 0.00 0.00 0.00
191.00 13.00 6.00 26.00 58.00 20.00 32.00 0.08 4.70 0.00 2.00 0.00 4.00 6.00 9.00 7.00 9.00 4.00 0.00 0.00 0.00 0.00 0.00
192.00 15.00 14.00 39.00 77.00 25.00 38.00 0.07 4.95 0.00 0.00 0.00 4.00 7.00 11.00 8.00 12.00 3.00 0.00 0.00 0.00 0.00 0.00
193.00 10.00 9.00 25.00 49.00 16.00 24.00 0.09 4.38 0.00 1.00 0.00 0.00 6.00 10.00 4.00 7.00 3.00 0.00 0.00 0.00 0.00 0.00
194.00 12.00 7.00 28.00 61.00 21.00 33.00 0.08 4.89 0.00 1.00 0.00 4.00 8.00 8.00 4.00 12.00 0.00 0.00 0.00 0.00 0.00 0.00
195.00 14.00 9.00 26.00 62.00 17.00 36.00 0.10 4.73 0.00 1.00 0.00 4.00 10.00 10.00 4.00 11.00 3.00 0.00 0.00 0.00 0.00 0.00
196.00 11.00 8.00 26.00 55.00 18.00 29.00 0.08 4.90 0.00 1.00 0.00 1.00 7.00 10.00 4.00 8.00 3.00 0.00 0.00 0.00 1.00 0.00
197.00 11.00 4.00 19.00 49.00 15.00 30.00 0.08 4.80 0.00 1.00 0.00 3.00 8.00 8.00 3.00 9.00 2.00 0.00 0.00 0.00 0.00 0.00
198.00 9.00 4.00 16.00 44.00 12.00 28.00 0.07 4.78 0.00 1.00 0.00 3.00 5.00 6.00 4.00 5.00 4.00 0.00 0.00 0.00 0.00 0.00
199.00 6.00 1.00 6.00 20.00 5.00 14.00 0.09 3.00 0.00 1.00 0.00 3.00 5.00 3.00 1.00 6.00 0.00 0.00 0.00 0.00 0.00 0.00
200.00 11.00 10.00 23.00 50.00 13.00 27.00 0.10 4.75 0.00 1.00 0.00 4.00 6.00 7.00 5.00 10.00 1.00 0.00 0.00 0.00 0.00 0.00
201.00 6.00 1.00 9.00 27.00 8.00 18.00 0.08 0.26 0.00 1.00 0.00 1.00 5.00 5.00 1.00 6.00 0.00 0.00 0.00 0.00 0.00 0.00
202.00 8.00 3.00 13.00 35.00 10.00 22.00 0.08 3.48 0.00 1.00 0.00 3.00 4.00 5.00 4.00 7.00 1.00 0.00 0.00 0.00 0.00 0.00
203.00 11.00 6.00 16.00 48.00 10.00 32.00 0.09 5.10 0.00 1.00 0.00 5.00 8.00 6.00 3.00 10.00 1.00 0.00 0.00 0.00 0.00 0.00
204.00 13.00 11.00 28.00 60.00 17.00 32.00 0.08 3.61 0.00 1.00 0.00 5.00 9.00 8.00 4.00 10.00 3.00 0.00 0.00 0.00 0.00 0.00
205.00 9.00 2.00 14.00 40.00 12.00 26.00 0.10 5.23 0.00 1.00 0.00 2.00 6.00 7.00 3.00 8.00 1.00 0.00 0.00 0.00 0.00 0.00
206.00 9.00 4.00 19.00 40.00 15.00 21.00 0.09 5.15 0.00 0.00 0.00 4.00 5.00 5.00 4.00 9.00 0.00 0.00 0.00 0.00 0.00 0.00
207.00 12.00 10.00 25.00 56.00 15.00 31.00 0.08 4.73 1.00 0.00 0.00 6.00 8.00 6.00 4.00 9.00 3.00 0.00 0.00 0.00 0.00 0.00
208.00 11.00 6.00 25.00 50.00 19.00 25.00 0.09 4.84 0.00 1.00 0.00 4.00 8.00 7.00 3.00 10.00 1.00 0.00 0.00 1.00 0.00 0.00
209.00 10.00 5.00 17.00 47.00 12.00 30.00 0.08 3.42 0.00 1.00 0.00 3.00 5.00 7.00 5.00 8.00 2.00 0.00 0.00 0.00 0.00 0.00
210.00 9.00 4.00 18.00 40.00 14.00 22.00 0.09 5.11 0.00 1.00 0.00 3.00 7.00 6.00 2.00 8.00 1.00 0.00 0.00 0.00 0.00 0.00
211.00 6.00 1.00 6.00 24.00 5.00 18.00 0.09 4.48 0.00 1.00 0.00 5.00 5.00 1.00 1.00 5.00 1.00 0.00 0.00 0.00 0.00 0.00
212.00 8.00 2.00 15.00 34.00 13.00 19.00 0.10 4.21 0.00 1.00 0.00 6.00 6.00 2.00 2.00 7.00 1.00 0.00 0.00 0.00 0.00 0.00
213.00 9.00 2.00 15.00 36.00 13.00 21.00 0.08 4.44 0.00 1.00 0.00 4.00 7.00 5.00 2.00 8.00 1.00 0.00 0.00 0.00 0.00 0.00
214.00 7.00 1.00 9.00 26.00 8.00 17.00 0.09 4.22 0.00 1.00 0.00 4.00 6.00 3.00 1.00 6.00 1.00 0.00 0.00 0.00 0.00 0.00
215.00 2.00 0.00 0.00 3.00 0.00 3.00 0.09 0.13 0.00 0.00 0.00 2.00 2.00 0.00 0.00 2.00 0.00 0.00 0.00 0.00 0.00 0.00
