0.00 2.00 0.00 0.00 1.00 0.00 1.00 0.09 0.23 0.00 0.00 0.00 2.00 2.00 0.00 0.00 2.00 0.00 0.00 0.00 0.00 0.00 0.00
1.00 5.00 1.00 6.00 20.00 5.00 14.00 0.09 3.47 0.00 0.00 0.00 1.00 2.00 4.00 3.00 5.00 0.00 0.00 0.00 0.00 0.00 0.00
2.00 5.00 2.00 8.00 19.00 6.00 11.00 0.08 4.85 0.00 0.00 0.00 2.00 3.00 3.00 2.00 5.00 0.00 0.00 0.00 0.00 0.00 0.00
3.00 3.00 0.00 2.00 8.00 2.00 6.00 0.11 4.39 0.00 0.00 0.00 2.00 3.00 1.00 0.00 3.00 0.00 0.00 0.00 0.00 0.00 0.00
4.00 5.00 1.00 4.00 19.00 3.00 15.00 0.07 3.00 0.00 0.00 0.00 2.00 3.00 3.00 2.00 5.00 0.00 0.00 0.00 0.00 1.00 0.00
5.00 6.00 0.00 6.00 23.00 6.00 17.00 0.08 4.06 0.00 0.00 0.00 1.00 3.00 5.00 3.00 6.00 0.00 0.00 0.00 0.00 0.00 0.00
6.00 8.00 6.00 17.00 36.00 11.00 19.00 0.08 5.12 0.00 0.00 0.00 4.00 6.00 4.00 2.00 7.00 1.00 0.00 0.00 0.00 0.00 0.00
7.00 10.00 6.00 19.00 44.00 13.00 25.00 0.09 5.00 0.00 0.00 0.00 5.00 6.00 5.00 4.00 8.00 2.00 0.00 0.00 0.00 0.00 0.00
8.00 9.00 4.00 15.00 37.00 11.00 22.00 0.08 4.53 0.00 0.00 0.00 5.00 7.00 4.00 2.00 8.00 1.00 0.00 0.00 0.00 0.00 0.00
9.00 10.00 5.00 18.00 44.00 13.00 26.00 0.08 5.10 0.00 0.00 0.00 3.00 5.00 7.00 5.00 8.00 2.00 0.00 0.00 0.00 0.00 0.00
10.00 10.00 7.00 17.00 38.00 10.00 21.00 0.08 5.14 0.00 0.00 0.00 3.00 4.00 7.00 6.00 8.00 2.00 0.00 0.00 0.00 0.00 0.00
11.00 11.00 8.00 24.00 51.00 16.00 27.00 0.07 4.80 0.00 0.00 0.00 5.00 6.00 6.00 5.00 8.00 3.00 0.00 0.00 0.00 0.00 0.00
12.00 8.00 6.00 16.00 37.00 10.00 21.00 0.10 4.73 0.00 0.00 0.00 3.00 3.00 5.00 5.00 5.00 3.00 0.00 0.00 0.00 0.00 0.00
13.00 5.00 0.00 5.00 16.00 5.00 11.00 0.08 4.70 0.00 0.00 0.00 1.00 4.00 4.00 1.00 5.00 0.00 0.00 0.00 0.00 0.00 0.00
14.00 9.00 4.00 12.00 44.00 8.00 32.00 0.09 4.96 0.00 0.00 0.00 3.00 4.00 6.00 5.00 6.00 3.00 0.00 0.00 0.00 0.00 0.00
15.00 3.00 0.00 0.00 10.00 0.00 10.00 0.08 0.28 0.00 0.00 0.00 2.00 3.00 1.00 0.00 3.00 0.00 0.00 0.00 0.00 0.00 0.00
16.00 9.00 2.00 16.00 42.00 14.00 26.00 0.09 4.90 0.00 0.00 0.00 4.00 7.00 5.00 2.00 8.00 1.00 0.00 0.00 0.00 0.00 0.00
17.00 8.00 4.00 14.00 38.00 10.00 24.00 0.08 4.75 0.00 0.00 0.00 3.00 5.00 5.00 3.00 6.00 2.00 0.00 0.00 0.00 0.00 0.00
18.00 10.00 8.00 22.00 50.00 14.00 28.00 0.10 4.95 0.00 0.00 0.00 2.00 4.00 8.00 6.00 8.00 2.00 0.00 0.00 0.00 0.00 0.00
19.00 11.00 8.00 21.00 54.00 13.00 33.00 0.09 4.85 0.00 0.00 0.00 4.00 6.00 7.00 5.00 8.00 3.00 0.00 0.00 0.00 0.00 0.00
20.00 11.00 8.00 21.00 48.00 13.00 27.00 0.08 4.69 0.00 0.00 0.00 5.00 7.00 6.00 4.00 9.00 2.00 0.00 0.00 0.00 0.00 0.00
21.00 7.00 2.00 13.00 29.00 11.00 16.00 0.08 4.47 0.00 0.00 0.00 4.00 5.00 3.00 2.00 7.00 0.00 0.00 0.00 0.00 0.00 0.00
22.00 6.00 1.00 8.00 25.00 7.00 17.00 0.09 4.74 0.00 0.00 0.00 3.00 5.00 3.00 1.00 6.00 0.00 0.00 0.00 0.00 0.00 0.00
23.00 9.00 4.00 17.00 40.00 13.00 23.00 0.08 0.28 0.00 0.00 0.00 4.00 6.00 5.00 3.00 7.00 2.00 0.00 0.00 0.00 0.00 0.00
24.00 14.00 9.00 25.00 63.00 16.00 38.00 0.08 2.55 0.00 0.00 0.00 5.00 7.00 9.00 7.00 12.00 2.00 0.00 0.00 0.00 0.00 0.00
25.00 11.00 10.00 28.00 53.00 18.00 25.00 0.07 0.29 0.00 0.00 0.00 4.00 7.00 7.00 4.00 8.00 3.00 0.00 0.00 0.00 0.00 0.00
26.00 15.00 9.00 24.00 70.00 15.00 46.00 0.08 1.74 0.00 0.00 0.00 7.00 8.00 8.00 7.00 11.00 4.00 0.00 0.00 0.00 0.00 0.00
27.00 9.00 3.00 14.00 42.00 11.00 28.00 0.08 0.60 0.00 1.00 0.00 4.00 6.00 5.00 3.00 8.00 1.00 0.00 0.00 0.00 0.00 0.00
28.00 7.00 0.00 7.00 29.00 7.00 22.00 0.10 2.73 0.00 1.00 0.00 1.00 3.00 6.00 4.00 4.00 3.00 0.00 0.00 0.00 0.00 0.00
29.00 12.00 11.00 28.00 60.00 17.00 32.00 0.08 3.02 0.00 1.00 0.00 3.00 7.00 9.00 5.00 8.00 4.00 0.00 0.00 0.00 0.00 0.00
30.00 21.00 19.00 49.00 94.00 30.00 45.00 0.10 2.68 0.00 1.00 0.00 5.00 9.00 16.00 12.00 15.00 6.00 0.00 0.00 0.00 0.00 0.00
31.00 15.00 12.00 35.00 73.00 23.00 38.00 0.08 2.60 0.00 0.00 0.00 5.00 11.00 10.00 4.00 12.00 3.00 0.00 0.00 0.00 0.00 0.00
32.00 16.00 12.00 37.00 74.00 25.00 37.00 0.09 2.30 0.00 1.00 0.00 4.00 9.00 12.00 7.00 13.00 3.00 0.00 0.00 0.00 0.00 0.00
33.00 11.00 7.00 27.00 58.00 20.00 31.00 0.08 3.97 0.00 1.00 0.00 3.00 4.00 8.00 7.00 8.00 3.00 0.00 0.00 0.00 0.00 0.00
34.00 9.00 0.00 10.00 39.00 10.00 29.00 0.09 2.05 0.00 0.00 0.00 5.00 7.00 4.00 2.00 8.00 1.00 0.00 0.00 0.00 0.00 0.00
35.00 15.00 16.00 39.00 77.00 23.00 38.00 0.09 3.31 0.00 0.00 0.00 4.00 7.00 11.00 8.00 10.00 5.00 0.00 0.00 0.00 0.00 0.00
36.00 19.00 16.00 48.00 95.00 32.00 47.00 0.08 3.36 0.00 0.00 0.00 4.00 10.00 15.00 9.00 13.00 6.00 0.00 0.00 0.00 0.00 0.00
37.00 17.00 15.00 39.00 84.00 24.00 45.00 0.08 3.57 0.00 1.00 0.00 4.00 7.00 13.00 10.00 12.00 5.00 0.00 0.00 0.00 0.00 0.00
38.00 18.00 18.00 49.00 82.00 31.00 33.00 0.08 2.91 0.00 1.00 0.00 5.00 10.00 13.00 8.00 10.00 8.00 0.00 0.00 0.00 0.00 0.00
39.00 20.00 18.00 46.00 88.00 28.00 42.00 0.08 1.58 0.00 0.00 0.00 3.00 12.00 17.00 8.00 12.00 8.00 0.00 0.00 1.00 0.00 0.00
40.00 22.00 22.00 54.00 107.00 32.00 53.00 0.07 2.60 0.00 2.00 0.00 6.00 12.00 16.00 10.00 15.00 7.00 0.00 0.00 1.00 0.00 0.00
41.00 22.00 24.00 58.00 107.00 34.00 49.00 0.09 2.57 0.00 0.00 0.00 6.00 11.00 16.00 11.00 15.00 7.00 0.00 0.00 0.00 0.00 0.00
42.00 16.00 17.00 39.00 81.00 22.00 42.00 0.09 2.52 0.00 0.00 0.00 3.00 8.00 13.00 8.00 11.00 5.00 0.00 0.00 1.00 0.00 0.00
43.00 7.00 4.00 13.00 34.00 9.00 21.00 0.09 0.23 0.00 0.00 0.00 3.00 4.00 4.00 3.00 6.00 1.00 0.00 0.00 0.00 0.00 0.00
44.00 18.00 16.00 41.00 80.00 25.00 39.00 0.10 3.00 0.00 0.00 0.00 6.00 11.00 12.00 7.00 14.00 4.00 0.00 0.00 0.00 0.00 0.00
45.00 19.00 16.00 46.00 88.00 30.00 42.00 0.07 2.36 0.00 1.00 0.00 7.00 11.00 12.00 8.00 15.00 4.00 0.00 0.00 0.00 0.00 0.00
46.00 19.00 21.00 51.00 93.00 30.00 42.00 0.09 2.95 0.00 1.00 0.00 3.00 7.00 16.00 12.00 13.00 6.00 0.00 0.00 0.00 0.00 0.00
47.00 19.00 20.00 48.00 95.00 28.00 47.00 0.09 2.82 0.00 0.00 0.00 6.00 11.00 13.00 8.00 14.00 5.00 0.00 0.00 0.00 0.00 0.00
48.00 14.00 7.00 27.00 66.00 20.00 39.00 0.08 3.83 0.00 1.00 0.00 6.00 9.00 8.00 5.00 13.00 1.00 0.00 0.00 1.00 0.00 0.00
49.00 13.00 10.00 32.00 64.00 22.00 32.00 0.09 0.49 0.00 0.00 0.00 4.00 7.00 9.00 6.00 9.00 4.00 0.00 0.00 0.00 0.00 0.00
50.00 18.00 22.00 46.00 87.00 24.00 41.00 0.07 3.58 0.00 2.00 0.00 6.00 9.00 12.00 9.00 15.00 3.00 0.00 0.00 0.00 0.00 0.00
51.00 18.00 27.00 53.00 88.00 26.00 35.00 0.07 2.23 0.00 1.00 0.00 4.00 9.00 14.00 9.00 13.00 5.00 0.00 0.00 1.00 0.00 0.00
52.00 25.00 34.00 68.00 117.00 34.00 49.00 0.07 4.04 0.00 1.00 0.00 4.00 13.00 21.00 12.00 19.00 6.00 0.00 0.00 1.00 0.00 0.00
53.00 24.00 25.00 60.00 108.00 35.00 48.00 0.08 2.03 0.00 1.00 0.00 6.00 9.00 18.00 15.00 14.00 10.00 0.00 0.00 1.00 0.00 0.00
54.00 24.00 29.00 59.00 110.00 30.00 51.00 0.10 3.87 0.00 1.00 0.00 3.00 10.00 21.00 14.00 14.00 10.00 0.00 0.00 0.00 0.00 0.00
55.00 18.00 18.00 44.00 86.00 26.00 42.00 0.08 3.09 0.00 2.00 0.00 4.00 13.00 14.00 5.00 15.00 3.00 0.00 0.00 0.00 0.00 0.00
56.00 25.00 27.00 65.00 122.00 38.00 57.00 0.07 4.43 0.00 2.00 0.00 8.00 13.00 17.00 12.00 18.00 7.00 0.00 0.00 0.00 0.00 0.00
57.00 22.00 26.00 59.00 111.00 33.00 52.00 0.09 4.41 0.00 4.00 0.00 10.00 13.00 12.00 9.00 15.00 7.00 0.00 0.00 0.00 0.00 0.00
58.00 27.00 39.00 80.00 135.00 41.00 55.00 0.08 4.45 0.00 3.00 0.00 7.00 12.00 20.00 15.00 12.00 15.00 0.00 0.00 0.00 0.00 0.00
59.00 29.00 44.00 81.00 143.00 37.00 62.00 0.09 4.03 0.00 3.00 0.00 10.00 13.00 19.00 16.00 19.00 10.00 0.00 0.00 0.00 0.00 0.00
60.00 28.00 35.00 85.00 137.00 50.00 52.00 0.08 3.94 0.00 3.00 0.00 10.00 14.00 18.00 14.00 15.00 13.00 0.00 0.00 0.00 0.00 0.00
61.00 30.00 41.00 89.00 145.00 48.00 56.00 0.09 3.89 0.00 4.00 0.00 6.00 13.00 24.00 17.00 16.00 14.00 0.00 0.00 1.00 0.00 0.00
62.00 19.00 19.00 48.00 101.00 29.00 53.00 0.08 2.75 0.00 3.00 0.00 4.00 6.00 15.00 13.00 8.00 11.00 0.00 0.00 0.00 0.00 0.00
63.00 27.00 38.00 78.00 137.00 40.00 59.00 0.09 3.12 0.00 3.00 0.00 6.00 9.00 21.00 18.00 13.00 14.00 0.00 1.00 0.00 0.00 0.00
64.00 26.00 38.00 79.00 137.00 41.00 58.00 0.08 3.62 1.00 2.00 0.50 5.00 12.00 21.00 14.00 15.00 11.00 0.00 0.00 0.00 0.00 0.00
65.00 26.00 21.00 75.00 138.00 54.00 63.00 0.10 4.02 1.00 1.00 1.00 4.00 11.00 22.00 15.00 14.00 12.00 1.00 0.00 0.00 1.00 0.00
66.00 29.00 36.00 83.00 149.00 47.00 66.00 0.09 3.89 1.00 2.00 0.50 8.00 11.00 21.00 18.00 15.00 14.00 0.00 0.00 0.00 0.00 0.00
67.00 31.00 34.00 80.00 155.00 46.00 75.00 0.09 4.00 1.00 2.00 0.50 9.00 13.00 22.00 18.00 18.00 13.00 0.00 0.00 0.00 0.00 0.00
68.00 25.00 22.00 59.00 127.00 37.00 68.00 0.09 3.43 0.00 2.00 0.00 8.00 11.00 17.00 14.00 18.00 7.00 0.00 0.00 0.00 0.00 0.00
69.00 31.00 37.00 91.00 156.00 54.00 65.00 0.09 4.54 1.00 1.00 1.00 11.00 17.00 20.00 14.00 23.00 8.00 0.00 0.00 0.00 0.00 0.00
70.00 32.00 35.00 80.00 154.00 45.00 74.00 0.08 4.01 1.00 1.00 1.00 12.00 20.00 20.00 12.00 24.00 8.00 0.00 0.00 0.00 0.00 0.00
71.00 30.00 37.00 86.00 156.00 49.00 70.00 0.10 2.85 1.00 2.00 0.50 8.00 14.00 22.00 16.00 18.00 12.00 0.00 0.00 0.00 0.00 0.00
72.00 21.00 24.00 53.00 99.00 29.00 46.00 0.07 2.98 0.00 3.00 0.00 8.00 10.00 13.00 11.00 15.00 6.00 0.00 0.00 0.00 0.00 0.00
73.00 26.00 23.00 60.00 128.00 37.00 68.00 0.07 2.68 1.00 3.00 0.33 7.00 12.00 19.00 14.00 18.00 8.00 0.00 0.00 0.00 0.00 0.00
74.00 30.00 37.00 88.00 153.00 51.00 65.00 0.08 4.06 1.00 4.00 0.25 8.00 16.00 22.00 14.00 21.00 9.00 0.00 0.00 0.00 0.00 0.00
75.00 41.00 57.00 119.00 194.00 62.00 75.00 0.09 4.03 1.00 1.00 1.00 13.00 21.00 28.00 20.00 28.00 13.00 1.00 0.00 0.00 0.00 0.00
76.00 22.00 26.00 61.00 112.00 35.00 51.00 0.07 1.36 0.00 3.00 0.00 6.00 10.00 16.00 12.00 13.00 9.00 1.00 0.00 0.00 1.00 0.00
77.00 27.00 24.00 69.00 140.00 45.00 71.00 0.08 4.23 1.00 2.00 0.50 8.00 13.00 19.00 14.00 18.00 9.00 1.00 0.00 0.00 0.00 0.00
78.00 33.00 50.00 94.00 159.00 44.00 65.00 0.09 3.46 0.00 2.00 0.00 7.00 12.00 26.00 21.00 16.00 17.00 0.00 0.00 0.00 0.00 0.00
79.00 28.00 29.00 77.00 142.00 48.00 65.00 0.10 3.41 0.00 2.00 0.00 6.00 14.00 22.00 14.00 19.00 9.00 0.00 0.00 0.00 0.00 0.00
80.00 29.00 32.00 76.00 149.00 44.00 73.00 0.09 2.43 0.00 1.00 0.00 6.00 13.00 23.00 16.00 18.00 11.00 0.00 0.00 0.00 0.00 0.00
81.00 21.00 19.00 53.00 98.00 34.00 45.00 0.09 0.56 0.00 1.00 0.00 5.00 12.00 16.00 9.00 15.00 6.00 0.00 0.00 0.00 0.00 0.00
82.00 25.00 24.00 72.00 130.00 48.00 58.00 0.09 1.89 0.00 1.00 0.00 7.00 12.00 18.00 13.00 15.00 10.00 0.00 0.00 0.00 0.00 0.00
83.00 27.00 31.00 76.00 138.00 45.00 62.00 0.07 3.18 0.00 1.00 0.00 6.00 14.00 21.00 13.00 19.00 8.00 0.00 0.00 0.00 0.00 0.00
84.00 20.00 13.00 46.00 99.00 33.00 53.00 0.08 4.23 0.00 2.00 0.00 9.00 11.00 11.00 9.00 14.00 6.00 0.00 0.00 0.00 0.00 0.00
85.00 20.00 24.00 53.00 96.00 29.00 43.00 0.08 3.76 0.00 2.00 0.00 8.00 12.00 12.00 8.00 16.00 4.00 0.00 0.00 0.00 0.00 0.00
86.00 17.00 16.00 46.00 86.00 30.00 40.00 0.10 4.22 0.00 2.00 0.00 3.00 7.00 14.00 10.00 8.00 9.00 0.00 0.00 0.00 0.00 0.00
87.00 22.00 28.00 61.00 107.00 33.00 46.00 0.08 4.05 0.00 3.00 0.00 7.00 10.00 15.00 12.00 14.00 8.00 0.00 0.00 0.00 0.00 0.00
88.00 23.00 21.00 54.00 108.00 33.00 54.00 0.08 3.73 0.00 2.00 0.00 7.00 12.00 16.00 11.00 19.00 4.00 0.00 0.00 0.00 1.00 0.00
89.00 16.00 14.00 40.00 77.00 26.00 37.00 0.07 3.11 0.00 2.00 0.00 8.00 11.00 8.00 5.00 14.00 2.00 0.00 0.00 0.00 0.00 0.00
90.00 21.00 17.00 50.00 105.00 33.00 55.00 0.09 3.67 0.00 2.00 0.00 8.00 13.00 13.00 8.00 14.00 7.00 0.00 0.00 0.00 0.00 0.00
91.00 17.00 18.00 46.00 85.00 28.00 39.00 0.08 1.49 0.00 2.00 0.00 2.00 7.00 15.00 10.00 12.00 5.00 0.00 0.00 0.00 0.00 0.00
92.00 20.00 22.00 53.00 92.00 31.00 39.00 0.09 3.14 0.00 3.00 0.00 8.00 12.00 12.00 8.00 13.00 7.00 0.00 0.00 0.00 1.00 0.00
93.00 22.00 20.00 57.00 115.00 37.00 58.00 0.09 3.00 0.00 3.00 0.00 5.00 11.00 17.00 11.00 17.00 5.00 0.00 0.00 0.00 1.00 0.00
94.00 22.00 20.00 55.00 110.00 35.00 55.00 0.07 3.17 0.00 0.00 0.00 5.00 10.00 17.00 12.00 14.00 8.00 0.00 0.00 0.00 0.00 0.00
95.00 23.00 30.00 70.00 116.00 40.00 46.00 0.08 3.33 0.00 1.00 0.00 3.00 11.00 20.00 12.00 15.00 8.00 0.00 0.00 0.00 1.00 0.00
96.00 25.00 40.00 73.00 119.00 33.00 46.00 0.07 3.10 0.00 1.00 0.00 5.00 9.00 20.00 16.00 17.00 8.00 0.00 0.00 1.00 0.00 0.00
97.00 24.00 25.00 60.00 113.00 35.00 53.00 0.09 3.73 0.00 0.00 0.00 8.00 14.00 16.00 10.00 19.00 5.00 0.00 0.00 1.00 0.00 0.00
98.00 20.00 24.00 47.00 94.00 23.00 47.00 0.08 1.37 0.00 2.00 0.00 5.00 12.00 15.00 8.00 13.00 7.00 0.00 0.00 0.00 0.00 0.00
99.00 20.00 21.00 56.00 102.00 35.00 46.00 0.08 3.26 0.00 1.00 0.00 1.00 6.00 19.00 14.00 13.00 7.00 0.00 0.00 0.00 0.00 1.00
100.00 19.00 23.00 53.00 94.00 30.00 41.00 0.07 2.11 0.00 2.00 0.00 7.00 8.00 12.00 11.00 12.00 7.00 0.00 0.00 0.00 0.00 0.00
101.00 22.00 29.00 58.00 106.00 29.00 48.00 0.09 2.00 0.00 2.00 0.00 8.00 13.00 14.00 9.00 13.00 9.00 0.00 0.00 0.00 0.00 0.00
102.00 27.00 28.00 65.00 122.00 37.00 57.00 0.08 2.03 0.00 3.00 0.00 9.00 18.00 18.00 9.00 23.00 4.00 0.00 0.00 0.00 0.00 0.00
103.00 25.00 31.00 68.00 126.00 37.00 58.00 0.09 2.32 0.00 2.00 0.00 6.00 14.00 19.00 11.00 15.00 10.00 0.00 0.00 0.00 0.00 0.00
104.00 23.00 27.00 68.00 109.00 41.00 41.00 0.09 1.92 0.00 3.00 0.00 6.00 8.00 17.00 15.00 14.00 9.00 0.00 0.00 0.00 0.00 0.00
105.00 20.00 22.00 55.00 103.00 33.00 48.00 0.08 0.57 0.00 4.00 0.00 4.00 8.00 16.00 12.00 14.00 6.00 0.00 0.00 0.00 0.00 0.00
106.00 21.00 15.00 56.00 106.00 41.00 50.00 0.07 1.34 0.00 3.00 0.00 6.00 11.00 15.00 10.00 16.00 5.00 0.00 0.00 0.00 0.00 0.00
107.00 14.00 13.00 33.00 66.00 20.00 33.00 0.07 0.50 0.00 2.00 0.00 6.00 8.00 8.00 6.00 9.00 5.00 0.00 0.00 0.00 0.00 0.00
108.00 25.00 30.00 66.00 116.00 36.00 50.00 0.07 1.81 0.00 2.00 0.00 6.00 11.00 19.00 14.00 17.00 8.00 0.00 0.00 0.00 0.00 0.00
109.00 24.00 30.00 68.00 120.00 38.00 52.00 0.07 3.01 0.00 3.00 0.00 7.00 9.00 17.00 15.00 15.00 9.00 0.00 0.00 0.00 0.00 0.00
110.00 26.00 27.00 66.00 121.00 39.00 55.00 0.09 1.96 0.00 1.00 0.00 8.00 14.00 18.00 12.00 17.00 9.00 0.00 0.00 0.00 0.00 0.00
111.00 22.00 36.00 62.00 108.00 26.00 46.00 0.08 1.90 0.00 1.00 0.00 5.00 11.00 17.00 11.00 16.00 6.00 0.00 0.00 0.00 0.00 0.00
112.00 20.00 29.00 55.00 95.00 26.00 40.00 0.10 0.67 0.00 2.00 0.00 6.00 10.00 14.00 10.00 15.00 5.00 0.00 0.00 0.00 0.00 0.00
113.00 19.00 25.00 53.00 97.00 28.00 44.00 0.08 1.37 0.00 3.00 0.00 1.00 6.00 18.00 13.00 10.00 9.00 0.00 0.00 0.00 0.00 0.00
114.00 20.00 23.00 50.00 99.00 27.00 49.00 0.09 0.73 0.00 1.00 0.00 4.00 9.00 16.00 11.00 13.00 7.00 0.00 0.00 1.00 0.00 0.00
115.00 19.00 14.00 48.00 99.00 34.00 51.00 0.08 0.78 0.00 1.00 0.00 8.00 12.00 11.00 7.00 13.00 6.00 0.00 0.00 0.00 0.00 0.00
116.00 20.00 18.00 50.00 91.00 32.00 41.00 0.08 0.63 0.00 1.00 0.00 8.00 16.00 12.00 4.00 17.00 3.00 0.00 0.00 0.00 0.00 0.00
117.00 14.00 5.00 33.00 70.00 28.00 37.00 0.08 0.52 0.00 2.00 0.00 4.00 7.00 10.00 7.00 9.00 5.00 0.00 0.00 0.00 0.00 0.00
118.00 15.00 15.00 40.00 75.00 25.00 35.00 0.09 0.51 0.00 2.00 0.00 3.00 8.00 12.00 7.00 11.00 4.00 0.00 0.00 0.00 0.00 0.00
119.00 21.00 15.00 42.00 93.00 27.00 51.00 0.09 2.69 0.00 2.00 0.00 6.00 9.00 15.00 12.00 14.00 7.00 0.00 0.00 0.00 0.00 0.00
120.00 18.00 18.00 47.00 87.00 29.00 40.00 0.09 0.63 0.00 1.00 0.00 6.00 10.00 12.00 8.00 12.00 6.00 0.00 0.00 0.00 0.00 0.00
121.00 16.00 17.00 44.00 79.00 27.00 35.00 0.09 0.54 0.00 2.00 0.00 3.00 6.00 13.00 10.00 11.00 5.00 0.00 0.00 0.00 0.00 0.00
122.00 15.00 13.00 36.00 71.00 23.00 35.00 0.09 0.47 0.00 2.00 0.00 5.00 7.00 10.00 8.00 10.00 5.00 0.00 0.00 0.00 0.00 0.00
123.00 11.00 12.00 26.00 49.00 14.00 23.00 0.08 0.38 0.00 1.00 0.00 4.00 7.00 7.00 4.00 8.00 3.00 0.00 0.00 0.00 0.00 0.00
124.00 15.00 18.00 42.00 69.00 24.00 27.00 0.08 0.54 0.00 1.00 0.00 3.00 6.00 12.00 9.00 11.00 4.00 0.00 0.00 0.00 0.00 0.00
125.00 15.00 10.00 28.00 63.00 18.00 35.00 0.10 0.56 0.00 1.00 0.00 9.00 11.00 6.00 4.00 14.00 1.00 0.00 0.00 0.00 0.00 0.00
126.00 15.00 17.00 35.00 76.00 18.00 41.00 0.08 1.56 0.00 1.00 0.00 3.00 7.00 12.00 8.00 11.00 4.00 0.00 0.00 0.00 0.00 0.00
127.00 15.00 12.00 36.00 68.00 24.00 32.00 0.09 0.43 0.00 1.00 0.00 6.00 11.00 9.00 4.00 13.00 2.00 0.00 0.00 0.00 0.00 0.00
128.00 10.00 9.00 22.00 48.00 13.00 26.00 0.10 0.28 0.00 1.00 0.00 1.00 6.00 9.00 4.00 7.00 3.00 0.00 0.00 0.00 0.00 0.00
129.00 14.00 12.00 26.00 60.00 14.00 34.00 0.08 0.60 0.00 1.00 0.00 6.00 9.00 8.00 5.00 10.00 4.00 0.00 0.00 0.00 0.00 0.00
130.00 12.00 8.00 25.00 53.00 17.00 28.00 0.09 0.44 0.00 0.00 0.00 5.00 7.00 7.00 5.00 12.00 0.00 0.00 0.00 0.00 0.00 0.00
131.00 14.00 12.00 30.00 69.00 18.00 39.00 0.09 0.42 0.00 1.00 0.00 6.00 9.00 8.00 5.00 11.00 3.00 0.00 0.00 0.00 0.00 0.00
132.00 7.00 0.00 7.00 31.00 7.00 24.00 0.08 0.33 0.00 1.00 0.00 4.00 5.00 3.00 2.00 7.00 0.00 0.00 0.00 0.00 0.00 0.00
133.00 12.00 7.00 27.00 60.00 20.00 33.00 0.09 0.28 0.00 1.00 0.00 6.00 9.00 6.00 3.00 10.00 2.00 0.00 0.00 0.00 0.00 0.00
134.00 15.00 12.00 36.00 69.00 24.00 33.00 0.08 0.54 0.00 1.00 0.00 4.00 8.00 11.00 7.00 10.00 5.00 0.00 0.00 0.00 0.00 0.00
135.00 17.00 17.00 37.00 72.00 20.00 35.00 0.07 0.44 0.00 1.00 0.00 4.00 13.00 13.00 4.00 15.00 2.00 0.00 0.00 0.00 0.00 0.00
136.00 12.00 6.00 21.00 61.00 15.00 40.00 0.08 0.57 0.00 1.00 0.00 4.00 7.00 8.00 5.00 9.00 3.00 0.00 0.00 0.00 0.00 0.00
137.00 5.00 0.00 0.00 15.00 0.00 15.00 0.07 5.14 0.00 0.00 0.00 3.00 4.00 2.00 1.00 5.00 0.00 0.00 0.00 0.00 0.00 0.00
138.00 10.00 3.00 17.00 43.00 14.00 26.00 0.08 0.36 0.00 0.00 0.00 4.00 6.00 6.00 4.00 8.00 2.00 0.00 0.00 0.00 0.00 0.00
139.00 10.00 4.00 15.00 42.00 11.00 27.00 0.07 0.36 0.00 1.00 0.00 3.00 8.00 7.00 2.00 8.00 2.00 0.00 0.00 0.00 0.00 0.00
140.00 10.00 6.00 21.00 47.00 15.00 26.00 0.11 0.34 0.00 0.00 0.00 2.00 7.00 8.00 3.00 8.00 2.00 0.00 0.00 0.00 0.00 0.00
141.00 13.00 10.00 28.00 59.00 18.00 31.00 0.09 0.42 0.00 0.00 0.00 5.00 8.00 8.00 5.00 10.00 3.00 0.00 0.00 0.00 0.00 0.00
142.00 14.00 13.00 32.00 62.00 19.00 30.00 0.09 0.43 0.00 0.00 0.00 6.00 6.00 8.00 8.00 11.00 3.00 0.00 0.00 0.00 0.00 0.00
143.00 7.00 2.00 9.00 32.00 7.00 23.00 0.10 0.35 0.00 0.00 0.00 3.00 6.00 4.00 1.00 7.00 0.00 0.00 0.00 0.00 0.00 0.00
144.00 10.00 5.00 15.00 40.00 10.00 25.00 0.10 0.49 0.00 0.00 0.00 4.00 8.00 6.00 2.00 10.00 0.00 0.00 0.00 0.00 0.00 0.00
145.00 12.00 2.00 18.00 54.00 16.00 36.00 0.08 0.52 0.00 0.00 0.00 5.00 8.00 7.00 4.00 11.00 1.00 0.00 0.00 0.00 0.00 0.00
146.00 8.00 2.00 9.00 30.00 7.00 21.00 0.09 0.31 0.00 0.00 0.00 3.00 5.00 5.00 3.00 6.00 2.00 0.00 0.00 0.00 0.00 0.00
147.00 8.00 5.00 16.00 38.00 11.00 22.00 0.10 0.32 0.00 0.00 0.00 1.00 3.00 7.00 5.00 5.00 3.00 0.00 0.00 0.00 0.00 0.00
148.00 14.00 15.00 36.00 69.00 21.00 33.00 0.08 0.33 0.00 0.00 0.00 6.00 8.00 8.00 6.00 10.00 4.00 0.00 0.00 0.00 0.00 0.00
149.00 16.00 19.00 42.00 84.00 23.00 42.00 0.08 0.36 0.00 1.00 0.00 2.00 12.00 14.00 4.00 14.00 2.00 0.00 0.00 0.00 0.00 0.00
150.00 15.00 12.00 34.00 69.00 22.00 35.00 0.10 0.56 0.00 0.00 0.00 6.00 9.00 9.00 6.00 10.00 5.00 0.00 0.00 0.00 0.00 0.00
151.00 17.00 18.00 41.00 84.00 23.00 43.00 0.08 0.56 0.00 0.00 0.00 8.00 10.00 9.00 7.00 15.00 2.00 0.00 0.00 0.00 0.00 0.00
152.00 7.00 4.00 12.00 30.00 8.00 18.00 0.08 0.24 0.00 0.00 0.00 1.00 4.00 6.00 3.00 4.00 3.00 0.00 0.00 0.00 0.00 0.00
153.00 16.00 12.00 33.00 79.00 21.00 46.00 0.08 0.53 0.00 0.00 0.00 5.00 11.00 11.00 5.00 14.00 2.00 0.00 0.00 0.00 0.00 0.00
154.00 11.00 3.00 19.00 52.00 16.00 33.00 0.09 0.63 0.00 0.00 0.00 1.00 3.00 10.00 8.00 7.00 4.00 0.00 0.00 0.00 0.00 0.00
155.00 14.00 14.00 39.00 67.00 25.00 28.00 0.08 0.50 0.00 0.00 0.00 4.00 8.00 10.00 6.00 10.00 4.00 0.00 0.00 1.00 0.00 0.00
156.00 14.00 13.00 34.00 68.00 21.00 34.00 0.09 0.40 0.00 1.00 0.00 7.00 10.00 7.00 4.00 13.00 1.00 0.00 0.00 0.00 0.00 0.00
157.00 13.00 12.00 32.00 66.00 20.00 34.00 0.08 0.55 0.00 1.00 0.00 3.00 5.00 10.00 8.00 10.00 3.00 0.00 0.00 0.00 0.00 0.00
158.00 14.00 17.00 39.00 64.00 22.00 25.00 0.10 0.39 0.00 1.00 0.00 4.00 8.00 10.00 6.00 10.00 4.00 0.00 0.00 0.00 0.00 0.00
159.00 15.00 13.00 37.00 72.00 24.00 35.00 0.09 0.59 0.00 0.00 0.00 4.00 9.00 11.00 6.00 12.00 3.00 0.00 0.00 0.00 0.00 0.00
160.00 13.00 13.00 31.00 59.00 18.00 28.00 0.08 0.43 0.00 1.00 0.00 4.00 10.00 9.00 3.00 11.00 2.00 0.00 0.00 0.00 0.00 0.00
161.00 15.00 16.00 35.00 69.00 19.00 34.00 0.09 0.38 0.00 1.00 0.00 6.00 10.00 9.00 5.00 13.00 2.00 0.00 0.00 0.00 0.00 0.00
162.00 17.00 22.00 47.00 87.00 25.00 40.00 0.08 0.53 0.00 1.00 0.00 2.00 8.00 15.00 9.00 11.00 6.00 0.00 0.00 0.00 0.00 0.00
163.00 12.00 6.00 22.00 56.00 16.00 34.00 0.09 0.72 0.00 1.00 0.00 2.00 6.00 10.00 6.00 8.00 4.00 0.00 0.00 0.00 0.00 0.00
164.00 15.00 18.00 41.00 74.00 23.00 33.00 0.09 0.40 0.00 1.00 0.00 3.00 7.00 12.00 8.00 10.00 5.00 0.00 0.00 0.00 0.00 0.00
165.00 16.00 18.00 39.00 75.00 21.00 36.00 0.08 0.51 0.00 1.00 0.00 5.00 6.00 11.00 10.00 9.00 7.00 0.00 0.00 0.00 0.00 0.00
166.00 17.00 16.00 42.00 81.00 26.00 39.00 0.08 0.47 0.00 1.00 0.00 3.00 12.00 14.00 5.00 15.00 2.00 0.00 0.00 0.00 0.00 0.00
167.00 14.00 10.00 30.00 68.00 20.00 38.00 0.09 0.44 0.00 0.00 0.00 3.00 7.00 11.00 7.00 9.00 5.00 0.00 0.00 0.00 0.00 0.00
168.00 16.00 9.00 33.00 79.00 24.00 46.00 0.09 0.55 0.00 1.00 0.00 2.00 7.00 14.00 9.00 8.00 8.00 0.00 0.00 0.00 0.00 0.00
169.00 16.00 16.00 39.00 74.00 23.00 35.00 0.08 0.61 0.00 0.00 0.00 4.00 11.00 12.00 5.00 15.00 1.00 0.00 0.00 0.00 0.00 0.00
170.00 16.00 14.00 38.00 75.00 24.00 37.00 0.08 0.54 0.00 0.00 0.00 4.00 6.00 12.00 10.00 7.00 9.00 0.00 0.00 0.00 0.00 0.00
171.00 10.00 3.00 20.00 49.00 17.00 29.00 0.09 0.47 0.00 0.00 0.00 5.00 7.00 5.00 3.00 10.00 0.00 0.00 0.00 0.00 0.00 0.00
172.00 14.00 16.00 36.00 68.00 20.00 32.00 0.10 0.49 0.00 0.00 0.00 2.00 7.00 12.00 7.00 10.00 4.00 0.00 0.00 0.00 0.00 0.00
173.00 12.00 11.00 29.00 56.00 18.00 27.00 0.10 0.50 0.00 1.00 0.00 3.00 5.00 9.00 7.00 8.00 4.00 0.00 0.00 0.00 0.00 0.00
174.00 10.00 6.00 18.00 46.00 12.00 28.00 0.08 0.43 0.00 0.00 0.00 3.00 7.00 7.00 3.00 9.00 1.00 0.00 0.00 0.00 0.00 0.00
175.00 15.00 14.00 35.00 68.00 21.00 33.00 0.06 0.45 0.00 0.00 0.00 4.00 10.00 11.00 5.00 13.00 2.00 0.00 0.00 0.00 0.00 0.00
176.00 10.00 8.00 24.00 48.00 16.00 24.00 0.07 0.53 0.00 0.00 0.00 2.00 4.00 8.00 6.00 5.00 5.00 0.00 0.00 0.00 0.00 0.00
177.00 11.00 10.00 25.00 55.00 15.00 30.00 0.09 0.55 0.00 1.00 0.00 1.00 1.00 10.00 10.00 7.00 4.00 0.00 0.00 0.00 0.00 0.00
178.00 15.00 9.00 33.00 72.00 24.00 39.00 0.08 0.56 0.00 2.00 0.00 9.00 11.00 6.00 4.00 14.00 1.00 0.00 0.00 0.00 0.00 0.00
179.00 18.00 19.00 47.00 85.00 28.00 38.00 0.08 2.01 0.00 1.00 0.00 6.00 8.00 12.00 10.00 13.00 5.00 0.00 0.00 0.00 0.00 0.00
180.00 19.00 21.00 48.00 90.00 27.00 42.00 0.08 2.00 0.00 1.00 0.00 7.00 11.00 12.00 8.00 12.00 7.00 0.00 0.00 0.00 0.00 0.00
181.00 13.00 12.00 33.00 62.00 21.00 29.00 0.09 1.58 0.00 1.00 0.00 5.00 9.00 8.00 4.00 11.00 2.00 0.00 0.00 0.00 0.00 0.00
182.00 13.00 7.00 31.00 60.00 24.00 29.00 0.08 0.49 0.00 2.00 0.00 5.00 10.00 8.00 3.00 10.00 3.00 0.00 0.00 0.00 0.00 0.00
183.00 17.00 21.00 47.00 86.00 26.00 39.00 0.09 1.45 0.00 2.00 0.00 6.00 11.00 11.00 6.00 13.00 4.00 0.00 0.00 0.00 0.00 0.00
184.00 17.00 25.00 46.00 79.00 21.00 33.00 0.08 1.47 0.00 0.00 0.00 4.00 7.00 13.00 10.00 10.00 7.00 0.00 0.00 0.00 0.00 0.00
185.00 16.00 16.00 35.00 73.00 19.00 38.00 0.09 0.58 0.00 1.00 0.00 4.00 7.00 12.00 9.00 12.00 4.00 0.00 0.00 0.00 0.00 0.00
186.00 22.00 19.00 51.00 104.00 32.00 53.00 0.08 3.40 0.00 1.00 0.00 6.00 10.00 16.00 12.00 16.00 6.00 0.00 0.00 0.00 0.00 0.00
187.00 17.00 22.00 44.00 76.00 22.00 32.00 0.06 2.25 0.00 1.00 0.00 4.00 5.00 13.00 12.00 7.00 10.00 0.00 0.00 0.00 0.00 0.00
188.00 18.00 26.00 52.00 83.00 26.00 31.00 0.08 1.46 0.00 2.00 0.00 6.00 10.00 12.00 8.00 13.00 5.00 0.00 0.00 0.00 0.00 0.00
189.00 19.00 21.00 51.00 95.00 30.00 44.00 0.08 2.69 0.00 1.00 0.00 2.00 7.00 17.00 12.00 10.00 9.00 0.00 0.00 0.00 0.00 0.00
190.00 18.00 16.00 49.00 95.00 33.00 46.00 0.08 2.86 0.00 1.00 0.00 6.00 7.00 12.00 11.00 11.00 7.00 0.00 0.00 0.00 0.00 0.00
191.00 21.00 22.00 47.00 97.00 25.00 50.00 0.08 3.07 0.00 2.00 0.00 4.00 8.00 17.00 13.00 12.00 9.00 0.00 0.00 1.00 0.00 0.00
192.00 13.00 9.00 30.00 65.00 21.00 35.00 0.08 2.59 0.00 2.00 0.00 4.00 7.00 9.00 6.00 11.00 2.00 0.00 0.00 0.00 0.00 0.00
193.00 13.00 11.00 31.00 66.00 20.00 35.00 0.09 1.67 1.00 1.00 1.00 5.00 9.00 8.00 4.00 10.00 3.00 0.00 0.00 0.00 0.00 0.00
194.00 12.00 10.00 28.00 59.00 18.00 31.00 0.10 1.83 0.00 0.00 0.00 3.00 4.00 9.00 8.00 8.00 4.00 0.00 0.00 0.00 0.00 0.00
195.00 23.00 31.00 65.00 120.00 34.00 55.00 0.09 4.37 0.00 1.00 0.00 7.00 11.00 16.00 12.00 16.00 7.00 0.00 0.00 0.00 0.00 0.00
196.00 19.00 15.00 47.00 90.00 32.00 43.00 0.09 3.73 0.00 0.00 0.00 5.00 10.00 14.00 9.00 12.00 7.00 0.00 0.00 0.00 0.00 0.00
197.00 18.00 23.00 52.00 89.00 29.00 37.00 0.08 2.11 0.00 1.00 0.00 7.00 10.00 11.00 8.00 12.00 6.00 0.00 0.00 0.00 0.00 0.00
198.00 14.00 3.00 32.00 70.00 29.00 38.00 0.07 3.29 0.00 1.00 0.00 3.00 9.00 11.00 5.00 12.00 2.00 0.00 0.00 0.00 0.00 0.00
199.00 13.00 12.00 30.00 59.00 18.00 29.00 0.09 0.49 0.00 1.00 0.00 6.00 6.00 7.00 7.00 8.00 5.00 0.00 0.00 0.00 0.00 0.00
200.00 16.00 17.00 42.00 74.00 25.00 32.00 0.08 2.22 0.00 1.00 0.00 4.00 8.00 12.00 8.00 13.00 3.00 0.00 0.00 0.00 0.00 0.00
201.00 18.00 16.00 43.00 87.00 27.00 44.00 0.08 3.50 0.00 0.00 0.00 7.00 10.00 11.00 8.00 14.00 4.00 0.00 0.00 0.00 0.00 0.00
202.00 13.00 5.00 22.00 60.00 17.00 38.00 0.08 2.76 0.00 0.00 0.00 5.00 8.00 8.00 5.00 8.00 5.00 0.00 0.00 0.00 0.00 0.00
203.00 17.00 15.00 40.00 82.00 25.00 42.00 0.09 1.43 0.00 1.00 0.00 3.00 11.00 14.00 6.00 11.00 6.00 0.00 0.00 0.00 0.00 0.00
204.00 15.00 10.00 32.00 71.00 22.00 39.00 0.07 0.58 0.00 1.00 0.00 6.00 7.00 9.00 8.00 11.00 4.00 0.00 0.00 0.00 0.00 0.00
205.00 14.00 12.00 33.00 69.00 21.00 36.00 0.09 0.52 0.00 1.00 0.00 5.00 8.00 9.00 6.00 12.00 2.00 0.00 0.00 0.00 0.00 0.00
206.00 15.00 9.00 32.00 68.00 23.00 36.00 0.09 0.78 0.00 0.00 0.00 5.00 8.00 10.00 7.00 12.00 3.00 0.00 0.00 0.00 0.00 0.00
207.00 13.00 13.00 29.00 58.00 16.00 29.00 0.08 1.69 0.00 1.00 0.00 4.00 9.00 9.00 4.00 9.00 4.00 0.00 0.00 0.00 0.00 0.00
208.00 9.00 7.00 19.00 42.00 12.00 23.00 0.09 0.23 0.00 0.00 0.00 4.00 6.00 5.00 3.00 8.00 1.00 0.00 0.00 0.00 0.00 0.00
209.00 12.00 8.00 26.00 62.00 18.00 36.00 0.08 0.41 0.00 0.00 0.00 4.00 8.00 8.00 4.00 11.00 1.00 0.00 0.00 0.00 0.00 0.00
210.00 13.00 12.00 30.00 60.00 18.00 30.00 0.09 0.61 0.00 0.00 0.00 3.00 6.00 10.00 7.00 8.00 5.00 0.00 0.00 0.00 0.00 0.00
211.00 6.00 1.00 6.00 19.00 5.00 13.00 0.10 3.27 0.00 0.00 0.00 4.00 5.00 2.00 1.00 5.00 1.00 0.00 0.00 0.00 0.00 0.00
212.00 13.00 10.00 30.00 60.00 20.00 30.00 0.08 2.78 0.00 0.00 0.00 5.00 8.00 8.00 5.00 10.00 3.00 0.00 0.00 0.00 0.00 0.00
213.00 12.00 9.00 27.00 56.00 18.00 29.00 0.07 1.80 0.00 1.00 0.00 5.00 7.00 7.00 5.00 7.00 5.00 0.00 0.00 0.00 0.00 0.00
214.00 12.00 6.00 18.00 54.00 12.00 36.00 0.10 1.92 0.00 1.00 0.00 5.00 6.00 7.00 6.00 11.00 1.00 0.00 0.00 0.00 0.00 0.00
215.00 13.00 12.00 32.00 63.00 20.00 31.00 0.09 1.68 0.00 1.00 0.00 2.00 5.00 11.00 8.00 8.00 5.00 0.00 0.00 0.00 0.00 0.00
216.00 13.00 9.00 25.00 59.00 16.00 34.00 0.10 1.73 0.00 1.00 0.00 3.00 7.00 10.00 6.00 10.00 3.00 0.00 0.00 0.00 0.00 0.00
217.00 10.00 5.00 22.00 51.00 17.00 29.00 0.09 0.39 0.00 1.00 0.00 2.00 4.00 8.00 6.00 8.00 2.00 0.00 0.00 0.00 0.00 0.00
218.00 7.00 0.00 8.00 29.00 8.00 21.00 0.09 2.46 0.00 0.00 0.00 3.00 6.00 4.00 1.00 7.00 0.00 0.00 0.00 0.00 0.00 0.00
219.00 6.00 2.00 9.00 29.00 7.00 20.00 0.08 0.18 0.00 0.00 0.00 4.00 4.00 2.00 2.00 6.00 0.00 0.00 0.00 0.00 0.00 0.00
220.00 10.00 10.00 24.00 50.00 14.00 26.00 0.09 0.32 0.00 0.00 0.00 5.00 6.00 5.00 4.00 8.00 2.00 0.00 0.00 0.00 0.00 0.00
221.00 8.00 5.00 17.00 37.00 12.00 20.00 0.08 2.35 0.00 0.00 0.00 3.00 4.00 5.00 4.00 7.00 1.00 0.00 0.00 0.00 0.00 0.00
222.00 7.00 2.00 12.00 32.00 10.00 20.00 0.08 0.57 0.00 0.00 0.00 1.00 6.00 6.00 1.00 7.00 0.00 0.00 0.00 0.00 0.00 0.00
223.00 6.00 3.00 9.00 25.00 6.00 16.00 0.08 0.21 0.00 0.00 0.00 2.00 5.00 4.00 1.00 5.00 1.00 0.00 0.00 0.00 0.00 0.00
224.00 4.00 0.00 0.00 15.00 0.00 15.00 0.08 3.51 0.00 0.00 0.00 2.00 4.00 2.00 0.00 4.00 0.00 0.00 0.00 0.00 0.00 0.00
225.00 3.00 0.00 2.00 9.00 2.00 7.00 0.09 0.28 0.00 0.00 0.00 2.00 3.00 1.00 0.00 3.00 0.00 0.00 0.00 0.00 0.00 0.00
226.00 2.00 0.00 0.00 1.00 0.00 1.00 0.09 0.30 0.00 0.00 0.00 2.00 2.00 0.00 0.00 2.00 0.00 0.00 0.00 0.00 0.00 0.00
