0.00 2.00 0.00 0.00 5.00 0.00 5.00 0.08 0.01 0.00 0.00 0.00 2.00 2.00 0.00 0.00 2.00 0.00 0.00 0.00 0.00 0.00 0.00
1.00 3.00 0.00 1.00 4.00 1.00 3.00 0.09 0.22 0.00 0.00 0.00 2.00 3.00 1.00 0.00 3.00 0.00 0.00 0.00 0.00 0.00 0.00
2.00 3.00 0.00 2.00 11.00 2.00 9.00 0.08 0.10 0.00 0.00 0.00 2.00 3.00 1.00 0.00 3.00 0.00 0.00 0.00 0.00 0.00 0.00
3.00 5.00 1.00 6.00 19.00 5.00 13.00 0.08 0.24 0.00 0.00 0.00 3.00 4.00 2.00 1.00 5.00 0.00 0.00 0.00 0.00 0.00 0.00
4.00 3.00 0.00 0.00 10.00 0.00 10.00 0.07 0.17 0.00 0.00 0.00 2.00 3.00 1.00 0.00 3.00 0.00 0.00 0.00 0.00 0.00 0.00
5.00 10.00 5.00 16.00 39.00 11.00 23.00 0.09 1.98 0.00 0.00 0.00 4.00 7.00 6.00 3.00 8.00 2.00 0.00 0.00 0.00 0.00 0.00
6.00 7.00 4.00 11.00 28.00 7.00 17.00 0.07 5.00 0.00 0.00 0.00 4.00 5.00 3.00 2.00 5.00 2.00 0.00 0.00 0.00 0.00 0.00
7.00 11.00 3.00 21.00 51.00 18.00 30.00 0.09 1.73 0.00 0.00 0.00 4.00 6.00 7.00 5.00 6.00 5.00 0.00 0.00 0.00 0.00 0.00
8.00 12.00 13.00 30.00 61.00 17.00 31.00 0.07 1.63 0.00 0.00 0.00 3.00 7.00 9.00 5.00 9.00 3.00 0.00 0.00 0.00 0.00 0.00
9.00 10.00 3.00 17.00 48.00 14.00 31.00 0.08 1.90 0.00 0.00 0.00 2.00 5.00 8.00 5.00 6.00 4.00 0.00 0.00 0.00 0.00 0.00
10.00 8.00 5.00 15.00 34.00 10.00 19.00 0.10 0.28 0.00 0.00 0.00 2.00 3.00 6.00 5.00 5.00 3.00 0.00 0.00 0.00 0.00 0.00
11.00 5.00 0.00 6.00 20.00 6.00 14.00 0.08 0.27 0.00 0.00 0.00 3.00 4.00 2.00 1.00 5.00 0.00 0.00 0.00 0.00 0.00 0.00
12.00 7.00 3.00 13.00 31.00 10.00 18.00 0.07 2.54 0.00 0.00 0.00 1.00 2.00 6.00 5.00 4.00 3.00 0.00 0.00 0.00 0.00 0.00
13.00 10.00 8.00 22.00 46.00 14.00 24.00 0.08 1.90 0.00 0.00 0.00 2.00 6.00 8.00 4.00 7.00 3.00 0.00 0.00 0.00 0.00 0.00
14.00 10.00 4.00 16.00 40.00 12.00 24.00 0.08 2.18 0.00 0.00 0.00 4.00 8.00 6.00 2.00 10.00 0.00 0.00 0.00 0.00 0.00 0.00
15.00 11.00 6.00 20.00 55.00 14.00 35.00 0.08 1.75 0.00 0.00 0.00 2.00 6.00 9.00 5.00 6.00 5.00 0.00 0.00 0.00 0.00 0.00
16.00 9.00 7.00 18.00 41.00 11.00 23.00 0.09 2.04 0.00 0.00 0.00 3.00 6.00 6.00 3.00 9.00 0.00 0.00 0.00 0.00 0.00 0.00
17.00 12.00 9.00 26.00 56.00 17.00 30.00 0.08 1.64 0.00 0.00 0.00 4.00 8.00 8.00 4.00 10.00 2.00 0.00 0.00 0.00 0.00 0.00
18.00 4.00 1.00 5.00 15.00 4.00 10.00 0.07 5.19 0.00 0.00 0.00 1.00 3.00 3.00 1.00 4.00 0.00 0.00 0.00 0.00 0.00 0.00
19.00 12.00 8.00 28.00 56.00 20.00 28.00 0.08 3.50 0.00 0.00 0.00 2.00 6.00 10.00 6.00 7.00 5.00 0.00 0.00 0.00 0.00 0.00
20.00 10.00 7.00 21.00 46.00 14.00 25.00 0.08 1.89 0.00 0.00 0.00 5.00 7.00 5.00 3.00 10.00 0.00 0.00 0.00 0.00 0.00 0.00
21.00 4.00 1.00 5.00 14.00 4.00 9.00 0.10 0.15 0.00 0.00 0.00 3.00 3.00 1.00 1.00 4.00 0.00 0.00 0.00 0.00 0.00 0.00
22.00 4.00 0.00 2.00 15.00 2.00 13.00 0.08 0.30 0.00 0.00 0.00 2.00 4.00 2.00 0.00 4.00 0.00 0.00 0.00 0.00 0.00 0.00
23.00 11.00 3.00 15.00 48.00 12.00 33.00 0.08 1.91 0.00 0.00 0.00 6.00 7.00 5.00 4.00 9.00 2.00 0.00 0.00 0.00 0.00 0.00
24.00 9.00 0.00 12.00 40.00 12.00 28.00 0.09 4.56 0.00 0.00 0.00 4.00 5.00 5.00 4.00 9.00 0.00 0.00 0.00 0.00 0.00 0.00
25.00 7.00 3.00 11.00 31.00 8.00 20.00 0.08 2.35 0.00 0.00 0.00 3.00 5.00 4.00 2.00 6.00 1.00 0.00 0.00 0.00 0.00 0.00
26.00 3.00 0.00 2.00 9.00 2.00 7.00 0.08 4.52 0.00 0.00 0.00 2.00 3.00 1.00 0.00 3.00 0.00 0.00 0.00 0.00 0.00 0.00
27.00 12.00 4.00 18.00 53.00 14.00 35.00 0.09 4.53 0.00 0.00 0.00 4.00 5.00 8.00 7.00 11.00 1.00 0.00 0.00 0.00 0.00 0.00
28.00 10.00 5.00 21.00 44.00 16.00 23.00 0.08 3.08 0.00 0.00 0.00 4.00 7.00 6.00 3.00 8.00 2.00 0.00 0.00 0.00 0.00 0.00
29.00 9.00 5.00 15.00 38.00 10.00 23.00 0.08 4.39 0.00 0.00 0.00 4.00 4.00 5.00 5.00 8.00 1.00 0.00 0.00 0.00 0.00 0.00
30.00 14.00 10.00 30.00 64.00 20.00 34.00 0.09 4.60 0.00 0.00 0.00 5.00 10.00 9.00 4.00 13.00 1.00 0.00 0.00 0.00 0.00 0.00
31.00 8.00 5.00 16.00 34.00 11.00 18.00 0.07 3.96 0.00 0.00 0.00 4.00 5.00 4.00 3.00 7.00 1.00 0.00 0.00 0.00 0.00 0.00
32.00 15.00 5.00 33.00 72.00 28.00 39.00 0.09 4.54 0.00 0.00 0.00 6.00 9.00 9.00 6.00 12.00 3.00 0.00 0.00 0.00 0.00 0.00
33.00 11.00 8.00 23.00 53.00 15.00 30.00 0.11 4.99 0.00 0.00 0.00 1.00 3.00 10.00 8.00 8.00 3.00 0.00 0.00 0.00 0.00 0.00
34.00 14.00 8.00 29.00 66.00 21.00 37.00 0.07 4.29 0.00 1.00 0.00 7.00 10.00 7.00 4.00 11.00 3.00 0.00 0.00 0.00 0.00 0.00
35.00 14.00 10.00 35.00 68.00 25.00 33.00 0.08 4.66 0.00 2.00 0.00 2.00 5.00 12.00 9.00 9.00 5.00 0.00 0.00 0.00 0.00 0.00
36.00 12.00 8.00 28.00 60.00 20.00 32.00 0.09 5.22 0.00 1.00 0.00 2.00 4.00 10.00 8.00 6.00 6.00 0.00 0.00 0.00 0.00 0.00
37.00 8.00 3.00 15.00 36.00 12.00 21.00 0.08 4.41 0.00 0.00 0.00 5.00 6.00 3.00 2.00 7.00 1.00 0.00 0.00 0.00 0.00 0.00
38.00 11.00 5.00 25.00 53.00 20.00 28.00 0.10 5.18 0.00 2.00 0.00 6.00 7.00 5.00 4.00 8.00 3.00 0.00 0.00 0.00 0.00 0.00
39.00 4.00 0.00 0.00 15.00 0.00 15.00 0.09 3.77 0.00 0.00 0.00 3.00 3.00 1.00 1.00 4.00 0.00 0.00 0.00 0.00 0.00 0.00
40.00 12.00 10.00 26.00 56.00 16.00 30.00 0.08 5.19 0.00 1.00 0.00 2.00 5.00 10.00 7.00 7.00 5.00 0.00 0.00 0.00 0.00 0.00
41.00 11.00 7.00 22.00 50.00 15.00 28.00 0.09 3.48 0.00 2.00 0.00 6.00 6.00 5.00 5.00 7.00 4.00 0.00 0.00 0.00 0.00 0.00
42.00 14.00 9.00 33.00 66.00 24.00 33.00 0.08 4.96 0.00 1.00 0.00 5.00 7.00 9.00 7.00 11.00 3.00 0.00 0.00 0.00 0.00 0.00
43.00 16.00 14.00 39.00 77.00 25.00 38.00 0.09 5.03 0.00 2.00 0.00 3.00 8.00 13.00 8.00 12.00 4.00 0.00 0.00 0.00 0.00 0.00
44.00 15.00 13.00 37.00 77.00 24.00 40.00 0.09 4.65 0.00 0.00 0.00 4.00 7.00 11.00 8.00 11.00 4.00 0.00 0.00 0.00 0.00 0.00
45.00 18.00 14.00 44.00 92.00 30.00 48.00 0.10 4.41 0.00 0.00 0.00 5.00 8.00 13.00 10.00 12.00 6.00 0.00 0.00 0.00 0.00 0.00
46.00 17.00 12.00 41.00 88.00 29.00 47.00 0.08 4.92 0.00 1.00 0.00 7.00 9.00 10.00 8.00 14.00 3.00 0.00 0.00 0.00 0.00 0.00
47.00 15.00 12.00 36.00 76.00 24.00 40.00 0.09 4.50 0.00 1.00 0.00 3.00 8.00 12.00 7.00 13.00 2.00 0.00 0.00 1.00 0.00 0.00
48.00 17.00 15.00 37.00 75.00 22.00 38.00 0.07 4.19 0.00 1.00 0.00 3.00 12.00 14.00 5.00 15.00 2.00 0.00 0.00 0.00 0.00 0.00
49.00 18.00 15.00 43.00 84.00 28.00 41.00 0.08 4.68 0.00 1.00 0.00 3.00 11.00 15.00 7.00 12.00 6.00 0.00 0.00 0.00 0.00 0.00
50.00 18.00 20.00 45.00 86.00 25.00 41.00 0.07 4.40 0.00 1.00 0.00 4.00 6.00 14.00 12.00 12.00 6.00 0.00 0.00 0.00 0.00 0.00
51.00 19.00 19.00 54.00 100.00 35.00 46.00 0.08 4.52 0.00 0.00 0.00 3.00 9.00 16.00 10.00 10.00 9.00 0.00 0.00 0.00 0.00 0.00
52.00 22.00 26.00 62.00 108.00 36.00 46.00 0.08 3.88 0.00 1.00 0.00 6.00 14.00 16.00 8.00 16.00 6.00 0.00 0.00 0.00 0.00 0.00
53.00 22.00 23.00 61.00 113.00 38.00 52.00 0.09 4.28 0.00 2.00 0.00 5.00 7.00 17.00 15.00 13.00 9.00 0.00 0.00 1.00 0.00 0.00
54.00 24.00 21.00 55.00 111.00 34.00 56.00 0.07 4.50 0.00 3.00 0.00 5.00 14.00 19.00 10.00 20.00 4.00 0.00 0.00 0.00 0.00 0.00
55.00 21.00 16.00 53.00 104.00 37.00 51.00 0.10 4.27 0.00 1.00 0.00 6.00 10.00 15.00 11.00 15.00 6.00 1.00 0.00 0.00 0.00 0.00
56.00 21.00 20.00 52.00 101.00 32.00 49.00 0.09 4.21 0.00 1.00 0.00 5.00 11.00 16.00 10.00 13.00 8.00 0.00 0.00 0.00 0.00 0.00
57.00 27.00 26.00 76.00 132.00 50.00 56.00 0.09 3.88 0.00 2.00 0.00 9.00 13.00 18.00 14.00 19.00 8.00 0.00 0.00 0.00 0.00 0.00
58.00 24.00 25.00 64.00 118.00 39.00 54.00 0.09 4.23 0.00 1.00 0.00 7.00 9.00 17.00 15.00 13.00 11.00 0.00 0.00 0.00 0.00 0.00
59.00 29.00 38.00 81.00 144.00 43.00 63.00 0.09 3.94 0.00 3.00 0.00 3.00 12.00 26.00 17.00 20.00 9.00 0.00 0.00 0.00 0.00 0.00
60.00 16.00 14.00 42.00 81.00 28.00 39.00 0.08 4.46 0.00 2.00 0.00 3.00 8.00 13.00 8.00 9.00 7.00 0.00 0.00 0.00 0.00 0.00
61.00 21.00 26.00 58.00 107.00 32.00 49.00 0.08 3.72 0.00 2.00 0.00 6.00 8.00 15.00 13.00 17.00 4.00 0.00 0.00 0.00 0.00 0.00
62.00 24.00 27.00 68.00 125.00 41.00 57.00 0.08 3.78 1.00 2.00 0.50 5.00 11.00 19.00 13.00 14.00 10.00 0.00 0.00 0.00 0.00 0.00
63.00 32.00 53.00 96.00 161.00 43.00 65.00 0.09 4.01 0.00 3.00 0.00 6.00 14.00 26.00 18.00 19.00 13.00 0.00 0.00 0.00 0.00 0.00
64.00 31.00 46.00 91.00 157.00 45.00 66.00 0.07 4.01 0.00 2.00 0.00 7.00 12.00 24.00 19.00 20.00 11.00 0.00 0.00 0.00 0.00 0.00
65.00 41.00 57.00 119.00 194.00 62.00 75.00 0.09 4.03 1.00 1.00 1.00 13.00 21.00 28.00 20.00 28.00 13.00 1.00 0.00 0.00 0.00 0.00
66.00 26.00 29.00 69.00 130.00 40.00 61.00 0.08 4.47 0.00 3.00 0.00 6.00 15.00 20.00 11.00 19.00 7.00 1.00 0.00 0.00 0.00 0.00
67.00 33.00 32.00 91.00 168.00 59.00 77.00 0.08 3.79 0.00 3.00 0.00 7.00 13.00 26.00 20.00 19.00 14.00 1.00 0.00 0.00 1.00 0.00
68.00 30.00 49.00 90.00 148.00 41.00 58.00 0.10 3.28 0.00 5.00 0.00 8.00 15.00 22.00 15.00 21.00 9.00 0.00 0.00 0.00 0.00 0.00
69.00 31.00 47.00 89.00 149.00 42.00 60.00 0.10 2.78 0.00 3.00 0.00 7.00 12.00 24.00 19.00 20.00 11.00 0.00 0.00 0.00 0.00 0.00
70.00 25.00 28.00 64.00 119.00 36.00 55.00 0.08 2.81 0.00 4.00 0.00 9.00 14.00 16.00 11.00 18.00 7.00 0.00 0.00 0.00 0.00 0.00
71.00 22.00 21.00 64.00 113.00 43.00 49.00 0.08 3.60 0.00 4.00 0.00 7.00 11.00 15.00 11.00 15.00 7.00 0.00 0.00 0.00 0.00 0.00
72.00 25.00 31.00 72.00 127.00 41.00 55.00 0.08 2.79 0.00 3.00 0.00 4.00 11.00 21.00 14.00 15.00 10.00 0.00 0.00 0.00 0.00 0.00
73.00 27.00 33.00 70.00 134.00 37.00 64.00 0.06 4.29 0.00 1.00 0.00 7.00 8.00 20.00 19.00 12.00 15.00 0.00 0.00 0.00 0.00 0.00
74.00 29.00 30.00 69.00 134.00 39.00 65.00 0.09 4.30 0.00 4.00 0.00 7.00 18.00 22.00 11.00 23.00 6.00 0.00 0.00 0.00 0.00 0.00
75.00 26.00 35.00 81.00 131.00 46.00 50.00 0.08 3.77 0.00 4.00 0.00 6.00 12.00 20.00 14.00 13.00 13.00 0.00 0.00 0.00 0.00 0.00
76.00 28.00 43.00 78.00 135.00 35.00 57.00 0.10 4.50 0.00 5.00 0.00 4.00 10.00 24.00 18.00 18.00 10.00 0.00 0.00 0.00 0.00 0.00
77.00 19.00 17.00 46.00 89.00 29.00 43.00 0.09 2.22 0.00 4.00 0.00 3.00 9.00 16.00 10.00 13.00 6.00 0.00 0.00 0.00 0.00 0.00
78.00 22.00 16.00 48.00 104.00 32.00 56.00 0.10 4.74 0.00 4.00 0.00 5.00 11.00 17.00 11.00 13.00 9.00 0.00 0.00 0.00 0.00 0.00
79.00 23.00 28.00 57.00 111.00 29.00 54.00 0.07 3.86 0.00 2.00 0.00 8.00 11.00 15.00 12.00 17.00 6.00 0.00 0.00 0.00 0.00 0.00
80.00 28.00 39.00 81.00 140.00 42.00 59.00 0.09 4.54 0.00 2.00 0.00 8.00 14.00 20.00 14.00 18.00 10.00 0.00 0.00 0.00 0.00 0.00
81.00 24.00 36.00 73.00 112.00 37.00 39.00 0.09 4.20 0.00 3.00 0.00 7.00 11.00 17.00 13.00 17.00 7.00 0.00 0.00 0.00 0.00 0.00
82.00 21.00 24.00 61.00 105.00 37.00 44.00 0.09 3.66 0.00 2.00 0.00 8.00 11.00 13.00 10.00 14.00 7.00 0.00 0.00 0.00 0.00 0.00
83.00 18.00 13.00 38.00 84.00 25.00 46.00 0.08 3.98 0.00 2.00 0.00 6.00 11.00 12.00 7.00 15.00 3.00 0.00 0.00 1.00 0.00 0.00
84.00 20.00 20.00 55.00 105.00 35.00 50.00 0.09 4.32 0.00 1.00 0.00 4.00 9.00 16.00 11.00 12.00 8.00 0.00 0.00 0.00 0.00 0.00
85.00 21.00 26.00 58.00 106.00 32.00 48.00 0.07 3.95 0.00 2.00 0.00 6.00 10.00 15.00 11.00 15.00 6.00 0.00 0.00 0.00 0.00 0.00
86.00 23.00 25.00 63.00 110.00 38.00 47.00 0.08 3.99 0.00 2.00 0.00 6.00 11.00 17.00 12.00 14.00 9.00 0.00 0.00 0.00 0.00 0.00
87.00 24.00 35.00 68.00 124.00 33.00 56.00 0.09 3.98 0.00 1.00 0.00 4.00 9.00 20.00 15.00 11.00 13.00 0.00 0.00 0.00 0.00 0.00
88.00 23.00 31.00 67.00 119.00 36.00 52.00 0.08 4.34 0.00 1.00 0.00 5.00 9.00 18.00 14.00 14.00 9.00 0.00 0.00 0.00 0.00 0.00
89.00 20.00 25.00 53.00 100.00 28.00 47.00 0.08 4.47 0.00 2.00 0.00 5.00 9.00 15.00 11.00 12.00 8.00 0.00 0.00 0.00 0.00 0.00
90.00 18.00 15.00 46.00 91.00 31.00 45.00 0.08 4.62 0.00 2.00 0.00 5.00 10.00 13.00 8.00 12.00 6.00 0.00 0.00 0.00 0.00 0.00
91.00 21.00 29.00 56.00 99.00 27.00 43.00 0.09 4.25 0.00 2.00 0.00 7.00 14.00 14.00 7.00 17.00 4.00 0.00 0.00 0.00 0.00 0.00
92.00 22.00 32.00 61.00 108.00 29.00 47.00 0.09 3.46 0.00 1.00 0.00 7.00 11.00 15.00 11.00 16.00 6.00 0.00 0.00 1.00 0.00 0.00
93.00 15.00 8.00 34.00 73.00 26.00 39.00 0.07 4.64 0.00 1.00 0.00 3.00 5.00 12.00 10.00 12.00 3.00 0.00 0.00 0.00 0.00 0.00
94.00 19.00 11.00 36.00 88.00 25.00 52.00 0.07 3.92 0.00 2.00 0.00 5.00 10.00 14.00 9.00 17.00 2.00 0.00 0.00 0.00 0.00 0.00
95.00 26.00 23.00 60.00 108.00 37.00 48.00 0.08 3.69 0.00 1.00 0.00 10.00 14.00 16.00 12.00 17.00 9.00 0.00 0.00 0.00 0.00 0.00
96.00 20.00 20.00 46.00 96.00 26.00 50.00 0.09 3.25 0.00 2.00 0.00 7.00 11.00 13.00 9.00 14.00 6.00 0.00 0.00 1.00 0.00 0.00
97.00 22.00 24.00 65.00 106.00 41.00 41.00 0.09 3.88 0.00 2.00 0.00 7.00 11.00 15.00 11.00 16.00 6.00 0.00 0.00 1.00 0.00 0.00
98.00 19.00 19.00 49.00 93.00 30.00 44.00 0.07 2.73 0.00 1.00 0.00 4.00 9.00 15.00 10.00 12.00 7.00 0.00 0.00 0.00 0.00 0.00
99.00 20.00 23.00 54.00 99.00 31.00 45.00 0.09 3.25 0.00 2.00 0.00 4.00 6.00 16.00 14.00 11.00 9.00 0.00 0.00 0.00 0.00 0.00
100.00 16.00 15.00 40.00 79.00 25.00 39.00 0.08 3.04 0.00 0.00 0.00 2.00 8.00 14.00 8.00 12.00 4.00 0.00 0.00 0.00 0.00 0.00
101.00 21.00 29.00 60.00 98.00 31.00 38.00 0.10 3.99 1.00 2.00 0.50 4.00 12.00 17.00 9.00 15.00 6.00 0.00 0.00 0.00 0.00 0.00
102.00 21.00 30.00 60.00 99.00 30.00 39.00 0.09 4.23 0.00 2.00 0.00 3.00 14.00 18.00 7.00 15.00 6.00 0.00 0.00 0.00 0.00 0.00
103.00 16.00 17.00 48.00 78.00 31.00 30.00 0.09 2.44 0.00 2.00 0.00 4.00 7.00 12.00 9.00 10.00 6.00 0.00 0.00 0.00 0.00 0.00
104.00 16.00 9.00 34.00 76.00 25.00 42.00 0.09 4.65 0.00 2.00 0.00 4.00 9.00 12.00 7.00 11.00 5.00 1.00 0.00 0.00 0.00 0.00
105.00 18.00 14.00 45.00 90.00 31.00 45.00 0.09 4.28 0.00 2.00 0.00 5.00 9.00 13.00 9.00 12.00 6.00 0.00 0.00 1.00 0.00 0.00
106.00 21.00 22.00 54.00 104.00 32.00 50.00 0.10 4.33 0.00 4.00 0.00 4.00 10.00 17.00 11.00 13.00 8.00 0.00 0.00 0.00 1.00 0.00
107.00 22.00 29.00 58.00 107.00 29.00 49.00 0.08 4.73 0.00 4.00 0.00 4.00 8.00 18.00 14.00 14.00 8.00 0.00 0.00 0.00 0.00 0.00
108.00 25.00 34.00 66.00 118.00 32.00 52.00 0.09 4.80 0.00 1.00 0.00 4.00 11.00 21.00 14.00 18.00 7.00 0.00 0.00 1.00 0.00 0.00
109.00 24.00 32.00 70.00 121.00 38.00 51.00 0.08 4.50 0.00 3.00 0.00 3.00 11.00 21.00 13.00 15.00 9.00 0.00 0.00 1.00 0.00 0.00
110.00 20.00 26.00 53.00 95.00 27.00 42.00 0.09 4.92 0.00 3.00 0.00 4.00 12.00 16.00 8.00 16.00 4.00 0.00 0.00 0.00 0.00 0.00
111.00 30.00 46.00 86.00 141.00 40.00 55.00 0.09 4.54 0.00 2.00 0.00 7.00 16.00 23.00 14.00 18.00 12.00 0.00 0.00 0.00 0.00 0.00
112.00 19.00 20.00 47.00 88.00 27.00 41.00 0.08 3.87 0.00 1.00 0.00 5.00 10.00 14.00 9.00 12.00 7.00 0.00 0.00 1.00 0.00 0.00
113.00 13.00 10.00 29.00 58.00 19.00 29.00 0.08 0.39 0.00 2.00 0.00 1.00 7.00 12.00 6.00 11.00 2.00 0.00 0.00 0.00 0.00 0.00
114.00 18.00 19.00 44.00 88.00 25.00 44.00 0.09 3.91 0.00 2.00 0.00 6.00 9.00 12.00 9.00 13.00 5.00 0.00 0.00 0.00 0.00 0.00
115.00 26.00 40.00 79.00 120.00 39.00 41.00 0.09 4.00 0.00 2.00 0.00 7.00 12.00 19.00 14.00 14.00 12.00 0.00 0.00 0.00 0.00 0.00
116.00 16.00 15.00 36.00 78.00 21.00 42.00 0.09 3.22 0.00 2.00 0.00 4.00 9.00 12.00 7.00 13.00 3.00 0.00 0.00 0.00 0.00 0.00
117.00 16.00 15.00 38.00 75.00 23.00 37.00 0.08 4.62 0.00 3.00 0.00 4.00 9.00 12.00 7.00 9.00 7.00 0.00 0.00 0.00 0.00 0.00
118.00 17.00 16.00 39.00 80.00 23.00 41.00 0.08 4.12 0.00 2.00 0.00 10.00 12.00 7.00 5.00 15.00 2.00 0.00 0.00 0.00 0.00 0.00
119.00 22.00 33.00 67.00 108.00 34.00 41.00 0.08 3.69 0.00 3.00 0.00 6.00 10.00 16.00 12.00 14.00 8.00 0.00 0.00 1.00 0.00 0.00
120.00 23.00 27.00 64.00 107.00 37.00 43.00 0.08 3.73 0.00 3.00 0.00 5.00 12.00 18.00 11.00 16.00 7.00 0.00 0.00 0.00 0.00 0.00
121.00 25.00 30.00 68.00 127.00 38.00 59.00 0.09 3.98 1.00 3.00 0.33 8.00 16.00 17.00 9.00 20.00 5.00 0.00 0.00 0.00 0.00 0.00
122.00 22.00 24.00 59.00 111.00 35.00 52.00 0.08 4.29 0.00 2.00 0.00 7.00 13.00 15.00 9.00 18.00 4.00 0.00 0.00 0.00 0.00 0.00
123.00 17.00 14.00 40.00 78.00 26.00 38.00 0.10 5.15 0.00 0.00 0.00 6.00 11.00 11.00 6.00 14.00 3.00 0.00 0.00 0.00 0.00 0.00
124.00 19.00 16.00 47.00 89.00 31.00 42.00 0.10 4.28 0.00 1.00 0.00 6.00 10.00 13.00 9.00 13.00 6.00 0.00 0.00 0.00 0.00 0.00
125.00 20.00 21.00 52.00 100.00 31.00 48.00 0.07 4.53 0.00 0.00 0.00 7.00 10.00 13.00 10.00 14.00 6.00 0.00 0.00 0.00 0.00 0.00
126.00 26.00 32.00 76.00 124.00 44.00 48.00 0.10 3.97 0.00 2.00 0.00 9.00 16.00 17.00 10.00 19.00 7.00 0.00 0.00 0.00 0.00 0.00
127.00 21.00 21.00 60.00 104.00 39.00 44.00 0.09 3.80 0.00 2.00 0.00 7.00 12.00 14.00 9.00 14.00 7.00 0.00 0.00 0.00 0.00 0.00
128.00 21.00 24.00 60.00 105.00 36.00 45.00 0.07 4.06 0.00 0.00 0.00 3.00 10.00 18.00 11.00 14.00 7.00 0.00 0.00 0.00 0.00 0.00
129.00 21.00 17.00 46.00 98.00 29.00 52.00 0.08 4.41 0.00 1.00 0.00 7.00 8.00 14.00 13.00 14.00 7.00 0.00 0.00 0.00 0.00 0.00
130.00 25.00 28.00 63.00 115.00 35.00 52.00 0.08 4.70 0.00 1.00 0.00 11.00 16.00 14.00 9.00 24.00 1.00 0.00 0.00 0.00 0.00 0.00
131.00 22.00 28.00 62.00 105.00 34.00 43.00 0.09 4.69 0.00 1.00 0.00 5.00 8.00 17.00 14.00 14.00 8.00 0.00 0.00 0.00 0.00 0.00
132.00 19.00 16.00 54.00 99.00 38.00 45.00 0.09 4.65 0.00 1.00 0.00 7.00 10.00 12.00 9.00 15.00 4.00 0.00 0.00 0.00 0.00 0.00
133.00 20.00 23.00 60.00 94.00 37.00 34.00 0.09 4.83 0.00 1.00 0.00 5.00 10.00 15.00 10.00 12.00 8.00 0.00 0.00 0.00 0.00 0.00
134.00 21.00 23.00 46.00 97.00 23.00 51.00 0.07 4.49 0.00 1.00 0.00 5.00 12.00 16.00 9.00 15.00 6.00 0.00 0.00 0.00 0.00 0.00
135.00 17.00 19.00 42.00 76.00 23.00 34.00 0.08 4.66 0.00 1.00 0.00 4.00 7.00 13.00 10.00 14.00 3.00 0.00 0.00 0.00 0.00 0.00
136.00 16.00 10.00 35.00 77.00 25.00 42.00 0.09 4.54 0.00 2.00 0.00 7.00 8.00 9.00 8.00 11.00 5.00 0.00 0.00 0.00 0.00 0.00
137.00 13.00 9.00 31.00 64.00 22.00 33.00 0.08 4.72 0.00 1.00 0.00 6.00 8.00 7.00 5.00 10.00 3.00 0.00 0.00 0.00 0.00 0.00
138.00 11.00 9.00 24.00 51.00 15.00 27.00 0.08 4.07 0.00 0.00 0.00 6.00 6.00 5.00 5.00 9.00 2.00 0.00 0.00 0.00 0.00 0.00
139.00 9.00 1.00 10.00 41.00 9.00 31.00 0.08 4.43 0.00 0.00 0.00 2.00 7.00 7.00 2.00 9.00 0.00 0.00 0.00 0.00 0.00 0.00
140.00 8.00 1.00 10.00 37.00 9.00 27.00 0.09 2.32 0.00 0.00 0.00 1.00 3.00 7.00 5.00 7.00 1.00 0.00 0.00 0.00 0.00 0.00
141.00 7.00 4.00 12.00 30.00 8.00 18.00 0.10 4.15 0.00 0.00 0.00 3.00 5.00 4.00 2.00 6.00 1.00 0.00 0.00 0.00 0.00 0.00
142.00 14.00 11.00 34.00 69.00 23.00 35.00 0.08 4.41 0.00 1.00 0.00 3.00 11.00 11.00 3.00 11.00 3.00 0.00 0.00 0.00 0.00 0.00
143.00 12.00 11.00 30.00 58.00 19.00 28.00 0.07 2.94 0.00 0.00 0.00 5.00 6.00 7.00 6.00 8.00 4.00 0.00 0.00 0.00 1.00 0.00
144.00 13.00 4.00 25.00 66.00 21.00 41.00 0.08 4.08 0.00 0.00 0.00 3.00 8.00 10.00 5.00 10.00 3.00 0.00 0.00 0.00 0.00 0.00
145.00 14.00 8.00 30.00 70.00 22.00 40.00 0.08 3.87 0.00 1.00 0.00 5.00 10.00 9.00 4.00 11.00 3.00 0.00 0.00 0.00 0.00 0.00
146.00 11.00 6.00 23.00 51.00 17.00 28.00 0.09 3.94 0.00 1.00 0.00 3.00 7.00 8.00 4.00 8.00 3.00 0.00 0.00 0.00 0.00 0.00
147.00 8.00 1.00 11.00 31.00 10.00 20.00 0.09 4.45 0.00 0.00 0.00 2.00 4.00 6.00 4.00 6.00 2.00 0.00 0.00 0.00 0.00 0.00
148.00 10.00 6.00 18.00 46.00 12.00 28.00 0.10 5.07 0.00 0.00 0.00 2.00 5.00 8.00 5.00 9.00 1.00 0.00 0.00 1.00 0.00 0.00
149.00 6.00 0.00 6.00 23.00 6.00 17.00 0.09 3.03 0.00 0.00 0.00 3.00 5.00 3.00 1.00 6.00 0.00 0.00 0.00 0.00 0.00 0.00
150.00 9.00 2.00 14.00 41.00 12.00 27.00 0.09 5.24 0.00 1.00 0.00 5.00 6.00 4.00 3.00 8.00 1.00 0.00 0.00 0.00 0.00 0.00
151.00 7.00 1.00 7.00 30.00 6.00 23.00 0.09 2.51 0.00 1.00 0.00 3.00 3.00 4.00 4.00 6.00 1.00 0.00 0.00 0.00 0.00 0.00
152.00 10.00 7.00 17.00 45.00 10.00 28.00 0.10 4.16 0.00 0.00 0.00 5.00 8.00 5.00 2.00 9.00 1.00 0.00 0.00 0.00 0.00 0.00
153.00 9.00 8.00 20.00 46.00 12.00 26.00 0.08 3.54 0.00 0.00 0.00 5.00 6.00 4.00 3.00 8.00 1.00 0.00 0.00 0.00 0.00 0.00
154.00 11.00 7.00 24.00 49.00 17.00 25.00 0.09 4.44 0.00 0.00 0.00 4.00 5.00 7.00 6.00 6.00 5.00 0.00 0.00 0.00 0.00 0.00
155.00 9.00 2.00 17.00 41.00 15.00 24.00 0.10 4.83 0.00 0.00 0.00 5.00 7.00 4.00 2.00 8.00 1.00 0.00 0.00 0.00 0.00 0.00
156.00 10.00 7.00 19.00 42.00 12.00 23.00 0.08 4.31 0.00 0.00 0.00 4.00 7.00 6.00 3.00 9.00 1.00 0.00 0.00 0.00 0.00 0.00
157.00 9.00 6.00 20.00 46.00 14.00 26.00 0.08 4.96 0.00 0.00 0.00 4.00 5.00 5.00 4.00 7.00 2.00 0.00 0.00 0.00 0.00 0.00
158.00 10.00 9.00 22.00 45.00 13.00 23.00 0.08 4.89 0.00 0.00 0.00 5.00 6.00 5.00 4.00 7.00 3.00 0.00 0.00 0.00 0.00 0.00
159.00 7.00 4.00 13.00 32.00 9.00 19.00 0.10 4.13 0.00 0.00 0.00 3.00 5.00 4.00 2.00 6.00 1.00 0.00 0.00 0.00 0.00 0.00
160.00 10.00 6.00 17.00 41.00 11.00 24.00 0.08 4.33 0.00 0.00 0.00 3.00 5.00 7.00 5.00 8.00 2.00 0.00 0.00 0.00 0.00 0.00
161.00 9.00 5.00 14.00 35.00 9.00 21.00 0.09 0.61 0.00 0.00 0.00 4.00 6.00 5.00 3.00 8.00 1.00 0.00 0.00 0.00 0.00 0.00
162.00 5.00 0.00 1.00 16.00 1.00 15.00 0.09 0.76 0.00 0.00 0.00 2.00 5.00 3.00 0.00 5.00 0.00 0.00 0.00 0.00 0.00 0.00
163.00 11.00 7.00 20.00 51.00 13.00 31.00 0.07 4.85 0.00 0.00 0.00 4.00 7.00 7.00 4.00 9.00 2.00 0.00 0.00 0.00 0.00 0.00
164.00 6.00 0.00 4.00 19.00 4.00 15.00 0.08 2.64 0.00 0.00 0.00 3.00 5.00 3.00 1.00 6.00 0.00 0.00 0.00 0.00 0.00 0.00
165.00 11.00 8.00 25.00 53.00 17.00 28.00 0.08 4.45 0.00 0.00 0.00 2.00 7.00 9.00 4.00 8.00 3.00 0.00 0.00 0.00 0.00 0.00
166.00 9.00 5.00 17.00 43.00 12.00 26.00 0.08 3.27 0.00 1.00 0.00 0.00 6.00 9.00 3.00 7.00 2.00 0.00 0.00 0.00 0.00 0.00
167.00 7.00 2.00 12.00 34.00 10.00 22.00 0.08 4.06 0.00 0.00 0.00 3.00 6.00 4.00 1.00 7.00 0.00 0.00 0.00 0.00 0.00 0.00
168.00 10.00 5.00 21.00 50.00 16.00 29.00 0.08 4.21 0.00 0.00 0.00 1.00 6.00 9.00 4.00 9.00 1.00 0.00 0.00 0.00 0.00 0.00
169.00 7.00 2.00 12.00 30.00 10.00 18.00 0.11 4.89 0.00 0.00 0.00 2.00 3.00 5.00 4.00 6.00 1.00 0.00 0.00 0.00 0.00 0.00
170.00 7.00 3.00 13.00 32.00 10.00 19.00 0.09 4.94 0.00 0.00 0.00 4.00 5.00 3.00 2.00 6.00 1.00 0.00 0.00 0.00 0.00 0.00
171.00 3.00 0.00 1.00 10.00 1.00 9.00 0.08 4.28 0.00 0.00 0.00 2.00 3.00 1.00 0.00 3.00 0.00 0.00 0.00 0.00 0.00 0.00
172.00 6.00 1.00 5.00 24.00 4.00 19.00 0.09 2.72 0.00 0.00 0.00 3.00 5.00 3.00 1.00 6.00 0.00 0.00 0.00 0.00 0.00 0.00
173.00 3.00 0.00 0.00 6.00 0.00 6.00 0.08 4.98 0.00 0.00 0.00 2.00 3.00 1.00 0.00 3.00 0.00 0.00 0.00 0.00 0.00 0.00
174.00 2.00 0.00 0.00 1.00 0.00 1.00 0.09 0.24 0.00 0.00 0.00 2.00 2.00 0.00 0.00 2.00 0.00 0.00 0.00 0.00 0.00 0.00
