0.00 2.00 0.00 0.00 1.00 0.00 1.00 0.09 4.87 0.00 0.00 0.00 2.00 2.00 0.00 0.00 2.00 0.00 0.00 0.00 0.00 0.00 0.00
1.00 7.00 5.00 14.00 31.00 9.00 17.00 0.08 4.46 0.00 0.00 0.00 2.00 5.00 5.00 2.00 6.00 1.00 0.00 0.00 0.00 0.00 0.00
2.00 11.00 4.00 20.00 47.00 16.00 27.00 0.08 4.73 0.00 0.00 0.00 5.00 8.00 6.00 3.00 10.00 1.00 0.00 0.00 0.00 0.00 0.00
3.00 9.00 1.00 14.00 38.00 13.00 24.00 0.09 5.06 0.00 0.00 0.00 3.00 6.00 6.00 3.00 7.00 2.00 0.00 0.00 0.00 0.00 0.00
4.00 10.00 9.00 20.00 43.00 11.00 23.00 0.08 5.04 0.00 0.00 0.00 2.00 5.00 8.00 5.00 7.00 3.00 0.00 0.00 0.00 0.00 0.00
5.00 13.00 9.00 31.00 64.00 22.00 33.00 0.08 4.29 0.00 0.00 0.00 2.00 6.00 11.00 7.00 8.00 5.00 0.00 0.00 0.00 0.00 0.00
6.00 9.00 7.00 21.00 41.00 14.00 20.00 0.09 2.20 0.00 0.00 0.00 2.00 4.00 7.00 5.00 5.00 4.00 0.00 0.00 0.00 0.00 0.00
7.00 13.00 13.00 33.00 61.00 20.00 28.00 0.09 5.08 0.00 0.00 0.00 5.00 7.00 8.00 6.00 8.00 5.00 0.00 0.00 0.00 0.00 0.00
8.00 13.00 9.00 28.00 64.00 19.00 36.00 0.08 4.92 0.00 0.00 0.00 4.00 10.00 9.00 3.00 12.00 1.00 0.00 0.00 0.00 0.00 0.00
9.00 6.00 2.00 10.00 28.00 8.00 18.00 0.09 4.63 0.00 0.00 0.00 3.00 4.00 3.00 2.00 5.00 1.00 0.00 0.00 0.00 0.00 0.00
10.00 9.00 5.00 17.00 42.00 12.00 25.00 0.09 4.38 0.00 0.00 0.00 1.00 2.00 8.00 7.00 6.00 3.00 0.00 0.00 0.00 0.00 0.00
11.00 15.00 8.00 31.00 70.00 23.00 39.00 0.07 4.62 0.00 0.00 0.00 5.00 9.00 10.00 6.00 10.00 5.00 0.00 0.00 0.00 0.00 0.00
12.00 15.00 16.00 34.00 74.00 18.00 40.00 0.08 4.74 0.00 0.00 0.00 6.00 7.00 9.00 8.00 10.00 5.00 0.00 0.00 0.00 0.00 0.00
13.00 17.00 18.00 42.00 83.00 24.00 41.00 0.10 3.73 0.00 0.00 0.00 5.00 10.00 12.00 7.00 13.00 4.00 0.00 0.00 1.00 0.00 0.00
14.00 16.00 14.00 38.00 80.00 24.00 42.00 0.08 4.94 0.00 0.00 0.00 4.00 9.00 12.00 7.00 15.00 1.00 0.00 0.00 0.00 0.00 0.00
15.00 15.00 14.00 32.00 72.00 18.00 40.00 0.07 5.21 0.00 1.00 0.00 3.00 6.00 12.00 9.00 8.00 7.00 0.00 0.00 1.00 0.00 0.00
16.00 14.00 12.00 31.00 65.00 19.00 34.00 0.09 5.00 0.00 1.00 0.00 2.00 6.00 12.00 8.00 8.00 6.00 0.00 0.00 1.00 0.00 0.00
17.00 20.00 25.00 50.00 95.00 25.00 45.00 0.08 5.24 0.00 1.00 0.00 5.00 10.00 15.00 10.00 13.00 7.00 0.00 0.00 1.00 0.00 0.00
18.00 18.00 19.00 43.00 87.00 24.00 44.00 0.08 4.72 0.00 1.00 0.00 7.00 13.00 11.00 5.00 15.00 3.00 0.00 0.00 0.00 0.00 0.00
19.00 20.00 18.00 49.00 96.00 31.00 47.00 0.08 4.76 0.00 3.00 0.00 6.00 9.00 14.00 11.00 13.00 7.00 0.00 0.00 0.00 0.00 0.00
20.00 13.00 8.00 31.00 61.00 23.00 30.00 0.08 4.88 0.00 1.00 0.00 4.00 7.00 9.00 6.00 11.00 2.00 0.00 0.00 1.00 0.00 0.00
21.00 20.00 15.00 51.00 99.00 36.00 48.00 0.08 4.63 0.00 2.00 0.00 5.00 11.00 15.00 9.00 14.00 6.00 0.00 0.00 0.00 0.00 0.00
22.00 20.00 23.00 50.00 92.00 27.00 42.00 0.09 4.49 0.00 1.00 0.00 5.00 12.00 15.00 8.00 15.00 5.00 0.00 0.00 0.00 0.00 0.00
23.00 17.00 13.00 42.00 86.00 29.00 44.00 0.08 4.20 0.00 2.00 0.00 7.00 7.00 10.00 10.00 12.00 5.00 0.00 0.00 1.00 0.00 0.00
24.00 19.00 17.00 45.00 91.00 28.00 46.00 0.08 2.89 0.00 2.00 0.00 7.00 12.00 12.00 7.00 13.00 6.00 0.00 0.00 2.00 0.00 1.00
25.00 20.00 23.00 54.00 99.00 31.00 45.00 0.10 3.94 0.00 2.00 0.00 4.00 11.00 16.00 9.00 15.00 5.00 0.00 0.00 1.00 1.00 0.00
26.00 23.00 31.00 64.00 114.00 33.00 50.00 0.09 3.85 0.00 2.00 0.00 7.00 11.00 16.00 12.00 17.00 6.00 0.00 0.00 0.00 0.00 0.00
27.00 21.00 19.00 51.00 101.00 32.00 50.00 0.08 3.82 0.00 2.00 0.00 5.00 15.00 16.00 6.00 18.00 3.00 0.00 0.00 0.00 0.00 0.00
28.00 14.00 10.00 29.00 64.00 19.00 35.00 0.09 4.10 0.00 3.00 0.00 4.00 5.00 10.00 9.00 11.00 3.00 0.00 0.00 1.00 0.00 0.00
29.00 19.00 12.00 48.00 98.00 36.00 50.00 0.08 2.70 0.00 2.00 0.00 4.00 7.00 15.00 12.00 15.00 4.00 0.00 0.00 1.00 0.00 0.00
30.00 20.00 31.00 57.00 97.00 26.00 40.00 0.09 3.13 0.00 2.00 0.00 6.00 9.00 14.00 11.00 11.00 9.00 0.00 0.00 0.00 0.00 0.00
31.00 22.00 28.00 60.00 109.00 32.00 49.00 0.06 3.03 0.00 2.00 0.00 4.00 9.00 18.00 13.00 14.00 8.00 0.00 0.00 0.00 0.00 0.00
32.00 22.00 29.00 59.00 104.00 30.00 45.00 0.09 3.42 0.00 2.00 0.00 7.00 10.00 15.00 12.00 14.00 8.00 0.00 0.00 0.00 0.00 0.00
33.00 25.00 28.00 64.00 120.00 36.00 56.00 0.09 3.55 0.00 2.00 0.00 8.00 15.00 17.00 10.00 19.00 6.00 0.00 0.00 0.00 0.00 0.00
34.00 27.00 33.00 69.00 123.00 36.00 54.00 0.08 4.04 0.00 1.00 0.00 6.00 15.00 21.00 12.00 18.00 9.00 0.00 0.00 0.00 0.00 0.00
35.00 17.00 23.00 44.00 87.00 21.00 43.00 0.09 1.29 0.00 2.00 0.00 4.00 9.00 13.00 8.00 10.00 7.00 0.00 0.00 0.00 0.00 0.00
36.00 22.00 28.00 60.00 102.00 32.00 42.00 0.10 3.00 0.00 1.00 0.00 9.00 14.00 13.00 8.00 15.00 7.00 0.00 0.00 0.00 0.00 0.00
37.00 19.00 26.00 54.00 95.00 28.00 41.00 0.09 3.41 0.00 1.00 0.00 4.00 8.00 15.00 11.00 13.00 6.00 0.00 0.00 1.00 0.00 0.00
38.00 19.00 18.00 49.00 95.00 31.00 46.00 0.07 3.16 0.00 2.00 0.00 6.00 9.00 13.00 10.00 11.00 8.00 0.00 0.00 0.00 0.00 0.00
39.00 19.00 21.00 48.00 91.00 27.00 43.00 0.08 4.75 0.00 1.00 0.00 3.00 9.00 16.00 10.00 13.00 6.00 0.00 0.00 1.00 0.00 0.00
40.00 24.00 25.00 59.00 125.00 34.00 66.00 0.09 4.24 0.00 3.00 0.00 3.00 9.00 21.00 15.00 11.00 13.00 0.00 0.00 0.00 0.00 0.00
41.00 26.00 41.00 82.00 129.00 41.00 47.00 0.09 3.81 0.00 3.00 0.00 6.00 13.00 20.00 13.00 16.00 10.00 0.00 0.00 0.00 0.00 0.00
42.00 26.00 36.00 72.00 132.00 36.00 60.00 0.10 4.09 1.00 3.00 0.33 7.00 13.00 19.00 13.00 14.00 12.00 0.00 0.00 0.00 0.00 0.00
43.00 26.00 41.00 75.00 127.00 34.00 52.00 0.08 3.71 0.00 2.00 0.00 3.00 11.00 23.00 15.00 14.00 12.00 0.00 0.00 2.00 0.00 0.00
44.00 31.00 39.00 85.00 150.00 46.00 65.00 0.09 3.65 0.00 3.00 0.00 10.00 18.00 21.00 13.00 22.00 9.00 0.00 0.00 1.00 0.00 0.00
45.00 21.00 21.00 55.00 107.00 34.00 52.00 0.07 3.65 0.00 1.00 0.00 6.00 9.00 15.00 12.00 13.00 8.00 0.00 0.00 0.00 0.00 0.00
46.00 21.00 23.00 50.00 101.00 27.00 51.00 0.09 4.06 1.00 3.00 0.33 4.00 6.00 17.00 15.00 11.00 10.00 0.00 0.00 0.00 0.00 0.00
47.00 27.00 29.00 75.00 133.00 46.00 58.00 0.09 3.07 0.00 3.00 0.00 10.00 13.00 17.00 14.00 18.00 9.00 0.00 0.00 0.00 0.00 0.00
48.00 33.00 45.00 92.00 167.00 47.00 75.00 0.08 3.81 0.00 3.00 0.00 7.00 15.00 26.00 18.00 22.00 11.00 1.00 0.00 0.00 1.00 0.00
49.00 41.00 57.00 119.00 194.00 62.00 75.00 0.09 4.03 1.00 1.00 1.00 13.00 21.00 28.00 20.00 28.00 13.00 1.00 0.00 0.00 0.00 0.00
50.00 35.00 49.00 96.00 169.00 47.00 73.00 0.09 4.22 1.00 3.00 0.33 7.00 14.00 28.00 21.00 25.00 10.00 0.00 0.00 0.00 0.00 0.00
51.00 30.00 43.00 88.00 148.00 45.00 60.00 0.08 3.73 0.00 3.00 0.00 9.00 15.00 21.00 15.00 18.00 12.00 0.00 0.00 0.00 0.00 0.00
52.00 26.00 31.00 70.00 126.00 39.00 56.00 0.09 3.65 0.00 3.00 0.00 7.00 10.00 19.00 16.00 15.00 11.00 0.00 0.00 0.00 1.00 0.00
53.00 22.00 18.00 59.00 104.00 41.00 45.00 0.09 3.34 0.00 3.00 0.00 5.00 8.00 17.00 14.00 18.00 4.00 0.00 0.00 0.00 0.00 0.00
54.00 21.00 19.00 54.00 108.00 35.00 54.00 0.08 2.46 0.00 3.00 0.00 3.00 10.00 18.00 11.00 12.00 9.00 0.00 0.00 0.00 0.00 0.00
55.00 23.00 25.00 65.00 119.00 40.00 54.00 0.07 3.26 0.00 2.00 0.00 7.00 14.00 16.00 9.00 17.00 6.00 0.00 0.00 0.00 0.00 0.00
56.00 20.00 17.00 48.00 96.00 31.00 48.00 0.07 1.61 0.00 2.00 0.00 5.00 11.00 15.00 9.00 13.00 7.00 0.00 0.00 0.00 0.00 0.00
57.00 20.00 21.00 50.00 95.00 29.00 45.00 0.08 2.73 0.00 2.00 0.00 4.00 9.00 16.00 11.00 15.00 5.00 0.00 0.00 0.00 0.00 0.00
58.00 18.00 19.00 46.00 90.00 27.00 44.00 0.10 2.31 0.00 1.00 0.00 2.00 7.00 16.00 11.00 7.00 11.00 0.00 0.00 0.00 0.00 0.00
59.00 27.00 33.00 65.00 132.00 32.00 67.00 0.08 2.50 0.00 2.00 0.00 7.00 11.00 20.00 16.00 16.00 11.00 0.00 0.00 0.00 0.00 0.00
60.00 26.00 31.00 73.00 126.00 42.00 53.00 0.08 2.80 0.00 2.00 0.00 8.00 14.00 18.00 12.00 17.00 9.00 0.00 0.00 0.00 0.00 0.00
61.00 23.00 29.00 69.00 123.00 40.00 54.00 0.08 3.00 0.00 2.00 0.00 3.00 8.00 20.00 15.00 12.00 11.00 0.00 0.00 0.00 1.00 0.00
62.00 27.00 24.00 72.00 131.00 48.00 59.00 0.08 2.83 0.00 2.00 0.00 9.00 16.00 18.00 11.00 19.00 8.00 0.00 0.00 0.00 0.00 0.00
63.00 22.00 30.00 58.00 113.00 28.00 55.00 0.08 3.15 0.00 2.00 0.00 5.00 12.00 17.00 10.00 16.00 6.00 0.00 0.00 0.00 0.00 0.00
64.00 21.00 17.00 51.00 101.00 34.00 50.00 0.08 3.39 0.00 2.00 0.00 8.00 14.00 13.00 7.00 18.00 3.00 0.00 0.00 0.00 0.00 0.00
65.00 22.00 16.00 58.00 104.00 42.00 46.00 0.08 3.11 0.00 3.00 0.00 7.00 12.00 15.00 10.00 16.00 6.00 0.00 0.00 0.00 0.00 0.00
66.00 21.00 10.00 43.00 106.00 33.00 63.00 0.09 3.73 0.00 2.00 0.00 5.00 8.00 16.00 13.00 13.00 8.00 0.00 0.00 0.00 0.00 0.00
67.00 22.00 31.00 62.00 110.00 31.00 48.00 0.10 3.48 0.00 3.00 0.00 4.00 10.00 18.00 12.00 13.00 9.00 0.00 0.00 0.00 0.00 0.00
68.00 26.00 23.00 61.00 128.00 38.00 67.00 0.08 4.17 0.00 2.00 0.00 10.00 14.00 16.00 12.00 18.00 8.00 0.00 0.00 0.00 0.00 0.00
69.00 19.00 22.00 49.00 92.00 27.00 43.00 0.08 3.49 0.00 2.00 0.00 4.00 10.00 15.00 9.00 15.00 4.00 0.00 0.00 0.00 0.00 0.00
70.00 19.00 28.00 54.00 91.00 26.00 37.00 0.08 3.39 0.00 2.00 0.00 4.00 8.00 15.00 11.00 10.00 9.00 0.00 0.00 0.00 0.00 1.00
71.00 23.00 29.00 62.00 113.00 33.00 51.00 0.09 3.05 0.00 2.00 0.00 6.00 10.00 17.00 13.00 13.00 10.00 0.00 0.00 0.00 0.00 0.00
72.00 15.00 14.00 34.00 72.00 20.00 38.00 0.09 4.28 0.00 1.00 0.00 6.00 7.00 9.00 8.00 10.00 5.00 0.00 0.00 0.00 0.00 0.00
73.00 18.00 20.00 49.00 90.00 29.00 41.00 0.09 3.10 1.00 2.00 0.50 5.00 7.00 13.00 11.00 10.00 8.00 0.00 0.00 0.00 0.00 0.00
74.00 25.00 37.00 65.00 108.00 28.00 43.00 0.08 2.85 0.00 1.00 0.00 9.00 11.00 16.00 14.00 20.00 5.00 0.00 0.00 0.00 0.00 0.00
75.00 21.00 25.00 60.00 114.00 35.00 54.00 0.08 3.32 1.00 1.00 1.00 6.00 9.00 15.00 12.00 14.00 7.00 0.00 0.00 0.00 0.00 0.00
76.00 24.00 31.00 69.00 120.00 38.00 51.00 0.08 3.85 0.00 2.00 0.00 4.00 14.00 20.00 10.00 20.00 4.00 0.00 0.00 0.00 0.00 0.00
77.00 19.00 19.00 46.00 97.00 27.00 51.00 0.08 3.39 0.00 2.00 0.00 6.00 10.00 13.00 9.00 14.00 5.00 0.00 0.00 1.00 0.00 0.00
78.00 22.00 18.00 53.00 109.00 35.00 56.00 0.10 1.82 1.00 1.00 1.00 7.00 13.00 15.00 9.00 18.00 4.00 0.00 0.00 1.00 0.00 0.00
79.00 25.00 33.00 74.00 127.00 41.00 53.00 0.08 3.60 1.00 2.00 0.50 4.00 9.00 21.00 16.00 11.00 14.00 0.00 0.00 1.00 0.00 0.00
80.00 21.00 26.00 62.00 112.00 36.00 50.00 0.10 4.04 0.00 2.00 0.00 3.00 5.00 18.00 16.00 8.00 13.00 1.00 0.00 1.00 1.00 0.00
81.00 26.00 30.00 73.00 133.00 43.00 60.00 0.09 4.14 0.00 2.00 0.00 11.00 16.00 15.00 10.00 18.00 8.00 0.00 0.00 0.00 0.00 0.00
82.00 23.00 29.00 69.00 113.00 40.00 44.00 0.08 3.99 0.00 2.00 0.00 9.00 9.00 14.00 14.00 15.00 8.00 0.00 0.00 0.00 0.00 0.00
83.00 18.00 13.00 41.00 91.00 28.00 50.00 0.08 3.11 0.00 2.00 0.00 5.00 10.00 13.00 8.00 13.00 5.00 0.00 0.00 0.00 0.00 0.00
84.00 23.00 25.00 62.00 114.00 37.00 52.00 0.09 3.52 0.00 0.00 0.00 5.00 11.00 18.00 12.00 17.00 6.00 0.00 0.00 0.00 0.00 0.00
85.00 23.00 35.00 73.00 119.00 38.00 46.00 0.08 3.51 0.00 2.00 0.00 3.00 8.00 20.00 15.00 13.00 10.00 0.00 0.00 0.00 0.00 0.00
86.00 21.00 22.00 52.00 102.00 30.00 50.00 0.08 1.34 0.00 2.00 0.00 3.00 8.00 18.00 13.00 17.00 4.00 0.00 0.00 0.00 0.00 0.00
87.00 21.00 29.00 60.00 97.00 31.00 37.00 0.10 3.79 0.00 2.00 0.00 5.00 12.00 16.00 9.00 14.00 7.00 0.00 0.00 0.00 1.00 0.00
88.00 23.00 30.00 71.00 115.00 41.00 44.00 0.08 3.10 0.00 2.00 0.00 5.00 8.00 18.00 15.00 14.00 9.00 0.00 0.00 0.00 0.00 0.00
89.00 20.00 22.00 54.00 100.00 32.00 46.00 0.08 3.69 0.00 2.00 0.00 6.00 9.00 14.00 11.00 13.00 7.00 0.00 0.00 0.00 0.00 0.00
90.00 23.00 23.00 61.00 116.00 38.00 55.00 0.08 2.52 0.00 3.00 0.00 7.00 10.00 16.00 13.00 15.00 8.00 0.00 0.00 0.00 0.00 0.00
91.00 22.00 24.00 55.00 105.00 31.00 50.00 0.08 1.98 0.00 1.00 0.00 5.00 13.00 17.00 9.00 17.00 5.00 0.00 0.00 0.00 0.00 0.00
92.00 18.00 26.00 51.00 85.00 25.00 34.00 0.08 2.20 0.00 2.00 0.00 6.00 8.00 12.00 10.00 13.00 5.00 0.00 0.00 0.00 0.00 0.00
93.00 19.00 18.00 53.00 92.00 35.00 39.00 0.08 3.48 0.00 2.00 0.00 6.00 8.00 13.00 11.00 14.00 5.00 0.00 0.00 0.00 0.00 0.00
94.00 18.00 23.00 48.00 89.00 25.00 41.00 0.08 2.18 0.00 3.00 0.00 4.00 8.00 14.00 10.00 11.00 7.00 0.00 0.00 0.00 0.00 0.00
95.00 18.00 24.00 50.00 88.00 26.00 38.00 0.09 4.03 0.00 3.00 0.00 6.00 9.00 12.00 9.00 14.00 4.00 0.00 0.00 0.00 0.00 0.00
96.00 22.00 33.00 62.00 110.00 29.00 48.00 0.09 3.16 0.00 2.00 0.00 3.00 10.00 19.00 12.00 13.00 9.00 0.00 0.00 0.00 0.00 0.00
97.00 19.00 21.00 53.00 94.00 32.00 41.00 0.09 3.20 0.00 0.00 0.00 5.00 8.00 14.00 11.00 12.00 7.00 0.00 0.00 0.00 0.00 0.00
98.00 19.00 26.00 51.00 86.00 25.00 35.00 0.10 3.35 0.00 2.00 0.00 5.00 10.00 14.00 9.00 15.00 4.00 0.00 0.00 0.00 0.00 0.00
99.00 18.00 22.00 47.00 84.00 25.00 37.00 0.08 2.24 0.00 3.00 0.00 5.00 9.00 13.00 9.00 14.00 4.00 0.00 0.00 0.00 0.00 0.00
100.00 21.00 25.00 51.00 97.00 26.00 46.00 0.08 4.40 0.00 2.00 0.00 5.00 10.00 16.00 11.00 13.00 8.00 0.00 0.00 0.00 0.00 0.00
101.00 17.00 18.00 45.00 81.00 27.00 36.00 0.09 3.83 0.00 1.00 0.00 4.00 10.00 13.00 7.00 13.00 4.00 0.00 0.00 1.00 0.00 0.00
102.00 15.00 14.00 35.00 72.00 21.00 37.00 0.08 3.04 0.00 1.00 0.00 5.00 11.00 10.00 4.00 13.00 2.00 0.00 0.00 0.00 0.00 0.00
103.00 10.00 8.00 20.00 47.00 12.00 27.00 0.07 2.09 0.00 2.00 0.00 5.00 7.00 5.00 3.00 7.00 3.00 0.00 0.00 0.00 0.00 0.00
104.00 19.00 23.00 49.00 92.00 26.00 43.00 0.08 4.18 0.00 1.00 0.00 6.00 10.00 13.00 9.00 16.00 3.00 0.00 0.00 2.00 0.00 0.00
105.00 17.00 22.00 47.00 84.00 25.00 37.00 0.07 4.29 0.00 1.00 0.00 4.00 8.00 13.00 9.00 11.00 6.00 0.00 0.00 1.00 0.00 0.00
106.00 13.00 9.00 23.00 59.00 14.00 36.00 0.09 2.94 0.00 0.00 0.00 5.00 8.00 8.00 5.00 10.00 3.00 0.00 0.00 0.00 0.00 0.00
107.00 18.00 10.00 38.00 80.00 28.00 42.00 0.09 4.78 0.00 0.00 0.00 5.00 11.00 13.00 7.00 15.00 3.00 0.00 0.00 0.00 0.00 0.00
108.00 18.00 16.00 44.00 91.00 28.00 47.00 0.09 4.35 0.00 0.00 0.00 6.00 9.00 12.00 9.00 12.00 6.00 0.00 0.00 1.00 0.00 0.00
109.00 15.00 17.00 38.00 76.00 21.00 38.00 0.09 2.45 0.00 1.00 0.00 4.00 9.00 11.00 6.00 11.00 4.00 0.00 0.00 1.00 0.00 0.00
110.00 8.00 3.00 15.00 38.00 12.00 23.00 0.08 2.32 0.00 0.00 0.00 2.00 3.00 6.00 5.00 7.00 1.00 0.00 0.00 1.00 0.00 0.00
111.00 16.00 13.00 35.00 79.00 22.00 44.00 0.09 3.97 0.00 0.00 0.00 6.00 9.00 10.00 7.00 10.00 6.00 0.00 0.00 1.00 0.00 0.00
112.00 8.00 3.00 14.00 33.00 11.00 19.00 0.10 3.77 0.00 0.00 0.00 3.00 6.00 5.00 2.00 7.00 1.00 0.00 0.00 1.00 0.00 0.00
113.00 11.00 9.00 23.00 53.00 14.00 30.00 0.09 4.09 0.00 0.00 0.00 2.00 7.00 9.00 4.00 9.00 2.00 0.00 0.00 1.00 0.00 0.00
114.00 19.00 22.00 51.00 90.00 29.00 39.00 0.08 3.42 0.00 1.00 0.00 4.00 10.00 15.00 9.00 14.00 5.00 0.00 0.00 1.00 0.00 0.00
115.00 17.00 19.00 44.00 77.00 25.00 33.00 0.08 2.34 0.00 0.00 0.00 8.00 11.00 9.00 6.00 14.00 3.00 0.00 0.00 1.00 0.00 0.00
116.00 19.00 21.00 48.00 88.00 27.00 40.00 0.09 2.83 0.00 1.00 0.00 4.00 13.00 15.00 6.00 14.00 5.00 0.00 0.00 1.00 0.00 0.00
117.00 13.00 10.00 28.00 64.00 18.00 36.00 0.07 2.78 1.00 0.00 0.00 3.00 8.00 10.00 5.00 11.00 2.00 0.00 0.00 1.00 0.00 0.00
118.00 10.00 4.00 14.00 45.00 10.00 31.00 0.08 2.09 0.00 0.00 0.00 2.00 8.00 8.00 2.00 8.00 2.00 0.00 0.00 0.00 0.00 0.00
119.00 14.00 10.00 33.00 67.00 23.00 34.00 0.10 2.81 0.00 0.00 0.00 5.00 8.00 9.00 6.00 10.00 4.00 0.00 0.00 1.00 0.00 0.00
120.00 10.00 6.00 22.00 47.00 16.00 25.00 0.06 3.46 0.00 0.00 0.00 4.00 6.00 6.00 4.00 10.00 0.00 0.00 0.00 1.00 0.00 0.00
121.00 11.00 10.00 26.00 50.00 16.00 24.00 0.08 1.92 0.00 0.00 0.00 3.00 7.00 8.00 4.00 9.00 2.00 0.00 0.00 0.00 0.00 0.00
122.00 12.00 6.00 22.00 55.00 16.00 33.00 0.09 4.16 0.00 0.00 0.00 6.00 9.00 6.00 3.00 11.00 1.00 0.00 0.00 1.00 0.00 0.00
123.00 11.00 9.00 25.00 54.00 16.00 29.00 0.07 1.84 0.00 0.00 0.00 3.00 7.00 8.00 4.00 10.00 1.00 0.00 0.00 1.00 0.00 0.00
124.00 13.00 11.00 29.00 59.00 18.00 30.00 0.09 3.02 0.00 0.00 0.00 3.00 8.00 10.00 5.00 10.00 3.00 0.00 0.00 1.00 0.00 0.00
125.00 17.00 18.00 42.00 85.00 24.00 43.00 0.08 4.47 0.00 0.00 0.00 5.00 10.00 12.00 7.00 12.00 5.00 0.00 0.00 1.00 0.00 0.00
126.00 12.00 13.00 30.00 59.00 17.00 29.00 0.08 2.99 0.00 0.00 0.00 3.00 9.00 9.00 3.00 12.00 0.00 0.00 0.00 1.00 0.00 0.00
127.00 7.00 3.00 10.00 29.00 7.00 19.00 0.08 2.56 0.00 0.00 0.00 3.00 6.00 4.00 1.00 7.00 0.00 0.00 0.00 1.00 0.00 0.00
128.00 12.00 5.00 23.00 57.00 18.00 34.00 0.08 1.81 0.00 0.00 0.00 4.00 9.00 8.00 3.00 11.00 1.00 0.00 0.00 0.00 0.00 0.00
129.00 8.00 3.00 15.00 34.00 12.00 19.00 0.09 0.30 0.00 0.00 0.00 4.00 5.00 4.00 3.00 6.00 2.00 0.00 0.00 0.00 0.00 0.00
130.00 4.00 0.00 1.00 15.00 1.00 14.00 0.10 3.85 0.00 0.00 0.00 1.00 3.00 3.00 1.00 4.00 0.00 0.00 0.00 0.00 0.00 0.00
131.00 8.00 5.00 15.00 28.00 10.00 13.00 0.08 0.58 0.00 0.00 0.00 5.00 6.00 3.00 2.00 7.00 1.00 0.00 0.00 0.00 0.00 0.00
132.00 7.00 3.00 12.00 27.00 9.00 15.00 0.09 0.34 0.00 0.00 0.00 2.00 6.00 5.00 1.00 6.00 1.00 0.00 0.00 0.00 0.00 0.00
133.00 7.00 2.00 11.00 27.00 9.00 16.00 0.10 0.37 0.00 0.00 0.00 5.00 6.00 2.00 1.00 6.00 1.00 0.00 0.00 0.00 0.00 0.00
134.00 9.00 5.00 16.00 40.00 11.00 24.00 0.09 2.18 0.00 0.00 0.00 5.00 7.00 4.00 2.00 8.00 1.00 0.00 0.00 0.00 0.00 0.00
135.00 3.00 0.00 0.00 4.00 0.00 4.00 0.09 4.60 0.00 0.00 0.00 2.00 3.00 1.00 0.00 3.00 0.00 0.00 0.00 0.00 0.00 0.00
136.00 3.00 0.00 1.00 6.00 1.00 5.00 0.09 0.08 0.00 0.00 0.00 2.00 3.00 1.00 0.00 3.00 0.00 0.00 0.00 0.00 0.00 0.00
137.00 4.00 1.00 4.00 18.00 3.00 14.00 0.08 0.15 0.00 0.00 0.00 2.00 4.00 2.00 0.00 4.00 0.00 0.00 0.00 0.00 0.00 0.00
138.00 5.00 1.00 4.00 16.00 3.00 12.00 0.07 0.32 0.00 0.00 0.00 1.00 2.00 4.00 3.00 5.00 0.00 0.00 0.00 0.00 0.00 0.00
139.00 3.00 0.00 2.00 10.00 2.00 8.00 0.08 0.19 0.00 0.00 0.00 2.00 3.00 1.00 0.00 3.00 0.00 0.00 0.00 0.00 0.00 0.00
140.00 3.00 0.00 0.00 0.00 0.00 0.00 0.09 0.11 0.00 0.00 0.00 2.00 3.00 1.00 0.00 3.00 0.00 0.00 0.00 0.00 0.00 0.00
141.00 5.00 0.00 2.00 11.00 2.00 9.00 0.09 0.49 0.00 0.00 0.00 3.00 4.00 2.00 1.00 5.00 0.00 0.00 0.00 0.00 0.00 0.00
142.00 9.00 2.00 14.00 38.00 12.00 24.00 0.08 0.43 0.00 0.00 0.00 3.00 8.00 6.00 1.00 9.00 0.00 0.00 0.00 0.00 0.00 0.00
143.00 2.00 0.00 0.00 5.00 0.00 5.00 0.08 0.05 0.00 0.00 0.00 2.00 2.00 0.00 0.00 2.00 0.00 0.00 0.00 0.00 0.00 0.00
