0.00 2.00 0.00 0.00 5.00 0.00 5.00 0.08 0.16 0.00 0.00 0.00 2.00 2.00 0.00 0.00 2.00 0.00 0.00 0.00 0.00 0.00 0.00
1.00 5.00 0.00 3.00 13.00 3.00 10.00 0.09 0.20 0.00 0.00 0.00 2.00 5.00 3.00 0.00 5.00 0.00 0.00 0.00 0.00 0.00 0.00
2.00 5.00 0.00 1.00 15.00 1.00 14.00 0.07 0.39 0.00 0.00 0.00 2.00 5.00 3.00 0.00 5.00 0.00 0.00 0.00 0.00 0.00 0.00
3.00 4.00 1.00 5.00 16.00 4.00 11.00 0.09 0.16 0.00 0.00 0.00 1.00 3.00 3.00 1.00 4.00 0.00 0.00 0.00 0.00 0.00 0.00
4.00 9.00 6.00 17.00 40.00 11.00 23.00 0.09 0.48 0.00 0.00 0.00 3.00 5.00 6.00 4.00 8.00 1.00 0.00 0.00 0.00 0.00 0.00
5.00 13.00 10.00 28.00 58.00 18.00 30.00 0.08 0.60 0.00 0.00 0.00 3.00 7.00 10.00 6.00 9.00 4.00 0.00 0.00 0.00 0.00 0.00
6.00 8.00 6.00 14.00 36.00 8.00 22.00 0.10 0.28 0.00 0.00 0.00 5.00 5.00 3.00 3.00 8.00 0.00 0.00 0.00 0.00 0.00 0.00
7.00 12.00 10.00 30.00 60.00 20.00 30.00 0.10 0.36 0.00 0.00 0.00 3.00 6.00 9.00 6.00 10.00 2.00 0.00 0.00 0.00 0.00 0.00
8.00 13.00 11.00 28.00 60.00 17.00 32.00 0.09 0.45 0.00 1.00 0.00 5.00 8.00 8.00 5.00 9.00 4.00 0.00 0.00 0.00 0.00 0.00
9.00 13.00 12.00 32.00 59.00 20.00 27.00 0.09 0.41 0.00 1.00 0.00 7.00 9.00 6.00 4.00 11.00 2.00 0.00 0.00 0.00 0.00 0.00
10.00 10.00 8.00 23.00 48.00 15.00 25.00 0.09 0.35 0.00 0.00 0.00 1.00 5.00 9.00 5.00 6.00 4.00 0.00 0.00 0.00 0.00 0.00
11.00 11.00 11.00 24.00 49.00 13.00 25.00 0.08 0.45 0.00 2.00 0.00 3.00 4.00 8.00 7.00 7.00 4.00 0.00 0.00 0.00 0.00 0.00
12.00 16.00 12.00 41.00 82.00 29.00 41.00 0.09 0.55 0.00 2.00 0.00 3.00 7.00 13.00 9.00 10.00 6.00 0.00 0.00 0.00 0.00 0.00
13.00 13.00 10.00 26.00 60.00 16.00 34.00 0.09 0.56 0.00 2.00 0.00 5.00 6.00 8.00 7.00 9.00 4.00 0.00 0.00 0.00 0.00 0.00
14.00 11.00 4.00 17.00 47.00 13.00 30.00 0.08 0.46 0.00 0.00 0.00 3.00 6.00 8.00 5.00 9.00 2.00 0.00 0.00 0.00 0.00 0.00
15.00 14.00 12.00 31.00 66.00 19.00 35.00 0.07 0.47 0.00 1.00 0.00 3.00 8.00 11.00 6.00 10.00 4.00 0.00 0.00 0.00 0.00 0.00
16.00 14.00 11.00 33.00 69.00 22.00 36.00 0.09 0.41 0.00 1.00 0.00 2.00 8.00 12.00 6.00 10.00 4.00 0.00 0.00 0.00 0.00 0.00
17.00 14.00 5.00 23.00 62.00 18.00 39.00 0.08 0.72 0.00 2.00 0.00 4.00 5.00 10.00 9.00 12.00 2.00 0.00 0.00 0.00 0.00 0.00
18.00 16.00 17.00 38.00 78.00 21.00 40.00 0.09 0.62 0.00 2.00 0.00 4.00 7.00 12.00 9.00 12.00 4.00 0.00 0.00 0.00 0.00 0.00
19.00 15.00 18.00 39.00 72.00 21.00 33.00 0.09 0.42 0.00 2.00 0.00 3.00 8.00 12.00 7.00 10.00 5.00 0.00 0.00 0.00 0.00 0.00
20.00 13.00 12.00 29.00 62.00 17.00 33.00 0.09 0.47 0.00 2.00 0.00 3.00 6.00 10.00 7.00 7.00 6.00 0.00 0.00 0.00 0.00 0.00
21.00 19.00 19.00 52.00 93.00 33.00 41.00 0.06 0.61 0.00 1.00 0.00 2.00 8.00 17.00 11.00 13.00 6.00 0.00 0.00 0.00 0.00 0.00
22.00 14.00 14.00 31.00 70.00 17.00 39.00 0.09 0.46 0.00 1.00 0.00 2.00 5.00 12.00 9.00 8.00 6.00 0.00 0.00 0.00 0.00 0.00
23.00 15.00 7.00 25.00 69.00 18.00 44.00 0.09 0.68 0.00 2.00 0.00 6.00 11.00 9.00 4.00 13.00 2.00 0.00 0.00 0.00 0.00 0.00
24.00 20.00 14.00 43.00 91.00 29.00 48.00 0.09 0.81 1.00 1.00 1.00 5.00 9.00 15.00 11.00 13.00 7.00 0.00 0.00 0.00 0.00 0.00
25.00 22.00 25.00 62.00 110.00 37.00 48.00 0.08 0.65 1.00 1.00 1.00 3.00 12.00 19.00 10.00 14.00 8.00 0.00 0.00 0.00 0.00 0.00
26.00 13.00 12.00 33.00 65.00 21.00 32.00 0.08 0.56 0.00 0.00 0.00 2.00 5.00 11.00 8.00 8.00 5.00 0.00 0.00 0.00 0.00 0.00
27.00 21.00 21.00 56.00 103.00 35.00 47.00 0.09 0.67 0.00 1.00 0.00 6.00 14.00 15.00 7.00 16.00 5.00 0.00 0.00 0.00 0.00 0.00
28.00 20.00 12.00 44.00 89.00 32.00 45.00 0.07 0.81 0.00 1.00 0.00 5.00 11.00 15.00 9.00 15.00 5.00 0.00 0.00 0.00 0.00 0.00
29.00 19.00 16.00 38.00 96.00 22.00 58.00 0.09 0.64 0.00 0.00 0.00 5.00 10.00 14.00 9.00 13.00 6.00 0.00 0.00 0.00 0.00 1.00
30.00 18.00 19.00 49.00 88.00 30.00 39.00 0.08 0.69 0.00 0.00 0.00 6.00 7.00 12.00 11.00 10.00 8.00 0.00 0.00 0.00 0.00 0.00
31.00 22.00 22.00 61.00 109.00 39.00 48.00 0.07 0.66 0.00 0.00 0.00 6.00 11.00 16.00 11.00 11.00 11.00 0.00 0.00 0.00 0.00 0.00
32.00 13.00 8.00 25.00 58.00 17.00 33.00 0.10 0.44 0.00 1.00 0.00 3.00 6.00 10.00 7.00 8.00 5.00 0.00 0.00 0.00 0.00 0.00
33.00 21.00 16.00 51.00 109.00 35.00 58.00 0.09 0.71 0.00 0.00 0.00 6.00 10.00 15.00 11.00 15.00 6.00 0.00 0.00 0.00 0.00 0.00
34.00 23.00 26.00 68.00 115.00 42.00 47.00 0.07 0.70 0.00 0.00 0.00 5.00 13.00 18.00 10.00 16.00 7.00 0.00 0.00 0.00 0.00 0.00
35.00 21.00 24.00 57.00 108.00 33.00 51.00 0.08 0.71 0.00 2.00 0.00 5.00 10.00 16.00 11.00 16.00 5.00 0.00 0.00 0.00 0.00 0.00
36.00 17.00 14.00 41.00 89.00 27.00 48.00 0.09 0.54 0.00 1.00 0.00 2.00 10.00 15.00 7.00 11.00 6.00 0.00 0.00 0.00 0.00 0.00
37.00 19.00 16.00 48.00 92.00 32.00 44.00 0.09 0.63 1.00 2.00 0.50 4.00 11.00 15.00 8.00 15.00 4.00 0.00 0.00 0.00 0.00 0.00
38.00 13.00 8.00 27.00 60.00 19.00 33.00 0.07 0.47 0.00 0.00 0.00 2.00 5.00 11.00 8.00 8.00 5.00 0.00 0.00 0.00 0.00 0.00
39.00 16.00 10.00 40.00 84.00 30.00 44.00 0.09 0.66 0.00 1.00 0.00 4.00 6.00 12.00 10.00 9.00 7.00 1.00 0.00 0.00 0.00 0.00
40.00 20.00 24.00 52.00 92.00 28.00 40.00 0.09 0.64 0.00 2.00 0.00 8.00 12.00 12.00 8.00 17.00 3.00 0.00 0.00 0.00 0.00 1.00
41.00 15.00 5.00 29.00 74.00 24.00 45.00 0.07 0.58 0.00 1.00 0.00 4.00 7.00 11.00 8.00 11.00 4.00 0.00 0.00 0.00 0.00 0.00
42.00 20.00 10.00 42.00 95.00 32.00 53.00 0.07 0.58 0.00 2.00 0.00 10.00 14.00 10.00 6.00 15.00 5.00 0.00 0.00 0.00 0.00 0.00
43.00 20.00 18.00 50.00 103.00 32.00 53.00 0.09 0.68 0.00 2.00 0.00 3.00 12.00 17.00 8.00 14.00 6.00 0.00 0.00 0.00 0.00 0.00
44.00 16.00 12.00 39.00 76.00 27.00 37.00 0.09 0.56 1.00 2.00 0.50 4.00 8.00 12.00 8.00 13.00 3.00 0.00 0.00 0.00 0.00 0.00
45.00 18.00 17.00 44.00 91.00 27.00 47.00 0.09 0.53 1.00 2.00 0.50 5.00 8.00 13.00 10.00 13.00 5.00 0.00 0.00 0.00 0.00 0.00
46.00 18.00 8.00 37.00 90.00 29.00 53.00 0.09 0.67 1.00 0.00 0.00 8.00 14.00 10.00 4.00 15.00 3.00 0.00 0.00 0.00 0.00 0.00
47.00 20.00 15.00 53.00 103.00 38.00 50.00 0.08 0.65 0.00 0.00 0.00 4.00 9.00 16.00 11.00 13.00 7.00 0.00 0.00 0.00 0.00 0.00
48.00 24.00 26.00 65.00 129.00 39.00 64.00 0.09 0.73 0.00 1.00 0.00 4.00 12.00 20.00 12.00 16.00 8.00 0.00 0.00 0.00 0.00 0.00
49.00 30.00 28.00 76.00 146.00 48.00 70.00 0.08 0.93 1.00 1.00 1.00 11.00 18.00 19.00 12.00 21.00 9.00 0.00 0.00 0.00 0.00 0.00
50.00 31.00 34.00 80.00 159.00 46.00 79.00 0.10 1.01 1.00 2.00 0.50 5.00 12.00 26.00 19.00 20.00 11.00 0.00 0.00 0.00 0.00 0.00
51.00 27.00 21.00 67.00 136.00 46.00 69.00 0.10 0.83 1.00 2.00 0.50 11.00 13.00 16.00 14.00 17.00 10.00 0.00 0.00 0.00 0.00 1.00
52.00 15.00 10.00 31.00 69.00 21.00 38.00 0.09 0.51 0.00 0.00 0.00 3.00 4.00 12.00 11.00 12.00 3.00 0.00 0.00 0.00 0.00 0.00
53.00 19.00 17.00 50.00 103.00 33.00 53.00 0.09 0.46 0.00 0.00 0.00 4.00 7.00 15.00 12.00 15.00 4.00 0.00 0.00 0.00 0.00 0.00
54.00 19.00 20.00 52.00 104.00 32.00 52.00 0.08 0.42 1.00 1.00 1.00 1.00 6.00 18.00 13.00 16.00 3.00 0.00 0.00 0.00 0.00 0.00
55.00 23.00 24.00 63.00 120.00 39.00 57.00 0.10 0.56 0.00 1.00 0.00 6.00 8.00 17.00 15.00 15.00 8.00 1.00 0.00 0.00 0.00 0.00
56.00 15.00 12.00 38.00 78.00 26.00 40.00 0.08 0.49 0.00 0.00 0.00 2.00 6.00 13.00 9.00 10.00 5.00 1.00 0.00 0.00 0.00 1.00
57.00 16.00 15.00 40.00 78.00 25.00 38.00 0.08 0.44 0.00 1.00 0.00 5.00 8.00 11.00 8.00 10.00 6.00 0.00 0.00 0.00 0.00 0.00
58.00 19.00 20.00 53.00 99.00 33.00 46.00 0.09 0.52 0.00 2.00 0.00 2.00 8.00 17.00 11.00 11.00 8.00 0.00 0.00 0.00 0.00 0.00
59.00 13.00 7.00 26.00 65.00 19.00 39.00 0.08 0.34 0.00 0.00 0.00 5.00 7.00 8.00 6.00 12.00 1.00 1.00 0.00 0.00 0.00 0.00
60.00 12.00 5.00 21.00 56.00 16.00 35.00 0.09 0.44 0.00 0.00 0.00 5.00 9.00 7.00 3.00 12.00 0.00 0.00 0.00 0.00 0.00 0.00
61.00 18.00 9.00 32.00 87.00 23.00 55.00 0.08 0.69 0.00 0.00 0.00 7.00 12.00 11.00 6.00 13.00 5.00 1.00 0.00 0.00 0.00 0.00
62.00 15.00 6.00 31.00 80.00 25.00 49.00 0.09 0.43 0.00 0.00 0.00 7.00 10.00 8.00 5.00 12.00 3.00 0.00 0.00 0.00 0.00 0.00
63.00 11.00 7.00 24.00 57.00 17.00 33.00 0.08 0.34 0.00 0.00 0.00 2.00 5.00 9.00 6.00 8.00 3.00 0.00 0.00 0.00 0.00 0.00
64.00 11.00 8.00 20.00 51.00 12.00 31.00 0.09 0.51 0.00 0.00 0.00 4.00 8.00 7.00 3.00 8.00 3.00 0.00 0.00 0.00 0.00 0.00
65.00 13.00 6.00 24.00 57.00 18.00 33.00 0.09 0.46 0.00 0.00 0.00 4.00 6.00 9.00 7.00 8.00 5.00 0.00 0.00 0.00 0.00 0.00
66.00 11.00 5.00 22.00 50.00 17.00 28.00 0.09 0.29 0.00 0.00 0.00 4.00 8.00 7.00 3.00 10.00 1.00 0.00 0.00 0.00 0.00 0.00
67.00 12.00 9.00 24.00 59.00 15.00 35.00 0.08 0.33 0.00 0.00 0.00 3.00 8.00 9.00 4.00 9.00 3.00 0.00 0.00 0.00 0.00 0.00
68.00 10.00 8.00 24.00 49.00 16.00 25.00 0.07 0.40 0.00 1.00 0.00 1.00 4.00 9.00 6.00 8.00 2.00 0.00 0.00 0.00 0.00 0.00
69.00 11.00 7.00 25.00 52.00 18.00 27.00 0.08 0.37 0.00 0.00 0.00 3.00 7.00 8.00 4.00 10.00 1.00 0.00 0.00 0.00 0.00 0.00
70.00 11.00 6.00 19.00 50.00 13.00 31.00 0.08 0.43 0.00 0.00 0.00 3.00 6.00 8.00 5.00 8.00 3.00 0.00 0.00 0.00 0.00 0.00
71.00 9.00 2.00 13.00 38.00 11.00 25.00 0.09 0.30 0.00 0.00 0.00 4.00 7.00 5.00 2.00 9.00 0.00 0.00 0.00 0.00 0.00 0.00
72.00 5.00 1.00 5.00 20.00 4.00 15.00 0.08 0.22 0.00 0.00 0.00 2.00 3.00 3.00 2.00 5.00 0.00 0.00 0.00 0.00 0.00 0.00
73.00 4.00 0.00 4.00 13.00 4.00 9.00 0.08 0.15 0.00 0.00 0.00 3.00 3.00 1.00 1.00 4.00 0.00 0.00 0.00 0.00 0.00 0.00
74.00 3.00 0.00 2.00 11.00 2.00 9.00 0.08 0.12 0.00 0.00 0.00 2.00 3.00 1.00 0.00 3.00 0.00 0.00 0.00 0.00 0.00 0.00
75.00 7.00 3.00 12.00 33.00 9.00 21.00 0.08 0.14 0.00 0.00 0.00 3.00 6.00 4.00 1.00 7.00 0.00 0.00 0.00 0.00 0.00 0.00
76.00 5.00 0.00 3.00 17.00 3.00 14.00 0.08 0.16 0.00 0.00 0.00 2.00 5.00 3.00 0.00 5.00 0.00 0.00 0.00 0.00 0.00 0.00
77.00 5.00 2.00 7.00 20.00 5.00 13.00 0.09 0.19 0.00 0.00 0.00 3.00 4.00 2.00 1.00 5.00 0.00 0.00 0.00 0.00 0.00 0.00
78.00 6.00 0.00 5.00 21.00 5.00 16.00 0.09 0.47 0.00 0.00 0.00 3.00 5.00 3.00 1.00 6.00 0.00 0.00 0.00 0.00 0.00 0.00
79.00 3.00 0.00 0.00 6.00 0.00 6.00 0.09 0.11 0.00 0.00 0.00 2.00 3.00 1.00 0.00 3.00 0.00 0.00 0.00 0.00 0.00 0.00
80.00 2.00 0.00 0.00 1.00 0.00 1.00 0.08 0.29 0.00 0.00 0.00 2.00 2.00 0.00 0.00 2.00 0.00 0.00 0.00 0.00 0.00 0.00
