0.00 2.00 0.00 0.00 2.00 0.00 2.00 0.09 0.13 0.00 0.00 0.00 2.00 2.00 0.00 0.00 2.00 0.00 0.00 0.00 0.00 0.00 0.00
1.00 8.00 4.00 15.00 36.00 11.00 21.00 0.08 0.40 0.00 0.00 0.00 4.00 7.00 4.00 1.00 7.00 1.00 0.00 0.00 0.00 0.00 0.00
2.00 7.00 1.00 7.00 22.00 6.00 15.00 0.08 0.32 0.00 0.00 0.00 2.00 6.00 5.00 1.00 6.00 1.00 0.00 0.00 0.00 0.00 0.00
3.00 10.00 0.00 9.00 33.00 9.00 24.00 0.08 1.42 0.00 0.00 0.00 4.00 7.00 6.00 3.00 9.00 1.00 0.00 0.00 0.00 0.00 0.00
4.00 9.00 4.00 16.00 38.00 12.00 22.00 0.09 0.41 0.00 0.00 0.00 4.00 6.00 5.00 3.00 7.00 2.00 0.00 0.00 0.00 0.00 0.00
5.00 7.00 3.00 12.00 33.00 9.00 21.00 0.07 0.44 0.00 0.00 0.00 3.00 3.00 4.00 4.00 6.00 1.00 0.00 0.00 0.00 0.00 0.00
6.00 6.00 3.00 11.00 28.00 8.00 17.00 0.09 0.21 0.00 0.00 0.00 1.00 3.00 5.00 3.00 6.00 0.00 0.00 0.00 0.00 0.00 0.00
7.00 9.00 5.00 13.00 36.00 8.00 23.00 0.09 0.34 0.00 0.00 0.00 7.00 7.00 2.00 2.00 7.00 2.00 0.00 0.00 0.00 0.00 0.00
8.00 11.00 3.00 20.00 54.00 17.00 34.00 0.10 0.53 0.00 0.00 0.00 4.00 7.00 7.00 4.00 9.00 2.00 0.00 0.00 0.00 0.00 0.00
9.00 4.00 0.00 2.00 14.00 2.00 12.00 0.06 0.14 0.00 0.00 0.00 3.00 3.00 1.00 1.00 4.00 0.00 0.00 0.00 0.00 0.00 0.00
10.00 9.00 6.00 16.00 43.00 10.00 27.00 0.09 0.33 0.00 0.00 0.00 3.00 5.00 6.00 4.00 8.00 1.00 0.00 0.00 0.00 0.00 0.00
11.00 8.00 6.00 18.00 38.00 12.00 20.00 0.07 0.27 0.00 0.00 0.00 2.00 3.00 6.00 5.00 4.00 4.00 0.00 0.00 1.00 0.00 0.00
12.00 14.00 9.00 28.00 67.00 19.00 39.00 0.08 0.56 0.00 0.00 0.00 2.00 10.00 12.00 4.00 12.00 2.00 0.00 0.00 1.00 0.00 0.00
13.00 12.00 7.00 21.00 55.00 14.00 34.00 0.09 0.38 0.00 0.00 0.00 4.00 6.00 8.00 6.00 10.00 2.00 0.00 0.00 1.00 0.00 0.00
14.00 14.00 8.00 24.00 61.00 16.00 37.00 0.10 0.52 0.00 0.00 0.00 6.00 9.00 8.00 5.00 13.00 1.00 0.00 0.00 0.00 0.00 0.00
15.00 8.00 3.00 11.00 31.00 8.00 20.00 0.09 0.40 0.00 0.00 0.00 1.00 4.00 7.00 4.00 7.00 1.00 0.00 0.00 0.00 0.00 0.00
16.00 9.00 5.00 17.00 40.00 12.00 23.00 0.09 0.34 0.00 0.00 0.00 4.00 5.00 5.00 4.00 6.00 3.00 0.00 0.00 0.00 0.00 0.00
17.00 12.00 11.00 25.00 58.00 14.00 33.00 0.08 0.44 0.00 0.00 0.00 6.00 8.00 6.00 4.00 10.00 2.00 0.00 0.00 0.00 0.00 0.00
18.00 12.00 8.00 26.00 60.00 18.00 34.00 0.08 0.38 0.00 0.00 0.00 4.00 6.00 8.00 6.00 7.00 5.00 0.00 0.00 0.00 0.00 0.00
19.00 13.00 11.00 26.00 59.00 15.00 33.00 0.09 0.39 0.00 0.00 0.00 6.00 8.00 7.00 5.00 10.00 3.00 0.00 0.00 0.00 0.00 0.00
20.00 14.00 15.00 30.00 64.00 15.00 34.00 0.09 0.51 0.00 0.00 0.00 4.00 8.00 10.00 6.00 12.00 2.00 0.00 0.00 1.00 0.00 0.00
21.00 10.00 7.00 21.00 48.00 14.00 27.00 0.09 0.31 0.00 0.00 0.00 4.00 4.00 6.00 6.00 7.00 3.00 0.00 0.00 0.00 0.00 0.00
22.00 10.00 9.00 23.00 46.00 14.00 23.00 0.08 0.33 0.00 0.00 0.00 1.00 4.00 9.00 6.00 7.00 3.00 0.00 0.00 0.00 0.00 0.00
23.00 11.00 10.00 25.00 50.00 15.00 25.00 0.08 0.38 0.00 0.00 0.00 3.00 5.00 8.00 6.00 8.00 3.00 0.00 0.00 0.00 0.00 0.00
24.00 10.00 5.00 18.00 49.00 13.00 31.00 0.07 0.35 0.00 0.00 0.00 5.00 6.00 5.00 4.00 9.00 1.00 0.00 0.00 1.00 0.00 0.00
25.00 9.00 3.00 16.00 45.00 13.00 29.00 0.08 0.39 0.00 1.00 0.00 4.00 7.00 5.00 2.00 8.00 1.00 0.00 0.00 0.00 0.00 0.00
26.00 12.00 11.00 26.00 55.00 15.00 29.00 0.08 0.43 0.00 1.00 0.00 3.00 5.00 9.00 7.00 8.00 4.00 0.00 0.00 0.00 0.00 0.00
27.00 13.00 11.00 27.00 62.00 16.00 35.00 0.10 0.55 0.00 0.00 0.00 4.00 7.00 9.00 6.00 13.00 0.00 0.00 0.00 0.00 0.00 0.00
28.00 13.00 11.00 28.00 60.00 17.00 32.00 0.09 0.55 0.00 1.00 0.00 0.00 8.00 13.00 5.00 9.00 4.00 0.00 0.00 0.00 0.00 0.00
29.00 17.00 11.00 28.00 75.00 17.00 47.00 0.09 0.72 0.00 1.00 0.00 4.00 7.00 13.00 10.00 10.00 7.00 0.00 0.00 0.00 0.00 0.00
30.00 17.00 14.00 36.00 82.00 22.00 46.00 0.09 0.81 0.00 0.00 0.00 4.00 8.00 13.00 9.00 14.00 3.00 0.00 0.00 0.00 0.00 0.00
31.00 14.00 13.00 34.00 70.00 21.00 36.00 0.09 0.48 0.00 1.00 0.00 4.00 6.00 10.00 8.00 8.00 6.00 0.00 0.00 1.00 0.00 0.00
32.00 16.00 12.00 33.00 73.00 21.00 40.00 0.10 0.77 0.00 0.00 0.00 4.00 9.00 12.00 7.00 11.00 5.00 0.00 0.00 0.00 0.00 0.00
33.00 19.00 20.00 44.00 90.00 24.00 46.00 0.09 0.77 0.00 1.00 0.00 7.00 12.00 12.00 7.00 13.00 6.00 0.00 0.00 0.00 0.00 0.00
34.00 20.00 19.00 44.00 96.00 25.00 52.00 0.08 0.67 0.00 1.00 0.00 5.00 8.00 15.00 12.00 14.00 6.00 0.00 0.00 0.00 0.00 0.00
35.00 18.00 16.00 42.00 87.00 26.00 45.00 0.09 0.64 0.00 1.00 0.00 4.00 8.00 14.00 10.00 12.00 6.00 0.00 0.00 0.00 0.00 0.00
36.00 18.00 19.00 47.00 86.00 28.00 39.00 0.09 0.64 0.00 0.00 0.00 4.00 7.00 14.00 11.00 8.00 10.00 0.00 0.00 0.00 0.00 0.00
37.00 24.00 30.00 70.00 115.00 40.00 45.00 0.10 0.70 0.00 1.00 0.00 9.00 15.00 15.00 9.00 17.00 7.00 0.00 0.00 0.00 0.00 0.00
38.00 26.00 31.00 72.00 123.00 41.00 51.00 0.09 0.84 0.00 1.00 0.00 8.00 15.00 18.00 11.00 18.00 8.00 0.00 0.00 0.00 0.00 0.00
39.00 19.00 17.00 53.00 95.00 36.00 42.00 0.08 0.64 0.00 1.00 0.00 8.00 12.00 11.00 7.00 15.00 4.00 0.00 0.00 0.00 0.00 0.00
40.00 17.00 17.00 42.00 86.00 25.00 44.00 0.09 0.62 0.00 1.00 0.00 4.00 6.00 13.00 11.00 9.00 8.00 0.00 0.00 0.00 0.00 0.00
41.00 27.00 32.00 75.00 131.00 43.00 56.00 0.09 0.84 0.00 2.00 0.00 7.00 13.00 20.00 14.00 18.00 9.00 0.00 0.00 0.00 0.00 0.00
42.00 21.00 23.00 50.00 102.00 27.00 52.00 0.08 0.76 1.00 1.00 1.00 8.00 11.00 13.00 10.00 17.00 4.00 0.00 0.00 2.00 0.00 0.00
43.00 30.00 37.00 78.00 145.00 41.00 67.00 0.09 1.00 1.00 3.00 0.33 8.00 16.00 22.00 14.00 20.00 10.00 0.00 0.00 2.00 0.00 0.00
44.00 29.00 20.00 76.00 154.00 56.00 78.00 0.09 0.84 1.00 3.00 0.33 8.00 13.00 21.00 16.00 17.00 12.00 0.00 0.00 0.00 0.00 0.00
45.00 26.00 23.00 74.00 133.00 51.00 59.00 0.07 0.82 1.00 2.00 0.50 7.00 13.00 19.00 13.00 19.00 7.00 0.00 0.00 1.00 1.00 0.00
46.00 24.00 26.00 71.00 120.00 45.00 49.00 0.10 0.81 1.00 2.00 0.50 9.00 14.00 15.00 10.00 16.00 8.00 0.00 0.00 0.00 0.00 0.00
47.00 17.00 11.00 34.00 82.00 23.00 48.00 0.07 0.65 0.00 2.00 0.00 6.00 12.00 11.00 5.00 14.00 3.00 0.00 0.00 0.00 0.00 0.00
48.00 22.00 19.00 59.00 105.00 40.00 46.00 0.09 1.07 1.00 2.00 0.50 5.00 9.00 17.00 13.00 16.00 6.00 0.00 0.00 0.00 0.00 0.00
49.00 25.00 25.00 62.00 123.00 37.00 61.00 0.09 0.87 1.00 2.00 0.50 5.00 10.00 20.00 15.00 15.00 10.00 0.00 0.00 2.00 0.00 0.00
50.00 25.00 32.00 74.00 130.00 42.00 56.00 0.09 0.73 1.00 2.00 0.50 10.00 14.00 15.00 11.00 16.00 9.00 0.00 0.00 0.00 1.00 0.00
51.00 22.00 21.00 55.00 112.00 34.00 57.00 0.10 0.65 1.00 2.00 0.50 7.00 11.00 15.00 11.00 14.00 8.00 0.00 0.00 0.00 0.00 0.00
52.00 23.00 23.00 62.00 119.00 39.00 57.00 0.08 0.69 1.00 2.00 0.50 4.00 10.00 19.00 13.00 14.00 9.00 0.00 0.00 0.00 0.00 0.00
53.00 29.00 22.00 68.00 141.00 46.00 73.00 0.09 1.22 0.00 0.00 0.00 14.00 18.00 15.00 11.00 21.00 8.00 0.00 0.00 0.00 0.00 0.00
54.00 26.00 26.00 70.00 134.00 44.00 64.00 0.08 0.89 0.00 0.00 0.00 4.00 12.00 22.00 14.00 17.00 9.00 0.00 0.00 0.00 0.00 0.00
55.00 19.00 14.00 41.00 92.00 27.00 51.00 0.09 0.66 0.00 0.00 0.00 6.00 9.00 13.00 10.00 16.00 3.00 0.00 0.00 0.00 0.00 0.00
56.00 18.00 14.00 35.00 89.00 21.00 54.00 0.11 0.64 1.00 0.00 0.00 3.00 10.00 15.00 8.00 14.00 4.00 0.00 0.00 0.00 0.00 0.00
57.00 27.00 25.00 67.00 125.00 42.00 58.00 0.08 0.83 1.00 0.00 0.00 7.00 14.00 20.00 13.00 21.00 6.00 0.00 0.00 0.00 0.00 0.00
58.00 18.00 13.00 45.00 89.00 32.00 44.00 0.09 0.66 1.00 2.00 0.50 7.00 12.00 11.00 6.00 13.00 5.00 0.00 0.00 0.00 0.00 0.00
59.00 27.00 28.00 68.00 128.00 40.00 60.00 0.09 0.83 0.00 0.00 0.00 9.00 12.00 18.00 15.00 20.00 7.00 0.00 0.00 0.00 0.00 0.00
60.00 26.00 34.00 69.00 124.00 35.00 55.00 0.08 0.69 1.00 0.00 0.00 9.00 15.00 17.00 11.00 21.00 5.00 0.00 0.00 0.00 0.00 0.00
61.00 21.00 25.00 55.00 103.00 30.00 48.00 0.09 0.68 1.00 1.00 1.00 6.00 11.00 15.00 10.00 15.00 6.00 0.00 0.00 0.00 0.00 0.00
62.00 22.00 21.00 46.00 107.00 25.00 61.00 0.08 0.86 1.00 1.00 1.00 6.00 14.00 16.00 8.00 19.00 3.00 0.00 0.00 0.00 0.00 0.00
63.00 28.00 29.00 73.00 138.00 44.00 65.00 0.09 0.97 1.00 0.00 0.00 12.00 17.00 16.00 11.00 19.00 9.00 0.00 0.00 0.00 0.00 0.00
64.00 21.00 16.00 53.00 97.00 37.00 44.00 0.08 0.87 1.00 1.00 1.00 5.00 11.00 16.00 10.00 17.00 4.00 0.00 0.00 0.00 0.00 0.00
65.00 21.00 17.00 53.00 104.00 36.00 51.00 0.08 0.78 0.00 2.00 0.00 9.00 12.00 12.00 9.00 15.00 6.00 0.00 0.00 0.00 0.00 0.00
66.00 17.00 11.00 37.00 86.00 26.00 49.00 0.07 0.62 0.00 1.00 0.00 5.00 7.00 12.00 10.00 12.00 5.00 0.00 0.00 0.00 0.00 0.00
67.00 19.00 19.00 40.00 85.00 21.00 45.00 0.08 0.86 0.00 1.00 0.00 6.00 9.00 13.00 10.00 12.00 7.00 0.00 0.00 0.00 0.00 0.00
68.00 19.00 17.00 50.00 101.00 33.00 51.00 0.08 0.73 0.00 1.00 0.00 5.00 11.00 14.00 8.00 12.00 7.00 0.00 0.00 1.00 0.00 0.00
69.00 17.00 15.00 41.00 84.00 26.00 43.00 0.08 0.64 0.00 0.00 0.00 5.00 12.00 12.00 5.00 13.00 4.00 0.00 0.00 0.00 0.00 0.00
70.00 21.00 19.00 52.00 101.00 33.00 49.00 0.08 0.63 0.00 2.00 0.00 6.00 13.00 15.00 8.00 14.00 7.00 0.00 0.00 0.00 0.00 0.00
71.00 17.00 14.00 46.00 89.00 32.00 43.00 0.09 0.52 0.00 2.00 0.00 5.00 9.00 12.00 8.00 12.00 5.00 0.00 0.00 0.00 0.00 0.00
72.00 15.00 11.00 32.00 70.00 21.00 38.00 0.07 0.64 0.00 1.00 0.00 5.00 11.00 10.00 4.00 12.00 3.00 0.00 0.00 0.00 0.00 0.00
73.00 9.00 7.00 19.00 41.00 12.00 22.00 0.08 0.29 0.00 0.00 0.00 3.00 7.00 6.00 2.00 8.00 1.00 0.00 0.00 0.00 0.00 0.00
74.00 16.00 15.00 40.00 75.00 25.00 35.00 0.08 0.51 0.00 2.00 0.00 6.00 8.00 10.00 8.00 11.00 5.00 0.00 0.00 0.00 0.00 0.00
75.00 15.00 21.00 41.00 70.00 20.00 29.00 0.09 0.39 0.00 2.00 0.00 3.00 7.00 12.00 8.00 10.00 5.00 0.00 0.00 0.00 0.00 0.00
76.00 18.00 15.00 44.00 82.00 29.00 38.00 0.09 0.78 0.00 1.00 0.00 7.00 9.00 11.00 9.00 13.00 5.00 0.00 0.00 0.00 0.00 0.00
77.00 13.00 11.00 32.00 55.00 21.00 23.00 0.09 0.47 0.00 1.00 0.00 3.00 5.00 10.00 8.00 9.00 4.00 0.00 0.00 0.00 0.00 0.00
78.00 9.00 6.00 19.00 42.00 13.00 23.00 0.08 0.27 0.00 1.00 0.00 1.00 4.00 8.00 5.00 5.00 4.00 0.00 0.00 0.00 0.00 0.00
79.00 10.00 7.00 22.00 44.00 15.00 22.00 0.08 0.38 0.00 1.00 0.00 3.00 5.00 7.00 5.00 6.00 4.00 0.00 0.00 0.00 0.00 0.00
80.00 14.00 14.00 37.00 68.00 23.00 31.00 0.10 0.55 0.00 1.00 0.00 4.00 6.00 10.00 8.00 7.00 7.00 0.00 0.00 0.00 0.00 0.00
81.00 12.00 15.00 32.00 57.00 17.00 25.00 0.09 0.36 0.00 1.00 0.00 5.00 7.00 7.00 5.00 10.00 2.00 0.00 0.00 0.00 0.00 0.00
82.00 14.00 11.00 27.00 61.00 16.00 34.00 0.07 0.74 0.00 1.00 0.00 6.00 9.00 8.00 5.00 10.00 4.00 0.00 0.00 0.00 0.00 0.00
83.00 13.00 12.00 32.00 58.00 20.00 26.00 0.08 0.47 0.00 2.00 0.00 5.00 10.00 8.00 3.00 10.00 3.00 0.00 0.00 0.00 0.00 0.00
84.00 14.00 17.00 36.00 67.00 19.00 31.00 0.08 0.48 0.00 2.00 0.00 4.00 10.00 10.00 4.00 12.00 2.00 0.00 0.00 0.00 0.00 0.00
85.00 13.00 8.00 32.00 63.00 24.00 31.00 0.08 0.57 0.00 2.00 0.00 4.00 7.00 9.00 6.00 8.00 5.00 0.00 0.00 0.00 0.00 0.00
86.00 15.00 18.00 36.00 68.00 18.00 32.00 0.08 0.54 0.00 0.00 0.00 5.00 8.00 10.00 7.00 11.00 4.00 0.00 0.00 0.00 0.00 0.00
87.00 12.00 11.00 33.00 59.00 22.00 26.00 0.09 0.44 0.00 1.00 0.00 2.00 4.00 10.00 8.00 11.00 1.00 0.00 0.00 0.00 0.00 0.00
88.00 10.00 2.00 21.00 46.00 19.00 25.00 0.08 0.30 0.00 1.00 0.00 3.00 5.00 7.00 5.00 9.00 1.00 0.00 0.00 0.00 0.00 0.00
89.00 13.00 14.00 32.00 66.00 18.00 34.00 0.08 0.41 0.00 1.00 0.00 3.00 7.00 10.00 6.00 12.00 1.00 0.00 0.00 0.00 0.00 0.00
90.00 11.00 5.00 21.00 48.00 16.00 27.00 0.08 0.61 0.00 1.00 0.00 3.00 7.00 8.00 4.00 9.00 2.00 0.00 0.00 0.00 0.00 0.00
91.00 14.00 21.00 40.00 71.00 19.00 31.00 0.10 0.49 0.00 1.00 0.00 5.00 5.00 9.00 9.00 7.00 7.00 0.00 0.00 0.00 0.00 0.00
92.00 16.00 21.00 42.00 79.00 21.00 37.00 0.08 0.57 0.00 1.00 0.00 7.00 9.00 9.00 7.00 13.00 3.00 0.00 0.00 0.00 0.00 0.00
93.00 6.00 1.00 9.00 28.00 8.00 19.00 0.08 0.30 0.00 1.00 0.00 3.00 5.00 3.00 1.00 5.00 1.00 0.00 0.00 0.00 0.00 0.00
94.00 17.00 19.00 45.00 76.00 26.00 31.00 0.09 0.74 0.00 1.00 0.00 6.00 9.00 11.00 8.00 14.00 3.00 0.00 0.00 0.00 0.00 0.00
95.00 12.00 9.00 26.00 58.00 17.00 32.00 0.08 0.87 0.00 1.00 0.00 2.00 8.00 10.00 4.00 9.00 3.00 0.00 0.00 0.00 0.00 0.00
96.00 15.00 9.00 31.00 65.00 22.00 34.00 0.09 0.79 0.00 1.00 0.00 5.00 8.00 10.00 7.00 11.00 4.00 0.00 0.00 0.00 0.00 0.00
97.00 14.00 13.00 34.00 68.00 21.00 34.00 0.10 0.67 0.00 1.00 0.00 5.00 10.00 9.00 4.00 12.00 2.00 0.00 0.00 0.00 0.00 0.00
98.00 11.00 8.00 22.00 49.00 14.00 27.00 0.08 0.43 0.00 1.00 0.00 4.00 9.00 7.00 2.00 9.00 2.00 0.00 0.00 0.00 0.00 0.00
99.00 10.00 1.00 13.00 39.00 12.00 26.00 0.08 0.58 0.00 1.00 0.00 5.00 7.00 5.00 3.00 10.00 0.00 0.00 0.00 0.00 0.00 0.00
100.00 12.00 12.00 28.00 58.00 16.00 30.00 0.08 0.37 0.00 1.00 0.00 1.00 4.00 11.00 8.00 9.00 3.00 0.00 0.00 1.00 0.00 0.00
101.00 15.00 15.00 36.00 72.00 21.00 36.00 0.08 0.59 0.00 1.00 0.00 4.00 7.00 11.00 8.00 10.00 5.00 0.00 0.00 0.00 0.00 0.00
102.00 7.00 1.00 5.00 21.00 4.00 16.00 0.09 0.61 0.00 0.00 0.00 3.00 6.00 4.00 1.00 7.00 0.00 0.00 0.00 0.00 0.00 0.00
103.00 9.00 2.00 11.00 36.00 9.00 25.00 0.08 0.61 0.00 0.00 0.00 3.00 8.00 6.00 1.00 9.00 0.00 0.00 0.00 0.00 0.00 0.00
104.00 9.00 2.00 14.00 40.00 12.00 26.00 0.08 0.50 0.00 0.00 0.00 4.00 7.00 5.00 2.00 7.00 2.00 0.00 0.00 0.00 0.00 0.00
105.00 8.00 4.00 14.00 37.00 10.00 23.00 0.07 0.31 0.00 0.00 0.00 3.00 6.00 5.00 2.00 6.00 2.00 0.00 0.00 0.00 0.00 0.00
106.00 5.00 1.00 4.00 19.00 3.00 15.00 0.09 0.21 0.00 0.00 0.00 2.00 4.00 3.00 1.00 4.00 1.00 0.00 0.00 0.00 0.00 0.00
107.00 9.00 8.00 20.00 41.00 12.00 21.00 0.07 0.34 0.00 0.00 0.00 0.00 7.00 9.00 2.00 8.00 1.00 0.00 0.00 0.00 0.00 0.00
108.00 10.00 8.00 19.00 43.00 11.00 24.00 0.09 0.44 0.00 0.00 0.00 4.00 7.00 6.00 3.00 9.00 1.00 0.00 0.00 0.00 0.00 0.00
109.00 3.00 0.00 0.00 3.00 0.00 3.00 0.09 0.23 0.00 0.00 0.00 2.00 3.00 1.00 0.00 3.00 0.00 0.00 0.00 0.00 0.00 0.00
110.00 6.00 3.00 7.00 27.00 4.00 20.00 0.09 0.27 0.00 0.00 0.00 2.00 4.00 4.00 2.00 6.00 0.00 0.00 0.00 0.00 0.00 0.00
111.00 6.00 3.00 9.00 25.00 6.00 16.00 0.10 0.27 0.00 0.00 0.00 2.00 4.00 4.00 2.00 6.00 0.00 0.00 0.00 0.00 0.00 0.00
112.00 5.00 1.00 8.00 20.00 7.00 12.00 0.08 0.15 0.00 0.00 0.00 2.00 4.00 3.00 1.00 4.00 1.00 0.00 0.00 0.00 0.00 0.00
113.00 5.00 0.00 4.00 19.00 4.00 15.00 0.09 0.26 0.00 0.00 0.00 3.00 4.00 2.00 1.00 5.00 0.00 0.00 0.00 0.00 0.00 0.00
114.00 8.00 1.00 11.00 32.00 10.00 21.00 0.10 0.57 0.00 0.00 0.00 4.00 6.00 4.00 2.00 8.00 0.00 0.00 0.00 0.00 0.00 0.00
115.00 5.00 1.00 4.00 19.00 3.00 15.00 0.09 0.14 0.00 0.00 0.00 3.00 4.00 2.00 1.00 5.00 0.00 0.00 0.00 0.00 0.00 0.00
116.00 4.00 0.00 0.00 11.00 0.00 11.00 0.08 0.32 0.00 0.00 0.00 2.00 4.00 2.00 0.00 4.00 0.00 0.00 0.00 0.00 0.00 0.00
117.00 3.00 0.00 0.00 5.00 0.00 5.00 0.09 0.35 0.00 0.00 0.00 2.00 3.00 1.00 0.00 3.00 0.00 0.00 0.00 0.00 0.00 0.00
118.00 6.00 3.00 11.00 27.00 8.00 16.00 0.08 0.17 0.00 0.00 0.00 1.00 4.00 5.00 2.00 5.00 1.00 0.00 0.00 0.00 0.00 0.00
119.00 6.00 3.00 10.00 26.00 7.00 16.00 0.08 0.30 0.00 0.00 0.00 0.00 0.00 6.00 6.00 4.00 2.00 0.00 0.00 0.00 0.00 0.00
120.00 12.00 7.00 26.00 63.00 19.00 37.00 0.08 0.39 0.00 0.00 0.00 3.00 7.00 9.00 5.00 10.00 2.00 0.00 0.00 1.00 0.00 0.00
121.00 6.00 1.00 7.00 25.00 6.00 18.00 0.08 0.23 0.00 0.00 0.00 1.00 5.00 5.00 1.00 6.00 0.00 0.00 0.00 0.00 0.00 0.00
122.00 6.00 1.00 7.00 26.00 6.00 19.00 0.08 0.44 0.00 0.00 0.00 2.00 3.00 4.00 3.00 5.00 1.00 0.00 0.00 0.00 0.00 0.00
123.00 6.00 1.00 7.00 26.00 6.00 19.00 0.08 0.40 0.00 0.00 0.00 1.00 5.00 5.00 1.00 6.00 0.00 0.00 0.00 0.00 0.00 0.00
124.00 6.00 2.00 9.00 28.00 7.00 19.00 0.09 0.21 0.00 0.00 0.00 2.00 4.00 4.00 2.00 6.00 0.00 0.00 0.00 0.00 0.00 0.00
125.00 9.00 5.00 18.00 44.00 13.00 26.00 0.09 0.34 0.00 0.00 0.00 4.00 5.00 5.00 4.00 7.00 2.00 0.00 0.00 0.00 0.00 0.00
126.00 3.00 0.00 2.00 10.00 2.00 8.00 0.09 0.10 0.00 0.00 0.00 2.00 3.00 1.00 0.00 3.00 0.00 0.00 0.00 0.00 0.00 0.00
127.00 7.00 0.00 4.00 30.00 4.00 26.00 0.08 0.63 0.00 0.00 0.00 3.00 6.00 4.00 1.00 7.00 0.00 0.00 0.00 0.00 0.00 0.00
128.00 8.00 4.00 16.00 36.00 12.00 20.00 0.09 0.39 0.00 0.00 0.00 5.00 6.00 3.00 2.00 7.00 1.00 0.00 0.00 0.00 0.00 0.00
129.00 3.00 0.00 0.00 5.00 0.00 5.00 0.10 0.21 0.00 0.00 0.00 2.00 3.00 1.00 0.00 3.00 0.00 0.00 0.00 0.00 0.00 0.00
130.00 3.00 0.00 0.00 3.00 0.00 3.00 0.08 0.37 0.00 0.00 0.00 2.00 3.00 1.00 0.00 3.00 0.00 0.00 0.00 0.00 0.00 0.00
131.00 7.00 1.00 10.00 30.00 9.00 20.00 0.08 0.45 0.00 0.00 0.00 2.00 5.00 5.00 2.00 7.00 0.00 0.00 0.00 0.00 0.00 0.00
132.00 4.00 0.00 2.00 15.00 2.00 13.00 0.08 0.32 0.00 0.00 0.00 3.00 3.00 1.00 1.00 4.00 0.00 0.00 0.00 0.00 0.00 0.00
133.00 3.00 0.00 2.00 11.00 2.00 9.00 0.07 0.12 0.00 0.00 0.00 2.00 3.00 1.00 0.00 3.00 0.00 0.00 0.00 0.00 0.00 0.00
134.00 7.00 1.00 8.00 29.00 7.00 21.00 0.09 0.68 0.00 0.00 0.00 3.00 4.00 4.00 3.00 5.00 2.00 0.00 0.00 0.00 0.00 0.00
135.00 4.00 1.00 5.00 16.00 4.00 11.00 0.09 0.17 0.00 0.00 0.00 1.00 3.00 3.00 1.00 4.00 0.00 0.00 0.00 0.00 0.00 0.00
136.00 7.00 3.00 11.00 31.00 8.00 20.00 0.08 0.35 0.00 0.00 0.00 4.00 6.00 3.00 1.00 6.00 1.00 0.00 0.00 0.00 0.00 0.00
137.00 2.00 0.00 0.00 5.00 0.00 5.00 0.09 0.19 0.00 0.00 0.00 2.00 2.00 0.00 0.00 2.00 0.00 0.00 0.00 0.00 0.00 0.00
