0.00 5.00 0.00 3.00 16.00 3.00 13.00 0.08 0.22 0.00 0.00 0.00 3.00 4.00 2.00 1.00 5.00 0.00 0.00 0.00 0.00 0.00 0.00
1.00 4.00 0.00 0.00 7.00 0.00 7.00 0.08 0.28 0.00 0.00 0.00 3.00 3.00 1.00 1.00 4.00 0.00 0.00 0.00 0.00 0.00 0.00
2.00 3.00 0.00 0.00 6.00 0.00 6.00 0.08 0.14 0.00 0.00 0.00 2.00 3.00 1.00 0.00 3.00 0.00 0.00 0.00 0.00 0.00 0.00
3.00 4.00 0.00 1.00 11.00 1.00 10.00 0.08 0.14 0.00 0.00 0.00 3.00 3.00 1.00 1.00 4.00 0.00 0.00 0.00 0.00 0.00 0.00
4.00 4.00 1.00 3.00 13.00 2.00 10.00 0.07 0.30 0.00 0.00 0.00 2.00 4.00 2.00 0.00 4.00 0.00 0.00 0.00 0.00 0.00 0.00
5.00 6.00 3.00 9.00 25.00 6.00 16.00 0.08 0.17 0.00 0.00 0.00 3.00 5.00 3.00 1.00 6.00 0.00 0.00 0.00 0.00 0.00 0.00
6.00 11.00 8.00 18.00 43.00 10.00 25.00 0.10 0.53 0.00 0.00 0.00 3.00 5.00 8.00 6.00 8.00 3.00 0.00 0.00 0.00 0.00 0.00
7.00 9.00 5.00 20.00 37.00 15.00 17.00 0.07 0.42 0.00 0.00 0.00 3.00 6.00 6.00 3.00 7.00 2.00 0.00 0.00 0.00 0.00 0.00
8.00 8.00 4.00 13.00 37.00 9.00 24.00 0.08 0.34 0.00 0.00 0.00 3.00 5.00 5.00 3.00 7.00 1.00 0.00 0.00 0.00 0.00 0.00
9.00 10.00 7.00 22.00 50.00 15.00 28.00 0.09 0.49 0.00 0.00 0.00 0.00 4.00 10.00 6.00 6.00 4.00 0.00 0.00 0.00 0.00 0.00
10.00 11.00 8.00 23.00 55.00 15.00 32.00 0.08 0.53 0.00 1.00 0.00 2.00 3.00 9.00 8.00 5.00 6.00 0.00 0.00 0.00 0.00 0.00
11.00 9.00 4.00 15.00 44.00 11.00 29.00 0.09 0.32 0.00 1.00 0.00 3.00 6.00 6.00 3.00 9.00 0.00 0.00 0.00 0.00 0.00 0.00
12.00 12.00 6.00 18.00 56.00 12.00 38.00 0.10 0.83 0.00 1.00 0.00 3.00 6.00 9.00 6.00 9.00 3.00 0.00 0.00 0.00 0.00 0.00
13.00 15.00 8.00 32.00 70.00 24.00 38.00 0.08 0.90 0.00 0.00 0.00 5.00 9.00 10.00 6.00 12.00 3.00 0.00 0.00 0.00 0.00 0.00
14.00 14.00 12.00 32.00 65.00 20.00 33.00 0.09 0.61 1.00 0.00 0.00 3.00 9.00 11.00 5.00 10.00 4.00 0.00 0.00 0.00 0.00 0.00
15.00 20.00 23.00 51.00 96.00 28.00 45.00 0.07 0.83 0.00 0.00 0.00 6.00 10.00 14.00 10.00 13.00 7.00 0.00 0.00 0.00 0.00 0.00
16.00 14.00 12.00 30.00 69.00 18.00 39.00 0.09 0.69 0.00 0.00 0.00 2.00 8.00 12.00 6.00 9.00 5.00 0.00 0.00 0.00 0.00 0.00
17.00 19.00 16.00 52.00 99.00 36.00 47.00 0.10 0.62 0.00 0.00 0.00 6.00 8.00 13.00 11.00 10.00 9.00 0.00 0.00 1.00 1.00 0.00
18.00 22.00 26.00 62.00 109.00 36.00 47.00 0.08 0.68 0.00 1.00 0.00 3.00 10.00 19.00 12.00 18.00 4.00 0.00 0.00 1.00 0.00 1.00
19.00 19.00 17.00 50.00 99.00 33.00 49.00 0.09 0.63 0.00 1.00 0.00 3.00 9.00 16.00 10.00 13.00 6.00 0.00 0.00 1.00 0.00 0.00
20.00 15.00 9.00 34.00 71.00 25.00 37.00 0.09 0.64 0.00 1.00 0.00 4.00 9.00 11.00 6.00 11.00 4.00 0.00 0.00 1.00 0.00 0.00
21.00 19.00 20.00 47.00 89.00 27.00 42.00 0.06 0.59 0.00 1.00 0.00 5.00 8.00 14.00 11.00 12.00 7.00 0.00 0.00 1.00 0.00 0.00
22.00 23.00 18.00 56.00 112.00 38.00 56.00 0.07 1.03 0.00 1.00 0.00 6.00 11.00 17.00 12.00 15.00 8.00 0.00 0.00 1.00 0.00 0.00
23.00 20.00 19.00 48.00 100.00 29.00 52.00 0.07 0.83 0.00 1.00 0.00 6.00 12.00 14.00 8.00 15.00 5.00 0.00 0.00 0.00 0.00 0.00
24.00 28.00 35.00 77.00 135.00 42.00 58.00 0.10 0.84 0.00 1.00 0.00 10.00 14.00 18.00 14.00 18.00 10.00 0.00 0.00 1.00 0.00 0.00
25.00 23.00 18.00 57.00 112.00 39.00 55.00 0.07 0.64 0.00 1.00 0.00 9.00 15.00 14.00 8.00 17.00 6.00 0.00 0.00 1.00 0.00 0.00
26.00 32.00 40.00 87.00 164.00 47.00 77.00 0.09 1.03 0.00 1.00 0.00 10.00 18.00 22.00 14.00 29.00 3.00 0.00 0.00 1.00 0.00 0.00
27.00 29.00 35.00 77.00 144.00 42.00 67.00 0.10 0.89 0.00 2.00 0.00 9.00 17.00 20.00 12.00 22.00 7.00 0.00 0.00 1.00 0.00 0.00
28.00 27.00 36.00 72.00 137.00 36.00 65.00 0.09 0.82 1.00 0.00 0.00 7.00 15.00 20.00 12.00 18.00 9.00 0.00 0.00 1.00 0.00 0.00
29.00 18.00 18.00 47.00 95.00 29.00 48.00 0.09 0.64 0.00 0.00 0.00 6.00 10.00 12.00 8.00 13.00 5.00 0.00 0.00 0.00 0.00 0.00
30.00 24.00 21.00 67.00 118.00 46.00 51.00 0.09 0.76 0.00 1.00 0.00 7.00 11.00 17.00 13.00 17.00 7.00 0.00 0.00 1.00 1.00 0.00
31.00 19.00 17.00 42.00 95.00 25.00 53.00 0.09 0.71 0.00 0.00 0.00 3.00 5.00 16.00 14.00 7.00 12.00 0.00 0.00 1.00 0.00 0.00
32.00 17.00 14.00 41.00 87.00 27.00 46.00 0.08 0.63 1.00 0.00 0.00 6.00 13.00 11.00 4.00 16.00 1.00 0.00 0.00 0.00 0.00 0.00
33.00 19.00 13.00 39.00 97.00 26.00 58.00 0.09 0.84 1.00 1.00 1.00 5.00 10.00 14.00 9.00 13.00 6.00 0.00 0.00 0.00 0.00 0.00
34.00 24.00 26.00 59.00 111.00 33.00 52.00 0.08 0.92 1.00 0.00 0.00 4.00 16.00 20.00 8.00 18.00 6.00 0.00 0.00 0.00 0.00 0.00
35.00 21.00 23.00 60.00 110.00 37.00 50.00 0.10 0.60 1.00 1.00 1.00 6.00 8.00 15.00 13.00 15.00 6.00 0.00 0.00 0.00 0.00 0.00
36.00 23.00 23.00 55.00 110.00 32.00 55.00 0.10 0.73 0.00 1.00 0.00 8.00 12.00 15.00 11.00 16.00 7.00 0.00 0.00 0.00 0.00 0.00
37.00 19.00 20.00 51.00 94.00 31.00 43.00 0.10 0.70 0.00 2.00 0.00 6.00 13.00 13.00 6.00 14.00 5.00 0.00 0.00 0.00 1.00 0.00
38.00 18.00 16.00 45.00 86.00 29.00 41.00 0.07 0.66 0.00 1.00 0.00 7.00 9.00 11.00 9.00 14.00 4.00 0.00 0.00 0.00 1.00 0.00
39.00 18.00 20.00 47.00 92.00 27.00 45.00 0.08 0.60 0.00 0.00 0.00 4.00 9.00 14.00 9.00 11.00 7.00 0.00 0.00 0.00 0.00 0.00
40.00 20.00 21.00 53.00 101.00 32.00 48.00 0.07 0.65 0.00 1.00 0.00 4.00 9.00 16.00 11.00 12.00 8.00 0.00 0.00 0.00 0.00 0.00
41.00 19.00 19.00 52.00 91.00 33.00 39.00 0.08 0.69 1.00 0.00 0.00 3.00 9.00 16.00 10.00 15.00 4.00 0.00 0.00 0.00 0.00 0.00
42.00 20.00 18.00 52.00 94.00 34.00 42.00 0.09 0.70 0.00 0.00 0.00 6.00 13.00 14.00 7.00 16.00 4.00 0.00 0.00 0.00 0.00 0.00
43.00 23.00 33.00 70.00 116.00 37.00 46.00 0.07 0.63 1.00 0.00 0.00 7.00 11.00 16.00 12.00 14.00 9.00 0.00 0.00 0.00 0.00 0.00
44.00 22.00 22.00 55.00 108.00 33.00 53.00 0.09 0.68 0.00 0.00 0.00 4.00 8.00 18.00 14.00 11.00 11.00 0.00 0.00 0.00 0.00 0.00
45.00 18.00 20.00 45.00 87.00 25.00 42.00 0.08 0.59 0.00 0.00 0.00 2.00 10.00 16.00 8.00 13.00 5.00 0.00 0.00 0.00 0.00 0.00
46.00 21.00 23.00 54.00 99.00 31.00 45.00 0.08 0.54 0.00 1.00 0.00 4.00 10.00 17.00 11.00 16.00 5.00 0.00 0.00 2.00 0.00 0.00
47.00 18.00 22.00 51.00 86.00 29.00 35.00 0.09 0.54 0.00 0.00 0.00 5.00 9.00 13.00 9.00 15.00 3.00 0.00 0.00 1.00 0.00 0.00
48.00 18.00 17.00 43.00 84.00 26.00 41.00 0.09 0.61 0.00 0.00 0.00 4.00 7.00 14.00 11.00 12.00 6.00 0.00 0.00 0.00 0.00 0.00
49.00 20.00 13.00 46.00 98.00 33.00 52.00 0.09 0.81 0.00 1.00 0.00 9.00 11.00 11.00 9.00 16.00 4.00 0.00 0.00 0.00 0.00 0.00
50.00 21.00 11.00 43.00 98.00 32.00 55.00 0.08 1.15 0.00 0.00 0.00 6.00 12.00 15.00 9.00 15.00 6.00 0.00 0.00 0.00 0.00 0.00
51.00 20.00 22.00 46.00 95.00 24.00 49.00 0.08 0.67 0.00 0.00 0.00 6.00 13.00 14.00 7.00 17.00 3.00 0.00 0.00 0.00 0.00 0.00
52.00 13.00 12.00 29.00 57.00 17.00 28.00 0.08 0.52 0.00 0.00 0.00 5.00 7.00 8.00 6.00 9.00 4.00 0.00 0.00 0.00 0.00 0.00
53.00 14.00 11.00 31.00 69.00 20.00 38.00 0.08 0.74 0.00 0.00 0.00 5.00 9.00 9.00 5.00 11.00 3.00 0.00 0.00 1.00 0.00 0.00
54.00 18.00 17.00 42.00 89.00 25.00 47.00 0.08 0.63 0.00 0.00 0.00 7.00 10.00 11.00 8.00 13.00 5.00 0.00 0.00 0.00 0.00 0.00
55.00 16.00 13.00 34.00 76.00 21.00 42.00 0.08 0.56 1.00 0.00 0.00 5.00 7.00 11.00 9.00 8.00 8.00 0.00 0.00 0.00 0.00 0.00
56.00 14.00 10.00 28.00 60.00 18.00 32.00 0.10 0.71 1.00 0.00 0.00 3.00 7.00 11.00 7.00 8.00 6.00 0.00 0.00 0.00 0.00 0.00
57.00 16.00 10.00 33.00 77.00 23.00 44.00 0.10 0.57 0.00 0.00 0.00 5.00 11.00 11.00 5.00 14.00 2.00 0.00 0.00 0.00 0.00 0.00
58.00 13.00 7.00 27.00 59.00 20.00 32.00 0.08 0.46 0.00 0.00 0.00 4.00 9.00 9.00 4.00 10.00 3.00 0.00 0.00 0.00 0.00 0.00
59.00 12.00 10.00 27.00 58.00 17.00 31.00 0.08 0.50 0.00 0.00 0.00 3.00 5.00 9.00 7.00 7.00 5.00 0.00 0.00 1.00 0.00 0.00
60.00 13.00 8.00 26.00 61.00 18.00 35.00 0.09 0.69 1.00 0.00 0.00 4.00 9.00 9.00 4.00 11.00 2.00 0.00 0.00 1.00 0.00 0.00
61.00 17.00 13.00 44.00 85.00 31.00 41.00 0.07 0.66 0.00 0.00 0.00 7.00 8.00 10.00 9.00 15.00 2.00 0.00 0.00 0.00 0.00 0.00
62.00 18.00 17.00 43.00 82.00 26.00 39.00 0.09 0.74 0.00 0.00 0.00 5.00 10.00 13.00 8.00 14.00 4.00 0.00 0.00 0.00 0.00 0.00
63.00 8.00 0.00 3.00 33.00 3.00 30.00 0.07 0.48 0.00 0.00 0.00 2.00 6.00 6.00 2.00 6.00 2.00 0.00 0.00 0.00 0.00 0.00
64.00 14.00 8.00 33.00 67.00 25.00 34.00 0.09 0.48 0.00 0.00 0.00 3.00 8.00 11.00 6.00 12.00 2.00 0.00 0.00 0.00 0.00 0.00
65.00 13.00 7.00 23.00 55.00 16.00 32.00 0.09 0.81 0.00 0.00 0.00 3.00 5.00 10.00 8.00 7.00 6.00 0.00 0.00 1.00 0.00 0.00
66.00 17.00 12.00 34.00 77.00 22.00 43.00 0.08 0.66 0.00 1.00 0.00 6.00 13.00 11.00 4.00 13.00 4.00 0.00 0.00 0.00 0.00 0.00
67.00 14.00 9.00 26.00 65.00 17.00 39.00 0.09 0.73 0.00 0.00 0.00 7.00 9.00 7.00 5.00 11.00 3.00 0.00 0.00 0.00 0.00 0.00
68.00 13.00 11.00 28.00 65.00 17.00 37.00 0.10 0.54 0.00 1.00 0.00 1.00 6.00 12.00 7.00 9.00 4.00 0.00 0.00 0.00 0.00 0.00
69.00 15.00 13.00 35.00 73.00 22.00 38.00 0.08 0.49 0.00 0.00 0.00 3.00 7.00 12.00 8.00 9.00 6.00 0.00 0.00 0.00 0.00 0.00
70.00 19.00 18.00 44.00 94.00 26.00 50.00 0.08 1.10 0.00 0.00 0.00 4.00 11.00 15.00 8.00 12.00 7.00 0.00 0.00 0.00 0.00 0.00
71.00 11.00 5.00 22.00 53.00 17.00 31.00 0.08 0.37 0.00 0.00 0.00 3.00 9.00 8.00 2.00 9.00 2.00 0.00 0.00 0.00 0.00 0.00
72.00 18.00 19.00 43.00 87.00 24.00 44.00 0.09 0.61 0.00 1.00 0.00 3.00 6.00 15.00 12.00 13.00 5.00 0.00 0.00 0.00 0.00 0.00
73.00 12.00 11.00 28.00 58.00 17.00 30.00 0.08 0.33 0.00 2.00 0.00 5.00 8.00 7.00 4.00 11.00 1.00 0.00 0.00 0.00 0.00 0.00
74.00 15.00 13.00 36.00 71.00 23.00 35.00 0.08 0.52 1.00 1.00 1.00 5.00 9.00 10.00 6.00 9.00 6.00 0.00 0.00 0.00 0.00 0.00
75.00 10.00 3.00 19.00 48.00 16.00 29.00 0.09 0.43 0.00 1.00 0.00 4.00 6.00 6.00 4.00 8.00 2.00 0.00 0.00 0.00 0.00 0.00
76.00 10.00 4.00 18.00 43.00 14.00 25.00 0.09 0.41 0.00 0.00 0.00 6.00 7.00 4.00 3.00 9.00 1.00 0.00 0.00 1.00 0.00 0.00
77.00 18.00 21.00 51.00 93.00 30.00 42.00 0.09 0.58 0.00 0.00 0.00 4.00 8.00 14.00 10.00 10.00 8.00 0.00 0.00 0.00 0.00 0.00
78.00 12.00 13.00 29.00 55.00 16.00 26.00 0.09 0.36 0.00 0.00 0.00 3.00 8.00 9.00 4.00 11.00 1.00 0.00 0.00 0.00 0.00 0.00
79.00 12.00 12.00 32.00 57.00 20.00 25.00 0.09 0.34 0.00 0.00 0.00 1.00 6.00 11.00 6.00 9.00 3.00 0.00 0.00 0.00 0.00 0.00
80.00 14.00 15.00 33.00 66.00 18.00 33.00 0.07 0.39 0.00 0.00 0.00 1.00 7.00 13.00 7.00 11.00 3.00 0.00 0.00 0.00 0.00 0.00
81.00 7.00 0.00 10.00 27.00 10.00 17.00 0.08 0.47 0.00 0.00 0.00 2.00 5.00 5.00 2.00 5.00 2.00 0.00 0.00 0.00 0.00 0.00
82.00 9.00 8.00 20.00 37.00 12.00 17.00 0.08 0.32 0.00 1.00 0.00 3.00 4.00 6.00 5.00 8.00 1.00 0.00 0.00 0.00 0.00 0.00
83.00 12.00 9.00 23.00 56.00 14.00 33.00 0.09 0.39 0.00 0.00 0.00 4.00 7.00 8.00 5.00 9.00 3.00 0.00 0.00 0.00 0.00 0.00
84.00 4.00 1.00 5.00 14.00 4.00 9.00 0.09 0.14 0.00 1.00 0.00 1.00 3.00 3.00 1.00 4.00 0.00 0.00 0.00 0.00 0.00 0.00
85.00 8.00 4.00 16.00 39.00 12.00 23.00 0.08 0.29 0.00 1.00 0.00 4.00 5.00 4.00 3.00 7.00 1.00 0.00 0.00 0.00 0.00 0.00
86.00 8.00 3.00 13.00 40.00 10.00 27.00 0.09 0.24 0.00 0.00 0.00 5.00 5.00 3.00 3.00 6.00 2.00 0.00 0.00 0.00 0.00 0.00
87.00 5.00 0.00 4.00 20.00 4.00 16.00 0.09 0.30 0.00 1.00 0.00 4.00 4.00 1.00 1.00 4.00 1.00 0.00 0.00 0.00 0.00 0.00
88.00 10.00 7.00 21.00 49.00 14.00 28.00 0.09 0.32 0.00 1.00 0.00 4.00 5.00 6.00 5.00 7.00 3.00 0.00 0.00 0.00 0.00 0.00
89.00 8.00 3.00 14.00 35.00 11.00 21.00 0.09 0.27 0.00 1.00 0.00 3.00 5.00 5.00 3.00 6.00 2.00 0.00 0.00 0.00 0.00 0.00
90.00 12.00 11.00 28.00 53.00 17.00 25.00 0.08 0.35 0.00 1.00 0.00 3.00 7.00 9.00 5.00 10.00 2.00 0.00 0.00 0.00 0.00 0.00
91.00 8.00 5.00 14.00 33.00 9.00 19.00 0.09 0.48 0.00 0.00 0.00 4.00 6.00 4.00 2.00 7.00 1.00 0.00 0.00 0.00 0.00 0.00
92.00 10.00 6.00 22.00 48.00 16.00 26.00 0.08 0.35 0.00 0.00 0.00 2.00 4.00 8.00 6.00 9.00 1.00 0.00 0.00 0.00 0.00 0.00
93.00 12.00 10.00 25.00 58.00 15.00 33.00 0.08 0.44 0.00 0.00 0.00 4.00 8.00 8.00 4.00 11.00 1.00 0.00 0.00 0.00 0.00 0.00
94.00 9.00 6.00 19.00 42.00 13.00 23.00 0.07 0.32 0.00 0.00 0.00 2.00 5.00 7.00 4.00 9.00 0.00 0.00 0.00 0.00 0.00 0.00
95.00 5.00 0.00 6.00 20.00 6.00 14.00 0.09 0.17 0.00 0.00 0.00 2.00 5.00 3.00 0.00 5.00 0.00 0.00 0.00 0.00 0.00 0.00
96.00 7.00 4.00 14.00 32.00 10.00 18.00 0.08 0.23 0.00 0.00 0.00 2.00 6.00 5.00 1.00 6.00 1.00 0.00 0.00 0.00 0.00 0.00
97.00 3.00 0.00 2.00 9.00 2.00 7.00 0.10 0.10 0.00 0.00 0.00 2.00 3.00 1.00 0.00 3.00 0.00 0.00 0.00 0.00 0.00 0.00
98.00 6.00 3.00 7.00 24.00 4.00 17.00 0.08 0.26 0.00 0.00 0.00 2.00 6.00 4.00 0.00 6.00 0.00 0.00 0.00 0.00 0.00 0.00
99.00 3.00 0.00 2.00 11.00 2.00 9.00 0.08 0.13 0.00 0.00 0.00 2.00 3.00 1.00 0.00 3.00 0.00 0.00 0.00 0.00 0.00 0.00
100.00 7.00 4.00 10.00 31.00 6.00 21.00 0.09 0.27 0.00 0.00 0.00 3.00 5.00 4.00 2.00 6.00 1.00 0.00 0.00 0.00 0.00 0.00
101.00 7.00 4.00 14.00 35.00 10.00 21.00 0.09 0.27 0.00 0.00 0.00 2.00 4.00 5.00 3.00 6.00 1.00 0.00 0.00 0.00 0.00 0.00
