0.00 2.00 0.00 0.00 0.00 0.00 0.00 0.09 0.18 0.00 0.00 0.00 2.00 2.00 0.00 0.00 2.00 0.00 0.00 0.00 0.00 0.00 0.00
1.00 6.00 2.00 9.00 24.00 7.00 15.00 0.07 0.38 0.00 0.00 0.00 2.00 6.00 4.00 0.00 6.00 0.00 0.00 0.00 0.00 0.00 0.00
2.00 8.00 3.00 11.00 31.00 8.00 20.00 0.08 0.52 0.00 0.00 0.00 4.00 6.00 4.00 2.00 6.00 2.00 0.00 0.00 0.00 0.00 0.00
3.00 7.00 1.00 11.00 33.00 10.00 22.00 0.10 0.32 0.00 0.00 0.00 3.00 5.00 4.00 2.00 6.00 1.00 0.00 0.00 0.00 0.00 0.00
4.00 4.00 0.00 0.00 10.00 0.00 10.00 0.08 0.23 0.00 0.00 0.00 2.00 4.00 2.00 0.00 4.00 0.00 0.00 0.00 0.00 0.00 0.00
5.00 7.00 2.00 9.00 26.00 7.00 17.00 0.09 0.28 0.00 0.00 0.00 3.00 6.00 4.00 1.00 7.00 0.00 0.00 0.00 0.00 0.00 0.00
6.00 5.00 0.00 4.00 20.00 4.00 16.00 0.07 0.27 0.00 0.00 0.00 3.00 4.00 2.00 1.00 5.00 0.00 0.00 0.00 0.00 0.00 0.00
7.00 4.00 0.00 0.00 12.00 0.00 12.00 0.09 0.46 0.00 0.00 0.00 2.00 4.00 2.00 0.00 4.00 0.00 0.00 0.00 0.00 0.00 0.00
8.00 3.00 0.00 0.00 2.00 0.00 2.00 0.08 4.58 0.00 0.00 0.00 2.00 3.00 1.00 0.00 3.00 0.00 0.00 0.00 0.00 0.00 0.00
9.00 5.00 0.00 4.00 21.00 4.00 17.00 0.10 0.20 0.00 0.00 0.00 2.00 5.00 3.00 0.00 5.00 0.00 0.00 0.00 0.00 0.00 0.00
10.00 6.00 2.00 10.00 27.00 8.00 17.00 0.09 0.31 0.00 0.00 0.00 2.00 4.00 4.00 2.00 6.00 0.00 0.00 0.00 0.00 0.00 0.00
11.00 5.00 2.00 6.00 20.00 4.00 14.00 0.09 0.12 0.00 0.00 0.00 3.00 4.00 2.00 1.00 5.00 0.00 0.00 0.00 0.00 0.00 0.00
12.00 10.00 5.00 22.00 48.00 17.00 26.00 0.09 0.33 0.00 0.00 0.00 2.00 4.00 8.00 6.00 6.00 4.00 0.00 0.00 0.00 0.00 0.00
13.00 9.00 6.00 20.00 42.00 14.00 22.00 0.09 0.33 0.00 0.00 0.00 1.00 4.00 8.00 5.00 5.00 4.00 0.00 0.00 0.00 0.00 0.00
14.00 9.00 7.00 20.00 44.00 13.00 24.00 0.09 0.43 0.00 0.00 0.00 2.00 5.00 7.00 4.00 7.00 2.00 0.00 0.00 0.00 0.00 0.00
15.00 14.00 7.00 27.00 70.00 20.00 43.00 0.09 0.37 0.00 0.00 0.00 2.00 9.00 12.00 5.00 12.00 2.00 0.00 0.00 0.00 0.00 0.00
16.00 8.00 1.00 12.00 37.00 11.00 25.00 0.10 0.34 0.00 0.00 0.00 5.00 7.00 3.00 1.00 7.00 1.00 0.00 0.00 0.00 0.00 0.00
17.00 13.00 12.00 31.00 58.00 19.00 27.00 0.09 0.41 0.00 0.00 0.00 5.00 9.00 8.00 4.00 11.00 2.00 0.00 0.00 0.00 0.00 0.00
18.00 13.00 6.00 23.00 65.00 17.00 42.00 0.09 0.41 0.00 0.00 0.00 6.00 9.00 7.00 4.00 11.00 2.00 0.00 0.00 0.00 0.00 0.00
19.00 12.00 7.00 21.00 55.00 14.00 34.00 0.09 0.45 0.00 0.00 0.00 5.00 5.00 7.00 7.00 8.00 4.00 0.00 0.00 0.00 0.00 0.00
20.00 13.00 5.00 28.00 61.00 23.00 33.00 0.08 0.54 0.00 0.00 0.00 5.00 8.00 8.00 5.00 11.00 2.00 0.00 0.00 1.00 0.00 0.00
21.00 6.00 1.00 8.00 25.00 7.00 17.00 0.09 0.21 0.00 0.00 0.00 3.00 5.00 3.00 1.00 6.00 0.00 0.00 0.00 0.00 0.00 0.00
22.00 11.00 7.00 23.00 53.00 16.00 30.00 0.07 0.59 0.00 0.00 0.00 1.00 5.00 10.00 6.00 8.00 3.00 0.00 0.00 0.00 0.00 0.00
23.00 4.00 0.00 0.00 11.00 0.00 11.00 0.09 0.44 0.00 0.00 0.00 3.00 3.00 1.00 1.00 4.00 0.00 0.00 0.00 0.00 0.00 0.00
24.00 7.00 1.00 9.00 30.00 8.00 21.00 0.10 0.22 0.00 0.00 0.00 2.00 5.00 5.00 2.00 7.00 0.00 1.00 0.00 0.00 0.00 0.00
25.00 17.00 12.00 40.00 86.00 28.00 46.00 0.08 0.53 0.00 1.00 0.00 4.00 7.00 13.00 10.00 13.00 4.00 0.00 0.00 0.00 0.00 0.00
26.00 9.00 0.00 12.00 38.00 12.00 26.00 0.08 0.60 0.00 0.00 0.00 3.00 6.00 6.00 3.00 9.00 0.00 0.00 0.00 0.00 0.00 0.00
27.00 19.00 23.00 51.00 97.00 28.00 46.00 0.08 0.57 0.00 0.00 0.00 2.00 6.00 17.00 13.00 12.00 7.00 0.00 0.00 0.00 0.00 0.00
28.00 17.00 9.00 35.00 78.00 26.00 43.00 0.08 0.93 0.00 0.00 0.00 8.00 13.00 9.00 4.00 16.00 1.00 0.00 0.00 0.00 0.00 0.00
29.00 21.00 16.00 45.00 93.00 29.00 48.00 0.08 0.74 0.00 0.00 0.00 6.00 13.00 15.00 8.00 16.00 5.00 0.00 0.00 0.00 0.00 0.00
30.00 17.00 7.00 38.00 83.00 31.00 45.00 0.08 0.57 0.00 0.00 0.00 5.00 11.00 12.00 6.00 14.00 3.00 0.00 0.00 0.00 0.00 0.00
31.00 16.00 13.00 35.00 76.00 22.00 41.00 0.09 0.75 0.00 0.00 0.00 4.00 7.00 12.00 9.00 10.00 6.00 0.00 0.00 0.00 0.00 0.00
32.00 13.00 5.00 24.00 61.00 19.00 37.00 0.07 0.53 0.00 0.00 0.00 3.00 6.00 10.00 7.00 11.00 2.00 0.00 0.00 0.00 0.00 0.00
33.00 24.00 19.00 58.00 111.00 39.00 53.00 0.09 0.94 0.00 0.00 0.00 4.00 12.00 20.00 12.00 16.00 8.00 0.00 0.00 0.00 0.00 0.00
34.00 22.00 17.00 51.00 97.00 34.00 46.00 0.09 0.83 0.00 0.00 0.00 5.00 8.00 17.00 14.00 15.00 7.00 0.00 0.00 0.00 0.00 0.00
35.00 19.00 14.00 40.00 95.00 26.00 55.00 0.09 0.90 0.00 0.00 0.00 7.00 8.00 12.00 11.00 14.00 5.00 0.00 0.00 0.00 0.00 0.00
36.00 15.00 9.00 37.00 72.00 28.00 35.00 0.07 0.49 0.00 0.00 0.00 5.00 9.00 10.00 6.00 11.00 4.00 0.00 0.00 0.00 0.00 0.00
37.00 16.00 13.00 38.00 73.00 25.00 35.00 0.09 0.50 0.00 0.00 0.00 5.00 10.00 11.00 6.00 12.00 4.00 1.00 0.00 0.00 0.00 0.00
38.00 20.00 19.00 54.00 107.00 35.00 53.00 0.09 0.65 0.00 1.00 0.00 3.00 8.00 17.00 12.00 9.00 11.00 1.00 0.00 0.00 0.00 0.00
39.00 27.00 24.00 60.00 125.00 36.00 65.00 0.07 0.96 1.00 0.00 0.00 8.00 12.00 19.00 15.00 19.00 8.00 0.00 0.00 0.00 0.00 0.00
40.00 24.00 28.00 68.00 124.00 40.00 56.00 0.08 0.75 1.00 0.00 0.00 6.00 11.00 18.00 13.00 15.00 9.00 0.00 0.00 0.00 0.00 0.00
41.00 22.00 15.00 46.00 111.00 31.00 65.00 0.11 0.80 1.00 0.00 0.00 4.00 10.00 18.00 12.00 17.00 5.00 0.00 0.00 0.00 0.00 0.00
42.00 23.00 29.00 63.00 113.00 34.00 50.00 0.09 0.58 1.00 1.00 1.00 5.00 11.00 18.00 12.00 18.00 5.00 0.00 0.00 0.00 0.00 0.00
43.00 28.00 33.00 74.00 144.00 41.00 70.00 0.10 0.82 1.00 2.00 0.50 9.00 15.00 19.00 13.00 22.00 6.00 0.00 0.00 0.00 0.00 0.00
44.00 24.00 34.00 74.00 124.00 40.00 50.00 0.08 0.63 1.00 1.00 1.00 5.00 12.00 19.00 12.00 17.00 7.00 0.00 0.00 0.00 0.00 0.00
45.00 28.00 36.00 80.00 143.00 44.00 63.00 0.07 0.84 1.00 0.00 0.00 6.00 10.00 22.00 18.00 17.00 11.00 0.00 0.00 1.00 1.00 0.00
46.00 22.00 19.00 59.00 119.00 40.00 60.00 0.09 0.65 1.00 1.00 1.00 4.00 6.00 18.00 16.00 13.00 9.00 0.00 0.00 0.00 0.00 0.00
47.00 27.00 29.00 76.00 141.00 47.00 65.00 0.09 0.72 1.00 1.00 1.00 7.00 14.00 20.00 13.00 16.00 11.00 0.00 0.00 1.00 0.00 0.00
48.00 22.00 24.00 62.00 115.00 38.00 53.00 0.09 0.55 0.00 3.00 0.00 10.00 11.00 12.00 11.00 15.00 7.00 0.00 0.00 0.00 0.00 0.00
49.00 27.00 27.00 74.00 134.00 47.00 60.00 0.07 1.24 0.00 1.00 0.00 5.00 12.00 22.00 15.00 17.00 10.00 0.00 0.00 0.00 0.00 0.00
50.00 21.00 19.00 55.00 108.00 36.00 53.00 0.09 0.62 1.00 1.00 1.00 7.00 9.00 14.00 12.00 11.00 10.00 0.00 0.00 0.00 0.00 0.00
51.00 26.00 25.00 69.00 137.00 44.00 68.00 0.10 0.93 1.00 2.00 0.50 6.00 12.00 20.00 14.00 20.00 6.00 0.00 0.00 1.00 0.00 0.00
52.00 20.00 20.00 57.00 102.00 37.00 45.00 0.07 0.63 0.00 1.00 0.00 4.00 12.00 16.00 8.00 16.00 4.00 0.00 0.00 0.00 0.00 0.00
53.00 27.00 31.00 72.00 138.00 41.00 66.00 0.08 0.76 1.00 0.00 0.00 5.00 16.00 22.00 11.00 19.00 8.00 0.00 0.00 0.00 0.00 0.00
54.00 24.00 31.00 71.00 123.00 40.00 52.00 0.07 0.70 0.00 1.00 0.00 5.00 7.00 19.00 17.00 11.00 13.00 0.00 0.00 0.00 0.00 0.00
55.00 26.00 28.00 72.00 132.00 44.00 60.00 0.08 0.79 1.00 2.00 0.50 4.00 8.00 22.00 18.00 15.00 11.00 0.00 0.00 0.00 0.00 0.00
56.00 31.00 34.00 80.00 159.00 46.00 79.00 0.10 1.01 1.00 2.00 0.50 5.00 12.00 26.00 19.00 20.00 11.00 0.00 0.00 0.00 0.00 0.00
57.00 24.00 24.00 64.00 116.00 40.00 52.00 0.08 0.87 1.00 2.00 0.50 6.00 11.00 18.00 13.00 14.00 10.00 0.00 0.00 0.00 0.00 0.00
58.00 26.00 33.00 78.00 139.00 45.00 61.00 0.09 0.71 1.00 0.00 0.00 4.00 12.00 22.00 14.00 15.00 11.00 0.00 0.00 0.00 0.00 0.00
59.00 27.00 23.00 70.00 130.00 47.00 60.00 0.09 1.25 0.00 0.00 0.00 8.00 14.00 19.00 13.00 17.00 10.00 0.00 0.00 0.00 0.00 0.00
60.00 19.00 14.00 43.00 100.00 29.00 57.00 0.08 0.53 0.00 0.00 0.00 3.00 8.00 16.00 11.00 13.00 6.00 0.00 0.00 0.00 0.00 0.00
61.00 18.00 12.00 36.00 84.00 24.00 48.00 0.09 0.61 0.00 1.00 0.00 5.00 9.00 13.00 9.00 12.00 6.00 0.00 0.00 0.00 0.00 0.00
62.00 20.00 20.00 53.00 98.00 33.00 45.00 0.09 0.73 0.00 1.00 0.00 4.00 8.00 16.00 12.00 11.00 9.00 0.00 0.00 0.00 1.00 0.00
63.00 21.00 22.00 53.00 104.00 31.00 51.00 0.09 0.75 0.00 2.00 0.00 6.00 10.00 15.00 11.00 14.00 7.00 0.00 0.00 0.00 1.00 0.00
64.00 15.00 8.00 33.00 76.00 25.00 43.00 0.08 0.40 0.00 2.00 0.00 4.00 10.00 11.00 5.00 11.00 4.00 0.00 0.00 0.00 1.00 0.00
65.00 17.00 15.00 41.00 83.00 26.00 42.00 0.10 0.58 0.00 1.00 0.00 0.00 5.00 17.00 12.00 10.00 7.00 0.00 0.00 0.00 0.00 0.00
66.00 14.00 8.00 29.00 68.00 21.00 39.00 0.10 0.56 0.00 1.00 0.00 3.00 6.00 11.00 8.00 13.00 1.00 0.00 0.00 0.00 0.00 0.00
67.00 16.00 16.00 40.00 78.00 24.00 38.00 0.08 0.62 0.00 1.00 0.00 4.00 7.00 12.00 9.00 11.00 5.00 0.00 0.00 0.00 0.00 0.00
68.00 14.00 8.00 34.00 72.00 26.00 38.00 0.08 0.42 0.00 1.00 0.00 2.00 6.00 12.00 8.00 9.00 5.00 0.00 0.00 0.00 0.00 0.00
69.00 11.00 7.00 24.00 54.00 17.00 30.00 0.08 0.47 0.00 1.00 0.00 4.00 9.00 7.00 2.00 10.00 1.00 0.00 0.00 0.00 0.00 0.00
70.00 16.00 15.00 39.00 78.00 24.00 39.00 0.08 0.63 0.00 0.00 0.00 5.00 9.00 11.00 7.00 10.00 6.00 0.00 0.00 0.00 0.00 0.00
71.00 15.00 8.00 31.00 75.00 23.00 44.00 0.09 0.60 0.00 0.00 0.00 8.00 12.00 7.00 3.00 13.00 2.00 0.00 0.00 0.00 0.00 0.00
72.00 12.00 10.00 30.00 57.00 20.00 27.00 0.08 0.45 0.00 0.00 0.00 3.00 5.00 9.00 7.00 7.00 5.00 0.00 0.00 0.00 0.00 0.00
73.00 9.00 6.00 19.00 41.00 13.00 22.00 0.08 0.38 0.00 0.00 0.00 5.00 5.00 4.00 4.00 7.00 2.00 0.00 0.00 0.00 0.00 0.00
74.00 8.00 2.00 14.00 37.00 12.00 23.00 0.08 0.18 0.00 1.00 0.00 5.00 7.00 3.00 1.00 7.00 1.00 0.00 0.00 0.00 0.00 0.00
75.00 12.00 6.00 22.00 56.00 16.00 34.00 0.09 0.33 0.00 1.00 0.00 3.00 9.00 9.00 3.00 12.00 0.00 0.00 0.00 0.00 0.00 0.00
76.00 8.00 3.00 13.00 37.00 10.00 24.00 0.09 0.65 0.00 0.00 0.00 2.00 5.00 6.00 3.00 7.00 1.00 0.00 0.00 0.00 0.00 0.00
77.00 6.00 2.00 9.00 25.00 7.00 16.00 0.09 0.30 0.00 0.00 0.00 2.00 5.00 4.00 1.00 5.00 1.00 0.00 0.00 0.00 0.00 0.00
78.00 10.00 9.00 23.00 43.00 14.00 20.00 0.09 0.30 0.00 0.00 0.00 3.00 6.00 7.00 4.00 7.00 3.00 0.00 0.00 0.00 0.00 0.00
79.00 5.00 1.00 7.00 23.00 6.00 16.00 0.09 0.40 0.00 0.00 0.00 1.00 3.00 4.00 2.00 4.00 1.00 0.00 0.00 0.00 0.00 0.00
80.00 7.00 3.00 11.00 28.00 8.00 17.00 0.09 0.23 0.00 0.00 0.00 3.00 6.00 4.00 1.00 7.00 0.00 0.00 0.00 0.00 0.00 0.00
81.00 3.00 0.00 1.00 8.00 1.00 7.00 0.07 0.08 0.00 0.00 0.00 2.00 3.00 1.00 0.00 3.00 0.00 0.00 0.00 0.00 0.00 0.00
82.00 4.00 0.00 2.00 10.00 2.00 8.00 0.09 0.22 0.00 0.00 0.00 2.00 4.00 2.00 0.00 4.00 0.00 0.00 0.00 0.00 0.00 0.00
83.00 6.00 0.00 6.00 24.00 6.00 18.00 0.08 0.30 0.00 0.00 0.00 3.00 5.00 3.00 1.00 6.00 0.00 0.00 0.00 0.00 0.00 0.00
84.00 4.00 0.00 4.00 15.00 4.00 11.00 0.07 0.20 0.00 0.00 0.00 2.00 4.00 2.00 0.00 4.00 0.00 0.00 0.00 0.00 0.00 0.00
85.00 2.00 0.00 0.00 1.00 0.00 1.00 0.09 0.10 0.00 0.00 0.00 2.00 2.00 0.00 0.00 2.00 0.00 0.00 0.00 0.00 0.00 0.00
