0.00 2.00 0.00 0.00 2.00 0.00 2.00 0.10 4.72 0.00 0.00 0.00 2.00 2.00 0.00 0.00 2.00 0.00 0.00 0.00 0.00 0.00 0.00
1.00 3.00 0.00 0.00 7.00 0.00 7.00 0.09 0.13 0.00 0.00 0.00 2.00 3.00 1.00 0.00 3.00 0.00 0.00 0.00 0.00 0.00 0.00
2.00 4.00 0.00 0.00 4.00 0.00 4.00 0.09 3.67 0.00 0.00 0.00 3.00 3.00 1.00 1.00 4.00 0.00 0.00 0.00 0.00 0.00 0.00
3.00 4.00 1.00 5.00 14.00 4.00 9.00 0.09 0.17 0.00 0.00 0.00 2.00 4.00 2.00 0.00 4.00 0.00 0.00 0.00 0.00 0.00 0.00
4.00 3.00 0.00 0.00 2.00 0.00 2.00 0.07 0.33 0.00 0.00 0.00 2.00 3.00 1.00 0.00 3.00 0.00 0.00 0.00 0.00 0.00 0.00
5.00 6.00 2.00 10.00 27.00 8.00 17.00 0.09 0.44 0.00 0.00 0.00 2.00 3.00 4.00 3.00 5.00 1.00 0.00 0.00 0.00 0.00 0.00
6.00 7.00 1.00 11.00 31.00 10.00 20.00 0.08 0.63 0.00 0.00 0.00 1.00 6.00 6.00 1.00 7.00 0.00 0.00 0.00 0.00 0.00 0.00
7.00 7.00 0.00 6.00 22.00 6.00 16.00 0.08 0.48 0.00 0.00 0.00 3.00 6.00 4.00 1.00 7.00 0.00 0.00 0.00 0.00 0.00 0.00
8.00 7.00 1.00 11.00 30.00 10.00 19.00 0.09 0.43 0.00 0.00 0.00 2.00 7.00 5.00 0.00 7.00 0.00 0.00 0.00 0.00 0.00 0.00
9.00 6.00 1.00 3.00 15.00 2.00 12.00 0.08 0.24 0.00 0.00 0.00 4.00 5.00 2.00 1.00 5.00 1.00 0.00 0.00 0.00 0.00 0.00
10.00 9.00 0.00 9.00 35.00 9.00 26.00 0.09 0.85 0.00 0.00 0.00 3.00 5.00 6.00 4.00 8.00 1.00 0.00 0.00 0.00 0.00 0.00
11.00 9.00 2.00 15.00 41.00 13.00 26.00 0.08 0.37 0.00 0.00 0.00 3.00 5.00 6.00 4.00 6.00 3.00 0.00 0.00 0.00 0.00 0.00
12.00 13.00 7.00 22.00 59.00 15.00 37.00 0.09 0.93 0.00 0.00 0.00 4.00 11.00 9.00 2.00 11.00 2.00 0.00 0.00 0.00 0.00 0.00
13.00 7.00 4.00 14.00 28.00 10.00 14.00 0.09 0.25 0.00 1.00 0.00 1.00 3.00 6.00 4.00 5.00 2.00 0.00 0.00 0.00 0.00 0.00
14.00 6.00 2.00 10.00 23.00 8.00 13.00 0.11 0.31 0.00 0.00 0.00 3.00 4.00 3.00 2.00 5.00 1.00 0.00 0.00 0.00 0.00 0.00
15.00 8.00 3.00 11.00 30.00 8.00 19.00 0.09 0.50 0.00 0.00 0.00 3.00 4.00 5.00 4.00 7.00 1.00 0.00 0.00 0.00 0.00 0.00
16.00 9.00 0.00 10.00 34.00 10.00 24.00 0.08 1.91 0.00 0.00 0.00 5.00 7.00 4.00 2.00 8.00 1.00 0.00 0.00 0.00 0.00 0.00
17.00 9.00 4.00 15.00 45.00 11.00 30.00 0.08 0.26 0.00 0.00 0.00 4.00 4.00 5.00 5.00 5.00 4.00 0.00 0.00 0.00 0.00 0.00
18.00 20.00 10.00 42.00 91.00 32.00 49.00 0.07 1.50 0.00 1.00 0.00 6.00 11.00 14.00 9.00 14.00 6.00 0.00 0.00 0.00 0.00 0.00
19.00 8.00 2.00 8.00 34.00 6.00 26.00 0.09 0.35 0.00 1.00 0.00 3.00 5.00 5.00 3.00 8.00 0.00 0.00 0.00 0.00 0.00 0.00
20.00 21.00 12.00 41.00 92.00 29.00 51.00 0.09 1.35 1.00 0.00 0.00 6.00 12.00 15.00 9.00 17.00 4.00 0.00 0.00 0.00 0.00 0.00
21.00 14.00 10.00 30.00 59.00 20.00 29.00 0.08 0.58 0.00 0.00 0.00 7.00 11.00 7.00 3.00 12.00 2.00 0.00 0.00 0.00 0.00 0.00
22.00 13.00 0.00 16.00 62.00 16.00 46.00 0.08 0.98 0.00 1.00 0.00 6.00 12.00 7.00 1.00 12.00 1.00 0.00 0.00 0.00 0.00 0.00
23.00 11.00 1.00 18.00 51.00 17.00 33.00 0.09 0.42 1.00 0.00 0.00 4.00 9.00 7.00 2.00 9.00 2.00 0.00 0.00 1.00 0.00 0.00
24.00 11.00 5.00 22.00 52.00 17.00 30.00 0.10 0.82 0.00 1.00 0.00 3.00 6.00 8.00 5.00 10.00 1.00 0.00 0.00 0.00 0.00 0.00
25.00 17.00 14.00 40.00 87.00 26.00 47.00 0.08 0.95 1.00 0.00 0.00 4.00 12.00 13.00 5.00 15.00 2.00 0.00 0.00 1.00 0.00 0.00
26.00 17.00 14.00 39.00 85.00 25.00 46.00 0.08 0.79 2.00 0.00 0.00 5.00 12.00 12.00 5.00 13.00 4.00 0.00 0.00 0.00 0.00 0.00
27.00 21.00 19.00 54.00 107.00 35.00 53.00 0.09 1.90 1.00 0.00 0.00 5.00 11.00 16.00 10.00 17.00 4.00 0.00 0.00 0.00 0.00 0.00
28.00 16.00 11.00 34.00 74.00 23.00 40.00 0.08 0.43 0.00 0.00 0.00 2.00 9.00 14.00 7.00 12.00 4.00 0.00 0.00 0.00 0.00 0.00
29.00 20.00 14.00 47.00 101.00 33.00 54.00 0.10 0.95 1.00 0.00 0.00 7.00 13.00 13.00 7.00 17.00 3.00 0.00 0.00 0.00 0.00 0.00
30.00 20.00 21.00 51.00 103.00 30.00 52.00 0.08 0.56 1.00 1.00 1.00 3.00 8.00 17.00 12.00 12.00 8.00 0.00 0.00 0.00 0.00 0.00
31.00 25.00 25.00 66.00 126.00 41.00 60.00 0.08 0.89 1.00 0.00 0.00 4.00 10.00 21.00 15.00 13.00 12.00 0.00 0.00 0.00 0.00 0.00
32.00 19.00 18.00 42.00 96.00 24.00 54.00 0.09 0.61 1.00 1.00 1.00 4.00 7.00 15.00 12.00 13.00 6.00 0.00 0.00 0.00 0.00 0.00
33.00 21.00 21.00 48.00 101.00 27.00 53.00 0.09 0.95 1.00 0.00 0.00 8.00 14.00 13.00 7.00 17.00 4.00 0.00 0.00 0.00 0.00 0.00
34.00 22.00 15.00 53.00 107.00 38.00 54.00 0.08 1.36 1.00 0.00 0.00 7.00 12.00 15.00 10.00 15.00 7.00 0.00 0.00 0.00 0.00 0.00
35.00 30.00 26.00 71.00 134.00 45.00 63.00 0.08 1.40 1.00 0.00 0.00 10.00 18.00 20.00 12.00 24.00 6.00 0.00 0.00 0.00 0.00 0.00
36.00 15.00 8.00 34.00 66.00 26.00 32.00 0.10 1.52 1.00 0.00 0.00 8.00 8.00 7.00 7.00 10.00 5.00 0.00 0.00 0.00 0.00 0.00
37.00 20.00 17.00 48.00 98.00 31.00 50.00 0.08 0.69 0.00 0.00 0.00 5.00 9.00 15.00 11.00 14.00 6.00 0.00 0.00 0.00 0.00 0.00
38.00 18.00 15.00 46.00 85.00 31.00 39.00 0.08 1.01 0.00 0.00 0.00 4.00 9.00 14.00 9.00 13.00 5.00 0.00 0.00 0.00 0.00 0.00
39.00 15.00 11.00 32.00 76.00 21.00 44.00 0.09 0.56 1.00 0.00 0.00 4.00 8.00 11.00 7.00 10.00 5.00 0.00 0.00 0.00 0.00 0.00
40.00 9.00 4.00 15.00 40.00 11.00 25.00 0.08 0.68 0.00 0.00 0.00 3.00 5.00 6.00 4.00 6.00 3.00 0.00 0.00 0.00 0.00 0.00
41.00 18.00 19.00 48.00 90.00 29.00 42.00 0.08 0.60 0.00 0.00 0.00 5.00 11.00 13.00 7.00 16.00 2.00 0.00 0.00 1.00 0.00 0.00
42.00 18.00 14.00 43.00 88.00 29.00 45.00 0.07 0.85 0.00 0.00 0.00 3.00 12.00 15.00 6.00 15.00 3.00 0.00 0.00 0.00 0.00 0.00
43.00 12.00 6.00 19.00 55.00 13.00 36.00 0.08 0.55 0.00 0.00 0.00 4.00 6.00 8.00 6.00 10.00 2.00 0.00 0.00 0.00 0.00 0.00
44.00 10.00 2.00 14.00 49.00 12.00 35.00 0.09 0.95 0.00 0.00 0.00 3.00 5.00 7.00 5.00 8.00 2.00 0.00 0.00 0.00 0.00 0.00
45.00 20.00 18.00 51.00 97.00 33.00 46.00 0.11 1.08 0.00 0.00 0.00 5.00 11.00 15.00 9.00 14.00 6.00 0.00 0.00 0.00 0.00 0.00
46.00 18.00 18.00 47.00 84.00 29.00 37.00 0.07 0.87 0.00 1.00 0.00 4.00 11.00 14.00 7.00 14.00 4.00 0.00 0.00 0.00 0.00 0.00
47.00 10.00 1.00 14.00 46.00 13.00 32.00 0.07 0.53 0.00 0.00 0.00 5.00 8.00 5.00 2.00 9.00 1.00 0.00 0.00 0.00 0.00 0.00
48.00 16.00 7.00 33.00 83.00 26.00 50.00 0.08 0.66 0.00 1.00 0.00 6.00 11.00 10.00 5.00 12.00 4.00 0.00 0.00 0.00 0.00 0.00
49.00 18.00 15.00 45.00 88.00 30.00 43.00 0.08 0.83 0.00 0.00 0.00 3.00 10.00 15.00 8.00 16.00 2.00 0.00 0.00 0.00 0.00 0.00
50.00 8.00 1.00 9.00 35.00 8.00 26.00 0.09 0.80 0.00 0.00 0.00 3.00 7.00 5.00 1.00 8.00 0.00 0.00 0.00 0.00 0.00 0.00
51.00 16.00 15.00 38.00 72.00 23.00 34.00 0.10 0.78 0.00 0.00 0.00 8.00 10.00 8.00 6.00 11.00 5.00 0.00 0.00 0.00 0.00 0.00
52.00 19.00 18.00 50.00 99.00 32.00 49.00 0.09 0.77 1.00 0.00 0.00 3.00 9.00 16.00 10.00 11.00 8.00 0.00 0.00 0.00 0.00 0.00
53.00 15.00 9.00 30.00 75.00 21.00 45.00 0.09 0.68 1.00 0.00 0.00 3.00 12.00 12.00 3.00 13.00 2.00 0.00 0.00 0.00 0.00 0.00
54.00 12.00 7.00 24.00 58.00 17.00 34.00 0.08 0.36 1.00 0.00 0.00 5.00 8.00 7.00 4.00 9.00 3.00 0.00 0.00 0.00 0.00 0.00
55.00 21.00 16.00 46.00 99.00 30.00 53.00 0.08 0.79 1.00 0.00 0.00 6.00 13.00 15.00 8.00 18.00 3.00 0.00 0.00 0.00 0.00 0.00
56.00 20.00 21.00 55.00 102.00 34.00 47.00 0.08 0.81 1.00 0.00 0.00 5.00 10.00 15.00 10.00 14.00 6.00 0.00 0.00 1.00 0.00 0.00
57.00 20.00 10.00 46.00 106.00 36.00 60.00 0.09 0.80 1.00 0.00 0.00 3.00 8.00 17.00 12.00 11.00 9.00 0.00 0.00 0.00 0.00 0.00
58.00 21.00 19.00 59.00 103.00 40.00 44.00 0.10 0.74 1.00 0.00 0.00 12.00 16.00 9.00 5.00 18.00 3.00 0.00 0.00 0.00 0.00 0.00
59.00 19.00 19.00 49.00 95.00 30.00 46.00 0.08 0.80 1.00 0.00 0.00 3.00 8.00 16.00 11.00 11.00 8.00 0.00 0.00 0.00 0.00 0.00
60.00 16.00 11.00 38.00 80.00 27.00 42.00 0.07 0.70 0.00 0.00 0.00 3.00 8.00 13.00 8.00 14.00 2.00 0.00 0.00 0.00 0.00 0.00
61.00 24.00 29.00 67.00 113.00 38.00 46.00 0.09 0.95 1.00 0.00 0.00 6.00 10.00 18.00 14.00 16.00 8.00 0.00 0.00 1.00 0.00 0.00
62.00 17.00 13.00 38.00 81.00 25.00 43.00 0.09 0.90 1.00 0.00 0.00 5.00 9.00 12.00 8.00 12.00 5.00 0.00 0.00 0.00 0.00 0.00
63.00 21.00 21.00 56.00 107.00 35.00 51.00 0.08 0.71 0.00 0.00 0.00 6.00 12.00 15.00 9.00 17.00 4.00 0.00 0.00 0.00 1.00 0.00
64.00 19.00 16.00 42.00 90.00 26.00 48.00 0.09 1.11 1.00 1.00 1.00 6.00 11.00 13.00 8.00 17.00 2.00 0.00 0.00 1.00 0.00 0.00
65.00 27.00 15.00 61.00 135.00 46.00 74.00 0.09 1.35 1.00 0.00 0.00 10.00 15.00 17.00 12.00 17.00 10.00 0.00 0.00 1.00 0.00 0.00
66.00 18.00 13.00 40.00 89.00 27.00 49.00 0.08 0.92 1.00 0.00 0.00 2.00 4.00 16.00 14.00 10.00 8.00 0.00 0.00 0.00 0.00 0.00
67.00 16.00 14.00 40.00 84.00 26.00 44.00 0.08 0.60 1.00 0.00 0.00 2.00 8.00 14.00 8.00 11.00 5.00 0.00 0.00 0.00 1.00 0.00
68.00 20.00 21.00 52.00 95.00 31.00 43.00 0.08 0.63 1.00 0.00 0.00 7.00 11.00 13.00 9.00 14.00 6.00 0.00 0.00 0.00 0.00 0.00
69.00 11.00 8.00 22.00 53.00 14.00 31.00 0.08 0.60 0.00 0.00 0.00 2.00 3.00 9.00 8.00 5.00 6.00 0.00 0.00 0.00 0.00 0.00
70.00 13.00 11.00 30.00 65.00 19.00 35.00 0.08 0.53 1.00 0.00 0.00 2.00 8.00 11.00 5.00 10.00 3.00 0.00 0.00 0.00 0.00 0.00
71.00 10.00 1.00 16.00 50.00 15.00 34.00 0.08 0.51 1.00 0.00 0.00 5.00 7.00 5.00 3.00 8.00 2.00 0.00 0.00 0.00 0.00 0.00
72.00 10.00 3.00 16.00 43.00 13.00 27.00 0.08 0.71 1.00 0.00 0.00 3.00 7.00 7.00 3.00 8.00 2.00 0.00 0.00 0.00 0.00 0.00
73.00 14.00 7.00 26.00 73.00 19.00 47.00 0.06 0.54 1.00 0.00 0.00 6.00 11.00 8.00 3.00 13.00 1.00 0.00 0.00 0.00 1.00 0.00
74.00 18.00 10.00 39.00 92.00 29.00 53.00 0.07 0.85 0.00 1.00 0.00 6.00 11.00 12.00 7.00 13.00 5.00 0.00 0.00 0.00 0.00 0.00
75.00 10.00 4.00 19.00 44.00 15.00 25.00 0.12 0.36 0.00 0.00 0.00 3.00 9.00 7.00 1.00 9.00 1.00 1.00 0.00 0.00 0.00 0.00
76.00 7.00 3.00 9.00 30.00 6.00 21.00 0.09 0.41 0.00 0.00 0.00 3.00 5.00 4.00 2.00 6.00 1.00 0.00 0.00 0.00 0.00 1.00
77.00 13.00 9.00 28.00 59.00 19.00 31.00 0.07 0.42 0.00 0.00 0.00 3.00 6.00 10.00 7.00 11.00 2.00 0.00 0.00 0.00 0.00 0.00
78.00 12.00 7.00 24.00 56.00 17.00 32.00 0.08 0.57 1.00 0.00 0.00 2.00 7.00 10.00 5.00 11.00 1.00 0.00 0.00 0.00 0.00 0.00
79.00 10.00 4.00 17.00 48.00 13.00 31.00 0.08 0.46 1.00 0.00 0.00 4.00 6.00 6.00 4.00 9.00 1.00 0.00 0.00 0.00 0.00 0.00
80.00 17.00 13.00 37.00 74.00 24.00 37.00 0.08 0.61 0.00 0.00 0.00 7.00 12.00 10.00 5.00 13.00 4.00 0.00 0.00 0.00 0.00 0.00
81.00 12.00 8.00 27.00 58.00 19.00 31.00 0.08 0.49 0.00 0.00 0.00 3.00 8.00 9.00 4.00 10.00 2.00 0.00 0.00 0.00 0.00 0.00
82.00 7.00 1.00 7.00 29.00 6.00 22.00 0.08 0.45 0.00 0.00 0.00 3.00 6.00 4.00 1.00 7.00 0.00 0.00 0.00 0.00 0.00 0.00
83.00 15.00 7.00 29.00 68.00 22.00 39.00 0.09 0.64 1.00 0.00 0.00 7.00 9.00 8.00 6.00 11.00 4.00 0.00 0.00 0.00 0.00 0.00
84.00 4.00 0.00 2.00 15.00 2.00 13.00 0.09 0.18 0.00 0.00 0.00 1.00 3.00 3.00 1.00 4.00 0.00 0.00 0.00 0.00 0.00 0.00
85.00 7.00 3.00 11.00 31.00 8.00 20.00 0.08 0.31 0.00 0.00 0.00 3.00 6.00 4.00 1.00 7.00 0.00 0.00 0.00 1.00 0.00 0.00
86.00 12.00 6.00 21.00 48.00 15.00 27.00 0.09 0.46 0.00 0.00 0.00 5.00 6.00 7.00 6.00 11.00 1.00 0.00 0.00 0.00 0.00 0.00
87.00 8.00 3.00 13.00 36.00 10.00 23.00 0.09 0.39 0.00 0.00 0.00 1.00 7.00 7.00 1.00 8.00 0.00 0.00 0.00 0.00 0.00 0.00
88.00 9.00 8.00 21.00 39.00 13.00 18.00 0.08 0.22 0.00 0.00 0.00 1.00 4.00 8.00 5.00 6.00 3.00 0.00 0.00 0.00 0.00 0.00
89.00 5.00 0.00 3.00 21.00 3.00 18.00 0.09 0.27 0.00 0.00 0.00 3.00 4.00 2.00 1.00 5.00 0.00 0.00 0.00 0.00 0.00 0.00
90.00 7.00 1.00 6.00 23.00 5.00 17.00 0.08 0.50 0.00 0.00 0.00 4.00 5.00 3.00 2.00 7.00 0.00 0.00 0.00 0.00 0.00 0.00
91.00 4.00 0.00 2.00 12.00 2.00 10.00 0.09 0.36 0.00 0.00 0.00 1.00 3.00 3.00 1.00 4.00 0.00 0.00 0.00 0.00 0.00 0.00
92.00 6.00 0.00 8.00 26.00 8.00 18.00 0.09 0.35 0.00 0.00 0.00 2.00 4.00 4.00 2.00 6.00 0.00 0.00 0.00 0.00 0.00 0.00
93.00 5.00 2.00 7.00 21.00 5.00 14.00 0.07 0.25 0.00 0.00 0.00 3.00 4.00 2.00 1.00 5.00 0.00 0.00 0.00 0.00 0.00 0.00
94.00 13.00 15.00 31.00 62.00 16.00 31.00 0.08 0.37 0.00 1.00 0.00 5.00 9.00 8.00 4.00 9.00 4.00 0.00 0.00 1.00 0.00 0.00
95.00 12.00 11.00 31.00 56.00 20.00 25.00 0.08 0.47 0.00 1.00 0.00 3.00 5.00 9.00 7.00 9.00 3.00 0.00 0.00 0.00 0.00 0.00
96.00 11.00 5.00 17.00 44.00 12.00 27.00 0.08 0.56 0.00 1.00 0.00 4.00 7.00 7.00 4.00 9.00 2.00 0.00 0.00 0.00 0.00 0.00
97.00 10.00 3.00 17.00 40.00 14.00 23.00 0.11 0.38 0.00 0.00 0.00 3.00 6.00 7.00 4.00 8.00 2.00 0.00 0.00 0.00 0.00 0.00
98.00 12.00 14.00 32.00 57.00 18.00 25.00 0.09 0.40 0.00 1.00 0.00 3.00 7.00 9.00 5.00 10.00 2.00 0.00 0.00 0.00 0.00 0.00
99.00 10.00 6.00 22.00 52.00 16.00 30.00 0.09 0.43 0.00 0.00 0.00 4.00 6.00 6.00 4.00 8.00 2.00 0.00 0.00 0.00 0.00 0.00
100.00 8.00 2.00 13.00 39.00 11.00 26.00 0.09 0.35 0.00 1.00 0.00 4.00 6.00 4.00 2.00 8.00 0.00 0.00 0.00 0.00 0.00 0.00
101.00 10.00 3.00 17.00 43.00 14.00 26.00 0.09 0.55 0.00 1.00 0.00 3.00 5.00 7.00 5.00 8.00 2.00 0.00 0.00 0.00 0.00 0.00
102.00 12.00 10.00 31.00 54.00 21.00 23.00 0.08 0.52 0.00 1.00 0.00 3.00 8.00 9.00 4.00 11.00 1.00 0.00 0.00 0.00 0.00 0.00
103.00 4.00 0.00 3.00 17.00 3.00 14.00 0.08 0.21 0.00 0.00 0.00 3.00 3.00 1.00 1.00 4.00 0.00 0.00 0.00 0.00 0.00 0.00
104.00 13.00 8.00 27.00 57.00 19.00 30.00 0.08 0.76 0.00 1.00 0.00 6.00 10.00 7.00 3.00 12.00 1.00 0.00 0.00 0.00 0.00 0.00
105.00 9.00 6.00 17.00 41.00 11.00 24.00 0.09 0.45 0.00 1.00 0.00 1.00 3.00 8.00 6.00 7.00 2.00 0.00 0.00 0.00 0.00 0.00
106.00 8.00 6.00 16.00 38.00 10.00 22.00 0.08 0.31 0.00 0.00 0.00 2.00 6.00 6.00 2.00 7.00 1.00 0.00 0.00 0.00 0.00 0.00
107.00 6.00 1.00 9.00 25.00 8.00 16.00 0.10 0.40 0.00 0.00 0.00 2.00 6.00 4.00 0.00 6.00 0.00 0.00 0.00 0.00 0.00 0.00
108.00 8.00 2.00 16.00 38.00 14.00 22.00 0.09 0.38 0.00 1.00 0.00 4.00 7.00 4.00 1.00 7.00 1.00 0.00 0.00 0.00 0.00 0.00
109.00 7.00 1.00 6.00 27.00 5.00 21.00 0.09 0.30 0.00 1.00 0.00 3.00 5.00 4.00 2.00 6.00 1.00 0.00 0.00 0.00 0.00 0.00
110.00 9.00 4.00 19.00 39.00 15.00 20.00 0.06 0.34 0.00 1.00 0.00 0.00 4.00 9.00 5.00 8.00 1.00 0.00 0.00 0.00 0.00 0.00
111.00 13.00 8.00 22.00 54.00 14.00 32.00 0.09 0.77 0.00 1.00 0.00 4.00 7.00 9.00 6.00 11.00 2.00 0.00 0.00 0.00 0.00 0.00
112.00 16.00 12.00 29.00 76.00 17.00 47.00 0.08 0.45 0.00 1.00 0.00 6.00 12.00 10.00 4.00 15.00 1.00 0.00 0.00 0.00 0.00 0.00
113.00 10.00 10.00 23.00 49.00 13.00 26.00 0.09 0.40 0.00 0.00 0.00 4.00 6.00 6.00 4.00 8.00 2.00 0.00 0.00 0.00 0.00 0.00
114.00 14.00 15.00 31.00 61.00 16.00 30.00 0.09 0.53 0.00 0.00 0.00 5.00 8.00 9.00 6.00 10.00 4.00 0.00 0.00 0.00 0.00 0.00
115.00 15.00 8.00 32.00 71.00 24.00 39.00 0.09 0.58 0.00 1.00 0.00 5.00 9.00 10.00 6.00 13.00 2.00 0.00 0.00 0.00 0.00 0.00
116.00 9.00 4.00 19.00 44.00 15.00 25.00 0.08 0.32 0.00 1.00 0.00 1.00 3.00 8.00 6.00 5.00 4.00 0.00 0.00 0.00 0.00 0.00
117.00 10.00 3.00 15.00 41.00 12.00 26.00 0.08 1.63 0.00 0.00 0.00 2.00 6.00 8.00 4.00 10.00 0.00 0.00 0.00 0.00 0.00 0.00
118.00 12.00 8.00 26.00 57.00 18.00 31.00 0.07 0.60 0.00 0.00 0.00 3.00 6.00 9.00 6.00 11.00 1.00 0.00 0.00 0.00 0.00 0.00
119.00 11.00 7.00 21.00 48.00 14.00 27.00 0.08 0.51 0.00 0.00 0.00 4.00 7.00 7.00 4.00 9.00 2.00 0.00 0.00 0.00 0.00 0.00
120.00 8.00 3.00 16.00 38.00 13.00 22.00 0.08 0.39 0.00 0.00 0.00 2.00 3.00 6.00 5.00 5.00 3.00 0.00 0.00 0.00 0.00 0.00
121.00 8.00 1.00 8.00 35.00 7.00 27.00 0.10 0.41 0.00 0.00 0.00 5.00 6.00 3.00 2.00 7.00 1.00 0.00 0.00 0.00 0.00 0.00
122.00 9.00 4.00 15.00 37.00 11.00 22.00 0.09 0.50 0.00 0.00 0.00 4.00 5.00 5.00 4.00 8.00 1.00 0.00 0.00 0.00 0.00 0.00
123.00 9.00 4.00 15.00 40.00 11.00 25.00 0.07 0.54 0.00 0.00 0.00 5.00 8.00 4.00 1.00 8.00 1.00 0.00 0.00 0.00 0.00 0.00
124.00 9.00 6.00 16.00 36.00 10.00 20.00 0.09 0.56 0.00 0.00 0.00 3.00 7.00 6.00 2.00 7.00 2.00 0.00 0.00 0.00 0.00 0.00
125.00 5.00 0.00 4.00 21.00 4.00 17.00 0.09 0.30 0.00 0.00 0.00 2.00 5.00 3.00 0.00 5.00 0.00 0.00 0.00 0.00 0.00 0.00
126.00 3.00 0.00 2.00 11.00 2.00 9.00 0.08 0.16 0.00 0.00 0.00 2.00 3.00 1.00 0.00 3.00 0.00 0.00 0.00 0.00 0.00 0.00
127.00 9.00 6.00 18.00 43.00 12.00 25.00 0.11 0.36 0.00 0.00 0.00 3.00 5.00 6.00 4.00 8.00 1.00 0.00 0.00 0.00 0.00 0.00
128.00 5.00 0.00 4.00 18.00 4.00 14.00 0.08 0.47 0.00 0.00 0.00 2.00 3.00 3.00 2.00 5.00 0.00 0.00 0.00 0.00 0.00 0.00
129.00 2.00 0.00 0.00 1.00 0.00 1.00 0.08 0.14 0.00 0.00 0.00 2.00 2.00 0.00 0.00 2.00 0.00 0.00 0.00 0.00 0.00 0.00
