0.00 2.00 0.00 0.00 1.00 0.00 1.00 0.08 0.16 0.00 0.00 0.00 2.00 2.00 0.00 0.00 2.00 0.00 0.00 0.00 0.00 0.00 0.00
1.00 5.00 0.00 3.00 13.00 3.00 10.00 0.08 0.43 0.00 0.00 0.00 3.00 4.00 2.00 1.00 5.00 0.00 0.00 0.00 0.00 0.00 0.00
2.00 9.00 3.00 18.00 39.00 15.00 21.00 0.08 0.38 0.00 0.00 0.00 2.00 7.00 7.00 2.00 8.00 1.00 0.00 0.00 0.00 0.00 0.00
3.00 6.00 3.00 10.00 25.00 7.00 15.00 0.08 0.20 0.00 1.00 0.00 1.00 5.00 5.00 1.00 6.00 0.00 0.00 0.00 0.00 0.00 0.00
4.00 9.00 7.00 18.00 40.00 11.00 22.00 0.09 0.33 0.00 1.00 0.00 6.00 7.00 3.00 2.00 7.00 2.00 0.00 0.00 0.00 0.00 0.00
5.00 5.00 0.00 4.00 19.00 4.00 15.00 0.08 0.30 0.00 0.00 0.00 0.00 3.00 5.00 2.00 5.00 0.00 0.00 0.00 0.00 0.00 0.00
6.00 9.00 6.00 16.00 40.00 10.00 24.00 0.07 0.46 0.00 1.00 0.00 2.00 6.00 7.00 3.00 8.00 1.00 0.00 0.00 0.00 0.00 0.00
7.00 7.00 1.00 13.00 34.00 12.00 21.00 0.09 0.24 0.00 0.00 0.00 3.00 5.00 4.00 2.00 6.00 1.00 0.00 0.00 0.00 0.00 0.00
8.00 3.00 0.00 0.00 5.00 0.00 5.00 0.08 4.44 0.00 0.00 0.00 2.00 3.00 1.00 0.00 3.00 0.00 0.00 0.00 0.00 0.00 0.00
9.00 6.00 1.00 8.00 26.00 7.00 18.00 0.09 0.39 0.00 0.00 0.00 3.00 5.00 3.00 1.00 6.00 0.00 0.00 0.00 0.00 0.00 0.00
10.00 9.00 5.00 16.00 34.00 11.00 18.00 0.08 0.44 0.00 0.00 0.00 2.00 6.00 7.00 3.00 8.00 1.00 0.00 0.00 0.00 0.00 0.00
11.00 9.00 6.00 18.00 36.00 12.00 18.00 0.09 0.32 0.00 1.00 0.00 5.00 7.00 4.00 2.00 8.00 1.00 0.00 0.00 0.00 0.00 0.00
12.00 11.00 9.00 23.00 51.00 14.00 28.00 0.09 0.61 0.00 1.00 0.00 2.00 5.00 9.00 6.00 10.00 1.00 0.00 0.00 0.00 0.00 0.00
13.00 12.00 8.00 24.00 53.00 16.00 29.00 0.09 0.61 0.00 0.00 0.00 4.00 8.00 8.00 4.00 11.00 1.00 0.00 0.00 0.00 0.00 0.00
14.00 8.00 3.00 15.00 38.00 12.00 23.00 0.09 0.42 0.00 1.00 0.00 4.00 4.00 4.00 4.00 7.00 1.00 0.00 0.00 0.00 0.00 0.00
15.00 13.00 13.00 31.00 62.00 18.00 31.00 0.07 0.57 0.00 0.00 0.00 3.00 8.00 10.00 5.00 11.00 2.00 0.00 0.00 0.00 0.00 0.00
16.00 15.00 12.00 31.00 64.00 19.00 33.00 0.08 0.63 0.00 0.00 0.00 4.00 10.00 11.00 5.00 13.00 2.00 0.00 0.00 0.00 0.00 0.00
17.00 13.00 8.00 23.00 62.00 15.00 39.00 0.07 0.67 0.00 1.00 0.00 4.00 8.00 9.00 5.00 9.00 4.00 0.00 0.00 0.00 0.00 0.00
18.00 7.00 4.00 11.00 31.00 7.00 20.00 0.09 0.36 0.00 1.00 0.00 4.00 6.00 3.00 1.00 6.00 1.00 0.00 0.00 0.00 0.00 0.00
19.00 10.00 5.00 22.00 45.00 17.00 23.00 0.09 0.44 0.00 1.00 0.00 5.00 9.00 5.00 1.00 9.00 1.00 0.00 0.00 0.00 0.00 0.00
20.00 13.00 8.00 26.00 60.00 18.00 34.00 0.08 0.52 0.00 0.00 0.00 6.00 9.00 7.00 4.00 11.00 2.00 0.00 0.00 0.00 0.00 0.00
21.00 9.00 1.00 16.00 42.00 15.00 26.00 0.09 0.31 0.00 1.00 0.00 6.00 8.00 3.00 1.00 8.00 1.00 0.00 0.00 0.00 0.00 0.00
22.00 6.00 2.00 10.00 26.00 8.00 16.00 0.08 0.39 0.00 0.00 0.00 3.00 4.00 3.00 2.00 5.00 1.00 0.00 0.00 0.00 0.00 0.00
23.00 9.00 5.00 16.00 41.00 11.00 25.00 0.09 0.25 0.00 0.00 0.00 4.00 5.00 5.00 4.00 9.00 0.00 0.00 0.00 0.00 0.00 0.00
24.00 8.00 1.00 4.00 27.00 3.00 23.00 0.08 0.83 0.00 0.00 0.00 3.00 6.00 5.00 2.00 7.00 1.00 0.00 0.00 0.00 0.00 0.00
25.00 7.00 1.00 6.00 23.00 5.00 17.00 0.08 0.35 0.00 0.00 0.00 3.00 6.00 4.00 1.00 6.00 1.00 0.00 0.00 1.00 0.00 0.00
26.00 10.00 3.00 18.00 49.00 15.00 31.00 0.08 0.42 0.00 0.00 0.00 3.00 6.00 7.00 4.00 7.00 3.00 0.00 0.00 1.00 0.00 0.00
27.00 12.00 6.00 23.00 59.00 17.00 36.00 0.08 0.43 0.00 0.00 0.00 5.00 7.00 7.00 5.00 9.00 3.00 0.00 0.00 1.00 0.00 0.00
28.00 8.00 5.00 16.00 38.00 11.00 22.00 0.08 0.36 0.00 0.00 0.00 1.00 5.00 7.00 3.00 7.00 1.00 0.00 0.00 1.00 0.00 0.00
29.00 17.00 12.00 37.00 79.00 25.00 42.00 0.09 0.57 0.00 0.00 0.00 5.00 9.00 12.00 8.00 12.00 5.00 0.00 0.00 0.00 0.00 0.00
30.00 16.00 10.00 32.00 82.00 22.00 50.00 0.07 0.54 0.00 0.00 0.00 5.00 8.00 11.00 8.00 13.00 3.00 0.00 0.00 1.00 0.00 0.00
31.00 9.00 5.00 18.00 42.00 13.00 24.00 0.09 0.33 0.00 0.00 0.00 4.00 5.00 5.00 4.00 9.00 0.00 0.00 0.00 0.00 0.00 0.00
32.00 9.00 5.00 17.00 41.00 12.00 24.00 0.09 0.35 0.00 0.00 0.00 3.00 6.00 6.00 3.00 7.00 2.00 0.00 0.00 0.00 0.00 0.00
33.00 13.00 6.00 28.00 65.00 22.00 37.00 0.09 0.40 0.00 1.00 0.00 3.00 9.00 10.00 4.00 11.00 2.00 0.00 0.00 0.00 0.00 0.00
34.00 12.00 10.00 30.00 60.00 20.00 30.00 0.08 0.38 0.00 1.00 0.00 6.00 8.00 6.00 4.00 10.00 2.00 0.00 0.00 1.00 0.00 0.00
35.00 14.00 6.00 30.00 61.00 24.00 31.00 0.09 0.38 0.00 1.00 0.00 5.00 11.00 9.00 3.00 12.00 2.00 0.00 0.00 1.00 0.00 0.00
36.00 10.00 7.00 19.00 45.00 12.00 26.00 0.10 0.23 0.00 1.00 0.00 3.00 4.00 7.00 6.00 6.00 4.00 0.00 0.00 0.00 0.00 0.00
37.00 12.00 8.00 27.00 57.00 19.00 30.00 0.07 0.44 0.00 1.00 0.00 3.00 8.00 9.00 4.00 11.00 1.00 0.00 0.00 1.00 0.00 0.00
38.00 14.00 10.00 33.00 70.00 23.00 37.00 0.09 0.41 0.00 0.00 0.00 5.00 6.00 9.00 8.00 11.00 3.00 0.00 0.00 0.00 0.00 0.00
39.00 12.00 4.00 27.00 63.00 23.00 36.00 0.10 0.46 0.00 0.00 0.00 3.00 8.00 9.00 4.00 10.00 2.00 0.00 0.00 0.00 0.00 0.00
40.00 10.00 3.00 19.00 43.00 16.00 24.00 0.09 0.65 0.00 0.00 0.00 3.00 6.00 7.00 4.00 8.00 2.00 0.00 0.00 0.00 0.00 0.00
41.00 12.00 5.00 20.00 56.00 15.00 36.00 0.09 0.71 0.00 0.00 0.00 5.00 6.00 7.00 6.00 8.00 4.00 0.00 0.00 0.00 0.00 0.00
42.00 13.00 7.00 23.00 59.00 16.00 36.00 0.07 0.87 0.00 0.00 0.00 2.00 9.00 11.00 4.00 9.00 4.00 0.00 0.00 0.00 0.00 0.00
43.00 14.00 5.00 26.00 67.00 21.00 41.00 0.09 0.69 0.00 0.00 0.00 5.00 8.00 9.00 6.00 12.00 2.00 0.00 0.00 0.00 0.00 0.00
44.00 11.00 7.00 24.00 56.00 17.00 32.00 0.08 0.50 0.00 0.00 0.00 5.00 7.00 6.00 4.00 8.00 3.00 0.00 0.00 0.00 0.00 0.00
45.00 11.00 7.00 23.00 56.00 16.00 33.00 0.08 0.46 0.00 0.00 0.00 2.00 4.00 9.00 7.00 7.00 4.00 0.00 0.00 1.00 0.00 0.00
46.00 12.00 9.00 27.00 58.00 18.00 31.00 0.09 0.66 0.00 0.00 0.00 3.00 5.00 9.00 7.00 9.00 3.00 0.00 0.00 0.00 0.00 0.00
47.00 10.00 2.00 19.00 49.00 17.00 30.00 0.09 0.72 0.00 1.00 0.00 3.00 8.00 7.00 2.00 9.00 1.00 0.00 0.00 0.00 0.00 0.00
48.00 10.00 6.00 21.00 48.00 15.00 27.00 0.09 0.60 0.00 0.00 0.00 3.00 5.00 7.00 5.00 6.00 4.00 0.00 0.00 0.00 0.00 0.00
49.00 9.00 6.00 20.00 44.00 14.00 24.00 0.08 0.37 0.00 0.00 0.00 2.00 5.00 7.00 4.00 7.00 2.00 0.00 0.00 0.00 1.00 0.00
50.00 6.00 2.00 11.00 26.00 9.00 15.00 0.08 0.24 0.00 0.00 0.00 3.00 5.00 3.00 1.00 6.00 0.00 0.00 0.00 0.00 0.00 0.00
51.00 9.00 4.00 17.00 41.00 13.00 24.00 0.08 0.52 0.00 0.00 0.00 3.00 4.00 6.00 5.00 5.00 4.00 0.00 0.00 0.00 0.00 0.00
52.00 10.00 8.00 23.00 47.00 15.00 24.00 0.07 0.52 0.00 0.00 0.00 4.00 6.00 6.00 4.00 8.00 2.00 0.00 0.00 0.00 0.00 0.00
53.00 17.00 8.00 36.00 85.00 28.00 49.00 0.08 0.76 0.00 0.00 0.00 6.00 11.00 11.00 6.00 13.00 4.00 0.00 0.00 0.00 0.00 0.00
54.00 11.00 6.00 23.00 52.00 17.00 29.00 0.08 0.61 0.00 0.00 0.00 3.00 7.00 8.00 4.00 10.00 1.00 0.00 0.00 0.00 0.00 0.00
55.00 11.00 2.00 18.00 50.00 16.00 32.00 0.11 0.59 0.00 0.00 0.00 4.00 8.00 7.00 3.00 10.00 1.00 0.00 0.00 0.00 0.00 0.00
56.00 17.00 13.00 36.00 83.00 23.00 47.00 0.07 0.73 0.00 0.00 0.00 6.00 7.00 11.00 10.00 10.00 7.00 0.00 0.00 0.00 0.00 0.00
57.00 10.00 0.00 11.00 49.00 11.00 38.00 0.09 0.72 0.00 1.00 0.00 5.00 6.00 5.00 4.00 8.00 2.00 0.00 0.00 0.00 0.00 0.00
58.00 16.00 8.00 27.00 68.00 19.00 41.00 0.08 0.99 0.00 1.00 0.00 4.00 10.00 12.00 6.00 12.00 4.00 0.00 0.00 0.00 0.00 0.00
59.00 10.00 5.00 18.00 46.00 13.00 28.00 0.09 0.65 0.00 1.00 0.00 4.00 7.00 6.00 3.00 8.00 2.00 0.00 0.00 0.00 0.00 0.00
60.00 6.00 2.00 10.00 26.00 8.00 16.00 0.10 0.23 0.00 1.00 0.00 1.00 5.00 5.00 1.00 6.00 0.00 0.00 0.00 0.00 0.00 0.00
61.00 18.00 17.00 41.00 86.00 24.00 45.00 0.08 0.63 0.00 1.00 0.00 3.00 9.00 15.00 9.00 13.00 5.00 0.00 0.00 0.00 0.00 0.00
62.00 31.00 22.00 74.00 153.00 52.00 79.00 0.09 1.21 0.00 0.00 0.00 10.00 16.00 21.00 15.00 21.00 10.00 0.00 0.00 0.00 0.00 0.00
63.00 14.00 9.00 28.00 67.00 19.00 39.00 0.07 0.70 0.00 0.00 0.00 8.00 10.00 6.00 4.00 11.00 3.00 0.00 0.00 0.00 0.00 0.00
64.00 13.00 11.00 30.00 61.00 19.00 31.00 0.07 0.61 0.00 0.00 0.00 4.00 8.00 9.00 5.00 12.00 1.00 0.00 0.00 1.00 0.00 0.00
65.00 16.00 11.00 37.00 82.00 26.00 45.00 0.07 0.86 0.00 0.00 0.00 3.00 6.00 13.00 10.00 10.00 6.00 0.00 0.00 0.00 0.00 0.00
66.00 20.00 21.00 50.00 101.00 29.00 51.00 0.08 0.83 0.00 0.00 0.00 2.00 7.00 18.00 13.00 10.00 10.00 0.00 0.00 0.00 0.00 0.00
67.00 16.00 15.00 37.00 70.00 22.00 33.00 0.08 0.84 0.00 1.00 0.00 5.00 8.00 11.00 8.00 10.00 6.00 0.00 0.00 0.00 0.00 0.00
68.00 14.00 10.00 30.00 67.00 20.00 37.00 0.08 0.69 0.00 0.00 0.00 5.00 8.00 9.00 6.00 11.00 3.00 0.00 0.00 0.00 0.00 0.00
69.00 16.00 15.00 39.00 77.00 24.00 38.00 0.09 0.58 0.00 1.00 0.00 8.00 12.00 8.00 4.00 14.00 2.00 0.00 0.00 0.00 0.00 0.00
70.00 18.00 17.00 38.00 82.00 21.00 44.00 0.08 0.83 0.00 0.00 0.00 5.00 11.00 13.00 7.00 15.00 3.00 0.00 0.00 0.00 0.00 0.00
71.00 13.00 10.00 29.00 67.00 19.00 38.00 0.08 0.45 0.00 2.00 0.00 3.00 8.00 10.00 5.00 9.00 4.00 0.00 0.00 0.00 0.00 0.00
72.00 16.00 14.00 38.00 74.00 24.00 36.00 0.09 0.59 0.00 0.00 0.00 4.00 8.00 12.00 8.00 11.00 5.00 0.00 0.00 0.00 0.00 0.00
73.00 10.00 5.00 18.00 47.00 13.00 29.00 0.09 0.45 0.00 2.00 0.00 4.00 5.00 6.00 5.00 6.00 4.00 0.00 0.00 0.00 0.00 0.00
74.00 14.00 10.00 31.00 69.00 21.00 38.00 0.08 0.52 0.00 0.00 0.00 4.00 10.00 10.00 4.00 11.00 3.00 0.00 0.00 0.00 1.00 0.00
75.00 7.00 1.00 9.00 34.00 8.00 25.00 0.07 0.34 0.00 0.00 0.00 1.00 6.00 6.00 1.00 7.00 0.00 0.00 0.00 1.00 0.00 0.00
76.00 11.00 9.00 24.00 52.00 15.00 28.00 0.09 0.41 0.00 0.00 0.00 2.00 7.00 9.00 4.00 8.00 3.00 0.00 0.00 0.00 0.00 0.00
77.00 11.00 9.00 24.00 51.00 15.00 27.00 0.09 0.41 0.00 0.00 0.00 2.00 6.00 9.00 5.00 8.00 3.00 0.00 0.00 0.00 0.00 0.00
78.00 11.00 5.00 19.00 50.00 14.00 31.00 0.08 0.39 0.00 0.00 0.00 4.00 8.00 7.00 3.00 9.00 2.00 0.00 0.00 0.00 0.00 0.00
79.00 7.00 0.00 8.00 28.00 8.00 20.00 0.08 0.42 0.00 0.00 0.00 2.00 3.00 5.00 4.00 7.00 0.00 0.00 0.00 0.00 0.00 0.00
80.00 10.00 6.00 18.00 44.00 12.00 26.00 0.08 0.54 0.00 1.00 0.00 1.00 5.00 9.00 5.00 7.00 3.00 0.00 0.00 0.00 0.00 0.00
81.00 6.00 0.00 6.00 27.00 6.00 21.00 0.07 0.32 0.00 0.00 0.00 1.00 5.00 5.00 1.00 6.00 0.00 0.00 0.00 0.00 0.00 0.00
82.00 8.00 4.00 11.00 33.00 7.00 22.00 0.09 0.37 0.00 1.00 0.00 4.00 6.00 4.00 2.00 6.00 2.00 0.00 0.00 0.00 0.00 0.00
83.00 5.00 0.00 6.00 19.00 6.00 13.00 0.08 0.27 0.00 0.00 0.00 2.00 5.00 3.00 0.00 5.00 0.00 0.00 0.00 0.00 0.00 0.00
84.00 7.00 2.00 11.00 29.00 9.00 18.00 0.10 0.22 0.00 0.00 0.00 2.00 4.00 5.00 3.00 6.00 1.00 0.00 0.00 0.00 0.00 0.00
85.00 5.00 1.00 7.00 22.00 6.00 15.00 0.09 0.32 0.00 0.00 0.00 0.00 2.00 5.00 3.00 4.00 1.00 0.00 0.00 0.00 0.00 0.00
86.00 7.00 1.00 11.00 31.00 10.00 20.00 0.07 0.31 0.00 0.00 0.00 3.00 5.00 4.00 2.00 5.00 2.00 0.00 0.00 0.00 0.00 0.00
87.00 12.00 9.00 19.00 48.00 10.00 29.00 0.09 0.66 0.00 0.00 0.00 2.00 7.00 10.00 5.00 11.00 1.00 0.00 0.00 0.00 0.00 0.00
88.00 5.00 1.00 5.00 19.00 4.00 14.00 0.08 0.30 0.00 0.00 0.00 2.00 5.00 3.00 0.00 5.00 0.00 0.00 0.00 0.00 0.00 0.00
89.00 12.00 8.00 25.00 60.00 17.00 35.00 0.09 0.42 0.00 0.00 0.00 2.00 6.00 10.00 6.00 7.00 5.00 0.00 0.00 0.00 0.00 0.00
90.00 11.00 8.00 23.00 51.00 15.00 28.00 0.08 0.45 0.00 0.00 0.00 4.00 8.00 7.00 3.00 9.00 2.00 0.00 0.00 0.00 0.00 0.00
91.00 14.00 12.00 34.00 63.00 22.00 29.00 0.07 0.51 0.00 0.00 0.00 3.00 8.00 11.00 6.00 10.00 4.00 0.00 0.00 0.00 0.00 0.00
92.00 7.00 1.00 11.00 32.00 10.00 21.00 0.09 0.33 0.00 0.00 0.00 2.00 5.00 5.00 2.00 6.00 1.00 0.00 0.00 0.00 0.00 0.00
93.00 4.00 1.00 5.00 17.00 4.00 12.00 0.10 0.14 0.00 0.00 0.00 2.00 4.00 2.00 0.00 4.00 0.00 0.00 0.00 0.00 0.00 0.00
94.00 3.00 0.00 2.00 9.00 2.00 7.00 0.08 0.15 0.00 0.00 0.00 0.00 3.00 3.00 0.00 3.00 0.00 0.00 0.00 0.00 0.00 0.00
95.00 5.00 1.00 4.00 20.00 3.00 16.00 0.08 0.36 0.00 0.00 0.00 2.00 3.00 3.00 2.00 5.00 0.00 0.00 0.00 0.00 0.00 0.00
96.00 2.00 0.00 0.00 2.00 0.00 2.00 0.10 0.18 0.00 0.00 0.00 2.00 2.00 0.00 0.00 2.00 0.00 0.00 0.00 0.00 0.00 0.00
