0.00 2.00 0.00 0.00 2.00 0.00 2.00 0.08 0.29 0.00 0.00 0.00 2.00 2.00 0.00 0.00 2.00 0.00 0.00 0.00 0.00 0.00 0.00
1.00 3.00 0.00 0.00 6.00 0.00 6.00 0.08 4.90 0.00 0.00 0.00 2.00 3.00 1.00 0.00 3.00 0.00 0.00 0.00 0.00 0.00 0.00
2.00 10.00 9.00 22.00 44.00 13.00 22.00 0.08 2.59 0.00 0.00 0.00 2.00 7.00 8.00 3.00 9.00 1.00 0.00 0.00 0.00 0.00 0.00
3.00 11.00 11.00 27.00 50.00 16.00 23.00 0.07 0.30 0.00 1.00 0.00 3.00 6.00 8.00 5.00 9.00 2.00 0.00 0.00 0.00 0.00 0.00
4.00 9.00 6.00 20.00 43.00 14.00 23.00 0.08 0.24 0.00 1.00 0.00 3.00 8.00 6.00 1.00 9.00 0.00 0.00 0.00 0.00 0.00 0.00
5.00 11.00 7.00 23.00 53.00 16.00 30.00 0.10 3.29 0.00 1.00 0.00 3.00 5.00 8.00 6.00 6.00 5.00 0.00 0.00 0.00 0.00 0.00
6.00 9.00 1.00 11.00 42.00 10.00 31.00 0.09 4.81 0.00 0.00 0.00 2.00 7.00 7.00 2.00 7.00 2.00 0.00 0.00 0.00 0.00 0.00
7.00 10.00 6.00 19.00 48.00 13.00 29.00 0.08 6.02 0.00 0.00 0.00 4.00 7.00 6.00 3.00 8.00 2.00 0.00 0.00 0.00 0.00 0.00
8.00 10.00 6.00 21.00 46.00 15.00 25.00 0.08 3.81 0.00 0.00 0.00 4.00 7.00 6.00 3.00 9.00 1.00 0.00 0.00 0.00 0.00 0.00
9.00 8.00 6.00 18.00 39.00 12.00 21.00 0.07 2.35 0.00 0.00 0.00 0.00 6.00 8.00 2.00 8.00 0.00 0.00 0.00 0.00 0.00 0.00
10.00 9.00 7.00 20.00 39.00 13.00 19.00 0.08 0.29 0.00 0.00 0.00 3.00 6.00 6.00 3.00 8.00 1.00 0.00 0.00 0.00 0.00 0.00
11.00 5.00 0.00 4.00 20.00 4.00 16.00 0.08 0.39 0.00 0.00 0.00 2.00 5.00 3.00 0.00 5.00 0.00 0.00 0.00 0.00 0.00 0.00
12.00 13.00 12.00 32.00 61.00 20.00 29.00 0.09 4.92 0.00 0.00 0.00 5.00 9.00 8.00 4.00 12.00 1.00 0.00 0.00 0.00 0.00 0.00
13.00 13.00 10.00 25.00 63.00 15.00 38.00 0.09 3.45 0.00 0.00 0.00 5.00 7.00 8.00 6.00 11.00 2.00 0.00 0.00 0.00 0.00 0.00
14.00 12.00 12.00 30.00 56.00 18.00 26.00 0.10 2.23 0.00 0.00 0.00 5.00 8.00 7.00 4.00 9.00 3.00 0.00 0.00 0.00 0.00 0.00
15.00 11.00 10.00 25.00 50.00 15.00 25.00 0.09 2.25 0.00 0.00 0.00 1.00 2.00 10.00 9.00 6.00 5.00 0.00 0.00 0.00 0.00 0.00
16.00 14.00 13.00 33.00 63.00 20.00 30.00 0.08 1.68 0.00 0.00 0.00 5.00 10.00 9.00 4.00 13.00 1.00 0.00 0.00 0.00 0.00 0.00
17.00 13.00 10.00 29.00 62.00 19.00 33.00 0.08 1.71 0.00 1.00 0.00 6.00 9.00 7.00 4.00 9.00 4.00 0.00 0.00 0.00 0.00 0.00
18.00 6.00 3.00 10.00 26.00 7.00 16.00 0.07 2.75 0.00 0.00 0.00 1.00 5.00 5.00 1.00 6.00 0.00 0.00 0.00 0.00 0.00 0.00
19.00 11.00 6.00 23.00 48.00 17.00 25.00 0.11 1.82 0.00 1.00 0.00 1.00 6.00 10.00 5.00 10.00 1.00 0.00 0.00 0.00 0.00 0.00
20.00 13.00 5.00 23.00 63.00 18.00 40.00 0.11 0.59 0.00 0.00 0.00 2.00 9.00 11.00 4.00 13.00 0.00 0.00 0.00 0.00 0.00 0.00
21.00 14.00 9.00 29.00 70.00 20.00 41.00 0.07 3.33 1.00 0.00 0.00 4.00 7.00 10.00 7.00 10.00 4.00 0.00 0.00 0.00 0.00 0.00
22.00 17.00 14.00 37.00 88.00 23.00 51.00 0.09 2.94 0.00 1.00 0.00 2.00 6.00 15.00 11.00 9.00 8.00 0.00 0.00 0.00 0.00 0.00
23.00 17.00 18.00 41.00 87.00 23.00 46.00 0.09 2.29 0.00 0.00 0.00 5.00 11.00 12.00 6.00 15.00 2.00 0.00 0.00 0.00 0.00 0.00
24.00 18.00 11.00 40.00 87.00 29.00 47.00 0.08 2.13 0.00 0.00 0.00 5.00 9.00 13.00 9.00 13.00 5.00 0.00 0.00 0.00 0.00 0.00
25.00 13.00 7.00 28.00 57.00 21.00 29.00 0.07 1.58 0.00 1.00 0.00 3.00 8.00 10.00 5.00 11.00 2.00 0.00 0.00 0.00 0.00 0.00
26.00 15.00 10.00 29.00 69.00 19.00 40.00 0.08 0.79 0.00 0.00 0.00 4.00 9.00 11.00 6.00 12.00 3.00 0.00 0.00 0.00 0.00 0.00
27.00 21.00 14.00 46.00 106.00 32.00 60.00 0.08 2.56 0.00 1.00 0.00 6.00 12.00 15.00 9.00 19.00 2.00 1.00 0.00 0.00 0.00 0.00
28.00 12.00 11.00 28.00 60.00 17.00 32.00 0.09 1.83 0.00 2.00 0.00 4.00 5.00 8.00 7.00 6.00 6.00 0.00 0.00 0.00 0.00 0.00
29.00 16.00 17.00 40.00 77.00 23.00 37.00 0.09 1.97 0.00 1.00 0.00 2.00 6.00 14.00 10.00 9.00 7.00 0.00 0.00 0.00 1.00 0.00
30.00 26.00 21.00 62.00 127.00 41.00 65.00 0.09 2.96 0.00 2.00 0.00 7.00 12.00 19.00 14.00 16.00 10.00 0.00 0.00 0.00 0.00 0.00
31.00 11.00 2.00 20.00 51.00 18.00 31.00 0.08 3.76 0.00 1.00 0.00 2.00 7.00 9.00 4.00 11.00 0.00 0.00 0.00 0.00 0.00 0.00
32.00 23.00 25.00 59.00 116.00 34.00 57.00 0.09 2.45 0.00 0.00 0.00 7.00 12.00 16.00 11.00 18.00 5.00 0.00 0.00 0.00 0.00 0.00
33.00 26.00 23.00 69.00 135.00 46.00 66.00 0.08 2.59 0.00 1.00 0.00 8.00 12.00 18.00 14.00 18.00 8.00 0.00 0.00 1.00 0.00 0.00
34.00 26.00 27.00 76.00 128.00 49.00 52.00 0.09 2.88 0.00 1.00 0.00 10.00 17.00 16.00 9.00 19.00 7.00 0.00 0.00 2.00 0.00 0.00
35.00 23.00 27.00 58.00 111.00 31.00 53.00 0.09 2.94 0.00 1.00 0.00 8.00 12.00 15.00 11.00 17.00 6.00 0.00 0.00 1.00 0.00 0.00
36.00 24.00 27.00 63.00 122.00 36.00 59.00 0.08 3.33 0.00 1.00 0.00 10.00 12.00 14.00 12.00 20.00 4.00 0.00 0.00 0.00 0.00 0.00
37.00 28.00 31.00 75.00 129.00 44.00 54.00 0.10 3.50 0.00 3.00 0.00 10.00 15.00 18.00 13.00 17.00 11.00 0.00 0.00 0.00 0.00 0.00
38.00 24.00 21.00 58.00 114.00 37.00 56.00 0.10 2.58 0.00 0.00 0.00 8.00 15.00 16.00 9.00 16.00 8.00 0.00 0.00 0.00 0.00 0.00
39.00 21.00 20.00 53.00 103.00 33.00 50.00 0.09 3.37 1.00 0.00 0.00 6.00 10.00 15.00 11.00 16.00 5.00 0.00 0.00 0.00 0.00 0.00
40.00 18.00 22.00 46.00 84.00 24.00 38.00 0.08 3.13 0.00 0.00 0.00 2.00 6.00 16.00 12.00 11.00 7.00 0.00 0.00 0.00 0.00 0.00
41.00 24.00 26.00 64.00 120.00 38.00 56.00 0.09 3.23 1.00 1.00 1.00 10.00 15.00 14.00 9.00 20.00 4.00 0.00 0.00 0.00 0.00 0.00
42.00 23.00 28.00 65.00 117.00 37.00 52.00 0.10 3.33 1.00 1.00 1.00 5.00 10.00 18.00 13.00 13.00 10.00 0.00 0.00 0.00 0.00 0.00
43.00 26.00 30.00 68.00 132.00 38.00 64.00 0.08 4.24 1.00 1.00 1.00 3.00 11.00 23.00 15.00 17.00 9.00 0.00 0.00 0.00 0.00 0.00
44.00 21.00 17.00 45.00 99.00 28.00 54.00 0.10 1.28 1.00 0.00 0.00 7.00 10.00 14.00 11.00 13.00 8.00 0.00 0.00 0.00 0.00 0.00
45.00 29.00 38.00 82.00 137.00 44.00 55.00 0.07 3.60 1.00 0.00 0.00 9.00 13.00 20.00 16.00 18.00 11.00 0.00 0.00 0.00 0.00 0.00
46.00 26.00 29.00 72.00 139.00 43.00 67.00 0.08 3.54 1.00 3.00 0.33 3.00 11.00 23.00 15.00 14.00 12.00 0.00 0.00 0.00 0.00 0.00
47.00 25.00 22.00 62.00 130.00 40.00 68.00 0.08 3.77 0.00 3.00 0.00 8.00 14.00 17.00 11.00 16.00 9.00 0.00 0.00 0.00 0.00 0.00
48.00 28.00 42.00 83.00 143.00 41.00 60.00 0.07 3.58 1.00 3.00 0.33 7.00 13.00 21.00 15.00 15.00 13.00 0.00 0.00 0.00 0.00 0.00
49.00 26.00 35.00 71.00 124.00 36.00 53.00 0.07 4.19 1.00 2.00 0.50 7.00 11.00 19.00 15.00 14.00 12.00 0.00 0.00 0.00 0.00 0.00
50.00 29.00 46.00 87.00 145.00 41.00 58.00 0.07 3.77 1.00 2.00 0.50 6.00 16.00 23.00 13.00 19.00 10.00 0.00 0.00 0.00 0.00 0.00
51.00 33.00 46.00 96.00 166.00 50.00 70.00 0.09 3.24 1.00 2.00 0.50 8.00 17.00 25.00 16.00 23.00 10.00 0.00 0.00 0.00 0.00 0.00
52.00 31.00 41.00 88.00 162.00 47.00 74.00 0.08 2.79 1.00 1.00 1.00 6.00 12.00 25.00 19.00 22.00 9.00 0.00 0.00 1.00 0.00 0.00
53.00 18.00 20.00 49.00 93.00 29.00 44.00 0.08 3.11 1.00 3.00 0.33 3.00 4.00 15.00 14.00 10.00 8.00 0.00 0.00 0.00 0.00 0.00
54.00 25.00 25.00 68.00 133.00 43.00 65.00 0.08 2.94 1.00 2.00 0.50 4.00 11.00 21.00 14.00 16.00 9.00 0.00 0.00 1.00 1.00 0.00
55.00 28.00 26.00 76.00 134.00 50.00 58.00 0.08 2.88 1.00 1.00 1.00 11.00 15.00 17.00 13.00 21.00 7.00 0.00 0.00 1.00 0.00 0.00
56.00 26.00 24.00 67.00 135.00 43.00 68.00 0.10 2.27 1.00 1.00 1.00 6.00 14.00 20.00 12.00 16.00 10.00 0.00 0.00 0.00 0.00 0.00
57.00 23.00 22.00 61.00 113.00 39.00 52.00 0.09 3.19 1.00 1.00 1.00 5.00 13.00 18.00 10.00 20.00 3.00 0.00 0.00 0.00 0.00 0.00
58.00 23.00 27.00 60.00 119.00 33.00 59.00 0.11 1.81 1.00 1.00 1.00 5.00 12.00 18.00 11.00 16.00 7.00 0.00 0.00 0.00 0.00 0.00
59.00 25.00 24.00 65.00 128.00 41.00 63.00 0.08 3.01 1.00 2.00 0.50 7.00 11.00 18.00 14.00 15.00 10.00 0.00 0.00 0.00 0.00 0.00
60.00 27.00 35.00 70.00 133.00 35.00 63.00 0.08 2.54 1.00 3.00 0.33 10.00 14.00 17.00 13.00 21.00 6.00 0.00 0.00 0.00 0.00 0.00
61.00 18.00 21.00 47.00 81.00 26.00 34.00 0.07 2.29 0.00 2.00 0.00 5.00 9.00 13.00 9.00 10.00 8.00 0.00 0.00 0.00 0.00 0.00
62.00 20.00 8.00 43.00 101.00 35.00 58.00 0.08 3.47 0.00 1.00 0.00 8.00 13.00 12.00 7.00 16.00 4.00 0.00 0.00 0.00 0.00 0.00
63.00 19.00 17.00 46.00 94.00 29.00 48.00 0.09 2.83 1.00 1.00 1.00 7.00 11.00 12.00 8.00 12.00 7.00 0.00 0.00 0.00 0.00 0.00
64.00 19.00 12.00 45.00 96.00 33.00 51.00 0.09 2.07 0.00 1.00 0.00 4.00 7.00 15.00 12.00 10.00 9.00 0.00 0.00 0.00 0.00 0.00
65.00 21.00 27.00 59.00 102.00 32.00 43.00 0.08 2.55 0.00 1.00 0.00 5.00 9.00 16.00 12.00 13.00 8.00 0.00 0.00 0.00 1.00 0.00
66.00 16.00 10.00 40.00 79.00 30.00 39.00 0.08 2.99 0.00 0.00 0.00 6.00 9.00 10.00 7.00 12.00 4.00 0.00 0.00 0.00 0.00 0.00
67.00 16.00 10.00 35.00 79.00 25.00 44.00 0.08 2.32 0.00 1.00 0.00 5.00 10.00 11.00 6.00 15.00 1.00 0.00 0.00 0.00 0.00 0.00
68.00 14.00 6.00 32.00 70.00 26.00 38.00 0.11 2.27 0.00 1.00 0.00 4.00 6.00 10.00 8.00 8.00 6.00 0.00 0.00 0.00 0.00 0.00
69.00 7.00 1.00 11.00 31.00 10.00 20.00 0.09 0.20 0.00 1.00 0.00 5.00 5.00 2.00 2.00 6.00 1.00 0.00 0.00 0.00 0.00 0.00
70.00 14.00 6.00 22.00 63.00 16.00 41.00 0.07 0.61 0.00 0.00 0.00 6.00 11.00 8.00 3.00 13.00 1.00 0.00 0.00 1.00 0.00 0.00
71.00 15.00 5.00 19.00 61.00 14.00 42.00 0.10 3.95 0.00 0.00 0.00 3.00 9.00 12.00 6.00 13.00 2.00 0.00 0.00 0.00 0.00 0.00
72.00 14.00 10.00 28.00 62.00 18.00 34.00 0.09 0.73 0.00 0.00 0.00 4.00 5.00 10.00 9.00 8.00 6.00 0.00 0.00 0.00 0.00 0.00
73.00 5.00 0.00 2.00 16.00 2.00 14.00 0.10 3.42 0.00 0.00 0.00 3.00 4.00 2.00 1.00 5.00 0.00 0.00 0.00 0.00 0.00 0.00
74.00 20.00 15.00 42.00 104.00 27.00 62.00 0.08 0.80 0.00 0.00 0.00 6.00 11.00 14.00 9.00 15.00 5.00 0.00 0.00 0.00 0.00 0.00
75.00 17.00 15.00 36.00 79.00 21.00 43.00 0.08 1.68 0.00 0.00 0.00 5.00 9.00 12.00 8.00 15.00 2.00 0.00 0.00 0.00 0.00 0.00
76.00 15.00 8.00 26.00 66.00 18.00 40.00 0.09 2.78 0.00 0.00 0.00 5.00 7.00 10.00 8.00 14.00 1.00 0.00 0.00 0.00 0.00 0.00
77.00 10.00 3.00 19.00 46.00 16.00 27.00 0.10 0.46 0.00 0.00 0.00 1.00 5.00 9.00 5.00 8.00 2.00 0.00 0.00 0.00 0.00 0.00
78.00 10.00 4.00 18.00 44.00 14.00 26.00 0.08 1.97 0.00 0.00 0.00 2.00 8.00 8.00 2.00 8.00 2.00 0.00 0.00 0.00 0.00 0.00
79.00 4.00 0.00 0.00 12.00 0.00 12.00 0.09 0.58 0.00 0.00 0.00 3.00 3.00 1.00 1.00 4.00 0.00 0.00 0.00 0.00 0.00 0.00
80.00 6.00 0.00 2.00 19.00 2.00 17.00 0.09 0.33 0.00 0.00 0.00 3.00 5.00 3.00 1.00 6.00 0.00 0.00 0.00 0.00 0.00 0.00
81.00 8.00 4.00 13.00 29.00 9.00 16.00 0.09 2.33 0.00 0.00 0.00 3.00 7.00 5.00 1.00 8.00 0.00 0.00 0.00 0.00 0.00 0.00
82.00 3.00 0.00 1.00 8.00 1.00 7.00 0.09 4.40 0.00 0.00 0.00 2.00 3.00 1.00 0.00 3.00 0.00 0.00 0.00 0.00 0.00 0.00
83.00 8.00 0.00 7.00 28.00 7.00 21.00 0.09 0.51 0.00 0.00 0.00 2.00 8.00 6.00 0.00 8.00 0.00 0.00 0.00 0.00 0.00 0.00
84.00 5.00 2.00 8.00 20.00 6.00 12.00 0.08 0.27 0.00 0.00 0.00 2.00 3.00 3.00 2.00 5.00 0.00 0.00 0.00 0.00 0.00 0.00
85.00 3.00 0.00 2.00 10.00 2.00 8.00 0.08 4.40 0.00 0.00 0.00 2.00 3.00 1.00 0.00 3.00 0.00 0.00 0.00 0.00 0.00 0.00
86.00 5.00 1.00 7.00 18.00 6.00 11.00 0.06 0.34 0.00 0.00 0.00 1.00 4.00 4.00 1.00 5.00 0.00 0.00 0.00 0.00 0.00 0.00
87.00 2.00 0.00 0.00 6.00 0.00 6.00 0.09 0.17 0.00 0.00 0.00 2.00 2.00 0.00 0.00 2.00 0.00 0.00 0.00 0.00 0.00 0.00
