0.00 3.00 0.00 0.00 2.00 0.00 2.00 0.08 0.32 0.00 0.00 0.00 2.00 3.00 1.00 0.00 3.00 0.00 0.00 0.00 0.00 0.00 0.00
1.00 3.00 0.00 0.00 7.00 0.00 7.00 0.09 0.11 0.00 0.00 0.00 2.00 3.00 1.00 0.00 3.00 0.00 0.00 0.00 0.00 0.00 0.00
2.00 5.00 1.00 4.00 21.00 3.00 17.00 0.08 0.15 0.00 0.00 0.00 4.00 4.00 1.00 1.00 4.00 1.00 0.00 0.00 0.00 0.00 0.00
3.00 3.00 0.00 0.00 4.00 0.00 4.00 0.08 3.59 0.00 0.00 0.00 2.00 3.00 1.00 0.00 3.00 0.00 0.00 0.00 0.00 0.00 0.00
4.00 7.00 2.00 10.00 29.00 8.00 19.00 0.09 0.41 0.00 0.00 0.00 4.00 5.00 3.00 2.00 5.00 2.00 0.00 0.00 0.00 0.00 0.00
5.00 5.00 0.00 6.00 22.00 6.00 16.00 0.08 0.33 0.00 0.00 0.00 2.00 4.00 3.00 1.00 4.00 1.00 0.00 0.00 0.00 0.00 0.00
6.00 7.00 3.00 12.00 32.00 9.00 20.00 0.08 0.31 0.00 0.00 0.00 2.00 5.00 5.00 2.00 5.00 2.00 0.00 0.00 0.00 0.00 0.00
7.00 8.00 2.00 14.00 37.00 12.00 23.00 0.07 0.28 0.00 1.00 0.00 2.00 3.00 6.00 5.00 7.00 1.00 0.00 0.00 0.00 0.00 0.00
8.00 9.00 6.00 20.00 40.00 14.00 20.00 0.08 0.34 0.00 0.00 0.00 2.00 4.00 7.00 5.00 8.00 1.00 0.00 0.00 0.00 0.00 0.00
9.00 6.00 0.00 5.00 21.00 5.00 16.00 0.08 0.39 0.00 0.00 0.00 2.00 3.00 4.00 3.00 5.00 1.00 0.00 0.00 0.00 0.00 0.00
10.00 6.00 2.00 8.00 20.00 6.00 12.00 0.10 0.56 0.00 0.00 0.00 4.00 5.00 2.00 1.00 5.00 1.00 0.00 0.00 0.00 0.00 0.00
11.00 8.00 5.00 17.00 37.00 12.00 20.00 0.09 0.42 0.00 0.00 0.00 2.00 3.00 6.00 5.00 6.00 2.00 0.00 0.00 0.00 0.00 0.00
12.00 10.00 4.00 12.00 42.00 8.00 30.00 0.09 0.36 0.00 0.00 0.00 3.00 6.00 7.00 4.00 9.00 1.00 0.00 0.00 0.00 0.00 0.00
13.00 7.00 2.00 12.00 32.00 10.00 20.00 0.09 0.26 0.00 0.00 0.00 2.00 7.00 5.00 0.00 7.00 0.00 0.00 0.00 0.00 0.00 0.00
14.00 15.00 5.00 27.00 66.00 22.00 39.00 0.09 0.63 0.00 0.00 0.00 7.00 9.00 8.00 6.00 13.00 2.00 0.00 0.00 0.00 0.00 0.00
15.00 8.00 3.00 12.00 32.00 9.00 20.00 0.09 0.55 0.00 0.00 0.00 3.00 4.00 5.00 4.00 7.00 1.00 0.00 0.00 0.00 0.00 0.00
16.00 7.00 1.00 8.00 27.00 7.00 19.00 0.08 0.27 0.00 1.00 0.00 3.00 6.00 4.00 1.00 7.00 0.00 0.00 0.00 0.00 0.00 0.00
17.00 13.00 5.00 24.00 56.00 19.00 32.00 0.08 1.70 0.00 1.00 0.00 3.00 7.00 10.00 6.00 10.00 3.00 0.00 0.00 0.00 0.00 0.00
18.00 12.00 9.00 31.00 58.00 22.00 27.00 0.08 1.73 0.00 0.00 0.00 5.00 6.00 7.00 6.00 7.00 5.00 0.00 0.00 0.00 0.00 0.00
19.00 8.00 2.00 15.00 40.00 13.00 25.00 0.08 0.19 0.00 0.00 0.00 4.00 7.00 4.00 1.00 7.00 1.00 0.00 0.00 0.00 0.00 0.00
20.00 11.00 6.00 20.00 51.00 14.00 31.00 0.09 1.85 0.00 0.00 0.00 3.00 8.00 8.00 3.00 10.00 1.00 0.00 0.00 0.00 0.00 0.00
21.00 15.00 12.00 32.00 69.00 20.00 37.00 0.08 1.65 0.00 0.00 0.00 4.00 6.00 11.00 9.00 9.00 6.00 0.00 0.00 0.00 0.00 0.00
22.00 12.00 12.00 29.00 61.00 17.00 32.00 0.09 1.85 0.00 0.00 0.00 2.00 8.00 10.00 4.00 8.00 4.00 0.00 0.00 0.00 0.00 0.00
23.00 8.00 1.00 8.00 31.00 7.00 23.00 0.08 0.29 0.00 0.00 0.00 4.00 6.00 4.00 2.00 8.00 0.00 0.00 0.00 0.00 0.00 0.00
24.00 8.00 2.00 12.00 35.00 10.00 23.00 0.09 0.50 0.00 0.00 0.00 5.00 7.00 3.00 1.00 7.00 1.00 0.00 0.00 0.00 0.00 0.00
25.00 13.00 13.00 31.00 63.00 18.00 32.00 0.09 0.61 0.00 0.00 0.00 3.00 6.00 10.00 7.00 8.00 5.00 0.00 0.00 0.00 0.00 0.00
26.00 17.00 8.00 32.00 71.00 24.00 39.00 0.09 2.40 1.00 0.00 0.00 5.00 10.00 12.00 7.00 14.00 3.00 0.00 0.00 1.00 0.00 0.00
27.00 17.00 22.00 45.00 80.00 23.00 35.00 0.09 1.45 1.00 0.00 0.00 4.00 12.00 13.00 5.00 15.00 2.00 0.00 0.00 0.00 0.00 0.00
28.00 20.00 15.00 43.00 95.00 28.00 52.00 0.08 1.35 1.00 1.00 1.00 10.00 14.00 10.00 6.00 16.00 4.00 0.00 0.00 0.00 0.00 0.00
29.00 15.00 12.00 35.00 78.00 23.00 43.00 0.09 0.67 1.00 0.00 0.00 5.00 9.00 10.00 6.00 11.00 4.00 0.00 0.00 0.00 0.00 0.00
30.00 12.00 4.00 20.00 58.00 16.00 38.00 0.08 1.93 1.00 0.00 0.00 3.00 6.00 9.00 6.00 9.00 3.00 0.00 0.00 0.00 0.00 0.00
31.00 19.00 26.00 57.00 94.00 31.00 37.00 0.09 0.65 1.00 0.00 0.00 4.00 6.00 15.00 13.00 13.00 6.00 0.00 0.00 0.00 0.00 0.00
32.00 15.00 17.00 37.00 77.00 20.00 40.00 0.08 0.53 1.00 0.00 0.00 4.00 4.00 11.00 11.00 10.00 5.00 0.00 0.00 1.00 0.00 0.00
33.00 18.00 20.00 46.00 88.00 26.00 42.00 0.09 0.56 1.00 0.00 0.00 5.00 8.00 13.00 10.00 12.00 6.00 0.00 0.00 0.00 0.00 0.00
34.00 16.00 18.00 41.00 75.00 23.00 34.00 0.09 0.55 1.00 1.00 1.00 5.00 8.00 11.00 8.00 12.00 4.00 0.00 0.00 0.00 0.00 0.00
35.00 23.00 27.00 63.00 116.00 36.00 53.00 0.08 0.85 1.00 1.00 1.00 9.00 15.00 14.00 8.00 19.00 4.00 0.00 0.00 0.00 1.00 0.00
36.00 16.00 13.00 35.00 74.00 22.00 39.00 0.09 0.53 1.00 0.00 0.00 5.00 9.00 11.00 7.00 13.00 3.00 0.00 0.00 0.00 0.00 0.00
37.00 18.00 20.00 48.00 95.00 28.00 47.00 0.07 0.65 0.00 0.00 0.00 4.00 9.00 14.00 9.00 13.00 5.00 0.00 0.00 0.00 0.00 0.00
38.00 21.00 18.00 55.00 108.00 37.00 53.00 0.09 0.63 1.00 0.00 0.00 8.00 12.00 13.00 9.00 15.00 6.00 0.00 0.00 0.00 0.00 0.00
39.00 20.00 24.00 58.00 104.00 34.00 46.00 0.10 0.52 1.00 1.00 1.00 3.00 8.00 17.00 12.00 12.00 8.00 0.00 0.00 0.00 0.00 0.00
40.00 22.00 18.00 54.00 112.00 36.00 58.00 0.09 0.92 1.00 0.00 0.00 7.00 13.00 15.00 9.00 16.00 6.00 0.00 0.00 0.00 0.00 0.00
41.00 17.00 21.00 48.00 88.00 27.00 40.00 0.10 0.49 1.00 0.00 0.00 0.00 7.00 17.00 10.00 10.00 7.00 0.00 0.00 0.00 0.00 0.00
42.00 22.00 23.00 55.00 114.00 32.00 59.00 0.09 1.36 1.00 0.00 0.00 5.00 10.00 17.00 12.00 16.00 6.00 0.00 0.00 1.00 0.00 0.00
43.00 21.00 31.00 61.00 102.00 30.00 41.00 0.08 0.58 1.00 0.00 0.00 3.00 9.00 18.00 12.00 13.00 8.00 0.00 0.00 0.00 0.00 0.00
44.00 23.00 32.00 69.00 118.00 37.00 49.00 0.07 0.69 1.00 0.00 0.00 5.00 10.00 18.00 13.00 15.00 8.00 0.00 0.00 3.00 0.00 0.00
45.00 23.00 32.00 71.00 118.00 39.00 47.00 0.08 0.64 1.00 0.00 0.00 5.00 8.00 18.00 15.00 14.00 9.00 0.00 0.00 1.00 0.00 0.00
46.00 21.00 22.00 50.00 102.00 28.00 52.00 0.08 0.61 1.00 0.00 0.00 10.00 15.00 11.00 6.00 18.00 3.00 0.00 0.00 0.00 0.00 0.00
47.00 23.00 17.00 59.00 112.00 42.00 53.00 0.08 0.85 1.00 1.00 1.00 9.00 13.00 14.00 10.00 17.00 6.00 0.00 0.00 0.00 0.00 0.00
48.00 17.00 12.00 43.00 90.00 31.00 47.00 0.09 0.62 1.00 1.00 1.00 5.00 9.00 12.00 8.00 11.00 6.00 0.00 0.00 0.00 0.00 0.00
49.00 20.00 17.00 51.00 108.00 34.00 57.00 0.08 0.65 1.00 1.00 1.00 3.00 6.00 17.00 14.00 9.00 11.00 0.00 0.00 0.00 0.00 0.00
50.00 24.00 30.00 73.00 127.00 43.00 54.00 0.10 0.70 1.00 0.00 0.00 6.00 11.00 18.00 13.00 15.00 9.00 0.00 0.00 0.00 0.00 0.00
51.00 21.00 22.00 48.00 96.00 26.00 48.00 0.08 0.72 1.00 0.00 0.00 6.00 10.00 15.00 11.00 14.00 7.00 0.00 0.00 0.00 0.00 0.00
52.00 26.00 28.00 76.00 132.00 48.00 56.00 0.07 0.79 1.00 0.00 0.00 6.00 15.00 20.00 11.00 17.00 9.00 0.00 0.00 0.00 0.00 0.00
53.00 17.00 14.00 40.00 89.00 26.00 49.00 0.08 0.64 1.00 0.00 0.00 4.00 8.00 13.00 9.00 12.00 5.00 0.00 0.00 0.00 0.00 0.00
54.00 23.00 25.00 62.00 118.00 37.00 56.00 0.06 0.89 1.00 1.00 1.00 6.00 12.00 17.00 11.00 16.00 7.00 0.00 0.00 0.00 0.00 0.00
55.00 21.00 22.00 56.00 104.00 34.00 48.00 0.10 0.65 0.00 1.00 0.00 5.00 10.00 16.00 11.00 14.00 7.00 0.00 0.00 1.00 0.00 0.00
56.00 25.00 28.00 67.00 130.00 39.00 63.00 0.08 0.88 1.00 0.00 0.00 9.00 16.00 16.00 9.00 20.00 5.00 0.00 0.00 0.00 0.00 0.00
57.00 26.00 29.00 66.00 132.00 37.00 66.00 0.09 0.80 1.00 2.00 0.50 6.00 10.00 20.00 16.00 15.00 11.00 0.00 0.00 0.00 0.00 0.00
58.00 24.00 27.00 65.00 125.00 38.00 60.00 0.09 0.84 1.00 1.00 1.00 6.00 9.00 18.00 15.00 15.00 9.00 0.00 0.00 0.00 0.00 0.00
59.00 19.00 26.00 54.00 97.00 28.00 43.00 0.07 0.59 1.00 1.00 1.00 5.00 7.00 14.00 12.00 11.00 8.00 0.00 0.00 0.00 0.00 0.00
60.00 21.00 31.00 59.00 101.00 28.00 42.00 0.09 0.68 1.00 1.00 1.00 6.00 9.00 15.00 12.00 15.00 6.00 0.00 0.00 0.00 0.00 0.00
61.00 21.00 23.00 56.00 104.00 33.00 48.00 0.09 0.80 1.00 1.00 1.00 11.00 14.00 10.00 7.00 17.00 4.00 0.00 0.00 0.00 0.00 0.00
62.00 10.00 7.00 15.00 42.00 8.00 27.00 0.07 0.42 1.00 0.00 0.00 4.00 5.00 6.00 5.00 9.00 1.00 0.00 0.00 0.00 0.00 0.00
63.00 21.00 20.00 50.00 95.00 30.00 45.00 0.09 0.76 1.00 0.00 0.00 5.00 8.00 16.00 13.00 15.00 6.00 0.00 0.00 0.00 0.00 0.00
64.00 22.00 10.00 40.00 103.00 30.00 63.00 0.08 2.97 1.00 2.00 0.50 5.00 13.00 17.00 9.00 19.00 3.00 0.00 0.00 0.00 0.00 0.00
65.00 20.00 27.00 58.00 101.00 31.00 43.00 0.08 0.64 1.00 1.00 1.00 5.00 9.00 15.00 11.00 13.00 7.00 0.00 0.00 0.00 0.00 0.00
66.00 22.00 31.00 65.00 112.00 34.00 47.00 0.09 0.72 1.00 1.00 1.00 6.00 10.00 16.00 12.00 13.00 9.00 0.00 0.00 0.00 0.00 0.00
67.00 24.00 21.00 62.00 118.00 41.00 56.00 0.08 1.48 1.00 1.00 1.00 5.00 11.00 19.00 13.00 17.00 7.00 0.00 0.00 0.00 0.00 0.00
68.00 22.00 21.00 57.00 111.00 36.00 54.00 0.10 0.79 0.00 1.00 0.00 5.00 12.00 17.00 10.00 16.00 6.00 0.00 0.00 0.00 0.00 0.00
69.00 20.00 19.00 52.00 103.00 33.00 51.00 0.09 1.41 1.00 1.00 1.00 2.00 13.00 18.00 7.00 16.00 4.00 0.00 0.00 0.00 0.00 0.00
70.00 17.00 15.00 43.00 83.00 28.00 40.00 0.08 0.63 0.00 1.00 0.00 7.00 8.00 10.00 9.00 12.00 5.00 0.00 0.00 0.00 0.00 0.00
71.00 22.00 28.00 62.00 110.00 34.00 48.00 0.08 0.72 1.00 0.00 0.00 7.00 9.00 15.00 13.00 14.00 8.00 0.00 0.00 0.00 1.00 0.00
72.00 20.00 18.00 49.00 103.00 31.00 54.00 0.10 1.38 1.00 1.00 1.00 7.00 11.00 13.00 9.00 13.00 7.00 0.00 0.00 0.00 0.00 0.00
73.00 14.00 8.00 29.00 66.00 21.00 37.00 0.08 0.72 0.00 0.00 0.00 9.00 11.00 5.00 3.00 12.00 2.00 0.00 0.00 0.00 0.00 0.00
74.00 23.00 26.00 71.00 113.00 45.00 42.00 0.09 1.40 1.00 1.00 1.00 8.00 14.00 15.00 9.00 18.00 5.00 0.00 0.00 0.00 0.00 0.00
75.00 21.00 21.00 55.00 102.00 34.00 47.00 0.08 0.76 0.00 1.00 0.00 5.00 9.00 16.00 12.00 14.00 7.00 0.00 0.00 0.00 0.00 0.00
76.00 16.00 9.00 36.00 79.00 27.00 43.00 0.08 0.72 1.00 1.00 1.00 6.00 10.00 10.00 6.00 13.00 3.00 0.00 0.00 0.00 0.00 0.00
77.00 22.00 32.00 66.00 111.00 34.00 45.00 0.10 1.42 1.00 1.00 1.00 6.00 11.00 16.00 11.00 16.00 6.00 0.00 0.00 0.00 0.00 0.00
78.00 18.00 23.00 46.00 87.00 23.00 41.00 0.08 1.50 1.00 1.00 1.00 3.00 9.00 15.00 9.00 13.00 5.00 0.00 0.00 0.00 0.00 0.00
79.00 23.00 29.00 64.00 120.00 35.00 56.00 0.08 2.52 1.00 1.00 1.00 6.00 10.00 17.00 13.00 16.00 7.00 0.00 0.00 1.00 0.00 0.00
80.00 20.00 23.00 53.00 100.00 30.00 47.00 0.08 2.80 1.00 0.00 0.00 6.00 10.00 14.00 10.00 16.00 4.00 0.00 0.00 0.00 0.00 0.00
81.00 21.00 24.00 55.00 102.00 31.00 47.00 0.10 2.19 0.00 0.00 0.00 5.00 13.00 16.00 8.00 16.00 5.00 0.00 0.00 0.00 0.00 0.00
82.00 24.00 29.00 69.00 118.00 40.00 49.00 0.08 2.41 1.00 1.00 1.00 7.00 13.00 17.00 11.00 19.00 5.00 0.00 0.00 0.00 0.00 0.00
83.00 21.00 19.00 54.00 110.00 35.00 56.00 0.08 2.11 1.00 1.00 1.00 4.00 9.00 17.00 12.00 16.00 5.00 0.00 0.00 0.00 0.00 0.00
84.00 18.00 15.00 45.00 91.00 30.00 46.00 0.08 3.00 1.00 1.00 1.00 5.00 9.00 13.00 9.00 12.00 6.00 0.00 0.00 0.00 0.00 0.00
85.00 25.00 35.00 67.00 118.00 32.00 51.00 0.08 2.80 1.00 2.00 0.50 5.00 11.00 20.00 14.00 16.00 9.00 0.00 0.00 0.00 0.00 1.00
86.00 24.00 34.00 72.00 127.00 38.00 55.00 0.10 2.92 1.00 2.00 0.50 5.00 12.00 19.00 12.00 15.00 9.00 0.00 0.00 0.00 0.00 0.00
87.00 21.00 28.00 63.00 108.00 35.00 45.00 0.08 3.02 1.00 2.00 0.50 7.00 9.00 14.00 12.00 12.00 9.00 0.00 0.00 0.00 0.00 0.00
88.00 23.00 25.00 64.00 109.00 39.00 45.00 0.09 1.92 1.00 0.00 0.00 5.00 9.00 18.00 14.00 12.00 11.00 0.00 0.00 0.00 0.00 0.00
89.00 24.00 32.00 66.00 114.00 34.00 48.00 0.07 3.03 1.00 1.00 1.00 7.00 14.00 17.00 10.00 18.00 6.00 0.00 0.00 0.00 0.00 0.00
90.00 19.00 20.00 50.00 94.00 30.00 44.00 0.08 3.82 0.00 1.00 0.00 6.00 12.00 13.00 7.00 15.00 4.00 0.00 0.00 0.00 0.00 0.00
91.00 16.00 11.00 38.00 79.00 27.00 41.00 0.08 3.06 1.00 0.00 0.00 5.00 9.00 11.00 7.00 11.00 5.00 0.00 0.00 0.00 0.00 0.00
92.00 20.00 24.00 52.00 97.00 28.00 45.00 0.09 1.39 1.00 0.00 0.00 4.00 13.00 16.00 7.00 15.00 5.00 0.00 0.00 0.00 0.00 0.00
93.00 20.00 25.00 60.00 99.00 35.00 39.00 0.10 3.22 1.00 2.00 0.50 7.00 11.00 13.00 9.00 11.00 9.00 0.00 0.00 0.00 0.00 0.00
94.00 23.00 24.00 65.00 119.00 41.00 54.00 0.09 2.05 1.00 2.00 0.50 4.00 9.00 19.00 14.00 15.00 8.00 0.00 0.00 0.00 0.00 0.00
95.00 28.00 39.00 82.00 141.00 43.00 59.00 0.09 2.86 1.00 2.00 0.50 7.00 11.00 21.00 17.00 16.00 12.00 0.00 0.00 0.00 0.00 0.00
96.00 28.00 47.00 87.00 142.00 40.00 55.00 0.09 2.71 1.00 2.00 0.50 6.00 14.00 22.00 14.00 16.00 12.00 0.00 0.00 1.00 0.00 0.00
97.00 27.00 38.00 84.00 138.00 46.00 54.00 0.09 2.23 1.00 3.00 0.33 5.00 9.00 22.00 18.00 17.00 10.00 0.00 0.00 0.00 0.00 0.00
98.00 27.00 38.00 82.00 134.00 44.00 52.00 0.08 1.85 1.00 2.00 0.50 10.00 14.00 17.00 13.00 17.00 10.00 0.00 0.00 0.00 0.00 0.00
99.00 26.00 35.00 78.00 128.00 43.00 50.00 0.08 0.75 1.00 3.00 0.33 4.00 8.00 22.00 18.00 15.00 11.00 0.00 0.00 1.00 0.00 0.00
100.00 20.00 25.00 56.00 103.00 31.00 47.00 0.10 1.41 1.00 2.00 0.50 4.00 9.00 16.00 11.00 16.00 4.00 0.00 0.00 0.00 0.00 0.00
101.00 29.00 55.00 90.00 145.00 35.00 55.00 0.09 1.76 1.00 2.00 0.50 7.00 14.00 22.00 15.00 16.00 13.00 0.00 0.00 1.00 0.00 0.00
102.00 26.00 39.00 81.00 126.00 42.00 45.00 0.09 1.90 1.00 2.00 0.50 7.00 14.00 19.00 12.00 16.00 10.00 0.00 0.00 0.00 0.00 0.00
103.00 26.00 31.00 72.00 129.00 41.00 57.00 0.09 1.44 0.00 2.00 0.00 5.00 13.00 21.00 13.00 17.00 9.00 0.00 0.00 1.00 0.00 0.00
104.00 25.00 32.00 73.00 125.00 41.00 52.00 0.08 1.95 1.00 2.00 0.50 5.00 16.00 20.00 9.00 20.00 5.00 0.00 0.00 0.00 0.00 0.00
105.00 22.00 20.00 58.00 110.00 38.00 52.00 0.09 2.46 0.00 3.00 0.00 4.00 8.00 18.00 14.00 14.00 8.00 0.00 0.00 0.00 0.00 0.00
106.00 21.00 14.00 53.00 103.00 39.00 50.00 0.07 0.83 0.00 1.00 0.00 8.00 10.00 13.00 11.00 17.00 4.00 0.00 0.00 0.00 0.00 0.00
107.00 25.00 26.00 70.00 115.00 44.00 45.00 0.10 1.38 0.00 2.00 0.00 9.00 15.00 16.00 10.00 19.00 6.00 0.00 0.00 0.00 1.00 0.00
108.00 23.00 24.00 58.00 116.00 34.00 58.00 0.09 0.74 0.00 2.00 0.00 4.00 10.00 19.00 13.00 14.00 9.00 0.00 0.00 0.00 0.00 0.00
109.00 23.00 22.00 61.00 119.00 39.00 58.00 0.09 1.88 1.00 4.00 0.25 5.00 13.00 18.00 10.00 17.00 6.00 1.00 0.00 0.00 0.00 0.00
110.00 24.00 30.00 65.00 118.00 35.00 53.00 0.08 1.36 0.00 2.00 0.00 3.00 10.00 21.00 14.00 14.00 10.00 0.00 0.00 0.00 0.00 0.00
111.00 27.00 33.00 75.00 139.00 42.00 64.00 0.08 1.38 1.00 2.00 0.50 5.00 11.00 22.00 16.00 17.00 10.00 0.00 0.00 0.00 1.00 0.00
112.00 25.00 23.00 61.00 134.00 38.00 73.00 0.08 1.29 0.00 3.00 0.00 8.00 14.00 17.00 11.00 16.00 9.00 0.00 0.00 0.00 0.00 0.00
113.00 23.00 26.00 63.00 110.00 37.00 47.00 0.06 0.78 0.00 3.00 0.00 5.00 11.00 18.00 12.00 16.00 7.00 1.00 0.00 0.00 0.00 0.00
114.00 31.00 29.00 90.00 152.00 61.00 62.00 0.09 1.87 1.00 2.00 0.50 7.00 14.00 24.00 17.00 20.00 11.00 0.00 0.00 0.00 0.00 0.00
115.00 24.00 27.00 70.00 122.00 43.00 52.00 0.07 1.40 1.00 2.00 0.50 9.00 13.00 15.00 11.00 16.00 8.00 1.00 0.00 0.00 0.00 0.00
116.00 29.00 41.00 86.00 142.00 45.00 56.00 0.09 1.32 1.00 1.00 1.00 8.00 10.00 21.00 19.00 18.00 11.00 0.00 0.00 0.00 0.00 0.00
117.00 26.00 35.00 77.00 134.00 42.00 57.00 0.08 1.28 1.00 2.00 0.50 6.00 9.00 20.00 17.00 18.00 8.00 0.00 0.00 1.00 0.00 0.00
118.00 30.00 37.00 92.00 151.00 55.00 59.00 0.08 1.93 1.00 3.00 0.33 7.00 17.00 23.00 13.00 20.00 10.00 1.00 0.00 1.00 0.00 0.00
119.00 29.00 41.00 83.00 155.00 42.00 72.00 0.08 0.89 0.00 2.00 0.00 7.00 12.00 22.00 17.00 22.00 7.00 0.00 0.00 0.00 0.00 0.00
120.00 25.00 22.00 65.00 121.00 43.00 56.00 0.10 1.32 0.00 1.00 0.00 7.00 13.00 18.00 12.00 17.00 8.00 0.00 0.00 0.00 0.00 0.00
121.00 31.00 39.00 86.00 156.00 47.00 70.00 0.08 1.77 0.00 1.00 0.00 8.00 14.00 23.00 17.00 22.00 9.00 0.00 0.00 0.00 0.00 0.00
122.00 26.00 29.00 64.00 128.00 35.00 64.00 0.09 1.84 1.00 2.00 0.50 7.00 17.00 19.00 9.00 21.00 5.00 0.00 0.00 0.00 1.00 0.00
123.00 16.00 13.00 40.00 81.00 27.00 41.00 0.09 3.04 0.00 0.00 0.00 3.00 7.00 13.00 9.00 9.00 7.00 0.00 0.00 0.00 1.00 0.00
124.00 21.00 29.00 55.00 106.00 26.00 51.00 0.08 1.34 1.00 0.00 0.00 6.00 13.00 15.00 8.00 14.00 7.00 0.00 0.00 0.00 0.00 0.00
125.00 24.00 19.00 57.00 108.00 38.00 51.00 0.07 3.75 1.00 0.00 0.00 8.00 12.00 16.00 12.00 18.00 6.00 0.00 0.00 0.00 0.00 0.00
126.00 19.00 24.00 56.00 103.00 32.00 47.00 0.09 2.80 1.00 1.00 1.00 0.00 3.00 19.00 16.00 10.00 9.00 0.00 0.00 0.00 0.00 0.00
127.00 27.00 33.00 73.00 137.00 40.00 64.00 0.08 1.41 1.00 1.00 1.00 8.00 14.00 19.00 13.00 17.00 10.00 0.00 0.00 0.00 0.00 0.00
128.00 23.00 30.00 63.00 111.00 33.00 48.00 0.09 0.72 0.00 1.00 0.00 4.00 9.00 19.00 14.00 14.00 9.00 0.00 0.00 0.00 0.00 0.00
129.00 24.00 16.00 62.00 124.00 46.00 62.00 0.09 1.98 1.00 2.00 0.50 5.00 9.00 19.00 15.00 15.00 9.00 0.00 0.00 0.00 0.00 0.00
130.00 28.00 38.00 83.00 147.00 45.00 64.00 0.09 1.84 1.00 1.00 1.00 5.00 14.00 23.00 14.00 17.00 11.00 0.00 0.00 0.00 0.00 0.00
131.00 26.00 38.00 82.00 139.00 44.00 57.00 0.08 2.39 1.00 2.00 0.50 7.00 13.00 19.00 13.00 16.00 10.00 0.00 0.00 0.00 0.00 0.00
132.00 22.00 19.00 57.00 110.00 38.00 53.00 0.08 2.10 1.00 1.00 1.00 8.00 13.00 14.00 9.00 16.00 6.00 0.00 0.00 0.00 0.00 0.00
133.00 19.00 12.00 45.00 92.00 33.00 47.00 0.09 0.66 1.00 1.00 1.00 5.00 12.00 14.00 7.00 15.00 4.00 0.00 0.00 0.00 0.00 0.00
134.00 20.00 18.00 49.00 90.00 31.00 41.00 0.09 2.94 1.00 1.00 1.00 4.00 7.00 16.00 13.00 9.00 11.00 0.00 0.00 0.00 0.00 0.00
135.00 19.00 18.00 42.00 93.00 24.00 51.00 0.09 1.77 1.00 0.00 0.00 5.00 10.00 14.00 9.00 12.00 7.00 0.00 0.00 0.00 0.00 0.00
136.00 20.00 18.00 52.00 98.00 34.00 46.00 0.09 3.03 1.00 0.00 0.00 9.00 13.00 11.00 7.00 14.00 6.00 0.00 0.00 0.00 0.00 0.00
137.00 24.00 32.00 64.00 120.00 32.00 56.00 0.09 3.03 1.00 1.00 1.00 5.00 12.00 19.00 12.00 13.00 11.00 0.00 0.00 0.00 0.00 0.00
138.00 24.00 38.00 73.00 122.00 35.00 49.00 0.08 1.54 1.00 2.00 0.50 5.00 8.00 19.00 16.00 14.00 10.00 0.00 0.00 0.00 0.00 0.00
139.00 23.00 24.00 65.00 120.00 41.00 55.00 0.08 2.16 1.00 2.00 0.50 4.00 10.00 19.00 13.00 13.00 10.00 0.00 0.00 0.00 0.00 0.00
140.00 28.00 39.00 85.00 138.00 46.00 53.00 0.09 2.47 1.00 2.00 0.50 7.00 14.00 21.00 14.00 17.00 11.00 0.00 0.00 0.00 0.00 0.00
141.00 28.00 37.00 76.00 140.00 39.00 64.00 0.08 3.56 1.00 2.00 0.50 6.00 14.00 22.00 14.00 19.00 9.00 0.00 0.00 1.00 0.00 0.00
142.00 18.00 13.00 44.00 93.00 31.00 49.00 0.08 3.11 1.00 2.00 0.50 5.00 9.00 13.00 9.00 13.00 5.00 0.00 0.00 0.00 0.00 0.00
143.00 21.00 19.00 53.00 107.00 34.00 54.00 0.09 3.72 1.00 0.00 0.00 7.00 11.00 14.00 10.00 13.00 8.00 0.00 0.00 0.00 0.00 0.00
144.00 21.00 24.00 60.00 104.00 36.00 44.00 0.10 3.27 1.00 2.00 0.50 4.00 8.00 17.00 13.00 12.00 9.00 0.00 0.00 0.00 0.00 0.00
145.00 25.00 35.00 71.00 126.00 36.00 55.00 0.11 3.39 1.00 2.00 0.50 5.00 8.00 20.00 17.00 16.00 9.00 0.00 0.00 0.00 0.00 0.00
146.00 20.00 21.00 55.00 102.00 34.00 47.00 0.09 2.07 1.00 1.00 1.00 3.00 7.00 17.00 13.00 12.00 8.00 0.00 0.00 0.00 0.00 0.00
147.00 18.00 20.00 51.00 92.00 31.00 41.00 0.08 1.80 1.00 1.00 1.00 3.00 7.00 15.00 11.00 12.00 6.00 0.00 0.00 0.00 0.00 0.00
148.00 22.00 24.00 64.00 118.00 40.00 54.00 0.10 2.99 0.00 1.00 0.00 5.00 8.00 17.00 14.00 13.00 9.00 0.00 0.00 0.00 0.00 0.00
149.00 25.00 31.00 69.00 125.00 38.00 56.00 0.08 4.19 1.00 1.00 1.00 6.00 10.00 19.00 15.00 19.00 6.00 0.00 0.00 0.00 0.00 0.00
150.00 20.00 22.00 55.00 101.00 33.00 46.00 0.09 4.07 1.00 1.00 1.00 4.00 10.00 16.00 10.00 12.00 8.00 0.00 0.00 0.00 0.00 0.00
151.00 25.00 29.00 67.00 125.00 38.00 58.00 0.08 3.60 1.00 1.00 1.00 5.00 12.00 20.00 13.00 16.00 9.00 0.00 0.00 0.00 0.00 0.00
152.00 24.00 28.00 69.00 121.00 41.00 52.00 0.10 2.16 1.00 1.00 1.00 5.00 11.00 19.00 13.00 12.00 12.00 0.00 0.00 0.00 0.00 0.00
153.00 23.00 32.00 65.00 117.00 33.00 52.00 0.09 2.26 1.00 0.00 0.00 7.00 9.00 16.00 14.00 12.00 11.00 0.00 0.00 0.00 0.00 0.00
154.00 21.00 16.00 49.00 102.00 33.00 53.00 0.09 2.34 1.00 0.00 0.00 5.00 11.00 16.00 10.00 15.00 6.00 0.00 0.00 0.00 0.00 0.00
155.00 18.00 18.00 41.00 94.00 23.00 53.00 0.10 0.73 1.00 0.00 0.00 5.00 8.00 13.00 10.00 14.00 4.00 0.00 0.00 0.00 0.00 0.00
156.00 24.00 22.00 60.00 120.00 38.00 60.00 0.07 2.05 1.00 0.00 0.00 5.00 11.00 19.00 13.00 15.00 9.00 0.00 0.00 0.00 0.00 0.00
157.00 23.00 21.00 59.00 114.00 38.00 55.00 0.08 2.79 1.00 0.00 0.00 6.00 11.00 17.00 12.00 16.00 7.00 0.00 0.00 0.00 0.00 0.00
158.00 23.00 30.00 63.00 118.00 33.00 55.00 0.09 2.02 1.00 1.00 1.00 5.00 13.00 18.00 10.00 15.00 8.00 0.00 0.00 0.00 0.00 0.00
159.00 19.00 20.00 49.00 96.00 29.00 47.00 0.08 3.68 1.00 0.00 0.00 4.00 8.00 15.00 11.00 16.00 3.00 0.00 0.00 0.00 0.00 1.00
160.00 19.00 10.00 48.00 99.00 38.00 51.00 0.09 3.16 1.00 1.00 1.00 3.00 7.00 16.00 12.00 12.00 7.00 0.00 0.00 0.00 0.00 0.00
161.00 19.00 17.00 51.00 94.00 34.00 43.00 0.08 2.56 1.00 0.00 0.00 3.00 5.00 16.00 14.00 9.00 10.00 0.00 0.00 0.00 0.00 0.00
162.00 18.00 20.00 51.00 93.00 31.00 42.00 0.07 3.06 1.00 0.00 0.00 4.00 6.00 14.00 12.00 13.00 5.00 0.00 0.00 1.00 0.00 0.00
163.00 18.00 19.00 52.00 95.00 33.00 43.00 0.09 2.39 1.00 0.00 0.00 5.00 9.00 13.00 9.00 13.00 5.00 0.00 0.00 0.00 0.00 0.00
164.00 19.00 22.00 48.00 92.00 26.00 44.00 0.09 1.63 1.00 0.00 0.00 5.00 9.00 14.00 10.00 13.00 6.00 0.00 0.00 1.00 0.00 0.00
165.00 19.00 19.00 43.00 85.00 24.00 42.00 0.09 2.25 1.00 0.00 0.00 7.00 11.00 12.00 8.00 14.00 5.00 0.00 0.00 0.00 0.00 0.00
166.00 21.00 22.00 54.00 99.00 32.00 45.00 0.09 3.61 1.00 0.00 0.00 5.00 12.00 16.00 9.00 17.00 4.00 0.00 0.00 0.00 0.00 0.00
167.00 16.00 18.00 41.00 80.00 23.00 39.00 0.08 3.41 1.00 0.00 0.00 5.00 9.00 11.00 7.00 12.00 4.00 0.00 0.00 0.00 0.00 0.00
168.00 13.00 9.00 31.00 65.00 22.00 34.00 0.09 3.51 1.00 0.00 0.00 2.00 7.00 11.00 6.00 10.00 3.00 0.00 0.00 0.00 0.00 0.00
169.00 18.00 14.00 42.00 91.00 28.00 49.00 0.09 4.03 1.00 0.00 0.00 5.00 8.00 13.00 10.00 15.00 3.00 0.00 0.00 0.00 0.00 0.00
170.00 9.00 0.00 13.00 45.00 13.00 32.00 0.10 0.55 1.00 0.00 0.00 5.00 6.00 4.00 3.00 8.00 1.00 0.00 0.00 0.00 0.00 0.00
171.00 18.00 16.00 43.00 89.00 27.00 46.00 0.08 4.08 1.00 0.00 0.00 6.00 12.00 12.00 6.00 15.00 3.00 0.00 0.00 0.00 0.00 0.00
172.00 17.00 10.00 39.00 83.00 29.00 44.00 0.08 5.16 1.00 0.00 0.00 3.00 9.00 14.00 8.00 13.00 4.00 0.00 0.00 0.00 0.00 0.00
173.00 18.00 13.00 45.00 94.00 32.00 49.00 0.07 3.81 0.00 0.00 0.00 4.00 9.00 14.00 9.00 12.00 6.00 0.00 0.00 0.00 1.00 0.00
174.00 15.00 9.00 33.00 72.00 24.00 39.00 0.09 5.11 1.00 0.00 0.00 5.00 11.00 10.00 4.00 13.00 2.00 0.00 0.00 0.00 0.00 0.00
175.00 19.00 14.00 43.00 96.00 29.00 53.00 0.07 5.98 1.00 1.00 1.00 7.00 10.00 12.00 9.00 12.00 7.00 0.00 0.00 0.00 0.00 0.00
176.00 18.00 16.00 48.00 96.00 32.00 48.00 0.08 5.03 1.00 2.00 0.50 4.00 8.00 14.00 10.00 11.00 7.00 0.00 0.00 0.00 0.00 0.00
177.00 16.00 12.00 39.00 78.00 27.00 39.00 0.08 3.85 1.00 0.00 0.00 6.00 11.00 10.00 5.00 15.00 1.00 0.00 0.00 0.00 0.00 0.00
178.00 16.00 9.00 34.00 79.00 25.00 45.00 0.09 4.73 1.00 0.00 0.00 4.00 10.00 12.00 6.00 14.00 2.00 0.00 0.00 0.00 0.00 0.00
179.00 16.00 6.00 29.00 63.00 23.00 34.00 0.10 4.89 1.00 0.00 0.00 6.00 10.00 10.00 6.00 15.00 1.00 0.00 0.00 0.00 0.00 0.00
180.00 12.00 6.00 25.00 55.00 19.00 30.00 0.10 5.11 1.00 0.00 0.00 3.00 7.00 9.00 5.00 10.00 2.00 0.00 0.00 0.00 0.00 0.00
181.00 12.00 2.00 20.00 56.00 18.00 36.00 0.08 4.56 1.00 0.00 0.00 5.00 9.00 7.00 3.00 11.00 1.00 0.00 0.00 0.00 0.00 0.00
182.00 14.00 10.00 32.00 67.00 22.00 35.00 0.08 4.93 0.00 0.00 0.00 3.00 7.00 11.00 7.00 12.00 2.00 0.00 0.00 0.00 0.00 0.00
183.00 10.00 3.00 12.00 40.00 9.00 28.00 0.07 4.70 0.00 0.00 0.00 5.00 7.00 5.00 3.00 10.00 0.00 0.00 0.00 0.00 0.00 0.00
184.00 14.00 10.00 31.00 65.00 21.00 34.00 0.09 5.41 0.00 0.00 0.00 2.00 9.00 12.00 5.00 13.00 1.00 0.00 0.00 0.00 0.00 0.00
185.00 12.00 7.00 26.00 54.00 19.00 28.00 0.08 5.16 1.00 0.00 0.00 6.00 8.00 6.00 4.00 10.00 2.00 0.00 0.00 0.00 0.00 0.00
186.00 18.00 18.00 47.00 89.00 29.00 42.00 0.09 4.57 1.00 1.00 1.00 4.00 10.00 14.00 8.00 12.00 6.00 0.00 0.00 0.00 0.00 0.00
187.00 19.00 23.00 53.00 95.00 30.00 42.00 0.09 4.70 1.00 0.00 0.00 1.00 8.00 18.00 11.00 10.00 9.00 0.00 0.00 0.00 0.00 0.00
188.00 13.00 8.00 29.00 67.00 21.00 38.00 0.09 4.37 1.00 1.00 1.00 4.00 8.00 9.00 5.00 10.00 3.00 0.00 0.00 0.00 0.00 0.00
189.00 20.00 21.00 49.00 94.00 28.00 45.00 0.09 5.33 0.00 1.00 0.00 3.00 4.00 17.00 16.00 12.00 8.00 0.00 0.00 0.00 0.00 0.00
190.00 20.00 20.00 52.00 96.00 32.00 44.00 0.08 5.64 1.00 0.00 0.00 4.00 10.00 16.00 10.00 18.00 2.00 0.00 0.00 0.00 0.00 0.00
191.00 14.00 11.00 33.00 68.00 22.00 35.00 0.11 3.86 0.00 0.00 0.00 3.00 7.00 11.00 7.00 9.00 5.00 0.00 0.00 0.00 0.00 0.00
192.00 18.00 20.00 47.00 90.00 27.00 43.00 0.08 5.00 0.00 2.00 0.00 3.00 13.00 15.00 5.00 16.00 2.00 0.00 0.00 0.00 0.00 0.00
193.00 19.00 20.00 50.00 95.00 30.00 45.00 0.08 4.62 2.00 1.00 2.00 3.00 9.00 16.00 10.00 14.00 5.00 0.00 0.00 0.00 0.00 0.00
194.00 10.00 8.00 20.00 47.00 12.00 27.00 0.08 3.75 0.00 0.00 0.00 3.00 5.00 7.00 5.00 5.00 5.00 0.00 0.00 0.00 0.00 0.00
195.00 11.00 2.00 14.00 51.00 12.00 37.00 0.07 2.76 0.00 0.00 0.00 5.00 8.00 6.00 3.00 9.00 2.00 0.00 0.00 0.00 0.00 0.00
196.00 18.00 19.00 47.00 87.00 28.00 40.00 0.08 3.25 0.00 0.00 0.00 3.00 7.00 15.00 11.00 11.00 7.00 0.00 0.00 0.00 0.00 0.00
197.00 16.00 15.00 38.00 81.00 23.00 43.00 0.07 2.79 1.00 0.00 0.00 4.00 7.00 12.00 9.00 9.00 7.00 0.00 0.00 0.00 0.00 0.00
198.00 14.00 14.00 32.00 69.00 18.00 37.00 0.08 2.77 1.00 0.00 0.00 4.00 9.00 10.00 5.00 10.00 4.00 0.00 0.00 0.00 0.00 0.00
199.00 15.00 15.00 37.00 75.00 22.00 38.00 0.08 4.82 1.00 0.00 0.00 4.00 7.00 11.00 8.00 12.00 3.00 0.00 0.00 0.00 0.00 0.00
200.00 12.00 8.00 30.00 62.00 22.00 32.00 0.09 1.85 0.00 0.00 0.00 2.00 8.00 10.00 4.00 9.00 3.00 0.00 0.00 0.00 0.00 0.00
201.00 16.00 12.00 40.00 78.00 28.00 38.00 0.08 3.10 0.00 0.00 0.00 3.00 7.00 13.00 9.00 11.00 5.00 0.00 0.00 0.00 0.00 0.00
202.00 15.00 7.00 32.00 79.00 25.00 47.00 0.08 4.05 0.00 0.00 0.00 4.00 8.00 11.00 7.00 10.00 5.00 0.00 0.00 0.00 0.00 0.00
203.00 19.00 15.00 42.00 92.00 27.00 50.00 0.10 4.53 0.00 0.00 0.00 5.00 12.00 14.00 7.00 13.00 6.00 0.00 0.00 0.00 0.00 0.00
204.00 13.00 4.00 22.00 56.00 18.00 34.00 0.10 4.51 0.00 0.00 0.00 3.00 5.00 10.00 8.00 8.00 5.00 0.00 0.00 1.00 0.00 0.00
205.00 12.00 9.00 21.00 58.00 12.00 37.00 0.09 4.35 0.00 0.00 0.00 1.00 5.00 11.00 7.00 8.00 4.00 0.00 0.00 0.00 0.00 0.00
206.00 15.00 9.00 34.00 70.00 25.00 36.00 0.10 3.62 0.00 0.00 0.00 3.00 6.00 12.00 9.00 9.00 6.00 0.00 0.00 0.00 0.00 0.00
207.00 20.00 24.00 52.00 91.00 28.00 39.00 0.08 4.50 0.00 0.00 0.00 9.00 10.00 11.00 10.00 12.00 8.00 0.00 0.00 1.00 1.00 0.00
208.00 11.00 7.00 24.00 50.00 17.00 26.00 0.09 4.71 0.00 0.00 0.00 5.00 6.00 6.00 5.00 7.00 4.00 0.00 0.00 1.00 0.00 0.00
209.00 14.00 12.00 31.00 66.00 19.00 35.00 0.10 2.51 0.00 0.00 0.00 4.00 6.00 10.00 8.00 8.00 6.00 0.00 0.00 0.00 0.00 0.00
210.00 16.00 14.00 40.00 80.00 26.00 40.00 0.09 3.71 0.00 0.00 0.00 7.00 9.00 9.00 7.00 10.00 6.00 0.00 0.00 0.00 0.00 0.00
211.00 15.00 16.00 40.00 77.00 24.00 37.00 0.08 3.90 0.00 0.00 0.00 3.00 7.00 12.00 8.00 9.00 6.00 0.00 0.00 0.00 0.00 0.00
212.00 11.00 8.00 26.00 52.00 18.00 26.00 0.10 1.95 0.00 0.00 0.00 2.00 4.00 9.00 7.00 7.00 4.00 0.00 0.00 0.00 0.00 0.00
213.00 15.00 10.00 35.00 80.00 25.00 45.00 0.09 4.65 0.00 1.00 0.00 3.00 5.00 12.00 10.00 8.00 7.00 0.00 0.00 0.00 0.00 0.00
214.00 17.00 16.00 37.00 79.00 21.00 42.00 0.08 2.41 0.00 0.00 0.00 6.00 10.00 11.00 7.00 11.00 6.00 0.00 0.00 0.00 0.00 0.00
215.00 14.00 14.00 31.00 66.00 17.00 35.00 0.07 2.65 0.00 0.00 0.00 4.00 6.00 10.00 8.00 8.00 6.00 0.00 0.00 0.00 0.00 0.00
216.00 16.00 14.00 32.00 71.00 18.00 39.00 0.07 3.43 0.00 0.00 0.00 4.00 9.00 12.00 7.00 12.00 4.00 0.00 0.00 0.00 0.00 0.00
217.00 10.00 8.00 22.00 48.00 14.00 26.00 0.09 3.33 0.00 0.00 0.00 5.00 8.00 5.00 2.00 9.00 1.00 0.00 0.00 0.00 0.00 0.00
218.00 16.00 16.00 37.00 74.00 21.00 37.00 0.09 4.11 0.00 0.00 0.00 3.00 6.00 13.00 10.00 10.00 6.00 0.00 0.00 0.00 0.00 0.00
219.00 14.00 10.00 34.00 72.00 24.00 38.00 0.08 4.01 0.00 1.00 0.00 6.00 8.00 8.00 6.00 9.00 5.00 0.00 0.00 0.00 0.00 0.00
220.00 14.00 15.00 34.00 71.00 19.00 37.00 0.08 4.64 0.00 1.00 0.00 4.00 8.00 10.00 6.00 11.00 3.00 0.00 0.00 0.00 0.00 0.00
221.00 15.00 16.00 33.00 67.00 17.00 34.00 0.09 4.54 0.00 2.00 0.00 6.00 9.00 9.00 6.00 11.00 4.00 0.00 0.00 0.00 0.00 0.00
222.00 8.00 5.00 16.00 37.00 11.00 21.00 0.08 5.11 0.00 1.00 0.00 3.00 5.00 5.00 3.00 8.00 0.00 0.00 0.00 0.00 0.00 0.00
223.00 12.00 11.00 27.00 59.00 16.00 32.00 0.10 4.72 0.00 0.00 0.00 7.00 9.00 5.00 3.00 10.00 2.00 0.00 0.00 0.00 0.00 0.00
224.00 12.00 6.00 23.00 52.00 17.00 29.00 0.07 4.21 0.00 0.00 0.00 3.00 9.00 9.00 3.00 10.00 2.00 0.00 0.00 0.00 0.00 0.00
225.00 12.00 11.00 29.00 55.00 18.00 26.00 0.09 4.55 0.00 0.00 0.00 4.00 7.00 8.00 5.00 9.00 3.00 0.00 0.00 0.00 0.00 0.00
226.00 11.00 9.00 22.00 51.00 13.00 29.00 0.08 4.03 0.00 0.00 0.00 5.00 8.00 6.00 3.00 9.00 2.00 0.00 0.00 0.00 0.00 0.00
227.00 10.00 9.00 25.00 45.00 16.00 20.00 0.07 5.11 0.00 0.00 0.00 3.00 6.00 7.00 4.00 9.00 1.00 0.00 0.00 0.00 0.00 0.00
228.00 11.00 9.00 22.00 44.00 13.00 22.00 0.08 4.33 0.00 0.00 0.00 4.00 5.00 7.00 6.00 7.00 4.00 0.00 0.00 0.00 0.00 0.00
229.00 8.00 5.00 15.00 37.00 10.00 22.00 0.08 4.79 0.00 0.00 0.00 2.00 6.00 6.00 2.00 6.00 2.00 0.00 0.00 0.00 0.00 0.00
230.00 8.00 4.00 15.00 36.00 11.00 21.00 0.08 4.44 0.00 1.00 0.00 2.00 4.00 6.00 4.00 7.00 1.00 0.00 0.00 0.00 0.00 0.00
231.00 8.00 5.00 17.00 38.00 12.00 21.00 0.08 4.53 0.00 0.00 0.00 2.00 4.00 6.00 4.00 5.00 3.00 0.00 0.00 0.00 0.00 0.00
232.00 6.00 3.00 9.00 23.00 6.00 14.00 0.08 4.59 0.00 0.00 0.00 2.00 4.00 4.00 2.00 6.00 0.00 0.00 0.00 0.00 0.00 0.00
233.00 10.00 7.00 20.00 45.00 13.00 25.00 0.10 4.75 0.00 0.00 0.00 1.00 7.00 9.00 3.00 8.00 2.00 0.00 0.00 0.00 0.00 0.00
234.00 9.00 6.00 20.00 45.00 14.00 25.00 0.10 4.94 0.00 1.00 0.00 1.00 3.00 8.00 6.00 7.00 2.00 0.00 0.00 0.00 0.00 0.00
235.00 10.00 7.00 22.00 45.00 15.00 23.00 0.08 4.37 0.00 1.00 0.00 4.00 8.00 6.00 2.00 9.00 1.00 0.00 0.00 0.00 0.00 0.00
236.00 6.00 1.00 8.00 27.00 7.00 19.00 0.10 4.14 0.00 1.00 0.00 3.00 5.00 3.00 1.00 5.00 1.00 0.00 0.00 0.00 0.00 0.00
237.00 10.00 7.00 19.00 44.00 12.00 25.00 0.09 5.50 0.00 0.00 0.00 3.00 7.00 7.00 3.00 7.00 3.00 0.00 0.00 0.00 0.00 0.00
238.00 6.00 3.00 11.00 27.00 8.00 16.00 0.09 4.98 0.00 0.00 0.00 1.00 3.00 5.00 3.00 5.00 1.00 0.00 0.00 0.00 0.00 0.00
239.00 10.00 7.00 21.00 50.00 14.00 29.00 0.08 4.81 0.00 0.00 0.00 3.00 7.00 7.00 3.00 8.00 2.00 0.00 0.00 0.00 0.00 0.00
240.00 5.00 0.00 2.00 17.00 2.00 15.00 0.08 0.47 0.00 0.00 0.00 3.00 4.00 2.00 1.00 5.00 0.00 0.00 0.00 0.00 0.00 0.00
241.00 6.00 0.00 4.00 22.00 4.00 18.00 0.09 2.87 0.00 0.00 0.00 3.00 4.00 3.00 2.00 5.00 1.00 0.00 0.00 0.00 0.00 0.00
242.00 6.00 2.00 8.00 25.00 6.00 17.00 0.07 2.90 0.00 0.00 0.00 0.00 4.00 6.00 2.00 5.00 1.00 0.00 0.00 0.00 0.00 0.00
243.00 5.00 0.00 6.00 20.00 6.00 14.00 0.08 3.17 0.00 0.00 0.00 1.00 4.00 4.00 1.00 5.00 0.00 0.00 0.00 0.00 0.00 0.00
244.00 5.00 2.00 8.00 20.00 6.00 12.00 0.08 3.28 0.00 0.00 0.00 2.00 4.00 3.00 1.00 4.00 1.00 0.00 0.00 0.00 0.00 0.00
245.00 3.00 0.00 1.00 5.00 1.00 4.00 0.09 0.17 0.00 0.00 0.00 2.00 3.00 1.00 0.00 3.00 0.00 0.00 0.00 0.00 0.00 0.00
