0.00 3.00 0.00 0.00 6.00 0.00 6.00 0.09 0.18 0.00 0.00 0.00 2.00 3.00 1.00 0.00 3.00 0.00 0.00 0.00 0.00 0.00 0.00
1.00 3.00 0.00 2.00 6.00 2.00 4.00 0.08 0.18 0.00 0.00 0.00 2.00 3.00 1.00 0.00 3.00 0.00 0.00 0.00 0.00 0.00 0.00
2.00 3.00 0.00 0.00 2.00 0.00 2.00 0.09 0.15 0.00 0.00 0.00 2.00 3.00 1.00 0.00 3.00 0.00 0.00 0.00 0.00 0.00 0.00
3.00 3.00 0.00 2.00 9.00 2.00 7.00 0.09 0.21 0.00 0.00 0.00 2.00 3.00 1.00 0.00 3.00 0.00 0.00 0.00 0.00 0.00 0.00
4.00 4.00 0.00 0.00 7.00 0.00 7.00 0.10 0.26 0.00 0.00 0.00 2.00 4.00 2.00 0.00 4.00 0.00 0.00 0.00 0.00 0.00 0.00
5.00 3.00 0.00 1.00 3.00 1.00 2.00 0.08 4.78 0.00 0.00 0.00 2.00 3.00 1.00 0.00 3.00 0.00 0.00 0.00 0.00 0.00 0.00
6.00 6.00 0.00 1.00 19.00 1.00 18.00 0.08 0.37 0.00 0.00 0.00 3.00 5.00 3.00 1.00 6.00 0.00 0.00 0.00 0.00 0.00 0.00
7.00 6.00 1.00 7.00 25.00 6.00 18.00 0.09 0.23 0.00 0.00 0.00 4.00 4.00 2.00 2.00 6.00 0.00 0.00 0.00 0.00 0.00 0.00
8.00 5.00 1.00 7.00 18.00 6.00 11.00 0.09 3.34 0.00 0.00 0.00 2.00 3.00 3.00 2.00 5.00 0.00 0.00 0.00 0.00 0.00 0.00
9.00 6.00 2.00 6.00 20.00 4.00 14.00 0.09 2.55 0.00 0.00 0.00 2.00 3.00 4.00 3.00 5.00 1.00 0.00 0.00 0.00 0.00 0.00
10.00 7.00 3.00 13.00 29.00 10.00 16.00 0.08 0.23 0.00 0.00 0.00 3.00 4.00 4.00 3.00 5.00 2.00 0.00 0.00 0.00 0.00 0.00
11.00 6.00 0.00 4.00 22.00 4.00 18.00 0.10 0.47 0.00 0.00 0.00 4.00 5.00 2.00 1.00 5.00 1.00 0.00 0.00 0.00 0.00 0.00
12.00 4.00 0.00 2.00 14.00 2.00 12.00 0.07 0.43 0.00 0.00 0.00 2.00 4.00 2.00 0.00 4.00 0.00 0.00 0.00 0.00 0.00 0.00
13.00 8.00 2.00 11.00 33.00 9.00 22.00 0.07 2.70 0.00 0.00 0.00 3.00 5.00 5.00 3.00 8.00 0.00 0.00 0.00 0.00 0.00 0.00
14.00 9.00 1.00 11.00 32.00 10.00 21.00 0.11 2.46 0.00 0.00 0.00 3.00 6.00 6.00 3.00 9.00 0.00 0.00 0.00 0.00 0.00 0.00
15.00 14.00 7.00 28.00 66.00 21.00 38.00 0.10 1.46 0.00 1.00 0.00 4.00 8.00 10.00 6.00 11.00 3.00 0.00 0.00 0.00 0.00 0.00
16.00 7.00 3.00 11.00 32.00 8.00 21.00 0.07 0.42 0.00 1.00 0.00 4.00 6.00 3.00 1.00 6.00 1.00 0.00 0.00 0.00 0.00 0.00
17.00 10.00 6.00 19.00 45.00 13.00 26.00 0.09 3.89 0.00 1.00 0.00 2.00 5.00 8.00 5.00 7.00 3.00 0.00 0.00 0.00 0.00 0.00
18.00 14.00 14.00 34.00 65.00 20.00 31.00 0.07 3.84 0.00 1.00 0.00 2.00 6.00 12.00 8.00 11.00 3.00 0.00 0.00 0.00 0.00 0.00
19.00 20.00 12.00 52.00 101.00 40.00 49.00 0.09 1.25 0.00 1.00 0.00 3.00 11.00 17.00 9.00 14.00 6.00 0.00 0.00 0.00 0.00 0.00
20.00 19.00 13.00 44.00 92.00 31.00 48.00 0.09 6.71 0.00 0.00 0.00 9.00 13.00 10.00 6.00 16.00 3.00 0.00 0.00 0.00 0.00 0.00
21.00 17.00 15.00 42.00 84.00 27.00 42.00 0.08 4.66 0.00 0.00 0.00 3.00 9.00 14.00 8.00 12.00 5.00 0.00 0.00 0.00 0.00 0.00
22.00 21.00 11.00 45.00 98.00 34.00 53.00 0.08 4.59 1.00 2.00 0.50 7.00 9.00 14.00 12.00 15.00 6.00 0.00 0.00 0.00 0.00 0.00
23.00 18.00 10.00 34.00 81.00 24.00 47.00 0.08 5.60 0.00 0.00 0.00 5.00 10.00 13.00 8.00 14.00 4.00 0.00 0.00 0.00 0.00 0.00
24.00 28.00 21.00 69.00 138.00 48.00 69.00 0.09 5.03 0.00 0.00 0.00 10.00 15.00 18.00 13.00 19.00 9.00 0.00 0.00 0.00 0.00 0.00
25.00 24.00 20.00 62.00 115.00 42.00 53.00 0.09 1.87 0.00 1.00 0.00 8.00 13.00 16.00 11.00 15.00 9.00 0.00 0.00 0.00 0.00 0.00
26.00 13.00 10.00 32.00 65.00 22.00 33.00 0.09 5.11 0.00 0.00 0.00 2.00 5.00 11.00 8.00 6.00 7.00 0.00 0.00 2.00 0.00 0.00
27.00 24.00 11.00 54.00 117.00 43.00 63.00 0.10 1.27 0.00 0.00 0.00 8.00 16.00 16.00 8.00 18.00 6.00 0.00 0.00 0.00 0.00 0.00
28.00 11.00 6.00 23.00 49.00 17.00 26.00 0.08 5.02 0.00 0.00 0.00 3.00 7.00 8.00 4.00 10.00 1.00 0.00 0.00 0.00 0.00 0.00
29.00 17.00 18.00 41.00 81.00 23.00 40.00 0.09 3.97 0.00 1.00 0.00 5.00 11.00 12.00 6.00 14.00 3.00 0.00 0.00 0.00 0.00 0.00
30.00 32.00 27.00 88.00 159.00 61.00 71.00 0.08 6.00 1.00 2.00 0.50 9.00 18.00 23.00 14.00 23.00 9.00 0.00 0.00 0.00 0.00 0.00
31.00 16.00 18.00 40.00 77.00 22.00 37.00 0.08 5.25 0.00 1.00 0.00 1.00 6.00 15.00 10.00 13.00 3.00 0.00 0.00 0.00 0.00 0.00
32.00 27.00 21.00 71.00 139.00 50.00 68.00 0.09 4.97 0.00 2.00 0.00 10.00 14.00 17.00 13.00 17.00 10.00 0.00 0.00 0.00 0.00 0.00
33.00 26.00 26.00 74.00 135.00 48.00 61.00 0.08 5.50 0.00 1.00 0.00 7.00 12.00 19.00 14.00 19.00 7.00 0.00 0.00 0.00 0.00 0.00
34.00 20.00 8.00 38.00 95.00 30.00 57.00 0.08 6.76 0.00 2.00 0.00 4.00 13.00 16.00 7.00 14.00 6.00 0.00 0.00 0.00 0.00 0.00
35.00 25.00 26.00 71.00 126.00 45.00 55.00 0.08 6.17 0.00 1.00 0.00 8.00 17.00 17.00 8.00 19.00 6.00 0.00 0.00 0.00 0.00 0.00
36.00 17.00 15.00 39.00 81.00 24.00 42.00 0.08 4.10 1.00 1.00 1.00 4.00 8.00 13.00 9.00 9.00 8.00 0.00 0.00 1.00 0.00 0.00
37.00 17.00 17.00 43.00 86.00 26.00 43.00 0.08 4.65 0.00 1.00 0.00 5.00 8.00 12.00 9.00 10.00 7.00 0.00 0.00 0.00 0.00 0.00
38.00 30.00 26.00 80.00 151.00 54.00 71.00 0.09 5.86 0.00 2.00 0.00 6.00 17.00 24.00 13.00 22.00 8.00 0.00 0.00 0.00 0.00 0.00
39.00 27.00 21.00 78.00 145.00 57.00 67.00 0.07 5.57 0.00 2.00 0.00 5.00 12.00 22.00 15.00 19.00 8.00 0.00 0.00 0.00 0.00 0.00
40.00 28.00 22.00 81.00 150.00 59.00 69.00 0.10 6.19 0.00 0.00 0.00 5.00 12.00 23.00 16.00 20.00 8.00 0.00 0.00 0.00 0.00 0.00
41.00 25.00 24.00 69.00 123.00 45.00 54.00 0.09 1.22 0.00 0.00 0.00 5.00 9.00 20.00 16.00 16.00 9.00 0.00 0.00 0.00 0.00 0.00
42.00 27.00 22.00 69.00 143.00 47.00 74.00 0.09 3.85 0.00 0.00 0.00 4.00 12.00 23.00 15.00 20.00 7.00 0.00 0.00 0.00 0.00 0.00
43.00 28.00 21.00 69.00 133.00 48.00 64.00 0.08 2.22 0.00 1.00 0.00 12.00 16.00 16.00 12.00 22.00 6.00 0.00 0.00 0.00 0.00 0.00
44.00 16.00 5.00 31.00 80.00 26.00 49.00 0.09 5.42 0.00 1.00 0.00 4.00 9.00 12.00 7.00 13.00 3.00 0.00 0.00 0.00 0.00 0.00
45.00 18.00 18.00 43.00 84.00 25.00 41.00 0.08 5.15 0.00 1.00 0.00 4.00 10.00 14.00 8.00 11.00 7.00 0.00 0.00 0.00 0.00 0.00
46.00 20.00 11.00 55.00 103.00 44.00 48.00 0.08 3.74 0.00 1.00 0.00 4.00 9.00 16.00 11.00 15.00 5.00 0.00 0.00 0.00 0.00 0.00
47.00 16.00 10.00 33.00 75.00 23.00 42.00 0.08 4.67 0.00 1.00 0.00 6.00 10.00 10.00 6.00 12.00 4.00 0.00 0.00 0.00 0.00 0.00
48.00 26.00 17.00 71.00 137.00 54.00 66.00 0.10 4.54 0.00 1.00 0.00 12.00 14.00 14.00 12.00 19.00 7.00 0.00 0.00 2.00 0.00 0.00
49.00 16.00 8.00 37.00 83.00 29.00 46.00 0.09 0.51 0.00 1.00 0.00 3.00 7.00 13.00 9.00 10.00 6.00 0.00 0.00 0.00 0.00 0.00
50.00 22.00 9.00 52.00 106.00 43.00 54.00 0.09 3.51 0.00 1.00 0.00 10.00 14.00 12.00 8.00 17.00 5.00 0.00 0.00 0.00 0.00 0.00
51.00 21.00 13.00 40.00 95.00 27.00 55.00 0.10 4.70 0.00 1.00 0.00 9.00 12.00 12.00 9.00 15.00 6.00 0.00 0.00 0.00 0.00 0.00
52.00 10.00 3.00 16.00 47.00 13.00 31.00 0.09 0.41 0.00 1.00 0.00 5.00 6.00 5.00 4.00 9.00 1.00 0.00 0.00 0.00 0.00 0.00
53.00 8.00 2.00 15.00 44.00 13.00 29.00 0.09 0.31 0.00 1.00 0.00 3.00 5.00 5.00 3.00 8.00 0.00 0.00 0.00 0.00 0.00 0.00
54.00 11.00 1.00 21.00 50.00 20.00 29.00 0.08 1.92 0.00 1.00 0.00 5.00 9.00 6.00 2.00 10.00 1.00 0.00 0.00 0.00 0.00 0.00
55.00 19.00 8.00 38.00 89.00 30.00 51.00 0.07 1.36 0.00 0.00 0.00 6.00 13.00 13.00 6.00 14.00 5.00 0.00 0.00 0.00 0.00 0.00
56.00 19.00 6.00 51.00 103.00 45.00 52.00 0.09 3.87 0.00 2.00 0.00 5.00 11.00 14.00 8.00 16.00 3.00 0.00 0.00 0.00 0.00 0.00
57.00 18.00 7.00 46.00 91.00 39.00 45.00 0.09 3.69 0.00 1.00 0.00 4.00 10.00 14.00 8.00 14.00 4.00 0.00 0.00 0.00 0.00 1.00
58.00 16.00 6.00 32.00 76.00 26.00 44.00 0.09 1.58 0.00 1.00 0.00 5.00 8.00 11.00 8.00 13.00 3.00 0.00 0.00 0.00 0.00 0.00
59.00 10.00 2.00 17.00 48.00 15.00 31.00 0.09 4.78 0.00 0.00 0.00 3.00 6.00 7.00 4.00 9.00 1.00 0.00 0.00 0.00 0.00 0.00
60.00 13.00 6.00 29.00 60.00 23.00 31.00 0.08 4.26 0.00 1.00 0.00 5.00 9.00 8.00 4.00 11.00 2.00 0.00 0.00 0.00 0.00 0.00
61.00 12.00 9.00 26.00 55.00 17.00 29.00 0.09 3.18 0.00 1.00 0.00 5.00 8.00 7.00 4.00 8.00 4.00 0.00 0.00 0.00 0.00 0.00
62.00 9.00 5.00 19.00 47.00 14.00 28.00 0.09 2.20 0.00 0.00 0.00 1.00 3.00 8.00 6.00 6.00 3.00 0.00 0.00 0.00 0.00 0.00
63.00 8.00 4.00 14.00 36.00 10.00 22.00 0.09 3.89 0.00 1.00 0.00 1.00 2.00 7.00 6.00 4.00 4.00 0.00 0.00 1.00 0.00 0.00
64.00 4.00 0.00 0.00 11.00 0.00 11.00 0.07 0.32 0.00 0.00 0.00 2.00 4.00 2.00 0.00 4.00 0.00 0.00 0.00 0.00 0.00 0.00
65.00 14.00 3.00 23.00 61.00 20.00 38.00 0.09 4.61 0.00 1.00 0.00 4.00 10.00 10.00 4.00 14.00 0.00 0.00 0.00 0.00 0.00 0.00
66.00 23.00 10.00 42.00 114.00 32.00 72.00 0.08 3.03 0.00 0.00 0.00 9.00 17.00 14.00 6.00 19.00 4.00 0.00 0.00 0.00 0.00 0.00
67.00 16.00 9.00 36.00 75.00 27.00 39.00 0.08 3.74 0.00 0.00 0.00 6.00 9.00 10.00 7.00 13.00 3.00 0.00 0.00 1.00 0.00 0.00
68.00 17.00 9.00 45.00 86.00 36.00 41.00 0.08 1.44 0.00 1.00 0.00 3.00 11.00 14.00 6.00 11.00 6.00 0.00 0.00 0.00 0.00 0.00
69.00 17.00 12.00 42.00 81.00 30.00 39.00 0.08 3.84 0.00 1.00 0.00 6.00 10.00 11.00 7.00 13.00 4.00 0.00 0.00 1.00 0.00 0.00
70.00 15.00 6.00 30.00 74.00 24.00 44.00 0.09 3.15 0.00 0.00 0.00 5.00 10.00 10.00 5.00 13.00 2.00 0.00 0.00 0.00 0.00 0.00
71.00 23.00 12.00 51.00 119.00 39.00 68.00 0.07 3.56 0.00 2.00 0.00 7.00 16.00 16.00 7.00 18.00 5.00 0.00 0.00 0.00 0.00 0.00
72.00 20.00 9.00 47.00 107.00 38.00 60.00 0.08 2.88 0.00 1.00 0.00 5.00 14.00 15.00 6.00 14.00 6.00 0.00 0.00 0.00 0.00 0.00
73.00 15.00 11.00 36.00 80.00 25.00 44.00 0.08 2.90 0.00 2.00 0.00 5.00 6.00 10.00 9.00 12.00 3.00 0.00 0.00 0.00 0.00 0.00
74.00 20.00 14.00 52.00 100.00 38.00 48.00 0.09 1.71 0.00 0.00 0.00 5.00 10.00 15.00 10.00 14.00 6.00 0.00 0.00 2.00 0.00 0.00
75.00 9.00 5.00 14.00 41.00 9.00 27.00 0.08 2.09 0.00 3.00 0.00 2.00 3.00 7.00 6.00 9.00 0.00 0.00 0.00 0.00 0.00 0.00
76.00 16.00 6.00 35.00 82.00 29.00 47.00 0.09 0.43 0.00 1.00 0.00 7.00 9.00 9.00 7.00 12.00 4.00 0.00 0.00 0.00 0.00 0.00
77.00 16.00 5.00 43.00 85.00 38.00 42.00 0.08 0.70 0.00 2.00 0.00 5.00 7.00 11.00 9.00 12.00 4.00 0.00 0.00 0.00 0.00 0.00
78.00 17.00 9.00 39.00 87.00 30.00 48.00 0.08 1.91 0.00 1.00 0.00 1.00 8.00 16.00 9.00 14.00 3.00 0.00 0.00 0.00 0.00 0.00
79.00 18.00 7.00 34.00 91.00 27.00 57.00 0.08 3.84 0.00 1.00 0.00 5.00 9.00 13.00 9.00 14.00 4.00 0.00 0.00 0.00 0.00 0.00
80.00 16.00 8.00 34.00 82.00 26.00 48.00 0.09 1.63 0.00 1.00 0.00 4.00 8.00 12.00 8.00 13.00 3.00 0.00 0.00 0.00 0.00 0.00
81.00 15.00 10.00 25.00 59.00 15.00 34.00 0.09 2.70 0.00 1.00 0.00 4.00 8.00 11.00 7.00 11.00 4.00 0.00 0.00 0.00 0.00 0.00
82.00 24.00 12.00 60.00 117.00 48.00 57.00 0.08 3.51 0.00 1.00 0.00 4.00 9.00 20.00 15.00 12.00 12.00 0.00 0.00 0.00 0.00 0.00
83.00 12.00 6.00 20.00 56.00 14.00 36.00 0.08 3.93 0.00 1.00 0.00 4.00 7.00 8.00 5.00 11.00 1.00 0.00 0.00 0.00 0.00 0.00
84.00 15.00 6.00 33.00 82.00 27.00 49.00 0.09 2.79 0.00 2.00 0.00 2.00 8.00 13.00 7.00 10.00 5.00 0.00 0.00 0.00 0.00 0.00
85.00 12.00 1.00 18.00 55.00 17.00 37.00 0.07 2.60 0.00 1.00 0.00 6.00 7.00 6.00 5.00 8.00 4.00 0.00 0.00 1.00 0.00 0.00
86.00 12.00 9.00 24.00 56.00 15.00 32.00 0.08 3.87 0.00 2.00 0.00 5.00 9.00 7.00 3.00 9.00 3.00 0.00 0.00 0.00 0.00 0.00
87.00 13.00 14.00 36.00 66.00 22.00 30.00 0.07 4.84 0.00 1.00 0.00 3.00 8.00 10.00 5.00 10.00 3.00 0.00 0.00 0.00 0.00 0.00
88.00 19.00 17.00 50.00 97.00 33.00 47.00 0.10 4.20 0.00 1.00 0.00 6.00 11.00 13.00 8.00 14.00 5.00 0.00 0.00 0.00 0.00 0.00
89.00 12.00 6.00 26.00 58.00 20.00 32.00 0.09 3.34 0.00 0.00 0.00 5.00 8.00 7.00 4.00 10.00 2.00 0.00 0.00 0.00 1.00 0.00
90.00 16.00 9.00 38.00 77.00 29.00 39.00 0.09 4.40 0.00 1.00 0.00 6.00 8.00 10.00 8.00 11.00 5.00 0.00 0.00 0.00 0.00 0.00
91.00 15.00 10.00 31.00 66.00 21.00 35.00 0.09 3.70 0.00 2.00 0.00 4.00 8.00 11.00 7.00 12.00 3.00 0.00 0.00 0.00 0.00 0.00
92.00 15.00 5.00 26.00 65.00 21.00 39.00 0.09 2.98 0.00 1.00 0.00 6.00 7.00 9.00 8.00 11.00 4.00 0.00 0.00 0.00 0.00 0.00
93.00 14.00 4.00 28.00 67.00 24.00 39.00 0.09 4.69 0.00 1.00 0.00 4.00 8.00 10.00 6.00 10.00 4.00 0.00 0.00 0.00 0.00 0.00
94.00 12.00 6.00 23.00 50.00 17.00 27.00 0.08 3.17 0.00 0.00 0.00 4.00 7.00 8.00 5.00 9.00 3.00 0.00 0.00 0.00 0.00 0.00
95.00 15.00 8.00 28.00 64.00 20.00 36.00 0.07 3.40 0.00 1.00 0.00 6.00 11.00 9.00 4.00 13.00 2.00 0.00 0.00 0.00 0.00 0.00
96.00 15.00 8.00 33.00 68.00 25.00 35.00 0.06 3.56 0.00 0.00 0.00 5.00 10.00 10.00 5.00 12.00 3.00 0.00 0.00 1.00 0.00 0.00
97.00 5.00 0.00 6.00 18.00 6.00 12.00 0.10 0.34 0.00 0.00 0.00 2.00 5.00 3.00 0.00 5.00 0.00 0.00 0.00 0.00 0.00 0.00
98.00 10.00 3.00 14.00 45.00 11.00 31.00 0.08 2.28 1.00 0.00 0.00 3.00 6.00 7.00 4.00 9.00 1.00 0.00 0.00 0.00 0.00 0.00
99.00 14.00 5.00 22.00 68.00 17.00 46.00 0.08 2.81 1.00 0.00 0.00 2.00 6.00 12.00 8.00 9.00 5.00 0.00 0.00 0.00 0.00 0.00
100.00 10.00 4.00 13.00 44.00 9.00 31.00 0.10 2.08 1.00 1.00 1.00 4.00 7.00 6.00 3.00 9.00 1.00 0.00 0.00 0.00 0.00 0.00
101.00 10.00 5.00 22.00 48.00 17.00 26.00 0.08 2.27 0.00 1.00 0.00 4.00 7.00 6.00 3.00 8.00 2.00 0.00 0.00 0.00 0.00 0.00
102.00 6.00 2.00 9.00 23.00 7.00 14.00 0.09 0.23 0.00 0.00 0.00 2.00 3.00 4.00 3.00 5.00 1.00 0.00 0.00 0.00 0.00 0.00
103.00 6.00 0.00 9.00 25.00 9.00 16.00 0.10 0.25 0.00 0.00 0.00 3.00 5.00 3.00 1.00 6.00 0.00 0.00 0.00 0.00 0.00 0.00
104.00 7.00 0.00 12.00 31.00 12.00 19.00 0.08 2.83 0.00 0.00 0.00 3.00 4.00 4.00 3.00 7.00 0.00 0.00 0.00 0.00 0.00 0.00
105.00 7.00 1.00 8.00 29.00 7.00 21.00 0.09 5.19 0.00 0.00 0.00 5.00 5.00 2.00 2.00 6.00 1.00 0.00 0.00 0.00 0.00 0.00
106.00 9.00 3.00 16.00 45.00 13.00 29.00 0.08 0.57 0.00 0.00 0.00 2.00 6.00 7.00 3.00 8.00 1.00 0.00 0.00 0.00 0.00 0.00
107.00 3.00 0.00 0.00 6.00 0.00 6.00 0.08 0.17 0.00 0.00 0.00 2.00 3.00 1.00 0.00 3.00 0.00 0.00 0.00 0.00 0.00 0.00
108.00 4.00 0.00 2.00 14.00 2.00 12.00 0.09 0.24 0.00 0.00 0.00 2.00 4.00 2.00 0.00 4.00 0.00 0.00 0.00 0.00 0.00 0.00
109.00 3.00 0.00 0.00 1.00 0.00 1.00 0.09 0.25 0.00 0.00 0.00 2.00 3.00 1.00 0.00 3.00 0.00 0.00 0.00 0.00 0.00 0.00
