0.00 6.00 1.00 8.00 28.00 7.00 20.00 0.07 3.02 0.00 0.00 0.00 3.00 5.00 3.00 1.00 6.00 0.00 0.00 0.00 0.00 0.00 0.00
1.00 9.00 4.00 19.00 40.00 15.00 21.00 0.09 3.63 0.00 0.00 0.00 3.00 7.00 6.00 2.00 8.00 1.00 0.00 0.00 0.00 1.00 0.00
2.00 7.00 1.00 8.00 27.00 7.00 19.00 0.10 4.44 0.00 0.00 0.00 6.00 6.00 1.00 1.00 6.00 1.00 0.00 0.00 0.00 0.00 0.00
3.00 7.00 1.00 11.00 29.00 10.00 18.00 0.08 4.41 0.00 0.00 0.00 2.00 5.00 5.00 2.00 6.00 1.00 0.00 0.00 0.00 0.00 0.00
4.00 6.00 3.00 11.00 25.00 8.00 14.00 0.08 3.08 0.00 0.00 0.00 3.00 5.00 3.00 1.00 6.00 0.00 0.00 0.00 0.00 0.00 0.00
5.00 3.00 0.00 0.00 1.00 0.00 1.00 0.08 0.36 0.00 0.00 0.00 2.00 3.00 1.00 0.00 3.00 0.00 0.00 0.00 0.00 0.00 0.00
6.00 8.00 5.00 17.00 35.00 12.00 18.00 0.09 3.99 0.00 0.00 0.00 1.00 4.00 7.00 4.00 7.00 1.00 0.00 0.00 0.00 0.00 0.00
7.00 6.00 2.00 8.00 25.00 6.00 17.00 0.08 5.00 0.00 0.00 0.00 3.00 5.00 3.00 1.00 6.00 0.00 0.00 0.00 0.00 0.00 0.00
8.00 11.00 5.00 17.00 49.00 12.00 32.00 0.09 2.78 0.00 0.00 0.00 3.00 5.00 8.00 6.00 8.00 3.00 0.00 0.00 0.00 0.00 0.00
9.00 4.00 0.00 3.00 14.00 3.00 11.00 0.10 4.08 0.00 0.00 0.00 3.00 3.00 1.00 1.00 4.00 0.00 0.00 0.00 0.00 0.00 0.00
10.00 7.00 4.00 12.00 32.00 8.00 20.00 0.08 2.96 0.00 0.00 0.00 2.00 4.00 5.00 3.00 6.00 1.00 0.00 0.00 0.00 0.00 0.00
11.00 10.00 6.00 20.00 45.00 14.00 25.00 0.07 0.36 0.00 0.00 0.00 5.00 6.00 5.00 4.00 7.00 3.00 0.00 0.00 0.00 0.00 0.00
12.00 11.00 9.00 25.00 52.00 16.00 27.00 0.09 3.10 0.00 1.00 0.00 4.00 6.00 7.00 5.00 8.00 3.00 0.00 0.00 0.00 0.00 0.00
13.00 17.00 15.00 39.00 80.00 24.00 41.00 0.09 3.59 0.00 1.00 0.00 5.00 7.00 12.00 10.00 11.00 6.00 0.00 0.00 0.00 0.00 0.00
14.00 14.00 16.00 39.00 68.00 23.00 29.00 0.08 4.02 0.00 0.00 0.00 4.00 8.00 10.00 6.00 11.00 3.00 0.00 0.00 1.00 0.00 0.00
15.00 13.00 5.00 23.00 65.00 18.00 42.00 0.08 3.72 0.00 1.00 0.00 7.00 9.00 6.00 4.00 12.00 1.00 0.00 0.00 1.00 0.00 0.00
16.00 22.00 27.00 58.00 110.00 31.00 52.00 0.09 1.93 0.00 1.00 0.00 4.00 9.00 18.00 13.00 16.00 6.00 0.00 0.00 0.00 0.00 0.00
17.00 15.00 16.00 36.00 65.00 20.00 29.00 0.09 3.26 1.00 0.00 0.00 6.00 8.00 9.00 7.00 10.00 5.00 0.00 0.00 0.00 0.00 0.00
18.00 17.00 21.00 44.00 82.00 23.00 38.00 0.08 2.84 0.00 1.00 0.00 4.00 7.00 13.00 10.00 10.00 7.00 0.00 0.00 1.00 0.00 0.00
19.00 14.00 15.00 36.00 67.00 21.00 31.00 0.09 3.43 0.00 0.00 0.00 2.00 7.00 12.00 7.00 10.00 4.00 0.00 0.00 1.00 0.00 0.00
20.00 13.00 16.00 27.00 56.00 11.00 29.00 0.10 3.63 0.00 1.00 0.00 4.00 7.00 9.00 6.00 9.00 4.00 0.00 0.00 0.00 0.00 0.00
21.00 12.00 8.00 28.00 61.00 20.00 33.00 0.08 3.33 0.00 1.00 0.00 2.00 6.00 10.00 6.00 9.00 3.00 0.00 0.00 0.00 0.00 0.00
22.00 12.00 5.00 26.00 50.00 21.00 24.00 0.08 3.96 0.00 1.00 0.00 2.00 7.00 10.00 5.00 10.00 2.00 0.00 0.00 0.00 0.00 0.00
23.00 12.00 14.00 30.00 56.00 16.00 26.00 0.08 4.50 0.00 1.00 0.00 5.00 9.00 7.00 3.00 11.00 1.00 0.00 0.00 0.00 0.00 0.00
24.00 13.00 12.00 31.00 61.00 19.00 30.00 0.10 3.33 0.00 1.00 0.00 5.00 8.00 8.00 5.00 10.00 3.00 0.00 0.00 0.00 0.00 0.00
25.00 3.00 0.00 0.00 4.00 0.00 4.00 0.08 0.13 0.00 0.00 0.00 2.00 3.00 1.00 0.00 3.00 0.00 0.00 0.00 0.00 0.00 0.00
26.00 15.00 13.00 38.00 72.00 25.00 34.00 0.08 3.96 0.00 1.00 0.00 4.00 9.00 11.00 6.00 13.00 2.00 0.00 0.00 0.00 0.00 0.00
27.00 12.00 9.00 26.00 58.00 17.00 32.00 0.08 2.67 0.00 0.00 0.00 4.00 7.00 8.00 5.00 9.00 3.00 0.00 0.00 0.00 0.00 0.00
28.00 13.00 13.00 36.00 62.00 23.00 26.00 0.10 4.05 0.00 1.00 0.00 5.00 9.00 8.00 4.00 11.00 2.00 0.00 0.00 0.00 0.00 0.00
29.00 17.00 13.00 38.00 83.00 25.00 45.00 0.09 4.47 0.00 1.00 0.00 7.00 12.00 10.00 5.00 14.00 3.00 0.00 0.00 0.00 0.00 0.00
30.00 9.00 7.00 18.00 42.00 11.00 24.00 0.07 4.06 0.00 1.00 0.00 2.00 4.00 7.00 5.00 7.00 2.00 0.00 0.00 0.00 0.00 0.00
31.00 12.00 13.00 28.00 59.00 15.00 31.00 0.09 4.35 0.00 1.00 0.00 3.00 4.00 9.00 8.00 9.00 3.00 0.00 0.00 0.00 0.00 0.00
32.00 9.00 3.00 18.00 43.00 15.00 25.00 0.09 3.34 0.00 1.00 0.00 3.00 5.00 6.00 4.00 8.00 1.00 0.00 0.00 0.00 0.00 0.00
33.00 13.00 8.00 28.00 56.00 20.00 28.00 0.08 5.26 0.00 1.00 0.00 5.00 8.00 8.00 5.00 11.00 2.00 0.00 0.00 0.00 0.00 0.00
34.00 12.00 5.00 25.00 60.00 20.00 35.00 0.07 3.97 0.00 1.00 0.00 3.00 8.00 9.00 4.00 9.00 3.00 0.00 0.00 0.00 0.00 0.00
35.00 16.00 13.00 40.00 82.00 27.00 42.00 0.09 4.66 0.00 1.00 0.00 3.00 7.00 13.00 9.00 10.00 6.00 0.00 0.00 0.00 0.00 0.00
36.00 21.00 18.00 48.00 102.00 30.00 54.00 0.09 2.29 0.00 1.00 0.00 4.00 7.00 17.00 14.00 13.00 8.00 0.00 0.00 0.00 0.00 0.00
37.00 15.00 10.00 33.00 74.00 23.00 41.00 0.09 4.99 0.00 1.00 0.00 5.00 8.00 10.00 7.00 15.00 0.00 0.00 0.00 0.00 0.00 0.00
38.00 16.00 16.00 36.00 78.00 20.00 42.00 0.08 2.11 1.00 1.00 1.00 3.00 6.00 13.00 10.00 9.00 7.00 0.00 0.00 0.00 0.00 0.00
39.00 21.00 20.00 49.00 109.00 29.00 60.00 0.08 5.26 0.00 1.00 0.00 7.00 12.00 14.00 9.00 18.00 3.00 0.00 0.00 0.00 0.00 0.00
40.00 21.00 13.00 42.00 103.00 29.00 61.00 0.08 5.52 0.00 2.00 0.00 5.00 8.00 16.00 13.00 17.00 4.00 0.00 0.00 0.00 0.00 0.00
41.00 24.00 29.00 65.00 124.00 36.00 59.00 0.09 4.92 0.00 1.00 0.00 6.00 14.00 18.00 10.00 18.00 6.00 0.00 0.00 0.00 0.00 0.00
42.00 19.00 17.00 46.00 91.00 29.00 45.00 0.09 3.40 2.00 1.00 2.00 6.00 7.00 13.00 12.00 10.00 9.00 0.00 0.00 0.00 0.00 0.00
43.00 29.00 32.00 80.00 146.00 48.00 66.00 0.08 4.02 1.00 1.00 1.00 7.00 12.00 22.00 17.00 17.00 12.00 0.00 0.00 1.00 0.00 0.00
44.00 25.00 25.00 67.00 129.00 42.00 62.00 0.09 2.70 1.00 1.00 1.00 6.00 12.00 19.00 13.00 16.00 9.00 0.00 0.00 0.00 1.00 0.00
45.00 23.00 22.00 52.00 117.00 30.00 65.00 0.09 1.83 1.00 1.00 1.00 5.00 10.00 18.00 13.00 17.00 6.00 0.00 0.00 0.00 0.00 0.00
46.00 24.00 14.00 58.00 123.00 44.00 65.00 0.07 5.27 1.00 1.00 1.00 4.00 15.00 20.00 9.00 19.00 5.00 0.00 0.00 0.00 0.00 0.00
47.00 15.00 13.00 34.00 70.00 21.00 36.00 0.08 5.12 0.00 1.00 0.00 6.00 9.00 9.00 6.00 12.00 3.00 0.00 0.00 0.00 0.00 0.00
48.00 22.00 17.00 54.00 106.00 37.00 52.00 0.10 4.57 0.00 1.00 0.00 8.00 14.00 14.00 8.00 18.00 4.00 0.00 0.00 0.00 0.00 0.00
49.00 23.00 24.00 57.00 110.00 33.00 53.00 0.08 4.22 1.00 2.00 0.50 7.00 13.00 16.00 10.00 19.00 4.00 0.00 0.00 0.00 0.00 0.00
50.00 21.00 23.00 46.00 94.00 23.00 48.00 0.09 5.20 0.00 3.00 0.00 7.00 11.00 14.00 10.00 14.00 7.00 0.00 0.00 0.00 0.00 0.00
51.00 22.00 20.00 53.00 109.00 33.00 56.00 0.07 4.24 0.00 2.00 0.00 9.00 13.00 13.00 9.00 16.00 6.00 0.00 0.00 0.00 0.00 0.00
52.00 23.00 23.00 54.00 113.00 31.00 59.00 0.08 3.56 1.00 1.00 1.00 5.00 13.00 18.00 10.00 16.00 7.00 0.00 0.00 0.00 0.00 0.00
53.00 25.00 19.00 65.00 128.00 46.00 63.00 0.08 2.89 0.00 2.00 0.00 5.00 11.00 20.00 14.00 16.00 9.00 0.00 0.00 0.00 0.00 0.00
54.00 16.00 5.00 27.00 80.00 22.00 53.00 0.08 4.15 1.00 1.00 1.00 7.00 9.00 9.00 7.00 15.00 1.00 0.00 0.00 0.00 0.00 0.00
55.00 24.00 22.00 66.00 122.00 44.00 56.00 0.07 4.67 0.00 2.00 0.00 9.00 13.00 15.00 11.00 17.00 7.00 0.00 0.00 0.00 0.00 0.00
56.00 19.00 15.00 46.00 93.00 31.00 47.00 0.09 2.49 0.00 2.00 0.00 4.00 10.00 15.00 9.00 14.00 5.00 0.00 0.00 0.00 1.00 0.00
57.00 24.00 25.00 68.00 123.00 43.00 55.00 0.08 2.16 1.00 1.00 1.00 6.00 11.00 18.00 13.00 16.00 8.00 0.00 0.00 1.00 0.00 0.00
58.00 22.00 15.00 47.00 114.00 32.00 67.00 0.09 2.07 1.00 0.00 0.00 5.00 12.00 17.00 10.00 15.00 7.00 0.00 0.00 0.00 0.00 0.00
59.00 28.00 26.00 81.00 146.00 55.00 65.00 0.09 1.38 1.00 0.00 0.00 7.00 15.00 21.00 13.00 17.00 11.00 0.00 0.00 0.00 0.00 0.00
60.00 23.00 19.00 66.00 129.00 47.00 63.00 0.08 0.67 0.00 1.00 0.00 6.00 8.00 17.00 15.00 13.00 10.00 0.00 0.00 0.00 0.00 0.00
61.00 25.00 18.00 66.00 128.00 48.00 62.00 0.08 2.13 0.00 2.00 0.00 5.00 13.00 20.00 12.00 18.00 7.00 0.00 0.00 0.00 0.00 0.00
62.00 31.00 26.00 74.00 147.00 48.00 73.00 0.07 2.01 0.00 1.00 0.00 9.00 14.00 22.00 17.00 19.00 12.00 0.00 0.00 0.00 0.00 0.00
63.00 27.00 22.00 78.00 141.00 56.00 63.00 0.08 1.31 0.00 0.00 0.00 7.00 13.00 20.00 14.00 19.00 8.00 0.00 0.00 0.00 0.00 0.00
64.00 28.00 22.00 68.00 143.00 46.00 75.00 0.08 1.86 0.00 2.00 0.00 10.00 15.00 18.00 13.00 22.00 6.00 0.00 0.00 0.00 0.00 0.00
65.00 29.00 26.00 80.00 148.00 54.00 68.00 0.09 0.76 1.00 3.00 0.33 7.00 16.00 22.00 13.00 21.00 8.00 0.00 0.00 0.00 0.00 0.00
66.00 25.00 20.00 59.00 121.00 39.00 62.00 0.08 0.78 0.00 1.00 0.00 8.00 13.00 17.00 12.00 14.00 11.00 0.00 0.00 0.00 0.00 0.00
67.00 19.00 21.00 47.00 96.00 26.00 49.00 0.08 2.45 1.00 0.00 0.00 4.00 5.00 15.00 14.00 12.00 7.00 0.00 0.00 0.00 0.00 0.00
68.00 24.00 8.00 56.00 115.00 48.00 59.00 0.09 0.76 0.00 0.00 0.00 8.00 12.00 16.00 12.00 17.00 7.00 0.00 0.00 0.00 0.00 0.00
69.00 15.00 10.00 37.00 69.00 27.00 32.00 0.07 2.01 0.00 1.00 0.00 3.00 3.00 12.00 12.00 6.00 9.00 0.00 0.00 0.00 0.00 0.00
70.00 18.00 7.00 26.00 83.00 19.00 57.00 0.08 0.79 0.00 0.00 0.00 8.00 12.00 10.00 6.00 15.00 3.00 0.00 0.00 0.00 0.00 0.00
71.00 20.00 13.00 53.00 104.00 40.00 51.00 0.09 0.60 0.00 0.00 0.00 6.00 12.00 14.00 8.00 14.00 6.00 1.00 0.00 0.00 0.00 0.00
72.00 27.00 13.00 65.00 142.00 52.00 77.00 0.09 0.83 0.00 0.00 0.00 9.00 15.00 18.00 12.00 18.00 9.00 0.00 0.00 0.00 0.00 0.00
73.00 10.00 0.00 8.00 44.00 8.00 36.00 0.09 0.64 0.00 0.00 0.00 4.00 6.00 6.00 4.00 10.00 0.00 0.00 0.00 0.00 0.00 0.00
74.00 22.00 10.00 56.00 114.00 46.00 58.00 0.08 0.64 0.00 1.00 0.00 6.00 11.00 16.00 11.00 14.00 8.00 0.00 0.00 0.00 0.00 0.00
75.00 16.00 5.00 32.00 73.00 27.00 41.00 0.08 0.73 0.00 1.00 0.00 5.00 7.00 11.00 9.00 13.00 3.00 0.00 0.00 0.00 0.00 0.00
76.00 18.00 10.00 36.00 91.00 26.00 55.00 0.09 0.51 0.00 2.00 0.00 5.00 10.00 13.00 8.00 14.00 4.00 0.00 0.00 0.00 0.00 0.00
77.00 21.00 9.00 53.00 105.00 44.00 52.00 0.08 0.49 0.00 1.00 0.00 6.00 12.00 15.00 9.00 16.00 5.00 0.00 0.00 0.00 0.00 0.00
78.00 27.00 10.00 66.00 121.00 56.00 55.00 0.10 1.41 0.00 0.00 0.00 10.00 17.00 17.00 10.00 24.00 3.00 0.00 0.00 0.00 0.00 0.00
79.00 21.00 9.00 42.00 102.00 33.00 60.00 0.09 1.00 0.00 0.00 0.00 7.00 12.00 14.00 9.00 14.00 7.00 0.00 0.00 0.00 0.00 0.00
80.00 21.00 6.00 46.00 101.00 40.00 55.00 0.09 0.68 0.00 0.00 0.00 5.00 9.00 16.00 12.00 13.00 8.00 0.00 0.00 0.00 0.00 0.00
81.00 25.00 15.00 58.00 127.00 43.00 69.00 0.09 0.74 0.00 0.00 0.00 9.00 14.00 16.00 11.00 19.00 6.00 0.00 0.00 0.00 1.00 0.00
82.00 16.00 0.00 34.00 78.00 34.00 44.00 0.08 0.70 0.00 0.00 0.00 3.00 5.00 13.00 11.00 13.00 3.00 0.00 0.00 0.00 0.00 0.00
83.00 18.00 2.00 42.00 90.00 40.00 48.00 0.09 0.59 0.00 0.00 0.00 6.00 10.00 12.00 8.00 13.00 5.00 0.00 0.00 1.00 0.00 0.00
84.00 17.00 7.00 30.00 67.00 23.00 37.00 0.09 0.90 0.00 0.00 0.00 6.00 13.00 11.00 4.00 14.00 3.00 0.00 0.00 2.00 0.00 0.00
85.00 13.00 4.00 28.00 63.00 24.00 35.00 0.10 0.50 0.00 0.00 0.00 6.00 10.00 7.00 3.00 11.00 2.00 0.00 0.00 0.00 0.00 0.00
86.00 6.00 2.00 10.00 27.00 8.00 17.00 0.07 0.21 0.00 0.00 0.00 2.00 4.00 4.00 2.00 5.00 1.00 0.00 0.00 0.00 0.00 0.00
87.00 11.00 3.00 25.00 55.00 22.00 30.00 0.10 0.40 0.00 0.00 0.00 2.00 7.00 9.00 4.00 10.00 1.00 0.00 0.00 0.00 0.00 0.00
88.00 13.00 3.00 22.00 60.00 19.00 38.00 0.08 0.62 0.00 0.00 0.00 5.00 9.00 8.00 4.00 11.00 2.00 0.00 0.00 0.00 0.00 0.00
89.00 14.00 5.00 25.00 69.00 20.00 44.00 0.08 0.42 1.00 0.00 0.00 5.00 10.00 9.00 4.00 13.00 1.00 0.00 0.00 0.00 0.00 0.00
90.00 10.00 1.00 17.00 50.00 16.00 33.00 0.07 0.52 0.00 0.00 0.00 3.00 4.00 7.00 6.00 6.00 4.00 0.00 0.00 0.00 0.00 0.00
91.00 13.00 4.00 21.00 61.00 17.00 40.00 0.07 0.68 0.00 0.00 0.00 4.00 8.00 9.00 5.00 11.00 2.00 0.00 0.00 0.00 0.00 0.00
92.00 6.00 2.00 8.00 28.00 6.00 20.00 0.09 0.26 0.00 0.00 0.00 2.00 4.00 4.00 2.00 5.00 1.00 0.00 0.00 0.00 0.00 0.00
93.00 9.00 2.00 15.00 42.00 13.00 27.00 0.10 0.39 0.00 0.00 0.00 4.00 6.00 5.00 3.00 8.00 1.00 0.00 0.00 0.00 0.00 0.00
94.00 8.00 2.00 10.00 31.00 8.00 21.00 0.09 0.44 0.00 1.00 0.00 3.00 7.00 5.00 1.00 7.00 1.00 0.00 0.00 0.00 0.00 0.00
95.00 13.00 11.00 31.00 58.00 20.00 27.00 0.10 0.44 0.00 0.00 0.00 3.00 6.00 10.00 7.00 6.00 7.00 0.00 0.00 0.00 0.00 0.00
96.00 7.00 2.00 12.00 31.00 10.00 19.00 0.08 0.55 0.00 0.00 0.00 3.00 6.00 4.00 1.00 7.00 0.00 0.00 0.00 0.00 0.00 0.00
97.00 7.00 3.00 13.00 32.00 10.00 19.00 0.09 0.31 0.00 0.00 0.00 4.00 6.00 3.00 1.00 6.00 1.00 0.00 0.00 0.00 0.00 0.00
98.00 9.00 5.00 17.00 41.00 12.00 24.00 0.07 0.46 0.00 0.00 0.00 4.00 6.00 5.00 3.00 8.00 1.00 0.00 0.00 0.00 0.00 0.00
99.00 12.00 5.00 21.00 56.00 16.00 35.00 0.09 0.54 0.00 1.00 0.00 4.00 7.00 8.00 5.00 9.00 3.00 0.00 0.00 0.00 0.00 0.00
100.00 5.00 1.00 7.00 22.00 6.00 15.00 0.08 0.28 0.00 0.00 0.00 3.00 4.00 2.00 1.00 5.00 0.00 0.00 0.00 0.00 0.00 0.00
101.00 6.00 1.00 6.00 22.00 5.00 16.00 0.10 0.18 0.00 0.00 0.00 3.00 5.00 3.00 1.00 6.00 0.00 0.00 0.00 0.00 0.00 0.00
102.00 10.00 6.00 17.00 40.00 11.00 23.00 0.09 0.56 0.00 0.00 0.00 3.00 5.00 7.00 5.00 8.00 2.00 0.00 0.00 0.00 0.00 0.00
103.00 9.00 1.00 14.00 41.00 13.00 27.00 0.09 0.38 0.00 0.00 0.00 4.00 8.00 5.00 1.00 8.00 1.00 0.00 0.00 1.00 0.00 0.00
104.00 5.00 1.00 7.00 20.00 6.00 13.00 0.07 0.20 0.00 0.00 0.00 2.00 3.00 3.00 2.00 5.00 0.00 0.00 0.00 0.00 0.00 0.00
105.00 4.00 0.00 4.00 15.00 4.00 11.00 0.09 0.19 0.00 0.00 0.00 1.00 3.00 3.00 1.00 4.00 0.00 0.00 0.00 0.00 0.00 0.00
106.00 6.00 1.00 5.00 26.00 4.00 21.00 0.09 0.54 0.00 0.00 0.00 2.00 5.00 4.00 1.00 5.00 1.00 0.00 0.00 0.00 0.00 0.00
107.00 5.00 1.00 5.00 21.00 4.00 16.00 0.09 0.24 0.00 0.00 0.00 1.00 3.00 4.00 2.00 4.00 1.00 0.00 0.00 0.00 0.00 0.00
108.00 9.00 6.00 16.00 39.00 10.00 23.00 0.10 0.25 0.00 0.00 0.00 2.00 6.00 7.00 3.00 8.00 1.00 0.00 0.00 0.00 0.00 0.00
109.00 6.00 2.00 9.00 29.00 7.00 20.00 0.09 0.25 0.00 1.00 0.00 2.00 5.00 4.00 1.00 5.00 1.00 0.00 0.00 0.00 0.00 0.00
110.00 9.00 5.00 16.00 41.00 11.00 25.00 0.08 0.29 0.00 1.00 0.00 5.00 6.00 4.00 3.00 7.00 2.00 0.00 0.00 0.00 0.00 0.00
111.00 10.00 5.00 17.00 43.00 12.00 26.00 0.08 0.46 0.00 0.00 0.00 5.00 8.00 5.00 2.00 9.00 1.00 0.00 0.00 0.00 0.00 0.00
112.00 12.00 6.00 23.00 62.00 17.00 39.00 0.08 0.63 0.00 0.00 0.00 4.00 8.00 8.00 4.00 11.00 1.00 0.00 0.00 0.00 0.00 0.00
113.00 9.00 5.00 14.00 44.00 9.00 30.00 0.07 0.33 0.00 0.00 0.00 2.00 5.00 7.00 4.00 5.00 4.00 0.00 0.00 0.00 0.00 0.00
114.00 4.00 0.00 4.00 17.00 4.00 13.00 0.08 0.25 0.00 0.00 0.00 2.00 4.00 2.00 0.00 4.00 0.00 0.00 0.00 0.00 0.00 0.00
115.00 8.00 2.00 12.00 37.00 10.00 25.00 0.09 0.39 0.00 0.00 0.00 3.00 6.00 5.00 2.00 7.00 1.00 0.00 0.00 0.00 0.00 0.00
116.00 7.00 4.00 12.00 31.00 8.00 19.00 0.07 0.27 0.00 0.00 0.00 2.00 5.00 5.00 2.00 7.00 0.00 0.00 0.00 0.00 0.00 0.00
117.00 6.00 0.00 6.00 24.00 6.00 18.00 0.07 0.35 0.00 0.00 0.00 1.00 4.00 5.00 2.00 5.00 1.00 0.00 0.00 0.00 0.00 0.00
118.00 6.00 2.00 9.00 25.00 7.00 16.00 0.09 0.26 0.00 0.00 0.00 3.00 5.00 3.00 1.00 6.00 0.00 0.00 0.00 0.00 0.00 0.00
119.00 3.00 0.00 2.00 9.00 2.00 7.00 0.08 0.18 0.00 0.00 0.00 2.00 3.00 1.00 0.00 3.00 0.00 0.00 0.00 0.00 0.00 0.00
120.00 8.00 1.00 11.00 40.00 10.00 29.00 0.09 0.52 0.00 0.00 0.00 3.00 6.00 5.00 2.00 6.00 2.00 0.00 0.00 0.00 0.00 0.00
121.00 7.00 2.00 8.00 26.00 6.00 18.00 0.09 0.47 0.00 0.00 0.00 3.00 3.00 4.00 4.00 6.00 1.00 0.00 0.00 0.00 0.00 0.00
122.00 7.00 1.00 10.00 31.00 9.00 21.00 0.06 0.34 0.00 0.00 0.00 1.00 3.00 6.00 4.00 6.00 1.00 0.00 0.00 0.00 0.00 0.00
