0.00 7.00 0.00 2.00 21.00 2.00 19.00 0.07 0.46 0.00 0.00 0.00 4.00 6.00 3.00 1.00 6.00 1.00 0.00 0.00 0.00 0.00 0.00
1.00 6.00 2.00 7.00 20.00 5.00 13.00 0.07 2.90 0.00 0.00 0.00 4.00 5.00 2.00 1.00 5.00 1.00 0.00 0.00 0.00 0.00 0.00
2.00 6.00 0.00 7.00 24.00 7.00 17.00 0.08 4.75 0.00 0.00 0.00 3.00 5.00 3.00 1.00 6.00 0.00 0.00 0.00 0.00 0.00 0.00
3.00 5.00 2.00 7.00 19.00 5.00 12.00 0.09 4.50 0.00 0.00 0.00 2.00 5.00 3.00 0.00 5.00 0.00 0.00 0.00 0.00 0.00 0.00
4.00 6.00 1.00 8.00 24.00 7.00 16.00 0.08 3.15 0.00 0.00 0.00 3.00 5.00 3.00 1.00 6.00 0.00 0.00 0.00 0.00 0.00 0.00
5.00 4.00 0.00 4.00 17.00 4.00 13.00 0.09 0.22 0.00 0.00 0.00 2.00 4.00 2.00 0.00 4.00 0.00 0.00 0.00 0.00 0.00 0.00
6.00 4.00 0.00 0.00 7.00 0.00 7.00 0.09 0.36 0.00 0.00 0.00 2.00 4.00 2.00 0.00 4.00 0.00 0.00 0.00 0.00 0.00 0.00
7.00 10.00 5.00 19.00 45.00 14.00 26.00 0.09 4.11 0.00 0.00 0.00 2.00 4.00 8.00 6.00 8.00 2.00 0.00 0.00 0.00 0.00 0.00
8.00 10.00 6.00 20.00 46.00 14.00 26.00 0.09 2.92 0.00 0.00 0.00 2.00 6.00 8.00 4.00 8.00 2.00 0.00 0.00 0.00 0.00 0.00
9.00 16.00 17.00 39.00 78.00 22.00 39.00 0.09 3.84 0.00 1.00 0.00 4.00 8.00 12.00 8.00 9.00 7.00 0.00 0.00 0.00 0.00 0.00
10.00 15.00 17.00 37.00 69.00 20.00 32.00 0.08 3.97 0.00 1.00 0.00 5.00 8.00 10.00 7.00 12.00 3.00 0.00 0.00 0.00 0.00 0.00
11.00 13.00 11.00 33.00 66.00 22.00 33.00 0.07 3.22 0.00 0.00 0.00 4.00 6.00 9.00 7.00 6.00 7.00 0.00 0.00 0.00 0.00 0.00
12.00 16.00 15.00 37.00 69.00 22.00 32.00 0.09 3.16 0.00 0.00 0.00 6.00 11.00 10.00 5.00 14.00 2.00 0.00 0.00 0.00 0.00 0.00
13.00 10.00 6.00 20.00 48.00 14.00 28.00 0.08 2.99 0.00 0.00 0.00 2.00 4.00 8.00 6.00 6.00 4.00 0.00 0.00 0.00 0.00 0.00
14.00 17.00 12.00 38.00 72.00 26.00 34.00 0.10 3.17 0.00 0.00 0.00 4.00 11.00 13.00 6.00 12.00 5.00 0.00 0.00 0.00 0.00 0.00
15.00 18.00 16.00 42.00 92.00 26.00 50.00 0.09 3.56 0.00 1.00 0.00 8.00 10.00 10.00 8.00 12.00 6.00 0.00 0.00 0.00 0.00 0.00
16.00 18.00 13.00 43.00 91.00 30.00 48.00 0.09 3.72 0.00 2.00 0.00 6.00 10.00 12.00 8.00 12.00 6.00 0.00 0.00 0.00 0.00 0.00
17.00 16.00 13.00 38.00 74.00 25.00 36.00 0.10 2.16 0.00 1.00 0.00 3.00 7.00 13.00 9.00 11.00 5.00 0.00 0.00 0.00 0.00 0.00
18.00 17.00 15.00 41.00 80.00 26.00 39.00 0.07 2.82 0.00 2.00 0.00 5.00 7.00 12.00 10.00 11.00 6.00 0.00 0.00 0.00 0.00 0.00
19.00 16.00 15.00 34.00 70.00 19.00 36.00 0.09 1.41 0.00 2.00 0.00 6.00 13.00 10.00 3.00 15.00 1.00 0.00 0.00 0.00 0.00 0.00
20.00 21.00 17.00 55.00 107.00 38.00 52.00 0.11 2.50 0.00 1.00 0.00 5.00 10.00 16.00 11.00 13.00 8.00 0.00 0.00 0.00 0.00 0.00
21.00 17.00 7.00 32.00 81.00 25.00 49.00 0.10 2.29 0.00 2.00 0.00 7.00 11.00 10.00 6.00 14.00 3.00 0.00 0.00 0.00 0.00 0.00
22.00 24.00 25.00 68.00 120.00 43.00 52.00 0.10 2.72 1.00 1.00 1.00 7.00 13.00 17.00 11.00 15.00 9.00 0.00 0.00 0.00 0.00 0.00
23.00 16.00 7.00 28.00 69.00 21.00 41.00 0.09 2.03 1.00 1.00 1.00 4.00 10.00 12.00 6.00 14.00 2.00 0.00 0.00 0.00 0.00 0.00
24.00 18.00 18.00 47.00 91.00 29.00 44.00 0.07 3.71 1.00 2.00 0.50 6.00 11.00 12.00 7.00 15.00 3.00 0.00 0.00 0.00 0.00 0.00
25.00 25.00 25.00 67.00 129.00 42.00 62.00 0.09 2.70 1.00 1.00 1.00 6.00 12.00 19.00 13.00 16.00 9.00 0.00 0.00 0.00 1.00 0.00
26.00 23.00 22.00 52.00 117.00 30.00 65.00 0.09 1.83 1.00 1.00 1.00 5.00 10.00 18.00 13.00 17.00 6.00 0.00 0.00 0.00 0.00 0.00
27.00 24.00 14.00 58.00 123.00 44.00 65.00 0.07 5.27 1.00 1.00 1.00 4.00 15.00 20.00 9.00 19.00 5.00 0.00 0.00 0.00 0.00 0.00
28.00 15.00 13.00 34.00 70.00 21.00 36.00 0.08 5.12 0.00 1.00 0.00 6.00 9.00 9.00 6.00 12.00 3.00 0.00 0.00 0.00 0.00 0.00
29.00 22.00 17.00 54.00 106.00 37.00 52.00 0.10 4.57 0.00 1.00 0.00 8.00 14.00 14.00 8.00 18.00 4.00 0.00 0.00 0.00 0.00 0.00
30.00 23.00 24.00 57.00 110.00 33.00 53.00 0.08 4.22 1.00 2.00 0.50 7.00 13.00 16.00 10.00 19.00 4.00 0.00 0.00 0.00 0.00 0.00
31.00 21.00 23.00 46.00 94.00 23.00 48.00 0.09 5.20 0.00 3.00 0.00 7.00 11.00 14.00 10.00 14.00 7.00 0.00 0.00 0.00 0.00 0.00
32.00 22.00 20.00 53.00 109.00 33.00 56.00 0.07 4.24 0.00 2.00 0.00 9.00 13.00 13.00 9.00 16.00 6.00 0.00 0.00 0.00 0.00 0.00
33.00 23.00 23.00 54.00 113.00 31.00 59.00 0.08 3.56 1.00 1.00 1.00 5.00 13.00 18.00 10.00 16.00 7.00 0.00 0.00 0.00 0.00 0.00
34.00 25.00 19.00 65.00 128.00 46.00 63.00 0.08 2.89 0.00 2.00 0.00 5.00 11.00 20.00 14.00 16.00 9.00 0.00 0.00 0.00 0.00 0.00
35.00 16.00 5.00 27.00 80.00 22.00 53.00 0.08 4.15 1.00 1.00 1.00 7.00 9.00 9.00 7.00 15.00 1.00 0.00 0.00 0.00 0.00 0.00
36.00 24.00 22.00 66.00 122.00 44.00 56.00 0.07 4.67 0.00 2.00 0.00 9.00 13.00 15.00 11.00 17.00 7.00 0.00 0.00 0.00 0.00 0.00
37.00 19.00 15.00 46.00 93.00 31.00 47.00 0.09 2.49 0.00 2.00 0.00 4.00 10.00 15.00 9.00 14.00 5.00 0.00 0.00 0.00 1.00 0.00
38.00 24.00 25.00 68.00 123.00 43.00 55.00 0.08 2.16 1.00 1.00 1.00 6.00 11.00 18.00 13.00 16.00 8.00 0.00 0.00 1.00 0.00 0.00
39.00 22.00 15.00 47.00 114.00 32.00 67.00 0.09 2.07 1.00 0.00 0.00 5.00 12.00 17.00 10.00 15.00 7.00 0.00 0.00 0.00 0.00 0.00
40.00 28.00 26.00 81.00 146.00 55.00 65.00 0.09 1.38 1.00 0.00 0.00 7.00 15.00 21.00 13.00 17.00 11.00 0.00 0.00 0.00 0.00 0.00
41.00 23.00 19.00 66.00 129.00 47.00 63.00 0.08 0.67 0.00 1.00 0.00 6.00 8.00 17.00 15.00 13.00 10.00 0.00 0.00 0.00 0.00 0.00
42.00 25.00 18.00 66.00 128.00 48.00 62.00 0.08 2.13 0.00 2.00 0.00 5.00 13.00 20.00 12.00 18.00 7.00 0.00 0.00 0.00 0.00 0.00
43.00 31.00 26.00 74.00 147.00 48.00 73.00 0.07 2.01 0.00 1.00 0.00 9.00 14.00 22.00 17.00 19.00 12.00 0.00 0.00 0.00 0.00 0.00
44.00 27.00 22.00 78.00 141.00 56.00 63.00 0.08 1.31 0.00 0.00 0.00 7.00 13.00 20.00 14.00 19.00 8.00 0.00 0.00 0.00 0.00 0.00
45.00 28.00 22.00 68.00 143.00 46.00 75.00 0.08 1.86 0.00 2.00 0.00 10.00 15.00 18.00 13.00 22.00 6.00 0.00 0.00 0.00 0.00 0.00
46.00 25.00 12.00 72.00 136.00 60.00 64.00 0.09 0.61 0.00 2.00 0.00 2.00 8.00 23.00 17.00 14.00 11.00 0.00 0.00 0.00 0.00 0.00
47.00 25.00 20.00 65.00 125.00 45.00 60.00 0.08 1.33 0.00 1.00 0.00 9.00 15.00 16.00 10.00 20.00 5.00 0.00 0.00 0.00 0.00 0.00
48.00 27.00 18.00 63.00 127.00 45.00 64.00 0.08 2.11 0.00 1.00 0.00 8.00 13.00 19.00 14.00 17.00 10.00 0.00 0.00 0.00 1.00 0.00
49.00 20.00 13.00 61.00 106.00 48.00 45.00 0.09 0.67 0.00 2.00 0.00 6.00 11.00 14.00 9.00 15.00 5.00 0.00 0.00 0.00 0.00 0.00
50.00 21.00 18.00 55.00 109.00 37.00 54.00 0.08 1.21 0.00 2.00 0.00 3.00 9.00 18.00 12.00 11.00 10.00 0.00 0.00 0.00 0.00 0.00
51.00 20.00 15.00 48.00 105.00 33.00 57.00 0.08 0.51 0.00 2.00 0.00 5.00 10.00 15.00 10.00 13.00 7.00 0.00 0.00 0.00 0.00 0.00
52.00 27.00 20.00 82.00 142.00 62.00 60.00 0.08 1.17 0.00 2.00 0.00 8.00 11.00 19.00 16.00 16.00 11.00 0.00 0.00 0.00 0.00 0.00
53.00 18.00 6.00 42.00 96.00 36.00 54.00 0.09 1.24 0.00 2.00 0.00 4.00 9.00 14.00 9.00 13.00 5.00 0.00 0.00 0.00 0.00 0.00
54.00 24.00 23.00 68.00 117.00 45.00 49.00 0.07 0.64 0.00 1.00 0.00 10.00 14.00 14.00 10.00 16.00 8.00 0.00 0.00 1.00 0.00 0.00
55.00 15.00 17.00 38.00 75.00 21.00 37.00 0.08 0.60 0.00 1.00 0.00 3.00 6.00 12.00 9.00 11.00 4.00 0.00 0.00 0.00 0.00 0.00
56.00 23.00 21.00 58.00 117.00 37.00 59.00 0.08 1.33 0.00 2.00 0.00 5.00 14.00 18.00 9.00 16.00 7.00 0.00 0.00 0.00 0.00 0.00
57.00 11.00 7.00 22.00 50.00 15.00 28.00 0.09 0.57 0.00 3.00 0.00 3.00 3.00 8.00 8.00 8.00 3.00 0.00 0.00 0.00 0.00 0.00
58.00 18.00 13.00 43.00 87.00 30.00 44.00 0.07 0.50 0.00 2.00 0.00 6.00 9.00 12.00 9.00 15.00 3.00 0.00 0.00 0.00 0.00 0.00
59.00 19.00 18.00 42.00 92.00 24.00 50.00 0.07 0.64 0.00 3.00 0.00 4.00 9.00 15.00 10.00 13.00 6.00 0.00 0.00 0.00 0.00 0.00
60.00 23.00 20.00 53.00 120.00 33.00 67.00 0.10 0.69 0.00 1.00 0.00 5.00 13.00 18.00 10.00 18.00 5.00 0.00 0.00 0.00 0.00 0.00
61.00 20.00 15.00 51.00 97.00 36.00 46.00 0.09 0.61 0.00 2.00 0.00 7.00 11.00 13.00 9.00 13.00 7.00 0.00 0.00 0.00 0.00 0.00
62.00 21.00 17.00 54.00 105.00 37.00 51.00 0.08 0.56 0.00 2.00 0.00 4.00 7.00 17.00 14.00 13.00 8.00 0.00 0.00 1.00 0.00 0.00
63.00 21.00 13.00 52.00 107.00 39.00 55.00 0.07 0.59 0.00 1.00 0.00 6.00 10.00 15.00 11.00 18.00 3.00 0.00 0.00 0.00 0.00 0.00
64.00 18.00 13.00 42.00 88.00 29.00 46.00 0.08 0.54 0.00 2.00 0.00 5.00 10.00 13.00 8.00 12.00 6.00 0.00 0.00 1.00 0.00 0.00
65.00 19.00 9.00 53.00 103.00 44.00 50.00 0.08 0.62 0.00 1.00 0.00 8.00 12.00 11.00 7.00 15.00 4.00 0.00 0.00 0.00 0.00 0.00
66.00 17.00 17.00 42.00 89.00 25.00 47.00 0.08 0.44 0.00 2.00 0.00 2.00 8.00 15.00 9.00 11.00 6.00 0.00 0.00 0.00 0.00 0.00
67.00 13.00 5.00 27.00 66.00 22.00 39.00 0.08 1.51 0.00 1.00 0.00 1.00 5.00 12.00 8.00 9.00 4.00 0.00 0.00 0.00 0.00 0.00
68.00 13.00 6.00 24.00 61.00 18.00 37.00 0.08 0.58 0.00 1.00 0.00 2.00 5.00 11.00 8.00 10.00 3.00 0.00 0.00 0.00 0.00 0.00
69.00 15.00 3.00 25.00 71.00 22.00 46.00 0.07 0.68 0.00 1.00 0.00 4.00 11.00 11.00 4.00 14.00 1.00 0.00 0.00 0.00 0.00 0.00
70.00 15.00 11.00 30.00 67.00 19.00 37.00 0.10 0.59 0.00 2.00 0.00 5.00 11.00 10.00 4.00 11.00 4.00 0.00 0.00 0.00 0.00 0.00
71.00 22.00 14.00 53.00 114.00 39.00 61.00 0.07 1.28 1.00 1.00 1.00 7.00 13.00 15.00 9.00 15.00 7.00 0.00 0.00 0.00 0.00 0.00
72.00 16.00 3.00 40.00 77.00 37.00 37.00 0.08 0.46 0.00 1.00 0.00 4.00 9.00 12.00 7.00 11.00 5.00 0.00 0.00 0.00 0.00 0.00
73.00 12.00 6.00 28.00 65.00 22.00 37.00 0.09 0.42 0.00 0.00 0.00 3.00 7.00 9.00 5.00 8.00 4.00 0.00 0.00 0.00 0.00 0.00
74.00 19.00 10.00 41.00 93.00 31.00 52.00 0.10 1.88 0.00 1.00 0.00 8.00 13.00 11.00 6.00 14.00 5.00 0.00 0.00 0.00 0.00 0.00
75.00 18.00 6.00 31.00 83.00 25.00 52.00 0.08 1.27 0.00 0.00 0.00 4.00 9.00 14.00 9.00 14.00 4.00 0.00 0.00 0.00 1.00 0.00
76.00 15.00 7.00 31.00 70.00 24.00 39.00 0.09 0.57 0.00 0.00 0.00 7.00 10.00 8.00 5.00 11.00 4.00 0.00 0.00 0.00 0.00 0.00
77.00 5.00 1.00 4.00 18.00 3.00 14.00 0.08 0.34 0.00 0.00 0.00 3.00 4.00 2.00 1.00 5.00 0.00 0.00 0.00 0.00 0.00 0.00
78.00 18.00 9.00 35.00 79.00 26.00 44.00 0.09 0.84 0.00 0.00 0.00 5.00 11.00 13.00 7.00 14.00 4.00 0.00 0.00 0.00 0.00 0.00
79.00 12.00 5.00 23.00 55.00 18.00 32.00 0.08 0.51 0.00 0.00 0.00 3.00 6.00 9.00 6.00 11.00 1.00 0.00 0.00 0.00 0.00 0.00
80.00 8.00 2.00 13.00 35.00 11.00 22.00 0.10 0.40 0.00 0.00 0.00 4.00 7.00 4.00 1.00 7.00 1.00 0.00 0.00 0.00 0.00 0.00
81.00 7.00 0.00 8.00 29.00 8.00 21.00 0.08 0.44 0.00 0.00 0.00 2.00 5.00 5.00 2.00 6.00 1.00 0.00 0.00 0.00 0.00 0.00
82.00 11.00 9.00 25.00 52.00 16.00 27.00 0.08 0.44 0.00 0.00 0.00 5.00 7.00 6.00 4.00 8.00 3.00 0.00 0.00 0.00 0.00 0.00
83.00 8.00 5.00 15.00 35.00 10.00 20.00 0.09 0.47 0.00 0.00 0.00 2.00 3.00 6.00 5.00 4.00 4.00 0.00 0.00 0.00 0.00 0.00
84.00 6.00 1.00 8.00 25.00 7.00 17.00 0.07 0.35 0.00 0.00 0.00 3.00 5.00 3.00 1.00 6.00 0.00 0.00 0.00 0.00 0.00 0.00
85.00 8.00 5.00 16.00 40.00 11.00 24.00 0.06 0.30 0.00 0.00 0.00 1.00 2.00 7.00 6.00 6.00 2.00 0.00 0.00 0.00 0.00 0.00
86.00 3.00 0.00 0.00 8.00 0.00 8.00 0.09 4.82 0.00 0.00 0.00 2.00 3.00 1.00 0.00 3.00 0.00 0.00 0.00 0.00 0.00 0.00
87.00 6.00 2.00 11.00 25.00 9.00 14.00 0.08 0.24 0.00 0.00 0.00 1.00 3.00 5.00 3.00 6.00 0.00 0.00 0.00 0.00 0.00 0.00
88.00 7.00 4.00 13.00 29.00 9.00 16.00 0.09 0.28 0.00 0.00 0.00 0.00 4.00 7.00 3.00 6.00 1.00 0.00 0.00 0.00 0.00 0.00
89.00 9.00 7.00 20.00 44.00 13.00 24.00 0.10 0.46 0.00 0.00 0.00 2.00 4.00 7.00 5.00 6.00 3.00 0.00 0.00 0.00 0.00 0.00
90.00 4.00 0.00 2.00 15.00 2.00 13.00 0.07 0.23 0.00 0.00 0.00 2.00 4.00 2.00 0.00 4.00 0.00 0.00 0.00 0.00 0.00 0.00
