0.00 2.00 0.00 0.00 1.00 0.00 1.00 0.09 0.11 0.00 0.00 0.00 2.00 2.00 0.00 0.00 2.00 0.00 0.00 0.00 0.00 0.00 0.00
1.00 3.00 0.00 0.00 3.00 0.00 3.00 0.09 0.19 0.00 0.00 0.00 2.00 3.00 1.00 0.00 3.00 0.00 0.00 0.00 0.00 0.00 0.00
2.00 3.00 0.00 0.00 1.00 0.00 1.00 0.10 3.87 0.00 0.00 0.00 2.00 3.00 1.00 0.00 3.00 0.00 0.00 0.00 0.00 0.00 0.00
3.00 4.00 0.00 4.00 14.00 4.00 10.00 0.07 5.91 0.00 0.00 0.00 1.00 3.00 3.00 1.00 4.00 0.00 0.00 0.00 0.00 0.00 0.00
4.00 7.00 4.00 12.00 31.00 8.00 19.00 0.08 4.44 0.00 0.00 0.00 3.00 6.00 4.00 1.00 7.00 0.00 0.00 0.00 0.00 0.00 0.00
5.00 6.00 1.00 7.00 26.00 6.00 19.00 0.09 4.22 0.00 0.00 0.00 3.00 5.00 3.00 1.00 6.00 0.00 0.00 0.00 0.00 0.00 0.00
6.00 2.00 0.00 0.00 5.00 0.00 5.00 0.08 0.07 0.00 0.00 0.00 2.00 2.00 0.00 0.00 2.00 0.00 0.00 0.00 0.00 0.00 0.00
7.00 5.00 0.00 3.00 17.00 3.00 14.00 0.08 3.26 0.00 0.00 0.00 2.00 5.00 3.00 0.00 5.00 0.00 0.00 0.00 0.00 0.00 0.00
8.00 5.00 1.00 7.00 19.00 6.00 12.00 0.09 4.96 0.00 1.00 0.00 2.00 5.00 3.00 0.00 5.00 0.00 0.00 0.00 0.00 0.00 0.00
9.00 4.00 0.00 4.00 16.00 4.00 12.00 0.08 0.33 0.00 1.00 0.00 2.00 4.00 2.00 0.00 4.00 0.00 0.00 0.00 0.00 0.00 0.00
10.00 10.00 6.00 20.00 47.00 14.00 27.00 0.08 2.19 0.00 1.00 0.00 5.00 6.00 5.00 4.00 9.00 1.00 0.00 0.00 0.00 0.00 0.00
11.00 7.00 3.00 10.00 30.00 7.00 20.00 0.07 6.16 0.00 0.00 0.00 1.00 5.00 6.00 2.00 6.00 1.00 0.00 0.00 0.00 0.00 0.00
12.00 11.00 5.00 15.00 42.00 10.00 27.00 0.09 3.86 0.00 0.00 0.00 6.00 9.00 5.00 2.00 9.00 2.00 0.00 0.00 0.00 0.00 0.00
13.00 9.00 6.00 18.00 43.00 12.00 25.00 0.09 4.00 0.00 0.00 0.00 4.00 7.00 5.00 2.00 8.00 1.00 0.00 0.00 0.00 0.00 0.00
14.00 9.00 6.00 17.00 40.00 11.00 23.00 0.08 1.96 0.00 0.00 0.00 3.00 5.00 6.00 4.00 7.00 2.00 0.00 0.00 0.00 0.00 0.00
15.00 5.00 0.00 5.00 19.00 5.00 14.00 0.09 0.36 0.00 0.00 0.00 3.00 4.00 2.00 1.00 5.00 0.00 0.00 0.00 0.00 0.00 0.00
16.00 6.00 0.00 6.00 24.00 6.00 18.00 0.07 0.77 0.00 0.00 0.00 2.00 6.00 4.00 0.00 6.00 0.00 0.00 0.00 0.00 0.00 0.00
17.00 11.00 2.00 18.00 55.00 16.00 37.00 0.10 3.01 0.00 0.00 0.00 2.00 8.00 9.00 3.00 10.00 1.00 0.00 0.00 0.00 0.00 0.00
18.00 4.00 0.00 1.00 15.00 1.00 14.00 0.08 0.22 0.00 0.00 0.00 2.00 4.00 2.00 0.00 4.00 0.00 0.00 0.00 0.00 0.00 0.00
19.00 12.00 7.00 23.00 56.00 16.00 33.00 0.10 1.84 0.00 0.00 0.00 4.00 7.00 8.00 5.00 9.00 3.00 0.00 0.00 0.00 0.00 0.00
20.00 14.00 8.00 25.00 63.00 17.00 38.00 0.08 3.84 0.00 0.00 0.00 2.00 7.00 12.00 7.00 11.00 3.00 0.00 0.00 0.00 0.00 0.00
21.00 7.00 0.00 9.00 31.00 9.00 22.00 0.09 2.38 0.00 0.00 0.00 3.00 6.00 4.00 1.00 7.00 0.00 0.00 0.00 0.00 0.00 0.00
22.00 19.00 16.00 43.00 90.00 27.00 47.00 0.08 1.84 0.00 1.00 0.00 7.00 12.00 12.00 7.00 16.00 3.00 0.00 0.00 0.00 0.00 0.00
23.00 14.00 12.00 29.00 65.00 17.00 36.00 0.09 2.05 0.00 0.00 0.00 3.00 9.00 11.00 5.00 11.00 3.00 0.00 0.00 0.00 0.00 0.00
24.00 17.00 15.00 36.00 83.00 21.00 47.00 0.08 3.75 0.00 0.00 0.00 3.00 8.00 14.00 9.00 11.00 6.00 0.00 0.00 0.00 1.00 0.00
25.00 8.00 5.00 16.00 36.00 11.00 20.00 0.09 5.50 0.00 0.00 0.00 4.00 6.00 4.00 2.00 7.00 1.00 0.00 0.00 0.00 0.00 0.00
26.00 11.00 4.00 24.00 54.00 20.00 30.00 0.09 4.70 0.00 0.00 0.00 4.00 9.00 7.00 2.00 10.00 1.00 0.00 0.00 0.00 0.00 0.00
27.00 11.00 2.00 20.00 51.00 18.00 31.00 0.08 4.96 0.00 0.00 0.00 4.00 9.00 7.00 2.00 11.00 0.00 0.00 0.00 0.00 0.00 0.00
28.00 16.00 13.00 37.00 79.00 24.00 42.00 0.09 2.93 1.00 0.00 0.00 3.00 8.00 13.00 8.00 11.00 5.00 0.00 0.00 0.00 0.00 0.00
29.00 18.00 16.00 37.00 82.00 21.00 45.00 0.09 4.75 1.00 0.00 0.00 6.00 12.00 12.00 6.00 14.00 4.00 0.00 0.00 0.00 0.00 0.00
30.00 15.00 11.00 35.00 73.00 24.00 38.00 0.08 2.76 1.00 0.00 0.00 5.00 10.00 10.00 5.00 13.00 2.00 0.00 0.00 0.00 0.00 0.00
31.00 11.00 6.00 24.00 58.00 18.00 34.00 0.06 2.86 1.00 1.00 1.00 5.00 9.00 6.00 2.00 10.00 1.00 0.00 0.00 0.00 0.00 0.00
32.00 14.00 7.00 24.00 71.00 17.00 47.00 0.08 5.14 0.00 1.00 0.00 5.00 9.00 9.00 5.00 11.00 3.00 0.00 0.00 0.00 0.00 0.00
33.00 10.00 6.00 20.00 45.00 14.00 25.00 0.09 3.10 0.00 0.00 0.00 2.00 3.00 8.00 7.00 5.00 5.00 0.00 0.00 0.00 0.00 0.00
34.00 19.00 13.00 46.00 95.00 33.00 49.00 0.08 3.76 1.00 0.00 0.00 7.00 13.00 12.00 6.00 15.00 4.00 0.00 0.00 0.00 0.00 0.00
35.00 15.00 5.00 23.00 65.00 18.00 42.00 0.08 5.83 1.00 0.00 0.00 5.00 11.00 10.00 4.00 14.00 1.00 1.00 0.00 0.00 0.00 0.00
36.00 20.00 8.00 44.00 95.00 36.00 51.00 0.08 3.60 1.00 1.00 1.00 5.00 11.00 15.00 9.00 12.00 8.00 0.00 0.00 0.00 0.00 0.00
37.00 20.00 13.00 46.00 101.00 33.00 55.00 0.07 2.90 1.00 0.00 0.00 4.00 11.00 16.00 9.00 13.00 7.00 0.00 0.00 0.00 0.00 0.00
38.00 19.00 14.00 43.00 94.00 29.00 51.00 0.08 2.93 1.00 1.00 1.00 8.00 10.00 11.00 9.00 16.00 3.00 0.00 0.00 0.00 0.00 0.00
39.00 24.00 15.00 52.00 125.00 37.00 73.00 0.09 3.83 1.00 0.00 0.00 5.00 13.00 19.00 11.00 18.00 6.00 1.00 0.00 0.00 0.00 0.00
40.00 22.00 15.00 52.00 108.00 37.00 56.00 0.10 2.75 0.00 1.00 0.00 6.00 13.00 16.00 9.00 15.00 7.00 1.00 0.00 0.00 0.00 0.00
41.00 22.00 8.00 35.00 102.00 27.00 67.00 0.08 3.24 0.00 2.00 0.00 4.00 13.00 18.00 9.00 15.00 7.00 1.00 0.00 0.00 0.00 0.00
42.00 20.00 7.00 40.00 105.00 33.00 65.00 0.09 4.13 0.00 2.00 0.00 5.00 11.00 15.00 9.00 17.00 3.00 0.00 0.00 0.00 0.00 0.00
43.00 12.00 1.00 17.00 52.00 16.00 35.00 0.08 0.62 0.00 0.00 0.00 5.00 8.00 7.00 4.00 10.00 2.00 0.00 0.00 0.00 0.00 0.00
44.00 18.00 2.00 35.00 80.00 33.00 45.00 0.09 3.17 0.00 1.00 0.00 9.00 13.00 9.00 5.00 15.00 3.00 0.00 0.00 0.00 0.00 0.00
45.00 25.00 8.00 53.00 125.00 45.00 72.00 0.08 2.50 0.00 0.00 0.00 9.00 13.00 16.00 12.00 16.00 9.00 0.00 0.00 0.00 0.00 0.00
46.00 25.00 20.00 67.00 129.00 47.00 62.00 0.07 4.24 0.00 2.00 0.00 7.00 13.00 18.00 12.00 19.00 6.00 0.00 0.00 0.00 0.00 0.00
47.00 19.00 10.00 41.00 89.00 31.00 48.00 0.09 1.90 0.00 1.00 0.00 6.00 11.00 13.00 8.00 14.00 5.00 0.00 0.00 0.00 1.00 0.00
48.00 22.00 9.00 57.00 120.00 48.00 63.00 0.09 3.86 0.00 1.00 0.00 7.00 15.00 15.00 7.00 18.00 4.00 0.00 0.00 0.00 0.00 0.00
49.00 31.00 25.00 83.00 155.00 58.00 72.00 0.09 5.02 0.00 1.00 0.00 11.00 18.00 20.00 13.00 23.00 8.00 0.00 0.00 0.00 1.00 0.00
50.00 26.00 18.00 60.00 139.00 42.00 79.00 0.08 4.47 0.00 0.00 0.00 8.00 15.00 18.00 11.00 19.00 7.00 1.00 0.00 0.00 1.00 0.00
51.00 29.00 22.00 74.00 151.00 52.00 77.00 0.09 5.46 0.00 0.00 0.00 3.00 10.00 26.00 19.00 19.00 10.00 0.00 0.00 0.00 0.00 0.00
52.00 24.00 20.00 55.00 118.00 35.00 63.00 0.08 6.09 0.00 1.00 0.00 9.00 15.00 15.00 9.00 18.00 6.00 0.00 0.00 0.00 0.00 0.00
53.00 28.00 21.00 68.00 140.00 47.00 72.00 0.08 3.40 0.00 0.00 0.00 10.00 17.00 18.00 11.00 21.00 7.00 0.00 0.00 0.00 0.00 0.00
54.00 19.00 10.00 51.00 104.00 41.00 53.00 0.10 1.77 0.00 0.00 0.00 4.00 13.00 15.00 6.00 15.00 4.00 0.00 0.00 0.00 0.00 0.00
55.00 25.00 11.00 62.00 141.00 51.00 79.00 0.07 4.07 0.00 0.00 0.00 7.00 14.00 18.00 11.00 17.00 8.00 1.00 0.00 1.00 0.00 0.00
56.00 28.00 21.00 79.00 147.00 58.00 68.00 0.09 3.93 0.00 0.00 0.00 6.00 13.00 22.00 15.00 19.00 9.00 1.00 0.00 1.00 0.00 0.00
57.00 25.00 11.00 59.00 134.00 48.00 75.00 0.08 2.77 0.00 1.00 0.00 6.00 13.00 19.00 12.00 20.00 5.00 0.00 0.00 0.00 0.00 0.00
58.00 21.00 5.00 40.00 116.00 35.00 76.00 0.09 4.16 0.00 1.00 0.00 4.00 10.00 17.00 11.00 13.00 8.00 2.00 0.00 0.00 0.00 0.00
59.00 17.00 7.00 39.00 85.00 32.00 46.00 0.09 2.86 0.00 0.00 0.00 6.00 9.00 11.00 8.00 13.00 4.00 1.00 0.00 0.00 0.00 0.00
60.00 22.00 12.00 47.00 113.00 35.00 66.00 0.08 4.49 0.00 0.00 0.00 8.00 14.00 14.00 8.00 18.00 4.00 0.00 0.00 0.00 0.00 0.00
61.00 21.00 17.00 51.00 102.00 34.00 51.00 0.10 4.21 0.00 1.00 0.00 6.00 10.00 15.00 11.00 17.00 4.00 1.00 0.00 0.00 0.00 0.00
62.00 30.00 24.00 77.00 158.00 53.00 81.00 0.09 5.10 0.00 0.00 0.00 10.00 18.00 20.00 12.00 24.00 6.00 1.00 0.00 0.00 0.00 0.00
63.00 14.00 5.00 23.00 68.00 18.00 45.00 0.09 3.90 0.00 0.00 0.00 1.00 4.00 13.00 10.00 9.00 5.00 1.00 0.00 1.00 0.00 0.00
64.00 12.00 6.00 20.00 61.00 14.00 41.00 0.10 4.20 0.00 0.00 0.00 6.00 9.00 6.00 3.00 11.00 1.00 0.00 0.00 1.00 0.00 0.00
65.00 27.00 17.00 72.00 142.00 55.00 70.00 0.07 3.12 0.00 0.00 0.00 5.00 15.00 22.00 12.00 19.00 8.00 1.00 0.00 0.00 0.00 0.00
66.00 25.00 17.00 73.00 126.00 56.00 53.00 0.09 3.92 0.00 0.00 0.00 6.00 12.00 19.00 13.00 17.00 8.00 1.00 0.00 1.00 0.00 0.00
67.00 29.00 22.00 92.00 146.00 70.00 54.00 0.08 4.40 0.00 0.00 0.00 6.00 16.00 23.00 13.00 20.00 9.00 0.00 0.00 0.00 0.00 0.00
68.00 27.00 17.00 73.00 144.00 56.00 71.00 0.08 4.83 0.00 0.00 0.00 7.00 12.00 20.00 15.00 14.00 13.00 1.00 0.00 0.00 0.00 0.00
69.00 21.00 10.00 49.00 105.00 39.00 56.00 0.10 3.28 0.00 0.00 0.00 8.00 11.00 13.00 10.00 18.00 3.00 1.00 0.00 0.00 0.00 0.00
70.00 22.00 13.00 47.00 112.00 34.00 65.00 0.11 2.54 0.00 0.00 0.00 5.00 11.00 17.00 11.00 21.00 1.00 0.00 0.00 0.00 0.00 0.00
71.00 22.00 10.00 56.00 106.00 46.00 50.00 0.08 1.80 0.00 1.00 0.00 8.00 12.00 14.00 10.00 18.00 4.00 0.00 0.00 1.00 0.00 0.00
72.00 21.00 7.00 44.00 105.00 37.00 61.00 0.09 1.97 0.00 0.00 0.00 8.00 11.00 13.00 10.00 16.00 5.00 1.00 0.00 0.00 1.00 0.00
73.00 21.00 16.00 62.00 111.00 46.00 49.00 0.09 3.05 0.00 0.00 0.00 5.00 10.00 16.00 11.00 14.00 7.00 1.00 0.00 0.00 0.00 0.00
74.00 8.00 1.00 14.00 38.00 13.00 24.00 0.10 0.23 0.00 0.00 0.00 2.00 5.00 6.00 3.00 7.00 1.00 0.00 0.00 2.00 0.00 0.00
75.00 22.00 13.00 51.00 109.00 38.00 58.00 0.10 2.91 0.00 1.00 0.00 6.00 12.00 16.00 10.00 17.00 5.00 1.00 0.00 0.00 0.00 0.00
76.00 22.00 10.00 55.00 120.00 45.00 65.00 0.09 3.56 1.00 0.00 0.00 6.00 12.00 16.00 10.00 19.00 3.00 1.00 0.00 0.00 0.00 0.00
77.00 21.00 10.00 46.00 98.00 36.00 52.00 0.08 3.84 0.00 0.00 0.00 8.00 13.00 13.00 8.00 16.00 5.00 1.00 0.00 0.00 1.00 0.00
78.00 18.00 3.00 35.00 92.00 32.00 57.00 0.09 4.00 0.00 0.00 0.00 7.00 9.00 11.00 9.00 12.00 6.00 0.00 0.00 0.00 0.00 0.00
79.00 20.00 12.00 50.00 102.00 38.00 52.00 0.08 2.65 0.00 0.00 0.00 6.00 13.00 14.00 7.00 14.00 6.00 0.00 0.00 0.00 0.00 0.00
80.00 14.00 8.00 29.00 72.00 21.00 43.00 0.08 3.68 0.00 0.00 0.00 2.00 8.00 12.00 6.00 11.00 3.00 1.00 0.00 0.00 0.00 0.00
81.00 17.00 4.00 29.00 78.00 25.00 49.00 0.08 3.54 0.00 0.00 0.00 7.00 13.00 10.00 4.00 15.00 2.00 0.00 0.00 0.00 0.00 0.00
82.00 20.00 9.00 48.00 109.00 39.00 61.00 0.07 3.09 0.00 0.00 0.00 7.00 14.00 13.00 6.00 16.00 4.00 1.00 0.00 0.00 0.00 0.00
83.00 12.00 6.00 20.00 61.00 14.00 41.00 0.09 2.04 0.00 0.00 0.00 4.00 7.00 8.00 5.00 11.00 1.00 1.00 0.00 0.00 0.00 0.00
84.00 17.00 9.00 35.00 90.00 26.00 55.00 0.08 3.20 0.00 1.00 0.00 6.00 9.00 11.00 8.00 14.00 3.00 1.00 0.00 0.00 0.00 0.00
85.00 19.00 7.00 42.00 106.00 35.00 64.00 0.08 2.96 0.00 0.00 0.00 5.00 11.00 14.00 8.00 15.00 4.00 1.00 0.00 0.00 0.00 0.00
86.00 22.00 11.00 54.00 120.00 43.00 66.00 0.09 2.93 0.00 0.00 0.00 7.00 11.00 15.00 11.00 16.00 6.00 0.00 0.00 0.00 0.00 0.00
87.00 16.00 13.00 38.00 74.00 25.00 36.00 0.09 3.72 0.00 0.00 0.00 4.00 5.00 12.00 11.00 10.00 6.00 0.00 0.00 0.00 0.00 0.00
88.00 11.00 1.00 15.00 51.00 14.00 36.00 0.08 4.69 1.00 0.00 0.00 3.00 10.00 8.00 1.00 11.00 0.00 0.00 0.00 0.00 0.00 0.00
89.00 23.00 16.00 61.00 122.00 45.00 61.00 0.08 4.29 1.00 0.00 0.00 7.00 13.00 16.00 10.00 14.00 9.00 1.00 0.00 0.00 0.00 0.00
90.00 18.00 7.00 35.00 99.00 28.00 64.00 0.09 4.01 0.00 0.00 0.00 5.00 9.00 13.00 9.00 13.00 5.00 1.00 0.00 0.00 0.00 0.00
91.00 20.00 13.00 42.00 103.00 29.00 61.00 0.08 4.48 0.00 0.00 0.00 5.00 12.00 15.00 8.00 15.00 5.00 1.00 0.00 0.00 0.00 0.00
92.00 20.00 15.00 45.00 91.00 30.00 46.00 0.09 2.31 0.00 1.00 0.00 2.00 12.00 18.00 8.00 14.00 6.00 0.00 0.00 0.00 0.00 0.00
93.00 21.00 14.00 48.00 102.00 34.00 54.00 0.08 3.63 0.00 1.00 0.00 8.00 13.00 13.00 8.00 13.00 8.00 1.00 0.00 0.00 0.00 0.00
94.00 14.00 12.00 32.00 70.00 20.00 38.00 0.08 3.02 0.00 1.00 0.00 4.00 8.00 10.00 6.00 10.00 4.00 1.00 0.00 0.00 0.00 0.00
95.00 11.00 2.00 15.00 49.00 13.00 34.00 0.08 2.28 0.00 0.00 0.00 3.00 6.00 8.00 5.00 9.00 2.00 1.00 0.00 0.00 0.00 0.00
96.00 20.00 14.00 47.00 100.00 33.00 53.00 0.08 2.51 0.00 0.00 0.00 5.00 15.00 15.00 5.00 18.00 2.00 1.00 0.00 0.00 0.00 0.00
97.00 18.00 15.00 38.00 80.00 23.00 42.00 0.08 3.33 0.00 0.00 0.00 7.00 13.00 11.00 5.00 16.00 2.00 1.00 0.00 0.00 0.00 0.00
98.00 18.00 9.00 34.00 88.00 25.00 54.00 0.09 1.85 0.00 0.00 0.00 7.00 11.00 11.00 7.00 13.00 5.00 0.00 0.00 0.00 0.00 0.00
99.00 17.00 5.00 40.00 85.00 35.00 45.00 0.07 3.52 0.00 1.00 0.00 4.00 9.00 13.00 8.00 11.00 6.00 1.00 0.00 0.00 0.00 0.00
100.00 16.00 16.00 36.00 83.00 20.00 47.00 0.09 3.49 0.00 0.00 0.00 3.00 5.00 13.00 11.00 10.00 6.00 0.00 0.00 0.00 0.00 0.00
101.00 15.00 10.00 31.00 81.00 21.00 50.00 0.08 2.72 0.00 0.00 0.00 7.00 9.00 8.00 6.00 14.00 1.00 1.00 0.00 1.00 0.00 0.00
102.00 14.00 14.00 32.00 64.00 18.00 32.00 0.09 3.07 0.00 1.00 0.00 3.00 8.00 11.00 6.00 11.00 3.00 0.00 0.00 0.00 0.00 0.00
103.00 18.00 11.00 41.00 89.00 30.00 48.00 0.08 4.40 0.00 0.00 0.00 11.00 12.00 7.00 6.00 14.00 4.00 1.00 0.00 0.00 0.00 0.00
104.00 17.00 6.00 37.00 84.00 31.00 47.00 0.08 2.60 0.00 0.00 0.00 5.00 12.00 12.00 5.00 14.00 3.00 1.00 0.00 0.00 0.00 0.00
105.00 13.00 4.00 25.00 59.00 21.00 34.00 0.08 3.20 0.00 0.00 0.00 3.00 8.00 10.00 5.00 10.00 3.00 1.00 0.00 0.00 0.00 0.00
106.00 16.00 11.00 35.00 71.00 24.00 36.00 0.08 2.24 0.00 1.00 0.00 5.00 9.00 11.00 7.00 12.00 4.00 1.00 0.00 0.00 0.00 0.00
107.00 23.00 19.00 57.00 115.00 38.00 58.00 0.10 1.85 0.00 1.00 0.00 7.00 12.00 16.00 11.00 14.00 9.00 1.00 0.00 0.00 0.00 0.00
108.00 22.00 9.00 52.00 115.00 43.00 63.00 0.10 3.06 0.00 0.00 0.00 6.00 12.00 16.00 10.00 13.00 9.00 1.00 0.00 0.00 0.00 0.00
109.00 23.00 18.00 54.00 110.00 36.00 56.00 0.08 2.51 0.00 1.00 0.00 6.00 15.00 17.00 8.00 18.00 5.00 1.00 0.00 0.00 0.00 0.00
110.00 21.00 11.00 45.00 102.00 34.00 57.00 0.08 1.87 0.00 1.00 0.00 3.00 10.00 18.00 11.00 14.00 7.00 0.00 0.00 0.00 0.00 0.00
111.00 23.00 20.00 50.00 108.00 30.00 58.00 0.08 2.80 1.00 0.00 0.00 5.00 11.00 18.00 12.00 14.00 9.00 1.00 0.00 0.00 0.00 0.00
112.00 12.00 1.00 17.00 59.00 16.00 42.00 0.08 3.25 0.00 0.00 0.00 6.00 9.00 6.00 3.00 9.00 3.00 0.00 0.00 0.00 0.00 0.00
113.00 13.00 7.00 19.00 56.00 12.00 37.00 0.09 4.68 0.00 1.00 0.00 6.00 8.00 7.00 5.00 11.00 2.00 0.00 0.00 0.00 0.00 1.00
114.00 17.00 15.00 38.00 83.00 23.00 45.00 0.09 3.72 1.00 1.00 1.00 4.00 6.00 13.00 11.00 12.00 5.00 1.00 0.00 0.00 0.00 0.00
115.00 16.00 13.00 36.00 71.00 23.00 35.00 0.09 3.32 0.00 0.00 0.00 6.00 10.00 10.00 6.00 14.00 2.00 1.00 0.00 0.00 0.00 0.00
116.00 19.00 16.00 46.00 100.00 30.00 54.00 0.09 2.98 0.00 0.00 0.00 3.00 8.00 16.00 11.00 11.00 8.00 1.00 0.00 0.00 0.00 0.00
117.00 20.00 14.00 49.00 98.00 35.00 49.00 0.08 3.93 0.00 0.00 0.00 6.00 7.00 14.00 13.00 14.00 6.00 1.00 0.00 0.00 0.00 0.00
118.00 18.00 10.00 32.00 85.00 22.00 53.00 0.08 4.58 0.00 0.00 0.00 5.00 11.00 13.00 7.00 14.00 4.00 0.00 0.00 0.00 0.00 0.00
119.00 17.00 11.00 48.00 85.00 37.00 37.00 0.09 2.81 1.00 2.00 0.50 4.00 11.00 13.00 6.00 14.00 3.00 0.00 0.00 0.00 0.00 0.00
120.00 16.00 10.00 34.00 76.00 24.00 42.00 0.08 3.21 0.00 1.00 0.00 4.00 5.00 12.00 11.00 11.00 5.00 1.00 0.00 0.00 0.00 0.00
121.00 16.00 14.00 38.00 80.00 24.00 42.00 0.09 3.87 1.00 0.00 0.00 8.00 11.00 8.00 5.00 14.00 2.00 1.00 0.00 0.00 0.00 0.00
122.00 17.00 13.00 45.00 88.00 32.00 43.00 0.08 3.03 0.00 0.00 0.00 5.00 11.00 12.00 6.00 13.00 4.00 0.00 0.00 0.00 0.00 0.00
123.00 14.00 11.00 31.00 70.00 20.00 39.00 0.08 3.11 0.00 0.00 0.00 4.00 10.00 10.00 4.00 11.00 3.00 0.00 0.00 0.00 0.00 0.00
124.00 13.00 10.00 28.00 59.00 18.00 31.00 0.06 3.80 0.00 0.00 0.00 4.00 8.00 9.00 5.00 9.00 4.00 0.00 0.00 0.00 1.00 0.00
125.00 19.00 16.00 42.00 90.00 26.00 48.00 0.09 3.41 0.00 0.00 0.00 9.00 14.00 10.00 5.00 14.00 5.00 0.00 0.00 1.00 1.00 0.00
126.00 14.00 9.00 31.00 67.00 22.00 36.00 0.08 3.21 0.00 0.00 0.00 4.00 6.00 10.00 8.00 10.00 4.00 0.00 0.00 0.00 0.00 0.00
127.00 8.00 3.00 11.00 34.00 8.00 23.00 0.08 1.92 0.00 0.00 0.00 3.00 5.00 5.00 3.00 7.00 1.00 0.00 0.00 0.00 0.00 0.00
128.00 13.00 10.00 27.00 59.00 17.00 32.00 0.08 4.20 0.00 0.00 0.00 5.00 9.00 8.00 4.00 12.00 1.00 0.00 0.00 0.00 0.00 0.00
129.00 12.00 7.00 28.00 59.00 21.00 31.00 0.09 4.77 0.00 0.00 0.00 5.00 6.00 7.00 6.00 9.00 3.00 0.00 0.00 0.00 0.00 0.00
130.00 18.00 14.00 39.00 85.00 25.00 46.00 0.11 5.33 0.00 0.00 0.00 5.00 7.00 13.00 11.00 12.00 6.00 0.00 0.00 0.00 0.00 0.00
131.00 18.00 18.00 43.00 87.00 25.00 44.00 0.10 4.31 0.00 0.00 0.00 3.00 8.00 15.00 10.00 11.00 7.00 0.00 0.00 0.00 0.00 0.00
132.00 15.00 12.00 36.00 74.00 24.00 38.00 0.09 5.00 0.00 0.00 0.00 2.00 7.00 13.00 8.00 9.00 6.00 0.00 0.00 0.00 0.00 0.00
133.00 12.00 6.00 24.00 60.00 18.00 36.00 0.08 4.47 1.00 0.00 0.00 7.00 9.00 5.00 3.00 11.00 1.00 0.00 0.00 0.00 0.00 0.00
134.00 9.00 4.00 15.00 41.00 11.00 26.00 0.07 4.20 0.00 0.00 0.00 3.00 4.00 6.00 5.00 6.00 3.00 0.00 0.00 0.00 0.00 0.00
135.00 15.00 5.00 26.00 65.00 21.00 39.00 0.09 4.10 0.00 0.00 0.00 7.00 9.00 8.00 6.00 12.00 3.00 0.00 0.00 0.00 0.00 0.00
136.00 20.00 18.00 51.00 98.00 33.00 47.00 0.09 3.85 0.00 0.00 0.00 3.00 10.00 17.00 10.00 15.00 5.00 0.00 0.00 1.00 0.00 0.00
137.00 10.00 6.00 19.00 47.00 13.00 28.00 0.09 4.30 0.00 0.00 0.00 2.00 4.00 8.00 6.00 6.00 4.00 0.00 0.00 1.00 0.00 0.00
138.00 15.00 12.00 39.00 81.00 27.00 42.00 0.07 4.22 0.00 0.00 0.00 2.00 9.00 13.00 6.00 10.00 5.00 0.00 0.00 0.00 0.00 0.00
139.00 10.00 3.00 19.00 40.00 16.00 21.00 0.08 0.50 0.00 0.00 0.00 3.00 6.00 7.00 4.00 9.00 1.00 0.00 0.00 0.00 0.00 0.00
140.00 16.00 11.00 33.00 74.00 22.00 41.00 0.09 4.90 1.00 0.00 0.00 6.00 12.00 10.00 4.00 13.00 3.00 0.00 0.00 0.00 0.00 0.00
141.00 16.00 12.00 34.00 84.00 22.00 50.00 0.08 5.11 0.00 0.00 0.00 4.00 8.00 12.00 8.00 9.00 7.00 0.00 0.00 2.00 0.00 0.00
142.00 13.00 11.00 28.00 58.00 17.00 30.00 0.09 4.25 0.00 0.00 0.00 4.00 8.00 9.00 5.00 10.00 3.00 0.00 0.00 1.00 0.00 0.00
143.00 9.00 0.00 7.00 37.00 7.00 30.00 0.07 3.66 0.00 0.00 0.00 4.00 8.00 5.00 1.00 8.00 1.00 0.00 0.00 1.00 0.00 0.00
144.00 13.00 8.00 28.00 63.00 20.00 35.00 0.08 4.51 0.00 0.00 0.00 5.00 6.00 8.00 7.00 9.00 4.00 0.00 0.00 0.00 0.00 0.00
145.00 6.00 3.00 7.00 23.00 4.00 16.00 0.09 2.79 0.00 0.00 0.00 1.00 4.00 5.00 2.00 5.00 1.00 0.00 0.00 0.00 0.00 0.00
146.00 5.00 2.00 8.00 22.00 6.00 14.00 0.10 5.10 0.00 0.00 0.00 1.00 1.00 4.00 4.00 4.00 1.00 0.00 0.00 0.00 0.00 0.00
147.00 15.00 12.00 30.00 66.00 18.00 36.00 0.08 3.26 0.00 0.00 0.00 5.00 9.00 10.00 6.00 11.00 4.00 0.00 0.00 0.00 0.00 0.00
148.00 11.00 6.00 22.00 51.00 16.00 29.00 0.08 3.68 0.00 0.00 0.00 3.00 5.00 8.00 6.00 8.00 3.00 0.00 0.00 0.00 0.00 0.00
149.00 11.00 8.00 22.00 49.00 14.00 27.00 0.09 3.61 0.00 0.00 0.00 4.00 4.00 7.00 7.00 7.00 4.00 0.00 0.00 0.00 0.00 0.00
150.00 7.00 0.00 5.00 33.00 5.00 28.00 0.09 5.09 0.00 0.00 0.00 1.00 5.00 6.00 2.00 6.00 1.00 0.00 0.00 0.00 0.00 0.00
151.00 6.00 3.00 10.00 26.00 7.00 16.00 0.08 0.18 0.00 0.00 0.00 0.00 2.00 6.00 4.00 6.00 0.00 0.00 0.00 0.00 0.00 0.00
152.00 5.00 0.00 3.00 19.00 3.00 16.00 0.09 3.12 0.00 0.00 0.00 2.00 5.00 3.00 0.00 5.00 0.00 0.00 0.00 0.00 0.00 0.00
153.00 8.00 1.00 11.00 30.00 10.00 19.00 0.11 3.83 0.00 0.00 0.00 4.00 6.00 4.00 2.00 7.00 1.00 0.00 0.00 0.00 0.00 0.00
154.00 6.00 0.00 6.00 23.00 6.00 17.00 0.08 4.18 0.00 0.00 0.00 2.00 4.00 4.00 2.00 6.00 0.00 0.00 0.00 0.00 0.00 0.00
155.00 8.00 1.00 6.00 31.00 5.00 25.00 0.08 3.17 0.00 0.00 0.00 4.00 4.00 4.00 4.00 8.00 0.00 0.00 0.00 1.00 0.00 0.00
156.00 8.00 4.00 12.00 37.00 8.00 25.00 0.10 5.71 0.00 0.00 0.00 4.00 6.00 4.00 2.00 8.00 0.00 0.00 0.00 1.00 0.00 0.00
157.00 7.00 4.00 12.00 31.00 8.00 19.00 0.10 5.00 0.00 0.00 0.00 4.00 6.00 3.00 1.00 6.00 1.00 0.00 0.00 0.00 0.00 0.00
158.00 6.00 3.00 10.00 25.00 7.00 15.00 0.10 3.87 0.00 0.00 0.00 3.00 5.00 3.00 1.00 6.00 0.00 0.00 0.00 0.00 0.00 0.00
159.00 4.00 0.00 3.00 13.00 3.00 10.00 0.07 4.54 0.00 0.00 0.00 2.00 4.00 2.00 0.00 4.00 0.00 0.00 0.00 0.00 0.00 0.00
160.00 3.00 0.00 2.00 8.00 2.00 6.00 0.09 0.15 0.00 0.00 0.00 2.00 3.00 1.00 0.00 3.00 0.00 0.00 0.00 0.00 0.00 0.00
161.00 6.00 1.00 6.00 25.00 5.00 19.00 0.09 0.36 0.00 0.00 0.00 1.00 4.00 5.00 2.00 5.00 1.00 0.00 0.00 0.00 0.00 0.00
162.00 3.00 0.00 0.00 0.00 0.00 0.00 0.09 0.46 0.00 0.00 0.00 2.00 3.00 1.00 0.00 3.00 0.00 0.00 0.00 0.00 0.00 0.00
163.00 2.00 0.00 0.00 0.00 0.00 0.00 0.09 0.27 0.00 0.00 0.00 2.00 2.00 0.00 0.00 2.00 0.00 0.00 0.00 0.00 0.00 0.00
