0.00 2.00 0.00 0.00 1.00 0.00 1.00 0.09 0.14 0.00 0.00 0.00 2.00 2.00 0.00 0.00 2.00 0.00 0.00 0.00 0.00 0.00 0.00
1.00 3.00 0.00 0.00 4.00 0.00 4.00 0.09 0.28 0.00 0.00 0.00 2.00 3.00 1.00 0.00 3.00 0.00 0.00 0.00 0.00 0.00 0.00
2.00 3.00 0.00 1.00 6.00 1.00 5.00 0.08 4.91 0.00 0.00 0.00 2.00 3.00 1.00 0.00 3.00 0.00 0.00 0.00 0.00 0.00 0.00
3.00 4.00 0.00 2.00 14.00 2.00 12.00 0.08 3.72 0.00 0.00 0.00 3.00 3.00 1.00 1.00 4.00 0.00 0.00 0.00 0.00 0.00 0.00
4.00 5.00 2.00 5.00 16.00 3.00 11.00 0.08 4.94 0.00 0.00 0.00 2.00 3.00 3.00 2.00 5.00 0.00 0.00 0.00 0.00 0.00 0.00
5.00 4.00 0.00 2.00 14.00 2.00 12.00 0.07 3.57 0.00 0.00 0.00 1.00 3.00 3.00 1.00 4.00 0.00 0.00 0.00 0.00 0.00 0.00
6.00 11.00 4.00 16.00 45.00 12.00 29.00 0.09 5.05 0.00 0.00 0.00 2.00 5.00 9.00 6.00 7.00 4.00 0.00 0.00 0.00 0.00 0.00
7.00 8.00 3.00 13.00 32.00 10.00 19.00 0.08 2.72 0.00 1.00 0.00 4.00 6.00 4.00 2.00 8.00 0.00 0.00 0.00 0.00 0.00 0.00
8.00 12.00 10.00 26.00 56.00 16.00 30.00 0.09 4.89 0.00 1.00 0.00 2.00 5.00 10.00 7.00 9.00 3.00 0.00 0.00 0.00 0.00 0.00
9.00 8.00 4.00 15.00 33.00 11.00 18.00 0.08 3.84 0.00 0.00 0.00 3.00 5.00 5.00 3.00 6.00 2.00 0.00 0.00 0.00 0.00 0.00
10.00 4.00 1.00 5.00 13.00 4.00 8.00 0.08 0.15 0.00 0.00 0.00 2.00 4.00 2.00 0.00 4.00 0.00 0.00 0.00 0.00 0.00 0.00
11.00 9.00 7.00 20.00 45.00 13.00 25.00 0.10 4.68 0.00 0.00 0.00 3.00 5.00 6.00 4.00 7.00 2.00 0.00 0.00 0.00 0.00 0.00
12.00 8.00 3.00 16.00 36.00 13.00 20.00 0.08 4.13 0.00 1.00 0.00 4.00 6.00 4.00 2.00 8.00 0.00 0.00 0.00 0.00 0.00 0.00
13.00 12.00 11.00 27.00 55.00 16.00 28.00 0.09 4.00 0.00 1.00 0.00 6.00 9.00 6.00 3.00 10.00 2.00 0.00 0.00 0.00 0.00 0.00
14.00 15.00 12.00 31.00 62.00 19.00 31.00 0.09 5.57 0.00 0.00 0.00 3.00 10.00 12.00 5.00 13.00 2.00 0.00 0.00 0.00 0.00 0.00
15.00 17.00 12.00 38.00 83.00 26.00 45.00 0.09 4.82 0.00 1.00 0.00 7.00 10.00 10.00 7.00 13.00 4.00 0.00 0.00 0.00 0.00 0.00
16.00 10.00 7.00 21.00 48.00 14.00 27.00 0.10 4.82 0.00 2.00 0.00 2.00 5.00 8.00 5.00 8.00 2.00 0.00 0.00 0.00 0.00 0.00
17.00 15.00 12.00 31.00 68.00 19.00 37.00 0.08 4.55 0.00 2.00 0.00 2.00 8.00 13.00 7.00 12.00 3.00 0.00 0.00 0.00 0.00 0.00
18.00 12.00 6.00 22.00 57.00 16.00 35.00 0.07 4.16 0.00 1.00 0.00 3.00 8.00 9.00 4.00 10.00 2.00 0.00 0.00 0.00 0.00 0.00
19.00 12.00 4.00 19.00 59.00 15.00 40.00 0.09 4.39 0.00 1.00 0.00 2.00 4.00 10.00 8.00 7.00 5.00 0.00 0.00 0.00 0.00 0.00
20.00 14.00 10.00 34.00 69.00 24.00 35.00 0.07 2.61 0.00 1.00 0.00 5.00 6.00 9.00 8.00 8.00 6.00 0.00 0.00 0.00 0.00 0.00
21.00 14.00 7.00 30.00 60.00 23.00 30.00 0.08 4.67 0.00 0.00 0.00 3.00 7.00 11.00 7.00 13.00 1.00 0.00 0.00 1.00 0.00 0.00
22.00 13.00 8.00 25.00 63.00 17.00 38.00 0.09 3.70 0.00 0.00 0.00 1.00 7.00 12.00 6.00 10.00 3.00 0.00 0.00 0.00 0.00 0.00
23.00 17.00 12.00 42.00 85.00 30.00 43.00 0.08 3.98 0.00 1.00 0.00 3.00 8.00 14.00 9.00 13.00 4.00 0.00 0.00 0.00 0.00 0.00
24.00 10.00 7.00 23.00 52.00 16.00 29.00 0.08 2.02 0.00 1.00 0.00 0.00 2.00 10.00 8.00 5.00 5.00 0.00 0.00 0.00 0.00 0.00
25.00 11.00 9.00 23.00 46.00 14.00 23.00 0.07 3.15 0.00 1.00 0.00 4.00 5.00 7.00 6.00 6.00 5.00 0.00 0.00 0.00 0.00 0.00
26.00 12.00 6.00 22.00 60.00 16.00 38.00 0.09 2.86 0.00 0.00 0.00 2.00 9.00 10.00 3.00 11.00 1.00 0.00 0.00 0.00 0.00 0.00
27.00 13.00 11.00 30.00 63.00 19.00 33.00 0.09 2.74 0.00 0.00 0.00 2.00 5.00 11.00 8.00 9.00 4.00 0.00 0.00 0.00 0.00 0.00
28.00 15.00 5.00 28.00 72.00 23.00 44.00 0.08 2.57 0.00 0.00 0.00 4.00 11.00 11.00 4.00 13.00 2.00 0.00 0.00 1.00 0.00 0.00
29.00 13.00 11.00 31.00 65.00 20.00 34.00 0.08 2.64 0.00 0.00 0.00 4.00 8.00 9.00 5.00 9.00 4.00 0.00 0.00 0.00 0.00 0.00
30.00 13.00 8.00 28.00 62.00 20.00 34.00 0.08 0.45 0.00 0.00 0.00 4.00 8.00 9.00 5.00 9.00 4.00 0.00 0.00 1.00 0.00 0.00
31.00 19.00 20.00 43.00 92.00 23.00 49.00 0.08 2.78 0.00 0.00 0.00 4.00 10.00 15.00 9.00 17.00 2.00 0.00 0.00 0.00 0.00 0.00
32.00 21.00 17.00 53.00 106.00 36.00 53.00 0.09 2.69 0.00 1.00 0.00 6.00 8.00 15.00 13.00 16.00 5.00 0.00 0.00 0.00 0.00 0.00
33.00 23.00 23.00 59.00 110.00 36.00 51.00 0.08 3.00 0.00 1.00 0.00 6.00 11.00 17.00 12.00 16.00 7.00 0.00 0.00 0.00 0.00 0.00
34.00 18.00 16.00 45.00 92.00 29.00 47.00 0.09 3.85 0.00 1.00 0.00 4.00 9.00 14.00 9.00 15.00 3.00 0.00 0.00 0.00 0.00 0.00
35.00 19.00 12.00 44.00 91.00 32.00 47.00 0.08 2.25 0.00 2.00 0.00 5.00 13.00 14.00 6.00 17.00 2.00 0.00 0.00 0.00 0.00 0.00
36.00 16.00 15.00 37.00 76.00 22.00 39.00 0.08 2.45 0.00 1.00 0.00 4.00 10.00 12.00 6.00 13.00 3.00 0.00 0.00 0.00 0.00 0.00
37.00 20.00 23.00 53.00 99.00 30.00 46.00 0.06 2.64 0.00 1.00 0.00 7.00 10.00 13.00 10.00 13.00 7.00 0.00 0.00 0.00 0.00 0.00
38.00 20.00 16.00 55.00 106.00 39.00 51.00 0.08 1.97 0.00 1.00 0.00 3.00 9.00 17.00 11.00 13.00 7.00 0.00 0.00 0.00 0.00 0.00
39.00 12.00 3.00 16.00 53.00 13.00 37.00 0.08 0.63 0.00 1.00 0.00 5.00 7.00 7.00 5.00 9.00 3.00 0.00 0.00 0.00 0.00 0.00
40.00 20.00 13.00 45.00 97.00 32.00 52.00 0.08 2.75 0.00 1.00 0.00 4.00 7.00 16.00 13.00 14.00 6.00 0.00 0.00 0.00 0.00 0.00
41.00 17.00 12.00 43.00 87.00 31.00 44.00 0.09 2.28 0.00 2.00 0.00 5.00 9.00 12.00 8.00 13.00 4.00 0.00 0.00 1.00 0.00 0.00
42.00 22.00 18.00 56.00 114.00 38.00 58.00 0.08 4.01 0.00 1.00 0.00 7.00 13.00 15.00 9.00 17.00 5.00 0.00 0.00 2.00 0.00 0.00
43.00 23.00 24.00 57.00 104.00 33.00 47.00 0.09 3.45 0.00 1.00 0.00 4.00 12.00 19.00 11.00 14.00 9.00 0.00 0.00 2.00 0.00 0.00
44.00 20.00 14.00 43.00 97.00 29.00 54.00 0.10 3.25 0.00 1.00 0.00 6.00 10.00 14.00 10.00 14.00 6.00 0.00 0.00 1.00 0.00 0.00
45.00 21.00 14.00 49.00 109.00 35.00 60.00 0.07 2.00 0.00 0.00 0.00 5.00 12.00 16.00 9.00 15.00 6.00 0.00 0.00 1.00 0.00 0.00
46.00 26.00 21.00 56.00 117.00 35.00 61.00 0.08 2.68 0.00 0.00 0.00 9.00 13.00 17.00 13.00 15.00 11.00 0.00 0.00 0.00 0.00 0.00
47.00 13.00 7.00 29.00 61.00 22.00 32.00 0.10 0.56 0.00 0.00 0.00 3.00 7.00 10.00 6.00 10.00 3.00 0.00 0.00 1.00 0.00 0.00
48.00 22.00 12.00 54.00 119.00 42.00 65.00 0.08 2.03 0.00 0.00 0.00 11.00 13.00 11.00 9.00 16.00 6.00 0.00 0.00 1.00 0.00 0.00
49.00 20.00 13.00 43.00 98.00 30.00 55.00 0.08 2.12 0.00 0.00 0.00 7.00 13.00 13.00 7.00 16.00 4.00 0.00 0.00 0.00 0.00 0.00
50.00 24.00 18.00 65.00 118.00 47.00 53.00 0.09 1.96 0.00 0.00 0.00 4.00 15.00 20.00 9.00 22.00 2.00 0.00 0.00 0.00 0.00 0.00
51.00 34.00 35.00 79.00 165.00 44.00 86.00 0.08 1.99 0.00 0.00 0.00 10.00 17.00 24.00 17.00 25.00 9.00 0.00 0.00 1.00 0.00 0.00
52.00 14.00 4.00 24.00 67.00 20.00 43.00 0.08 1.70 0.00 0.00 0.00 5.00 10.00 9.00 4.00 12.00 2.00 0.00 0.00 1.00 0.00 0.00
53.00 22.00 17.00 53.00 105.00 36.00 52.00 0.08 2.58 0.00 2.00 0.00 6.00 10.00 16.00 12.00 16.00 6.00 0.00 0.00 1.00 0.00 0.00
54.00 14.00 10.00 35.00 71.00 25.00 36.00 0.06 3.25 0.00 0.00 0.00 4.00 9.00 10.00 5.00 11.00 3.00 0.00 0.00 0.00 0.00 0.00
55.00 17.00 15.00 36.00 79.00 21.00 43.00 0.08 3.56 0.00 1.00 0.00 4.00 6.00 13.00 11.00 11.00 6.00 0.00 0.00 1.00 0.00 0.00
56.00 21.00 19.00 55.00 98.00 36.00 43.00 0.09 3.40 0.00 0.00 0.00 9.00 13.00 12.00 8.00 17.00 4.00 0.00 0.00 0.00 0.00 0.00
57.00 17.00 10.00 43.00 81.00 33.00 38.00 0.08 4.92 0.00 2.00 0.00 6.00 9.00 11.00 8.00 12.00 5.00 0.00 0.00 0.00 0.00 0.00
58.00 18.00 13.00 38.00 81.00 25.00 43.00 0.08 3.03 0.00 1.00 0.00 5.00 9.00 13.00 9.00 12.00 6.00 0.00 0.00 0.00 0.00 0.00
59.00 20.00 19.00 54.00 97.00 35.00 43.00 0.09 4.40 0.00 2.00 0.00 7.00 9.00 13.00 11.00 11.00 9.00 0.00 0.00 0.00 0.00 0.00
60.00 23.00 16.00 50.00 108.00 34.00 58.00 0.09 3.16 0.00 2.00 0.00 8.00 10.00 15.00 13.00 14.00 9.00 0.00 0.00 1.00 0.00 0.00
61.00 22.00 28.00 61.00 110.00 33.00 49.00 0.09 3.07 1.00 0.00 0.00 7.00 12.00 15.00 10.00 16.00 6.00 0.00 0.00 0.00 0.00 0.00
62.00 26.00 27.00 64.00 124.00 37.00 60.00 0.09 2.36 1.00 1.00 1.00 6.00 15.00 20.00 11.00 19.00 7.00 0.00 0.00 0.00 0.00 0.00
63.00 18.00 15.00 49.00 94.00 34.00 45.00 0.08 0.71 0.00 1.00 0.00 5.00 7.00 13.00 11.00 11.00 7.00 0.00 0.00 0.00 0.00 0.00
64.00 17.00 7.00 37.00 85.00 30.00 48.00 0.09 0.69 0.00 2.00 0.00 7.00 12.00 10.00 5.00 13.00 4.00 0.00 0.00 0.00 0.00 0.00
65.00 20.00 19.00 48.00 99.00 29.00 51.00 0.08 2.91 0.00 1.00 0.00 5.00 8.00 15.00 12.00 11.00 9.00 0.00 0.00 0.00 0.00 0.00
66.00 17.00 14.00 41.00 85.00 27.00 44.00 0.09 1.62 0.00 1.00 0.00 4.00 6.00 13.00 11.00 10.00 7.00 0.00 0.00 0.00 0.00 0.00
67.00 16.00 7.00 36.00 81.00 29.00 45.00 0.09 3.28 0.00 1.00 0.00 4.00 7.00 12.00 9.00 10.00 6.00 0.00 0.00 0.00 0.00 0.00
68.00 18.00 15.00 42.00 89.00 27.00 47.00 0.08 2.31 0.00 1.00 0.00 6.00 8.00 12.00 10.00 10.00 8.00 0.00 0.00 0.00 0.00 0.00
69.00 13.00 7.00 29.00 65.00 22.00 36.00 0.08 1.78 0.00 1.00 0.00 6.00 11.00 7.00 2.00 11.00 2.00 0.00 0.00 0.00 0.00 0.00
70.00 18.00 12.00 42.00 85.00 30.00 43.00 0.09 4.41 0.00 1.00 0.00 6.00 11.00 12.00 7.00 12.00 6.00 0.00 0.00 0.00 1.00 0.00
71.00 20.00 11.00 42.00 90.00 31.00 48.00 0.07 2.24 0.00 1.00 0.00 8.00 14.00 12.00 6.00 15.00 5.00 0.00 0.00 0.00 0.00 0.00
72.00 19.00 21.00 48.00 93.00 27.00 45.00 0.08 0.68 0.00 1.00 0.00 4.00 7.00 15.00 12.00 14.00 5.00 0.00 0.00 0.00 0.00 0.00
73.00 16.00 9.00 31.00 76.00 22.00 45.00 0.07 1.77 0.00 1.00 0.00 4.00 7.00 12.00 9.00 12.00 4.00 0.00 0.00 0.00 0.00 0.00
74.00 19.00 15.00 43.00 97.00 28.00 54.00 0.07 0.78 0.00 1.00 0.00 4.00 7.00 15.00 12.00 12.00 7.00 0.00 0.00 0.00 0.00 0.00
75.00 15.00 4.00 31.00 72.00 27.00 41.00 0.09 1.69 0.00 1.00 0.00 8.00 11.00 7.00 4.00 13.00 2.00 0.00 0.00 0.00 0.00 0.00
76.00 15.00 10.00 30.00 66.00 20.00 36.00 0.07 1.70 0.00 1.00 0.00 3.00 8.00 12.00 7.00 13.00 2.00 0.00 0.00 0.00 0.00 0.00
77.00 15.00 11.00 33.00 70.00 22.00 37.00 0.09 0.57 0.00 1.00 0.00 5.00 8.00 10.00 7.00 12.00 3.00 0.00 0.00 0.00 0.00 0.00
78.00 14.00 13.00 34.00 68.00 21.00 34.00 0.08 1.53 0.00 1.00 0.00 6.00 9.00 8.00 5.00 10.00 4.00 0.00 0.00 0.00 0.00 0.00
79.00 17.00 18.00 44.00 80.00 26.00 36.00 0.09 2.22 0.00 1.00 0.00 5.00 9.00 12.00 8.00 14.00 3.00 0.00 0.00 0.00 0.00 0.00
80.00 7.00 3.00 13.00 34.00 10.00 21.00 0.08 0.29 0.00 1.00 0.00 0.00 3.00 7.00 4.00 6.00 1.00 0.00 0.00 0.00 0.00 0.00
81.00 17.00 19.00 39.00 84.00 20.00 45.00 0.08 2.30 0.00 1.00 0.00 4.00 9.00 13.00 8.00 10.00 7.00 0.00 0.00 0.00 0.00 0.00
82.00 18.00 17.00 46.00 86.00 29.00 40.00 0.09 3.68 0.00 1.00 0.00 6.00 9.00 12.00 9.00 13.00 5.00 0.00 0.00 0.00 0.00 0.00
83.00 16.00 9.00 36.00 79.00 27.00 43.00 0.08 1.64 0.00 1.00 0.00 5.00 8.00 11.00 8.00 9.00 7.00 0.00 0.00 0.00 0.00 0.00
84.00 18.00 11.00 38.00 88.00 27.00 50.00 0.07 3.00 0.00 1.00 0.00 7.00 11.00 11.00 7.00 15.00 3.00 0.00 0.00 0.00 0.00 0.00
85.00 18.00 20.00 47.00 91.00 27.00 44.00 0.06 3.62 0.00 1.00 0.00 5.00 6.00 13.00 12.00 10.00 8.00 0.00 0.00 1.00 0.00 0.00
86.00 13.00 10.00 30.00 63.00 20.00 33.00 0.08 2.61 0.00 1.00 0.00 5.00 9.00 8.00 4.00 11.00 2.00 0.00 0.00 0.00 0.00 0.00
87.00 14.00 11.00 34.00 70.00 23.00 36.00 0.09 2.58 0.00 0.00 0.00 4.00 7.00 10.00 7.00 11.00 3.00 0.00 0.00 0.00 1.00 0.00
88.00 17.00 18.00 43.00 83.00 25.00 40.00 0.08 3.17 0.00 1.00 0.00 3.00 7.00 14.00 10.00 12.00 5.00 0.00 0.00 0.00 0.00 0.00
89.00 12.00 11.00 25.00 55.00 14.00 30.00 0.09 2.94 0.00 1.00 0.00 3.00 5.00 9.00 7.00 7.00 5.00 0.00 0.00 0.00 0.00 0.00
90.00 18.00 22.00 48.00 85.00 26.00 37.00 0.08 3.46 0.00 1.00 0.00 5.00 10.00 13.00 8.00 12.00 6.00 0.00 0.00 0.00 0.00 0.00
91.00 13.00 9.00 31.00 64.00 22.00 33.00 0.08 1.75 0.00 1.00 0.00 5.00 8.00 8.00 5.00 10.00 3.00 0.00 0.00 0.00 1.00 0.00
92.00 18.00 21.00 44.00 84.00 23.00 40.00 0.09 1.48 0.00 1.00 0.00 7.00 12.00 11.00 6.00 13.00 5.00 0.00 0.00 0.00 0.00 0.00
93.00 14.00 5.00 26.00 61.00 21.00 35.00 0.08 2.83 0.00 2.00 0.00 6.00 8.00 8.00 6.00 12.00 2.00 0.00 0.00 0.00 0.00 0.00
94.00 16.00 22.00 44.00 80.00 22.00 36.00 0.08 0.45 0.00 1.00 0.00 2.00 5.00 14.00 11.00 10.00 6.00 0.00 0.00 0.00 0.00 0.00
95.00 20.00 25.00 57.00 96.00 32.00 39.00 0.07 2.15 0.00 1.00 0.00 4.00 9.00 16.00 11.00 13.00 7.00 0.00 0.00 0.00 0.00 0.00
96.00 19.00 23.00 49.00 100.00 26.00 51.00 0.06 2.90 0.00 1.00 0.00 5.00 8.00 14.00 11.00 10.00 9.00 0.00 0.00 0.00 0.00 0.00
97.00 18.00 26.00 42.00 88.00 16.00 46.00 0.08 3.58 0.00 1.00 0.00 4.00 7.00 14.00 11.00 12.00 6.00 0.00 0.00 1.00 0.00 0.00
98.00 10.00 4.00 21.00 49.00 17.00 28.00 0.08 1.91 0.00 1.00 0.00 3.00 7.00 7.00 3.00 9.00 1.00 0.00 0.00 0.00 0.00 0.00
99.00 13.00 10.00 29.00 57.00 19.00 28.00 0.08 2.53 0.00 1.00 0.00 6.00 9.00 7.00 4.00 11.00 2.00 0.00 0.00 0.00 0.00 0.00
100.00 17.00 20.00 43.00 83.00 23.00 40.00 0.09 2.40 0.00 0.00 0.00 4.00 7.00 13.00 10.00 11.00 6.00 0.00 0.00 0.00 0.00 0.00
101.00 11.00 8.00 19.00 43.00 11.00 24.00 0.09 1.89 0.00 0.00 0.00 5.00 7.00 6.00 4.00 8.00 3.00 0.00 0.00 1.00 0.00 0.00
102.00 11.00 4.00 21.00 49.00 17.00 28.00 0.09 0.46 0.00 0.00 0.00 5.00 8.00 6.00 3.00 10.00 1.00 0.00 0.00 1.00 0.00 0.00
103.00 16.00 13.00 33.00 76.00 20.00 43.00 0.09 1.91 0.00 0.00 0.00 7.00 13.00 9.00 3.00 14.00 2.00 0.00 0.00 1.00 0.00 0.00
104.00 10.00 5.00 22.00 48.00 17.00 26.00 0.09 1.99 0.00 0.00 0.00 5.00 5.00 5.00 5.00 7.00 3.00 0.00 0.00 0.00 0.00 0.00
105.00 13.00 9.00 29.00 61.00 20.00 32.00 0.09 1.70 0.00 0.00 0.00 4.00 9.00 9.00 4.00 12.00 1.00 0.00 0.00 0.00 0.00 0.00
106.00 9.00 6.00 19.00 43.00 13.00 24.00 0.08 0.35 0.00 1.00 0.00 6.00 7.00 3.00 2.00 8.00 1.00 0.00 0.00 0.00 0.00 0.00
107.00 13.00 11.00 28.00 59.00 17.00 31.00 0.08 2.79 0.00 1.00 0.00 5.00 6.00 8.00 7.00 9.00 4.00 0.00 0.00 0.00 0.00 0.00
108.00 15.00 15.00 33.00 60.00 18.00 27.00 0.08 0.58 0.00 1.00 0.00 6.00 9.00 9.00 6.00 11.00 4.00 0.00 0.00 0.00 0.00 0.00
109.00 10.00 4.00 16.00 44.00 12.00 28.00 0.09 2.89 0.00 1.00 0.00 2.00 4.00 8.00 6.00 9.00 1.00 0.00 0.00 0.00 0.00 0.00
110.00 11.00 8.00 26.00 54.00 18.00 28.00 0.09 1.84 0.00 1.00 0.00 5.00 7.00 6.00 4.00 10.00 1.00 0.00 0.00 0.00 0.00 0.00
111.00 12.00 6.00 24.00 53.00 18.00 29.00 0.07 1.76 0.00 1.00 0.00 7.00 9.00 5.00 3.00 9.00 3.00 0.00 0.00 0.00 0.00 0.00
112.00 12.00 5.00 22.00 54.00 17.00 32.00 0.09 3.66 0.00 1.00 0.00 3.00 7.00 9.00 5.00 10.00 2.00 0.00 0.00 0.00 0.00 0.00
113.00 10.00 6.00 21.00 47.00 15.00 26.00 0.07 0.41 0.00 0.00 0.00 3.00 6.00 7.00 4.00 6.00 4.00 0.00 0.00 0.00 0.00 0.00
114.00 11.00 9.00 25.00 54.00 16.00 29.00 0.08 0.36 0.00 0.00 0.00 3.00 5.00 8.00 6.00 7.00 4.00 0.00 0.00 0.00 0.00 0.00
115.00 13.00 11.00 27.00 59.00 16.00 32.00 0.08 1.75 0.00 0.00 0.00 3.00 4.00 10.00 9.00 6.00 7.00 0.00 0.00 0.00 0.00 0.00
116.00 12.00 11.00 29.00 58.00 18.00 29.00 0.08 0.46 0.00 0.00 0.00 3.00 5.00 9.00 7.00 7.00 5.00 0.00 0.00 0.00 0.00 0.00
117.00 10.00 4.00 19.00 47.00 15.00 28.00 0.08 0.49 0.00 0.00 0.00 4.00 6.00 6.00 4.00 9.00 1.00 0.00 0.00 0.00 0.00 0.00
118.00 7.00 4.00 12.00 31.00 8.00 19.00 0.09 0.33 0.00 1.00 0.00 0.00 2.00 7.00 5.00 6.00 1.00 0.00 0.00 0.00 0.00 0.00
119.00 15.00 13.00 29.00 68.00 16.00 39.00 0.08 1.73 0.00 1.00 0.00 5.00 8.00 10.00 7.00 11.00 4.00 0.00 0.00 0.00 0.00 0.00
120.00 11.00 7.00 20.00 53.00 13.00 33.00 0.08 0.44 0.00 0.00 0.00 1.00 7.00 10.00 4.00 9.00 2.00 0.00 0.00 0.00 0.00 0.00
121.00 16.00 14.00 34.00 68.00 20.00 34.00 0.09 1.78 0.00 1.00 0.00 6.00 10.00 10.00 6.00 13.00 3.00 0.00 0.00 0.00 0.00 0.00
122.00 16.00 13.00 35.00 71.00 22.00 36.00 0.09 2.30 0.00 1.00 0.00 2.00 9.00 14.00 7.00 10.00 6.00 0.00 0.00 0.00 0.00 0.00
123.00 12.00 8.00 22.00 45.00 14.00 23.00 0.10 0.75 0.00 0.00 0.00 3.00 7.00 9.00 5.00 9.00 3.00 0.00 0.00 0.00 0.00 0.00
124.00 8.00 3.00 15.00 39.00 12.00 24.00 0.09 0.25 0.00 0.00 0.00 1.00 2.00 7.00 6.00 5.00 3.00 0.00 0.00 0.00 0.00 0.00
125.00 2.00 0.00 0.00 2.00 0.00 2.00 0.09 0.02 0.00 0.00 0.00 2.00 2.00 0.00 0.00 2.00 0.00 0.00 0.00 0.00 0.00 0.00
