0.00 2.00 0.00 0.00 5.00 0.00 5.00 0.07 0.06 0.00 0.00 0.00 2.00 2.00 0.00 0.00 2.00 0.00 0.00 0.00 0.00 0.00 0.00
1.00 4.00 0.00 4.00 12.00 4.00 8.00 0.10 0.19 0.00 0.00 0.00 2.00 4.00 2.00 0.00 4.00 0.00 0.00 0.00 0.00 0.00 0.00
2.00 4.00 0.00 0.00 5.00 0.00 5.00 0.08 0.52 0.00 0.00 0.00 2.00 4.00 2.00 0.00 4.00 0.00 0.00 0.00 0.00 0.00 0.00
3.00 3.00 0.00 1.00 4.00 1.00 3.00 0.08 0.17 0.00 0.00 0.00 2.00 3.00 1.00 0.00 3.00 0.00 0.00 0.00 0.00 0.00 0.00
4.00 4.00 0.00 4.00 16.00 4.00 12.00 0.08 0.18 0.00 0.00 0.00 2.00 4.00 2.00 0.00 4.00 0.00 0.00 0.00 0.00 0.00 0.00
5.00 8.00 5.00 15.00 32.00 10.00 17.00 0.08 2.23 0.00 0.00 0.00 2.00 4.00 6.00 4.00 7.00 1.00 0.00 0.00 0.00 0.00 0.00
6.00 9.00 6.00 17.00 39.00 11.00 22.00 0.10 0.52 0.00 0.00 0.00 2.00 5.00 7.00 4.00 8.00 1.00 0.00 0.00 0.00 0.00 0.00
7.00 8.00 6.00 15.00 34.00 9.00 19.00 0.07 0.36 0.00 0.00 0.00 2.00 4.00 6.00 4.00 7.00 1.00 0.00 0.00 0.00 0.00 0.00
8.00 9.00 2.00 13.00 43.00 11.00 30.00 0.09 0.48 0.00 0.00 0.00 3.00 5.00 6.00 4.00 8.00 1.00 0.00 0.00 0.00 0.00 0.00
9.00 6.00 1.00 6.00 22.00 5.00 16.00 0.09 0.39 0.00 0.00 0.00 4.00 5.00 2.00 1.00 5.00 1.00 0.00 0.00 0.00 0.00 0.00
10.00 5.00 1.00 6.00 19.00 5.00 13.00 0.08 0.24 0.00 0.00 0.00 1.00 4.00 4.00 1.00 5.00 0.00 0.00 0.00 0.00 0.00 0.00
11.00 3.00 0.00 2.00 11.00 2.00 9.00 0.07 0.15 0.00 0.00 0.00 2.00 3.00 1.00 0.00 3.00 0.00 0.00 0.00 0.00 0.00 0.00
12.00 5.00 2.00 4.00 22.00 2.00 18.00 0.08 0.19 0.00 0.00 0.00 3.00 4.00 2.00 1.00 5.00 0.00 0.00 0.00 0.00 0.00 0.00
13.00 14.00 5.00 26.00 69.00 21.00 43.00 0.10 2.60 0.00 0.00 0.00 6.00 8.00 8.00 6.00 14.00 0.00 0.00 0.00 0.00 0.00 0.00
14.00 16.00 7.00 28.00 76.00 21.00 48.00 0.09 3.74 0.00 0.00 0.00 6.00 10.00 10.00 6.00 13.00 3.00 0.00 0.00 0.00 0.00 0.00
15.00 8.00 3.00 9.00 32.00 6.00 23.00 0.08 0.38 0.00 0.00 0.00 3.00 5.00 5.00 3.00 6.00 2.00 0.00 0.00 0.00 0.00 0.00
16.00 14.00 14.00 36.00 68.00 22.00 32.00 0.09 0.43 0.00 0.00 0.00 5.00 8.00 9.00 6.00 10.00 4.00 0.00 0.00 0.00 0.00 0.00
17.00 12.00 11.00 27.00 60.00 16.00 33.00 0.10 0.41 0.00 0.00 0.00 2.00 5.00 10.00 7.00 9.00 3.00 0.00 0.00 0.00 0.00 0.00
18.00 13.00 14.00 33.00 65.00 19.00 32.00 0.09 0.44 0.00 0.00 0.00 4.00 8.00 9.00 5.00 9.00 4.00 0.00 0.00 0.00 0.00 0.00
19.00 9.00 4.00 14.00 43.00 10.00 29.00 0.10 0.27 0.00 0.00 0.00 4.00 7.00 5.00 2.00 8.00 1.00 0.00 0.00 0.00 0.00 0.00
20.00 6.00 1.00 8.00 26.00 7.00 18.00 0.07 0.27 0.00 0.00 0.00 2.00 6.00 4.00 0.00 6.00 0.00 0.00 0.00 0.00 0.00 0.00
21.00 14.00 16.00 39.00 71.00 23.00 32.00 0.10 0.34 0.00 0.00 0.00 3.00 7.00 11.00 7.00 9.00 5.00 0.00 0.00 0.00 0.00 0.00
22.00 22.00 18.00 47.00 108.00 29.00 61.00 0.07 0.71 0.00 0.00 0.00 7.00 14.00 15.00 8.00 19.00 3.00 0.00 0.00 0.00 0.00 0.00
23.00 15.00 12.00 33.00 71.00 21.00 38.00 0.08 0.57 0.00 2.00 0.00 4.00 8.00 11.00 7.00 10.00 5.00 0.00 0.00 2.00 0.00 0.00
24.00 19.00 15.00 41.00 87.00 26.00 46.00 0.09 0.86 0.00 2.00 0.00 2.00 9.00 17.00 10.00 12.00 7.00 0.00 0.00 0.00 0.00 0.00
25.00 16.00 16.00 39.00 71.00 23.00 32.00 0.09 0.56 0.00 0.00 0.00 6.00 8.00 10.00 8.00 11.00 5.00 0.00 0.00 0.00 0.00 0.00
26.00 20.00 20.00 48.00 98.00 28.00 50.00 0.08 0.66 0.00 1.00 0.00 5.00 9.00 15.00 11.00 16.00 4.00 0.00 0.00 0.00 0.00 0.00
27.00 16.00 15.00 36.00 72.00 21.00 36.00 0.09 0.59 0.00 1.00 0.00 6.00 9.00 10.00 7.00 11.00 5.00 0.00 0.00 0.00 0.00 0.00
28.00 17.00 22.00 49.00 81.00 27.00 32.00 0.10 0.58 0.00 0.00 0.00 6.00 13.00 11.00 4.00 14.00 3.00 0.00 0.00 0.00 0.00 0.00
29.00 14.00 12.00 36.00 66.00 24.00 30.00 0.09 0.44 0.00 1.00 0.00 4.00 5.00 10.00 9.00 7.00 7.00 0.00 0.00 0.00 0.00 0.00
30.00 14.00 13.00 34.00 68.00 21.00 34.00 0.10 0.42 0.00 1.00 0.00 3.00 7.00 11.00 7.00 11.00 3.00 0.00 0.00 0.00 0.00 0.00
31.00 17.00 12.00 39.00 78.00 27.00 39.00 0.09 0.47 0.00 0.00 0.00 7.00 11.00 10.00 6.00 13.00 4.00 0.00 0.00 1.00 0.00 0.00
32.00 16.00 10.00 34.00 71.00 24.00 37.00 0.08 1.35 0.00 1.00 0.00 5.00 10.00 11.00 6.00 15.00 1.00 0.00 0.00 0.00 0.00 0.00
33.00 12.00 6.00 27.00 56.00 21.00 29.00 0.09 0.45 0.00 1.00 0.00 4.00 7.00 8.00 5.00 10.00 2.00 0.00 0.00 0.00 0.00 0.00
34.00 12.00 8.00 26.00 58.00 18.00 32.00 0.09 0.31 0.00 1.00 0.00 4.00 6.00 8.00 6.00 8.00 4.00 0.00 0.00 0.00 0.00 0.00
35.00 18.00 20.00 45.00 90.00 25.00 45.00 0.07 0.44 0.00 1.00 0.00 4.00 9.00 14.00 9.00 12.00 6.00 0.00 0.00 1.00 0.00 0.00
36.00 17.00 20.00 49.00 86.00 29.00 37.00 0.09 1.40 0.00 1.00 0.00 5.00 8.00 12.00 9.00 11.00 6.00 0.00 0.00 0.00 0.00 0.00
37.00 19.00 24.00 54.00 94.00 30.00 40.00 0.08 1.27 0.00 1.00 0.00 7.00 11.00 12.00 8.00 14.00 5.00 0.00 0.00 1.00 0.00 0.00
38.00 14.00 13.00 34.00 64.00 21.00 30.00 0.08 0.43 0.00 1.00 0.00 4.00 8.00 10.00 6.00 10.00 4.00 0.00 0.00 0.00 0.00 0.00
39.00 20.00 19.00 52.00 98.00 33.00 46.00 0.10 2.05 1.00 1.00 1.00 7.00 9.00 13.00 11.00 15.00 5.00 0.00 0.00 0.00 0.00 0.00
40.00 15.00 18.00 38.00 75.00 20.00 37.00 0.08 0.43 0.00 1.00 0.00 4.00 9.00 11.00 6.00 11.00 4.00 0.00 0.00 0.00 0.00 0.00
41.00 18.00 18.00 45.00 89.00 27.00 44.00 0.09 1.36 0.00 2.00 0.00 7.00 9.00 11.00 9.00 12.00 6.00 0.00 0.00 0.00 0.00 0.00
42.00 20.00 16.00 50.00 101.00 34.00 51.00 0.08 1.41 0.00 1.00 0.00 4.00 10.00 16.00 10.00 12.00 8.00 0.00 0.00 0.00 1.00 0.00
43.00 23.00 23.00 64.00 120.00 41.00 56.00 0.11 1.33 0.00 1.00 0.00 5.00 11.00 18.00 12.00 16.00 7.00 0.00 0.00 0.00 0.00 0.00
44.00 23.00 23.00 58.00 117.00 35.00 59.00 0.08 2.43 0.00 1.00 0.00 7.00 15.00 16.00 8.00 17.00 6.00 1.00 0.00 0.00 0.00 0.00
45.00 23.00 24.00 59.00 111.00 35.00 52.00 0.09 2.10 0.00 1.00 0.00 5.00 12.00 18.00 11.00 14.00 9.00 1.00 0.00 0.00 0.00 0.00
46.00 18.00 17.00 41.00 85.00 24.00 44.00 0.09 1.62 0.00 0.00 0.00 4.00 8.00 14.00 10.00 9.00 9.00 0.00 0.00 0.00 0.00 0.00
47.00 27.00 35.00 76.00 133.00 41.00 57.00 0.08 2.16 0.00 2.00 0.00 6.00 13.00 21.00 14.00 17.00 10.00 1.00 0.00 0.00 0.00 0.00
48.00 28.00 40.00 85.00 140.00 45.00 55.00 0.08 2.25 0.00 2.00 0.00 11.00 17.00 17.00 11.00 21.00 7.00 0.00 0.00 0.00 0.00 0.00
49.00 22.00 32.00 63.00 111.00 31.00 48.00 0.09 1.23 0.00 2.00 0.00 3.00 10.00 19.00 12.00 13.00 9.00 1.00 0.00 0.00 0.00 0.00
50.00 26.00 32.00 80.00 133.00 48.00 53.00 0.08 2.29 0.00 2.00 0.00 5.00 10.00 21.00 16.00 15.00 11.00 0.00 0.00 1.00 0.00 0.00
51.00 20.00 22.00 51.00 99.00 29.00 48.00 0.08 1.25 0.00 2.00 0.00 6.00 10.00 14.00 10.00 16.00 4.00 0.00 0.00 0.00 0.00 0.00
52.00 23.00 14.00 56.00 117.00 42.00 61.00 0.09 2.02 0.00 2.00 0.00 7.00 11.00 16.00 12.00 16.00 7.00 1.00 0.00 1.00 0.00 0.00
53.00 18.00 16.00 45.00 88.00 29.00 43.00 0.09 2.31 0.00 2.00 0.00 5.00 10.00 13.00 8.00 12.00 6.00 0.00 0.00 0.00 0.00 0.00
54.00 27.00 34.00 68.00 136.00 34.00 68.00 0.07 2.70 0.00 2.00 0.00 9.00 14.00 18.00 13.00 17.00 10.00 1.00 0.00 0.00 0.00 0.00
55.00 25.00 31.00 71.00 130.00 40.00 59.00 0.10 2.84 1.00 1.00 1.00 3.00 11.00 22.00 14.00 15.00 10.00 0.00 0.00 0.00 0.00 0.00
56.00 22.00 28.00 64.00 111.00 36.00 47.00 0.09 1.29 0.00 2.00 0.00 4.00 9.00 18.00 13.00 15.00 7.00 0.00 0.00 0.00 0.00 0.00
57.00 22.00 34.00 64.00 109.00 30.00 45.00 0.09 3.08 0.00 3.00 0.00 4.00 8.00 18.00 14.00 11.00 11.00 0.00 0.00 0.00 0.00 0.00
58.00 28.00 28.00 77.00 153.00 49.00 76.00 0.06 2.99 0.00 2.00 0.00 10.00 14.00 18.00 14.00 21.00 7.00 0.00 0.00 0.00 0.00 0.00
59.00 20.00 19.00 48.00 100.00 29.00 52.00 0.09 2.86 0.00 0.00 0.00 4.00 12.00 16.00 8.00 17.00 3.00 0.00 0.00 0.00 0.00 0.00
60.00 20.00 25.00 57.00 101.00 32.00 44.00 0.07 2.10 0.00 2.00 0.00 3.00 10.00 17.00 10.00 15.00 5.00 0.00 0.00 1.00 0.00 0.00
61.00 22.00 17.00 48.00 108.00 31.00 60.00 0.08 2.94 0.00 3.00 0.00 7.00 12.00 15.00 10.00 17.00 5.00 0.00 0.00 0.00 0.00 0.00
62.00 26.00 30.00 71.00 130.00 41.00 59.00 0.07 2.61 0.00 2.00 0.00 5.00 12.00 21.00 14.00 17.00 9.00 1.00 0.00 0.00 0.00 0.00
63.00 22.00 28.00 62.00 105.00 34.00 43.00 0.08 1.89 0.00 2.00 0.00 4.00 12.00 18.00 10.00 15.00 7.00 0.00 0.00 0.00 0.00 0.00
64.00 29.00 27.00 79.00 138.00 52.00 59.00 0.07 1.68 0.00 2.00 0.00 8.00 20.00 21.00 9.00 25.00 4.00 1.00 0.00 0.00 0.00 0.00
65.00 28.00 35.00 75.00 143.00 40.00 68.00 0.09 1.37 0.00 2.00 0.00 7.00 14.00 21.00 14.00 20.00 8.00 0.00 0.00 0.00 1.00 0.00
66.00 27.00 30.00 69.00 134.00 39.00 65.00 0.08 1.91 0.00 2.00 0.00 7.00 18.00 20.00 9.00 20.00 7.00 0.00 0.00 0.00 0.00 0.00
67.00 29.00 44.00 87.00 150.00 43.00 63.00 0.09 1.76 0.00 3.00 0.00 4.00 11.00 25.00 18.00 14.00 15.00 1.00 0.00 0.00 0.00 0.00
68.00 34.00 39.00 95.00 164.00 56.00 69.00 0.09 2.71 0.00 3.00 0.00 10.00 14.00 24.00 20.00 20.00 14.00 0.00 0.00 0.00 0.00 0.00
69.00 28.00 39.00 80.00 137.00 41.00 57.00 0.09 1.77 0.00 2.00 0.00 4.00 11.00 24.00 17.00 17.00 11.00 0.00 0.00 0.00 0.00 0.00
70.00 22.00 25.00 58.00 109.00 33.00 51.00 0.10 0.73 0.00 3.00 0.00 7.00 11.00 15.00 11.00 13.00 9.00 0.00 0.00 0.00 0.00 0.00
71.00 29.00 33.00 76.00 132.00 43.00 56.00 0.08 3.05 0.00 3.00 0.00 8.00 14.00 21.00 15.00 18.00 11.00 0.00 0.00 0.00 0.00 0.00
72.00 23.00 20.00 55.00 114.00 35.00 59.00 0.09 1.34 0.00 2.00 0.00 5.00 12.00 18.00 11.00 15.00 8.00 0.00 0.00 0.00 0.00 0.00
73.00 30.00 30.00 84.00 146.00 54.00 62.00 0.09 2.44 0.00 1.00 0.00 9.00 14.00 21.00 16.00 17.00 13.00 0.00 0.00 0.00 0.00 0.00
74.00 28.00 33.00 72.00 140.00 39.00 68.00 0.08 2.21 1.00 4.00 0.25 9.00 12.00 19.00 16.00 15.00 13.00 1.00 0.00 0.00 0.00 1.00
75.00 27.00 28.00 72.00 137.00 44.00 65.00 0.08 1.81 0.00 4.00 0.00 7.00 14.00 20.00 13.00 20.00 7.00 0.00 0.00 0.00 0.00 0.00
76.00 33.00 47.00 95.00 167.00 48.00 72.00 0.10 2.59 0.00 4.00 0.00 9.00 16.00 24.00 17.00 21.00 12.00 1.00 0.00 0.00 0.00 0.00
77.00 30.00 39.00 87.00 146.00 48.00 59.00 0.10 2.24 0.00 4.00 0.00 5.00 9.00 25.00 21.00 14.00 16.00 0.00 0.00 0.00 0.00 1.00
78.00 26.00 23.00 69.00 129.00 46.00 60.00 0.09 2.91 0.00 2.00 0.00 4.00 13.00 22.00 13.00 20.00 6.00 0.00 0.00 0.00 0.00 0.00
79.00 32.00 42.00 88.00 151.00 46.00 63.00 0.09 2.49 0.00 1.00 0.00 8.00 19.00 24.00 13.00 23.00 9.00 0.00 0.00 0.00 0.00 0.00
80.00 25.00 34.00 72.00 129.00 38.00 57.00 0.09 1.20 0.00 1.00 0.00 7.00 10.00 18.00 15.00 14.00 11.00 0.00 0.00 0.00 0.00 0.00
81.00 25.00 27.00 77.00 123.00 50.00 46.00 0.09 1.92 0.00 3.00 0.00 6.00 10.00 19.00 15.00 15.00 10.00 0.00 0.00 0.00 0.00 0.00
82.00 25.00 34.00 70.00 120.00 36.00 50.00 0.07 2.20 0.00 2.00 0.00 7.00 11.00 18.00 14.00 14.00 11.00 0.00 0.00 0.00 0.00 0.00
83.00 24.00 27.00 68.00 123.00 41.00 55.00 0.07 0.60 0.00 1.00 0.00 4.00 9.00 20.00 15.00 14.00 10.00 0.00 0.00 0.00 0.00 0.00
84.00 26.00 34.00 78.00 133.00 44.00 55.00 0.09 1.23 0.00 1.00 0.00 5.00 14.00 21.00 12.00 18.00 8.00 0.00 0.00 0.00 0.00 0.00
85.00 24.00 29.00 63.00 118.00 34.00 55.00 0.08 0.64 0.00 2.00 0.00 11.00 13.00 13.00 11.00 14.00 10.00 0.00 0.00 0.00 0.00 0.00
86.00 21.00 18.00 46.00 98.00 28.00 52.00 0.08 0.74 0.00 1.00 0.00 9.00 12.00 12.00 9.00 15.00 6.00 1.00 0.00 0.00 0.00 0.00
87.00 30.00 34.00 78.00 140.00 44.00 62.00 0.09 2.64 0.00 2.00 0.00 9.00 12.00 21.00 18.00 17.00 13.00 0.00 0.00 0.00 0.00 0.00
88.00 20.00 28.00 53.00 93.00 25.00 40.00 0.07 1.24 0.00 2.00 0.00 5.00 9.00 15.00 11.00 12.00 8.00 0.00 0.00 0.00 0.00 0.00
89.00 17.00 20.00 47.00 83.00 27.00 36.00 0.08 1.49 0.00 1.00 0.00 5.00 6.00 12.00 11.00 12.00 5.00 0.00 0.00 0.00 0.00 0.00
90.00 22.00 32.00 65.00 115.00 33.00 50.00 0.09 0.66 0.00 1.00 0.00 5.00 11.00 17.00 11.00 13.00 9.00 0.00 0.00 0.00 0.00 0.00
91.00 21.00 22.00 57.00 103.00 35.00 46.00 0.09 1.28 0.00 1.00 0.00 5.00 10.00 16.00 11.00 15.00 6.00 0.00 0.00 0.00 0.00 0.00
92.00 21.00 19.00 52.00 101.00 33.00 49.00 0.08 1.51 0.00 1.00 0.00 4.00 9.00 17.00 12.00 11.00 10.00 0.00 0.00 0.00 0.00 0.00
93.00 15.00 16.00 41.00 74.00 25.00 33.00 0.08 0.58 0.00 1.00 0.00 5.00 6.00 10.00 9.00 10.00 5.00 0.00 0.00 0.00 0.00 0.00
94.00 21.00 21.00 50.00 95.00 29.00 45.00 0.08 1.45 0.00 1.00 0.00 7.00 10.00 14.00 11.00 14.00 7.00 0.00 0.00 0.00 0.00 0.00
95.00 21.00 26.00 57.00 105.00 31.00 48.00 0.07 0.55 0.00 2.00 0.00 6.00 11.00 15.00 10.00 16.00 5.00 0.00 0.00 0.00 0.00 0.00
96.00 22.00 29.00 60.00 104.00 31.00 44.00 0.09 0.63 0.00 1.00 0.00 6.00 11.00 16.00 11.00 11.00 11.00 0.00 0.00 0.00 0.00 0.00
97.00 26.00 38.00 72.00 121.00 34.00 49.00 0.10 1.82 0.00 2.00 0.00 9.00 14.00 17.00 12.00 16.00 10.00 0.00 0.00 0.00 0.00 0.00
98.00 20.00 27.00 53.00 95.00 26.00 42.00 0.08 1.31 0.00 1.00 0.00 6.00 10.00 14.00 10.00 11.00 9.00 0.00 0.00 0.00 0.00 0.00
99.00 22.00 19.00 51.00 101.00 32.00 50.00 0.08 0.73 0.00 2.00 0.00 6.00 13.00 16.00 9.00 18.00 4.00 0.00 0.00 0.00 0.00 0.00
100.00 13.00 13.00 30.00 64.00 17.00 34.00 0.08 0.39 1.00 1.00 1.00 2.00 6.00 11.00 7.00 9.00 4.00 0.00 0.00 0.00 0.00 0.00
101.00 20.00 26.00 52.00 100.00 26.00 48.00 0.07 0.68 0.00 1.00 0.00 4.00 10.00 16.00 10.00 16.00 4.00 0.00 0.00 0.00 0.00 0.00
102.00 19.00 19.00 42.00 84.00 23.00 42.00 0.09 2.25 0.00 2.00 0.00 7.00 13.00 12.00 6.00 16.00 3.00 0.00 0.00 0.00 0.00 0.00
103.00 19.00 17.00 46.00 94.00 29.00 48.00 0.08 2.02 0.00 3.00 0.00 8.00 13.00 11.00 6.00 13.00 6.00 0.00 0.00 0.00 0.00 0.00
104.00 17.00 14.00 34.00 78.00 20.00 44.00 0.08 2.19 0.00 1.00 0.00 4.00 11.00 13.00 6.00 13.00 4.00 0.00 0.00 0.00 0.00 0.00
105.00 14.00 9.00 31.00 65.00 22.00 34.00 0.08 0.45 0.00 2.00 0.00 4.00 9.00 10.00 5.00 11.00 3.00 0.00 0.00 0.00 0.00 0.00
106.00 18.00 13.00 37.00 68.00 24.00 31.00 0.09 0.64 0.00 2.00 0.00 5.00 11.00 13.00 7.00 13.00 5.00 0.00 0.00 0.00 0.00 0.00
107.00 7.00 0.00 6.00 33.00 6.00 27.00 0.09 0.27 0.00 0.00 0.00 5.00 5.00 2.00 2.00 6.00 1.00 0.00 0.00 0.00 0.00 0.00
108.00 12.00 4.00 23.00 52.00 19.00 29.00 0.07 0.66 0.00 2.00 0.00 5.00 8.00 7.00 4.00 10.00 2.00 0.00 0.00 0.00 0.00 0.00
109.00 15.00 17.00 40.00 74.00 23.00 34.00 0.07 0.50 0.00 1.00 0.00 6.00 7.00 9.00 8.00 8.00 7.00 0.00 0.00 0.00 0.00 0.00
110.00 13.00 9.00 28.00 58.00 19.00 30.00 0.06 2.81 0.00 1.00 0.00 4.00 6.00 9.00 7.00 6.00 7.00 0.00 0.00 0.00 0.00 0.00
111.00 13.00 11.00 28.00 56.00 17.00 28.00 0.09 0.45 0.00 1.00 0.00 2.00 7.00 11.00 6.00 10.00 3.00 0.00 0.00 0.00 0.00 0.00
112.00 14.00 16.00 35.00 67.00 19.00 32.00 0.08 0.43 1.00 0.00 0.00 4.00 8.00 10.00 6.00 10.00 4.00 0.00 0.00 0.00 0.00 0.00
113.00 15.00 12.00 38.00 75.00 26.00 37.00 0.07 0.41 0.00 0.00 0.00 4.00 9.00 11.00 6.00 11.00 4.00 0.00 0.00 1.00 0.00 0.00
114.00 16.00 14.00 36.00 71.00 22.00 35.00 0.08 2.38 0.00 0.00 0.00 7.00 9.00 9.00 7.00 12.00 4.00 0.00 0.00 0.00 0.00 0.00
115.00 10.00 4.00 16.00 44.00 12.00 28.00 0.09 0.51 0.00 0.00 0.00 5.00 7.00 5.00 3.00 9.00 1.00 0.00 0.00 0.00 0.00 0.00
116.00 10.00 1.00 19.00 52.00 18.00 33.00 0.07 0.43 0.00 0.00 0.00 6.00 7.00 4.00 3.00 7.00 3.00 0.00 0.00 0.00 0.00 0.00
117.00 11.00 7.00 22.00 52.00 15.00 30.00 0.08 3.03 0.00 1.00 0.00 4.00 8.00 7.00 3.00 8.00 3.00 0.00 0.00 0.00 0.00 0.00
118.00 15.00 12.00 29.00 66.00 17.00 37.00 0.08 1.69 0.00 0.00 0.00 4.00 10.00 11.00 5.00 12.00 3.00 0.00 0.00 0.00 0.00 0.00
119.00 14.00 11.00 30.00 63.00 19.00 33.00 0.09 0.44 0.00 1.00 0.00 5.00 9.00 9.00 5.00 11.00 3.00 0.00 0.00 0.00 0.00 0.00
120.00 15.00 8.00 35.00 73.00 27.00 38.00 0.09 2.43 0.00 2.00 0.00 4.00 8.00 11.00 7.00 13.00 2.00 0.00 0.00 0.00 0.00 0.00
121.00 17.00 20.00 48.00 84.00 28.00 36.00 0.08 1.48 0.00 2.00 0.00 4.00 7.00 13.00 10.00 10.00 7.00 0.00 0.00 0.00 0.00 0.00
122.00 11.00 4.00 21.00 54.00 17.00 33.00 0.09 3.93 0.00 0.00 0.00 7.00 9.00 4.00 2.00 9.00 2.00 0.00 0.00 0.00 0.00 0.00
123.00 14.00 11.00 35.00 66.00 24.00 31.00 0.09 2.50 0.00 1.00 0.00 6.00 10.00 8.00 4.00 12.00 2.00 0.00 0.00 0.00 0.00 0.00
124.00 8.00 6.00 14.00 34.00 8.00 20.00 0.09 0.26 0.00 0.00 0.00 1.00 5.00 7.00 3.00 6.00 2.00 0.00 0.00 0.00 0.00 0.00
125.00 11.00 11.00 24.00 50.00 13.00 26.00 0.09 0.30 0.00 1.00 0.00 7.00 7.00 4.00 4.00 10.00 1.00 0.00 0.00 0.00 0.00 0.00
126.00 10.00 5.00 19.00 43.00 14.00 24.00 0.09 0.36 0.00 1.00 0.00 2.00 5.00 8.00 5.00 7.00 3.00 0.00 0.00 0.00 0.00 0.00
127.00 11.00 5.00 20.00 53.00 15.00 33.00 0.09 3.05 0.00 1.00 0.00 4.00 10.00 7.00 1.00 10.00 1.00 0.00 0.00 0.00 0.00 0.00
128.00 16.00 10.00 38.00 67.00 28.00 29.00 0.09 1.54 0.00 0.00 0.00 7.00 10.00 9.00 6.00 14.00 2.00 0.00 0.00 0.00 0.00 0.00
129.00 11.00 8.00 20.00 47.00 12.00 27.00 0.10 2.84 0.00 0.00 0.00 4.00 8.00 7.00 3.00 9.00 2.00 0.00 0.00 0.00 0.00 0.00
130.00 13.00 10.00 32.00 64.00 22.00 32.00 0.09 0.47 0.00 0.00 0.00 4.00 5.00 9.00 8.00 9.00 4.00 0.00 0.00 0.00 0.00 0.00
131.00 8.00 1.00 11.00 31.00 10.00 20.00 0.08 2.27 0.00 0.00 0.00 4.00 5.00 4.00 3.00 7.00 1.00 0.00 0.00 0.00 0.00 0.00
132.00 11.00 4.00 19.00 53.00 15.00 34.00 0.09 1.94 0.00 0.00 0.00 4.00 8.00 7.00 3.00 10.00 1.00 0.00 0.00 0.00 0.00 0.00
133.00 8.00 1.00 12.00 36.00 11.00 24.00 0.07 3.79 0.00 0.00 0.00 5.00 7.00 3.00 1.00 7.00 1.00 0.00 0.00 0.00 0.00 0.00
134.00 6.00 0.00 2.00 21.00 2.00 19.00 0.07 2.82 0.00 0.00 0.00 3.00 5.00 3.00 1.00 6.00 0.00 0.00 0.00 0.00 0.00 0.00
135.00 11.00 7.00 16.00 48.00 9.00 32.00 0.10 3.69 0.00 0.00 0.00 3.00 6.00 8.00 5.00 9.00 2.00 0.00 0.00 0.00 0.00 0.00
136.00 5.00 2.00 6.00 21.00 4.00 15.00 0.09 0.16 0.00 1.00 0.00 2.00 3.00 3.00 2.00 5.00 0.00 0.00 0.00 0.00 0.00 0.00
137.00 7.00 3.00 12.00 29.00 9.00 17.00 0.09 2.55 0.00 1.00 0.00 2.00 2.00 5.00 5.00 5.00 2.00 0.00 0.00 0.00 0.00 0.00
138.00 9.00 6.00 18.00 44.00 12.00 26.00 0.08 5.03 0.00 0.00 0.00 2.00 5.00 7.00 4.00 6.00 3.00 0.00 0.00 0.00 0.00 0.00
139.00 11.00 8.00 22.00 54.00 14.00 32.00 0.08 2.98 0.00 0.00 0.00 5.00 6.00 6.00 5.00 9.00 2.00 0.00 0.00 0.00 0.00 0.00
140.00 11.00 7.00 22.00 45.00 15.00 23.00 0.08 4.35 0.00 0.00 0.00 2.00 6.00 9.00 5.00 8.00 3.00 0.00 0.00 0.00 0.00 0.00
141.00 4.00 0.00 3.00 14.00 3.00 11.00 0.07 3.58 0.00 0.00 0.00 1.00 3.00 3.00 1.00 4.00 0.00 0.00 0.00 0.00 0.00 0.00
142.00 4.00 0.00 3.00 15.00 3.00 12.00 0.09 0.11 0.00 0.00 0.00 3.00 3.00 1.00 1.00 4.00 0.00 0.00 0.00 0.00 0.00 0.00
143.00 2.00 0.00 0.00 5.00 0.00 5.00 0.07 4.72 0.00 0.00 0.00 2.00 2.00 0.00 0.00 2.00 0.00 0.00 0.00 0.00 0.00 0.00
