0.00 2.00 0.00 0.00 3.00 0.00 3.00 0.09 0.17 0.00 0.00 0.00 2.00 2.00 0.00 0.00 2.00 0.00 0.00 0.00 0.00 0.00 0.00
1.00 4.00 0.00 2.00 12.00 2.00 10.00 0.08 0.34 0.00 0.00 0.00 2.00 4.00 2.00 0.00 4.00 0.00 0.00 0.00 0.00 0.00 0.00
2.00 3.00 0.00 1.00 7.00 1.00 6.00 0.09 4.34 0.00 0.00 0.00 2.00 3.00 1.00 0.00 3.00 0.00 0.00 0.00 0.00 0.00 0.00
3.00 6.00 1.00 9.00 26.00 8.00 17.00 0.08 0.28 0.00 0.00 0.00 2.00 3.00 4.00 3.00 5.00 1.00 0.00 0.00 0.00 0.00 0.00
4.00 5.00 0.00 5.00 21.00 5.00 16.00 0.08 0.31 0.00 0.00 0.00 2.00 5.00 3.00 0.00 5.00 0.00 0.00 0.00 0.00 0.00 0.00
5.00 5.00 0.00 6.00 20.00 6.00 14.00 0.09 0.23 0.00 0.00 0.00 3.00 4.00 2.00 1.00 5.00 0.00 0.00 0.00 0.00 0.00 0.00
6.00 6.00 0.00 8.00 23.00 8.00 15.00 0.10 0.43 0.00 0.00 0.00 2.00 6.00 4.00 0.00 6.00 0.00 0.00 0.00 0.00 0.00 0.00
7.00 7.00 3.00 8.00 32.00 5.00 24.00 0.08 0.18 0.00 0.00 0.00 2.00 4.00 5.00 3.00 6.00 1.00 0.00 0.00 0.00 0.00 0.00
8.00 9.00 6.00 19.00 41.00 13.00 22.00 0.10 0.34 0.00 0.00 0.00 1.00 5.00 8.00 4.00 8.00 1.00 0.00 0.00 0.00 0.00 0.00
9.00 15.00 13.00 32.00 66.00 19.00 34.00 0.07 0.60 0.00 0.00 0.00 6.00 10.00 9.00 5.00 12.00 3.00 0.00 0.00 0.00 0.00 0.00
10.00 4.00 0.00 4.00 15.00 4.00 11.00 0.09 0.14 0.00 0.00 0.00 1.00 3.00 3.00 1.00 4.00 0.00 0.00 0.00 0.00 0.00 0.00
11.00 6.00 2.00 8.00 23.00 6.00 15.00 0.08 0.39 0.00 0.00 0.00 0.00 2.00 6.00 4.00 4.00 2.00 0.00 0.00 0.00 0.00 0.00
12.00 7.00 0.00 7.00 25.00 7.00 18.00 0.09 0.80 0.00 0.00 0.00 4.00 6.00 3.00 1.00 6.00 1.00 0.00 0.00 0.00 0.00 0.00
13.00 8.00 0.00 12.00 37.00 12.00 25.00 0.10 0.64 0.00 0.00 0.00 3.00 6.00 5.00 2.00 7.00 1.00 0.00 0.00 0.00 0.00 0.00
14.00 12.00 8.00 29.00 58.00 21.00 29.00 0.08 0.40 0.00 0.00 0.00 5.00 7.00 7.00 5.00 10.00 2.00 0.00 0.00 0.00 0.00 0.00
15.00 9.00 2.00 13.00 38.00 11.00 25.00 0.08 0.46 0.00 0.00 0.00 2.00 6.00 7.00 3.00 7.00 2.00 0.00 0.00 0.00 0.00 0.00
16.00 12.00 6.00 21.00 50.00 15.00 29.00 0.10 0.36 0.00 0.00 0.00 5.00 7.00 7.00 5.00 9.00 3.00 0.00 0.00 0.00 0.00 0.00
17.00 10.00 7.00 22.00 49.00 15.00 27.00 0.08 0.41 1.00 0.00 0.00 5.00 7.00 5.00 3.00 9.00 1.00 0.00 0.00 0.00 0.00 0.00
18.00 17.00 12.00 41.00 79.00 29.00 38.00 0.09 0.49 2.00 0.00 0.00 5.00 12.00 12.00 5.00 15.00 2.00 0.00 0.00 0.00 0.00 0.00
19.00 15.00 10.00 34.00 65.00 24.00 31.00 0.07 0.46 1.00 0.00 0.00 7.00 10.00 8.00 5.00 11.00 4.00 0.00 0.00 0.00 0.00 0.00
20.00 18.00 16.00 44.00 90.00 28.00 46.00 0.08 0.50 1.00 1.00 1.00 6.00 10.00 12.00 8.00 16.00 2.00 0.00 0.00 0.00 0.00 0.00
21.00 15.00 12.00 35.00 81.00 23.00 46.00 0.07 1.49 1.00 0.00 0.00 4.00 9.00 11.00 6.00 11.00 4.00 0.00 0.00 0.00 0.00 0.00
22.00 19.00 13.00 43.00 90.00 30.00 47.00 0.08 2.62 1.00 1.00 1.00 4.00 12.00 15.00 7.00 16.00 3.00 0.00 0.00 0.00 0.00 0.00
23.00 14.00 11.00 33.00 70.00 22.00 37.00 0.09 0.39 0.00 1.00 0.00 6.00 9.00 8.00 5.00 12.00 2.00 0.00 0.00 0.00 0.00 0.00
24.00 17.00 9.00 38.00 80.00 29.00 42.00 0.08 2.34 0.00 0.00 0.00 6.00 12.00 11.00 5.00 14.00 3.00 0.00 0.00 0.00 0.00 0.00
25.00 20.00 18.00 49.00 104.00 31.00 55.00 0.09 2.72 1.00 2.00 0.50 8.00 13.00 12.00 7.00 16.00 4.00 0.00 0.00 0.00 0.00 0.00
26.00 15.00 10.00 37.00 77.00 27.00 40.00 0.09 2.51 0.00 2.00 0.00 4.00 7.00 11.00 8.00 11.00 4.00 0.00 0.00 0.00 0.00 0.00
27.00 20.00 18.00 49.00 96.00 31.00 47.00 0.09 1.38 1.00 1.00 1.00 5.00 9.00 15.00 11.00 16.00 4.00 0.00 0.00 0.00 0.00 0.00
28.00 16.00 13.00 41.00 78.00 28.00 37.00 0.08 1.57 1.00 0.00 0.00 3.00 8.00 13.00 8.00 10.00 6.00 0.00 0.00 0.00 0.00 0.00
29.00 21.00 29.00 59.00 105.00 30.00 46.00 0.08 1.90 1.00 1.00 1.00 5.00 12.00 16.00 9.00 16.00 5.00 0.00 0.00 0.00 0.00 0.00
30.00 19.00 12.00 40.00 90.00 28.00 50.00 0.09 3.30 0.00 1.00 0.00 5.00 6.00 14.00 13.00 9.00 10.00 0.00 0.00 0.00 0.00 0.00
31.00 7.00 0.00 5.00 29.00 5.00 24.00 0.10 4.06 0.00 1.00 0.00 3.00 4.00 4.00 3.00 7.00 0.00 0.00 0.00 0.00 0.00 0.00
32.00 18.00 17.00 47.00 91.00 30.00 44.00 0.09 2.22 0.00 1.00 0.00 3.00 10.00 15.00 8.00 12.00 6.00 0.00 0.00 0.00 0.00 0.00
33.00 22.00 27.00 62.00 105.00 35.00 43.00 0.09 1.40 1.00 1.00 1.00 8.00 15.00 14.00 7.00 17.00 5.00 0.00 0.00 0.00 0.00 0.00
34.00 15.00 12.00 28.00 69.00 16.00 41.00 0.11 0.68 2.00 1.00 2.00 4.00 11.00 11.00 4.00 12.00 3.00 0.00 0.00 0.00 0.00 0.00
35.00 20.00 15.00 45.00 101.00 30.00 56.00 0.08 2.77 1.00 1.00 1.00 7.00 11.00 13.00 9.00 12.00 8.00 0.00 0.00 0.00 0.00 0.00
36.00 20.00 17.00 49.00 96.00 32.00 47.00 0.09 2.75 1.00 1.00 1.00 9.00 12.00 11.00 8.00 17.00 3.00 0.00 0.00 0.00 0.00 0.00
37.00 25.00 30.00 71.00 121.00 41.00 50.00 0.10 1.88 1.00 1.00 1.00 9.00 16.00 16.00 9.00 19.00 6.00 0.00 0.00 0.00 0.00 0.00
38.00 25.00 31.00 72.00 132.00 41.00 60.00 0.09 1.63 1.00 1.00 1.00 5.00 15.00 20.00 10.00 18.00 7.00 0.00 0.00 0.00 0.00 0.00
39.00 25.00 40.00 74.00 124.00 34.00 50.00 0.07 1.78 0.00 1.00 0.00 11.00 17.00 14.00 8.00 18.00 7.00 0.00 0.00 1.00 0.00 0.00
40.00 22.00 23.00 57.00 115.00 34.00 58.00 0.08 3.32 1.00 0.00 0.00 4.00 11.00 18.00 11.00 15.00 7.00 0.00 0.00 0.00 0.00 0.00
41.00 23.00 20.00 60.00 111.00 40.00 51.00 0.09 3.07 1.00 1.00 1.00 6.00 15.00 17.00 8.00 17.00 6.00 0.00 0.00 1.00 0.00 0.00
42.00 25.00 30.00 67.00 119.00 37.00 52.00 0.09 3.40 1.00 1.00 1.00 10.00 19.00 15.00 6.00 22.00 3.00 0.00 0.00 0.00 0.00 0.00
43.00 28.00 43.00 87.00 144.00 44.00 57.00 0.08 3.01 1.00 1.00 1.00 4.00 12.00 24.00 16.00 19.00 9.00 0.00 0.00 0.00 0.00 0.00
44.00 25.00 25.00 71.00 128.00 46.00 57.00 0.10 3.39 0.00 1.00 0.00 6.00 12.00 19.00 13.00 16.00 9.00 0.00 0.00 0.00 0.00 0.00
45.00 22.00 28.00 65.00 117.00 37.00 52.00 0.07 2.65 1.00 0.00 0.00 6.00 9.00 16.00 13.00 15.00 7.00 0.00 0.00 0.00 0.00 0.00
46.00 22.00 17.00 57.00 111.00 40.00 54.00 0.10 2.96 1.00 1.00 1.00 6.00 12.00 16.00 10.00 14.00 8.00 0.00 0.00 0.00 0.00 0.00
47.00 28.00 33.00 85.00 146.00 52.00 61.00 0.08 2.81 1.00 0.00 0.00 5.00 8.00 23.00 20.00 11.00 17.00 0.00 0.00 0.00 0.00 0.00
48.00 25.00 33.00 67.00 124.00 34.00 57.00 0.09 1.36 1.00 0.00 0.00 7.00 14.00 18.00 11.00 18.00 7.00 0.00 0.00 0.00 0.00 0.00
49.00 23.00 27.00 58.00 117.00 31.00 59.00 0.10 3.53 1.00 1.00 1.00 6.00 10.00 17.00 13.00 13.00 10.00 0.00 0.00 0.00 0.00 0.00
50.00 22.00 29.00 65.00 114.00 36.00 49.00 0.08 1.85 1.00 0.00 0.00 7.00 14.00 15.00 8.00 16.00 6.00 0.00 0.00 1.00 0.00 0.00
51.00 29.00 44.00 87.00 145.00 43.00 58.00 0.09 1.78 1.00 1.00 1.00 3.00 13.00 26.00 16.00 18.00 11.00 0.00 0.00 0.00 0.00 0.00
52.00 27.00 31.00 72.00 134.00 41.00 62.00 0.08 1.85 0.00 1.00 0.00 6.00 14.00 21.00 13.00 21.00 6.00 0.00 0.00 1.00 0.00 0.00
53.00 27.00 30.00 81.00 138.00 51.00 57.00 0.10 2.28 0.00 1.00 0.00 6.00 10.00 21.00 17.00 15.00 12.00 0.00 0.00 0.00 0.00 0.00
54.00 31.00 38.00 88.00 155.00 50.00 67.00 0.10 2.21 0.00 1.00 0.00 7.00 12.00 24.00 19.00 18.00 13.00 0.00 0.00 0.00 0.00 0.00
55.00 29.00 38.00 79.00 140.00 41.00 61.00 0.10 1.32 0.00 1.00 0.00 7.00 14.00 22.00 15.00 16.00 13.00 0.00 0.00 2.00 1.00 0.00
56.00 26.00 29.00 73.00 137.00 44.00 64.00 0.08 1.88 0.00 1.00 0.00 6.00 13.00 20.00 13.00 16.00 10.00 0.00 0.00 1.00 0.00 0.00
57.00 29.00 38.00 77.00 149.00 39.00 72.00 0.08 2.37 2.00 1.00 2.00 6.00 13.00 23.00 16.00 17.00 12.00 0.00 0.00 0.00 0.00 0.00
58.00 22.00 24.00 61.00 119.00 37.00 58.00 0.10 0.61 2.00 2.00 1.00 7.00 11.00 15.00 11.00 17.00 5.00 0.00 0.00 0.00 1.00 0.00
59.00 27.00 28.00 76.00 136.00 48.00 60.00 0.09 1.33 0.00 2.00 0.00 5.00 14.00 22.00 13.00 18.00 9.00 0.00 0.00 0.00 0.00 0.00
60.00 27.00 28.00 67.00 141.00 39.00 74.00 0.09 1.97 0.00 1.00 0.00 7.00 13.00 20.00 14.00 19.00 8.00 0.00 0.00 0.00 0.00 0.00
61.00 31.00 33.00 89.00 158.00 56.00 69.00 0.07 2.31 0.00 2.00 0.00 8.00 14.00 23.00 17.00 21.00 10.00 0.00 0.00 0.00 0.00 0.00
62.00 24.00 24.00 69.00 120.00 45.00 51.00 0.08 1.90 0.00 2.00 0.00 8.00 10.00 16.00 14.00 15.00 9.00 0.00 0.00 0.00 0.00 0.00
63.00 24.00 28.00 63.00 121.00 35.00 58.00 0.09 1.39 0.00 2.00 0.00 6.00 16.00 18.00 8.00 17.00 7.00 0.00 0.00 0.00 0.00 0.00
64.00 19.00 6.00 42.00 100.00 36.00 58.00 0.09 2.37 0.00 2.00 0.00 5.00 10.00 14.00 9.00 13.00 6.00 0.00 0.00 0.00 0.00 0.00
65.00 28.00 32.00 76.00 137.00 44.00 61.00 0.07 1.95 0.00 2.00 0.00 7.00 16.00 21.00 12.00 20.00 8.00 0.00 0.00 0.00 0.00 0.00
66.00 29.00 34.00 76.00 143.00 42.00 67.00 0.07 2.80 1.00 2.00 0.50 8.00 11.00 21.00 18.00 18.00 11.00 0.00 0.00 0.00 0.00 0.00
67.00 31.00 34.00 87.00 155.00 53.00 68.00 0.09 4.36 0.00 2.00 0.00 8.00 13.00 23.00 18.00 18.00 13.00 0.00 0.00 0.00 0.00 0.00
68.00 27.00 36.00 77.00 134.00 41.00 57.00 0.09 1.90 1.00 2.00 0.50 6.00 14.00 21.00 13.00 21.00 6.00 0.00 0.00 0.00 0.00 0.00
69.00 17.00 17.00 42.00 85.00 25.00 43.00 0.07 2.22 0.00 2.00 0.00 4.00 8.00 13.00 9.00 11.00 6.00 1.00 0.00 0.00 0.00 0.00
70.00 29.00 29.00 69.00 129.00 40.00 60.00 0.08 3.25 0.00 1.00 0.00 6.00 20.00 23.00 9.00 22.00 7.00 0.00 0.00 1.00 0.00 0.00
71.00 26.00 33.00 60.00 117.00 27.00 57.00 0.09 2.67 1.00 2.00 0.50 10.00 15.00 16.00 11.00 19.00 7.00 0.00 0.00 0.00 0.00 0.00
72.00 22.00 26.00 59.00 111.00 33.00 52.00 0.09 2.66 0.00 2.00 0.00 7.00 13.00 15.00 9.00 16.00 6.00 0.00 0.00 0.00 0.00 0.00
73.00 22.00 29.00 60.00 105.00 31.00 45.00 0.08 1.88 2.00 1.00 2.00 5.00 11.00 17.00 11.00 15.00 7.00 0.00 0.00 0.00 0.00 0.00
74.00 21.00 32.00 63.00 102.00 31.00 39.00 0.08 1.25 0.00 2.00 0.00 7.00 14.00 14.00 7.00 15.00 6.00 0.00 0.00 1.00 0.00 0.00
75.00 19.00 19.00 54.00 96.00 35.00 42.00 0.10 1.43 0.00 1.00 0.00 5.00 9.00 14.00 10.00 13.00 6.00 0.00 0.00 0.00 0.00 0.00
76.00 22.00 26.00 57.00 104.00 31.00 47.00 0.10 1.35 0.00 1.00 0.00 7.00 10.00 15.00 12.00 14.00 8.00 0.00 0.00 0.00 0.00 0.00
77.00 15.00 7.00 30.00 67.00 23.00 37.00 0.08 0.41 0.00 1.00 0.00 4.00 11.00 11.00 4.00 14.00 1.00 0.00 0.00 0.00 0.00 0.00
78.00 22.00 30.00 53.00 101.00 23.00 48.00 0.09 1.35 0.00 2.00 0.00 8.00 11.00 14.00 11.00 15.00 7.00 0.00 0.00 0.00 0.00 0.00
79.00 21.00 23.00 54.00 94.00 31.00 40.00 0.08 0.45 0.00 2.00 0.00 6.00 9.00 15.00 12.00 14.00 7.00 0.00 0.00 0.00 0.00 0.00
80.00 25.00 27.00 67.00 118.00 40.00 51.00 0.08 1.91 0.00 2.00 0.00 6.00 11.00 19.00 14.00 19.00 6.00 0.00 0.00 1.00 0.00 0.00
81.00 20.00 24.00 49.00 94.00 25.00 45.00 0.09 1.90 0.00 2.00 0.00 7.00 11.00 13.00 9.00 15.00 5.00 0.00 0.00 0.00 0.00 0.00
82.00 19.00 17.00 48.00 94.00 31.00 46.00 0.09 0.59 0.00 3.00 0.00 3.00 9.00 16.00 10.00 12.00 7.00 0.00 0.00 1.00 0.00 0.00
83.00 20.00 27.00 51.00 108.00 24.00 57.00 0.08 1.32 0.00 2.00 0.00 3.00 8.00 17.00 12.00 14.00 6.00 0.00 0.00 0.00 1.00 0.00
84.00 24.00 37.00 71.00 120.00 34.00 49.00 0.10 2.47 0.00 2.00 0.00 8.00 10.00 16.00 14.00 12.00 12.00 0.00 0.00 0.00 1.00 0.00
85.00 15.00 17.00 43.00 77.00 26.00 34.00 0.08 0.43 0.00 3.00 0.00 1.00 7.00 14.00 8.00 11.00 4.00 0.00 0.00 0.00 0.00 0.00
86.00 20.00 27.00 49.00 98.00 22.00 49.00 0.10 0.66 0.00 3.00 0.00 5.00 8.00 15.00 12.00 12.00 8.00 0.00 0.00 0.00 0.00 0.00
87.00 24.00 33.00 62.00 109.00 29.00 47.00 0.09 0.73 0.00 2.00 0.00 9.00 11.00 15.00 13.00 15.00 9.00 0.00 0.00 0.00 0.00 0.00
88.00 20.00 9.00 39.00 95.00 30.00 56.00 0.09 1.48 0.00 2.00 0.00 8.00 13.00 12.00 7.00 18.00 2.00 0.00 0.00 0.00 0.00 0.00
89.00 15.00 8.00 36.00 72.00 28.00 36.00 0.09 0.51 0.00 1.00 0.00 3.00 9.00 12.00 6.00 11.00 4.00 0.00 0.00 0.00 0.00 0.00
90.00 12.00 11.00 27.00 57.00 16.00 30.00 0.09 0.38 0.00 1.00 0.00 5.00 7.00 7.00 5.00 9.00 3.00 0.00 0.00 0.00 0.00 0.00
91.00 17.00 21.00 44.00 82.00 23.00 38.00 0.10 1.49 0.00 1.00 0.00 2.00 8.00 15.00 9.00 12.00 5.00 0.00 0.00 1.00 0.00 0.00
92.00 20.00 23.00 54.00 94.00 31.00 40.00 0.08 1.36 0.00 1.00 0.00 8.00 12.00 12.00 8.00 15.00 5.00 0.00 0.00 1.00 0.00 0.00
93.00 18.00 18.00 43.00 90.00 25.00 47.00 0.09 0.63 0.00 1.00 0.00 3.00 7.00 15.00 11.00 11.00 7.00 0.00 0.00 1.00 0.00 0.00
94.00 17.00 17.00 38.00 83.00 21.00 45.00 0.08 0.75 0.00 1.00 0.00 4.00 10.00 13.00 7.00 11.00 6.00 0.00 0.00 0.00 0.00 0.00
95.00 17.00 15.00 42.00 86.00 27.00 44.00 0.08 0.53 0.00 1.00 0.00 3.00 7.00 14.00 10.00 13.00 4.00 0.00 0.00 1.00 0.00 0.00
96.00 19.00 20.00 51.00 94.00 31.00 43.00 0.09 1.43 0.00 1.00 0.00 5.00 9.00 14.00 10.00 12.00 7.00 0.00 0.00 1.00 0.00 0.00
97.00 17.00 12.00 39.00 85.00 27.00 46.00 0.08 0.74 0.00 2.00 0.00 4.00 12.00 13.00 5.00 14.00 3.00 0.00 0.00 1.00 0.00 0.00
98.00 19.00 19.00 52.00 100.00 33.00 48.00 0.10 1.36 1.00 1.00 1.00 2.00 5.00 17.00 14.00 9.00 10.00 0.00 0.00 0.00 0.00 0.00
99.00 14.00 8.00 28.00 60.00 20.00 32.00 0.09 1.41 0.00 2.00 0.00 4.00 7.00 10.00 7.00 9.00 5.00 0.00 0.00 0.00 0.00 0.00
100.00 17.00 15.00 43.00 82.00 28.00 39.00 0.08 0.64 0.00 1.00 0.00 8.00 12.00 9.00 5.00 14.00 3.00 0.00 0.00 1.00 0.00 0.00
101.00 21.00 24.00 57.00 106.00 33.00 49.00 0.09 0.60 0.00 1.00 0.00 6.00 9.00 15.00 12.00 11.00 10.00 0.00 0.00 0.00 0.00 0.00
102.00 12.00 4.00 19.00 57.00 15.00 38.00 0.08 0.72 0.00 0.00 0.00 4.00 6.00 8.00 6.00 10.00 2.00 0.00 0.00 0.00 0.00 0.00
103.00 16.00 19.00 43.00 69.00 24.00 26.00 0.08 0.58 0.00 1.00 0.00 8.00 10.00 8.00 6.00 13.00 3.00 0.00 0.00 0.00 0.00 0.00
104.00 13.00 13.00 33.00 60.00 20.00 27.00 0.09 0.37 0.00 1.00 0.00 2.00 5.00 11.00 8.00 9.00 4.00 0.00 0.00 0.00 0.00 0.00
105.00 18.00 13.00 44.00 88.00 31.00 44.00 0.09 1.55 0.00 2.00 0.00 7.00 9.00 11.00 9.00 16.00 2.00 0.00 0.00 0.00 0.00 0.00
106.00 20.00 25.00 52.00 92.00 27.00 40.00 0.08 1.41 0.00 2.00 0.00 2.00 12.00 18.00 8.00 17.00 3.00 0.00 0.00 0.00 0.00 0.00
107.00 11.00 6.00 21.00 49.00 15.00 28.00 0.07 0.32 0.00 2.00 0.00 2.00 6.00 9.00 5.00 9.00 2.00 0.00 0.00 0.00 0.00 0.00
108.00 10.00 7.00 18.00 44.00 11.00 26.00 0.07 0.34 0.00 1.00 0.00 6.00 7.00 4.00 3.00 7.00 3.00 0.00 0.00 0.00 0.00 0.00
109.00 12.00 7.00 28.00 59.00 21.00 31.00 0.07 0.33 0.00 1.00 0.00 2.00 7.00 10.00 5.00 8.00 4.00 0.00 0.00 0.00 0.00 0.00
110.00 8.00 4.00 16.00 32.00 12.00 16.00 0.09 0.29 0.00 0.00 0.00 2.00 3.00 6.00 5.00 5.00 3.00 0.00 0.00 0.00 0.00 0.00
111.00 13.00 7.00 26.00 59.00 19.00 33.00 0.07 1.90 0.00 2.00 0.00 7.00 8.00 6.00 5.00 11.00 2.00 0.00 0.00 0.00 0.00 0.00
112.00 17.00 11.00 31.00 76.00 20.00 45.00 0.09 0.65 0.00 1.00 0.00 6.00 12.00 11.00 5.00 13.00 4.00 0.00 0.00 0.00 0.00 0.00
113.00 12.00 10.00 25.00 58.00 15.00 33.00 0.09 0.52 0.00 1.00 0.00 5.00 7.00 7.00 5.00 11.00 1.00 0.00 0.00 0.00 0.00 0.00
114.00 4.00 0.00 1.00 9.00 1.00 8.00 0.08 0.22 0.00 0.00 0.00 1.00 3.00 3.00 1.00 4.00 0.00 0.00 0.00 0.00 0.00 0.00
115.00 15.00 7.00 27.00 61.00 20.00 34.00 0.09 0.49 0.00 1.00 0.00 7.00 10.00 8.00 5.00 13.00 2.00 0.00 0.00 0.00 0.00 0.00
116.00 10.00 4.00 19.00 45.00 15.00 26.00 0.09 0.45 0.00 1.00 0.00 4.00 7.00 6.00 3.00 9.00 1.00 0.00 0.00 0.00 0.00 0.00
117.00 10.00 4.00 21.00 49.00 17.00 28.00 0.08 0.42 0.00 0.00 0.00 4.00 8.00 6.00 2.00 9.00 1.00 0.00 0.00 0.00 0.00 0.00
118.00 7.00 2.00 7.00 28.00 5.00 21.00 0.09 3.58 0.00 1.00 0.00 3.00 6.00 4.00 1.00 7.00 0.00 0.00 0.00 0.00 0.00 0.00
119.00 13.00 10.00 29.00 59.00 19.00 30.00 0.09 2.69 0.00 0.00 0.00 9.00 11.00 4.00 2.00 12.00 1.00 0.00 0.00 0.00 0.00 0.00
120.00 10.00 2.00 19.00 50.00 17.00 31.00 0.07 0.42 0.00 1.00 0.00 3.00 7.00 7.00 3.00 8.00 2.00 0.00 0.00 0.00 0.00 0.00
121.00 6.00 0.00 8.00 26.00 8.00 18.00 0.08 0.28 0.00 1.00 0.00 3.00 5.00 3.00 1.00 5.00 1.00 0.00 0.00 0.00 0.00 0.00
122.00 16.00 9.00 31.00 71.00 22.00 40.00 0.09 0.97 0.00 1.00 0.00 5.00 10.00 11.00 6.00 10.00 6.00 0.00 0.00 0.00 0.00 0.00
123.00 14.00 12.00 31.00 57.00 19.00 26.00 0.08 0.45 0.00 0.00 0.00 2.00 11.00 12.00 3.00 12.00 2.00 0.00 0.00 0.00 1.00 0.00
124.00 11.00 7.00 24.00 51.00 17.00 27.00 0.07 0.42 0.00 1.00 0.00 1.00 5.00 10.00 6.00 9.00 2.00 0.00 0.00 0.00 0.00 0.00
125.00 12.00 5.00 21.00 56.00 16.00 35.00 0.08 0.51 0.00 1.00 0.00 4.00 7.00 8.00 5.00 10.00 2.00 0.00 0.00 0.00 0.00 0.00
126.00 9.00 4.00 16.00 40.00 12.00 24.00 0.07 2.01 0.00 1.00 0.00 2.00 6.00 7.00 3.00 8.00 1.00 0.00 0.00 0.00 0.00 0.00
127.00 11.00 9.00 25.00 46.00 16.00 21.00 0.10 1.94 0.00 1.00 0.00 5.00 8.00 6.00 3.00 10.00 1.00 0.00 0.00 0.00 0.00 0.00
128.00 15.00 10.00 30.00 70.00 20.00 40.00 0.08 2.62 0.00 0.00 0.00 7.00 10.00 8.00 5.00 13.00 2.00 0.00 0.00 0.00 0.00 0.00
129.00 9.00 4.00 12.00 34.00 8.00 22.00 0.09 2.23 0.00 0.00 0.00 3.00 7.00 6.00 2.00 8.00 1.00 0.00 0.00 0.00 0.00 0.00
130.00 8.00 0.00 8.00 26.00 8.00 18.00 0.10 0.51 0.00 0.00 0.00 4.00 7.00 4.00 1.00 7.00 1.00 0.00 0.00 0.00 0.00 0.00
131.00 7.00 4.00 14.00 30.00 10.00 16.00 0.08 0.31 0.00 1.00 0.00 1.00 5.00 6.00 2.00 6.00 1.00 0.00 0.00 0.00 0.00 0.00
132.00 12.00 7.00 23.00 52.00 16.00 29.00 0.09 1.86 0.00 0.00 0.00 5.00 8.00 7.00 4.00 10.00 2.00 0.00 0.00 0.00 0.00 0.00
133.00 7.00 2.00 7.00 26.00 5.00 19.00 0.09 0.30 0.00 0.00 0.00 4.00 5.00 3.00 2.00 7.00 0.00 0.00 0.00 0.00 0.00 0.00
134.00 9.00 1.00 12.00 35.00 11.00 23.00 0.09 0.38 0.00 1.00 0.00 2.00 5.00 7.00 4.00 7.00 2.00 0.00 0.00 0.00 0.00 0.00
135.00 13.00 10.00 26.00 49.00 16.00 23.00 0.09 1.77 0.00 0.00 0.00 8.00 10.00 5.00 3.00 11.00 2.00 0.00 0.00 0.00 0.00 0.00
136.00 10.00 8.00 22.00 45.00 14.00 23.00 0.10 0.34 0.00 0.00 0.00 5.00 5.00 5.00 5.00 8.00 2.00 0.00 0.00 0.00 0.00 0.00
137.00 9.00 4.00 16.00 38.00 12.00 22.00 0.08 0.35 0.00 0.00 0.00 3.00 5.00 6.00 4.00 7.00 2.00 0.00 0.00 0.00 0.00 0.00
138.00 3.00 0.00 2.00 9.00 2.00 7.00 0.08 0.15 0.00 0.00 0.00 2.00 3.00 1.00 0.00 3.00 0.00 0.00 0.00 0.00 0.00 0.00
139.00 4.00 0.00 4.00 15.00 4.00 11.00 0.10 0.09 0.00 0.00 0.00 1.00 3.00 3.00 1.00 4.00 0.00 0.00 0.00 0.00 0.00 0.00
140.00 8.00 0.00 8.00 29.00 8.00 21.00 0.10 0.67 0.00 0.00 0.00 3.00 6.00 5.00 2.00 7.00 1.00 0.00 0.00 0.00 0.00 0.00
141.00 3.00 0.00 0.00 1.00 0.00 1.00 0.08 0.20 0.00 0.00 0.00 2.00 3.00 1.00 0.00 3.00 0.00 0.00 0.00 0.00 0.00 0.00
142.00 9.00 5.00 16.00 37.00 11.00 21.00 0.10 0.41 0.00 0.00 0.00 4.00 7.00 5.00 2.00 9.00 0.00 0.00 0.00 0.00 0.00 0.00
143.00 3.00 0.00 2.00 10.00 2.00 8.00 0.11 0.18 0.00 0.00 0.00 2.00 3.00 1.00 0.00 3.00 0.00 0.00 0.00 0.00 0.00 0.00
144.00 3.00 0.00 0.00 6.00 0.00 6.00 0.09 0.24 0.00 0.00 0.00 2.00 3.00 1.00 0.00 3.00 0.00 0.00 0.00 0.00 0.00 0.00
145.00 3.00 0.00 0.00 2.00 0.00 2.00 0.09 0.25 0.00 0.00 0.00 2.00 3.00 1.00 0.00 3.00 0.00 0.00 0.00 0.00 0.00 0.00
146.00 1.00 0.00 0.00 0.00 0.00 0.00 0.09 0.00 0.00 0.00 0.00 1.00 1.00 0.00 0.00 1.00 0.00 0.00 0.00 0.00 0.00 0.00
