0.00 2.00 0.00 0.00 1.00 0.00 1.00 0.09 0.28 0.00 0.00 0.00 2.00 2.00 0.00 0.00 2.00 0.00 0.00 0.00 0.00 0.00 0.00
1.00 3.00 0.00 0.00 3.00 0.00 3.00 0.08 0.17 0.00 0.00 0.00 2.00 3.00 1.00 0.00 3.00 0.00 0.00 0.00 0.00 0.00 0.00
2.00 3.00 0.00 2.00 10.00 2.00 8.00 0.10 4.57 0.00 0.00 0.00 2.00 3.00 1.00 0.00 3.00 0.00 0.00 0.00 0.00 0.00 0.00
3.00 7.00 2.00 9.00 34.00 7.00 25.00 0.09 4.78 0.00 0.00 0.00 5.00 6.00 2.00 1.00 6.00 1.00 0.00 0.00 0.00 0.00 0.00
4.00 3.00 0.00 2.00 11.00 2.00 9.00 0.07 4.45 0.00 0.00 0.00 2.00 3.00 1.00 0.00 3.00 0.00 0.00 0.00 0.00 0.00 0.00
5.00 5.00 0.00 6.00 19.00 6.00 13.00 0.08 3.01 0.00 0.00 0.00 4.00 4.00 1.00 1.00 4.00 1.00 0.00 0.00 0.00 0.00 0.00
6.00 5.00 1.00 7.00 22.00 6.00 15.00 0.08 4.98 0.00 1.00 0.00 0.00 4.00 5.00 1.00 4.00 1.00 0.00 0.00 0.00 0.00 0.00
7.00 4.00 0.00 4.00 15.00 4.00 11.00 0.09 5.21 0.00 0.00 0.00 3.00 3.00 1.00 1.00 4.00 0.00 0.00 0.00 0.00 0.00 0.00
8.00 9.00 3.00 19.00 41.00 16.00 22.00 0.10 4.97 0.00 1.00 0.00 4.00 8.00 5.00 1.00 8.00 1.00 0.00 0.00 0.00 0.00 0.00
9.00 9.00 6.00 15.00 41.00 9.00 26.00 0.10 4.72 0.00 0.00 0.00 1.00 4.00 8.00 5.00 8.00 1.00 0.00 0.00 0.00 0.00 0.00
10.00 10.00 5.00 20.00 49.00 15.00 29.00 0.07 4.14 0.00 1.00 0.00 2.00 8.00 8.00 2.00 9.00 1.00 0.00 0.00 0.00 0.00 0.00
11.00 14.00 11.00 28.00 61.00 17.00 33.00 0.08 4.86 0.00 2.00 0.00 6.00 9.00 8.00 5.00 11.00 3.00 0.00 0.00 0.00 0.00 0.00
12.00 7.00 0.00 8.00 29.00 8.00 21.00 0.09 4.06 0.00 1.00 0.00 3.00 5.00 4.00 2.00 6.00 1.00 0.00 0.00 0.00 0.00 0.00
13.00 8.00 5.00 14.00 37.00 9.00 23.00 0.09 3.79 0.00 0.00 0.00 5.00 6.00 3.00 2.00 7.00 1.00 0.00 0.00 0.00 0.00 0.00
14.00 12.00 9.00 25.00 53.00 16.00 28.00 0.09 4.94 0.00 0.00 0.00 4.00 8.00 8.00 4.00 10.00 2.00 0.00 0.00 0.00 1.00 0.00
15.00 14.00 11.00 34.00 68.00 23.00 34.00 0.08 4.87 0.00 0.00 0.00 5.00 8.00 9.00 6.00 11.00 3.00 0.00 0.00 0.00 0.00 0.00
16.00 7.00 1.00 5.00 29.00 4.00 24.00 0.09 3.97 0.00 0.00 0.00 3.00 5.00 4.00 2.00 6.00 1.00 0.00 0.00 1.00 0.00 0.00
17.00 13.00 10.00 31.00 66.00 21.00 35.00 0.09 4.63 0.00 0.00 0.00 4.00 6.00 9.00 7.00 9.00 4.00 0.00 0.00 0.00 0.00 0.00
18.00 14.00 12.00 35.00 73.00 23.00 38.00 0.09 4.03 0.00 0.00 0.00 3.00 6.00 11.00 8.00 7.00 7.00 0.00 0.00 0.00 0.00 0.00
19.00 21.00 16.00 51.00 108.00 35.00 57.00 0.09 4.64 1.00 0.00 0.00 4.00 12.00 17.00 9.00 13.00 8.00 0.00 0.00 0.00 0.00 0.00
20.00 16.00 15.00 37.00 76.00 22.00 39.00 0.09 4.35 0.00 1.00 0.00 4.00 12.00 12.00 4.00 13.00 3.00 0.00 0.00 1.00 0.00 0.00
21.00 15.00 11.00 34.00 64.00 23.00 30.00 0.09 4.21 0.00 1.00 0.00 4.00 11.00 11.00 4.00 13.00 2.00 0.00 0.00 1.00 0.00 0.00
22.00 17.00 15.00 38.00 85.00 23.00 47.00 0.09 2.91 0.00 1.00 0.00 3.00 9.00 14.00 8.00 14.00 3.00 0.00 0.00 1.00 0.00 0.00
23.00 18.00 16.00 44.00 92.00 28.00 48.00 0.08 4.51 0.00 0.00 0.00 6.00 6.00 12.00 12.00 10.00 8.00 0.00 0.00 0.00 0.00 0.00
24.00 17.00 15.00 37.00 80.00 22.00 43.00 0.09 3.71 0.00 1.00 0.00 7.00 10.00 10.00 7.00 12.00 5.00 0.00 0.00 0.00 0.00 0.00
25.00 23.00 25.00 58.00 113.00 33.00 55.00 0.10 4.80 0.00 1.00 0.00 4.00 9.00 19.00 14.00 15.00 8.00 0.00 0.00 1.00 0.00 0.00
26.00 12.00 7.00 26.00 60.00 19.00 34.00 0.10 4.25 0.00 1.00 0.00 1.00 4.00 11.00 8.00 8.00 4.00 0.00 0.00 0.00 0.00 0.00
27.00 19.00 19.00 52.00 91.00 33.00 39.00 0.09 4.63 0.00 1.00 0.00 5.00 9.00 14.00 10.00 12.00 7.00 0.00 0.00 1.00 0.00 0.00
28.00 23.00 25.00 57.00 106.00 32.00 49.00 0.09 4.93 0.00 1.00 0.00 7.00 11.00 16.00 12.00 14.00 9.00 0.00 0.00 0.00 0.00 0.00
29.00 25.00 29.00 71.00 125.00 42.00 54.00 0.08 4.73 0.00 0.00 0.00 8.00 13.00 17.00 12.00 17.00 8.00 0.00 0.00 0.00 1.00 0.00
30.00 21.00 22.00 54.00 104.00 32.00 50.00 0.10 4.59 1.00 1.00 1.00 7.00 15.00 14.00 6.00 17.00 4.00 0.00 0.00 0.00 0.00 0.00
31.00 19.00 14.00 43.00 94.00 29.00 51.00 0.06 4.81 0.00 1.00 0.00 5.00 9.00 14.00 10.00 13.00 6.00 0.00 0.00 1.00 1.00 0.00
32.00 19.00 19.00 48.00 96.00 29.00 48.00 0.07 4.25 0.00 1.00 0.00 4.00 9.00 15.00 10.00 13.00 6.00 0.00 0.00 0.00 0.00 0.00
33.00 22.00 19.00 50.00 103.00 31.00 53.00 0.07 4.32 0.00 1.00 0.00 8.00 10.00 14.00 12.00 13.00 9.00 0.00 0.00 0.00 0.00 0.00
34.00 23.00 31.00 62.00 116.00 31.00 54.00 0.08 4.46 0.00 1.00 0.00 5.00 9.00 18.00 14.00 12.00 11.00 0.00 0.00 1.00 0.00 0.00
35.00 19.00 20.00 56.00 90.00 36.00 34.00 0.07 3.98 0.00 2.00 0.00 3.00 9.00 16.00 10.00 14.00 5.00 0.00 0.00 2.00 0.00 0.00
36.00 25.00 35.00 66.00 117.00 31.00 51.00 0.08 4.57 0.00 1.00 0.00 8.00 12.00 17.00 13.00 14.00 11.00 0.00 0.00 1.00 0.00 0.00
37.00 24.00 28.00 64.00 121.00 36.00 57.00 0.07 4.40 0.00 1.00 0.00 4.00 10.00 20.00 14.00 15.00 9.00 0.00 0.00 1.00 0.00 0.00
38.00 19.00 21.00 50.00 91.00 29.00 41.00 0.09 4.26 0.00 1.00 0.00 4.00 6.00 15.00 13.00 9.00 10.00 0.00 0.00 1.00 0.00 0.00
39.00 22.00 32.00 63.00 113.00 31.00 50.00 0.08 4.29 0.00 1.00 0.00 4.00 8.00 18.00 14.00 10.00 12.00 0.00 0.00 1.00 0.00 0.00
40.00 20.00 23.00 53.00 97.00 30.00 44.00 0.07 4.52 0.00 2.00 0.00 6.00 9.00 14.00 11.00 11.00 9.00 0.00 0.00 1.00 0.00 0.00
41.00 23.00 22.00 60.00 115.00 38.00 55.00 0.08 4.35 0.00 1.00 0.00 5.00 9.00 18.00 14.00 15.00 8.00 0.00 0.00 1.00 0.00 0.00
42.00 17.00 17.00 37.00 82.00 20.00 45.00 0.09 4.14 0.00 1.00 0.00 2.00 8.00 15.00 9.00 12.00 5.00 0.00 0.00 1.00 0.00 0.00
43.00 18.00 9.00 39.00 86.00 30.00 47.00 0.08 3.56 0.00 2.00 0.00 5.00 7.00 13.00 11.00 14.00 4.00 0.00 0.00 1.00 0.00 0.00
44.00 22.00 27.00 58.00 111.00 31.00 53.00 0.09 4.12 0.00 1.00 0.00 5.00 9.00 17.00 13.00 14.00 8.00 0.00 0.00 1.00 0.00 0.00
45.00 27.00 33.00 77.00 134.00 44.00 57.00 0.08 3.76 0.00 2.00 0.00 10.00 15.00 17.00 12.00 17.00 10.00 0.00 0.00 1.00 0.00 1.00
46.00 18.00 14.00 46.00 89.00 32.00 43.00 0.06 3.49 0.00 1.00 0.00 7.00 11.00 11.00 7.00 15.00 3.00 0.00 0.00 1.00 0.00 0.00
47.00 26.00 32.00 67.00 134.00 35.00 67.00 0.08 2.78 0.00 1.00 0.00 6.00 13.00 20.00 13.00 20.00 6.00 0.00 0.00 1.00 0.00 0.00
48.00 13.00 8.00 28.00 52.00 20.00 24.00 0.09 4.62 0.00 1.00 0.00 6.00 7.00 7.00 6.00 10.00 3.00 0.00 0.00 1.00 0.00 0.00
49.00 18.00 20.00 41.00 85.00 21.00 44.00 0.10 3.85 0.00 1.00 0.00 6.00 9.00 12.00 9.00 12.00 6.00 0.00 0.00 0.00 0.00 0.00
50.00 21.00 29.00 57.00 103.00 28.00 46.00 0.07 1.32 0.00 1.00 0.00 3.00 8.00 18.00 13.00 13.00 8.00 0.00 0.00 0.00 0.00 0.00
51.00 20.00 22.00 49.00 97.00 27.00 48.00 0.07 2.85 0.00 2.00 0.00 4.00 9.00 16.00 11.00 13.00 7.00 0.00 0.00 0.00 0.00 0.00
52.00 21.00 23.00 54.00 96.00 31.00 42.00 0.09 3.67 0.00 1.00 0.00 5.00 10.00 16.00 11.00 17.00 4.00 0.00 0.00 0.00 0.00 0.00
53.00 21.00 23.00 56.00 103.00 33.00 47.00 0.09 4.89 0.00 1.00 0.00 6.00 10.00 15.00 11.00 16.00 5.00 0.00 0.00 0.00 0.00 0.00
54.00 28.00 37.00 79.00 130.00 42.00 51.00 0.10 4.84 0.00 1.00 0.00 6.00 15.00 22.00 13.00 24.00 4.00 0.00 0.00 0.00 0.00 0.00
55.00 28.00 32.00 76.00 135.00 44.00 59.00 0.10 4.58 0.00 1.00 0.00 7.00 11.00 21.00 17.00 17.00 11.00 0.00 0.00 0.00 0.00 0.00
56.00 32.00 41.00 90.00 149.00 49.00 59.00 0.08 4.84 0.00 1.00 0.00 8.00 16.00 24.00 16.00 22.00 10.00 0.00 0.00 0.00 0.00 0.00
57.00 24.00 32.00 67.00 121.00 35.00 54.00 0.07 4.86 1.00 1.00 1.00 7.00 12.00 17.00 12.00 18.00 6.00 0.00 0.00 0.00 0.00 0.00
58.00 32.00 42.00 90.00 160.00 48.00 70.00 0.08 4.89 1.00 2.00 0.50 7.00 13.00 25.00 19.00 18.00 14.00 0.00 0.00 1.00 0.00 0.00
59.00 19.00 11.00 46.00 97.00 35.00 51.00 0.08 3.78 1.00 2.00 0.50 4.00 7.00 15.00 12.00 13.00 6.00 0.00 0.00 0.00 0.00 0.00
60.00 25.00 28.00 72.00 131.00 44.00 59.00 0.10 4.59 1.00 2.00 0.50 3.00 10.00 22.00 15.00 16.00 9.00 0.00 0.00 0.00 0.00 0.00
61.00 31.00 36.00 99.00 159.00 63.00 60.00 0.10 4.87 0.00 4.00 0.00 5.00 15.00 26.00 16.00 22.00 9.00 0.00 0.00 0.00 0.00 1.00
62.00 23.00 26.00 66.00 119.00 40.00 53.00 0.08 4.79 1.00 3.00 0.33 3.00 10.00 20.00 13.00 13.00 10.00 0.00 0.00 0.00 0.00 0.00
63.00 30.00 46.00 92.00 157.00 46.00 65.00 0.07 4.77 0.00 2.00 0.00 8.00 13.00 22.00 17.00 21.00 9.00 0.00 0.00 0.00 0.00 0.00
64.00 32.00 48.00 97.00 158.00 49.00 61.00 0.09 4.88 1.00 4.00 0.25 8.00 15.00 24.00 17.00 21.00 11.00 0.00 0.00 1.00 0.00 0.00
65.00 34.00 55.00 112.00 180.00 57.00 68.00 0.08 4.96 1.00 4.00 0.25 8.00 16.00 26.00 18.00 21.00 13.00 0.00 0.00 1.00 1.00 0.00
66.00 30.00 32.00 88.00 150.00 56.00 62.00 0.09 4.54 1.00 3.00 0.33 10.00 17.00 20.00 13.00 19.00 11.00 0.00 0.00 0.00 0.00 0.00
67.00 26.00 32.00 62.00 126.00 30.00 64.00 0.07 4.55 1.00 4.00 0.25 7.00 13.00 19.00 13.00 17.00 9.00 0.00 0.00 1.00 0.00 0.00
68.00 19.00 16.00 45.00 100.00 29.00 55.00 0.08 4.61 0.00 2.00 0.00 3.00 9.00 16.00 10.00 12.00 7.00 0.00 0.00 0.00 0.00 0.00
69.00 29.00 25.00 72.00 145.00 47.00 73.00 0.07 4.61 0.00 3.00 0.00 8.00 17.00 21.00 12.00 21.00 8.00 0.00 0.00 1.00 0.00 0.00
70.00 27.00 22.00 73.00 138.00 51.00 65.00 0.08 4.23 0.00 2.00 0.00 7.00 16.00 20.00 11.00 19.00 8.00 0.00 0.00 0.00 0.00 0.00
71.00 25.00 28.00 63.00 121.00 35.00 58.00 0.10 4.98 0.00 2.00 0.00 7.00 10.00 18.00 15.00 13.00 12.00 0.00 0.00 1.00 0.00 0.00
72.00 26.00 22.00 69.00 133.00 47.00 64.00 0.08 5.12 0.00 2.00 0.00 7.00 13.00 19.00 13.00 15.00 11.00 0.00 0.00 0.00 0.00 0.00
73.00 30.00 37.00 82.00 159.00 45.00 77.00 0.08 4.75 1.00 2.00 0.50 6.00 14.00 24.00 16.00 22.00 8.00 0.00 0.00 1.00 0.00 0.00
74.00 30.00 46.00 84.00 150.00 38.00 66.00 0.08 4.67 0.00 1.00 0.00 8.00 13.00 22.00 17.00 21.00 9.00 0.00 0.00 1.00 0.00 0.00
75.00 18.00 10.00 36.00 98.00 26.00 62.00 0.08 3.62 0.00 1.00 0.00 5.00 11.00 13.00 7.00 13.00 5.00 0.00 0.00 1.00 0.00 0.00
76.00 26.00 37.00 77.00 134.00 40.00 57.00 0.08 4.44 0.00 2.00 0.00 4.00 13.00 22.00 13.00 17.00 9.00 0.00 0.00 1.00 1.00 0.00
77.00 29.00 44.00 85.00 143.00 41.00 58.00 0.08 4.86 0.00 2.00 0.00 6.00 12.00 23.00 17.00 17.00 12.00 0.00 0.00 0.00 0.00 0.00
78.00 25.00 28.00 63.00 133.00 35.00 70.00 0.08 4.81 0.00 2.00 0.00 8.00 13.00 17.00 12.00 13.00 12.00 0.00 0.00 1.00 1.00 0.00
79.00 26.00 35.00 68.00 136.00 33.00 68.00 0.09 4.93 0.00 2.00 0.00 4.00 11.00 22.00 15.00 19.00 7.00 0.00 0.00 1.00 1.00 0.00
80.00 28.00 36.00 82.00 148.00 46.00 66.00 0.09 4.69 0.00 1.00 0.00 5.00 14.00 23.00 14.00 17.00 11.00 0.00 0.00 1.00 1.00 0.00
81.00 27.00 30.00 80.00 141.00 50.00 61.00 0.08 4.96 0.00 1.00 0.00 6.00 13.00 21.00 14.00 16.00 11.00 0.00 0.00 1.00 1.00 0.00
82.00 28.00 36.00 83.00 144.00 47.00 61.00 0.08 5.08 0.00 2.00 0.00 9.00 12.00 19.00 16.00 19.00 9.00 0.00 0.00 1.00 1.00 0.00
83.00 25.00 25.00 62.00 124.00 37.00 62.00 0.08 5.00 0.00 1.00 0.00 5.00 14.00 20.00 11.00 19.00 6.00 0.00 0.00 0.00 0.00 0.00
84.00 25.00 22.00 63.00 125.00 41.00 62.00 0.09 4.97 0.00 3.00 0.00 8.00 13.00 17.00 12.00 17.00 8.00 0.00 0.00 1.00 0.00 0.00
85.00 24.00 20.00 57.00 119.00 37.00 62.00 0.09 4.87 0.00 2.00 0.00 7.00 11.00 17.00 13.00 16.00 8.00 0.00 0.00 0.00 0.00 0.00
86.00 27.00 37.00 78.00 142.00 41.00 64.00 0.07 5.00 0.00 3.00 0.00 6.00 12.00 21.00 15.00 17.00 10.00 0.00 0.00 0.00 1.00 0.00
87.00 29.00 31.00 76.00 148.00 45.00 72.00 0.08 4.98 0.00 1.00 0.00 7.00 13.00 22.00 16.00 17.00 12.00 0.00 0.00 1.00 1.00 0.00
88.00 25.00 25.00 72.00 125.00 47.00 53.00 0.08 4.56 0.00 2.00 0.00 4.00 12.00 21.00 13.00 18.00 7.00 0.00 0.00 1.00 1.00 0.00
89.00 26.00 28.00 61.00 127.00 33.00 66.00 0.08 4.36 0.00 2.00 0.00 10.00 12.00 16.00 14.00 14.00 12.00 0.00 0.00 1.00 2.00 0.00
90.00 21.00 23.00 53.00 111.00 30.00 58.00 0.09 4.40 0.00 2.00 0.00 3.00 6.00 18.00 15.00 13.00 8.00 0.00 0.00 2.00 2.00 0.00
91.00 23.00 28.00 60.00 111.00 32.00 51.00 0.08 4.20 0.00 1.00 0.00 7.00 13.00 16.00 10.00 18.00 5.00 0.00 0.00 1.00 1.00 0.00
92.00 18.00 16.00 43.00 87.00 27.00 44.00 0.08 3.82 0.00 1.00 0.00 6.00 8.00 12.00 10.00 10.00 8.00 0.00 0.00 0.00 0.00 0.00
93.00 16.00 12.00 36.00 78.00 24.00 42.00 0.09 3.68 0.00 1.00 0.00 8.00 11.00 8.00 5.00 11.00 5.00 0.00 0.00 0.00 1.00 0.00
94.00 20.00 23.00 57.00 94.00 34.00 37.00 0.09 3.65 0.00 1.00 0.00 8.00 11.00 12.00 9.00 17.00 3.00 0.00 0.00 0.00 0.00 0.00
95.00 22.00 24.00 56.00 113.00 32.00 57.00 0.08 4.25 0.00 1.00 0.00 4.00 7.00 18.00 15.00 13.00 9.00 0.00 0.00 1.00 2.00 0.00
96.00 31.00 32.00 77.00 144.00 45.00 67.00 0.09 3.04 0.00 1.00 0.00 9.00 16.00 22.00 15.00 22.00 9.00 0.00 0.00 1.00 1.00 0.00
97.00 25.00 30.00 69.00 127.00 39.00 58.00 0.09 2.40 1.00 1.00 1.00 6.00 16.00 19.00 9.00 20.00 5.00 0.00 0.00 1.00 0.00 0.00
98.00 29.00 36.00 86.00 149.00 50.00 63.00 0.08 2.51 1.00 1.00 1.00 9.00 15.00 20.00 14.00 19.00 10.00 0.00 0.00 1.00 0.00 0.00
99.00 22.00 23.00 53.00 108.00 30.00 55.00 0.08 3.22 1.00 1.00 1.00 4.00 11.00 18.00 11.00 13.00 9.00 0.00 0.00 1.00 0.00 0.00
100.00 22.00 29.00 58.00 103.00 29.00 45.00 0.08 3.85 0.00 1.00 0.00 5.00 13.00 17.00 9.00 17.00 5.00 0.00 0.00 1.00 0.00 0.00
101.00 24.00 31.00 64.00 113.00 33.00 49.00 0.07 4.25 0.00 1.00 0.00 6.00 15.00 18.00 9.00 18.00 6.00 0.00 0.00 1.00 0.00 0.00
102.00 21.00 24.00 56.00 111.00 32.00 55.00 0.08 2.60 0.00 1.00 0.00 5.00 13.00 16.00 8.00 17.00 4.00 0.00 0.00 1.00 0.00 0.00
103.00 24.00 31.00 65.00 121.00 34.00 56.00 0.08 3.18 0.00 1.00 0.00 4.00 9.00 20.00 15.00 14.00 10.00 0.00 0.00 0.00 0.00 0.00
104.00 26.00 33.00 70.00 132.00 37.00 62.00 0.09 3.72 0.00 1.00 0.00 3.00 14.00 23.00 12.00 20.00 6.00 0.00 0.00 0.00 0.00 0.00
105.00 18.00 9.00 42.00 90.00 33.00 48.00 0.09 2.12 0.00 1.00 0.00 6.00 8.00 12.00 10.00 14.00 4.00 0.00 0.00 0.00 0.00 0.00
106.00 23.00 24.00 60.00 110.00 36.00 50.00 0.08 3.06 0.00 1.00 0.00 7.00 12.00 16.00 11.00 13.00 10.00 0.00 0.00 0.00 0.00 0.00
107.00 21.00 20.00 51.00 98.00 31.00 47.00 0.09 2.82 0.00 2.00 0.00 7.00 13.00 14.00 8.00 18.00 3.00 0.00 0.00 0.00 0.00 0.00
108.00 17.00 21.00 50.00 87.00 29.00 37.00 0.09 0.68 0.00 1.00 0.00 3.00 5.00 14.00 12.00 8.00 9.00 0.00 0.00 0.00 0.00 0.00
109.00 19.00 16.00 47.00 91.00 31.00 44.00 0.09 1.59 0.00 1.00 0.00 5.00 9.00 14.00 10.00 14.00 5.00 0.00 0.00 0.00 0.00 0.00
110.00 17.00 22.00 45.00 81.00 23.00 36.00 0.08 0.50 0.00 1.00 0.00 2.00 6.00 15.00 11.00 8.00 9.00 0.00 0.00 0.00 1.00 0.00
111.00 21.00 24.00 62.00 104.00 38.00 42.00 0.08 1.99 0.00 1.00 0.00 4.00 9.00 17.00 12.00 13.00 8.00 0.00 0.00 1.00 0.00 0.00
112.00 12.00 8.00 26.00 60.00 18.00 34.00 0.08 0.53 0.00 1.00 0.00 3.00 7.00 9.00 5.00 8.00 4.00 0.00 0.00 0.00 0.00 0.00
113.00 15.00 16.00 40.00 70.00 24.00 30.00 0.09 1.42 0.00 1.00 0.00 3.00 6.00 12.00 9.00 8.00 7.00 0.00 0.00 1.00 0.00 0.00
114.00 12.00 8.00 25.00 55.00 17.00 30.00 0.09 0.51 0.00 1.00 0.00 4.00 7.00 8.00 5.00 11.00 1.00 0.00 0.00 0.00 0.00 0.00
115.00 8.00 3.00 15.00 39.00 12.00 24.00 0.08 0.20 0.00 1.00 0.00 2.00 4.00 6.00 4.00 6.00 2.00 0.00 0.00 0.00 0.00 0.00
116.00 19.00 25.00 48.00 89.00 23.00 41.00 0.08 2.71 0.00 1.00 0.00 5.00 9.00 14.00 10.00 14.00 5.00 0.00 0.00 0.00 0.00 0.00
117.00 18.00 13.00 41.00 88.00 28.00 47.00 0.08 3.23 0.00 1.00 0.00 7.00 10.00 11.00 8.00 11.00 7.00 0.00 0.00 0.00 0.00 0.00
118.00 14.00 15.00 36.00 65.00 21.00 29.00 0.09 0.41 0.00 1.00 0.00 3.00 9.00 11.00 5.00 9.00 5.00 0.00 0.00 0.00 0.00 0.00
119.00 18.00 18.00 43.00 83.00 25.00 40.00 0.09 1.38 0.00 1.00 0.00 4.00 7.00 14.00 11.00 12.00 6.00 0.00 0.00 0.00 0.00 0.00
120.00 21.00 16.00 55.00 100.00 39.00 45.00 0.08 2.83 0.00 1.00 0.00 9.00 13.00 12.00 8.00 18.00 3.00 0.00 0.00 0.00 0.00 1.00
121.00 20.00 25.00 53.00 100.00 28.00 47.00 0.09 1.95 0.00 0.00 0.00 4.00 8.00 16.00 12.00 16.00 4.00 0.00 0.00 0.00 0.00 0.00
122.00 12.00 10.00 26.00 55.00 16.00 29.00 0.09 0.47 0.00 1.00 0.00 3.00 5.00 9.00 7.00 8.00 4.00 0.00 0.00 0.00 0.00 0.00
123.00 20.00 23.00 47.00 98.00 24.00 51.00 0.07 2.53 0.00 1.00 0.00 7.00 13.00 13.00 7.00 15.00 5.00 0.00 0.00 0.00 0.00 0.00
124.00 14.00 13.00 36.00 72.00 23.00 36.00 0.09 2.50 0.00 1.00 0.00 3.00 4.00 11.00 10.00 8.00 6.00 0.00 0.00 0.00 0.00 0.00
125.00 11.00 10.00 24.00 50.00 14.00 26.00 0.09 0.41 0.00 1.00 0.00 1.00 4.00 10.00 7.00 9.00 2.00 0.00 0.00 0.00 0.00 0.00
126.00 17.00 13.00 35.00 76.00 22.00 41.00 0.09 2.17 0.00 1.00 0.00 6.00 10.00 11.00 7.00 11.00 6.00 0.00 0.00 0.00 0.00 0.00
127.00 17.00 18.00 40.00 81.00 22.00 41.00 0.07 1.37 0.00 1.00 0.00 4.00 10.00 13.00 7.00 10.00 7.00 0.00 0.00 0.00 0.00 0.00
128.00 11.00 9.00 25.00 54.00 16.00 29.00 0.07 0.44 0.00 0.00 0.00 2.00 7.00 9.00 4.00 8.00 3.00 0.00 0.00 0.00 0.00 0.00
129.00 10.00 7.00 24.00 49.00 17.00 25.00 0.08 0.30 0.00 2.00 0.00 3.00 6.00 7.00 4.00 9.00 1.00 0.00 0.00 0.00 0.00 0.00
130.00 16.00 22.00 39.00 76.00 17.00 37.00 0.09 0.57 0.00 1.00 0.00 7.00 11.00 9.00 5.00 14.00 2.00 0.00 0.00 0.00 0.00 0.00
131.00 11.00 9.00 20.00 52.00 11.00 32.00 0.08 0.45 0.00 1.00 0.00 3.00 4.00 8.00 7.00 5.00 6.00 0.00 0.00 0.00 0.00 0.00
132.00 21.00 20.00 52.00 107.00 32.00 55.00 0.09 0.79 0.00 1.00 0.00 7.00 11.00 14.00 10.00 13.00 8.00 0.00 0.00 0.00 0.00 0.00
133.00 16.00 21.00 47.00 80.00 26.00 33.00 0.08 0.58 0.00 1.00 0.00 4.00 4.00 12.00 12.00 9.00 7.00 0.00 0.00 0.00 0.00 0.00
134.00 15.00 11.00 41.00 74.00 30.00 33.00 0.09 0.57 0.00 1.00 0.00 4.00 6.00 11.00 9.00 11.00 4.00 0.00 0.00 0.00 0.00 0.00
135.00 16.00 14.00 42.00 79.00 28.00 37.00 0.09 0.61 0.00 1.00 0.00 3.00 7.00 13.00 9.00 10.00 6.00 0.00 0.00 0.00 0.00 0.00
136.00 16.00 15.00 34.00 72.00 19.00 38.00 0.09 0.63 0.00 1.00 0.00 3.00 8.00 13.00 8.00 10.00 6.00 0.00 0.00 0.00 0.00 0.00
137.00 11.00 12.00 30.00 50.00 18.00 20.00 0.10 0.37 0.00 1.00 0.00 4.00 9.00 7.00 2.00 10.00 1.00 0.00 0.00 0.00 0.00 0.00
138.00 13.00 8.00 26.00 58.00 18.00 32.00 0.07 0.52 0.00 1.00 0.00 7.00 8.00 6.00 5.00 10.00 3.00 0.00 0.00 0.00 0.00 0.00
139.00 11.00 12.00 27.00 50.00 15.00 23.00 0.08 0.35 0.00 1.00 0.00 4.00 5.00 7.00 6.00 8.00 3.00 0.00 0.00 0.00 0.00 0.00
140.00 9.00 6.00 20.00 41.00 14.00 21.00 0.07 0.33 0.00 0.00 0.00 4.00 4.00 5.00 5.00 5.00 4.00 0.00 0.00 0.00 0.00 0.00
141.00 18.00 22.00 39.00 88.00 17.00 49.00 0.10 0.70 0.00 1.00 0.00 4.00 9.00 14.00 9.00 12.00 6.00 0.00 0.00 0.00 0.00 0.00
142.00 12.00 12.00 31.00 59.00 19.00 28.00 0.10 0.39 0.00 1.00 0.00 2.00 6.00 10.00 6.00 8.00 4.00 0.00 0.00 0.00 0.00 0.00
143.00 16.00 19.00 39.00 79.00 20.00 40.00 0.08 0.60 0.00 1.00 0.00 4.00 9.00 12.00 7.00 11.00 5.00 0.00 0.00 0.00 0.00 0.00
144.00 10.00 6.00 20.00 47.00 14.00 27.00 0.10 0.44 0.00 1.00 0.00 4.00 6.00 6.00 4.00 8.00 2.00 0.00 0.00 0.00 0.00 0.00
145.00 16.00 15.00 38.00 76.00 23.00 38.00 0.09 0.63 0.00 0.00 0.00 6.00 8.00 10.00 8.00 13.00 3.00 0.00 0.00 0.00 0.00 0.00
146.00 17.00 17.00 48.00 77.00 31.00 29.00 0.09 0.77 0.00 1.00 0.00 3.00 10.00 14.00 7.00 14.00 3.00 0.00 0.00 0.00 0.00 0.00
147.00 13.00 13.00 29.00 64.00 16.00 35.00 0.09 0.46 0.00 1.00 0.00 3.00 7.00 10.00 6.00 8.00 5.00 0.00 0.00 0.00 0.00 0.00
148.00 17.00 20.00 43.00 80.00 23.00 37.00 0.09 0.62 0.00 0.00 0.00 4.00 7.00 13.00 10.00 11.00 6.00 0.00 0.00 0.00 0.00 0.00
149.00 16.00 19.00 38.00 71.00 19.00 33.00 0.08 0.63 0.00 1.00 0.00 7.00 11.00 9.00 5.00 15.00 1.00 0.00 0.00 0.00 0.00 0.00
150.00 9.00 6.00 18.00 42.00 12.00 24.00 0.07 0.63 0.00 0.00 0.00 2.00 4.00 7.00 5.00 6.00 3.00 0.00 0.00 0.00 0.00 0.00
151.00 15.00 16.00 37.00 71.00 21.00 34.00 0.08 0.74 0.00 0.00 0.00 5.00 7.00 10.00 8.00 10.00 5.00 0.00 0.00 0.00 0.00 0.00
152.00 10.00 6.00 19.00 44.00 13.00 25.00 0.09 0.57 0.00 0.00 0.00 3.00 8.00 7.00 2.00 9.00 1.00 0.00 0.00 0.00 0.00 0.00
153.00 12.00 8.00 25.00 54.00 17.00 29.00 0.10 0.74 0.00 0.00 0.00 2.00 6.00 10.00 6.00 9.00 3.00 0.00 0.00 0.00 0.00 0.00
154.00 8.00 6.00 16.00 32.00 10.00 16.00 0.10 0.31 0.00 0.00 0.00 3.00 4.00 5.00 4.00 6.00 2.00 0.00 0.00 0.00 0.00 0.00
155.00 8.00 5.00 14.00 34.00 9.00 20.00 0.09 0.42 0.00 0.00 0.00 4.00 7.00 4.00 1.00 7.00 1.00 0.00 0.00 0.00 0.00 0.00
156.00 9.00 4.00 15.00 35.00 11.00 20.00 0.08 0.52 0.00 0.00 0.00 4.00 5.00 5.00 4.00 9.00 0.00 0.00 0.00 0.00 0.00 0.00
157.00 7.00 3.00 13.00 31.00 10.00 18.00 0.09 0.35 0.00 0.00 0.00 2.00 7.00 5.00 0.00 7.00 0.00 0.00 0.00 0.00 0.00 0.00
158.00 11.00 7.00 24.00 52.00 17.00 28.00 0.07 0.46 0.00 0.00 0.00 2.00 6.00 9.00 5.00 8.00 3.00 0.00 0.00 0.00 0.00 0.00
159.00 9.00 4.00 15.00 38.00 11.00 23.00 0.09 0.57 0.00 0.00 0.00 3.00 8.00 6.00 1.00 9.00 0.00 0.00 0.00 0.00 0.00 0.00
160.00 8.00 1.00 14.00 35.00 13.00 21.00 0.07 0.29 0.00 1.00 0.00 4.00 5.00 4.00 3.00 7.00 1.00 0.00 0.00 0.00 0.00 0.00
161.00 7.00 3.00 13.00 32.00 10.00 19.00 0.08 0.32 0.00 0.00 0.00 2.00 5.00 5.00 2.00 6.00 1.00 0.00 0.00 0.00 0.00 0.00
162.00 12.00 12.00 31.00 60.00 19.00 29.00 0.09 0.37 0.00 1.00 0.00 2.00 5.00 10.00 7.00 6.00 6.00 0.00 0.00 0.00 0.00 0.00
163.00 7.00 3.00 13.00 32.00 10.00 19.00 0.10 0.45 0.00 0.00 0.00 2.00 5.00 5.00 2.00 6.00 1.00 0.00 0.00 0.00 0.00 0.00
164.00 11.00 9.00 24.00 56.00 15.00 32.00 0.07 0.40 0.00 0.00 0.00 2.00 6.00 9.00 5.00 7.00 4.00 0.00 0.00 0.00 0.00 0.00
165.00 12.00 9.00 26.00 52.00 17.00 26.00 0.09 0.49 0.00 2.00 0.00 3.00 6.00 9.00 6.00 8.00 4.00 0.00 0.00 0.00 0.00 0.00
166.00 11.00 12.00 29.00 55.00 17.00 26.00 0.10 0.31 0.00 1.00 0.00 3.00 7.00 8.00 4.00 8.00 3.00 0.00 0.00 0.00 0.00 0.00
167.00 12.00 12.00 27.00 59.00 15.00 32.00 0.08 0.48 0.00 0.00 0.00 4.00 9.00 8.00 3.00 10.00 2.00 0.00 0.00 0.00 0.00 0.00
168.00 10.00 6.00 18.00 42.00 12.00 24.00 0.09 0.47 0.00 0.00 0.00 4.00 7.00 6.00 3.00 9.00 1.00 0.00 0.00 0.00 0.00 0.00
169.00 12.00 9.00 21.00 54.00 12.00 33.00 0.08 0.50 0.00 0.00 0.00 5.00 10.00 7.00 2.00 10.00 2.00 0.00 0.00 0.00 0.00 0.00
170.00 8.00 2.00 12.00 32.00 10.00 20.00 0.08 0.33 0.00 0.00 0.00 3.00 6.00 5.00 2.00 7.00 1.00 0.00 0.00 0.00 0.00 0.00
171.00 6.00 1.00 7.00 25.00 6.00 18.00 0.08 0.28 0.00 0.00 0.00 2.00 6.00 4.00 0.00 6.00 0.00 0.00 0.00 0.00 0.00 0.00
172.00 4.00 1.00 5.00 17.00 4.00 12.00 0.07 0.16 0.00 0.00 0.00 3.00 3.00 1.00 1.00 4.00 0.00 0.00 0.00 0.00 0.00 0.00
173.00 6.00 3.00 9.00 28.00 6.00 19.00 0.08 0.24 0.00 1.00 0.00 1.00 2.00 5.00 4.00 5.00 1.00 0.00 0.00 0.00 0.00 0.00
174.00 7.00 3.00 12.00 31.00 9.00 19.00 0.09 0.20 0.00 0.00 0.00 3.00 5.00 4.00 2.00 6.00 1.00 0.00 0.00 0.00 0.00 0.00
175.00 13.00 13.00 28.00 56.00 15.00 28.00 0.08 0.57 0.00 1.00 0.00 3.00 6.00 10.00 7.00 10.00 3.00 0.00 0.00 0.00 0.00 0.00
176.00 6.00 2.00 8.00 23.00 6.00 15.00 0.10 0.22 0.00 1.00 0.00 5.00 5.00 1.00 1.00 5.00 1.00 0.00 0.00 0.00 0.00 0.00
177.00 6.00 2.00 10.00 25.00 8.00 15.00 0.09 0.28 0.00 0.00 0.00 2.00 4.00 4.00 2.00 4.00 2.00 0.00 0.00 0.00 0.00 0.00
178.00 11.00 7.00 20.00 47.00 13.00 27.00 0.09 0.54 0.00 0.00 0.00 3.00 6.00 8.00 5.00 7.00 4.00 0.00 0.00 0.00 0.00 0.00
179.00 6.00 0.00 6.00 23.00 6.00 17.00 0.10 0.41 0.00 0.00 0.00 2.00 4.00 4.00 2.00 6.00 0.00 0.00 0.00 0.00 0.00 0.00
180.00 6.00 3.00 11.00 25.00 8.00 14.00 0.07 0.18 0.00 0.00 0.00 3.00 4.00 3.00 2.00 5.00 1.00 0.00 0.00 0.00 0.00 0.00
181.00 7.00 2.00 12.00 33.00 10.00 21.00 0.07 0.28 0.00 0.00 0.00 1.00 2.00 6.00 5.00 7.00 0.00 0.00 0.00 0.00 0.00 0.00
182.00 9.00 8.00 20.00 44.00 12.00 24.00 0.09 0.30 0.00 1.00 0.00 0.00 3.00 9.00 6.00 7.00 2.00 0.00 0.00 0.00 0.00 0.00
183.00 11.00 7.00 23.00 49.00 16.00 26.00 0.09 0.52 0.00 1.00 0.00 2.00 6.00 9.00 5.00 8.00 3.00 0.00 0.00 0.00 0.00 0.00
184.00 10.00 9.00 25.00 48.00 16.00 23.00 0.09 0.34 0.00 1.00 0.00 4.00 5.00 6.00 5.00 8.00 2.00 0.00 0.00 0.00 0.00 0.00
185.00 13.00 9.00 27.00 54.00 18.00 27.00 0.09 0.62 0.00 1.00 0.00 5.00 8.00 8.00 5.00 10.00 3.00 0.00 0.00 0.00 0.00 0.00
186.00 8.00 1.00 9.00 32.00 8.00 23.00 0.08 0.61 0.00 0.00 0.00 4.00 5.00 4.00 3.00 7.00 1.00 0.00 0.00 0.00 0.00 0.00
187.00 3.00 0.00 0.00 5.00 0.00 5.00 0.09 0.11 0.00 0.00 0.00 2.00 3.00 1.00 0.00 3.00 0.00 0.00 0.00 0.00 0.00 0.00
188.00 6.00 3.00 9.00 27.00 6.00 18.00 0.10 0.25 0.00 0.00 0.00 3.00 5.00 3.00 1.00 6.00 0.00 0.00 0.00 0.00 0.00 0.00
189.00 3.00 0.00 2.00 9.00 2.00 7.00 0.09 0.10 0.00 0.00 0.00 0.00 3.00 3.00 0.00 3.00 0.00 0.00 0.00 0.00 0.00 0.00
190.00 4.00 1.00 5.00 15.00 4.00 10.00 0.08 0.19 0.00 0.00 0.00 1.00 3.00 3.00 1.00 4.00 0.00 0.00 0.00 0.00 0.00 0.00
191.00 3.00 0.00 2.00 3.00 2.00 1.00 0.07 0.27 0.00 0.00 0.00 2.00 3.00 1.00 0.00 3.00 0.00 0.00 0.00 0.00 0.00 0.00
192.00 5.00 1.00 6.00 18.00 5.00 12.00 0.10 0.23 0.00 0.00 0.00 2.00 5.00 3.00 0.00 5.00 0.00 0.00 0.00 0.00 0.00 0.00
193.00 5.00 1.00 6.00 19.00 5.00 13.00 0.09 0.18 0.00 0.00 0.00 3.00 4.00 2.00 1.00 5.00 0.00 0.00 0.00 0.00 0.00 0.00
194.00 2.00 0.00 0.00 5.00 0.00 5.00 0.10 0.11 0.00 0.00 0.00 2.00 2.00 0.00 0.00 2.00 0.00 0.00 0.00 0.00 0.00 0.00
