0.00 2.00 0.00 0.00 5.00 0.00 5.00 0.08 0.00 0.00 0.00 0.00 2.00 2.00 0.00 0.00 2.00 0.00 0.00 0.00 0.00 0.00 0.00
1.00 3.00 0.00 0.00 0.00 0.00 0.00 0.08 0.29 0.00 0.00 0.00 2.00 3.00 1.00 0.00 3.00 0.00 0.00 0.00 0.00 0.00 0.00
2.00 7.00 2.00 10.00 27.00 8.00 17.00 0.10 4.42 0.00 0.00 0.00 3.00 6.00 4.00 1.00 7.00 0.00 0.00 0.00 0.00 0.00 0.00
3.00 6.00 1.00 7.00 25.00 6.00 18.00 0.08 2.66 0.00 0.00 0.00 2.00 4.00 4.00 2.00 6.00 0.00 0.00 0.00 0.00 0.00 0.00
4.00 4.00 0.00 2.00 14.00 2.00 12.00 0.09 3.61 0.00 0.00 0.00 2.00 4.00 2.00 0.00 4.00 0.00 0.00 0.00 0.00 0.00 0.00
5.00 6.00 0.00 6.00 19.00 6.00 13.00 0.09 0.31 0.00 0.00 0.00 2.00 6.00 4.00 0.00 6.00 0.00 0.00 0.00 0.00 0.00 0.00
6.00 6.00 0.00 4.00 25.00 4.00 21.00 0.07 4.43 0.00 0.00 0.00 2.00 6.00 4.00 0.00 6.00 0.00 0.00 0.00 0.00 0.00 0.00
7.00 6.00 2.00 7.00 27.00 5.00 20.00 0.08 4.82 0.00 0.00 0.00 2.00 5.00 4.00 1.00 5.00 1.00 0.00 0.00 0.00 0.00 0.00
8.00 8.00 5.00 11.00 35.00 6.00 24.00 0.08 5.23 0.00 0.00 0.00 3.00 5.00 5.00 3.00 8.00 0.00 0.00 0.00 0.00 0.00 0.00
9.00 11.00 8.00 24.00 54.00 16.00 30.00 0.08 4.45 0.00 0.00 0.00 5.00 6.00 6.00 5.00 7.00 4.00 0.00 0.00 0.00 0.00 0.00
10.00 14.00 3.00 22.00 71.00 19.00 49.00 0.09 4.01 0.00 0.00 0.00 5.00 10.00 9.00 4.00 12.00 2.00 0.00 0.00 0.00 0.00 0.00
11.00 14.00 9.00 28.00 60.00 19.00 32.00 0.08 4.18 0.00 0.00 0.00 5.00 9.00 9.00 5.00 10.00 4.00 0.00 0.00 0.00 0.00 0.00
12.00 12.00 9.00 28.00 60.00 19.00 32.00 0.07 3.57 0.00 0.00 0.00 4.00 7.00 8.00 5.00 10.00 2.00 0.00 0.00 0.00 0.00 0.00
13.00 16.00 17.00 37.00 74.00 20.00 37.00 0.08 4.42 0.00 0.00 0.00 5.00 10.00 11.00 6.00 12.00 4.00 0.00 0.00 0.00 0.00 0.00
14.00 6.00 3.00 11.00 26.00 8.00 15.00 0.09 0.20 0.00 0.00 0.00 3.00 4.00 3.00 2.00 5.00 1.00 0.00 0.00 0.00 0.00 0.00
15.00 14.00 13.00 31.00 64.00 18.00 33.00 0.08 3.88 0.00 1.00 0.00 2.00 7.00 12.00 7.00 10.00 4.00 0.00 0.00 0.00 0.00 0.00
16.00 17.00 16.00 45.00 87.00 29.00 42.00 0.08 4.45 0.00 0.00 0.00 3.00 7.00 14.00 10.00 13.00 4.00 0.00 0.00 0.00 0.00 0.00
17.00 12.00 8.00 29.00 60.00 21.00 31.00 0.08 3.70 0.00 1.00 0.00 3.00 6.00 9.00 6.00 9.00 3.00 0.00 0.00 0.00 0.00 0.00
18.00 14.00 13.00 35.00 68.00 22.00 33.00 0.09 5.03 0.00 0.00 0.00 5.00 9.00 9.00 5.00 12.00 2.00 0.00 0.00 0.00 0.00 0.00
19.00 16.00 9.00 33.00 69.00 24.00 36.00 0.09 4.28 0.00 1.00 0.00 5.00 10.00 11.00 6.00 10.00 6.00 0.00 0.00 0.00 0.00 0.00
20.00 18.00 20.00 45.00 84.00 25.00 39.00 0.09 4.40 0.00 1.00 0.00 3.00 9.00 15.00 9.00 14.00 4.00 0.00 0.00 0.00 0.00 0.00
21.00 18.00 19.00 43.00 88.00 24.00 45.00 0.08 4.54 0.00 1.00 0.00 3.00 8.00 15.00 10.00 10.00 8.00 0.00 0.00 0.00 0.00 0.00
22.00 17.00 10.00 39.00 86.00 29.00 47.00 0.09 4.96 0.00 0.00 0.00 8.00 8.00 9.00 9.00 12.00 5.00 0.00 0.00 1.00 0.00 0.00
23.00 16.00 13.00 34.00 79.00 21.00 45.00 0.08 4.96 0.00 0.00 0.00 4.00 8.00 12.00 8.00 8.00 8.00 0.00 0.00 0.00 0.00 0.00
24.00 25.00 23.00 61.00 117.00 38.00 56.00 0.08 4.56 0.00 1.00 0.00 6.00 11.00 19.00 14.00 15.00 10.00 0.00 0.00 0.00 0.00 0.00
25.00 20.00 19.00 46.00 90.00 27.00 44.00 0.08 4.30 0.00 1.00 0.00 6.00 10.00 14.00 10.00 13.00 7.00 0.00 0.00 0.00 0.00 0.00
26.00 31.00 26.00 75.00 154.00 49.00 79.00 0.10 4.68 0.00 1.00 0.00 9.00 16.00 22.00 15.00 22.00 9.00 0.00 0.00 0.00 0.00 0.00
27.00 28.00 18.00 58.00 121.00 40.00 63.00 0.09 4.19 0.00 1.00 0.00 7.00 19.00 21.00 9.00 23.00 5.00 0.00 0.00 0.00 0.00 0.00
28.00 12.00 4.00 21.00 56.00 17.00 35.00 0.08 4.99 0.00 0.00 0.00 6.00 7.00 6.00 5.00 11.00 1.00 0.00 0.00 0.00 0.00 0.00
29.00 11.00 5.00 19.00 50.00 14.00 31.00 0.09 4.20 0.00 2.00 0.00 2.00 5.00 9.00 6.00 9.00 2.00 0.00 0.00 0.00 0.00 0.00
30.00 15.00 11.00 31.00 71.00 20.00 40.00 0.08 1.52 0.00 1.00 0.00 4.00 8.00 11.00 7.00 12.00 3.00 0.00 0.00 0.00 0.00 0.00
31.00 17.00 5.00 39.00 88.00 34.00 49.00 0.07 4.28 0.00 1.00 0.00 6.00 12.00 11.00 5.00 14.00 3.00 0.00 0.00 0.00 0.00 0.00
32.00 21.00 17.00 51.00 101.00 34.00 50.00 0.08 4.44 0.00 2.00 0.00 8.00 12.00 13.00 9.00 17.00 4.00 0.00 0.00 0.00 0.00 0.00
33.00 17.00 10.00 30.00 78.00 20.00 48.00 0.07 4.96 0.00 1.00 0.00 3.00 9.00 14.00 8.00 11.00 6.00 0.00 0.00 0.00 0.00 0.00
34.00 19.00 19.00 47.00 98.00 28.00 51.00 0.10 3.88 0.00 0.00 0.00 5.00 11.00 14.00 8.00 13.00 6.00 0.00 0.00 0.00 0.00 0.00
35.00 20.00 21.00 55.00 100.00 34.00 45.00 0.08 4.41 0.00 2.00 0.00 5.00 11.00 15.00 9.00 14.00 6.00 0.00 0.00 0.00 0.00 0.00
36.00 21.00 25.00 55.00 105.00 30.00 50.00 0.07 4.14 0.00 2.00 0.00 4.00 9.00 17.00 12.00 12.00 9.00 0.00 0.00 0.00 0.00 0.00
37.00 24.00 28.00 66.00 114.00 38.00 48.00 0.08 1.78 0.00 2.00 0.00 4.00 6.00 20.00 18.00 10.00 14.00 0.00 0.00 0.00 0.00 0.00
38.00 21.00 22.00 56.00 100.00 34.00 44.00 0.09 3.78 0.00 2.00 0.00 4.00 9.00 17.00 12.00 14.00 7.00 0.00 0.00 0.00 0.00 0.00
39.00 19.00 22.00 51.00 93.00 29.00 42.00 0.09 3.35 0.00 2.00 0.00 6.00 11.00 13.00 8.00 14.00 5.00 0.00 0.00 0.00 0.00 0.00
40.00 25.00 21.00 65.00 123.00 44.00 58.00 0.09 3.67 0.00 3.00 0.00 3.00 10.00 22.00 15.00 15.00 10.00 0.00 0.00 0.00 0.00 0.00
41.00 22.00 27.00 57.00 101.00 30.00 44.00 0.08 3.74 0.00 1.00 0.00 5.00 14.00 17.00 8.00 18.00 4.00 0.00 0.00 0.00 0.00 0.00
42.00 15.00 13.00 33.00 68.00 20.00 35.00 0.10 4.34 0.00 2.00 0.00 5.00 8.00 10.00 7.00 12.00 3.00 0.00 0.00 0.00 0.00 0.00
43.00 16.00 18.00 46.00 73.00 28.00 27.00 0.09 3.72 0.00 1.00 0.00 5.00 7.00 11.00 9.00 11.00 5.00 0.00 0.00 0.00 0.00 0.00
44.00 18.00 19.00 45.00 89.00 26.00 44.00 0.09 4.03 0.00 0.00 0.00 6.00 10.00 12.00 8.00 13.00 5.00 0.00 0.00 0.00 0.00 0.00
45.00 18.00 13.00 43.00 89.00 30.00 46.00 0.10 3.55 0.00 0.00 0.00 3.00 8.00 15.00 10.00 14.00 4.00 0.00 0.00 0.00 0.00 0.00
46.00 17.00 12.00 31.00 77.00 19.00 46.00 0.10 3.66 0.00 1.00 0.00 7.00 10.00 10.00 7.00 13.00 4.00 0.00 0.00 0.00 0.00 0.00
47.00 18.00 16.00 48.00 89.00 32.00 41.00 0.09 2.24 0.00 2.00 0.00 5.00 8.00 13.00 10.00 13.00 5.00 0.00 0.00 0.00 0.00 0.00
48.00 8.00 6.00 17.00 38.00 11.00 21.00 0.08 0.26 0.00 1.00 0.00 3.00 3.00 5.00 5.00 8.00 0.00 0.00 0.00 0.00 0.00 0.00
49.00 10.00 2.00 15.00 41.00 13.00 26.00 0.07 3.33 0.00 0.00 0.00 3.00 6.00 7.00 4.00 7.00 3.00 0.00 0.00 0.00 0.00 0.00
50.00 15.00 6.00 32.00 74.00 26.00 42.00 0.09 1.68 0.00 0.00 0.00 5.00 8.00 10.00 7.00 13.00 2.00 0.00 0.00 0.00 0.00 0.00
51.00 7.00 3.00 11.00 29.00 8.00 18.00 0.08 0.20 0.00 0.00 0.00 2.00 6.00 5.00 1.00 6.00 1.00 0.00 0.00 0.00 0.00 0.00
52.00 12.00 10.00 27.00 57.00 17.00 30.00 0.09 0.33 0.00 0.00 0.00 5.00 8.00 7.00 4.00 9.00 3.00 0.00 0.00 0.00 0.00 0.00
53.00 7.00 3.00 11.00 28.00 8.00 17.00 0.10 0.48 0.00 0.00 0.00 2.00 4.00 5.00 3.00 5.00 2.00 0.00 0.00 0.00 0.00 0.00
54.00 8.00 2.00 12.00 31.00 10.00 19.00 0.08 1.98 0.00 0.00 0.00 5.00 5.00 3.00 3.00 6.00 2.00 0.00 0.00 0.00 0.00 0.00
55.00 13.00 14.00 33.00 65.00 19.00 32.00 0.11 0.34 0.00 0.00 0.00 4.00 6.00 9.00 7.00 8.00 5.00 0.00 0.00 0.00 0.00 0.00
56.00 8.00 6.00 18.00 37.00 12.00 19.00 0.09 2.54 0.00 0.00 0.00 2.00 3.00 6.00 5.00 4.00 4.00 0.00 0.00 0.00 0.00 0.00
57.00 8.00 4.00 11.00 34.00 7.00 23.00 0.09 0.24 0.00 0.00 0.00 2.00 6.00 6.00 2.00 8.00 0.00 0.00 0.00 0.00 0.00 0.00
58.00 9.00 5.00 16.00 41.00 11.00 25.00 0.08 2.13 0.00 0.00 0.00 5.00 8.00 4.00 1.00 8.00 1.00 0.00 0.00 0.00 0.00 0.00
59.00 10.00 7.00 18.00 45.00 11.00 27.00 0.09 0.48 0.00 0.00 0.00 6.00 7.00 4.00 3.00 8.00 2.00 0.00 0.00 0.00 0.00 0.00
60.00 3.00 0.00 1.00 4.00 1.00 3.00 0.08 0.12 0.00 0.00 0.00 2.00 3.00 1.00 0.00 3.00 0.00 0.00 0.00 0.00 0.00 0.00
61.00 4.00 1.00 5.00 17.00 4.00 12.00 0.08 0.14 0.00 0.00 0.00 2.00 4.00 2.00 0.00 4.00 0.00 0.00 0.00 0.00 0.00 0.00
62.00 6.00 2.00 8.00 21.00 6.00 13.00 0.07 0.35 0.00 0.00 0.00 3.00 5.00 3.00 1.00 6.00 0.00 0.00 0.00 0.00 0.00 0.00
63.00 7.00 3.00 11.00 31.00 8.00 20.00 0.09 2.80 0.00 0.00 0.00 3.00 5.00 4.00 2.00 6.00 1.00 0.00 0.00 0.00 0.00 0.00
64.00 3.00 0.00 2.00 10.00 2.00 8.00 0.08 0.17 0.00 0.00 0.00 2.00 3.00 1.00 0.00 3.00 0.00 0.00 0.00 0.00 0.00 0.00
65.00 10.00 7.00 23.00 45.00 16.00 22.00 0.09 2.05 0.00 0.00 0.00 3.00 5.00 7.00 5.00 7.00 3.00 0.00 0.00 0.00 0.00 0.00
66.00 12.00 8.00 28.00 55.00 20.00 27.00 0.08 0.38 0.00 0.00 0.00 2.00 5.00 10.00 7.00 8.00 4.00 0.00 0.00 0.00 0.00 0.00
67.00 9.00 4.00 17.00 43.00 13.00 26.00 0.09 3.65 0.00 0.00 0.00 4.00 8.00 5.00 1.00 8.00 1.00 0.00 0.00 0.00 0.00 0.00
68.00 10.00 8.00 19.00 40.00 11.00 21.00 0.08 3.08 0.00 0.00 0.00 4.00 7.00 6.00 3.00 7.00 3.00 0.00 0.00 0.00 0.00 0.00
69.00 12.00 9.00 26.00 59.00 17.00 33.00 0.08 2.89 0.00 0.00 0.00 4.00 5.00 8.00 7.00 9.00 3.00 0.00 0.00 0.00 0.00 0.00
70.00 10.00 2.00 17.00 45.00 15.00 28.00 0.09 0.32 0.00 0.00 0.00 2.00 6.00 8.00 4.00 10.00 0.00 0.00 0.00 0.00 0.00 0.00
71.00 9.00 7.00 18.00 44.00 11.00 26.00 0.07 0.33 0.00 1.00 0.00 3.00 5.00 6.00 4.00 7.00 2.00 0.00 0.00 0.00 0.00 0.00
72.00 7.00 2.00 10.00 29.00 8.00 19.00 0.09 0.22 0.00 0.00 0.00 3.00 6.00 4.00 1.00 7.00 0.00 0.00 0.00 0.00 0.00 0.00
73.00 12.00 9.00 28.00 56.00 19.00 28.00 0.08 3.97 0.00 0.00 0.00 4.00 7.00 8.00 5.00 10.00 2.00 0.00 0.00 0.00 0.00 0.00
74.00 6.00 0.00 8.00 22.00 8.00 14.00 0.09 4.61 0.00 0.00 0.00 3.00 5.00 3.00 1.00 6.00 0.00 0.00 0.00 0.00 0.00 0.00
75.00 8.00 2.00 16.00 37.00 14.00 21.00 0.09 2.43 0.00 0.00 0.00 5.00 6.00 3.00 2.00 6.00 2.00 0.00 0.00 0.00 0.00 0.00
76.00 6.00 1.00 8.00 25.00 7.00 17.00 0.09 3.09 0.00 0.00 0.00 2.00 5.00 4.00 1.00 5.00 1.00 0.00 0.00 0.00 0.00 0.00
77.00 7.00 3.00 13.00 32.00 10.00 19.00 0.11 4.52 0.00 0.00 0.00 2.00 5.00 5.00 2.00 6.00 1.00 0.00 0.00 0.00 0.00 0.00
78.00 6.00 1.00 9.00 23.00 8.00 14.00 0.08 3.07 0.00 0.00 0.00 3.00 5.00 3.00 1.00 6.00 0.00 0.00 0.00 0.00 0.00 0.00
79.00 3.00 0.00 1.00 4.00 1.00 3.00 0.09 4.33 0.00 0.00 0.00 0.00 3.00 3.00 0.00 3.00 0.00 0.00 0.00 0.00 0.00 0.00
80.00 2.00 0.00 0.00 4.00 0.00 4.00 0.09 0.03 0.00 0.00 0.00 2.00 2.00 0.00 0.00 2.00 0.00 0.00 0.00 0.00 0.00 0.00
