0.00 2.00 0.00 0.00 5.00 0.00 5.00 0.08 0.11 0.00 0.00 0.00 2.00 2.00 0.00 0.00 2.00 0.00 0.00 0.00 0.00 0.00 0.00
1.00 3.00 0.00 2.00 11.00 2.00 9.00 0.10 0.19 0.00 0.00 0.00 2.00 3.00 1.00 0.00 3.00 0.00 0.00 0.00 0.00 0.00 0.00
2.00 3.00 0.00 1.00 2.00 1.00 1.00 0.07 0.28 0.00 0.00 0.00 2.00 3.00 1.00 0.00 3.00 0.00 0.00 0.00 0.00 0.00 0.00
3.00 5.00 0.00 2.00 16.00 2.00 14.00 0.08 4.95 0.00 0.00 0.00 3.00 4.00 2.00 1.00 5.00 0.00 0.00 0.00 0.00 0.00 0.00
4.00 3.00 0.00 0.00 9.00 0.00 9.00 0.08 5.00 0.00 0.00 0.00 0.00 3.00 3.00 0.00 3.00 0.00 0.00 0.00 0.00 0.00 0.00
5.00 9.00 6.00 18.00 39.00 12.00 21.00 0.09 2.27 0.00 0.00 0.00 3.00 6.00 6.00 3.00 7.00 2.00 0.00 0.00 0.00 0.00 0.00
6.00 3.00 0.00 0.00 10.00 0.00 10.00 0.09 0.34 0.00 1.00 0.00 2.00 3.00 1.00 0.00 3.00 0.00 0.00 0.00 0.00 0.00 0.00
7.00 8.00 2.00 12.00 36.00 10.00 24.00 0.09 4.24 0.00 1.00 0.00 2.00 7.00 6.00 1.00 7.00 1.00 0.00 0.00 0.00 0.00 0.00
8.00 9.00 3.00 10.00 34.00 7.00 24.00 0.07 4.50 0.00 0.00 0.00 3.00 4.00 6.00 5.00 8.00 1.00 0.00 0.00 0.00 0.00 0.00
9.00 6.00 0.00 7.00 23.00 7.00 16.00 0.08 4.67 0.00 1.00 0.00 2.00 6.00 4.00 0.00 6.00 0.00 0.00 0.00 0.00 0.00 0.00
10.00 9.00 2.00 15.00 43.00 13.00 28.00 0.07 4.63 0.00 1.00 0.00 5.00 7.00 4.00 2.00 8.00 1.00 0.00 0.00 0.00 0.00 0.00
11.00 9.00 6.00 17.00 37.00 11.00 20.00 0.09 4.63 0.00 1.00 0.00 3.00 5.00 6.00 4.00 8.00 1.00 0.00 0.00 0.00 0.00 0.00
12.00 16.00 21.00 38.00 70.00 17.00 32.00 0.09 4.62 0.00 1.00 0.00 3.00 9.00 13.00 7.00 14.00 2.00 0.00 0.00 0.00 0.00 0.00
13.00 13.00 14.00 35.00 63.00 21.00 28.00 0.09 4.34 0.00 0.00 0.00 3.00 5.00 10.00 8.00 8.00 5.00 0.00 0.00 0.00 1.00 0.00
14.00 12.00 15.00 28.00 54.00 13.00 26.00 0.09 2.83 0.00 1.00 0.00 2.00 7.00 10.00 5.00 9.00 3.00 0.00 0.00 0.00 0.00 0.00
15.00 15.00 14.00 34.00 69.00 20.00 35.00 0.08 4.42 0.00 0.00 0.00 5.00 11.00 10.00 4.00 14.00 1.00 0.00 0.00 0.00 0.00 0.00
16.00 5.00 1.00 7.00 20.00 6.00 13.00 0.08 3.47 0.00 1.00 0.00 1.00 4.00 4.00 1.00 5.00 0.00 0.00 0.00 0.00 0.00 0.00
17.00 5.00 0.00 4.00 22.00 4.00 18.00 0.08 3.62 0.00 0.00 0.00 1.00 3.00 4.00 2.00 4.00 1.00 0.00 0.00 0.00 0.00 0.00
18.00 9.00 4.00 15.00 38.00 11.00 23.00 0.10 4.48 0.00 1.00 0.00 4.00 5.00 5.00 4.00 8.00 1.00 0.00 0.00 0.00 0.00 0.00
19.00 12.00 8.00 25.00 59.00 17.00 34.00 0.07 4.09 0.00 0.00 0.00 3.00 6.00 9.00 6.00 11.00 1.00 0.00 0.00 0.00 0.00 0.00
20.00 10.00 7.00 19.00 45.00 12.00 26.00 0.11 3.96 0.00 0.00 0.00 4.00 6.00 6.00 4.00 9.00 1.00 0.00 0.00 0.00 0.00 0.00
21.00 6.00 0.00 2.00 25.00 2.00 23.00 0.09 4.18 0.00 0.00 0.00 3.00 5.00 3.00 1.00 6.00 0.00 0.00 0.00 0.00 0.00 0.00
22.00 12.00 8.00 20.00 49.00 12.00 29.00 0.08 4.56 0.00 0.00 0.00 6.00 9.00 6.00 3.00 9.00 3.00 0.00 0.00 0.00 0.00 0.00
23.00 13.00 8.00 27.00 54.00 19.00 27.00 0.08 4.00 0.00 1.00 0.00 5.00 7.00 8.00 6.00 10.00 3.00 0.00 0.00 0.00 0.00 0.00
24.00 13.00 13.00 31.00 66.00 18.00 35.00 0.08 4.44 0.00 1.00 0.00 2.00 5.00 11.00 8.00 10.00 3.00 0.00 0.00 0.00 0.00 0.00
25.00 15.00 7.00 31.00 73.00 24.00 42.00 0.09 4.55 0.00 1.00 0.00 5.00 8.00 10.00 7.00 11.00 4.00 0.00 0.00 0.00 0.00 0.00
26.00 16.00 6.00 34.00 74.00 28.00 40.00 0.08 4.10 0.00 1.00 0.00 6.00 10.00 10.00 6.00 14.00 2.00 0.00 0.00 0.00 0.00 0.00
27.00 16.00 8.00 33.00 67.00 25.00 34.00 0.09 3.92 0.00 1.00 0.00 4.00 10.00 12.00 6.00 12.00 4.00 0.00 0.00 0.00 0.00 0.00
28.00 18.00 14.00 40.00 85.00 26.00 45.00 0.08 3.02 0.00 1.00 0.00 3.00 10.00 15.00 8.00 12.00 6.00 0.00 0.00 0.00 0.00 0.00
29.00 19.00 20.00 45.00 92.00 25.00 47.00 0.09 4.19 0.00 1.00 0.00 8.00 10.00 11.00 9.00 13.00 6.00 0.00 0.00 0.00 0.00 0.00
30.00 14.00 10.00 32.00 68.00 22.00 36.00 0.08 4.47 0.00 1.00 0.00 6.00 10.00 8.00 4.00 11.00 3.00 0.00 0.00 0.00 0.00 0.00
31.00 15.00 10.00 29.00 67.00 19.00 38.00 0.08 4.66 0.00 1.00 0.00 6.00 10.00 9.00 5.00 12.00 3.00 0.00 0.00 0.00 0.00 0.00
32.00 16.00 19.00 42.00 81.00 23.00 39.00 0.09 4.38 0.00 1.00 0.00 4.00 9.00 12.00 7.00 12.00 4.00 0.00 0.00 0.00 0.00 0.00
33.00 9.00 1.00 12.00 41.00 11.00 29.00 0.06 4.75 0.00 1.00 0.00 3.00 7.00 6.00 2.00 8.00 1.00 0.00 0.00 0.00 0.00 0.00
34.00 7.00 4.00 14.00 35.00 10.00 21.00 0.09 4.99 0.00 0.00 0.00 3.00 5.00 4.00 2.00 5.00 2.00 0.00 0.00 0.00 0.00 0.00
35.00 16.00 17.00 38.00 72.00 21.00 34.00 0.09 4.55 0.00 2.00 0.00 6.00 9.00 10.00 7.00 12.00 4.00 0.00 0.00 0.00 0.00 0.00
36.00 21.00 18.00 49.00 100.00 31.00 51.00 0.09 4.80 0.00 2.00 0.00 8.00 14.00 13.00 7.00 14.00 7.00 0.00 0.00 0.00 0.00 0.00
37.00 24.00 26.00 61.00 113.00 35.00 52.00 0.09 4.84 0.00 2.00 0.00 8.00 12.00 16.00 12.00 16.00 8.00 0.00 0.00 0.00 0.00 0.00
38.00 21.00 20.00 46.00 91.00 26.00 45.00 0.09 4.33 0.00 1.00 0.00 5.00 9.00 16.00 12.00 14.00 7.00 0.00 0.00 0.00 0.00 0.00
39.00 17.00 15.00 38.00 78.00 23.00 40.00 0.09 3.89 0.00 1.00 0.00 4.00 9.00 13.00 8.00 15.00 2.00 0.00 0.00 0.00 0.00 0.00
40.00 15.00 11.00 32.00 71.00 21.00 39.00 0.08 3.73 0.00 1.00 0.00 5.00 6.00 10.00 9.00 9.00 6.00 0.00 0.00 0.00 0.00 0.00
41.00 18.00 15.00 46.00 92.00 31.00 46.00 0.08 4.48 0.00 1.00 0.00 5.00 8.00 13.00 10.00 12.00 6.00 0.00 0.00 0.00 0.00 0.00
42.00 30.00 32.00 74.00 132.00 42.00 58.00 0.08 4.39 0.00 3.00 0.00 11.00 17.00 19.00 13.00 22.00 8.00 0.00 0.00 0.00 0.00 0.00
43.00 23.00 22.00 60.00 112.00 38.00 52.00 0.09 3.93 0.00 2.00 0.00 5.00 9.00 18.00 14.00 15.00 8.00 0.00 0.00 0.00 0.00 0.00
44.00 21.00 20.00 53.00 98.00 33.00 45.00 0.08 4.53 0.00 3.00 0.00 5.00 12.00 16.00 9.00 14.00 7.00 0.00 0.00 0.00 0.00 0.00
45.00 23.00 24.00 59.00 112.00 35.00 53.00 0.09 4.47 0.00 3.00 0.00 7.00 16.00 16.00 7.00 17.00 6.00 0.00 0.00 0.00 0.00 0.00
46.00 19.00 17.00 51.00 93.00 34.00 42.00 0.07 4.32 0.00 2.00 0.00 7.00 8.00 12.00 11.00 10.00 9.00 0.00 0.00 0.00 0.00 0.00
47.00 25.00 21.00 63.00 119.00 42.00 56.00 0.09 4.41 0.00 2.00 0.00 6.00 10.00 19.00 15.00 15.00 10.00 0.00 0.00 0.00 0.00 0.00
48.00 14.00 11.00 30.00 65.00 19.00 35.00 0.10 4.43 0.00 2.00 0.00 3.00 6.00 11.00 8.00 10.00 4.00 0.00 0.00 0.00 0.00 0.00
49.00 18.00 17.00 48.00 90.00 31.00 42.00 0.09 4.81 0.00 0.00 0.00 8.00 12.00 10.00 6.00 13.00 5.00 0.00 0.00 1.00 0.00 0.00
50.00 22.00 31.00 59.00 99.00 28.00 40.00 0.08 4.38 0.00 2.00 0.00 7.00 10.00 15.00 12.00 15.00 7.00 0.00 0.00 2.00 0.00 0.00
51.00 19.00 25.00 50.00 90.00 25.00 40.00 0.07 4.08 0.00 2.00 0.00 5.00 9.00 14.00 10.00 13.00 6.00 0.00 0.00 1.00 0.00 0.00
52.00 18.00 18.00 45.00 87.00 27.00 42.00 0.09 4.74 0.00 2.00 0.00 5.00 10.00 13.00 8.00 13.00 5.00 0.00 0.00 1.00 0.00 0.00
53.00 17.00 17.00 43.00 84.00 26.00 41.00 0.07 4.07 0.00 2.00 0.00 3.00 6.00 14.00 11.00 10.00 7.00 0.00 0.00 1.00 0.00 0.00
54.00 10.00 2.00 12.00 49.00 10.00 37.00 0.07 4.40 0.00 2.00 0.00 5.00 6.00 5.00 4.00 7.00 3.00 0.00 0.00 0.00 0.00 0.00
55.00 17.00 15.00 45.00 82.00 30.00 37.00 0.10 4.79 0.00 2.00 0.00 1.00 9.00 16.00 8.00 14.00 3.00 0.00 0.00 0.00 0.00 0.00
56.00 18.00 17.00 49.00 89.00 32.00 40.00 0.07 4.01 0.00 0.00 0.00 3.00 9.00 15.00 9.00 10.00 8.00 0.00 0.00 0.00 0.00 0.00
57.00 15.00 12.00 34.00 75.00 22.00 41.00 0.08 3.25 0.00 2.00 0.00 5.00 7.00 10.00 8.00 13.00 2.00 0.00 0.00 0.00 0.00 0.00
58.00 17.00 18.00 46.00 80.00 28.00 34.00 0.08 3.68 0.00 2.00 0.00 5.00 8.00 12.00 9.00 11.00 6.00 0.00 0.00 0.00 0.00 0.00
59.00 18.00 13.00 44.00 91.00 31.00 47.00 0.09 4.24 0.00 2.00 0.00 3.00 7.00 15.00 11.00 13.00 5.00 0.00 0.00 0.00 0.00 0.00
60.00 19.00 21.00 52.00 91.00 31.00 39.00 0.09 3.88 0.00 1.00 0.00 4.00 10.00 15.00 9.00 15.00 4.00 0.00 0.00 0.00 1.00 0.00
61.00 19.00 20.00 52.00 94.00 32.00 42.00 0.07 4.45 0.00 0.00 0.00 7.00 12.00 12.00 7.00 15.00 4.00 0.00 0.00 0.00 0.00 0.00
62.00 18.00 19.00 50.00 87.00 31.00 37.00 0.09 4.08 0.00 0.00 0.00 5.00 9.00 13.00 9.00 12.00 6.00 0.00 0.00 0.00 0.00 0.00
63.00 15.00 13.00 35.00 74.00 22.00 39.00 0.09 4.53 0.00 1.00 0.00 2.00 5.00 13.00 10.00 8.00 7.00 0.00 0.00 0.00 0.00 0.00
64.00 14.00 11.00 31.00 68.00 20.00 37.00 0.09 4.54 0.00 0.00 0.00 3.00 6.00 11.00 8.00 7.00 7.00 0.00 0.00 0.00 0.00 0.00
65.00 15.00 7.00 29.00 70.00 22.00 41.00 0.08 4.29 0.00 0.00 0.00 6.00 7.00 9.00 8.00 11.00 4.00 0.00 0.00 0.00 0.00 0.00
66.00 14.00 10.00 29.00 68.00 19.00 39.00 0.07 4.65 0.00 0.00 0.00 4.00 7.00 10.00 7.00 9.00 5.00 0.00 0.00 1.00 0.00 0.00
67.00 15.00 12.00 36.00 74.00 24.00 38.00 0.08 4.79 0.00 0.00 0.00 4.00 9.00 11.00 6.00 12.00 3.00 0.00 0.00 0.00 0.00 0.00
68.00 7.00 2.00 8.00 31.00 6.00 23.00 0.09 2.39 0.00 0.00 0.00 3.00 6.00 4.00 1.00 7.00 0.00 0.00 0.00 0.00 0.00 0.00
69.00 11.00 9.00 27.00 53.00 18.00 26.00 0.08 4.89 0.00 0.00 0.00 1.00 6.00 10.00 5.00 7.00 4.00 0.00 0.00 0.00 0.00 0.00
70.00 11.00 8.00 23.00 52.00 15.00 29.00 0.08 4.47 0.00 1.00 0.00 4.00 6.00 7.00 5.00 9.00 2.00 0.00 0.00 0.00 0.00 0.00
71.00 9.00 5.00 17.00 40.00 12.00 23.00 0.10 3.84 0.00 1.00 0.00 3.00 6.00 6.00 3.00 7.00 2.00 0.00 0.00 0.00 0.00 0.00
72.00 9.00 8.00 21.00 42.00 13.00 21.00 0.09 4.48 0.00 0.00 0.00 3.00 5.00 6.00 4.00 7.00 2.00 0.00 0.00 0.00 0.00 0.00
73.00 8.00 2.00 12.00 33.00 10.00 21.00 0.07 4.30 0.00 0.00 0.00 3.00 5.00 5.00 3.00 8.00 0.00 0.00 0.00 1.00 0.00 0.00
74.00 8.00 4.00 16.00 36.00 12.00 20.00 0.09 3.71 0.00 0.00 0.00 1.00 4.00 7.00 4.00 6.00 2.00 0.00 0.00 0.00 0.00 0.00
75.00 8.00 5.00 16.00 37.00 11.00 21.00 0.10 0.34 0.00 0.00 0.00 2.00 4.00 6.00 4.00 5.00 3.00 0.00 0.00 0.00 0.00 0.00
76.00 8.00 6.00 18.00 38.00 12.00 20.00 0.08 0.22 0.00 0.00 0.00 1.00 5.00 7.00 3.00 6.00 2.00 0.00 0.00 0.00 0.00 0.00
77.00 7.00 3.00 13.00 34.00 10.00 21.00 0.09 2.60 0.00 0.00 0.00 2.00 3.00 5.00 4.00 5.00 2.00 0.00 0.00 0.00 0.00 0.00
78.00 10.00 2.00 9.00 34.00 7.00 25.00 0.09 4.16 0.00 0.00 0.00 5.00 7.00 5.00 3.00 10.00 0.00 0.00 0.00 0.00 0.00 0.00
79.00 4.00 1.00 5.00 16.00 4.00 11.00 0.09 5.38 0.00 0.00 0.00 1.00 3.00 3.00 1.00 4.00 0.00 0.00 0.00 0.00 0.00 0.00
80.00 4.00 0.00 2.00 12.00 2.00 10.00 0.08 5.64 0.00 0.00 0.00 2.00 4.00 2.00 0.00 4.00 0.00 0.00 0.00 0.00 0.00 0.00
81.00 8.00 6.00 16.00 34.00 10.00 18.00 0.08 4.52 0.00 0.00 0.00 1.00 5.00 7.00 3.00 7.00 1.00 0.00 0.00 0.00 0.00 0.00
82.00 4.00 0.00 1.00 4.00 1.00 3.00 0.08 0.14 0.00 0.00 0.00 3.00 3.00 1.00 1.00 4.00 0.00 0.00 0.00 0.00 0.00 0.00
83.00 7.00 5.00 14.00 34.00 9.00 20.00 0.08 2.64 0.00 0.00 0.00 1.00 2.00 6.00 5.00 2.00 5.00 0.00 0.00 0.00 0.00 0.00
84.00 2.00 0.00 0.00 1.00 0.00 1.00 0.08 0.22 0.00 0.00 0.00 2.00 2.00 0.00 0.00 2.00 0.00 0.00 0.00 0.00 0.00 0.00
