0.00 2.00 0.00 0.00 1.00 0.00 1.00 0.08 0.05 0.00 0.00 0.00 2.00 2.00 0.00 0.00 2.00 0.00 0.00 0.00 0.00 0.00 0.00
1.00 7.00 1.00 9.00 33.00 8.00 24.00 0.09 4.61 0.00 0.00 0.00 3.00 5.00 4.00 2.00 6.00 1.00 0.00 0.00 0.00 0.00 0.00
2.00 3.00 0.00 0.00 3.00 0.00 3.00 0.09 0.21 0.00 0.00 0.00 2.00 3.00 1.00 0.00 3.00 0.00 0.00 0.00 0.00 0.00 0.00
3.00 4.00 0.00 1.00 6.00 1.00 5.00 0.07 0.25 0.00 0.00 0.00 3.00 3.00 1.00 1.00 4.00 0.00 0.00 0.00 0.00 0.00 0.00
4.00 9.00 4.00 16.00 37.00 12.00 21.00 0.10 4.18 0.00 0.00 0.00 3.00 7.00 6.00 2.00 8.00 1.00 0.00 0.00 0.00 0.00 0.00
5.00 5.00 1.00 7.00 16.00 6.00 9.00 0.10 0.12 0.00 0.00 0.00 2.00 5.00 3.00 0.00 5.00 0.00 0.00 0.00 0.00 0.00 0.00
6.00 3.00 0.00 0.00 1.00 0.00 1.00 0.08 0.15 0.00 0.00 0.00 2.00 3.00 1.00 0.00 3.00 0.00 0.00 0.00 0.00 0.00 0.00
7.00 7.00 2.00 12.00 32.00 10.00 20.00 0.09 2.57 0.00 0.00 0.00 2.00 5.00 5.00 2.00 7.00 0.00 0.00 0.00 0.00 0.00 0.00
8.00 4.00 0.00 2.00 16.00 2.00 14.00 0.09 4.05 0.00 0.00 0.00 1.00 3.00 3.00 1.00 4.00 0.00 0.00 0.00 0.00 0.00 0.00
9.00 15.00 10.00 29.00 64.00 19.00 35.00 0.07 3.84 0.00 0.00 0.00 4.00 9.00 11.00 6.00 10.00 5.00 0.00 0.00 0.00 0.00 0.00
10.00 15.00 15.00 38.00 68.00 23.00 30.00 0.09 3.88 0.00 1.00 0.00 5.00 7.00 10.00 8.00 10.00 5.00 0.00 0.00 0.00 0.00 0.00
11.00 14.00 13.00 36.00 69.00 23.00 33.00 0.08 4.33 0.00 1.00 0.00 2.00 6.00 12.00 8.00 9.00 5.00 0.00 0.00 0.00 0.00 0.00
12.00 10.00 2.00 11.00 39.00 9.00 28.00 0.08 4.65 0.00 0.00 0.00 4.00 8.00 6.00 2.00 10.00 0.00 0.00 0.00 0.00 0.00 0.00
13.00 18.00 13.00 38.00 84.00 25.00 46.00 0.09 4.08 0.00 1.00 0.00 5.00 10.00 13.00 8.00 11.00 7.00 0.00 0.00 0.00 0.00 0.00
14.00 15.00 17.00 36.00 67.00 19.00 31.00 0.10 4.16 0.00 2.00 0.00 3.00 6.00 12.00 9.00 9.00 6.00 0.00 0.00 0.00 0.00 0.00
15.00 13.00 11.00 31.00 60.00 20.00 29.00 0.10 3.32 0.00 0.00 0.00 3.00 6.00 10.00 7.00 7.00 6.00 0.00 0.00 0.00 0.00 0.00
16.00 15.00 15.00 36.00 65.00 21.00 29.00 0.07 4.20 0.00 1.00 0.00 7.00 9.00 8.00 6.00 10.00 5.00 1.00 0.00 0.00 0.00 0.00
17.00 16.00 18.00 40.00 80.00 22.00 40.00 0.09 4.60 0.00 0.00 0.00 5.00 11.00 11.00 5.00 11.00 5.00 0.00 0.00 0.00 0.00 0.00
18.00 16.00 20.00 45.00 76.00 25.00 31.00 0.07 4.77 0.00 1.00 0.00 4.00 10.00 12.00 6.00 10.00 6.00 0.00 0.00 0.00 1.00 0.00
19.00 18.00 20.00 47.00 91.00 27.00 44.00 0.08 4.57 1.00 1.00 1.00 3.00 8.00 15.00 10.00 9.00 9.00 0.00 0.00 1.00 0.00 0.00
20.00 16.00 18.00 43.00 83.00 25.00 40.00 0.08 4.84 1.00 1.00 1.00 4.00 8.00 12.00 8.00 11.00 5.00 0.00 0.00 0.00 0.00 0.00
21.00 15.00 14.00 37.00 74.00 23.00 37.00 0.06 4.58 0.00 1.00 0.00 6.00 9.00 9.00 6.00 11.00 4.00 0.00 0.00 0.00 0.00 0.00
22.00 11.00 10.00 27.00 52.00 17.00 25.00 0.09 4.85 0.00 2.00 0.00 2.00 8.00 9.00 3.00 9.00 2.00 0.00 0.00 0.00 0.00 0.00
23.00 14.00 14.00 37.00 66.00 23.00 29.00 0.09 4.01 0.00 0.00 0.00 4.00 7.00 10.00 7.00 9.00 5.00 0.00 0.00 0.00 0.00 0.00
24.00 16.00 17.00 42.00 72.00 25.00 30.00 0.09 4.81 0.00 1.00 0.00 6.00 7.00 10.00 9.00 9.00 7.00 0.00 0.00 0.00 0.00 0.00
25.00 20.00 22.00 52.00 101.00 30.00 49.00 0.07 4.62 0.00 2.00 0.00 5.00 11.00 15.00 9.00 15.00 5.00 0.00 0.00 0.00 0.00 0.00
26.00 17.00 15.00 40.00 80.00 25.00 40.00 0.09 4.59 0.00 2.00 0.00 4.00 6.00 13.00 11.00 9.00 8.00 0.00 0.00 0.00 0.00 0.00
27.00 21.00 20.00 54.00 107.00 34.00 53.00 0.09 4.67 0.00 2.00 0.00 8.00 12.00 13.00 9.00 15.00 6.00 0.00 0.00 0.00 0.00 0.00
28.00 22.00 22.00 53.00 105.00 31.00 52.00 0.08 4.61 0.00 1.00 0.00 7.00 9.00 15.00 13.00 14.00 8.00 0.00 0.00 0.00 0.00 0.00
29.00 18.00 14.00 44.00 93.00 30.00 49.00 0.06 4.59 0.00 1.00 0.00 4.00 6.00 14.00 12.00 8.00 10.00 0.00 0.00 0.00 0.00 0.00
30.00 15.00 14.00 36.00 72.00 22.00 36.00 0.09 4.32 0.00 1.00 0.00 5.00 8.00 10.00 7.00 11.00 4.00 0.00 0.00 0.00 0.00 0.00
31.00 20.00 25.00 59.00 100.00 34.00 41.00 0.09 4.68 0.00 2.00 0.00 3.00 6.00 17.00 14.00 12.00 8.00 0.00 0.00 0.00 0.00 0.00
32.00 20.00 14.00 53.00 100.00 39.00 47.00 0.09 4.76 0.00 1.00 0.00 4.00 11.00 16.00 9.00 15.00 5.00 0.00 0.00 0.00 0.00 0.00
33.00 17.00 13.00 39.00 81.00 26.00 42.00 0.08 4.96 0.00 1.00 0.00 5.00 10.00 12.00 7.00 14.00 3.00 0.00 0.00 0.00 0.00 0.00
34.00 18.00 14.00 47.00 87.00 33.00 40.00 0.08 4.56 0.00 1.00 0.00 5.00 11.00 13.00 7.00 12.00 6.00 0.00 0.00 0.00 0.00 0.00
35.00 30.00 32.00 74.00 132.00 42.00 58.00 0.08 4.39 0.00 3.00 0.00 11.00 17.00 19.00 13.00 22.00 8.00 0.00 0.00 0.00 0.00 0.00
36.00 16.00 15.00 39.00 79.00 24.00 40.00 0.08 4.70 0.00 0.00 0.00 5.00 10.00 11.00 6.00 13.00 3.00 0.00 0.00 0.00 0.00 0.00
37.00 14.00 14.00 34.00 65.00 20.00 31.00 0.08 4.72 0.00 1.00 0.00 6.00 8.00 8.00 6.00 9.00 5.00 0.00 0.00 0.00 0.00 0.00
38.00 21.00 24.00 54.00 100.00 30.00 46.00 0.09 4.75 0.00 1.00 0.00 7.00 13.00 14.00 8.00 16.00 5.00 0.00 0.00 0.00 1.00 0.00
39.00 20.00 21.00 52.00 100.00 31.00 48.00 0.08 4.37 0.00 2.00 0.00 4.00 5.00 16.00 15.00 11.00 9.00 0.00 0.00 0.00 0.00 0.00
40.00 23.00 32.00 63.00 112.00 31.00 49.00 0.09 4.86 0.00 2.00 0.00 6.00 10.00 17.00 13.00 15.00 8.00 0.00 0.00 0.00 0.00 0.00
41.00 19.00 23.00 50.00 98.00 27.00 48.00 0.08 4.45 0.00 3.00 0.00 3.00 7.00 16.00 12.00 10.00 9.00 0.00 0.00 1.00 0.00 0.00
42.00 15.00 6.00 31.00 74.00 25.00 43.00 0.10 5.39 0.00 1.00 0.00 5.00 8.00 10.00 7.00 10.00 5.00 0.00 0.00 0.00 0.00 0.00
43.00 24.00 27.00 64.00 115.00 37.00 51.00 0.10 4.26 0.00 3.00 0.00 6.00 11.00 18.00 13.00 15.00 9.00 0.00 0.00 1.00 0.00 0.00
44.00 24.00 33.00 70.00 121.00 37.00 51.00 0.08 4.86 0.00 3.00 0.00 7.00 8.00 17.00 16.00 14.00 10.00 0.00 0.00 1.00 0.00 0.00
45.00 19.00 20.00 55.00 94.00 35.00 39.00 0.09 4.71 0.00 2.00 0.00 5.00 9.00 14.00 10.00 13.00 6.00 0.00 0.00 0.00 0.00 0.00
46.00 23.00 28.00 66.00 117.00 38.00 51.00 0.08 4.84 0.00 2.00 0.00 5.00 10.00 18.00 13.00 14.00 9.00 0.00 0.00 1.00 0.00 0.00
47.00 19.00 17.00 52.00 97.00 35.00 45.00 0.10 4.65 0.00 2.00 0.00 9.00 11.00 10.00 8.00 14.00 5.00 0.00 0.00 0.00 0.00 0.00
48.00 17.00 18.00 42.00 85.00 24.00 43.00 0.09 4.54 0.00 2.00 0.00 4.00 8.00 13.00 9.00 11.00 6.00 0.00 0.00 0.00 0.00 0.00
49.00 25.00 31.00 66.00 122.00 35.00 56.00 0.09 4.95 0.00 1.00 0.00 4.00 11.00 21.00 14.00 15.00 10.00 0.00 0.00 0.00 0.00 0.00
50.00 14.00 13.00 32.00 70.00 19.00 38.00 0.09 4.72 0.00 2.00 0.00 4.00 7.00 10.00 7.00 11.00 3.00 0.00 0.00 0.00 0.00 0.00
51.00 17.00 23.00 46.00 90.00 23.00 44.00 0.10 4.95 0.00 1.00 0.00 2.00 6.00 15.00 11.00 8.00 9.00 0.00 0.00 0.00 0.00 0.00
52.00 17.00 17.00 44.00 86.00 27.00 42.00 0.09 4.71 0.00 0.00 0.00 4.00 7.00 13.00 10.00 9.00 8.00 0.00 0.00 0.00 0.00 0.00
53.00 18.00 24.00 48.00 92.00 24.00 44.00 0.09 4.88 0.00 1.00 0.00 2.00 8.00 16.00 10.00 9.00 9.00 0.00 0.00 1.00 0.00 0.00
54.00 14.00 16.00 35.00 71.00 19.00 36.00 0.09 5.10 0.00 1.00 0.00 2.00 6.00 12.00 8.00 8.00 6.00 0.00 0.00 0.00 0.00 0.00
55.00 13.00 8.00 29.00 60.00 21.00 31.00 0.09 4.98 0.00 1.00 0.00 3.00 6.00 10.00 7.00 8.00 5.00 0.00 0.00 0.00 0.00 0.00
56.00 10.00 4.00 22.00 50.00 18.00 28.00 0.08 4.82 0.00 1.00 0.00 4.00 7.00 6.00 3.00 8.00 2.00 0.00 0.00 0.00 0.00 0.00
57.00 12.00 6.00 23.00 61.00 17.00 38.00 0.09 4.26 0.00 1.00 0.00 4.00 6.00 8.00 6.00 9.00 3.00 0.00 0.00 0.00 0.00 0.00
58.00 9.00 7.00 18.00 38.00 11.00 20.00 0.09 3.52 0.00 1.00 0.00 3.00 5.00 6.00 4.00 8.00 1.00 0.00 0.00 0.00 0.00 0.00
59.00 15.00 12.00 37.00 76.00 25.00 39.00 0.09 4.16 0.00 1.00 0.00 6.00 11.00 9.00 4.00 12.00 3.00 0.00 0.00 0.00 0.00 0.00
60.00 10.00 4.00 21.00 47.00 17.00 26.00 0.07 0.32 0.00 1.00 0.00 3.00 5.00 7.00 5.00 8.00 2.00 0.00 0.00 0.00 0.00 0.00
61.00 16.00 18.00 36.00 75.00 18.00 39.00 0.08 2.99 0.00 1.00 0.00 6.00 10.00 10.00 6.00 12.00 4.00 0.00 0.00 0.00 0.00 0.00
62.00 11.00 1.00 10.00 42.00 9.00 32.00 0.08 3.94 0.00 1.00 0.00 7.00 9.00 4.00 2.00 9.00 2.00 0.00 0.00 0.00 0.00 0.00
63.00 12.00 8.00 24.00 55.00 16.00 31.00 0.09 4.78 0.00 1.00 0.00 2.00 8.00 10.00 4.00 9.00 3.00 0.00 0.00 0.00 0.00 0.00
64.00 15.00 15.00 35.00 70.00 20.00 35.00 0.08 4.18 0.00 1.00 0.00 4.00 9.00 11.00 6.00 11.00 4.00 0.00 0.00 0.00 0.00 0.00
65.00 14.00 19.00 38.00 65.00 19.00 27.00 0.09 3.46 0.00 1.00 0.00 5.00 8.00 9.00 6.00 10.00 4.00 0.00 0.00 0.00 0.00 0.00
66.00 12.00 14.00 32.00 60.00 18.00 28.00 0.10 4.54 0.00 1.00 0.00 2.00 6.00 10.00 6.00 10.00 2.00 0.00 0.00 0.00 0.00 0.00
67.00 13.00 10.00 27.00 55.00 17.00 28.00 0.08 2.85 0.00 1.00 0.00 4.00 8.00 9.00 5.00 11.00 2.00 0.00 0.00 0.00 0.00 0.00
68.00 11.00 8.00 19.00 53.00 11.00 34.00 0.08 3.83 0.00 1.00 0.00 5.00 9.00 6.00 2.00 9.00 2.00 0.00 0.00 0.00 0.00 0.00
69.00 12.00 9.00 28.00 60.00 19.00 32.00 0.09 1.77 0.00 1.00 0.00 3.00 6.00 9.00 6.00 10.00 2.00 0.00 0.00 0.00 0.00 0.00
70.00 6.00 1.00 7.00 25.00 6.00 18.00 0.09 2.83 0.00 1.00 0.00 3.00 4.00 3.00 2.00 5.00 1.00 0.00 0.00 0.00 0.00 0.00
71.00 15.00 14.00 31.00 65.00 17.00 34.00 0.07 3.16 0.00 0.00 0.00 6.00 9.00 9.00 6.00 13.00 2.00 0.00 0.00 0.00 0.00 0.00
72.00 12.00 5.00 22.00 52.00 17.00 30.00 0.10 3.73 0.00 1.00 0.00 3.00 8.00 9.00 4.00 11.00 1.00 0.00 0.00 0.00 0.00 0.00
73.00 9.00 6.00 16.00 43.00 10.00 27.00 0.08 2.24 0.00 0.00 0.00 1.00 3.00 8.00 6.00 4.00 5.00 0.00 0.00 0.00 0.00 0.00
74.00 10.00 4.00 21.00 49.00 17.00 28.00 0.09 0.52 0.00 0.00 0.00 2.00 7.00 8.00 3.00 8.00 2.00 0.00 0.00 0.00 0.00 0.00
75.00 12.00 9.00 26.00 53.00 17.00 27.00 0.08 1.83 0.00 1.00 0.00 1.00 7.00 11.00 5.00 11.00 1.00 0.00 0.00 0.00 0.00 0.00
76.00 12.00 4.00 22.00 60.00 18.00 38.00 0.09 1.85 0.00 0.00 0.00 7.00 9.00 5.00 3.00 10.00 2.00 0.00 0.00 0.00 0.00 0.00
77.00 13.00 14.00 36.00 62.00 22.00 26.00 0.09 1.74 0.00 1.00 0.00 3.00 4.00 10.00 9.00 8.00 5.00 0.00 0.00 0.00 0.00 0.00
78.00 9.00 5.00 21.00 43.00 16.00 22.00 0.09 2.18 0.00 1.00 0.00 3.00 6.00 6.00 3.00 7.00 2.00 0.00 0.00 0.00 0.00 0.00
79.00 11.00 7.00 24.00 51.00 17.00 27.00 0.09 3.84 0.00 1.00 0.00 5.00 7.00 6.00 4.00 9.00 2.00 0.00 0.00 0.00 0.00 0.00
80.00 11.00 10.00 30.00 52.00 20.00 22.00 0.09 1.94 0.00 1.00 0.00 4.00 7.00 7.00 4.00 10.00 1.00 0.00 0.00 0.00 0.00 0.00
81.00 6.00 2.00 7.00 23.00 5.00 16.00 0.08 3.03 1.00 0.00 0.00 2.00 4.00 4.00 2.00 6.00 0.00 0.00 0.00 0.00 0.00 0.00
82.00 9.00 2.00 13.00 43.00 11.00 30.00 0.07 3.50 0.00 0.00 0.00 3.00 5.00 6.00 4.00 8.00 1.00 0.00 0.00 0.00 0.00 0.00
83.00 6.00 1.00 7.00 28.00 6.00 21.00 0.07 2.78 0.00 0.00 0.00 2.00 3.00 4.00 3.00 5.00 1.00 0.00 0.00 0.00 0.00 0.00
84.00 8.00 5.00 17.00 37.00 12.00 20.00 0.09 3.93 0.00 0.00 0.00 4.00 4.00 4.00 4.00 6.00 2.00 0.00 0.00 0.00 1.00 0.00
85.00 7.00 4.00 13.00 34.00 9.00 21.00 0.08 4.01 0.00 0.00 0.00 5.00 6.00 2.00 1.00 6.00 1.00 0.00 0.00 0.00 0.00 0.00
86.00 7.00 2.00 10.00 25.00 8.00 15.00 0.08 0.45 0.00 0.00 0.00 2.00 5.00 5.00 2.00 7.00 0.00 0.00 0.00 0.00 0.00 0.00
87.00 3.00 0.00 0.00 4.00 0.00 4.00 0.09 0.15 0.00 0.00 0.00 2.00 3.00 1.00 0.00 3.00 0.00 0.00 0.00 0.00 0.00 0.00
88.00 2.00 0.00 0.00 1.00 0.00 1.00 0.10 0.17 0.00 0.00 0.00 2.00 2.00 0.00 0.00 2.00 0.00 0.00 0.00 0.00 0.00 0.00
