0.00 2.00 0.00 0.00 0.00 0.00 0.00 0.08 0.24 0.00 0.00 0.00 2.00 2.00 0.00 0.00 2.00 0.00 0.00 0.00 0.00 0.00 0.00
1.00 4.00 0.00 2.00 6.00 2.00 4.00 0.09 0.21 0.00 0.00 0.00 2.00 4.00 2.00 0.00 4.00 0.00 0.00 0.00 0.00 0.00 0.00
2.00 4.00 0.00 2.00 12.00 2.00 10.00 0.09 0.28 0.00 0.00 0.00 1.00 3.00 3.00 1.00 4.00 0.00 0.00 0.00 0.00 0.00 0.00
3.00 9.00 0.00 13.00 35.00 13.00 22.00 0.08 3.63 0.00 0.00 0.00 4.00 7.00 5.00 2.00 8.00 1.00 0.00 0.00 0.00 0.00 0.00
4.00 11.00 5.00 20.00 48.00 15.00 28.00 0.09 3.56 1.00 1.00 1.00 5.00 6.00 6.00 5.00 9.00 2.00 0.00 0.00 0.00 0.00 0.00
5.00 12.00 13.00 32.00 58.00 19.00 26.00 0.08 3.89 0.00 1.00 0.00 1.00 6.00 11.00 6.00 8.00 4.00 0.00 0.00 0.00 0.00 0.00
6.00 9.00 5.00 17.00 42.00 12.00 25.00 0.08 4.45 0.00 0.00 0.00 7.00 7.00 2.00 2.00 8.00 1.00 0.00 0.00 0.00 0.00 0.00
7.00 8.00 1.00 10.00 31.00 9.00 21.00 0.09 4.74 0.00 0.00 0.00 2.00 6.00 6.00 2.00 8.00 0.00 0.00 0.00 0.00 0.00 0.00
8.00 8.00 3.00 11.00 35.00 8.00 24.00 0.09 3.90 0.00 1.00 0.00 4.00 6.00 4.00 2.00 8.00 0.00 0.00 0.00 0.00 0.00 0.00
9.00 7.00 0.00 9.00 31.00 9.00 22.00 0.07 4.33 0.00 0.00 0.00 1.00 3.00 6.00 4.00 3.00 4.00 0.00 0.00 0.00 0.00 0.00
10.00 16.00 11.00 35.00 69.00 24.00 34.00 0.09 2.36 0.00 0.00 0.00 8.00 10.00 8.00 6.00 12.00 4.00 0.00 0.00 0.00 0.00 1.00
11.00 9.00 2.00 13.00 35.00 11.00 22.00 0.08 2.05 0.00 0.00 0.00 4.00 7.00 5.00 2.00 9.00 0.00 0.00 0.00 0.00 0.00 0.00
12.00 6.00 0.00 5.00 25.00 5.00 20.00 0.09 2.83 0.00 0.00 0.00 4.00 5.00 2.00 1.00 5.00 1.00 0.00 0.00 0.00 0.00 0.00
13.00 5.00 2.00 7.00 18.00 5.00 11.00 0.09 4.88 0.00 0.00 0.00 4.00 4.00 1.00 1.00 4.00 1.00 0.00 0.00 0.00 0.00 0.00
14.00 11.00 6.00 26.00 53.00 20.00 27.00 0.08 4.69 0.00 0.00 0.00 5.00 6.00 6.00 5.00 9.00 2.00 0.00 0.00 0.00 0.00 0.00
15.00 5.00 1.00 6.00 19.00 5.00 13.00 0.09 3.35 0.00 0.00 0.00 3.00 4.00 2.00 1.00 5.00 0.00 0.00 0.00 0.00 0.00 0.00
16.00 9.00 2.00 13.00 34.00 11.00 21.00 0.07 3.71 0.00 0.00 0.00 4.00 7.00 5.00 2.00 9.00 0.00 0.00 0.00 0.00 0.00 0.00
17.00 12.00 9.00 27.00 55.00 18.00 28.00 0.09 3.04 0.00 0.00 0.00 2.00 4.00 10.00 8.00 7.00 5.00 0.00 0.00 0.00 0.00 0.00
18.00 13.00 11.00 30.00 62.00 19.00 32.00 0.08 3.56 0.00 0.00 0.00 4.00 9.00 9.00 4.00 11.00 2.00 0.00 0.00 0.00 0.00 0.00
19.00 11.00 10.00 25.00 51.00 15.00 26.00 0.08 3.27 0.00 0.00 0.00 3.00 6.00 8.00 5.00 8.00 3.00 0.00 0.00 0.00 0.00 0.00
20.00 8.00 4.00 13.00 36.00 9.00 23.00 0.08 2.35 0.00 0.00 0.00 3.00 6.00 5.00 2.00 6.00 2.00 0.00 0.00 0.00 0.00 0.00
21.00 10.00 7.00 21.00 47.00 14.00 26.00 0.08 3.23 0.00 0.00 0.00 2.00 6.00 8.00 4.00 9.00 1.00 0.00 0.00 0.00 0.00 0.00
22.00 12.00 9.00 29.00 52.00 20.00 23.00 0.09 4.55 0.00 0.00 0.00 2.00 6.00 10.00 6.00 10.00 2.00 0.00 0.00 0.00 0.00 0.00
23.00 12.00 5.00 21.00 55.00 16.00 34.00 0.08 4.29 0.00 0.00 0.00 4.00 8.00 8.00 4.00 11.00 1.00 0.00 0.00 0.00 0.00 0.00
24.00 10.00 0.00 5.00 44.00 5.00 39.00 0.08 4.98 0.00 0.00 0.00 6.00 7.00 4.00 3.00 9.00 1.00 0.00 0.00 0.00 0.00 0.00
25.00 3.00 0.00 0.00 10.00 0.00 10.00 0.08 0.11 0.00 0.00 0.00 2.00 3.00 1.00 0.00 3.00 0.00 0.00 0.00 0.00 0.00 0.00
26.00 13.00 8.00 22.00 49.00 14.00 27.00 0.10 3.52 0.00 0.00 0.00 8.00 10.00 5.00 3.00 11.00 2.00 0.00 0.00 0.00 0.00 0.00
27.00 6.00 2.00 7.00 23.00 5.00 16.00 0.09 4.66 0.00 0.00 0.00 2.00 6.00 4.00 0.00 6.00 0.00 0.00 0.00 0.00 0.00 0.00
28.00 3.00 0.00 1.00 5.00 1.00 4.00 0.09 0.19 0.00 0.00 0.00 2.00 3.00 1.00 0.00 3.00 0.00 0.00 0.00 0.00 0.00 0.00
29.00 12.00 10.00 26.00 53.00 16.00 27.00 0.08 4.46 0.00 0.00 0.00 3.00 7.00 9.00 5.00 10.00 2.00 0.00 0.00 0.00 0.00 0.00
30.00 11.00 8.00 22.00 48.00 14.00 26.00 0.08 4.55 0.00 0.00 0.00 4.00 7.00 7.00 4.00 9.00 2.00 0.00 0.00 0.00 0.00 0.00
31.00 8.00 2.00 16.00 37.00 14.00 21.00 0.08 4.79 0.00 0.00 0.00 4.00 7.00 4.00 1.00 7.00 1.00 0.00 0.00 0.00 1.00 0.00
32.00 10.00 10.00 22.00 50.00 12.00 28.00 0.09 3.24 0.00 0.00 0.00 4.00 7.00 6.00 3.00 9.00 1.00 0.00 0.00 0.00 0.00 0.00
33.00 9.00 7.00 18.00 46.00 11.00 28.00 0.08 3.40 0.00 0.00 0.00 3.00 4.00 6.00 5.00 5.00 4.00 0.00 0.00 0.00 0.00 0.00
34.00 14.00 12.00 32.00 69.00 20.00 37.00 0.09 5.05 0.00 0.00 0.00 5.00 7.00 9.00 7.00 9.00 5.00 0.00 0.00 0.00 0.00 0.00
35.00 7.00 3.00 11.00 32.00 8.00 21.00 0.09 3.98 0.00 0.00 0.00 2.00 3.00 5.00 4.00 5.00 2.00 0.00 0.00 0.00 0.00 0.00
36.00 7.00 1.00 5.00 23.00 4.00 18.00 0.08 2.54 0.00 0.00 0.00 3.00 6.00 4.00 1.00 7.00 0.00 0.00 0.00 0.00 0.00 0.00
37.00 11.00 8.00 24.00 50.00 16.00 26.00 0.09 3.03 0.00 1.00 0.00 2.00 5.00 9.00 6.00 7.00 4.00 0.00 0.00 0.00 0.00 0.00
38.00 7.00 0.00 8.00 32.00 8.00 24.00 0.09 5.55 0.00 1.00 0.00 4.00 5.00 3.00 2.00 7.00 0.00 0.00 0.00 0.00 0.00 0.00
39.00 17.00 19.00 40.00 80.00 21.00 40.00 0.09 4.49 0.00 1.00 0.00 6.00 10.00 11.00 7.00 14.00 3.00 0.00 0.00 0.00 0.00 0.00
40.00 19.00 20.00 51.00 90.00 31.00 39.00 0.08 4.29 0.00 1.00 0.00 5.00 10.00 14.00 9.00 12.00 7.00 0.00 0.00 0.00 0.00 0.00
41.00 16.00 19.00 44.00 78.00 25.00 34.00 0.09 3.84 0.00 1.00 0.00 5.00 7.00 11.00 9.00 13.00 3.00 0.00 0.00 0.00 0.00 0.00
42.00 17.00 21.00 44.00 88.00 23.00 44.00 0.08 4.29 0.00 1.00 0.00 3.00 8.00 14.00 9.00 10.00 7.00 0.00 0.00 0.00 1.00 0.00
43.00 18.00 22.00 46.00 81.00 24.00 35.00 0.08 4.14 0.00 0.00 0.00 4.00 12.00 14.00 6.00 15.00 3.00 0.00 0.00 0.00 0.00 0.00
44.00 20.00 21.00 47.00 90.00 26.00 43.00 0.09 4.42 0.00 2.00 0.00 5.00 11.00 15.00 9.00 14.00 6.00 0.00 0.00 0.00 0.00 0.00
45.00 24.00 30.00 62.00 107.00 32.00 45.00 0.09 4.70 0.00 1.00 0.00 8.00 13.00 16.00 11.00 18.00 6.00 0.00 0.00 0.00 0.00 0.00
46.00 20.00 23.00 52.00 99.00 29.00 47.00 0.08 4.81 0.00 2.00 0.00 5.00 8.00 15.00 12.00 16.00 4.00 0.00 0.00 0.00 0.00 0.00
47.00 21.00 26.00 54.00 105.00 28.00 51.00 0.09 4.54 0.00 2.00 0.00 4.00 9.00 17.00 12.00 13.00 8.00 0.00 0.00 0.00 0.00 0.00
48.00 23.00 26.00 51.00 106.00 25.00 55.00 0.07 3.66 0.00 1.00 0.00 6.00 11.00 17.00 12.00 13.00 10.00 0.00 0.00 0.00 0.00 0.00
49.00 24.00 18.00 54.00 125.00 36.00 71.00 0.09 4.48 0.00 1.00 0.00 5.00 13.00 19.00 11.00 17.00 7.00 0.00 0.00 1.00 0.00 0.00
50.00 27.00 39.00 81.00 140.00 42.00 59.00 0.10 3.97 0.00 1.00 0.00 3.00 8.00 24.00 19.00 14.00 13.00 0.00 0.00 0.00 0.00 0.00
51.00 33.00 35.00 86.00 160.00 51.00 74.00 0.09 4.14 0.00 1.00 0.00 7.00 14.00 26.00 19.00 21.00 12.00 0.00 0.00 0.00 0.00 0.00
52.00 29.00 40.00 79.00 139.00 39.00 60.00 0.08 3.40 0.00 2.00 0.00 7.00 12.00 22.00 17.00 16.00 13.00 0.00 0.00 0.00 1.00 0.00
53.00 30.00 45.00 84.00 145.00 39.00 61.00 0.08 3.92 0.00 3.00 0.00 7.00 11.00 23.00 19.00 19.00 11.00 0.00 0.00 0.00 0.00 0.00
54.00 26.00 35.00 73.00 122.00 38.00 49.00 0.09 4.39 0.00 4.00 0.00 5.00 9.00 21.00 17.00 16.00 10.00 0.00 0.00 0.00 0.00 0.00
55.00 19.00 19.00 48.00 100.00 29.00 52.00 0.10 4.73 0.00 3.00 0.00 5.00 9.00 14.00 10.00 12.00 7.00 0.00 0.00 1.00 0.00 0.00
56.00 21.00 20.00 56.00 109.00 36.00 53.00 0.09 4.51 0.00 3.00 0.00 6.00 11.00 15.00 10.00 15.00 6.00 0.00 0.00 0.00 0.00 0.00
57.00 20.00 23.00 53.00 98.00 30.00 45.00 0.10 3.84 0.00 3.00 0.00 5.00 12.00 15.00 8.00 15.00 5.00 0.00 0.00 0.00 0.00 0.00
58.00 17.00 14.00 46.00 90.00 32.00 44.00 0.09 5.04 0.00 3.00 0.00 3.00 9.00 14.00 8.00 11.00 6.00 0.00 0.00 0.00 0.00 0.00
59.00 24.00 31.00 66.00 116.00 35.00 50.00 0.08 2.99 0.00 2.00 0.00 4.00 12.00 20.00 12.00 14.00 10.00 0.00 0.00 0.00 0.00 0.00
60.00 23.00 31.00 63.00 114.00 32.00 51.00 0.08 3.72 0.00 3.00 0.00 5.00 12.00 18.00 11.00 14.00 9.00 0.00 0.00 0.00 0.00 0.00
61.00 26.00 24.00 67.00 131.00 43.00 64.00 0.09 4.38 0.00 3.00 0.00 8.00 16.00 18.00 10.00 19.00 7.00 0.00 0.00 0.00 0.00 0.00
62.00 18.00 27.00 50.00 86.00 23.00 36.00 0.09 4.87 0.00 3.00 0.00 5.00 9.00 13.00 9.00 14.00 4.00 0.00 0.00 0.00 0.00 0.00
63.00 21.00 22.00 50.00 103.00 28.00 53.00 0.09 3.65 0.00 2.00 0.00 6.00 11.00 15.00 10.00 14.00 7.00 0.00 0.00 0.00 0.00 0.00
64.00 17.00 17.00 49.00 85.00 32.00 36.00 0.10 3.64 0.00 3.00 0.00 4.00 9.00 13.00 8.00 11.00 6.00 0.00 0.00 1.00 0.00 0.00
65.00 22.00 26.00 56.00 110.00 30.00 54.00 0.10 3.61 0.00 2.00 0.00 7.00 14.00 15.00 8.00 18.00 4.00 0.00 0.00 0.00 0.00 0.00
66.00 13.00 10.00 33.00 62.00 23.00 29.00 0.09 2.66 0.00 2.00 0.00 2.00 4.00 11.00 9.00 7.00 6.00 0.00 0.00 0.00 0.00 0.00
67.00 23.00 29.00 65.00 117.00 36.00 52.00 0.09 4.01 0.00 2.00 0.00 6.00 13.00 17.00 10.00 17.00 6.00 0.00 0.00 0.00 0.00 0.00
68.00 20.00 25.00 54.00 95.00 29.00 41.00 0.08 4.72 0.00 2.00 0.00 5.00 10.00 15.00 10.00 15.00 5.00 0.00 0.00 0.00 0.00 0.00
69.00 22.00 24.00 56.00 102.00 32.00 46.00 0.09 4.03 0.00 3.00 0.00 7.00 10.00 15.00 12.00 13.00 9.00 0.00 0.00 0.00 0.00 0.00
70.00 15.00 16.00 35.00 73.00 19.00 38.00 0.08 3.15 0.00 1.00 0.00 2.00 8.00 13.00 7.00 10.00 5.00 0.00 0.00 0.00 0.00 0.00
71.00 20.00 21.00 54.00 104.00 33.00 50.00 0.10 3.42 0.00 2.00 0.00 6.00 9.00 14.00 11.00 12.00 8.00 0.00 0.00 0.00 0.00 0.00
72.00 16.00 7.00 35.00 82.00 28.00 47.00 0.09 3.63 0.00 1.00 0.00 4.00 7.00 12.00 9.00 11.00 5.00 0.00 0.00 0.00 0.00 0.00
73.00 9.00 2.00 15.00 42.00 13.00 27.00 0.08 4.86 0.00 0.00 0.00 3.00 7.00 6.00 2.00 7.00 2.00 0.00 0.00 0.00 0.00 0.00
74.00 16.00 11.00 33.00 76.00 22.00 43.00 0.08 3.11 0.00 1.00 0.00 6.00 9.00 10.00 7.00 10.00 6.00 0.00 0.00 0.00 0.00 0.00
75.00 18.00 14.00 43.00 87.00 29.00 44.00 0.08 3.41 0.00 1.00 0.00 3.00 10.00 15.00 8.00 12.00 6.00 0.00 0.00 0.00 0.00 0.00
76.00 14.00 10.00 29.00 68.00 19.00 39.00 0.10 1.58 0.00 0.00 0.00 5.00 6.00 9.00 8.00 9.00 5.00 0.00 0.00 0.00 0.00 0.00
77.00 6.00 2.00 10.00 28.00 8.00 18.00 0.09 4.91 0.00 0.00 0.00 3.00 4.00 3.00 2.00 5.00 1.00 0.00 0.00 0.00 0.00 0.00
78.00 18.00 18.00 43.00 90.00 25.00 47.00 0.07 3.23 0.00 0.00 0.00 4.00 5.00 14.00 13.00 10.00 8.00 0.00 0.00 0.00 0.00 0.00
79.00 12.00 7.00 25.00 58.00 18.00 33.00 0.08 1.63 0.00 1.00 0.00 3.00 7.00 9.00 5.00 9.00 3.00 0.00 0.00 0.00 0.00 0.00
80.00 20.00 13.00 43.00 99.00 30.00 56.00 0.09 3.39 0.00 0.00 0.00 7.00 10.00 13.00 10.00 16.00 4.00 0.00 0.00 0.00 0.00 0.00
81.00 17.00 17.00 42.00 83.00 25.00 41.00 0.07 4.07 0.00 1.00 0.00 6.00 11.00 11.00 6.00 14.00 3.00 0.00 0.00 0.00 0.00 0.00
82.00 12.00 9.00 27.00 59.00 18.00 32.00 0.08 3.68 0.00 0.00 0.00 4.00 7.00 8.00 5.00 8.00 4.00 0.00 0.00 0.00 0.00 0.00
83.00 15.00 15.00 36.00 73.00 21.00 37.00 0.08 3.22 0.00 0.00 0.00 6.00 7.00 9.00 8.00 9.00 6.00 0.00 0.00 0.00 0.00 0.00
84.00 15.00 13.00 39.00 75.00 26.00 36.00 0.06 3.76 0.00 1.00 0.00 4.00 7.00 11.00 8.00 10.00 5.00 0.00 0.00 0.00 0.00 0.00
85.00 14.00 12.00 34.00 68.00 22.00 34.00 0.09 0.43 0.00 1.00 0.00 6.00 8.00 8.00 6.00 9.00 5.00 0.00 0.00 0.00 0.00 0.00
86.00 12.00 10.00 26.00 53.00 16.00 27.00 0.07 1.66 0.00 1.00 0.00 4.00 5.00 8.00 7.00 9.00 3.00 0.00 0.00 0.00 0.00 0.00
87.00 13.00 9.00 28.00 63.00 19.00 35.00 0.08 3.71 0.00 1.00 0.00 3.00 5.00 10.00 8.00 11.00 2.00 0.00 0.00 1.00 0.00 0.00
88.00 14.00 14.00 35.00 68.00 21.00 33.00 0.08 3.65 0.00 1.00 0.00 4.00 11.00 10.00 3.00 12.00 2.00 0.00 0.00 0.00 0.00 0.00
89.00 17.00 15.00 41.00 83.00 26.00 42.00 0.09 3.57 0.00 1.00 0.00 4.00 7.00 13.00 10.00 13.00 4.00 0.00 0.00 0.00 0.00 0.00
90.00 13.00 11.00 31.00 70.00 20.00 39.00 0.09 3.81 0.00 0.00 0.00 1.00 7.00 12.00 6.00 10.00 3.00 0.00 0.00 0.00 0.00 0.00
91.00 16.00 14.00 32.00 78.00 18.00 46.00 0.09 2.51 0.00 0.00 0.00 4.00 8.00 12.00 8.00 11.00 5.00 0.00 0.00 0.00 0.00 0.00
92.00 12.00 9.00 28.00 59.00 19.00 31.00 0.07 2.89 0.00 1.00 0.00 3.00 7.00 9.00 5.00 11.00 1.00 0.00 0.00 0.00 0.00 0.00
93.00 10.00 7.00 21.00 49.00 14.00 28.00 0.08 2.02 0.00 1.00 0.00 4.00 6.00 6.00 4.00 8.00 2.00 0.00 0.00 0.00 0.00 0.00
94.00 12.00 7.00 24.00 54.00 17.00 30.00 0.08 2.98 0.00 0.00 0.00 2.00 7.00 10.00 5.00 9.00 3.00 0.00 0.00 0.00 0.00 0.00
95.00 13.00 6.00 21.00 56.00 15.00 35.00 0.10 1.00 0.00 0.00 0.00 0.00 8.00 13.00 5.00 12.00 1.00 0.00 0.00 0.00 1.00 0.00
96.00 14.00 7.00 27.00 73.00 20.00 46.00 0.08 3.45 0.00 1.00 0.00 3.00 8.00 11.00 6.00 10.00 4.00 0.00 0.00 0.00 0.00 0.00
97.00 9.00 5.00 18.00 45.00 13.00 27.00 0.08 2.33 0.00 2.00 0.00 2.00 5.00 7.00 4.00 7.00 2.00 0.00 0.00 0.00 0.00 0.00
98.00 10.00 7.00 17.00 43.00 10.00 26.00 0.08 3.20 0.00 0.00 0.00 4.00 8.00 6.00 2.00 10.00 0.00 0.00 0.00 0.00 0.00 0.00
99.00 13.00 3.00 27.00 65.00 24.00 38.00 0.07 3.86 0.00 0.00 0.00 4.00 7.00 9.00 6.00 11.00 2.00 0.00 0.00 0.00 0.00 0.00
100.00 11.00 9.00 23.00 57.00 14.00 34.00 0.08 3.00 0.00 0.00 0.00 2.00 7.00 9.00 4.00 9.00 2.00 0.00 0.00 0.00 0.00 0.00
101.00 9.00 4.00 15.00 43.00 11.00 28.00 0.07 2.18 0.00 1.00 0.00 4.00 6.00 5.00 3.00 7.00 2.00 0.00 0.00 0.00 0.00 0.00
102.00 10.00 7.00 22.00 48.00 15.00 26.00 0.08 3.21 0.00 0.00 0.00 2.00 3.00 8.00 7.00 9.00 1.00 0.00 0.00 0.00 0.00 0.00
103.00 13.00 7.00 24.00 58.00 17.00 34.00 0.08 2.79 0.00 0.00 0.00 5.00 8.00 8.00 5.00 11.00 2.00 0.00 0.00 0.00 0.00 0.00
104.00 11.00 10.00 26.00 54.00 16.00 28.00 0.09 4.58 0.00 0.00 0.00 2.00 5.00 9.00 6.00 8.00 3.00 0.00 0.00 0.00 0.00 0.00
105.00 11.00 3.00 19.00 49.00 16.00 30.00 0.08 4.84 0.00 1.00 0.00 3.00 6.00 8.00 5.00 10.00 1.00 0.00 0.00 0.00 0.00 0.00
106.00 8.00 3.00 12.00 32.00 9.00 20.00 0.07 2.38 0.00 0.00 0.00 4.00 6.00 4.00 2.00 7.00 1.00 0.00 0.00 0.00 0.00 0.00
107.00 9.00 4.00 15.00 41.00 11.00 26.00 0.09 2.20 0.00 0.00 0.00 4.00 6.00 5.00 3.00 8.00 1.00 0.00 0.00 0.00 0.00 0.00
108.00 5.00 0.00 4.00 17.00 4.00 13.00 0.08 4.61 0.00 0.00 0.00 3.00 4.00 2.00 1.00 5.00 0.00 0.00 0.00 0.00 0.00 0.00
109.00 3.00 0.00 0.00 8.00 0.00 8.00 0.08 0.24 0.00 0.00 0.00 2.00 3.00 1.00 0.00 3.00 0.00 0.00 0.00 0.00 0.00 0.00
110.00 4.00 0.00 1.00 5.00 1.00 4.00 0.09 4.12 0.00 0.00 0.00 3.00 3.00 1.00 1.00 4.00 0.00 0.00 0.00 0.00 0.00 0.00
111.00 4.00 0.00 2.00 6.00 2.00 4.00 0.08 0.17 0.00 0.00 0.00 3.00 3.00 1.00 1.00 4.00 0.00 0.00 0.00 0.00 0.00 0.00
112.00 3.00 0.00 0.00 5.00 0.00 5.00 0.09 0.24 0.00 0.00 0.00 2.00 3.00 1.00 0.00 3.00 0.00 0.00 0.00 0.00 0.00 0.00
113.00 2.00 0.00 0.00 3.00 0.00 3.00 0.09 0.18 0.00 0.00 0.00 2.00 2.00 0.00 0.00 2.00 0.00 0.00 0.00 0.00 0.00 0.00
