0.00 9.00 3.00 15.00 38.00 12.00 23.00 0.09 1.97 0.00 0.00 0.00 3.00 6.00 6.00 3.00 9.00 0.00 0.00 0.00 0.00 0.00 0.00
1.00 4.00 1.00 4.00 14.00 3.00 10.00 0.09 0.20 0.00 0.00 0.00 3.00 3.00 1.00 1.00 4.00 0.00 0.00 0.00 0.00 0.00 0.00
2.00 5.00 2.00 5.00 19.00 3.00 14.00 0.08 6.23 0.00 0.00 0.00 3.00 4.00 2.00 1.00 5.00 0.00 0.00 0.00 0.00 0.00 0.00
3.00 9.00 2.00 17.00 34.00 15.00 17.00 0.08 4.71 0.00 0.00 0.00 6.00 6.00 3.00 3.00 8.00 1.00 0.00 0.00 0.00 0.00 0.00
4.00 4.00 1.00 5.00 14.00 4.00 9.00 0.08 3.75 0.00 0.00 0.00 0.00 2.00 4.00 2.00 4.00 0.00 0.00 0.00 0.00 1.00 0.00
5.00 5.00 0.00 6.00 21.00 6.00 15.00 0.07 0.24 0.00 0.00 0.00 4.00 4.00 1.00 1.00 4.00 1.00 0.00 0.00 0.00 0.00 0.00
6.00 13.00 5.00 20.00 50.00 15.00 30.00 0.07 2.56 0.00 0.00 0.00 4.00 7.00 9.00 6.00 10.00 3.00 0.00 0.00 0.00 0.00 0.00
7.00 9.00 8.00 21.00 44.00 13.00 23.00 0.09 2.35 0.00 0.00 0.00 2.00 5.00 7.00 4.00 6.00 3.00 0.00 0.00 0.00 0.00 0.00
8.00 7.00 3.00 10.00 28.00 7.00 18.00 0.08 2.74 0.00 0.00 0.00 4.00 6.00 3.00 1.00 6.00 1.00 0.00 0.00 0.00 0.00 0.00
9.00 6.00 3.00 8.00 24.00 5.00 16.00 0.09 0.30 0.00 0.00 0.00 1.00 3.00 5.00 3.00 6.00 0.00 0.00 0.00 0.00 0.00 0.00
10.00 7.00 0.00 10.00 31.00 10.00 21.00 0.07 4.15 0.00 0.00 0.00 4.00 6.00 3.00 1.00 6.00 1.00 0.00 0.00 0.00 0.00 0.00
11.00 9.00 7.00 21.00 39.00 14.00 18.00 0.07 4.92 0.00 0.00 0.00 2.00 7.00 7.00 2.00 9.00 0.00 0.00 0.00 0.00 0.00 0.00
12.00 10.00 2.00 15.00 48.00 13.00 33.00 0.08 3.52 0.00 1.00 0.00 4.00 6.00 6.00 4.00 9.00 1.00 0.00 0.00 0.00 0.00 0.00
13.00 9.00 3.00 16.00 40.00 13.00 24.00 0.08 5.77 0.00 0.00 0.00 4.00 6.00 5.00 3.00 8.00 1.00 0.00 0.00 0.00 0.00 0.00
14.00 12.00 7.00 26.00 54.00 19.00 28.00 0.09 5.32 0.00 1.00 0.00 4.00 7.00 8.00 5.00 10.00 2.00 0.00 0.00 0.00 0.00 0.00
15.00 16.00 17.00 42.00 78.00 25.00 36.00 0.10 5.02 0.00 0.00 0.00 4.00 9.00 12.00 7.00 11.00 5.00 0.00 0.00 1.00 0.00 0.00
16.00 9.00 7.00 20.00 45.00 13.00 25.00 0.08 3.54 0.00 0.00 0.00 2.00 6.00 7.00 3.00 7.00 2.00 0.00 0.00 0.00 0.00 0.00
17.00 15.00 5.00 32.00 79.00 27.00 47.00 0.08 4.60 0.00 1.00 0.00 5.00 9.00 10.00 6.00 13.00 2.00 0.00 0.00 0.00 0.00 0.00
18.00 11.00 9.00 22.00 53.00 13.00 31.00 0.08 4.80 0.00 1.00 0.00 3.00 6.00 8.00 5.00 9.00 2.00 0.00 0.00 0.00 0.00 0.00
19.00 12.00 5.00 21.00 62.00 16.00 41.00 0.08 5.77 0.00 0.00 0.00 4.00 8.00 8.00 4.00 9.00 3.00 0.00 0.00 0.00 0.00 0.00
20.00 14.00 9.00 30.00 59.00 21.00 29.00 0.10 4.84 0.00 1.00 0.00 4.00 9.00 10.00 5.00 12.00 2.00 0.00 0.00 0.00 0.00 0.00
21.00 16.00 13.00 35.00 74.00 22.00 39.00 0.09 5.68 0.00 0.00 0.00 4.00 7.00 12.00 9.00 11.00 5.00 0.00 0.00 0.00 0.00 0.00
22.00 13.00 12.00 29.00 60.00 17.00 31.00 0.09 4.92 0.00 1.00 0.00 3.00 5.00 10.00 8.00 9.00 4.00 0.00 0.00 0.00 0.00 0.00
23.00 12.00 7.00 27.00 60.00 20.00 33.00 0.09 3.93 0.00 0.00 0.00 4.00 7.00 8.00 5.00 9.00 3.00 0.00 0.00 0.00 0.00 0.00
24.00 17.00 8.00 29.00 73.00 21.00 44.00 0.09 5.56 0.00 1.00 0.00 6.00 9.00 11.00 8.00 15.00 2.00 0.00 0.00 0.00 0.00 0.00
25.00 16.00 6.00 32.00 78.00 26.00 46.00 0.08 4.58 0.00 1.00 0.00 5.00 6.00 11.00 10.00 11.00 5.00 0.00 0.00 0.00 0.00 0.00
26.00 11.00 8.00 24.00 54.00 16.00 30.00 0.08 4.62 0.00 1.00 0.00 4.00 7.00 7.00 4.00 9.00 2.00 0.00 0.00 0.00 0.00 0.00
27.00 15.00 10.00 37.00 63.00 27.00 26.00 0.08 4.77 0.00 1.00 0.00 2.00 8.00 13.00 7.00 11.00 4.00 0.00 0.00 0.00 0.00 0.00
28.00 16.00 19.00 45.00 74.00 26.00 29.00 0.08 4.28 0.00 2.00 0.00 4.00 8.00 12.00 8.00 13.00 3.00 0.00 0.00 0.00 0.00 0.00
29.00 17.00 18.00 43.00 83.00 25.00 40.00 0.09 4.58 0.00 2.00 0.00 7.00 10.00 10.00 7.00 13.00 4.00 0.00 0.00 0.00 0.00 0.00
30.00 17.00 14.00 40.00 77.00 26.00 37.00 0.08 4.59 0.00 1.00 0.00 6.00 10.00 11.00 7.00 13.00 4.00 0.00 0.00 0.00 0.00 0.00
31.00 14.00 10.00 36.00 67.00 26.00 31.00 0.09 4.65 0.00 1.00 0.00 6.00 7.00 8.00 7.00 10.00 4.00 0.00 0.00 0.00 0.00 0.00
32.00 21.00 19.00 49.00 98.00 30.00 49.00 0.08 5.15 0.00 1.00 0.00 2.00 10.00 19.00 11.00 16.00 5.00 0.00 0.00 0.00 0.00 0.00
33.00 22.00 20.00 56.00 102.00 36.00 46.00 0.08 4.76 0.00 2.00 0.00 7.00 11.00 15.00 11.00 16.00 6.00 0.00 0.00 0.00 0.00 0.00
34.00 25.00 26.00 59.00 118.00 33.00 59.00 0.09 4.66 0.00 0.00 0.00 7.00 14.00 18.00 11.00 21.00 4.00 0.00 0.00 0.00 0.00 0.00
35.00 21.00 22.00 54.00 108.00 32.00 54.00 0.07 4.85 0.00 1.00 0.00 6.00 12.00 15.00 9.00 14.00 7.00 0.00 0.00 0.00 0.00 0.00
36.00 16.00 14.00 39.00 76.00 25.00 37.00 0.08 3.76 0.00 2.00 0.00 5.00 9.00 11.00 7.00 11.00 5.00 0.00 0.00 1.00 0.00 0.00
37.00 19.00 17.00 43.00 94.00 26.00 51.00 0.08 5.19 0.00 0.00 0.00 6.00 13.00 13.00 6.00 14.00 5.00 0.00 0.00 0.00 0.00 0.00
38.00 16.00 15.00 40.00 75.00 25.00 35.00 0.09 4.75 0.00 0.00 0.00 4.00 9.00 12.00 7.00 10.00 6.00 0.00 0.00 0.00 0.00 0.00
39.00 18.00 19.00 44.00 87.00 25.00 43.00 0.08 5.06 0.00 2.00 0.00 6.00 10.00 12.00 8.00 13.00 5.00 0.00 0.00 1.00 0.00 0.00
40.00 19.00 22.00 53.00 98.00 31.00 45.00 0.08 4.32 0.00 2.00 0.00 4.00 6.00 15.00 13.00 12.00 7.00 0.00 0.00 0.00 0.00 0.00
41.00 19.00 23.00 51.00 92.00 28.00 41.00 0.09 4.91 0.00 1.00 0.00 9.00 14.00 10.00 5.00 16.00 3.00 0.00 0.00 0.00 0.00 0.00
42.00 20.00 23.00 54.00 103.00 31.00 49.00 0.09 4.72 0.00 2.00 0.00 4.00 9.00 16.00 11.00 10.00 10.00 0.00 0.00 0.00 0.00 0.00
43.00 19.00 20.00 49.00 89.00 29.00 40.00 0.09 4.28 0.00 2.00 0.00 6.00 9.00 13.00 10.00 13.00 6.00 0.00 0.00 0.00 0.00 0.00
44.00 18.00 21.00 49.00 87.00 28.00 38.00 0.08 4.66 0.00 1.00 0.00 3.00 5.00 15.00 13.00 12.00 6.00 0.00 0.00 0.00 0.00 0.00
45.00 25.00 29.00 63.00 118.00 34.00 55.00 0.08 5.12 0.00 3.00 0.00 7.00 12.00 18.00 13.00 19.00 6.00 0.00 0.00 0.00 0.00 0.00
46.00 21.00 20.00 55.00 102.00 35.00 47.00 0.08 4.61 0.00 1.00 0.00 7.00 10.00 14.00 11.00 13.00 8.00 0.00 0.00 0.00 0.00 0.00
47.00 20.00 21.00 50.00 97.00 29.00 47.00 0.09 4.41 0.00 2.00 0.00 6.00 10.00 14.00 10.00 15.00 5.00 0.00 0.00 1.00 0.00 0.00
48.00 22.00 28.00 59.00 106.00 31.00 47.00 0.09 3.22 0.00 3.00 0.00 8.00 14.00 14.00 8.00 15.00 7.00 0.00 0.00 0.00 0.00 0.00
49.00 14.00 9.00 32.00 69.00 23.00 37.00 0.07 3.40 0.00 3.00 0.00 4.00 6.00 10.00 8.00 7.00 7.00 0.00 0.00 0.00 0.00 0.00
50.00 19.00 21.00 48.00 94.00 27.00 46.00 0.09 3.42 0.00 2.00 0.00 4.00 12.00 15.00 7.00 13.00 6.00 0.00 0.00 1.00 0.00 0.00
51.00 21.00 29.00 58.00 105.00 29.00 47.00 0.09 4.33 0.00 1.00 0.00 5.00 10.00 16.00 11.00 13.00 8.00 0.00 0.00 0.00 0.00 0.00
52.00 20.00 16.00 50.00 104.00 34.00 54.00 0.08 4.16 0.00 1.00 0.00 7.00 11.00 13.00 9.00 14.00 6.00 0.00 0.00 0.00 0.00 0.00
53.00 25.00 37.00 68.00 126.00 31.00 58.00 0.10 4.46 1.00 2.00 0.50 6.00 8.00 19.00 17.00 16.00 9.00 0.00 0.00 0.00 0.00 0.00
54.00 29.00 35.00 81.00 144.00 46.00 63.00 0.10 4.08 1.00 4.00 0.25 9.00 12.00 20.00 17.00 18.00 11.00 0.00 0.00 0.00 0.00 0.00
55.00 27.00 25.00 72.00 140.00 47.00 68.00 0.08 5.02 1.00 2.00 0.50 8.00 16.00 19.00 11.00 18.00 9.00 0.00 0.00 0.00 0.00 0.00
56.00 24.00 28.00 71.00 126.00 43.00 55.00 0.09 3.83 0.00 2.00 0.00 8.00 10.00 16.00 14.00 13.00 11.00 0.00 0.00 0.00 0.00 0.00
57.00 23.00 19.00 54.00 106.00 35.00 52.00 0.09 4.62 0.00 1.00 0.00 6.00 14.00 17.00 9.00 15.00 8.00 0.00 0.00 0.00 0.00 0.00
58.00 24.00 23.00 65.00 121.00 42.00 56.00 0.07 4.74 1.00 1.00 1.00 6.00 9.00 18.00 15.00 16.00 8.00 0.00 0.00 1.00 1.00 0.00
59.00 29.00 40.00 87.00 146.00 47.00 59.00 0.09 4.51 0.00 2.00 0.00 8.00 14.00 21.00 15.00 20.00 9.00 0.00 0.00 0.00 0.00 0.00
60.00 31.00 33.00 77.00 153.00 44.00 76.00 0.09 4.51 1.00 3.00 0.33 8.00 12.00 23.00 19.00 16.00 15.00 0.00 0.00 0.00 0.00 0.00
61.00 28.00 39.00 81.00 134.00 42.00 53.00 0.09 3.43 0.00 1.00 0.00 6.00 11.00 22.00 17.00 16.00 12.00 0.00 0.00 0.00 0.00 0.00
62.00 25.00 25.00 70.00 124.00 45.00 54.00 0.09 3.89 0.00 1.00 0.00 8.00 13.00 17.00 12.00 18.00 7.00 0.00 0.00 0.00 0.00 0.00
63.00 20.00 22.00 55.00 104.00 33.00 49.00 0.08 2.77 1.00 1.00 1.00 3.00 7.00 17.00 13.00 11.00 9.00 0.00 0.00 0.00 0.00 0.00
64.00 27.00 34.00 76.00 131.00 42.00 55.00 0.07 2.92 1.00 2.00 0.50 8.00 13.00 19.00 14.00 22.00 5.00 0.00 0.00 0.00 0.00 0.00
65.00 16.00 10.00 39.00 78.00 29.00 39.00 0.10 3.25 1.00 1.00 1.00 1.00 8.00 15.00 8.00 12.00 4.00 0.00 0.00 0.00 0.00 0.00
66.00 19.00 9.00 38.00 96.00 29.00 58.00 0.09 3.46 1.00 0.00 0.00 7.00 10.00 12.00 9.00 13.00 6.00 0.00 0.00 0.00 0.00 0.00
67.00 26.00 31.00 69.00 133.00 38.00 64.00 0.09 3.66 1.00 1.00 1.00 6.00 13.00 20.00 13.00 17.00 9.00 0.00 0.00 0.00 0.00 0.00
68.00 29.00 29.00 80.00 143.00 51.00 63.00 0.07 3.68 1.00 2.00 0.50 8.00 13.00 21.00 16.00 19.00 10.00 0.00 0.00 0.00 0.00 0.00
69.00 30.00 32.00 83.00 157.00 51.00 74.00 0.08 5.01 1.00 1.00 1.00 9.00 13.00 21.00 17.00 19.00 11.00 0.00 0.00 0.00 0.00 0.00
70.00 30.00 28.00 77.00 145.00 49.00 68.00 0.08 4.84 2.00 2.00 1.00 7.00 15.00 23.00 15.00 23.00 7.00 0.00 0.00 0.00 0.00 0.00
71.00 28.00 32.00 74.00 139.00 42.00 65.00 0.07 4.27 1.00 1.00 1.00 4.00 10.00 24.00 18.00 20.00 8.00 0.00 0.00 1.00 0.00 0.00
72.00 21.00 20.00 55.00 110.00 35.00 55.00 0.09 4.87 1.00 1.00 1.00 5.00 10.00 16.00 11.00 16.00 5.00 0.00 0.00 0.00 0.00 0.00
73.00 23.00 15.00 47.00 116.00 32.00 69.00 0.09 4.44 2.00 1.00 2.00 9.00 15.00 14.00 8.00 15.00 8.00 0.00 0.00 0.00 0.00 0.00
74.00 26.00 33.00 72.00 133.00 39.00 61.00 0.08 5.26 1.00 0.00 0.00 8.00 15.00 18.00 11.00 18.00 8.00 0.00 0.00 0.00 0.00 0.00
75.00 25.00 22.00 55.00 125.00 33.00 70.00 0.09 5.10 3.00 1.00 3.00 8.00 10.00 17.00 15.00 14.00 11.00 0.00 0.00 0.00 0.00 0.00
76.00 18.00 7.00 39.00 85.00 32.00 46.00 0.10 4.74 2.00 1.00 2.00 4.00 10.00 14.00 8.00 13.00 5.00 0.00 0.00 0.00 0.00 0.00
77.00 26.00 32.00 76.00 131.00 44.00 55.00 0.09 5.17 1.00 1.00 1.00 4.00 9.00 22.00 17.00 14.00 12.00 0.00 0.00 1.00 0.00 0.00
78.00 28.00 28.00 78.00 150.00 50.00 72.00 0.07 5.41 1.00 1.00 1.00 5.00 15.00 23.00 13.00 19.00 9.00 0.00 0.00 0.00 0.00 0.00
79.00 21.00 14.00 52.00 106.00 38.00 54.00 0.09 5.38 2.00 1.00 2.00 6.00 13.00 15.00 8.00 17.00 4.00 0.00 0.00 0.00 1.00 0.00
80.00 23.00 19.00 58.00 112.00 39.00 54.00 0.08 5.66 3.00 1.00 3.00 5.00 11.00 18.00 12.00 13.00 10.00 1.00 0.00 0.00 0.00 0.00
81.00 23.00 24.00 58.00 118.00 34.00 60.00 0.09 5.13 1.00 1.00 1.00 1.00 11.00 22.00 12.00 15.00 8.00 0.00 1.00 0.00 0.00 1.00
82.00 23.00 14.00 47.00 104.00 33.00 57.00 0.08 5.48 1.00 1.00 1.00 6.00 12.00 17.00 11.00 17.00 6.00 0.00 0.00 0.00 0.00 0.00
83.00 20.00 24.00 50.00 97.00 26.00 47.00 0.09 5.28 0.00 1.00 0.00 7.00 8.00 13.00 12.00 11.00 9.00 0.00 0.00 0.00 0.00 0.00
84.00 15.00 13.00 40.00 71.00 27.00 31.00 0.09 4.62 0.00 1.00 0.00 4.00 8.00 11.00 7.00 9.00 6.00 0.00 0.00 1.00 0.00 0.00
85.00 21.00 26.00 50.00 94.00 24.00 44.00 0.09 4.93 0.00 1.00 0.00 6.00 9.00 15.00 12.00 14.00 7.00 0.00 0.00 0.00 0.00 0.00
86.00 24.00 28.00 57.00 108.00 29.00 51.00 0.09 4.49 0.00 1.00 0.00 7.00 13.00 17.00 11.00 15.00 9.00 0.00 0.00 0.00 0.00 0.00
87.00 22.00 24.00 52.00 108.00 28.00 56.00 0.08 4.09 0.00 1.00 0.00 4.00 9.00 18.00 13.00 10.00 12.00 0.00 0.00 0.00 0.00 0.00
88.00 11.00 11.00 23.00 50.00 12.00 27.00 0.08 3.98 0.00 1.00 0.00 3.00 6.00 8.00 5.00 8.00 3.00 0.00 0.00 0.00 0.00 0.00
89.00 16.00 17.00 43.00 81.00 26.00 38.00 0.08 3.20 0.00 2.00 0.00 4.00 10.00 12.00 6.00 12.00 4.00 0.00 0.00 0.00 0.00 0.00
90.00 21.00 25.00 47.00 96.00 22.00 49.00 0.10 4.81 0.00 1.00 0.00 7.00 9.00 14.00 12.00 14.00 7.00 0.00 0.00 0.00 0.00 0.00
91.00 15.00 17.00 36.00 66.00 19.00 30.00 0.08 3.37 0.00 1.00 0.00 6.00 10.00 9.00 5.00 14.00 1.00 0.00 0.00 0.00 0.00 0.00
92.00 17.00 22.00 46.00 83.00 24.00 37.00 0.08 3.15 0.00 1.00 0.00 4.00 6.00 13.00 11.00 9.00 8.00 0.00 0.00 0.00 0.00 0.00
93.00 14.00 10.00 28.00 57.00 18.00 29.00 0.10 4.68 0.00 1.00 0.00 3.00 8.00 11.00 6.00 10.00 4.00 0.00 0.00 0.00 0.00 0.00
94.00 10.00 7.00 23.00 50.00 16.00 27.00 0.09 4.61 0.00 1.00 0.00 1.00 3.00 9.00 7.00 3.00 7.00 0.00 0.00 0.00 0.00 0.00
95.00 17.00 22.00 45.00 76.00 23.00 31.00 0.08 4.65 0.00 1.00 0.00 5.00 10.00 12.00 7.00 13.00 4.00 0.00 0.00 0.00 0.00 0.00
96.00 13.00 13.00 31.00 62.00 18.00 31.00 0.07 3.94 0.00 1.00 0.00 4.00 7.00 9.00 6.00 8.00 5.00 0.00 0.00 0.00 0.00 0.00
97.00 7.00 2.00 11.00 30.00 9.00 19.00 0.08 4.34 0.00 1.00 0.00 3.00 4.00 4.00 3.00 7.00 0.00 0.00 0.00 0.00 0.00 0.00
98.00 4.00 0.00 2.00 15.00 2.00 13.00 0.10 3.98 0.00 1.00 0.00 3.00 3.00 1.00 1.00 4.00 0.00 0.00 0.00 0.00 0.00 0.00
99.00 11.00 8.00 23.00 51.00 15.00 28.00 0.08 4.52 0.00 1.00 0.00 4.00 6.00 7.00 5.00 8.00 3.00 0.00 0.00 0.00 0.00 0.00
100.00 13.00 15.00 30.00 64.00 15.00 34.00 0.06 4.54 0.00 1.00 0.00 2.00 4.00 11.00 9.00 9.00 4.00 0.00 0.00 1.00 0.00 0.00
101.00 11.00 6.00 22.00 51.00 16.00 29.00 0.08 4.86 0.00 1.00 0.00 4.00 8.00 7.00 3.00 10.00 1.00 0.00 0.00 0.00 0.00 0.00
102.00 13.00 15.00 33.00 62.00 18.00 29.00 0.07 4.32 0.00 1.00 0.00 4.00 4.00 9.00 9.00 6.00 7.00 0.00 0.00 0.00 0.00 0.00
103.00 14.00 9.00 33.00 62.00 24.00 29.00 0.09 3.43 0.00 1.00 0.00 4.00 7.00 10.00 7.00 9.00 5.00 0.00 0.00 0.00 0.00 0.00
104.00 11.00 11.00 27.00 51.00 16.00 24.00 0.09 4.26 0.00 1.00 0.00 4.00 7.00 7.00 4.00 8.00 3.00 0.00 0.00 0.00 0.00 0.00
105.00 5.00 1.00 6.00 19.00 5.00 13.00 0.08 5.06 0.00 1.00 0.00 4.00 4.00 1.00 1.00 4.00 1.00 0.00 0.00 0.00 0.00 0.00
106.00 9.00 5.00 20.00 42.00 15.00 22.00 0.08 4.83 0.00 1.00 0.00 4.00 6.00 5.00 3.00 7.00 2.00 0.00 0.00 0.00 0.00 0.00
107.00 15.00 13.00 35.00 67.00 22.00 32.00 0.09 4.32 0.00 1.00 0.00 4.00 7.00 11.00 8.00 8.00 7.00 0.00 0.00 0.00 0.00 0.00
108.00 16.00 17.00 42.00 75.00 25.00 33.00 0.08 4.26 0.00 0.00 0.00 2.00 6.00 14.00 10.00 10.00 6.00 0.00 0.00 0.00 0.00 0.00
109.00 13.00 11.00 27.00 63.00 16.00 36.00 0.07 4.73 0.00 1.00 0.00 5.00 8.00 8.00 5.00 11.00 2.00 0.00 0.00 0.00 0.00 0.00
110.00 14.00 15.00 32.00 60.00 17.00 28.00 0.08 4.71 0.00 1.00 0.00 3.00 6.00 11.00 8.00 10.00 4.00 0.00 0.00 0.00 0.00 0.00
111.00 7.00 3.00 9.00 28.00 6.00 19.00 0.10 0.34 0.00 1.00 0.00 2.00 2.00 5.00 5.00 4.00 3.00 0.00 0.00 0.00 0.00 0.00
112.00 10.00 4.00 17.00 44.00 13.00 27.00 0.09 4.65 0.00 1.00 0.00 3.00 6.00 7.00 4.00 8.00 2.00 0.00 0.00 0.00 0.00 0.00
113.00 11.00 6.00 19.00 53.00 13.00 34.00 0.07 4.87 0.00 1.00 0.00 4.00 7.00 7.00 4.00 8.00 3.00 0.00 0.00 0.00 0.00 0.00
114.00 6.00 2.00 8.00 25.00 6.00 17.00 0.08 4.82 0.00 1.00 0.00 2.00 2.00 4.00 4.00 5.00 1.00 0.00 0.00 0.00 0.00 0.00
115.00 14.00 16.00 37.00 66.00 21.00 29.00 0.08 4.57 0.00 1.00 0.00 2.00 6.00 12.00 8.00 9.00 5.00 0.00 0.00 0.00 0.00 0.00
116.00 9.00 2.00 18.00 44.00 16.00 26.00 0.07 4.46 0.00 0.00 0.00 1.00 6.00 8.00 3.00 7.00 2.00 0.00 0.00 0.00 0.00 0.00
117.00 15.00 13.00 38.00 71.00 25.00 33.00 0.08 4.61 0.00 0.00 0.00 3.00 9.00 12.00 6.00 12.00 3.00 0.00 0.00 0.00 0.00 0.00
118.00 11.00 5.00 23.00 49.00 18.00 26.00 0.07 4.48 0.00 0.00 0.00 3.00 7.00 8.00 4.00 10.00 1.00 0.00 0.00 0.00 0.00 0.00
119.00 13.00 11.00 30.00 65.00 19.00 35.00 0.08 4.65 0.00 1.00 0.00 4.00 5.00 9.00 8.00 8.00 5.00 0.00 0.00 0.00 0.00 0.00
120.00 13.00 11.00 23.00 57.00 12.00 34.00 0.09 4.29 0.00 1.00 0.00 2.00 8.00 11.00 5.00 9.00 4.00 0.00 0.00 0.00 0.00 0.00
121.00 13.00 15.00 34.00 62.00 19.00 28.00 0.08 4.32 0.00 1.00 0.00 2.00 4.00 11.00 9.00 10.00 3.00 0.00 0.00 0.00 0.00 0.00
122.00 8.00 6.00 16.00 35.00 10.00 19.00 0.07 4.03 0.00 0.00 0.00 1.00 6.00 7.00 2.00 7.00 1.00 0.00 0.00 0.00 0.00 0.00
123.00 7.00 4.00 13.00 34.00 9.00 21.00 0.08 2.82 0.00 0.00 0.00 1.00 3.00 6.00 4.00 6.00 1.00 0.00 0.00 0.00 0.00 0.00
124.00 4.00 1.00 4.00 15.00 3.00 11.00 0.08 3.83 0.00 0.00 0.00 1.00 3.00 3.00 1.00 4.00 0.00 0.00 0.00 0.00 0.00 0.00
125.00 11.00 10.00 24.00 50.00 14.00 26.00 0.09 4.52 0.00 0.00 0.00 3.00 6.00 8.00 5.00 7.00 4.00 0.00 0.00 0.00 0.00 0.00
126.00 11.00 10.00 24.00 49.00 14.00 25.00 0.08 2.91 0.00 0.00 0.00 4.00 7.00 7.00 4.00 10.00 1.00 0.00 0.00 0.00 0.00 0.00
127.00 10.00 7.00 23.00 50.00 16.00 27.00 0.08 2.23 0.00 0.00 0.00 3.00 5.00 7.00 5.00 6.00 4.00 0.00 0.00 0.00 0.00 0.00
128.00 9.00 6.00 16.00 41.00 10.00 25.00 0.07 4.74 0.00 0.00 0.00 4.00 4.00 5.00 5.00 5.00 4.00 0.00 0.00 0.00 0.00 0.00
129.00 5.00 1.00 6.00 20.00 5.00 14.00 0.09 3.45 0.00 0.00 0.00 3.00 4.00 2.00 1.00 5.00 0.00 0.00 0.00 0.00 0.00 0.00
130.00 7.00 1.00 6.00 27.00 5.00 21.00 0.09 3.24 0.00 0.00 0.00 3.00 6.00 4.00 1.00 7.00 0.00 0.00 0.00 0.00 0.00 0.00
131.00 3.00 0.00 0.00 3.00 0.00 3.00 0.08 0.18 0.00 0.00 0.00 2.00 3.00 1.00 0.00 3.00 0.00 0.00 0.00 0.00 0.00 0.00
132.00 3.00 0.00 0.00 2.00 0.00 2.00 0.08 0.10 0.00 0.00 0.00 2.00 3.00 1.00 0.00 3.00 0.00 0.00 0.00 0.00 0.00 0.00
133.00 8.00 3.00 14.00 35.00 11.00 21.00 0.08 4.41 0.00 0.00 0.00 4.00 7.00 4.00 1.00 7.00 1.00 0.00 0.00 0.00 0.00 0.00
134.00 3.00 0.00 0.00 5.00 0.00 5.00 0.08 0.17 0.00 0.00 0.00 2.00 3.00 1.00 0.00 3.00 0.00 0.00 0.00 0.00 0.00 0.00
135.00 5.00 0.00 0.00 11.00 0.00 11.00 0.09 0.43 0.00 0.00 0.00 3.00 4.00 2.00 1.00 5.00 0.00 0.00 0.00 0.00 0.00 0.00
136.00 4.00 0.00 1.00 13.00 1.00 12.00 0.10 4.05 0.00 0.00 0.00 2.00 4.00 2.00 0.00 4.00 0.00 0.00 0.00 0.00 0.00 0.00
137.00 3.00 0.00 0.00 5.00 0.00 5.00 0.09 4.65 0.00 0.00 0.00 2.00 3.00 1.00 0.00 3.00 0.00 0.00 0.00 0.00 0.00 0.00
138.00 5.00 0.00 4.00 18.00 4.00 14.00 0.09 3.55 0.00 0.00 0.00 2.00 3.00 3.00 2.00 5.00 0.00 0.00 0.00 0.00 0.00 0.00
139.00 4.00 0.00 0.00 14.00 0.00 14.00 0.10 5.42 0.00 0.00 0.00 2.00 4.00 2.00 0.00 4.00 0.00 0.00 0.00 0.00 0.00 0.00
140.00 2.00 0.00 0.00 4.00 0.00 4.00 0.08 0.28 0.00 0.00 0.00 2.00 2.00 0.00 0.00 2.00 0.00 0.00 0.00 0.00 0.00 0.00
