0.00 4.00 0.00 0.00 7.00 0.00 7.00 0.09 4.48 0.00 0.00 0.00 3.00 3.00 1.00 1.00 4.00 0.00 0.00 0.00 0.00 0.00 0.00
1.00 7.00 1.00 6.00 24.00 5.00 18.00 0.09 0.57 0.00 0.00 0.00 4.00 5.00 3.00 2.00 7.00 0.00 0.00 0.00 0.00 0.00 0.00
2.00 4.00 0.00 0.00 7.00 0.00 7.00 0.10 0.30 0.00 0.00 0.00 2.00 4.00 2.00 0.00 4.00 0.00 0.00 0.00 0.00 0.00 0.00
3.00 3.00 0.00 0.00 7.00 0.00 7.00 0.09 4.08 0.00 0.00 0.00 2.00 3.00 1.00 0.00 3.00 0.00 0.00 0.00 0.00 0.00 0.00
4.00 5.00 2.00 8.00 20.00 6.00 12.00 0.08 3.15 0.00 0.00 0.00 4.00 4.00 1.00 1.00 4.00 1.00 0.00 0.00 0.00 0.00 0.00
5.00 3.00 0.00 0.00 9.00 0.00 9.00 0.10 0.25 0.00 0.00 0.00 2.00 3.00 1.00 0.00 3.00 0.00 0.00 0.00 0.00 0.00 0.00
6.00 3.00 0.00 2.00 11.00 2.00 9.00 0.08 0.16 0.00 0.00 0.00 0.00 3.00 3.00 0.00 3.00 0.00 0.00 0.00 0.00 0.00 0.00
7.00 6.00 1.00 9.00 26.00 8.00 17.00 0.10 5.15 0.00 0.00 0.00 3.00 5.00 3.00 1.00 6.00 0.00 0.00 0.00 0.00 0.00 0.00
8.00 5.00 0.00 2.00 15.00 2.00 13.00 0.10 5.03 0.00 0.00 0.00 2.00 5.00 3.00 0.00 5.00 0.00 0.00 0.00 0.00 0.00 0.00
9.00 3.00 0.00 2.00 9.00 2.00 7.00 0.09 0.14 0.00 0.00 0.00 2.00 3.00 1.00 0.00 3.00 0.00 0.00 0.00 0.00 0.00 0.00
10.00 8.00 5.00 14.00 36.00 9.00 22.00 0.10 4.15 0.00 0.00 0.00 5.00 6.00 3.00 2.00 7.00 1.00 0.00 0.00 0.00 0.00 0.00
11.00 5.00 0.00 6.00 21.00 6.00 15.00 0.08 3.30 0.00 0.00 0.00 3.00 4.00 2.00 1.00 5.00 0.00 0.00 0.00 0.00 0.00 0.00
12.00 10.00 5.00 19.00 49.00 14.00 30.00 0.09 4.85 0.00 0.00 0.00 1.00 8.00 9.00 2.00 8.00 2.00 0.00 0.00 0.00 0.00 0.00
13.00 6.00 2.00 8.00 23.00 6.00 15.00 0.09 4.30 0.00 0.00 0.00 3.00 3.00 3.00 3.00 6.00 0.00 0.00 0.00 0.00 0.00 0.00
14.00 16.00 6.00 31.00 67.00 25.00 36.00 0.07 6.16 0.00 0.00 0.00 3.00 9.00 13.00 7.00 11.00 5.00 0.00 0.00 0.00 0.00 0.00
15.00 8.00 3.00 10.00 37.00 7.00 27.00 0.08 4.39 0.00 0.00 0.00 3.00 5.00 5.00 3.00 6.00 2.00 0.00 0.00 0.00 0.00 0.00
16.00 8.00 3.00 13.00 36.00 10.00 23.00 0.10 3.86 0.00 0.00 0.00 2.00 5.00 6.00 3.00 7.00 1.00 0.00 0.00 0.00 0.00 0.00
17.00 6.00 3.00 9.00 28.00 6.00 19.00 0.08 4.49 0.00 0.00 0.00 3.00 5.00 3.00 1.00 6.00 0.00 0.00 0.00 0.00 0.00 0.00
18.00 13.00 12.00 28.00 56.00 16.00 28.00 0.08 4.25 0.00 0.00 0.00 3.00 7.00 10.00 6.00 11.00 2.00 0.00 0.00 0.00 0.00 0.00
19.00 10.00 7.00 20.00 45.00 13.00 25.00 0.10 4.77 0.00 0.00 0.00 4.00 5.00 6.00 5.00 8.00 2.00 0.00 0.00 0.00 0.00 0.00
20.00 10.00 3.00 15.00 40.00 12.00 25.00 0.09 3.16 0.00 0.00 0.00 2.00 8.00 8.00 2.00 8.00 2.00 0.00 0.00 0.00 0.00 0.00
21.00 8.00 4.00 15.00 33.00 11.00 18.00 0.09 5.27 0.00 1.00 0.00 3.00 6.00 5.00 2.00 7.00 1.00 0.00 0.00 0.00 0.00 0.00
22.00 11.00 8.00 26.00 58.00 18.00 32.00 0.09 5.01 0.00 0.00 0.00 4.00 6.00 7.00 5.00 8.00 3.00 0.00 0.00 0.00 0.00 0.00
23.00 8.00 3.00 13.00 36.00 10.00 23.00 0.07 4.39 0.00 0.00 0.00 1.00 6.00 7.00 2.00 7.00 1.00 0.00 0.00 0.00 0.00 0.00
24.00 8.00 3.00 11.00 36.00 8.00 25.00 0.09 4.50 0.00 0.00 0.00 3.00 5.00 5.00 3.00 8.00 0.00 0.00 0.00 0.00 0.00 0.00
25.00 4.00 0.00 4.00 17.00 4.00 13.00 0.09 5.69 0.00 0.00 0.00 2.00 4.00 2.00 0.00 4.00 0.00 0.00 0.00 0.00 0.00 0.00
26.00 8.00 3.00 13.00 35.00 10.00 22.00 0.09 4.88 0.00 0.00 0.00 2.00 4.00 6.00 4.00 5.00 3.00 0.00 0.00 0.00 0.00 0.00
27.00 18.00 13.00 38.00 89.00 25.00 51.00 0.10 5.15 0.00 0.00 0.00 5.00 11.00 13.00 7.00 12.00 6.00 0.00 0.00 0.00 0.00 0.00
28.00 8.00 6.00 17.00 39.00 11.00 22.00 0.09 4.94 0.00 1.00 0.00 3.00 3.00 5.00 5.00 5.00 3.00 0.00 0.00 0.00 0.00 0.00
29.00 11.00 6.00 21.00 53.00 15.00 32.00 0.09 4.12 0.00 1.00 0.00 4.00 6.00 7.00 5.00 9.00 2.00 0.00 0.00 0.00 0.00 0.00
30.00 15.00 15.00 37.00 69.00 22.00 32.00 0.09 4.27 0.00 1.00 0.00 2.00 6.00 13.00 9.00 11.00 4.00 0.00 0.00 0.00 0.00 0.00
31.00 6.00 3.00 10.00 27.00 7.00 17.00 0.09 3.04 0.00 1.00 0.00 1.00 4.00 5.00 2.00 5.00 1.00 0.00 0.00 0.00 0.00 0.00
32.00 18.00 19.00 51.00 86.00 32.00 35.00 0.07 4.78 0.00 1.00 0.00 9.00 12.00 9.00 6.00 12.00 6.00 0.00 0.00 0.00 0.00 0.00
33.00 17.00 19.00 42.00 84.00 23.00 42.00 0.08 4.77 0.00 2.00 0.00 3.00 11.00 14.00 6.00 12.00 5.00 0.00 0.00 0.00 0.00 0.00
34.00 13.00 7.00 26.00 64.00 19.00 38.00 0.08 4.59 0.00 2.00 0.00 5.00 9.00 8.00 4.00 12.00 1.00 0.00 0.00 0.00 0.00 0.00
35.00 12.00 11.00 26.00 53.00 15.00 27.00 0.07 3.66 0.00 2.00 0.00 4.00 5.00 8.00 7.00 8.00 4.00 0.00 0.00 0.00 0.00 0.00
36.00 11.00 7.00 26.00 52.00 19.00 26.00 0.09 4.73 0.00 1.00 0.00 3.00 7.00 8.00 4.00 10.00 1.00 0.00 0.00 0.00 0.00 0.00
37.00 19.00 16.00 38.00 83.00 22.00 45.00 0.09 3.97 0.00 1.00 0.00 5.00 9.00 14.00 10.00 11.00 8.00 0.00 0.00 0.00 0.00 0.00
38.00 20.00 19.00 44.00 94.00 25.00 50.00 0.08 4.00 0.00 1.00 0.00 7.00 11.00 13.00 9.00 14.00 6.00 0.00 0.00 0.00 0.00 0.00
39.00 20.00 24.00 47.00 97.00 23.00 50.00 0.08 4.10 0.00 2.00 0.00 4.00 12.00 16.00 8.00 14.00 6.00 0.00 0.00 0.00 1.00 0.00
40.00 20.00 20.00 53.00 96.00 33.00 43.00 0.09 5.44 0.00 2.00 0.00 4.00 12.00 16.00 8.00 13.00 7.00 0.00 0.00 0.00 1.00 0.00
41.00 25.00 28.00 68.00 126.00 40.00 58.00 0.09 5.39 0.00 1.00 0.00 7.00 9.00 18.00 16.00 14.00 11.00 0.00 0.00 0.00 1.00 0.00
42.00 22.00 19.00 50.00 112.00 31.00 62.00 0.08 4.07 0.00 2.00 0.00 6.00 10.00 16.00 12.00 14.00 8.00 0.00 0.00 0.00 0.00 0.00
43.00 15.00 12.00 29.00 69.00 17.00 40.00 0.10 5.67 0.00 1.00 0.00 5.00 10.00 10.00 5.00 13.00 2.00 0.00 0.00 0.00 0.00 0.00
44.00 18.00 18.00 49.00 89.00 31.00 40.00 0.10 4.23 0.00 1.00 0.00 3.00 9.00 15.00 9.00 11.00 7.00 0.00 0.00 0.00 0.00 0.00
45.00 18.00 14.00 43.00 84.00 29.00 41.00 0.08 3.67 0.00 1.00 0.00 7.00 10.00 11.00 8.00 14.00 4.00 0.00 0.00 0.00 0.00 0.00
46.00 15.00 14.00 37.00 74.00 23.00 37.00 0.09 3.77 0.00 3.00 0.00 4.00 7.00 11.00 8.00 11.00 4.00 0.00 0.00 0.00 0.00 0.00
47.00 22.00 22.00 55.00 113.00 33.00 58.00 0.08 3.42 0.00 1.00 0.00 6.00 11.00 16.00 11.00 17.00 5.00 0.00 0.00 0.00 0.00 0.00
48.00 23.00 29.00 63.00 119.00 34.00 56.00 0.09 2.48 0.00 2.00 0.00 8.00 12.00 15.00 11.00 17.00 6.00 0.00 0.00 0.00 0.00 0.00
49.00 20.00 18.00 49.00 100.00 31.00 51.00 0.08 3.88 0.00 3.00 0.00 7.00 11.00 13.00 9.00 13.00 7.00 0.00 0.00 0.00 0.00 0.00
50.00 22.00 24.00 58.00 110.00 34.00 52.00 0.09 4.01 0.00 2.00 0.00 7.00 10.00 15.00 12.00 16.00 6.00 0.00 0.00 0.00 0.00 0.00
51.00 20.00 19.00 53.00 99.00 34.00 46.00 0.08 3.81 0.00 2.00 0.00 2.00 10.00 18.00 10.00 12.00 8.00 0.00 0.00 1.00 1.00 0.00
52.00 23.00 20.00 56.00 108.00 36.00 52.00 0.09 4.13 0.00 1.00 0.00 5.00 12.00 18.00 11.00 15.00 8.00 0.00 0.00 2.00 0.00 0.00
53.00 25.00 29.00 65.00 122.00 36.00 57.00 0.09 5.68 1.00 2.00 0.50 6.00 12.00 19.00 13.00 18.00 7.00 1.00 0.00 1.00 1.00 0.00
54.00 22.00 19.00 55.00 114.00 36.00 59.00 0.08 4.77 1.00 2.00 0.50 5.00 10.00 17.00 12.00 14.00 8.00 0.00 0.00 0.00 0.00 0.00
55.00 23.00 24.00 56.00 117.00 32.00 61.00 0.08 4.12 0.00 2.00 0.00 6.00 12.00 17.00 11.00 15.00 8.00 0.00 0.00 0.00 0.00 0.00
56.00 26.00 30.00 64.00 123.00 34.00 59.00 0.08 4.74 0.00 2.00 0.00 9.00 11.00 17.00 15.00 19.00 7.00 0.00 0.00 0.00 0.00 0.00
57.00 26.00 34.00 74.00 141.00 40.00 67.00 0.09 4.34 0.00 2.00 0.00 6.00 12.00 20.00 14.00 18.00 8.00 0.00 0.00 0.00 0.00 0.00
58.00 23.00 24.00 61.00 117.00 37.00 56.00 0.08 4.29 0.00 2.00 0.00 6.00 10.00 17.00 13.00 16.00 7.00 0.00 0.00 0.00 0.00 0.00
59.00 26.00 37.00 76.00 126.00 39.00 50.00 0.09 4.57 0.00 2.00 0.00 9.00 13.00 17.00 13.00 16.00 10.00 0.00 0.00 0.00 0.00 0.00
60.00 23.00 24.00 57.00 112.00 33.00 55.00 0.09 3.79 0.00 2.00 0.00 8.00 14.00 15.00 9.00 16.00 7.00 0.00 0.00 0.00 0.00 0.00
61.00 25.00 33.00 70.00 118.00 37.00 48.00 0.08 4.41 0.00 2.00 0.00 6.00 11.00 19.00 14.00 14.00 11.00 0.00 0.00 0.00 0.00 0.00
62.00 24.00 30.00 70.00 121.00 40.00 51.00 0.09 5.70 0.00 2.00 0.00 6.00 9.00 18.00 15.00 12.00 12.00 0.00 0.00 0.00 0.00 0.00
63.00 22.00 25.00 60.00 108.00 35.00 48.00 0.07 4.55 0.00 2.00 0.00 6.00 13.00 16.00 9.00 21.00 1.00 0.00 0.00 0.00 0.00 0.00
64.00 23.00 24.00 57.00 109.00 33.00 52.00 0.08 4.52 0.00 0.00 0.00 6.00 11.00 17.00 12.00 16.00 7.00 0.00 0.00 0.00 0.00 0.00
65.00 20.00 16.00 48.00 95.00 32.00 47.00 0.08 4.33 0.00 3.00 0.00 3.00 11.00 17.00 9.00 15.00 5.00 0.00 0.00 0.00 0.00 0.00
66.00 25.00 33.00 74.00 127.00 41.00 53.00 0.09 5.53 0.00 3.00 0.00 6.00 11.00 19.00 14.00 14.00 11.00 0.00 0.00 0.00 0.00 0.00
67.00 23.00 39.00 67.00 111.00 28.00 44.00 0.08 5.75 0.00 4.00 0.00 5.00 12.00 18.00 11.00 15.00 8.00 0.00 0.00 0.00 0.00 0.00
68.00 24.00 32.00 74.00 119.00 42.00 45.00 0.09 5.31 0.00 3.00 0.00 7.00 11.00 17.00 13.00 13.00 11.00 0.00 0.00 0.00 0.00 0.00
69.00 29.00 37.00 81.00 145.00 44.00 64.00 0.08 5.48 0.00 2.00 0.00 8.00 11.00 21.00 18.00 14.00 15.00 0.00 0.00 0.00 0.00 0.00
70.00 24.00 33.00 65.00 112.00 32.00 47.00 0.09 5.17 0.00 3.00 0.00 6.00 14.00 18.00 10.00 19.00 5.00 0.00 0.00 0.00 0.00 0.00
71.00 26.00 38.00 74.00 131.00 36.00 57.00 0.10 5.28 0.00 4.00 0.00 9.00 13.00 17.00 13.00 17.00 9.00 0.00 0.00 0.00 0.00 0.00
72.00 25.00 30.00 69.00 129.00 39.00 60.00 0.09 5.64 0.00 1.00 0.00 8.00 12.00 17.00 13.00 16.00 9.00 0.00 0.00 0.00 0.00 0.00
73.00 16.00 11.00 31.00 82.00 20.00 51.00 0.08 5.55 0.00 0.00 0.00 5.00 8.00 11.00 8.00 13.00 3.00 0.00 0.00 0.00 0.00 0.00
74.00 23.00 30.00 65.00 114.00 35.00 49.00 0.10 4.27 0.00 0.00 0.00 4.00 9.00 19.00 14.00 14.00 9.00 0.00 0.00 1.00 0.00 0.00
75.00 25.00 32.00 68.00 123.00 36.00 55.00 0.09 4.77 0.00 2.00 0.00 5.00 9.00 20.00 16.00 14.00 11.00 0.00 0.00 0.00 0.00 0.00
76.00 28.00 32.00 73.00 132.00 41.00 59.00 0.08 5.14 1.00 2.00 0.50 12.00 17.00 16.00 11.00 20.00 8.00 0.00 0.00 0.00 0.00 0.00
77.00 24.00 30.00 69.00 117.00 39.00 48.00 0.10 5.01 0.00 2.00 0.00 6.00 9.00 18.00 15.00 16.00 8.00 0.00 0.00 0.00 0.00 0.00
78.00 31.00 40.00 84.00 152.00 44.00 68.00 0.07 4.48 0.00 2.00 0.00 6.00 12.00 25.00 19.00 22.00 9.00 0.00 0.00 0.00 0.00 0.00
79.00 17.00 25.00 47.00 82.00 22.00 35.00 0.08 4.67 0.00 2.00 0.00 6.00 7.00 11.00 10.00 11.00 6.00 0.00 0.00 0.00 0.00 0.00
80.00 27.00 34.00 72.00 127.00 38.00 55.00 0.08 4.52 0.00 3.00 0.00 10.00 16.00 17.00 11.00 18.00 9.00 0.00 0.00 0.00 0.00 0.00
81.00 22.00 37.00 66.00 113.00 29.00 47.00 0.09 4.64 0.00 3.00 0.00 7.00 9.00 15.00 13.00 12.00 10.00 0.00 0.00 1.00 0.00 0.00
82.00 27.00 39.00 80.00 131.00 41.00 51.00 0.08 4.41 0.00 1.00 0.00 9.00 12.00 18.00 15.00 20.00 7.00 0.00 0.00 1.00 0.00 0.00
83.00 27.00 31.00 77.00 133.00 46.00 56.00 0.10 4.07 0.00 2.00 0.00 5.00 7.00 22.00 20.00 16.00 11.00 0.00 0.00 0.00 0.00 0.00
84.00 20.00 31.00 59.00 99.00 28.00 40.00 0.08 4.12 0.00 3.00 0.00 7.00 10.00 13.00 10.00 11.00 9.00 0.00 0.00 0.00 0.00 0.00
85.00 20.00 20.00 52.00 89.00 32.00 37.00 0.08 4.72 0.00 2.00 0.00 6.00 10.00 14.00 10.00 14.00 6.00 0.00 0.00 0.00 0.00 0.00
86.00 24.00 26.00 63.00 117.00 37.00 54.00 0.09 4.23 0.00 2.00 0.00 5.00 10.00 19.00 14.00 16.00 8.00 0.00 0.00 0.00 0.00 0.00
87.00 22.00 30.00 62.00 108.00 32.00 46.00 0.08 4.53 0.00 1.00 0.00 6.00 8.00 16.00 14.00 14.00 8.00 0.00 0.00 0.00 0.00 0.00
88.00 27.00 37.00 70.00 133.00 33.00 63.00 0.08 5.00 0.00 2.00 0.00 9.00 13.00 18.00 14.00 16.00 11.00 0.00 0.00 0.00 0.00 0.00
89.00 25.00 34.00 64.00 125.00 30.00 61.00 0.08 4.97 1.00 2.00 0.50 8.00 11.00 17.00 14.00 16.00 9.00 0.00 0.00 0.00 0.00 0.00
90.00 23.00 25.00 55.00 113.00 30.00 58.00 0.09 4.12 0.00 3.00 0.00 8.00 11.00 15.00 12.00 15.00 8.00 0.00 0.00 0.00 0.00 0.00
91.00 18.00 27.00 54.00 91.00 27.00 37.00 0.08 4.45 0.00 3.00 0.00 1.00 6.00 17.00 12.00 8.00 10.00 0.00 0.00 0.00 0.00 0.00
92.00 22.00 31.00 59.00 100.00 28.00 41.00 0.09 5.00 0.00 3.00 0.00 7.00 10.00 15.00 12.00 15.00 7.00 0.00 0.00 0.00 0.00 0.00
93.00 16.00 16.00 39.00 73.00 23.00 34.00 0.10 5.14 0.00 2.00 0.00 4.00 11.00 12.00 5.00 13.00 3.00 0.00 0.00 0.00 0.00 0.00
94.00 18.00 17.00 46.00 85.00 29.00 39.00 0.07 4.87 0.00 2.00 0.00 6.00 11.00 12.00 7.00 14.00 4.00 0.00 0.00 0.00 0.00 0.00
95.00 14.00 11.00 32.00 64.00 21.00 32.00 0.09 4.60 0.00 1.00 0.00 5.00 8.00 9.00 6.00 11.00 3.00 0.00 0.00 0.00 0.00 0.00
96.00 20.00 31.00 56.00 92.00 25.00 36.00 0.08 5.03 0.00 2.00 0.00 5.00 11.00 15.00 9.00 14.00 6.00 0.00 0.00 0.00 0.00 0.00
97.00 20.00 28.00 58.00 99.00 30.00 41.00 0.09 4.86 0.00 2.00 0.00 4.00 7.00 16.00 13.00 9.00 11.00 0.00 0.00 0.00 0.00 0.00
98.00 18.00 27.00 54.00 91.00 27.00 37.00 0.08 5.00 0.00 2.00 0.00 3.00 8.00 15.00 10.00 12.00 6.00 0.00 0.00 0.00 0.00 0.00
99.00 17.00 14.00 41.00 76.00 27.00 35.00 0.08 5.14 0.00 0.00 0.00 6.00 9.00 11.00 8.00 13.00 4.00 0.00 0.00 0.00 0.00 0.00
100.00 17.00 15.00 38.00 77.00 23.00 39.00 0.09 5.30 0.00 2.00 0.00 2.00 7.00 15.00 10.00 12.00 5.00 0.00 0.00 0.00 0.00 0.00
101.00 16.00 10.00 39.00 78.00 29.00 39.00 0.09 5.15 0.00 2.00 0.00 5.00 10.00 11.00 6.00 12.00 4.00 0.00 0.00 0.00 0.00 0.00
102.00 20.00 25.00 57.00 97.00 32.00 40.00 0.10 4.89 0.00 2.00 0.00 3.00 9.00 17.00 11.00 14.00 6.00 0.00 0.00 0.00 0.00 0.00
103.00 21.00 26.00 58.00 105.00 32.00 47.00 0.10 5.21 0.00 1.00 0.00 4.00 11.00 17.00 10.00 14.00 7.00 0.00 0.00 0.00 0.00 0.00
104.00 16.00 15.00 39.00 75.00 24.00 36.00 0.10 3.10 0.00 2.00 0.00 5.00 9.00 11.00 7.00 11.00 5.00 0.00 0.00 0.00 0.00 0.00
105.00 21.00 23.00 56.00 104.00 33.00 48.00 0.09 4.44 0.00 2.00 0.00 5.00 11.00 16.00 10.00 15.00 6.00 0.00 0.00 0.00 0.00 0.00
106.00 18.00 16.00 48.00 89.00 32.00 41.00 0.09 4.75 0.00 2.00 0.00 7.00 11.00 11.00 7.00 14.00 4.00 0.00 0.00 0.00 0.00 0.00
107.00 18.00 17.00 44.00 90.00 27.00 46.00 0.09 4.14 0.00 1.00 0.00 5.00 6.00 13.00 12.00 10.00 8.00 0.00 0.00 0.00 0.00 0.00
108.00 20.00 28.00 56.00 97.00 28.00 41.00 0.09 5.07 0.00 1.00 0.00 5.00 9.00 15.00 11.00 13.00 7.00 0.00 0.00 1.00 0.00 0.00
109.00 19.00 19.00 51.00 92.00 32.00 41.00 0.10 5.15 0.00 1.00 0.00 4.00 11.00 15.00 8.00 15.00 4.00 0.00 0.00 0.00 0.00 0.00
110.00 20.00 25.00 54.00 97.00 29.00 43.00 0.07 5.21 0.00 1.00 0.00 6.00 8.00 14.00 12.00 11.00 9.00 0.00 0.00 0.00 0.00 0.00
111.00 19.00 21.00 46.00 93.00 25.00 47.00 0.07 5.24 0.00 3.00 0.00 6.00 8.00 13.00 11.00 11.00 8.00 1.00 0.00 1.00 0.00 0.00
112.00 22.00 21.00 52.00 105.00 31.00 53.00 0.09 4.46 0.00 4.00 0.00 5.00 11.00 17.00 11.00 14.00 8.00 0.00 0.00 0.00 1.00 0.00
113.00 15.00 12.00 34.00 76.00 22.00 42.00 0.08 2.58 0.00 1.00 0.00 4.00 6.00 11.00 9.00 10.00 5.00 0.00 0.00 1.00 0.00 0.00
114.00 18.00 18.00 45.00 84.00 27.00 39.00 0.09 4.36 0.00 1.00 0.00 6.00 9.00 12.00 9.00 12.00 6.00 0.00 0.00 0.00 0.00 0.00
115.00 19.00 16.00 45.00 89.00 29.00 44.00 0.07 3.95 0.00 1.00 0.00 8.00 13.00 11.00 6.00 15.00 4.00 0.00 0.00 0.00 0.00 0.00
116.00 11.00 5.00 24.00 57.00 19.00 33.00 0.10 4.01 0.00 2.00 0.00 3.00 5.00 8.00 6.00 10.00 1.00 0.00 0.00 0.00 0.00 0.00
117.00 16.00 20.00 42.00 78.00 22.00 36.00 0.09 4.63 0.00 1.00 0.00 2.00 10.00 14.00 6.00 10.00 6.00 0.00 0.00 0.00 0.00 0.00
118.00 19.00 21.00 46.00 89.00 25.00 43.00 0.08 3.53 0.00 1.00 0.00 6.00 11.00 13.00 8.00 15.00 4.00 0.00 0.00 0.00 0.00 0.00
119.00 16.00 16.00 38.00 76.00 22.00 38.00 0.09 4.48 0.00 2.00 0.00 5.00 10.00 11.00 6.00 11.00 5.00 0.00 0.00 0.00 0.00 0.00
120.00 15.00 13.00 30.00 64.00 17.00 34.00 0.07 5.17 0.00 2.00 0.00 4.00 7.00 11.00 8.00 10.00 5.00 0.00 0.00 0.00 0.00 0.00
121.00 14.00 12.00 31.00 70.00 19.00 39.00 0.08 4.25 0.00 1.00 0.00 4.00 5.00 10.00 9.00 7.00 7.00 0.00 0.00 0.00 0.00 0.00
122.00 16.00 15.00 36.00 75.00 21.00 39.00 0.10 4.64 0.00 2.00 0.00 5.00 9.00 11.00 7.00 14.00 2.00 0.00 0.00 0.00 0.00 0.00
123.00 16.00 16.00 42.00 84.00 26.00 42.00 0.09 5.01 0.00 1.00 0.00 3.00 11.00 13.00 5.00 12.00 4.00 0.00 0.00 0.00 0.00 0.00
124.00 11.00 6.00 18.00 46.00 12.00 28.00 0.08 4.06 0.00 0.00 0.00 4.00 7.00 7.00 4.00 9.00 2.00 0.00 0.00 0.00 0.00 0.00
125.00 12.00 8.00 23.00 52.00 15.00 29.00 0.08 5.23 0.00 1.00 0.00 3.00 7.00 9.00 5.00 9.00 3.00 0.00 0.00 0.00 0.00 0.00
126.00 15.00 9.00 34.00 70.00 25.00 36.00 0.09 4.63 0.00 2.00 0.00 5.00 6.00 10.00 9.00 7.00 8.00 0.00 0.00 0.00 0.00 0.00
127.00 14.00 10.00 32.00 67.00 22.00 35.00 0.07 5.04 0.00 1.00 0.00 5.00 10.00 9.00 4.00 12.00 2.00 0.00 0.00 0.00 0.00 0.00
128.00 11.00 8.00 23.00 50.00 15.00 27.00 0.09 5.30 0.00 2.00 0.00 2.00 6.00 9.00 5.00 8.00 3.00 0.00 0.00 0.00 0.00 0.00
129.00 16.00 17.00 39.00 77.00 22.00 38.00 0.08 4.55 0.00 1.00 0.00 3.00 7.00 13.00 9.00 11.00 5.00 0.00 0.00 0.00 0.00 0.00
130.00 11.00 7.00 21.00 43.00 14.00 22.00 0.08 4.78 0.00 3.00 0.00 3.00 5.00 8.00 6.00 9.00 2.00 0.00 0.00 0.00 0.00 0.00
131.00 20.00 28.00 53.00 96.00 25.00 43.00 0.07 5.22 0.00 2.00 0.00 4.00 8.00 16.00 12.00 14.00 6.00 0.00 0.00 0.00 0.00 0.00
132.00 20.00 23.00 59.00 102.00 36.00 43.00 0.09 5.27 0.00 1.00 0.00 5.00 9.00 15.00 11.00 13.00 7.00 0.00 0.00 0.00 0.00 0.00
133.00 17.00 12.00 41.00 80.00 29.00 39.00 0.08 4.98 0.00 1.00 0.00 8.00 11.00 9.00 6.00 12.00 5.00 0.00 0.00 0.00 0.00 0.00
134.00 18.00 23.00 51.00 83.00 28.00 32.00 0.09 4.67 0.00 1.00 0.00 6.00 13.00 12.00 5.00 16.00 2.00 0.00 0.00 0.00 0.00 0.00
135.00 18.00 11.00 40.00 84.00 29.00 44.00 0.10 2.51 0.00 1.00 0.00 6.00 8.00 12.00 10.00 14.00 4.00 0.00 0.00 0.00 0.00 0.00
136.00 21.00 13.00 45.00 96.00 32.00 51.00 0.09 4.33 0.00 1.00 0.00 8.00 12.00 13.00 9.00 15.00 6.00 0.00 0.00 0.00 0.00 0.00
137.00 18.00 22.00 45.00 88.00 23.00 43.00 0.08 4.27 0.00 1.00 0.00 3.00 7.00 15.00 11.00 12.00 6.00 0.00 0.00 0.00 0.00 0.00
138.00 11.00 9.00 21.00 52.00 12.00 31.00 0.08 3.04 0.00 1.00 0.00 4.00 8.00 7.00 3.00 10.00 1.00 0.00 0.00 0.00 1.00 0.00
139.00 14.00 15.00 36.00 69.00 21.00 33.00 0.09 4.70 0.00 1.00 0.00 2.00 5.00 12.00 9.00 10.00 4.00 0.00 0.00 0.00 0.00 0.00
140.00 11.00 9.00 24.00 52.00 15.00 28.00 0.09 4.28 1.00 1.00 1.00 3.00 7.00 8.00 4.00 8.00 3.00 0.00 0.00 0.00 0.00 0.00
141.00 15.00 13.00 37.00 75.00 24.00 38.00 0.08 4.49 0.00 2.00 0.00 2.00 6.00 13.00 9.00 13.00 2.00 0.00 0.00 0.00 0.00 0.00
142.00 14.00 9.00 27.00 63.00 18.00 36.00 0.10 2.76 0.00 0.00 0.00 5.00 9.00 9.00 5.00 10.00 4.00 0.00 0.00 0.00 0.00 0.00
143.00 12.00 11.00 28.00 62.00 17.00 34.00 0.08 3.76 0.00 1.00 0.00 3.00 8.00 9.00 4.00 10.00 2.00 0.00 0.00 0.00 0.00 0.00
144.00 13.00 11.00 29.00 59.00 18.00 30.00 0.09 2.70 0.00 1.00 0.00 3.00 6.00 10.00 7.00 8.00 5.00 0.00 0.00 0.00 0.00 0.00
145.00 14.00 12.00 30.00 65.00 18.00 35.00 0.08 4.58 0.00 2.00 0.00 4.00 8.00 10.00 6.00 13.00 1.00 0.00 0.00 0.00 0.00 0.00
146.00 12.00 10.00 29.00 62.00 19.00 33.00 0.10 3.86 0.00 0.00 0.00 3.00 6.00 9.00 6.00 7.00 5.00 0.00 0.00 0.00 0.00 0.00
147.00 15.00 14.00 34.00 65.00 20.00 31.00 0.08 4.47 0.00 1.00 0.00 6.00 10.00 9.00 5.00 13.00 2.00 0.00 0.00 0.00 0.00 0.00
148.00 19.00 21.00 53.00 86.00 32.00 33.00 0.08 4.24 0.00 1.00 0.00 2.00 8.00 17.00 11.00 11.00 8.00 0.00 0.00 0.00 0.00 0.00
149.00 13.00 11.00 27.00 66.00 16.00 39.00 0.09 4.20 0.00 1.00 0.00 0.00 4.00 13.00 9.00 9.00 4.00 0.00 0.00 0.00 0.00 0.00
150.00 11.00 7.00 27.00 53.00 20.00 26.00 0.10 3.97 0.00 0.00 0.00 4.00 7.00 7.00 4.00 8.00 3.00 0.00 0.00 0.00 0.00 0.00
151.00 17.00 18.00 45.00 79.00 27.00 34.00 0.08 4.51 0.00 0.00 0.00 3.00 9.00 14.00 8.00 12.00 5.00 0.00 0.00 0.00 0.00 0.00
152.00 12.00 9.00 29.00 57.00 20.00 28.00 0.08 4.59 0.00 1.00 0.00 3.00 8.00 9.00 4.00 8.00 4.00 0.00 0.00 0.00 0.00 0.00
153.00 11.00 7.00 27.00 53.00 20.00 26.00 0.07 4.06 0.00 1.00 0.00 3.00 3.00 8.00 8.00 7.00 4.00 0.00 0.00 0.00 0.00 0.00
154.00 17.00 16.00 43.00 84.00 27.00 41.00 0.08 4.16 0.00 1.00 0.00 9.00 11.00 8.00 6.00 14.00 3.00 0.00 0.00 0.00 1.00 0.00
155.00 14.00 11.00 34.00 65.00 23.00 31.00 0.08 1.53 0.00 0.00 0.00 4.00 9.00 10.00 5.00 10.00 4.00 0.00 0.00 0.00 0.00 0.00
156.00 14.00 16.00 34.00 66.00 18.00 32.00 0.10 3.88 0.00 1.00 0.00 3.00 5.00 11.00 9.00 6.00 8.00 0.00 0.00 0.00 0.00 0.00
157.00 17.00 15.00 36.00 73.00 21.00 37.00 0.09 4.13 0.00 2.00 0.00 4.00 10.00 13.00 7.00 14.00 3.00 0.00 0.00 0.00 0.00 0.00
158.00 16.00 9.00 34.00 73.00 25.00 39.00 0.07 3.67 0.00 1.00 0.00 4.00 9.00 12.00 7.00 11.00 5.00 0.00 0.00 0.00 0.00 0.00
159.00 15.00 13.00 34.00 72.00 21.00 38.00 0.08 3.88 0.00 0.00 0.00 5.00 10.00 10.00 5.00 12.00 3.00 0.00 0.00 0.00 0.00 0.00
160.00 12.00 9.00 29.00 56.00 20.00 27.00 0.08 2.89 0.00 0.00 0.00 3.00 7.00 9.00 5.00 7.00 5.00 0.00 0.00 0.00 0.00 0.00
161.00 18.00 19.00 41.00 86.00 22.00 45.00 0.08 4.15 0.00 0.00 0.00 4.00 10.00 14.00 8.00 16.00 2.00 0.00 0.00 0.00 0.00 0.00
162.00 17.00 15.00 37.00 77.00 22.00 40.00 0.08 2.49 0.00 0.00 0.00 6.00 11.00 11.00 6.00 13.00 4.00 0.00 0.00 0.00 0.00 0.00
163.00 14.00 16.00 38.00 66.00 22.00 28.00 0.08 1.74 0.00 0.00 0.00 1.00 5.00 13.00 9.00 8.00 6.00 0.00 0.00 0.00 0.00 0.00
164.00 9.00 1.00 9.00 40.00 8.00 31.00 0.07 2.45 0.00 0.00 0.00 4.00 7.00 5.00 2.00 9.00 0.00 0.00 0.00 0.00 0.00 0.00
165.00 13.00 6.00 27.00 57.00 21.00 30.00 0.11 2.79 0.00 1.00 0.00 5.00 9.00 8.00 4.00 11.00 2.00 0.00 0.00 0.00 0.00 0.00
166.00 11.00 11.00 28.00 50.00 17.00 22.00 0.09 2.00 0.00 0.00 0.00 5.00 8.00 6.00 3.00 8.00 3.00 0.00 0.00 0.00 0.00 0.00
167.00 12.00 5.00 26.00 56.00 21.00 30.00 0.07 3.68 0.00 0.00 0.00 5.00 7.00 7.00 5.00 9.00 3.00 0.00 0.00 0.00 0.00 0.00
168.00 13.00 8.00 28.00 65.00 20.00 37.00 0.06 1.83 0.00 0.00 0.00 6.00 10.00 7.00 3.00 12.00 1.00 0.00 0.00 0.00 0.00 0.00
169.00 11.00 8.00 25.00 56.00 17.00 31.00 0.09 4.13 0.00 0.00 0.00 2.00 4.00 9.00 7.00 9.00 2.00 0.00 0.00 0.00 0.00 0.00
170.00 13.00 8.00 26.00 65.00 18.00 39.00 0.09 2.81 0.00 0.00 0.00 3.00 8.00 10.00 5.00 9.00 4.00 0.00 0.00 0.00 0.00 0.00
171.00 13.00 9.00 30.00 59.00 21.00 29.00 0.08 3.85 0.00 0.00 0.00 4.00 4.00 9.00 9.00 8.00 5.00 0.00 0.00 0.00 0.00 0.00
172.00 14.00 10.00 27.00 61.00 17.00 34.00 0.10 3.49 0.00 0.00 0.00 4.00 8.00 10.00 6.00 12.00 2.00 0.00 0.00 0.00 0.00 0.00
173.00 11.00 7.00 21.00 51.00 14.00 30.00 0.07 1.86 0.00 0.00 0.00 6.00 8.00 5.00 3.00 10.00 1.00 0.00 0.00 0.00 0.00 0.00
174.00 11.00 7.00 23.00 54.00 16.00 31.00 0.09 0.39 0.00 1.00 0.00 1.00 6.00 10.00 5.00 6.00 5.00 0.00 0.00 0.00 0.00 0.00
175.00 8.00 0.00 11.00 39.00 11.00 28.00 0.09 2.28 0.00 0.00 0.00 5.00 6.00 3.00 2.00 7.00 1.00 0.00 0.00 0.00 0.00 0.00
176.00 7.00 4.00 13.00 32.00 9.00 19.00 0.10 4.23 0.00 0.00 0.00 2.00 4.00 5.00 3.00 4.00 3.00 0.00 0.00 1.00 0.00 0.00
177.00 7.00 0.00 7.00 22.00 7.00 15.00 0.07 0.42 0.00 0.00 0.00 3.00 6.00 4.00 1.00 7.00 0.00 0.00 0.00 0.00 0.00 0.00
178.00 3.00 0.00 2.00 11.00 2.00 9.00 0.08 0.09 0.00 0.00 0.00 2.00 3.00 1.00 0.00 3.00 0.00 0.00 0.00 0.00 0.00 0.00
179.00 9.00 4.00 18.00 41.00 14.00 23.00 0.08 0.25 0.00 0.00 0.00 4.00 6.00 5.00 3.00 8.00 1.00 0.00 0.00 0.00 0.00 0.00
180.00 7.00 4.00 11.00 32.00 7.00 21.00 0.10 0.28 0.00 0.00 0.00 2.00 5.00 5.00 2.00 5.00 2.00 0.00 0.00 0.00 0.00 0.00
181.00 5.00 0.00 6.00 23.00 6.00 17.00 0.09 0.24 0.00 0.00 0.00 2.00 5.00 3.00 0.00 5.00 0.00 0.00 0.00 0.00 0.00 0.00
182.00 4.00 1.00 4.00 12.00 3.00 8.00 0.09 0.19 0.00 0.00 0.00 2.00 4.00 2.00 0.00 4.00 0.00 0.00 0.00 0.00 0.00 0.00
183.00 3.00 0.00 1.00 7.00 1.00 6.00 0.09 4.65 0.00 0.00 0.00 2.00 3.00 1.00 0.00 3.00 0.00 0.00 0.00 0.00 0.00 0.00
184.00 5.00 2.00 8.00 21.00 6.00 13.00 0.08 3.36 0.00 0.00 0.00 1.00 2.00 4.00 3.00 5.00 0.00 0.00 0.00 0.00 0.00 0.00
185.00 4.00 1.00 5.00 16.00 4.00 11.00 0.08 5.28 0.00 0.00 0.00 3.00 3.00 1.00 1.00 4.00 0.00 0.00 0.00 0.00 0.00 0.00
