0.00 4.00 0.00 2.00 10.00 2.00 8.00 0.08 0.34 0.00 0.00 0.00 2.00 4.00 2.00 0.00 4.00 0.00 0.00 0.00 0.00 0.00 0.00
1.00 3.00 0.00 2.00 10.00 2.00 8.00 0.08 0.22 0.00 0.00 0.00 2.00 3.00 1.00 0.00 3.00 0.00 0.00 0.00 0.00 0.00 0.00
2.00 5.00 2.00 7.00 23.00 5.00 16.00 0.09 4.91 0.00 0.00 0.00 1.00 1.00 4.00 4.00 4.00 1.00 0.00 0.00 0.00 0.00 0.00
3.00 7.00 3.00 11.00 28.00 8.00 17.00 0.08 4.47 0.00 0.00 0.00 4.00 5.00 3.00 2.00 7.00 0.00 0.00 0.00 0.00 0.00 0.00
4.00 5.00 1.00 6.00 17.00 5.00 11.00 0.09 0.15 0.00 0.00 0.00 4.00 4.00 1.00 1.00 4.00 1.00 0.00 0.00 0.00 0.00 0.00
5.00 8.00 6.00 16.00 37.00 10.00 21.00 0.09 0.26 0.00 0.00 0.00 4.00 4.00 4.00 4.00 6.00 2.00 0.00 0.00 0.00 0.00 0.00
6.00 7.00 2.00 9.00 28.00 7.00 19.00 0.09 2.30 0.00 0.00 0.00 2.00 6.00 5.00 1.00 6.00 1.00 0.00 0.00 0.00 0.00 0.00
7.00 7.00 3.00 10.00 28.00 7.00 18.00 0.08 2.33 0.00 0.00 0.00 3.00 4.00 4.00 3.00 5.00 2.00 0.00 0.00 1.00 0.00 0.00
8.00 8.00 3.00 12.00 39.00 9.00 27.00 0.08 2.21 0.00 0.00 0.00 3.00 5.00 5.00 3.00 8.00 0.00 0.00 0.00 0.00 0.00 0.00
9.00 3.00 0.00 2.00 10.00 2.00 8.00 0.08 0.10 0.00 0.00 0.00 0.00 3.00 3.00 0.00 3.00 0.00 0.00 0.00 0.00 0.00 0.00
10.00 7.00 3.00 13.00 32.00 10.00 19.00 0.09 2.71 0.00 0.00 0.00 2.00 5.00 5.00 2.00 7.00 0.00 0.00 0.00 0.00 0.00 0.00
11.00 6.00 2.00 8.00 21.00 6.00 13.00 0.09 2.74 0.00 0.00 0.00 1.00 5.00 5.00 1.00 6.00 0.00 0.00 0.00 0.00 0.00 0.00
12.00 12.00 8.00 24.00 49.00 16.00 25.00 0.08 3.04 0.00 0.00 0.00 5.00 6.00 7.00 6.00 7.00 5.00 0.00 0.00 0.00 0.00 0.00
13.00 9.00 6.00 17.00 40.00 11.00 23.00 0.08 0.27 0.00 0.00 0.00 3.00 5.00 6.00 4.00 6.00 3.00 0.00 0.00 0.00 0.00 0.00
14.00 8.00 5.00 17.00 36.00 12.00 19.00 0.07 0.27 0.00 0.00 0.00 2.00 6.00 6.00 2.00 8.00 0.00 0.00 0.00 0.00 0.00 0.00
15.00 16.00 14.00 35.00 71.00 21.00 36.00 0.07 3.06 1.00 0.00 0.00 6.00 9.00 10.00 7.00 11.00 5.00 0.00 0.00 0.00 0.00 0.00
16.00 14.00 9.00 28.00 65.00 19.00 37.00 0.08 2.59 0.00 1.00 0.00 4.00 9.00 10.00 5.00 10.00 4.00 0.00 0.00 0.00 0.00 0.00
17.00 14.00 9.00 32.00 70.00 23.00 38.00 0.09 4.57 0.00 1.00 0.00 4.00 7.00 10.00 7.00 12.00 2.00 0.00 0.00 0.00 0.00 0.00
18.00 19.00 18.00 52.00 92.00 34.00 40.00 0.09 4.41 0.00 2.00 0.00 5.00 10.00 14.00 9.00 13.00 6.00 0.00 0.00 0.00 0.00 0.00
19.00 18.00 21.00 45.00 89.00 24.00 44.00 0.09 4.69 0.00 1.00 0.00 4.00 8.00 14.00 10.00 10.00 8.00 0.00 0.00 0.00 0.00 0.00
20.00 22.00 22.00 62.00 100.00 40.00 38.00 0.09 4.48 0.00 2.00 0.00 8.00 10.00 14.00 12.00 14.00 8.00 0.00 0.00 0.00 0.00 0.00
21.00 14.00 9.00 34.00 66.00 25.00 32.00 0.08 5.05 0.00 0.00 0.00 3.00 7.00 11.00 7.00 11.00 3.00 0.00 0.00 0.00 0.00 0.00
22.00 17.00 17.00 45.00 85.00 28.00 40.00 0.07 5.03 0.00 2.00 0.00 4.00 6.00 13.00 11.00 7.00 10.00 0.00 0.00 0.00 0.00 0.00
23.00 17.00 17.00 38.00 79.00 21.00 41.00 0.10 4.53 0.00 1.00 0.00 5.00 6.00 12.00 11.00 7.00 10.00 0.00 0.00 0.00 0.00 0.00
24.00 23.00 22.00 61.00 111.00 39.00 50.00 0.10 4.75 0.00 2.00 0.00 6.00 14.00 17.00 9.00 20.00 3.00 0.00 0.00 0.00 0.00 0.00
25.00 21.00 16.00 46.00 95.00 30.00 49.00 0.09 4.82 0.00 1.00 0.00 3.00 10.00 18.00 11.00 15.00 6.00 0.00 0.00 1.00 0.00 0.00
26.00 24.00 20.00 61.00 112.00 41.00 51.00 0.09 4.51 0.00 2.00 0.00 8.00 16.00 16.00 8.00 17.00 7.00 0.00 0.00 0.00 0.00 0.00
27.00 19.00 23.00 48.00 85.00 25.00 37.00 0.08 4.31 0.00 2.00 0.00 5.00 14.00 14.00 5.00 17.00 2.00 0.00 0.00 0.00 0.00 0.00
28.00 24.00 25.00 60.00 111.00 35.00 51.00 0.09 4.54 0.00 3.00 0.00 5.00 13.00 19.00 11.00 17.00 7.00 0.00 0.00 0.00 0.00 0.00
29.00 32.00 35.00 83.00 152.00 48.00 69.00 0.09 4.46 0.00 3.00 0.00 12.00 20.00 20.00 12.00 24.00 8.00 0.00 0.00 0.00 0.00 0.00
30.00 25.00 31.00 60.00 123.00 29.00 63.00 0.08 4.54 0.00 2.00 0.00 7.00 11.00 18.00 14.00 15.00 10.00 0.00 0.00 0.00 1.00 0.00
31.00 17.00 14.00 40.00 83.00 26.00 43.00 0.10 4.60 0.00 2.00 0.00 4.00 8.00 13.00 9.00 10.00 7.00 0.00 0.00 1.00 0.00 0.00
32.00 24.00 34.00 63.00 119.00 29.00 56.00 0.08 4.13 0.00 1.00 0.00 4.00 13.00 20.00 11.00 15.00 9.00 0.00 0.00 0.00 0.00 0.00
33.00 17.00 23.00 45.00 79.00 22.00 34.00 0.09 4.51 0.00 2.00 0.00 5.00 9.00 12.00 8.00 12.00 5.00 0.00 0.00 0.00 0.00 0.00
34.00 22.00 22.00 49.00 96.00 27.00 47.00 0.08 3.63 0.00 2.00 0.00 7.00 16.00 15.00 6.00 19.00 3.00 0.00 0.00 0.00 0.00 0.00
35.00 17.00 15.00 38.00 75.00 23.00 37.00 0.09 4.52 0.00 2.00 0.00 4.00 9.00 13.00 8.00 13.00 4.00 0.00 0.00 0.00 0.00 0.00
36.00 14.00 8.00 28.00 60.00 20.00 32.00 0.08 4.31 0.00 1.00 0.00 3.00 7.00 11.00 7.00 10.00 4.00 0.00 0.00 0.00 0.00 0.00
37.00 22.00 36.00 66.00 113.00 30.00 47.00 0.10 4.80 0.00 2.00 0.00 3.00 12.00 19.00 10.00 13.00 9.00 0.00 0.00 1.00 0.00 0.00
38.00 17.00 20.00 49.00 87.00 29.00 38.00 0.09 3.80 0.00 1.00 0.00 4.00 7.00 13.00 10.00 11.00 6.00 0.00 0.00 0.00 0.00 0.00
39.00 21.00 22.00 51.00 104.00 29.00 53.00 0.09 4.83 0.00 1.00 0.00 7.00 12.00 14.00 9.00 12.00 9.00 0.00 0.00 0.00 1.00 0.00
40.00 14.00 14.00 31.00 70.00 17.00 39.00 0.08 4.93 0.00 1.00 0.00 1.00 2.00 13.00 12.00 5.00 9.00 0.00 0.00 0.00 0.00 0.00
41.00 10.00 5.00 18.00 47.00 13.00 29.00 0.08 4.13 0.00 1.00 0.00 3.00 6.00 7.00 4.00 8.00 2.00 0.00 0.00 0.00 0.00 0.00
42.00 15.00 10.00 29.00 64.00 19.00 35.00 0.09 4.92 0.00 0.00 0.00 7.00 8.00 8.00 7.00 12.00 3.00 0.00 0.00 0.00 0.00 0.00
43.00 12.00 15.00 33.00 59.00 18.00 26.00 0.07 4.87 0.00 1.00 0.00 5.00 6.00 7.00 6.00 9.00 3.00 0.00 0.00 0.00 0.00 0.00
44.00 14.00 9.00 27.00 65.00 18.00 38.00 0.09 4.79 0.00 1.00 0.00 2.00 7.00 12.00 7.00 11.00 3.00 0.00 0.00 0.00 0.00 0.00
45.00 14.00 12.00 36.00 70.00 24.00 34.00 0.09 3.54 0.00 1.00 0.00 3.00 8.00 11.00 6.00 9.00 5.00 0.00 0.00 0.00 0.00 0.00
46.00 13.00 13.00 29.00 59.00 16.00 30.00 0.10 4.03 0.00 1.00 0.00 4.00 6.00 9.00 7.00 10.00 3.00 0.00 0.00 0.00 0.00 0.00
47.00 9.00 4.00 13.00 36.00 9.00 23.00 0.09 2.05 0.00 0.00 0.00 5.00 5.00 4.00 4.00 6.00 3.00 0.00 0.00 0.00 0.00 0.00
48.00 10.00 7.00 17.00 43.00 10.00 26.00 0.08 4.09 0.00 2.00 0.00 3.00 7.00 7.00 3.00 10.00 0.00 0.00 0.00 0.00 0.00 0.00
49.00 13.00 13.00 33.00 65.00 20.00 32.00 0.08 4.58 0.00 1.00 0.00 3.00 9.00 10.00 4.00 9.00 4.00 0.00 0.00 0.00 0.00 0.00
50.00 19.00 21.00 48.00 91.00 27.00 43.00 0.08 4.92 0.00 1.00 0.00 5.00 9.00 14.00 10.00 17.00 2.00 0.00 0.00 0.00 0.00 0.00
51.00 16.00 12.00 40.00 72.00 28.00 32.00 0.08 4.75 0.00 1.00 0.00 6.00 10.00 10.00 6.00 12.00 4.00 0.00 0.00 0.00 0.00 0.00
52.00 14.00 16.00 38.00 72.00 22.00 34.00 0.08 5.16 0.00 2.00 0.00 1.00 4.00 13.00 10.00 9.00 5.00 0.00 0.00 0.00 0.00 0.00
53.00 14.00 14.00 36.00 68.00 22.00 32.00 0.09 5.46 0.00 0.00 0.00 2.00 4.00 12.00 10.00 7.00 7.00 0.00 0.00 0.00 0.00 0.00
54.00 14.00 8.00 30.00 68.00 22.00 38.00 0.08 4.97 0.00 0.00 0.00 4.00 6.00 10.00 8.00 12.00 2.00 0.00 0.00 0.00 0.00 0.00
55.00 3.00 0.00 2.00 11.00 2.00 9.00 0.09 4.73 0.00 0.00 0.00 2.00 3.00 1.00 0.00 3.00 0.00 0.00 0.00 0.00 0.00 0.00
56.00 16.00 15.00 39.00 76.00 24.00 37.00 0.07 4.35 0.00 0.00 0.00 5.00 7.00 11.00 9.00 11.00 5.00 0.00 0.00 0.00 0.00 0.00
57.00 16.00 8.00 29.00 72.00 21.00 43.00 0.08 4.60 0.00 0.00 0.00 6.00 10.00 10.00 6.00 14.00 2.00 0.00 0.00 1.00 0.00 0.00
58.00 12.00 5.00 22.00 52.00 17.00 30.00 0.07 4.68 0.00 0.00 0.00 8.00 9.00 4.00 3.00 9.00 3.00 0.00 0.00 0.00 0.00 0.00
59.00 11.00 7.00 23.00 50.00 16.00 27.00 0.09 4.86 0.00 0.00 0.00 2.00 5.00 9.00 6.00 10.00 1.00 0.00 0.00 0.00 0.00 0.00
60.00 5.00 0.00 2.00 17.00 2.00 15.00 0.08 3.63 0.00 0.00 0.00 3.00 4.00 2.00 1.00 5.00 0.00 0.00 0.00 0.00 0.00 0.00
61.00 5.00 0.00 4.00 20.00 4.00 16.00 0.08 3.21 0.00 0.00 0.00 2.00 5.00 3.00 0.00 5.00 0.00 0.00 0.00 0.00 0.00 0.00
62.00 9.00 2.00 14.00 37.00 12.00 23.00 0.09 3.55 0.00 0.00 0.00 5.00 6.00 4.00 3.00 8.00 1.00 0.00 0.00 0.00 0.00 0.00
63.00 6.00 0.00 6.00 21.00 6.00 15.00 0.09 5.15 0.00 0.00 0.00 3.00 5.00 3.00 1.00 6.00 0.00 0.00 0.00 0.00 0.00 0.00
64.00 7.00 3.00 12.00 28.00 9.00 16.00 0.08 4.06 0.00 0.00 0.00 3.00 4.00 4.00 3.00 5.00 2.00 0.00 0.00 1.00 0.00 0.00
65.00 5.00 0.00 6.00 22.00 6.00 16.00 0.07 3.60 0.00 0.00 0.00 2.00 5.00 3.00 0.00 5.00 0.00 0.00 0.00 0.00 0.00 0.00
66.00 4.00 0.00 4.00 15.00 4.00 11.00 0.08 3.77 0.00 0.00 0.00 3.00 3.00 1.00 1.00 4.00 0.00 0.00 0.00 0.00 0.00 0.00
67.00 4.00 0.00 5.00 14.00 5.00 9.00 0.09 3.80 0.00 0.00 0.00 2.00 4.00 2.00 0.00 4.00 0.00 0.00 0.00 0.00 0.00 0.00
68.00 6.00 2.00 10.00 23.00 8.00 13.00 0.09 2.98 0.00 0.00 0.00 4.00 5.00 2.00 1.00 5.00 1.00 0.00 0.00 0.00 0.00 0.00
