0.00 6.00 1.00 7.00 21.00 6.00 14.00 0.08 0.26 0.00 0.00 0.00 4.00 5.00 2.00 1.00 5.00 1.00 0.00 0.00 0.00 0.00 0.00
1.00 6.00 1.00 5.00 24.00 4.00 19.00 0.08 0.37 0.00 0.00 0.00 2.00 4.00 4.00 2.00 6.00 0.00 0.00 0.00 0.00 0.00 0.00
2.00 6.00 0.00 8.00 29.00 8.00 21.00 0.08 0.31 0.00 0.00 0.00 2.00 6.00 4.00 0.00 6.00 0.00 0.00 0.00 0.00 0.00 0.00
3.00 6.00 3.00 11.00 28.00 8.00 17.00 0.09 0.29 0.00 0.00 0.00 3.00 5.00 3.00 1.00 5.00 1.00 0.00 0.00 0.00 0.00 0.00
4.00 6.00 1.00 7.00 22.00 6.00 15.00 0.08 0.32 0.00 0.00 0.00 3.00 5.00 3.00 1.00 6.00 0.00 0.00 0.00 0.00 0.00 0.00
5.00 6.00 0.00 8.00 25.00 8.00 17.00 0.10 0.44 0.00 0.00 0.00 2.00 6.00 4.00 0.00 6.00 0.00 0.00 0.00 0.00 0.00 0.00
6.00 6.00 1.00 6.00 23.00 5.00 17.00 0.09 0.36 0.00 0.00 0.00 3.00 5.00 3.00 1.00 6.00 0.00 0.00 0.00 0.00 0.00 0.00
7.00 10.00 8.00 24.00 50.00 16.00 26.00 0.08 0.37 0.00 0.00 0.00 5.00 7.00 5.00 3.00 9.00 1.00 0.00 0.00 0.00 0.00 0.00
8.00 15.00 14.00 36.00 71.00 22.00 35.00 0.08 0.60 0.00 0.00 0.00 2.00 8.00 13.00 7.00 12.00 3.00 0.00 0.00 0.00 0.00 0.00
9.00 7.00 0.00 9.00 29.00 9.00 20.00 0.09 0.29 0.00 0.00 0.00 3.00 6.00 4.00 1.00 7.00 0.00 0.00 0.00 0.00 0.00 0.00
10.00 10.00 8.00 19.00 44.00 11.00 25.00 0.09 0.46 0.00 0.00 0.00 3.00 4.00 7.00 6.00 9.00 1.00 0.00 0.00 0.00 0.00 0.00
11.00 9.00 0.00 13.00 36.00 13.00 23.00 0.10 0.56 0.00 0.00 0.00 5.00 8.00 4.00 1.00 8.00 1.00 0.00 0.00 0.00 0.00 0.00
12.00 10.00 0.00 14.00 44.00 14.00 30.00 0.09 0.74 0.00 1.00 0.00 6.00 8.00 4.00 2.00 9.00 1.00 0.00 0.00 0.00 0.00 0.00
13.00 10.00 4.00 21.00 52.00 17.00 31.00 0.07 0.53 0.00 0.00 0.00 3.00 5.00 7.00 5.00 8.00 2.00 0.00 0.00 0.00 0.00 0.00
14.00 13.00 13.00 31.00 60.00 18.00 29.00 0.08 0.47 0.00 0.00 0.00 4.00 5.00 9.00 8.00 10.00 3.00 0.00 0.00 0.00 0.00 0.00
15.00 14.00 13.00 29.00 65.00 16.00 36.00 0.08 0.55 0.00 0.00 0.00 5.00 7.00 9.00 7.00 11.00 3.00 0.00 0.00 0.00 0.00 0.00
16.00 14.00 12.00 38.00 69.00 26.00 31.00 0.09 0.64 0.00 0.00 0.00 4.00 6.00 10.00 8.00 8.00 6.00 0.00 0.00 0.00 0.00 0.00
17.00 12.00 8.00 25.00 52.00 17.00 27.00 0.08 0.80 0.00 0.00 0.00 3.00 8.00 9.00 4.00 10.00 2.00 0.00 0.00 0.00 0.00 0.00
18.00 6.00 2.00 9.00 27.00 7.00 18.00 0.09 0.39 0.00 0.00 0.00 2.00 4.00 4.00 2.00 6.00 0.00 0.00 0.00 0.00 0.00 0.00
19.00 11.00 8.00 24.00 54.00 16.00 30.00 0.07 0.45 0.00 0.00 0.00 1.00 7.00 10.00 4.00 8.00 3.00 0.00 0.00 0.00 0.00 0.00
20.00 11.00 2.00 16.00 48.00 14.00 32.00 0.07 0.95 0.00 1.00 0.00 2.00 6.00 9.00 5.00 7.00 4.00 0.00 0.00 0.00 0.00 0.00
21.00 11.00 9.00 24.00 55.00 15.00 31.00 0.08 0.48 0.00 0.00 0.00 4.00 4.00 7.00 7.00 7.00 4.00 0.00 0.00 0.00 0.00 0.00
22.00 14.00 14.00 38.00 71.00 24.00 33.00 0.08 0.52 0.00 1.00 0.00 5.00 8.00 9.00 6.00 10.00 4.00 0.00 0.00 0.00 0.00 0.00
23.00 14.00 13.00 37.00 65.00 24.00 28.00 0.09 0.54 0.00 2.00 0.00 5.00 6.00 9.00 8.00 11.00 3.00 0.00 0.00 0.00 0.00 0.00
24.00 11.00 8.00 21.00 46.00 13.00 25.00 0.08 0.70 0.00 1.00 0.00 4.00 7.00 7.00 4.00 9.00 2.00 0.00 0.00 0.00 0.00 0.00
25.00 14.00 14.00 36.00 65.00 22.00 29.00 0.09 0.54 0.00 1.00 0.00 6.00 8.00 8.00 6.00 10.00 4.00 0.00 0.00 0.00 0.00 0.00
26.00 14.00 14.00 37.00 70.00 23.00 33.00 0.08 0.47 0.00 0.00 0.00 6.00 7.00 8.00 7.00 9.00 5.00 0.00 0.00 0.00 0.00 0.00
27.00 13.00 11.00 33.00 62.00 22.00 29.00 0.09 0.53 0.00 1.00 0.00 4.00 6.00 9.00 7.00 10.00 3.00 0.00 0.00 0.00 0.00 0.00
28.00 9.00 5.00 20.00 38.00 15.00 18.00 0.10 0.39 0.00 1.00 0.00 3.00 4.00 6.00 5.00 6.00 3.00 0.00 0.00 0.00 0.00 0.00
29.00 17.00 14.00 41.00 84.00 27.00 43.00 0.09 0.56 0.00 1.00 0.00 7.00 12.00 10.00 5.00 14.00 3.00 0.00 0.00 0.00 0.00 0.00
30.00 11.00 10.00 27.00 48.00 17.00 21.00 0.08 0.35 0.00 1.00 0.00 2.00 7.00 9.00 4.00 10.00 1.00 0.00 0.00 0.00 0.00 0.00
31.00 14.00 14.00 35.00 68.00 21.00 33.00 0.09 0.45 0.00 1.00 0.00 4.00 5.00 10.00 9.00 9.00 5.00 0.00 0.00 0.00 0.00 0.00
32.00 13.00 14.00 31.00 60.00 17.00 29.00 0.08 0.49 0.00 1.00 0.00 4.00 7.00 9.00 6.00 9.00 4.00 0.00 0.00 0.00 0.00 0.00
33.00 12.00 7.00 29.00 56.00 22.00 27.00 0.10 0.36 0.00 0.00 0.00 4.00 8.00 8.00 4.00 11.00 1.00 0.00 0.00 1.00 0.00 0.00
34.00 7.00 3.00 10.00 32.00 7.00 22.00 0.09 0.44 0.00 0.00 0.00 3.00 6.00 4.00 1.00 7.00 0.00 0.00 0.00 0.00 0.00 0.00
35.00 16.00 16.00 37.00 69.00 21.00 32.00 0.07 0.69 0.00 1.00 0.00 4.00 8.00 12.00 8.00 13.00 3.00 0.00 0.00 0.00 0.00 0.00
36.00 13.00 10.00 28.00 55.00 18.00 27.00 0.07 0.69 0.00 1.00 0.00 3.00 5.00 10.00 8.00 7.00 6.00 0.00 0.00 0.00 0.00 0.00
37.00 14.00 12.00 36.00 66.00 24.00 30.00 0.09 0.47 0.00 1.00 0.00 5.00 6.00 9.00 8.00 8.00 6.00 0.00 0.00 0.00 0.00 0.00
38.00 9.00 7.00 19.00 43.00 12.00 24.00 0.09 0.39 0.00 1.00 0.00 0.00 6.00 9.00 3.00 6.00 3.00 0.00 0.00 0.00 0.00 0.00
39.00 14.00 14.00 34.00 63.00 20.00 29.00 0.09 0.56 0.00 1.00 0.00 2.00 4.00 12.00 10.00 8.00 6.00 0.00 0.00 0.00 0.00 0.00
40.00 12.00 11.00 27.00 54.00 16.00 27.00 0.09 0.44 0.00 1.00 0.00 1.00 5.00 11.00 7.00 10.00 2.00 0.00 0.00 0.00 0.00 0.00
41.00 10.00 8.00 22.00 43.00 14.00 21.00 0.10 0.43 0.00 1.00 0.00 2.00 6.00 8.00 4.00 8.00 2.00 0.00 0.00 0.00 0.00 0.00
42.00 16.00 12.00 30.00 74.00 18.00 44.00 0.10 0.55 0.00 1.00 0.00 4.00 11.00 12.00 5.00 15.00 1.00 0.00 0.00 0.00 0.00 0.00
43.00 9.00 7.00 18.00 39.00 11.00 21.00 0.07 0.38 0.00 1.00 0.00 0.00 3.00 9.00 6.00 6.00 3.00 0.00 0.00 0.00 0.00 0.00
44.00 11.00 12.00 28.00 51.00 16.00 23.00 0.09 0.35 0.00 1.00 0.00 2.00 9.00 9.00 2.00 9.00 2.00 0.00 0.00 0.00 0.00 0.00
45.00 13.00 9.00 29.00 62.00 20.00 33.00 0.08 0.43 0.00 0.00 0.00 7.00 9.00 6.00 4.00 9.00 4.00 0.00 0.00 0.00 0.00 0.00
46.00 13.00 19.00 35.00 64.00 16.00 29.00 0.09 0.38 0.00 1.00 0.00 1.00 2.00 12.00 11.00 6.00 7.00 0.00 0.00 0.00 0.00 0.00
47.00 18.00 20.00 44.00 86.00 24.00 42.00 0.09 0.71 0.00 1.00 0.00 3.00 6.00 15.00 12.00 9.00 9.00 0.00 0.00 0.00 0.00 0.00
48.00 21.00 23.00 56.00 105.00 33.00 49.00 0.08 0.90 0.00 1.00 0.00 5.00 12.00 16.00 9.00 14.00 7.00 0.00 0.00 0.00 0.00 0.00
49.00 16.00 21.00 40.00 71.00 19.00 31.00 0.08 0.42 0.00 1.00 0.00 3.00 9.00 13.00 7.00 13.00 3.00 0.00 0.00 0.00 0.00 0.00
50.00 18.00 20.00 45.00 83.00 25.00 38.00 0.08 0.66 0.00 1.00 0.00 8.00 11.00 10.00 7.00 14.00 4.00 0.00 0.00 0.00 0.00 0.00
51.00 17.00 23.00 46.00 84.00 23.00 38.00 0.08 0.53 0.00 1.00 0.00 3.00 6.00 14.00 11.00 11.00 6.00 0.00 0.00 0.00 0.00 0.00
52.00 14.00 12.00 33.00 69.00 21.00 36.00 0.08 0.55 0.00 1.00 0.00 5.00 8.00 9.00 6.00 11.00 3.00 0.00 0.00 0.00 0.00 0.00
53.00 15.00 11.00 29.00 70.00 18.00 41.00 0.09 0.59 0.00 1.00 0.00 5.00 6.00 10.00 9.00 11.00 4.00 0.00 0.00 0.00 0.00 0.00
54.00 20.00 22.00 52.00 88.00 30.00 36.00 0.07 0.63 0.00 1.00 0.00 5.00 10.00 15.00 10.00 15.00 5.00 0.00 0.00 0.00 0.00 0.00
55.00 14.00 9.00 30.00 68.00 21.00 38.00 0.07 0.74 0.00 1.00 0.00 4.00 6.00 10.00 8.00 10.00 4.00 0.00 0.00 0.00 0.00 0.00
56.00 14.00 11.00 31.00 64.00 20.00 33.00 0.09 0.70 0.00 1.00 0.00 5.00 9.00 9.00 5.00 11.00 3.00 0.00 0.00 0.00 0.00 0.00
57.00 18.00 20.00 43.00 86.00 23.00 43.00 0.09 0.61 0.00 0.00 0.00 5.00 9.00 13.00 9.00 14.00 4.00 0.00 0.00 0.00 0.00 0.00
58.00 18.00 14.00 41.00 86.00 27.00 45.00 0.06 0.45 0.00 1.00 0.00 4.00 11.00 14.00 7.00 12.00 6.00 0.00 0.00 0.00 0.00 0.00
59.00 14.00 14.00 36.00 71.00 22.00 35.00 0.06 0.32 0.00 1.00 0.00 4.00 6.00 10.00 8.00 7.00 7.00 0.00 0.00 0.00 0.00 0.00
60.00 23.00 18.00 58.00 120.00 40.00 62.00 0.10 0.62 0.00 1.00 0.00 5.00 11.00 18.00 12.00 18.00 5.00 0.00 0.00 0.00 0.00 0.00
61.00 15.00 11.00 38.00 75.00 27.00 37.00 0.07 0.38 0.00 1.00 0.00 7.00 11.00 8.00 4.00 11.00 4.00 0.00 0.00 0.00 0.00 0.00
62.00 18.00 19.00 47.00 87.00 28.00 40.00 0.07 0.63 0.00 1.00 0.00 7.00 10.00 11.00 8.00 14.00 4.00 0.00 0.00 0.00 0.00 0.00
63.00 24.00 33.00 70.00 122.00 37.00 52.00 0.08 0.77 0.00 2.00 0.00 2.00 11.00 22.00 13.00 15.00 9.00 0.00 0.00 0.00 0.00 0.00
64.00 20.00 23.00 55.00 99.00 32.00 44.00 0.09 0.58 0.00 2.00 0.00 5.00 10.00 15.00 10.00 12.00 8.00 0.00 0.00 0.00 0.00 0.00
65.00 23.00 29.00 68.00 113.00 39.00 45.00 0.08 0.66 0.00 1.00 0.00 4.00 8.00 19.00 15.00 13.00 10.00 0.00 0.00 0.00 0.00 0.00
66.00 23.00 22.00 59.00 115.00 37.00 56.00 0.08 0.74 0.00 1.00 0.00 9.00 12.00 14.00 11.00 16.00 7.00 0.00 0.00 0.00 0.00 0.00
67.00 18.00 7.00 40.00 91.00 33.00 51.00 0.07 0.54 1.00 1.00 1.00 4.00 8.00 14.00 10.00 11.00 7.00 0.00 0.00 0.00 0.00 0.00
68.00 28.00 25.00 64.00 125.00 39.00 61.00 0.09 1.02 1.00 1.00 1.00 9.00 13.00 19.00 15.00 15.00 13.00 0.00 0.00 0.00 0.00 0.00
69.00 18.00 13.00 46.00 92.00 33.00 46.00 0.09 0.61 0.00 2.00 0.00 2.00 8.00 16.00 10.00 12.00 6.00 0.00 0.00 0.00 0.00 0.00
70.00 22.00 25.00 59.00 108.00 34.00 49.00 0.09 0.88 0.00 1.00 0.00 5.00 10.00 17.00 12.00 16.00 6.00 0.00 0.00 0.00 0.00 0.00
71.00 20.00 18.00 57.00 100.00 39.00 43.00 0.11 0.84 0.00 2.00 0.00 2.00 10.00 18.00 10.00 16.00 4.00 0.00 0.00 0.00 0.00 0.00
72.00 20.00 27.00 61.00 106.00 34.00 45.00 0.08 0.63 0.00 1.00 0.00 2.00 6.00 18.00 14.00 9.00 11.00 0.00 0.00 1.00 0.00 0.00
73.00 26.00 37.00 73.00 132.00 36.00 59.00 0.08 0.78 0.00 2.00 0.00 9.00 13.00 17.00 13.00 19.00 7.00 0.00 0.00 0.00 0.00 0.00
74.00 29.00 33.00 84.00 145.00 51.00 61.00 0.08 0.86 0.00 2.00 0.00 6.00 10.00 23.00 19.00 17.00 12.00 0.00 0.00 0.00 0.00 0.00
75.00 23.00 25.00 61.00 109.00 36.00 48.00 0.08 0.69 0.00 3.00 0.00 8.00 13.00 15.00 10.00 15.00 8.00 0.00 0.00 0.00 1.00 0.00
76.00 26.00 22.00 68.00 136.00 46.00 68.00 0.10 0.82 0.00 1.00 0.00 3.00 13.00 23.00 13.00 16.00 10.00 0.00 0.00 0.00 0.00 0.00
77.00 27.00 23.00 73.00 137.00 50.00 64.00 0.08 0.94 1.00 1.00 1.00 7.00 7.00 20.00 20.00 18.00 9.00 0.00 0.00 0.00 0.00 0.00
78.00 28.00 27.00 75.00 133.00 48.00 58.00 0.07 1.03 0.00 2.00 0.00 6.00 11.00 22.00 17.00 14.00 14.00 0.00 0.00 0.00 0.00 0.00
79.00 31.00 43.00 96.00 161.00 53.00 65.00 0.08 0.90 1.00 3.00 0.33 8.00 13.00 23.00 18.00 14.00 17.00 0.00 0.00 0.00 0.00 0.00
80.00 25.00 28.00 69.00 126.00 41.00 57.00 0.08 0.92 1.00 2.00 0.50 5.00 11.00 20.00 14.00 14.00 11.00 0.00 0.00 0.00 0.00 0.00
81.00 23.00 27.00 65.00 111.00 38.00 46.00 0.10 0.79 1.00 1.00 1.00 6.00 12.00 17.00 11.00 16.00 7.00 0.00 0.00 1.00 0.00 0.00
82.00 27.00 37.00 77.00 139.00 40.00 62.00 0.07 1.00 1.00 2.00 0.50 4.00 10.00 23.00 17.00 14.00 13.00 0.00 0.00 0.00 0.00 0.00
83.00 31.00 41.00 86.00 149.00 45.00 63.00 0.08 1.07 1.00 2.00 0.50 9.00 17.00 22.00 14.00 19.00 12.00 0.00 0.00 0.00 1.00 0.00
84.00 25.00 35.00 75.00 133.00 40.00 58.00 0.09 0.84 1.00 2.00 0.50 4.00 10.00 21.00 15.00 12.00 13.00 0.00 0.00 0.00 0.00 0.00
85.00 25.00 28.00 70.00 123.00 42.00 53.00 0.07 0.89 2.00 1.00 2.00 2.00 8.00 23.00 17.00 12.00 13.00 0.00 0.00 0.00 0.00 0.00
86.00 23.00 28.00 64.00 119.00 36.00 55.00 0.09 0.84 1.00 2.00 0.50 4.00 9.00 19.00 14.00 15.00 8.00 0.00 0.00 0.00 0.00 0.00
87.00 24.00 32.00 63.00 117.00 31.00 54.00 0.08 0.80 1.00 2.00 0.50 7.00 10.00 17.00 14.00 14.00 10.00 0.00 0.00 0.00 0.00 0.00
88.00 21.00 21.00 59.00 109.00 38.00 50.00 0.07 0.72 1.00 2.00 0.50 7.00 8.00 14.00 13.00 12.00 9.00 0.00 0.00 1.00 0.00 0.00
89.00 19.00 18.00 50.00 95.00 32.00 45.00 0.09 0.63 1.00 1.00 1.00 4.00 8.00 15.00 11.00 14.00 5.00 0.00 0.00 0.00 1.00 0.00
90.00 23.00 29.00 63.00 118.00 34.00 55.00 0.09 0.78 1.00 1.00 1.00 3.00 11.00 20.00 12.00 13.00 10.00 0.00 0.00 0.00 0.00 0.00
91.00 12.00 0.00 12.00 52.00 12.00 40.00 0.09 0.74 0.00 0.00 0.00 5.00 8.00 7.00 4.00 10.00 2.00 0.00 0.00 0.00 0.00 0.00
92.00 26.00 40.00 79.00 134.00 39.00 55.00 0.09 0.88 1.00 3.00 0.33 4.00 11.00 22.00 15.00 16.00 10.00 0.00 0.00 0.00 0.00 0.00
93.00 31.00 39.00 83.00 154.00 44.00 71.00 0.08 1.14 1.00 3.00 0.33 6.00 15.00 25.00 16.00 21.00 10.00 0.00 0.00 0.00 0.00 0.00
94.00 26.00 35.00 73.00 136.00 38.00 63.00 0.07 0.88 1.00 2.00 0.50 11.00 17.00 15.00 9.00 20.00 6.00 0.00 0.00 0.00 0.00 0.00
95.00 27.00 34.00 71.00 137.00 37.00 66.00 0.10 0.85 1.00 1.00 1.00 5.00 14.00 22.00 13.00 22.00 5.00 0.00 0.00 0.00 0.00 0.00
96.00 22.00 25.00 64.00 117.00 39.00 53.00 0.09 0.70 1.00 1.00 1.00 5.00 11.00 17.00 11.00 14.00 8.00 0.00 0.00 0.00 0.00 0.00
97.00 28.00 29.00 75.00 141.00 46.00 66.00 0.08 0.93 1.00 1.00 1.00 7.00 12.00 21.00 16.00 20.00 8.00 0.00 0.00 0.00 1.00 1.00
98.00 24.00 28.00 62.00 108.00 34.00 46.00 0.08 1.04 1.00 1.00 1.00 5.00 12.00 19.00 12.00 16.00 8.00 0.00 0.00 0.00 0.00 0.00
99.00 21.00 12.00 50.00 98.00 38.00 48.00 0.08 0.70 1.00 1.00 1.00 9.00 14.00 12.00 7.00 16.00 5.00 0.00 0.00 0.00 0.00 0.00
100.00 10.00 1.00 16.00 47.00 15.00 31.00 0.09 0.57 1.00 0.00 0.00 3.00 5.00 7.00 5.00 9.00 1.00 0.00 0.00 0.00 0.00 0.00
101.00 19.00 16.00 46.00 97.00 30.00 51.00 0.08 0.69 1.00 2.00 0.50 7.00 11.00 12.00 8.00 15.00 4.00 0.00 0.00 0.00 0.00 0.00
102.00 26.00 29.00 62.00 119.00 33.00 57.00 0.09 0.89 1.00 1.00 1.00 6.00 15.00 20.00 11.00 22.00 4.00 0.00 0.00 1.00 0.00 0.00
103.00 25.00 34.00 77.00 125.00 43.00 48.00 0.09 0.77 0.00 1.00 0.00 4.00 11.00 21.00 14.00 17.00 8.00 0.00 0.00 0.00 0.00 0.00
104.00 10.00 4.00 16.00 44.00 12.00 28.00 0.10 0.38 0.00 1.00 0.00 3.00 8.00 7.00 2.00 9.00 1.00 0.00 0.00 0.00 0.00 0.00
105.00 22.00 17.00 55.00 108.00 38.00 53.00 0.11 0.87 1.00 1.00 1.00 6.00 10.00 16.00 12.00 16.00 6.00 0.00 0.00 1.00 0.00 0.00
106.00 22.00 20.00 61.00 108.00 41.00 47.00 0.09 0.84 1.00 0.00 0.00 4.00 8.00 18.00 14.00 13.00 9.00 0.00 0.00 1.00 0.00 0.00
107.00 20.00 19.00 59.00 103.00 40.00 44.00 0.08 0.64 1.00 1.00 1.00 5.00 11.00 15.00 9.00 15.00 5.00 0.00 0.00 1.00 0.00 0.00
108.00 12.00 10.00 26.00 57.00 16.00 31.00 0.08 0.45 1.00 0.00 0.00 3.00 6.00 9.00 6.00 9.00 3.00 0.00 0.00 0.00 0.00 0.00
109.00 22.00 20.00 56.00 111.00 36.00 55.00 0.09 0.78 1.00 1.00 1.00 6.00 11.00 16.00 11.00 16.00 6.00 0.00 0.00 0.00 0.00 0.00
110.00 15.00 14.00 36.00 75.00 22.00 39.00 0.11 0.70 0.00 0.00 0.00 3.00 8.00 12.00 7.00 11.00 4.00 0.00 0.00 0.00 0.00 0.00
111.00 17.00 14.00 42.00 84.00 28.00 42.00 0.09 0.73 1.00 1.00 1.00 9.00 11.00 8.00 6.00 14.00 3.00 0.00 0.00 0.00 0.00 0.00
112.00 10.00 5.00 19.00 48.00 14.00 29.00 0.08 0.57 0.00 1.00 0.00 3.00 7.00 7.00 3.00 9.00 1.00 0.00 0.00 0.00 0.00 0.00
113.00 18.00 14.00 40.00 80.00 26.00 40.00 0.08 0.87 0.00 1.00 0.00 2.00 11.00 16.00 7.00 14.00 4.00 0.00 0.00 0.00 0.00 0.00
114.00 17.00 10.00 40.00 86.00 30.00 46.00 0.07 0.59 0.00 1.00 0.00 5.00 10.00 12.00 7.00 15.00 2.00 0.00 0.00 0.00 0.00 0.00
115.00 20.00 17.00 51.00 103.00 34.00 52.00 0.09 0.78 0.00 1.00 0.00 5.00 10.00 15.00 10.00 14.00 6.00 0.00 0.00 0.00 0.00 0.00
116.00 19.00 20.00 47.00 94.00 27.00 47.00 0.08 0.71 0.00 2.00 0.00 4.00 8.00 15.00 11.00 13.00 6.00 0.00 0.00 0.00 0.00 1.00
117.00 12.00 13.00 31.00 56.00 18.00 25.00 0.08 0.48 0.00 1.00 0.00 1.00 5.00 11.00 7.00 8.00 4.00 0.00 0.00 0.00 0.00 0.00
118.00 15.00 9.00 37.00 75.00 28.00 38.00 0.07 0.51 0.00 1.00 0.00 3.00 6.00 12.00 9.00 9.00 6.00 0.00 0.00 0.00 0.00 0.00
119.00 18.00 12.00 42.00 83.00 30.00 41.00 0.09 0.64 0.00 1.00 0.00 9.00 12.00 9.00 6.00 14.00 4.00 0.00 0.00 1.00 0.00 0.00
120.00 15.00 11.00 37.00 70.00 26.00 33.00 0.10 0.62 0.00 1.00 0.00 4.00 6.00 11.00 9.00 9.00 6.00 0.00 0.00 0.00 0.00 0.00
121.00 14.00 12.00 30.00 64.00 18.00 34.00 0.08 0.53 0.00 1.00 0.00 2.00 5.00 12.00 9.00 9.00 5.00 0.00 0.00 0.00 0.00 0.00
122.00 14.00 16.00 38.00 68.00 22.00 30.00 0.08 0.47 0.00 0.00 0.00 4.00 8.00 10.00 6.00 12.00 2.00 0.00 0.00 0.00 0.00 0.00
123.00 16.00 13.00 38.00 77.00 25.00 39.00 0.07 0.59 0.00 1.00 0.00 6.00 8.00 10.00 8.00 11.00 5.00 0.00 0.00 0.00 0.00 0.00
124.00 13.00 10.00 25.00 55.00 15.00 30.00 0.09 0.49 0.00 1.00 0.00 5.00 9.00 8.00 4.00 10.00 3.00 0.00 0.00 0.00 0.00 0.00
125.00 14.00 12.00 30.00 64.00 18.00 34.00 0.09 0.47 0.00 0.00 0.00 5.00 8.00 9.00 6.00 12.00 2.00 0.00 0.00 0.00 0.00 0.00
126.00 10.00 7.00 21.00 49.00 14.00 28.00 0.08 0.38 0.00 1.00 0.00 3.00 7.00 7.00 3.00 9.00 1.00 0.00 0.00 0.00 0.00 0.00
127.00 14.00 9.00 33.00 70.00 24.00 37.00 0.07 0.46 0.00 1.00 0.00 6.00 7.00 8.00 7.00 8.00 6.00 0.00 0.00 0.00 0.00 0.00
128.00 15.00 4.00 35.00 79.00 31.00 44.00 0.07 0.57 0.00 1.00 0.00 3.00 6.00 12.00 9.00 13.00 2.00 0.00 0.00 0.00 0.00 0.00
129.00 16.00 13.00 38.00 76.00 25.00 38.00 0.09 0.62 0.00 1.00 0.00 6.00 10.00 10.00 6.00 12.00 4.00 0.00 0.00 0.00 0.00 0.00
130.00 8.00 2.00 13.00 32.00 11.00 19.00 0.09 0.38 0.00 1.00 0.00 5.00 7.00 3.00 1.00 7.00 1.00 0.00 0.00 0.00 0.00 0.00
131.00 7.00 0.00 10.00 33.00 10.00 23.00 0.08 0.40 0.00 0.00 0.00 2.00 4.00 5.00 3.00 4.00 3.00 0.00 0.00 0.00 1.00 0.00
132.00 7.00 0.00 7.00 31.00 7.00 24.00 0.10 0.31 0.00 1.00 0.00 2.00 3.00 5.00 4.00 6.00 1.00 0.00 0.00 0.00 0.00 0.00
133.00 14.00 5.00 31.00 71.00 26.00 40.00 0.09 0.49 0.00 0.00 0.00 4.00 10.00 10.00 4.00 12.00 2.00 0.00 0.00 0.00 0.00 0.00
134.00 14.00 5.00 32.00 67.00 27.00 35.00 0.08 0.54 0.00 2.00 0.00 5.00 8.00 9.00 6.00 11.00 3.00 0.00 0.00 0.00 0.00 0.00
135.00 4.00 0.00 4.00 17.00 4.00 13.00 0.08 0.32 0.00 1.00 0.00 1.00 3.00 3.00 1.00 4.00 0.00 0.00 0.00 0.00 0.00 0.00
136.00 13.00 2.00 25.00 61.00 23.00 36.00 0.10 0.50 0.00 1.00 0.00 2.00 6.00 11.00 7.00 12.00 1.00 0.00 0.00 0.00 0.00 0.00
137.00 9.00 1.00 16.00 43.00 15.00 27.00 0.08 0.40 0.00 1.00 0.00 3.00 6.00 6.00 3.00 8.00 1.00 0.00 0.00 0.00 0.00 0.00
138.00 5.00 1.00 7.00 22.00 6.00 15.00 0.08 0.19 0.00 0.00 0.00 3.00 4.00 2.00 1.00 5.00 0.00 0.00 0.00 0.00 0.00 0.00
139.00 4.00 0.00 0.00 15.00 0.00 15.00 0.07 0.29 0.00 1.00 0.00 3.00 3.00 1.00 1.00 4.00 0.00 0.00 0.00 0.00 0.00 0.00
140.00 13.00 6.00 26.00 57.00 20.00 31.00 0.09 0.59 0.00 1.00 0.00 5.00 8.00 8.00 5.00 10.00 3.00 0.00 0.00 0.00 0.00 0.00
141.00 10.00 3.00 19.00 44.00 16.00 25.00 0.08 0.60 0.00 1.00 0.00 4.00 7.00 6.00 3.00 9.00 1.00 0.00 0.00 0.00 0.00 0.00
142.00 7.00 2.00 8.00 31.00 6.00 23.00 0.07 0.56 0.00 0.00 0.00 3.00 5.00 4.00 2.00 6.00 1.00 0.00 0.00 0.00 0.00 0.00
143.00 7.00 5.00 13.00 33.00 8.00 20.00 0.09 0.33 0.00 0.00 0.00 1.00 1.00 6.00 6.00 3.00 4.00 0.00 0.00 0.00 0.00 0.00
144.00 7.00 1.00 9.00 30.00 8.00 21.00 0.09 0.38 0.00 0.00 0.00 3.00 6.00 4.00 1.00 7.00 0.00 0.00 0.00 0.00 0.00 0.00
145.00 6.00 2.00 10.00 28.00 8.00 18.00 0.09 0.20 0.00 0.00 0.00 4.00 5.00 2.00 1.00 5.00 1.00 0.00 0.00 0.00 0.00 0.00
146.00 11.00 4.00 19.00 49.00 15.00 30.00 0.09 0.86 0.00 0.00 0.00 3.00 6.00 8.00 5.00 8.00 3.00 0.00 0.00 0.00 0.00 0.00
147.00 6.00 1.00 7.00 24.00 6.00 17.00 0.07 0.42 0.00 1.00 0.00 3.00 5.00 3.00 1.00 6.00 0.00 0.00 0.00 0.00 0.00 0.00
148.00 8.00 2.00 10.00 34.00 8.00 24.00 0.10 0.35 0.00 0.00 0.00 3.00 6.00 5.00 2.00 7.00 1.00 0.00 0.00 0.00 0.00 0.00
149.00 7.00 1.00 7.00 30.00 6.00 23.00 0.08 0.45 0.00 0.00 0.00 3.00 5.00 4.00 2.00 6.00 1.00 0.00 0.00 0.00 0.00 0.00
150.00 6.00 0.00 5.00 26.00 5.00 21.00 0.08 0.48 0.00 0.00 0.00 4.00 5.00 2.00 1.00 5.00 1.00 0.00 0.00 0.00 0.00 0.00
151.00 7.00 0.00 5.00 24.00 5.00 19.00 0.10 0.60 0.00 0.00 0.00 4.00 5.00 3.00 2.00 7.00 0.00 0.00 0.00 0.00 0.00 0.00
152.00 5.00 0.00 2.00 18.00 2.00 16.00 0.08 0.62 0.00 0.00 0.00 3.00 4.00 2.00 1.00 5.00 0.00 0.00 0.00 0.00 0.00 0.00
153.00 4.00 0.00 3.00 14.00 3.00 11.00 0.07 0.25 0.00 0.00 0.00 2.00 4.00 2.00 0.00 4.00 0.00 0.00 0.00 0.00 0.00 0.00
154.00 4.00 0.00 2.00 12.00 2.00 10.00 0.10 0.33 0.00 0.00 0.00 2.00 4.00 2.00 0.00 4.00 0.00 0.00 0.00 0.00 0.00 0.00
155.00 6.00 0.00 0.00 19.00 0.00 19.00 0.07 0.64 0.00 0.00 0.00 3.00 5.00 3.00 1.00 6.00 0.00 0.00 0.00 0.00 0.00 0.00
