0.00 2.00 0.00 0.00 0.00 0.00 0.00 0.08 0.24 0.00 0.00 0.00 2.00 2.00 0.00 0.00 2.00 0.00 0.00 0.00 0.00 0.00 0.00
1.00 5.00 1.00 6.00 17.00 5.00 11.00 0.08 3.01 0.00 0.00 0.00 3.00 4.00 2.00 1.00 5.00 0.00 0.00 0.00 0.00 0.00 0.00
2.00 8.00 4.00 15.00 33.00 11.00 18.00 0.09 4.41 0.00 1.00 0.00 2.00 6.00 6.00 2.00 7.00 1.00 0.00 0.00 0.00 0.00 0.00
3.00 4.00 0.00 0.00 15.00 0.00 15.00 0.10 3.53 0.00 0.00 0.00 3.00 3.00 1.00 1.00 4.00 0.00 0.00 0.00 0.00 0.00 0.00
4.00 8.00 1.00 6.00 33.00 5.00 27.00 0.08 3.69 0.00 0.00 0.00 3.00 4.00 5.00 4.00 7.00 1.00 0.00 0.00 0.00 0.00 0.00
5.00 9.00 5.00 19.00 40.00 14.00 21.00 0.10 0.36 0.00 0.00 0.00 5.00 5.00 4.00 4.00 6.00 3.00 0.00 0.00 0.00 0.00 0.00
6.00 7.00 1.00 11.00 30.00 10.00 19.00 0.10 0.27 0.00 0.00 0.00 2.00 3.00 5.00 4.00 6.00 1.00 0.00 0.00 0.00 0.00 0.00
7.00 14.00 7.00 26.00 62.00 19.00 36.00 0.08 1.64 0.00 0.00 0.00 9.00 9.00 5.00 5.00 11.00 3.00 0.00 0.00 1.00 0.00 0.00
8.00 11.00 8.00 26.00 53.00 18.00 27.00 0.09 1.83 0.00 0.00 0.00 2.00 5.00 9.00 6.00 7.00 4.00 0.00 0.00 2.00 0.00 0.00
9.00 14.00 15.00 33.00 70.00 18.00 37.00 0.08 3.50 0.00 1.00 0.00 3.00 8.00 11.00 6.00 9.00 5.00 0.00 0.00 0.00 0.00 0.00
10.00 18.00 12.00 43.00 89.00 31.00 46.00 0.08 4.58 0.00 1.00 0.00 3.00 4.00 15.00 14.00 12.00 6.00 0.00 0.00 1.00 0.00 0.00
11.00 11.00 7.00 23.00 53.00 16.00 30.00 0.08 4.07 0.00 1.00 0.00 3.00 4.00 8.00 7.00 7.00 4.00 0.00 0.00 0.00 0.00 0.00
12.00 14.00 7.00 24.00 69.00 17.00 45.00 0.08 4.04 0.00 1.00 0.00 6.00 7.00 8.00 7.00 13.00 1.00 0.00 0.00 1.00 0.00 0.00
13.00 15.00 8.00 32.00 71.00 24.00 39.00 0.08 4.70 0.00 0.00 0.00 5.00 7.00 10.00 8.00 9.00 6.00 0.00 0.00 0.00 0.00 0.00
14.00 19.00 20.00 51.00 101.00 31.00 50.00 0.08 3.37 1.00 1.00 1.00 6.00 10.00 13.00 9.00 15.00 4.00 0.00 0.00 1.00 0.00 0.00
15.00 18.00 14.00 43.00 87.00 29.00 44.00 0.08 2.11 1.00 1.00 1.00 7.00 12.00 11.00 6.00 12.00 6.00 0.00 0.00 0.00 0.00 0.00
16.00 19.00 20.00 49.00 96.00 29.00 47.00 0.09 3.10 1.00 1.00 1.00 5.00 8.00 14.00 11.00 15.00 4.00 0.00 0.00 0.00 0.00 0.00
17.00 20.00 20.00 52.00 103.00 32.00 51.00 0.08 3.44 1.00 1.00 1.00 8.00 12.00 12.00 8.00 15.00 5.00 0.00 0.00 0.00 0.00 0.00
18.00 18.00 18.00 50.00 90.00 32.00 40.00 0.09 2.86 1.00 1.00 1.00 3.00 13.00 15.00 5.00 16.00 2.00 0.00 0.00 0.00 0.00 0.00
19.00 16.00 16.00 41.00 76.00 25.00 35.00 0.08 1.35 1.00 0.00 0.00 3.00 11.00 13.00 5.00 13.00 3.00 0.00 0.00 0.00 0.00 0.00
20.00 18.00 14.00 50.00 90.00 36.00 40.00 0.10 3.39 1.00 1.00 1.00 8.00 12.00 10.00 6.00 15.00 3.00 0.00 0.00 0.00 0.00 0.00
21.00 10.00 4.00 17.00 45.00 13.00 28.00 0.09 4.98 1.00 0.00 0.00 5.00 8.00 5.00 2.00 9.00 1.00 0.00 0.00 0.00 0.00 0.00
22.00 20.00 15.00 53.00 102.00 38.00 49.00 0.09 3.65 1.00 1.00 1.00 6.00 10.00 14.00 10.00 14.00 6.00 0.00 0.00 0.00 0.00 0.00
23.00 21.00 22.00 61.00 109.00 39.00 48.00 0.08 3.86 1.00 1.00 1.00 2.00 8.00 19.00 13.00 13.00 8.00 0.00 0.00 0.00 0.00 0.00
24.00 20.00 18.00 55.00 101.00 37.00 46.00 0.09 3.57 1.00 1.00 1.00 6.00 13.00 14.00 7.00 13.00 7.00 0.00 0.00 0.00 1.00 0.00
25.00 19.00 17.00 51.00 99.00 34.00 48.00 0.10 4.22 0.00 1.00 0.00 6.00 10.00 13.00 9.00 11.00 8.00 0.00 0.00 0.00 0.00 0.00
26.00 19.00 23.00 52.00 91.00 29.00 39.00 0.10 3.76 1.00 1.00 1.00 9.00 15.00 10.00 4.00 17.00 2.00 0.00 0.00 0.00 0.00 0.00
27.00 19.00 23.00 55.00 94.00 32.00 39.00 0.09 4.73 1.00 1.00 1.00 6.00 12.00 13.00 7.00 16.00 3.00 0.00 0.00 0.00 0.00 0.00
28.00 17.00 15.00 42.00 86.00 27.00 44.00 0.07 3.96 1.00 1.00 1.00 4.00 7.00 13.00 10.00 12.00 5.00 0.00 0.00 0.00 0.00 0.00
29.00 19.00 22.00 55.00 93.00 33.00 38.00 0.08 2.78 1.00 1.00 1.00 4.00 7.00 15.00 12.00 12.00 7.00 0.00 0.00 0.00 0.00 0.00
30.00 24.00 28.00 66.00 125.00 38.00 59.00 0.09 3.39 0.00 0.00 0.00 6.00 12.00 18.00 12.00 18.00 6.00 0.00 0.00 1.00 0.00 0.00
31.00 23.00 25.00 59.00 114.00 34.00 55.00 0.07 3.28 1.00 1.00 1.00 6.00 13.00 17.00 10.00 14.00 9.00 0.00 0.00 0.00 0.00 0.00
32.00 18.00 17.00 41.00 88.00 24.00 47.00 0.08 1.31 1.00 1.00 1.00 5.00 9.00 13.00 9.00 12.00 6.00 0.00 0.00 0.00 0.00 0.00
33.00 17.00 14.00 36.00 84.00 22.00 48.00 0.08 4.05 1.00 2.00 0.50 6.00 9.00 11.00 8.00 12.00 5.00 0.00 0.00 0.00 0.00 0.00
34.00 22.00 33.00 63.00 106.00 30.00 43.00 0.09 3.97 1.00 1.00 1.00 7.00 14.00 15.00 8.00 16.00 6.00 0.00 0.00 0.00 0.00 0.00
35.00 20.00 18.00 45.00 92.00 27.00 47.00 0.07 4.23 1.00 0.00 0.00 7.00 11.00 13.00 9.00 16.00 4.00 0.00 0.00 0.00 0.00 0.00
36.00 9.00 4.00 16.00 43.00 12.00 27.00 0.09 4.33 1.00 0.00 0.00 2.00 4.00 7.00 5.00 7.00 2.00 0.00 0.00 0.00 0.00 0.00
37.00 22.00 28.00 64.00 110.00 36.00 46.00 0.08 1.90 1.00 0.00 0.00 6.00 12.00 16.00 10.00 16.00 6.00 0.00 0.00 0.00 0.00 0.00
38.00 17.00 12.00 39.00 90.00 27.00 51.00 0.07 0.39 1.00 0.00 0.00 5.00 9.00 12.00 8.00 13.00 4.00 0.00 0.00 1.00 0.00 0.00
39.00 23.00 28.00 57.00 115.00 29.00 58.00 0.10 3.33 1.00 1.00 1.00 7.00 14.00 16.00 9.00 18.00 5.00 0.00 0.00 1.00 0.00 0.00
40.00 18.00 19.00 44.00 86.00 25.00 42.00 0.10 3.02 1.00 2.00 0.50 5.00 9.00 13.00 9.00 13.00 5.00 0.00 0.00 1.00 0.00 0.00
41.00 23.00 21.00 59.00 120.00 38.00 61.00 0.11 2.49 1.00 0.00 0.00 6.00 13.00 17.00 10.00 17.00 6.00 0.00 0.00 1.00 0.00 0.00
42.00 20.00 21.00 56.00 98.00 35.00 42.00 0.09 2.80 1.00 0.00 0.00 9.00 11.00 11.00 9.00 14.00 6.00 0.00 0.00 0.00 0.00 0.00
43.00 18.00 17.00 48.00 95.00 31.00 47.00 0.09 3.49 1.00 0.00 0.00 4.00 7.00 14.00 11.00 12.00 6.00 0.00 0.00 0.00 0.00 0.00
44.00 26.00 32.00 70.00 127.00 38.00 57.00 0.07 3.40 1.00 1.00 1.00 9.00 17.00 17.00 9.00 19.00 7.00 0.00 0.00 1.00 0.00 0.00
45.00 25.00 23.00 62.00 128.00 39.00 66.00 0.09 1.92 1.00 1.00 1.00 6.00 14.00 19.00 11.00 19.00 6.00 0.00 0.00 1.00 0.00 0.00
46.00 26.00 34.00 78.00 138.00 44.00 60.00 0.09 2.24 1.00 1.00 1.00 5.00 9.00 21.00 17.00 16.00 10.00 0.00 0.00 1.00 0.00 0.00
47.00 25.00 34.00 70.00 126.00 36.00 56.00 0.09 2.33 1.00 1.00 1.00 6.00 12.00 19.00 13.00 15.00 10.00 0.00 0.00 1.00 0.00 0.00
48.00 15.00 10.00 28.00 67.00 18.00 39.00 0.10 0.58 2.00 0.00 0.00 6.00 10.00 9.00 5.00 13.00 2.00 0.00 0.00 0.00 0.00 0.00
49.00 26.00 37.00 75.00 128.00 38.00 53.00 0.09 2.31 1.00 0.00 0.00 8.00 14.00 18.00 12.00 16.00 10.00 0.00 0.00 1.00 0.00 0.00
50.00 28.00 32.00 80.00 138.00 48.00 58.00 0.08 1.95 1.00 0.00 0.00 7.00 14.00 21.00 14.00 19.00 9.00 0.00 0.00 0.00 1.00 0.00
51.00 21.00 26.00 56.00 105.00 30.00 49.00 0.07 0.69 1.00 0.00 0.00 6.00 10.00 15.00 11.00 18.00 3.00 0.00 0.00 0.00 0.00 0.00
52.00 20.00 16.00 46.00 97.00 30.00 51.00 0.08 0.63 0.00 1.00 0.00 4.00 10.00 16.00 10.00 14.00 6.00 0.00 0.00 0.00 0.00 0.00
53.00 20.00 20.00 54.00 97.00 34.00 43.00 0.07 2.50 1.00 1.00 1.00 5.00 8.00 15.00 12.00 13.00 7.00 0.00 0.00 1.00 0.00 0.00
54.00 24.00 22.00 60.00 118.00 38.00 58.00 0.09 1.42 1.00 1.00 1.00 7.00 11.00 17.00 13.00 17.00 7.00 0.00 0.00 1.00 0.00 0.00
55.00 20.00 18.00 49.00 102.00 31.00 53.00 0.08 1.38 1.00 2.00 0.50 9.00 13.00 11.00 7.00 17.00 3.00 0.00 0.00 0.00 0.00 0.00
56.00 26.00 36.00 68.00 129.00 32.00 61.00 0.09 1.25 0.00 1.00 0.00 5.00 11.00 21.00 15.00 18.00 8.00 0.00 0.00 0.00 0.00 0.00
57.00 21.00 23.00 58.00 106.00 35.00 48.00 0.08 1.47 1.00 1.00 1.00 6.00 11.00 15.00 10.00 18.00 3.00 0.00 0.00 0.00 0.00 0.00
58.00 18.00 16.00 52.00 90.00 36.00 38.00 0.08 1.49 1.00 1.00 1.00 7.00 9.00 11.00 9.00 12.00 6.00 0.00 0.00 0.00 0.00 0.00
59.00 20.00 20.00 57.00 106.00 37.00 49.00 0.08 0.63 0.00 1.00 0.00 8.00 10.00 12.00 10.00 13.00 7.00 0.00 0.00 0.00 0.00 0.00
60.00 27.00 37.00 75.00 138.00 38.00 63.00 0.08 1.40 1.00 3.00 0.33 6.00 13.00 21.00 14.00 17.00 10.00 0.00 0.00 0.00 0.00 0.00
61.00 21.00 17.00 52.00 108.00 35.00 56.00 0.09 1.46 1.00 0.00 0.00 6.00 10.00 15.00 11.00 14.00 7.00 0.00 0.00 0.00 0.00 0.00
62.00 27.00 29.00 70.00 128.00 41.00 58.00 0.09 1.36 1.00 1.00 1.00 11.00 14.00 16.00 13.00 19.00 8.00 0.00 0.00 0.00 0.00 0.00
63.00 30.00 34.00 79.00 137.00 45.00 58.00 0.07 1.76 1.00 3.00 0.33 10.00 16.00 20.00 14.00 22.00 8.00 0.00 0.00 0.00 0.00 0.00
64.00 29.00 41.00 79.00 146.00 38.00 67.00 0.08 1.93 1.00 1.00 1.00 8.00 18.00 21.00 11.00 21.00 8.00 0.00 0.00 0.00 0.00 0.00
65.00 26.00 37.00 74.00 128.00 37.00 54.00 0.09 0.84 0.00 3.00 0.00 5.00 13.00 21.00 13.00 19.00 7.00 0.00 0.00 0.00 0.00 0.00
66.00 23.00 17.00 54.00 114.00 37.00 60.00 0.09 1.95 0.00 1.00 0.00 6.00 13.00 17.00 10.00 20.00 3.00 0.00 0.00 0.00 0.00 0.00
67.00 22.00 17.00 55.00 110.00 38.00 55.00 0.09 1.45 0.00 3.00 0.00 9.00 13.00 13.00 9.00 18.00 4.00 0.00 0.00 1.00 0.00 0.00
68.00 21.00 13.00 39.00 93.00 26.00 54.00 0.08 2.88 0.00 3.00 0.00 7.00 13.00 14.00 8.00 15.00 6.00 0.00 0.00 0.00 0.00 0.00
69.00 24.00 23.00 65.00 119.00 42.00 54.00 0.08 1.45 1.00 2.00 0.50 8.00 16.00 16.00 8.00 18.00 6.00 0.00 0.00 0.00 0.00 0.00
70.00 26.00 33.00 77.00 135.00 44.00 58.00 0.10 1.77 0.00 3.00 0.00 8.00 16.00 18.00 10.00 19.00 7.00 0.00 0.00 0.00 0.00 0.00
71.00 22.00 20.00 55.00 107.00 35.00 52.00 0.09 1.42 0.00 3.00 0.00 3.00 7.00 19.00 15.00 14.00 8.00 0.00 0.00 1.00 0.00 0.00
72.00 30.00 38.00 95.00 150.00 57.00 55.00 0.09 1.75 1.00 3.00 0.33 3.00 13.00 27.00 17.00 18.00 12.00 0.00 0.00 0.00 0.00 0.00
73.00 31.00 40.00 93.00 152.00 53.00 59.00 0.08 2.64 1.00 3.00 0.33 4.00 12.00 27.00 19.00 17.00 14.00 0.00 0.00 1.00 0.00 0.00
74.00 27.00 28.00 74.00 143.00 46.00 69.00 0.07 2.32 1.00 2.00 0.50 9.00 13.00 18.00 14.00 20.00 7.00 0.00 0.00 1.00 0.00 0.00
75.00 31.00 45.00 93.00 157.00 48.00 64.00 0.07 2.68 1.00 0.00 0.00 11.00 17.00 20.00 14.00 22.00 9.00 0.00 0.00 1.00 0.00 0.00
76.00 28.00 30.00 84.00 141.00 54.00 57.00 0.08 1.36 2.00 0.00 0.00 11.00 15.00 17.00 13.00 20.00 8.00 0.00 0.00 1.00 0.00 0.00
77.00 34.00 45.00 98.00 167.00 53.00 69.00 0.09 1.80 1.00 2.00 0.50 8.00 21.00 26.00 13.00 25.00 9.00 0.00 0.00 0.00 0.00 1.00
78.00 26.00 31.00 72.00 132.00 41.00 60.00 0.05 1.30 2.00 2.00 1.00 6.00 10.00 20.00 16.00 14.00 12.00 0.00 0.00 1.00 0.00 0.00
79.00 28.00 33.00 75.00 139.00 42.00 64.00 0.09 1.87 1.00 2.00 0.50 9.00 13.00 19.00 15.00 16.00 12.00 0.00 0.00 1.00 0.00 0.00
80.00 29.00 37.00 90.00 149.00 53.00 59.00 0.10 1.31 1.00 1.00 1.00 10.00 14.00 19.00 15.00 16.00 13.00 0.00 0.00 0.00 0.00 0.00
81.00 29.00 34.00 84.00 148.00 50.00 64.00 0.10 1.90 2.00 2.00 1.00 10.00 16.00 19.00 13.00 22.00 7.00 0.00 0.00 1.00 0.00 1.00
82.00 27.00 26.00 76.00 141.00 50.00 65.00 0.08 1.43 2.00 3.00 0.67 8.00 15.00 19.00 12.00 21.00 6.00 0.00 0.00 0.00 0.00 0.00
83.00 23.00 32.00 64.00 118.00 32.00 54.00 0.06 1.25 2.00 1.00 2.00 6.00 11.00 17.00 12.00 18.00 5.00 0.00 0.00 0.00 0.00 0.00
84.00 27.00 42.00 79.00 139.00 37.00 60.00 0.09 0.75 2.00 1.00 2.00 5.00 9.00 22.00 18.00 15.00 12.00 0.00 0.00 0.00 0.00 0.00
85.00 31.00 42.00 91.00 154.00 49.00 63.00 0.08 1.34 2.00 1.00 2.00 7.00 11.00 24.00 20.00 17.00 14.00 0.00 0.00 0.00 0.00 0.00
86.00 29.00 33.00 83.00 159.00 50.00 76.00 0.09 1.42 2.00 1.00 2.00 8.00 13.00 21.00 16.00 19.00 10.00 0.00 0.00 0.00 0.00 0.00
87.00 25.00 24.00 62.00 129.00 38.00 67.00 0.08 1.00 2.00 1.00 2.00 9.00 15.00 16.00 10.00 20.00 5.00 0.00 0.00 0.00 0.00 0.00
88.00 31.00 40.00 96.00 154.00 56.00 58.00 0.09 1.40 2.00 2.00 1.00 10.00 16.00 21.00 15.00 22.00 9.00 0.00 0.00 1.00 0.00 0.00
89.00 32.00 40.00 91.00 163.00 51.00 72.00 0.08 1.47 2.00 1.00 2.00 7.00 14.00 25.00 18.00 19.00 13.00 0.00 0.00 0.00 0.00 0.00
90.00 28.00 39.00 86.00 143.00 47.00 57.00 0.08 1.32 2.00 4.00 0.50 4.00 12.00 24.00 16.00 19.00 9.00 0.00 0.00 0.00 0.00 0.00
91.00 26.00 25.00 62.00 134.00 37.00 72.00 0.08 1.97 2.00 4.00 0.50 8.00 14.00 18.00 12.00 20.00 6.00 0.00 0.00 0.00 0.00 0.00
92.00 26.00 32.00 75.00 141.00 43.00 66.00 0.09 1.63 1.00 2.00 0.50 5.00 10.00 21.00 16.00 18.00 8.00 0.00 0.00 0.00 0.00 0.00
93.00 27.00 34.00 69.00 131.00 35.00 62.00 0.10 1.43 2.00 2.00 1.00 5.00 11.00 22.00 16.00 16.00 11.00 0.00 0.00 0.00 0.00 0.00
94.00 24.00 29.00 67.00 121.00 38.00 54.00 0.09 1.35 2.00 2.00 1.00 6.00 13.00 18.00 11.00 19.00 5.00 0.00 0.00 0.00 0.00 0.00
95.00 28.00 31.00 79.00 143.00 48.00 64.00 0.07 0.86 1.00 2.00 0.50 4.00 10.00 24.00 18.00 15.00 13.00 0.00 0.00 0.00 0.00 0.00
96.00 26.00 31.00 77.00 140.00 46.00 63.00 0.08 0.78 2.00 1.00 2.00 5.00 11.00 21.00 15.00 16.00 10.00 0.00 0.00 0.00 0.00 0.00
97.00 26.00 21.00 63.00 130.00 42.00 67.00 0.08 0.94 2.00 0.00 0.00 4.00 12.00 22.00 14.00 19.00 7.00 0.00 0.00 0.00 0.00 0.00
98.00 28.00 30.00 87.00 144.00 57.00 57.00 0.09 1.01 1.00 2.00 0.50 6.00 11.00 22.00 17.00 17.00 11.00 0.00 0.00 0.00 0.00 0.00
99.00 30.00 38.00 78.00 145.00 40.00 67.00 0.08 1.01 1.00 2.00 0.50 6.00 16.00 24.00 14.00 19.00 11.00 0.00 0.00 0.00 0.00 0.00
100.00 25.00 25.00 66.00 129.00 41.00 63.00 0.08 0.83 1.00 2.00 0.50 4.00 11.00 21.00 14.00 18.00 7.00 0.00 0.00 0.00 0.00 0.00
101.00 25.00 29.00 65.00 123.00 36.00 58.00 0.08 1.38 2.00 1.00 2.00 7.00 9.00 18.00 16.00 14.00 11.00 0.00 0.00 0.00 0.00 0.00
102.00 27.00 35.00 81.00 135.00 46.00 54.00 0.08 0.76 2.00 1.00 2.00 8.00 16.00 19.00 11.00 18.00 9.00 0.00 0.00 0.00 1.00 0.00
103.00 26.00 33.00 75.00 130.00 42.00 55.00 0.08 0.79 1.00 1.00 1.00 9.00 13.00 17.00 13.00 15.00 11.00 0.00 0.00 0.00 0.00 0.00
104.00 25.00 24.00 64.00 121.00 40.00 57.00 0.08 0.94 1.00 1.00 1.00 1.00 6.00 24.00 19.00 14.00 11.00 0.00 0.00 1.00 0.00 0.00
105.00 32.00 39.00 92.00 167.00 53.00 75.00 0.07 1.41 1.00 4.00 0.25 7.00 13.00 25.00 19.00 18.00 14.00 0.00 0.00 1.00 0.00 1.00
106.00 34.00 38.00 91.00 173.00 53.00 82.00 0.09 1.58 2.00 3.00 0.67 9.00 15.00 25.00 19.00 19.00 15.00 0.00 0.00 0.00 0.00 0.00
107.00 25.00 31.00 70.00 130.00 39.00 60.00 0.08 0.89 2.00 3.00 0.67 5.00 11.00 20.00 14.00 20.00 5.00 0.00 0.00 0.00 0.00 0.00
108.00 34.00 54.00 97.00 177.00 43.00 80.00 0.07 1.11 2.00 1.00 2.00 8.00 13.00 26.00 21.00 22.00 12.00 0.00 0.00 0.00 0.00 0.00
109.00 30.00 38.00 88.00 157.00 50.00 69.00 0.08 1.04 2.00 3.00 0.67 5.00 15.00 25.00 15.00 25.00 5.00 0.00 0.00 0.00 0.00 0.00
110.00 35.00 44.00 97.00 181.00 53.00 84.00 0.06 1.09 2.00 2.00 1.00 6.00 10.00 29.00 25.00 18.00 17.00 0.00 0.00 0.00 0.00 0.00
111.00 37.00 51.00 108.00 185.00 57.00 77.00 0.06 1.55 2.00 3.00 0.67 9.00 14.00 28.00 23.00 22.00 15.00 0.00 0.00 0.00 0.00 0.00
112.00 33.00 33.00 90.00 166.00 57.00 76.00 0.08 0.97 2.00 3.00 0.67 10.00 18.00 23.00 15.00 25.00 8.00 0.00 0.00 1.00 0.00 0.00
113.00 34.00 43.00 101.00 178.00 58.00 77.00 0.08 1.41 2.00 4.00 0.50 7.00 16.00 27.00 18.00 22.00 12.00 0.00 0.00 0.00 0.00 0.00
114.00 29.00 26.00 83.00 156.00 57.00 73.00 0.08 0.98 3.00 1.00 3.00 7.00 11.00 22.00 18.00 16.00 13.00 0.00 0.00 1.00 0.00 0.00
115.00 25.00 25.00 69.00 131.00 44.00 62.00 0.09 0.79 3.00 1.00 3.00 10.00 14.00 15.00 11.00 15.00 10.00 0.00 0.00 0.00 0.00 0.00
116.00 31.00 41.00 94.00 158.00 53.00 64.00 0.08 1.33 3.00 2.00 1.50 7.00 16.00 24.00 15.00 23.00 8.00 0.00 0.00 0.00 0.00 0.00
117.00 32.00 41.00 98.00 166.00 57.00 68.00 0.08 1.05 3.00 3.00 1.00 7.00 17.00 25.00 15.00 23.00 9.00 0.00 0.00 0.00 0.00 0.00
118.00 32.00 38.00 95.00 162.00 57.00 67.00 0.08 1.49 2.00 3.00 0.67 5.00 14.00 27.00 18.00 19.00 13.00 0.00 0.00 0.00 0.00 0.00
119.00 33.00 39.00 97.00 163.00 58.00 66.00 0.08 1.47 2.00 4.00 0.50 6.00 10.00 27.00 23.00 18.00 15.00 0.00 0.00 0.00 0.00 0.00
120.00 33.00 42.00 98.00 174.00 56.00 76.00 0.07 1.89 2.00 2.00 1.00 11.00 16.00 22.00 17.00 23.00 10.00 0.00 0.00 0.00 0.00 0.00
121.00 32.00 49.00 101.00 169.00 52.00 68.00 0.07 1.32 1.00 4.00 0.25 7.00 13.00 25.00 19.00 17.00 15.00 0.00 0.00 0.00 0.00 0.00
122.00 33.00 50.00 102.00 168.00 52.00 66.00 0.08 1.03 1.00 4.00 0.25 6.00 15.00 27.00 18.00 20.00 13.00 0.00 0.00 0.00 0.00 0.00
123.00 35.00 41.00 106.00 173.00 65.00 67.00 0.08 1.52 1.00 3.00 0.33 8.00 17.00 27.00 18.00 22.00 13.00 0.00 0.00 0.00 0.00 1.00
124.00 32.00 47.00 94.00 163.00 47.00 69.00 0.08 1.08 1.00 2.00 0.50 11.00 15.00 21.00 17.00 21.00 11.00 0.00 0.00 0.00 0.00 0.00
125.00 37.00 61.00 115.00 191.00 54.00 76.00 0.09 1.43 3.00 2.00 1.50 6.00 12.00 31.00 25.00 19.00 18.00 0.00 0.00 1.00 0.00 0.00
126.00 38.00 50.00 111.00 187.00 61.00 76.00 0.09 1.58 2.00 2.00 1.00 10.00 20.00 28.00 18.00 22.00 16.00 0.00 0.00 0.00 0.00 0.00
127.00 34.00 47.00 101.00 173.00 54.00 72.00 0.10 1.55 2.00 3.00 0.67 6.00 11.00 28.00 23.00 18.00 16.00 0.00 0.00 1.00 0.00 0.00
128.00 34.00 44.00 97.00 184.00 53.00 87.00 0.07 1.81 2.00 3.00 0.67 3.00 12.00 31.00 22.00 18.00 16.00 0.00 0.00 1.00 0.00 0.00
129.00 34.00 39.00 97.00 180.00 58.00 83.00 0.10 1.57 2.00 2.00 1.00 6.00 19.00 28.00 15.00 22.00 12.00 0.00 0.00 1.00 0.00 0.00
130.00 32.00 28.00 87.00 168.00 59.00 81.00 0.09 1.04 1.00 3.00 0.33 10.00 19.00 22.00 13.00 21.00 11.00 0.00 0.00 0.00 0.00 0.00
131.00 35.00 54.00 108.00 188.00 54.00 80.00 0.09 1.12 1.00 2.00 0.50 3.00 9.00 32.00 26.00 19.00 16.00 0.00 0.00 2.00 0.00 0.00
132.00 32.00 42.00 93.00 164.00 51.00 71.00 0.09 1.00 2.00 1.00 2.00 7.00 14.00 25.00 18.00 22.00 10.00 0.00 0.00 0.00 0.00 0.00
133.00 31.00 45.00 93.00 162.00 48.00 69.00 0.09 0.92 2.00 1.00 2.00 8.00 13.00 23.00 18.00 20.00 11.00 0.00 0.00 1.00 0.00 0.00
134.00 33.00 44.00 100.00 173.00 56.00 73.00 0.09 0.93 2.00 2.00 1.00 8.00 16.00 25.00 17.00 20.00 13.00 0.00 0.00 0.00 1.00 0.00
135.00 34.00 45.00 96.00 170.00 51.00 74.00 0.07 1.55 1.00 2.00 0.50 6.00 13.00 28.00 21.00 18.00 16.00 0.00 0.00 0.00 1.00 0.00
136.00 30.00 32.00 88.00 152.00 56.00 64.00 0.08 1.52 1.00 1.00 1.00 6.00 10.00 24.00 20.00 19.00 11.00 0.00 0.00 0.00 0.00 0.00
137.00 37.00 45.00 111.00 189.00 66.00 78.00 0.09 1.27 2.00 3.00 0.67 8.00 15.00 29.00 22.00 19.00 18.00 0.00 0.00 0.00 1.00 0.00
138.00 32.00 36.00 94.00 169.00 58.00 75.00 0.08 1.11 0.00 2.00 0.00 8.00 10.00 24.00 22.00 18.00 14.00 0.00 0.00 1.00 0.00 0.00
139.00 34.00 41.00 102.00 182.00 61.00 80.00 0.09 1.81 3.00 1.00 3.00 8.00 15.00 26.00 19.00 20.00 14.00 0.00 0.00 1.00 0.00 0.00
140.00 39.00 53.00 120.00 200.00 67.00 80.00 0.08 1.18 2.00 3.00 0.67 13.00 20.00 26.00 19.00 28.00 11.00 0.00 0.00 1.00 0.00 0.00
141.00 37.00 44.00 111.00 197.00 67.00 86.00 0.08 1.09 2.00 3.00 0.67 8.00 16.00 29.00 21.00 20.00 17.00 0.00 0.00 2.00 0.00 0.00
142.00 36.00 38.00 102.00 191.00 64.00 89.00 0.08 1.62 2.00 2.00 1.00 8.00 15.00 28.00 21.00 23.00 13.00 0.00 0.00 1.00 0.00 0.00
143.00 40.00 54.00 117.00 204.00 63.00 87.00 0.08 1.57 2.00 2.00 1.00 11.00 14.00 29.00 26.00 17.00 23.00 0.00 0.00 1.00 1.00 0.00
144.00 33.00 40.00 93.00 170.00 53.00 77.00 0.08 1.02 1.00 0.00 0.00 8.00 15.00 25.00 18.00 18.00 15.00 0.00 0.00 2.00 0.00 0.00
145.00 34.00 31.00 94.00 191.00 63.00 97.00 0.10 1.19 2.00 1.00 2.00 3.00 8.00 31.00 26.00 19.00 15.00 0.00 0.00 0.00 0.00 0.00
146.00 43.00 58.00 136.00 225.00 78.00 89.00 0.08 1.74 2.00 3.00 0.67 8.00 19.00 35.00 24.00 27.00 16.00 0.00 0.00 0.00 2.00 0.00
147.00 43.00 59.00 124.00 219.00 65.00 95.00 0.09 1.37 3.00 2.00 1.50 10.00 18.00 33.00 25.00 26.00 17.00 0.00 0.00 0.00 0.00 0.00
148.00 43.00 60.00 134.00 225.00 74.00 91.00 0.10 1.42 3.00 1.00 3.00 13.00 17.00 30.00 26.00 26.00 17.00 0.00 0.00 3.00 0.00 0.00
149.00 37.00 53.00 113.00 192.00 60.00 79.00 0.08 1.18 3.00 2.00 1.50 6.00 13.00 31.00 24.00 21.00 16.00 0.00 0.00 2.00 0.00 0.00
150.00 42.00 52.00 126.00 212.00 74.00 86.00 0.09 1.13 2.00 2.00 1.00 10.00 17.00 32.00 25.00 28.00 14.00 0.00 0.00 3.00 0.00 0.00
151.00 36.00 48.00 108.00 193.00 60.00 85.00 0.06 1.05 4.00 2.00 2.00 10.00 16.00 26.00 20.00 19.00 17.00 0.00 0.00 0.00 0.00 0.00
152.00 32.00 32.00 89.00 175.00 57.00 86.00 0.07 1.12 2.00 1.00 2.00 9.00 18.00 23.00 14.00 21.00 11.00 0.00 0.00 0.00 0.00 0.00
153.00 39.00 50.00 116.00 194.00 66.00 78.00 0.08 1.26 2.00 1.00 2.00 10.00 20.00 29.00 19.00 22.00 17.00 0.00 0.00 1.00 0.00 1.00
154.00 41.00 46.00 113.00 220.00 67.00 107.00 0.09 1.25 2.00 2.00 1.00 7.00 16.00 34.00 25.00 26.00 15.00 0.00 0.00 0.00 0.00 0.00
155.00 40.00 57.00 124.00 206.00 67.00 82.00 0.08 1.19 1.00 2.00 0.50 7.00 15.00 33.00 25.00 21.00 19.00 0.00 0.00 1.00 0.00 0.00
156.00 38.00 65.00 117.00 194.00 52.00 77.00 0.09 1.12 2.00 2.00 1.00 6.00 17.00 32.00 21.00 23.00 15.00 0.00 0.00 0.00 0.00 0.00
157.00 45.00 65.00 133.00 209.00 68.00 76.00 0.09 1.63 3.00 2.00 1.50 9.00 17.00 36.00 28.00 24.00 21.00 0.00 0.00 0.00 0.00 0.00
158.00 43.00 58.00 134.00 212.00 76.00 78.00 0.09 1.28 2.00 3.00 0.67 10.00 14.00 33.00 29.00 20.00 23.00 0.00 0.00 0.00 1.00 0.00
159.00 37.00 66.00 123.00 193.00 57.00 70.00 0.08 0.96 3.00 3.00 1.00 5.00 17.00 32.00 20.00 21.00 16.00 0.00 0.00 0.00 0.00 0.00
160.00 41.00 62.00 128.00 208.00 66.00 80.00 0.08 1.21 3.00 3.00 1.00 13.00 18.00 28.00 23.00 22.00 19.00 0.00 0.00 0.00 0.00 0.00
161.00 33.00 51.00 100.00 165.00 49.00 65.00 0.09 0.90 1.00 3.00 0.33 10.00 15.00 23.00 18.00 17.00 16.00 0.00 0.00 0.00 0.00 0.00
162.00 38.00 63.00 121.00 193.00 58.00 72.00 0.09 0.96 2.00 2.00 1.00 8.00 18.00 30.00 20.00 25.00 13.00 0.00 0.00 0.00 0.00 0.00
163.00 35.00 52.00 108.00 184.00 56.00 76.00 0.09 1.30 2.00 1.00 2.00 4.00 14.00 31.00 21.00 22.00 13.00 0.00 0.00 0.00 0.00 0.00
164.00 40.00 54.00 112.00 200.00 58.00 88.00 0.07 1.12 2.00 1.00 2.00 15.00 24.00 25.00 16.00 28.00 12.00 0.00 0.00 0.00 0.00 0.00
165.00 31.00 36.00 89.00 160.00 53.00 71.00 0.10 0.95 3.00 3.00 1.00 8.00 13.00 23.00 18.00 17.00 14.00 0.00 0.00 0.00 0.00 0.00
166.00 33.00 53.00 103.00 168.00 50.00 65.00 0.09 1.27 2.00 2.00 1.00 6.00 12.00 27.00 21.00 20.00 13.00 0.00 0.00 0.00 0.00 0.00
167.00 36.00 44.00 105.00 190.00 61.00 85.00 0.10 2.11 2.00 3.00 0.67 6.00 16.00 30.00 20.00 25.00 11.00 1.00 0.00 0.00 0.00 0.00
168.00 32.00 36.00 90.00 162.00 54.00 72.00 0.08 1.22 2.00 3.00 0.67 7.00 16.00 25.00 16.00 23.00 9.00 0.00 0.00 0.00 0.00 0.00
169.00 37.00 48.00 95.00 172.00 47.00 77.00 0.09 2.16 2.00 3.00 0.67 11.00 16.00 26.00 21.00 19.00 18.00 0.00 0.00 0.00 0.00 0.00
170.00 35.00 52.00 107.00 182.00 55.00 75.00 0.08 1.67 2.00 3.00 0.67 5.00 15.00 30.00 20.00 21.00 14.00 0.00 0.00 0.00 0.00 0.00
171.00 34.00 53.00 102.00 177.00 49.00 75.00 0.09 1.34 2.00 2.00 1.00 6.00 15.00 28.00 19.00 21.00 13.00 0.00 0.00 0.00 0.00 0.00
172.00 35.00 51.00 110.00 174.00 59.00 64.00 0.08 2.43 2.00 2.00 1.00 4.00 14.00 31.00 21.00 18.00 17.00 0.00 0.00 0.00 1.00 1.00
173.00 32.00 45.00 88.00 163.00 43.00 75.00 0.09 1.59 1.00 4.00 0.25 7.00 15.00 25.00 17.00 22.00 10.00 0.00 0.00 0.00 0.00 0.00
174.00 30.00 43.00 83.00 151.00 40.00 68.00 0.08 1.29 3.00 4.00 0.75 7.00 14.00 23.00 16.00 20.00 10.00 0.00 0.00 0.00 0.00 0.00
175.00 36.00 46.00 107.00 183.00 61.00 76.00 0.08 1.36 3.00 2.00 1.50 10.00 16.00 26.00 20.00 22.00 14.00 0.00 0.00 0.00 0.00 0.00
176.00 33.00 37.00 91.00 166.00 54.00 75.00 0.09 0.90 1.00 2.00 0.50 8.00 15.00 25.00 18.00 18.00 15.00 0.00 0.00 0.00 0.00 0.00
177.00 37.00 58.00 117.00 199.00 59.00 82.00 0.08 1.41 3.00 4.00 0.75 5.00 12.00 32.00 25.00 21.00 16.00 0.00 0.00 1.00 0.00 0.00
178.00 40.00 55.00 105.00 201.00 50.00 96.00 0.08 1.85 2.00 4.00 0.50 11.00 17.00 29.00 23.00 19.00 21.00 0.00 0.00 0.00 0.00 0.00
179.00 38.00 48.00 116.00 201.00 68.00 85.00 0.09 1.43 2.00 3.00 0.67 10.00 20.00 28.00 18.00 25.00 13.00 0.00 0.00 0.00 0.00 0.00
180.00 37.00 54.00 120.00 198.00 66.00 78.00 0.10 0.94 2.00 2.00 1.00 3.00 14.00 34.00 23.00 19.00 18.00 0.00 0.00 1.00 0.00 0.00
181.00 31.00 42.00 99.00 169.00 57.00 70.00 0.07 0.95 2.00 3.00 0.67 9.00 15.00 22.00 16.00 18.00 13.00 0.00 0.00 1.00 0.00 0.00
182.00 34.00 53.00 108.00 185.00 55.00 77.00 0.09 1.32 2.00 3.00 0.67 5.00 14.00 29.00 20.00 18.00 16.00 0.00 0.00 1.00 0.00 0.00
183.00 38.00 61.00 115.00 196.00 54.00 81.00 0.07 1.35 2.00 4.00 0.50 11.00 15.00 27.00 23.00 19.00 19.00 0.00 0.00 0.00 1.00 0.00
184.00 36.00 55.00 118.00 191.00 63.00 73.00 0.08 1.32 3.00 4.00 0.75 5.00 12.00 31.00 24.00 18.00 18.00 0.00 0.00 1.00 0.00 0.00
185.00 36.00 49.00 112.00 189.00 63.00 77.00 0.08 1.36 3.00 4.00 0.75 9.00 15.00 27.00 21.00 21.00 15.00 0.00 0.00 0.00 0.00 0.00
186.00 43.00 73.00 141.00 227.00 68.00 86.00 0.08 2.09 3.00 4.00 0.75 6.00 14.00 37.00 29.00 18.00 25.00 0.00 0.00 0.00 0.00 0.00
187.00 36.00 47.00 115.00 193.00 68.00 78.00 0.09 1.42 4.00 4.00 1.00 6.00 14.00 30.00 22.00 21.00 15.00 0.00 0.00 0.00 0.00 0.00
188.00 38.00 47.00 112.00 203.00 65.00 91.00 0.08 2.44 2.00 3.00 0.67 5.00 10.00 33.00 28.00 18.00 20.00 0.00 0.00 0.00 0.00 0.00
189.00 33.00 46.00 105.00 179.00 59.00 74.00 0.07 1.83 3.00 2.00 1.50 1.00 13.00 32.00 20.00 18.00 15.00 0.00 0.00 0.00 0.00 0.00
190.00 38.00 59.00 119.00 201.00 60.00 82.00 0.10 1.38 2.00 5.00 0.40 6.00 14.00 32.00 24.00 20.00 18.00 0.00 0.00 0.00 0.00 0.00
191.00 41.00 69.00 138.00 205.00 69.00 67.00 0.09 2.35 3.00 5.00 0.60 6.00 17.00 35.00 24.00 25.00 16.00 0.00 0.00 0.00 0.00 0.00
192.00 40.00 77.00 132.00 215.00 55.00 83.00 0.09 2.12 3.00 5.00 0.60 6.00 14.00 34.00 26.00 22.00 18.00 0.00 0.00 0.00 0.00 0.00
193.00 37.00 48.00 110.00 200.00 62.00 90.00 0.09 1.87 3.00 5.00 0.60 10.00 16.00 27.00 21.00 19.00 18.00 0.00 0.00 0.00 0.00 0.00
194.00 37.00 53.00 116.00 193.00 63.00 77.00 0.07 1.82 2.00 4.00 0.50 8.00 18.00 29.00 19.00 24.00 13.00 0.00 0.00 0.00 0.00 0.00
195.00 37.00 51.00 119.00 198.00 68.00 79.00 0.07 1.79 3.00 5.00 0.60 7.00 12.00 30.00 25.00 21.00 16.00 0.00 0.00 0.00 0.00 0.00
196.00 42.00 57.00 133.00 215.00 76.00 82.00 0.09 1.89 3.00 2.00 1.50 12.00 21.00 30.00 21.00 26.00 16.00 0.00 0.00 0.00 0.00 0.00
197.00 41.00 65.00 138.00 221.00 73.00 83.00 0.09 1.75 3.00 5.00 0.60 8.00 20.00 33.00 21.00 26.00 15.00 0.00 0.00 0.00 0.00 0.00
198.00 36.00 44.00 112.00 193.00 68.00 81.00 0.08 1.87 4.00 4.00 1.00 8.00 10.00 28.00 26.00 15.00 21.00 0.00 0.00 1.00 0.00 0.00
199.00 45.00 80.00 148.00 225.00 68.00 77.00 0.09 1.96 4.00 3.00 1.33 14.00 22.00 31.00 23.00 29.00 16.00 0.00 0.00 0.00 0.00 0.00
200.00 40.00 64.00 119.00 208.00 55.00 89.00 0.08 1.78 4.00 3.00 1.33 6.00 9.00 34.00 31.00 15.00 25.00 0.00 0.00 0.00 0.00 0.00
201.00 37.00 48.00 114.00 200.00 66.00 86.00 0.09 1.57 1.00 3.00 0.33 6.00 14.00 31.00 23.00 21.00 16.00 0.00 0.00 0.00 0.00 0.00
202.00 44.00 65.00 135.00 217.00 70.00 82.00 0.09 1.46 3.00 4.00 0.75 10.00 18.00 34.00 26.00 27.00 17.00 1.00 0.00 0.00 0.00 0.00
203.00 38.00 61.00 116.00 200.00 55.00 84.00 0.08 1.15 1.00 3.00 0.33 10.00 20.00 28.00 18.00 23.00 15.00 0.00 0.00 1.00 0.00 0.00
204.00 38.00 57.00 116.00 202.00 59.00 86.00 0.07 1.70 3.00 2.00 1.50 6.00 9.00 32.00 29.00 14.00 24.00 0.00 0.00 2.00 1.00 0.00
205.00 42.00 71.00 133.00 221.00 62.00 88.00 0.09 1.73 2.00 3.00 0.67 4.00 10.00 38.00 32.00 15.00 27.00 0.00 0.00 0.00 0.00 0.00
206.00 41.00 65.00 132.00 216.00 67.00 84.00 0.09 1.68 1.00 5.00 0.20 5.00 16.00 36.00 25.00 20.00 21.00 0.00 0.00 0.00 0.00 0.00
207.00 42.00 66.00 139.00 213.00 73.00 74.00 0.10 1.37 1.00 5.00 0.20 8.00 17.00 34.00 25.00 27.00 15.00 0.00 0.00 1.00 0.00 0.00
208.00 43.00 62.00 136.00 226.00 74.00 90.00 0.08 1.65 3.00 5.00 0.60 6.00 19.00 37.00 24.00 24.00 19.00 0.00 0.00 1.00 1.00 0.00
209.00 46.00 73.00 149.00 229.00 76.00 80.00 0.08 1.65 2.00 5.00 0.40 8.00 16.00 38.00 30.00 24.00 22.00 1.00 0.00 0.00 0.00 0.00
210.00 46.00 79.00 151.00 230.00 72.00 79.00 0.08 1.40 2.00 4.00 0.50 8.00 17.00 38.00 29.00 28.00 18.00 1.00 0.00 0.00 0.00 0.00
211.00 40.00 56.00 124.00 212.00 68.00 88.00 0.07 1.70 2.00 3.00 0.67 8.00 14.00 32.00 26.00 23.00 17.00 0.00 0.00 0.00 0.00 0.00
212.00 39.00 59.00 115.00 204.00 56.00 89.00 0.10 1.29 2.00 3.00 0.67 6.00 13.00 33.00 26.00 23.00 16.00 0.00 0.00 0.00 0.00 0.00
213.00 44.00 67.00 138.00 227.00 71.00 89.00 0.09 1.91 2.00 4.00 0.50 11.00 19.00 33.00 25.00 26.00 18.00 0.00 0.00 0.00 0.00 0.00
214.00 38.00 65.00 120.00 195.00 55.00 75.00 0.10 1.76 2.00 4.00 0.50 8.00 15.00 30.00 23.00 20.00 18.00 0.00 0.00 1.00 0.00 0.00
215.00 45.00 60.00 147.00 227.00 87.00 80.00 0.07 1.64 2.00 3.00 0.67 9.00 22.00 36.00 23.00 28.00 17.00 0.00 0.00 0.00 0.00 0.00
216.00 39.00 56.00 117.00 197.00 61.00 80.00 0.09 1.37 2.00 4.00 0.50 10.00 16.00 29.00 23.00 21.00 18.00 1.00 0.00 1.00 0.00 0.00
217.00 41.00 65.00 134.00 216.00 69.00 82.00 0.08 1.37 2.00 3.00 0.67 7.00 13.00 34.00 28.00 19.00 22.00 1.00 0.00 0.00 0.00 0.00
218.00 42.00 65.00 139.00 221.00 74.00 82.00 0.08 1.91 2.00 4.00 0.50 8.00 15.00 34.00 27.00 26.00 16.00 0.00 0.00 0.00 0.00 0.00
219.00 42.00 63.00 125.00 206.00 62.00 81.00 0.09 2.06 2.00 4.00 0.50 13.00 22.00 29.00 20.00 25.00 17.00 0.00 0.00 0.00 0.00 0.00
220.00 45.00 71.00 139.00 231.00 68.00 92.00 0.08 1.70 4.00 4.00 1.00 8.00 17.00 37.00 28.00 23.00 22.00 0.00 0.00 0.00 0.00 0.00
221.00 41.00 69.00 129.00 202.00 60.00 73.00 0.08 1.95 2.00 3.00 0.67 9.00 21.00 32.00 20.00 26.00 15.00 0.00 0.00 0.00 0.00 0.00
222.00 35.00 57.00 110.00 180.00 53.00 70.00 0.08 1.11 2.00 3.00 0.67 6.00 13.00 29.00 22.00 21.00 14.00 0.00 0.00 0.00 1.00 0.00
223.00 42.00 67.00 135.00 216.00 68.00 81.00 0.09 1.79 2.00 3.00 0.67 9.00 20.00 33.00 22.00 24.00 18.00 0.00 0.00 0.00 0.00 0.00
224.00 42.00 60.00 128.00 218.00 68.00 90.00 0.10 1.56 4.00 4.00 1.00 9.00 16.00 33.00 26.00 24.00 18.00 0.00 0.00 1.00 0.00 0.00
225.00 40.00 68.00 126.00 208.00 58.00 82.00 0.07 1.48 2.00 2.00 1.00 8.00 15.00 32.00 25.00 22.00 18.00 0.00 0.00 1.00 0.00 0.00
226.00 46.00 71.00 139.00 227.00 68.00 88.00 0.08 1.42 2.00 3.00 0.67 14.00 24.00 32.00 22.00 31.00 15.00 0.00 0.00 0.00 0.00 0.00
227.00 41.00 62.00 127.00 213.00 65.00 86.00 0.09 1.24 2.00 3.00 0.67 7.00 20.00 34.00 21.00 24.00 17.00 0.00 0.00 0.00 0.00 0.00
228.00 43.00 78.00 143.00 224.00 65.00 81.00 0.08 1.07 3.00 4.00 0.75 10.00 18.00 33.00 25.00 24.00 19.00 0.00 0.00 0.00 0.00 0.00
229.00 36.00 41.00 94.00 185.00 53.00 91.00 0.09 1.26 2.00 3.00 0.67 11.00 21.00 25.00 15.00 23.00 13.00 0.00 0.00 0.00 0.00 0.00
230.00 42.00 73.00 142.00 222.00 69.00 80.00 0.08 1.56 3.00 4.00 0.75 6.00 12.00 36.00 30.00 20.00 22.00 0.00 0.00 0.00 0.00 0.00
231.00 37.00 45.00 113.00 198.00 68.00 85.00 0.09 1.59 3.00 3.00 1.00 5.00 10.00 32.00 27.00 17.00 20.00 0.00 0.00 0.00 1.00 0.00
232.00 34.00 36.00 93.00 170.00 57.00 77.00 0.09 1.59 3.00 2.00 1.50 10.00 18.00 24.00 16.00 23.00 11.00 0.00 0.00 1.00 0.00 0.00
233.00 38.00 59.00 122.00 199.00 63.00 77.00 0.08 1.79 2.00 2.00 1.00 8.00 17.00 30.00 21.00 21.00 17.00 0.00 0.00 0.00 0.00 0.00
234.00 35.00 46.00 101.00 183.00 55.00 82.00 0.07 1.12 2.00 4.00 0.50 5.00 11.00 30.00 24.00 16.00 19.00 0.00 0.00 0.00 0.00 0.00
235.00 40.00 64.00 122.00 216.00 58.00 94.00 0.08 1.22 2.00 4.00 0.50 6.00 12.00 34.00 28.00 20.00 20.00 0.00 0.00 1.00 0.00 0.00
236.00 42.00 67.00 135.00 222.00 68.00 87.00 0.09 1.16 5.00 2.00 2.50 11.00 16.00 31.00 26.00 19.00 23.00 0.00 0.00 0.00 0.00 0.00
237.00 45.00 71.00 145.00 232.00 74.00 87.00 0.08 1.82 6.00 2.00 3.00 14.00 17.00 31.00 28.00 22.00 23.00 0.00 0.00 0.00 0.00 0.00
238.00 41.00 68.00 135.00 206.00 67.00 71.00 0.11 2.30 3.00 2.00 1.50 5.00 13.00 36.00 28.00 25.00 16.00 0.00 0.00 0.00 0.00 0.00
239.00 45.00 68.00 143.00 242.00 75.00 99.00 0.08 1.43 2.00 4.00 0.50 10.00 16.00 35.00 29.00 19.00 26.00 1.00 0.00 0.00 0.00 0.00
240.00 36.00 42.00 100.00 178.00 58.00 78.00 0.08 1.10 2.00 3.00 0.67 9.00 16.00 27.00 20.00 20.00 16.00 0.00 0.00 1.00 0.00 0.00
241.00 41.00 63.00 123.00 216.00 60.00 93.00 0.09 1.37 2.00 2.00 1.00 9.00 17.00 32.00 24.00 24.00 17.00 0.00 0.00 1.00 0.00 1.00
242.00 45.00 59.00 144.00 237.00 85.00 93.00 0.09 2.37 3.00 3.00 1.00 8.00 20.00 37.00 25.00 31.00 14.00 0.00 0.00 0.00 1.00 0.00
243.00 42.00 64.00 132.00 227.00 68.00 95.00 0.08 2.04 4.00 4.00 1.00 6.00 15.00 36.00 27.00 22.00 20.00 1.00 0.00 1.00 1.00 0.00
244.00 45.00 60.00 134.00 239.00 74.00 105.00 0.09 1.45 3.00 3.00 1.00 11.00 22.00 34.00 23.00 29.00 16.00 0.00 0.00 0.00 1.00 0.00
245.00 48.00 73.00 147.00 248.00 74.00 101.00 0.09 2.29 2.00 5.00 0.40 12.00 17.00 36.00 31.00 23.00 25.00 1.00 0.00 1.00 1.00 0.00
246.00 40.00 59.00 125.00 208.00 66.00 83.00 0.08 1.79 2.00 5.00 0.40 7.00 15.00 33.00 25.00 22.00 18.00 1.00 0.00 1.00 0.00 0.00
247.00 43.00 65.00 136.00 235.00 71.00 99.00 0.09 2.05 2.00 4.00 0.50 8.00 20.00 35.00 23.00 25.00 18.00 1.00 0.00 0.00 0.00 0.00
248.00 40.00 63.00 124.00 223.00 61.00 99.00 0.08 1.49 2.00 3.00 0.67 8.00 17.00 32.00 23.00 22.00 18.00 1.00 0.00 1.00 0.00 0.00
249.00 44.00 44.00 125.00 221.00 81.00 96.00 0.09 2.08 3.00 3.00 1.00 15.00 22.00 29.00 22.00 26.00 18.00 1.00 0.00 0.00 0.00 0.00
250.00 50.00 76.00 148.00 243.00 72.00 95.00 0.08 3.06 2.00 3.00 0.67 12.00 26.00 38.00 24.00 30.00 20.00 0.00 0.00 1.00 0.00 0.00
251.00 44.00 63.00 139.00 224.00 76.00 85.00 0.08 1.67 2.00 4.00 0.50 7.00 15.00 37.00 29.00 24.00 20.00 1.00 0.00 1.00 0.00 0.00
252.00 37.00 53.00 108.00 190.00 55.00 82.00 0.06 1.74 2.00 2.00 1.00 7.00 14.00 30.00 23.00 25.00 12.00 1.00 0.00 1.00 0.00 0.00
253.00 47.00 62.00 138.00 243.00 76.00 105.00 0.07 2.93 2.00 5.00 0.40 12.00 20.00 35.00 27.00 31.00 16.00 1.00 0.00 0.00 0.00 0.00
254.00 43.00 59.00 141.00 232.00 82.00 91.00 0.08 1.50 2.00 1.00 2.00 9.00 13.00 34.00 30.00 20.00 23.00 1.00 0.00 1.00 0.00 0.00
255.00 44.00 66.00 143.00 228.00 77.00 85.00 0.09 1.77 3.00 2.00 1.50 6.00 17.00 38.00 27.00 26.00 18.00 1.00 0.00 1.00 0.00 0.00
256.00 47.00 69.00 146.00 246.00 77.00 100.00 0.09 2.05 3.00 3.00 1.00 10.00 17.00 37.00 30.00 30.00 17.00 1.00 0.00 1.00 0.00 0.00
257.00 50.00 89.00 167.00 271.00 78.00 104.00 0.08 2.55 3.00 4.00 0.75 7.00 17.00 43.00 33.00 26.00 24.00 1.00 0.00 3.00 1.00 0.00
258.00 46.00 67.00 134.00 232.00 67.00 98.00 0.07 1.56 3.00 2.00 1.50 15.00 25.00 31.00 21.00 30.00 16.00 0.00 0.00 2.00 0.00 0.00
259.00 45.00 74.00 150.00 239.00 76.00 89.00 0.07 2.79 3.00 4.00 0.75 11.00 23.00 34.00 22.00 30.00 15.00 0.00 0.00 2.00 0.00 0.00
260.00 40.00 57.00 130.00 202.00 73.00 72.00 0.07 1.47 4.00 4.00 1.00 10.00 20.00 30.00 20.00 25.00 15.00 1.00 0.00 2.00 0.00 0.00
261.00 42.00 57.00 132.00 213.00 75.00 81.00 0.08 1.62 3.00 4.00 0.75 9.00 16.00 33.00 26.00 23.00 19.00 0.00 0.00 2.00 0.00 0.00
262.00 55.00 81.00 162.00 288.00 81.00 126.00 0.09 2.61 2.00 5.00 0.40 8.00 22.00 47.00 33.00 31.00 24.00 0.00 0.00 2.00 0.00 0.00
263.00 50.00 85.00 163.00 267.00 78.00 104.00 0.10 2.62 3.00 5.00 0.60 12.00 19.00 38.00 31.00 26.00 24.00 1.00 0.00 0.00 0.00 0.00
264.00 55.00 83.00 174.00 269.00 91.00 95.00 0.09 2.99 2.00 3.00 0.67 9.00 27.00 46.00 28.00 33.00 22.00 0.00 0.00 0.00 0.00 0.00
265.00 50.00 80.00 161.00 265.00 81.00 104.00 0.09 2.64 3.00 6.00 0.50 10.00 12.00 40.00 38.00 24.00 26.00 0.00 0.00 1.00 0.00 0.00
266.00 42.00 59.00 134.00 226.00 75.00 92.00 0.08 2.81 3.00 6.00 0.50 10.00 16.00 32.00 26.00 21.00 21.00 0.00 0.00 0.00 0.00 0.00
267.00 49.00 83.00 157.00 257.00 74.00 100.00 0.10 2.96 2.00 4.00 0.50 12.00 20.00 37.00 29.00 26.00 23.00 0.00 0.00 0.00 0.00 0.00
268.00 48.00 75.00 159.00 255.00 84.00 96.00 0.07 3.09 2.00 4.00 0.50 8.00 16.00 40.00 32.00 23.00 25.00 1.00 0.00 1.00 0.00 0.00
269.00 48.00 85.00 153.00 261.00 68.00 108.00 0.07 2.20 2.00 7.00 0.29 8.00 21.00 40.00 27.00 26.00 22.00 1.00 0.00 2.00 0.00 0.00
270.00 46.00 72.00 136.00 236.00 64.00 100.00 0.08 2.43 2.00 6.00 0.33 9.00 20.00 37.00 26.00 27.00 19.00 0.00 0.00 0.00 3.00 0.00
271.00 53.00 85.00 165.00 269.00 80.00 104.00 0.09 3.00 2.00 7.00 0.29 11.00 21.00 42.00 32.00 28.00 25.00 0.00 0.00 0.00 2.00 0.00
272.00 49.00 89.00 161.00 251.00 72.00 90.00 0.09 2.50 2.00 7.00 0.29 7.00 16.00 42.00 33.00 24.00 25.00 0.00 0.00 0.00 1.00 0.00
273.00 48.00 79.00 152.00 254.00 73.00 102.00 0.09 2.69 2.00 7.00 0.29 9.00 18.00 39.00 30.00 27.00 21.00 0.00 0.00 1.00 0.00 0.00
274.00 51.00 81.00 167.00 264.00 86.00 97.00 0.10 3.00 2.00 6.00 0.33 13.00 24.00 38.00 27.00 32.00 19.00 0.00 0.00 2.00 0.00 0.00
275.00 44.00 67.00 142.00 236.00 75.00 94.00 0.09 1.80 3.00 6.00 0.50 4.00 12.00 40.00 32.00 18.00 26.00 0.00 0.00 0.00 0.00 0.00
276.00 49.00 84.00 159.00 255.00 75.00 96.00 0.08 2.73 3.00 5.00 0.60 8.00 17.00 41.00 32.00 24.00 25.00 0.00 0.00 0.00 0.00 0.00
277.00 46.00 79.00 151.00 241.00 72.00 90.00 0.07 2.54 2.00 5.00 0.40 7.00 15.00 39.00 31.00 21.00 25.00 0.00 0.00 0.00 0.00 0.00
278.00 47.00 88.00 157.00 234.00 69.00 77.00 0.08 3.02 2.00 4.00 0.50 8.00 18.00 39.00 29.00 25.00 22.00 0.00 0.00 0.00 0.00 0.00
279.00 46.00 79.00 155.00 236.00 76.00 81.00 0.09 2.60 2.00 7.00 0.29 7.00 17.00 39.00 29.00 27.00 19.00 0.00 0.00 0.00 0.00 0.00
280.00 49.00 67.00 155.00 259.00 88.00 104.00 0.07 3.21 2.00 8.00 0.25 8.00 17.00 41.00 32.00 28.00 21.00 0.00 0.00 1.00 0.00 0.00
281.00 45.00 71.00 157.00 241.00 86.00 84.00 0.08 2.76 2.00 7.00 0.29 9.00 13.00 36.00 32.00 22.00 23.00 0.00 0.00 0.00 0.00 0.00
282.00 50.00 70.00 165.00 262.00 95.00 97.00 0.07 2.56 2.00 6.00 0.33 9.00 22.00 41.00 28.00 29.00 21.00 0.00 0.00 0.00 0.00 0.00
283.00 49.00 69.00 145.00 251.00 76.00 106.00 0.09 2.80 3.00 5.00 0.60 9.00 19.00 40.00 30.00 27.00 22.00 0.00 0.00 1.00 0.00 0.00
284.00 44.00 67.00 140.00 227.00 73.00 87.00 0.10 2.61 3.00 4.00 0.75 9.00 18.00 35.00 26.00 23.00 21.00 0.00 0.00 0.00 0.00 0.00
285.00 41.00 53.00 119.00 221.00 66.00 102.00 0.08 2.82 1.00 4.00 0.25 9.00 19.00 32.00 22.00 23.00 18.00 0.00 0.00 0.00 0.00 0.00
286.00 52.00 86.00 169.00 262.00 83.00 93.00 0.09 3.41 2.00 4.00 0.50 7.00 22.00 45.00 30.00 30.00 22.00 0.00 0.00 0.00 0.00 0.00
287.00 45.00 67.00 141.00 217.00 74.00 76.00 0.08 3.30 3.00 4.00 0.75 7.00 12.00 38.00 33.00 28.00 17.00 0.00 0.00 0.00 0.00 0.00
288.00 40.00 34.00 110.00 203.00 76.00 93.00 0.08 2.44 2.00 5.00 0.40 12.00 18.00 28.00 22.00 26.00 14.00 0.00 0.00 0.00 0.00 0.00
289.00 51.00 78.00 162.00 259.00 84.00 97.00 0.08 2.81 2.00 4.00 0.50 8.00 18.00 43.00 33.00 24.00 27.00 0.00 0.00 0.00 0.00 0.00
290.00 53.00 77.00 163.00 270.00 86.00 107.00 0.08 2.98 2.00 4.00 0.50 16.00 25.00 37.00 28.00 29.00 24.00 0.00 0.00 0.00 0.00 0.00
291.00 53.00 84.00 171.00 269.00 87.00 98.00 0.10 2.85 2.00 6.00 0.33 12.00 19.00 41.00 34.00 30.00 23.00 0.00 0.00 0.00 0.00 0.00
292.00 52.00 83.00 169.00 276.00 86.00 107.00 0.07 2.88 1.00 5.00 0.20 11.00 22.00 41.00 30.00 30.00 22.00 0.00 0.00 0.00 0.00 0.00
293.00 50.00 74.00 163.00 267.00 89.00 104.00 0.09 2.70 2.00 4.00 0.50 10.00 22.00 40.00 28.00 30.00 20.00 0.00 0.00 0.00 0.00 0.00
294.00 49.00 81.00 151.00 254.00 70.00 103.00 0.10 2.11 2.00 6.00 0.33 9.00 17.00 40.00 32.00 31.00 18.00 0.00 0.00 1.00 0.00 0.00
295.00 47.00 77.00 151.00 252.00 74.00 101.00 0.07 3.37 2.00 7.00 0.29 7.00 19.00 40.00 28.00 25.00 22.00 0.00 0.00 2.00 0.00 1.00
296.00 45.00 65.00 141.00 236.00 76.00 95.00 0.10 3.38 2.00 7.00 0.29 12.00 19.00 33.00 26.00 24.00 21.00 0.00 0.00 0.00 0.00 0.00
297.00 53.00 92.00 176.00 273.00 84.00 97.00 0.10 3.39 2.00 7.00 0.29 12.00 21.00 41.00 32.00 27.00 26.00 0.00 0.00 1.00 1.00 0.00
298.00 55.00 94.00 179.00 282.00 85.00 103.00 0.09 3.22 2.00 7.00 0.29 14.00 22.00 41.00 33.00 35.00 20.00 0.00 0.00 0.00 0.00 0.00
299.00 43.00 65.00 132.00 225.00 67.00 93.00 0.09 3.11 2.00 5.00 0.40 8.00 20.00 35.00 23.00 28.00 15.00 0.00 0.00 0.00 0.00 0.00
300.00 53.00 87.00 164.00 275.00 77.00 111.00 0.09 3.26 3.00 6.00 0.50 11.00 16.00 42.00 37.00 24.00 29.00 1.00 0.00 0.00 0.00 0.00
301.00 50.00 75.00 147.00 254.00 72.00 107.00 0.09 2.40 2.00 6.00 0.33 11.00 17.00 39.00 33.00 26.00 24.00 1.00 0.00 0.00 0.00 0.00
302.00 51.00 88.00 160.00 260.00 72.00 100.00 0.10 2.82 3.00 5.00 0.60 10.00 18.00 41.00 33.00 27.00 24.00 0.00 0.00 1.00 0.00 0.00
303.00 52.00 85.00 167.00 269.00 82.00 102.00 0.09 3.34 2.00 4.00 0.50 15.00 28.00 37.00 24.00 33.00 19.00 0.00 0.00 0.00 0.00 0.00
304.00 54.00 79.00 176.00 280.00 97.00 104.00 0.08 3.34 3.00 6.00 0.50 9.00 18.00 45.00 36.00 27.00 27.00 1.00 0.00 0.00 0.00 0.00
305.00 61.00 83.00 174.00 300.00 91.00 126.00 0.08 3.14 3.00 5.00 0.60 17.00 27.00 44.00 34.00 38.00 23.00 0.00 0.00 0.00 0.00 0.00
306.00 51.00 50.00 154.00 269.00 104.00 115.00 0.08 3.29 3.00 5.00 0.60 14.00 25.00 37.00 26.00 30.00 21.00 0.00 0.00 1.00 0.00 1.00
307.00 48.00 59.00 153.00 250.00 94.00 97.00 0.10 3.73 3.00 5.00 0.60 11.00 20.00 37.00 28.00 25.00 23.00 0.00 0.00 1.00 0.00 0.00
308.00 53.00 74.00 174.00 282.00 100.00 108.00 0.09 3.22 2.00 7.00 0.29 12.00 23.00 41.00 30.00 25.00 28.00 0.00 0.00 1.00 1.00 0.00
309.00 48.00 71.00 154.00 248.00 83.00 94.00 0.09 3.56 1.00 5.00 0.20 9.00 19.00 39.00 29.00 25.00 23.00 1.00 0.00 0.00 0.00 0.00
310.00 49.00 65.00 140.00 259.00 75.00 119.00 0.09 3.43 1.00 7.00 0.14 4.00 18.00 45.00 31.00 26.00 23.00 0.00 0.00 0.00 0.00 0.00
311.00 48.00 63.00 153.00 256.00 90.00 103.00 0.09 2.58 3.00 7.00 0.43 10.00 18.00 38.00 30.00 25.00 23.00 0.00 1.00 0.00 0.00 0.00
312.00 46.00 62.00 150.00 254.00 88.00 104.00 0.09 2.95 2.00 9.00 0.22 10.00 15.00 36.00 31.00 28.00 18.00 0.00 1.00 0.00 0.00 0.00
313.00 48.00 80.00 167.00 260.00 87.00 93.00 0.11 3.27 3.00 9.00 0.33 7.00 15.00 41.00 33.00 19.00 29.00 0.00 0.00 0.00 0.00 0.00
314.00 48.00 78.00 158.00 264.00 80.00 106.00 0.08 2.55 3.00 7.00 0.43 5.00 10.00 43.00 38.00 24.00 24.00 0.00 0.00 2.00 0.00 0.00
315.00 45.00 72.00 148.00 242.00 76.00 94.00 0.10 2.16 3.00 6.00 0.50 8.00 19.00 37.00 26.00 26.00 19.00 0.00 0.00 0.00 0.00 0.00
316.00 52.00 76.00 168.00 279.00 92.00 111.00 0.06 2.72 4.00 4.00 1.00 11.00 18.00 41.00 34.00 28.00 24.00 0.00 0.00 0.00 0.00 0.00
317.00 54.00 77.00 175.00 280.00 98.00 105.00 0.09 2.69 4.00 5.00 0.80 12.00 20.00 42.00 34.00 30.00 24.00 2.00 0.00 0.00 0.00 0.00
318.00 50.00 80.00 170.00 266.00 90.00 96.00 0.07 2.66 5.00 6.00 0.83 9.00 17.00 41.00 33.00 25.00 25.00 2.00 0.00 0.00 0.00 0.00
319.00 47.00 67.00 156.00 250.00 89.00 94.00 0.07 2.09 3.00 5.00 0.60 10.00 13.00 37.00 34.00 22.00 25.00 2.00 0.00 0.00 1.00 0.00
320.00 50.00 73.00 160.00 275.00 87.00 115.00 0.09 2.05 5.00 4.00 1.25 8.00 19.00 42.00 31.00 24.00 26.00 1.00 0.00 0.00 1.00 0.00
321.00 50.00 82.00 166.00 268.00 84.00 102.00 0.09 1.59 5.00 4.00 1.25 8.00 21.00 42.00 29.00 29.00 21.00 0.00 0.00 1.00 1.00 0.00
322.00 52.00 81.00 169.00 278.00 88.00 109.00 0.10 1.65 6.00 4.00 1.50 6.00 16.00 46.00 36.00 27.00 25.00 0.00 0.00 0.00 0.00 0.00
323.00 49.00 71.00 154.00 264.00 83.00 110.00 0.06 1.91 6.00 4.00 1.50 10.00 18.00 39.00 31.00 26.00 23.00 0.00 0.00 0.00 0.00 0.00
324.00 51.00 66.00 164.00 281.00 98.00 117.00 0.09 1.41 6.00 4.00 1.50 13.00 19.00 38.00 32.00 28.00 23.00 0.00 0.00 0.00 0.00 1.00
325.00 48.00 83.00 163.00 254.00 80.00 91.00 0.08 2.09 4.00 5.00 0.80 11.00 15.00 37.00 33.00 22.00 26.00 1.00 0.00 0.00 0.00 1.00
326.00 49.00 69.00 159.00 270.00 90.00 111.00 0.07 1.80 5.00 3.00 1.67 13.00 14.00 36.00 35.00 29.00 20.00 1.00 0.00 1.00 0.00 1.00
327.00 48.00 80.00 152.00 253.00 72.00 101.00 0.08 1.57 5.00 4.00 1.25 8.00 18.00 40.00 30.00 25.00 23.00 1.00 0.00 0.00 0.00 0.00
328.00 54.00 93.00 188.00 287.00 95.00 99.00 0.08 2.68 5.00 5.00 1.00 7.00 15.00 47.00 39.00 23.00 31.00 2.00 0.00 0.00 0.00 0.00
329.00 53.00 96.00 191.00 282.00 95.00 91.00 0.08 1.64 5.00 3.00 1.67 10.00 21.00 43.00 32.00 29.00 24.00 1.00 0.00 0.00 0.00 0.00
330.00 53.00 88.00 187.00 291.00 99.00 104.00 0.08 2.45 5.00 6.00 0.83 4.00 11.00 49.00 42.00 23.00 30.00 3.00 0.00 0.00 0.00 0.00
331.00 51.00 71.00 169.00 279.00 98.00 110.00 0.09 2.38 5.00 6.00 0.83 8.00 15.00 43.00 36.00 25.00 26.00 2.00 0.00 0.00 0.00 0.00
332.00 54.00 92.00 187.00 288.00 95.00 101.00 0.08 2.17 5.00 5.00 1.00 3.00 20.00 51.00 34.00 27.00 27.00 1.00 0.00 0.00 0.00 0.00
333.00 53.00 81.00 183.00 277.00 102.00 94.00 0.10 2.12 5.00 3.00 1.67 10.00 21.00 43.00 32.00 34.00 19.00 2.00 0.00 0.00 0.00 0.00
334.00 54.00 71.00 169.00 279.00 98.00 110.00 0.09 1.50 5.00 6.00 0.83 9.00 19.00 45.00 35.00 32.00 22.00 1.00 0.00 0.00 0.00 0.00
335.00 56.00 97.00 184.00 295.00 87.00 111.00 0.09 2.09 3.00 4.00 0.75 12.00 19.00 44.00 37.00 29.00 27.00 0.00 0.00 0.00 1.00 0.00
336.00 54.00 86.00 176.00 285.00 90.00 109.00 0.10 1.90 3.00 6.00 0.50 10.00 18.00 44.00 36.00 26.00 28.00 0.00 0.00 0.00 2.00 0.00
337.00 52.00 69.00 175.00 275.00 106.00 100.00 0.08 2.21 4.00 5.00 0.80 7.00 19.00 45.00 33.00 30.00 22.00 0.00 0.00 0.00 1.00 0.00
338.00 59.00 88.00 188.00 308.00 100.00 120.00 0.09 2.20 3.00 8.00 0.38 11.00 23.00 48.00 36.00 33.00 26.00 0.00 0.00 0.00 2.00 0.00
339.00 54.00 101.00 191.00 293.00 90.00 102.00 0.08 1.75 5.00 6.00 0.83 6.00 17.00 48.00 37.00 24.00 30.00 0.00 0.00 0.00 0.00 0.00
340.00 59.00 79.00 191.00 324.00 112.00 133.00 0.08 1.93 5.00 4.00 1.25 13.00 18.00 46.00 41.00 27.00 32.00 1.00 0.00 0.00 0.00 0.00
341.00 60.00 98.00 187.00 311.00 89.00 124.00 0.09 2.57 5.00 4.00 1.25 8.00 26.00 52.00 34.00 36.00 24.00 0.00 0.00 0.00 1.00 1.00
342.00 54.00 87.00 183.00 295.00 96.00 112.00 0.07 2.10 7.00 5.00 1.40 9.00 18.00 45.00 36.00 30.00 24.00 1.00 0.00 0.00 0.00 0.00
343.00 57.00 97.00 196.00 316.00 99.00 120.00 0.09 3.10 6.00 4.00 1.50 12.00 25.00 45.00 32.00 32.00 25.00 1.00 0.00 1.00 0.00 1.00
344.00 58.00 105.00 200.00 315.00 95.00 115.00 0.07 2.57 7.00 4.00 1.75 10.00 19.00 48.00 39.00 25.00 33.00 1.00 0.00 1.00 0.00 0.00
345.00 62.00 86.00 211.00 335.00 125.00 124.00 0.09 2.06 5.00 5.00 1.00 8.00 16.00 54.00 46.00 25.00 37.00 1.00 0.00 2.00 0.00 0.00
346.00 58.00 81.00 197.00 331.00 116.00 134.00 0.07 1.46 5.00 7.00 0.71 6.00 17.00 52.00 41.00 25.00 33.00 2.00 0.00 0.00 0.00 0.00
347.00 52.00 83.00 175.00 290.00 92.00 115.00 0.07 2.21 5.00 4.00 1.25 9.00 16.00 43.00 36.00 24.00 28.00 2.00 0.00 0.00 0.00 0.00
348.00 55.00 79.00 173.00 295.00 94.00 122.00 0.08 1.69 4.00 4.00 1.00 10.00 24.00 45.00 31.00 32.00 23.00 1.00 0.00 1.00 1.00 0.00
349.00 50.00 54.00 143.00 268.00 89.00 125.00 0.08 2.08 5.00 3.00 1.67 9.00 17.00 41.00 33.00 25.00 25.00 0.00 0.00 0.00 0.00 0.00
350.00 54.00 76.00 176.00 292.00 100.00 116.00 0.08 2.03 5.00 4.00 1.25 10.00 19.00 44.00 35.00 29.00 25.00 0.00 0.00 1.00 0.00 0.00
351.00 59.00 91.00 189.00 310.00 98.00 121.00 0.07 2.22 5.00 4.00 1.25 11.00 24.00 48.00 35.00 33.00 26.00 2.00 0.00 1.00 0.00 0.00
352.00 54.00 88.00 179.00 293.00 91.00 114.00 0.08 1.95 5.00 6.00 0.83 13.00 21.00 41.00 33.00 33.00 21.00 0.00 0.00 0.00 0.00 0.00
353.00 49.00 65.00 162.00 262.00 97.00 100.00 0.08 2.33 3.00 6.00 0.50 10.00 20.00 39.00 29.00 27.00 22.00 0.00 0.00 0.00 1.00 0.00
354.00 52.00 77.00 162.00 268.00 85.00 106.00 0.08 1.85 4.00 4.00 1.00 11.00 19.00 41.00 33.00 24.00 28.00 0.00 0.00 0.00 0.00 0.00
355.00 46.00 70.00 152.00 251.00 82.00 99.00 0.08 1.93 5.00 5.00 1.00 7.00 15.00 39.00 31.00 21.00 25.00 0.00 0.00 0.00 0.00 0.00
356.00 55.00 82.00 180.00 281.00 98.00 101.00 0.08 1.91 4.00 5.00 0.80 14.00 25.00 41.00 30.00 37.00 18.00 0.00 0.00 1.00 0.00 0.00
357.00 49.00 68.00 154.00 258.00 86.00 104.00 0.08 2.37 4.00 4.00 1.00 11.00 20.00 38.00 29.00 28.00 21.00 1.00 0.00 0.00 0.00 0.00
358.00 50.00 61.00 151.00 261.00 90.00 110.00 0.09 1.67 4.00 5.00 0.80 11.00 17.00 39.00 33.00 31.00 19.00 1.00 0.00 0.00 0.00 0.00
359.00 56.00 82.00 190.00 298.00 108.00 108.00 0.10 2.45 4.00 3.00 1.33 13.00 25.00 43.00 31.00 29.00 27.00 1.00 0.00 0.00 0.00 0.00
360.00 51.00 77.00 167.00 269.00 90.00 102.00 0.09 1.99 4.00 4.00 1.00 13.00 25.00 38.00 26.00 36.00 15.00 0.00 0.00 0.00 0.00 0.00
361.00 48.00 66.00 144.00 246.00 78.00 102.00 0.09 2.22 5.00 4.00 1.25 12.00 21.00 36.00 27.00 30.00 18.00 0.00 0.00 0.00 0.00 0.00
362.00 50.00 81.00 161.00 270.00 80.00 109.00 0.08 2.04 5.00 5.00 1.00 6.00 13.00 44.00 37.00 25.00 25.00 0.00 0.00 0.00 0.00 0.00
363.00 51.00 65.00 173.00 283.00 108.00 110.00 0.08 2.25 5.00 5.00 1.00 9.00 20.00 42.00 31.00 25.00 26.00 0.00 0.00 0.00 0.00 0.00
364.00 50.00 72.00 158.00 260.00 86.00 102.00 0.08 2.28 4.00 3.00 1.33 7.00 18.00 43.00 32.00 24.00 26.00 0.00 0.00 2.00 0.00 0.00
365.00 52.00 92.00 179.00 271.00 87.00 92.00 0.08 2.05 5.00 3.00 1.67 12.00 20.00 40.00 32.00 29.00 23.00 0.00 0.00 0.00 0.00 0.00
366.00 52.00 78.00 172.00 277.00 94.00 105.00 0.09 1.93 4.00 5.00 0.80 11.00 22.00 41.00 30.00 30.00 22.00 0.00 0.00 2.00 1.00 0.00
367.00 49.00 66.00 158.00 255.00 92.00 97.00 0.07 1.70 4.00 4.00 1.00 11.00 20.00 38.00 29.00 28.00 21.00 0.00 0.00 1.00 0.00 0.00
368.00 46.00 56.00 149.00 248.00 93.00 99.00 0.08 1.67 3.00 5.00 0.60 11.00 18.00 35.00 28.00 27.00 19.00 0.00 0.00 1.00 0.00 0.00
369.00 52.00 86.00 173.00 273.00 87.00 100.00 0.09 1.74 4.00 3.00 1.33 12.00 23.00 40.00 29.00 29.00 23.00 0.00 0.00 1.00 0.00 0.00
370.00 49.00 86.00 167.00 262.00 81.00 95.00 0.09 2.00 3.00 4.00 0.75 7.00 16.00 42.00 33.00 24.00 25.00 0.00 0.00 1.00 0.00 0.00
371.00 53.00 91.00 166.00 273.00 75.00 107.00 0.10 1.77 4.00 4.00 1.00 9.00 17.00 44.00 36.00 29.00 24.00 0.00 0.00 1.00 0.00 0.00
372.00 46.00 70.00 146.00 246.00 76.00 100.00 0.09 1.60 5.00 5.00 1.00 4.00 14.00 42.00 32.00 27.00 19.00 1.00 0.00 0.00 0.00 0.00
373.00 55.00 73.00 176.00 292.00 103.00 116.00 0.09 1.94 5.00 6.00 0.83 12.00 24.00 43.00 31.00 32.00 23.00 1.00 0.00 1.00 0.00 0.00
374.00 54.00 89.00 176.00 288.00 87.00 112.00 0.08 2.35 5.00 3.00 1.67 11.00 19.00 43.00 35.00 31.00 23.00 1.00 0.00 0.00 0.00 0.00
375.00 48.00 70.00 153.00 240.00 83.00 87.00 0.07 2.50 5.00 2.00 2.50 11.00 20.00 37.00 28.00 27.00 21.00 0.00 0.00 0.00 0.00 0.00
376.00 51.00 66.00 157.00 275.00 91.00 118.00 0.09 2.21 4.00 3.00 1.33 8.00 22.00 43.00 29.00 33.00 18.00 1.00 0.00 0.00 0.00 0.00
377.00 53.00 79.00 167.00 286.00 88.00 119.00 0.08 2.50 4.00 4.00 1.00 11.00 19.00 42.00 34.00 26.00 27.00 1.00 0.00 0.00 0.00 0.00
378.00 51.00 79.00 176.00 277.00 97.00 101.00 0.09 1.65 6.00 3.00 2.00 6.00 13.00 45.00 38.00 19.00 32.00 1.00 0.00 0.00 0.00 0.00
379.00 51.00 76.00 162.00 265.00 86.00 103.00 0.09 2.17 6.00 1.00 6.00 10.00 22.00 41.00 29.00 32.00 19.00 0.00 0.00 0.00 0.00 0.00
380.00 49.00 64.00 154.00 256.00 90.00 102.00 0.10 1.70 4.00 2.00 2.00 9.00 20.00 40.00 29.00 33.00 16.00 0.00 0.00 0.00 0.00 0.00
381.00 43.00 56.00 131.00 221.00 75.00 90.00 0.08 1.45 5.00 2.00 2.50 5.00 12.00 38.00 31.00 22.00 21.00 0.00 0.00 0.00 0.00 0.00
382.00 50.00 74.00 155.00 258.00 81.00 103.00 0.10 2.40 4.00 3.00 1.33 10.00 23.00 40.00 27.00 30.00 20.00 0.00 0.00 1.00 0.00 1.00
383.00 48.00 73.00 159.00 256.00 86.00 97.00 0.08 2.14 6.00 4.00 1.50 10.00 16.00 38.00 32.00 23.00 25.00 1.00 0.00 0.00 0.00 0.00
384.00 48.00 60.00 144.00 258.00 84.00 114.00 0.09 2.13 5.00 3.00 1.67 10.00 19.00 38.00 29.00 29.00 19.00 0.00 0.00 0.00 0.00 0.00
385.00 49.00 86.00 164.00 264.00 78.00 100.00 0.07 2.37 5.00 3.00 1.67 9.00 12.00 40.00 37.00 26.00 23.00 0.00 0.00 0.00 0.00 0.00
386.00 47.00 74.00 146.00 248.00 72.00 102.00 0.09 2.20 4.00 4.00 1.00 11.00 22.00 36.00 25.00 28.00 19.00 0.00 0.00 0.00 0.00 0.00
387.00 51.00 80.00 169.00 279.00 89.00 110.00 0.08 1.72 4.00 3.00 1.33 7.00 19.00 44.00 32.00 23.00 28.00 0.00 0.00 0.00 0.00 0.00
388.00 57.00 74.00 166.00 299.00 92.00 133.00 0.09 2.43 5.00 5.00 1.00 9.00 23.00 48.00 34.00 35.00 22.00 0.00 0.00 0.00 1.00 0.00
389.00 50.00 79.00 165.00 271.00 86.00 106.00 0.09 2.52 4.00 7.00 0.57 8.00 16.00 42.00 34.00 23.00 27.00 0.00 0.00 0.00 0.00 0.00
390.00 51.00 75.00 155.00 266.00 80.00 111.00 0.10 2.03 4.00 5.00 0.80 11.00 21.00 40.00 30.00 27.00 24.00 0.00 0.00 0.00 0.00 0.00
391.00 52.00 78.00 167.00 271.00 89.00 104.00 0.10 2.46 5.00 5.00 1.00 14.00 26.00 38.00 26.00 33.00 19.00 1.00 0.00 0.00 1.00 0.00
392.00 56.00 80.00 174.00 297.00 94.00 123.00 0.09 2.09 5.00 3.00 1.67 8.00 22.00 48.00 34.00 28.00 28.00 0.00 0.00 1.00 0.00 1.00
393.00 48.00 69.00 151.00 250.00 82.00 99.00 0.11 2.06 3.00 2.00 1.50 8.00 17.00 40.00 31.00 28.00 20.00 0.00 0.00 1.00 0.00 0.00
394.00 60.00 94.00 194.00 314.00 100.00 120.00 0.09 2.52 5.00 3.00 1.67 13.00 25.00 47.00 35.00 36.00 24.00 0.00 0.00 0.00 0.00 0.00
395.00 57.00 89.00 180.00 299.00 91.00 119.00 0.07 2.22 5.00 2.00 2.50 17.00 25.00 40.00 32.00 33.00 24.00 0.00 0.00 1.00 2.00 1.00
396.00 53.00 87.00 191.00 280.00 104.00 89.00 0.08 2.43 6.00 2.00 3.00 8.00 20.00 45.00 33.00 35.00 18.00 0.00 0.00 0.00 0.00 0.00
397.00 53.00 72.00 166.00 277.00 94.00 111.00 0.07 2.77 6.00 2.00 3.00 16.00 22.00 37.00 31.00 29.00 24.00 0.00 0.00 1.00 0.00 0.00
398.00 54.00 81.00 184.00 300.00 103.00 116.00 0.08 3.01 4.00 1.00 4.00 7.00 17.00 47.00 37.00 28.00 26.00 1.00 0.00 0.00 0.00 0.00
399.00 50.00 72.00 166.00 270.00 94.00 104.00 0.09 2.42 4.00 3.00 1.33 9.00 17.00 41.00 33.00 25.00 25.00 0.00 0.00 2.00 0.00 0.00
400.00 52.00 79.00 168.00 285.00 89.00 117.00 0.07 2.77 5.00 3.00 1.67 12.00 25.00 40.00 27.00 29.00 23.00 0.00 0.00 1.00 0.00 0.00
401.00 51.00 70.00 165.00 267.00 95.00 102.00 0.09 2.09 3.00 3.00 1.00 10.00 23.00 41.00 28.00 28.00 23.00 0.00 0.00 0.00 0.00 0.00
402.00 44.00 65.00 143.00 232.00 78.00 89.00 0.08 2.22 1.00 3.00 0.33 13.00 21.00 31.00 23.00 26.00 18.00 0.00 0.00 0.00 0.00 0.00
403.00 48.00 70.00 146.00 248.00 76.00 102.00 0.07 2.24 5.00 4.00 1.25 13.00 21.00 35.00 27.00 27.00 21.00 0.00 0.00 0.00 0.00 0.00
404.00 51.00 79.00 167.00 272.00 88.00 105.00 0.07 2.03 5.00 5.00 1.00 17.00 23.00 34.00 28.00 28.00 23.00 0.00 0.00 0.00 0.00 0.00
405.00 47.00 83.00 150.00 248.00 67.00 98.00 0.08 1.73 4.00 2.00 2.00 8.00 18.00 39.00 29.00 23.00 24.00 0.00 0.00 0.00 0.00 0.00
406.00 47.00 72.00 151.00 249.00 79.00 98.00 0.07 2.20 5.00 2.00 2.50 8.00 16.00 39.00 31.00 27.00 20.00 0.00 0.00 0.00 0.00 0.00
407.00 42.00 53.00 122.00 220.00 69.00 98.00 0.09 1.86 4.00 4.00 1.00 8.00 12.00 34.00 30.00 24.00 18.00 0.00 0.00 1.00 1.00 0.00
408.00 48.00 63.00 151.00 243.00 88.00 92.00 0.07 2.08 4.00 3.00 1.33 8.00 21.00 40.00 27.00 31.00 17.00 0.00 0.00 0.00 0.00 0.00
409.00 47.00 65.00 147.00 252.00 82.00 105.00 0.08 2.48 3.00 4.00 0.75 7.00 18.00 40.00 29.00 31.00 16.00 0.00 0.00 0.00 1.00 0.00
410.00 42.00 50.00 132.00 234.00 82.00 102.00 0.09 1.60 5.00 2.00 2.50 6.00 17.00 36.00 25.00 26.00 16.00 0.00 0.00 0.00 0.00 0.00
411.00 53.00 90.00 178.00 284.00 88.00 106.00 0.09 2.06 5.00 3.00 1.67 11.00 22.00 42.00 31.00 28.00 25.00 0.00 0.00 0.00 0.00 0.00
412.00 51.00 72.00 161.00 267.00 89.00 106.00 0.10 2.46 4.00 4.00 1.00 12.00 20.00 39.00 31.00 29.00 22.00 0.00 0.00 2.00 0.00 0.00
413.00 49.00 61.00 152.00 264.00 91.00 112.00 0.07 2.29 4.00 3.00 1.33 12.00 23.00 37.00 26.00 27.00 22.00 0.00 0.00 0.00 0.00 0.00
414.00 52.00 94.00 174.00 276.00 80.00 102.00 0.09 1.91 4.00 5.00 0.80 11.00 17.00 41.00 35.00 23.00 29.00 1.00 0.00 1.00 0.00 0.00
415.00 46.00 71.00 152.00 242.00 81.00 90.00 0.08 1.60 4.00 5.00 0.80 9.00 18.00 37.00 28.00 25.00 21.00 0.00 0.00 0.00 0.00 1.00
416.00 46.00 73.00 147.00 243.00 74.00 96.00 0.09 2.09 6.00 6.00 1.00 12.00 20.00 34.00 26.00 26.00 20.00 0.00 0.00 1.00 0.00 0.00
417.00 50.00 75.00 159.00 267.00 84.00 108.00 0.09 1.91 5.00 4.00 1.25 10.00 22.00 40.00 28.00 28.00 22.00 0.00 0.00 0.00 1.00 0.00
418.00 46.00 61.00 143.00 248.00 82.00 105.00 0.08 2.03 4.00 4.00 1.00 11.00 17.00 35.00 29.00 28.00 18.00 0.00 0.00 0.00 0.00 0.00
419.00 56.00 82.00 180.00 300.00 98.00 120.00 0.08 2.07 4.00 4.00 1.00 13.00 24.00 43.00 32.00 29.00 27.00 0.00 0.00 0.00 0.00 0.00
420.00 52.00 60.00 163.00 269.00 103.00 106.00 0.08 1.86 5.00 5.00 1.00 8.00 19.00 44.00 33.00 28.00 24.00 0.00 0.00 1.00 0.00 0.00
421.00 48.00 65.00 150.00 263.00 85.00 113.00 0.08 2.22 5.00 5.00 1.00 6.00 15.00 42.00 33.00 22.00 26.00 0.00 0.00 0.00 0.00 0.00
422.00 53.00 58.00 149.00 269.00 91.00 120.00 0.09 2.33 4.00 5.00 0.80 11.00 20.00 42.00 33.00 31.00 22.00 0.00 0.00 0.00 1.00 0.00
423.00 49.00 55.00 155.00 262.00 100.00 107.00 0.10 2.44 5.00 2.00 2.50 10.00 18.00 39.00 31.00 20.00 29.00 1.00 0.00 0.00 0.00 0.00
424.00 45.00 61.00 143.00 238.00 82.00 95.00 0.08 1.54 5.00 1.00 5.00 9.00 20.00 36.00 25.00 26.00 19.00 0.00 0.00 0.00 1.00 0.00
425.00 51.00 77.00 162.00 267.00 85.00 105.00 0.08 2.06 1.00 4.00 0.25 10.00 25.00 41.00 26.00 34.00 17.00 0.00 0.00 0.00 0.00 0.00
426.00 39.00 52.00 123.00 202.00 71.00 79.00 0.08 1.75 3.00 3.00 1.00 9.00 17.00 30.00 22.00 21.00 18.00 0.00 0.00 0.00 0.00 0.00
427.00 45.00 70.00 144.00 237.00 74.00 93.00 0.09 2.30 2.00 4.00 0.50 11.00 20.00 34.00 25.00 28.00 17.00 0.00 0.00 0.00 0.00 0.00
428.00 44.00 62.00 143.00 236.00 81.00 93.00 0.06 2.18 2.00 4.00 0.50 7.00 15.00 37.00 29.00 23.00 21.00 0.00 0.00 0.00 0.00 0.00
429.00 44.00 60.00 142.00 240.00 82.00 98.00 0.07 1.94 3.00 5.00 0.60 12.00 20.00 32.00 24.00 26.00 18.00 0.00 0.00 1.00 1.00 0.00
430.00 47.00 78.00 148.00 245.00 70.00 97.00 0.07 2.07 1.00 4.00 0.25 12.00 17.00 35.00 30.00 21.00 26.00 0.00 0.00 1.00 1.00 0.00
431.00 45.00 62.00 138.00 237.00 76.00 99.00 0.07 1.69 1.00 3.00 0.33 11.00 24.00 34.00 21.00 32.00 13.00 0.00 0.00 0.00 1.00 0.00
432.00 47.00 67.00 141.00 227.00 74.00 86.00 0.08 2.14 1.00 3.00 0.33 12.00 23.00 35.00 24.00 31.00 16.00 0.00 0.00 1.00 1.00 0.00
433.00 45.00 74.00 145.00 243.00 71.00 98.00 0.09 1.74 1.00 3.00 0.33 11.00 16.00 34.00 29.00 24.00 21.00 0.00 0.00 0.00 0.00 0.00
434.00 38.00 55.00 116.00 199.00 61.00 83.00 0.07 1.72 1.00 4.00 0.25 6.00 15.00 32.00 23.00 19.00 19.00 0.00 0.00 1.00 0.00 0.00
435.00 46.00 79.00 147.00 243.00 68.00 96.00 0.08 2.27 1.00 4.00 0.25 8.00 20.00 38.00 26.00 28.00 18.00 0.00 0.00 1.00 1.00 0.00
436.00 46.00 65.00 140.00 239.00 75.00 99.00 0.09 1.78 2.00 4.00 0.50 8.00 15.00 38.00 31.00 22.00 24.00 0.00 0.00 0.00 1.00 0.00
437.00 49.00 78.00 160.00 258.00 82.00 98.00 0.09 2.37 4.00 4.00 1.00 8.00 17.00 41.00 32.00 24.00 25.00 0.00 0.00 0.00 1.00 0.00
438.00 47.00 74.00 146.00 243.00 72.00 97.00 0.07 2.16 4.00 3.00 1.33 9.00 19.00 38.00 28.00 23.00 24.00 0.00 0.00 0.00 1.00 0.00
439.00 44.00 62.00 134.00 229.00 72.00 95.00 0.07 2.46 5.00 3.00 1.67 9.00 14.00 35.00 30.00 20.00 24.00 0.00 0.00 0.00 0.00 0.00
440.00 46.00 65.00 155.00 251.00 90.00 96.00 0.09 2.81 5.00 5.00 1.00 9.00 21.00 37.00 25.00 22.00 24.00 0.00 0.00 1.00 0.00 0.00
441.00 46.00 75.00 138.00 236.00 63.00 98.00 0.07 2.01 4.00 5.00 0.80 11.00 17.00 35.00 29.00 25.00 21.00 0.00 0.00 0.00 0.00 0.00
442.00 44.00 60.00 143.00 238.00 83.00 95.00 0.09 2.41 5.00 4.00 1.25 7.00 15.00 37.00 29.00 18.00 26.00 1.00 0.00 0.00 0.00 0.00
443.00 43.00 74.00 141.00 224.00 67.00 83.00 0.08 1.58 4.00 3.00 1.33 7.00 17.00 36.00 26.00 21.00 22.00 0.00 0.00 0.00 0.00 0.00
444.00 40.00 54.00 131.00 216.00 77.00 85.00 0.09 2.28 4.00 2.00 2.00 9.00 11.00 31.00 29.00 20.00 20.00 0.00 0.00 0.00 0.00 0.00
445.00 46.00 73.00 147.00 234.00 74.00 87.00 0.10 2.30 3.00 3.00 1.00 7.00 15.00 39.00 31.00 27.00 19.00 0.00 0.00 1.00 0.00 0.00
446.00 50.00 71.00 158.00 271.00 87.00 113.00 0.08 2.54 4.00 2.00 2.00 13.00 21.00 37.00 29.00 26.00 24.00 0.00 0.00 0.00 0.00 0.00
447.00 46.00 67.00 150.00 243.00 83.00 93.00 0.08 2.05 4.00 4.00 1.00 11.00 19.00 35.00 27.00 24.00 22.00 0.00 0.00 2.00 0.00 0.00
448.00 40.00 60.00 123.00 200.00 63.00 77.00 0.09 3.06 3.00 3.00 1.00 6.00 18.00 34.00 22.00 22.00 18.00 0.00 0.00 1.00 1.00 0.00
449.00 46.00 58.00 141.00 249.00 83.00 108.00 0.08 2.09 2.00 3.00 0.67 12.00 21.00 34.00 25.00 32.00 14.00 0.00 0.00 1.00 0.00 0.00
450.00 51.00 81.00 161.00 262.00 80.00 101.00 0.08 2.70 4.00 5.00 0.80 8.00 19.00 43.00 32.00 28.00 23.00 0.00 0.00 0.00 0.00 0.00
451.00 44.00 67.00 136.00 223.00 69.00 87.00 0.08 2.85 4.00 4.00 1.00 12.00 20.00 32.00 24.00 31.00 13.00 0.00 0.00 0.00 0.00 0.00
452.00 45.00 65.00 142.00 244.00 77.00 102.00 0.08 2.29 3.00 5.00 0.60 8.00 16.00 37.00 29.00 23.00 22.00 0.00 0.00 1.00 0.00 1.00
453.00 46.00 84.00 150.00 240.00 66.00 90.00 0.08 2.69 4.00 4.00 1.00 7.00 15.00 39.00 31.00 25.00 21.00 0.00 0.00 1.00 0.00 0.00
454.00 44.00 62.00 147.00 234.00 85.00 87.00 0.08 2.54 5.00 4.00 1.25 9.00 20.00 35.00 24.00 35.00 9.00 0.00 0.00 2.00 0.00 0.00
455.00 44.00 67.00 146.00 227.00 79.00 81.00 0.08 2.51 5.00 4.00 1.25 10.00 23.00 34.00 21.00 25.00 19.00 1.00 0.00 0.00 0.00 0.00
456.00 46.00 74.00 145.00 242.00 71.00 97.00 0.09 1.82 5.00 3.00 1.67 6.00 13.00 40.00 33.00 25.00 21.00 0.00 0.00 1.00 0.00 0.00
457.00 40.00 48.00 127.00 214.00 79.00 87.00 0.09 2.57 3.00 2.00 1.50 12.00 16.00 28.00 24.00 23.00 17.00 0.00 0.00 1.00 0.00 0.00
458.00 41.00 57.00 125.00 223.00 68.00 98.00 0.09 1.97 5.00 3.00 1.67 5.00 14.00 36.00 27.00 25.00 16.00 0.00 0.00 0.00 0.00 0.00
459.00 46.00 70.00 140.00 247.00 70.00 107.00 0.08 2.44 6.00 3.00 2.00 11.00 20.00 35.00 26.00 25.00 21.00 0.00 0.00 1.00 0.00 0.00
460.00 48.00 76.00 167.00 248.00 91.00 81.00 0.07 2.15 6.00 3.00 2.00 12.00 17.00 36.00 31.00 28.00 20.00 0.00 0.00 0.00 1.00 0.00
461.00 44.00 65.00 147.00 237.00 82.00 90.00 0.11 2.29 5.00 3.00 1.67 3.00 12.00 41.00 32.00 20.00 24.00 0.00 0.00 1.00 1.00 0.00
462.00 46.00 59.00 142.00 253.00 83.00 111.00 0.08 2.24 4.00 2.00 2.00 11.00 23.00 35.00 23.00 29.00 17.00 0.00 0.00 1.00 0.00 0.00
463.00 45.00 61.00 139.00 232.00 78.00 93.00 0.09 1.45 5.00 3.00 1.67 10.00 19.00 35.00 26.00 30.00 15.00 0.00 0.00 0.00 0.00 0.00
464.00 47.00 71.00 151.00 249.00 80.00 98.00 0.09 1.62 5.00 2.00 2.50 8.00 17.00 39.00 30.00 26.00 21.00 0.00 0.00 1.00 0.00 0.00
465.00 43.00 57.00 133.00 228.00 76.00 95.00 0.08 1.98 5.00 3.00 1.67 7.00 15.00 36.00 28.00 24.00 19.00 0.00 0.00 1.00 0.00 0.00
466.00 47.00 73.00 145.00 247.00 72.00 102.00 0.09 1.66 4.00 3.00 1.33 10.00 20.00 37.00 27.00 30.00 17.00 0.00 0.00 0.00 0.00 0.00
467.00 47.00 83.00 153.00 252.00 70.00 99.00 0.07 1.52 6.00 3.00 2.00 9.00 18.00 38.00 29.00 24.00 23.00 0.00 0.00 1.00 0.00 0.00
468.00 44.00 69.00 140.00 230.00 71.00 90.00 0.09 2.07 5.00 1.00 5.00 8.00 17.00 36.00 27.00 26.00 18.00 0.00 0.00 0.00 0.00 0.00
469.00 46.00 60.00 138.00 236.00 78.00 98.00 0.09 1.66 6.00 3.00 2.00 13.00 23.00 33.00 23.00 33.00 13.00 0.00 0.00 0.00 0.00 0.00
470.00 47.00 64.00 145.00 251.00 81.00 106.00 0.09 1.89 6.00 2.00 3.00 12.00 21.00 35.00 26.00 28.00 19.00 0.00 0.00 0.00 0.00 0.00
471.00 44.00 65.00 152.00 238.00 87.00 86.00 0.09 1.40 7.00 2.00 3.50 9.00 20.00 35.00 24.00 26.00 18.00 0.00 0.00 1.00 0.00 0.00
472.00 49.00 75.00 147.00 258.00 72.00 111.00 0.08 1.46 6.00 1.00 6.00 11.00 22.00 38.00 27.00 28.00 21.00 0.00 0.00 2.00 0.00 0.00
473.00 44.00 63.00 149.00 240.00 86.00 91.00 0.09 1.70 4.00 1.00 4.00 8.00 17.00 36.00 27.00 22.00 22.00 0.00 0.00 0.00 0.00 0.00
474.00 37.00 46.00 115.00 199.00 69.00 84.00 0.10 1.30 5.00 2.00 2.50 7.00 14.00 30.00 23.00 22.00 15.00 0.00 0.00 1.00 0.00 0.00
475.00 42.00 55.00 128.00 222.00 73.00 94.00 0.09 1.71 5.00 3.00 1.67 6.00 15.00 36.00 27.00 20.00 22.00 0.00 0.00 0.00 0.00 0.00
476.00 43.00 65.00 133.00 220.00 68.00 87.00 0.08 1.93 6.00 2.00 3.00 11.00 18.00 32.00 25.00 22.00 21.00 0.00 0.00 0.00 0.00 0.00
477.00 42.00 70.00 139.00 227.00 69.00 88.00 0.08 1.67 5.00 3.00 1.67 6.00 17.00 36.00 25.00 23.00 19.00 0.00 0.00 0.00 0.00 0.00
478.00 39.00 52.00 120.00 198.00 68.00 78.00 0.09 2.58 5.00 2.00 2.50 8.00 18.00 31.00 21.00 23.00 16.00 0.00 0.00 0.00 0.00 0.00
479.00 46.00 55.00 135.00 244.00 80.00 109.00 0.10 2.86 3.00 3.00 1.00 11.00 22.00 35.00 24.00 28.00 18.00 0.00 0.00 0.00 0.00 0.00
480.00 46.00 53.00 142.00 242.00 89.00 100.00 0.07 1.64 4.00 2.00 2.00 9.00 20.00 37.00 26.00 30.00 16.00 0.00 0.00 0.00 0.00 0.00
481.00 35.00 53.00 114.00 189.00 61.00 75.00 0.08 1.68 4.00 1.00 4.00 7.00 16.00 28.00 19.00 23.00 12.00 0.00 0.00 0.00 0.00 0.00
482.00 37.00 50.00 107.00 201.00 57.00 94.00 0.08 1.97 5.00 2.00 2.50 4.00 15.00 33.00 22.00 24.00 13.00 0.00 0.00 0.00 0.00 0.00
483.00 41.00 69.00 133.00 219.00 64.00 86.00 0.07 1.62 5.00 3.00 1.67 7.00 14.00 34.00 27.00 20.00 21.00 0.00 0.00 0.00 0.00 0.00
484.00 40.00 63.00 135.00 220.00 72.00 85.00 0.08 1.58 5.00 3.00 1.67 4.00 10.00 36.00 30.00 18.00 22.00 0.00 0.00 0.00 0.00 0.00
485.00 38.00 60.00 119.00 201.00 59.00 82.00 0.08 1.64 5.00 3.00 1.67 7.00 9.00 31.00 29.00 17.00 21.00 1.00 0.00 0.00 0.00 0.00
486.00 45.00 58.00 145.00 241.00 87.00 96.00 0.09 1.63 5.00 4.00 1.25 11.00 15.00 34.00 30.00 19.00 26.00 0.00 0.00 0.00 0.00 0.00
487.00 47.00 80.00 156.00 254.00 76.00 98.00 0.10 2.34 5.00 3.00 1.67 6.00 13.00 41.00 34.00 20.00 27.00 0.00 0.00 0.00 1.00 0.00
488.00 39.00 49.00 118.00 207.00 69.00 89.00 0.07 1.96 3.00 0.00 0.00 8.00 18.00 31.00 21.00 26.00 13.00 0.00 0.00 1.00 1.00 0.00
489.00 46.00 71.00 142.00 237.00 71.00 95.00 0.09 1.84 4.00 3.00 1.33 14.00 24.00 32.00 22.00 26.00 20.00 1.00 0.00 1.00 0.00 0.00
490.00 42.00 51.00 132.00 226.00 81.00 94.00 0.07 2.26 5.00 3.00 1.67 9.00 19.00 33.00 23.00 29.00 13.00 0.00 0.00 0.00 0.00 0.00
491.00 47.00 63.00 147.00 250.00 84.00 103.00 0.06 1.97 5.00 3.00 1.67 6.00 12.00 41.00 35.00 23.00 24.00 0.00 0.00 1.00 0.00 0.00
492.00 48.00 80.00 157.00 251.00 77.00 94.00 0.10 2.22 4.00 3.00 1.33 7.00 18.00 41.00 30.00 27.00 21.00 0.00 0.00 1.00 1.00 0.00
493.00 43.00 71.00 147.00 237.00 76.00 90.00 0.08 1.71 5.00 2.00 2.50 3.00 8.00 40.00 35.00 14.00 29.00 1.00 0.00 0.00 0.00 1.00
494.00 44.00 68.00 147.00 242.00 79.00 95.00 0.08 1.36 6.00 3.00 2.00 8.00 14.00 36.00 30.00 20.00 24.00 1.00 0.00 0.00 0.00 0.00
495.00 50.00 80.00 169.00 269.00 89.00 100.00 0.08 2.16 5.00 3.00 1.67 8.00 15.00 42.00 35.00 29.00 21.00 0.00 0.00 0.00 0.00 0.00
496.00 46.00 62.00 152.00 246.00 90.00 94.00 0.09 2.20 5.00 3.00 1.67 4.00 10.00 42.00 36.00 25.00 21.00 0.00 0.00 1.00 0.00 1.00
497.00 35.00 46.00 105.00 181.00 59.00 76.00 0.07 2.25 4.00 2.00 2.00 7.00 16.00 28.00 19.00 17.00 18.00 0.00 0.00 1.00 0.00 0.00
498.00 42.00 47.00 128.00 231.00 81.00 103.00 0.08 2.62 5.00 3.00 1.67 7.00 13.00 35.00 29.00 22.00 20.00 0.00 0.00 0.00 0.00 1.00
499.00 50.00 74.00 158.00 264.00 84.00 106.00 0.09 3.02 6.00 2.00 3.00 12.00 21.00 38.00 29.00 28.00 22.00 1.00 0.00 1.00 0.00 0.00
500.00 46.00 80.00 153.00 245.00 73.00 92.00 0.08 2.45 4.00 2.00 2.00 10.00 17.00 36.00 29.00 26.00 20.00 0.00 0.00 0.00 0.00 0.00
501.00 44.00 59.00 139.00 241.00 80.00 102.00 0.08 2.47 4.00 4.00 1.00 10.00 16.00 34.00 28.00 25.00 19.00 0.00 0.00 0.00 0.00 0.00
502.00 43.00 62.00 144.00 240.00 82.00 96.00 0.08 2.21 5.00 3.00 1.67 6.00 7.00 37.00 36.00 20.00 23.00 0.00 0.00 0.00 0.00 0.00
503.00 46.00 66.00 160.00 259.00 94.00 99.00 0.07 2.19 6.00 3.00 2.00 5.00 16.00 41.00 30.00 23.00 23.00 1.00 0.00 0.00 0.00 0.00
504.00 49.00 79.00 166.00 270.00 87.00 104.00 0.08 1.87 4.00 3.00 1.33 8.00 21.00 41.00 28.00 33.00 16.00 1.00 0.00 0.00 0.00 0.00
505.00 47.00 67.00 155.00 253.00 88.00 98.00 0.09 1.85 5.00 4.00 1.25 9.00 18.00 38.00 29.00 25.00 22.00 1.00 0.00 0.00 0.00 0.00
506.00 42.00 68.00 140.00 224.00 72.00 84.00 0.09 1.53 5.00 3.00 1.67 6.00 12.00 36.00 30.00 22.00 20.00 0.00 0.00 1.00 0.00 0.00
507.00 38.00 56.00 129.00 202.00 73.00 73.00 0.09 1.74 6.00 3.00 2.00 4.00 10.00 34.00 28.00 17.00 21.00 0.00 0.00 2.00 0.00 0.00
508.00 41.00 59.00 139.00 215.00 80.00 76.00 0.09 1.94 6.00 2.00 3.00 7.00 12.00 34.00 29.00 17.00 24.00 0.00 0.00 1.00 0.00 0.00
509.00 38.00 55.00 123.00 215.00 68.00 92.00 0.08 2.04 7.00 2.00 3.50 3.00 12.00 35.00 26.00 21.00 17.00 0.00 0.00 0.00 0.00 0.00
510.00 39.00 64.00 132.00 210.00 68.00 78.00 0.08 1.94 6.00 2.00 3.00 5.00 17.00 34.00 22.00 23.00 16.00 0.00 0.00 0.00 0.00 0.00
511.00 46.00 66.00 149.00 248.00 83.00 99.00 0.08 2.27 4.00 4.00 1.00 9.00 18.00 37.00 28.00 27.00 19.00 0.00 0.00 0.00 0.00 0.00
512.00 41.00 60.00 131.00 219.00 71.00 88.00 0.09 1.93 7.00 2.00 3.50 7.00 15.00 34.00 26.00 20.00 21.00 0.00 0.00 0.00 0.00 0.00
513.00 46.00 58.00 143.00 233.00 85.00 90.00 0.09 1.60 3.00 3.00 1.00 7.00 18.00 39.00 28.00 31.00 15.00 0.00 0.00 0.00 0.00 0.00
514.00 41.00 52.00 126.00 210.00 74.00 84.00 0.10 2.03 5.00 3.00 1.67 12.00 18.00 29.00 23.00 28.00 13.00 0.00 0.00 1.00 0.00 0.00
515.00 38.00 52.00 123.00 201.00 71.00 78.00 0.10 1.60 4.00 5.00 0.80 7.00 13.00 31.00 25.00 21.00 17.00 0.00 0.00 0.00 1.00 0.00
516.00 31.00 38.00 92.00 167.00 54.00 75.00 0.09 2.31 4.00 5.00 0.80 8.00 17.00 23.00 14.00 20.00 11.00 0.00 0.00 1.00 0.00 0.00
517.00 43.00 64.00 124.00 212.00 60.00 88.00 0.08 2.31 4.00 4.00 1.00 11.00 18.00 32.00 25.00 23.00 20.00 0.00 0.00 0.00 0.00 0.00
518.00 46.00 72.00 141.00 242.00 69.00 101.00 0.09 1.95 5.00 5.00 1.00 11.00 18.00 35.00 28.00 29.00 17.00 0.00 0.00 0.00 0.00 1.00
519.00 42.00 62.00 134.00 231.00 72.00 97.00 0.09 1.95 4.00 5.00 0.80 9.00 15.00 33.00 27.00 21.00 21.00 0.00 0.00 0.00 0.00 0.00
520.00 41.00 70.00 137.00 216.00 67.00 79.00 0.09 2.00 4.00 5.00 0.80 9.00 11.00 32.00 30.00 23.00 18.00 0.00 0.00 1.00 0.00 0.00
521.00 44.00 57.00 131.00 225.00 74.00 94.00 0.08 2.29 4.00 4.00 1.00 10.00 15.00 34.00 29.00 23.00 21.00 0.00 0.00 0.00 0.00 0.00
522.00 40.00 44.00 117.00 203.00 73.00 86.00 0.06 1.97 2.00 4.00 0.50 11.00 17.00 29.00 23.00 23.00 17.00 0.00 0.00 0.00 0.00 0.00
523.00 42.00 63.00 135.00 214.00 72.00 79.00 0.08 1.39 4.00 4.00 1.00 9.00 20.00 33.00 22.00 26.00 16.00 0.00 0.00 0.00 0.00 0.00
524.00 41.00 54.00 120.00 207.00 66.00 87.00 0.07 1.35 4.00 4.00 1.00 8.00 19.00 33.00 22.00 23.00 18.00 0.00 0.00 0.00 0.00 0.00
525.00 42.00 63.00 137.00 219.00 74.00 82.00 0.08 0.96 4.00 5.00 0.80 5.00 11.00 37.00 31.00 20.00 22.00 0.00 0.00 0.00 0.00 0.00
526.00 46.00 73.00 144.00 230.00 71.00 86.00 0.09 1.52 3.00 4.00 0.75 11.00 20.00 35.00 26.00 26.00 20.00 0.00 0.00 0.00 0.00 0.00
527.00 42.00 66.00 138.00 227.00 72.00 89.00 0.08 1.26 4.00 5.00 0.80 5.00 15.00 37.00 27.00 22.00 20.00 0.00 0.00 0.00 0.00 0.00
528.00 38.00 53.00 122.00 202.00 69.00 80.00 0.07 1.20 4.00 5.00 0.80 8.00 15.00 30.00 23.00 23.00 15.00 0.00 0.00 0.00 0.00 1.00
529.00 40.00 61.00 128.00 221.00 67.00 93.00 0.09 1.25 5.00 3.00 1.67 7.00 14.00 33.00 26.00 21.00 19.00 0.00 0.00 0.00 0.00 0.00
530.00 36.00 38.00 115.00 195.00 77.00 80.00 0.08 1.32 5.00 3.00 1.67 6.00 13.00 30.00 23.00 22.00 14.00 0.00 0.00 0.00 0.00 0.00
531.00 44.00 81.00 152.00 233.00 71.00 81.00 0.07 1.27 5.00 2.00 2.50 7.00 11.00 37.00 33.00 21.00 23.00 0.00 0.00 0.00 0.00 0.00
532.00 47.00 63.00 145.00 237.00 82.00 92.00 0.09 1.61 4.00 1.00 4.00 9.00 22.00 38.00 25.00 28.00 19.00 0.00 0.00 0.00 0.00 0.00
533.00 41.00 60.00 125.00 214.00 65.00 89.00 0.08 1.64 5.00 1.00 5.00 12.00 18.00 29.00 23.00 27.00 14.00 0.00 0.00 0.00 0.00 0.00
534.00 45.00 59.00 123.00 232.00 64.00 109.00 0.10 1.47 4.00 1.00 4.00 13.00 21.00 32.00 24.00 30.00 15.00 0.00 0.00 0.00 0.00 0.00
535.00 44.00 71.00 136.00 231.00 65.00 95.00 0.09 1.61 6.00 1.00 6.00 9.00 19.00 35.00 25.00 26.00 18.00 0.00 0.00 1.00 0.00 0.00
536.00 42.00 69.00 142.00 224.00 73.00 82.00 0.08 1.04 4.00 2.00 2.00 12.00 17.00 30.00 25.00 27.00 15.00 0.00 0.00 1.00 0.00 0.00
537.00 42.00 59.00 145.00 228.00 86.00 83.00 0.07 0.85 4.00 0.00 0.00 12.00 16.00 30.00 26.00 21.00 21.00 0.00 0.00 1.00 0.00 0.00
538.00 43.00 73.00 133.00 226.00 60.00 93.00 0.09 1.18 3.00 3.00 1.00 6.00 13.00 37.00 30.00 22.00 21.00 0.00 0.00 0.00 0.00 0.00
539.00 38.00 58.00 117.00 199.00 59.00 82.00 0.08 0.81 5.00 2.00 2.50 8.00 17.00 30.00 21.00 23.00 15.00 0.00 0.00 0.00 0.00 0.00
540.00 42.00 68.00 140.00 223.00 72.00 83.00 0.08 1.03 5.00 3.00 1.67 7.00 15.00 35.00 27.00 22.00 20.00 0.00 0.00 1.00 0.00 0.00
541.00 39.00 53.00 115.00 213.00 62.00 98.00 0.09 1.64 5.00 1.00 5.00 11.00 17.00 28.00 22.00 22.00 17.00 0.00 0.00 1.00 0.00 0.00
542.00 44.00 77.00 146.00 234.00 69.00 88.00 0.07 1.48 5.00 1.00 5.00 11.00 17.00 33.00 27.00 27.00 17.00 0.00 0.00 0.00 0.00 0.00
543.00 39.00 65.00 121.00 212.00 56.00 91.00 0.08 2.20 5.00 1.00 5.00 8.00 14.00 31.00 25.00 20.00 19.00 0.00 0.00 0.00 0.00 0.00
544.00 39.00 62.00 131.00 203.00 69.00 72.00 0.08 1.92 6.00 2.00 3.00 4.00 8.00 35.00 31.00 20.00 19.00 0.00 0.00 0.00 0.00 0.00
545.00 41.00 61.00 132.00 219.00 71.00 87.00 0.09 2.07 5.00 2.00 2.50 4.00 7.00 37.00 34.00 18.00 23.00 0.00 0.00 1.00 0.00 0.00
546.00 41.00 68.00 142.00 219.00 74.00 77.00 0.09 1.61 8.00 3.00 2.67 9.00 13.00 32.00 28.00 26.00 15.00 0.00 0.00 0.00 0.00 0.00
547.00 43.00 63.00 139.00 229.00 76.00 90.00 0.10 1.82 3.00 3.00 1.00 7.00 16.00 36.00 27.00 26.00 17.00 0.00 0.00 1.00 1.00 0.00
548.00 39.00 53.00 124.00 208.00 71.00 84.00 0.09 2.26 4.00 3.00 1.33 7.00 15.00 32.00 24.00 23.00 16.00 0.00 0.00 1.00 0.00 1.00
549.00 39.00 57.00 118.00 200.00 61.00 82.00 0.08 1.18 5.00 1.00 5.00 6.00 13.00 33.00 26.00 24.00 15.00 0.00 0.00 0.00 0.00 0.00
550.00 45.00 67.00 152.00 238.00 85.00 86.00 0.08 1.86 5.00 2.00 2.50 6.00 17.00 39.00 28.00 24.00 21.00 0.00 0.00 1.00 0.00 0.00
551.00 43.00 63.00 134.00 234.00 71.00 100.00 0.07 1.81 5.00 1.00 5.00 8.00 21.00 35.00 22.00 26.00 17.00 0.00 0.00 0.00 0.00 0.00
552.00 41.00 62.00 133.00 221.00 71.00 88.00 0.08 2.15 5.00 1.00 5.00 6.00 12.00 35.00 29.00 19.00 22.00 0.00 0.00 0.00 0.00 0.00
553.00 42.00 60.00 135.00 226.00 75.00 91.00 0.10 1.85 4.00 2.00 2.00 8.00 20.00 34.00 22.00 27.00 15.00 0.00 0.00 0.00 0.00 0.00
554.00 46.00 68.00 153.00 242.00 85.00 89.00 0.08 2.09 5.00 2.00 2.50 10.00 19.00 36.00 27.00 26.00 20.00 0.00 0.00 0.00 1.00 0.00
555.00 48.00 72.00 156.00 253.00 84.00 97.00 0.09 2.29 4.00 2.00 2.00 8.00 21.00 40.00 27.00 29.00 19.00 0.00 0.00 0.00 0.00 0.00
556.00 51.00 66.00 171.00 278.00 105.00 107.00 0.08 2.25 5.00 4.00 1.25 14.00 24.00 37.00 27.00 34.00 17.00 0.00 0.00 1.00 0.00 0.00
557.00 45.00 77.00 151.00 242.00 74.00 91.00 0.09 2.08 6.00 4.00 1.50 6.00 16.00 39.00 29.00 25.00 20.00 0.00 0.00 0.00 0.00 0.00
558.00 45.00 68.00 146.00 234.00 78.00 88.00 0.06 2.67 4.00 3.00 1.33 7.00 15.00 38.00 30.00 24.00 21.00 0.00 0.00 0.00 0.00 0.00
559.00 47.00 66.00 149.00 243.00 83.00 94.00 0.10 2.74 6.00 3.00 2.00 13.00 22.00 34.00 25.00 29.00 18.00 0.00 0.00 0.00 0.00 0.00
560.00 49.00 72.00 164.00 261.00 92.00 97.00 0.08 2.55 5.00 3.00 1.67 11.00 16.00 38.00 33.00 29.00 20.00 0.00 0.00 1.00 0.00 0.00
561.00 46.00 64.00 154.00 245.00 90.00 91.00 0.08 2.42 5.00 2.00 2.50 8.00 16.00 38.00 30.00 23.00 23.00 0.00 0.00 1.00 0.00 0.00
562.00 48.00 83.00 162.00 249.00 79.00 87.00 0.09 2.80 5.00 2.00 2.50 8.00 18.00 40.00 30.00 26.00 22.00 0.00 0.00 1.00 0.00 0.00
563.00 51.00 90.00 175.00 278.00 85.00 103.00 0.09 2.51 6.00 4.00 1.50 8.00 21.00 43.00 30.00 27.00 24.00 0.00 0.00 0.00 0.00 0.00
564.00 52.00 86.00 179.00 270.00 93.00 91.00 0.08 2.48 5.00 5.00 1.00 12.00 19.00 40.00 33.00 25.00 27.00 0.00 0.00 1.00 0.00 0.00
565.00 46.00 58.00 148.00 247.00 90.00 99.00 0.08 1.79 5.00 4.00 1.25 10.00 20.00 36.00 26.00 24.00 22.00 0.00 0.00 1.00 1.00 0.00
566.00 44.00 72.00 148.00 232.00 76.00 84.00 0.08 2.10 6.00 4.00 1.50 1.00 13.00 43.00 31.00 23.00 21.00 0.00 0.00 0.00 0.00 0.00
567.00 53.00 87.00 179.00 280.00 92.00 101.00 0.09 2.24 4.00 5.00 0.80 12.00 17.00 41.00 36.00 26.00 27.00 0.00 0.00 0.00 0.00 0.00
568.00 42.00 46.00 128.00 221.00 82.00 93.00 0.07 2.17 3.00 2.00 1.50 7.00 20.00 35.00 22.00 26.00 16.00 0.00 0.00 0.00 0.00 0.00
569.00 55.00 84.00 173.00 285.00 89.00 112.00 0.09 2.55 6.00 5.00 1.20 13.00 26.00 42.00 29.00 33.00 22.00 0.00 0.00 0.00 0.00 0.00
570.00 50.00 76.00 160.00 262.00 84.00 102.00 0.08 2.77 4.00 4.00 1.00 8.00 16.00 42.00 34.00 25.00 25.00 0.00 0.00 0.00 0.00 0.00
571.00 50.00 84.00 169.00 265.00 85.00 96.00 0.08 2.16 7.00 5.00 1.40 6.00 18.00 44.00 32.00 28.00 22.00 0.00 0.00 0.00 1.00 0.00
572.00 50.00 83.00 172.00 258.00 89.00 86.00 0.07 2.36 4.00 6.00 0.67 10.00 17.00 40.00 33.00 21.00 29.00 0.00 0.00 0.00 0.00 1.00
573.00 46.00 77.00 152.00 246.00 75.00 94.00 0.08 2.43 6.00 4.00 1.50 11.00 16.00 35.00 30.00 25.00 21.00 0.00 0.00 0.00 0.00 0.00
574.00 49.00 64.00 152.00 259.00 88.00 107.00 0.08 2.62 5.00 5.00 1.00 12.00 22.00 37.00 27.00 30.00 19.00 0.00 0.00 0.00 0.00 0.00
575.00 52.00 69.00 160.00 272.00 91.00 112.00 0.08 1.86 5.00 6.00 0.83 9.00 24.00 43.00 28.00 33.00 19.00 0.00 0.00 1.00 0.00 0.00
576.00 46.00 58.00 139.00 246.00 81.00 107.00 0.08 1.73 4.00 4.00 1.00 12.00 20.00 34.00 26.00 31.00 15.00 0.00 0.00 2.00 0.00 0.00
577.00 50.00 66.00 155.00 258.00 89.00 103.00 0.07 2.06 4.00 5.00 0.80 12.00 22.00 38.00 28.00 31.00 19.00 0.00 0.00 0.00 0.00 0.00
578.00 45.00 75.00 150.00 239.00 75.00 89.00 0.08 2.04 5.00 3.00 1.67 7.00 13.00 38.00 32.00 24.00 21.00 0.00 0.00 0.00 0.00 0.00
579.00 47.00 76.00 155.00 246.00 79.00 91.00 0.08 2.30 5.00 4.00 1.25 7.00 17.00 40.00 30.00 27.00 20.00 0.00 0.00 0.00 0.00 0.00
580.00 45.00 76.00 151.00 237.00 75.00 86.00 0.09 2.11 4.00 3.00 1.33 9.00 16.00 36.00 29.00 22.00 23.00 0.00 0.00 0.00 1.00 0.00
581.00 50.00 65.00 154.00 261.00 89.00 107.00 0.08 1.71 5.00 5.00 1.00 10.00 21.00 40.00 29.00 31.00 19.00 0.00 0.00 0.00 0.00 0.00
582.00 52.00 81.00 181.00 277.00 100.00 96.00 0.09 1.98 5.00 4.00 1.25 8.00 23.00 44.00 29.00 30.00 22.00 0.00 0.00 0.00 0.00 0.00
583.00 51.00 81.00 167.00 267.00 86.00 100.00 0.09 1.80 5.00 5.00 1.00 11.00 23.00 40.00 28.00 28.00 23.00 0.00 0.00 0.00 0.00 1.00
584.00 56.00 75.00 175.00 304.00 100.00 129.00 0.08 2.61 5.00 5.00 1.00 10.00 21.00 46.00 35.00 28.00 28.00 0.00 1.00 1.00 0.00 1.00
585.00 50.00 84.00 167.00 267.00 83.00 100.00 0.09 1.54 5.00 3.00 1.67 7.00 18.00 43.00 32.00 25.00 25.00 0.00 0.00 1.00 0.00 0.00
586.00 54.00 90.00 184.00 291.00 94.00 107.00 0.09 2.49 3.00 4.00 0.75 9.00 17.00 45.00 37.00 23.00 31.00 0.00 0.00 0.00 0.00 1.00
587.00 47.00 67.00 155.00 256.00 88.00 101.00 0.08 2.13 4.00 3.00 1.33 9.00 20.00 38.00 27.00 26.00 21.00 0.00 1.00 2.00 1.00 0.00
588.00 55.00 88.00 190.00 293.00 102.00 103.00 0.08 2.48 7.00 6.00 1.17 11.00 20.00 44.00 35.00 28.00 27.00 0.00 0.00 0.00 0.00 0.00
589.00 51.00 79.00 170.00 273.00 91.00 103.00 0.09 2.50 3.00 4.00 0.75 9.00 19.00 42.00 32.00 27.00 24.00 0.00 0.00 0.00 0.00 0.00
590.00 53.00 88.00 170.00 282.00 82.00 112.00 0.09 2.76 5.00 3.00 1.67 14.00 26.00 39.00 27.00 32.00 21.00 0.00 0.00 1.00 0.00 0.00
591.00 52.00 74.00 156.00 271.00 82.00 115.00 0.09 1.77 4.00 3.00 1.33 14.00 26.00 38.00 26.00 34.00 18.00 0.00 0.00 0.00 1.00 0.00
592.00 55.00 72.00 171.00 284.00 99.00 113.00 0.08 2.85 6.00 3.00 2.00 14.00 23.00 41.00 32.00 28.00 27.00 0.00 0.00 1.00 0.00 0.00
593.00 52.00 75.00 168.00 284.00 93.00 116.00 0.08 2.06 8.00 4.00 2.00 7.00 16.00 45.00 36.00 21.00 31.00 0.00 1.00 2.00 0.00 0.00
594.00 52.00 72.00 164.00 271.00 92.00 107.00 0.10 1.91 5.00 3.00 1.67 13.00 22.00 39.00 30.00 30.00 22.00 0.00 0.00 1.00 0.00 0.00
595.00 50.00 87.00 156.00 269.00 69.00 113.00 0.09 1.90 4.00 4.00 1.00 12.00 25.00 38.00 25.00 31.00 19.00 0.00 0.00 1.00 0.00 0.00
596.00 47.00 76.00 154.00 247.00 78.00 93.00 0.06 1.75 4.00 3.00 1.33 9.00 16.00 38.00 31.00 26.00 21.00 0.00 0.00 0.00 0.00 0.00
597.00 51.00 81.00 161.00 264.00 80.00 103.00 0.07 1.70 4.00 3.00 1.33 14.00 20.00 37.00 31.00 27.00 24.00 0.00 0.00 0.00 0.00 0.00
598.00 47.00 78.00 156.00 251.00 78.00 95.00 0.07 2.52 3.00 2.00 1.50 11.00 19.00 36.00 28.00 23.00 24.00 0.00 0.00 0.00 1.00 0.00
599.00 50.00 68.00 156.00 266.00 88.00 110.00 0.09 1.70 3.00 2.00 1.50 12.00 22.00 38.00 28.00 29.00 21.00 0.00 0.00 1.00 0.00 0.00
600.00 43.00 59.00 135.00 228.00 76.00 93.00 0.08 1.70 4.00 3.00 1.33 7.00 15.00 36.00 28.00 23.00 20.00 0.00 0.00 3.00 0.00 0.00
601.00 49.00 69.00 153.00 255.00 84.00 102.00 0.10 1.47 5.00 4.00 1.25 6.00 21.00 43.00 28.00 29.00 20.00 0.00 0.00 2.00 0.00 0.00
602.00 49.00 72.00 162.00 264.00 90.00 102.00 0.08 1.97 3.00 3.00 1.00 11.00 17.00 38.00 32.00 28.00 21.00 0.00 0.00 0.00 0.00 0.00
603.00 47.00 84.00 147.00 248.00 63.00 101.00 0.07 2.16 5.00 4.00 1.25 8.00 17.00 39.00 30.00 24.00 23.00 0.00 0.00 0.00 1.00 0.00
604.00 47.00 64.00 153.00 247.00 89.00 94.00 0.09 2.01 4.00 4.00 1.00 9.00 14.00 38.00 33.00 22.00 25.00 0.00 0.00 2.00 0.00 0.00
605.00 46.00 68.00 149.00 255.00 81.00 106.00 0.07 2.41 5.00 3.00 1.67 8.00 15.00 38.00 31.00 20.00 26.00 0.00 0.00 0.00 0.00 0.00
606.00 43.00 63.00 132.00 231.00 69.00 99.00 0.10 2.25 4.00 3.00 1.33 11.00 19.00 32.00 24.00 25.00 18.00 0.00 0.00 1.00 0.00 0.00
607.00 41.00 55.00 131.00 221.00 76.00 90.00 0.08 2.58 4.00 3.00 1.33 9.00 18.00 32.00 23.00 20.00 21.00 0.00 0.00 1.00 0.00 0.00
608.00 40.00 62.00 117.00 209.00 55.00 92.00 0.06 2.54 4.00 4.00 1.00 5.00 19.00 35.00 21.00 24.00 16.00 0.00 0.00 0.00 0.00 0.00
609.00 46.00 67.00 136.00 232.00 69.00 96.00 0.09 2.68 5.00 2.00 2.50 12.00 21.00 34.00 25.00 27.00 19.00 0.00 0.00 0.00 0.00 0.00
610.00 38.00 53.00 113.00 203.00 60.00 90.00 0.09 1.35 3.00 4.00 0.75 4.00 15.00 34.00 23.00 22.00 16.00 0.00 0.00 0.00 0.00 0.00
611.00 36.00 45.00 113.00 186.00 68.00 73.00 0.07 2.20 3.00 4.00 0.75 7.00 15.00 29.00 21.00 23.00 13.00 0.00 0.00 0.00 0.00 0.00
612.00 39.00 53.00 118.00 205.00 65.00 87.00 0.08 1.09 3.00 3.00 1.00 7.00 14.00 32.00 25.00 20.00 19.00 1.00 0.00 0.00 1.00 0.00
613.00 49.00 74.00 157.00 249.00 83.00 92.00 0.10 1.94 3.00 1.00 3.00 14.00 27.00 35.00 22.00 32.00 17.00 0.00 0.00 0.00 0.00 0.00
614.00 41.00 65.00 132.00 218.00 67.00 86.00 0.07 1.57 3.00 2.00 1.50 7.00 12.00 34.00 29.00 24.00 17.00 0.00 0.00 0.00 0.00 0.00
615.00 43.00 70.00 142.00 228.00 72.00 86.00 0.09 1.69 2.00 3.00 0.67 11.00 21.00 32.00 22.00 27.00 16.00 0.00 0.00 0.00 0.00 0.00
616.00 41.00 58.00 136.00 212.00 78.00 76.00 0.08 2.10 2.00 2.00 1.00 10.00 21.00 31.00 20.00 26.00 15.00 0.00 0.00 0.00 0.00 0.00
617.00 42.00 66.00 132.00 220.00 66.00 88.00 0.08 2.00 3.00 2.00 1.50 12.00 22.00 30.00 20.00 24.00 18.00 0.00 0.00 0.00 0.00 0.00
618.00 41.00 46.00 122.00 212.00 76.00 90.00 0.09 2.15 6.00 2.00 3.00 10.00 19.00 31.00 22.00 27.00 14.00 0.00 0.00 1.00 0.00 0.00
619.00 43.00 69.00 133.00 228.00 64.00 95.00 0.07 2.02 3.00 2.00 1.50 11.00 19.00 32.00 24.00 25.00 18.00 0.00 0.00 0.00 0.00 0.00
620.00 44.00 59.00 124.00 219.00 65.00 95.00 0.09 2.56 3.00 2.00 1.50 13.00 22.00 31.00 22.00 27.00 17.00 0.00 0.00 0.00 0.00 0.00
621.00 37.00 53.00 115.00 206.00 62.00 91.00 0.09 2.34 3.00 2.00 1.50 5.00 12.00 32.00 25.00 18.00 19.00 0.00 0.00 1.00 0.00 0.00
622.00 39.00 55.00 121.00 205.00 66.00 84.00 0.07 2.28 2.00 2.00 1.00 8.00 19.00 31.00 20.00 26.00 13.00 0.00 0.00 0.00 0.00 0.00
623.00 40.00 40.00 118.00 210.00 78.00 92.00 0.09 1.96 3.00 2.00 1.50 9.00 17.00 31.00 23.00 22.00 18.00 0.00 0.00 0.00 0.00 0.00
624.00 29.00 33.00 81.00 154.00 48.00 73.00 0.09 1.25 4.00 2.00 2.00 11.00 14.00 18.00 15.00 22.00 7.00 0.00 0.00 0.00 0.00 0.00
625.00 30.00 37.00 89.00 154.00 52.00 65.00 0.08 0.82 3.00 2.00 1.50 11.00 13.00 19.00 17.00 16.00 14.00 0.00 0.00 1.00 0.00 0.00
626.00 34.00 40.00 94.00 176.00 54.00 82.00 0.09 2.15 3.00 2.00 1.50 9.00 15.00 25.00 19.00 21.00 13.00 0.00 0.00 0.00 0.00 0.00
627.00 33.00 53.00 99.00 173.00 46.00 74.00 0.08 0.86 3.00 2.00 1.50 7.00 15.00 26.00 18.00 17.00 16.00 0.00 0.00 0.00 0.00 0.00
628.00 31.00 41.00 95.00 160.00 54.00 65.00 0.07 0.79 2.00 3.00 0.67 10.00 15.00 21.00 16.00 18.00 13.00 0.00 0.00 0.00 1.00 0.00
629.00 30.00 32.00 82.00 144.00 50.00 62.00 0.08 1.26 2.00 2.00 1.00 13.00 16.00 17.00 14.00 21.00 9.00 0.00 0.00 0.00 0.00 0.00
630.00 28.00 37.00 78.00 137.00 41.00 59.00 0.08 1.34 2.00 2.00 1.00 2.00 10.00 26.00 18.00 16.00 12.00 0.00 0.00 0.00 1.00 0.00
631.00 30.00 31.00 85.00 150.00 54.00 65.00 0.07 1.32 2.00 2.00 1.00 8.00 15.00 22.00 15.00 18.00 12.00 0.00 0.00 1.00 0.00 0.00
632.00 34.00 40.00 98.00 173.00 58.00 75.00 0.08 0.86 2.00 2.00 1.00 8.00 17.00 26.00 17.00 20.00 14.00 0.00 0.00 0.00 0.00 0.00
633.00 31.00 40.00 97.00 165.00 57.00 68.00 0.08 0.82 4.00 2.00 2.00 7.00 10.00 24.00 21.00 14.00 17.00 0.00 0.00 0.00 0.00 0.00
634.00 35.00 43.00 101.00 181.00 58.00 80.00 0.07 0.97 3.00 3.00 1.00 9.00 16.00 26.00 19.00 23.00 12.00 0.00 0.00 0.00 0.00 0.00
635.00 32.00 46.00 93.00 169.00 47.00 76.00 0.09 0.76 2.00 2.00 1.00 5.00 12.00 27.00 20.00 14.00 18.00 0.00 0.00 1.00 0.00 0.00
636.00 29.00 37.00 87.00 149.00 50.00 62.00 0.08 0.66 2.00 2.00 1.00 5.00 12.00 24.00 17.00 19.00 10.00 0.00 0.00 2.00 0.00 0.00
637.00 34.00 56.00 101.00 171.00 45.00 70.00 0.07 0.81 2.00 3.00 0.67 8.00 17.00 26.00 17.00 24.00 10.00 0.00 0.00 2.00 0.00 0.00
638.00 34.00 43.00 96.00 168.00 53.00 72.00 0.08 0.87 2.00 2.00 1.00 8.00 15.00 26.00 19.00 18.00 16.00 0.00 0.00 1.00 0.00 0.00
639.00 29.00 36.00 82.00 151.00 46.00 69.00 0.11 0.86 2.00 2.00 1.00 7.00 13.00 22.00 16.00 16.00 13.00 0.00 0.00 0.00 0.00 0.00
640.00 32.00 46.00 87.00 160.00 41.00 73.00 0.09 0.73 1.00 3.00 0.33 9.00 16.00 23.00 16.00 22.00 10.00 0.00 0.00 0.00 0.00 0.00
641.00 32.00 51.00 98.00 164.00 47.00 66.00 0.08 0.82 1.00 2.00 0.50 5.00 11.00 27.00 21.00 17.00 15.00 0.00 0.00 1.00 0.00 0.00
642.00 28.00 41.00 83.00 147.00 42.00 64.00 0.09 0.76 2.00 3.00 0.67 7.00 14.00 21.00 14.00 19.00 9.00 0.00 0.00 0.00 0.00 0.00
643.00 33.00 46.00 102.00 173.00 56.00 71.00 0.09 0.87 2.00 3.00 0.67 5.00 14.00 28.00 19.00 18.00 15.00 0.00 0.00 0.00 0.00 0.00
644.00 31.00 42.00 95.00 155.00 53.00 60.00 0.09 0.77 1.00 3.00 0.33 5.00 21.00 26.00 10.00 22.00 9.00 0.00 0.00 1.00 0.00 0.00
645.00 27.00 42.00 82.00 137.00 40.00 55.00 0.07 0.69 1.00 3.00 0.33 5.00 11.00 22.00 16.00 15.00 12.00 0.00 0.00 1.00 0.00 0.00
646.00 28.00 29.00 82.00 142.00 53.00 60.00 0.07 0.68 2.00 3.00 0.67 6.00 11.00 22.00 17.00 18.00 10.00 0.00 0.00 0.00 0.00 0.00
647.00 28.00 37.00 78.00 138.00 41.00 60.00 0.08 0.80 2.00 3.00 0.67 8.00 14.00 20.00 14.00 19.00 9.00 0.00 0.00 1.00 0.00 0.00
648.00 32.00 44.00 90.00 162.00 46.00 72.00 0.08 0.75 1.00 2.00 0.50 12.00 18.00 20.00 14.00 20.00 12.00 0.00 0.00 1.00 0.00 0.00
649.00 31.00 42.00 98.00 159.00 56.00 61.00 0.08 0.68 1.00 2.00 0.50 2.00 15.00 29.00 16.00 19.00 12.00 0.00 0.00 1.00 0.00 0.00
650.00 29.00 28.00 78.00 151.00 50.00 73.00 0.09 0.74 1.00 1.00 1.00 6.00 10.00 23.00 19.00 18.00 11.00 0.00 0.00 1.00 0.00 0.00
651.00 29.00 33.00 86.00 153.00 53.00 67.00 0.09 1.19 1.00 2.00 0.50 6.00 13.00 23.00 16.00 21.00 8.00 0.00 0.00 1.00 0.00 0.00
652.00 34.00 53.00 103.00 169.00 50.00 66.00 0.08 0.74 1.00 3.00 0.33 7.00 13.00 27.00 21.00 18.00 16.00 0.00 0.00 1.00 0.00 0.00
653.00 27.00 17.00 63.00 133.00 46.00 70.00 0.09 0.83 1.00 2.00 0.50 7.00 13.00 20.00 14.00 21.00 6.00 0.00 0.00 1.00 0.00 0.00
654.00 32.00 24.00 85.00 166.00 61.00 81.00 0.08 0.83 1.00 3.00 0.33 10.00 17.00 22.00 15.00 19.00 13.00 0.00 0.00 2.00 1.00 0.00
655.00 31.00 42.00 95.00 158.00 53.00 63.00 0.09 0.74 1.00 2.00 0.50 7.00 13.00 24.00 18.00 20.00 11.00 0.00 0.00 2.00 0.00 0.00
656.00 29.00 44.00 80.00 139.00 36.00 59.00 0.09 0.74 1.00 2.00 0.50 9.00 14.00 20.00 15.00 19.00 10.00 0.00 0.00 0.00 0.00 0.00
657.00 29.00 37.00 86.00 154.00 49.00 68.00 0.11 0.72 2.00 2.00 1.00 5.00 9.00 24.00 20.00 13.00 16.00 0.00 1.00 0.00 0.00 0.00
658.00 27.00 31.00 77.00 141.00 46.00 64.00 0.08 0.69 1.00 2.00 0.50 7.00 12.00 20.00 15.00 17.00 10.00 0.00 0.00 0.00 0.00 0.00
659.00 28.00 32.00 81.00 145.00 49.00 64.00 0.10 0.75 1.00 1.00 1.00 11.00 13.00 17.00 15.00 15.00 13.00 0.00 0.00 0.00 0.00 0.00
660.00 32.00 38.00 86.00 163.00 48.00 77.00 0.07 0.86 1.00 2.00 0.50 10.00 15.00 22.00 17.00 21.00 11.00 0.00 0.00 0.00 0.00 0.00
661.00 28.00 34.00 81.00 150.00 47.00 69.00 0.09 0.69 2.00 2.00 1.00 7.00 14.00 21.00 14.00 16.00 12.00 0.00 0.00 0.00 0.00 0.00
662.00 29.00 38.00 81.00 147.00 43.00 66.00 0.08 0.67 1.00 2.00 0.50 9.00 13.00 20.00 16.00 16.00 13.00 0.00 0.00 0.00 0.00 0.00
663.00 34.00 51.00 102.00 167.00 51.00 65.00 0.08 0.78 1.00 3.00 0.33 8.00 18.00 26.00 16.00 20.00 14.00 0.00 0.00 0.00 0.00 0.00
664.00 34.00 44.00 107.00 177.00 63.00 70.00 0.09 0.80 1.00 1.00 1.00 6.00 15.00 28.00 19.00 23.00 11.00 0.00 0.00 0.00 0.00 0.00
665.00 26.00 24.00 74.00 143.00 50.00 69.00 0.08 0.71 1.00 2.00 0.50 7.00 12.00 19.00 14.00 14.00 12.00 0.00 0.00 1.00 0.00 0.00
666.00 30.00 28.00 85.00 159.00 57.00 74.00 0.09 0.64 1.00 2.00 0.50 9.00 13.00 21.00 17.00 22.00 8.00 0.00 0.00 0.00 0.00 0.00
667.00 32.00 36.00 85.00 160.00 49.00 75.00 0.09 0.80 0.00 3.00 0.00 4.00 12.00 28.00 20.00 21.00 11.00 0.00 0.00 0.00 0.00 0.00
668.00 25.00 21.00 59.00 126.00 38.00 67.00 0.08 0.70 1.00 3.00 0.33 5.00 8.00 20.00 17.00 15.00 10.00 0.00 0.00 1.00 1.00 0.00
669.00 27.00 34.00 77.00 137.00 43.00 60.00 0.09 0.77 1.00 1.00 1.00 8.00 13.00 19.00 14.00 18.00 9.00 0.00 0.00 0.00 1.00 0.00
670.00 31.00 40.00 87.00 159.00 47.00 72.00 0.10 0.67 1.00 1.00 1.00 10.00 17.00 21.00 14.00 21.00 10.00 0.00 0.00 0.00 1.00 0.00
671.00 35.00 46.00 97.00 183.00 51.00 86.00 0.08 0.84 1.00 1.00 1.00 8.00 18.00 27.00 17.00 21.00 14.00 0.00 0.00 0.00 1.00 0.00
672.00 25.00 28.00 65.00 123.00 37.00 58.00 0.08 0.71 1.00 1.00 1.00 7.00 11.00 18.00 14.00 18.00 7.00 0.00 0.00 0.00 0.00 0.00
673.00 30.00 32.00 76.00 153.00 44.00 77.00 0.08 0.75 1.00 1.00 1.00 6.00 16.00 24.00 14.00 18.00 12.00 0.00 0.00 1.00 1.00 0.00
674.00 28.00 26.00 73.00 141.00 47.00 68.00 0.07 0.87 2.00 2.00 1.00 10.00 13.00 18.00 15.00 21.00 7.00 0.00 0.00 0.00 0.00 0.00
675.00 27.00 32.00 74.00 142.00 42.00 68.00 0.08 0.71 1.00 1.00 1.00 7.00 13.00 20.00 14.00 18.00 9.00 0.00 0.00 0.00 0.00 0.00
676.00 27.00 31.00 77.00 138.00 46.00 61.00 0.10 0.79 1.00 1.00 1.00 8.00 12.00 19.00 15.00 17.00 10.00 0.00 0.00 2.00 0.00 0.00
677.00 30.00 36.00 90.00 153.00 54.00 63.00 0.10 0.73 2.00 0.00 0.00 5.00 15.00 25.00 15.00 22.00 8.00 0.00 0.00 0.00 0.00 0.00
678.00 27.00 29.00 65.00 133.00 36.00 68.00 0.08 0.75 0.00 0.00 0.00 7.00 15.00 20.00 12.00 19.00 8.00 0.00 0.00 1.00 0.00 0.00
679.00 27.00 34.00 72.00 138.00 38.00 66.00 0.07 0.81 1.00 1.00 1.00 6.00 18.00 21.00 9.00 24.00 3.00 0.00 0.00 1.00 0.00 0.00
680.00 27.00 28.00 73.00 136.00 45.00 63.00 0.09 0.82 1.00 1.00 1.00 6.00 14.00 21.00 13.00 20.00 7.00 0.00 0.00 2.00 0.00 0.00
681.00 28.00 36.00 73.00 127.00 37.00 54.00 0.08 0.69 1.00 1.00 1.00 9.00 15.00 19.00 13.00 21.00 7.00 0.00 0.00 1.00 0.00 0.00
682.00 26.00 30.00 68.00 136.00 38.00 68.00 0.09 0.64 1.00 0.00 0.00 8.00 11.00 18.00 15.00 13.00 13.00 0.00 0.00 0.00 0.00 0.00
683.00 25.00 29.00 71.00 134.00 42.00 63.00 0.08 0.60 1.00 0.00 0.00 4.00 8.00 21.00 17.00 13.00 12.00 0.00 0.00 0.00 1.00 0.00
684.00 25.00 31.00 72.00 129.00 41.00 57.00 0.07 0.62 1.00 1.00 1.00 5.00 11.00 20.00 14.00 14.00 11.00 0.00 0.00 0.00 0.00 0.00
685.00 25.00 32.00 73.00 124.00 41.00 51.00 0.08 0.58 1.00 1.00 1.00 3.00 9.00 22.00 16.00 16.00 9.00 0.00 0.00 0.00 0.00 0.00
686.00 20.00 18.00 51.00 105.00 33.00 54.00 0.08 0.46 1.00 1.00 1.00 4.00 8.00 16.00 12.00 13.00 7.00 0.00 0.00 0.00 0.00 0.00
687.00 28.00 41.00 85.00 149.00 44.00 64.00 0.09 0.70 0.00 2.00 0.00 4.00 11.00 24.00 17.00 17.00 11.00 0.00 0.00 0.00 0.00 0.00
688.00 24.00 15.00 53.00 117.00 38.00 64.00 0.10 0.69 1.00 1.00 1.00 9.00 13.00 15.00 11.00 18.00 6.00 0.00 0.00 0.00 0.00 0.00
689.00 21.00 23.00 53.00 99.00 30.00 46.00 0.07 0.68 2.00 1.00 2.00 4.00 13.00 17.00 8.00 13.00 8.00 0.00 0.00 0.00 0.00 0.00
690.00 21.00 17.00 52.00 110.00 35.00 58.00 0.09 0.63 2.00 1.00 2.00 5.00 10.00 16.00 11.00 15.00 6.00 0.00 0.00 1.00 0.00 0.00
691.00 24.00 15.00 61.00 128.00 46.00 67.00 0.08 0.59 1.00 1.00 1.00 8.00 13.00 16.00 11.00 18.00 6.00 0.00 0.00 1.00 0.00 0.00
692.00 25.00 25.00 67.00 126.00 42.00 59.00 0.09 0.70 0.00 1.00 0.00 5.00 10.00 20.00 15.00 15.00 10.00 0.00 0.00 0.00 0.00 0.00
693.00 26.00 28.00 65.00 133.00 37.00 68.00 0.09 0.68 0.00 1.00 0.00 7.00 9.00 19.00 17.00 14.00 12.00 1.00 0.00 0.00 0.00 0.00
694.00 26.00 28.00 77.00 139.00 49.00 62.00 0.09 0.53 1.00 2.00 0.50 6.00 10.00 20.00 16.00 17.00 9.00 1.00 0.00 0.00 0.00 0.00
695.00 22.00 22.00 52.00 105.00 30.00 53.00 0.08 0.49 1.00 0.00 0.00 10.00 12.00 12.00 10.00 15.00 7.00 0.00 0.00 1.00 0.00 0.00
696.00 21.00 18.00 53.00 106.00 35.00 53.00 0.09 0.52 0.00 2.00 0.00 5.00 13.00 16.00 8.00 19.00 2.00 1.00 0.00 0.00 0.00 0.00
697.00 22.00 16.00 48.00 106.00 32.00 58.00 0.08 0.69 0.00 2.00 0.00 4.00 13.00 18.00 9.00 16.00 6.00 0.00 0.00 0.00 0.00 0.00
698.00 18.00 13.00 43.00 88.00 30.00 45.00 0.10 0.44 0.00 2.00 0.00 5.00 11.00 13.00 7.00 14.00 4.00 0.00 0.00 0.00 0.00 0.00
699.00 20.00 20.00 48.00 103.00 28.00 55.00 0.09 0.59 0.00 2.00 0.00 7.00 11.00 13.00 9.00 15.00 5.00 1.00 0.00 1.00 0.00 0.00
700.00 21.00 14.00 45.00 97.00 31.00 52.00 0.08 0.54 0.00 1.00 0.00 9.00 14.00 12.00 7.00 15.00 6.00 0.00 0.00 1.00 0.00 0.00
701.00 23.00 19.00 55.00 106.00 36.00 51.00 0.10 1.06 0.00 1.00 0.00 6.00 13.00 17.00 10.00 18.00 5.00 0.00 0.00 0.00 0.00 0.00
702.00 19.00 18.00 47.00 98.00 29.00 51.00 0.09 0.50 0.00 1.00 0.00 5.00 8.00 14.00 11.00 12.00 7.00 0.00 0.00 0.00 0.00 0.00
703.00 15.00 14.00 37.00 69.00 23.00 32.00 0.08 0.35 0.00 0.00 0.00 5.00 9.00 10.00 6.00 13.00 2.00 0.00 0.00 0.00 0.00 0.00
704.00 18.00 18.00 44.00 83.00 26.00 39.00 0.09 0.47 0.00 0.00 0.00 7.00 11.00 11.00 7.00 11.00 7.00 0.00 0.00 0.00 0.00 0.00
705.00 20.00 20.00 54.00 94.00 34.00 40.00 0.08 0.44 0.00 1.00 0.00 9.00 10.00 11.00 10.00 13.00 7.00 0.00 0.00 0.00 0.00 0.00
706.00 17.00 18.00 43.00 80.00 25.00 37.00 0.10 0.44 0.00 0.00 0.00 5.00 9.00 12.00 8.00 14.00 3.00 0.00 0.00 0.00 0.00 0.00
707.00 17.00 17.00 48.00 88.00 31.00 40.00 0.08 0.42 0.00 0.00 0.00 4.00 10.00 13.00 7.00 12.00 5.00 0.00 0.00 2.00 0.00 0.00
708.00 13.00 12.00 31.00 63.00 19.00 32.00 0.08 0.61 0.00 0.00 0.00 4.00 8.00 9.00 5.00 9.00 4.00 0.00 0.00 1.00 0.00 0.00
709.00 14.00 15.00 32.00 62.00 17.00 30.00 0.09 0.48 0.00 0.00 0.00 3.00 8.00 11.00 6.00 12.00 2.00 0.00 0.00 1.00 0.00 0.00
710.00 13.00 9.00 28.00 56.00 19.00 28.00 0.08 0.49 0.00 0.00 0.00 4.00 7.00 9.00 6.00 9.00 4.00 0.00 0.00 0.00 0.00 0.00
711.00 12.00 10.00 28.00 59.00 18.00 31.00 0.09 0.36 0.00 0.00 0.00 2.00 6.00 10.00 6.00 8.00 4.00 0.00 0.00 1.00 0.00 0.00
712.00 17.00 13.00 41.00 75.00 28.00 34.00 0.07 0.57 0.00 0.00 0.00 6.00 7.00 11.00 10.00 11.00 6.00 0.00 0.00 1.00 0.00 0.00
713.00 13.00 14.00 31.00 66.00 17.00 35.00 0.09 0.39 0.00 0.00 0.00 2.00 6.00 11.00 7.00 8.00 5.00 0.00 0.00 1.00 0.00 0.00
714.00 15.00 12.00 37.00 79.00 25.00 42.00 0.09 0.39 0.00 0.00 0.00 5.00 6.00 10.00 9.00 9.00 6.00 0.00 0.00 1.00 0.00 0.00
715.00 17.00 18.00 45.00 85.00 27.00 40.00 0.08 0.71 0.00 2.00 0.00 3.00 9.00 14.00 8.00 13.00 4.00 0.00 0.00 1.00 0.00 0.00
716.00 14.00 9.00 23.00 65.00 14.00 42.00 0.09 0.56 0.00 0.00 0.00 5.00 9.00 9.00 5.00 11.00 3.00 0.00 0.00 0.00 0.00 0.00
717.00 12.00 9.00 24.00 50.00 15.00 26.00 0.07 0.54 0.00 0.00 0.00 3.00 6.00 9.00 6.00 10.00 2.00 0.00 0.00 1.00 0.00 0.00
718.00 12.00 9.00 28.00 62.00 19.00 34.00 0.09 0.40 0.00 0.00 0.00 2.00 4.00 10.00 8.00 5.00 7.00 0.00 0.00 0.00 1.00 0.00
719.00 13.00 12.00 28.00 58.00 16.00 30.00 0.10 0.61 0.00 0.00 0.00 5.00 8.00 8.00 5.00 9.00 4.00 0.00 0.00 0.00 0.00 0.00
720.00 9.00 2.00 13.00 40.00 11.00 27.00 0.08 0.43 0.00 0.00 0.00 3.00 5.00 6.00 4.00 7.00 2.00 0.00 0.00 0.00 0.00 0.00
721.00 11.00 5.00 23.00 52.00 18.00 29.00 0.09 0.27 0.00 0.00 0.00 6.00 8.00 5.00 3.00 9.00 2.00 0.00 0.00 0.00 0.00 0.00
722.00 8.00 2.00 12.00 35.00 10.00 23.00 0.07 0.61 0.00 0.00 0.00 2.00 5.00 6.00 3.00 7.00 1.00 0.00 0.00 0.00 0.00 0.00
723.00 15.00 8.00 32.00 73.00 24.00 41.00 0.09 0.65 0.00 0.00 0.00 3.00 11.00 12.00 4.00 13.00 2.00 0.00 0.00 0.00 0.00 0.00
724.00 14.00 7.00 21.00 58.00 14.00 37.00 0.08 1.40 0.00 0.00 0.00 4.00 8.00 10.00 6.00 10.00 4.00 0.00 0.00 0.00 0.00 0.00
725.00 11.00 4.00 19.00 46.00 15.00 27.00 0.09 0.36 0.00 0.00 0.00 3.00 5.00 8.00 6.00 9.00 2.00 0.00 0.00 0.00 0.00 0.00
726.00 9.00 4.00 20.00 44.00 16.00 24.00 0.07 0.32 0.00 0.00 0.00 2.00 5.00 7.00 4.00 7.00 2.00 0.00 0.00 0.00 0.00 0.00
727.00 13.00 8.00 27.00 59.00 19.00 32.00 0.08 0.47 0.00 0.00 0.00 5.00 7.00 8.00 6.00 8.00 5.00 0.00 0.00 0.00 0.00 0.00
728.00 7.00 1.00 10.00 28.00 9.00 18.00 0.09 0.24 0.00 0.00 0.00 4.00 6.00 3.00 1.00 6.00 1.00 0.00 0.00 0.00 0.00 0.00
729.00 4.00 0.00 1.00 7.00 1.00 6.00 0.08 0.28 0.00 0.00 0.00 0.00 4.00 4.00 0.00 4.00 0.00 0.00 0.00 0.00 0.00 0.00
730.00 3.00 0.00 2.00 8.00 2.00 6.00 0.09 0.17 0.00 0.00 0.00 2.00 3.00 1.00 0.00 3.00 0.00 0.00 0.00 0.00 0.00 0.00
731.00 2.00 0.00 0.00 1.00 0.00 1.00 0.09 0.20 0.00 0.00 0.00 2.00 2.00 0.00 0.00 2.00 0.00 0.00 0.00 0.00 0.00 0.00
