0.00 2.00 0.00 0.00 2.00 0.00 2.00 0.08 0.09 0.00 0.00 0.00 2.00 2.00 0.00 0.00 2.00 0.00 0.00 0.00 0.00 0.00 0.00
1.00 4.00 0.00 0.00 7.00 0.00 7.00 0.09 0.25 0.00 0.00 0.00 3.00 3.00 1.00 1.00 4.00 0.00 0.00 0.00 0.00 0.00 0.00
2.00 11.00 1.00 13.00 45.00 12.00 32.00 0.09 0.33 0.00 0.00 0.00 2.00 9.00 9.00 2.00 9.00 2.00 0.00 0.00 0.00 0.00 0.00
3.00 5.00 0.00 4.00 16.00 4.00 12.00 0.08 0.44 0.00 0.00 0.00 2.00 5.00 3.00 0.00 5.00 0.00 0.00 0.00 0.00 0.00 0.00
4.00 9.00 4.00 10.00 32.00 6.00 22.00 0.09 0.50 0.00 0.00 0.00 5.00 7.00 4.00 2.00 8.00 1.00 0.00 0.00 0.00 0.00 0.00
5.00 3.00 0.00 2.00 10.00 2.00 8.00 0.09 0.08 0.00 0.00 0.00 2.00 3.00 1.00 0.00 3.00 0.00 0.00 0.00 0.00 0.00 0.00
6.00 7.00 5.00 12.00 32.00 7.00 20.00 0.07 0.18 0.00 0.00 0.00 2.00 5.00 5.00 2.00 7.00 0.00 0.00 0.00 0.00 0.00 0.00
7.00 5.00 2.00 7.00 20.00 5.00 13.00 0.08 0.31 0.00 0.00 0.00 3.00 4.00 2.00 1.00 5.00 0.00 0.00 0.00 0.00 0.00 0.00
8.00 3.00 0.00 0.00 3.00 0.00 3.00 0.09 0.17 0.00 0.00 0.00 2.00 3.00 1.00 0.00 3.00 0.00 0.00 0.00 0.00 0.00 0.00
9.00 7.00 1.00 8.00 27.00 7.00 19.00 0.09 0.41 0.00 0.00 0.00 4.00 5.00 3.00 2.00 7.00 0.00 0.00 0.00 0.00 0.00 0.00
10.00 6.00 0.00 5.00 21.00 5.00 16.00 0.07 0.41 0.00 0.00 0.00 4.00 5.00 2.00 1.00 5.00 1.00 0.00 0.00 0.00 0.00 0.00
11.00 6.00 1.00 4.00 20.00 3.00 16.00 0.09 0.31 0.00 0.00 0.00 3.00 5.00 3.00 1.00 6.00 0.00 0.00 0.00 0.00 0.00 0.00
12.00 8.00 3.00 10.00 38.00 7.00 28.00 0.09 0.36 0.00 0.00 0.00 4.00 6.00 4.00 2.00 7.00 1.00 0.00 0.00 0.00 0.00 0.00
13.00 7.00 0.00 7.00 33.00 7.00 26.00 0.08 0.25 0.00 0.00 0.00 2.00 5.00 5.00 2.00 7.00 0.00 0.00 0.00 0.00 0.00 0.00
14.00 5.00 0.00 4.00 17.00 4.00 13.00 0.09 0.29 0.00 0.00 0.00 3.00 4.00 2.00 1.00 5.00 0.00 0.00 0.00 0.00 0.00 0.00
15.00 8.00 2.00 14.00 32.00 12.00 18.00 0.07 0.27 0.00 0.00 0.00 1.00 6.00 7.00 2.00 7.00 1.00 0.00 0.00 0.00 0.00 0.00
16.00 6.00 3.00 10.00 27.00 7.00 17.00 0.08 0.20 0.00 0.00 0.00 2.00 4.00 4.00 2.00 6.00 0.00 0.00 0.00 0.00 0.00 0.00
17.00 3.00 0.00 0.00 10.00 0.00 10.00 0.07 0.10 0.00 0.00 0.00 2.00 3.00 1.00 0.00 3.00 0.00 0.00 0.00 0.00 0.00 0.00
18.00 8.00 6.00 18.00 37.00 12.00 19.00 0.08 0.35 0.00 0.00 0.00 1.00 2.00 7.00 6.00 5.00 3.00 0.00 0.00 0.00 0.00 0.00
19.00 4.00 0.00 4.00 13.00 4.00 9.00 0.08 0.21 0.00 0.00 0.00 2.00 4.00 2.00 0.00 4.00 0.00 0.00 0.00 0.00 0.00 0.00
20.00 8.00 6.00 15.00 40.00 9.00 25.00 0.08 0.29 0.00 0.00 0.00 5.00 7.00 3.00 1.00 7.00 1.00 0.00 0.00 0.00 0.00 0.00
21.00 13.00 11.00 28.00 66.00 17.00 38.00 0.09 0.54 0.00 0.00 0.00 2.00 7.00 11.00 6.00 8.00 5.00 0.00 0.00 0.00 0.00 0.00
22.00 14.00 11.00 30.00 71.00 19.00 41.00 0.08 0.64 0.00 0.00 0.00 3.00 8.00 11.00 6.00 12.00 2.00 0.00 0.00 0.00 0.00 0.00
23.00 10.00 3.00 19.00 47.00 16.00 28.00 0.07 0.32 0.00 0.00 0.00 3.00 5.00 7.00 5.00 8.00 2.00 0.00 0.00 0.00 0.00 0.00
24.00 14.00 7.00 23.00 63.00 16.00 40.00 0.09 1.04 0.00 0.00 0.00 5.00 8.00 9.00 6.00 13.00 1.00 0.00 0.00 0.00 0.00 0.00
25.00 12.00 10.00 25.00 57.00 15.00 32.00 0.08 0.31 0.00 0.00 0.00 4.00 7.00 8.00 5.00 11.00 1.00 0.00 0.00 0.00 0.00 0.00
26.00 10.00 4.00 19.00 45.00 15.00 26.00 0.08 0.33 0.00 0.00 0.00 6.00 8.00 4.00 2.00 8.00 2.00 0.00 0.00 0.00 0.00 0.00
27.00 13.00 9.00 25.00 65.00 16.00 40.00 0.08 0.39 0.00 0.00 0.00 5.00 8.00 8.00 5.00 10.00 3.00 0.00 0.00 0.00 0.00 0.00
28.00 8.00 2.00 12.00 36.00 10.00 24.00 0.09 0.36 0.00 1.00 0.00 1.00 3.00 7.00 5.00 8.00 0.00 0.00 0.00 0.00 0.00 0.00
29.00 9.00 4.00 15.00 39.00 11.00 24.00 0.08 0.44 0.00 0.00 0.00 3.00 4.00 6.00 5.00 7.00 2.00 0.00 0.00 0.00 0.00 0.00
30.00 15.00 13.00 33.00 68.00 20.00 35.00 0.07 0.41 0.00 0.00 0.00 6.00 12.00 9.00 3.00 14.00 1.00 0.00 0.00 1.00 0.00 0.00
31.00 11.00 7.00 23.00 53.00 16.00 30.00 0.10 0.37 0.00 0.00 0.00 4.00 7.00 7.00 4.00 9.00 2.00 0.00 0.00 0.00 0.00 0.00
32.00 11.00 6.00 20.00 52.00 14.00 32.00 0.08 0.26 0.00 0.00 0.00 5.00 6.00 6.00 5.00 8.00 3.00 0.00 0.00 0.00 0.00 0.00
33.00 11.00 7.00 23.00 47.00 16.00 24.00 0.07 0.66 0.00 0.00 0.00 4.00 7.00 7.00 4.00 9.00 2.00 0.00 0.00 0.00 0.00 0.00
34.00 12.00 12.00 29.00 60.00 17.00 31.00 0.08 0.46 0.00 0.00 0.00 1.00 4.00 11.00 8.00 11.00 1.00 0.00 0.00 0.00 0.00 0.00
35.00 17.00 20.00 41.00 75.00 21.00 34.00 0.08 0.46 0.00 0.00 0.00 4.00 8.00 13.00 9.00 14.00 3.00 0.00 0.00 1.00 0.00 0.00
36.00 17.00 16.00 40.00 75.00 24.00 35.00 0.10 0.60 0.00 1.00 0.00 9.00 12.00 8.00 5.00 13.00 4.00 0.00 0.00 0.00 0.00 0.00
37.00 19.00 20.00 48.00 90.00 28.00 42.00 0.08 0.67 0.00 1.00 0.00 5.00 9.00 14.00 10.00 10.00 9.00 0.00 0.00 1.00 0.00 0.00
38.00 19.00 22.00 48.00 95.00 26.00 47.00 0.10 0.57 0.00 1.00 0.00 4.00 9.00 15.00 10.00 10.00 9.00 0.00 0.00 1.00 0.00 0.00
39.00 17.00 21.00 43.00 82.00 22.00 39.00 0.09 0.53 0.00 2.00 0.00 3.00 6.00 14.00 11.00 11.00 6.00 0.00 0.00 0.00 0.00 0.00
40.00 19.00 19.00 52.00 97.00 33.00 45.00 0.09 0.64 0.00 1.00 0.00 5.00 10.00 14.00 9.00 15.00 4.00 0.00 0.00 1.00 0.00 1.00
41.00 20.00 20.00 50.00 102.00 30.00 52.00 0.07 0.54 0.00 1.00 0.00 7.00 13.00 13.00 7.00 17.00 3.00 0.00 0.00 1.00 1.00 0.00
42.00 23.00 19.00 52.00 115.00 33.00 63.00 0.07 0.75 0.00 0.00 0.00 8.00 14.00 15.00 9.00 17.00 6.00 0.00 0.00 0.00 0.00 0.00
43.00 19.00 19.00 51.00 93.00 32.00 42.00 0.08 0.57 1.00 1.00 1.00 4.00 10.00 15.00 9.00 13.00 6.00 0.00 0.00 0.00 0.00 0.00
44.00 19.00 17.00 45.00 94.00 28.00 49.00 0.10 0.56 1.00 2.00 0.50 4.00 9.00 15.00 10.00 15.00 4.00 0.00 0.00 0.00 0.00 0.00
45.00 24.00 24.00 63.00 120.00 39.00 57.00 0.09 0.60 1.00 1.00 1.00 7.00 11.00 17.00 13.00 16.00 8.00 0.00 0.00 0.00 0.00 0.00
46.00 21.00 20.00 55.00 105.00 35.00 50.00 0.10 0.62 0.00 1.00 0.00 4.00 10.00 17.00 11.00 16.00 5.00 0.00 0.00 0.00 0.00 0.00
47.00 23.00 20.00 57.00 119.00 37.00 62.00 0.08 0.75 0.00 1.00 0.00 2.00 8.00 21.00 15.00 14.00 9.00 0.00 0.00 0.00 0.00 0.00
48.00 25.00 28.00 72.00 121.00 44.00 49.00 0.08 1.22 1.00 1.00 1.00 4.00 9.00 21.00 16.00 11.00 14.00 0.00 0.00 1.00 0.00 0.00
49.00 25.00 28.00 65.00 128.00 37.00 63.00 0.09 0.67 1.00 1.00 1.00 4.00 6.00 21.00 19.00 15.00 10.00 0.00 0.00 0.00 0.00 0.00
50.00 22.00 25.00 62.00 106.00 37.00 44.00 0.09 0.68 1.00 1.00 1.00 3.00 9.00 19.00 13.00 13.00 9.00 0.00 0.00 0.00 0.00 0.00
51.00 23.00 22.00 53.00 112.00 31.00 59.00 0.08 0.72 1.00 0.00 0.00 9.00 15.00 14.00 8.00 15.00 8.00 0.00 0.00 0.00 0.00 0.00
52.00 22.00 21.00 61.00 108.00 40.00 47.00 0.07 0.57 1.00 1.00 1.00 7.00 13.00 15.00 9.00 18.00 4.00 0.00 0.00 0.00 0.00 0.00
53.00 26.00 33.00 73.00 126.00 40.00 53.00 0.08 1.12 1.00 2.00 0.50 6.00 10.00 20.00 16.00 17.00 9.00 0.00 0.00 0.00 0.00 0.00
54.00 21.00 27.00 59.00 111.00 32.00 52.00 0.10 0.61 1.00 1.00 1.00 3.00 7.00 18.00 14.00 12.00 9.00 0.00 0.00 0.00 0.00 0.00
55.00 22.00 17.00 57.00 102.00 40.00 45.00 0.07 0.56 1.00 1.00 1.00 5.00 10.00 17.00 12.00 16.00 6.00 0.00 0.00 0.00 0.00 0.00
56.00 23.00 25.00 68.00 117.00 43.00 49.00 0.08 0.58 1.00 1.00 1.00 9.00 13.00 14.00 10.00 15.00 8.00 0.00 0.00 0.00 0.00 0.00
57.00 25.00 24.00 66.00 133.00 42.00 67.00 0.07 0.68 1.00 0.00 0.00 6.00 15.00 19.00 10.00 20.00 5.00 0.00 0.00 0.00 0.00 0.00
58.00 27.00 28.00 72.00 135.00 44.00 63.00 0.09 0.76 0.00 1.00 0.00 3.00 13.00 24.00 14.00 19.00 8.00 0.00 0.00 0.00 0.00 0.00
59.00 19.00 19.00 51.00 97.00 32.00 46.00 0.10 0.53 1.00 1.00 1.00 5.00 13.00 14.00 6.00 14.00 5.00 0.00 0.00 0.00 0.00 0.00
60.00 28.00 28.00 72.00 136.00 44.00 64.00 0.08 0.78 1.00 1.00 1.00 10.00 15.00 18.00 13.00 20.00 8.00 0.00 0.00 0.00 0.00 0.00
61.00 14.00 10.00 30.00 67.00 20.00 37.00 0.09 0.61 1.00 1.00 1.00 3.00 9.00 11.00 5.00 12.00 2.00 0.00 0.00 0.00 0.00 0.00
62.00 21.00 17.00 54.00 108.00 37.00 54.00 0.08 0.59 1.00 1.00 1.00 8.00 10.00 13.00 11.00 14.00 7.00 0.00 0.00 0.00 0.00 0.00
63.00 27.00 29.00 67.00 134.00 38.00 67.00 0.09 0.73 1.00 1.00 1.00 12.00 16.00 15.00 11.00 19.00 8.00 0.00 0.00 0.00 0.00 0.00
64.00 28.00 40.00 80.00 144.00 40.00 64.00 0.08 0.67 1.00 1.00 1.00 9.00 14.00 19.00 14.00 16.00 12.00 0.00 0.00 0.00 0.00 0.00
65.00 23.00 30.00 70.00 119.00 40.00 49.00 0.09 0.52 1.00 2.00 0.50 5.00 11.00 18.00 12.00 15.00 8.00 0.00 0.00 0.00 0.00 1.00
66.00 27.00 35.00 73.00 133.00 38.00 60.00 0.08 0.77 1.00 2.00 0.50 8.00 11.00 19.00 16.00 14.00 13.00 0.00 0.00 0.00 0.00 0.00
67.00 18.00 13.00 42.00 89.00 29.00 47.00 0.09 0.38 1.00 1.00 1.00 7.00 10.00 11.00 8.00 15.00 3.00 0.00 0.00 0.00 0.00 0.00
68.00 29.00 32.00 73.00 142.00 41.00 69.00 0.09 1.01 2.00 1.00 2.00 8.00 13.00 21.00 16.00 17.00 12.00 0.00 0.00 0.00 0.00 0.00
69.00 26.00 26.00 73.00 133.00 47.00 60.00 0.07 0.79 2.00 2.00 1.00 7.00 12.00 19.00 14.00 15.00 11.00 0.00 0.00 0.00 0.00 0.00
70.00 27.00 39.00 78.00 143.00 39.00 65.00 0.10 0.64 2.00 3.00 0.67 7.00 11.00 20.00 16.00 17.00 10.00 0.00 0.00 0.00 0.00 0.00
71.00 23.00 25.00 63.00 117.00 38.00 54.00 0.08 0.72 0.00 3.00 0.00 6.00 10.00 17.00 13.00 14.00 9.00 0.00 0.00 0.00 0.00 0.00
72.00 24.00 29.00 69.00 123.00 40.00 54.00 0.09 0.56 0.00 3.00 0.00 2.00 8.00 22.00 16.00 13.00 11.00 0.00 0.00 0.00 0.00 0.00
73.00 31.00 39.00 92.00 159.00 53.00 67.00 0.07 0.80 0.00 3.00 0.00 7.00 15.00 24.00 16.00 17.00 14.00 0.00 0.00 2.00 0.00 0.00
74.00 26.00 34.00 71.00 134.00 37.00 63.00 0.09 0.52 0.00 2.00 0.00 5.00 11.00 21.00 15.00 16.00 10.00 0.00 0.00 0.00 0.00 0.00
75.00 32.00 44.00 93.00 163.00 49.00 70.00 0.09 0.80 1.00 3.00 0.33 7.00 14.00 25.00 18.00 18.00 14.00 0.00 0.00 0.00 0.00 0.00
76.00 31.00 44.00 93.00 162.00 49.00 69.00 0.08 0.80 2.00 3.00 0.67 10.00 14.00 21.00 17.00 21.00 10.00 0.00 0.00 0.00 0.00 0.00
77.00 36.00 43.00 99.00 182.00 56.00 83.00 0.08 0.88 1.00 4.00 0.25 12.00 18.00 24.00 18.00 22.00 14.00 0.00 0.00 0.00 0.00 0.00
78.00 38.00 61.00 116.00 196.00 55.00 80.00 0.08 0.73 2.00 3.00 0.67 12.00 17.00 26.00 21.00 23.00 15.00 0.00 0.00 0.00 0.00 0.00
79.00 34.00 46.00 100.00 173.00 54.00 73.00 0.08 0.95 1.00 3.00 0.33 11.00 19.00 23.00 15.00 22.00 12.00 0.00 0.00 0.00 0.00 0.00
80.00 27.00 32.00 75.00 141.00 43.00 66.00 0.08 0.61 1.00 3.00 0.33 9.00 13.00 18.00 14.00 17.00 10.00 0.00 0.00 0.00 0.00 1.00
81.00 28.00 41.00 84.00 140.00 43.00 56.00 0.08 0.70 1.00 4.00 0.25 8.00 11.00 20.00 17.00 17.00 11.00 1.00 0.00 1.00 0.00 0.00
82.00 36.00 55.00 106.00 180.00 51.00 74.00 0.08 0.81 1.00 1.00 1.00 10.00 20.00 26.00 16.00 27.00 9.00 0.00 0.00 1.00 0.00 0.00
83.00 35.00 52.00 112.00 185.00 60.00 73.00 0.08 0.76 1.00 2.00 0.50 9.00 11.00 26.00 24.00 21.00 14.00 0.00 0.00 1.00 1.00 0.00
84.00 34.00 58.00 111.00 183.00 53.00 72.00 0.08 0.83 2.00 2.00 1.00 4.00 9.00 30.00 25.00 15.00 19.00 0.00 0.00 0.00 0.00 0.00
85.00 36.00 53.00 108.00 179.00 55.00 71.00 0.08 1.12 1.00 3.00 0.33 6.00 13.00 30.00 23.00 24.00 12.00 0.00 0.00 0.00 0.00 0.00
86.00 30.00 39.00 87.00 149.00 48.00 62.00 0.09 1.21 1.00 2.00 0.50 5.00 16.00 25.00 14.00 20.00 10.00 0.00 0.00 1.00 0.00 0.00
87.00 34.00 38.00 92.00 168.00 54.00 76.00 0.09 1.20 1.00 1.00 1.00 15.00 21.00 19.00 13.00 28.00 6.00 0.00 0.00 1.00 0.00 0.00
88.00 33.00 40.00 94.00 167.00 54.00 73.00 0.07 0.78 1.00 2.00 0.50 8.00 15.00 25.00 18.00 21.00 12.00 0.00 0.00 0.00 0.00 0.00
89.00 31.00 35.00 97.00 162.00 62.00 65.00 0.09 0.79 1.00 4.00 0.25 6.00 14.00 25.00 17.00 24.00 7.00 0.00 0.00 0.00 0.00 0.00
90.00 26.00 24.00 74.00 140.00 50.00 66.00 0.07 0.79 3.00 2.00 1.50 6.00 10.00 20.00 16.00 16.00 10.00 0.00 0.00 0.00 0.00 0.00
91.00 35.00 47.00 106.00 186.00 59.00 80.00 0.10 0.89 2.00 3.00 0.67 8.00 19.00 27.00 16.00 27.00 8.00 0.00 0.00 2.00 0.00 0.00
92.00 34.00 49.00 105.00 171.00 56.00 66.00 0.08 0.76 2.00 2.00 1.00 5.00 11.00 29.00 23.00 18.00 16.00 0.00 0.00 0.00 0.00 0.00
93.00 33.00 36.00 89.00 167.00 53.00 78.00 0.07 0.86 2.00 3.00 0.67 9.00 18.00 24.00 15.00 23.00 10.00 0.00 0.00 0.00 0.00 0.00
94.00 34.00 47.00 99.00 179.00 52.00 80.00 0.08 0.89 3.00 2.00 1.50 6.00 9.00 28.00 25.00 17.00 17.00 0.00 0.00 0.00 0.00 0.00
95.00 38.00 50.00 106.00 186.00 56.00 80.00 0.10 1.52 2.00 2.00 1.00 11.00 18.00 27.00 20.00 24.00 14.00 0.00 0.00 0.00 0.00 0.00
96.00 40.00 61.00 125.00 210.00 64.00 85.00 0.08 0.87 1.00 4.00 0.25 11.00 15.00 29.00 25.00 26.00 14.00 0.00 0.00 1.00 0.00 0.00
97.00 33.00 42.00 97.00 171.00 55.00 74.00 0.09 0.74 1.00 4.00 0.25 8.00 16.00 25.00 17.00 24.00 9.00 0.00 0.00 1.00 0.00 0.00
98.00 42.00 65.00 139.00 211.00 74.00 72.00 0.08 1.09 1.00 4.00 0.25 10.00 17.00 32.00 25.00 30.00 12.00 1.00 0.00 1.00 0.00 0.00
99.00 36.00 54.00 113.00 189.00 59.00 76.00 0.07 0.82 1.00 3.00 0.33 7.00 17.00 29.00 19.00 22.00 14.00 0.00 0.00 1.00 0.00 0.00
100.00 36.00 48.00 114.00 187.00 66.00 73.00 0.07 1.58 1.00 2.00 0.50 5.00 15.00 31.00 21.00 22.00 14.00 1.00 0.00 1.00 0.00 0.00
101.00 43.00 70.00 138.00 214.00 68.00 76.00 0.08 1.21 2.00 5.00 0.40 12.00 20.00 31.00 23.00 26.00 17.00 1.00 0.00 2.00 0.00 0.00
102.00 42.00 56.00 129.00 212.00 73.00 83.00 0.08 1.58 0.00 4.00 0.00 11.00 17.00 31.00 25.00 27.00 15.00 1.00 0.00 0.00 0.00 0.00
103.00 39.00 49.00 120.00 210.00 71.00 90.00 0.09 1.36 3.00 3.00 1.00 9.00 14.00 30.00 25.00 27.00 12.00 1.00 0.00 2.00 0.00 0.00
104.00 45.00 76.00 159.00 246.00 83.00 87.00 0.09 1.22 3.00 5.00 0.60 9.00 15.00 36.00 30.00 23.00 22.00 1.00 0.00 1.00 0.00 0.00
105.00 44.00 68.00 138.00 230.00 70.00 92.00 0.09 1.22 3.00 4.00 0.75 9.00 17.00 35.00 27.00 26.00 18.00 1.00 0.00 0.00 0.00 0.00
106.00 47.00 76.00 157.00 250.00 81.00 93.00 0.08 1.47 2.00 4.00 0.50 7.00 20.00 40.00 27.00 31.00 16.00 0.00 0.00 1.00 1.00 0.00
107.00 41.00 61.00 130.00 224.00 69.00 94.00 0.08 1.15 3.00 4.00 0.75 9.00 18.00 32.00 23.00 27.00 14.00 0.00 0.00 1.00 0.00 1.00
108.00 47.00 69.00 148.00 238.00 79.00 90.00 0.08 1.23 3.00 5.00 0.60 12.00 24.00 35.00 23.00 31.00 16.00 0.00 0.00 0.00 1.00 0.00
109.00 43.00 71.00 144.00 223.00 73.00 79.00 0.09 0.93 3.00 5.00 0.60 8.00 18.00 35.00 25.00 26.00 17.00 0.00 0.00 0.00 0.00 0.00
110.00 43.00 72.00 137.00 222.00 65.00 85.00 0.08 0.92 3.00 5.00 0.60 7.00 17.00 36.00 26.00 24.00 19.00 0.00 0.00 1.00 0.00 0.00
111.00 44.00 66.00 146.00 237.00 80.00 91.00 0.07 1.58 3.00 4.00 0.75 4.00 9.00 40.00 35.00 18.00 26.00 0.00 0.00 0.00 0.00 0.00
112.00 42.00 63.00 136.00 216.00 73.00 80.00 0.07 1.18 2.00 5.00 0.40 3.00 16.00 39.00 26.00 21.00 21.00 0.00 0.00 1.00 0.00 0.00
113.00 50.00 89.00 159.00 250.00 70.00 91.00 0.08 1.46 2.00 6.00 0.33 14.00 25.00 36.00 25.00 32.00 18.00 0.00 0.00 2.00 0.00 0.00
114.00 45.00 67.00 144.00 229.00 77.00 85.00 0.08 1.96 2.00 6.00 0.33 8.00 21.00 37.00 24.00 24.00 21.00 0.00 0.00 0.00 0.00 0.00
115.00 46.00 83.00 154.00 235.00 71.00 81.00 0.07 0.96 2.00 7.00 0.29 8.00 16.00 38.00 30.00 21.00 25.00 1.00 0.00 0.00 0.00 0.00
116.00 43.00 76.00 144.00 225.00 68.00 81.00 0.08 1.66 2.00 8.00 0.25 7.00 13.00 36.00 30.00 21.00 22.00 1.00 0.00 0.00 0.00 0.00
117.00 45.00 77.00 149.00 225.00 72.00 76.00 0.09 1.54 2.00 6.00 0.33 10.00 17.00 35.00 28.00 24.00 21.00 0.00 0.00 1.00 0.00 0.00
118.00 40.00 60.00 130.00 208.00 70.00 78.00 0.08 1.32 2.00 6.00 0.33 9.00 16.00 31.00 24.00 22.00 18.00 1.00 0.00 0.00 0.00 0.00
119.00 43.00 72.00 142.00 224.00 70.00 82.00 0.07 1.60 2.00 5.00 0.40 5.00 17.00 38.00 26.00 27.00 16.00 1.00 0.00 0.00 0.00 0.00
120.00 46.00 77.00 154.00 236.00 77.00 82.00 0.08 1.62 3.00 5.00 0.60 11.00 17.00 35.00 29.00 22.00 24.00 1.00 0.00 0.00 0.00 0.00
121.00 49.00 88.00 166.00 254.00 78.00 88.00 0.07 0.98 4.00 6.00 0.67 10.00 21.00 39.00 28.00 27.00 22.00 0.00 0.00 0.00 0.00 0.00
122.00 54.00 81.00 176.00 280.00 95.00 104.00 0.08 2.02 4.00 4.00 1.00 8.00 14.00 46.00 40.00 26.00 28.00 1.00 0.00 1.00 1.00 0.00
123.00 41.00 48.00 117.00 209.00 69.00 92.00 0.08 1.34 3.00 5.00 0.60 10.00 17.00 31.00 24.00 20.00 21.00 1.00 0.00 1.00 0.00 0.00
124.00 43.00 62.00 136.00 229.00 74.00 93.00 0.09 1.31 3.00 4.00 0.75 7.00 13.00 36.00 30.00 21.00 22.00 1.00 0.00 1.00 0.00 0.00
125.00 44.00 67.00 153.00 237.00 86.00 84.00 0.08 1.58 3.00 3.00 1.00 6.00 12.00 38.00 32.00 22.00 22.00 0.00 0.00 1.00 0.00 0.00
126.00 47.00 73.00 148.00 247.00 75.00 99.00 0.09 1.84 3.00 3.00 1.00 8.00 19.00 39.00 28.00 28.00 19.00 1.00 0.00 0.00 0.00 0.00
127.00 43.00 79.00 148.00 224.00 69.00 76.00 0.07 1.52 4.00 5.00 0.80 8.00 17.00 35.00 26.00 25.00 18.00 0.00 0.00 1.00 0.00 0.00
128.00 41.00 69.00 140.00 213.00 71.00 73.00 0.09 1.54 3.00 5.00 0.60 9.00 19.00 32.00 22.00 25.00 16.00 1.00 0.00 0.00 1.00 0.00
129.00 45.00 73.00 137.00 242.00 64.00 105.00 0.09 1.59 2.00 2.00 1.00 11.00 19.00 34.00 26.00 29.00 16.00 1.00 0.00 1.00 0.00 0.00
130.00 47.00 78.00 140.00 230.00 62.00 90.00 0.08 1.65 3.00 4.00 0.75 7.00 12.00 40.00 35.00 21.00 26.00 1.00 0.00 1.00 1.00 0.00
131.00 46.00 50.00 135.00 241.00 85.00 106.00 0.07 1.88 2.00 4.00 0.50 11.00 21.00 35.00 25.00 26.00 20.00 0.00 0.00 0.00 0.00 0.00
132.00 45.00 67.00 152.00 238.00 85.00 86.00 0.09 0.95 2.00 3.00 0.67 10.00 19.00 35.00 26.00 27.00 18.00 1.00 0.00 1.00 0.00 0.00
133.00 47.00 68.00 159.00 252.00 91.00 93.00 0.10 0.97 3.00 5.00 0.60 9.00 16.00 38.00 31.00 26.00 21.00 0.00 0.00 1.00 0.00 0.00
134.00 47.00 80.00 150.00 249.00 70.00 99.00 0.10 1.00 2.00 3.00 0.67 6.00 17.00 41.00 30.00 25.00 22.00 1.00 0.00 2.00 0.00 0.00
135.00 48.00 73.00 162.00 249.00 89.00 87.00 0.08 1.55 4.00 3.00 1.33 12.00 22.00 36.00 26.00 28.00 20.00 1.00 0.00 2.00 0.00 0.00
136.00 47.00 56.00 148.00 252.00 92.00 104.00 0.09 1.03 3.00 3.00 1.00 9.00 20.00 38.00 27.00 25.00 22.00 1.00 0.00 0.00 0.00 0.00
137.00 53.00 72.00 172.00 273.00 100.00 101.00 0.09 1.40 3.00 3.00 1.00 8.00 20.00 45.00 33.00 27.00 26.00 1.00 0.00 1.00 0.00 0.00
138.00 51.00 79.00 166.00 271.00 87.00 105.00 0.07 1.16 3.00 4.00 0.75 9.00 20.00 42.00 31.00 31.00 20.00 0.00 0.00 0.00 0.00 0.00
139.00 49.00 70.00 162.00 265.00 92.00 103.00 0.08 1.04 4.00 5.00 0.80 8.00 18.00 41.00 31.00 24.00 25.00 1.00 0.00 1.00 0.00 0.00
140.00 48.00 76.00 154.00 249.00 78.00 95.00 0.08 1.66 3.00 4.00 0.75 8.00 16.00 40.00 32.00 22.00 26.00 1.00 0.00 0.00 0.00 0.00
141.00 41.00 63.00 139.00 220.00 76.00 81.00 0.06 0.90 5.00 5.00 1.00 11.00 19.00 30.00 22.00 24.00 17.00 1.00 0.00 0.00 0.00 0.00
142.00 46.00 53.00 149.00 247.00 96.00 98.00 0.09 1.27 3.00 5.00 0.60 9.00 15.00 37.00 31.00 23.00 23.00 0.00 0.00 1.00 0.00 0.00
143.00 48.00 85.00 161.00 256.00 76.00 95.00 0.11 0.98 2.00 5.00 0.40 5.00 14.00 43.00 34.00 23.00 25.00 1.00 0.00 0.00 0.00 0.00
144.00 48.00 73.00 163.00 259.00 90.00 96.00 0.08 1.03 3.00 7.00 0.43 8.00 15.00 40.00 33.00 23.00 25.00 1.00 0.00 3.00 0.00 0.00
145.00 46.00 81.00 151.00 237.00 70.00 86.00 0.09 1.23 3.00 5.00 0.60 8.00 16.00 38.00 30.00 26.00 20.00 2.00 0.00 0.00 0.00 0.00
146.00 44.00 74.00 149.00 234.00 75.00 85.00 0.09 1.28 3.00 7.00 0.43 7.00 12.00 37.00 32.00 19.00 25.00 1.00 0.00 0.00 0.00 0.00
147.00 50.00 73.00 160.00 253.00 87.00 93.00 0.08 1.79 3.00 6.00 0.50 14.00 25.00 36.00 25.00 33.00 17.00 1.00 0.00 0.00 0.00 0.00
148.00 49.00 78.00 160.00 253.00 82.00 93.00 0.08 1.46 3.00 6.00 0.50 13.00 22.00 36.00 27.00 27.00 22.00 1.00 0.00 0.00 0.00 0.00
149.00 48.00 75.00 160.00 260.00 85.00 100.00 0.07 1.29 2.00 5.00 0.40 5.00 14.00 43.00 34.00 25.00 23.00 1.00 0.00 1.00 0.00 0.00
150.00 50.00 77.00 161.00 270.00 84.00 109.00 0.09 1.03 2.00 6.00 0.33 11.00 19.00 39.00 31.00 28.00 22.00 1.00 0.00 1.00 0.00 0.00
151.00 44.00 74.00 140.00 220.00 66.00 80.00 0.09 1.29 2.00 4.00 0.50 7.00 18.00 37.00 26.00 26.00 18.00 0.00 0.00 0.00 0.00 0.00
152.00 47.00 66.00 158.00 254.00 92.00 96.00 0.09 1.25 3.00 4.00 0.75 5.00 20.00 42.00 27.00 27.00 20.00 0.00 0.00 0.00 0.00 0.00
153.00 43.00 69.00 140.00 230.00 71.00 90.00 0.09 0.99 2.00 4.00 0.50 5.00 12.00 38.00 31.00 17.00 26.00 0.00 0.00 0.00 0.00 0.00
154.00 50.00 75.00 158.00 252.00 83.00 94.00 0.09 1.86 2.00 5.00 0.40 17.00 24.00 33.00 26.00 34.00 16.00 1.00 0.00 0.00 0.00 0.00
155.00 43.00 59.00 146.00 227.00 87.00 81.00 0.09 1.27 2.00 5.00 0.40 11.00 17.00 32.00 26.00 24.00 19.00 1.00 0.00 1.00 0.00 0.00
156.00 38.00 47.00 118.00 198.00 71.00 80.00 0.08 0.94 1.00 3.00 0.33 9.00 22.00 29.00 16.00 26.00 12.00 0.00 0.00 1.00 0.00 0.00
157.00 44.00 47.00 124.00 229.00 77.00 105.00 0.09 1.56 1.00 3.00 0.33 10.00 20.00 34.00 24.00 29.00 15.00 0.00 0.00 0.00 1.00 1.00
158.00 51.00 63.00 150.00 257.00 87.00 107.00 0.09 2.42 2.00 4.00 0.50 11.00 25.00 40.00 26.00 35.00 16.00 1.00 0.00 0.00 0.00 0.00
159.00 45.00 63.00 137.00 230.00 74.00 93.00 0.09 2.14 2.00 3.00 0.67 7.00 16.00 38.00 29.00 25.00 20.00 1.00 0.00 1.00 0.00 0.00
160.00 57.00 94.00 184.00 290.00 90.00 106.00 0.08 2.84 5.00 1.00 5.00 17.00 26.00 40.00 31.00 39.00 18.00 0.00 0.00 0.00 0.00 0.00
161.00 55.00 86.00 169.00 288.00 83.00 119.00 0.09 2.44 3.00 5.00 0.60 10.00 19.00 45.00 36.00 25.00 30.00 1.00 0.00 1.00 0.00 0.00
162.00 58.00 85.00 183.00 301.00 98.00 118.00 0.09 2.25 3.00 4.00 0.75 13.00 29.00 45.00 29.00 36.00 22.00 1.00 0.00 1.00 0.00 0.00
163.00 48.00 72.00 155.00 250.00 83.00 95.00 0.07 2.13 2.00 3.00 0.67 5.00 20.00 43.00 28.00 28.00 20.00 1.00 0.00 1.00 0.00 0.00
164.00 50.00 91.00 172.00 270.00 81.00 98.00 0.09 1.55 3.00 4.00 0.75 9.00 20.00 41.00 30.00 27.00 23.00 1.00 0.00 2.00 0.00 0.00
165.00 55.00 88.00 175.00 290.00 87.00 115.00 0.08 1.85 4.00 4.00 1.00 11.00 21.00 44.00 34.00 28.00 27.00 1.00 0.00 2.00 1.00 1.00
166.00 53.00 85.00 172.00 278.00 87.00 106.00 0.10 2.09 2.00 6.00 0.33 14.00 25.00 39.00 28.00 33.00 20.00 1.00 0.00 1.00 0.00 0.00
167.00 49.00 77.00 160.00 265.00 83.00 105.00 0.08 1.47 3.00 4.00 0.75 9.00 17.00 40.00 32.00 25.00 24.00 1.00 0.00 2.00 0.00 1.00
168.00 51.00 87.00 174.00 269.00 87.00 95.00 0.10 1.78 3.00 6.00 0.50 3.00 14.00 48.00 37.00 20.00 31.00 1.00 0.00 0.00 0.00 0.00
169.00 53.00 69.00 171.00 286.00 102.00 115.00 0.09 1.35 3.00 5.00 0.60 12.00 18.00 41.00 35.00 28.00 25.00 1.00 0.00 1.00 0.00 0.00
170.00 53.00 82.00 175.00 289.00 93.00 114.00 0.09 1.66 4.00 6.00 0.67 9.00 21.00 44.00 32.00 29.00 24.00 1.00 0.00 1.00 0.00 0.00
171.00 58.00 99.00 194.00 304.00 95.00 110.00 0.07 1.79 3.00 5.00 0.60 11.00 30.00 47.00 28.00 34.00 24.00 1.00 0.00 2.00 0.00 1.00
172.00 49.00 58.00 147.00 253.00 89.00 106.00 0.09 2.06 1.00 6.00 0.17 13.00 24.00 36.00 25.00 32.00 17.00 1.00 0.00 2.00 0.00 0.00
173.00 50.00 69.00 167.00 261.00 98.00 94.00 0.08 1.78 0.00 6.00 0.00 8.00 14.00 42.00 36.00 23.00 27.00 1.00 0.00 1.00 0.00 1.00
174.00 51.00 79.00 167.00 264.00 88.00 97.00 0.08 1.85 1.00 5.00 0.20 12.00 23.00 39.00 28.00 31.00 20.00 1.00 0.00 0.00 0.00 0.00
175.00 58.00 80.00 171.00 299.00 91.00 128.00 0.08 1.86 2.00 5.00 0.40 13.00 23.00 45.00 35.00 30.00 28.00 1.00 0.00 0.00 1.00 0.00
176.00 52.00 76.00 162.00 266.00 86.00 104.00 0.07 1.56 0.00 4.00 0.00 9.00 23.00 43.00 29.00 32.00 20.00 1.00 0.00 1.00 0.00 0.00
177.00 46.00 68.00 142.00 244.00 74.00 102.00 0.09 1.60 0.00 3.00 0.00 7.00 20.00 39.00 26.00 27.00 19.00 1.00 0.00 1.00 0.00 0.00
178.00 48.00 69.00 146.00 243.00 77.00 97.00 0.09 1.63 1.00 3.00 0.33 12.00 22.00 36.00 26.00 30.00 18.00 0.00 0.00 1.00 0.00 1.00
179.00 48.00 75.00 152.00 249.00 77.00 97.00 0.09 1.14 1.00 6.00 0.17 8.00 15.00 40.00 33.00 25.00 23.00 1.00 0.00 1.00 0.00 0.00
180.00 54.00 84.00 163.00 265.00 79.00 102.00 0.08 1.65 1.00 6.00 0.17 10.00 26.00 44.00 28.00 32.00 22.00 1.00 0.00 0.00 0.00 0.00
181.00 44.00 70.00 143.00 241.00 73.00 98.00 0.07 1.69 2.00 5.00 0.40 7.00 17.00 37.00 27.00 25.00 19.00 1.00 0.00 1.00 0.00 0.00
182.00 51.00 72.00 157.00 259.00 85.00 102.00 0.08 1.36 2.00 6.00 0.33 12.00 23.00 39.00 28.00 32.00 19.00 0.00 0.00 1.00 0.00 0.00
183.00 49.00 90.00 167.00 254.00 77.00 87.00 0.08 1.34 2.00 6.00 0.33 10.00 17.00 39.00 32.00 25.00 24.00 1.00 0.00 0.00 0.00 0.00
184.00 46.00 74.00 149.00 247.00 75.00 98.00 0.08 1.37 1.00 6.00 0.17 11.00 17.00 35.00 29.00 24.00 22.00 1.00 0.00 0.00 0.00 0.00
185.00 50.00 78.00 159.00 256.00 81.00 97.00 0.09 1.36 3.00 5.00 0.60 11.00 23.00 39.00 27.00 36.00 14.00 1.00 0.00 0.00 0.00 0.00
186.00 41.00 56.00 127.00 225.00 71.00 98.00 0.06 1.07 3.00 5.00 0.60 9.00 17.00 32.00 24.00 23.00 18.00 1.00 0.00 0.00 1.00 0.00
187.00 47.00 73.00 150.00 253.00 77.00 103.00 0.08 1.20 3.00 3.00 1.00 11.00 22.00 36.00 25.00 29.00 18.00 1.00 0.00 1.00 0.00 0.00
188.00 50.00 78.00 156.00 250.00 78.00 94.00 0.09 1.08 3.00 6.00 0.50 11.00 21.00 39.00 29.00 30.00 20.00 1.00 0.00 0.00 0.00 0.00
189.00 44.00 60.00 139.00 230.00 79.00 91.00 0.08 1.17 2.00 5.00 0.40 8.00 14.00 36.00 30.00 23.00 21.00 1.00 0.00 1.00 1.00 0.00
190.00 45.00 81.00 146.00 222.00 65.00 76.00 0.08 1.40 3.00 4.00 0.75 6.00 16.00 39.00 29.00 21.00 24.00 0.00 0.00 0.00 0.00 0.00
191.00 38.00 49.00 115.00 194.00 66.00 79.00 0.08 1.45 3.00 5.00 0.60 4.00 13.00 34.00 25.00 23.00 15.00 1.00 0.00 0.00 0.00 0.00
192.00 38.00 48.00 118.00 196.00 70.00 78.00 0.06 1.27 2.00 5.00 0.40 8.00 15.00 30.00 23.00 21.00 17.00 1.00 1.00 0.00 0.00 0.00
193.00 43.00 72.00 142.00 225.00 70.00 83.00 0.07 1.29 2.00 5.00 0.40 7.00 18.00 36.00 25.00 26.00 17.00 1.00 0.00 1.00 0.00 0.00
194.00 43.00 59.00 124.00 216.00 65.00 92.00 0.07 1.87 2.00 3.00 0.67 9.00 18.00 34.00 25.00 24.00 19.00 1.00 0.00 1.00 0.00 0.00
195.00 39.00 59.00 128.00 204.00 69.00 76.00 0.07 1.77 2.00 5.00 0.40 10.00 17.00 29.00 22.00 24.00 15.00 0.00 0.00 0.00 0.00 0.00
196.00 45.00 74.00 142.00 228.00 68.00 86.00 0.09 1.25 1.00 6.00 0.17 10.00 18.00 35.00 27.00 29.00 16.00 1.00 0.00 0.00 0.00 0.00
197.00 40.00 56.00 129.00 211.00 73.00 82.00 0.09 1.62 1.00 5.00 0.20 6.00 10.00 34.00 30.00 22.00 18.00 0.00 0.00 0.00 0.00 0.00
198.00 42.00 70.00 130.00 216.00 60.00 86.00 0.10 0.85 2.00 6.00 0.33 6.00 17.00 36.00 25.00 26.00 16.00 1.00 0.00 0.00 0.00 0.00
199.00 47.00 65.00 148.00 238.00 83.00 90.00 0.09 1.09 2.00 4.00 0.50 8.00 22.00 39.00 25.00 27.00 20.00 1.00 0.00 0.00 0.00 0.00
200.00 42.00 76.00 146.00 223.00 70.00 77.00 0.08 0.87 3.00 5.00 0.60 2.00 12.00 40.00 30.00 19.00 23.00 0.00 0.00 1.00 0.00 0.00
201.00 42.00 57.00 137.00 211.00 80.00 74.00 0.07 0.80 2.00 6.00 0.33 10.00 18.00 32.00 24.00 27.00 15.00 0.00 0.00 0.00 0.00 0.00
202.00 43.00 71.00 136.00 226.00 65.00 90.00 0.09 0.82 0.00 4.00 0.00 7.00 17.00 36.00 26.00 22.00 21.00 0.00 0.00 0.00 1.00 0.00
203.00 37.00 46.00 109.00 187.00 63.00 78.00 0.09 1.13 2.00 5.00 0.40 6.00 12.00 31.00 25.00 17.00 20.00 0.00 1.00 0.00 0.00 0.00
204.00 39.00 61.00 125.00 208.00 64.00 83.00 0.06 0.79 2.00 5.00 0.40 5.00 11.00 34.00 28.00 19.00 20.00 0.00 0.00 1.00 0.00 0.00
205.00 41.00 51.00 123.00 208.00 72.00 85.00 0.08 0.93 1.00 6.00 0.17 12.00 20.00 29.00 21.00 28.00 13.00 0.00 0.00 0.00 0.00 0.00
206.00 36.00 36.00 104.00 188.00 68.00 84.00 0.07 0.77 1.00 5.00 0.20 8.00 12.00 28.00 24.00 21.00 15.00 0.00 0.00 0.00 0.00 0.00
207.00 31.00 34.00 89.00 155.00 55.00 66.00 0.10 0.78 1.00 3.00 0.33 10.00 13.00 21.00 18.00 19.00 12.00 0.00 0.00 0.00 0.00 0.00
208.00 36.00 53.00 114.00 190.00 61.00 76.00 0.08 0.79 2.00 4.00 0.50 4.00 13.00 32.00 23.00 21.00 15.00 0.00 0.00 0.00 0.00 0.00
209.00 37.00 55.00 119.00 187.00 64.00 68.00 0.08 0.81 0.00 4.00 0.00 7.00 16.00 30.00 21.00 22.00 15.00 1.00 0.00 1.00 0.00 0.00
210.00 40.00 53.00 114.00 213.00 61.00 99.00 0.08 0.87 1.00 2.00 0.50 11.00 23.00 29.00 17.00 28.00 12.00 0.00 0.00 1.00 1.00 0.00
211.00 34.00 50.00 103.00 165.00 53.00 62.00 0.08 0.70 2.00 3.00 0.67 8.00 15.00 26.00 19.00 22.00 12.00 0.00 0.00 1.00 0.00 0.00
212.00 35.00 58.00 119.00 181.00 61.00 62.00 0.10 0.76 1.00 3.00 0.33 6.00 11.00 29.00 24.00 18.00 17.00 0.00 0.00 1.00 1.00 0.00
213.00 37.00 43.00 95.00 189.00 52.00 94.00 0.09 1.28 2.00 2.00 1.00 9.00 16.00 28.00 21.00 20.00 17.00 0.00 0.00 1.00 1.00 0.00
214.00 36.00 40.00 98.00 187.00 58.00 89.00 0.08 0.92 2.00 2.00 1.00 10.00 14.00 26.00 22.00 21.00 15.00 0.00 0.00 2.00 1.00 0.00
215.00 37.00 55.00 114.00 192.00 59.00 78.00 0.08 0.96 2.00 1.00 2.00 10.00 17.00 27.00 20.00 24.00 13.00 0.00 0.00 0.00 0.00 0.00
216.00 31.00 48.00 105.00 162.00 57.00 57.00 0.08 0.77 1.00 4.00 0.25 5.00 14.00 26.00 17.00 21.00 10.00 0.00 0.00 0.00 0.00 0.00
217.00 35.00 49.00 108.00 184.00 59.00 76.00 0.09 0.75 1.00 3.00 0.33 8.00 15.00 27.00 20.00 21.00 14.00 0.00 0.00 0.00 0.00 0.00
218.00 41.00 46.00 121.00 208.00 75.00 87.00 0.09 1.66 1.00 3.00 0.33 10.00 18.00 31.00 23.00 26.00 15.00 0.00 0.00 1.00 0.00 0.00
219.00 40.00 69.00 124.00 204.00 55.00 80.00 0.07 1.18 1.00 2.00 0.50 9.00 15.00 31.00 25.00 22.00 18.00 0.00 0.00 1.00 0.00 0.00
220.00 42.00 64.00 124.00 211.00 60.00 87.00 0.09 1.43 1.00 4.00 0.25 12.00 16.00 30.00 26.00 31.00 11.00 0.00 0.00 3.00 0.00 0.00
221.00 37.00 50.00 118.00 191.00 68.00 73.00 0.07 0.86 1.00 4.00 0.25 8.00 12.00 29.00 25.00 21.00 16.00 0.00 0.00 2.00 0.00 0.00
222.00 36.00 58.00 113.00 183.00 55.00 70.00 0.09 0.76 1.00 4.00 0.25 5.00 9.00 31.00 27.00 17.00 19.00 0.00 0.00 1.00 0.00 0.00
223.00 40.00 62.00 127.00 201.00 65.00 74.00 0.09 1.26 1.00 4.00 0.25 6.00 19.00 34.00 21.00 22.00 18.00 0.00 0.00 2.00 0.00 0.00
224.00 39.00 46.00 118.00 204.00 72.00 86.00 0.09 1.18 1.00 3.00 0.33 7.00 13.00 32.00 26.00 24.00 15.00 0.00 0.00 1.00 0.00 0.00
225.00 39.00 65.00 124.00 197.00 59.00 73.00 0.08 1.24 1.00 3.00 0.33 10.00 18.00 29.00 21.00 27.00 12.00 0.00 0.00 1.00 1.00 0.00
226.00 34.00 36.00 90.00 165.00 54.00 75.00 0.09 1.01 1.00 1.00 1.00 7.00 18.00 27.00 16.00 25.00 9.00 0.00 0.00 1.00 0.00 0.00
227.00 40.00 59.00 116.00 192.00 57.00 76.00 0.08 1.40 1.00 2.00 0.50 11.00 20.00 29.00 20.00 26.00 14.00 0.00 0.00 2.00 0.00 0.00
228.00 34.00 34.00 92.00 172.00 58.00 80.00 0.08 0.99 1.00 1.00 1.00 9.00 19.00 25.00 15.00 23.00 11.00 0.00 0.00 1.00 0.00 0.00
229.00 44.00 78.00 129.00 220.00 51.00 91.00 0.08 1.45 1.00 3.00 0.33 11.00 19.00 33.00 25.00 26.00 18.00 1.00 0.00 0.00 0.00 0.00
230.00 38.00 52.00 117.00 204.00 65.00 87.00 0.10 0.95 2.00 3.00 0.67 9.00 17.00 29.00 21.00 23.00 15.00 1.00 0.00 1.00 1.00 0.00
231.00 34.00 54.00 110.00 173.00 56.00 63.00 0.08 0.82 1.00 2.00 0.50 7.00 12.00 27.00 22.00 19.00 15.00 1.00 0.00 0.00 1.00 0.00
232.00 41.00 46.00 125.00 212.00 79.00 87.00 0.09 1.63 1.00 3.00 0.33 8.00 19.00 33.00 22.00 24.00 17.00 1.00 0.00 0.00 2.00 0.00
233.00 38.00 57.00 124.00 195.00 67.00 71.00 0.08 0.83 1.00 3.00 0.33 8.00 17.00 30.00 21.00 21.00 17.00 1.00 0.00 1.00 0.00 0.00
234.00 38.00 51.00 119.00 196.00 68.00 77.00 0.10 0.93 0.00 4.00 0.00 5.00 17.00 33.00 21.00 26.00 12.00 1.00 0.00 0.00 0.00 0.00
235.00 37.00 52.00 113.00 190.00 61.00 77.00 0.10 1.32 1.00 4.00 0.25 5.00 13.00 32.00 24.00 20.00 17.00 0.00 0.00 0.00 0.00 0.00
236.00 39.00 55.00 123.00 200.00 68.00 77.00 0.09 1.17 1.00 1.00 1.00 9.00 21.00 30.00 18.00 26.00 13.00 1.00 0.00 0.00 0.00 0.00
237.00 36.00 58.00 113.00 184.00 55.00 71.00 0.09 0.91 1.00 4.00 0.25 6.00 12.00 30.00 24.00 18.00 18.00 1.00 0.00 0.00 0.00 0.00
238.00 32.00 38.00 87.00 165.00 49.00 78.00 0.10 0.95 1.00 2.00 0.50 5.00 13.00 27.00 19.00 21.00 11.00 1.00 0.00 0.00 1.00 0.00
239.00 36.00 34.00 100.00 184.00 66.00 84.00 0.10 1.25 1.00 2.00 0.50 7.00 15.00 29.00 21.00 17.00 19.00 0.00 0.00 0.00 1.00 0.00
240.00 27.00 38.00 83.00 139.00 45.00 56.00 0.08 0.69 1.00 3.00 0.33 3.00 9.00 24.00 18.00 17.00 10.00 1.00 0.00 0.00 1.00 0.00
241.00 32.00 36.00 100.00 168.00 64.00 68.00 0.09 0.94 1.00 1.00 1.00 7.00 13.00 25.00 19.00 21.00 11.00 0.00 0.00 2.00 1.00 0.00
242.00 35.00 49.00 95.00 170.00 46.00 75.00 0.08 1.48 1.00 1.00 1.00 11.00 18.00 24.00 17.00 26.00 9.00 1.00 0.00 0.00 1.00 0.00
243.00 33.00 52.00 108.00 168.00 56.00 60.00 0.10 0.87 1.00 1.00 1.00 3.00 9.00 30.00 24.00 20.00 13.00 0.00 0.00 0.00 0.00 0.00
244.00 22.00 22.00 61.00 113.00 39.00 52.00 0.09 0.67 1.00 1.00 1.00 5.00 8.00 17.00 14.00 15.00 7.00 0.00 0.00 0.00 0.00 0.00
245.00 32.00 39.00 99.00 177.00 60.00 78.00 0.09 1.10 1.00 1.00 1.00 9.00 18.00 23.00 14.00 21.00 11.00 0.00 0.00 0.00 1.00 0.00
246.00 31.00 38.00 90.00 160.00 52.00 70.00 0.10 1.03 0.00 2.00 0.00 9.00 14.00 22.00 17.00 22.00 9.00 0.00 0.00 0.00 0.00 0.00
247.00 27.00 25.00 73.00 137.00 48.00 64.00 0.10 0.76 1.00 3.00 0.33 11.00 14.00 16.00 13.00 18.00 9.00 0.00 0.00 0.00 0.00 0.00
248.00 32.00 45.00 99.00 162.00 54.00 63.00 0.09 0.89 1.00 2.00 0.50 9.00 18.00 23.00 14.00 22.00 10.00 0.00 0.00 1.00 0.00 0.00
249.00 28.00 35.00 82.00 144.00 47.00 62.00 0.09 0.83 0.00 3.00 0.00 4.00 15.00 24.00 13.00 20.00 8.00 1.00 0.00 0.00 0.00 0.00
250.00 29.00 34.00 84.00 147.00 50.00 63.00 0.10 1.23 1.00 2.00 0.50 5.00 15.00 24.00 14.00 21.00 8.00 2.00 0.00 0.00 0.00 0.00
251.00 29.00 37.00 83.00 152.00 46.00 69.00 0.08 1.20 1.00 3.00 0.33 2.00 11.00 27.00 18.00 15.00 14.00 1.00 0.00 0.00 0.00 0.00
252.00 30.00 43.00 94.00 166.00 51.00 72.00 0.09 1.36 1.00 3.00 0.33 5.00 11.00 25.00 19.00 16.00 14.00 1.00 0.00 1.00 0.00 0.00
253.00 30.00 36.00 88.00 149.00 52.00 61.00 0.09 1.72 1.00 1.00 1.00 6.00 13.00 24.00 17.00 19.00 11.00 1.00 0.00 0.00 0.00 0.00
254.00 37.00 47.00 105.00 179.00 58.00 74.00 0.09 1.09 0.00 2.00 0.00 11.00 19.00 26.00 18.00 28.00 9.00 1.00 0.00 1.00 0.00 0.00
255.00 33.00 36.00 91.00 168.00 55.00 77.00 0.08 1.06 1.00 1.00 1.00 8.00 15.00 25.00 18.00 23.00 10.00 0.00 0.00 0.00 0.00 0.00
256.00 26.00 32.00 75.00 136.00 43.00 61.00 0.08 0.82 1.00 0.00 0.00 6.00 13.00 20.00 13.00 19.00 7.00 0.00 0.00 1.00 0.00 0.00
257.00 27.00 29.00 71.00 143.00 42.00 72.00 0.07 0.97 2.00 0.00 0.00 5.00 10.00 22.00 17.00 16.00 11.00 1.00 0.00 1.00 0.00 0.00
258.00 33.00 42.00 98.00 175.00 56.00 77.00 0.09 1.31 1.00 2.00 0.50 10.00 16.00 23.00 17.00 20.00 13.00 0.00 0.00 0.00 0.00 0.00
259.00 30.00 42.00 89.00 159.00 47.00 70.00 0.09 0.96 1.00 0.00 0.00 10.00 13.00 20.00 17.00 23.00 7.00 1.00 0.00 0.00 0.00 0.00
260.00 36.00 50.00 111.00 182.00 61.00 71.00 0.07 1.11 1.00 1.00 1.00 6.00 18.00 30.00 18.00 21.00 15.00 1.00 0.00 0.00 0.00 0.00
261.00 31.00 37.00 89.00 164.00 52.00 75.00 0.08 0.88 1.00 3.00 0.33 8.00 15.00 23.00 16.00 19.00 12.00 0.00 0.00 1.00 1.00 0.00
262.00 31.00 34.00 91.00 166.00 57.00 75.00 0.07 0.83 2.00 2.00 1.00 4.00 13.00 27.00 18.00 19.00 12.00 1.00 0.00 1.00 0.00 0.00
263.00 31.00 30.00 89.00 164.00 59.00 75.00 0.09 0.90 2.00 1.00 2.00 8.00 15.00 23.00 16.00 18.00 13.00 1.00 0.00 1.00 0.00 0.00
264.00 34.00 44.00 107.00 176.00 63.00 69.00 0.07 1.00 2.00 1.00 2.00 7.00 18.00 27.00 16.00 21.00 13.00 0.00 0.00 0.00 0.00 0.00
265.00 35.00 43.00 107.00 174.00 64.00 67.00 0.08 1.07 0.00 3.00 0.00 7.00 18.00 28.00 17.00 24.00 11.00 1.00 0.00 1.00 0.00 0.00
266.00 29.00 29.00 85.00 151.00 56.00 66.00 0.08 0.92 2.00 2.00 1.00 4.00 14.00 25.00 15.00 20.00 9.00 1.00 0.00 0.00 0.00 0.00
267.00 29.00 39.00 87.00 152.00 48.00 65.00 0.07 0.80 1.00 2.00 0.50 6.00 15.00 23.00 14.00 18.00 11.00 1.00 0.00 0.00 0.00 0.00
268.00 31.00 37.00 87.00 166.00 50.00 79.00 0.08 0.85 0.00 3.00 0.00 6.00 14.00 25.00 17.00 18.00 13.00 1.00 0.00 0.00 0.00 0.00
269.00 30.00 39.00 89.00 150.00 50.00 61.00 0.06 0.80 0.00 2.00 0.00 8.00 18.00 22.00 12.00 22.00 8.00 0.00 0.00 0.00 0.00 0.00
270.00 32.00 37.00 91.00 157.00 54.00 66.00 0.08 0.90 0.00 2.00 0.00 8.00 17.00 24.00 15.00 21.00 11.00 0.00 0.00 2.00 0.00 0.00
271.00 29.00 36.00 84.00 143.00 48.00 59.00 0.09 1.35 0.00 3.00 0.00 6.00 11.00 23.00 18.00 19.00 10.00 2.00 0.00 1.00 0.00 0.00
272.00 27.00 31.00 83.00 140.00 52.00 57.00 0.08 0.63 0.00 2.00 0.00 8.00 13.00 19.00 14.00 19.00 8.00 0.00 0.00 1.00 0.00 0.00
273.00 32.00 37.00 100.00 163.00 63.00 63.00 0.07 0.72 0.00 4.00 0.00 5.00 15.00 27.00 17.00 19.00 13.00 0.00 0.00 1.00 0.00 0.00
274.00 29.00 28.00 81.00 146.00 53.00 65.00 0.09 0.81 0.00 3.00 0.00 5.00 13.00 24.00 16.00 19.00 10.00 1.00 0.00 0.00 0.00 0.00
275.00 26.00 26.00 78.00 139.00 52.00 61.00 0.10 0.68 0.00 2.00 0.00 7.00 13.00 19.00 13.00 16.00 10.00 0.00 0.00 0.00 0.00 0.00
276.00 30.00 43.00 94.00 154.00 51.00 60.00 0.10 0.70 0.00 2.00 0.00 5.00 12.00 25.00 18.00 20.00 10.00 0.00 0.00 0.00 0.00 0.00
277.00 30.00 43.00 90.00 155.00 47.00 65.00 0.07 1.26 0.00 2.00 0.00 7.00 16.00 23.00 14.00 22.00 8.00 0.00 0.00 0.00 0.00 0.00
278.00 28.00 33.00 76.00 142.00 43.00 66.00 0.09 1.26 1.00 1.00 1.00 8.00 8.00 20.00 20.00 16.00 12.00 0.00 0.00 0.00 0.00 0.00
279.00 30.00 27.00 86.00 157.00 59.00 71.00 0.08 1.28 0.00 2.00 0.00 7.00 14.00 23.00 16.00 20.00 10.00 1.00 0.00 0.00 0.00 0.00
280.00 33.00 44.00 93.00 175.00 49.00 82.00 0.09 0.82 0.00 2.00 0.00 8.00 14.00 25.00 19.00 22.00 11.00 1.00 0.00 0.00 0.00 0.00
281.00 31.00 39.00 88.00 154.00 49.00 66.00 0.09 1.25 1.00 3.00 0.33 10.00 15.00 21.00 16.00 23.00 8.00 0.00 0.00 0.00 0.00 0.00
282.00 31.00 32.00 85.00 159.00 53.00 74.00 0.10 1.72 0.00 3.00 0.00 10.00 13.00 21.00 18.00 19.00 12.00 1.00 0.00 1.00 0.00 1.00
283.00 34.00 40.00 101.00 175.00 61.00 74.00 0.08 0.75 1.00 2.00 0.50 7.00 18.00 27.00 16.00 21.00 13.00 1.00 0.00 1.00 0.00 0.00
284.00 37.00 48.00 107.00 193.00 59.00 86.00 0.08 1.19 1.00 2.00 0.50 5.00 16.00 32.00 21.00 25.00 12.00 1.00 0.00 1.00 0.00 0.00
285.00 34.00 27.00 97.00 177.00 70.00 80.00 0.07 0.89 0.00 3.00 0.00 6.00 11.00 28.00 23.00 20.00 14.00 1.00 0.00 1.00 0.00 0.00
286.00 29.00 31.00 89.00 159.00 58.00 70.00 0.08 0.71 1.00 3.00 0.33 5.00 9.00 24.00 20.00 14.00 15.00 1.00 0.00 1.00 0.00 0.00
287.00 33.00 32.00 91.00 174.00 59.00 83.00 0.08 0.75 1.00 2.00 0.50 6.00 13.00 27.00 20.00 20.00 13.00 1.00 0.00 1.00 0.00 0.00
288.00 31.00 32.00 89.00 163.00 57.00 74.00 0.08 0.73 1.00 2.00 0.50 10.00 19.00 21.00 12.00 20.00 11.00 0.00 0.00 1.00 0.00 0.00
289.00 33.00 36.00 95.00 181.00 59.00 86.00 0.08 0.81 0.00 2.00 0.00 8.00 14.00 25.00 19.00 19.00 14.00 0.00 0.00 2.00 0.00 0.00
290.00 33.00 36.00 103.00 174.00 67.00 71.00 0.09 0.80 1.00 2.00 0.50 7.00 16.00 26.00 17.00 18.00 15.00 1.00 0.00 1.00 0.00 0.00
291.00 33.00 36.00 99.00 176.00 63.00 77.00 0.09 0.72 1.00 1.00 1.00 12.00 18.00 21.00 15.00 20.00 13.00 1.00 0.00 1.00 0.00 0.00
292.00 35.00 32.00 96.00 184.00 64.00 88.00 0.08 1.32 1.00 1.00 1.00 7.00 14.00 28.00 21.00 24.00 11.00 1.00 0.00 1.00 0.00 0.00
293.00 30.00 26.00 89.00 160.00 63.00 71.00 0.09 1.39 1.00 1.00 1.00 6.00 11.00 24.00 19.00 21.00 9.00 1.00 0.00 1.00 0.00 0.00
294.00 30.00 32.00 82.00 165.00 50.00 83.00 0.08 1.34 1.00 1.00 1.00 9.00 17.00 21.00 13.00 20.00 10.00 1.00 0.00 2.00 1.00 0.00
295.00 26.00 25.00 63.00 132.00 38.00 69.00 0.08 1.15 1.00 1.00 1.00 9.00 17.00 17.00 9.00 22.00 4.00 0.00 0.00 1.00 0.00 0.00
296.00 27.00 22.00 75.00 139.00 53.00 64.00 0.10 0.81 0.00 1.00 0.00 5.00 14.00 22.00 13.00 19.00 8.00 1.00 0.00 0.00 0.00 0.00
297.00 29.00 18.00 70.00 143.00 52.00 73.00 0.08 0.81 0.00 1.00 0.00 11.00 16.00 18.00 13.00 20.00 9.00 1.00 0.00 0.00 0.00 0.00
298.00 28.00 35.00 83.00 145.00 48.00 62.00 0.08 0.75 0.00 1.00 0.00 7.00 12.00 21.00 16.00 20.00 8.00 1.00 0.00 0.00 0.00 0.00
299.00 26.00 23.00 70.00 137.00 47.00 67.00 0.09 0.73 1.00 2.00 0.50 7.00 12.00 19.00 14.00 16.00 10.00 0.00 0.00 0.00 0.00 0.00
300.00 24.00 22.00 65.00 127.00 43.00 62.00 0.09 0.65 0.00 1.00 0.00 5.00 15.00 19.00 9.00 17.00 7.00 1.00 0.00 0.00 0.00 0.00
301.00 23.00 20.00 51.00 115.00 31.00 64.00 0.09 0.48 0.00 2.00 0.00 5.00 15.00 18.00 8.00 19.00 4.00 0.00 0.00 0.00 0.00 0.00
302.00 25.00 11.00 59.00 122.00 48.00 63.00 0.09 0.70 1.00 2.00 0.50 9.00 12.00 16.00 13.00 18.00 7.00 1.00 0.00 0.00 0.00 0.00
303.00 26.00 28.00 68.00 130.00 40.00 62.00 0.09 0.66 1.00 1.00 1.00 4.00 9.00 22.00 17.00 16.00 10.00 0.00 0.00 0.00 0.00 0.00
304.00 30.00 29.00 87.00 150.00 58.00 63.00 0.11 0.69 1.00 1.00 1.00 11.00 20.00 19.00 10.00 22.00 8.00 1.00 0.00 0.00 0.00 0.00
305.00 28.00 34.00 85.00 144.00 51.00 59.00 0.10 0.68 1.00 2.00 0.50 5.00 11.00 23.00 17.00 17.00 11.00 1.00 0.00 0.00 0.00 0.00
306.00 24.00 16.00 61.00 128.00 45.00 67.00 0.07 0.77 1.00 0.00 0.00 4.00 13.00 20.00 11.00 22.00 2.00 0.00 0.00 0.00 0.00 0.00
307.00 22.00 18.00 52.00 111.00 34.00 59.00 0.09 0.66 1.00 2.00 0.50 7.00 13.00 15.00 9.00 15.00 7.00 1.00 0.00 0.00 0.00 0.00
308.00 26.00 34.00 78.00 138.00 44.00 60.00 0.08 0.73 1.00 2.00 0.50 7.00 14.00 19.00 12.00 17.00 9.00 1.00 0.00 0.00 0.00 0.00
309.00 27.00 30.00 74.00 131.00 44.00 57.00 0.10 0.74 1.00 2.00 0.50 8.00 16.00 19.00 11.00 20.00 7.00 0.00 0.00 0.00 0.00 0.00
310.00 28.00 27.00 77.00 142.00 50.00 65.00 0.08 0.68 1.00 2.00 0.50 6.00 17.00 22.00 11.00 20.00 8.00 1.00 0.00 0.00 0.00 0.00
311.00 22.00 27.00 60.00 105.00 33.00 45.00 0.08 0.64 1.00 3.00 0.33 9.00 13.00 13.00 9.00 16.00 6.00 0.00 0.00 1.00 1.00 0.00
312.00 24.00 25.00 62.00 116.00 37.00 54.00 0.08 0.75 0.00 2.00 0.00 4.00 9.00 20.00 15.00 15.00 9.00 0.00 0.00 0.00 0.00 0.00
313.00 25.00 25.00 72.00 130.00 47.00 58.00 0.08 1.15 1.00 2.00 0.50 9.00 15.00 16.00 10.00 20.00 5.00 0.00 0.00 0.00 0.00 0.00
314.00 19.00 21.00 50.00 100.00 29.00 50.00 0.08 0.78 1.00 0.00 0.00 4.00 9.00 15.00 10.00 14.00 5.00 0.00 0.00 0.00 0.00 0.00
315.00 19.00 19.00 47.00 95.00 28.00 48.00 0.09 0.66 1.00 0.00 0.00 6.00 12.00 13.00 7.00 15.00 4.00 0.00 0.00 0.00 0.00 0.00
316.00 20.00 16.00 49.00 104.00 33.00 55.00 0.09 0.66 1.00 0.00 0.00 7.00 12.00 13.00 8.00 16.00 4.00 0.00 0.00 0.00 0.00 0.00
317.00 20.00 18.00 49.00 99.00 31.00 50.00 0.08 1.31 0.00 0.00 0.00 7.00 13.00 13.00 7.00 15.00 5.00 1.00 0.00 0.00 0.00 0.00
318.00 17.00 17.00 45.00 90.00 28.00 45.00 0.08 0.64 1.00 0.00 0.00 3.00 5.00 14.00 12.00 13.00 4.00 0.00 0.00 0.00 0.00 0.00
319.00 23.00 17.00 59.00 120.00 42.00 61.00 0.09 0.68 0.00 1.00 0.00 5.00 13.00 18.00 10.00 17.00 6.00 1.00 0.00 1.00 0.00 0.00
320.00 17.00 9.00 36.00 82.00 27.00 46.00 0.10 0.59 0.00 0.00 0.00 8.00 13.00 9.00 4.00 15.00 2.00 1.00 0.00 0.00 0.00 0.00
321.00 20.00 22.00 54.00 102.00 32.00 48.00 0.09 0.58 0.00 1.00 0.00 6.00 11.00 14.00 9.00 14.00 6.00 0.00 0.00 1.00 0.00 0.00
322.00 16.00 11.00 32.00 75.00 21.00 43.00 0.08 0.75 0.00 0.00 0.00 2.00 11.00 14.00 5.00 14.00 2.00 0.00 0.00 2.00 0.00 0.00
323.00 19.00 17.00 48.00 98.00 31.00 50.00 0.08 0.65 0.00 0.00 0.00 4.00 11.00 15.00 8.00 15.00 4.00 0.00 0.00 0.00 0.00 0.00
324.00 17.00 14.00 41.00 83.00 27.00 42.00 0.08 0.65 1.00 0.00 0.00 5.00 9.00 12.00 8.00 12.00 5.00 0.00 0.00 0.00 0.00 0.00
325.00 19.00 20.00 44.00 91.00 24.00 47.00 0.09 0.75 1.00 0.00 0.00 5.00 11.00 14.00 8.00 16.00 3.00 0.00 0.00 0.00 0.00 0.00
326.00 20.00 16.00 45.00 101.00 29.00 56.00 0.08 0.95 0.00 0.00 0.00 9.00 13.00 11.00 7.00 15.00 5.00 0.00 0.00 1.00 0.00 0.00
327.00 20.00 23.00 52.00 100.00 29.00 48.00 0.08 0.65 0.00 0.00 0.00 6.00 12.00 14.00 8.00 17.00 3.00 0.00 0.00 1.00 0.00 0.00
328.00 18.00 17.00 48.00 90.00 31.00 42.00 0.08 0.65 1.00 0.00 0.00 6.00 12.00 12.00 6.00 13.00 5.00 0.00 0.00 1.00 0.00 0.00
329.00 15.00 11.00 36.00 72.00 25.00 36.00 0.08 0.59 0.00 0.00 0.00 3.00 5.00 12.00 10.00 12.00 3.00 0.00 0.00 1.00 0.00 0.00
330.00 22.00 19.00 55.00 115.00 36.00 60.00 0.08 0.75 0.00 1.00 0.00 7.00 12.00 15.00 10.00 18.00 4.00 0.00 0.00 0.00 0.00 0.00
331.00 18.00 16.00 47.00 90.00 31.00 43.00 0.06 0.64 0.00 0.00 0.00 8.00 13.00 10.00 5.00 15.00 3.00 0.00 0.00 0.00 0.00 0.00
332.00 22.00 21.00 61.00 117.00 40.00 56.00 0.09 0.67 0.00 0.00 0.00 8.00 12.00 14.00 10.00 16.00 6.00 0.00 0.00 1.00 0.00 0.00
333.00 20.00 17.00 58.00 106.00 41.00 48.00 0.07 0.63 0.00 0.00 0.00 4.00 11.00 16.00 9.00 13.00 7.00 0.00 0.00 1.00 0.00 0.00
334.00 12.00 5.00 25.00 56.00 20.00 31.00 0.08 0.51 0.00 0.00 0.00 5.00 7.00 7.00 5.00 8.00 4.00 0.00 0.00 0.00 0.00 0.00
335.00 5.00 0.00 3.00 20.00 3.00 17.00 0.08 0.23 0.00 0.00 0.00 1.00 4.00 4.00 1.00 5.00 0.00 0.00 0.00 1.00 0.00 0.00
336.00 18.00 12.00 40.00 88.00 28.00 48.00 0.09 1.01 0.00 0.00 0.00 4.00 7.00 14.00 11.00 13.00 5.00 0.00 0.00 1.00 0.00 0.00
337.00 19.00 17.00 45.00 90.00 28.00 45.00 0.09 0.78 0.00 0.00 0.00 4.00 13.00 15.00 6.00 17.00 2.00 0.00 0.00 1.00 0.00 0.00
338.00 15.00 10.00 29.00 67.00 19.00 38.00 0.08 0.60 0.00 0.00 0.00 3.00 6.00 12.00 9.00 9.00 6.00 0.00 0.00 0.00 0.00 0.00
339.00 20.00 18.00 48.00 96.00 30.00 48.00 0.08 0.64 0.00 1.00 0.00 5.00 11.00 15.00 9.00 18.00 2.00 0.00 0.00 0.00 0.00 0.00
340.00 16.00 13.00 37.00 82.00 24.00 45.00 0.09 0.57 0.00 0.00 0.00 3.00 8.00 13.00 8.00 10.00 6.00 0.00 0.00 0.00 0.00 0.00
341.00 23.00 22.00 55.00 114.00 33.00 59.00 0.08 0.90 0.00 0.00 0.00 6.00 12.00 17.00 11.00 18.00 5.00 0.00 0.00 0.00 0.00 0.00
342.00 20.00 26.00 52.00 100.00 26.00 48.00 0.08 0.76 0.00 0.00 0.00 6.00 10.00 14.00 10.00 15.00 5.00 0.00 0.00 0.00 0.00 0.00
343.00 24.00 23.00 64.00 126.00 41.00 62.00 0.09 0.99 0.00 0.00 0.00 4.00 11.00 20.00 13.00 14.00 10.00 0.00 0.00 1.00 0.00 0.00
344.00 21.00 17.00 54.00 105.00 37.00 51.00 0.08 0.88 0.00 0.00 0.00 3.00 10.00 18.00 11.00 17.00 4.00 0.00 0.00 1.00 0.00 0.00
345.00 19.00 22.00 51.00 97.00 29.00 46.00 0.07 0.86 0.00 0.00 0.00 3.00 6.00 16.00 13.00 10.00 9.00 0.00 0.00 0.00 0.00 0.00
346.00 12.00 5.00 16.00 49.00 11.00 33.00 0.09 0.61 0.00 0.00 0.00 3.00 8.00 9.00 4.00 11.00 1.00 0.00 0.00 0.00 0.00 0.00
347.00 21.00 14.00 48.00 101.00 34.00 53.00 0.08 1.02 0.00 0.00 0.00 8.00 12.00 13.00 9.00 15.00 6.00 0.00 0.00 0.00 0.00 0.00
348.00 20.00 18.00 50.00 100.00 32.00 50.00 0.08 0.87 0.00 0.00 0.00 5.00 13.00 15.00 7.00 16.00 4.00 0.00 0.00 0.00 0.00 0.00
349.00 22.00 24.00 59.00 114.00 35.00 55.00 0.08 0.95 1.00 0.00 0.00 7.00 11.00 15.00 11.00 17.00 5.00 0.00 0.00 0.00 0.00 0.00
350.00 18.00 12.00 40.00 93.00 28.00 53.00 0.08 0.76 2.00 0.00 0.00 6.00 9.00 12.00 9.00 14.00 4.00 0.00 0.00 0.00 0.00 0.00
351.00 14.00 9.00 28.00 73.00 19.00 45.00 0.09 0.59 2.00 0.00 0.00 4.00 5.00 10.00 9.00 10.00 4.00 0.00 0.00 0.00 0.00 0.00
352.00 7.00 2.00 11.00 30.00 9.00 19.00 0.08 0.42 0.00 0.00 0.00 1.00 3.00 6.00 4.00 6.00 1.00 0.00 0.00 0.00 0.00 0.00
353.00 13.00 7.00 26.00 61.00 19.00 35.00 0.08 0.70 0.00 0.00 0.00 5.00 7.00 8.00 6.00 11.00 2.00 0.00 0.00 0.00 0.00 0.00
354.00 13.00 5.00 28.00 67.00 23.00 39.00 0.09 0.54 0.00 0.00 0.00 5.00 7.00 8.00 6.00 11.00 2.00 0.00 0.00 0.00 0.00 0.00
355.00 12.00 9.00 23.00 58.00 14.00 35.00 0.09 0.65 0.00 0.00 0.00 5.00 7.00 7.00 5.00 9.00 3.00 0.00 0.00 0.00 0.00 0.00
356.00 12.00 7.00 26.00 57.00 19.00 31.00 0.07 0.70 0.00 0.00 0.00 5.00 5.00 7.00 7.00 8.00 4.00 0.00 0.00 0.00 0.00 0.00
357.00 8.00 2.00 11.00 34.00 9.00 23.00 0.09 0.43 0.00 1.00 0.00 2.00 4.00 6.00 4.00 5.00 3.00 0.00 0.00 0.00 0.00 0.00
358.00 9.00 6.00 20.00 42.00 14.00 22.00 0.09 0.40 0.00 0.00 0.00 2.00 5.00 7.00 4.00 6.00 3.00 0.00 0.00 0.00 0.00 0.00
359.00 12.00 8.00 23.00 58.00 15.00 35.00 0.07 0.48 0.00 0.00 0.00 7.00 8.00 5.00 4.00 9.00 3.00 0.00 0.00 0.00 1.00 0.00
360.00 7.00 4.00 13.00 27.00 9.00 14.00 0.08 0.28 0.00 0.00 0.00 6.00 6.00 1.00 1.00 6.00 1.00 0.00 0.00 0.00 0.00 0.00
361.00 12.00 8.00 27.00 56.00 19.00 29.00 0.09 0.57 0.00 0.00 0.00 5.00 5.00 7.00 7.00 7.00 5.00 0.00 0.00 0.00 0.00 0.00
362.00 4.00 0.00 4.00 15.00 4.00 11.00 0.08 0.28 0.00 0.00 0.00 2.00 4.00 2.00 0.00 4.00 0.00 0.00 0.00 0.00 0.00 0.00
363.00 6.00 2.00 10.00 28.00 8.00 18.00 0.10 0.39 0.00 0.00 0.00 2.00 3.00 4.00 3.00 5.00 1.00 0.00 0.00 0.00 0.00 0.00
364.00 2.00 0.00 0.00 3.00 0.00 3.00 0.10 0.09 0.00 0.00 0.00 2.00 2.00 0.00 0.00 2.00 0.00 0.00 0.00 0.00 0.00 0.00
