0.00 2.00 0.00 0.00 1.00 0.00 1.00 0.08 0.22 0.00 0.00 0.00 2.00 2.00 0.00 0.00 2.00 0.00 0.00 0.00 0.00 0.00 0.00
1.00 3.00 0.00 2.00 12.00 2.00 10.00 0.09 0.14 0.00 0.00 0.00 2.00 3.00 1.00 0.00 3.00 0.00 0.00 0.00 0.00 0.00 0.00
2.00 4.00 0.00 4.00 17.00 4.00 13.00 0.08 0.30 0.00 0.00 0.00 2.00 4.00 2.00 0.00 4.00 0.00 0.00 0.00 0.00 0.00 0.00
3.00 12.00 9.00 22.00 54.00 13.00 32.00 0.07 0.79 0.00 0.00 0.00 5.00 6.00 7.00 6.00 10.00 2.00 0.00 0.00 0.00 0.00 0.00
4.00 7.00 1.00 6.00 30.00 5.00 24.00 0.09 0.47 0.00 0.00 0.00 2.00 5.00 5.00 2.00 7.00 0.00 0.00 0.00 0.00 0.00 0.00
5.00 10.00 5.00 15.00 46.00 10.00 31.00 0.09 0.70 0.00 0.00 0.00 3.00 8.00 7.00 2.00 8.00 2.00 0.00 0.00 0.00 0.00 0.00
6.00 13.00 8.00 22.00 57.00 14.00 35.00 0.08 0.65 0.00 0.00 0.00 5.00 8.00 8.00 5.00 12.00 1.00 0.00 0.00 0.00 0.00 0.00
7.00 14.00 12.00 31.00 63.00 19.00 32.00 0.08 0.54 0.00 0.00 0.00 5.00 9.00 9.00 5.00 11.00 3.00 0.00 0.00 0.00 0.00 0.00
8.00 9.00 6.00 19.00 42.00 13.00 23.00 0.09 0.48 0.00 0.00 0.00 4.00 6.00 5.00 3.00 8.00 1.00 0.00 0.00 0.00 0.00 0.00
9.00 11.00 3.00 12.00 42.00 9.00 30.00 0.07 0.65 0.00 0.00 0.00 3.00 6.00 8.00 5.00 9.00 2.00 0.00 0.00 1.00 0.00 0.00
10.00 16.00 14.00 34.00 74.00 20.00 40.00 0.09 0.62 1.00 0.00 0.00 3.00 8.00 13.00 8.00 12.00 4.00 0.00 0.00 0.00 0.00 0.00
11.00 14.00 13.00 32.00 65.00 19.00 33.00 0.08 0.64 0.00 1.00 0.00 5.00 8.00 9.00 6.00 12.00 2.00 0.00 0.00 0.00 0.00 0.00
12.00 10.00 2.00 19.00 45.00 17.00 26.00 0.09 0.35 0.00 0.00 0.00 4.00 6.00 6.00 4.00 8.00 2.00 0.00 0.00 0.00 0.00 0.00
13.00 13.00 12.00 34.00 63.00 22.00 29.00 0.05 0.45 0.00 0.00 0.00 3.00 5.00 10.00 8.00 7.00 6.00 0.00 0.00 0.00 0.00 0.00
14.00 16.00 9.00 32.00 75.00 23.00 43.00 0.08 0.65 0.00 0.00 0.00 7.00 9.00 9.00 7.00 10.00 6.00 0.00 0.00 0.00 0.00 0.00
15.00 9.00 5.00 18.00 45.00 13.00 27.00 0.09 0.41 0.00 0.00 0.00 4.00 7.00 5.00 2.00 9.00 0.00 0.00 0.00 0.00 0.00 0.00
16.00 8.00 4.00 14.00 37.00 10.00 23.00 0.09 0.40 0.00 0.00 0.00 1.00 2.00 7.00 6.00 6.00 2.00 0.00 0.00 0.00 0.00 0.00
17.00 13.00 10.00 27.00 61.00 17.00 34.00 0.08 0.51 0.00 0.00 0.00 3.00 5.00 10.00 8.00 10.00 3.00 0.00 0.00 0.00 0.00 0.00
18.00 16.00 7.00 28.00 72.00 21.00 44.00 0.09 0.86 0.00 0.00 0.00 6.00 8.00 10.00 8.00 11.00 5.00 0.00 0.00 0.00 0.00 0.00
19.00 14.00 6.00 25.00 71.00 19.00 46.00 0.09 0.63 0.00 1.00 0.00 2.00 10.00 12.00 4.00 12.00 2.00 0.00 0.00 0.00 0.00 0.00
20.00 20.00 17.00 45.00 100.00 28.00 55.00 0.08 0.67 0.00 1.00 0.00 4.00 11.00 16.00 9.00 16.00 4.00 0.00 0.00 0.00 0.00 0.00
21.00 21.00 17.00 50.00 101.00 33.00 51.00 0.09 0.75 0.00 1.00 0.00 7.00 12.00 14.00 9.00 15.00 6.00 0.00 0.00 1.00 1.00 0.00
22.00 10.00 2.00 14.00 44.00 12.00 30.00 0.08 0.55 0.00 0.00 0.00 4.00 7.00 6.00 3.00 9.00 1.00 0.00 0.00 0.00 1.00 0.00
23.00 19.00 14.00 41.00 91.00 27.00 50.00 0.10 0.56 0.00 0.00 0.00 7.00 11.00 12.00 8.00 13.00 6.00 0.00 0.00 0.00 1.00 0.00
24.00 24.00 12.00 46.00 111.00 34.00 65.00 0.09 2.27 0.00 1.00 0.00 10.00 17.00 14.00 7.00 21.00 3.00 0.00 0.00 1.00 0.00 0.00
25.00 11.00 3.00 19.00 52.00 16.00 33.00 0.07 0.60 0.00 0.00 0.00 3.00 6.00 8.00 5.00 7.00 4.00 0.00 0.00 0.00 0.00 0.00
26.00 10.00 0.00 15.00 51.00 15.00 36.00 0.07 0.44 0.00 0.00 0.00 4.00 6.00 6.00 4.00 7.00 3.00 0.00 0.00 0.00 1.00 0.00
27.00 15.00 13.00 31.00 72.00 18.00 41.00 0.09 0.52 0.00 0.00 0.00 7.00 8.00 8.00 7.00 13.00 2.00 0.00 0.00 0.00 0.00 0.00
28.00 13.00 11.00 30.00 65.00 19.00 35.00 0.09 0.40 0.00 0.00 0.00 2.00 8.00 11.00 5.00 9.00 4.00 0.00 0.00 0.00 1.00 0.00
29.00 8.00 0.00 10.00 31.00 10.00 21.00 0.09 0.36 0.00 1.00 0.00 5.00 6.00 3.00 2.00 7.00 1.00 0.00 0.00 0.00 0.00 0.00
30.00 14.00 12.00 32.00 61.00 20.00 29.00 0.08 0.65 0.00 2.00 0.00 6.00 7.00 8.00 7.00 12.00 2.00 0.00 0.00 0.00 0.00 0.00
31.00 11.00 10.00 23.00 49.00 13.00 26.00 0.09 0.49 0.00 0.00 0.00 0.00 4.00 11.00 7.00 8.00 3.00 0.00 0.00 0.00 0.00 0.00
32.00 22.00 8.00 41.00 101.00 33.00 60.00 0.09 0.92 0.00 1.00 0.00 7.00 15.00 15.00 7.00 18.00 4.00 0.00 0.00 0.00 0.00 0.00
33.00 23.00 22.00 61.00 115.00 39.00 54.00 0.07 0.75 0.00 1.00 0.00 6.00 13.00 17.00 10.00 17.00 6.00 0.00 0.00 0.00 0.00 0.00
34.00 22.00 22.00 57.00 113.00 35.00 56.00 0.08 0.77 1.00 2.00 0.50 4.00 11.00 18.00 11.00 16.00 6.00 0.00 0.00 0.00 0.00 0.00
35.00 26.00 32.00 74.00 130.00 42.00 56.00 0.09 0.63 1.00 1.00 1.00 8.00 15.00 18.00 11.00 18.00 8.00 0.00 0.00 0.00 0.00 0.00
36.00 18.00 15.00 44.00 99.00 29.00 55.00 0.08 0.61 1.00 2.00 0.50 3.00 10.00 15.00 8.00 13.00 5.00 0.00 0.00 0.00 0.00 0.00
37.00 17.00 9.00 38.00 91.00 29.00 53.00 0.10 0.72 1.00 1.00 1.00 2.00 5.00 15.00 12.00 8.00 9.00 0.00 0.00 0.00 0.00 0.00
38.00 21.00 26.00 57.00 108.00 31.00 51.00 0.09 1.28 1.00 1.00 1.00 5.00 7.00 16.00 14.00 11.00 10.00 0.00 0.00 0.00 0.00 0.00
39.00 26.00 32.00 78.00 128.00 46.00 50.00 0.09 0.71 1.00 1.00 1.00 9.00 14.00 17.00 12.00 17.00 9.00 0.00 0.00 0.00 0.00 0.00
40.00 23.00 16.00 54.00 115.00 38.00 61.00 0.10 0.70 1.00 1.00 1.00 5.00 14.00 18.00 9.00 18.00 5.00 0.00 0.00 0.00 0.00 0.00
41.00 26.00 22.00 60.00 115.00 38.00 55.00 0.09 1.44 1.00 2.00 0.50 8.00 19.00 18.00 7.00 20.00 6.00 0.00 0.00 0.00 1.00 0.00
42.00 28.00 31.00 71.00 143.00 40.00 72.00 0.07 0.84 2.00 1.00 2.00 6.00 14.00 22.00 14.00 17.00 11.00 0.00 0.00 1.00 0.00 0.00
43.00 26.00 18.00 73.00 135.00 55.00 62.00 0.09 0.78 2.00 2.00 1.00 6.00 15.00 20.00 11.00 21.00 5.00 0.00 0.00 0.00 0.00 0.00
44.00 29.00 35.00 87.00 143.00 52.00 56.00 0.10 1.77 1.00 2.00 0.50 7.00 11.00 22.00 18.00 17.00 12.00 0.00 0.00 0.00 0.00 0.00
45.00 30.00 34.00 84.00 147.00 50.00 63.00 0.10 2.99 2.00 1.00 2.00 7.00 13.00 23.00 17.00 18.00 12.00 0.00 0.00 0.00 0.00 0.00
46.00 32.00 33.00 94.00 165.00 61.00 71.00 0.09 2.55 2.00 0.00 0.00 10.00 19.00 22.00 13.00 22.00 10.00 0.00 0.00 0.00 0.00 0.00
47.00 33.00 30.00 85.00 167.00 55.00 82.00 0.08 2.80 1.00 0.00 0.00 10.00 18.00 23.00 15.00 25.00 8.00 0.00 0.00 0.00 0.00 0.00
48.00 32.00 30.00 84.00 157.00 54.00 73.00 0.09 3.30 2.00 1.00 2.00 7.00 17.00 25.00 15.00 23.00 9.00 0.00 0.00 0.00 0.00 0.00
49.00 34.00 40.00 97.00 175.00 57.00 78.00 0.08 2.70 3.00 0.00 0.00 7.00 9.00 27.00 25.00 24.00 10.00 0.00 0.00 1.00 0.00 0.00
50.00 33.00 33.00 97.00 177.00 64.00 80.00 0.08 3.05 2.00 1.00 2.00 9.00 13.00 24.00 20.00 16.00 17.00 0.00 0.00 0.00 1.00 0.00
51.00 32.00 32.00 87.00 169.00 55.00 82.00 0.08 2.76 0.00 0.00 0.00 8.00 14.00 24.00 18.00 24.00 8.00 0.00 0.00 0.00 0.00 0.00
52.00 29.00 27.00 76.00 147.00 49.00 71.00 0.07 1.23 2.00 0.00 0.00 6.00 14.00 23.00 15.00 22.00 7.00 0.00 0.00 0.00 0.00 0.00
53.00 25.00 32.00 71.00 133.00 39.00 62.00 0.08 1.24 2.00 2.00 1.00 7.00 15.00 18.00 10.00 16.00 9.00 0.00 0.00 0.00 0.00 0.00
54.00 33.00 38.00 96.00 165.00 58.00 69.00 0.07 0.76 2.00 2.00 1.00 7.00 14.00 26.00 19.00 16.00 17.00 0.00 0.00 0.00 0.00 0.00
55.00 32.00 43.00 94.00 165.00 51.00 71.00 0.09 2.38 2.00 3.00 0.67 8.00 13.00 24.00 19.00 16.00 16.00 0.00 0.00 0.00 0.00 0.00
56.00 27.00 23.00 72.00 140.00 49.00 68.00 0.07 1.80 2.00 3.00 0.67 7.00 16.00 20.00 11.00 18.00 9.00 0.00 0.00 0.00 0.00 0.00
57.00 34.00 41.00 88.00 177.00 47.00 89.00 0.07 2.07 0.00 1.00 0.00 6.00 13.00 28.00 21.00 23.00 11.00 0.00 0.00 0.00 0.00 0.00
58.00 38.00 46.00 111.00 194.00 65.00 83.00 0.08 2.65 3.00 3.00 1.00 10.00 20.00 28.00 18.00 23.00 15.00 0.00 0.00 0.00 0.00 0.00
59.00 32.00 34.00 86.00 160.00 52.00 74.00 0.09 3.39 4.00 1.00 4.00 7.00 14.00 25.00 18.00 21.00 11.00 0.00 0.00 0.00 0.00 0.00
60.00 33.00 38.00 98.00 173.00 60.00 75.00 0.07 2.09 2.00 0.00 0.00 4.00 15.00 29.00 18.00 20.00 13.00 0.00 0.00 0.00 0.00 0.00
61.00 32.00 31.00 84.00 163.00 53.00 79.00 0.09 2.14 3.00 3.00 1.00 8.00 16.00 24.00 16.00 20.00 12.00 0.00 0.00 0.00 0.00 0.00
62.00 36.00 41.00 101.00 181.00 60.00 80.00 0.08 2.00 1.00 2.00 0.50 10.00 16.00 26.00 20.00 25.00 11.00 0.00 0.00 0.00 0.00 0.00
63.00 33.00 37.00 101.00 181.00 64.00 80.00 0.08 1.27 2.00 2.00 1.00 5.00 11.00 28.00 22.00 19.00 14.00 0.00 0.00 1.00 0.00 0.00
64.00 33.00 40.00 95.00 176.00 55.00 81.00 0.08 2.47 2.00 3.00 0.67 13.00 18.00 20.00 15.00 24.00 9.00 0.00 0.00 1.00 0.00 0.00
65.00 38.00 45.00 109.00 200.00 64.00 91.00 0.09 1.96 2.00 2.00 1.00 7.00 19.00 31.00 19.00 28.00 10.00 0.00 0.00 0.00 0.00 0.00
66.00 34.00 40.00 99.00 173.00 59.00 74.00 0.08 2.01 2.00 2.00 1.00 10.00 15.00 24.00 19.00 22.00 12.00 0.00 0.00 0.00 0.00 0.00
67.00 24.00 26.00 61.00 117.00 35.00 56.00 0.07 2.04 3.00 1.00 3.00 6.00 11.00 18.00 13.00 14.00 10.00 0.00 0.00 0.00 0.00 0.00
68.00 33.00 37.00 95.00 167.00 58.00 72.00 0.08 1.63 2.00 4.00 0.50 8.00 16.00 25.00 17.00 27.00 6.00 0.00 0.00 0.00 0.00 0.00
69.00 32.00 36.00 93.00 164.00 57.00 71.00 0.08 2.18 2.00 3.00 0.67 7.00 13.00 25.00 19.00 20.00 12.00 0.00 0.00 0.00 0.00 0.00
70.00 40.00 46.00 122.00 194.00 76.00 72.00 0.10 3.44 3.00 5.00 0.60 9.00 13.00 31.00 27.00 21.00 19.00 0.00 0.00 1.00 0.00 0.00
71.00 31.00 36.00 89.00 160.00 53.00 71.00 0.08 2.97 2.00 4.00 0.50 4.00 11.00 27.00 20.00 16.00 15.00 0.00 0.00 0.00 0.00 0.00
72.00 41.00 48.00 118.00 213.00 70.00 95.00 0.10 2.26 3.00 5.00 0.60 13.00 20.00 28.00 21.00 25.00 16.00 0.00 0.00 0.00 0.00 0.00
73.00 42.00 53.00 122.00 203.00 69.00 81.00 0.08 1.87 1.00 5.00 0.20 9.00 18.00 33.00 24.00 27.00 15.00 0.00 0.00 0.00 0.00 0.00
74.00 37.00 41.00 103.00 194.00 62.00 91.00 0.06 1.66 3.00 5.00 0.60 7.00 14.00 30.00 23.00 27.00 10.00 0.00 0.00 0.00 0.00 0.00
75.00 37.00 48.00 113.00 196.00 65.00 83.00 0.09 2.68 2.00 5.00 0.40 10.00 20.00 27.00 17.00 28.00 9.00 1.00 0.00 0.00 0.00 0.00
76.00 41.00 42.00 126.00 217.00 84.00 91.00 0.07 2.39 1.00 4.00 0.25 9.00 20.00 32.00 21.00 28.00 13.00 0.00 0.00 1.00 0.00 0.00
77.00 44.00 46.00 129.00 238.00 83.00 109.00 0.08 2.81 0.00 2.00 0.00 7.00 16.00 37.00 28.00 24.00 20.00 0.00 0.00 0.00 0.00 0.00
78.00 37.00 42.00 110.00 202.00 68.00 92.00 0.08 3.08 1.00 5.00 0.20 12.00 20.00 25.00 17.00 24.00 13.00 0.00 0.00 1.00 0.00 0.00
79.00 37.00 29.00 102.00 200.00 73.00 98.00 0.08 3.67 2.00 3.00 0.67 11.00 17.00 26.00 20.00 22.00 15.00 0.00 0.00 1.00 0.00 1.00
80.00 40.00 42.00 121.00 208.00 79.00 87.00 0.09 2.57 2.00 3.00 0.67 8.00 21.00 32.00 19.00 28.00 12.00 0.00 0.00 1.00 0.00 0.00
81.00 43.00 49.00 140.00 221.00 91.00 81.00 0.09 2.66 1.00 4.00 0.25 12.00 15.00 31.00 28.00 21.00 22.00 0.00 0.00 1.00 0.00 1.00
82.00 36.00 29.00 95.00 180.00 66.00 85.00 0.08 2.89 1.00 3.00 0.33 11.00 17.00 25.00 19.00 23.00 13.00 0.00 0.00 1.00 0.00 0.00
83.00 31.00 38.00 96.00 160.00 58.00 64.00 0.10 2.41 2.00 3.00 0.67 9.00 16.00 22.00 15.00 21.00 10.00 0.00 0.00 0.00 0.00 0.00
84.00 37.00 48.00 110.00 187.00 62.00 77.00 0.08 2.86 2.00 2.00 1.00 5.00 14.00 32.00 23.00 20.00 17.00 0.00 0.00 0.00 0.00 0.00
85.00 41.00 47.00 124.00 213.00 77.00 89.00 0.08 2.60 2.00 3.00 0.67 9.00 11.00 32.00 30.00 24.00 17.00 0.00 0.00 0.00 0.00 0.00
86.00 38.00 51.00 117.00 197.00 66.00 80.00 0.08 3.29 1.00 4.00 0.25 16.00 21.00 22.00 17.00 25.00 13.00 0.00 0.00 1.00 0.00 0.00
87.00 40.00 45.00 117.00 215.00 72.00 98.00 0.08 2.55 3.00 3.00 1.00 10.00 19.00 30.00 21.00 31.00 9.00 0.00 0.00 0.00 0.00 0.00
88.00 40.00 44.00 121.00 211.00 77.00 90.00 0.07 3.47 3.00 4.00 0.75 8.00 14.00 32.00 26.00 26.00 14.00 0.00 0.00 0.00 0.00 0.00
89.00 32.00 38.00 99.00 173.00 61.00 74.00 0.08 2.74 3.00 3.00 1.00 9.00 14.00 23.00 18.00 19.00 13.00 0.00 0.00 0.00 0.00 0.00
90.00 34.00 42.00 99.00 176.00 57.00 77.00 0.08 3.73 3.00 4.00 0.75 7.00 10.00 27.00 24.00 20.00 14.00 0.00 0.00 0.00 0.00 0.00
91.00 41.00 47.00 125.00 209.00 78.00 84.00 0.09 3.77 2.00 3.00 0.67 8.00 23.00 33.00 18.00 27.00 14.00 1.00 0.00 1.00 0.00 0.00
92.00 44.00 43.00 134.00 236.00 91.00 102.00 0.09 4.15 2.00 4.00 0.50 10.00 14.00 34.00 30.00 23.00 21.00 1.00 0.00 0.00 2.00 0.00
93.00 39.00 45.00 118.00 206.00 73.00 88.00 0.09 3.24 2.00 3.00 0.67 8.00 14.00 31.00 25.00 20.00 19.00 1.00 0.00 0.00 0.00 1.00
94.00 37.00 48.00 107.00 195.00 59.00 88.00 0.08 2.76 1.00 3.00 0.33 7.00 15.00 30.00 22.00 23.00 14.00 0.00 0.00 0.00 0.00 0.00
95.00 37.00 47.00 117.00 192.00 70.00 75.00 0.09 3.08 2.00 4.00 0.50 12.00 19.00 25.00 18.00 24.00 13.00 0.00 0.00 0.00 0.00 0.00
96.00 43.00 56.00 123.00 208.00 67.00 85.00 0.08 2.99 2.00 2.00 1.00 10.00 20.00 33.00 23.00 28.00 15.00 1.00 0.00 0.00 0.00 0.00
97.00 40.00 37.00 114.00 205.00 77.00 91.00 0.08 3.00 1.00 4.00 0.25 9.00 18.00 31.00 22.00 23.00 17.00 1.00 0.00 0.00 0.00 0.00
98.00 36.00 36.00 107.00 198.00 71.00 91.00 0.10 2.25 3.00 2.00 1.50 5.00 15.00 31.00 21.00 19.00 17.00 1.00 0.00 0.00 0.00 0.00
99.00 48.00 54.00 142.00 253.00 88.00 111.00 0.09 2.88 3.00 2.00 1.50 7.00 22.00 41.00 26.00 29.00 19.00 2.00 0.00 2.00 0.00 0.00
100.00 42.00 51.00 139.00 225.00 88.00 86.00 0.08 3.24 3.00 5.00 0.60 8.00 15.00 34.00 27.00 23.00 19.00 1.00 0.00 1.00 0.00 1.00
101.00 46.00 56.00 138.00 246.00 82.00 108.00 0.09 2.87 3.00 4.00 0.75 9.00 19.00 37.00 27.00 32.00 14.00 0.00 0.00 0.00 0.00 0.00
102.00 45.00 60.00 143.00 236.00 83.00 93.00 0.06 2.48 3.00 4.00 0.75 8.00 17.00 37.00 28.00 24.00 21.00 1.00 0.00 0.00 0.00 0.00
103.00 39.00 44.00 119.00 215.00 75.00 96.00 0.08 3.08 2.00 2.00 1.00 6.00 13.00 33.00 26.00 16.00 23.00 0.00 0.00 0.00 0.00 0.00
104.00 36.00 45.00 104.00 190.00 59.00 86.00 0.08 3.86 2.00 4.00 0.50 7.00 13.00 29.00 23.00 19.00 17.00 0.00 0.00 0.00 0.00 0.00
105.00 42.00 43.00 117.00 215.00 74.00 98.00 0.07 3.61 3.00 4.00 0.75 9.00 19.00 33.00 23.00 26.00 16.00 0.00 0.00 0.00 0.00 0.00
106.00 47.00 67.00 151.00 250.00 84.00 99.00 0.07 3.56 3.00 3.00 1.00 7.00 12.00 40.00 35.00 27.00 20.00 0.00 0.00 1.00 0.00 0.00
107.00 48.00 69.00 152.00 248.00 83.00 96.00 0.08 4.43 3.00 5.00 0.60 7.00 22.00 41.00 26.00 30.00 18.00 0.00 0.00 1.00 0.00 0.00
108.00 48.00 66.00 153.00 266.00 87.00 113.00 0.09 3.08 2.00 2.00 1.00 9.00 16.00 39.00 32.00 29.00 19.00 0.00 0.00 0.00 0.00 0.00
109.00 45.00 67.00 143.00 245.00 76.00 102.00 0.08 3.48 3.00 6.00 0.50 5.00 17.00 40.00 28.00 24.00 21.00 1.00 0.00 1.00 0.00 0.00
110.00 45.00 53.00 129.00 233.00 76.00 104.00 0.09 3.88 3.00 4.00 0.75 9.00 19.00 36.00 26.00 25.00 20.00 0.00 0.00 0.00 0.00 0.00
111.00 38.00 37.00 118.00 195.00 81.00 77.00 0.08 3.10 3.00 3.00 1.00 6.00 15.00 32.00 23.00 21.00 17.00 0.00 0.00 0.00 0.00 0.00
112.00 40.00 53.00 128.00 220.00 75.00 92.00 0.10 2.59 1.00 3.00 0.33 5.00 13.00 35.00 27.00 22.00 18.00 1.00 0.00 1.00 0.00 0.00
113.00 45.00 51.00 141.00 242.00 90.00 101.00 0.10 3.38 2.00 4.00 0.50 12.00 23.00 33.00 22.00 28.00 17.00 0.00 0.00 1.00 1.00 0.00
114.00 48.00 66.00 153.00 249.00 87.00 96.00 0.09 3.25 2.00 4.00 0.50 11.00 24.00 37.00 24.00 31.00 17.00 0.00 0.00 0.00 0.00 0.00
115.00 41.00 59.00 134.00 223.00 75.00 89.00 0.07 3.44 3.00 4.00 0.75 9.00 17.00 32.00 24.00 26.00 15.00 1.00 0.00 0.00 0.00 0.00
116.00 51.00 67.00 157.00 260.00 90.00 103.00 0.07 3.84 4.00 4.00 1.00 10.00 23.00 41.00 28.00 32.00 19.00 1.00 0.00 1.00 0.00 0.00
117.00 40.00 43.00 130.00 215.00 87.00 85.00 0.09 3.87 3.00 3.00 1.00 7.00 14.00 33.00 26.00 23.00 17.00 0.00 0.00 2.00 0.00 0.00
118.00 45.00 58.00 131.00 232.00 73.00 101.00 0.08 3.57 3.00 4.00 0.75 6.00 17.00 39.00 28.00 24.00 21.00 0.00 0.00 1.00 0.00 0.00
119.00 48.00 50.00 152.00 252.00 102.00 100.00 0.09 3.81 3.00 3.00 1.00 12.00 24.00 36.00 24.00 32.00 16.00 0.00 0.00 1.00 0.00 0.00
120.00 43.00 49.00 139.00 233.00 90.00 94.00 0.08 3.80 1.00 4.00 0.25 11.00 20.00 32.00 23.00 27.00 16.00 1.00 0.00 0.00 0.00 0.00
121.00 43.00 58.00 137.00 231.00 79.00 94.00 0.07 3.64 1.00 5.00 0.20 10.00 18.00 33.00 25.00 29.00 14.00 1.00 0.00 1.00 0.00 0.00
122.00 49.00 65.00 148.00 255.00 83.00 107.00 0.07 3.74 4.00 4.00 1.00 18.00 25.00 31.00 24.00 34.00 15.00 0.00 0.00 0.00 0.00 0.00
123.00 46.00 54.00 130.00 229.00 76.00 99.00 0.08 4.37 4.00 4.00 1.00 11.00 23.00 35.00 23.00 30.00 16.00 1.00 0.00 1.00 0.00 0.00
124.00 47.00 62.00 153.00 254.00 91.00 101.00 0.08 4.05 2.00 3.00 0.67 16.00 20.00 31.00 27.00 27.00 20.00 1.00 0.00 0.00 0.00 0.00
125.00 39.00 48.00 108.00 202.00 60.00 94.00 0.07 3.88 3.00 5.00 0.60 7.00 19.00 32.00 20.00 23.00 16.00 0.00 1.00 0.00 0.00 0.00
126.00 41.00 45.00 121.00 221.00 76.00 100.00 0.08 3.81 1.00 3.00 0.33 10.00 18.00 31.00 23.00 23.00 18.00 1.00 0.00 1.00 1.00 0.00
127.00 39.00 46.00 112.00 205.00 66.00 93.00 0.08 3.51 1.00 2.00 0.50 10.00 20.00 29.00 19.00 28.00 11.00 0.00 0.00 0.00 0.00 0.00
128.00 43.00 41.00 114.00 223.00 73.00 109.00 0.09 4.12 2.00 3.00 0.67 13.00 22.00 30.00 21.00 28.00 15.00 0.00 0.00 0.00 0.00 0.00
129.00 47.00 69.00 139.00 242.00 70.00 103.00 0.09 3.79 2.00 4.00 0.50 14.00 20.00 33.00 27.00 28.00 19.00 0.00 0.00 1.00 0.00 0.00
130.00 45.00 58.00 145.00 242.00 87.00 97.00 0.08 3.69 2.00 5.00 0.40 10.00 17.00 35.00 28.00 29.00 16.00 0.00 0.00 0.00 0.00 0.00
131.00 38.00 39.00 116.00 200.00 77.00 84.00 0.07 3.89 1.00 4.00 0.25 7.00 15.00 31.00 23.00 23.00 15.00 0.00 1.00 0.00 0.00 0.00
132.00 36.00 41.00 106.00 183.00 65.00 77.00 0.10 3.61 2.00 3.00 0.67 5.00 15.00 31.00 21.00 23.00 13.00 0.00 0.00 1.00 0.00 0.00
133.00 43.00 54.00 124.00 218.00 70.00 94.00 0.07 4.27 1.00 4.00 0.25 10.00 18.00 33.00 25.00 27.00 16.00 0.00 0.00 0.00 0.00 0.00
134.00 39.00 36.00 111.00 212.00 75.00 101.00 0.08 3.90 3.00 5.00 0.60 10.00 20.00 29.00 19.00 29.00 10.00 0.00 0.00 0.00 0.00 0.00
135.00 36.00 32.00 102.00 188.00 70.00 86.00 0.10 3.84 1.00 2.00 0.50 8.00 17.00 28.00 19.00 23.00 13.00 0.00 0.00 0.00 0.00 0.00
136.00 37.00 31.00 103.00 201.00 72.00 98.00 0.08 3.42 3.00 4.00 0.75 5.00 9.00 32.00 28.00 22.00 15.00 0.00 0.00 0.00 0.00 0.00
137.00 42.00 34.00 122.00 218.00 88.00 96.00 0.08 3.25 2.00 0.00 0.00 12.00 22.00 30.00 20.00 28.00 14.00 0.00 0.00 0.00 0.00 0.00
138.00 40.00 31.00 98.00 207.00 67.00 109.00 0.09 2.78 3.00 2.00 1.50 10.00 17.00 30.00 23.00 24.00 16.00 0.00 0.00 0.00 0.00 0.00
139.00 37.00 40.00 102.00 191.00 62.00 89.00 0.09 2.42 3.00 1.00 3.00 9.00 18.00 28.00 19.00 23.00 14.00 0.00 0.00 0.00 0.00 0.00
140.00 41.00 44.00 116.00 212.00 72.00 96.00 0.07 2.46 2.00 2.00 1.00 9.00 19.00 32.00 22.00 22.00 19.00 0.00 0.00 0.00 0.00 0.00
141.00 41.00 32.00 111.00 213.00 79.00 102.00 0.08 3.60 2.00 2.00 1.00 8.00 17.00 33.00 24.00 29.00 12.00 0.00 0.00 0.00 0.00 0.00
142.00 36.00 29.00 94.00 183.00 65.00 89.00 0.09 3.50 2.00 1.00 2.00 12.00 21.00 24.00 15.00 26.00 10.00 0.00 0.00 0.00 0.00 0.00
143.00 44.00 58.00 134.00 230.00 76.00 96.00 0.09 3.24 1.00 3.00 0.33 12.00 17.00 32.00 27.00 26.00 18.00 0.00 0.00 0.00 0.00 0.00
144.00 32.00 36.00 97.00 177.00 61.00 80.00 0.08 3.15 2.00 3.00 0.67 9.00 14.00 23.00 18.00 22.00 10.00 0.00 0.00 0.00 0.00 0.00
145.00 37.00 38.00 107.00 196.00 69.00 89.00 0.09 2.95 2.00 3.00 0.67 8.00 16.00 29.00 21.00 26.00 11.00 0.00 0.00 0.00 0.00 1.00
146.00 36.00 41.00 107.00 190.00 66.00 83.00 0.09 3.60 1.00 2.00 0.50 5.00 14.00 31.00 22.00 22.00 14.00 0.00 0.00 0.00 0.00 0.00
147.00 35.00 42.00 98.00 177.00 56.00 79.00 0.08 4.16 3.00 3.00 1.00 7.00 12.00 28.00 23.00 17.00 18.00 0.00 0.00 1.00 0.00 0.00
148.00 31.00 36.00 91.00 163.00 55.00 72.00 0.09 3.86 2.00 2.00 1.00 6.00 16.00 25.00 15.00 24.00 7.00 0.00 0.00 0.00 0.00 0.00
149.00 38.00 38.00 106.00 211.00 68.00 105.00 0.09 3.29 3.00 3.00 1.00 9.00 15.00 29.00 23.00 23.00 15.00 0.00 0.00 0.00 0.00 0.00
150.00 39.00 39.00 117.00 207.00 78.00 90.00 0.08 2.93 1.00 3.00 0.33 7.00 17.00 32.00 22.00 22.00 17.00 1.00 0.00 0.00 0.00 0.00
151.00 37.00 37.00 99.00 185.00 62.00 86.00 0.08 3.48 2.00 2.00 1.00 8.00 19.00 29.00 18.00 26.00 11.00 0.00 0.00 0.00 0.00 0.00
152.00 31.00 24.00 86.00 169.00 62.00 83.00 0.10 2.62 0.00 1.00 0.00 7.00 14.00 24.00 17.00 20.00 11.00 2.00 0.00 0.00 0.00 0.00
153.00 30.00 21.00 77.00 152.00 56.00 75.00 0.08 3.75 0.00 1.00 0.00 10.00 18.00 20.00 12.00 23.00 7.00 0.00 0.00 0.00 0.00 0.00
154.00 33.00 26.00 93.00 170.00 67.00 77.00 0.09 2.46 1.00 2.00 0.50 8.00 17.00 25.00 16.00 25.00 8.00 0.00 0.00 0.00 0.00 0.00
155.00 34.00 40.00 97.00 176.00 57.00 79.00 0.07 2.48 1.00 1.00 1.00 7.00 13.00 27.00 21.00 18.00 16.00 2.00 0.00 0.00 0.00 0.00
156.00 33.00 27.00 94.00 181.00 67.00 87.00 0.10 2.72 1.00 1.00 1.00 5.00 18.00 28.00 15.00 23.00 10.00 2.00 0.00 1.00 0.00 0.00
157.00 33.00 26.00 91.00 180.00 65.00 89.00 0.07 1.58 1.00 2.00 0.50 7.00 11.00 26.00 22.00 22.00 11.00 0.00 0.00 0.00 0.00 0.00
158.00 37.00 38.00 103.00 196.00 65.00 93.00 0.10 2.06 2.00 1.00 2.00 8.00 15.00 29.00 22.00 22.00 15.00 1.00 0.00 0.00 0.00 0.00
159.00 39.00 39.00 118.00 212.00 79.00 94.00 0.07 2.21 1.00 2.00 0.50 9.00 18.00 30.00 21.00 23.00 16.00 2.00 0.00 0.00 0.00 0.00
160.00 37.00 36.00 105.00 190.00 69.00 85.00 0.08 2.33 2.00 1.00 2.00 10.00 21.00 27.00 16.00 26.00 11.00 2.00 0.00 0.00 0.00 0.00
161.00 32.00 35.00 92.00 170.00 57.00 78.00 0.08 2.82 0.00 0.00 0.00 9.00 14.00 23.00 18.00 21.00 11.00 1.00 0.00 0.00 0.00 0.00
162.00 35.00 44.00 104.00 180.00 60.00 76.00 0.09 2.30 2.00 2.00 1.00 5.00 12.00 30.00 23.00 21.00 14.00 0.00 0.00 0.00 1.00 0.00
163.00 32.00 33.00 92.00 172.00 59.00 80.00 0.08 2.45 2.00 4.00 0.50 10.00 17.00 22.00 15.00 24.00 8.00 0.00 0.00 0.00 1.00 0.00
164.00 38.00 46.00 115.00 206.00 69.00 91.00 0.09 2.25 1.00 3.00 0.33 7.00 15.00 31.00 23.00 22.00 16.00 0.00 0.00 1.00 1.00 0.00
165.00 31.00 30.00 82.00 167.00 52.00 85.00 0.08 1.66 1.00 3.00 0.33 6.00 10.00 25.00 21.00 17.00 14.00 0.00 0.00 0.00 1.00 0.00
166.00 39.00 33.00 104.00 208.00 71.00 104.00 0.08 2.95 2.00 3.00 0.67 11.00 19.00 28.00 20.00 24.00 15.00 0.00 0.00 0.00 0.00 0.00
167.00 41.00 36.00 107.00 204.00 71.00 97.00 0.09 2.73 1.00 3.00 0.33 12.00 22.00 29.00 19.00 27.00 14.00 0.00 0.00 0.00 0.00 0.00
168.00 41.00 49.00 120.00 218.00 71.00 98.00 0.10 2.65 1.00 4.00 0.25 7.00 12.00 34.00 29.00 20.00 21.00 0.00 1.00 0.00 0.00 0.00
169.00 44.00 52.00 129.00 233.00 77.00 104.00 0.09 3.00 2.00 5.00 0.40 8.00 17.00 36.00 27.00 26.00 18.00 0.00 1.00 0.00 0.00 0.00
170.00 40.00 48.00 116.00 205.00 68.00 89.00 0.09 2.92 2.00 4.00 0.50 8.00 17.00 32.00 23.00 23.00 17.00 0.00 0.00 0.00 1.00 0.00
171.00 40.00 43.00 112.00 217.00 69.00 105.00 0.08 3.48 2.00 3.00 0.67 11.00 18.00 29.00 22.00 24.00 16.00 0.00 0.00 0.00 0.00 0.00
172.00 40.00 46.00 122.00 210.00 76.00 88.00 0.09 2.61 2.00 4.00 0.50 5.00 20.00 35.00 20.00 28.00 12.00 0.00 0.00 2.00 0.00 0.00
173.00 36.00 41.00 97.00 183.00 56.00 86.00 0.09 2.43 2.00 2.00 1.00 8.00 16.00 28.00 20.00 24.00 12.00 0.00 0.00 0.00 0.00 0.00
174.00 41.00 47.00 103.00 202.00 56.00 99.00 0.08 2.91 2.00 3.00 0.67 10.00 19.00 31.00 22.00 28.00 13.00 0.00 0.00 0.00 1.00 0.00
175.00 36.00 31.00 105.00 187.00 74.00 82.00 0.09 2.72 1.00 4.00 0.25 9.00 16.00 27.00 20.00 22.00 14.00 0.00 0.00 0.00 0.00 0.00
176.00 44.00 45.00 130.00 230.00 85.00 100.00 0.08 3.41 0.00 4.00 0.00 8.00 22.00 36.00 22.00 33.00 11.00 0.00 0.00 1.00 1.00 0.00
177.00 37.00 34.00 98.00 192.00 64.00 94.00 0.08 3.15 1.00 2.00 0.50 12.00 18.00 25.00 19.00 27.00 10.00 0.00 0.00 0.00 0.00 0.00
178.00 43.00 57.00 131.00 224.00 74.00 93.00 0.08 2.86 1.00 3.00 0.33 9.00 17.00 34.00 26.00 20.00 23.00 0.00 0.00 0.00 1.00 0.00
179.00 43.00 52.00 128.00 221.00 76.00 93.00 0.09 3.06 1.00 3.00 0.33 11.00 20.00 32.00 23.00 26.00 17.00 0.00 0.00 0.00 0.00 0.00
180.00 34.00 33.00 102.00 181.00 69.00 79.00 0.09 3.31 1.00 3.00 0.33 5.00 17.00 29.00 17.00 24.00 10.00 0.00 0.00 0.00 0.00 0.00
181.00 41.00 48.00 129.00 221.00 81.00 92.00 0.09 2.96 1.00 1.00 1.00 7.00 15.00 34.00 26.00 23.00 18.00 0.00 0.00 1.00 0.00 0.00
182.00 37.00 43.00 111.00 193.00 68.00 82.00 0.09 2.32 1.00 2.00 0.50 5.00 13.00 32.00 24.00 23.00 14.00 0.00 0.00 0.00 1.00 1.00
183.00 34.00 36.00 97.00 170.00 61.00 73.00 0.10 3.31 1.00 3.00 0.33 10.00 16.00 24.00 18.00 24.00 10.00 0.00 0.00 1.00 0.00 0.00
184.00 42.00 59.00 122.00 219.00 63.00 97.00 0.10 3.54 0.00 2.00 0.00 10.00 18.00 32.00 24.00 27.00 15.00 0.00 0.00 0.00 0.00 0.00
185.00 40.00 50.00 122.00 209.00 72.00 87.00 0.07 2.82 1.00 3.00 0.33 4.00 13.00 36.00 27.00 22.00 18.00 0.00 0.00 0.00 0.00 0.00
186.00 36.00 36.00 92.00 188.00 56.00 96.00 0.08 3.37 1.00 2.00 0.50 10.00 16.00 26.00 20.00 22.00 14.00 0.00 0.00 1.00 1.00 0.00
187.00 41.00 58.00 123.00 211.00 65.00 88.00 0.08 2.94 0.00 2.00 0.00 5.00 19.00 36.00 22.00 23.00 18.00 0.00 0.00 0.00 0.00 0.00
188.00 34.00 37.00 93.00 180.00 56.00 87.00 0.10 3.18 1.00 2.00 0.50 4.00 10.00 30.00 24.00 24.00 10.00 1.00 0.00 0.00 0.00 0.00
189.00 42.00 54.00 122.00 227.00 68.00 105.00 0.09 3.19 1.00 3.00 0.33 8.00 16.00 34.00 26.00 30.00 12.00 0.00 0.00 0.00 0.00 0.00
190.00 37.00 35.00 103.00 192.00 68.00 89.00 0.08 2.94 1.00 2.00 0.50 8.00 15.00 29.00 22.00 21.00 16.00 0.00 0.00 0.00 0.00 0.00
191.00 32.00 43.00 92.00 168.00 49.00 76.00 0.09 3.24 2.00 2.00 1.00 7.00 14.00 25.00 18.00 18.00 14.00 0.00 0.00 0.00 0.00 0.00
192.00 32.00 23.00 80.00 163.00 57.00 83.00 0.09 3.13 2.00 1.00 2.00 7.00 16.00 25.00 16.00 22.00 10.00 0.00 0.00 0.00 0.00 0.00
193.00 37.00 43.00 114.00 194.00 71.00 80.00 0.07 3.15 3.00 1.00 3.00 9.00 19.00 28.00 18.00 21.00 16.00 0.00 0.00 0.00 0.00 0.00
194.00 23.00 20.00 60.00 119.00 40.00 59.00 0.06 1.35 1.00 1.00 1.00 11.00 14.00 12.00 9.00 17.00 6.00 0.00 0.00 0.00 0.00 0.00
195.00 38.00 41.00 105.00 193.00 64.00 88.00 0.09 3.21 1.00 1.00 1.00 9.00 18.00 29.00 20.00 27.00 11.00 0.00 0.00 0.00 0.00 0.00
196.00 29.00 30.00 84.00 157.00 54.00 73.00 0.07 2.22 2.00 2.00 1.00 6.00 17.00 23.00 12.00 20.00 9.00 0.00 0.00 0.00 0.00 0.00
197.00 34.00 32.00 100.00 173.00 68.00 73.00 0.09 2.90 1.00 0.00 0.00 10.00 18.00 24.00 16.00 20.00 14.00 0.00 0.00 0.00 1.00 0.00
198.00 35.00 49.00 95.00 172.00 46.00 77.00 0.08 3.64 1.00 2.00 0.50 8.00 13.00 27.00 22.00 22.00 13.00 0.00 0.00 1.00 0.00 0.00
199.00 24.00 18.00 65.00 129.00 47.00 64.00 0.08 1.93 2.00 1.00 2.00 6.00 9.00 18.00 15.00 13.00 11.00 0.00 0.00 0.00 0.00 0.00
200.00 30.00 26.00 80.00 150.00 54.00 70.00 0.09 3.70 1.00 0.00 0.00 8.00 17.00 22.00 13.00 21.00 9.00 0.00 0.00 0.00 0.00 0.00
201.00 23.00 22.00 59.00 110.00 37.00 51.00 0.09 4.31 0.00 1.00 0.00 3.00 8.00 20.00 15.00 15.00 8.00 0.00 0.00 0.00 1.00 0.00
202.00 34.00 35.00 87.00 170.00 52.00 83.00 0.08 4.00 1.00 1.00 1.00 7.00 17.00 27.00 17.00 25.00 9.00 0.00 0.00 0.00 1.00 0.00
203.00 31.00 34.00 83.00 158.00 49.00 75.00 0.09 2.83 1.00 1.00 1.00 5.00 17.00 26.00 14.00 20.00 11.00 0.00 0.00 0.00 0.00 0.00
204.00 30.00 31.00 85.00 148.00 54.00 63.00 0.08 2.23 2.00 1.00 2.00 9.00 13.00 21.00 17.00 18.00 12.00 0.00 0.00 0.00 0.00 0.00
205.00 36.00 33.00 104.00 186.00 71.00 82.00 0.08 3.03 1.00 2.00 0.50 9.00 15.00 27.00 21.00 23.00 13.00 0.00 0.00 0.00 0.00 0.00
206.00 36.00 47.00 112.00 192.00 65.00 80.00 0.07 2.81 1.00 3.00 0.33 10.00 19.00 26.00 17.00 24.00 12.00 0.00 0.00 0.00 1.00 0.00
207.00 36.00 42.00 107.00 193.00 65.00 86.00 0.08 3.14 1.00 2.00 0.50 9.00 16.00 27.00 20.00 23.00 13.00 0.00 0.00 1.00 0.00 0.00
208.00 27.00 21.00 73.00 149.00 52.00 76.00 0.08 3.69 1.00 1.00 1.00 7.00 13.00 20.00 14.00 16.00 11.00 0.00 0.00 0.00 1.00 0.00
209.00 39.00 42.00 114.00 200.00 72.00 86.00 0.08 2.85 1.00 2.00 0.50 9.00 17.00 30.00 22.00 28.00 11.00 0.00 0.00 1.00 2.00 0.00
210.00 41.00 45.00 116.00 213.00 71.00 97.00 0.10 2.19 2.00 2.00 1.00 9.00 15.00 32.00 26.00 24.00 17.00 0.00 0.00 0.00 1.00 0.00
211.00 42.00 51.00 120.00 220.00 69.00 100.00 0.09 3.18 2.00 3.00 0.67 6.00 14.00 36.00 28.00 21.00 21.00 0.00 0.00 0.00 0.00 0.00
212.00 44.00 59.00 144.00 241.00 85.00 97.00 0.08 3.16 1.00 3.00 0.33 11.00 17.00 33.00 27.00 30.00 14.00 0.00 0.00 1.00 0.00 0.00
213.00 37.00 49.00 113.00 199.00 64.00 86.00 0.08 3.33 1.00 3.00 0.33 8.00 18.00 29.00 19.00 23.00 14.00 0.00 0.00 0.00 0.00 0.00
214.00 37.00 41.00 112.00 192.00 71.00 80.00 0.07 4.08 1.00 2.00 0.50 9.00 15.00 28.00 22.00 20.00 17.00 0.00 0.00 1.00 0.00 0.00
215.00 38.00 42.00 116.00 205.00 74.00 89.00 0.09 2.91 1.00 3.00 0.33 5.00 21.00 33.00 17.00 24.00 14.00 0.00 0.00 0.00 0.00 0.00
216.00 32.00 21.00 82.00 161.00 61.00 79.00 0.09 3.92 1.00 1.00 1.00 8.00 14.00 24.00 18.00 21.00 11.00 0.00 0.00 1.00 0.00 0.00
217.00 43.00 56.00 129.00 220.00 73.00 91.00 0.08 3.69 1.00 3.00 0.33 13.00 23.00 30.00 20.00 28.00 15.00 0.00 0.00 0.00 0.00 0.00
218.00 37.00 39.00 101.00 190.00 62.00 89.00 0.10 4.17 0.00 3.00 0.00 6.00 13.00 31.00 24.00 22.00 15.00 0.00 0.00 0.00 0.00 0.00
219.00 32.00 28.00 83.00 154.00 55.00 71.00 0.08 3.35 1.00 2.00 0.50 13.00 16.00 19.00 16.00 22.00 10.00 0.00 0.00 0.00 0.00 0.00
220.00 30.00 39.00 89.00 153.00 50.00 64.00 0.09 4.22 2.00 1.00 2.00 8.00 14.00 22.00 16.00 19.00 11.00 0.00 0.00 0.00 0.00 0.00
221.00 40.00 41.00 120.00 213.00 79.00 93.00 0.09 3.34 1.00 3.00 0.33 8.00 16.00 32.00 24.00 23.00 17.00 1.00 0.00 0.00 0.00 0.00
222.00 32.00 31.00 84.00 169.00 53.00 85.00 0.08 3.35 2.00 1.00 2.00 6.00 9.00 26.00 23.00 20.00 12.00 0.00 0.00 0.00 0.00 0.00
223.00 39.00 36.00 110.00 204.00 74.00 94.00 0.09 3.73 2.00 2.00 1.00 10.00 18.00 29.00 21.00 23.00 16.00 0.00 0.00 0.00 2.00 0.00
224.00 37.00 40.00 105.00 201.00 65.00 96.00 0.07 3.98 1.00 1.00 1.00 7.00 15.00 30.00 22.00 24.00 13.00 2.00 0.00 0.00 1.00 0.00
225.00 31.00 30.00 90.00 159.00 60.00 69.00 0.09 2.76 0.00 1.00 0.00 3.00 12.00 28.00 19.00 21.00 10.00 1.00 0.00 0.00 0.00 0.00
226.00 38.00 33.00 101.00 190.00 68.00 89.00 0.09 2.61 1.00 1.00 1.00 11.00 17.00 27.00 21.00 25.00 13.00 0.00 0.00 1.00 0.00 0.00
227.00 32.00 26.00 83.00 178.00 57.00 95.00 0.08 2.01 2.00 1.00 2.00 7.00 19.00 25.00 13.00 23.00 9.00 1.00 0.00 1.00 0.00 0.00
228.00 38.00 25.00 91.00 196.00 66.00 105.00 0.09 3.44 1.00 2.00 0.50 8.00 16.00 30.00 22.00 24.00 14.00 1.00 0.00 1.00 0.00 0.00
229.00 34.00 32.00 78.00 173.00 46.00 95.00 0.09 3.83 1.00 4.00 0.25 12.00 17.00 22.00 17.00 23.00 11.00 1.00 0.00 0.00 0.00 0.00
230.00 34.00 30.00 105.00 187.00 75.00 82.00 0.09 2.56 2.00 2.00 1.00 8.00 15.00 26.00 19.00 22.00 12.00 1.00 0.00 0.00 0.00 0.00
231.00 38.00 32.00 95.00 209.00 63.00 114.00 0.07 3.08 1.00 2.00 0.50 12.00 22.00 26.00 16.00 29.00 9.00 1.00 0.00 0.00 0.00 0.00
232.00 38.00 30.00 104.00 204.00 74.00 100.00 0.10 2.43 0.00 1.00 0.00 8.00 20.00 30.00 18.00 26.00 12.00 2.00 0.00 0.00 1.00 0.00
233.00 31.00 20.00 80.00 166.00 60.00 86.00 0.10 2.63 1.00 0.00 0.00 10.00 15.00 21.00 16.00 22.00 9.00 0.00 0.00 0.00 1.00 0.00
234.00 38.00 36.00 110.00 198.00 74.00 88.00 0.08 2.42 1.00 1.00 1.00 10.00 19.00 28.00 19.00 27.00 11.00 1.00 0.00 0.00 0.00 0.00
235.00 36.00 32.00 95.00 187.00 63.00 92.00 0.09 2.62 0.00 1.00 0.00 7.00 19.00 29.00 17.00 25.00 11.00 1.00 0.00 0.00 0.00 0.00
236.00 29.00 25.00 77.00 147.00 52.00 70.00 0.09 1.87 0.00 2.00 0.00 12.00 19.00 17.00 10.00 22.00 7.00 1.00 0.00 0.00 0.00 0.00
237.00 26.00 26.00 55.00 128.00 29.00 73.00 0.08 2.94 0.00 2.00 0.00 7.00 16.00 19.00 10.00 21.00 5.00 0.00 0.00 0.00 0.00 0.00
238.00 29.00 27.00 80.00 154.00 53.00 74.00 0.08 2.08 0.00 1.00 0.00 8.00 12.00 21.00 17.00 19.00 10.00 0.00 0.00 0.00 0.00 0.00
239.00 25.00 12.00 49.00 130.00 37.00 81.00 0.07 3.36 0.00 1.00 0.00 6.00 10.00 19.00 15.00 21.00 4.00 1.00 0.00 0.00 0.00 0.00
240.00 25.00 22.00 65.00 132.00 43.00 67.00 0.08 2.57 2.00 1.00 2.00 5.00 12.00 20.00 13.00 20.00 5.00 1.00 0.00 0.00 0.00 0.00
241.00 21.00 25.00 58.00 107.00 33.00 49.00 0.09 2.17 0.00 1.00 0.00 4.00 9.00 17.00 12.00 14.00 7.00 0.00 0.00 0.00 0.00 0.00
242.00 16.00 9.00 26.00 74.00 17.00 48.00 0.08 3.26 0.00 1.00 0.00 5.00 10.00 11.00 6.00 13.00 3.00 0.00 0.00 0.00 0.00 0.00
243.00 22.00 17.00 53.00 114.00 36.00 61.00 0.08 3.92 0.00 1.00 0.00 4.00 11.00 18.00 11.00 14.00 8.00 0.00 0.00 1.00 0.00 0.00
244.00 21.00 17.00 52.00 104.00 35.00 52.00 0.08 4.14 0.00 1.00 0.00 7.00 13.00 14.00 8.00 15.00 6.00 0.00 0.00 0.00 0.00 0.00
245.00 27.00 23.00 60.00 125.00 37.00 65.00 0.07 4.44 0.00 1.00 0.00 9.00 19.00 18.00 8.00 24.00 3.00 0.00 0.00 0.00 0.00 0.00
246.00 26.00 27.00 72.00 125.00 45.00 53.00 0.10 3.65 0.00 1.00 0.00 11.00 16.00 15.00 10.00 21.00 5.00 0.00 0.00 0.00 1.00 0.00
247.00 13.00 10.00 28.00 62.00 18.00 34.00 0.10 4.57 0.00 1.00 0.00 3.00 4.00 10.00 9.00 11.00 2.00 0.00 0.00 0.00 0.00 0.00
248.00 15.00 11.00 32.00 76.00 21.00 44.00 0.09 3.97 0.00 1.00 0.00 6.00 9.00 9.00 6.00 11.00 4.00 0.00 0.00 0.00 0.00 0.00
249.00 19.00 20.00 45.00 96.00 25.00 51.00 0.07 4.66 0.00 1.00 0.00 5.00 11.00 14.00 8.00 13.00 6.00 0.00 0.00 0.00 1.00 0.00
250.00 18.00 8.00 32.00 86.00 24.00 54.00 0.08 3.64 0.00 1.00 0.00 5.00 8.00 13.00 10.00 14.00 4.00 0.00 0.00 0.00 0.00 0.00
251.00 13.00 8.00 24.00 60.00 16.00 36.00 0.09 4.31 0.00 1.00 0.00 3.00 9.00 10.00 4.00 12.00 1.00 0.00 0.00 0.00 0.00 0.00
252.00 19.00 19.00 46.00 89.00 27.00 43.00 0.08 4.27 0.00 1.00 0.00 6.00 11.00 13.00 8.00 15.00 4.00 0.00 0.00 0.00 0.00 0.00
253.00 20.00 16.00 45.00 93.00 29.00 48.00 0.08 3.50 0.00 1.00 0.00 8.00 13.00 12.00 7.00 16.00 4.00 0.00 0.00 0.00 0.00 0.00
254.00 18.00 22.00 44.00 85.00 22.00 41.00 0.09 2.97 0.00 1.00 0.00 7.00 9.00 11.00 9.00 12.00 6.00 0.00 0.00 0.00 0.00 0.00
255.00 16.00 17.00 40.00 79.00 23.00 39.00 0.10 4.48 0.00 1.00 0.00 6.00 9.00 10.00 7.00 13.00 3.00 0.00 0.00 0.00 0.00 0.00
256.00 9.00 8.00 18.00 43.00 10.00 25.00 0.08 3.47 0.00 1.00 0.00 5.00 6.00 4.00 3.00 8.00 1.00 0.00 0.00 0.00 0.00 0.00
257.00 18.00 19.00 44.00 86.00 25.00 42.00 0.09 4.45 0.00 1.00 0.00 3.00 8.00 15.00 10.00 13.00 5.00 0.00 0.00 0.00 0.00 0.00
258.00 18.00 10.00 28.00 72.00 18.00 44.00 0.07 5.49 0.00 1.00 0.00 7.00 10.00 11.00 8.00 14.00 4.00 0.00 0.00 0.00 0.00 0.00
259.00 23.00 29.00 62.00 112.00 33.00 50.00 0.08 4.00 0.00 1.00 0.00 4.00 8.00 19.00 15.00 17.00 6.00 0.00 0.00 0.00 0.00 1.00
260.00 18.00 12.00 40.00 78.00 28.00 38.00 0.09 4.23 0.00 1.00 0.00 4.00 12.00 14.00 6.00 13.00 5.00 0.00 0.00 0.00 1.00 0.00
261.00 24.00 23.00 61.00 125.00 38.00 64.00 0.09 3.92 0.00 0.00 0.00 7.00 16.00 17.00 8.00 19.00 5.00 0.00 0.00 0.00 0.00 0.00
262.00 16.00 17.00 36.00 77.00 19.00 41.00 0.09 3.27 0.00 1.00 0.00 7.00 9.00 9.00 7.00 10.00 6.00 0.00 0.00 0.00 0.00 0.00
263.00 25.00 23.00 63.00 128.00 40.00 65.00 0.09 3.52 0.00 1.00 0.00 10.00 16.00 15.00 9.00 19.00 6.00 0.00 0.00 0.00 0.00 0.00
264.00 18.00 12.00 35.00 86.00 23.00 51.00 0.10 4.85 0.00 1.00 0.00 7.00 9.00 11.00 9.00 13.00 5.00 0.00 0.00 0.00 0.00 0.00
265.00 16.00 10.00 40.00 75.00 30.00 35.00 0.06 2.58 0.00 1.00 0.00 6.00 8.00 10.00 8.00 11.00 5.00 0.00 0.00 0.00 0.00 0.00
266.00 15.00 9.00 30.00 75.00 21.00 45.00 0.09 2.82 0.00 0.00 0.00 5.00 9.00 10.00 6.00 12.00 3.00 0.00 0.00 0.00 0.00 0.00
267.00 18.00 17.00 43.00 86.00 26.00 43.00 0.09 3.15 0.00 0.00 0.00 5.00 9.00 13.00 9.00 11.00 7.00 0.00 0.00 0.00 0.00 0.00
268.00 22.00 19.00 52.00 111.00 33.00 59.00 0.10 2.27 0.00 1.00 0.00 6.00 11.00 16.00 11.00 18.00 4.00 0.00 0.00 0.00 0.00 0.00
269.00 21.00 18.00 50.00 100.00 32.00 50.00 0.08 2.94 0.00 0.00 0.00 7.00 9.00 14.00 12.00 14.00 7.00 0.00 0.00 1.00 0.00 0.00
270.00 16.00 14.00 38.00 80.00 24.00 42.00 0.08 1.66 0.00 0.00 0.00 3.00 7.00 13.00 9.00 9.00 7.00 0.00 0.00 0.00 0.00 0.00
271.00 16.00 16.00 38.00 78.00 22.00 40.00 0.08 1.59 0.00 0.00 0.00 6.00 9.00 10.00 7.00 10.00 6.00 0.00 0.00 0.00 0.00 0.00
272.00 12.00 7.00 23.00 57.00 16.00 34.00 0.09 0.51 0.00 0.00 0.00 7.00 7.00 5.00 5.00 8.00 4.00 0.00 0.00 0.00 0.00 0.00
273.00 7.00 1.00 9.00 30.00 8.00 21.00 0.09 2.63 0.00 0.00 0.00 3.00 6.00 4.00 1.00 6.00 1.00 0.00 0.00 0.00 0.00 0.00
274.00 7.00 1.00 10.00 28.00 9.00 18.00 0.09 2.63 0.00 0.00 0.00 3.00 3.00 4.00 4.00 6.00 1.00 0.00 0.00 0.00 0.00 0.00
275.00 6.00 0.00 8.00 21.00 8.00 13.00 0.09 0.44 0.00 1.00 0.00 2.00 4.00 4.00 2.00 5.00 1.00 0.00 0.00 0.00 0.00 0.00
276.00 10.00 4.00 19.00 45.00 15.00 26.00 0.09 0.46 0.00 1.00 0.00 2.00 6.00 8.00 4.00 10.00 0.00 0.00 0.00 0.00 0.00 0.00
277.00 10.00 5.00 19.00 47.00 14.00 28.00 0.08 0.39 0.00 1.00 0.00 3.00 5.00 7.00 5.00 7.00 3.00 0.00 0.00 0.00 0.00 0.00
278.00 9.00 4.00 17.00 43.00 13.00 26.00 0.10 3.70 0.00 0.00 0.00 3.00 7.00 6.00 2.00 7.00 2.00 0.00 0.00 0.00 0.00 0.00
279.00 6.00 3.00 10.00 29.00 7.00 19.00 0.09 0.28 0.00 0.00 0.00 0.00 1.00 6.00 5.00 4.00 2.00 0.00 0.00 0.00 0.00 0.00
280.00 7.00 4.00 13.00 29.00 9.00 16.00 0.08 0.28 0.00 0.00 0.00 3.00 3.00 4.00 4.00 5.00 2.00 0.00 0.00 0.00 0.00 0.00
281.00 8.00 5.00 13.00 38.00 8.00 25.00 0.09 0.43 0.00 0.00 0.00 2.00 4.00 6.00 4.00 5.00 3.00 0.00 0.00 0.00 0.00 0.00
282.00 3.00 0.00 0.00 1.00 0.00 1.00 0.09 0.33 0.00 0.00 0.00 2.00 3.00 1.00 0.00 3.00 0.00 0.00 0.00 0.00 0.00 0.00
283.00 6.00 2.00 9.00 22.00 7.00 13.00 0.09 0.28 0.00 0.00 0.00 2.00 5.00 4.00 1.00 5.00 1.00 0.00 0.00 0.00 0.00 0.00
284.00 9.00 6.00 16.00 38.00 10.00 22.00 0.07 0.40 0.00 0.00 0.00 5.00 6.00 4.00 3.00 7.00 2.00 0.00 0.00 0.00 0.00 0.00
285.00 8.00 4.00 15.00 34.00 11.00 19.00 0.10 0.33 0.00 0.00 0.00 2.00 3.00 6.00 5.00 5.00 3.00 0.00 0.00 0.00 0.00 0.00
286.00 3.00 0.00 1.00 10.00 1.00 9.00 0.09 0.20 0.00 0.00 0.00 2.00 3.00 1.00 0.00 3.00 0.00 0.00 0.00 0.00 0.00 0.00
287.00 6.00 0.00 2.00 12.00 2.00 10.00 0.09 0.50 0.00 0.00 0.00 3.00 5.00 3.00 1.00 6.00 0.00 0.00 0.00 0.00 0.00 0.00
288.00 3.00 0.00 1.00 8.00 1.00 7.00 0.06 4.46 0.00 0.00 0.00 2.00 3.00 1.00 0.00 3.00 0.00 0.00 0.00 0.00 0.00 0.00
289.00 3.00 0.00 0.00 5.00 0.00 5.00 0.07 0.12 0.00 0.00 0.00 2.00 3.00 1.00 0.00 3.00 0.00 0.00 0.00 0.00 0.00 0.00
290.00 3.00 0.00 0.00 8.00 0.00 8.00 0.08 0.20 0.00 0.00 0.00 2.00 3.00 1.00 0.00 3.00 0.00 0.00 0.00 0.00 0.00 0.00
291.00 2.00 0.00 0.00 0.00 0.00 0.00 0.08 0.28 0.00 0.00 0.00 2.00 2.00 0.00 0.00 2.00 0.00 0.00 0.00 0.00 0.00 0.00
