0.00 2.00 0.00 0.00 2.00 0.00 2.00 0.09 0.17 0.00 0.00 0.00 2.00 2.00 0.00 0.00 2.00 0.00 0.00 0.00 0.00 0.00 0.00
1.00 4.00 0.00 2.00 8.00 2.00 6.00 0.08 0.22 0.00 0.00 0.00 3.00 3.00 1.00 1.00 4.00 0.00 0.00 0.00 0.00 0.00 0.00
2.00 3.00 0.00 0.00 1.00 0.00 1.00 0.09 0.33 0.00 0.00 0.00 2.00 3.00 1.00 0.00 3.00 0.00 0.00 0.00 0.00 0.00 0.00
3.00 6.00 2.00 8.00 25.00 6.00 17.00 0.07 0.13 0.00 0.00 0.00 2.00 5.00 4.00 1.00 5.00 1.00 0.00 0.00 0.00 0.00 0.00
4.00 7.00 1.00 11.00 24.00 10.00 13.00 0.08 0.52 0.00 0.00 0.00 2.00 5.00 5.00 2.00 7.00 0.00 0.00 0.00 0.00 0.00 0.00
5.00 8.00 2.00 13.00 31.00 11.00 18.00 0.10 0.42 0.00 0.00 0.00 4.00 6.00 4.00 2.00 8.00 0.00 0.00 0.00 0.00 0.00 0.00
6.00 6.00 2.00 9.00 24.00 7.00 15.00 0.09 0.34 0.00 0.00 0.00 4.00 4.00 2.00 2.00 6.00 0.00 0.00 0.00 0.00 0.00 0.00
7.00 3.00 0.00 0.00 2.00 0.00 2.00 0.08 0.29 0.00 0.00 0.00 2.00 3.00 1.00 0.00 3.00 0.00 0.00 0.00 0.00 0.00 0.00
8.00 9.00 6.00 19.00 37.00 13.00 18.00 0.10 0.36 0.00 0.00 0.00 4.00 7.00 5.00 2.00 7.00 2.00 0.00 0.00 0.00 0.00 0.00
9.00 8.00 4.00 14.00 39.00 10.00 25.00 0.07 0.34 0.00 0.00 0.00 3.00 4.00 5.00 4.00 7.00 1.00 0.00 0.00 0.00 0.00 0.00
10.00 10.00 4.00 23.00 50.00 19.00 27.00 0.09 0.48 0.00 0.00 0.00 3.00 5.00 7.00 5.00 7.00 3.00 0.00 0.00 0.00 0.00 0.00
11.00 9.00 2.00 14.00 39.00 12.00 25.00 0.09 0.47 0.00 0.00 0.00 4.00 5.00 5.00 4.00 7.00 2.00 0.00 0.00 0.00 0.00 0.00
12.00 16.00 15.00 35.00 71.00 20.00 36.00 0.09 0.70 0.00 0.00 0.00 2.00 9.00 14.00 7.00 10.00 6.00 0.00 0.00 0.00 0.00 0.00
13.00 10.00 9.00 23.00 48.00 14.00 25.00 0.07 0.41 0.00 0.00 0.00 3.00 8.00 7.00 2.00 9.00 1.00 0.00 0.00 0.00 0.00 0.00
14.00 11.00 4.00 22.00 50.00 18.00 28.00 0.09 0.57 0.00 0.00 0.00 4.00 7.00 7.00 4.00 8.00 3.00 0.00 0.00 0.00 0.00 0.00
15.00 10.00 7.00 21.00 50.00 14.00 29.00 0.09 0.39 0.00 0.00 0.00 5.00 7.00 5.00 3.00 8.00 2.00 0.00 0.00 0.00 0.00 0.00
16.00 14.00 14.00 32.00 68.00 18.00 36.00 0.11 0.50 0.00 1.00 0.00 4.00 6.00 10.00 8.00 9.00 5.00 0.00 0.00 0.00 0.00 0.00
17.00 12.00 5.00 29.00 58.00 24.00 29.00 0.09 0.55 0.00 1.00 0.00 4.00 6.00 8.00 6.00 10.00 2.00 0.00 0.00 0.00 0.00 0.00
18.00 12.00 7.00 26.00 55.00 19.00 29.00 0.09 0.74 0.00 1.00 0.00 5.00 9.00 7.00 3.00 12.00 0.00 0.00 0.00 0.00 0.00 0.00
19.00 14.00 12.00 36.00 70.00 24.00 34.00 0.09 0.58 0.00 1.00 0.00 4.00 7.00 10.00 7.00 9.00 5.00 0.00 0.00 0.00 0.00 0.00
20.00 12.00 12.00 30.00 59.00 18.00 29.00 0.08 0.47 0.00 0.00 0.00 1.00 5.00 11.00 7.00 6.00 6.00 0.00 0.00 0.00 0.00 0.00
21.00 13.00 13.00 31.00 66.00 18.00 35.00 0.10 0.77 0.00 0.00 0.00 6.00 8.00 7.00 5.00 10.00 3.00 0.00 0.00 0.00 0.00 0.00
22.00 8.00 4.00 15.00 38.00 11.00 23.00 0.09 0.36 0.00 0.00 0.00 4.00 6.00 4.00 2.00 7.00 1.00 0.00 0.00 0.00 0.00 0.00
23.00 10.00 5.00 20.00 46.00 15.00 26.00 0.10 0.37 0.00 0.00 0.00 3.00 7.00 7.00 3.00 8.00 2.00 0.00 0.00 0.00 0.00 0.00
24.00 11.00 6.00 23.00 51.00 17.00 28.00 0.07 0.66 0.00 0.00 0.00 6.00 9.00 5.00 2.00 10.00 1.00 0.00 0.00 0.00 0.00 0.00
25.00 9.00 3.00 12.00 38.00 9.00 26.00 0.09 0.68 0.00 0.00 0.00 3.00 5.00 6.00 4.00 7.00 2.00 0.00 0.00 0.00 0.00 0.00
26.00 9.00 4.00 15.00 40.00 11.00 25.00 0.09 0.49 0.00 0.00 0.00 1.00 4.00 8.00 5.00 7.00 2.00 0.00 0.00 0.00 0.00 0.00
27.00 4.00 0.00 0.00 6.00 0.00 6.00 0.09 0.60 0.00 0.00 0.00 2.00 4.00 2.00 0.00 4.00 0.00 0.00 0.00 0.00 0.00 0.00
28.00 9.00 0.00 6.00 34.00 6.00 28.00 0.08 0.62 0.00 0.00 0.00 6.00 8.00 3.00 1.00 8.00 1.00 0.00 0.00 0.00 0.00 0.00
29.00 9.00 6.00 16.00 34.00 10.00 18.00 0.08 0.37 0.00 0.00 0.00 5.00 8.00 4.00 1.00 8.00 1.00 0.00 0.00 0.00 0.00 0.00
30.00 8.00 4.00 15.00 35.00 11.00 20.00 0.07 0.49 0.00 0.00 0.00 4.00 7.00 4.00 1.00 7.00 1.00 1.00 0.00 1.00 0.00 0.00
31.00 14.00 8.00 29.00 69.00 21.00 40.00 0.09 0.75 0.00 0.00 0.00 4.00 9.00 10.00 5.00 11.00 3.00 0.00 0.00 0.00 0.00 0.00
32.00 9.00 4.00 14.00 39.00 10.00 25.00 0.08 0.35 0.00 0.00 0.00 4.00 8.00 5.00 1.00 8.00 1.00 0.00 0.00 0.00 0.00 0.00
33.00 9.00 1.00 11.00 37.00 10.00 26.00 0.08 0.51 1.00 0.00 0.00 4.00 7.00 5.00 2.00 9.00 0.00 0.00 0.00 0.00 0.00 0.00
34.00 7.00 0.00 11.00 30.00 11.00 19.00 0.08 0.26 0.00 0.00 0.00 3.00 6.00 4.00 1.00 7.00 0.00 0.00 0.00 0.00 0.00 0.00
35.00 8.00 0.00 9.00 35.00 9.00 26.00 0.07 0.73 0.00 0.00 0.00 5.00 5.00 3.00 3.00 8.00 0.00 0.00 0.00 0.00 1.00 0.00
36.00 20.00 12.00 42.00 91.00 30.00 49.00 0.08 1.90 0.00 1.00 0.00 8.00 12.00 12.00 8.00 15.00 5.00 0.00 0.00 0.00 0.00 0.00
37.00 14.00 7.00 32.00 69.00 25.00 37.00 0.09 0.55 1.00 1.00 1.00 6.00 10.00 8.00 4.00 13.00 1.00 0.00 0.00 0.00 0.00 0.00
38.00 19.00 5.00 41.00 91.00 36.00 50.00 0.08 0.95 0.00 0.00 0.00 5.00 11.00 14.00 8.00 17.00 2.00 0.00 0.00 0.00 0.00 0.00
39.00 21.00 21.00 56.00 110.00 35.00 54.00 0.08 1.47 1.00 1.00 1.00 4.00 13.00 17.00 8.00 15.00 6.00 0.00 0.00 0.00 0.00 0.00
40.00 11.00 5.00 19.00 57.00 14.00 38.00 0.08 0.56 0.00 1.00 0.00 4.00 8.00 7.00 3.00 8.00 3.00 0.00 0.00 0.00 0.00 0.00
41.00 19.00 16.00 48.00 97.00 32.00 49.00 0.07 0.94 1.00 1.00 1.00 7.00 12.00 12.00 7.00 14.00 5.00 0.00 0.00 0.00 0.00 0.00
42.00 22.00 17.00 55.00 103.00 38.00 48.00 0.08 1.52 1.00 1.00 1.00 6.00 11.00 16.00 11.00 16.00 6.00 0.00 0.00 0.00 0.00 0.00
43.00 20.00 23.00 52.00 102.00 29.00 50.00 0.09 0.84 1.00 0.00 0.00 3.00 8.00 17.00 12.00 15.00 5.00 0.00 0.00 0.00 0.00 0.00
44.00 18.00 13.00 44.00 94.00 31.00 50.00 0.10 2.24 1.00 0.00 0.00 3.00 8.00 15.00 10.00 13.00 5.00 0.00 0.00 1.00 0.00 0.00
45.00 20.00 15.00 49.00 100.00 34.00 51.00 0.09 1.54 0.00 1.00 0.00 6.00 12.00 14.00 8.00 13.00 7.00 0.00 0.00 0.00 0.00 0.00
46.00 20.00 17.00 45.00 92.00 28.00 47.00 0.10 1.53 0.00 1.00 0.00 5.00 9.00 15.00 11.00 14.00 6.00 0.00 0.00 0.00 0.00 0.00
47.00 22.00 17.00 50.00 109.00 33.00 59.00 0.08 1.54 1.00 1.00 1.00 5.00 10.00 17.00 12.00 16.00 6.00 0.00 0.00 0.00 0.00 0.00
48.00 19.00 12.00 50.00 96.00 38.00 46.00 0.08 0.87 1.00 1.00 1.00 4.00 10.00 15.00 9.00 12.00 7.00 0.00 0.00 0.00 0.00 0.00
49.00 10.00 4.00 18.00 41.00 14.00 23.00 0.08 1.77 1.00 0.00 0.00 3.00 5.00 7.00 5.00 5.00 5.00 0.00 0.00 0.00 0.00 0.00
50.00 22.00 11.00 48.00 110.00 37.00 62.00 0.08 2.52 1.00 0.00 0.00 8.00 12.00 14.00 10.00 17.00 5.00 0.00 0.00 0.00 0.00 0.00
51.00 15.00 8.00 30.00 70.00 22.00 40.00 0.10 1.76 0.00 0.00 0.00 7.00 10.00 8.00 5.00 13.00 2.00 0.00 0.00 0.00 0.00 0.00
52.00 19.00 14.00 42.00 100.00 28.00 58.00 0.09 1.46 1.00 1.00 1.00 4.00 11.00 15.00 8.00 15.00 4.00 0.00 0.00 0.00 0.00 0.00
53.00 24.00 19.00 65.00 122.00 46.00 57.00 0.08 2.74 1.00 1.00 1.00 4.00 13.00 20.00 11.00 18.00 6.00 0.00 0.00 0.00 0.00 0.00
54.00 24.00 17.00 64.00 122.00 47.00 58.00 0.09 3.14 1.00 1.00 1.00 7.00 15.00 17.00 9.00 17.00 7.00 0.00 0.00 0.00 0.00 0.00
55.00 16.00 12.00 35.00 82.00 23.00 47.00 0.07 2.84 1.00 2.00 0.50 3.00 7.00 13.00 9.00 12.00 4.00 0.00 0.00 0.00 0.00 0.00
56.00 26.00 23.00 63.00 128.00 40.00 65.00 0.08 1.93 1.00 2.00 0.50 8.00 14.00 18.00 12.00 16.00 10.00 0.00 0.00 1.00 0.00 0.00
57.00 26.00 21.00 63.00 133.00 42.00 70.00 0.09 2.89 1.00 1.00 1.00 8.00 12.00 18.00 14.00 19.00 7.00 0.00 0.00 0.00 0.00 0.00
58.00 21.00 23.00 57.00 111.00 34.00 54.00 0.10 2.50 1.00 1.00 1.00 4.00 8.00 17.00 13.00 14.00 7.00 0.00 0.00 0.00 0.00 0.00
59.00 23.00 25.00 63.00 111.00 38.00 48.00 0.08 2.40 1.00 3.00 0.33 5.00 11.00 18.00 12.00 18.00 5.00 0.00 0.00 0.00 0.00 0.00
60.00 20.00 19.00 49.00 104.00 30.00 55.00 0.08 1.60 1.00 3.00 0.33 4.00 13.00 16.00 7.00 15.00 5.00 0.00 0.00 0.00 0.00 0.00
61.00 28.00 37.00 81.00 146.00 44.00 65.00 0.08 2.32 1.00 2.00 0.50 6.00 16.00 22.00 12.00 20.00 8.00 0.00 0.00 0.00 0.00 0.00
62.00 17.00 14.00 40.00 86.00 26.00 46.00 0.10 1.57 1.00 2.00 0.50 4.00 6.00 13.00 11.00 11.00 6.00 0.00 0.00 0.00 0.00 0.00
63.00 28.00 30.00 72.00 133.00 42.00 61.00 0.08 2.60 1.00 2.00 0.50 8.00 13.00 20.00 15.00 21.00 7.00 0.00 0.00 0.00 0.00 0.00
64.00 21.00 22.00 60.00 110.00 38.00 50.00 0.09 2.59 0.00 1.00 0.00 3.00 10.00 18.00 11.00 15.00 6.00 0.00 0.00 0.00 0.00 0.00
65.00 22.00 31.00 63.00 106.00 32.00 43.00 0.09 2.03 1.00 3.00 0.33 3.00 7.00 19.00 15.00 11.00 11.00 0.00 0.00 0.00 0.00 0.00
66.00 29.00 36.00 81.00 139.00 45.00 58.00 0.09 3.55 1.00 3.00 0.33 8.00 14.00 21.00 15.00 21.00 8.00 0.00 0.00 0.00 0.00 0.00
67.00 24.00 29.00 68.00 119.00 39.00 51.00 0.07 3.61 1.00 1.00 1.00 8.00 16.00 16.00 8.00 18.00 6.00 0.00 0.00 0.00 0.00 0.00
68.00 28.00 32.00 78.00 143.00 46.00 65.00 0.09 3.91 1.00 1.00 1.00 6.00 10.00 22.00 18.00 18.00 10.00 0.00 0.00 0.00 0.00 0.00
69.00 29.00 36.00 80.00 141.00 44.00 61.00 0.08 3.26 1.00 4.00 0.25 6.00 15.00 23.00 14.00 19.00 10.00 0.00 0.00 0.00 0.00 0.00
70.00 21.00 21.00 54.00 106.00 33.00 52.00 0.09 3.15 1.00 1.00 1.00 7.00 15.00 14.00 6.00 19.00 2.00 0.00 0.00 0.00 0.00 0.00
71.00 24.00 28.00 70.00 120.00 42.00 50.00 0.08 2.44 1.00 3.00 0.33 4.00 9.00 20.00 15.00 15.00 9.00 0.00 0.00 0.00 0.00 0.00
72.00 29.00 24.00 79.00 144.00 55.00 65.00 0.08 4.48 1.00 3.00 0.33 8.00 13.00 21.00 16.00 22.00 7.00 0.00 0.00 1.00 0.00 0.00
73.00 16.00 6.00 27.00 63.00 21.00 36.00 0.08 4.51 1.00 0.00 0.00 7.00 11.00 9.00 5.00 13.00 3.00 0.00 0.00 0.00 0.00 0.00
74.00 25.00 30.00 73.00 129.00 43.00 56.00 0.08 3.88 1.00 3.00 0.33 2.00 10.00 23.00 15.00 16.00 9.00 0.00 0.00 1.00 0.00 0.00
75.00 21.00 14.00 47.00 106.00 33.00 59.00 0.07 3.90 1.00 2.00 0.50 7.00 14.00 14.00 7.00 16.00 5.00 0.00 0.00 0.00 0.00 0.00
76.00 25.00 24.00 61.00 119.00 37.00 58.00 0.10 3.89 1.00 1.00 1.00 8.00 14.00 17.00 11.00 18.00 7.00 0.00 0.00 0.00 0.00 0.00
77.00 24.00 30.00 65.00 118.00 35.00 53.00 0.10 4.14 1.00 2.00 0.50 7.00 10.00 17.00 14.00 16.00 8.00 0.00 0.00 0.00 0.00 0.00
78.00 26.00 34.00 72.00 130.00 38.00 58.00 0.07 4.32 0.00 2.00 0.00 3.00 9.00 23.00 17.00 18.00 8.00 0.00 0.00 0.00 0.00 0.00
79.00 23.00 18.00 56.00 108.00 38.00 52.00 0.09 4.17 0.00 0.00 0.00 10.00 15.00 13.00 8.00 16.00 7.00 0.00 0.00 0.00 0.00 0.00
80.00 21.00 24.00 54.00 98.00 30.00 44.00 0.08 3.75 0.00 2.00 0.00 5.00 15.00 16.00 6.00 18.00 3.00 0.00 0.00 0.00 0.00 0.00
81.00 22.00 23.00 62.00 108.00 39.00 46.00 0.08 4.02 0.00 3.00 0.00 6.00 13.00 16.00 9.00 15.00 7.00 0.00 0.00 0.00 0.00 0.00
82.00 19.00 14.00 38.00 89.00 24.00 51.00 0.09 4.08 0.00 2.00 0.00 5.00 10.00 14.00 9.00 14.00 5.00 0.00 0.00 0.00 0.00 0.00
83.00 22.00 27.00 58.00 110.00 31.00 52.00 0.08 3.66 0.00 2.00 0.00 8.00 14.00 14.00 8.00 17.00 5.00 0.00 0.00 0.00 1.00 0.00
84.00 22.00 26.00 59.00 111.00 33.00 52.00 0.07 3.85 0.00 2.00 0.00 8.00 10.00 14.00 12.00 14.00 8.00 0.00 0.00 0.00 0.00 0.00
85.00 24.00 33.00 71.00 120.00 38.00 49.00 0.08 4.47 0.00 2.00 0.00 8.00 11.00 16.00 13.00 15.00 9.00 0.00 0.00 0.00 0.00 0.00
86.00 19.00 22.00 50.00 94.00 28.00 44.00 0.08 4.77 0.00 1.00 0.00 5.00 9.00 14.00 10.00 12.00 7.00 0.00 0.00 0.00 0.00 0.00
87.00 18.00 19.00 48.00 90.00 29.00 42.00 0.10 4.49 1.00 2.00 0.50 5.00 8.00 13.00 10.00 14.00 4.00 0.00 0.00 0.00 0.00 0.00
88.00 22.00 22.00 58.00 113.00 36.00 55.00 0.09 4.34 1.00 1.00 1.00 8.00 11.00 14.00 11.00 13.00 9.00 0.00 0.00 0.00 0.00 0.00
89.00 19.00 25.00 56.00 95.00 31.00 39.00 0.09 2.77 1.00 1.00 1.00 3.00 9.00 16.00 10.00 11.00 8.00 0.00 0.00 0.00 0.00 0.00
90.00 13.00 7.00 27.00 62.00 20.00 35.00 0.10 3.79 1.00 2.00 0.50 5.00 8.00 8.00 5.00 12.00 1.00 0.00 0.00 0.00 0.00 0.00
91.00 24.00 28.00 61.00 112.00 33.00 51.00 0.10 4.12 0.00 2.00 0.00 9.00 16.00 15.00 8.00 18.00 6.00 0.00 0.00 0.00 0.00 0.00
92.00 26.00 36.00 75.00 125.00 39.00 50.00 0.10 4.54 0.00 1.00 0.00 7.00 10.00 19.00 16.00 18.00 8.00 0.00 0.00 0.00 0.00 0.00
93.00 16.00 15.00 38.00 74.00 23.00 36.00 0.09 3.80 0.00 1.00 0.00 4.00 8.00 12.00 8.00 11.00 5.00 0.00 0.00 0.00 0.00 0.00
94.00 23.00 22.00 54.00 115.00 32.00 61.00 0.09 4.70 0.00 1.00 0.00 5.00 9.00 18.00 14.00 14.00 9.00 0.00 0.00 0.00 0.00 0.00
95.00 24.00 30.00 60.00 119.00 30.00 59.00 0.09 4.57 0.00 1.00 0.00 5.00 12.00 19.00 12.00 14.00 10.00 0.00 0.00 0.00 0.00 0.00
96.00 24.00 20.00 67.00 125.00 47.00 58.00 0.09 4.76 0.00 1.00 0.00 8.00 11.00 16.00 13.00 16.00 8.00 0.00 0.00 0.00 0.00 0.00
97.00 25.00 30.00 75.00 129.00 45.00 54.00 0.08 4.76 0.00 1.00 0.00 7.00 9.00 18.00 16.00 15.00 10.00 0.00 0.00 0.00 0.00 0.00
98.00 24.00 30.00 69.00 126.00 39.00 57.00 0.07 4.94 1.00 1.00 1.00 6.00 8.00 18.00 16.00 14.00 10.00 0.00 0.00 1.00 0.00 0.00
99.00 20.00 16.00 54.00 107.00 38.00 53.00 0.09 5.18 1.00 0.00 0.00 6.00 10.00 14.00 10.00 13.00 7.00 0.00 0.00 0.00 1.00 0.00
100.00 23.00 24.00 59.00 124.00 35.00 65.00 0.09 4.67 1.00 1.00 1.00 7.00 10.00 16.00 13.00 15.00 8.00 0.00 0.00 0.00 0.00 0.00
101.00 30.00 31.00 80.00 154.00 49.00 74.00 0.07 4.66 1.00 1.00 1.00 6.00 16.00 24.00 14.00 21.00 9.00 0.00 0.00 0.00 0.00 0.00
102.00 30.00 41.00 96.00 152.00 55.00 56.00 0.08 4.96 1.00 1.00 1.00 7.00 12.00 23.00 18.00 16.00 14.00 0.00 0.00 0.00 0.00 0.00
103.00 26.00 31.00 63.00 134.00 32.00 71.00 0.08 5.08 1.00 1.00 1.00 5.00 12.00 21.00 14.00 16.00 10.00 1.00 0.00 0.00 0.00 0.00
104.00 27.00 34.00 74.00 134.00 40.00 60.00 0.08 5.05 1.00 1.00 1.00 5.00 11.00 22.00 16.00 15.00 12.00 0.00 0.00 1.00 0.00 0.00
105.00 26.00 30.00 76.00 135.00 46.00 59.00 0.09 5.03 1.00 1.00 1.00 8.00 12.00 18.00 14.00 15.00 11.00 0.00 0.00 1.00 1.00 0.00
106.00 27.00 15.00 59.00 145.00 44.00 86.00 0.08 4.80 0.00 0.00 0.00 6.00 13.00 21.00 14.00 17.00 10.00 0.00 0.00 0.00 0.00 0.00
107.00 25.00 15.00 58.00 130.00 43.00 72.00 0.08 5.26 1.00 1.00 1.00 8.00 12.00 17.00 13.00 15.00 10.00 0.00 0.00 0.00 0.00 0.00
108.00 25.00 25.00 67.00 123.00 42.00 56.00 0.09 5.03 1.00 0.00 0.00 4.00 11.00 21.00 14.00 15.00 10.00 0.00 0.00 1.00 0.00 0.00
109.00 27.00 23.00 71.00 142.00 48.00 71.00 0.07 4.81 0.00 1.00 0.00 5.00 12.00 22.00 15.00 22.00 5.00 0.00 0.00 0.00 0.00 0.00
110.00 25.00 20.00 67.00 130.00 47.00 63.00 0.08 4.92 1.00 1.00 1.00 6.00 15.00 19.00 10.00 20.00 5.00 0.00 0.00 0.00 0.00 0.00
111.00 30.00 37.00 90.00 157.00 53.00 67.00 0.08 5.05 1.00 1.00 1.00 6.00 15.00 24.00 15.00 20.00 10.00 1.00 0.00 2.00 0.00 0.00
112.00 34.00 36.00 100.00 185.00 64.00 85.00 0.08 5.02 1.00 4.00 0.25 7.00 16.00 27.00 18.00 24.00 10.00 0.00 0.00 1.00 0.00 0.00
113.00 32.00 37.00 88.00 167.00 51.00 79.00 0.09 5.07 1.00 2.00 0.50 8.00 13.00 24.00 19.00 21.00 11.00 1.00 0.00 0.00 1.00 0.00
114.00 31.00 37.00 92.00 161.00 55.00 69.00 0.09 5.07 1.00 1.00 1.00 5.00 10.00 26.00 21.00 16.00 15.00 0.00 0.00 0.00 0.00 0.00
115.00 34.00 34.00 96.00 185.00 62.00 89.00 0.08 4.95 1.00 2.00 0.50 7.00 15.00 27.00 19.00 18.00 16.00 1.00 0.00 0.00 0.00 0.00
116.00 32.00 30.00 77.00 162.00 47.00 85.00 0.07 4.87 1.00 2.00 0.50 8.00 15.00 24.00 17.00 21.00 11.00 0.00 0.00 1.00 0.00 0.00
117.00 34.00 25.00 87.00 169.00 62.00 82.00 0.10 5.26 2.00 2.00 1.00 8.00 18.00 26.00 16.00 23.00 11.00 0.00 0.00 0.00 0.00 0.00
118.00 34.00 45.00 93.00 175.00 48.00 82.00 0.09 4.90 2.00 4.00 0.50 7.00 17.00 27.00 17.00 23.00 11.00 0.00 0.00 0.00 0.00 0.00
119.00 32.00 41.00 88.00 172.00 47.00 84.00 0.09 4.97 2.00 1.00 2.00 5.00 17.00 27.00 15.00 19.00 13.00 0.00 0.00 0.00 0.00 0.00
120.00 31.00 40.00 86.00 164.00 46.00 78.00 0.08 5.09 2.00 1.00 2.00 7.00 15.00 24.00 16.00 20.00 11.00 0.00 0.00 0.00 0.00 0.00
121.00 32.00 35.00 92.00 165.00 57.00 73.00 0.08 5.02 3.00 1.00 3.00 5.00 11.00 27.00 21.00 23.00 9.00 0.00 0.00 0.00 0.00 0.00
122.00 36.00 37.00 91.00 188.00 54.00 97.00 0.08 5.05 3.00 1.00 3.00 7.00 14.00 29.00 22.00 22.00 14.00 0.00 0.00 0.00 0.00 0.00
123.00 42.00 42.00 113.00 216.00 71.00 103.00 0.08 4.96 3.00 2.00 1.50 10.00 22.00 32.00 20.00 33.00 9.00 0.00 0.00 0.00 0.00 0.00
124.00 43.00 53.00 129.00 225.00 76.00 96.00 0.08 5.06 1.00 4.00 0.25 8.00 18.00 35.00 25.00 23.00 20.00 0.00 0.00 0.00 0.00 0.00
125.00 32.00 31.00 94.00 176.00 63.00 82.00 0.08 5.06 3.00 2.00 1.50 2.00 8.00 30.00 24.00 16.00 16.00 0.00 0.00 0.00 0.00 0.00
126.00 33.00 36.00 94.00 178.00 58.00 84.00 0.08 5.15 2.00 3.00 0.67 6.00 14.00 27.00 19.00 20.00 13.00 0.00 0.00 0.00 0.00 0.00
127.00 40.00 44.00 112.00 217.00 68.00 105.00 0.08 4.90 1.00 4.00 0.25 7.00 20.00 33.00 20.00 27.00 13.00 2.00 0.00 1.00 0.00 0.00
128.00 39.00 55.00 123.00 213.00 68.00 90.00 0.08 5.19 2.00 4.00 0.50 11.00 17.00 28.00 22.00 21.00 18.00 0.00 0.00 0.00 0.00 0.00
129.00 35.00 30.00 92.00 175.00 62.00 83.00 0.08 5.41 2.00 3.00 0.67 9.00 18.00 26.00 17.00 26.00 9.00 0.00 0.00 1.00 0.00 0.00
130.00 39.00 37.00 112.00 197.00 75.00 85.00 0.09 5.21 1.00 3.00 0.33 16.00 23.00 23.00 16.00 30.00 9.00 0.00 0.00 0.00 0.00 0.00
131.00 36.00 44.00 110.00 185.00 66.00 75.00 0.08 4.98 2.00 3.00 0.67 11.00 14.00 25.00 22.00 21.00 15.00 0.00 0.00 0.00 0.00 0.00
132.00 35.00 44.00 108.00 182.00 64.00 74.00 0.10 4.85 2.00 4.00 0.50 8.00 14.00 27.00 21.00 19.00 16.00 0.00 0.00 0.00 0.00 0.00
133.00 35.00 44.00 104.00 189.00 60.00 85.00 0.08 4.95 2.00 5.00 0.40 6.00 17.00 29.00 18.00 25.00 10.00 1.00 0.00 1.00 0.00 0.00
134.00 34.00 40.00 95.00 165.00 55.00 70.00 0.09 5.21 2.00 3.00 0.67 5.00 12.00 29.00 22.00 19.00 15.00 1.00 0.00 1.00 0.00 0.00
135.00 36.00 44.00 112.00 186.00 68.00 74.00 0.09 5.08 2.00 3.00 0.67 9.00 16.00 27.00 20.00 25.00 11.00 1.00 0.00 1.00 0.00 0.00
136.00 38.00 47.00 122.00 205.00 75.00 83.00 0.10 4.65 2.00 2.00 1.00 7.00 10.00 31.00 28.00 19.00 19.00 1.00 0.00 0.00 0.00 0.00
137.00 34.00 35.00 103.00 183.00 68.00 80.00 0.08 5.07 2.00 1.00 2.00 5.00 13.00 29.00 21.00 17.00 17.00 1.00 0.00 0.00 0.00 0.00
138.00 38.00 35.00 110.00 202.00 75.00 92.00 0.08 4.63 2.00 2.00 1.00 6.00 16.00 32.00 22.00 20.00 18.00 0.00 0.00 0.00 0.00 0.00
139.00 35.00 40.00 106.00 196.00 66.00 90.00 0.09 4.90 2.00 2.00 1.00 8.00 16.00 27.00 19.00 22.00 13.00 0.00 0.00 0.00 0.00 0.00
140.00 36.00 41.00 110.00 185.00 69.00 75.00 0.08 4.90 1.00 3.00 0.33 5.00 17.00 31.00 19.00 24.00 12.00 0.00 0.00 0.00 0.00 0.00
141.00 43.00 43.00 136.00 229.00 93.00 93.00 0.08 4.73 2.00 3.00 0.67 9.00 20.00 34.00 23.00 28.00 15.00 0.00 0.00 0.00 0.00 0.00
142.00 37.00 45.00 117.00 196.00 72.00 79.00 0.11 4.98 2.00 3.00 0.67 9.00 13.00 28.00 24.00 23.00 14.00 0.00 0.00 1.00 0.00 0.00
143.00 41.00 40.00 117.00 211.00 77.00 94.00 0.09 4.78 3.00 3.00 1.00 8.00 18.00 33.00 23.00 23.00 18.00 1.00 0.00 0.00 0.00 0.00
144.00 42.00 31.00 124.00 221.00 93.00 97.00 0.09 4.89 3.00 1.00 3.00 10.00 23.00 32.00 19.00 28.00 14.00 0.00 0.00 0.00 1.00 0.00
145.00 43.00 53.00 135.00 229.00 82.00 94.00 0.10 5.06 3.00 2.00 1.50 8.00 15.00 35.00 28.00 29.00 14.00 0.00 0.00 0.00 0.00 0.00
146.00 39.00 37.00 114.00 194.00 77.00 80.00 0.10 4.50 2.00 3.00 0.67 9.00 15.00 30.00 24.00 25.00 14.00 0.00 0.00 0.00 1.00 0.00
147.00 33.00 43.00 98.00 171.00 55.00 73.00 0.08 4.95 2.00 0.00 0.00 9.00 20.00 24.00 13.00 22.00 11.00 0.00 0.00 0.00 0.00 0.00
148.00 36.00 40.00 117.00 198.00 77.00 81.00 0.08 4.38 3.00 2.00 1.50 8.00 18.00 28.00 18.00 24.00 12.00 0.00 0.00 0.00 0.00 0.00
149.00 38.00 33.00 108.00 197.00 75.00 89.00 0.10 4.96 2.00 2.00 1.00 7.00 17.00 31.00 21.00 26.00 12.00 0.00 0.00 0.00 0.00 0.00
150.00 32.00 28.00 95.00 169.00 67.00 74.00 0.08 3.60 3.00 3.00 1.00 5.00 14.00 27.00 18.00 19.00 13.00 0.00 0.00 1.00 0.00 0.00
151.00 39.00 39.00 125.00 213.00 86.00 88.00 0.06 3.45 2.00 3.00 0.67 14.00 20.00 25.00 19.00 25.00 14.00 1.00 0.00 1.00 0.00 0.00
152.00 44.00 60.00 144.00 229.00 84.00 85.00 0.08 4.51 2.00 3.00 0.67 10.00 19.00 34.00 25.00 28.00 16.00 1.00 0.00 0.00 1.00 0.00
153.00 36.00 49.00 111.00 188.00 62.00 77.00 0.08 4.13 3.00 3.00 1.00 9.00 17.00 27.00 19.00 21.00 15.00 0.00 0.00 0.00 0.00 0.00
154.00 31.00 28.00 85.00 165.00 57.00 80.00 0.07 4.40 2.00 4.00 0.50 8.00 16.00 23.00 15.00 23.00 8.00 0.00 0.00 1.00 0.00 0.00
155.00 39.00 54.00 117.00 212.00 63.00 95.00 0.08 3.95 3.00 3.00 1.00 6.00 14.00 33.00 25.00 24.00 15.00 1.00 0.00 0.00 0.00 0.00
156.00 43.00 55.00 127.00 229.00 72.00 102.00 0.08 3.67 3.00 2.00 1.50 10.00 24.00 33.00 19.00 28.00 15.00 1.00 0.00 0.00 0.00 0.00
157.00 41.00 53.00 142.00 219.00 89.00 77.00 0.09 4.48 3.00 5.00 0.60 4.00 7.00 37.00 34.00 18.00 23.00 1.00 0.00 0.00 0.00 0.00
158.00 41.00 54.00 128.00 220.00 74.00 92.00 0.09 4.48 1.00 3.00 0.33 10.00 22.00 31.00 19.00 27.00 14.00 0.00 0.00 1.00 0.00 0.00
159.00 41.00 51.00 131.00 217.00 80.00 86.00 0.07 4.45 3.00 4.00 0.75 13.00 18.00 28.00 23.00 28.00 13.00 1.00 0.00 0.00 0.00 0.00
160.00 43.00 44.00 118.00 222.00 74.00 104.00 0.08 4.17 3.00 4.00 0.75 12.00 23.00 31.00 20.00 32.00 11.00 0.00 0.00 0.00 0.00 0.00
161.00 36.00 44.00 101.00 191.00 57.00 90.00 0.08 3.75 2.00 5.00 0.40 8.00 14.00 28.00 22.00 22.00 14.00 0.00 0.00 0.00 0.00 0.00
162.00 41.00 44.00 124.00 222.00 80.00 98.00 0.07 4.17 2.00 3.00 0.67 6.00 14.00 35.00 27.00 21.00 20.00 0.00 0.00 0.00 0.00 0.00
163.00 40.00 46.00 125.00 212.00 79.00 87.00 0.10 4.19 2.00 3.00 0.67 9.00 19.00 31.00 21.00 23.00 17.00 1.00 0.00 0.00 0.00 0.00
164.00 42.00 45.00 124.00 234.00 79.00 110.00 0.09 4.04 2.00 3.00 0.67 8.00 16.00 34.00 26.00 25.00 17.00 1.00 0.00 0.00 0.00 0.00
165.00 39.00 45.00 128.00 220.00 83.00 92.00 0.07 3.40 2.00 2.00 1.00 11.00 20.00 28.00 19.00 26.00 13.00 1.00 0.00 0.00 0.00 0.00
166.00 51.00 67.00 157.00 260.00 90.00 103.00 0.07 3.84 4.00 4.00 1.00 10.00 23.00 41.00 28.00 32.00 19.00 1.00 0.00 1.00 0.00 0.00
167.00 40.00 43.00 130.00 215.00 87.00 85.00 0.09 3.87 3.00 3.00 1.00 7.00 14.00 33.00 26.00 23.00 17.00 0.00 0.00 2.00 0.00 0.00
168.00 45.00 58.00 131.00 232.00 73.00 101.00 0.08 3.57 3.00 4.00 0.75 6.00 17.00 39.00 28.00 24.00 21.00 0.00 0.00 1.00 0.00 0.00
169.00 48.00 50.00 152.00 252.00 102.00 100.00 0.09 3.81 3.00 3.00 1.00 12.00 24.00 36.00 24.00 32.00 16.00 0.00 0.00 1.00 0.00 0.00
170.00 43.00 49.00 139.00 233.00 90.00 94.00 0.08 3.80 1.00 4.00 0.25 11.00 20.00 32.00 23.00 27.00 16.00 1.00 0.00 0.00 0.00 0.00
171.00 43.00 58.00 137.00 231.00 79.00 94.00 0.07 3.64 1.00 5.00 0.20 10.00 18.00 33.00 25.00 29.00 14.00 1.00 0.00 1.00 0.00 0.00
172.00 49.00 65.00 148.00 255.00 83.00 107.00 0.07 3.74 4.00 4.00 1.00 18.00 25.00 31.00 24.00 34.00 15.00 0.00 0.00 0.00 0.00 0.00
173.00 46.00 54.00 130.00 229.00 76.00 99.00 0.08 4.37 4.00 4.00 1.00 11.00 23.00 35.00 23.00 30.00 16.00 1.00 0.00 1.00 0.00 0.00
174.00 45.00 60.00 147.00 241.00 87.00 94.00 0.09 3.20 3.00 5.00 0.60 11.00 23.00 34.00 22.00 30.00 15.00 1.00 0.00 0.00 0.00 0.00
175.00 41.00 58.00 128.00 220.00 70.00 92.00 0.07 3.19 2.00 4.00 0.50 10.00 16.00 31.00 25.00 21.00 20.00 1.00 0.00 1.00 0.00 0.00
176.00 41.00 51.00 127.00 219.00 76.00 92.00 0.08 3.03 3.00 3.00 1.00 10.00 18.00 31.00 23.00 25.00 16.00 1.00 0.00 1.00 0.00 1.00
177.00 36.00 44.00 102.00 188.00 58.00 86.00 0.10 3.67 2.00 3.00 0.67 9.00 17.00 27.00 19.00 21.00 15.00 1.00 0.00 0.00 0.00 0.00
178.00 42.00 48.00 124.00 208.00 76.00 84.00 0.08 3.74 2.00 3.00 0.67 11.00 18.00 31.00 24.00 24.00 18.00 1.00 0.00 0.00 0.00 0.00
179.00 37.00 44.00 114.00 201.00 70.00 87.00 0.07 3.59 2.00 3.00 0.67 5.00 12.00 32.00 25.00 21.00 16.00 0.00 0.00 0.00 0.00 0.00
180.00 39.00 48.00 117.00 201.00 69.00 84.00 0.09 3.73 2.00 1.00 2.00 12.00 21.00 27.00 18.00 25.00 14.00 1.00 0.00 0.00 0.00 0.00
181.00 32.00 44.00 102.00 168.00 58.00 66.00 0.08 2.92 1.00 2.00 0.50 10.00 17.00 22.00 15.00 21.00 11.00 1.00 0.00 0.00 0.00 0.00
182.00 40.00 49.00 121.00 215.00 72.00 94.00 0.09 3.53 1.00 2.00 0.50 12.00 20.00 28.00 20.00 25.00 15.00 1.00 0.00 0.00 0.00 0.00
183.00 40.00 36.00 115.00 207.00 79.00 92.00 0.08 3.78 3.00 6.00 0.50 9.00 21.00 31.00 19.00 26.00 14.00 1.00 0.00 0.00 0.00 0.00
184.00 42.00 50.00 132.00 220.00 82.00 88.00 0.08 3.76 2.00 3.00 0.67 9.00 15.00 33.00 27.00 25.00 17.00 1.00 0.00 0.00 0.00 0.00
185.00 45.00 56.00 150.00 236.00 94.00 86.00 0.09 3.63 2.00 4.00 0.50 11.00 17.00 34.00 28.00 21.00 24.00 1.00 0.00 0.00 0.00 0.00
186.00 45.00 62.00 131.00 239.00 69.00 108.00 0.09 4.13 2.00 1.00 2.00 12.00 24.00 33.00 21.00 26.00 19.00 1.00 0.00 0.00 0.00 0.00
187.00 38.00 49.00 114.00 203.00 65.00 89.00 0.09 3.25 1.00 3.00 0.33 11.00 17.00 27.00 21.00 23.00 15.00 1.00 0.00 0.00 0.00 0.00
188.00 42.00 56.00 134.00 225.00 78.00 91.00 0.08 3.40 2.00 3.00 0.67 7.00 13.00 35.00 29.00 19.00 23.00 0.00 0.00 0.00 0.00 0.00
189.00 38.00 47.00 119.00 202.00 72.00 83.00 0.07 2.91 2.00 3.00 0.67 3.00 12.00 35.00 26.00 19.00 19.00 1.00 0.00 1.00 0.00 0.00
190.00 40.00 53.00 120.00 213.00 67.00 93.00 0.09 2.88 2.00 3.00 0.67 9.00 13.00 31.00 27.00 21.00 19.00 1.00 0.00 0.00 0.00 0.00
191.00 43.00 64.00 138.00 229.00 74.00 91.00 0.09 3.33 3.00 3.00 1.00 6.00 13.00 37.00 30.00 23.00 20.00 1.00 0.00 0.00 0.00 0.00
192.00 40.00 57.00 125.00 214.00 68.00 89.00 0.08 3.51 2.00 4.00 0.50 5.00 14.00 35.00 26.00 19.00 21.00 0.00 0.00 0.00 0.00 0.00
193.00 37.00 54.00 117.00 195.00 63.00 78.00 0.10 3.60 3.00 4.00 0.75 7.00 13.00 30.00 24.00 25.00 12.00 0.00 0.00 0.00 0.00 0.00
194.00 41.00 55.00 134.00 215.00 79.00 81.00 0.07 3.33 2.00 3.00 0.67 11.00 20.00 30.00 21.00 28.00 13.00 0.00 0.00 0.00 1.00 0.00
195.00 34.00 35.00 97.00 180.00 62.00 83.00 0.09 3.96 3.00 2.00 1.50 6.00 11.00 28.00 23.00 22.00 12.00 0.00 0.00 1.00 0.00 0.00
196.00 42.00 56.00 132.00 222.00 76.00 90.00 0.08 3.97 3.00 2.00 1.50 11.00 16.00 31.00 26.00 27.00 15.00 0.00 0.00 2.00 0.00 0.00
197.00 43.00 55.00 128.00 225.00 73.00 97.00 0.08 3.28 3.00 2.00 1.50 7.00 20.00 36.00 23.00 24.00 19.00 0.00 0.00 1.00 0.00 0.00
198.00 43.00 60.00 127.00 218.00 67.00 91.00 0.08 3.29 3.00 2.00 1.50 7.00 15.00 36.00 28.00 24.00 19.00 0.00 0.00 0.00 0.00 0.00
199.00 39.00 40.00 124.00 212.00 84.00 88.00 0.08 2.50 3.00 2.00 1.50 11.00 14.00 28.00 25.00 24.00 15.00 0.00 0.00 0.00 1.00 0.00
200.00 42.00 66.00 137.00 219.00 71.00 82.00 0.09 3.38 4.00 3.00 1.33 4.00 12.00 38.00 30.00 21.00 21.00 0.00 0.00 1.00 0.00 0.00
201.00 37.00 53.00 118.00 189.00 65.00 71.00 0.07 4.01 2.00 2.00 1.00 7.00 18.00 30.00 19.00 25.00 12.00 0.00 0.00 0.00 0.00 0.00
202.00 39.00 59.00 121.00 202.00 62.00 81.00 0.07 3.64 3.00 3.00 1.00 9.00 14.00 30.00 25.00 21.00 18.00 0.00 0.00 0.00 1.00 0.00
203.00 42.00 64.00 137.00 219.00 73.00 82.00 0.08 3.36 2.00 3.00 0.67 5.00 16.00 37.00 26.00 23.00 19.00 0.00 0.00 0.00 0.00 0.00
204.00 37.00 43.00 108.00 191.00 65.00 83.00 0.09 3.82 3.00 3.00 1.00 7.00 15.00 30.00 22.00 22.00 15.00 0.00 0.00 0.00 0.00 0.00
205.00 39.00 53.00 123.00 208.00 70.00 85.00 0.09 3.70 4.00 2.00 2.00 6.00 15.00 33.00 24.00 23.00 16.00 0.00 0.00 0.00 0.00 0.00
206.00 31.00 31.00 85.00 164.00 54.00 79.00 0.09 4.59 3.00 1.00 3.00 8.00 16.00 23.00 15.00 21.00 10.00 0.00 0.00 0.00 0.00 0.00
207.00 38.00 54.00 115.00 187.00 61.00 72.00 0.08 3.87 3.00 2.00 1.50 8.00 19.00 30.00 19.00 25.00 13.00 0.00 0.00 0.00 0.00 0.00
208.00 33.00 51.00 102.00 166.00 51.00 64.00 0.08 3.78 1.00 1.00 1.00 7.00 15.00 26.00 18.00 20.00 13.00 0.00 0.00 0.00 0.00 0.00
209.00 34.00 39.00 101.00 172.00 62.00 71.00 0.08 3.68 3.00 2.00 1.50 7.00 15.00 27.00 19.00 24.00 10.00 0.00 0.00 0.00 0.00 0.00
210.00 36.00 50.00 115.00 191.00 65.00 76.00 0.09 3.83 3.00 2.00 1.50 5.00 14.00 31.00 22.00 22.00 14.00 0.00 0.00 0.00 0.00 0.00
211.00 37.00 50.00 113.00 201.00 63.00 88.00 0.08 4.17 3.00 3.00 1.00 11.00 16.00 26.00 21.00 21.00 16.00 1.00 0.00 0.00 0.00 0.00
212.00 36.00 44.00 106.00 191.00 62.00 85.00 0.07 4.31 3.00 3.00 1.00 7.00 13.00 29.00 23.00 18.00 18.00 1.00 0.00 0.00 0.00 0.00
213.00 37.00 51.00 113.00 194.00 62.00 81.00 0.08 4.57 3.00 5.00 0.60 8.00 17.00 29.00 20.00 23.00 14.00 0.00 0.00 0.00 0.00 0.00
214.00 36.00 51.00 114.00 186.00 63.00 72.00 0.09 4.06 2.00 5.00 0.40 14.00 19.00 22.00 17.00 23.00 13.00 0.00 0.00 0.00 0.00 0.00
215.00 33.00 40.00 107.00 177.00 67.00 70.00 0.08 4.03 3.00 3.00 1.00 6.00 11.00 27.00 22.00 21.00 12.00 0.00 0.00 0.00 0.00 0.00
216.00 30.00 38.00 88.00 158.00 50.00 70.00 0.08 4.40 2.00 3.00 0.67 4.00 14.00 26.00 16.00 16.00 14.00 0.00 0.00 1.00 0.00 0.00
217.00 30.00 37.00 85.00 154.00 48.00 69.00 0.08 4.27 2.00 3.00 0.67 7.00 12.00 23.00 18.00 18.00 12.00 0.00 0.00 0.00 0.00 0.00
218.00 29.00 36.00 98.00 158.00 62.00 60.00 0.07 3.92 3.00 3.00 1.00 5.00 9.00 24.00 20.00 15.00 14.00 0.00 0.00 0.00 0.00 0.00
219.00 29.00 31.00 81.00 153.00 50.00 72.00 0.07 3.77 3.00 1.00 3.00 8.00 16.00 21.00 13.00 20.00 9.00 0.00 0.00 0.00 1.00 0.00
220.00 31.00 34.00 94.00 159.00 60.00 65.00 0.08 2.93 2.00 2.00 1.00 10.00 18.00 21.00 13.00 22.00 9.00 0.00 0.00 0.00 0.00 0.00
221.00 33.00 51.00 101.00 176.00 50.00 75.00 0.10 4.28 2.00 3.00 0.67 8.00 14.00 25.00 19.00 17.00 16.00 0.00 0.00 0.00 0.00 0.00
222.00 32.00 44.00 99.00 168.00 55.00 69.00 0.09 3.84 2.00 1.00 2.00 6.00 11.00 26.00 21.00 21.00 11.00 1.00 0.00 0.00 0.00 0.00
223.00 39.00 60.00 124.00 196.00 64.00 72.00 0.08 4.11 3.00 1.00 3.00 9.00 21.00 30.00 18.00 29.00 10.00 1.00 0.00 0.00 0.00 0.00
224.00 27.00 27.00 74.00 135.00 47.00 61.00 0.08 3.48 2.00 2.00 1.00 7.00 14.00 20.00 13.00 21.00 6.00 1.00 0.00 0.00 0.00 0.00
225.00 33.00 42.00 108.00 174.00 66.00 66.00 0.08 3.92 4.00 2.00 2.00 3.00 13.00 30.00 20.00 19.00 14.00 1.00 0.00 0.00 0.00 0.00
226.00 23.00 21.00 65.00 121.00 44.00 56.00 0.09 1.86 3.00 0.00 0.00 5.00 11.00 18.00 12.00 17.00 6.00 0.00 0.00 0.00 0.00 0.00
227.00 34.00 40.00 103.00 177.00 63.00 74.00 0.09 3.24 3.00 3.00 1.00 10.00 16.00 24.00 18.00 22.00 12.00 1.00 0.00 0.00 1.00 0.00
228.00 27.00 32.00 74.00 142.00 42.00 68.00 0.09 2.77 2.00 2.00 1.00 7.00 11.00 20.00 16.00 15.00 12.00 0.00 0.00 0.00 0.00 0.00
229.00 30.00 46.00 95.00 163.00 49.00 68.00 0.09 3.96 3.00 2.00 1.50 5.00 10.00 25.00 20.00 14.00 16.00 1.00 0.00 0.00 0.00 0.00
230.00 25.00 24.00 73.00 130.00 49.00 57.00 0.09 2.45 2.00 0.00 0.00 5.00 11.00 20.00 14.00 15.00 10.00 0.00 0.00 0.00 0.00 0.00
231.00 32.00 49.00 104.00 163.00 55.00 59.00 0.09 4.38 2.00 2.00 1.00 1.00 10.00 31.00 22.00 19.00 13.00 0.00 0.00 0.00 0.00 0.00
232.00 31.00 38.00 91.00 161.00 53.00 70.00 0.09 4.21 1.00 3.00 0.33 5.00 12.00 26.00 19.00 16.00 15.00 0.00 0.00 0.00 0.00 0.00
233.00 26.00 33.00 77.00 140.00 44.00 63.00 0.08 4.64 1.00 2.00 0.50 3.00 7.00 23.00 19.00 12.00 14.00 0.00 0.00 0.00 0.00 0.00
234.00 21.00 17.00 51.00 108.00 34.00 57.00 0.09 4.53 1.00 0.00 0.00 5.00 9.00 16.00 12.00 15.00 6.00 0.00 0.00 1.00 0.00 0.00
235.00 25.00 22.00 67.00 129.00 45.00 62.00 0.07 4.45 1.00 0.00 0.00 11.00 16.00 14.00 9.00 19.00 6.00 0.00 0.00 0.00 0.00 0.00
236.00 19.00 16.00 48.00 93.00 32.00 45.00 0.08 3.83 0.00 1.00 0.00 8.00 11.00 11.00 8.00 13.00 6.00 0.00 0.00 0.00 0.00 0.00
237.00 26.00 32.00 74.00 127.00 42.00 53.00 0.09 4.45 1.00 1.00 1.00 8.00 13.00 18.00 13.00 16.00 10.00 0.00 0.00 0.00 0.00 0.00
238.00 25.00 27.00 66.00 119.00 39.00 53.00 0.08 4.27 1.00 1.00 1.00 7.00 17.00 18.00 8.00 20.00 5.00 0.00 0.00 0.00 0.00 0.00
239.00 22.00 30.00 61.00 108.00 31.00 47.00 0.08 4.32 1.00 2.00 0.50 7.00 11.00 15.00 11.00 13.00 9.00 0.00 0.00 0.00 0.00 0.00
240.00 25.00 36.00 73.00 127.00 37.00 54.00 0.09 3.73 1.00 1.00 1.00 3.00 11.00 22.00 14.00 21.00 4.00 0.00 0.00 0.00 0.00 0.00
241.00 27.00 32.00 73.00 131.00 41.00 58.00 0.08 4.17 1.00 2.00 0.50 7.00 11.00 20.00 16.00 19.00 8.00 0.00 0.00 0.00 0.00 0.00
242.00 28.00 28.00 76.00 142.00 48.00 66.00 0.09 3.71 1.00 0.00 0.00 6.00 12.00 22.00 16.00 16.00 12.00 0.00 0.00 0.00 1.00 0.00
243.00 24.00 34.00 75.00 127.00 41.00 52.00 0.09 4.13 1.00 0.00 0.00 3.00 8.00 21.00 16.00 14.00 10.00 0.00 0.00 1.00 0.00 0.00
244.00 26.00 24.00 69.00 133.00 45.00 64.00 0.08 3.65 1.00 2.00 0.50 8.00 12.00 18.00 14.00 20.00 6.00 0.00 0.00 0.00 0.00 0.00
245.00 24.00 14.00 55.00 120.00 41.00 65.00 0.09 1.42 1.00 2.00 0.50 8.00 14.00 16.00 10.00 19.00 5.00 0.00 0.00 1.00 0.00 0.00
246.00 26.00 30.00 77.00 140.00 47.00 63.00 0.09 3.61 1.00 1.00 1.00 10.00 13.00 16.00 13.00 18.00 8.00 0.00 0.00 1.00 0.00 0.00
247.00 22.00 32.00 65.00 116.00 33.00 51.00 0.08 3.47 1.00 1.00 1.00 5.00 10.00 17.00 12.00 16.00 6.00 0.00 0.00 0.00 0.00 0.00
248.00 25.00 30.00 76.00 128.00 46.00 52.00 0.09 2.80 2.00 1.00 2.00 4.00 8.00 21.00 17.00 14.00 11.00 0.00 0.00 0.00 0.00 0.00
249.00 22.00 19.00 61.00 112.00 42.00 51.00 0.07 2.49 2.00 1.00 2.00 4.00 9.00 18.00 13.00 14.00 8.00 0.00 0.00 0.00 0.00 0.00
250.00 26.00 32.00 80.00 133.00 48.00 53.00 0.09 3.21 2.00 1.00 2.00 6.00 13.00 20.00 13.00 17.00 9.00 0.00 0.00 0.00 0.00 0.00
251.00 26.00 22.00 74.00 134.00 52.00 60.00 0.08 3.68 2.00 1.00 2.00 6.00 11.00 20.00 15.00 18.00 8.00 1.00 0.00 0.00 0.00 0.00
252.00 25.00 30.00 70.00 122.00 40.00 52.00 0.08 1.93 2.00 1.00 2.00 6.00 10.00 19.00 15.00 18.00 7.00 0.00 0.00 1.00 0.00 0.00
253.00 23.00 32.00 67.00 119.00 35.00 52.00 0.09 1.85 1.00 0.00 0.00 11.00 13.00 12.00 10.00 16.00 7.00 0.00 0.00 0.00 0.00 0.00
254.00 18.00 15.00 40.00 90.00 25.00 50.00 0.10 2.53 1.00 1.00 1.00 6.00 10.00 12.00 8.00 14.00 4.00 0.00 0.00 0.00 0.00 0.00
255.00 24.00 35.00 65.00 111.00 30.00 46.00 0.09 3.57 1.00 0.00 0.00 7.00 15.00 17.00 9.00 19.00 5.00 0.00 0.00 0.00 0.00 0.00
256.00 22.00 21.00 62.00 116.00 41.00 54.00 0.07 2.53 1.00 1.00 1.00 6.00 11.00 16.00 11.00 14.00 8.00 0.00 0.00 0.00 0.00 0.00
257.00 21.00 18.00 49.00 99.00 31.00 50.00 0.09 3.16 1.00 1.00 1.00 6.00 12.00 15.00 9.00 17.00 4.00 0.00 0.00 0.00 0.00 0.00
258.00 23.00 24.00 57.00 113.00 33.00 56.00 0.09 3.32 1.00 1.00 1.00 10.00 12.00 13.00 11.00 15.00 8.00 0.00 0.00 0.00 0.00 0.00
259.00 24.00 24.00 66.00 121.00 42.00 55.00 0.08 3.55 0.00 0.00 0.00 4.00 11.00 20.00 13.00 15.00 9.00 0.00 0.00 0.00 1.00 0.00
260.00 20.00 16.00 50.00 101.00 34.00 51.00 0.08 4.12 1.00 0.00 0.00 5.00 13.00 15.00 7.00 16.00 4.00 0.00 0.00 0.00 0.00 0.00
261.00 26.00 28.00 68.00 122.00 40.00 54.00 0.07 4.53 1.00 1.00 1.00 9.00 14.00 17.00 12.00 20.00 6.00 0.00 0.00 0.00 0.00 0.00
262.00 18.00 21.00 48.00 93.00 27.00 45.00 0.07 4.38 2.00 0.00 0.00 4.00 7.00 14.00 11.00 10.00 8.00 0.00 0.00 0.00 0.00 0.00
263.00 24.00 22.00 61.00 112.00 39.00 51.00 0.09 3.85 2.00 1.00 2.00 7.00 11.00 17.00 13.00 12.00 12.00 0.00 0.00 0.00 0.00 0.00
264.00 19.00 22.00 46.00 94.00 24.00 48.00 0.08 3.16 2.00 0.00 0.00 2.00 9.00 17.00 10.00 12.00 7.00 0.00 0.00 0.00 0.00 0.00
265.00 26.00 37.00 70.00 140.00 33.00 70.00 0.10 4.54 2.00 0.00 0.00 4.00 11.00 22.00 15.00 17.00 9.00 0.00 0.00 0.00 0.00 0.00
266.00 26.00 35.00 74.00 125.00 39.00 51.00 0.09 4.75 1.00 0.00 0.00 9.00 13.00 17.00 13.00 19.00 7.00 0.00 0.00 0.00 0.00 0.00
267.00 28.00 33.00 76.00 144.00 43.00 68.00 0.07 4.24 0.00 0.00 0.00 6.00 13.00 22.00 15.00 21.00 7.00 0.00 0.00 0.00 0.00 0.00
268.00 21.00 28.00 60.00 107.00 32.00 47.00 0.09 3.93 1.00 0.00 0.00 7.00 11.00 14.00 10.00 15.00 6.00 0.00 0.00 0.00 0.00 0.00
269.00 21.00 24.00 61.00 108.00 37.00 47.00 0.09 4.40 1.00 0.00 0.00 3.00 5.00 18.00 16.00 12.00 9.00 0.00 0.00 0.00 0.00 0.00
270.00 27.00 28.00 66.00 132.00 38.00 66.00 0.09 4.42 0.00 0.00 0.00 9.00 12.00 18.00 15.00 16.00 11.00 0.00 0.00 2.00 0.00 0.00
271.00 20.00 18.00 56.00 100.00 38.00 44.00 0.08 3.76 1.00 1.00 1.00 4.00 7.00 16.00 13.00 13.00 7.00 0.00 0.00 1.00 0.00 0.00
272.00 22.00 25.00 62.00 115.00 37.00 53.00 0.10 3.97 1.00 1.00 1.00 5.00 11.00 17.00 11.00 13.00 9.00 0.00 0.00 0.00 0.00 0.00
273.00 27.00 26.00 65.00 135.00 39.00 70.00 0.08 4.12 1.00 0.00 0.00 6.00 11.00 21.00 16.00 16.00 11.00 0.00 0.00 0.00 0.00 0.00
274.00 21.00 19.00 52.00 109.00 33.00 57.00 0.09 3.88 0.00 1.00 0.00 10.00 15.00 11.00 6.00 16.00 5.00 0.00 0.00 0.00 0.00 0.00
275.00 19.00 15.00 47.00 103.00 32.00 56.00 0.07 3.97 0.00 2.00 0.00 5.00 9.00 14.00 10.00 12.00 7.00 0.00 0.00 0.00 0.00 0.00
276.00 16.00 13.00 36.00 79.00 23.00 43.00 0.09 3.32 0.00 2.00 0.00 4.00 8.00 12.00 8.00 10.00 6.00 0.00 0.00 1.00 0.00 0.00
277.00 17.00 13.00 42.00 84.00 29.00 42.00 0.09 3.91 0.00 2.00 0.00 3.00 8.00 14.00 9.00 12.00 5.00 0.00 0.00 1.00 0.00 0.00
278.00 20.00 23.00 53.00 100.00 30.00 47.00 0.10 3.15 0.00 0.00 0.00 5.00 11.00 15.00 9.00 14.00 6.00 0.00 0.00 1.00 0.00 0.00
279.00 22.00 30.00 63.00 108.00 33.00 45.00 0.09 3.89 0.00 0.00 0.00 5.00 13.00 17.00 9.00 15.00 7.00 0.00 0.00 0.00 0.00 0.00
280.00 19.00 20.00 46.00 96.00 26.00 50.00 0.09 4.20 0.00 1.00 0.00 6.00 7.00 13.00 12.00 13.00 6.00 0.00 0.00 1.00 0.00 0.00
281.00 17.00 18.00 43.00 91.00 25.00 48.00 0.09 4.04 0.00 0.00 0.00 4.00 10.00 13.00 7.00 13.00 4.00 0.00 0.00 1.00 0.00 0.00
282.00 11.00 5.00 22.00 54.00 17.00 32.00 0.09 4.79 0.00 0.00 0.00 3.00 4.00 8.00 7.00 7.00 4.00 0.00 0.00 0.00 0.00 0.00
283.00 20.00 20.00 53.00 98.00 33.00 45.00 0.08 3.63 0.00 0.00 0.00 9.00 14.00 11.00 6.00 16.00 4.00 0.00 0.00 1.00 0.00 0.00
284.00 14.00 13.00 34.00 67.00 21.00 33.00 0.11 2.39 0.00 1.00 0.00 4.00 6.00 10.00 8.00 8.00 6.00 0.00 0.00 0.00 0.00 0.00
285.00 10.00 5.00 17.00 43.00 12.00 26.00 0.10 4.13 0.00 1.00 0.00 3.00 7.00 7.00 3.00 10.00 0.00 0.00 0.00 0.00 0.00 0.00
286.00 16.00 16.00 39.00 79.00 23.00 40.00 0.09 2.97 0.00 3.00 0.00 6.00 8.00 10.00 8.00 9.00 7.00 0.00 0.00 0.00 0.00 0.00
287.00 18.00 18.00 47.00 89.00 29.00 42.00 0.07 2.86 0.00 2.00 0.00 4.00 8.00 14.00 10.00 13.00 5.00 0.00 0.00 0.00 0.00 0.00
288.00 18.00 19.00 44.00 83.00 25.00 39.00 0.09 3.30 0.00 1.00 0.00 4.00 9.00 14.00 9.00 12.00 6.00 0.00 0.00 0.00 0.00 0.00
289.00 17.00 21.00 40.00 81.00 19.00 41.00 0.09 3.02 0.00 1.00 0.00 6.00 10.00 11.00 7.00 12.00 5.00 0.00 0.00 0.00 0.00 0.00
290.00 18.00 21.00 45.00 85.00 24.00 40.00 0.08 2.20 0.00 2.00 0.00 6.00 14.00 12.00 4.00 14.00 4.00 0.00 0.00 0.00 0.00 0.00
291.00 14.00 15.00 33.00 63.00 18.00 30.00 0.06 4.23 0.00 2.00 0.00 5.00 7.00 9.00 7.00 8.00 6.00 0.00 0.00 0.00 0.00 0.00
292.00 18.00 22.00 49.00 84.00 27.00 35.00 0.10 2.12 0.00 2.00 0.00 3.00 7.00 15.00 11.00 14.00 4.00 0.00 0.00 0.00 0.00 0.00
293.00 16.00 18.00 45.00 77.00 27.00 32.00 0.10 2.33 0.00 2.00 0.00 5.00 9.00 11.00 7.00 12.00 4.00 0.00 0.00 0.00 0.00 0.00
294.00 16.00 19.00 43.00 79.00 24.00 36.00 0.07 3.21 0.00 2.00 0.00 3.00 9.00 13.00 7.00 11.00 5.00 0.00 0.00 0.00 0.00 0.00
295.00 17.00 25.00 48.00 87.00 23.00 39.00 0.09 3.62 0.00 2.00 0.00 5.00 8.00 12.00 9.00 10.00 7.00 0.00 0.00 0.00 0.00 0.00
296.00 12.00 15.00 31.00 60.00 16.00 29.00 0.09 3.80 0.00 1.00 0.00 3.00 7.00 9.00 5.00 8.00 4.00 1.00 0.00 0.00 0.00 0.00
297.00 13.00 9.00 30.00 67.00 21.00 37.00 0.08 4.26 0.00 1.00 0.00 2.00 5.00 11.00 8.00 8.00 5.00 0.00 0.00 0.00 0.00 0.00
298.00 14.00 15.00 34.00 68.00 19.00 34.00 0.08 4.85 0.00 1.00 0.00 3.00 4.00 11.00 10.00 10.00 4.00 0.00 0.00 0.00 0.00 0.00
299.00 13.00 13.00 31.00 62.00 18.00 31.00 0.08 3.77 0.00 2.00 0.00 7.00 9.00 6.00 4.00 11.00 2.00 0.00 0.00 0.00 0.00 0.00
300.00 14.00 15.00 35.00 67.00 20.00 32.00 0.09 4.89 0.00 2.00 0.00 6.00 10.00 8.00 4.00 12.00 2.00 0.00 0.00 0.00 0.00 0.00
301.00 15.00 10.00 37.00 71.00 27.00 34.00 0.08 4.72 0.00 1.00 0.00 2.00 6.00 13.00 9.00 10.00 5.00 0.00 0.00 0.00 0.00 0.00
302.00 5.00 0.00 4.00 22.00 4.00 18.00 0.10 4.52 0.00 0.00 0.00 2.00 3.00 3.00 2.00 5.00 0.00 0.00 0.00 0.00 0.00 0.00
303.00 10.00 5.00 18.00 45.00 13.00 27.00 0.08 5.36 0.00 0.00 0.00 4.00 5.00 6.00 5.00 8.00 2.00 0.00 0.00 0.00 0.00 0.00
304.00 11.00 5.00 21.00 46.00 16.00 25.00 0.09 4.14 0.00 0.00 0.00 6.00 7.00 5.00 4.00 10.00 1.00 0.00 0.00 2.00 0.00 0.00
305.00 11.00 7.00 18.00 50.00 11.00 32.00 0.07 5.10 0.00 0.00 0.00 5.00 9.00 6.00 2.00 9.00 2.00 0.00 0.00 0.00 0.00 0.00
306.00 9.00 6.00 16.00 39.00 10.00 23.00 0.09 4.64 0.00 0.00 0.00 4.00 5.00 5.00 4.00 9.00 0.00 0.00 0.00 1.00 0.00 0.00
307.00 10.00 7.00 19.00 43.00 12.00 24.00 0.09 4.17 0.00 1.00 0.00 5.00 9.00 5.00 1.00 9.00 1.00 0.00 0.00 0.00 0.00 0.00
308.00 9.00 6.00 19.00 41.00 13.00 22.00 0.08 4.75 0.00 1.00 0.00 4.00 5.00 5.00 4.00 6.00 3.00 0.00 0.00 0.00 0.00 0.00
309.00 9.00 4.00 15.00 46.00 11.00 31.00 0.09 4.46 0.00 0.00 0.00 3.00 8.00 6.00 1.00 9.00 0.00 0.00 0.00 0.00 0.00 0.00
310.00 9.00 6.00 19.00 45.00 13.00 26.00 0.10 5.13 0.00 0.00 0.00 3.00 5.00 6.00 4.00 7.00 2.00 0.00 0.00 0.00 0.00 0.00
311.00 11.00 5.00 21.00 50.00 16.00 29.00 0.10 5.04 0.00 0.00 0.00 5.00 7.00 6.00 4.00 10.00 1.00 0.00 0.00 0.00 0.00 0.00
312.00 10.00 6.00 20.00 46.00 14.00 26.00 0.09 4.01 0.00 0.00 0.00 3.00 6.00 7.00 4.00 8.00 2.00 0.00 0.00 0.00 0.00 0.00
313.00 7.00 2.00 12.00 30.00 10.00 18.00 0.09 4.09 0.00 0.00 0.00 3.00 6.00 4.00 1.00 7.00 0.00 0.00 0.00 0.00 0.00 0.00
314.00 3.00 0.00 0.00 3.00 0.00 3.00 0.09 0.23 0.00 0.00 0.00 2.00 3.00 1.00 0.00 3.00 0.00 0.00 0.00 0.00 0.00 0.00
315.00 3.00 0.00 2.00 7.00 2.00 5.00 0.08 0.17 0.00 0.00 0.00 2.00 3.00 1.00 0.00 3.00 0.00 0.00 0.00 0.00 0.00 0.00
316.00 8.00 4.00 15.00 39.00 11.00 24.00 0.08 3.62 0.00 1.00 0.00 4.00 6.00 4.00 2.00 7.00 1.00 0.00 0.00 0.00 0.00 0.00
317.00 5.00 2.00 7.00 18.00 5.00 11.00 0.08 4.80 0.00 0.00 0.00 3.00 4.00 2.00 1.00 5.00 0.00 0.00 0.00 0.00 0.00 0.00
318.00 11.00 5.00 21.00 49.00 16.00 28.00 0.08 1.78 0.00 0.00 0.00 4.00 7.00 7.00 4.00 8.00 3.00 0.00 0.00 0.00 0.00 0.00
319.00 7.00 4.00 14.00 32.00 10.00 18.00 0.08 0.38 0.00 0.00 0.00 2.00 4.00 5.00 3.00 6.00 1.00 0.00 0.00 0.00 0.00 0.00
320.00 3.00 0.00 2.00 12.00 2.00 10.00 0.09 0.13 0.00 0.00 0.00 2.00 3.00 1.00 0.00 3.00 0.00 0.00 0.00 0.00 0.00 0.00
321.00 2.00 0.00 0.00 1.00 0.00 1.00 0.10 5.57 0.00 0.00 0.00 2.00 2.00 0.00 0.00 2.00 0.00 0.00 0.00 0.00 0.00 0.00
