0.00 2.00 0.00 0.00 3.00 0.00 3.00 0.10 0.01 0.00 0.00 0.00 2.00 2.00 0.00 0.00 2.00 0.00 0.00 0.00 0.00 0.00 0.00
1.00 8.00 2.00 11.00 32.00 9.00 21.00 0.10 0.39 0.00 0.00 0.00 5.00 7.00 3.00 1.00 7.00 1.00 0.00 0.00 0.00 0.00 0.00
2.00 8.00 4.00 16.00 39.00 12.00 23.00 0.07 0.33 0.00 0.00 0.00 4.00 5.00 4.00 3.00 6.00 2.00 0.00 0.00 0.00 0.00 0.00
3.00 5.00 2.00 8.00 20.00 6.00 12.00 0.10 0.22 0.00 0.00 0.00 1.00 3.00 4.00 2.00 4.00 1.00 0.00 0.00 0.00 0.00 0.00
4.00 12.00 1.00 25.00 57.00 24.00 32.00 0.08 0.48 0.00 0.00 0.00 6.00 9.00 6.00 3.00 9.00 3.00 0.00 0.00 0.00 0.00 0.00
5.00 10.00 4.00 13.00 43.00 9.00 30.00 0.09 0.47 0.00 0.00 0.00 3.00 5.00 7.00 5.00 10.00 0.00 0.00 0.00 0.00 0.00 0.00
6.00 13.00 10.00 28.00 55.00 18.00 27.00 0.10 0.56 0.00 0.00 0.00 4.00 7.00 9.00 6.00 10.00 3.00 0.00 0.00 0.00 0.00 0.00
7.00 7.00 3.00 13.00 34.00 10.00 21.00 0.08 0.21 0.00 0.00 0.00 2.00 4.00 5.00 3.00 5.00 2.00 0.00 0.00 0.00 0.00 0.00
8.00 8.00 2.00 12.00 35.00 10.00 23.00 0.09 0.46 0.00 0.00 0.00 1.00 4.00 7.00 4.00 5.00 3.00 0.00 0.00 0.00 0.00 0.00
9.00 10.00 7.00 21.00 47.00 14.00 26.00 0.08 0.46 0.00 2.00 0.00 2.00 2.00 8.00 8.00 6.00 4.00 0.00 0.00 0.00 0.00 0.00
10.00 11.00 8.00 26.00 48.00 18.00 22.00 0.08 0.29 0.00 1.00 0.00 3.00 8.00 8.00 3.00 11.00 0.00 0.00 0.00 0.00 0.00 0.00
11.00 15.00 17.00 41.00 72.00 24.00 31.00 0.08 0.49 0.00 0.00 0.00 5.00 7.00 10.00 8.00 9.00 6.00 0.00 0.00 0.00 0.00 0.00
12.00 12.00 11.00 25.00 59.00 14.00 34.00 0.10 1.59 0.00 0.00 0.00 3.00 5.00 9.00 7.00 7.00 5.00 0.00 0.00 0.00 0.00 0.00
13.00 10.00 6.00 19.00 44.00 13.00 25.00 0.08 0.52 0.00 0.00 0.00 3.00 6.00 7.00 4.00 7.00 3.00 0.00 0.00 0.00 0.00 0.00
14.00 14.00 12.00 32.00 69.00 20.00 37.00 0.09 1.65 0.00 0.00 0.00 5.00 9.00 9.00 5.00 11.00 3.00 0.00 0.00 0.00 0.00 0.00
15.00 13.00 7.00 26.00 53.00 19.00 27.00 0.09 1.77 0.00 0.00 0.00 3.00 8.00 10.00 5.00 10.00 3.00 0.00 0.00 0.00 0.00 0.00
16.00 10.00 6.00 20.00 45.00 14.00 25.00 0.09 0.34 0.00 0.00 0.00 4.00 7.00 6.00 3.00 8.00 2.00 0.00 0.00 0.00 0.00 0.00
17.00 15.00 9.00 34.00 70.00 25.00 36.00 0.11 4.20 0.00 0.00 0.00 3.00 10.00 12.00 5.00 13.00 2.00 0.00 0.00 0.00 0.00 0.00
18.00 15.00 11.00 35.00 71.00 24.00 36.00 0.09 3.15 0.00 1.00 0.00 4.00 8.00 11.00 7.00 10.00 5.00 0.00 0.00 0.00 0.00 0.00
19.00 12.00 7.00 25.00 56.00 18.00 31.00 0.08 1.76 0.00 0.00 0.00 2.00 6.00 10.00 6.00 11.00 1.00 0.00 0.00 0.00 0.00 0.00
20.00 10.00 8.00 20.00 47.00 12.00 27.00 0.09 3.95 0.00 0.00 0.00 3.00 4.00 7.00 6.00 6.00 4.00 0.00 0.00 0.00 0.00 0.00
21.00 18.00 10.00 36.00 85.00 26.00 49.00 0.10 1.41 0.00 1.00 0.00 5.00 9.00 13.00 9.00 13.00 5.00 0.00 0.00 0.00 0.00 0.00
22.00 14.00 12.00 31.00 65.00 19.00 34.00 0.09 3.62 0.00 0.00 0.00 4.00 6.00 10.00 8.00 10.00 4.00 0.00 0.00 0.00 0.00 0.00
23.00 14.00 11.00 31.00 73.00 20.00 42.00 0.09 2.58 0.00 0.00 0.00 5.00 8.00 9.00 6.00 9.00 5.00 0.00 0.00 0.00 0.00 0.00
24.00 16.00 9.00 38.00 86.00 29.00 48.00 0.09 2.48 0.00 1.00 0.00 5.00 9.00 11.00 7.00 12.00 4.00 0.00 0.00 0.00 0.00 0.00
25.00 14.00 10.00 27.00 70.00 17.00 43.00 0.08 4.31 1.00 0.00 0.00 3.00 7.00 11.00 7.00 11.00 3.00 0.00 0.00 0.00 0.00 0.00
26.00 21.00 18.00 53.00 105.00 35.00 52.00 0.08 3.22 1.00 0.00 0.00 4.00 10.00 17.00 11.00 14.00 7.00 0.00 0.00 1.00 0.00 0.00
27.00 11.00 3.00 19.00 49.00 16.00 30.00 0.09 4.82 1.00 0.00 0.00 5.00 8.00 6.00 3.00 9.00 2.00 0.00 0.00 0.00 0.00 0.00
28.00 15.00 6.00 27.00 67.00 21.00 40.00 0.09 3.65 1.00 0.00 0.00 3.00 10.00 12.00 5.00 13.00 2.00 0.00 0.00 0.00 0.00 0.00
29.00 15.00 6.00 30.00 67.00 24.00 37.00 0.09 4.65 1.00 1.00 1.00 5.00 9.00 10.00 6.00 10.00 5.00 0.00 0.00 0.00 0.00 0.00
30.00 17.00 8.00 40.00 84.00 32.00 44.00 0.08 1.53 0.00 0.00 0.00 4.00 10.00 13.00 7.00 13.00 4.00 0.00 0.00 0.00 0.00 0.00
31.00 15.00 11.00 32.00 66.00 21.00 34.00 0.07 3.95 0.00 1.00 0.00 3.00 6.00 12.00 9.00 9.00 6.00 0.00 0.00 0.00 1.00 0.00
32.00 17.00 17.00 42.00 88.00 25.00 46.00 0.09 3.77 1.00 0.00 0.00 3.00 7.00 14.00 10.00 12.00 5.00 0.00 0.00 0.00 0.00 0.00
33.00 21.00 19.00 51.00 110.00 32.00 59.00 0.09 3.02 1.00 1.00 1.00 7.00 9.00 14.00 12.00 16.00 5.00 0.00 0.00 0.00 0.00 0.00
34.00 17.00 15.00 43.00 85.00 28.00 42.00 0.08 4.52 1.00 1.00 1.00 7.00 8.00 10.00 9.00 11.00 6.00 0.00 0.00 0.00 0.00 0.00
35.00 18.00 11.00 34.00 83.00 23.00 49.00 0.10 4.61 1.00 1.00 1.00 5.00 11.00 13.00 7.00 13.00 5.00 0.00 0.00 0.00 0.00 0.00
36.00 19.00 12.00 43.00 98.00 31.00 55.00 0.09 4.49 1.00 1.00 1.00 5.00 12.00 14.00 7.00 14.00 5.00 0.00 0.00 0.00 0.00 0.00
37.00 20.00 17.00 52.00 106.00 35.00 54.00 0.08 4.28 0.00 1.00 0.00 3.00 5.00 17.00 15.00 7.00 13.00 0.00 0.00 0.00 0.00 0.00
38.00 21.00 21.00 56.00 100.00 35.00 44.00 0.08 3.63 1.00 0.00 0.00 1.00 7.00 20.00 14.00 10.00 11.00 0.00 0.00 0.00 0.00 0.00
39.00 21.00 20.00 60.00 105.00 40.00 45.00 0.07 4.70 1.00 1.00 1.00 6.00 10.00 15.00 11.00 17.00 4.00 0.00 0.00 0.00 0.00 0.00
40.00 23.00 27.00 59.00 115.00 32.00 56.00 0.08 4.38 1.00 3.00 0.33 4.00 11.00 19.00 12.00 13.00 10.00 0.00 0.00 0.00 0.00 0.00
41.00 23.00 27.00 65.00 121.00 38.00 56.00 0.09 4.14 0.00 1.00 0.00 5.00 9.00 18.00 14.00 15.00 8.00 0.00 0.00 0.00 0.00 0.00
42.00 21.00 23.00 62.00 108.00 39.00 46.00 0.09 4.94 1.00 3.00 0.33 4.00 13.00 17.00 8.00 16.00 5.00 0.00 0.00 0.00 0.00 0.00
43.00 25.00 29.00 71.00 130.00 42.00 59.00 0.08 4.21 0.00 3.00 0.00 6.00 11.00 19.00 14.00 14.00 11.00 0.00 0.00 0.00 0.00 0.00
44.00 20.00 11.00 48.00 98.00 37.00 50.00 0.09 4.74 0.00 2.00 0.00 7.00 11.00 13.00 9.00 16.00 4.00 0.00 0.00 0.00 0.00 0.00
45.00 16.00 8.00 32.00 74.00 24.00 42.00 0.09 4.20 0.00 1.00 0.00 2.00 8.00 14.00 8.00 12.00 4.00 0.00 0.00 0.00 0.00 0.00
46.00 19.00 17.00 46.00 93.00 29.00 47.00 0.07 5.04 0.00 1.00 0.00 4.00 9.00 15.00 10.00 15.00 4.00 0.00 0.00 0.00 0.00 0.00
47.00 23.00 22.00 54.00 110.00 32.00 56.00 0.08 4.49 0.00 1.00 0.00 5.00 14.00 18.00 9.00 17.00 6.00 0.00 0.00 0.00 0.00 0.00
48.00 18.00 16.00 46.00 91.00 30.00 45.00 0.09 4.77 0.00 1.00 0.00 5.00 12.00 13.00 6.00 14.00 4.00 0.00 0.00 0.00 0.00 0.00
49.00 19.00 10.00 45.00 96.00 35.00 51.00 0.08 4.79 0.00 2.00 0.00 5.00 11.00 14.00 8.00 14.00 5.00 0.00 0.00 0.00 0.00 0.00
50.00 20.00 21.00 55.00 105.00 34.00 50.00 0.10 4.91 0.00 1.00 0.00 4.00 9.00 16.00 11.00 14.00 6.00 0.00 0.00 0.00 0.00 0.00
51.00 19.00 16.00 43.00 95.00 27.00 52.00 0.08 4.96 0.00 0.00 0.00 6.00 11.00 13.00 8.00 14.00 5.00 0.00 0.00 0.00 0.00 0.00
52.00 19.00 18.00 49.00 96.00 31.00 47.00 0.08 4.38 0.00 2.00 0.00 6.00 13.00 13.00 6.00 16.00 3.00 0.00 0.00 0.00 0.00 0.00
53.00 22.00 24.00 54.00 109.00 30.00 55.00 0.07 4.89 0.00 1.00 0.00 7.00 10.00 15.00 12.00 17.00 5.00 0.00 0.00 0.00 0.00 0.00
54.00 22.00 22.00 57.00 115.00 35.00 58.00 0.07 4.54 0.00 2.00 0.00 5.00 8.00 17.00 14.00 17.00 5.00 0.00 0.00 0.00 1.00 0.00
55.00 23.00 19.00 61.00 115.00 42.00 54.00 0.09 4.80 0.00 3.00 0.00 9.00 14.00 14.00 9.00 16.00 7.00 0.00 0.00 0.00 0.00 0.00
56.00 16.00 10.00 34.00 79.00 24.00 45.00 0.08 4.75 0.00 2.00 0.00 7.00 11.00 9.00 5.00 12.00 4.00 1.00 0.00 0.00 0.00 0.00
57.00 22.00 28.00 58.00 110.00 30.00 52.00 0.07 4.59 0.00 3.00 0.00 6.00 8.00 16.00 14.00 16.00 6.00 0.00 0.00 0.00 0.00 0.00
58.00 20.00 18.00 46.00 104.00 28.00 58.00 0.09 4.81 0.00 1.00 0.00 7.00 12.00 13.00 8.00 14.00 6.00 0.00 0.00 0.00 0.00 0.00
59.00 20.00 19.00 54.00 106.00 35.00 52.00 0.07 4.71 1.00 2.00 0.50 7.00 10.00 13.00 10.00 15.00 5.00 0.00 0.00 0.00 0.00 0.00
60.00 29.00 26.00 67.00 136.00 41.00 69.00 0.10 4.24 0.00 2.00 0.00 10.00 14.00 19.00 15.00 18.00 11.00 0.00 0.00 0.00 0.00 0.00
61.00 24.00 19.00 63.00 119.00 44.00 56.00 0.09 4.48 0.00 0.00 0.00 5.00 13.00 19.00 11.00 15.00 9.00 0.00 0.00 0.00 0.00 0.00
62.00 24.00 19.00 66.00 127.00 47.00 61.00 0.09 4.85 1.00 1.00 1.00 5.00 11.00 19.00 13.00 17.00 7.00 0.00 0.00 0.00 0.00 0.00
63.00 27.00 24.00 74.00 142.00 50.00 68.00 0.08 4.73 2.00 1.00 2.00 6.00 12.00 21.00 15.00 19.00 8.00 0.00 0.00 1.00 1.00 0.00
64.00 34.00 31.00 89.00 174.00 58.00 85.00 0.08 4.59 1.00 1.00 1.00 10.00 16.00 24.00 18.00 21.00 13.00 0.00 0.00 1.00 0.00 0.00
65.00 30.00 32.00 84.00 145.00 52.00 61.00 0.10 4.82 1.00 1.00 1.00 7.00 11.00 23.00 19.00 20.00 10.00 0.00 0.00 1.00 0.00 0.00
66.00 31.00 42.00 82.00 154.00 40.00 72.00 0.08 4.67 0.00 2.00 0.00 8.00 16.00 23.00 15.00 20.00 11.00 0.00 0.00 1.00 0.00 0.00
67.00 34.00 34.00 78.00 168.00 44.00 90.00 0.09 4.34 2.00 2.00 1.00 9.00 16.00 25.00 18.00 22.00 12.00 0.00 0.00 0.00 0.00 0.00
68.00 33.00 38.00 90.00 169.00 52.00 79.00 0.08 4.71 0.00 2.00 0.00 9.00 14.00 24.00 19.00 19.00 14.00 0.00 0.00 1.00 0.00 0.00
69.00 29.00 41.00 87.00 155.00 46.00 68.00 0.09 4.59 0.00 2.00 0.00 8.00 12.00 21.00 17.00 19.00 10.00 0.00 0.00 0.00 0.00 0.00
70.00 24.00 23.00 67.00 128.00 44.00 61.00 0.08 3.91 1.00 2.00 0.50 4.00 11.00 20.00 13.00 16.00 8.00 0.00 0.00 0.00 0.00 0.00
71.00 31.00 33.00 83.00 150.00 50.00 67.00 0.09 4.17 0.00 2.00 0.00 10.00 17.00 21.00 14.00 23.00 8.00 1.00 0.00 0.00 0.00 0.00
72.00 35.00 42.00 103.00 178.00 61.00 75.00 0.08 4.38 0.00 2.00 0.00 10.00 20.00 25.00 15.00 24.00 11.00 0.00 0.00 1.00 0.00 0.00
73.00 38.00 51.00 114.00 198.00 63.00 84.00 0.07 4.32 0.00 1.00 0.00 11.00 19.00 27.00 19.00 25.00 13.00 1.00 0.00 1.00 0.00 0.00
74.00 33.00 37.00 93.00 170.00 56.00 77.00 0.09 4.44 0.00 2.00 0.00 5.00 14.00 28.00 19.00 20.00 13.00 1.00 0.00 0.00 0.00 0.00
75.00 31.00 44.00 92.00 162.00 48.00 70.00 0.08 4.58 1.00 2.00 0.50 6.00 14.00 25.00 17.00 19.00 12.00 1.00 0.00 1.00 0.00 0.00
76.00 31.00 47.00 97.00 164.00 50.00 67.00 0.09 4.58 0.00 2.00 0.00 5.00 14.00 26.00 17.00 18.00 13.00 0.00 0.00 0.00 0.00 0.00
77.00 27.00 25.00 67.00 137.00 42.00 70.00 0.07 4.48 1.00 2.00 0.50 4.00 13.00 23.00 14.00 16.00 11.00 0.00 0.00 0.00 0.00 0.00
78.00 25.00 25.00 74.00 131.00 49.00 57.00 0.09 4.52 1.00 1.00 1.00 3.00 7.00 22.00 18.00 9.00 16.00 0.00 0.00 0.00 1.00 0.00
79.00 33.00 38.00 87.00 160.00 49.00 73.00 0.07 4.72 2.00 1.00 2.00 9.00 15.00 24.00 18.00 19.00 14.00 0.00 0.00 1.00 0.00 0.00
80.00 34.00 32.00 102.00 171.00 70.00 69.00 0.08 5.32 2.00 3.00 0.67 9.00 16.00 25.00 18.00 19.00 15.00 0.00 0.00 0.00 0.00 0.00
81.00 29.00 37.00 92.00 156.00 55.00 64.00 0.10 4.72 2.00 3.00 0.67 1.00 8.00 28.00 21.00 14.00 15.00 0.00 0.00 1.00 0.00 0.00
82.00 26.00 25.00 71.00 139.00 46.00 68.00 0.08 4.59 2.00 2.00 1.00 5.00 13.00 21.00 13.00 16.00 10.00 0.00 0.00 0.00 0.00 0.00
83.00 30.00 41.00 94.00 155.00 53.00 61.00 0.07 4.67 1.00 2.00 0.50 6.00 11.00 24.00 19.00 18.00 12.00 0.00 0.00 0.00 0.00 0.00
84.00 25.00 33.00 74.00 129.00 41.00 55.00 0.08 4.67 1.00 3.00 0.33 5.00 9.00 20.00 16.00 15.00 10.00 0.00 0.00 1.00 0.00 0.00
85.00 27.00 30.00 80.00 142.00 50.00 62.00 0.09 4.70 1.00 4.00 0.25 5.00 12.00 22.00 15.00 16.00 11.00 0.00 0.00 1.00 0.00 0.00
86.00 31.00 34.00 85.00 154.00 51.00 69.00 0.07 4.65 2.00 1.00 2.00 10.00 16.00 21.00 15.00 20.00 11.00 0.00 0.00 1.00 0.00 0.00
87.00 30.00 41.00 88.00 152.00 47.00 64.00 0.07 4.72 1.00 2.00 0.50 11.00 16.00 19.00 14.00 22.00 8.00 0.00 0.00 2.00 0.00 0.00
88.00 33.00 36.00 86.00 164.00 50.00 78.00 0.08 4.79 2.00 1.00 2.00 10.00 18.00 23.00 15.00 22.00 11.00 0.00 0.00 1.00 0.00 0.00
89.00 27.00 28.00 76.00 138.00 48.00 62.00 0.09 4.00 1.00 1.00 1.00 4.00 12.00 23.00 15.00 16.00 11.00 0.00 0.00 0.00 0.00 0.00
90.00 30.00 36.00 83.00 153.00 47.00 70.00 0.09 4.41 1.00 1.00 1.00 6.00 17.00 24.00 13.00 20.00 10.00 1.00 0.00 0.00 0.00 0.00
91.00 25.00 20.00 66.00 133.00 46.00 67.00 0.08 4.50 1.00 0.00 0.00 7.00 12.00 18.00 13.00 20.00 5.00 1.00 0.00 0.00 0.00 0.00
92.00 27.00 23.00 79.00 146.00 56.00 67.00 0.10 4.55 2.00 1.00 2.00 9.00 20.00 18.00 7.00 24.00 3.00 0.00 0.00 0.00 0.00 0.00
93.00 25.00 27.00 72.00 135.00 45.00 63.00 0.08 4.61 2.00 1.00 2.00 3.00 9.00 22.00 16.00 16.00 9.00 1.00 0.00 0.00 0.00 0.00
94.00 29.00 32.00 87.00 146.00 55.00 59.00 0.10 5.02 2.00 2.00 1.00 8.00 13.00 21.00 16.00 18.00 11.00 1.00 0.00 0.00 0.00 0.00
95.00 28.00 34.00 83.00 149.00 49.00 66.00 0.07 4.76 1.00 3.00 0.33 5.00 9.00 23.00 19.00 11.00 17.00 0.00 0.00 0.00 0.00 0.00
96.00 27.00 32.00 76.00 135.00 44.00 59.00 0.08 5.06 3.00 2.00 1.50 6.00 8.00 21.00 19.00 10.00 17.00 0.00 0.00 0.00 0.00 1.00
97.00 34.00 50.00 108.00 178.00 58.00 70.00 0.08 4.81 3.00 3.00 1.00 7.00 15.00 27.00 19.00 21.00 13.00 0.00 0.00 0.00 0.00 0.00
98.00 35.00 49.00 114.00 185.00 65.00 71.00 0.09 4.14 3.00 1.00 3.00 6.00 13.00 29.00 22.00 18.00 17.00 0.00 0.00 0.00 0.00 1.00
99.00 32.00 44.00 105.00 171.00 61.00 66.00 0.09 4.65 3.00 1.00 3.00 6.00 12.00 26.00 20.00 20.00 12.00 0.00 0.00 0.00 0.00 0.00
100.00 29.00 21.00 91.00 155.00 70.00 64.00 0.09 4.68 3.00 2.00 1.50 7.00 12.00 22.00 17.00 15.00 14.00 1.00 0.00 0.00 0.00 0.00
101.00 35.00 39.00 101.00 180.00 62.00 79.00 0.09 4.89 2.00 3.00 0.67 7.00 16.00 28.00 19.00 23.00 12.00 1.00 0.00 0.00 0.00 0.00
102.00 42.00 66.00 138.00 213.00 72.00 75.00 0.08 4.71 3.00 3.00 1.00 9.00 17.00 33.00 25.00 26.00 16.00 1.00 0.00 0.00 0.00 0.00
103.00 34.00 37.00 101.00 179.00 64.00 78.00 0.09 4.73 3.00 2.00 1.50 9.00 15.00 25.00 19.00 20.00 14.00 1.00 0.00 0.00 0.00 0.00
104.00 33.00 52.00 100.00 172.00 48.00 72.00 0.11 4.81 2.00 2.00 1.00 10.00 14.00 23.00 19.00 19.00 14.00 1.00 0.00 0.00 0.00 0.00
105.00 39.00 44.00 103.00 187.00 59.00 84.00 0.09 4.79 3.00 3.00 1.00 8.00 23.00 31.00 16.00 26.00 13.00 1.00 0.00 0.00 0.00 0.00
106.00 34.00 46.00 105.00 175.00 59.00 70.00 0.08 4.81 3.00 2.00 1.50 7.00 10.00 27.00 24.00 16.00 18.00 0.00 0.00 0.00 0.00 0.00
107.00 40.00 59.00 128.00 202.00 69.00 74.00 0.08 4.66 3.00 2.00 1.50 13.00 16.00 27.00 24.00 23.00 17.00 1.00 0.00 1.00 0.00 0.00
108.00 36.00 51.00 119.00 184.00 68.00 65.00 0.06 4.80 1.00 4.00 0.25 6.00 12.00 30.00 24.00 23.00 13.00 1.00 0.00 0.00 1.00 0.00
109.00 38.00 52.00 112.00 202.00 60.00 90.00 0.09 4.90 3.00 3.00 1.00 5.00 11.00 33.00 27.00 19.00 19.00 1.00 0.00 0.00 0.00 0.00
110.00 40.00 65.00 123.00 201.00 58.00 78.00 0.08 4.82 3.00 2.00 1.50 8.00 15.00 32.00 25.00 23.00 17.00 0.00 0.00 0.00 0.00 0.00
111.00 38.00 51.00 124.00 201.00 73.00 77.00 0.08 4.87 3.00 4.00 0.75 8.00 12.00 30.00 26.00 17.00 21.00 1.00 0.00 1.00 0.00 0.00
112.00 38.00 56.00 128.00 207.00 72.00 79.00 0.09 4.73 3.00 3.00 1.00 3.00 9.00 35.00 29.00 17.00 21.00 0.00 0.00 0.00 0.00 0.00
113.00 38.00 48.00 120.00 199.00 72.00 79.00 0.08 4.72 3.00 3.00 1.00 6.00 11.00 32.00 27.00 18.00 20.00 1.00 0.00 0.00 0.00 0.00
114.00 43.00 58.00 133.00 221.00 75.00 88.00 0.08 4.89 3.00 4.00 0.75 10.00 17.00 33.00 26.00 27.00 16.00 1.00 0.00 0.00 0.00 0.00
115.00 40.00 59.00 138.00 211.00 79.00 73.00 0.08 4.73 2.00 4.00 0.50 4.00 17.00 36.00 23.00 24.00 16.00 1.00 0.00 0.00 0.00 0.00
116.00 36.00 45.00 110.00 182.00 65.00 72.00 0.07 4.60 3.00 2.00 1.50 9.00 13.00 27.00 23.00 20.00 16.00 0.00 0.00 0.00 0.00 0.00
117.00 40.00 53.00 122.00 198.00 69.00 76.00 0.09 4.67 3.00 4.00 0.75 8.00 17.00 32.00 23.00 23.00 17.00 1.00 0.00 0.00 0.00 0.00
118.00 41.00 58.00 128.00 215.00 70.00 87.00 0.08 4.64 2.00 4.00 0.50 7.00 12.00 34.00 29.00 19.00 22.00 1.00 0.00 0.00 1.00 0.00
119.00 40.00 58.00 126.00 214.00 68.00 88.00 0.09 4.56 2.00 2.00 1.00 10.00 19.00 30.00 21.00 24.00 16.00 1.00 0.00 1.00 0.00 0.00
120.00 39.00 52.00 122.00 206.00 70.00 84.00 0.08 4.81 3.00 3.00 1.00 10.00 17.00 29.00 22.00 22.00 17.00 1.00 0.00 1.00 0.00 0.00
121.00 36.00 50.00 107.00 186.00 57.00 79.00 0.08 4.53 3.00 1.00 3.00 8.00 20.00 28.00 16.00 24.00 12.00 0.00 0.00 0.00 0.00 0.00
122.00 37.00 49.00 115.00 199.00 66.00 84.00 0.09 4.73 3.00 4.00 0.75 7.00 19.00 30.00 18.00 23.00 14.00 0.00 0.00 0.00 0.00 0.00
123.00 31.00 39.00 102.00 164.00 63.00 62.00 0.08 4.77 2.00 3.00 0.67 5.00 11.00 26.00 20.00 20.00 11.00 0.00 0.00 0.00 0.00 0.00
124.00 30.00 39.00 98.00 160.00 59.00 62.00 0.09 4.39 3.00 3.00 1.00 5.00 12.00 25.00 18.00 16.00 14.00 0.00 0.00 0.00 0.00 0.00
125.00 38.00 64.00 127.00 192.00 63.00 65.00 0.08 4.75 3.00 3.00 1.00 9.00 16.00 29.00 22.00 22.00 16.00 0.00 0.00 0.00 0.00 0.00
126.00 42.00 64.00 140.00 224.00 76.00 84.00 0.08 4.64 3.00 2.00 1.50 5.00 11.00 37.00 31.00 19.00 23.00 0.00 0.00 0.00 0.00 0.00
127.00 37.00 65.00 120.00 195.00 55.00 75.00 0.07 4.95 3.00 3.00 1.00 7.00 12.00 30.00 25.00 18.00 19.00 0.00 0.00 1.00 0.00 0.00
128.00 34.00 49.00 103.00 172.00 54.00 69.00 0.09 4.28 3.00 2.00 1.50 5.00 13.00 29.00 21.00 21.00 13.00 0.00 0.00 1.00 0.00 0.00
129.00 36.00 51.00 117.00 187.00 66.00 70.00 0.08 4.52 1.00 2.00 0.50 4.00 14.00 32.00 22.00 23.00 13.00 0.00 0.00 0.00 0.00 0.00
130.00 33.00 33.00 84.00 161.00 51.00 77.00 0.08 5.18 2.00 3.00 0.67 11.00 18.00 22.00 15.00 24.00 9.00 0.00 0.00 0.00 0.00 0.00
131.00 32.00 32.00 83.00 165.00 51.00 82.00 0.09 4.62 3.00 2.00 1.50 10.00 17.00 22.00 15.00 19.00 13.00 0.00 0.00 0.00 0.00 0.00
132.00 39.00 45.00 113.00 216.00 68.00 103.00 0.09 4.80 3.00 4.00 0.75 7.00 17.00 32.00 22.00 26.00 13.00 0.00 0.00 0.00 0.00 0.00
133.00 39.00 44.00 118.00 209.00 74.00 91.00 0.08 3.58 3.00 3.00 1.00 10.00 17.00 29.00 22.00 25.00 14.00 1.00 0.00 1.00 0.00 0.00
134.00 33.00 35.00 98.00 181.00 63.00 83.00 0.09 4.06 3.00 2.00 1.50 11.00 16.00 22.00 17.00 22.00 11.00 1.00 0.00 0.00 0.00 0.00
135.00 30.00 24.00 81.00 160.00 57.00 79.00 0.09 4.62 3.00 1.00 3.00 8.00 16.00 22.00 14.00 21.00 9.00 0.00 0.00 0.00 0.00 0.00
136.00 28.00 31.00 78.00 144.00 47.00 66.00 0.07 5.01 4.00 2.00 2.00 8.00 12.00 20.00 16.00 16.00 12.00 0.00 0.00 0.00 0.00 0.00
137.00 33.00 37.00 91.00 168.00 54.00 77.00 0.08 3.80 2.00 3.00 0.67 9.00 15.00 24.00 18.00 22.00 11.00 0.00 0.00 0.00 0.00 0.00
138.00 36.00 47.00 103.00 187.00 56.00 84.00 0.09 4.04 2.00 3.00 0.67 8.00 15.00 28.00 21.00 24.00 12.00 0.00 0.00 0.00 0.00 0.00
139.00 36.00 45.00 117.00 191.00 72.00 74.00 0.07 4.03 3.00 3.00 1.00 6.00 13.00 30.00 23.00 20.00 16.00 0.00 0.00 0.00 1.00 0.00
140.00 45.00 66.00 150.00 237.00 84.00 87.00 0.08 4.01 3.00 4.00 0.75 12.00 17.00 33.00 28.00 28.00 17.00 0.00 0.00 0.00 0.00 0.00
141.00 40.00 50.00 126.00 211.00 76.00 85.00 0.09 4.60 3.00 3.00 1.00 5.00 13.00 35.00 27.00 24.00 16.00 0.00 0.00 0.00 0.00 0.00
142.00 42.00 49.00 132.00 226.00 83.00 94.00 0.07 4.34 4.00 4.00 1.00 7.00 20.00 35.00 22.00 27.00 15.00 0.00 0.00 0.00 0.00 0.00
143.00 43.00 67.00 140.00 225.00 73.00 85.00 0.08 3.94 3.00 3.00 1.00 7.00 14.00 36.00 29.00 20.00 23.00 1.00 0.00 0.00 0.00 0.00
144.00 43.00 50.00 136.00 221.00 86.00 85.00 0.09 4.16 3.00 0.00 0.00 6.00 16.00 37.00 27.00 22.00 21.00 1.00 0.00 1.00 0.00 0.00
145.00 43.00 55.00 127.00 229.00 72.00 102.00 0.08 3.67 3.00 2.00 1.50 10.00 24.00 33.00 19.00 28.00 15.00 1.00 0.00 0.00 0.00 0.00
146.00 41.00 53.00 142.00 219.00 89.00 77.00 0.09 4.48 3.00 5.00 0.60 4.00 7.00 37.00 34.00 18.00 23.00 1.00 0.00 0.00 0.00 0.00
147.00 41.00 54.00 128.00 220.00 74.00 92.00 0.09 4.48 1.00 3.00 0.33 10.00 22.00 31.00 19.00 27.00 14.00 0.00 0.00 1.00 0.00 0.00
148.00 41.00 51.00 131.00 217.00 80.00 86.00 0.07 4.45 3.00 4.00 0.75 13.00 18.00 28.00 23.00 28.00 13.00 1.00 0.00 0.00 0.00 0.00
149.00 43.00 44.00 118.00 222.00 74.00 104.00 0.08 4.17 3.00 4.00 0.75 12.00 23.00 31.00 20.00 32.00 11.00 0.00 0.00 0.00 0.00 0.00
150.00 36.00 44.00 101.00 191.00 57.00 90.00 0.08 3.75 2.00 5.00 0.40 8.00 14.00 28.00 22.00 22.00 14.00 0.00 0.00 0.00 0.00 0.00
151.00 41.00 44.00 124.00 222.00 80.00 98.00 0.07 4.17 2.00 3.00 0.67 6.00 14.00 35.00 27.00 21.00 20.00 0.00 0.00 0.00 0.00 0.00
152.00 40.00 46.00 125.00 212.00 79.00 87.00 0.10 4.19 2.00 3.00 0.67 9.00 19.00 31.00 21.00 23.00 17.00 1.00 0.00 0.00 0.00 0.00
153.00 42.00 45.00 124.00 234.00 79.00 110.00 0.09 4.04 2.00 3.00 0.67 8.00 16.00 34.00 26.00 25.00 17.00 1.00 0.00 0.00 0.00 0.00
154.00 39.00 45.00 128.00 220.00 83.00 92.00 0.07 3.40 2.00 2.00 1.00 11.00 20.00 28.00 19.00 26.00 13.00 1.00 0.00 0.00 0.00 0.00
155.00 51.00 67.00 157.00 260.00 90.00 103.00 0.07 3.84 4.00 4.00 1.00 10.00 23.00 41.00 28.00 32.00 19.00 1.00 0.00 1.00 0.00 0.00
156.00 40.00 43.00 130.00 215.00 87.00 85.00 0.09 3.87 3.00 3.00 1.00 7.00 14.00 33.00 26.00 23.00 17.00 0.00 0.00 2.00 0.00 0.00
157.00 45.00 58.00 131.00 232.00 73.00 101.00 0.08 3.57 3.00 4.00 0.75 6.00 17.00 39.00 28.00 24.00 21.00 0.00 0.00 1.00 0.00 0.00
158.00 50.00 65.00 150.00 253.00 85.00 103.00 0.08 3.35 2.00 3.00 0.67 14.00 25.00 36.00 25.00 34.00 16.00 1.00 1.00 1.00 0.00 0.00
159.00 45.00 54.00 135.00 239.00 81.00 104.00 0.08 4.05 2.00 4.00 0.50 8.00 19.00 37.00 26.00 28.00 17.00 1.00 0.00 1.00 2.00 0.00
160.00 41.00 47.00 123.00 211.00 76.00 88.00 0.09 3.63 2.00 3.00 0.67 12.00 18.00 29.00 23.00 25.00 16.00 1.00 0.00 0.00 0.00 0.00
161.00 36.00 37.00 105.00 191.00 68.00 86.00 0.08 2.98 1.00 3.00 0.33 5.00 13.00 31.00 23.00 19.00 17.00 0.00 0.00 0.00 0.00 0.00
162.00 42.00 59.00 123.00 218.00 64.00 95.00 0.10 3.27 2.00 5.00 0.40 9.00 18.00 33.00 24.00 24.00 18.00 1.00 0.00 0.00 0.00 0.00
163.00 35.00 35.00 102.00 183.00 67.00 81.00 0.09 3.75 2.00 4.00 0.50 8.00 11.00 27.00 24.00 15.00 20.00 1.00 0.00 1.00 0.00 0.00
164.00 43.00 52.00 139.00 231.00 87.00 92.00 0.07 3.25 3.00 6.00 0.50 10.00 16.00 33.00 27.00 28.00 15.00 0.00 0.00 1.00 0.00 0.00
165.00 44.00 58.00 138.00 231.00 80.00 93.00 0.09 2.17 2.00 5.00 0.40 11.00 20.00 33.00 24.00 22.00 22.00 1.00 0.00 0.00 0.00 0.00
166.00 43.00 57.00 140.00 233.00 83.00 93.00 0.10 2.49 3.00 4.00 0.75 7.00 19.00 36.00 24.00 33.00 10.00 1.00 0.00 1.00 0.00 0.00
167.00 42.00 54.00 142.00 235.00 88.00 93.00 0.09 2.46 3.00 3.00 1.00 4.00 11.00 38.00 31.00 21.00 21.00 1.00 0.00 0.00 0.00 0.00
168.00 45.00 65.00 143.00 246.00 78.00 103.00 0.07 2.04 2.00 4.00 0.50 8.00 15.00 37.00 30.00 29.00 16.00 1.00 0.00 0.00 0.00 0.00
169.00 46.00 70.00 143.00 246.00 73.00 103.00 0.08 2.35 3.00 4.00 0.75 9.00 15.00 37.00 31.00 23.00 23.00 1.00 0.00 0.00 0.00 0.00
170.00 40.00 43.00 135.00 215.00 92.00 80.00 0.08 1.50 3.00 4.00 0.75 6.00 20.00 34.00 20.00 23.00 17.00 1.00 0.00 0.00 0.00 0.00
171.00 45.00 65.00 138.00 242.00 73.00 104.00 0.10 2.67 3.00 4.00 0.75 10.00 17.00 35.00 28.00 29.00 16.00 0.00 0.00 0.00 0.00 0.00
172.00 39.00 46.00 116.00 204.00 70.00 88.00 0.09 2.56 3.00 3.00 1.00 10.00 15.00 29.00 24.00 18.00 21.00 1.00 0.00 0.00 0.00 0.00
173.00 37.00 40.00 113.00 198.00 73.00 85.00 0.09 2.19 4.00 3.00 1.33 3.00 15.00 34.00 22.00 22.00 15.00 0.00 0.00 0.00 0.00 0.00
174.00 40.00 55.00 121.00 203.00 66.00 82.00 0.10 2.42 3.00 4.00 0.75 10.00 19.00 30.00 21.00 27.00 13.00 0.00 0.00 1.00 0.00 0.00
175.00 42.00 60.00 133.00 220.00 73.00 87.00 0.07 1.82 2.00 3.00 0.67 12.00 22.00 30.00 20.00 31.00 11.00 0.00 0.00 0.00 0.00 0.00
176.00 42.00 46.00 127.00 220.00 81.00 93.00 0.09 2.45 3.00 2.00 1.50 7.00 16.00 35.00 26.00 22.00 20.00 0.00 0.00 0.00 0.00 0.00
177.00 37.00 44.00 118.00 200.00 74.00 82.00 0.09 1.90 2.00 3.00 0.67 10.00 19.00 27.00 18.00 23.00 14.00 0.00 0.00 0.00 0.00 0.00
178.00 40.00 54.00 123.00 211.00 69.00 88.00 0.08 1.80 2.00 3.00 0.67 7.00 18.00 33.00 22.00 23.00 17.00 0.00 0.00 0.00 0.00 1.00
179.00 38.00 43.00 105.00 190.00 62.00 85.00 0.08 2.64 2.00 4.00 0.50 11.00 17.00 27.00 21.00 22.00 16.00 0.00 0.00 0.00 0.00 0.00
180.00 32.00 30.00 90.00 160.00 60.00 70.00 0.10 1.85 2.00 4.00 0.50 9.00 17.00 23.00 15.00 18.00 14.00 1.00 0.00 0.00 0.00 0.00
181.00 39.00 43.00 118.00 204.00 75.00 86.00 0.10 2.59 2.00 4.00 0.50 6.00 17.00 33.00 22.00 23.00 16.00 0.00 0.00 0.00 0.00 0.00
182.00 35.00 43.00 100.00 176.00 57.00 76.00 0.09 1.56 1.00 2.00 0.50 9.00 18.00 26.00 17.00 22.00 13.00 0.00 0.00 0.00 0.00 0.00
183.00 30.00 23.00 74.00 147.00 51.00 73.00 0.07 1.54 1.00 3.00 0.33 8.00 14.00 22.00 16.00 25.00 5.00 0.00 0.00 0.00 0.00 0.00
184.00 28.00 31.00 77.00 146.00 46.00 69.00 0.08 1.80 2.00 3.00 0.67 7.00 13.00 21.00 15.00 17.00 11.00 0.00 0.00 1.00 0.00 0.00
185.00 38.00 47.00 110.00 193.00 63.00 83.00 0.07 2.04 2.00 2.00 1.00 11.00 21.00 27.00 17.00 30.00 8.00 0.00 0.00 0.00 0.00 0.00
186.00 35.00 35.00 93.00 183.00 58.00 90.00 0.08 1.64 2.00 2.00 1.00 8.00 19.00 27.00 16.00 25.00 10.00 0.00 0.00 0.00 0.00 0.00
187.00 36.00 52.00 109.00 185.00 57.00 76.00 0.09 1.69 1.00 4.00 0.25 6.00 13.00 30.00 23.00 19.00 17.00 0.00 0.00 0.00 0.00 0.00
188.00 38.00 44.00 110.00 192.00 66.00 82.00 0.08 1.16 1.00 4.00 0.25 10.00 22.00 28.00 16.00 27.00 11.00 0.00 0.00 0.00 0.00 0.00
189.00 37.00 35.00 101.00 187.00 66.00 86.00 0.08 1.36 1.00 2.00 0.50 10.00 20.00 27.00 17.00 25.00 12.00 1.00 0.00 0.00 0.00 0.00
190.00 29.00 46.00 88.00 152.00 42.00 64.00 0.07 2.28 1.00 1.00 1.00 4.00 8.00 25.00 21.00 14.00 15.00 1.00 0.00 0.00 0.00 0.00
191.00 32.00 41.00 97.00 164.00 56.00 67.00 0.09 2.56 1.00 2.00 0.50 8.00 18.00 24.00 14.00 21.00 11.00 0.00 0.00 1.00 0.00 0.00
192.00 37.00 36.00 95.00 176.00 59.00 81.00 0.10 2.23 1.00 4.00 0.25 8.00 16.00 29.00 21.00 21.00 16.00 1.00 0.00 0.00 0.00 0.00
193.00 30.00 28.00 80.00 164.00 52.00 84.00 0.09 2.66 2.00 1.00 2.00 7.00 8.00 23.00 22.00 16.00 14.00 0.00 0.00 1.00 0.00 0.00
194.00 29.00 33.00 79.00 148.00 46.00 69.00 0.06 1.24 2.00 2.00 1.00 9.00 15.00 20.00 14.00 22.00 7.00 0.00 0.00 1.00 0.00 0.00
195.00 34.00 38.00 99.00 170.00 61.00 71.00 0.09 3.48 1.00 2.00 0.50 8.00 17.00 26.00 17.00 30.00 4.00 0.00 0.00 1.00 0.00 0.00
196.00 33.00 39.00 102.00 177.00 63.00 75.00 0.08 2.91 1.00 2.00 0.50 6.00 13.00 27.00 20.00 17.00 16.00 0.00 0.00 0.00 0.00 0.00
197.00 35.00 52.00 103.00 179.00 51.00 76.00 0.09 3.42 2.00 3.00 0.67 14.00 16.00 21.00 19.00 22.00 13.00 0.00 0.00 1.00 0.00 0.00
198.00 38.00 51.00 111.00 197.00 60.00 86.00 0.08 3.37 2.00 2.00 1.00 12.00 19.00 26.00 19.00 26.00 12.00 0.00 0.00 1.00 1.00 0.00
199.00 33.00 35.00 85.00 163.00 50.00 78.00 0.07 3.62 2.00 0.00 0.00 10.00 18.00 23.00 15.00 23.00 10.00 0.00 0.00 1.00 0.00 1.00
200.00 29.00 37.00 80.00 151.00 43.00 71.00 0.09 2.57 2.00 1.00 2.00 8.00 18.00 21.00 11.00 21.00 8.00 0.00 0.00 0.00 0.00 0.00
201.00 25.00 27.00 67.00 127.00 40.00 60.00 0.10 3.52 0.00 1.00 0.00 4.00 13.00 21.00 12.00 15.00 10.00 0.00 0.00 0.00 0.00 0.00
202.00 30.00 43.00 87.00 146.00 44.00 59.00 0.08 2.93 1.00 2.00 0.50 5.00 9.00 25.00 21.00 14.00 16.00 0.00 0.00 1.00 0.00 0.00
203.00 25.00 28.00 74.00 136.00 46.00 62.00 0.07 3.18 1.00 3.00 0.33 4.00 10.00 21.00 15.00 13.00 12.00 0.00 0.00 0.00 0.00 0.00
204.00 28.00 35.00 84.00 138.00 49.00 54.00 0.10 2.81 1.00 2.00 0.50 7.00 12.00 21.00 16.00 19.00 9.00 0.00 0.00 0.00 1.00 0.00
205.00 25.00 23.00 60.00 124.00 37.00 64.00 0.09 2.29 1.00 2.00 0.50 9.00 10.00 16.00 15.00 15.00 10.00 0.00 0.00 0.00 0.00 0.00
206.00 24.00 29.00 71.00 125.00 42.00 54.00 0.07 3.44 1.00 1.00 1.00 8.00 12.00 16.00 12.00 17.00 7.00 0.00 0.00 0.00 0.00 0.00
207.00 25.00 30.00 74.00 135.00 44.00 61.00 0.09 2.36 2.00 1.00 2.00 5.00 10.00 20.00 15.00 17.00 8.00 0.00 0.00 0.00 0.00 0.00
208.00 23.00 21.00 57.00 111.00 36.00 54.00 0.07 3.58 1.00 1.00 1.00 6.00 11.00 17.00 12.00 16.00 7.00 0.00 0.00 0.00 0.00 0.00
209.00 23.00 21.00 59.00 115.00 38.00 56.00 0.08 2.59 1.00 2.00 0.50 8.00 12.00 15.00 11.00 15.00 8.00 0.00 0.00 0.00 0.00 0.00
210.00 25.00 31.00 70.00 133.00 39.00 63.00 0.09 3.89 1.00 2.00 0.50 4.00 11.00 21.00 14.00 19.00 6.00 0.00 0.00 1.00 0.00 0.00
211.00 21.00 18.00 52.00 104.00 34.00 52.00 0.09 4.16 1.00 2.00 0.50 7.00 13.00 14.00 8.00 15.00 6.00 0.00 0.00 0.00 0.00 0.00
212.00 22.00 27.00 63.00 111.00 36.00 48.00 0.08 3.09 1.00 3.00 0.33 7.00 13.00 15.00 9.00 17.00 5.00 0.00 0.00 1.00 1.00 0.00
213.00 22.00 17.00 52.00 102.00 35.00 50.00 0.07 2.92 1.00 1.00 1.00 5.00 11.00 17.00 11.00 14.00 8.00 0.00 0.00 0.00 0.00 0.00
214.00 19.00 19.00 43.00 90.00 24.00 47.00 0.09 3.44 1.00 1.00 1.00 2.00 6.00 17.00 13.00 13.00 6.00 0.00 0.00 0.00 0.00 0.00
215.00 20.00 20.00 55.00 98.00 35.00 43.00 0.08 2.68 1.00 1.00 1.00 8.00 11.00 12.00 9.00 15.00 5.00 0.00 0.00 0.00 0.00 0.00
216.00 20.00 23.00 58.00 98.00 35.00 40.00 0.08 2.67 1.00 1.00 1.00 5.00 13.00 15.00 7.00 15.00 5.00 0.00 0.00 0.00 0.00 0.00
217.00 22.00 28.00 55.00 100.00 27.00 45.00 0.09 3.70 1.00 1.00 1.00 6.00 13.00 16.00 9.00 15.00 7.00 0.00 0.00 0.00 0.00 0.00
218.00 16.00 10.00 40.00 79.00 30.00 39.00 0.09 3.95 1.00 2.00 0.50 6.00 10.00 10.00 6.00 12.00 4.00 0.00 0.00 0.00 0.00 0.00
219.00 20.00 22.00 48.00 103.00 26.00 55.00 0.08 3.41 1.00 1.00 1.00 5.00 10.00 15.00 10.00 13.00 7.00 0.00 0.00 0.00 0.00 0.00
220.00 25.00 24.00 69.00 123.00 45.00 54.00 0.09 3.46 1.00 1.00 1.00 5.00 13.00 20.00 12.00 15.00 10.00 0.00 0.00 0.00 0.00 0.00
221.00 14.00 6.00 30.00 70.00 24.00 40.00 0.08 1.56 0.00 1.00 0.00 4.00 11.00 10.00 3.00 13.00 1.00 0.00 0.00 0.00 0.00 0.00
222.00 17.00 16.00 44.00 86.00 28.00 42.00 0.09 2.33 1.00 1.00 1.00 5.00 10.00 12.00 7.00 13.00 4.00 0.00 0.00 0.00 0.00 0.00
223.00 25.00 20.00 51.00 119.00 31.00 68.00 0.08 3.43 1.00 1.00 1.00 7.00 13.00 18.00 12.00 19.00 6.00 0.00 0.00 0.00 0.00 0.00
224.00 21.00 20.00 53.00 101.00 33.00 48.00 0.08 2.07 1.00 1.00 1.00 8.00 11.00 13.00 10.00 16.00 5.00 0.00 0.00 0.00 0.00 0.00
225.00 18.00 18.00 48.00 89.00 30.00 41.00 0.08 1.44 0.00 0.00 0.00 5.00 9.00 13.00 9.00 15.00 3.00 0.00 0.00 0.00 0.00 0.00
226.00 11.00 2.00 21.00 51.00 19.00 30.00 0.09 0.32 1.00 0.00 0.00 5.00 7.00 6.00 4.00 8.00 3.00 0.00 0.00 0.00 0.00 0.00
227.00 18.00 19.00 48.00 90.00 29.00 42.00 0.09 1.40 1.00 0.00 0.00 3.00 11.00 15.00 7.00 16.00 2.00 0.00 0.00 0.00 0.00 0.00
228.00 16.00 14.00 39.00 78.00 25.00 39.00 0.08 0.38 1.00 1.00 1.00 6.00 13.00 10.00 3.00 14.00 2.00 0.00 0.00 0.00 0.00 0.00
229.00 18.00 17.00 48.00 86.00 31.00 38.00 0.07 1.34 1.00 1.00 1.00 7.00 13.00 11.00 5.00 15.00 3.00 0.00 0.00 0.00 0.00 0.00
230.00 16.00 16.00 42.00 81.00 26.00 39.00 0.08 0.43 1.00 1.00 1.00 5.00 9.00 11.00 7.00 11.00 5.00 0.00 0.00 0.00 0.00 0.00
231.00 13.00 8.00 24.00 60.00 16.00 36.00 0.08 0.40 1.00 0.00 0.00 4.00 9.00 9.00 4.00 11.00 2.00 0.00 0.00 0.00 0.00 0.00
232.00 22.00 19.00 53.00 106.00 34.00 53.00 0.07 0.60 1.00 0.00 0.00 10.00 16.00 12.00 6.00 17.00 5.00 0.00 0.00 1.00 0.00 0.00
233.00 17.00 15.00 38.00 82.00 23.00 44.00 0.08 1.42 1.00 0.00 0.00 2.00 7.00 15.00 10.00 14.00 3.00 0.00 0.00 0.00 0.00 0.00
234.00 23.00 19.00 54.00 113.00 35.00 59.00 0.10 0.62 1.00 0.00 0.00 6.00 13.00 17.00 10.00 17.00 6.00 0.00 0.00 1.00 0.00 0.00
235.00 21.00 19.00 48.00 97.00 29.00 49.00 0.06 1.34 1.00 0.00 0.00 6.00 12.00 15.00 9.00 15.00 6.00 0.00 0.00 1.00 0.00 0.00
236.00 20.00 22.00 55.00 100.00 33.00 45.00 0.07 0.50 0.00 0.00 0.00 5.00 14.00 15.00 6.00 17.00 3.00 0.00 0.00 1.00 0.00 0.00
237.00 17.00 11.00 39.00 89.00 28.00 50.00 0.09 0.63 1.00 0.00 0.00 5.00 11.00 12.00 6.00 11.00 6.00 0.00 0.00 1.00 0.00 0.00
238.00 19.00 19.00 43.00 95.00 24.00 52.00 0.09 0.55 0.00 0.00 0.00 4.00 11.00 15.00 8.00 14.00 5.00 0.00 0.00 0.00 0.00 0.00
239.00 20.00 24.00 53.00 97.00 29.00 44.00 0.08 0.49 1.00 0.00 0.00 3.00 8.00 17.00 12.00 12.00 8.00 0.00 0.00 1.00 0.00 0.00
240.00 18.00 18.00 45.00 98.00 27.00 53.00 0.08 0.49 1.00 0.00 0.00 3.00 4.00 15.00 14.00 9.00 9.00 0.00 0.00 0.00 0.00 0.00
241.00 17.00 14.00 43.00 88.00 29.00 45.00 0.09 0.52 1.00 0.00 0.00 4.00 9.00 13.00 8.00 13.00 4.00 0.00 0.00 1.00 0.00 0.00
242.00 20.00 18.00 51.00 105.00 33.00 54.00 0.08 0.54 0.00 0.00 0.00 4.00 10.00 16.00 10.00 14.00 6.00 0.00 0.00 1.00 0.00 0.00
243.00 21.00 27.00 61.00 109.00 34.00 48.00 0.08 0.55 1.00 0.00 0.00 6.00 14.00 15.00 7.00 15.00 6.00 0.00 0.00 0.00 0.00 0.00
244.00 16.00 15.00 37.00 80.00 22.00 43.00 0.08 0.40 1.00 1.00 1.00 4.00 10.00 12.00 6.00 12.00 4.00 0.00 0.00 0.00 0.00 0.00
245.00 19.00 17.00 51.00 97.00 34.00 46.00 0.10 0.64 0.00 0.00 0.00 4.00 9.00 15.00 10.00 12.00 7.00 0.00 0.00 0.00 0.00 0.00
246.00 19.00 14.00 49.00 100.00 35.00 51.00 0.10 0.64 0.00 0.00 0.00 5.00 11.00 14.00 8.00 15.00 4.00 0.00 0.00 1.00 0.00 0.00
247.00 25.00 29.00 67.00 130.00 38.00 63.00 0.07 0.64 1.00 0.00 0.00 2.00 11.00 23.00 14.00 15.00 10.00 0.00 0.00 0.00 0.00 0.00
248.00 15.00 10.00 32.00 77.00 22.00 45.00 0.10 0.53 1.00 0.00 0.00 5.00 10.00 10.00 5.00 13.00 2.00 0.00 0.00 2.00 0.00 0.00
249.00 21.00 25.00 58.00 105.00 33.00 47.00 0.06 0.69 1.00 0.00 0.00 6.00 8.00 15.00 13.00 15.00 6.00 0.00 0.00 1.00 0.00 0.00
250.00 14.00 9.00 34.00 70.00 25.00 36.00 0.08 0.54 1.00 0.00 0.00 4.00 6.00 10.00 8.00 11.00 3.00 0.00 0.00 0.00 0.00 0.00
251.00 19.00 17.00 50.00 90.00 33.00 40.00 0.09 0.59 1.00 0.00 0.00 5.00 12.00 14.00 7.00 12.00 7.00 0.00 0.00 0.00 0.00 0.00
252.00 15.00 4.00 23.00 77.00 19.00 54.00 0.08 0.56 0.00 0.00 0.00 4.00 9.00 11.00 6.00 13.00 2.00 0.00 0.00 0.00 0.00 0.00
253.00 17.00 10.00 39.00 83.00 29.00 44.00 0.07 0.66 1.00 0.00 0.00 8.00 11.00 9.00 6.00 12.00 5.00 0.00 0.00 0.00 0.00 0.00
254.00 9.00 4.00 17.00 41.00 13.00 24.00 0.07 0.29 0.00 0.00 0.00 3.00 4.00 6.00 5.00 6.00 3.00 0.00 0.00 0.00 0.00 0.00
255.00 7.00 4.00 14.00 29.00 10.00 15.00 0.08 0.27 0.00 0.00 0.00 2.00 4.00 5.00 3.00 6.00 1.00 0.00 0.00 0.00 0.00 0.00
256.00 14.00 9.00 29.00 64.00 20.00 35.00 0.08 0.50 0.00 1.00 0.00 5.00 9.00 9.00 5.00 9.00 5.00 0.00 0.00 0.00 0.00 0.00
257.00 18.00 10.00 37.00 90.00 27.00 53.00 0.08 0.55 0.00 1.00 0.00 7.00 11.00 11.00 7.00 15.00 3.00 0.00 0.00 0.00 0.00 0.00
258.00 5.00 1.00 5.00 20.00 4.00 15.00 0.07 0.20 0.00 0.00 0.00 3.00 4.00 2.00 1.00 5.00 0.00 0.00 0.00 0.00 0.00 0.00
259.00 12.00 6.00 26.00 56.00 20.00 30.00 0.07 0.35 0.00 0.00 0.00 4.00 7.00 8.00 5.00 9.00 3.00 0.00 0.00 0.00 0.00 0.00
260.00 15.00 12.00 26.00 66.00 14.00 40.00 0.08 0.58 0.00 0.00 0.00 8.00 12.00 7.00 3.00 12.00 3.00 0.00 0.00 0.00 0.00 0.00
261.00 14.00 8.00 29.00 67.00 21.00 38.00 0.08 0.42 1.00 0.00 0.00 5.00 8.00 9.00 6.00 12.00 2.00 0.00 0.00 0.00 0.00 0.00
262.00 13.00 4.00 21.00 62.00 17.00 41.00 0.09 0.46 0.00 0.00 0.00 8.00 10.00 5.00 3.00 11.00 2.00 0.00 0.00 0.00 0.00 0.00
263.00 15.00 12.00 33.00 72.00 21.00 39.00 0.08 0.42 0.00 0.00 0.00 4.00 8.00 11.00 7.00 10.00 5.00 0.00 0.00 0.00 0.00 0.00
264.00 13.00 8.00 24.00 54.00 16.00 30.00 0.08 0.37 0.00 0.00 0.00 5.00 8.00 8.00 5.00 10.00 3.00 0.00 0.00 0.00 0.00 0.00
265.00 13.00 10.00 31.00 65.00 21.00 34.00 0.09 0.43 0.00 0.00 0.00 4.00 8.00 9.00 5.00 9.00 4.00 0.00 0.00 0.00 0.00 0.00
266.00 12.00 10.00 23.00 58.00 13.00 35.00 0.07 0.49 0.00 0.00 0.00 3.00 8.00 9.00 4.00 11.00 1.00 0.00 0.00 0.00 0.00 0.00
267.00 15.00 6.00 31.00 74.00 25.00 43.00 0.09 0.60 0.00 0.00 0.00 5.00 10.00 10.00 5.00 13.00 2.00 0.00 0.00 0.00 0.00 0.00
268.00 15.00 13.00 32.00 70.00 19.00 38.00 0.08 0.60 0.00 1.00 0.00 6.00 8.00 9.00 7.00 9.00 6.00 0.00 0.00 0.00 0.00 0.00
269.00 14.00 10.00 29.00 63.00 19.00 34.00 0.08 0.67 0.00 0.00 0.00 6.00 10.00 8.00 4.00 11.00 3.00 0.00 0.00 0.00 0.00 0.00
270.00 11.00 5.00 22.00 53.00 17.00 31.00 0.09 0.41 0.00 0.00 0.00 2.00 8.00 9.00 3.00 9.00 2.00 0.00 0.00 0.00 0.00 0.00
271.00 15.00 7.00 31.00 70.00 24.00 39.00 0.07 0.64 0.00 0.00 0.00 2.00 7.00 13.00 8.00 10.00 5.00 0.00 0.00 0.00 0.00 0.00
272.00 11.00 6.00 21.00 52.00 15.00 31.00 0.08 0.43 0.00 0.00 0.00 4.00 7.00 7.00 4.00 8.00 3.00 0.00 0.00 0.00 0.00 0.00
273.00 6.00 1.00 9.00 27.00 8.00 18.00 0.08 0.42 0.00 0.00 0.00 3.00 5.00 3.00 1.00 6.00 0.00 0.00 0.00 0.00 0.00 0.00
274.00 6.00 0.00 1.00 14.00 1.00 13.00 0.09 1.44 0.00 0.00 0.00 2.00 6.00 4.00 0.00 6.00 0.00 0.00 0.00 0.00 0.00 0.00
275.00 4.00 1.00 3.00 12.00 2.00 9.00 0.08 0.16 0.00 0.00 0.00 2.00 4.00 2.00 0.00 4.00 0.00 0.00 0.00 0.00 0.00 0.00
276.00 6.00 2.00 8.00 25.00 6.00 17.00 0.07 0.22 0.00 0.00 0.00 1.00 1.00 5.00 5.00 4.00 2.00 0.00 0.00 0.00 0.00 0.00
277.00 9.00 1.00 9.00 32.00 8.00 23.00 0.08 0.43 0.00 0.00 0.00 4.00 6.00 5.00 3.00 8.00 1.00 0.00 0.00 0.00 0.00 0.00
278.00 4.00 0.00 2.00 16.00 2.00 14.00 0.08 0.13 0.00 0.00 0.00 2.00 4.00 2.00 0.00 4.00 0.00 0.00 0.00 0.00 0.00 0.00
279.00 3.00 0.00 2.00 9.00 2.00 7.00 0.08 0.09 0.00 0.00 0.00 2.00 3.00 1.00 0.00 3.00 0.00 0.00 0.00 0.00 0.00 0.00
280.00 5.00 2.00 8.00 20.00 6.00 12.00 0.10 0.20 0.00 0.00 0.00 1.00 3.00 4.00 2.00 4.00 1.00 0.00 0.00 0.00 0.00 0.00
281.00 5.00 0.00 2.00 21.00 2.00 19.00 0.08 0.16 0.00 0.00 0.00 3.00 4.00 2.00 1.00 5.00 0.00 0.00 0.00 0.00 0.00 0.00
282.00 11.00 8.00 22.00 50.00 14.00 28.00 0.07 0.43 0.00 0.00 0.00 2.00 4.00 9.00 7.00 8.00 3.00 0.00 0.00 0.00 0.00 0.00
283.00 4.00 0.00 1.00 11.00 1.00 10.00 0.08 0.25 0.00 0.00 0.00 3.00 3.00 1.00 1.00 4.00 0.00 0.00 0.00 0.00 0.00 0.00
284.00 9.00 5.00 15.00 39.00 10.00 24.00 0.08 0.54 0.00 0.00 0.00 4.00 7.00 5.00 2.00 9.00 0.00 0.00 0.00 0.00 0.00 0.00
285.00 8.00 4.00 14.00 37.00 10.00 23.00 0.08 0.35 0.00 0.00 0.00 4.00 4.00 4.00 4.00 8.00 0.00 0.00 0.00 0.00 0.00 0.00
286.00 5.00 2.00 7.00 20.00 5.00 13.00 0.09 0.14 0.00 0.00 0.00 4.00 4.00 1.00 1.00 4.00 1.00 0.00 0.00 0.00 0.00 0.00
287.00 6.00 2.00 8.00 26.00 6.00 18.00 0.09 0.24 0.00 0.00 0.00 0.00 3.00 6.00 3.00 3.00 3.00 0.00 0.00 0.00 0.00 0.00
288.00 5.00 0.00 0.00 14.00 0.00 14.00 0.08 0.89 0.00 0.00 0.00 2.00 5.00 3.00 0.00 5.00 0.00 0.00 0.00 0.00 0.00 0.00
289.00 3.00 0.00 0.00 4.00 0.00 4.00 0.07 0.14 0.00 0.00 0.00 2.00 3.00 1.00 0.00 3.00 0.00 0.00 0.00 0.00 0.00 0.00
290.00 3.00 0.00 2.00 10.00 2.00 8.00 0.08 0.20 0.00 0.00 0.00 2.00 3.00 1.00 0.00 3.00 0.00 0.00 0.00 0.00 0.00 0.00
291.00 3.00 0.00 2.00 8.00 2.00 6.00 0.08 0.24 0.00 0.00 0.00 2.00 3.00 1.00 0.00 3.00 0.00 0.00 0.00 0.00 0.00 0.00
292.00 6.00 2.00 9.00 23.00 7.00 14.00 0.08 0.26 0.00 0.00 0.00 3.00 5.00 3.00 1.00 6.00 0.00 0.00 0.00 0.00 0.00 0.00
293.00 3.00 0.00 0.00 3.00 0.00 3.00 0.08 0.27 0.00 0.00 0.00 2.00 3.00 1.00 0.00 3.00 0.00 0.00 0.00 0.00 0.00 0.00
294.00 4.00 0.00 0.00 2.00 0.00 2.00 0.08 4.15 0.00 0.00 0.00 3.00 3.00 1.00 1.00 4.00 0.00 0.00 0.00 0.00 0.00 0.00
295.00 3.00 0.00 2.00 9.00 2.00 7.00 0.06 0.20 0.00 0.00 0.00 2.00 3.00 1.00 0.00 3.00 0.00 0.00 0.00 0.00 0.00 0.00
296.00 3.00 0.00 0.00 4.00 0.00 4.00 0.08 0.19 0.00 0.00 0.00 2.00 3.00 1.00 0.00 3.00 0.00 0.00 0.00 0.00 0.00 0.00
297.00 2.00 0.00 0.00 1.00 0.00 1.00 0.08 0.17 0.00 0.00 0.00 2.00 2.00 0.00 0.00 2.00 0.00 0.00 0.00 0.00 0.00 0.00
