0.00 2.00 0.00 0.00 1.00 0.00 1.00 0.08 0.03 0.00 0.00 0.00 2.00 2.00 0.00 0.00 2.00 0.00 0.00 0.00 0.00 0.00 0.00
1.00 3.00 0.00 1.00 7.00 1.00 6.00 0.09 0.21 0.00 0.00 0.00 2.00 3.00 1.00 0.00 3.00 0.00 0.00 0.00 0.00 0.00 0.00
2.00 3.00 0.00 0.00 7.00 0.00 7.00 0.09 4.53 0.00 0.00 0.00 2.00 3.00 1.00 0.00 3.00 0.00 0.00 0.00 0.00 0.00 0.00
3.00 3.00 0.00 1.00 7.00 1.00 6.00 0.06 0.26 0.00 0.00 0.00 2.00 3.00 1.00 0.00 3.00 0.00 0.00 0.00 0.00 0.00 0.00
4.00 3.00 0.00 0.00 0.00 0.00 0.00 0.09 0.18 0.00 0.00 0.00 2.00 3.00 1.00 0.00 3.00 0.00 0.00 0.00 0.00 0.00 0.00
5.00 7.00 1.00 8.00 29.00 7.00 21.00 0.08 5.43 0.00 0.00 0.00 4.00 6.00 3.00 1.00 6.00 1.00 0.00 0.00 0.00 0.00 0.00
6.00 3.00 0.00 0.00 5.00 0.00 5.00 0.08 0.26 0.00 0.00 0.00 2.00 3.00 1.00 0.00 3.00 0.00 0.00 0.00 0.00 0.00 0.00
7.00 3.00 0.00 0.00 5.00 0.00 5.00 0.09 4.13 0.00 0.00 0.00 2.00 3.00 1.00 0.00 3.00 0.00 0.00 0.00 0.00 0.00 0.00
8.00 6.00 3.00 11.00 27.00 8.00 16.00 0.09 4.76 0.00 0.00 0.00 2.00 4.00 4.00 2.00 6.00 0.00 0.00 0.00 0.00 0.00 0.00
9.00 3.00 0.00 1.00 7.00 1.00 6.00 0.08 0.20 0.00 0.00 0.00 2.00 3.00 1.00 0.00 3.00 0.00 0.00 0.00 0.00 0.00 0.00
10.00 4.00 0.00 2.00 16.00 2.00 14.00 0.09 0.20 0.00 0.00 0.00 2.00 4.00 2.00 0.00 4.00 0.00 0.00 0.00 0.00 0.00 0.00
11.00 10.00 7.00 22.00 46.00 15.00 24.00 0.09 5.05 0.00 0.00 0.00 3.00 5.00 7.00 5.00 9.00 1.00 0.00 0.00 0.00 0.00 0.00
12.00 4.00 0.00 4.00 13.00 4.00 9.00 0.09 0.21 0.00 0.00 0.00 2.00 4.00 2.00 0.00 4.00 0.00 0.00 0.00 0.00 0.00 0.00
13.00 7.00 2.00 10.00 33.00 8.00 23.00 0.08 4.47 0.00 0.00 0.00 1.00 5.00 6.00 2.00 6.00 1.00 0.00 0.00 0.00 0.00 0.00
14.00 10.00 2.00 13.00 38.00 11.00 25.00 0.11 4.79 0.00 0.00 0.00 4.00 8.00 6.00 2.00 10.00 0.00 0.00 0.00 0.00 0.00 0.00
15.00 9.00 4.00 17.00 44.00 13.00 27.00 0.09 4.46 0.00 0.00 0.00 2.00 5.00 7.00 4.00 8.00 1.00 0.00 0.00 0.00 0.00 0.00
16.00 9.00 5.00 17.00 40.00 12.00 23.00 0.09 2.10 0.00 0.00 0.00 3.00 4.00 6.00 5.00 7.00 2.00 0.00 0.00 0.00 0.00 0.00
17.00 6.00 1.00 7.00 25.00 6.00 18.00 0.09 0.17 0.00 0.00 0.00 3.00 5.00 3.00 1.00 6.00 0.00 0.00 0.00 0.00 0.00 0.00
18.00 8.00 3.00 9.00 33.00 6.00 24.00 0.08 2.11 0.00 0.00 0.00 4.00 6.00 4.00 2.00 7.00 1.00 0.00 0.00 0.00 0.00 0.00
19.00 9.00 4.00 11.00 38.00 7.00 27.00 0.08 2.12 0.00 0.00 0.00 3.00 5.00 6.00 4.00 8.00 1.00 0.00 0.00 0.00 0.00 0.00
20.00 3.00 0.00 1.00 6.00 1.00 5.00 0.11 0.12 0.00 0.00 0.00 2.00 3.00 1.00 0.00 3.00 0.00 0.00 0.00 0.00 0.00 0.00
21.00 8.00 3.00 15.00 37.00 12.00 22.00 0.10 3.58 0.00 0.00 0.00 3.00 5.00 5.00 3.00 8.00 0.00 0.00 0.00 0.00 0.00 0.00
22.00 11.00 9.00 23.00 53.00 14.00 30.00 0.08 3.10 0.00 1.00 0.00 3.00 5.00 8.00 6.00 9.00 2.00 0.00 0.00 0.00 0.00 0.00
23.00 9.00 4.00 13.00 35.00 9.00 22.00 0.09 2.13 0.00 1.00 0.00 3.00 6.00 6.00 3.00 9.00 0.00 0.00 0.00 0.00 0.00 0.00
24.00 10.00 3.00 17.00 39.00 14.00 22.00 0.09 0.43 0.00 0.00 0.00 3.00 8.00 7.00 2.00 9.00 1.00 0.00 0.00 0.00 0.00 0.00
25.00 13.00 11.00 29.00 66.00 18.00 37.00 0.09 2.66 0.00 0.00 0.00 3.00 9.00 10.00 4.00 10.00 3.00 0.00 0.00 1.00 0.00 0.00
26.00 9.00 7.00 19.00 45.00 12.00 26.00 0.09 2.25 0.00 2.00 0.00 2.00 3.00 7.00 6.00 7.00 2.00 0.00 0.00 0.00 0.00 0.00
27.00 13.00 12.00 31.00 65.00 19.00 34.00 0.08 2.69 0.00 1.00 0.00 3.00 7.00 10.00 6.00 9.00 4.00 0.00 0.00 0.00 0.00 0.00
28.00 11.00 9.00 25.00 53.00 16.00 28.00 0.08 0.26 0.00 0.00 0.00 6.00 9.00 5.00 2.00 9.00 2.00 0.00 0.00 0.00 0.00 0.00
29.00 15.00 11.00 29.00 69.00 18.00 40.00 0.10 3.09 0.00 1.00 0.00 6.00 10.00 9.00 5.00 14.00 1.00 0.00 0.00 0.00 0.00 0.00
30.00 11.00 2.00 21.00 50.00 19.00 29.00 0.08 3.03 0.00 1.00 0.00 5.00 7.00 6.00 4.00 9.00 2.00 0.00 0.00 0.00 0.00 0.00
31.00 10.00 8.00 23.00 45.00 15.00 22.00 0.08 2.02 0.00 1.00 0.00 6.00 6.00 4.00 4.00 8.00 2.00 0.00 0.00 0.00 0.00 0.00
32.00 16.00 11.00 35.00 73.00 24.00 38.00 0.09 1.44 0.00 2.00 0.00 4.00 9.00 12.00 7.00 12.00 4.00 0.00 0.00 0.00 0.00 0.00
33.00 15.00 19.00 42.00 72.00 23.00 30.00 0.11 2.54 0.00 1.00 0.00 2.00 6.00 13.00 9.00 10.00 5.00 0.00 0.00 0.00 0.00 0.00
34.00 12.00 7.00 21.00 47.00 14.00 26.00 0.08 2.94 0.00 2.00 0.00 2.00 6.00 10.00 6.00 8.00 4.00 0.00 0.00 0.00 0.00 0.00
35.00 16.00 16.00 39.00 77.00 23.00 38.00 0.07 2.47 0.00 2.00 0.00 6.00 9.00 10.00 7.00 13.00 3.00 0.00 0.00 0.00 0.00 0.00
36.00 22.00 26.00 52.00 101.00 26.00 49.00 0.07 3.55 0.00 1.00 0.00 8.00 13.00 14.00 9.00 17.00 5.00 0.00 0.00 0.00 0.00 0.00
37.00 16.00 18.00 42.00 76.00 24.00 34.00 0.10 4.35 0.00 1.00 0.00 4.00 10.00 12.00 6.00 13.00 3.00 0.00 0.00 0.00 0.00 0.00
38.00 17.00 18.00 37.00 77.00 19.00 40.00 0.10 2.32 0.00 1.00 0.00 3.00 7.00 14.00 10.00 14.00 3.00 0.00 0.00 0.00 0.00 0.00
39.00 7.00 1.00 12.00 31.00 11.00 19.00 0.08 2.81 0.00 0.00 0.00 2.00 5.00 5.00 2.00 7.00 0.00 0.00 0.00 0.00 0.00 0.00
40.00 17.00 16.00 45.00 83.00 29.00 38.00 0.10 2.87 0.00 1.00 0.00 7.00 12.00 10.00 5.00 15.00 2.00 0.00 0.00 1.00 0.00 0.00
41.00 17.00 21.00 44.00 88.00 23.00 44.00 0.06 3.72 0.00 1.00 0.00 5.00 8.00 12.00 9.00 12.00 5.00 0.00 0.00 2.00 0.00 0.00
42.00 21.00 31.00 55.00 97.00 24.00 42.00 0.09 3.60 0.00 1.00 0.00 6.00 13.00 15.00 8.00 18.00 3.00 0.00 0.00 0.00 0.00 0.00
43.00 19.00 17.00 50.00 95.00 33.00 45.00 0.08 4.31 0.00 1.00 0.00 5.00 11.00 14.00 8.00 15.00 4.00 0.00 0.00 0.00 0.00 0.00
44.00 19.00 24.00 51.00 97.00 27.00 46.00 0.08 3.97 0.00 1.00 0.00 4.00 7.00 15.00 12.00 11.00 8.00 0.00 0.00 0.00 0.00 0.00
45.00 20.00 25.00 46.00 94.00 21.00 48.00 0.08 2.71 0.00 0.00 0.00 4.00 10.00 16.00 10.00 14.00 6.00 0.00 0.00 0.00 0.00 0.00
46.00 20.00 24.00 54.00 92.00 30.00 38.00 0.08 2.77 0.00 0.00 0.00 6.00 12.00 14.00 8.00 16.00 4.00 0.00 0.00 0.00 0.00 0.00
47.00 17.00 14.00 37.00 73.00 23.00 36.00 0.07 3.05 0.00 1.00 0.00 4.00 12.00 13.00 5.00 14.00 3.00 0.00 0.00 0.00 0.00 0.00
48.00 18.00 15.00 42.00 87.00 27.00 45.00 0.08 3.52 0.00 2.00 0.00 6.00 9.00 12.00 9.00 11.00 7.00 0.00 0.00 0.00 1.00 0.00
49.00 14.00 10.00 34.00 69.00 24.00 35.00 0.09 4.18 0.00 1.00 0.00 6.00 10.00 8.00 4.00 11.00 3.00 0.00 0.00 0.00 1.00 0.00
50.00 19.00 20.00 51.00 93.00 31.00 42.00 0.09 3.00 0.00 1.00 0.00 5.00 9.00 14.00 10.00 12.00 7.00 0.00 0.00 0.00 0.00 0.00
51.00 14.00 11.00 38.00 66.00 27.00 28.00 0.10 1.76 0.00 2.00 0.00 4.00 6.00 10.00 8.00 11.00 3.00 0.00 0.00 0.00 0.00 0.00
52.00 19.00 22.00 44.00 90.00 22.00 46.00 0.09 4.76 0.00 1.00 0.00 8.00 12.00 11.00 7.00 16.00 3.00 0.00 0.00 0.00 0.00 0.00
53.00 15.00 10.00 31.00 69.00 21.00 38.00 0.09 4.78 0.00 2.00 0.00 5.00 9.00 10.00 6.00 11.00 4.00 0.00 0.00 0.00 0.00 0.00
54.00 18.00 11.00 36.00 70.00 25.00 34.00 0.09 4.59 0.00 2.00 0.00 9.00 11.00 9.00 7.00 15.00 3.00 0.00 0.00 0.00 0.00 0.00
55.00 7.00 2.00 12.00 31.00 10.00 19.00 0.08 0.33 0.00 1.00 0.00 3.00 5.00 4.00 2.00 6.00 1.00 0.00 0.00 0.00 0.00 0.00
56.00 17.00 21.00 48.00 91.00 27.00 43.00 0.09 4.22 0.00 2.00 0.00 4.00 6.00 13.00 11.00 7.00 10.00 0.00 0.00 0.00 0.00 0.00
57.00 21.00 33.00 59.00 102.00 26.00 43.00 0.08 3.23 0.00 2.00 0.00 7.00 12.00 14.00 9.00 17.00 4.00 0.00 0.00 0.00 0.00 0.00
58.00 15.00 15.00 41.00 79.00 26.00 38.00 0.08 2.44 1.00 2.00 0.50 3.00 6.00 12.00 9.00 8.00 7.00 0.00 0.00 0.00 0.00 0.00
59.00 22.00 24.00 55.00 105.00 31.00 50.00 0.07 3.04 0.00 2.00 0.00 5.00 10.00 17.00 12.00 15.00 7.00 0.00 0.00 0.00 0.00 0.00
60.00 13.00 8.00 23.00 54.00 15.00 31.00 0.07 2.52 0.00 2.00 0.00 4.00 6.00 9.00 7.00 6.00 7.00 0.00 0.00 0.00 0.00 0.00
61.00 18.00 23.00 48.00 85.00 25.00 37.00 0.08 3.71 0.00 1.00 0.00 6.00 9.00 12.00 9.00 12.00 6.00 0.00 0.00 0.00 0.00 0.00
62.00 20.00 22.00 55.00 95.00 33.00 40.00 0.09 3.96 0.00 0.00 0.00 5.00 11.00 15.00 9.00 13.00 7.00 0.00 0.00 0.00 0.00 0.00
63.00 17.00 22.00 43.00 87.00 21.00 44.00 0.08 4.71 1.00 2.00 0.50 5.00 6.00 12.00 11.00 9.00 8.00 0.00 0.00 0.00 0.00 0.00
64.00 20.00 18.00 53.00 102.00 35.00 49.00 0.07 4.72 1.00 2.00 0.50 5.00 11.00 15.00 9.00 11.00 9.00 0.00 0.00 0.00 0.00 0.00
65.00 21.00 28.00 58.00 103.00 30.00 45.00 0.10 4.73 0.00 2.00 0.00 6.00 10.00 15.00 11.00 16.00 5.00 0.00 0.00 0.00 0.00 0.00
66.00 21.00 24.00 56.00 102.00 32.00 46.00 0.09 4.66 0.00 1.00 0.00 4.00 11.00 17.00 10.00 14.00 7.00 0.00 0.00 0.00 0.00 0.00
67.00 23.00 20.00 62.00 115.00 42.00 53.00 0.08 4.77 0.00 2.00 0.00 7.00 11.00 16.00 12.00 17.00 6.00 0.00 0.00 0.00 0.00 0.00
68.00 22.00 27.00 61.00 108.00 34.00 47.00 0.09 4.73 1.00 2.00 0.50 10.00 14.00 12.00 8.00 15.00 7.00 0.00 0.00 0.00 0.00 0.00
69.00 26.00 35.00 75.00 131.00 40.00 56.00 0.07 4.42 1.00 2.00 0.50 6.00 11.00 20.00 15.00 17.00 9.00 0.00 0.00 0.00 0.00 0.00
70.00 21.00 23.00 51.00 93.00 28.00 42.00 0.08 4.74 1.00 2.00 0.50 5.00 9.00 16.00 12.00 14.00 7.00 0.00 0.00 0.00 1.00 0.00
71.00 19.00 21.00 55.00 96.00 34.00 41.00 0.09 4.66 1.00 2.00 0.50 4.00 11.00 15.00 8.00 13.00 6.00 0.00 0.00 0.00 0.00 0.00
72.00 25.00 30.00 75.00 120.00 45.00 45.00 0.08 4.42 1.00 2.00 0.50 6.00 11.00 19.00 14.00 17.00 8.00 0.00 0.00 1.00 0.00 0.00
73.00 24.00 30.00 65.00 124.00 35.00 59.00 0.09 4.46 2.00 2.00 1.00 7.00 15.00 17.00 9.00 16.00 8.00 0.00 0.00 0.00 0.00 0.00
74.00 26.00 29.00 71.00 134.00 42.00 63.00 0.09 4.46 0.00 1.00 0.00 6.00 12.00 20.00 14.00 15.00 11.00 0.00 0.00 0.00 0.00 0.00
75.00 20.00 22.00 48.00 93.00 26.00 45.00 0.08 4.18 1.00 1.00 1.00 5.00 8.00 15.00 12.00 14.00 6.00 0.00 0.00 0.00 0.00 0.00
76.00 22.00 31.00 63.00 110.00 32.00 47.00 0.08 4.45 1.00 2.00 0.50 7.00 12.00 15.00 10.00 17.00 5.00 0.00 0.00 0.00 0.00 0.00
77.00 20.00 19.00 49.00 99.00 30.00 50.00 0.08 3.91 0.00 2.00 0.00 4.00 11.00 16.00 9.00 13.00 7.00 0.00 0.00 0.00 0.00 0.00
78.00 28.00 35.00 74.00 139.00 39.00 65.00 0.08 4.31 0.00 2.00 0.00 7.00 14.00 21.00 14.00 20.00 8.00 0.00 0.00 0.00 0.00 0.00
79.00 27.00 39.00 71.00 136.00 32.00 65.00 0.08 4.36 0.00 1.00 0.00 7.00 13.00 20.00 14.00 26.00 1.00 0.00 0.00 0.00 0.00 0.00
80.00 27.00 37.00 79.00 138.00 42.00 59.00 0.08 4.40 0.00 0.00 0.00 5.00 9.00 22.00 18.00 16.00 11.00 0.00 0.00 0.00 0.00 0.00
81.00 26.00 28.00 67.00 132.00 39.00 65.00 0.10 4.56 0.00 1.00 0.00 4.00 14.00 22.00 12.00 17.00 9.00 0.00 0.00 0.00 1.00 0.00
82.00 27.00 28.00 67.00 135.00 39.00 68.00 0.09 4.33 0.00 1.00 0.00 6.00 10.00 21.00 17.00 14.00 13.00 0.00 0.00 1.00 0.00 0.00
83.00 26.00 19.00 61.00 129.00 42.00 68.00 0.08 4.38 0.00 1.00 0.00 7.00 16.00 19.00 10.00 22.00 4.00 0.00 0.00 0.00 0.00 0.00
84.00 26.00 26.00 67.00 136.00 41.00 69.00 0.08 4.51 0.00 0.00 0.00 6.00 8.00 20.00 18.00 13.00 13.00 0.00 0.00 0.00 0.00 0.00
85.00 26.00 33.00 74.00 126.00 41.00 52.00 0.09 4.63 1.00 2.00 0.50 10.00 18.00 16.00 8.00 19.00 7.00 0.00 0.00 0.00 0.00 0.00
86.00 25.00 32.00 70.00 129.00 38.00 59.00 0.09 4.35 1.00 1.00 1.00 5.00 12.00 20.00 13.00 17.00 8.00 0.00 0.00 0.00 0.00 0.00
87.00 21.00 24.00 61.00 105.00 37.00 44.00 0.08 4.52 0.00 1.00 0.00 7.00 10.00 14.00 11.00 14.00 7.00 0.00 0.00 0.00 0.00 0.00
88.00 20.00 17.00 51.00 89.00 34.00 38.00 0.08 4.70 1.00 1.00 1.00 6.00 12.00 14.00 8.00 13.00 7.00 0.00 0.00 0.00 0.00 0.00
89.00 21.00 21.00 53.00 105.00 32.00 52.00 0.09 4.37 1.00 2.00 0.50 9.00 13.00 12.00 8.00 15.00 6.00 0.00 0.00 0.00 0.00 0.00
90.00 31.00 45.00 95.00 153.00 50.00 58.00 0.07 4.44 1.00 3.00 0.33 9.00 17.00 22.00 14.00 19.00 12.00 0.00 0.00 0.00 0.00 0.00
91.00 27.00 34.00 81.00 135.00 47.00 54.00 0.10 4.46 1.00 2.00 0.50 10.00 17.00 17.00 10.00 19.00 8.00 0.00 0.00 0.00 0.00 0.00
92.00 28.00 44.00 86.00 137.00 42.00 51.00 0.09 4.34 1.00 3.00 0.33 5.00 8.00 23.00 20.00 16.00 12.00 0.00 0.00 0.00 0.00 0.00
93.00 29.00 41.00 91.00 148.00 50.00 57.00 0.11 4.52 1.00 2.00 0.50 6.00 13.00 23.00 16.00 20.00 9.00 0.00 0.00 0.00 0.00 0.00
94.00 27.00 33.00 84.00 142.00 51.00 58.00 0.09 4.29 1.00 3.00 0.33 6.00 9.00 21.00 18.00 14.00 13.00 0.00 0.00 0.00 0.00 0.00
95.00 33.00 50.00 96.00 169.00 46.00 73.00 0.08 4.47 2.00 2.00 1.00 6.00 15.00 27.00 18.00 19.00 14.00 0.00 0.00 0.00 0.00 0.00
96.00 32.00 54.00 96.00 173.00 42.00 77.00 0.08 4.45 1.00 2.00 0.50 6.00 11.00 26.00 21.00 18.00 14.00 0.00 0.00 0.00 0.00 1.00
97.00 28.00 28.00 79.00 151.00 51.00 72.00 0.08 3.86 1.00 3.00 0.33 6.00 13.00 22.00 15.00 17.00 11.00 0.00 0.00 0.00 0.00 0.00
98.00 27.00 36.00 77.00 136.00 41.00 59.00 0.08 4.34 1.00 2.00 0.50 9.00 14.00 18.00 13.00 21.00 6.00 0.00 0.00 0.00 0.00 0.00
99.00 31.00 48.00 93.00 155.00 45.00 62.00 0.09 4.31 1.00 2.00 0.50 6.00 12.00 25.00 19.00 20.00 11.00 0.00 0.00 0.00 0.00 0.00
100.00 26.00 33.00 75.00 133.00 42.00 58.00 0.09 4.23 0.00 2.00 0.00 8.00 14.00 18.00 12.00 17.00 9.00 0.00 0.00 0.00 0.00 0.00
101.00 25.00 35.00 71.00 130.00 36.00 59.00 0.06 4.10 1.00 1.00 1.00 5.00 12.00 20.00 13.00 16.00 9.00 0.00 0.00 0.00 0.00 0.00
102.00 21.00 21.00 51.00 102.00 30.00 51.00 0.08 4.57 0.00 0.00 0.00 10.00 14.00 11.00 7.00 15.00 6.00 0.00 0.00 1.00 0.00 0.00
103.00 27.00 33.00 71.00 127.00 38.00 56.00 0.08 3.93 1.00 1.00 1.00 8.00 15.00 19.00 12.00 18.00 9.00 0.00 0.00 0.00 0.00 0.00
104.00 29.00 35.00 79.00 149.00 44.00 70.00 0.09 4.33 1.00 4.00 0.25 10.00 12.00 19.00 17.00 16.00 13.00 0.00 0.00 0.00 0.00 0.00
105.00 34.00 45.00 98.00 173.00 53.00 75.00 0.08 4.61 1.00 2.00 0.50 6.00 11.00 28.00 23.00 18.00 16.00 0.00 0.00 0.00 0.00 1.00
106.00 28.00 34.00 75.00 130.00 41.00 55.00 0.09 4.48 1.00 1.00 1.00 7.00 13.00 21.00 15.00 19.00 9.00 0.00 0.00 0.00 0.00 0.00
107.00 33.00 49.00 99.00 159.00 50.00 60.00 0.09 4.47 2.00 3.00 0.67 9.00 16.00 24.00 17.00 21.00 12.00 0.00 0.00 0.00 1.00 0.00
108.00 31.00 41.00 89.00 157.00 48.00 68.00 0.09 4.47 2.00 3.00 0.67 12.00 14.00 19.00 17.00 15.00 16.00 0.00 0.00 0.00 0.00 0.00
109.00 33.00 55.00 98.00 172.00 43.00 74.00 0.10 4.41 2.00 3.00 0.67 3.00 10.00 30.00 23.00 19.00 14.00 0.00 0.00 0.00 0.00 0.00
110.00 31.00 44.00 90.00 151.00 46.00 61.00 0.10 4.39 1.00 2.00 0.50 7.00 13.00 24.00 18.00 22.00 9.00 0.00 0.00 1.00 0.00 0.00
111.00 27.00 31.00 71.00 140.00 40.00 69.00 0.09 4.49 1.00 1.00 1.00 8.00 13.00 19.00 14.00 18.00 9.00 0.00 0.00 1.00 0.00 0.00
112.00 25.00 33.00 69.00 121.00 36.00 52.00 0.09 4.71 1.00 2.00 0.50 7.00 10.00 18.00 15.00 17.00 8.00 0.00 0.00 0.00 0.00 0.00
113.00 27.00 39.00 82.00 131.00 43.00 49.00 0.09 4.31 1.00 2.00 0.50 9.00 14.00 18.00 13.00 19.00 8.00 0.00 0.00 0.00 0.00 0.00
114.00 33.00 47.00 98.00 166.00 51.00 68.00 0.10 4.41 1.00 2.00 0.50 8.00 15.00 25.00 18.00 21.00 12.00 0.00 0.00 0.00 0.00 0.00
115.00 31.00 36.00 88.00 158.00 52.00 70.00 0.08 4.37 1.00 3.00 0.33 6.00 15.00 25.00 16.00 17.00 14.00 0.00 0.00 0.00 0.00 0.00
116.00 28.00 41.00 84.00 141.00 43.00 57.00 0.10 4.54 1.00 2.00 0.50 7.00 13.00 21.00 15.00 17.00 11.00 0.00 0.00 0.00 0.00 0.00
117.00 34.00 48.00 97.00 170.00 49.00 73.00 0.09 4.49 1.00 3.00 0.33 7.00 17.00 27.00 17.00 22.00 12.00 0.00 0.00 0.00 1.00 0.00
118.00 29.00 38.00 85.00 150.00 47.00 65.00 0.09 4.57 1.00 2.00 0.50 8.00 10.00 21.00 19.00 16.00 13.00 0.00 0.00 0.00 0.00 0.00
119.00 29.00 39.00 89.00 148.00 50.00 59.00 0.07 4.49 2.00 4.00 0.50 7.00 8.00 22.00 21.00 19.00 10.00 0.00 0.00 0.00 0.00 0.00
120.00 32.00 47.00 98.00 168.00 51.00 70.00 0.09 4.43 1.00 4.00 0.25 10.00 15.00 22.00 17.00 21.00 11.00 0.00 0.00 0.00 0.00 0.00
121.00 28.00 31.00 82.00 146.00 51.00 64.00 0.09 4.47 1.00 4.00 0.25 4.00 11.00 24.00 17.00 15.00 13.00 0.00 1.00 0.00 0.00 0.00
122.00 31.00 40.00 101.00 165.00 61.00 64.00 0.08 4.56 1.00 4.00 0.25 5.00 9.00 26.00 22.00 16.00 15.00 0.00 0.00 0.00 0.00 0.00
123.00 27.00 26.00 74.00 141.00 48.00 67.00 0.09 4.40 1.00 4.00 0.25 6.00 14.00 21.00 13.00 17.00 10.00 0.00 0.00 0.00 0.00 0.00
124.00 30.00 34.00 80.00 152.00 46.00 72.00 0.09 4.47 0.00 2.00 0.00 6.00 14.00 24.00 16.00 20.00 10.00 0.00 0.00 0.00 0.00 0.00
125.00 34.00 53.00 110.00 169.00 57.00 59.00 0.08 4.59 1.00 3.00 0.33 5.00 15.00 29.00 19.00 20.00 14.00 0.00 0.00 0.00 0.00 0.00
126.00 31.00 38.00 88.00 159.00 50.00 71.00 0.08 4.31 1.00 3.00 0.33 6.00 12.00 25.00 19.00 16.00 15.00 0.00 0.00 0.00 0.00 0.00
127.00 32.00 38.00 93.00 164.00 55.00 71.00 0.10 4.61 2.00 4.00 0.50 12.00 17.00 20.00 15.00 21.00 11.00 0.00 0.00 0.00 0.00 0.00
128.00 34.00 47.00 100.00 177.00 53.00 77.00 0.09 4.57 1.00 4.00 0.25 11.00 16.00 23.00 18.00 21.00 13.00 0.00 0.00 0.00 1.00 0.00
129.00 33.00 42.00 93.00 157.00 51.00 64.00 0.07 4.17 1.00 4.00 0.25 9.00 12.00 24.00 21.00 22.00 11.00 0.00 0.00 1.00 0.00 0.00
130.00 29.00 40.00 85.00 142.00 45.00 57.00 0.07 4.12 1.00 2.00 0.50 6.00 13.00 23.00 16.00 17.00 12.00 0.00 0.00 0.00 0.00 0.00
131.00 28.00 38.00 81.00 150.00 43.00 69.00 0.07 4.34 1.00 2.00 0.50 6.00 11.00 22.00 17.00 16.00 12.00 0.00 0.00 0.00 0.00 0.00
132.00 31.00 50.00 100.00 160.00 50.00 60.00 0.07 3.65 1.00 3.00 0.33 8.00 14.00 23.00 17.00 15.00 16.00 0.00 0.00 0.00 0.00 0.00
133.00 26.00 34.00 79.00 131.00 45.00 52.00 0.09 3.79 1.00 4.00 0.25 2.00 9.00 24.00 17.00 13.00 13.00 0.00 0.00 0.00 0.00 0.00
134.00 36.00 41.00 97.00 178.00 56.00 81.00 0.09 4.47 1.00 2.00 0.50 7.00 16.00 29.00 20.00 24.00 12.00 0.00 0.00 0.00 0.00 0.00
135.00 29.00 40.00 82.00 151.00 42.00 69.00 0.08 4.59 1.00 3.00 0.33 2.00 9.00 27.00 20.00 18.00 11.00 1.00 0.00 0.00 0.00 0.00
136.00 25.00 30.00 66.00 130.00 36.00 64.00 0.08 3.75 1.00 2.00 0.50 5.00 11.00 20.00 14.00 17.00 8.00 0.00 0.00 2.00 0.00 0.00
137.00 34.00 50.00 96.00 174.00 46.00 78.00 0.10 4.26 1.00 2.00 0.50 9.00 18.00 25.00 16.00 23.00 11.00 1.00 0.00 1.00 0.00 0.00
138.00 32.00 53.00 102.00 163.00 49.00 61.00 0.08 4.60 1.00 2.00 0.50 7.00 13.00 25.00 19.00 21.00 11.00 0.00 0.00 0.00 0.00 0.00
139.00 27.00 32.00 70.00 131.00 38.00 61.00 0.08 4.68 1.00 3.00 0.33 7.00 10.00 20.00 17.00 17.00 10.00 0.00 0.00 0.00 0.00 0.00
140.00 31.00 43.00 95.00 157.00 52.00 62.00 0.10 4.64 1.00 3.00 0.33 7.00 14.00 24.00 17.00 23.00 8.00 0.00 0.00 0.00 0.00 0.00
141.00 36.00 48.00 111.00 191.00 63.00 80.00 0.08 4.71 1.00 4.00 0.25 12.00 19.00 24.00 17.00 25.00 11.00 0.00 0.00 0.00 0.00 0.00
142.00 37.00 52.00 113.00 190.00 61.00 77.00 0.08 4.55 2.00 3.00 0.67 8.00 19.00 29.00 18.00 23.00 14.00 0.00 0.00 0.00 0.00 0.00
143.00 34.00 34.00 90.00 161.00 56.00 71.00 0.09 4.60 2.00 3.00 0.67 10.00 20.00 24.00 14.00 23.00 11.00 0.00 0.00 1.00 0.00 0.00
144.00 30.00 42.00 93.00 156.00 51.00 63.00 0.08 4.73 2.00 2.00 1.00 8.00 12.00 22.00 18.00 15.00 15.00 0.00 0.00 0.00 0.00 0.00
145.00 32.00 46.00 97.00 171.00 51.00 74.00 0.08 4.78 2.00 2.00 1.00 8.00 15.00 24.00 17.00 21.00 11.00 0.00 0.00 0.00 0.00 0.00
146.00 36.00 51.00 97.00 184.00 46.00 87.00 0.07 4.44 2.00 3.00 0.67 10.00 17.00 26.00 19.00 20.00 16.00 0.00 0.00 0.00 0.00 0.00
147.00 31.00 44.00 92.00 160.00 48.00 68.00 0.09 4.23 3.00 3.00 1.00 5.00 10.00 26.00 21.00 16.00 15.00 0.00 0.00 0.00 0.00 0.00
148.00 31.00 42.00 94.00 158.00 52.00 64.00 0.08 4.65 3.00 3.00 1.00 6.00 12.00 25.00 19.00 17.00 14.00 0.00 0.00 0.00 0.00 0.00
149.00 31.00 39.00 91.00 156.00 52.00 65.00 0.08 3.99 1.00 3.00 0.33 6.00 15.00 25.00 16.00 17.00 14.00 0.00 0.00 0.00 0.00 0.00
150.00 32.00 45.00 101.00 166.00 56.00 65.00 0.08 4.14 1.00 2.00 0.50 5.00 14.00 27.00 18.00 22.00 10.00 0.00 0.00 1.00 0.00 0.00
151.00 27.00 32.00 78.00 142.00 46.00 64.00 0.08 4.27 1.00 3.00 0.33 5.00 9.00 22.00 18.00 16.00 11.00 0.00 0.00 1.00 1.00 0.00
152.00 40.00 55.00 116.00 205.00 61.00 89.00 0.09 4.82 2.00 3.00 0.67 9.00 17.00 31.00 23.00 23.00 17.00 0.00 0.00 1.00 0.00 0.00
153.00 32.00 45.00 95.00 170.00 50.00 75.00 0.09 3.96 1.00 2.00 0.50 9.00 14.00 23.00 18.00 17.00 15.00 0.00 0.00 1.00 1.00 0.00
154.00 27.00 27.00 78.00 139.00 51.00 61.00 0.09 4.20 1.00 2.00 0.50 5.00 13.00 22.00 14.00 16.00 11.00 0.00 0.00 0.00 0.00 0.00
155.00 37.00 48.00 108.00 189.00 60.00 81.00 0.07 3.56 2.00 3.00 0.67 7.00 14.00 30.00 23.00 20.00 17.00 0.00 0.00 0.00 0.00 0.00
156.00 34.00 46.00 102.00 177.00 56.00 75.00 0.08 4.27 1.00 4.00 0.25 6.00 12.00 28.00 22.00 17.00 17.00 0.00 0.00 0.00 0.00 0.00
157.00 33.00 34.00 95.00 176.00 61.00 81.00 0.08 4.12 1.00 3.00 0.33 7.00 15.00 26.00 18.00 22.00 11.00 0.00 0.00 0.00 0.00 0.00
158.00 34.00 42.00 100.00 180.00 58.00 80.00 0.09 3.81 2.00 3.00 0.67 7.00 17.00 27.00 17.00 20.00 14.00 0.00 0.00 0.00 0.00 0.00
159.00 30.00 36.00 86.00 149.00 50.00 63.00 0.09 3.80 1.00 3.00 0.33 8.00 13.00 22.00 17.00 16.00 14.00 0.00 0.00 0.00 0.00 0.00
160.00 39.00 52.00 114.00 200.00 62.00 86.00 0.10 3.93 2.00 3.00 0.67 6.00 17.00 33.00 22.00 23.00 16.00 0.00 0.00 1.00 0.00 0.00
161.00 41.00 55.00 123.00 201.00 68.00 78.00 0.08 4.06 1.00 4.00 0.25 10.00 19.00 31.00 22.00 24.00 17.00 0.00 0.00 1.00 1.00 0.00
162.00 40.00 69.00 132.00 210.00 63.00 78.00 0.08 4.28 1.00 1.00 1.00 7.00 18.00 33.00 22.00 23.00 17.00 1.00 0.00 1.00 1.00 0.00
163.00 34.00 40.00 106.00 182.00 66.00 76.00 0.08 3.66 3.00 3.00 1.00 10.00 13.00 24.00 21.00 20.00 14.00 0.00 0.00 0.00 0.00 0.00
164.00 37.00 42.00 109.00 182.00 67.00 73.00 0.08 3.93 2.00 2.00 1.00 13.00 17.00 24.00 20.00 27.00 10.00 0.00 0.00 0.00 0.00 0.00
165.00 38.00 51.00 121.00 201.00 70.00 80.00 0.10 3.95 1.00 4.00 0.25 9.00 16.00 29.00 22.00 19.00 19.00 0.00 0.00 1.00 0.00 1.00
166.00 40.00 46.00 111.00 201.00 65.00 90.00 0.08 4.73 0.00 3.00 0.00 13.00 20.00 27.00 20.00 24.00 16.00 0.00 0.00 0.00 0.00 0.00
167.00 36.00 54.00 114.00 191.00 60.00 77.00 0.09 4.70 2.00 4.00 0.50 7.00 15.00 29.00 21.00 19.00 17.00 0.00 0.00 0.00 1.00 0.00
168.00 34.00 41.00 102.00 177.00 61.00 75.00 0.08 4.10 2.00 4.00 0.50 12.00 18.00 22.00 16.00 21.00 13.00 0.00 0.00 0.00 0.00 0.00
169.00 42.00 56.00 127.00 212.00 71.00 85.00 0.07 4.06 2.00 3.00 0.67 10.00 18.00 32.00 24.00 27.00 15.00 0.00 0.00 0.00 1.00 0.00
170.00 36.00 31.00 92.00 181.00 61.00 89.00 0.08 2.87 1.00 3.00 0.33 5.00 16.00 31.00 20.00 24.00 12.00 0.00 0.00 0.00 0.00 0.00
171.00 38.00 52.00 113.00 191.00 61.00 78.00 0.09 2.68 1.00 3.00 0.33 6.00 15.00 32.00 23.00 23.00 15.00 0.00 0.00 0.00 0.00 1.00
172.00 33.00 42.00 87.00 163.00 45.00 76.00 0.09 3.97 1.00 3.00 0.33 5.00 12.00 28.00 21.00 19.00 14.00 0.00 0.00 0.00 0.00 0.00
173.00 42.00 53.00 123.00 204.00 70.00 81.00 0.08 3.97 2.00 3.00 0.67 9.00 22.00 33.00 20.00 26.00 16.00 0.00 0.00 0.00 1.00 0.00
174.00 34.00 40.00 104.00 180.00 64.00 76.00 0.08 3.89 0.00 3.00 0.00 10.00 14.00 24.00 20.00 18.00 16.00 0.00 0.00 3.00 0.00 1.00
175.00 35.00 40.00 95.00 172.00 55.00 77.00 0.09 4.09 1.00 2.00 0.50 9.00 18.00 26.00 17.00 23.00 12.00 0.00 0.00 0.00 0.00 0.00
176.00 41.00 65.00 122.00 204.00 57.00 82.00 0.09 3.90 2.00 3.00 0.67 9.00 19.00 32.00 22.00 26.00 15.00 0.00 0.00 1.00 0.00 0.00
177.00 42.00 62.00 132.00 217.00 70.00 85.00 0.09 3.32 3.00 3.00 1.00 11.00 19.00 31.00 23.00 27.00 15.00 0.00 0.00 1.00 1.00 0.00
178.00 32.00 39.00 96.00 166.00 57.00 70.00 0.08 2.05 2.00 2.00 1.00 3.00 16.00 29.00 16.00 21.00 11.00 0.00 0.00 1.00 0.00 0.00
179.00 37.00 56.00 120.00 192.00 64.00 72.00 0.09 2.42 2.00 2.00 1.00 7.00 14.00 30.00 23.00 16.00 21.00 1.00 0.00 0.00 0.00 0.00
180.00 42.00 54.00 125.00 214.00 71.00 89.00 0.09 3.95 2.00 3.00 0.67 6.00 16.00 36.00 26.00 26.00 16.00 0.00 0.00 0.00 0.00 0.00
181.00 40.00 50.00 109.00 201.00 59.00 92.00 0.10 3.98 3.00 2.00 1.50 9.00 18.00 31.00 22.00 25.00 15.00 0.00 0.00 0.00 1.00 0.00
182.00 41.00 61.00 128.00 217.00 67.00 89.00 0.07 3.79 3.00 1.00 3.00 4.00 12.00 37.00 29.00 19.00 22.00 0.00 0.00 0.00 1.00 0.00
183.00 44.00 68.00 135.00 231.00 67.00 96.00 0.09 3.81 3.00 2.00 1.50 12.00 17.00 32.00 27.00 26.00 18.00 1.00 0.00 1.00 0.00 1.00
184.00 40.00 46.00 111.00 212.00 65.00 101.00 0.09 3.81 3.00 1.00 3.00 12.00 20.00 28.00 20.00 32.00 8.00 0.00 0.00 1.00 0.00 0.00
185.00 45.00 66.00 143.00 244.00 77.00 101.00 0.09 4.06 4.00 2.00 2.00 12.00 16.00 33.00 29.00 25.00 20.00 1.00 0.00 0.00 0.00 0.00
186.00 41.00 63.00 127.00 214.00 64.00 87.00 0.09 4.16 2.00 2.00 1.00 7.00 12.00 34.00 29.00 18.00 23.00 1.00 0.00 2.00 0.00 0.00
187.00 39.00 60.00 135.00 212.00 75.00 77.00 0.09 4.25 2.00 2.00 1.00 5.00 9.00 34.00 30.00 14.00 25.00 0.00 0.00 0.00 0.00 0.00
188.00 47.00 63.00 128.00 243.00 65.00 115.00 0.09 4.97 2.00 3.00 0.67 16.00 27.00 31.00 20.00 35.00 12.00 0.00 0.00 0.00 1.00 0.00
189.00 44.00 58.00 126.00 228.00 68.00 102.00 0.09 3.91 2.00 2.00 1.00 15.00 21.00 29.00 23.00 29.00 15.00 0.00 0.00 1.00 1.00 0.00
190.00 45.00 64.00 134.00 232.00 70.00 98.00 0.09 4.01 2.00 3.00 0.67 10.00 15.00 35.00 30.00 23.00 22.00 0.00 0.00 0.00 0.00 0.00
191.00 43.00 51.00 132.00 219.00 81.00 87.00 0.09 4.27 2.00 3.00 0.67 11.00 20.00 32.00 23.00 25.00 18.00 0.00 0.00 0.00 0.00 0.00
192.00 41.00 52.00 125.00 215.00 73.00 90.00 0.08 4.44 2.00 2.00 1.00 8.00 16.00 33.00 25.00 25.00 16.00 0.00 0.00 0.00 0.00 0.00
193.00 49.00 63.00 141.00 249.00 78.00 108.00 0.09 3.93 3.00 4.00 0.75 13.00 20.00 36.00 29.00 27.00 22.00 0.00 0.00 1.00 1.00 0.00
194.00 43.00 56.00 133.00 235.00 77.00 102.00 0.07 4.13 3.00 2.00 1.50 13.00 20.00 30.00 23.00 26.00 17.00 0.00 0.00 0.00 0.00 0.00
195.00 53.00 80.00 158.00 269.00 78.00 111.00 0.09 4.17 5.00 2.00 2.50 12.00 19.00 41.00 34.00 32.00 21.00 0.00 0.00 1.00 0.00 0.00
196.00 46.00 65.00 136.00 222.00 71.00 86.00 0.08 4.65 3.00 4.00 0.75 8.00 16.00 38.00 30.00 22.00 24.00 0.00 0.00 0.00 0.00 0.00
197.00 40.00 63.00 132.00 205.00 69.00 73.00 0.10 4.44 4.00 4.00 1.00 8.00 17.00 32.00 23.00 23.00 17.00 0.00 0.00 0.00 0.00 0.00
198.00 41.00 41.00 125.00 215.00 84.00 90.00 0.09 3.94 4.00 4.00 1.00 10.00 18.00 31.00 23.00 24.00 17.00 0.00 0.00 1.00 0.00 0.00
199.00 39.00 49.00 118.00 206.00 69.00 88.00 0.08 4.29 2.00 2.00 1.00 10.00 16.00 29.00 23.00 25.00 14.00 0.00 0.00 0.00 0.00 0.00
200.00 49.00 75.00 158.00 257.00 83.00 99.00 0.09 4.17 3.00 5.00 0.60 11.00 18.00 38.00 31.00 27.00 22.00 0.00 0.00 0.00 0.00 0.00
201.00 45.00 66.00 144.00 238.00 78.00 94.00 0.09 4.58 2.00 4.00 0.50 9.00 16.00 36.00 29.00 25.00 20.00 0.00 0.00 0.00 0.00 1.00
202.00 38.00 61.00 119.00 198.00 58.00 79.00 0.09 4.26 1.00 4.00 0.25 6.00 12.00 32.00 26.00 21.00 17.00 0.00 0.00 0.00 0.00 0.00
203.00 39.00 53.00 120.00 201.00 67.00 81.00 0.08 4.33 2.00 2.00 1.00 9.00 18.00 30.00 21.00 23.00 16.00 0.00 0.00 1.00 0.00 0.00
204.00 38.00 52.00 113.00 194.00 61.00 81.00 0.09 4.41 1.00 2.00 0.50 12.00 16.00 26.00 22.00 21.00 17.00 0.00 0.00 0.00 1.00 0.00
205.00 36.00 49.00 109.00 185.00 60.00 76.00 0.10 4.56 1.00 2.00 0.50 8.00 18.00 28.00 18.00 20.00 16.00 0.00 1.00 0.00 1.00 0.00
206.00 37.00 47.00 111.00 184.00 64.00 73.00 0.09 4.46 1.00 3.00 0.33 10.00 16.00 27.00 21.00 25.00 12.00 0.00 0.00 1.00 0.00 0.00
207.00 37.00 37.00 105.00 194.00 68.00 89.00 0.10 4.74 1.00 1.00 1.00 5.00 12.00 32.00 25.00 25.00 12.00 0.00 0.00 4.00 0.00 0.00
208.00 28.00 32.00 73.00 140.00 41.00 67.00 0.11 4.21 0.00 2.00 0.00 4.00 17.00 24.00 11.00 22.00 6.00 0.00 0.00 3.00 0.00 0.00
209.00 35.00 40.00 97.00 179.00 57.00 82.00 0.08 4.26 1.00 3.00 0.33 12.00 17.00 23.00 18.00 22.00 13.00 0.00 0.00 1.00 0.00 0.00
210.00 43.00 48.00 115.00 213.00 67.00 98.00 0.09 4.55 1.00 2.00 0.50 14.00 24.00 29.00 19.00 34.00 9.00 0.00 0.00 3.00 0.00 0.00
211.00 36.00 41.00 104.00 185.00 63.00 81.00 0.09 4.70 1.00 2.00 0.50 4.00 14.00 32.00 22.00 24.00 12.00 0.00 0.00 3.00 0.00 0.00
212.00 31.00 33.00 87.00 166.00 54.00 79.00 0.09 4.82 1.00 2.00 0.50 6.00 12.00 25.00 19.00 18.00 13.00 0.00 0.00 2.00 0.00 0.00
213.00 40.00 51.00 115.00 206.00 64.00 91.00 0.08 4.27 0.00 1.00 0.00 7.00 22.00 33.00 18.00 27.00 13.00 0.00 0.00 2.00 0.00 0.00
214.00 34.00 39.00 101.00 176.00 62.00 75.00 0.09 4.23 1.00 1.00 1.00 8.00 14.00 26.00 20.00 19.00 15.00 0.00 0.00 1.00 0.00 0.00
215.00 32.00 46.00 97.00 165.00 51.00 68.00 0.08 4.12 1.00 3.00 0.33 3.00 13.00 29.00 19.00 20.00 12.00 0.00 0.00 2.00 0.00 0.00
216.00 29.00 29.00 74.00 150.00 45.00 76.00 0.09 4.28 0.00 2.00 0.00 9.00 14.00 20.00 15.00 23.00 6.00 0.00 0.00 2.00 1.00 0.00
217.00 30.00 28.00 78.00 152.00 50.00 74.00 0.09 3.88 1.00 1.00 1.00 6.00 10.00 24.00 20.00 17.00 13.00 0.00 0.00 1.00 0.00 0.00
218.00 33.00 48.00 99.00 167.00 51.00 68.00 0.08 4.03 1.00 1.00 1.00 10.00 14.00 23.00 19.00 19.00 14.00 0.00 0.00 2.00 1.00 0.00
219.00 36.00 45.00 106.00 175.00 61.00 69.00 0.08 4.41 1.00 2.00 0.50 5.00 16.00 31.00 20.00 20.00 16.00 0.00 0.00 0.00 0.00 0.00
220.00 36.00 41.00 104.00 187.00 63.00 83.00 0.08 4.56 1.00 1.00 1.00 9.00 18.00 27.00 18.00 24.00 12.00 0.00 0.00 2.00 0.00 0.00
221.00 34.00 38.00 95.00 179.00 57.00 84.00 0.08 4.28 0.00 1.00 0.00 7.00 14.00 27.00 20.00 25.00 9.00 0.00 0.00 2.00 0.00 0.00
222.00 30.00 20.00 77.00 154.00 57.00 77.00 0.09 3.98 0.00 0.00 0.00 10.00 15.00 20.00 15.00 23.00 7.00 0.00 0.00 1.00 0.00 0.00
223.00 33.00 33.00 85.00 173.00 52.00 88.00 0.09 3.49 1.00 0.00 0.00 8.00 15.00 25.00 18.00 23.00 10.00 0.00 0.00 0.00 0.00 0.00
224.00 34.00 26.00 91.00 185.00 65.00 94.00 0.07 4.37 1.00 0.00 0.00 9.00 18.00 25.00 16.00 24.00 10.00 1.00 0.00 0.00 0.00 0.00
225.00 37.00 32.00 96.00 181.00 64.00 85.00 0.10 4.59 1.00 2.00 0.50 11.00 20.00 26.00 17.00 25.00 12.00 1.00 0.00 1.00 0.00 0.00
226.00 35.00 46.00 102.00 187.00 56.00 85.00 0.08 4.41 1.00 2.00 0.50 8.00 16.00 27.00 19.00 22.00 13.00 0.00 0.00 1.00 0.00 0.00
227.00 39.00 46.00 113.00 202.00 67.00 89.00 0.09 4.60 2.00 1.00 2.00 11.00 17.00 28.00 22.00 29.00 10.00 0.00 0.00 1.00 0.00 0.00
228.00 32.00 27.00 89.00 163.00 62.00 74.00 0.08 4.36 1.00 1.00 1.00 12.00 21.00 20.00 11.00 24.00 8.00 0.00 0.00 1.00 0.00 0.00
229.00 30.00 25.00 82.00 156.00 57.00 74.00 0.08 3.97 1.00 0.00 0.00 4.00 14.00 26.00 16.00 19.00 11.00 0.00 0.00 2.00 0.00 0.00
230.00 34.00 23.00 85.00 185.00 62.00 100.00 0.08 4.03 1.00 1.00 1.00 12.00 18.00 22.00 16.00 25.00 9.00 0.00 0.00 0.00 1.00 0.00
231.00 31.00 31.00 92.00 158.00 61.00 66.00 0.08 4.79 0.00 0.00 0.00 7.00 16.00 24.00 15.00 21.00 10.00 0.00 0.00 2.00 0.00 0.00
232.00 28.00 28.00 79.00 139.00 51.00 60.00 0.08 3.85 1.00 1.00 1.00 5.00 10.00 23.00 18.00 16.00 12.00 0.00 0.00 1.00 0.00 0.00
233.00 31.00 29.00 90.00 159.00 61.00 69.00 0.08 4.55 2.00 0.00 0.00 7.00 14.00 24.00 17.00 22.00 9.00 0.00 0.00 0.00 1.00 0.00
234.00 24.00 18.00 55.00 114.00 37.00 59.00 0.08 4.23 1.00 1.00 1.00 8.00 12.00 16.00 12.00 18.00 6.00 0.00 0.00 0.00 0.00 0.00
235.00 37.00 45.00 100.00 183.00 55.00 83.00 0.07 4.69 2.00 0.00 0.00 11.00 18.00 26.00 19.00 22.00 15.00 0.00 0.00 0.00 0.00 0.00
236.00 28.00 18.00 73.00 144.00 55.00 71.00 0.07 4.56 3.00 0.00 0.00 4.00 11.00 24.00 17.00 18.00 10.00 0.00 0.00 0.00 0.00 0.00
237.00 29.00 27.00 77.00 155.00 50.00 78.00 0.10 4.86 3.00 1.00 3.00 5.00 15.00 24.00 14.00 20.00 9.00 0.00 0.00 0.00 0.00 0.00
238.00 34.00 34.00 95.00 187.00 61.00 92.00 0.09 4.52 3.00 2.00 1.50 8.00 16.00 26.00 18.00 20.00 14.00 0.00 0.00 0.00 0.00 0.00
239.00 36.00 49.00 111.00 188.00 62.00 77.00 0.08 4.63 3.00 4.00 0.75 9.00 16.00 27.00 20.00 22.00 14.00 0.00 0.00 0.00 0.00 0.00
240.00 34.00 37.00 99.00 184.00 62.00 85.00 0.09 4.77 4.00 2.00 2.00 3.00 12.00 31.00 22.00 15.00 19.00 0.00 0.00 0.00 0.00 0.00
241.00 35.00 42.00 104.00 189.00 62.00 85.00 0.08 4.73 3.00 2.00 1.50 7.00 12.00 28.00 23.00 16.00 19.00 0.00 0.00 0.00 0.00 0.00
242.00 26.00 18.00 72.00 133.00 54.00 61.00 0.08 4.80 2.00 2.00 1.00 11.00 19.00 15.00 7.00 22.00 4.00 0.00 0.00 1.00 0.00 0.00
243.00 25.00 20.00 65.00 137.00 45.00 72.00 0.09 3.99 1.00 0.00 0.00 9.00 12.00 16.00 13.00 16.00 9.00 0.00 0.00 1.00 0.00 0.00
244.00 27.00 25.00 72.00 140.00 47.00 68.00 0.08 4.12 1.00 0.00 0.00 5.00 11.00 22.00 16.00 16.00 11.00 0.00 0.00 1.00 0.00 0.00
245.00 28.00 33.00 75.00 147.00 42.00 72.00 0.08 4.33 2.00 2.00 1.00 8.00 16.00 20.00 12.00 22.00 6.00 0.00 0.00 0.00 0.00 0.00
246.00 28.00 27.00 75.00 138.00 48.00 63.00 0.09 4.83 1.00 1.00 1.00 9.00 15.00 19.00 13.00 19.00 9.00 0.00 0.00 1.00 0.00 0.00
247.00 30.00 33.00 78.00 160.00 45.00 82.00 0.10 4.69 2.00 1.00 2.00 9.00 17.00 21.00 13.00 20.00 10.00 0.00 0.00 1.00 0.00 0.00
248.00 28.00 27.00 79.00 147.00 52.00 68.00 0.09 4.43 2.00 0.00 0.00 8.00 17.00 20.00 11.00 21.00 7.00 0.00 0.00 1.00 0.00 0.00
249.00 29.00 34.00 76.00 155.00 42.00 79.00 0.08 4.64 2.00 0.00 0.00 10.00 15.00 19.00 14.00 20.00 9.00 0.00 0.00 1.00 0.00 0.00
250.00 29.00 26.00 78.00 150.00 52.00 72.00 0.08 4.30 2.00 0.00 0.00 6.00 14.00 23.00 15.00 20.00 9.00 0.00 0.00 1.00 0.00 0.00
251.00 21.00 19.00 54.00 104.00 35.00 50.00 0.09 4.01 1.00 0.00 0.00 6.00 11.00 15.00 10.00 15.00 6.00 0.00 0.00 1.00 0.00 0.00
252.00 23.00 21.00 59.00 120.00 38.00 61.00 0.07 4.80 1.00 1.00 1.00 9.00 16.00 14.00 7.00 17.00 6.00 0.00 0.00 0.00 0.00 0.00
253.00 25.00 28.00 69.00 134.00 41.00 65.00 0.09 4.55 1.00 0.00 0.00 7.00 11.00 18.00 14.00 15.00 10.00 0.00 0.00 1.00 1.00 0.00
254.00 25.00 28.00 57.00 130.00 29.00 73.00 0.09 4.96 1.00 0.00 0.00 6.00 12.00 19.00 13.00 19.00 6.00 0.00 0.00 1.00 0.00 0.00
255.00 18.00 14.00 41.00 91.00 27.00 50.00 0.09 4.67 1.00 0.00 0.00 5.00 11.00 13.00 7.00 12.00 6.00 0.00 0.00 0.00 0.00 0.00
256.00 22.00 15.00 46.00 102.00 31.00 56.00 0.10 4.21 2.00 0.00 0.00 7.00 14.00 15.00 8.00 16.00 6.00 0.00 0.00 0.00 0.00 0.00
257.00 23.00 26.00 59.00 115.00 33.00 56.00 0.08 3.97 1.00 0.00 0.00 8.00 13.00 15.00 10.00 17.00 6.00 0.00 0.00 1.00 0.00 0.00
258.00 28.00 30.00 68.00 132.00 38.00 64.00 0.08 4.12 1.00 0.00 0.00 9.00 13.00 19.00 15.00 19.00 9.00 0.00 0.00 0.00 0.00 0.00
259.00 28.00 34.00 78.00 134.00 44.00 56.00 0.09 4.29 2.00 1.00 2.00 8.00 13.00 20.00 15.00 19.00 9.00 0.00 0.00 0.00 0.00 0.00
260.00 26.00 29.00 76.00 135.00 47.00 59.00 0.08 4.85 2.00 1.00 2.00 6.00 12.00 20.00 14.00 14.00 12.00 0.00 0.00 0.00 0.00 0.00
261.00 29.00 33.00 78.00 145.00 45.00 67.00 0.08 4.44 3.00 1.00 3.00 7.00 13.00 22.00 16.00 20.00 9.00 0.00 0.00 1.00 0.00 0.00
262.00 27.00 28.00 74.00 141.00 46.00 67.00 0.08 4.31 2.00 1.00 2.00 7.00 10.00 20.00 17.00 14.00 13.00 0.00 0.00 0.00 0.00 0.00
263.00 27.00 33.00 68.00 133.00 35.00 65.00 0.10 4.76 2.00 1.00 2.00 6.00 13.00 21.00 14.00 19.00 8.00 0.00 0.00 0.00 0.00 0.00
264.00 30.00 41.00 87.00 159.00 46.00 72.00 0.09 4.31 2.00 2.00 1.00 7.00 12.00 23.00 18.00 21.00 9.00 0.00 0.00 0.00 0.00 0.00
265.00 31.00 42.00 82.00 165.00 40.00 83.00 0.09 4.19 2.00 1.00 2.00 9.00 14.00 22.00 17.00 21.00 10.00 0.00 0.00 0.00 0.00 0.00
266.00 32.00 27.00 83.00 159.00 56.00 76.00 0.09 4.58 2.00 1.00 2.00 5.00 19.00 27.00 13.00 21.00 11.00 0.00 0.00 0.00 0.00 0.00
267.00 22.00 26.00 55.00 110.00 29.00 55.00 0.10 4.71 2.00 1.00 2.00 2.00 13.00 20.00 9.00 17.00 5.00 0.00 0.00 0.00 0.00 0.00
268.00 26.00 24.00 75.00 138.00 51.00 63.00 0.09 4.53 1.00 1.00 1.00 8.00 14.00 18.00 12.00 17.00 9.00 0.00 0.00 0.00 0.00 0.00
269.00 20.00 27.00 62.00 106.00 35.00 44.00 0.08 4.60 1.00 1.00 1.00 7.00 10.00 13.00 10.00 17.00 3.00 0.00 0.00 0.00 0.00 0.00
270.00 23.00 27.00 64.00 119.00 37.00 55.00 0.08 4.78 1.00 1.00 1.00 5.00 12.00 18.00 11.00 15.00 8.00 0.00 0.00 0.00 0.00 0.00
271.00 25.00 26.00 66.00 131.00 40.00 65.00 0.09 4.09 1.00 1.00 1.00 6.00 11.00 19.00 14.00 14.00 11.00 0.00 0.00 1.00 0.00 0.00
272.00 25.00 32.00 75.00 131.00 43.00 56.00 0.08 4.84 0.00 2.00 0.00 6.00 13.00 19.00 12.00 16.00 9.00 0.00 0.00 0.00 0.00 0.00
273.00 30.00 33.00 79.00 149.00 46.00 70.00 0.08 4.81 1.00 1.00 1.00 10.00 15.00 20.00 15.00 21.00 9.00 0.00 0.00 1.00 0.00 0.00
274.00 22.00 20.00 54.00 111.00 34.00 57.00 0.07 4.92 0.00 1.00 0.00 4.00 10.00 18.00 12.00 13.00 9.00 0.00 0.00 2.00 0.00 0.00
275.00 28.00 36.00 84.00 137.00 48.00 53.00 0.09 4.29 1.00 2.00 0.50 6.00 10.00 22.00 18.00 18.00 10.00 0.00 0.00 1.00 0.00 0.00
276.00 23.00 23.00 57.00 115.00 34.00 58.00 0.08 4.77 0.00 2.00 0.00 7.00 12.00 16.00 11.00 17.00 6.00 0.00 0.00 1.00 0.00 0.00
277.00 25.00 37.00 70.00 119.00 33.00 49.00 0.08 4.30 0.00 2.00 0.00 7.00 12.00 18.00 13.00 15.00 10.00 0.00 0.00 0.00 0.00 0.00
278.00 25.00 35.00 69.00 118.00 34.00 49.00 0.06 4.98 0.00 3.00 0.00 6.00 10.00 19.00 15.00 13.00 12.00 0.00 0.00 0.00 0.00 0.00
279.00 22.00 29.00 60.00 110.00 31.00 50.00 0.09 4.17 0.00 1.00 0.00 3.00 7.00 19.00 15.00 14.00 8.00 0.00 0.00 0.00 2.00 0.00
280.00 24.00 35.00 72.00 121.00 37.00 49.00 0.08 4.35 0.00 3.00 0.00 6.00 11.00 18.00 13.00 14.00 10.00 0.00 0.00 0.00 0.00 0.00
281.00 26.00 30.00 74.00 136.00 44.00 62.00 0.09 4.15 0.00 2.00 0.00 7.00 15.00 19.00 11.00 19.00 7.00 0.00 0.00 0.00 0.00 0.00
282.00 22.00 30.00 60.00 107.00 30.00 47.00 0.08 4.60 0.00 1.00 0.00 6.00 10.00 16.00 12.00 12.00 10.00 0.00 0.00 0.00 0.00 0.00
283.00 22.00 26.00 62.00 107.00 36.00 45.00 0.08 4.58 0.00 2.00 0.00 3.00 9.00 19.00 13.00 15.00 7.00 0.00 0.00 0.00 1.00 0.00
284.00 23.00 29.00 65.00 116.00 36.00 51.00 0.08 4.38 0.00 2.00 0.00 5.00 12.00 18.00 11.00 16.00 7.00 0.00 0.00 0.00 1.00 0.00
285.00 20.00 27.00 56.00 102.00 29.00 46.00 0.08 3.98 0.00 2.00 0.00 4.00 7.00 16.00 13.00 8.00 12.00 0.00 0.00 1.00 1.00 0.00
286.00 27.00 35.00 77.00 133.00 42.00 56.00 0.10 4.29 0.00 1.00 0.00 7.00 15.00 20.00 12.00 19.00 8.00 0.00 0.00 1.00 1.00 0.00
287.00 30.00 44.00 88.00 146.00 44.00 58.00 0.08 4.69 0.00 2.00 0.00 11.00 19.00 19.00 11.00 22.00 8.00 0.00 0.00 0.00 1.00 0.00
288.00 21.00 24.00 60.00 103.00 36.00 43.00 0.09 4.23 0.00 2.00 0.00 8.00 11.00 13.00 10.00 14.00 7.00 0.00 0.00 1.00 0.00 0.00
289.00 20.00 28.00 54.00 99.00 26.00 45.00 0.09 4.30 1.00 2.00 0.50 3.00 11.00 17.00 9.00 14.00 6.00 0.00 0.00 0.00 0.00 0.00
290.00 21.00 24.00 53.00 106.00 29.00 53.00 0.07 4.30 2.00 2.00 1.00 6.00 9.00 15.00 12.00 16.00 5.00 0.00 0.00 0.00 0.00 0.00
291.00 22.00 24.00 61.00 109.00 37.00 48.00 0.08 3.60 1.00 2.00 0.50 8.00 14.00 14.00 8.00 17.00 5.00 0.00 0.00 0.00 0.00 0.00
292.00 27.00 24.00 69.00 131.00 45.00 62.00 0.07 4.27 1.00 1.00 1.00 9.00 13.00 18.00 14.00 18.00 9.00 0.00 0.00 0.00 0.00 1.00
293.00 26.00 27.00 74.00 136.00 47.00 62.00 0.07 4.49 2.00 2.00 1.00 7.00 12.00 19.00 14.00 16.00 10.00 0.00 0.00 0.00 0.00 0.00
294.00 23.00 29.00 65.00 120.00 36.00 55.00 0.10 4.00 1.00 1.00 1.00 5.00 8.00 18.00 15.00 15.00 8.00 0.00 0.00 0.00 0.00 0.00
295.00 27.00 33.00 76.00 134.00 43.00 58.00 0.08 4.61 2.00 1.00 2.00 5.00 12.00 22.00 15.00 20.00 7.00 0.00 0.00 0.00 0.00 0.00
296.00 28.00 27.00 77.00 141.00 50.00 64.00 0.08 4.79 2.00 1.00 2.00 8.00 13.00 20.00 15.00 19.00 9.00 0.00 0.00 2.00 0.00 0.00
297.00 25.00 29.00 70.00 125.00 41.00 55.00 0.10 3.86 2.00 1.00 2.00 7.00 12.00 18.00 13.00 17.00 8.00 0.00 0.00 1.00 0.00 0.00
298.00 25.00 28.00 72.00 121.00 44.00 49.00 0.07 4.33 2.00 1.00 2.00 5.00 16.00 20.00 9.00 17.00 8.00 0.00 0.00 0.00 0.00 0.00
299.00 24.00 11.00 52.00 116.00 41.00 64.00 0.10 4.78 2.00 1.00 2.00 6.00 13.00 18.00 11.00 19.00 5.00 0.00 0.00 0.00 0.00 0.00
300.00 24.00 18.00 55.00 117.00 37.00 62.00 0.09 4.61 1.00 1.00 1.00 7.00 17.00 17.00 7.00 18.00 6.00 0.00 0.00 0.00 0.00 0.00
301.00 17.00 15.00 39.00 83.00 24.00 44.00 0.07 4.92 1.00 1.00 1.00 5.00 6.00 12.00 11.00 11.00 6.00 0.00 0.00 0.00 0.00 0.00
302.00 18.00 17.00 44.00 92.00 27.00 48.00 0.09 4.99 0.00 1.00 0.00 6.00 7.00 12.00 11.00 9.00 9.00 0.00 0.00 0.00 0.00 0.00
303.00 15.00 21.00 39.00 69.00 18.00 30.00 0.07 4.59 0.00 1.00 0.00 4.00 11.00 11.00 4.00 12.00 3.00 0.00 0.00 0.00 0.00 0.00
304.00 19.00 19.00 43.00 89.00 24.00 46.00 0.06 4.17 0.00 1.00 0.00 8.00 14.00 11.00 5.00 15.00 4.00 0.00 0.00 0.00 0.00 0.00
305.00 17.00 18.00 42.00 82.00 24.00 40.00 0.09 3.13 0.00 1.00 0.00 5.00 12.00 12.00 5.00 15.00 2.00 0.00 0.00 0.00 0.00 0.00
306.00 6.00 0.00 8.00 26.00 8.00 18.00 0.07 4.40 0.00 1.00 0.00 3.00 3.00 3.00 3.00 6.00 0.00 0.00 0.00 0.00 0.00 0.00
307.00 19.00 21.00 49.00 94.00 28.00 45.00 0.09 4.48 0.00 1.00 0.00 5.00 8.00 14.00 11.00 12.00 7.00 0.00 0.00 1.00 0.00 0.00
308.00 19.00 23.00 51.00 96.00 28.00 45.00 0.08 4.45 0.00 1.00 0.00 3.00 4.00 16.00 15.00 12.00 7.00 0.00 0.00 0.00 0.00 0.00
309.00 18.00 20.00 44.00 90.00 24.00 46.00 0.08 4.83 0.00 0.00 0.00 7.00 9.00 11.00 9.00 11.00 7.00 0.00 0.00 0.00 0.00 0.00
310.00 11.00 9.00 26.00 58.00 17.00 32.00 0.09 4.88 0.00 0.00 0.00 3.00 7.00 8.00 4.00 9.00 2.00 0.00 0.00 0.00 0.00 0.00
311.00 14.00 14.00 37.00 71.00 23.00 34.00 0.09 4.94 0.00 0.00 0.00 4.00 6.00 10.00 8.00 8.00 6.00 0.00 0.00 0.00 0.00 0.00
312.00 15.00 11.00 34.00 71.00 23.00 37.00 0.08 4.83 0.00 1.00 0.00 6.00 9.00 9.00 6.00 9.00 6.00 0.00 0.00 0.00 0.00 0.00
313.00 10.00 9.00 23.00 47.00 14.00 24.00 0.09 4.62 0.00 0.00 0.00 3.00 6.00 7.00 4.00 7.00 3.00 0.00 0.00 0.00 0.00 0.00
314.00 16.00 17.00 42.00 78.00 25.00 36.00 0.10 4.78 0.00 0.00 0.00 5.00 9.00 11.00 7.00 12.00 4.00 0.00 0.00 1.00 0.00 0.00
315.00 18.00 23.00 45.00 87.00 22.00 42.00 0.09 4.70 0.00 0.00 0.00 6.00 12.00 12.00 6.00 13.00 5.00 0.00 0.00 0.00 0.00 0.00
316.00 16.00 15.00 40.00 78.00 25.00 38.00 0.08 4.53 0.00 0.00 0.00 2.00 8.00 14.00 8.00 14.00 2.00 0.00 0.00 0.00 0.00 0.00
317.00 14.00 16.00 36.00 72.00 20.00 36.00 0.08 4.47 0.00 0.00 0.00 5.00 7.00 9.00 7.00 8.00 6.00 0.00 0.00 0.00 0.00 0.00
318.00 15.00 9.00 27.00 69.00 18.00 42.00 0.08 4.42 0.00 0.00 0.00 3.00 8.00 12.00 7.00 12.00 3.00 0.00 0.00 0.00 0.00 0.00
319.00 13.00 11.00 30.00 60.00 19.00 30.00 0.11 4.89 0.00 0.00 0.00 6.00 7.00 7.00 6.00 9.00 4.00 0.00 0.00 0.00 0.00 0.00
320.00 14.00 8.00 31.00 67.00 23.00 36.00 0.08 5.00 0.00 0.00 0.00 6.00 9.00 8.00 5.00 11.00 3.00 0.00 0.00 0.00 0.00 0.00
321.00 13.00 10.00 27.00 60.00 17.00 33.00 0.09 4.90 0.00 0.00 0.00 3.00 8.00 10.00 5.00 9.00 4.00 0.00 0.00 0.00 0.00 0.00
322.00 15.00 10.00 36.00 68.00 26.00 32.00 0.09 4.61 0.00 0.00 0.00 9.00 11.00 6.00 4.00 12.00 3.00 0.00 0.00 0.00 0.00 0.00
323.00 12.00 10.00 27.00 61.00 17.00 34.00 0.08 4.49 0.00 0.00 0.00 5.00 9.00 7.00 3.00 11.00 1.00 0.00 0.00 0.00 0.00 0.00
324.00 22.00 18.00 50.00 101.00 32.00 51.00 0.10 3.72 0.00 2.00 0.00 9.00 13.00 13.00 9.00 17.00 5.00 0.00 0.00 0.00 0.00 0.00
325.00 18.00 17.00 45.00 84.00 28.00 39.00 0.09 4.64 0.00 2.00 0.00 6.00 7.00 12.00 11.00 10.00 8.00 0.00 0.00 0.00 0.00 0.00
326.00 10.00 5.00 16.00 45.00 11.00 29.00 0.08 3.37 0.00 0.00 0.00 3.00 7.00 7.00 3.00 7.00 3.00 0.00 0.00 0.00 0.00 0.00
327.00 13.00 13.00 33.00 65.00 20.00 32.00 0.07 2.61 0.00 0.00 0.00 3.00 3.00 10.00 10.00 8.00 5.00 0.00 0.00 0.00 0.00 0.00
328.00 10.00 5.00 22.00 47.00 17.00 25.00 0.09 4.86 0.00 0.00 0.00 2.00 6.00 8.00 4.00 8.00 2.00 0.00 0.00 0.00 0.00 0.00
329.00 15.00 11.00 30.00 63.00 19.00 33.00 0.08 3.96 0.00 1.00 0.00 3.00 10.00 12.00 5.00 11.00 4.00 0.00 0.00 0.00 0.00 0.00
330.00 16.00 13.00 38.00 79.00 25.00 41.00 0.09 4.17 0.00 1.00 0.00 5.00 10.00 11.00 6.00 13.00 3.00 0.00 0.00 0.00 0.00 0.00
331.00 14.00 7.00 31.00 68.00 24.00 37.00 0.08 4.86 0.00 0.00 0.00 4.00 9.00 10.00 5.00 10.00 4.00 0.00 0.00 0.00 0.00 0.00
332.00 18.00 24.00 52.00 82.00 28.00 30.00 0.07 4.60 0.00 2.00 0.00 3.00 7.00 15.00 11.00 10.00 8.00 0.00 0.00 0.00 0.00 0.00
333.00 11.00 7.00 20.00 54.00 13.00 34.00 0.07 3.16 0.00 1.00 0.00 4.00 5.00 7.00 6.00 6.00 5.00 0.00 0.00 0.00 0.00 0.00
334.00 15.00 16.00 35.00 74.00 19.00 39.00 0.08 4.34 0.00 2.00 0.00 3.00 9.00 12.00 6.00 11.00 4.00 0.00 0.00 0.00 0.00 0.00
335.00 18.00 12.00 35.00 80.00 23.00 45.00 0.09 4.34 0.00 1.00 0.00 6.00 11.00 12.00 7.00 16.00 2.00 0.00 0.00 0.00 0.00 0.00
336.00 15.00 9.00 30.00 67.00 21.00 37.00 0.08 4.50 0.00 0.00 0.00 7.00 9.00 8.00 6.00 10.00 5.00 1.00 0.00 0.00 0.00 0.00
337.00 17.00 12.00 39.00 89.00 27.00 50.00 0.10 4.51 0.00 1.00 0.00 2.00 7.00 15.00 10.00 13.00 4.00 0.00 0.00 0.00 0.00 0.00
338.00 15.00 7.00 32.00 74.00 25.00 42.00 0.08 5.06 0.00 1.00 0.00 6.00 11.00 9.00 4.00 13.00 2.00 0.00 0.00 0.00 0.00 0.00
339.00 16.00 9.00 37.00 71.00 28.00 34.00 0.07 4.94 0.00 1.00 0.00 8.00 11.00 8.00 5.00 12.00 4.00 0.00 0.00 0.00 0.00 0.00
340.00 17.00 20.00 38.00 73.00 18.00 35.00 0.08 3.95 0.00 1.00 0.00 3.00 6.00 14.00 11.00 7.00 10.00 0.00 0.00 0.00 1.00 0.00
341.00 11.00 6.00 24.00 47.00 18.00 23.00 0.09 4.70 0.00 1.00 0.00 3.00 7.00 8.00 4.00 8.00 3.00 0.00 0.00 0.00 0.00 0.00
342.00 16.00 14.00 37.00 73.00 23.00 36.00 0.10 4.90 0.00 1.00 0.00 6.00 9.00 10.00 7.00 11.00 5.00 0.00 0.00 0.00 0.00 0.00
343.00 14.00 12.00 33.00 67.00 21.00 34.00 0.09 4.62 0.00 1.00 0.00 4.00 8.00 10.00 6.00 11.00 3.00 0.00 0.00 0.00 0.00 0.00
344.00 14.00 14.00 33.00 66.00 19.00 33.00 0.08 4.53 0.00 1.00 0.00 3.00 6.00 11.00 8.00 10.00 4.00 0.00 0.00 1.00 0.00 0.00
345.00 13.00 7.00 26.00 67.00 19.00 41.00 0.08 5.08 0.00 1.00 0.00 5.00 6.00 8.00 7.00 9.00 4.00 0.00 0.00 0.00 0.00 0.00
346.00 8.00 3.00 11.00 32.00 8.00 21.00 0.08 0.32 0.00 0.00 0.00 2.00 5.00 6.00 3.00 7.00 1.00 0.00 0.00 0.00 0.00 0.00
347.00 4.00 1.00 5.00 14.00 4.00 9.00 0.09 5.22 0.00 0.00 0.00 1.00 3.00 3.00 1.00 4.00 0.00 0.00 0.00 0.00 0.00 0.00
348.00 12.00 8.00 28.00 55.00 20.00 27.00 0.09 3.79 0.00 0.00 0.00 4.00 9.00 8.00 3.00 9.00 3.00 0.00 0.00 0.00 0.00 0.00
349.00 9.00 7.00 18.00 39.00 11.00 21.00 0.10 2.03 0.00 0.00 0.00 3.00 6.00 6.00 3.00 6.00 3.00 0.00 0.00 0.00 0.00 0.00
350.00 9.00 1.00 12.00 33.00 11.00 21.00 0.08 0.54 0.00 0.00 0.00 5.00 7.00 4.00 2.00 8.00 1.00 0.00 0.00 0.00 0.00 0.00
351.00 4.00 0.00 3.00 17.00 3.00 14.00 0.07 0.22 0.00 0.00 0.00 2.00 4.00 2.00 0.00 4.00 0.00 0.00 0.00 0.00 0.00 0.00
352.00 12.00 4.00 23.00 55.00 19.00 32.00 0.09 4.52 0.00 0.00 0.00 6.00 7.00 6.00 5.00 8.00 4.00 0.00 0.00 0.00 0.00 0.00
353.00 16.00 15.00 32.00 77.00 17.00 45.00 0.09 4.47 0.00 0.00 0.00 5.00 9.00 11.00 7.00 13.00 3.00 0.00 0.00 0.00 0.00 0.00
354.00 14.00 4.00 23.00 58.00 19.00 35.00 0.08 3.66 0.00 0.00 0.00 4.00 10.00 10.00 4.00 11.00 3.00 0.00 0.00 1.00 0.00 0.00
355.00 4.00 0.00 2.00 16.00 2.00 14.00 0.07 0.12 0.00 0.00 0.00 3.00 3.00 1.00 1.00 4.00 0.00 0.00 0.00 0.00 0.00 0.00
356.00 12.00 10.00 30.00 57.00 20.00 27.00 0.08 4.73 0.00 1.00 0.00 4.00 8.00 8.00 4.00 9.00 3.00 0.00 0.00 0.00 0.00 0.00
357.00 11.00 7.00 23.00 49.00 16.00 26.00 0.09 4.72 0.00 0.00 0.00 3.00 6.00 8.00 5.00 6.00 5.00 0.00 0.00 0.00 0.00 0.00
358.00 5.00 1.00 5.00 20.00 4.00 15.00 0.08 4.84 0.00 0.00 0.00 2.00 4.00 3.00 1.00 4.00 1.00 0.00 0.00 0.00 0.00 0.00
359.00 7.00 1.00 9.00 31.00 8.00 22.00 0.08 3.89 0.00 0.00 0.00 2.00 5.00 5.00 2.00 7.00 0.00 0.00 0.00 0.00 0.00 0.00
360.00 5.00 0.00 4.00 18.00 4.00 14.00 0.08 4.61 0.00 0.00 0.00 4.00 4.00 1.00 1.00 4.00 1.00 0.00 0.00 0.00 0.00 0.00
361.00 2.00 0.00 0.00 0.00 0.00 0.00 0.10 0.20 0.00 0.00 0.00 2.00 2.00 0.00 0.00 2.00 0.00 0.00 0.00 0.00 0.00 0.00
