0.00 2.00 0.00 0.00 0.00 0.00 0.00 0.09 0.27 0.00 0.00 0.00 2.00 2.00 0.00 0.00 2.00 0.00 0.00 0.00 0.00 0.00 0.00
1.00 5.00 0.00 1.00 18.00 1.00 17.00 0.08 3.68 0.00 0.00 0.00 2.00 5.00 3.00 0.00 5.00 0.00 0.00 0.00 0.00 0.00 0.00
2.00 6.00 0.00 4.00 19.00 4.00 15.00 0.10 3.24 0.00 0.00 0.00 3.00 5.00 3.00 1.00 6.00 0.00 0.00 0.00 0.00 0.00 0.00
3.00 5.00 0.00 1.00 12.00 1.00 11.00 0.08 3.49 0.00 0.00 0.00 2.00 5.00 3.00 0.00 5.00 0.00 0.00 0.00 0.00 0.00 0.00
4.00 10.00 7.00 20.00 48.00 13.00 28.00 0.07 4.34 0.00 0.00 0.00 3.00 6.00 7.00 4.00 8.00 2.00 0.00 0.00 0.00 0.00 0.00
5.00 13.00 5.00 27.00 60.00 22.00 33.00 0.09 4.62 0.00 0.00 0.00 6.00 10.00 7.00 3.00 12.00 1.00 0.00 0.00 0.00 0.00 0.00
6.00 11.00 3.00 20.00 50.00 17.00 30.00 0.08 4.57 0.00 0.00 0.00 3.00 8.00 8.00 3.00 10.00 1.00 0.00 0.00 0.00 0.00 0.00
7.00 12.00 9.00 25.00 57.00 16.00 32.00 0.08 4.88 0.00 0.00 0.00 4.00 7.00 8.00 5.00 11.00 1.00 0.00 0.00 0.00 0.00 0.00
8.00 12.00 7.00 28.00 62.00 21.00 34.00 0.09 4.65 0.00 0.00 0.00 2.00 6.00 10.00 6.00 12.00 0.00 0.00 0.00 0.00 1.00 0.00
9.00 16.00 10.00 39.00 76.00 29.00 37.00 0.09 4.45 0.00 0.00 0.00 5.00 11.00 11.00 5.00 14.00 2.00 0.00 0.00 0.00 1.00 0.00
10.00 14.00 11.00 28.00 62.00 17.00 34.00 0.09 4.65 0.00 0.00 0.00 6.00 9.00 8.00 5.00 11.00 3.00 0.00 0.00 0.00 0.00 0.00
11.00 15.00 15.00 35.00 71.00 20.00 36.00 0.10 4.42 0.00 0.00 0.00 5.00 9.00 10.00 6.00 10.00 5.00 0.00 0.00 0.00 1.00 0.00
12.00 12.00 4.00 25.00 62.00 21.00 37.00 0.09 5.13 0.00 0.00 0.00 3.00 5.00 9.00 7.00 9.00 3.00 0.00 0.00 0.00 1.00 0.00
13.00 17.00 13.00 34.00 79.00 21.00 45.00 0.08 4.77 1.00 0.00 0.00 5.00 9.00 12.00 8.00 12.00 5.00 0.00 0.00 0.00 0.00 0.00
14.00 13.00 8.00 25.00 56.00 17.00 31.00 0.07 4.70 0.00 0.00 0.00 7.00 10.00 6.00 3.00 12.00 1.00 0.00 0.00 0.00 0.00 0.00
15.00 14.00 3.00 25.00 73.00 22.00 48.00 0.09 5.07 0.00 0.00 0.00 6.00 9.00 8.00 5.00 11.00 3.00 0.00 0.00 0.00 0.00 0.00
16.00 21.00 27.00 59.00 107.00 32.00 48.00 0.09 4.64 2.00 0.00 0.00 8.00 14.00 13.00 7.00 17.00 4.00 0.00 0.00 0.00 0.00 0.00
17.00 15.00 14.00 37.00 74.00 23.00 37.00 0.09 4.88 1.00 0.00 0.00 6.00 9.00 9.00 6.00 13.00 2.00 0.00 0.00 0.00 0.00 0.00
18.00 23.00 29.00 59.00 108.00 30.00 49.00 0.07 4.45 1.00 0.00 0.00 6.00 12.00 17.00 11.00 18.00 5.00 0.00 0.00 0.00 0.00 0.00
19.00 19.00 18.00 54.00 98.00 36.00 44.00 0.09 4.92 0.00 1.00 0.00 3.00 6.00 16.00 13.00 9.00 10.00 0.00 0.00 0.00 0.00 0.00
20.00 22.00 26.00 59.00 109.00 33.00 50.00 0.08 4.45 1.00 0.00 0.00 1.00 6.00 21.00 16.00 13.00 9.00 0.00 0.00 0.00 0.00 0.00
21.00 26.00 33.00 76.00 137.00 43.00 61.00 0.08 4.68 0.00 0.00 0.00 5.00 13.00 21.00 13.00 19.00 7.00 0.00 0.00 0.00 0.00 0.00
22.00 19.00 16.00 52.00 101.00 36.00 49.00 0.08 4.65 0.00 0.00 0.00 6.00 9.00 13.00 10.00 15.00 4.00 0.00 0.00 0.00 0.00 0.00
23.00 20.00 17.00 51.00 97.00 34.00 46.00 0.09 4.36 1.00 0.00 0.00 8.00 11.00 12.00 9.00 18.00 2.00 0.00 0.00 1.00 0.00 0.00
24.00 24.00 24.00 63.00 122.00 39.00 59.00 0.09 4.73 1.00 1.00 1.00 5.00 12.00 19.00 12.00 18.00 6.00 0.00 0.00 1.00 0.00 0.00
25.00 21.00 13.00 52.00 102.00 39.00 50.00 0.08 4.81 1.00 1.00 1.00 5.00 12.00 16.00 9.00 14.00 7.00 0.00 0.00 0.00 0.00 0.00
26.00 28.00 31.00 82.00 143.00 51.00 61.00 0.10 4.63 1.00 0.00 0.00 10.00 18.00 18.00 10.00 21.00 7.00 0.00 0.00 1.00 1.00 0.00
27.00 23.00 28.00 69.00 117.00 41.00 48.00 0.07 4.26 1.00 1.00 1.00 6.00 11.00 17.00 12.00 13.00 10.00 0.00 0.00 0.00 0.00 0.00
28.00 21.00 18.00 50.00 101.00 32.00 51.00 0.09 4.99 1.00 0.00 0.00 5.00 10.00 16.00 11.00 14.00 7.00 0.00 0.00 1.00 0.00 0.00
29.00 23.00 27.00 65.00 117.00 38.00 52.00 0.09 4.48 1.00 1.00 1.00 8.00 11.00 15.00 12.00 15.00 8.00 0.00 0.00 0.00 0.00 0.00
30.00 27.00 31.00 71.00 137.00 40.00 66.00 0.09 4.00 1.00 1.00 1.00 9.00 14.00 18.00 13.00 18.00 9.00 0.00 0.00 0.00 0.00 0.00
31.00 18.00 12.00 42.00 91.00 30.00 49.00 0.10 3.34 1.00 1.00 1.00 7.00 8.00 11.00 10.00 12.00 6.00 0.00 0.00 0.00 0.00 0.00
32.00 15.00 12.00 35.00 70.00 23.00 35.00 0.09 4.69 1.00 0.00 0.00 6.00 10.00 9.00 5.00 12.00 3.00 0.00 0.00 0.00 0.00 0.00
33.00 25.00 26.00 64.00 117.00 38.00 53.00 0.09 4.38 0.00 0.00 0.00 5.00 13.00 20.00 12.00 20.00 5.00 0.00 0.00 1.00 0.00 0.00
34.00 24.00 24.00 61.00 122.00 37.00 61.00 0.07 4.45 1.00 0.00 0.00 9.00 12.00 15.00 12.00 17.00 7.00 0.00 0.00 0.00 0.00 0.00
35.00 28.00 27.00 65.00 135.00 38.00 70.00 0.09 4.32 1.00 0.00 0.00 9.00 19.00 19.00 9.00 21.00 7.00 0.00 0.00 1.00 1.00 0.00
36.00 23.00 10.00 49.00 110.00 39.00 61.00 0.10 4.44 2.00 0.00 0.00 7.00 12.00 16.00 11.00 19.00 4.00 0.00 0.00 0.00 0.00 0.00
37.00 28.00 32.00 76.00 136.00 44.00 60.00 0.09 4.11 1.00 1.00 1.00 6.00 14.00 22.00 14.00 21.00 7.00 0.00 0.00 0.00 0.00 0.00
38.00 22.00 33.00 58.00 111.00 25.00 53.00 0.10 4.35 1.00 1.00 1.00 6.00 11.00 16.00 11.00 14.00 8.00 0.00 0.00 0.00 0.00 0.00
39.00 23.00 19.00 60.00 116.00 41.00 56.00 0.09 3.72 1.00 1.00 1.00 5.00 12.00 18.00 11.00 19.00 4.00 0.00 1.00 0.00 0.00 0.00
40.00 21.00 16.00 56.00 105.00 40.00 49.00 0.09 4.34 1.00 0.00 0.00 7.00 12.00 14.00 9.00 14.00 7.00 0.00 0.00 0.00 0.00 0.00
41.00 16.00 13.00 35.00 77.00 22.00 42.00 0.08 2.43 1.00 1.00 1.00 5.00 9.00 11.00 7.00 12.00 4.00 0.00 0.00 0.00 0.00 0.00
42.00 18.00 20.00 49.00 94.00 29.00 45.00 0.09 4.74 1.00 0.00 0.00 1.00 5.00 17.00 13.00 8.00 10.00 0.00 0.00 0.00 0.00 0.00
43.00 19.00 10.00 49.00 97.00 39.00 48.00 0.06 4.78 0.00 0.00 0.00 7.00 10.00 12.00 9.00 16.00 3.00 0.00 0.00 0.00 0.00 0.00
44.00 27.00 28.00 68.00 130.00 40.00 62.00 0.09 4.44 1.00 1.00 1.00 8.00 16.00 19.00 11.00 19.00 8.00 0.00 0.00 0.00 0.00 0.00
45.00 20.00 22.00 54.00 101.00 32.00 47.00 0.08 4.92 1.00 2.00 0.50 3.00 10.00 17.00 10.00 13.00 7.00 0.00 0.00 0.00 0.00 0.00
46.00 22.00 26.00 60.00 107.00 34.00 47.00 0.08 4.41 1.00 1.00 1.00 6.00 12.00 16.00 10.00 17.00 5.00 0.00 0.00 0.00 0.00 0.00
47.00 20.00 24.00 53.00 102.00 29.00 49.00 0.09 4.62 1.00 0.00 0.00 3.00 11.00 17.00 9.00 14.00 6.00 0.00 0.00 0.00 0.00 0.00
48.00 25.00 30.00 69.00 122.00 39.00 53.00 0.08 4.87 0.00 0.00 0.00 8.00 12.00 17.00 13.00 18.00 7.00 0.00 0.00 0.00 0.00 1.00
49.00 18.00 17.00 47.00 94.00 30.00 47.00 0.06 4.71 1.00 2.00 0.50 5.00 7.00 13.00 11.00 12.00 6.00 0.00 0.00 0.00 0.00 0.00
50.00 8.00 3.00 13.00 33.00 10.00 20.00 0.07 0.58 0.00 1.00 0.00 4.00 6.00 4.00 2.00 8.00 0.00 0.00 0.00 0.00 0.00 0.00
51.00 21.00 22.00 53.00 105.00 31.00 52.00 0.09 4.69 0.00 1.00 0.00 6.00 14.00 15.00 7.00 14.00 7.00 0.00 0.00 0.00 0.00 0.00
52.00 20.00 22.00 49.00 96.00 27.00 47.00 0.07 4.91 0.00 0.00 0.00 4.00 10.00 16.00 10.00 14.00 6.00 0.00 0.00 0.00 0.00 0.00
53.00 22.00 19.00 55.00 112.00 36.00 57.00 0.08 3.60 0.00 1.00 0.00 6.00 11.00 16.00 11.00 16.00 6.00 0.00 0.00 0.00 0.00 0.00
54.00 19.00 20.00 53.00 99.00 33.00 46.00 0.10 4.26 1.00 1.00 1.00 4.00 8.00 15.00 11.00 13.00 6.00 0.00 0.00 0.00 0.00 0.00
55.00 26.00 31.00 72.00 136.00 41.00 64.00 0.09 3.86 0.00 0.00 0.00 4.00 10.00 22.00 16.00 17.00 9.00 0.00 0.00 0.00 0.00 0.00
56.00 29.00 34.00 74.00 136.00 40.00 62.00 0.08 4.49 1.00 1.00 1.00 8.00 14.00 21.00 15.00 21.00 8.00 0.00 0.00 0.00 0.00 0.00
57.00 26.00 29.00 72.00 133.00 43.00 61.00 0.10 3.96 1.00 0.00 0.00 10.00 17.00 16.00 9.00 20.00 6.00 0.00 0.00 0.00 0.00 0.00
58.00 14.00 11.00 30.00 65.00 19.00 35.00 0.07 3.36 1.00 0.00 0.00 3.00 7.00 11.00 7.00 11.00 3.00 0.00 0.00 0.00 0.00 0.00
59.00 30.00 39.00 85.00 159.00 46.00 74.00 0.10 4.47 1.00 1.00 1.00 3.00 11.00 27.00 19.00 18.00 12.00 0.00 0.00 0.00 0.00 0.00
60.00 18.00 15.00 37.00 84.00 22.00 47.00 0.08 3.59 1.00 0.00 0.00 7.00 12.00 11.00 6.00 13.00 5.00 0.00 0.00 0.00 0.00 0.00
61.00 28.00 33.00 74.00 145.00 41.00 71.00 0.09 4.09 1.00 0.00 0.00 8.00 18.00 20.00 10.00 23.00 5.00 0.00 0.00 0.00 0.00 0.00
62.00 26.00 17.00 66.00 136.00 49.00 70.00 0.08 4.37 0.00 0.00 0.00 8.00 14.00 18.00 12.00 19.00 7.00 0.00 0.00 0.00 0.00 0.00
63.00 22.00 22.00 62.00 117.00 40.00 55.00 0.08 3.51 1.00 1.00 1.00 2.00 9.00 20.00 13.00 16.00 6.00 0.00 0.00 0.00 0.00 0.00
64.00 24.00 20.00 64.00 126.00 44.00 62.00 0.09 4.72 2.00 1.00 2.00 8.00 14.00 16.00 10.00 19.00 5.00 0.00 0.00 0.00 0.00 0.00
65.00 27.00 32.00 78.00 135.00 46.00 57.00 0.08 4.19 1.00 0.00 0.00 5.00 9.00 22.00 18.00 18.00 9.00 0.00 0.00 0.00 0.00 0.00
66.00 27.00 31.00 73.00 142.00 42.00 69.00 0.08 4.91 1.00 0.00 0.00 6.00 14.00 21.00 13.00 18.00 9.00 0.00 0.00 0.00 0.00 0.00
67.00 23.00 32.00 69.00 119.00 37.00 50.00 0.07 4.58 2.00 0.00 0.00 3.00 8.00 20.00 15.00 13.00 10.00 0.00 0.00 0.00 0.00 0.00
68.00 31.00 39.00 86.00 150.00 47.00 64.00 0.10 4.15 2.00 0.00 0.00 11.00 16.00 20.00 15.00 23.00 8.00 0.00 0.00 0.00 0.00 0.00
69.00 20.00 18.00 51.00 102.00 33.00 51.00 0.08 4.44 1.00 1.00 1.00 5.00 8.00 15.00 12.00 13.00 7.00 0.00 0.00 0.00 0.00 0.00
70.00 27.00 36.00 78.00 139.00 42.00 61.00 0.08 4.58 2.00 1.00 2.00 10.00 14.00 17.00 13.00 19.00 8.00 0.00 0.00 0.00 0.00 0.00
71.00 19.00 15.00 52.00 99.00 37.00 47.00 0.08 4.49 2.00 0.00 0.00 4.00 7.00 15.00 12.00 12.00 7.00 0.00 0.00 0.00 0.00 0.00
72.00 25.00 32.00 66.00 125.00 34.00 59.00 0.07 4.74 2.00 0.00 0.00 9.00 13.00 16.00 12.00 20.00 5.00 0.00 0.00 0.00 0.00 0.00
73.00 25.00 26.00 68.00 124.00 42.00 56.00 0.08 5.24 2.00 0.00 0.00 14.00 15.00 11.00 10.00 19.00 6.00 0.00 0.00 0.00 0.00 0.00
74.00 24.00 29.00 68.00 122.00 39.00 54.00 0.07 3.98 3.00 1.00 3.00 9.00 12.00 15.00 12.00 20.00 4.00 0.00 0.00 0.00 0.00 0.00
75.00 27.00 28.00 74.00 141.00 46.00 67.00 0.08 4.01 1.00 1.00 1.00 8.00 15.00 19.00 12.00 20.00 7.00 0.00 0.00 0.00 0.00 1.00
76.00 19.00 12.00 37.00 93.00 25.00 56.00 0.09 2.94 1.00 1.00 1.00 7.00 10.00 12.00 9.00 13.00 6.00 0.00 0.00 0.00 0.00 0.00
77.00 23.00 19.00 56.00 115.00 37.00 59.00 0.09 3.87 2.00 0.00 0.00 9.00 17.00 14.00 6.00 18.00 5.00 0.00 0.00 0.00 0.00 0.00
78.00 23.00 24.00 68.00 120.00 44.00 52.00 0.10 4.35 0.00 0.00 0.00 5.00 11.00 18.00 12.00 17.00 6.00 0.00 0.00 0.00 1.00 0.00
79.00 19.00 20.00 48.00 100.00 28.00 52.00 0.06 4.13 1.00 0.00 0.00 4.00 11.00 15.00 8.00 16.00 3.00 0.00 0.00 0.00 0.00 0.00
80.00 21.00 17.00 56.00 111.00 39.00 55.00 0.09 3.87 1.00 0.00 0.00 4.00 6.00 17.00 15.00 11.00 10.00 0.00 0.00 0.00 0.00 0.00
81.00 24.00 24.00 61.00 114.00 37.00 53.00 0.08 4.11 1.00 0.00 0.00 9.00 12.00 15.00 12.00 15.00 9.00 0.00 0.00 1.00 0.00 0.00
82.00 23.00 15.00 54.00 111.00 39.00 57.00 0.09 3.88 1.00 1.00 1.00 8.00 13.00 15.00 10.00 18.00 5.00 0.00 0.00 0.00 0.00 0.00
83.00 21.00 18.00 63.00 107.00 45.00 44.00 0.10 4.14 1.00 2.00 0.50 6.00 13.00 15.00 8.00 15.00 6.00 0.00 0.00 0.00 0.00 0.00
84.00 21.00 17.00 58.00 109.00 41.00 51.00 0.08 3.77 1.00 1.00 1.00 8.00 11.00 13.00 10.00 18.00 3.00 1.00 0.00 0.00 0.00 0.00
85.00 22.00 26.00 63.00 111.00 37.00 48.00 0.07 3.62 1.00 1.00 1.00 5.00 10.00 17.00 12.00 13.00 9.00 0.00 0.00 1.00 0.00 0.00
86.00 26.00 37.00 76.00 130.00 39.00 54.00 0.09 4.03 1.00 1.00 1.00 8.00 14.00 18.00 12.00 18.00 8.00 0.00 0.00 0.00 1.00 0.00
87.00 25.00 26.00 67.00 125.00 41.00 58.00 0.07 3.46 1.00 0.00 0.00 4.00 10.00 21.00 15.00 15.00 10.00 1.00 0.00 1.00 0.00 0.00
88.00 26.00 26.00 71.00 142.00 45.00 71.00 0.08 4.14 1.00 1.00 1.00 5.00 13.00 21.00 13.00 16.00 10.00 0.00 0.00 1.00 0.00 0.00
89.00 24.00 16.00 56.00 124.00 40.00 68.00 0.09 4.16 1.00 0.00 0.00 7.00 12.00 17.00 12.00 16.00 8.00 1.00 0.00 0.00 0.00 0.00
90.00 24.00 27.00 70.00 117.00 43.00 47.00 0.10 3.04 1.00 0.00 0.00 9.00 14.00 15.00 10.00 16.00 8.00 0.00 0.00 0.00 0.00 0.00
91.00 23.00 23.00 67.00 116.00 44.00 49.00 0.09 3.56 1.00 0.00 0.00 5.00 8.00 18.00 15.00 12.00 11.00 1.00 0.00 0.00 0.00 0.00
92.00 24.00 22.00 71.00 127.00 49.00 56.00 0.09 3.80 1.00 1.00 1.00 6.00 10.00 18.00 14.00 15.00 9.00 1.00 0.00 0.00 0.00 0.00
93.00 21.00 22.00 56.00 112.00 34.00 56.00 0.09 4.46 1.00 0.00 0.00 7.00 10.00 14.00 11.00 13.00 8.00 0.00 0.00 1.00 0.00 0.00
94.00 23.00 25.00 63.00 122.00 38.00 59.00 0.09 4.22 1.00 1.00 1.00 7.00 13.00 16.00 10.00 15.00 8.00 0.00 0.00 0.00 0.00 0.00
95.00 25.00 28.00 69.00 128.00 41.00 59.00 0.09 3.22 1.00 2.00 0.50 3.00 9.00 22.00 16.00 14.00 11.00 0.00 0.00 0.00 0.00 0.00
96.00 30.00 43.00 88.00 146.00 45.00 58.00 0.08 3.65 1.00 1.00 1.00 7.00 14.00 23.00 16.00 23.00 7.00 0.00 0.00 0.00 0.00 0.00
97.00 29.00 31.00 84.00 157.00 53.00 73.00 0.10 2.93 1.00 0.00 0.00 8.00 16.00 21.00 13.00 22.00 7.00 0.00 0.00 0.00 0.00 0.00
98.00 29.00 34.00 75.00 142.00 41.00 67.00 0.10 3.03 1.00 1.00 1.00 9.00 14.00 20.00 15.00 19.00 10.00 0.00 0.00 2.00 0.00 0.00
99.00 33.00 36.00 90.00 168.00 54.00 78.00 0.09 3.52 1.00 1.00 1.00 9.00 15.00 24.00 18.00 20.00 13.00 0.00 0.00 1.00 0.00 0.00
100.00 25.00 28.00 68.00 122.00 40.00 54.00 0.07 3.45 1.00 2.00 0.50 8.00 14.00 17.00 11.00 19.00 6.00 0.00 0.00 1.00 0.00 0.00
101.00 24.00 24.00 70.00 123.00 46.00 53.00 0.08 3.36 1.00 1.00 1.00 8.00 15.00 16.00 9.00 18.00 6.00 0.00 0.00 1.00 0.00 1.00
102.00 27.00 33.00 72.00 131.00 39.00 59.00 0.06 2.33 1.00 3.00 0.33 4.00 10.00 23.00 17.00 15.00 12.00 0.00 0.00 0.00 0.00 1.00
103.00 24.00 27.00 77.00 122.00 50.00 45.00 0.09 3.49 1.00 3.00 0.33 5.00 11.00 19.00 13.00 14.00 10.00 0.00 0.00 1.00 0.00 1.00
104.00 26.00 20.00 62.00 123.00 42.00 61.00 0.08 3.45 1.00 2.00 0.50 8.00 13.00 18.00 13.00 17.00 9.00 0.00 0.00 0.00 0.00 1.00
105.00 25.00 32.00 66.00 123.00 34.00 57.00 0.08 3.35 2.00 2.00 1.00 6.00 14.00 19.00 11.00 18.00 7.00 0.00 0.00 1.00 0.00 1.00
106.00 25.00 25.00 75.00 130.00 50.00 55.00 0.08 3.45 1.00 1.00 1.00 6.00 16.00 19.00 9.00 22.00 3.00 0.00 0.00 1.00 0.00 0.00
107.00 33.00 53.00 102.00 170.00 49.00 68.00 0.08 3.09 1.00 2.00 0.50 10.00 17.00 23.00 16.00 20.00 13.00 0.00 0.00 1.00 0.00 0.00
108.00 28.00 35.00 84.00 144.00 49.00 60.00 0.09 2.99 2.00 2.00 1.00 11.00 17.00 17.00 11.00 21.00 7.00 0.00 0.00 1.00 1.00 0.00
109.00 26.00 28.00 72.00 136.00 44.00 64.00 0.08 4.29 1.00 3.00 0.33 6.00 12.00 20.00 14.00 18.00 8.00 0.00 0.00 0.00 0.00 0.00
110.00 32.00 47.00 102.00 168.00 55.00 66.00 0.08 3.42 2.00 1.00 2.00 8.00 13.00 24.00 19.00 18.00 14.00 0.00 0.00 1.00 0.00 0.00
111.00 24.00 27.00 69.00 121.00 42.00 52.00 0.08 1.22 2.00 1.00 2.00 4.00 10.00 20.00 14.00 16.00 8.00 0.00 0.00 0.00 0.00 0.00
112.00 29.00 33.00 89.00 151.00 56.00 62.00 0.10 3.45 2.00 1.00 2.00 9.00 13.00 20.00 16.00 18.00 11.00 0.00 0.00 1.00 0.00 0.00
113.00 35.00 48.00 99.00 169.00 51.00 70.00 0.09 3.84 1.00 2.00 0.50 11.00 22.00 24.00 13.00 26.00 9.00 0.00 0.00 0.00 1.00 0.00
114.00 20.00 16.00 52.00 100.00 36.00 48.00 0.08 2.86 1.00 1.00 1.00 6.00 12.00 14.00 8.00 14.00 6.00 0.00 0.00 1.00 0.00 0.00
115.00 33.00 44.00 101.00 170.00 57.00 69.00 0.09 3.48 1.00 1.00 1.00 8.00 18.00 25.00 15.00 24.00 9.00 0.00 0.00 2.00 1.00 0.00
116.00 34.00 41.00 99.00 177.00 58.00 78.00 0.09 3.59 2.00 3.00 0.67 10.00 13.00 24.00 21.00 22.00 12.00 0.00 0.00 0.00 1.00 0.00
117.00 36.00 53.00 114.00 184.00 61.00 70.00 0.10 3.73 2.00 3.00 0.67 11.00 19.00 25.00 17.00 23.00 13.00 0.00 0.00 1.00 1.00 0.00
118.00 33.00 50.00 102.00 164.00 52.00 62.00 0.08 2.79 1.00 2.00 0.50 5.00 11.00 28.00 22.00 21.00 12.00 0.00 0.00 2.00 0.00 0.00
119.00 33.00 52.00 107.00 172.00 55.00 65.00 0.07 3.94 1.00 2.00 0.50 4.00 14.00 29.00 19.00 17.00 16.00 0.00 0.00 0.00 0.00 0.00
120.00 40.00 62.00 124.00 194.00 62.00 70.00 0.10 3.93 2.00 2.00 1.00 10.00 24.00 30.00 16.00 29.00 11.00 0.00 0.00 1.00 0.00 0.00
121.00 44.00 57.00 131.00 216.00 74.00 85.00 0.08 3.88 3.00 3.00 1.00 9.00 18.00 35.00 26.00 26.00 18.00 0.00 0.00 1.00 0.00 0.00
122.00 41.00 58.00 129.00 208.00 71.00 79.00 0.08 3.87 2.00 3.00 0.67 8.00 18.00 33.00 23.00 24.00 17.00 0.00 0.00 1.00 0.00 0.00
123.00 37.00 50.00 116.00 187.00 66.00 71.00 0.07 3.41 2.00 2.00 1.00 7.00 16.00 30.00 21.00 21.00 16.00 0.00 0.00 0.00 0.00 0.00
124.00 39.00 54.00 127.00 204.00 73.00 77.00 0.07 4.06 3.00 2.00 1.50 9.00 17.00 30.00 22.00 25.00 14.00 0.00 0.00 1.00 0.00 0.00
125.00 35.00 49.00 105.00 188.00 56.00 83.00 0.07 3.77 3.00 3.00 1.00 10.00 19.00 25.00 16.00 23.00 12.00 0.00 0.00 1.00 0.00 0.00
126.00 34.00 52.00 108.00 176.00 56.00 68.00 0.08 3.20 2.00 1.00 2.00 8.00 13.00 26.00 21.00 23.00 11.00 0.00 0.00 1.00 0.00 0.00
127.00 37.00 59.00 111.00 184.00 52.00 73.00 0.08 3.91 2.00 3.00 0.67 6.00 16.00 31.00 21.00 23.00 14.00 0.00 0.00 2.00 0.00 0.00
128.00 32.00 54.00 101.00 169.00 47.00 68.00 0.09 3.42 2.00 4.00 0.50 3.00 13.00 29.00 19.00 19.00 13.00 0.00 0.00 1.00 0.00 0.00
129.00 37.00 54.00 117.00 193.00 63.00 76.00 0.08 2.96 2.00 2.00 1.00 8.00 13.00 29.00 24.00 18.00 19.00 0.00 0.00 1.00 0.00 0.00
130.00 36.00 56.00 118.00 189.00 62.00 71.00 0.08 3.83 2.00 1.00 2.00 6.00 15.00 30.00 21.00 22.00 14.00 0.00 0.00 3.00 0.00 0.00
131.00 34.00 49.00 104.00 175.00 55.00 71.00 0.08 4.19 2.00 2.00 1.00 10.00 15.00 24.00 19.00 19.00 15.00 0.00 0.00 0.00 0.00 0.00
132.00 35.00 48.00 108.00 180.00 60.00 72.00 0.07 4.30 1.00 2.00 0.50 10.00 16.00 25.00 19.00 24.00 11.00 0.00 0.00 1.00 1.00 0.00
133.00 42.00 57.00 128.00 210.00 71.00 82.00 0.07 4.23 2.00 2.00 1.00 9.00 18.00 33.00 24.00 26.00 16.00 0.00 0.00 0.00 0.00 0.00
134.00 30.00 41.00 89.00 155.00 48.00 66.00 0.08 3.47 2.00 2.00 1.00 10.00 13.00 20.00 17.00 17.00 13.00 0.00 1.00 0.00 0.00 0.00
135.00 33.00 36.00 90.00 162.00 54.00 72.00 0.08 3.94 2.00 2.00 1.00 12.00 21.00 21.00 12.00 22.00 11.00 0.00 0.00 0.00 1.00 0.00
136.00 34.00 42.00 103.00 172.00 61.00 69.00 0.08 4.36 3.00 2.00 1.50 11.00 19.00 23.00 15.00 24.00 10.00 0.00 0.00 0.00 2.00 0.00
137.00 38.00 57.00 113.00 198.00 56.00 85.00 0.09 4.33 2.00 2.00 1.00 7.00 16.00 31.00 22.00 23.00 15.00 0.00 0.00 2.00 1.00 0.00
138.00 41.00 64.00 130.00 199.00 66.00 69.00 0.09 4.32 2.00 4.00 0.50 7.00 18.00 34.00 23.00 24.00 17.00 0.00 0.00 1.00 1.00 0.00
139.00 36.00 49.00 111.00 181.00 62.00 70.00 0.09 4.15 2.00 2.00 1.00 7.00 14.00 29.00 22.00 21.00 15.00 0.00 0.00 1.00 0.00 0.00
140.00 43.00 68.00 134.00 216.00 66.00 82.00 0.08 4.18 2.00 4.00 0.50 8.00 18.00 35.00 25.00 23.00 20.00 1.00 0.00 1.00 2.00 0.00
141.00 41.00 61.00 128.00 207.00 67.00 79.00 0.08 4.18 2.00 3.00 0.67 11.00 20.00 30.00 21.00 29.00 12.00 0.00 0.00 1.00 0.00 0.00
142.00 42.00 68.00 136.00 223.00 68.00 87.00 0.09 4.32 2.00 2.00 1.00 11.00 21.00 31.00 21.00 26.00 16.00 1.00 0.00 1.00 0.00 0.00
143.00 36.00 40.00 111.00 193.00 71.00 82.00 0.10 4.41 3.00 1.00 3.00 11.00 17.00 25.00 19.00 21.00 15.00 1.00 0.00 0.00 0.00 0.00
144.00 36.00 50.00 119.00 188.00 69.00 69.00 0.09 3.91 3.00 2.00 1.50 12.00 20.00 24.00 16.00 21.00 15.00 1.00 0.00 1.00 0.00 0.00
145.00 40.00 64.00 134.00 205.00 70.00 71.00 0.08 4.05 3.00 2.00 1.50 6.00 16.00 34.00 24.00 24.00 16.00 1.00 0.00 0.00 0.00 0.00
146.00 36.00 51.00 102.00 184.00 51.00 82.00 0.10 4.23 4.00 3.00 1.33 9.00 16.00 27.00 20.00 24.00 12.00 1.00 0.00 0.00 1.00 0.00
147.00 38.00 60.00 118.00 202.00 58.00 84.00 0.07 3.82 4.00 3.00 1.33 8.00 16.00 30.00 22.00 20.00 18.00 1.00 0.00 0.00 0.00 0.00
148.00 37.00 51.00 119.00 199.00 68.00 80.00 0.08 4.15 4.00 3.00 1.33 9.00 13.00 28.00 24.00 17.00 20.00 1.00 0.00 0.00 0.00 0.00
149.00 36.00 41.00 98.00 188.00 57.00 90.00 0.08 4.19 4.00 2.00 2.00 6.00 16.00 30.00 20.00 23.00 13.00 1.00 0.00 0.00 0.00 0.00
150.00 40.00 45.00 125.00 214.00 80.00 89.00 0.08 4.29 3.00 2.00 1.50 13.00 17.00 27.00 23.00 21.00 19.00 1.00 0.00 0.00 0.00 0.00
151.00 38.00 57.00 126.00 196.00 69.00 70.00 0.09 4.32 2.00 5.00 0.40 10.00 18.00 28.00 20.00 23.00 15.00 1.00 0.00 0.00 0.00 0.00
152.00 36.00 41.00 114.00 188.00 73.00 74.00 0.07 4.03 3.00 4.00 0.75 5.00 13.00 31.00 23.00 20.00 16.00 1.00 0.00 0.00 0.00 0.00
153.00 43.00 60.00 139.00 228.00 79.00 89.00 0.07 4.15 3.00 4.00 0.75 8.00 17.00 35.00 26.00 19.00 24.00 1.00 0.00 0.00 0.00 0.00
154.00 38.00 57.00 117.00 195.00 60.00 78.00 0.08 4.25 3.00 4.00 0.75 6.00 14.00 32.00 24.00 22.00 16.00 1.00 0.00 0.00 0.00 0.00
155.00 42.00 58.00 126.00 211.00 68.00 85.00 0.08 4.06 3.00 4.00 0.75 10.00 16.00 32.00 26.00 28.00 14.00 0.00 0.00 0.00 0.00 0.00
156.00 39.00 62.00 126.00 204.00 64.00 78.00 0.09 4.21 4.00 3.00 1.33 8.00 12.00 31.00 27.00 23.00 16.00 1.00 0.00 1.00 0.00 0.00
157.00 39.00 49.00 122.00 197.00 73.00 75.00 0.08 4.28 4.00 4.00 1.00 9.00 16.00 30.00 23.00 20.00 19.00 1.00 0.00 0.00 0.00 0.00
158.00 34.00 46.00 103.00 176.00 57.00 73.00 0.10 4.18 2.00 3.00 0.67 11.00 19.00 23.00 15.00 26.00 8.00 0.00 0.00 0.00 0.00 0.00
159.00 40.00 56.00 129.00 220.00 73.00 91.00 0.07 4.28 3.00 4.00 0.75 8.00 12.00 32.00 28.00 16.00 24.00 1.00 0.00 0.00 0.00 0.00
160.00 39.00 49.00 115.00 186.00 66.00 71.00 0.09 3.63 2.00 3.00 0.67 13.00 25.00 26.00 14.00 30.00 9.00 1.00 0.00 0.00 0.00 0.00
161.00 31.00 38.00 89.00 167.00 51.00 78.00 0.10 3.08 3.00 2.00 1.50 5.00 12.00 26.00 19.00 20.00 11.00 1.00 0.00 1.00 1.00 0.00
162.00 41.00 66.00 136.00 222.00 70.00 86.00 0.09 4.12 3.00 3.00 1.00 4.00 11.00 37.00 30.00 18.00 23.00 0.00 0.00 0.00 0.00 1.00
163.00 38.00 50.00 119.00 208.00 69.00 89.00 0.08 4.09 4.00 2.00 2.00 8.00 12.00 30.00 26.00 19.00 19.00 1.00 0.00 1.00 1.00 1.00
164.00 41.00 59.00 134.00 224.00 75.00 90.00 0.09 4.44 2.00 3.00 0.67 12.00 17.00 29.00 24.00 24.00 17.00 1.00 0.00 1.00 0.00 0.00
165.00 39.00 50.00 130.00 211.00 80.00 81.00 0.08 4.63 4.00 4.00 1.00 2.00 12.00 37.00 27.00 18.00 21.00 1.00 0.00 1.00 0.00 0.00
166.00 38.00 52.00 127.00 206.00 75.00 79.00 0.09 4.42 2.00 2.00 1.00 9.00 17.00 29.00 21.00 23.00 15.00 1.00 0.00 0.00 1.00 0.00
167.00 40.00 64.00 128.00 219.00 64.00 91.00 0.08 4.32 2.00 3.00 0.67 5.00 15.00 35.00 25.00 24.00 16.00 1.00 0.00 1.00 0.00 0.00
168.00 41.00 62.00 125.00 223.00 63.00 98.00 0.08 4.32 4.00 5.00 0.80 3.00 11.00 38.00 30.00 21.00 20.00 0.00 0.00 1.00 0.00 0.00
169.00 36.00 42.00 109.00 194.00 67.00 85.00 0.08 4.57 4.00 5.00 0.80 10.00 15.00 26.00 21.00 21.00 15.00 1.00 0.00 0.00 0.00 0.00
170.00 35.00 42.00 109.00 186.00 67.00 77.00 0.10 4.16 4.00 4.00 1.00 8.00 16.00 27.00 19.00 21.00 14.00 1.00 0.00 0.00 0.00 0.00
171.00 41.00 70.00 138.00 221.00 68.00 83.00 0.07 4.63 5.00 5.00 1.00 7.00 16.00 34.00 25.00 23.00 18.00 0.00 0.00 0.00 0.00 0.00
172.00 36.00 48.00 108.00 189.00 60.00 81.00 0.08 4.68 4.00 3.00 1.33 7.00 12.00 29.00 24.00 20.00 16.00 1.00 0.00 1.00 0.00 0.00
173.00 40.00 58.00 126.00 215.00 68.00 89.00 0.09 4.49 4.00 5.00 0.80 8.00 14.00 32.00 26.00 20.00 20.00 1.00 0.00 0.00 1.00 0.00
174.00 39.00 49.00 118.00 198.00 69.00 80.00 0.10 4.36 4.00 5.00 0.80 10.00 20.00 29.00 19.00 28.00 11.00 0.00 0.00 0.00 0.00 0.00
175.00 40.00 74.00 135.00 209.00 61.00 74.00 0.08 4.56 4.00 6.00 0.67 6.00 12.00 34.00 28.00 19.00 21.00 1.00 0.00 0.00 1.00 0.00
176.00 42.00 61.00 138.00 224.00 77.00 86.00 0.08 4.78 3.00 4.00 0.75 8.00 15.00 34.00 27.00 19.00 23.00 1.00 0.00 0.00 1.00 0.00
177.00 41.00 59.00 129.00 219.00 70.00 90.00 0.09 4.63 2.00 4.00 0.50 4.00 14.00 37.00 27.00 21.00 20.00 1.00 0.00 0.00 0.00 0.00
178.00 47.00 78.00 159.00 249.00 81.00 90.00 0.10 4.54 2.00 5.00 0.40 12.00 22.00 35.00 25.00 29.00 18.00 1.00 0.00 1.00 0.00 0.00
179.00 42.00 62.00 132.00 224.00 70.00 92.00 0.08 4.50 3.00 4.00 0.75 9.00 20.00 33.00 22.00 24.00 18.00 2.00 0.00 1.00 1.00 0.00
180.00 39.00 54.00 130.00 207.00 76.00 77.00 0.06 4.55 3.00 4.00 0.75 4.00 12.00 35.00 27.00 19.00 20.00 1.00 0.00 1.00 0.00 0.00
181.00 40.00 59.00 134.00 220.00 75.00 86.00 0.09 4.34 3.00 3.00 1.00 11.00 19.00 29.00 21.00 24.00 16.00 1.00 0.00 0.00 0.00 0.00
182.00 42.00 59.00 124.00 224.00 65.00 100.00 0.09 4.17 2.00 4.00 0.50 7.00 14.00 35.00 28.00 22.00 20.00 1.00 0.00 0.00 0.00 0.00
183.00 38.00 53.00 120.00 208.00 67.00 88.00 0.07 4.42 2.00 2.00 1.00 11.00 15.00 27.00 23.00 22.00 16.00 0.00 0.00 1.00 0.00 0.00
184.00 42.00 43.00 136.00 223.00 93.00 87.00 0.08 4.43 2.00 4.00 0.50 10.00 19.00 32.00 23.00 27.00 15.00 1.00 0.00 0.00 0.00 0.00
185.00 43.00 61.00 135.00 231.00 74.00 96.00 0.08 4.57 2.00 4.00 0.50 7.00 16.00 36.00 27.00 24.00 19.00 1.00 0.00 1.00 0.00 0.00
186.00 47.00 67.00 146.00 241.00 79.00 95.00 0.08 4.34 4.00 4.00 1.00 13.00 24.00 34.00 23.00 28.00 19.00 1.00 0.00 0.00 0.00 0.00
187.00 38.00 54.00 121.00 201.00 67.00 80.00 0.10 4.03 3.00 5.00 0.60 5.00 10.00 33.00 28.00 21.00 17.00 1.00 0.00 0.00 0.00 0.00
188.00 45.00 62.00 137.00 231.00 75.00 94.00 0.07 4.21 2.00 4.00 0.50 11.00 16.00 34.00 29.00 27.00 18.00 1.00 0.00 0.00 0.00 0.00
189.00 45.00 64.00 135.00 237.00 71.00 102.00 0.09 4.30 3.00 4.00 0.75 10.00 20.00 35.00 25.00 29.00 16.00 1.00 0.00 0.00 0.00 0.00
190.00 43.00 62.00 139.00 230.00 77.00 91.00 0.08 4.05 3.00 3.00 1.00 7.00 12.00 36.00 31.00 18.00 25.00 1.00 0.00 1.00 0.00 0.00
191.00 40.00 56.00 129.00 218.00 73.00 89.00 0.08 4.21 3.00 5.00 0.60 6.00 11.00 34.00 29.00 19.00 21.00 1.00 0.00 0.00 0.00 0.00
192.00 50.00 63.00 154.00 268.00 91.00 114.00 0.09 4.30 2.00 5.00 0.40 11.00 17.00 39.00 33.00 25.00 25.00 1.00 0.00 0.00 0.00 0.00
193.00 44.00 55.00 144.00 226.00 89.00 82.00 0.07 3.95 3.00 5.00 0.60 14.00 22.00 30.00 22.00 27.00 17.00 1.00 0.00 0.00 0.00 0.00
194.00 47.00 69.00 147.00 253.00 78.00 106.00 0.08 4.21 3.00 5.00 0.60 14.00 26.00 33.00 21.00 30.00 17.00 0.00 0.00 0.00 0.00 0.00
195.00 47.00 67.00 153.00 242.00 86.00 89.00 0.08 3.97 3.00 5.00 0.60 10.00 21.00 37.00 26.00 25.00 22.00 1.00 0.00 0.00 0.00 0.00
196.00 42.00 66.00 134.00 220.00 68.00 86.00 0.08 3.71 2.00 4.00 0.50 10.00 17.00 32.00 25.00 22.00 20.00 0.00 0.00 0.00 1.00 0.00
197.00 43.00 69.00 145.00 223.00 76.00 78.00 0.07 4.06 3.00 4.00 0.75 7.00 14.00 36.00 29.00 22.00 21.00 1.00 0.00 0.00 0.00 0.00
198.00 41.00 52.00 136.00 221.00 84.00 85.00 0.08 4.04 1.00 4.00 0.25 7.00 16.00 34.00 25.00 20.00 21.00 1.00 0.00 0.00 1.00 0.00
199.00 42.00 71.00 137.00 224.00 66.00 87.00 0.09 4.03 4.00 5.00 0.80 11.00 17.00 31.00 25.00 27.00 15.00 1.00 0.00 0.00 0.00 0.00
200.00 43.00 63.00 140.00 226.00 77.00 86.00 0.08 4.33 3.00 3.00 1.00 12.00 20.00 31.00 23.00 24.00 19.00 1.00 0.00 0.00 0.00 0.00
201.00 49.00 89.00 170.00 260.00 81.00 90.00 0.10 4.12 3.00 6.00 0.50 6.00 14.00 43.00 35.00 24.00 25.00 1.00 0.00 1.00 0.00 0.00
202.00 45.00 62.00 140.00 229.00 78.00 89.00 0.07 4.03 1.00 3.00 0.33 6.00 16.00 39.00 29.00 24.00 21.00 1.00 0.00 0.00 0.00 0.00
203.00 45.00 67.00 151.00 231.00 84.00 80.00 0.08 3.98 3.00 4.00 0.75 13.00 24.00 32.00 21.00 31.00 14.00 1.00 0.00 0.00 0.00 0.00
204.00 46.00 65.00 145.00 228.00 80.00 83.00 0.08 3.87 1.00 5.00 0.20 12.00 22.00 34.00 24.00 30.00 16.00 0.00 0.00 0.00 0.00 0.00
205.00 44.00 68.00 133.00 221.00 65.00 88.00 0.07 3.97 3.00 5.00 0.60 9.00 19.00 35.00 25.00 27.00 17.00 0.00 0.00 1.00 0.00 0.00
206.00 35.00 52.00 119.00 186.00 67.00 67.00 0.07 4.01 2.00 5.00 0.40 5.00 19.00 30.00 16.00 24.00 11.00 1.00 0.00 0.00 0.00 0.00
207.00 43.00 73.00 141.00 220.00 68.00 79.00 0.08 3.34 2.00 4.00 0.50 14.00 20.00 29.00 23.00 26.00 17.00 1.00 0.00 0.00 0.00 0.00
208.00 41.00 60.00 132.00 210.00 72.00 78.00 0.09 4.18 3.00 5.00 0.60 11.00 20.00 30.00 21.00 26.00 15.00 0.00 0.00 1.00 0.00 0.00
209.00 40.00 69.00 130.00 203.00 61.00 73.00 0.09 4.00 2.00 6.00 0.33 7.00 17.00 33.00 23.00 24.00 16.00 0.00 0.00 1.00 0.00 0.00
210.00 45.00 62.00 144.00 232.00 82.00 88.00 0.08 3.71 3.00 5.00 0.60 14.00 22.00 31.00 23.00 29.00 16.00 1.00 0.00 0.00 0.00 0.00
211.00 46.00 68.00 156.00 229.00 88.00 73.00 0.08 3.58 3.00 7.00 0.43 13.00 18.00 33.00 28.00 26.00 20.00 1.00 0.00 0.00 0.00 0.00
212.00 44.00 69.00 143.00 230.00 74.00 87.00 0.09 3.76 3.00 6.00 0.50 7.00 12.00 37.00 32.00 22.00 22.00 1.00 0.00 0.00 0.00 0.00
213.00 38.00 54.00 116.00 201.00 62.00 85.00 0.08 3.87 3.00 6.00 0.50 5.00 15.00 33.00 23.00 16.00 22.00 0.00 0.00 0.00 1.00 0.00
214.00 52.00 77.00 163.00 258.00 86.00 95.00 0.09 3.79 4.00 7.00 0.57 10.00 20.00 42.00 32.00 29.00 23.00 0.00 0.00 0.00 0.00 1.00
215.00 45.00 59.00 131.00 235.00 72.00 104.00 0.08 3.70 2.00 6.00 0.33 13.00 17.00 32.00 28.00 27.00 18.00 0.00 0.00 1.00 0.00 0.00
216.00 40.00 58.00 125.00 208.00 67.00 83.00 0.09 3.80 2.00 5.00 0.40 6.00 13.00 34.00 27.00 28.00 12.00 0.00 0.00 1.00 0.00 0.00
217.00 39.00 58.00 119.00 197.00 61.00 78.00 0.08 3.73 3.00 5.00 0.60 10.00 18.00 29.00 21.00 23.00 16.00 0.00 0.00 1.00 0.00 0.00
218.00 45.00 81.00 146.00 237.00 65.00 91.00 0.08 3.38 2.00 3.00 0.67 8.00 23.00 37.00 22.00 27.00 18.00 0.00 0.00 1.00 0.00 0.00
219.00 40.00 62.00 129.00 202.00 67.00 73.00 0.08 3.45 3.00 4.00 0.75 11.00 18.00 29.00 22.00 24.00 16.00 0.00 0.00 0.00 1.00 0.00
220.00 28.00 34.00 80.00 142.00 46.00 62.00 0.07 3.86 1.00 3.00 0.33 8.00 13.00 20.00 15.00 18.00 10.00 0.00 0.00 0.00 0.00 0.00
221.00 35.00 47.00 103.00 180.00 56.00 77.00 0.08 4.06 2.00 4.00 0.50 8.00 14.00 27.00 21.00 15.00 20.00 0.00 0.00 0.00 0.00 0.00
222.00 40.00 56.00 121.00 198.00 65.00 77.00 0.10 3.62 2.00 4.00 0.50 8.00 15.00 32.00 25.00 26.00 14.00 0.00 0.00 2.00 1.00 0.00
223.00 38.00 66.00 128.00 193.00 62.00 65.00 0.08 4.18 2.00 5.00 0.40 7.00 14.00 31.00 24.00 20.00 18.00 0.00 0.00 1.00 1.00 0.00
224.00 36.00 54.00 115.00 190.00 61.00 75.00 0.10 4.36 2.00 4.00 0.50 8.00 10.00 28.00 26.00 17.00 19.00 0.00 0.00 0.00 1.00 0.00
225.00 39.00 62.00 124.00 204.00 62.00 80.00 0.07 3.88 2.00 4.00 0.50 9.00 15.00 30.00 24.00 20.00 19.00 0.00 0.00 0.00 1.00 0.00
226.00 36.00 52.00 110.00 185.00 58.00 75.00 0.09 4.31 1.00 4.00 0.25 8.00 17.00 28.00 19.00 23.00 13.00 0.00 0.00 1.00 0.00 0.00
227.00 35.00 48.00 107.00 185.00 59.00 78.00 0.08 4.28 2.00 4.00 0.50 4.00 12.00 31.00 23.00 18.00 17.00 0.00 0.00 0.00 0.00 0.00
228.00 30.00 41.00 84.00 156.00 43.00 72.00 0.07 3.57 1.00 3.00 0.33 5.00 12.00 25.00 18.00 17.00 13.00 0.00 0.00 0.00 0.00 0.00
229.00 40.00 61.00 119.00 198.00 58.00 79.00 0.09 4.18 2.00 4.00 0.50 11.00 23.00 29.00 17.00 31.00 9.00 0.00 0.00 2.00 0.00 0.00
230.00 37.00 65.00 130.00 199.00 65.00 69.00 0.10 3.70 2.00 3.00 0.67 3.00 8.00 34.00 29.00 17.00 20.00 0.00 0.00 2.00 0.00 0.00
231.00 34.00 42.00 98.00 174.00 56.00 76.00 0.07 3.91 2.00 4.00 0.50 6.00 16.00 28.00 18.00 26.00 8.00 0.00 0.00 2.00 0.00 0.00
232.00 39.00 63.00 131.00 203.00 68.00 72.00 0.08 3.98 2.00 3.00 0.67 7.00 14.00 32.00 25.00 23.00 16.00 0.00 0.00 1.00 1.00 0.00
233.00 39.00 55.00 131.00 199.00 76.00 68.00 0.08 4.34 2.00 3.00 0.67 6.00 15.00 33.00 24.00 19.00 20.00 0.00 0.00 2.00 1.00 0.00
234.00 32.00 52.00 97.00 169.00 45.00 72.00 0.08 4.05 2.00 3.00 0.67 7.00 10.00 25.00 22.00 15.00 17.00 0.00 0.00 1.00 1.00 0.00
235.00 36.00 64.00 111.00 183.00 47.00 72.00 0.08 4.32 2.00 3.00 0.67 7.00 13.00 29.00 23.00 19.00 17.00 0.00 0.00 0.00 0.00 0.00
236.00 36.00 61.00 119.00 191.00 58.00 72.00 0.10 3.91 2.00 4.00 0.50 4.00 12.00 32.00 24.00 15.00 21.00 0.00 0.00 0.00 0.00 0.00
237.00 37.00 60.00 121.00 191.00 61.00 70.00 0.08 4.35 2.00 2.00 1.00 11.00 18.00 26.00 19.00 25.00 12.00 0.00 0.00 0.00 0.00 0.00
238.00 35.00 55.00 108.00 181.00 53.00 73.00 0.08 4.15 1.00 4.00 0.25 6.00 16.00 29.00 19.00 22.00 13.00 0.00 0.00 0.00 0.00 0.00
239.00 36.00 54.00 120.00 192.00 66.00 72.00 0.07 4.12 1.00 4.00 0.25 5.00 15.00 31.00 21.00 20.00 16.00 0.00 0.00 0.00 0.00 0.00
240.00 31.00 38.00 82.00 151.00 44.00 69.00 0.08 4.00 2.00 3.00 0.67 7.00 11.00 24.00 20.00 19.00 12.00 0.00 0.00 0.00 0.00 0.00
241.00 28.00 40.00 83.00 138.00 43.00 55.00 0.08 4.53 2.00 4.00 0.50 7.00 16.00 21.00 12.00 19.00 9.00 0.00 0.00 1.00 0.00 0.00
242.00 39.00 60.00 123.00 192.00 63.00 69.00 0.09 4.16 1.00 3.00 0.33 7.00 13.00 32.00 26.00 23.00 16.00 0.00 0.00 2.00 0.00 0.00
243.00 32.00 46.00 89.00 154.00 43.00 65.00 0.08 4.50 2.00 4.00 0.50 7.00 14.00 25.00 18.00 20.00 12.00 0.00 0.00 0.00 0.00 0.00
244.00 31.00 48.00 93.00 161.00 45.00 68.00 0.10 4.32 1.00 1.00 1.00 7.00 11.00 24.00 20.00 15.00 16.00 0.00 0.00 0.00 0.00 0.00
245.00 31.00 51.00 97.00 162.00 46.00 65.00 0.08 4.13 2.00 3.00 0.67 6.00 14.00 25.00 17.00 20.00 11.00 0.00 0.00 2.00 0.00 0.00
246.00 36.00 61.00 111.00 192.00 50.00 81.00 0.08 4.04 2.00 2.00 1.00 5.00 10.00 31.00 26.00 20.00 16.00 0.00 0.00 1.00 0.00 0.00
247.00 33.00 43.00 97.00 169.00 54.00 72.00 0.09 4.34 2.00 4.00 0.50 8.00 14.00 25.00 19.00 22.00 11.00 0.00 0.00 1.00 0.00 0.00
248.00 32.00 48.00 98.00 162.00 50.00 64.00 0.08 4.48 2.00 4.00 0.50 7.00 11.00 25.00 21.00 14.00 18.00 0.00 0.00 1.00 0.00 0.00
249.00 32.00 43.00 101.00 166.00 58.00 65.00 0.09 4.61 2.00 2.00 1.00 6.00 12.00 26.00 20.00 20.00 12.00 0.00 0.00 1.00 0.00 0.00
250.00 40.00 41.00 110.00 195.00 69.00 85.00 0.08 3.90 3.00 3.00 1.00 8.00 18.00 32.00 22.00 24.00 16.00 0.00 0.00 0.00 0.00 0.00
251.00 38.00 47.00 112.00 186.00 65.00 74.00 0.09 4.17 2.00 4.00 0.50 6.00 13.00 32.00 25.00 25.00 13.00 0.00 0.00 0.00 0.00 0.00
252.00 37.00 48.00 108.00 190.00 60.00 82.00 0.10 4.28 1.00 3.00 0.33 10.00 16.00 27.00 21.00 26.00 11.00 0.00 0.00 0.00 0.00 0.00
253.00 33.00 51.00 96.00 165.00 45.00 69.00 0.09 4.59 2.00 3.00 0.67 12.00 17.00 21.00 16.00 21.00 12.00 0.00 0.00 1.00 0.00 0.00
254.00 32.00 45.00 94.00 164.00 49.00 70.00 0.09 4.68 2.00 3.00 0.67 7.00 14.00 25.00 18.00 22.00 10.00 0.00 0.00 0.00 0.00 0.00
255.00 38.00 47.00 102.00 191.00 55.00 89.00 0.09 4.65 2.00 3.00 0.67 8.00 16.00 30.00 22.00 22.00 16.00 0.00 0.00 0.00 0.00 0.00
256.00 40.00 58.00 122.00 208.00 64.00 86.00 0.09 4.66 2.00 4.00 0.50 7.00 12.00 33.00 28.00 22.00 18.00 0.00 0.00 0.00 0.00 0.00
257.00 37.00 54.00 110.00 194.00 56.00 84.00 0.08 4.63 2.00 3.00 0.67 8.00 14.00 29.00 23.00 20.00 17.00 0.00 0.00 0.00 0.00 0.00
258.00 32.00 40.00 89.00 165.00 49.00 76.00 0.09 4.87 1.00 3.00 0.33 9.00 15.00 23.00 17.00 19.00 13.00 0.00 0.00 0.00 1.00 0.00
259.00 39.00 56.00 122.00 206.00 66.00 84.00 0.06 4.69 1.00 4.00 0.25 8.00 14.00 31.00 25.00 26.00 13.00 0.00 0.00 0.00 0.00 0.00
260.00 36.00 52.00 111.00 190.00 59.00 79.00 0.08 4.87 1.00 2.00 0.50 9.00 15.00 27.00 21.00 19.00 17.00 0.00 0.00 0.00 0.00 1.00
261.00 39.00 56.00 111.00 190.00 55.00 79.00 0.09 4.72 1.00 2.00 0.50 8.00 17.00 31.00 22.00 24.00 15.00 0.00 0.00 0.00 0.00 0.00
262.00 40.00 58.00 121.00 206.00 63.00 85.00 0.09 4.88 0.00 2.00 0.00 8.00 14.00 32.00 26.00 24.00 16.00 0.00 0.00 0.00 0.00 1.00
263.00 33.00 36.00 98.00 172.00 62.00 74.00 0.07 4.79 1.00 3.00 0.33 11.00 17.00 22.00 16.00 19.00 14.00 0.00 0.00 0.00 1.00 0.00
264.00 37.00 55.00 113.00 194.00 58.00 81.00 0.07 4.65 1.00 3.00 0.33 7.00 14.00 30.00 23.00 19.00 18.00 0.00 0.00 0.00 1.00 0.00
265.00 36.00 51.00 105.00 191.00 54.00 86.00 0.08 4.78 0.00 3.00 0.00 8.00 19.00 28.00 17.00 23.00 13.00 1.00 0.00 0.00 0.00 0.00
266.00 31.00 44.00 91.00 148.00 47.00 57.00 0.08 4.80 1.00 3.00 0.33 5.00 12.00 26.00 19.00 17.00 14.00 1.00 0.00 0.00 0.00 0.00
267.00 36.00 53.00 115.00 191.00 62.00 76.00 0.09 4.85 1.00 2.00 0.50 7.00 18.00 29.00 18.00 22.00 14.00 0.00 0.00 1.00 0.00 0.00
268.00 32.00 33.00 99.00 175.00 66.00 76.00 0.08 4.89 1.00 2.00 0.50 10.00 15.00 22.00 17.00 21.00 11.00 0.00 0.00 1.00 0.00 0.00
269.00 32.00 37.00 96.00 166.00 59.00 70.00 0.08 4.63 1.00 1.00 1.00 5.00 13.00 27.00 19.00 16.00 16.00 0.00 0.00 0.00 0.00 0.00
270.00 36.00 58.00 109.00 186.00 51.00 77.00 0.09 4.70 1.00 3.00 0.33 4.00 8.00 32.00 28.00 19.00 17.00 1.00 0.00 0.00 0.00 0.00
271.00 30.00 36.00 89.00 155.00 53.00 66.00 0.09 4.73 1.00 4.00 0.25 10.00 16.00 20.00 14.00 20.00 10.00 1.00 0.00 0.00 0.00 0.00
272.00 26.00 38.00 74.00 133.00 36.00 59.00 0.08 4.65 1.00 3.00 0.33 3.00 8.00 23.00 18.00 14.00 12.00 0.00 0.00 0.00 0.00 0.00
273.00 34.00 36.00 102.00 180.00 66.00 78.00 0.08 4.66 1.00 2.00 0.50 9.00 12.00 25.00 22.00 17.00 17.00 1.00 0.00 0.00 0.00 0.00
274.00 33.00 48.00 100.00 170.00 52.00 70.00 0.08 4.51 0.00 2.00 0.00 2.00 9.00 31.00 24.00 20.00 13.00 1.00 0.00 0.00 0.00 0.00
275.00 34.00 49.00 102.00 175.00 53.00 73.00 0.11 4.68 1.00 4.00 0.25 5.00 11.00 29.00 23.00 19.00 15.00 0.00 0.00 0.00 0.00 0.00
276.00 30.00 41.00 90.00 159.00 49.00 69.00 0.08 4.66 1.00 4.00 0.25 7.00 12.00 23.00 18.00 14.00 16.00 0.00 0.00 0.00 0.00 0.00
277.00 31.00 48.00 98.00 167.00 50.00 69.00 0.09 4.54 1.00 4.00 0.25 4.00 11.00 27.00 20.00 15.00 16.00 0.00 0.00 0.00 0.00 0.00
278.00 32.00 55.00 97.00 168.00 42.00 71.00 0.08 4.63 1.00 4.00 0.25 6.00 11.00 26.00 21.00 16.00 16.00 1.00 0.00 0.00 0.00 0.00
279.00 25.00 31.00 79.00 133.00 48.00 54.00 0.09 4.77 1.00 3.00 0.33 4.00 14.00 21.00 11.00 19.00 6.00 0.00 0.00 0.00 0.00 0.00
280.00 28.00 35.00 80.00 157.00 45.00 77.00 0.09 4.67 1.00 4.00 0.25 5.00 13.00 23.00 15.00 14.00 14.00 1.00 0.00 0.00 0.00 0.00
281.00 36.00 47.00 109.00 177.00 62.00 68.00 0.08 4.79 1.00 3.00 0.33 8.00 15.00 28.00 21.00 22.00 14.00 0.00 0.00 0.00 0.00 1.00
282.00 34.00 48.00 101.00 172.00 53.00 71.00 0.08 4.53 1.00 2.00 0.50 8.00 15.00 26.00 19.00 20.00 14.00 0.00 0.00 0.00 0.00 0.00
283.00 31.00 47.00 96.00 161.00 49.00 65.00 0.09 4.46 1.00 5.00 0.20 5.00 12.00 26.00 19.00 16.00 15.00 1.00 0.00 0.00 0.00 0.00
284.00 36.00 52.00 100.00 180.00 48.00 80.00 0.09 4.73 1.00 4.00 0.25 11.00 19.00 25.00 17.00 26.00 10.00 0.00 0.00 0.00 0.00 0.00
285.00 29.00 31.00 83.00 146.00 52.00 63.00 0.07 4.21 1.00 3.00 0.33 5.00 11.00 24.00 18.00 19.00 10.00 1.00 0.00 0.00 0.00 0.00
286.00 32.00 40.00 93.00 165.00 53.00 72.00 0.07 4.47 1.00 2.00 0.50 7.00 12.00 25.00 20.00 22.00 10.00 1.00 0.00 0.00 0.00 0.00
287.00 28.00 32.00 84.00 140.00 52.00 56.00 0.08 4.51 2.00 2.00 1.00 4.00 7.00 24.00 21.00 13.00 15.00 1.00 0.00 0.00 0.00 0.00
288.00 32.00 33.00 84.00 162.00 51.00 78.00 0.08 4.54 1.00 2.00 0.50 9.00 15.00 23.00 17.00 18.00 14.00 0.00 0.00 0.00 0.00 0.00
289.00 34.00 40.00 90.00 165.00 50.00 75.00 0.07 4.50 1.00 3.00 0.33 7.00 19.00 27.00 15.00 22.00 12.00 1.00 0.00 1.00 0.00 0.00
290.00 33.00 48.00 96.00 165.00 48.00 69.00 0.09 4.57 1.00 2.00 0.50 10.00 20.00 23.00 13.00 23.00 10.00 0.00 0.00 1.00 0.00 0.00
291.00 30.00 33.00 90.00 153.00 57.00 63.00 0.10 4.62 1.00 2.00 0.50 10.00 13.00 20.00 17.00 19.00 11.00 0.00 0.00 0.00 0.00 0.00
292.00 31.00 34.00 90.00 159.00 56.00 69.00 0.08 4.63 1.00 2.00 0.50 3.00 11.00 28.00 20.00 17.00 14.00 1.00 0.00 0.00 0.00 0.00
293.00 33.00 44.00 104.00 177.00 60.00 73.00 0.07 4.53 1.00 2.00 0.50 9.00 17.00 24.00 16.00 18.00 15.00 0.00 0.00 0.00 0.00 0.00
294.00 28.00 26.00 78.00 142.00 52.00 64.00 0.08 4.50 1.00 2.00 0.50 7.00 13.00 21.00 15.00 15.00 13.00 0.00 0.00 0.00 0.00 0.00
295.00 29.00 39.00 88.00 152.00 49.00 64.00 0.09 4.60 1.00 1.00 1.00 6.00 13.00 23.00 16.00 20.00 9.00 0.00 0.00 0.00 0.00 0.00
296.00 29.00 30.00 84.00 152.00 54.00 68.00 0.08 4.56 1.00 2.00 0.50 5.00 12.00 24.00 17.00 18.00 11.00 0.00 0.00 0.00 0.00 0.00
297.00 31.00 36.00 84.00 155.00 48.00 71.00 0.08 4.47 1.00 2.00 0.50 7.00 12.00 24.00 19.00 21.00 10.00 0.00 0.00 0.00 0.00 0.00
298.00 29.00 30.00 83.00 142.00 53.00 59.00 0.08 4.51 1.00 3.00 0.33 9.00 13.00 20.00 16.00 17.00 12.00 0.00 0.00 0.00 0.00 0.00
299.00 30.00 30.00 90.00 153.00 60.00 63.00 0.09 4.44 1.00 3.00 0.33 7.00 16.00 23.00 14.00 20.00 10.00 0.00 0.00 0.00 0.00 0.00
300.00 27.00 27.00 75.00 135.00 48.00 60.00 0.09 4.61 1.00 2.00 0.50 6.00 10.00 21.00 17.00 20.00 7.00 0.00 0.00 0.00 0.00 0.00
301.00 30.00 40.00 84.00 154.00 44.00 70.00 0.10 4.58 1.00 1.00 1.00 8.00 13.00 22.00 17.00 15.00 15.00 0.00 0.00 0.00 1.00 0.00
302.00 24.00 32.00 69.00 121.00 37.00 52.00 0.11 4.55 1.00 1.00 1.00 4.00 13.00 20.00 11.00 16.00 8.00 0.00 0.00 0.00 0.00 0.00
303.00 25.00 28.00 69.00 130.00 41.00 61.00 0.08 4.52 1.00 1.00 1.00 5.00 8.00 20.00 17.00 12.00 13.00 0.00 0.00 0.00 0.00 0.00
304.00 24.00 28.00 66.00 121.00 38.00 55.00 0.07 4.48 1.00 2.00 0.50 5.00 12.00 19.00 12.00 16.00 8.00 0.00 0.00 0.00 0.00 0.00
305.00 26.00 32.00 76.00 131.00 44.00 55.00 0.10 4.40 1.00 4.00 0.25 3.00 10.00 23.00 16.00 16.00 10.00 0.00 0.00 0.00 0.00 0.00
306.00 31.00 34.00 96.00 164.00 62.00 68.00 0.09 4.64 1.00 3.00 0.33 7.00 14.00 24.00 17.00 21.00 10.00 0.00 0.00 0.00 0.00 0.00
307.00 25.00 28.00 66.00 130.00 38.00 64.00 0.08 4.52 0.00 1.00 0.00 9.00 13.00 16.00 12.00 15.00 10.00 0.00 0.00 0.00 0.00 0.00
308.00 22.00 17.00 52.00 114.00 35.00 62.00 0.07 4.85 1.00 1.00 1.00 7.00 11.00 15.00 11.00 18.00 4.00 0.00 0.00 0.00 0.00 0.00
309.00 26.00 29.00 71.00 134.00 42.00 63.00 0.08 4.47 1.00 2.00 0.50 8.00 13.00 18.00 13.00 18.00 8.00 1.00 0.00 0.00 0.00 0.00
310.00 27.00 25.00 76.00 136.00 51.00 60.00 0.09 4.66 1.00 1.00 1.00 4.00 8.00 23.00 19.00 15.00 12.00 0.00 0.00 0.00 0.00 0.00
311.00 28.00 26.00 77.00 139.00 51.00 62.00 0.07 4.54 1.00 1.00 1.00 9.00 16.00 19.00 12.00 20.00 8.00 0.00 0.00 1.00 0.00 0.00
312.00 26.00 33.00 78.00 135.00 45.00 57.00 0.10 4.42 2.00 1.00 2.00 4.00 9.00 22.00 17.00 18.00 8.00 0.00 0.00 0.00 0.00 0.00
313.00 23.00 21.00 57.00 114.00 36.00 57.00 0.08 4.61 1.00 0.00 0.00 4.00 8.00 19.00 15.00 13.00 10.00 0.00 0.00 0.00 0.00 0.00
314.00 21.00 28.00 55.00 104.00 27.00 49.00 0.10 4.40 1.00 1.00 1.00 6.00 13.00 15.00 8.00 15.00 6.00 0.00 0.00 0.00 1.00 0.00
315.00 22.00 28.00 56.00 103.00 28.00 47.00 0.09 4.51 1.00 0.00 0.00 8.00 13.00 14.00 9.00 18.00 4.00 0.00 0.00 0.00 0.00 0.00
316.00 16.00 13.00 44.00 80.00 31.00 36.00 0.09 5.17 1.00 0.00 0.00 5.00 7.00 11.00 9.00 11.00 5.00 0.00 0.00 0.00 0.00 0.00
317.00 23.00 21.00 57.00 113.00 36.00 56.00 0.08 4.61 1.00 0.00 0.00 4.00 10.00 19.00 13.00 16.00 7.00 0.00 0.00 0.00 0.00 0.00
318.00 22.00 19.00 53.00 108.00 34.00 55.00 0.08 4.54 1.00 0.00 0.00 7.00 12.00 15.00 10.00 17.00 5.00 0.00 0.00 0.00 0.00 0.00
319.00 24.00 28.00 62.00 121.00 34.00 59.00 0.08 4.61 1.00 0.00 0.00 7.00 13.00 17.00 11.00 16.00 8.00 0.00 0.00 0.00 0.00 0.00
320.00 21.00 20.00 55.00 100.00 35.00 45.00 0.09 4.71 1.00 0.00 0.00 5.00 9.00 16.00 12.00 15.00 6.00 0.00 0.00 0.00 0.00 0.00
321.00 20.00 26.00 55.00 101.00 29.00 46.00 0.09 4.29 1.00 0.00 0.00 3.00 7.00 17.00 13.00 15.00 5.00 0.00 0.00 0.00 0.00 0.00
322.00 29.00 27.00 82.00 145.00 55.00 63.00 0.09 4.43 1.00 1.00 1.00 6.00 17.00 23.00 12.00 23.00 6.00 0.00 0.00 0.00 0.00 0.00
323.00 23.00 24.00 55.00 121.00 31.00 66.00 0.08 4.26 1.00 1.00 1.00 6.00 12.00 17.00 11.00 12.00 11.00 0.00 0.00 1.00 0.00 0.00
324.00 26.00 27.00 64.00 126.00 37.00 62.00 0.09 4.67 1.00 2.00 0.50 8.00 12.00 18.00 14.00 16.00 10.00 0.00 0.00 1.00 0.00 0.00
325.00 30.00 33.00 73.00 149.00 40.00 76.00 0.09 4.23 1.00 3.00 0.33 9.00 17.00 21.00 13.00 22.00 8.00 0.00 0.00 1.00 1.00 0.00
326.00 23.00 24.00 66.00 118.00 42.00 52.00 0.07 4.32 1.00 3.00 0.33 5.00 11.00 18.00 12.00 14.00 9.00 0.00 0.00 1.00 1.00 0.00
327.00 26.00 34.00 74.00 136.00 40.00 62.00 0.09 4.00 1.00 0.00 0.00 5.00 13.00 21.00 13.00 16.00 10.00 0.00 0.00 3.00 1.00 0.00
328.00 27.00 22.00 73.00 138.00 51.00 65.00 0.09 4.51 1.00 0.00 0.00 8.00 11.00 19.00 16.00 13.00 14.00 0.00 0.00 1.00 0.00 0.00
329.00 27.00 36.00 83.00 140.00 47.00 57.00 0.08 4.51 1.00 2.00 0.50 4.00 10.00 23.00 17.00 16.00 11.00 0.00 0.00 1.00 0.00 0.00
330.00 26.00 31.00 67.00 127.00 36.00 60.00 0.07 4.43 0.00 0.00 0.00 7.00 15.00 19.00 11.00 21.00 5.00 1.00 0.00 1.00 0.00 0.00
331.00 25.00 34.00 73.00 128.00 39.00 55.00 0.08 4.17 1.00 1.00 1.00 8.00 14.00 17.00 11.00 16.00 9.00 0.00 0.00 1.00 0.00 0.00
332.00 24.00 24.00 61.00 121.00 37.00 60.00 0.08 4.58 1.00 1.00 1.00 9.00 12.00 15.00 12.00 17.00 7.00 0.00 0.00 0.00 0.00 0.00
333.00 26.00 30.00 76.00 135.00 46.00 59.00 0.09 4.35 2.00 0.00 0.00 10.00 17.00 16.00 9.00 19.00 7.00 0.00 0.00 1.00 0.00 0.00
334.00 23.00 26.00 65.00 117.00 39.00 52.00 0.09 4.38 1.00 1.00 1.00 6.00 11.00 17.00 12.00 13.00 10.00 0.00 0.00 0.00 0.00 0.00
335.00 28.00 33.00 73.00 139.00 40.00 66.00 0.08 4.05 0.00 1.00 0.00 7.00 14.00 21.00 14.00 20.00 8.00 0.00 0.00 0.00 0.00 0.00
336.00 22.00 32.00 63.00 112.00 31.00 49.00 0.08 4.50 1.00 2.00 0.50 6.00 8.00 16.00 14.00 13.00 9.00 0.00 0.00 0.00 0.00 0.00
337.00 24.00 19.00 63.00 126.00 44.00 63.00 0.08 4.18 1.00 2.00 0.50 7.00 12.00 17.00 12.00 17.00 7.00 0.00 0.00 0.00 0.00 0.00
338.00 20.00 26.00 53.00 101.00 27.00 48.00 0.09 4.14 1.00 0.00 0.00 9.00 13.00 11.00 7.00 16.00 4.00 0.00 0.00 0.00 0.00 0.00
339.00 11.00 5.00 23.00 53.00 18.00 30.00 0.10 3.77 0.00 0.00 0.00 1.00 4.00 10.00 7.00 9.00 2.00 0.00 0.00 0.00 0.00 0.00
340.00 23.00 17.00 50.00 110.00 33.00 60.00 0.07 4.06 1.00 1.00 1.00 10.00 15.00 13.00 8.00 20.00 3.00 0.00 0.00 0.00 0.00 0.00
341.00 27.00 39.00 75.00 136.00 36.00 61.00 0.10 4.38 1.00 1.00 1.00 7.00 15.00 20.00 12.00 21.00 6.00 0.00 0.00 0.00 0.00 0.00
342.00 26.00 23.00 68.00 122.00 45.00 54.00 0.07 4.25 1.00 1.00 1.00 5.00 14.00 21.00 12.00 19.00 7.00 0.00 0.00 0.00 0.00 0.00
343.00 21.00 24.00 60.00 107.00 36.00 47.00 0.06 3.50 1.00 1.00 1.00 3.00 9.00 18.00 12.00 14.00 7.00 0.00 0.00 0.00 0.00 0.00
344.00 19.00 18.00 48.00 94.00 30.00 46.00 0.08 2.78 1.00 0.00 0.00 3.00 9.00 16.00 10.00 12.00 7.00 0.00 0.00 0.00 0.00 0.00
345.00 20.00 14.00 53.00 101.00 39.00 48.00 0.08 4.19 1.00 1.00 1.00 4.00 10.00 16.00 10.00 15.00 5.00 0.00 0.00 0.00 0.00 0.00
346.00 29.00 38.00 81.00 142.00 43.00 61.00 0.08 3.92 1.00 1.00 1.00 8.00 10.00 21.00 19.00 16.00 13.00 0.00 0.00 0.00 0.00 0.00
347.00 22.00 30.00 59.00 104.00 29.00 45.00 0.10 3.57 0.00 2.00 0.00 7.00 11.00 15.00 11.00 17.00 5.00 0.00 0.00 0.00 0.00 0.00
348.00 18.00 13.00 44.00 83.00 31.00 39.00 0.09 4.00 1.00 1.00 1.00 6.00 12.00 12.00 6.00 17.00 1.00 0.00 0.00 0.00 0.00 0.00
349.00 22.00 24.00 59.00 112.00 35.00 53.00 0.10 4.48 1.00 1.00 1.00 6.00 9.00 16.00 13.00 15.00 7.00 0.00 0.00 0.00 0.00 0.00
350.00 20.00 20.00 56.00 99.00 36.00 43.00 0.08 3.90 1.00 0.00 0.00 9.00 16.00 11.00 4.00 18.00 2.00 0.00 0.00 0.00 0.00 0.00
351.00 19.00 12.00 45.00 101.00 33.00 56.00 0.08 4.60 1.00 0.00 0.00 7.00 12.00 12.00 7.00 14.00 5.00 0.00 0.00 0.00 0.00 0.00
352.00 18.00 12.00 42.00 91.00 30.00 49.00 0.09 4.02 0.00 0.00 0.00 5.00 10.00 13.00 8.00 14.00 4.00 0.00 0.00 0.00 0.00 0.00
353.00 13.00 12.00 33.00 64.00 21.00 31.00 0.08 4.99 0.00 1.00 0.00 6.00 8.00 7.00 5.00 9.00 4.00 0.00 0.00 0.00 0.00 0.00
354.00 18.00 13.00 44.00 89.00 31.00 45.00 0.07 4.79 1.00 1.00 1.00 5.00 9.00 13.00 9.00 11.00 7.00 0.00 0.00 0.00 0.00 0.00
355.00 18.00 16.00 44.00 91.00 28.00 47.00 0.08 4.67 0.00 1.00 0.00 4.00 9.00 14.00 9.00 12.00 6.00 0.00 0.00 0.00 0.00 0.00
356.00 18.00 15.00 41.00 85.00 26.00 44.00 0.07 4.72 1.00 0.00 0.00 5.00 12.00 13.00 6.00 13.00 5.00 0.00 0.00 0.00 0.00 0.00
357.00 17.00 6.00 31.00 80.00 25.00 49.00 0.09 3.98 1.00 1.00 1.00 2.00 7.00 15.00 10.00 15.00 2.00 0.00 0.00 0.00 0.00 0.00
358.00 17.00 12.00 32.00 77.00 20.00 45.00 0.10 2.76 1.00 1.00 1.00 4.00 11.00 13.00 6.00 13.00 4.00 0.00 0.00 0.00 0.00 0.00
359.00 23.00 28.00 59.00 115.00 31.00 56.00 0.10 4.45 1.00 0.00 0.00 6.00 9.00 17.00 14.00 16.00 7.00 0.00 0.00 0.00 0.00 0.00
360.00 17.00 17.00 45.00 86.00 28.00 41.00 0.08 4.38 1.00 0.00 0.00 6.00 11.00 11.00 6.00 12.00 5.00 0.00 0.00 0.00 0.00 0.00
361.00 22.00 27.00 61.00 115.00 34.00 54.00 0.10 3.85 1.00 1.00 1.00 8.00 12.00 14.00 10.00 16.00 6.00 0.00 0.00 0.00 0.00 0.00
362.00 18.00 13.00 41.00 88.00 28.00 47.00 0.10 3.04 2.00 1.00 2.00 5.00 9.00 13.00 9.00 15.00 3.00 0.00 0.00 0.00 0.00 0.00
363.00 18.00 15.00 46.00 94.00 31.00 48.00 0.07 4.30 1.00 1.00 1.00 5.00 10.00 13.00 8.00 14.00 4.00 0.00 0.00 1.00 0.00 0.00
364.00 16.00 10.00 39.00 80.00 29.00 41.00 0.10 3.53 1.00 0.00 0.00 2.00 5.00 14.00 11.00 8.00 8.00 0.00 0.00 0.00 0.00 0.00
365.00 15.00 8.00 33.00 76.00 25.00 43.00 0.09 3.18 1.00 0.00 0.00 5.00 8.00 10.00 7.00 11.00 4.00 0.00 0.00 0.00 0.00 0.00
366.00 20.00 21.00 53.00 102.00 32.00 49.00 0.09 4.37 1.00 1.00 1.00 5.00 10.00 15.00 10.00 14.00 6.00 0.00 0.00 0.00 0.00 0.00
367.00 23.00 28.00 61.00 116.00 33.00 55.00 0.08 3.83 1.00 1.00 1.00 6.00 11.00 17.00 12.00 12.00 11.00 0.00 0.00 0.00 0.00 0.00
368.00 21.00 24.00 61.00 109.00 37.00 48.00 0.10 2.52 1.00 1.00 1.00 4.00 7.00 17.00 14.00 14.00 7.00 0.00 0.00 0.00 0.00 0.00
369.00 19.00 18.00 49.00 98.00 31.00 49.00 0.09 3.38 1.00 1.00 1.00 2.00 8.00 17.00 11.00 14.00 5.00 0.00 0.00 0.00 0.00 0.00
370.00 21.00 26.00 56.00 101.00 30.00 45.00 0.09 2.68 1.00 0.00 0.00 8.00 14.00 13.00 7.00 17.00 4.00 0.00 0.00 1.00 0.00 0.00
371.00 20.00 21.00 52.00 101.00 31.00 49.00 0.09 2.65 1.00 1.00 1.00 6.00 10.00 14.00 10.00 14.00 6.00 0.00 0.00 0.00 0.00 0.00
372.00 20.00 23.00 54.00 102.00 31.00 48.00 0.10 2.69 1.00 1.00 1.00 3.00 6.00 17.00 14.00 10.00 10.00 0.00 0.00 0.00 0.00 0.00
373.00 25.00 29.00 69.00 124.00 40.00 55.00 0.09 3.32 1.00 1.00 1.00 5.00 12.00 20.00 13.00 14.00 11.00 0.00 0.00 0.00 0.00 0.00
374.00 17.00 10.00 38.00 83.00 28.00 45.00 0.10 3.91 1.00 2.00 0.50 6.00 10.00 11.00 7.00 14.00 3.00 0.00 0.00 0.00 0.00 0.00
375.00 17.00 18.00 46.00 82.00 28.00 36.00 0.09 2.26 1.00 0.00 0.00 5.00 8.00 12.00 9.00 14.00 3.00 0.00 0.00 0.00 0.00 0.00
376.00 16.00 14.00 39.00 77.00 25.00 38.00 0.08 2.38 1.00 0.00 0.00 8.00 10.00 8.00 6.00 14.00 2.00 0.00 0.00 0.00 0.00 0.00
377.00 14.00 14.00 37.00 70.00 23.00 33.00 0.10 3.45 1.00 0.00 0.00 4.00 7.00 10.00 7.00 11.00 3.00 0.00 0.00 0.00 0.00 0.00
378.00 16.00 14.00 40.00 77.00 26.00 37.00 0.10 2.43 0.00 1.00 0.00 6.00 9.00 10.00 7.00 12.00 4.00 0.00 0.00 0.00 0.00 0.00
379.00 13.00 8.00 29.00 67.00 21.00 38.00 0.09 3.80 1.00 0.00 0.00 6.00 10.00 7.00 3.00 12.00 1.00 0.00 0.00 0.00 0.00 0.00
380.00 11.00 6.00 24.00 53.00 18.00 29.00 0.09 4.25 0.00 0.00 0.00 1.00 6.00 10.00 5.00 9.00 2.00 0.00 0.00 0.00 0.00 0.00
381.00 14.00 7.00 35.00 67.00 28.00 32.00 0.06 2.62 1.00 0.00 0.00 6.00 7.00 8.00 7.00 11.00 3.00 0.00 0.00 0.00 0.00 0.00
382.00 12.00 6.00 25.00 58.00 19.00 33.00 0.10 4.00 0.00 0.00 0.00 4.00 8.00 8.00 4.00 11.00 1.00 0.00 0.00 0.00 0.00 0.00
383.00 14.00 10.00 30.00 69.00 20.00 39.00 0.10 3.48 1.00 0.00 0.00 6.00 12.00 8.00 2.00 13.00 1.00 0.00 0.00 0.00 0.00 0.00
384.00 14.00 11.00 40.00 73.00 29.00 33.00 0.09 3.45 0.00 0.00 0.00 4.00 7.00 10.00 7.00 8.00 6.00 0.00 0.00 0.00 0.00 0.00
385.00 9.00 7.00 19.00 44.00 12.00 25.00 0.08 3.65 1.00 0.00 0.00 3.00 3.00 6.00 6.00 8.00 1.00 0.00 0.00 0.00 0.00 0.00
386.00 16.00 14.00 34.00 70.00 20.00 36.00 0.09 4.25 1.00 0.00 0.00 5.00 13.00 11.00 3.00 15.00 1.00 0.00 0.00 0.00 0.00 0.00
387.00 11.00 9.00 21.00 52.00 12.00 31.00 0.09 4.86 1.00 0.00 0.00 5.00 7.00 6.00 4.00 10.00 1.00 0.00 0.00 0.00 0.00 0.00
388.00 14.00 7.00 33.00 63.00 26.00 30.00 0.09 5.16 0.00 0.00 0.00 4.00 10.00 10.00 4.00 13.00 1.00 0.00 0.00 0.00 0.00 0.00
389.00 14.00 7.00 27.00 68.00 20.00 41.00 0.09 4.90 0.00 0.00 0.00 3.00 9.00 11.00 5.00 13.00 1.00 0.00 0.00 0.00 0.00 0.00
390.00 16.00 5.00 27.00 79.00 22.00 52.00 0.09 5.31 1.00 0.00 0.00 8.00 11.00 8.00 5.00 15.00 1.00 0.00 0.00 0.00 0.00 0.00
391.00 15.00 10.00 30.00 67.00 20.00 37.00 0.08 5.07 1.00 0.00 0.00 7.00 12.00 8.00 3.00 14.00 1.00 0.00 0.00 0.00 0.00 0.00
392.00 12.00 2.00 18.00 49.00 16.00 31.00 0.08 4.56 0.00 0.00 0.00 3.00 8.00 9.00 4.00 11.00 1.00 0.00 0.00 0.00 0.00 0.00
393.00 7.00 1.00 9.00 27.00 8.00 18.00 0.09 5.03 0.00 0.00 0.00 2.00 5.00 5.00 2.00 5.00 2.00 0.00 0.00 0.00 0.00 0.00
394.00 3.00 0.00 2.00 9.00 2.00 7.00 0.09 4.89 0.00 0.00 0.00 2.00 3.00 1.00 0.00 3.00 0.00 0.00 0.00 0.00 0.00 0.00
395.00 8.00 5.00 17.00 38.00 12.00 21.00 0.10 5.18 0.00 0.00 0.00 1.00 3.00 7.00 5.00 6.00 2.00 0.00 0.00 0.00 0.00 0.00
396.00 4.00 1.00 4.00 12.00 3.00 8.00 0.09 0.17 0.00 0.00 0.00 1.00 3.00 3.00 1.00 4.00 0.00 0.00 0.00 0.00 0.00 0.00
397.00 3.00 0.00 2.00 8.00 2.00 6.00 0.09 0.08 0.00 0.00 0.00 2.00 3.00 1.00 0.00 3.00 0.00 0.00 0.00 0.00 0.00 0.00
398.00 7.00 1.00 11.00 33.00 10.00 22.00 0.09 4.87 0.00 0.00 0.00 2.00 6.00 5.00 1.00 6.00 1.00 0.00 0.00 0.00 0.00 0.00
399.00 7.00 1.00 7.00 26.00 6.00 19.00 0.08 4.78 0.00 0.00 0.00 3.00 5.00 4.00 2.00 6.00 1.00 0.00 0.00 1.00 0.00 0.00
400.00 9.00 2.00 15.00 35.00 13.00 20.00 0.08 4.38 0.00 0.00 0.00 3.00 6.00 6.00 3.00 7.00 2.00 0.00 0.00 0.00 0.00 0.00
401.00 4.00 0.00 0.00 2.00 0.00 2.00 0.09 0.46 0.00 0.00 0.00 3.00 3.00 1.00 1.00 4.00 0.00 0.00 0.00 0.00 0.00 0.00
402.00 2.00 0.00 0.00 2.00 0.00 2.00 0.09 0.01 0.00 0.00 0.00 2.00 2.00 0.00 0.00 2.00 0.00 0.00 0.00 0.00 0.00 0.00
