0.00 2.00 0.00 0.00 4.00 0.00 4.00 0.09 0.20 0.00 0.00 0.00 2.00 2.00 0.00 0.00 2.00 0.00 0.00 0.00 0.00 0.00 0.00
1.00 4.00 0.00 0.00 10.00 0.00 10.00 0.08 0.24 0.00 0.00 0.00 2.00 4.00 2.00 0.00 4.00 0.00 0.00 0.00 0.00 0.00 0.00
2.00 3.00 0.00 0.00 3.00 0.00 3.00 0.09 4.55 0.00 0.00 0.00 2.00 3.00 1.00 0.00 3.00 0.00 0.00 0.00 0.00 0.00 0.00
3.00 5.00 0.00 2.00 11.00 2.00 9.00 0.10 5.08 0.00 0.00 0.00 4.00 4.00 1.00 1.00 4.00 1.00 0.00 0.00 0.00 0.00 0.00
4.00 4.00 0.00 0.00 7.00 0.00 7.00 0.08 0.36 0.00 0.00 0.00 3.00 3.00 1.00 1.00 4.00 0.00 0.00 0.00 0.00 0.00 0.00
5.00 4.00 1.00 5.00 14.00 4.00 9.00 0.08 4.01 0.00 0.00 0.00 2.00 4.00 2.00 0.00 4.00 0.00 0.00 0.00 0.00 0.00 0.00
6.00 3.00 0.00 0.00 2.00 0.00 2.00 0.09 0.33 0.00 0.00 0.00 2.00 3.00 1.00 0.00 3.00 0.00 0.00 0.00 0.00 0.00 0.00
7.00 6.00 1.00 6.00 24.00 5.00 18.00 0.09 5.35 0.00 0.00 0.00 3.00 5.00 3.00 1.00 6.00 0.00 0.00 0.00 0.00 0.00 0.00
8.00 3.00 0.00 2.00 9.00 2.00 7.00 0.08 4.96 0.00 0.00 0.00 2.00 3.00 1.00 0.00 3.00 0.00 0.00 0.00 0.00 0.00 0.00
9.00 7.00 3.00 11.00 31.00 8.00 20.00 0.11 2.51 0.00 0.00 0.00 4.00 5.00 3.00 2.00 7.00 0.00 0.00 0.00 0.00 0.00 0.00
10.00 3.00 0.00 1.00 10.00 1.00 9.00 0.07 4.73 0.00 0.00 0.00 2.00 3.00 1.00 0.00 3.00 0.00 0.00 0.00 0.00 0.00 0.00
11.00 6.00 2.00 6.00 21.00 4.00 15.00 0.09 0.29 0.00 0.00 0.00 3.00 5.00 3.00 1.00 6.00 0.00 0.00 0.00 0.00 0.00 0.00
12.00 10.00 4.00 13.00 38.00 9.00 25.00 0.08 4.83 0.00 0.00 0.00 5.00 7.00 5.00 3.00 8.00 2.00 0.00 0.00 0.00 0.00 0.00
13.00 9.00 6.00 16.00 41.00 10.00 25.00 0.07 4.47 0.00 0.00 0.00 3.00 5.00 6.00 4.00 6.00 3.00 0.00 0.00 0.00 0.00 0.00
14.00 13.00 4.00 20.00 56.00 16.00 36.00 0.08 4.60 0.00 0.00 0.00 5.00 10.00 8.00 3.00 10.00 3.00 0.00 0.00 1.00 0.00 0.00
15.00 16.00 11.00 38.00 82.00 27.00 44.00 0.08 4.13 0.00 0.00 0.00 5.00 9.00 11.00 7.00 15.00 1.00 0.00 0.00 0.00 0.00 0.00
16.00 11.00 7.00 20.00 50.00 13.00 30.00 0.09 2.99 0.00 0.00 0.00 4.00 6.00 7.00 5.00 7.00 4.00 0.00 0.00 0.00 0.00 0.00
17.00 14.00 9.00 31.00 64.00 22.00 33.00 0.09 3.35 0.00 0.00 0.00 6.00 10.00 8.00 4.00 13.00 1.00 0.00 0.00 0.00 0.00 0.00
18.00 14.00 9.00 27.00 65.00 18.00 38.00 0.07 2.74 0.00 0.00 0.00 5.00 10.00 9.00 4.00 13.00 1.00 0.00 0.00 0.00 0.00 0.00
19.00 13.00 4.00 31.00 62.00 27.00 31.00 0.09 4.02 0.00 0.00 0.00 5.00 7.00 8.00 6.00 8.00 5.00 0.00 0.00 0.00 0.00 0.00
20.00 13.00 14.00 31.00 67.00 17.00 36.00 0.08 1.57 1.00 0.00 0.00 6.00 8.00 7.00 5.00 10.00 3.00 0.00 0.00 0.00 0.00 0.00
21.00 16.00 13.00 42.00 81.00 29.00 39.00 0.10 3.61 1.00 0.00 0.00 4.00 7.00 12.00 9.00 12.00 4.00 0.00 0.00 0.00 0.00 0.00
22.00 18.00 24.00 50.00 90.00 26.00 40.00 0.10 4.29 1.00 0.00 0.00 6.00 9.00 12.00 9.00 12.00 6.00 0.00 0.00 0.00 0.00 0.00
23.00 16.00 14.00 41.00 81.00 27.00 40.00 0.08 4.73 1.00 0.00 0.00 3.00 7.00 13.00 9.00 10.00 6.00 0.00 0.00 0.00 0.00 0.00
24.00 9.00 3.00 17.00 42.00 14.00 25.00 0.08 4.79 1.00 0.00 0.00 3.00 4.00 6.00 5.00 6.00 3.00 0.00 0.00 0.00 0.00 0.00
25.00 16.00 17.00 43.00 82.00 26.00 39.00 0.09 3.13 1.00 0.00 0.00 2.00 8.00 14.00 8.00 11.00 5.00 0.00 0.00 0.00 0.00 0.00
26.00 14.00 9.00 31.00 73.00 22.00 42.00 0.09 3.47 1.00 0.00 0.00 4.00 7.00 10.00 7.00 9.00 5.00 0.00 0.00 0.00 0.00 0.00
27.00 15.00 13.00 31.00 71.00 18.00 40.00 0.09 4.82 1.00 0.00 0.00 4.00 9.00 11.00 6.00 13.00 2.00 0.00 0.00 0.00 0.00 0.00
28.00 15.00 13.00 31.00 71.00 18.00 40.00 0.08 4.83 1.00 0.00 0.00 4.00 9.00 11.00 6.00 13.00 2.00 0.00 0.00 0.00 1.00 0.00
29.00 21.00 17.00 51.00 104.00 34.00 53.00 0.08 4.77 0.00 0.00 0.00 5.00 13.00 16.00 8.00 15.00 6.00 0.00 0.00 0.00 0.00 0.00
30.00 24.00 34.00 68.00 121.00 34.00 53.00 0.09 4.73 1.00 0.00 0.00 10.00 15.00 14.00 9.00 18.00 6.00 0.00 0.00 0.00 0.00 1.00
31.00 25.00 19.00 61.00 123.00 42.00 62.00 0.08 4.46 1.00 0.00 0.00 11.00 14.00 14.00 11.00 19.00 6.00 0.00 0.00 0.00 0.00 1.00
32.00 20.00 20.00 49.00 101.00 29.00 52.00 0.08 4.65 1.00 0.00 0.00 3.00 8.00 17.00 12.00 12.00 8.00 0.00 0.00 0.00 0.00 0.00
33.00 17.00 17.00 45.00 83.00 28.00 38.00 0.09 4.68 1.00 0.00 0.00 6.00 9.00 11.00 8.00 12.00 5.00 0.00 0.00 0.00 0.00 1.00
34.00 22.00 21.00 58.00 109.00 37.00 51.00 0.10 4.68 1.00 1.00 1.00 8.00 12.00 14.00 10.00 17.00 5.00 0.00 0.00 0.00 0.00 1.00
35.00 26.00 29.00 74.00 135.00 45.00 61.00 0.08 4.49 1.00 0.00 0.00 10.00 14.00 16.00 12.00 16.00 10.00 0.00 0.00 0.00 0.00 0.00
36.00 27.00 24.00 78.00 142.00 54.00 64.00 0.09 4.23 1.00 0.00 0.00 6.00 12.00 21.00 15.00 16.00 11.00 0.00 0.00 0.00 0.00 1.00
37.00 24.00 33.00 75.00 121.00 42.00 46.00 0.09 4.71 1.00 0.00 0.00 5.00 12.00 19.00 12.00 14.00 10.00 1.00 0.00 0.00 0.00 0.00
38.00 21.00 18.00 53.00 112.00 35.00 59.00 0.07 4.67 1.00 0.00 0.00 3.00 7.00 18.00 14.00 15.00 6.00 1.00 0.00 0.00 0.00 0.00
39.00 25.00 32.00 76.00 129.00 44.00 53.00 0.07 4.69 1.00 0.00 0.00 5.00 9.00 20.00 16.00 17.00 8.00 1.00 0.00 0.00 0.00 0.00
40.00 22.00 29.00 61.00 115.00 32.00 54.00 0.08 4.79 1.00 1.00 1.00 2.00 12.00 20.00 10.00 15.00 7.00 0.00 0.00 0.00 0.00 0.00
41.00 15.00 9.00 35.00 74.00 26.00 39.00 0.09 4.85 1.00 0.00 0.00 3.00 8.00 12.00 7.00 13.00 2.00 1.00 0.00 0.00 0.00 0.00
42.00 24.00 15.00 61.00 127.00 46.00 66.00 0.09 4.79 1.00 0.00 0.00 4.00 12.00 20.00 12.00 14.00 10.00 0.00 0.00 0.00 0.00 0.00
43.00 24.00 32.00 73.00 122.00 41.00 49.00 0.09 4.85 1.00 0.00 0.00 2.00 7.00 22.00 17.00 14.00 10.00 0.00 0.00 0.00 0.00 0.00
44.00 22.00 16.00 55.00 107.00 39.00 52.00 0.08 4.89 0.00 0.00 0.00 9.00 12.00 13.00 10.00 17.00 5.00 1.00 0.00 0.00 0.00 0.00
45.00 20.00 18.00 55.00 106.00 37.00 51.00 0.09 4.70 2.00 0.00 0.00 4.00 9.00 16.00 11.00 11.00 9.00 1.00 0.00 0.00 0.00 0.00
46.00 17.00 10.00 42.00 89.00 32.00 47.00 0.09 4.71 1.00 0.00 0.00 4.00 11.00 13.00 6.00 13.00 4.00 1.00 0.00 0.00 0.00 0.00
47.00 24.00 20.00 59.00 127.00 39.00 68.00 0.09 4.79 1.00 1.00 1.00 7.00 11.00 17.00 13.00 14.00 10.00 1.00 0.00 0.00 0.00 0.00
48.00 21.00 23.00 56.00 107.00 33.00 51.00 0.10 4.88 3.00 1.00 3.00 5.00 9.00 16.00 12.00 13.00 8.00 1.00 0.00 0.00 0.00 0.00
49.00 27.00 33.00 84.00 141.00 51.00 57.00 0.08 4.89 1.00 1.00 1.00 5.00 9.00 22.00 18.00 15.00 12.00 1.00 0.00 0.00 0.00 0.00
50.00 28.00 41.00 87.00 146.00 46.00 59.00 0.09 4.71 2.00 1.00 2.00 5.00 14.00 23.00 14.00 20.00 8.00 1.00 0.00 0.00 0.00 0.00
51.00 29.00 37.00 89.00 152.00 52.00 63.00 0.08 4.84 1.00 1.00 1.00 9.00 14.00 20.00 15.00 17.00 12.00 1.00 0.00 0.00 0.00 0.00
52.00 27.00 24.00 77.00 137.00 53.00 60.00 0.09 4.72 1.00 0.00 0.00 3.00 13.00 24.00 14.00 13.00 14.00 0.00 0.00 0.00 0.00 0.00
53.00 28.00 34.00 86.00 142.00 52.00 56.00 0.07 4.90 1.00 2.00 0.50 8.00 16.00 20.00 12.00 18.00 10.00 0.00 0.00 0.00 0.00 0.00
54.00 24.00 18.00 65.00 125.00 47.00 60.00 0.08 4.41 1.00 0.00 0.00 5.00 12.00 19.00 12.00 15.00 9.00 1.00 0.00 0.00 0.00 0.00
55.00 22.00 24.00 66.00 113.00 42.00 47.00 0.09 4.73 2.00 1.00 2.00 7.00 13.00 15.00 9.00 15.00 7.00 0.00 0.00 0.00 0.00 0.00
56.00 27.00 24.00 73.00 141.00 49.00 68.00 0.09 4.79 0.00 0.00 0.00 7.00 17.00 20.00 10.00 24.00 3.00 1.00 0.00 1.00 0.00 0.00
57.00 26.00 30.00 72.00 135.00 42.00 63.00 0.09 4.95 0.00 0.00 0.00 5.00 11.00 21.00 15.00 17.00 9.00 1.00 0.00 0.00 0.00 0.00
58.00 15.00 11.00 33.00 73.00 22.00 40.00 0.09 3.65 1.00 0.00 0.00 3.00 9.00 12.00 6.00 13.00 2.00 0.00 0.00 0.00 0.00 0.00
59.00 26.00 29.00 73.00 135.00 44.00 62.00 0.08 4.50 1.00 0.00 0.00 5.00 14.00 21.00 12.00 17.00 9.00 1.00 0.00 0.00 0.00 0.00
60.00 32.00 34.00 88.00 161.00 54.00 73.00 0.08 4.62 1.00 0.00 0.00 8.00 19.00 24.00 13.00 23.00 9.00 1.00 0.00 0.00 0.00 0.00
61.00 25.00 32.00 73.00 129.00 41.00 56.00 0.09 4.62 0.00 0.00 0.00 8.00 13.00 17.00 12.00 20.00 5.00 1.00 0.00 0.00 1.00 0.00
62.00 29.00 35.00 90.00 155.00 55.00 65.00 0.08 4.78 2.00 1.00 2.00 3.00 13.00 26.00 16.00 16.00 13.00 1.00 0.00 1.00 0.00 0.00
63.00 31.00 36.00 97.00 157.00 61.00 60.00 0.08 4.66 2.00 1.00 2.00 6.00 11.00 25.00 20.00 16.00 15.00 1.00 0.00 1.00 0.00 0.00
64.00 26.00 29.00 71.00 139.00 42.00 68.00 0.08 4.64 2.00 1.00 2.00 7.00 14.00 19.00 12.00 19.00 7.00 1.00 0.00 0.00 0.00 0.00
65.00 29.00 35.00 86.00 148.00 51.00 62.00 0.09 4.70 2.00 1.00 2.00 7.00 13.00 22.00 16.00 15.00 14.00 1.00 0.00 0.00 0.00 0.00
66.00 29.00 42.00 88.00 153.00 46.00 65.00 0.06 4.90 2.00 1.00 2.00 8.00 16.00 21.00 13.00 22.00 7.00 1.00 0.00 0.00 0.00 0.00
67.00 24.00 26.00 64.00 126.00 38.00 62.00 0.08 4.83 2.00 1.00 2.00 6.00 8.00 18.00 16.00 14.00 10.00 1.00 0.00 1.00 0.00 0.00
68.00 31.00 31.00 87.00 149.00 56.00 62.00 0.09 4.12 2.00 0.00 0.00 7.00 14.00 24.00 17.00 20.00 11.00 0.00 0.00 1.00 0.00 0.00
69.00 29.00 35.00 83.00 156.00 48.00 73.00 0.09 4.87 2.00 1.00 2.00 6.00 12.00 23.00 17.00 17.00 12.00 1.00 0.00 0.00 0.00 0.00
70.00 30.00 41.00 98.00 161.00 57.00 63.00 0.09 4.83 2.00 1.00 2.00 5.00 10.00 25.00 20.00 16.00 14.00 1.00 0.00 0.00 0.00 0.00
71.00 30.00 42.00 101.00 166.00 59.00 65.00 0.08 4.68 2.00 2.00 1.00 3.00 9.00 27.00 21.00 15.00 15.00 1.00 0.00 0.00 0.00 0.00
72.00 29.00 36.00 93.00 152.00 57.00 59.00 0.08 4.52 2.00 1.00 2.00 6.00 10.00 23.00 19.00 14.00 15.00 1.00 0.00 0.00 0.00 0.00
73.00 37.00 47.00 108.00 192.00 61.00 84.00 0.09 4.69 2.00 1.00 2.00 13.00 16.00 24.00 21.00 22.00 15.00 1.00 0.00 1.00 0.00 0.00
74.00 31.00 50.00 101.00 165.00 51.00 64.00 0.09 4.74 2.00 2.00 1.00 4.00 10.00 27.00 21.00 20.00 11.00 1.00 0.00 0.00 0.00 0.00
75.00 34.00 52.00 107.00 174.00 55.00 67.00 0.08 4.54 2.00 2.00 1.00 7.00 15.00 27.00 19.00 21.00 13.00 1.00 0.00 0.00 0.00 0.00
76.00 33.00 50.00 111.00 186.00 61.00 75.00 0.08 4.52 2.00 0.00 0.00 4.00 8.00 29.00 25.00 15.00 18.00 1.00 0.00 0.00 0.00 0.00
77.00 29.00 29.00 83.00 151.00 54.00 68.00 0.09 4.42 3.00 1.00 3.00 4.00 14.00 25.00 15.00 17.00 12.00 1.00 0.00 0.00 0.00 0.00
78.00 26.00 28.00 72.00 137.00 44.00 65.00 0.08 4.74 2.00 2.00 1.00 4.00 10.00 22.00 16.00 14.00 12.00 1.00 0.00 0.00 0.00 0.00
79.00 31.00 40.00 93.00 156.00 53.00 63.00 0.10 4.29 2.00 3.00 0.67 5.00 13.00 26.00 18.00 20.00 11.00 1.00 0.00 0.00 0.00 0.00
80.00 33.00 44.00 99.00 167.00 55.00 68.00 0.07 4.73 2.00 3.00 0.67 8.00 14.00 25.00 19.00 20.00 13.00 1.00 0.00 0.00 0.00 0.00
81.00 39.00 58.00 114.00 196.00 56.00 82.00 0.11 4.00 3.00 4.00 0.75 9.00 15.00 30.00 24.00 25.00 14.00 1.00 0.00 0.00 0.00 0.00
82.00 31.00 42.00 97.00 168.00 55.00 71.00 0.09 4.57 2.00 2.00 1.00 5.00 15.00 26.00 16.00 19.00 12.00 1.00 0.00 0.00 0.00 0.00
83.00 32.00 43.00 102.00 176.00 59.00 74.00 0.09 3.72 0.00 3.00 0.00 5.00 13.00 27.00 19.00 20.00 12.00 1.00 0.00 0.00 0.00 0.00
84.00 31.00 39.00 89.00 167.00 50.00 78.00 0.09 4.51 2.00 2.00 1.00 9.00 14.00 22.00 17.00 20.00 11.00 1.00 0.00 0.00 1.00 0.00
85.00 32.00 27.00 91.00 177.00 64.00 86.00 0.08 4.73 2.00 2.00 1.00 8.00 14.00 24.00 18.00 20.00 12.00 1.00 0.00 0.00 1.00 0.00
86.00 33.00 47.00 100.00 178.00 53.00 78.00 0.09 4.60 1.00 1.00 1.00 10.00 14.00 23.00 19.00 20.00 13.00 1.00 0.00 0.00 0.00 0.00
87.00 35.00 52.00 110.00 180.00 58.00 70.00 0.07 4.54 1.00 2.00 0.50 12.00 19.00 23.00 16.00 22.00 13.00 1.00 0.00 0.00 1.00 0.00
88.00 37.00 46.00 114.00 192.00 68.00 78.00 0.10 3.89 1.00 2.00 0.50 11.00 15.00 26.00 22.00 25.00 12.00 1.00 0.00 0.00 2.00 0.00
89.00 41.00 59.00 127.00 204.00 68.00 77.00 0.08 4.23 2.00 1.00 2.00 15.00 23.00 26.00 18.00 29.00 12.00 1.00 0.00 0.00 0.00 0.00
90.00 36.00 58.00 122.00 191.00 64.00 69.00 0.09 3.71 2.00 2.00 1.00 10.00 15.00 26.00 21.00 20.00 16.00 1.00 0.00 0.00 0.00 0.00
91.00 39.00 52.00 114.00 195.00 62.00 81.00 0.09 4.49 2.00 3.00 0.67 11.00 17.00 28.00 22.00 23.00 16.00 0.00 0.00 1.00 0.00 0.00
92.00 36.00 42.00 110.00 193.00 68.00 83.00 0.08 4.49 2.00 3.00 0.67 8.00 18.00 28.00 18.00 27.00 9.00 0.00 0.00 0.00 0.00 0.00
93.00 35.00 38.00 98.00 187.00 60.00 89.00 0.08 4.20 2.00 2.00 1.00 9.00 19.00 26.00 16.00 23.00 12.00 0.00 0.00 0.00 0.00 0.00
94.00 33.00 42.00 98.00 179.00 56.00 81.00 0.08 4.13 3.00 3.00 1.00 8.00 14.00 25.00 19.00 22.00 11.00 2.00 0.00 0.00 0.00 0.00
95.00 39.00 56.00 122.00 200.00 66.00 78.00 0.08 3.99 1.00 3.00 0.33 5.00 14.00 34.00 25.00 21.00 18.00 1.00 0.00 0.00 2.00 0.00
96.00 33.00 48.00 102.00 174.00 54.00 72.00 0.09 4.34 1.00 2.00 0.50 7.00 13.00 26.00 20.00 17.00 16.00 1.00 0.00 0.00 0.00 0.00
97.00 34.00 43.00 99.00 173.00 56.00 74.00 0.06 4.15 2.00 2.00 1.00 7.00 16.00 27.00 18.00 21.00 13.00 1.00 0.00 0.00 0.00 0.00
98.00 42.00 53.00 130.00 211.00 77.00 81.00 0.09 4.21 1.00 3.00 0.33 14.00 21.00 28.00 21.00 28.00 14.00 1.00 0.00 0.00 2.00 0.00
99.00 39.00 57.00 127.00 201.00 70.00 74.00 0.09 4.48 1.00 3.00 0.33 11.00 21.00 28.00 18.00 26.00 13.00 1.00 0.00 1.00 0.00 0.00
100.00 34.00 52.00 105.00 170.00 53.00 65.00 0.09 4.74 2.00 3.00 0.67 7.00 16.00 27.00 18.00 23.00 11.00 1.00 0.00 1.00 0.00 0.00
101.00 29.00 30.00 78.00 148.00 48.00 70.00 0.09 4.73 2.00 3.00 0.67 9.00 13.00 20.00 16.00 19.00 10.00 0.00 0.00 0.00 0.00 0.00
102.00 34.00 41.00 104.00 177.00 63.00 73.00 0.09 4.34 1.00 2.00 0.50 11.00 12.00 23.00 22.00 21.00 13.00 1.00 0.00 1.00 0.00 0.00
103.00 37.00 55.00 106.00 184.00 51.00 78.00 0.10 4.56 2.00 3.00 0.67 6.00 15.00 31.00 22.00 22.00 15.00 1.00 0.00 1.00 0.00 0.00
104.00 37.00 50.00 110.00 185.00 60.00 75.00 0.08 4.60 2.00 3.00 0.67 13.00 20.00 24.00 17.00 26.00 11.00 0.00 0.00 1.00 0.00 0.00
105.00 34.00 38.00 94.00 174.00 56.00 80.00 0.10 4.61 2.00 1.00 2.00 11.00 22.00 23.00 12.00 23.00 11.00 0.00 0.00 1.00 0.00 0.00
106.00 33.00 36.00 100.00 173.00 64.00 73.00 0.07 4.61 2.00 3.00 0.67 7.00 12.00 26.00 21.00 17.00 16.00 0.00 0.00 1.00 0.00 0.00
107.00 37.00 58.00 112.00 187.00 54.00 75.00 0.09 4.55 2.00 4.00 0.50 12.00 17.00 25.00 20.00 25.00 12.00 1.00 0.00 1.00 0.00 0.00
108.00 37.00 54.00 113.00 196.00 59.00 83.00 0.06 4.49 2.00 3.00 0.67 5.00 14.00 32.00 23.00 23.00 14.00 0.00 0.00 0.00 0.00 0.00
109.00 38.00 48.00 105.00 197.00 57.00 92.00 0.08 4.09 2.00 3.00 0.67 7.00 17.00 31.00 21.00 24.00 14.00 1.00 0.00 0.00 0.00 0.00
110.00 40.00 57.00 133.00 218.00 76.00 85.00 0.09 4.47 2.00 4.00 0.50 7.00 15.00 33.00 25.00 19.00 21.00 0.00 0.00 0.00 0.00 0.00
111.00 47.00 71.00 151.00 247.00 80.00 96.00 0.06 4.36 2.00 3.00 0.67 10.00 20.00 37.00 27.00 26.00 21.00 1.00 0.00 0.00 0.00 0.00
112.00 43.00 73.00 148.00 226.00 75.00 78.00 0.08 4.63 2.00 4.00 0.50 6.00 16.00 37.00 27.00 20.00 23.00 0.00 0.00 0.00 0.00 0.00
113.00 37.00 53.00 126.00 200.00 73.00 74.00 0.07 4.56 2.00 1.00 2.00 9.00 14.00 28.00 23.00 19.00 18.00 1.00 0.00 0.00 0.00 0.00
114.00 42.00 78.00 140.00 221.00 62.00 81.00 0.08 4.65 3.00 2.00 1.50 8.00 14.00 34.00 28.00 22.00 20.00 1.00 0.00 0.00 0.00 0.00
115.00 51.00 85.00 167.00 253.00 82.00 86.00 0.09 4.64 2.00 3.00 0.67 13.00 26.00 38.00 25.00 31.00 20.00 0.00 0.00 1.00 1.00 0.00
116.00 44.00 79.00 148.00 236.00 69.00 88.00 0.09 4.68 2.00 4.00 0.50 7.00 14.00 37.00 30.00 22.00 22.00 1.00 0.00 1.00 0.00 0.00
117.00 45.00 77.00 150.00 242.00 73.00 92.00 0.08 4.40 2.00 3.00 0.67 8.00 14.00 37.00 31.00 22.00 23.00 1.00 0.00 1.00 0.00 0.00
118.00 47.00 82.00 152.00 242.00 70.00 90.00 0.08 4.29 2.00 5.00 0.40 13.00 18.00 34.00 29.00 24.00 23.00 1.00 0.00 0.00 0.00 0.00
119.00 41.00 56.00 132.00 221.00 76.00 89.00 0.09 4.50 2.00 5.00 0.40 4.00 12.00 37.00 29.00 14.00 27.00 1.00 0.00 1.00 0.00 0.00
120.00 48.00 79.00 164.00 257.00 85.00 93.00 0.08 3.99 2.00 5.00 0.40 9.00 22.00 39.00 26.00 29.00 19.00 1.00 0.00 2.00 0.00 0.00
121.00 40.00 73.00 136.00 215.00 63.00 79.00 0.08 4.21 2.00 4.00 0.50 6.00 13.00 34.00 27.00 22.00 18.00 1.00 0.00 0.00 0.00 0.00
122.00 49.00 79.00 155.00 257.00 76.00 102.00 0.09 4.10 2.00 5.00 0.40 9.00 19.00 40.00 30.00 28.00 21.00 1.00 0.00 1.00 1.00 1.00
123.00 41.00 50.00 137.00 222.00 87.00 85.00 0.10 4.40 1.00 6.00 0.17 5.00 14.00 36.00 27.00 24.00 17.00 1.00 0.00 0.00 0.00 0.00
124.00 43.00 65.00 139.00 228.00 74.00 89.00 0.09 4.20 2.00 3.00 0.67 5.00 14.00 38.00 29.00 23.00 20.00 1.00 0.00 1.00 1.00 0.00
125.00 44.00 58.00 142.00 238.00 84.00 96.00 0.10 4.35 2.00 5.00 0.40 9.00 15.00 35.00 29.00 28.00 16.00 1.00 0.00 1.00 0.00 0.00
126.00 47.00 80.00 152.00 242.00 72.00 90.00 0.08 4.33 2.00 5.00 0.40 11.00 20.00 36.00 27.00 29.00 18.00 1.00 0.00 1.00 1.00 0.00
127.00 48.00 80.00 159.00 253.00 79.00 94.00 0.09 4.34 2.00 5.00 0.40 10.00 17.00 38.00 31.00 25.00 23.00 1.00 0.00 1.00 1.00 0.00
128.00 45.00 71.00 149.00 230.00 78.00 81.00 0.09 4.35 3.00 4.00 0.75 8.00 19.00 37.00 26.00 25.00 20.00 1.00 0.00 0.00 1.00 0.00
129.00 39.00 57.00 126.00 201.00 69.00 75.00 0.08 4.32 1.00 1.00 1.00 11.00 17.00 28.00 22.00 25.00 14.00 0.00 0.00 1.00 0.00 0.00
130.00 47.00 70.00 146.00 235.00 76.00 89.00 0.08 4.26 1.00 4.00 0.25 9.00 17.00 38.00 30.00 30.00 17.00 1.00 0.00 0.00 0.00 0.00
131.00 46.00 79.00 156.00 249.00 77.00 93.00 0.08 3.93 2.00 2.00 1.00 5.00 15.00 41.00 31.00 19.00 27.00 1.00 0.00 1.00 1.00 0.00
132.00 39.00 64.00 128.00 206.00 64.00 78.00 0.08 4.20 2.00 4.00 0.50 5.00 17.00 34.00 22.00 24.00 15.00 1.00 0.00 1.00 1.00 0.00
133.00 42.00 57.00 136.00 221.00 79.00 85.00 0.08 4.52 1.00 5.00 0.20 7.00 15.00 35.00 27.00 20.00 22.00 1.00 0.00 1.00 1.00 0.00
134.00 44.00 76.00 148.00 229.00 72.00 81.00 0.08 4.21 2.00 3.00 0.67 6.00 14.00 38.00 30.00 22.00 22.00 1.00 0.00 1.00 1.00 0.00
135.00 44.00 69.00 136.00 228.00 67.00 92.00 0.09 4.23 2.00 4.00 0.50 10.00 15.00 34.00 29.00 22.00 22.00 1.00 0.00 1.00 1.00 0.00
136.00 44.00 63.00 146.00 229.00 83.00 83.00 0.09 3.80 2.00 4.00 0.50 6.00 15.00 38.00 29.00 24.00 20.00 0.00 0.00 1.00 0.00 0.00
137.00 49.00 80.00 165.00 257.00 85.00 92.00 0.08 4.10 2.00 5.00 0.40 10.00 17.00 39.00 32.00 26.00 23.00 1.00 0.00 1.00 0.00 0.00
138.00 51.00 89.00 166.00 262.00 77.00 96.00 0.08 4.06 2.00 5.00 0.40 8.00 16.00 43.00 35.00 24.00 27.00 1.00 0.00 1.00 0.00 0.00
139.00 46.00 80.00 151.00 239.00 71.00 88.00 0.08 4.28 2.00 5.00 0.40 13.00 20.00 33.00 26.00 27.00 19.00 1.00 0.00 1.00 1.00 0.00
140.00 42.00 62.00 140.00 218.00 78.00 78.00 0.07 4.27 2.00 3.00 0.67 10.00 21.00 32.00 21.00 28.00 14.00 0.00 0.00 1.00 1.00 0.00
141.00 40.00 56.00 128.00 205.00 72.00 77.00 0.09 4.23 2.00 3.00 0.67 8.00 17.00 32.00 23.00 23.00 17.00 1.00 0.00 1.00 1.00 0.00
142.00 38.00 49.00 121.00 200.00 72.00 79.00 0.09 4.01 2.00 3.00 0.67 5.00 12.00 33.00 26.00 20.00 18.00 1.00 0.00 1.00 0.00 0.00
143.00 47.00 85.00 156.00 255.00 71.00 99.00 0.10 4.29 2.00 3.00 0.67 8.00 13.00 39.00 34.00 20.00 27.00 0.00 0.00 0.00 1.00 0.00
144.00 48.00 81.00 147.00 247.00 66.00 100.00 0.09 4.35 1.00 4.00 0.25 7.00 16.00 41.00 32.00 23.00 25.00 1.00 0.00 2.00 1.00 0.00
145.00 44.00 56.00 135.00 227.00 79.00 92.00 0.08 4.40 2.00 3.00 0.67 9.00 20.00 35.00 24.00 24.00 20.00 1.00 0.00 0.00 1.00 0.00
146.00 48.00 69.00 155.00 262.00 86.00 107.00 0.09 4.18 2.00 4.00 0.50 11.00 19.00 37.00 29.00 27.00 21.00 1.00 0.00 1.00 1.00 0.00
147.00 46.00 73.00 155.00 243.00 82.00 88.00 0.08 4.13 1.00 4.00 0.25 7.00 15.00 39.00 31.00 27.00 19.00 1.00 0.00 1.00 1.00 0.00
148.00 48.00 69.00 155.00 248.00 86.00 93.00 0.09 4.16 3.00 3.00 1.00 12.00 21.00 36.00 27.00 25.00 23.00 1.00 0.00 0.00 1.00 0.00
149.00 49.00 83.00 169.00 259.00 86.00 90.00 0.09 4.34 2.00 4.00 0.50 9.00 17.00 40.00 32.00 27.00 22.00 1.00 0.00 2.00 0.00 0.00
150.00 49.00 82.00 153.00 251.00 71.00 98.00 0.08 4.33 1.00 5.00 0.20 13.00 19.00 36.00 30.00 26.00 23.00 1.00 0.00 0.00 1.00 0.00
151.00 50.00 76.00 160.00 254.00 84.00 94.00 0.08 4.37 2.00 4.00 0.50 10.00 20.00 40.00 30.00 29.00 21.00 0.00 0.00 0.00 1.00 0.00
152.00 47.00 85.00 162.00 243.00 77.00 81.00 0.09 4.30 3.00 4.00 0.75 8.00 18.00 39.00 29.00 22.00 25.00 1.00 0.00 1.00 1.00 0.00
153.00 43.00 74.00 142.00 224.00 68.00 82.00 0.08 4.31 1.00 3.00 0.33 10.00 17.00 33.00 26.00 24.00 19.00 1.00 0.00 0.00 1.00 0.00
154.00 46.00 83.00 158.00 243.00 75.00 85.00 0.10 4.30 2.00 3.00 0.67 8.00 16.00 38.00 30.00 27.00 19.00 1.00 0.00 0.00 0.00 0.00
155.00 40.00 51.00 122.00 206.00 71.00 84.00 0.09 4.42 2.00 4.00 0.50 8.00 16.00 32.00 24.00 25.00 15.00 0.00 0.00 1.00 0.00 0.00
156.00 45.00 58.00 135.00 227.00 77.00 92.00 0.10 4.26 2.00 3.00 0.67 11.00 19.00 34.00 26.00 25.00 20.00 0.00 0.00 0.00 0.00 0.00
157.00 43.00 66.00 137.00 224.00 71.00 87.00 0.07 4.20 1.00 4.00 0.25 12.00 18.00 31.00 25.00 27.00 16.00 0.00 0.00 1.00 0.00 0.00
158.00 37.00 67.00 127.00 195.00 60.00 68.00 0.08 4.14 3.00 4.00 0.75 7.00 13.00 30.00 24.00 21.00 16.00 1.00 0.00 0.00 0.00 0.00
159.00 40.00 52.00 135.00 216.00 83.00 81.00 0.08 4.37 2.00 5.00 0.40 6.00 16.00 34.00 24.00 22.00 18.00 1.00 0.00 0.00 1.00 0.00
160.00 40.00 58.00 137.00 206.00 79.00 69.00 0.09 4.45 2.00 4.00 0.50 2.00 11.00 38.00 29.00 20.00 20.00 1.00 0.00 1.00 1.00 0.00
161.00 43.00 58.00 144.00 227.00 86.00 83.00 0.09 4.56 2.00 4.00 0.50 9.00 16.00 34.00 27.00 20.00 23.00 1.00 0.00 0.00 1.00 0.00
162.00 42.00 64.00 137.00 226.00 73.00 89.00 0.06 4.82 1.00 4.00 0.25 11.00 15.00 31.00 27.00 22.00 20.00 2.00 0.00 0.00 1.00 0.00
163.00 47.00 70.00 158.00 252.00 88.00 94.00 0.08 4.52 3.00 5.00 0.60 9.00 18.00 38.00 29.00 23.00 24.00 1.00 0.00 0.00 0.00 0.00
164.00 40.00 64.00 135.00 208.00 71.00 73.00 0.09 4.60 1.00 5.00 0.20 9.00 12.00 31.00 28.00 19.00 21.00 1.00 0.00 0.00 1.00 0.00
165.00 43.00 68.00 141.00 219.00 73.00 78.00 0.10 4.55 2.00 4.00 0.50 6.00 15.00 37.00 28.00 27.00 16.00 1.00 0.00 0.00 1.00 0.00
166.00 41.00 54.00 126.00 214.00 72.00 88.00 0.09 4.37 1.00 4.00 0.25 7.00 19.00 34.00 22.00 23.00 18.00 1.00 0.00 0.00 0.00 0.00
167.00 38.00 63.00 118.00 187.00 55.00 69.00 0.10 4.49 1.00 4.00 0.25 8.00 18.00 30.00 20.00 23.00 15.00 0.00 0.00 0.00 0.00 0.00
168.00 38.00 58.00 125.00 204.00 67.00 79.00 0.08 4.54 2.00 4.00 0.50 6.00 10.00 32.00 28.00 21.00 17.00 0.00 0.00 0.00 0.00 0.00
169.00 37.00 44.00 110.00 189.00 66.00 79.00 0.09 4.66 1.00 4.00 0.25 10.00 15.00 27.00 22.00 24.00 13.00 1.00 0.00 0.00 0.00 0.00
170.00 40.00 63.00 125.00 207.00 62.00 82.00 0.08 4.58 2.00 4.00 0.50 6.00 14.00 34.00 26.00 21.00 19.00 0.00 0.00 0.00 0.00 0.00
171.00 41.00 51.00 123.00 210.00 72.00 87.00 0.10 4.45 2.00 3.00 0.67 10.00 22.00 31.00 19.00 30.00 11.00 1.00 0.00 0.00 0.00 0.00
172.00 35.00 45.00 107.00 186.00 62.00 79.00 0.08 4.36 3.00 3.00 1.00 3.00 11.00 32.00 24.00 19.00 16.00 1.00 0.00 0.00 0.00 0.00
173.00 43.00 72.00 134.00 233.00 62.00 99.00 0.08 4.30 2.00 4.00 0.50 4.00 17.00 39.00 26.00 29.00 14.00 1.00 0.00 0.00 0.00 0.00
174.00 43.00 69.00 145.00 219.00 76.00 74.00 0.10 4.25 4.00 3.00 1.33 6.00 14.00 37.00 29.00 23.00 20.00 1.00 0.00 0.00 0.00 0.00
175.00 42.00 77.00 144.00 220.00 67.00 76.00 0.09 4.16 4.00 3.00 1.33 7.00 18.00 35.00 24.00 27.00 15.00 1.00 0.00 0.00 0.00 0.00
176.00 42.00 55.00 122.00 214.00 67.00 92.00 0.09 4.14 3.00 3.00 1.00 7.00 15.00 35.00 27.00 23.00 19.00 1.00 0.00 1.00 0.00 0.00
177.00 39.00 46.00 119.00 198.00 73.00 79.00 0.09 4.19 3.00 3.00 1.00 6.00 15.00 33.00 24.00 22.00 17.00 1.00 0.00 0.00 0.00 0.00
178.00 45.00 73.00 153.00 231.00 80.00 78.00 0.08 4.25 2.00 2.00 1.00 11.00 19.00 34.00 26.00 28.00 17.00 1.00 0.00 0.00 0.00 0.00
179.00 40.00 59.00 122.00 199.00 63.00 77.00 0.08 4.38 3.00 3.00 1.00 8.00 12.00 32.00 28.00 21.00 19.00 1.00 0.00 0.00 0.00 0.00
180.00 37.00 46.00 116.00 199.00 70.00 83.00 0.07 4.73 2.00 4.00 0.50 5.00 12.00 32.00 25.00 16.00 21.00 1.00 0.00 0.00 0.00 1.00
181.00 41.00 73.00 139.00 222.00 66.00 83.00 0.08 4.47 3.00 5.00 0.60 4.00 10.00 37.00 31.00 18.00 23.00 1.00 0.00 0.00 0.00 0.00
182.00 42.00 66.00 139.00 214.00 73.00 75.00 0.09 4.43 1.00 3.00 0.33 5.00 13.00 37.00 29.00 22.00 20.00 0.00 0.00 0.00 0.00 0.00
183.00 44.00 69.00 141.00 239.00 72.00 98.00 0.09 4.49 3.00 4.00 0.75 8.00 12.00 36.00 32.00 23.00 21.00 1.00 0.00 0.00 0.00 0.00
184.00 39.00 58.00 121.00 208.00 63.00 87.00 0.07 4.45 2.00 4.00 0.50 5.00 8.00 34.00 31.00 18.00 21.00 1.00 0.00 0.00 0.00 0.00
185.00 39.00 70.00 125.00 206.00 55.00 81.00 0.09 4.40 3.00 4.00 0.75 9.00 16.00 30.00 23.00 26.00 13.00 1.00 0.00 0.00 0.00 0.00
186.00 39.00 45.00 122.00 204.00 77.00 82.00 0.09 4.29 3.00 4.00 0.75 8.00 12.00 31.00 27.00 20.00 19.00 0.00 0.00 0.00 0.00 0.00
187.00 40.00 61.00 132.00 216.00 71.00 84.00 0.07 4.42 3.00 5.00 0.60 7.00 12.00 33.00 28.00 23.00 17.00 1.00 0.00 0.00 0.00 0.00
188.00 40.00 60.00 130.00 209.00 70.00 79.00 0.09 4.18 1.00 2.00 0.50 7.00 16.00 33.00 24.00 22.00 18.00 1.00 0.00 0.00 0.00 0.00
189.00 41.00 58.00 136.00 223.00 78.00 87.00 0.09 4.27 3.00 3.00 1.00 8.00 21.00 33.00 20.00 26.00 15.00 1.00 0.00 0.00 0.00 0.00
190.00 39.00 55.00 125.00 210.00 70.00 85.00 0.09 4.13 3.00 3.00 1.00 4.00 8.00 35.00 31.00 13.00 26.00 1.00 0.00 0.00 0.00 0.00
191.00 41.00 66.00 131.00 218.00 65.00 87.00 0.10 4.16 2.00 3.00 0.67 8.00 16.00 33.00 25.00 24.00 17.00 1.00 0.00 0.00 0.00 0.00
192.00 40.00 52.00 119.00 202.00 67.00 83.00 0.08 4.03 2.00 3.00 0.67 9.00 16.00 31.00 24.00 19.00 21.00 1.00 0.00 0.00 0.00 0.00
193.00 38.00 41.00 112.00 195.00 71.00 83.00 0.08 3.97 2.00 3.00 0.67 4.00 14.00 34.00 24.00 21.00 17.00 1.00 0.00 0.00 0.00 0.00
194.00 36.00 41.00 112.00 193.00 71.00 81.00 0.08 3.96 3.00 3.00 1.00 6.00 16.00 30.00 20.00 21.00 15.00 1.00 0.00 1.00 0.00 0.00
195.00 42.00 67.00 130.00 214.00 63.00 84.00 0.10 4.07 2.00 2.00 1.00 9.00 18.00 33.00 24.00 23.00 19.00 1.00 0.00 1.00 1.00 0.00
196.00 38.00 50.00 111.00 195.00 61.00 84.00 0.09 3.98 2.00 2.00 1.00 5.00 14.00 33.00 24.00 24.00 14.00 1.00 0.00 1.00 0.00 0.00
197.00 32.00 44.00 100.00 165.00 56.00 65.00 0.09 4.12 3.00 2.00 1.50 7.00 15.00 25.00 17.00 24.00 8.00 0.00 0.00 0.00 0.00 0.00
198.00 34.00 49.00 99.00 179.00 50.00 80.00 0.09 4.31 2.00 3.00 0.67 7.00 14.00 27.00 20.00 21.00 13.00 1.00 0.00 0.00 0.00 0.00
199.00 37.00 60.00 123.00 195.00 63.00 72.00 0.09 4.21 1.00 2.00 0.50 5.00 15.00 32.00 22.00 20.00 17.00 1.00 0.00 0.00 0.00 0.00
200.00 32.00 35.00 98.00 172.00 63.00 74.00 0.08 4.37 1.00 1.00 1.00 10.00 17.00 22.00 15.00 20.00 12.00 1.00 0.00 0.00 1.00 0.00
201.00 37.00 47.00 111.00 191.00 64.00 80.00 0.09 4.17 1.00 3.00 0.33 8.00 16.00 29.00 21.00 24.00 13.00 1.00 0.00 0.00 0.00 1.00
202.00 33.00 39.00 101.00 179.00 62.00 78.00 0.09 4.35 3.00 2.00 1.50 10.00 16.00 23.00 17.00 20.00 13.00 1.00 0.00 0.00 0.00 0.00
203.00 36.00 48.00 107.00 192.00 59.00 85.00 0.07 4.31 2.00 1.00 2.00 8.00 18.00 28.00 18.00 23.00 13.00 1.00 0.00 0.00 0.00 0.00
204.00 36.00 43.00 107.00 198.00 64.00 91.00 0.08 4.30 3.00 2.00 1.50 7.00 14.00 29.00 22.00 19.00 17.00 1.00 0.00 1.00 0.00 0.00
205.00 28.00 25.00 82.00 149.00 57.00 67.00 0.09 4.27 2.00 3.00 0.67 5.00 9.00 23.00 19.00 12.00 16.00 1.00 0.00 0.00 0.00 0.00
206.00 37.00 50.00 111.00 183.00 61.00 72.00 0.09 4.26 2.00 3.00 0.67 9.00 15.00 28.00 22.00 23.00 14.00 1.00 0.00 0.00 0.00 0.00
207.00 35.00 38.00 105.00 186.00 67.00 81.00 0.09 4.33 1.00 1.00 1.00 10.00 20.00 25.00 15.00 27.00 8.00 0.00 0.00 0.00 0.00 0.00
208.00 33.00 45.00 110.00 178.00 65.00 68.00 0.08 3.96 2.00 1.00 2.00 7.00 16.00 26.00 17.00 20.00 13.00 1.00 0.00 0.00 1.00 0.00
209.00 39.00 56.00 124.00 205.00 68.00 81.00 0.11 4.12 2.00 2.00 1.00 6.00 12.00 33.00 27.00 24.00 15.00 1.00 0.00 1.00 0.00 0.00
210.00 37.00 33.00 112.00 199.00 79.00 87.00 0.09 4.26 3.00 1.00 3.00 8.00 21.00 29.00 16.00 24.00 13.00 0.00 0.00 1.00 0.00 0.00
211.00 39.00 55.00 117.00 206.00 62.00 89.00 0.08 3.98 2.00 3.00 0.67 6.00 13.00 33.00 26.00 21.00 18.00 1.00 0.00 1.00 0.00 0.00
212.00 39.00 65.00 127.00 204.00 62.00 77.00 0.09 4.25 1.00 2.00 0.50 5.00 14.00 34.00 25.00 22.00 17.00 1.00 0.00 2.00 1.00 0.00
213.00 38.00 51.00 111.00 194.00 60.00 83.00 0.08 4.44 2.00 2.00 1.00 9.00 16.00 29.00 22.00 21.00 17.00 1.00 0.00 1.00 0.00 0.00
214.00 37.00 56.00 119.00 196.00 63.00 77.00 0.09 4.08 2.00 1.00 2.00 9.00 17.00 28.00 20.00 23.00 14.00 1.00 0.00 0.00 0.00 0.00
215.00 33.00 41.00 97.00 170.00 56.00 73.00 0.08 4.01 2.00 1.00 2.00 7.00 11.00 26.00 22.00 18.00 15.00 1.00 0.00 0.00 0.00 0.00
216.00 39.00 49.00 117.00 199.00 68.00 82.00 0.06 4.11 2.00 2.00 1.00 14.00 18.00 25.00 21.00 23.00 16.00 1.00 0.00 1.00 0.00 0.00
217.00 36.00 46.00 106.00 195.00 60.00 89.00 0.08 4.28 2.00 2.00 1.00 8.00 13.00 28.00 23.00 19.00 17.00 0.00 0.00 0.00 0.00 1.00
218.00 39.00 57.00 122.00 198.00 65.00 76.00 0.07 4.40 1.00 1.00 1.00 12.00 19.00 27.00 20.00 24.00 15.00 1.00 0.00 2.00 0.00 0.00
219.00 35.00 45.00 114.00 193.00 69.00 79.00 0.10 4.09 1.00 2.00 0.50 8.00 17.00 27.00 18.00 25.00 10.00 1.00 0.00 1.00 0.00 0.00
220.00 33.00 36.00 97.00 167.00 61.00 70.00 0.09 3.67 1.00 4.00 0.25 6.00 13.00 27.00 20.00 18.00 15.00 1.00 0.00 1.00 0.00 0.00
221.00 29.00 31.00 80.00 155.00 49.00 75.00 0.10 3.83 1.00 1.00 1.00 8.00 12.00 21.00 17.00 18.00 11.00 0.00 0.00 0.00 0.00 0.00
222.00 33.00 47.00 100.00 173.00 53.00 73.00 0.09 4.16 1.00 3.00 0.33 9.00 18.00 24.00 15.00 26.00 7.00 1.00 0.00 1.00 0.00 0.00
223.00 36.00 47.00 106.00 190.00 59.00 84.00 0.09 4.13 0.00 4.00 0.00 10.00 16.00 26.00 20.00 23.00 13.00 1.00 0.00 1.00 0.00 0.00
224.00 35.00 51.00 106.00 175.00 55.00 69.00 0.09 3.78 0.00 1.00 0.00 9.00 13.00 26.00 22.00 20.00 15.00 1.00 0.00 1.00 0.00 0.00
225.00 31.00 41.00 96.00 163.00 55.00 67.00 0.08 3.82 0.00 2.00 0.00 5.00 11.00 26.00 20.00 15.00 16.00 1.00 0.00 1.00 0.00 0.00
226.00 33.00 45.00 93.00 168.00 48.00 75.00 0.08 4.14 1.00 0.00 0.00 4.00 17.00 29.00 16.00 21.00 12.00 0.00 0.00 1.00 0.00 0.00
227.00 26.00 31.00 72.00 131.00 41.00 59.00 0.09 4.27 1.00 1.00 1.00 6.00 13.00 20.00 13.00 18.00 8.00 1.00 0.00 1.00 0.00 0.00
228.00 32.00 22.00 84.00 158.00 62.00 74.00 0.09 4.56 1.00 1.00 1.00 12.00 17.00 20.00 15.00 20.00 12.00 0.00 0.00 1.00 0.00 0.00
229.00 36.00 43.00 103.00 176.00 60.00 73.00 0.09 4.41 1.00 1.00 1.00 8.00 17.00 28.00 19.00 25.00 11.00 0.00 0.00 1.00 0.00 0.00
230.00 28.00 27.00 74.00 139.00 47.00 65.00 0.09 3.77 1.00 1.00 1.00 8.00 12.00 20.00 16.00 17.00 11.00 0.00 0.00 1.00 0.00 0.00
231.00 31.00 29.00 89.00 162.00 60.00 73.00 0.08 4.46 0.00 1.00 0.00 8.00 11.00 23.00 20.00 15.00 16.00 0.00 0.00 1.00 0.00 0.00
232.00 29.00 34.00 81.00 145.00 47.00 64.00 0.07 3.84 0.00 1.00 0.00 8.00 13.00 21.00 16.00 18.00 11.00 1.00 0.00 2.00 0.00 0.00
233.00 29.00 26.00 80.00 135.00 54.00 55.00 0.09 4.00 0.00 1.00 0.00 10.00 18.00 19.00 11.00 21.00 8.00 1.00 0.00 2.00 0.00 0.00
234.00 29.00 28.00 76.00 139.00 48.00 63.00 0.07 4.45 0.00 0.00 0.00 6.00 16.00 23.00 13.00 23.00 6.00 0.00 0.00 1.00 0.00 0.00
235.00 29.00 38.00 91.00 152.00 53.00 61.00 0.08 4.20 0.00 1.00 0.00 6.00 13.00 23.00 16.00 18.00 11.00 1.00 0.00 2.00 0.00 0.00
236.00 24.00 21.00 63.00 125.00 42.00 62.00 0.08 4.39 0.00 1.00 0.00 5.00 12.00 19.00 12.00 17.00 7.00 0.00 0.00 1.00 0.00 0.00
237.00 32.00 40.00 92.00 166.00 52.00 74.00 0.09 3.92 0.00 2.00 0.00 11.00 18.00 21.00 14.00 21.00 11.00 0.00 0.00 1.00 1.00 0.00
238.00 36.00 39.00 100.00 175.00 61.00 75.00 0.09 3.57 1.00 1.00 1.00 9.00 16.00 27.00 20.00 23.00 13.00 1.00 0.00 1.00 0.00 0.00
239.00 33.00 42.00 94.00 165.00 52.00 71.00 0.08 3.53 0.00 1.00 0.00 10.00 16.00 23.00 17.00 24.00 9.00 1.00 0.00 1.00 0.00 0.00
240.00 29.00 34.00 91.00 157.00 57.00 66.00 0.08 4.57 0.00 2.00 0.00 3.00 10.00 26.00 19.00 14.00 15.00 1.00 0.00 1.00 0.00 0.00
241.00 34.00 42.00 102.00 172.00 60.00 70.00 0.09 4.52 0.00 1.00 0.00 8.00 15.00 26.00 19.00 23.00 11.00 1.00 0.00 1.00 0.00 0.00
242.00 29.00 30.00 81.00 154.00 51.00 73.00 0.09 4.05 0.00 0.00 0.00 7.00 15.00 22.00 14.00 20.00 9.00 1.00 0.00 1.00 0.00 0.00
243.00 31.00 46.00 93.00 158.00 47.00 65.00 0.08 4.24 0.00 1.00 0.00 10.00 19.00 21.00 12.00 23.00 8.00 1.00 0.00 2.00 0.00 0.00
244.00 30.00 28.00 89.00 159.00 61.00 70.00 0.09 4.42 0.00 0.00 0.00 7.00 16.00 23.00 14.00 21.00 9.00 1.00 0.00 2.00 0.00 0.00
245.00 32.00 30.00 85.00 172.00 55.00 87.00 0.09 4.37 0.00 2.00 0.00 5.00 11.00 27.00 21.00 22.00 10.00 0.00 0.00 2.00 1.00 0.00
246.00 29.00 29.00 78.00 149.00 49.00 71.00 0.09 4.33 0.00 2.00 0.00 7.00 11.00 22.00 18.00 18.00 11.00 1.00 0.00 2.00 0.00 0.00
247.00 33.00 35.00 94.00 164.00 59.00 70.00 0.08 4.47 0.00 1.00 0.00 11.00 14.00 22.00 19.00 23.00 10.00 1.00 0.00 2.00 0.00 0.00
248.00 28.00 36.00 84.00 149.00 48.00 65.00 0.09 3.92 0.00 1.00 0.00 6.00 12.00 22.00 16.00 16.00 12.00 1.00 0.00 1.00 1.00 0.00
249.00 30.00 27.00 85.00 165.00 58.00 80.00 0.07 4.18 1.00 1.00 1.00 4.00 9.00 26.00 21.00 15.00 15.00 1.00 0.00 3.00 1.00 0.00
250.00 32.00 35.00 85.00 156.00 50.00 71.00 0.07 4.03 0.00 2.00 0.00 9.00 17.00 23.00 15.00 22.00 10.00 0.00 0.00 2.00 1.00 0.00
251.00 35.00 40.00 96.00 175.00 56.00 79.00 0.07 3.88 0.00 1.00 0.00 9.00 18.00 26.00 17.00 25.00 10.00 0.00 0.00 2.00 0.00 0.00
252.00 28.00 36.00 85.00 143.00 49.00 58.00 0.08 4.34 0.00 1.00 0.00 7.00 12.00 21.00 16.00 15.00 13.00 0.00 0.00 2.00 0.00 0.00
253.00 26.00 28.00 73.00 128.00 45.00 55.00 0.09 4.18 0.00 1.00 0.00 8.00 12.00 18.00 14.00 16.00 10.00 1.00 0.00 3.00 0.00 0.00
254.00 21.00 21.00 52.00 102.00 31.00 50.00 0.10 3.08 0.00 0.00 0.00 8.00 10.00 13.00 11.00 11.00 10.00 1.00 0.00 2.00 0.00 0.00
255.00 28.00 33.00 86.00 146.00 53.00 60.00 0.09 3.71 0.00 1.00 0.00 7.00 9.00 21.00 19.00 16.00 12.00 1.00 0.00 3.00 0.00 0.00
256.00 29.00 38.00 79.00 144.00 41.00 65.00 0.07 3.52 0.00 1.00 0.00 12.00 17.00 17.00 12.00 22.00 7.00 1.00 0.00 2.00 0.00 0.00
257.00 23.00 22.00 64.00 118.00 42.00 54.00 0.08 3.43 1.00 0.00 0.00 5.00 12.00 18.00 11.00 17.00 6.00 0.00 0.00 2.00 0.00 0.00
258.00 23.00 18.00 58.00 116.00 40.00 58.00 0.07 2.09 0.00 1.00 0.00 6.00 11.00 17.00 12.00 15.00 8.00 0.00 0.00 2.00 0.00 0.00
259.00 27.00 33.00 73.00 137.00 40.00 64.00 0.09 3.15 0.00 1.00 0.00 7.00 15.00 20.00 12.00 19.00 8.00 0.00 0.00 1.00 0.00 0.00
260.00 25.00 23.00 69.00 131.00 46.00 62.00 0.08 3.83 0.00 1.00 0.00 5.00 12.00 20.00 13.00 17.00 8.00 1.00 0.00 2.00 0.00 0.00
261.00 28.00 26.00 69.00 138.00 43.00 69.00 0.10 3.33 0.00 0.00 0.00 10.00 15.00 18.00 13.00 23.00 5.00 0.00 0.00 1.00 0.00 0.00
262.00 29.00 37.00 80.00 146.00 43.00 66.00 0.08 3.74 0.00 0.00 0.00 7.00 13.00 22.00 16.00 20.00 9.00 1.00 0.00 1.00 0.00 0.00
263.00 24.00 21.00 64.00 119.00 43.00 55.00 0.09 3.02 0.00 0.00 0.00 4.00 10.00 20.00 14.00 19.00 5.00 0.00 0.00 2.00 0.00 1.00
264.00 22.00 22.00 51.00 112.00 29.00 61.00 0.10 3.55 0.00 0.00 0.00 6.00 12.00 16.00 10.00 14.00 8.00 1.00 0.00 2.00 0.00 0.00
265.00 21.00 16.00 58.00 106.00 42.00 48.00 0.09 3.98 0.00 0.00 0.00 4.00 9.00 17.00 12.00 14.00 7.00 0.00 0.00 2.00 0.00 0.00
266.00 20.00 10.00 46.00 111.00 36.00 65.00 0.08 3.23 0.00 0.00 0.00 5.00 11.00 15.00 9.00 17.00 3.00 0.00 0.00 2.00 0.00 0.00
267.00 18.00 4.00 32.00 90.00 28.00 58.00 0.08 1.41 0.00 1.00 0.00 7.00 13.00 11.00 5.00 16.00 2.00 0.00 0.00 2.00 0.00 0.00
268.00 23.00 27.00 60.00 117.00 33.00 57.00 0.08 3.99 0.00 0.00 0.00 7.00 13.00 16.00 10.00 16.00 7.00 0.00 0.00 2.00 0.00 0.00
269.00 26.00 35.00 71.00 130.00 36.00 59.00 0.08 3.83 0.00 0.00 0.00 4.00 11.00 22.00 15.00 15.00 11.00 0.00 0.00 2.00 0.00 0.00
270.00 25.00 27.00 67.00 120.00 40.00 53.00 0.09 2.86 0.00 0.00 0.00 8.00 14.00 17.00 11.00 19.00 6.00 0.00 0.00 1.00 0.00 0.00
271.00 24.00 24.00 60.00 120.00 36.00 60.00 0.09 4.30 0.00 0.00 0.00 9.00 14.00 15.00 10.00 19.00 5.00 0.00 0.00 2.00 0.00 0.00
272.00 20.00 21.00 56.00 103.00 35.00 47.00 0.09 4.60 0.00 0.00 0.00 6.00 8.00 14.00 12.00 13.00 7.00 0.00 0.00 1.00 0.00 0.00
273.00 10.00 5.00 19.00 48.00 14.00 29.00 0.09 4.82 0.00 0.00 0.00 6.00 8.00 4.00 2.00 9.00 1.00 0.00 0.00 1.00 0.00 0.00
274.00 23.00 22.00 62.00 116.00 40.00 54.00 0.08 4.38 0.00 0.00 0.00 6.00 12.00 17.00 11.00 15.00 8.00 0.00 0.00 2.00 0.00 1.00
275.00 24.00 22.00 59.00 121.00 37.00 62.00 0.09 4.68 0.00 0.00 0.00 9.00 12.00 15.00 12.00 16.00 8.00 0.00 0.00 1.00 0.00 0.00
276.00 19.00 16.00 44.00 87.00 28.00 43.00 0.08 4.60 0.00 0.00 0.00 8.00 14.00 11.00 5.00 17.00 2.00 0.00 0.00 2.00 0.00 0.00
277.00 15.00 17.00 37.00 75.00 20.00 38.00 0.09 4.26 0.00 1.00 0.00 3.00 5.00 12.00 10.00 7.00 8.00 0.00 0.00 2.00 0.00 0.00
278.00 21.00 21.00 49.00 98.00 28.00 49.00 0.07 4.65 0.00 0.00 0.00 5.00 14.00 16.00 7.00 14.00 7.00 0.00 0.00 1.00 0.00 0.00
279.00 19.00 15.00 49.00 94.00 34.00 45.00 0.07 5.06 0.00 0.00 0.00 7.00 9.00 12.00 10.00 11.00 8.00 0.00 0.00 1.00 0.00 0.00
280.00 21.00 27.00 58.00 106.00 31.00 48.00 0.08 4.19 0.00 1.00 0.00 4.00 9.00 17.00 12.00 15.00 6.00 0.00 0.00 2.00 0.00 0.00
281.00 18.00 17.00 47.00 93.00 30.00 46.00 0.09 4.81 0.00 0.00 0.00 2.00 8.00 16.00 10.00 10.00 8.00 0.00 0.00 0.00 0.00 0.00
282.00 21.00 29.00 60.00 105.00 31.00 45.00 0.09 5.72 0.00 0.00 0.00 6.00 8.00 15.00 13.00 13.00 8.00 0.00 0.00 1.00 1.00 0.00
283.00 22.00 23.00 53.00 109.00 30.00 56.00 0.08 4.23 0.00 0.00 0.00 5.00 10.00 17.00 12.00 14.00 8.00 0.00 0.00 1.00 0.00 0.00
284.00 18.00 13.00 37.00 91.00 24.00 54.00 0.10 4.55 0.00 0.00 0.00 7.00 9.00 11.00 9.00 14.00 4.00 0.00 0.00 1.00 0.00 0.00
285.00 12.00 5.00 18.00 51.00 13.00 33.00 0.09 4.63 0.00 0.00 0.00 5.00 8.00 7.00 4.00 10.00 2.00 0.00 0.00 1.00 0.00 0.00
286.00 15.00 13.00 34.00 75.00 21.00 41.00 0.08 4.51 0.00 0.00 0.00 3.00 6.00 12.00 9.00 9.00 6.00 0.00 0.00 1.00 0.00 0.00
287.00 17.00 12.00 35.00 82.00 23.00 47.00 0.09 3.65 0.00 0.00 0.00 4.00 7.00 13.00 10.00 14.00 3.00 0.00 0.00 0.00 0.00 0.00
288.00 21.00 20.00 53.00 105.00 33.00 52.00 0.09 4.56 0.00 1.00 0.00 5.00 10.00 16.00 11.00 13.00 8.00 0.00 0.00 0.00 0.00 0.00
289.00 17.00 11.00 32.00 78.00 21.00 46.00 0.08 5.62 0.00 0.00 0.00 8.00 13.00 9.00 4.00 15.00 2.00 0.00 0.00 0.00 0.00 0.00
290.00 17.00 15.00 37.00 82.00 22.00 45.00 0.09 4.89 0.00 1.00 0.00 6.00 9.00 11.00 8.00 15.00 2.00 0.00 0.00 0.00 0.00 0.00
291.00 22.00 20.00 53.00 111.00 33.00 58.00 0.08 4.62 0.00 1.00 0.00 5.00 13.00 17.00 9.00 17.00 5.00 0.00 0.00 0.00 0.00 0.00
292.00 23.00 24.00 55.00 109.00 31.00 54.00 0.10 4.77 0.00 1.00 0.00 7.00 15.00 16.00 8.00 17.00 6.00 0.00 0.00 1.00 0.00 0.00
293.00 18.00 24.00 44.00 89.00 20.00 45.00 0.09 5.30 0.00 1.00 0.00 6.00 9.00 12.00 9.00 11.00 7.00 0.00 0.00 0.00 1.00 0.00
294.00 21.00 19.00 54.00 103.00 35.00 49.00 0.08 4.85 0.00 1.00 0.00 5.00 8.00 16.00 13.00 13.00 8.00 0.00 0.00 1.00 0.00 0.00
295.00 21.00 26.00 56.00 106.00 30.00 50.00 0.10 5.65 0.00 1.00 0.00 5.00 11.00 16.00 10.00 16.00 5.00 0.00 0.00 0.00 0.00 0.00
296.00 11.00 3.00 21.00 54.00 18.00 33.00 0.10 3.41 0.00 0.00 0.00 2.00 3.00 9.00 8.00 7.00 4.00 0.00 0.00 0.00 0.00 0.00
297.00 5.00 2.00 8.00 21.00 6.00 13.00 0.09 0.18 0.00 0.00 0.00 3.00 4.00 2.00 1.00 5.00 0.00 0.00 0.00 0.00 0.00 0.00
298.00 16.00 9.00 37.00 78.00 28.00 41.00 0.07 4.37 0.00 0.00 0.00 4.00 7.00 12.00 9.00 12.00 4.00 0.00 0.00 0.00 0.00 0.00
299.00 12.00 6.00 22.00 54.00 16.00 32.00 0.09 4.42 0.00 1.00 0.00 8.00 9.00 4.00 3.00 11.00 1.00 0.00 0.00 0.00 0.00 0.00
300.00 7.00 0.00 9.00 28.00 9.00 19.00 0.09 4.44 0.00 0.00 0.00 3.00 6.00 4.00 1.00 7.00 0.00 0.00 0.00 0.00 0.00 0.00
301.00 10.00 4.00 19.00 44.00 15.00 25.00 0.08 4.75 0.00 0.00 0.00 5.00 7.00 5.00 3.00 8.00 2.00 0.00 0.00 0.00 0.00 0.00
302.00 13.00 7.00 22.00 58.00 15.00 36.00 0.08 3.21 0.00 0.00 0.00 4.00 7.00 9.00 6.00 11.00 2.00 0.00 0.00 0.00 0.00 0.00
303.00 13.00 5.00 22.00 57.00 17.00 35.00 0.09 5.27 0.00 0.00 0.00 4.00 5.00 9.00 8.00 8.00 5.00 0.00 0.00 0.00 0.00 0.00
304.00 7.00 1.00 11.00 30.00 10.00 19.00 0.09 4.85 0.00 0.00 0.00 4.00 6.00 3.00 1.00 6.00 1.00 0.00 0.00 0.00 0.00 0.00
305.00 12.00 5.00 21.00 52.00 16.00 31.00 0.08 4.49 0.00 0.00 0.00 5.00 8.00 7.00 4.00 11.00 1.00 0.00 0.00 0.00 0.00 0.00
306.00 17.00 12.00 32.00 79.00 20.00 47.00 0.09 4.46 0.00 0.00 0.00 4.00 6.00 13.00 11.00 12.00 5.00 0.00 0.00 0.00 0.00 0.00
307.00 10.00 5.00 15.00 42.00 10.00 27.00 0.08 4.63 0.00 0.00 0.00 4.00 7.00 6.00 3.00 9.00 1.00 0.00 0.00 0.00 0.00 0.00
308.00 10.00 4.00 16.00 38.00 12.00 22.00 0.09 4.31 0.00 0.00 0.00 4.00 6.00 6.00 4.00 8.00 2.00 0.00 0.00 0.00 0.00 0.00
309.00 13.00 6.00 21.00 48.00 15.00 27.00 0.08 4.49 0.00 0.00 0.00 5.00 8.00 8.00 5.00 9.00 4.00 0.00 0.00 0.00 0.00 0.00
310.00 11.00 2.00 14.00 50.00 12.00 36.00 0.09 4.61 0.00 0.00 0.00 5.00 7.00 6.00 4.00 9.00 2.00 0.00 0.00 0.00 0.00 0.00
311.00 10.00 6.00 18.00 46.00 12.00 28.00 0.07 3.64 0.00 0.00 0.00 2.00 4.00 8.00 6.00 6.00 4.00 0.00 0.00 0.00 0.00 0.00
312.00 9.00 4.00 13.00 37.00 9.00 24.00 0.08 2.09 0.00 0.00 0.00 3.00 3.00 6.00 6.00 7.00 2.00 0.00 0.00 0.00 0.00 0.00
313.00 10.00 6.00 20.00 46.00 14.00 26.00 0.07 4.73 0.00 0.00 0.00 5.00 6.00 5.00 4.00 9.00 1.00 0.00 0.00 0.00 0.00 0.00
314.00 4.00 1.00 5.00 15.00 4.00 10.00 0.08 3.73 0.00 0.00 0.00 1.00 3.00 3.00 1.00 4.00 0.00 0.00 0.00 0.00 0.00 0.00
315.00 3.00 0.00 2.00 10.00 2.00 8.00 0.09 4.56 0.00 0.00 0.00 2.00 3.00 1.00 0.00 3.00 0.00 0.00 0.00 0.00 0.00 0.00
316.00 5.00 1.00 7.00 20.00 6.00 13.00 0.08 3.38 0.00 0.00 0.00 2.00 4.00 3.00 1.00 4.00 1.00 0.00 0.00 0.00 0.00 0.00
317.00 3.00 0.00 1.00 6.00 1.00 5.00 0.08 0.25 0.00 0.00 0.00 2.00 3.00 1.00 0.00 3.00 0.00 0.00 0.00 0.00 0.00 0.00
318.00 7.00 3.00 13.00 34.00 10.00 21.00 0.09 5.30 0.00 0.00 0.00 1.00 4.00 6.00 3.00 5.00 2.00 0.00 0.00 0.00 0.00 0.00
319.00 11.00 8.00 25.00 50.00 17.00 25.00 0.07 4.87 0.00 0.00 0.00 3.00 5.00 8.00 6.00 10.00 1.00 0.00 0.00 0.00 0.00 0.00
320.00 3.00 0.00 0.00 6.00 0.00 6.00 0.08 0.30 0.00 0.00 0.00 2.00 3.00 1.00 0.00 3.00 0.00 0.00 0.00 0.00 0.00 0.00
321.00 6.00 2.00 10.00 28.00 8.00 18.00 0.08 4.33 0.00 0.00 0.00 1.00 5.00 5.00 1.00 6.00 0.00 0.00 0.00 0.00 0.00 0.00
322.00 4.00 0.00 2.00 14.00 2.00 12.00 0.08 0.39 0.00 0.00 0.00 3.00 3.00 1.00 1.00 4.00 0.00 0.00 0.00 0.00 0.00 0.00
323.00 7.00 2.00 6.00 25.00 4.00 19.00 0.07 2.84 0.00 0.00 0.00 4.00 5.00 3.00 2.00 7.00 0.00 0.00 0.00 0.00 0.00 0.00
324.00 5.00 1.00 4.00 17.00 3.00 13.00 0.07 0.22 0.00 0.00 0.00 1.00 2.00 4.00 3.00 5.00 0.00 0.00 0.00 0.00 0.00 0.00
325.00 6.00 2.00 9.00 26.00 7.00 17.00 0.09 3.11 0.00 0.00 0.00 2.00 4.00 4.00 2.00 6.00 0.00 0.00 0.00 0.00 0.00 0.00
326.00 7.00 3.00 10.00 29.00 7.00 19.00 0.08 5.58 0.00 0.00 0.00 2.00 5.00 5.00 2.00 5.00 2.00 0.00 0.00 0.00 0.00 0.00
327.00 3.00 0.00 0.00 3.00 0.00 3.00 0.09 0.22 0.00 0.00 0.00 2.00 3.00 1.00 0.00 3.00 0.00 0.00 0.00 0.00 0.00 0.00
328.00 4.00 0.00 4.00 15.00 4.00 11.00 0.08 3.92 0.00 0.00 0.00 2.00 4.00 2.00 0.00 4.00 0.00 0.00 0.00 0.00 0.00 0.00
329.00 4.00 1.00 5.00 14.00 4.00 9.00 0.09 3.90 0.00 0.00 0.00 2.00 4.00 2.00 0.00 4.00 0.00 0.00 0.00 0.00 0.00 0.00
330.00 4.00 0.00 0.00 4.00 0.00 4.00 0.08 0.30 0.00 0.00 0.00 2.00 4.00 2.00 0.00 4.00 0.00 0.00 0.00 0.00 0.00 0.00
331.00 4.00 0.00 2.00 8.00 2.00 6.00 0.07 0.10 0.00 0.00 0.00 2.00 4.00 2.00 0.00 4.00 0.00 0.00 0.00 0.00 0.00 0.00
332.00 2.00 0.00 0.00 0.00 0.00 0.00 0.08 5.01 0.00 0.00 0.00 2.00 2.00 0.00 0.00 2.00 0.00 0.00 0.00 0.00 0.00 0.00
