0.00 2.00 0.00 0.00 5.00 0.00 5.00 0.08 0.16 0.00 0.00 0.00 2.00 2.00 0.00 0.00 2.00 0.00 0.00 0.00 0.00 0.00 0.00
1.00 6.00 1.00 2.00 19.00 1.00 17.00 0.08 0.24 0.00 0.00 0.00 4.00 5.00 2.00 1.00 5.00 1.00 0.00 0.00 0.00 0.00 0.00
2.00 3.00 0.00 1.00 7.00 1.00 6.00 0.08 0.18 0.00 0.00 0.00 2.00 3.00 1.00 0.00 3.00 0.00 0.00 0.00 0.00 0.00 0.00
3.00 8.00 4.00 10.00 32.00 6.00 22.00 0.07 0.31 0.00 0.00 0.00 6.00 6.00 2.00 2.00 7.00 1.00 0.00 0.00 0.00 0.00 0.00
4.00 5.00 0.00 6.00 22.00 6.00 16.00 0.08 0.32 0.00 0.00 0.00 2.00 5.00 3.00 0.00 5.00 0.00 0.00 0.00 0.00 0.00 0.00
5.00 5.00 2.00 7.00 19.00 5.00 12.00 0.09 0.18 0.00 0.00 0.00 2.00 5.00 3.00 0.00 5.00 0.00 0.00 0.00 0.00 0.00 0.00
6.00 7.00 0.00 10.00 31.00 10.00 21.00 0.09 0.18 0.00 0.00 0.00 3.00 6.00 4.00 1.00 7.00 0.00 0.00 0.00 0.00 0.00 0.00
7.00 9.00 3.00 15.00 39.00 12.00 24.00 0.10 0.25 0.00 0.00 0.00 3.00 6.00 6.00 3.00 7.00 2.00 0.00 0.00 0.00 0.00 0.00
8.00 4.00 0.00 0.00 13.00 0.00 13.00 0.09 0.06 0.00 0.00 0.00 2.00 4.00 2.00 0.00 4.00 0.00 0.00 0.00 0.00 0.00 0.00
9.00 6.00 1.00 8.00 23.00 7.00 15.00 0.09 0.37 0.00 0.00 0.00 3.00 5.00 3.00 1.00 6.00 0.00 0.00 0.00 0.00 0.00 0.00
10.00 12.00 1.00 9.00 37.00 8.00 28.00 0.09 1.04 0.00 0.00 0.00 4.00 8.00 8.00 4.00 10.00 2.00 0.00 0.00 0.00 0.00 0.00
11.00 10.00 3.00 16.00 45.00 13.00 29.00 0.09 0.42 0.00 0.00 0.00 6.00 8.00 4.00 2.00 9.00 1.00 0.00 0.00 0.00 0.00 0.00
12.00 6.00 3.00 10.00 28.00 7.00 18.00 0.08 0.30 0.00 0.00 0.00 4.00 5.00 2.00 1.00 5.00 1.00 0.00 0.00 0.00 0.00 0.00
13.00 10.00 6.00 20.00 48.00 14.00 28.00 0.08 0.35 0.00 0.00 0.00 3.00 5.00 7.00 5.00 6.00 4.00 0.00 0.00 0.00 0.00 0.00
14.00 6.00 1.00 9.00 26.00 8.00 17.00 0.08 0.27 0.00 0.00 0.00 1.00 4.00 5.00 2.00 5.00 1.00 0.00 0.00 0.00 0.00 0.00
15.00 9.00 5.00 17.00 42.00 12.00 25.00 0.09 0.39 0.00 1.00 0.00 4.00 4.00 5.00 5.00 5.00 4.00 0.00 0.00 0.00 0.00 0.00
16.00 8.00 2.00 12.00 32.00 10.00 20.00 0.10 0.44 0.00 0.00 0.00 2.00 5.00 6.00 3.00 7.00 1.00 0.00 0.00 0.00 0.00 0.00
17.00 4.00 0.00 1.00 10.00 1.00 9.00 0.10 0.23 0.00 0.00 0.00 2.00 4.00 2.00 0.00 4.00 0.00 0.00 0.00 0.00 0.00 0.00
18.00 12.00 4.00 15.00 50.00 11.00 35.00 0.08 0.94 0.00 0.00 0.00 7.00 9.00 5.00 3.00 10.00 2.00 0.00 0.00 0.00 0.00 0.00
19.00 5.00 0.00 6.00 20.00 6.00 14.00 0.10 0.23 0.00 0.00 0.00 3.00 4.00 2.00 1.00 5.00 0.00 0.00 0.00 0.00 0.00 0.00
20.00 9.00 4.00 17.00 40.00 13.00 23.00 0.10 0.33 0.00 0.00 0.00 4.00 6.00 5.00 3.00 8.00 1.00 0.00 0.00 0.00 0.00 0.00
21.00 9.00 6.00 20.00 44.00 14.00 24.00 0.10 0.24 0.00 0.00 0.00 3.00 3.00 6.00 6.00 6.00 3.00 0.00 0.00 0.00 0.00 0.00
22.00 8.00 4.00 13.00 33.00 9.00 20.00 0.08 0.30 0.00 0.00 0.00 3.00 5.00 5.00 3.00 7.00 1.00 0.00 0.00 0.00 0.00 0.00
23.00 15.00 6.00 23.00 59.00 17.00 36.00 0.09 0.88 0.00 0.00 0.00 6.00 12.00 9.00 3.00 14.00 1.00 0.00 0.00 0.00 0.00 0.00
24.00 8.00 5.00 15.00 37.00 10.00 22.00 0.10 0.31 0.00 0.00 0.00 2.00 6.00 6.00 2.00 8.00 0.00 0.00 0.00 0.00 0.00 0.00
25.00 11.00 4.00 11.00 43.00 7.00 32.00 0.08 0.62 0.00 0.00 0.00 2.00 5.00 9.00 6.00 7.00 4.00 0.00 0.00 0.00 0.00 0.00
26.00 7.00 3.00 11.00 28.00 8.00 17.00 0.09 0.51 0.00 0.00 0.00 4.00 4.00 3.00 3.00 6.00 1.00 0.00 0.00 0.00 0.00 0.00
27.00 5.00 0.00 3.00 16.00 3.00 13.00 0.08 0.45 0.00 0.00 0.00 2.00 5.00 3.00 0.00 5.00 0.00 0.00 0.00 0.00 0.00 0.00
28.00 9.00 6.00 20.00 44.00 14.00 24.00 0.09 0.29 0.00 0.00 0.00 5.00 6.00 4.00 3.00 8.00 1.00 0.00 0.00 0.00 0.00 0.00
29.00 11.00 6.00 19.00 53.00 13.00 34.00 0.08 0.30 0.00 0.00 0.00 2.00 5.00 9.00 6.00 7.00 4.00 0.00 0.00 0.00 0.00 0.00
30.00 19.00 12.00 38.00 86.00 26.00 48.00 0.09 0.93 0.00 0.00 0.00 7.00 12.00 12.00 7.00 12.00 7.00 0.00 0.00 0.00 0.00 0.00
31.00 13.00 7.00 30.00 67.00 23.00 37.00 0.08 0.37 0.00 0.00 0.00 3.00 5.00 10.00 8.00 8.00 5.00 0.00 0.00 0.00 0.00 0.00
32.00 13.00 7.00 29.00 62.00 22.00 33.00 0.07 0.41 0.00 0.00 0.00 4.00 9.00 9.00 4.00 12.00 1.00 0.00 0.00 2.00 0.00 0.00
33.00 18.00 18.00 43.00 83.00 25.00 40.00 0.09 0.49 0.00 0.00 0.00 6.00 11.00 12.00 7.00 13.00 5.00 0.00 0.00 2.00 0.00 0.00
34.00 18.00 18.00 46.00 87.00 28.00 41.00 0.07 0.65 0.00 1.00 0.00 5.00 6.00 13.00 12.00 10.00 8.00 0.00 0.00 0.00 0.00 0.00
35.00 23.00 23.00 57.00 115.00 34.00 58.00 0.10 0.68 0.00 1.00 0.00 5.00 9.00 18.00 14.00 11.00 12.00 0.00 0.00 1.00 0.00 0.00
36.00 22.00 22.00 51.00 97.00 29.00 46.00 0.08 1.37 0.00 0.00 0.00 5.00 9.00 17.00 13.00 14.00 8.00 0.00 0.00 2.00 0.00 0.00
37.00 17.00 18.00 41.00 88.00 23.00 47.00 0.09 0.56 0.00 0.00 0.00 6.00 9.00 11.00 8.00 13.00 4.00 0.00 0.00 2.00 0.00 0.00
38.00 21.00 22.00 53.00 99.00 31.00 46.00 0.08 0.73 0.00 0.00 0.00 7.00 11.00 14.00 10.00 17.00 4.00 0.00 0.00 2.00 0.00 0.00
39.00 16.00 13.00 43.00 75.00 30.00 32.00 0.09 0.44 0.00 0.00 0.00 5.00 7.00 11.00 9.00 14.00 2.00 0.00 0.00 1.00 0.00 0.00
40.00 20.00 16.00 48.00 103.00 32.00 55.00 0.08 0.82 0.00 0.00 0.00 5.00 10.00 15.00 10.00 13.00 7.00 0.00 0.00 1.00 0.00 0.00
41.00 20.00 14.00 50.00 95.00 36.00 45.00 0.09 0.63 0.00 0.00 0.00 5.00 8.00 15.00 12.00 12.00 8.00 0.00 0.00 1.00 0.00 0.00
42.00 18.00 22.00 44.00 90.00 22.00 46.00 0.10 0.64 0.00 0.00 0.00 5.00 11.00 13.00 7.00 14.00 4.00 0.00 0.00 1.00 0.00 0.00
43.00 24.00 31.00 64.00 120.00 33.00 56.00 0.09 0.86 0.00 0.00 0.00 6.00 10.00 18.00 14.00 16.00 8.00 0.00 0.00 2.00 0.00 0.00
44.00 24.00 25.00 68.00 124.00 43.00 56.00 0.09 0.73 0.00 0.00 0.00 6.00 12.00 18.00 12.00 16.00 8.00 0.00 0.00 1.00 0.00 0.00
45.00 25.00 31.00 71.00 123.00 40.00 52.00 0.07 0.64 0.00 0.00 0.00 8.00 11.00 17.00 14.00 18.00 7.00 0.00 0.00 1.00 0.00 0.00
46.00 23.00 21.00 60.00 115.00 39.00 55.00 0.07 0.72 0.00 1.00 0.00 5.00 9.00 18.00 14.00 13.00 10.00 0.00 0.00 1.00 0.00 0.00
47.00 23.00 26.00 63.00 114.00 37.00 51.00 0.08 0.56 0.00 0.00 0.00 7.00 12.00 16.00 11.00 13.00 10.00 0.00 0.00 0.00 0.00 0.00
48.00 29.00 33.00 76.00 146.00 43.00 70.00 0.08 0.69 0.00 1.00 0.00 6.00 14.00 23.00 15.00 21.00 8.00 0.00 1.00 0.00 0.00 0.00
49.00 22.00 21.00 50.00 101.00 29.00 51.00 0.09 0.53 0.00 0.00 0.00 4.00 11.00 18.00 11.00 15.00 7.00 0.00 0.00 0.00 0.00 0.00
50.00 25.00 25.00 71.00 124.00 46.00 53.00 0.08 0.80 0.00 0.00 0.00 6.00 15.00 19.00 10.00 18.00 7.00 0.00 0.00 1.00 0.00 0.00
51.00 26.00 34.00 73.00 130.00 39.00 57.00 0.09 0.57 0.00 1.00 0.00 9.00 19.00 17.00 7.00 22.00 4.00 0.00 0.00 0.00 0.00 0.00
52.00 28.00 38.00 80.00 143.00 42.00 63.00 0.08 0.73 0.00 1.00 0.00 7.00 10.00 21.00 18.00 17.00 11.00 0.00 0.00 0.00 0.00 0.00
53.00 30.00 29.00 76.00 153.00 47.00 77.00 0.08 0.72 0.00 1.00 0.00 7.00 13.00 23.00 17.00 17.00 13.00 0.00 0.00 0.00 0.00 0.00
54.00 28.00 24.00 81.00 144.00 57.00 63.00 0.08 0.64 0.00 0.00 0.00 5.00 9.00 23.00 19.00 13.00 15.00 0.00 0.00 1.00 0.00 0.00
55.00 26.00 26.00 73.00 137.00 47.00 64.00 0.08 0.63 1.00 0.00 0.00 5.00 13.00 21.00 13.00 20.00 6.00 0.00 0.00 0.00 1.00 0.00
56.00 28.00 33.00 82.00 143.00 49.00 61.00 0.09 0.91 0.00 1.00 0.00 4.00 8.00 24.00 20.00 18.00 10.00 0.00 0.00 0.00 0.00 0.00
57.00 32.00 42.00 88.00 160.00 46.00 72.00 0.08 0.90 0.00 1.00 0.00 5.00 14.00 27.00 18.00 19.00 13.00 0.00 0.00 0.00 0.00 0.00
58.00 29.00 38.00 75.00 149.00 37.00 74.00 0.09 0.83 0.00 0.00 0.00 6.00 12.00 23.00 17.00 17.00 12.00 0.00 0.00 0.00 0.00 0.00
59.00 31.00 29.00 82.00 160.00 53.00 78.00 0.08 0.75 1.00 3.00 0.33 6.00 16.00 25.00 15.00 21.00 10.00 0.00 0.00 1.00 0.00 0.00
60.00 36.00 43.00 100.00 185.00 57.00 85.00 0.09 1.49 1.00 2.00 0.50 10.00 15.00 26.00 21.00 26.00 10.00 0.00 0.00 0.00 0.00 0.00
61.00 29.00 36.00 85.00 154.00 49.00 69.00 0.09 0.70 1.00 1.00 1.00 11.00 15.00 18.00 14.00 20.00 9.00 1.00 0.00 0.00 0.00 0.00
62.00 31.00 21.00 86.00 161.00 65.00 75.00 0.10 0.81 1.00 2.00 0.50 7.00 15.00 24.00 16.00 22.00 9.00 0.00 0.00 0.00 0.00 0.00
63.00 30.00 38.00 87.00 156.00 49.00 69.00 0.09 0.97 0.00 2.00 0.00 6.00 10.00 24.00 20.00 17.00 13.00 1.00 0.00 0.00 0.00 0.00
64.00 29.00 33.00 84.00 152.00 51.00 68.00 0.09 0.81 0.00 1.00 0.00 5.00 10.00 24.00 19.00 18.00 11.00 0.00 0.00 0.00 0.00 0.00
65.00 29.00 28.00 72.00 148.00 44.00 76.00 0.08 0.73 0.00 0.00 0.00 4.00 12.00 25.00 17.00 18.00 11.00 0.00 0.00 0.00 0.00 0.00
66.00 29.00 35.00 85.00 155.00 50.00 70.00 0.09 0.72 0.00 1.00 0.00 7.00 10.00 22.00 19.00 14.00 15.00 0.00 0.00 0.00 0.00 0.00
67.00 28.00 25.00 82.00 146.00 57.00 64.00 0.09 0.75 1.00 3.00 0.33 3.00 6.00 25.00 22.00 12.00 16.00 0.00 0.00 0.00 0.00 0.00
68.00 28.00 33.00 81.00 152.00 48.00 71.00 0.08 0.58 1.00 1.00 1.00 6.00 9.00 22.00 19.00 16.00 12.00 0.00 0.00 0.00 0.00 0.00
69.00 32.00 27.00 83.00 160.00 56.00 77.00 0.09 0.90 1.00 1.00 1.00 11.00 15.00 21.00 17.00 20.00 12.00 0.00 0.00 0.00 0.00 0.00
70.00 28.00 31.00 80.00 139.00 49.00 59.00 0.09 0.67 1.00 2.00 0.50 7.00 17.00 21.00 11.00 20.00 8.00 1.00 0.00 0.00 0.00 0.00
71.00 29.00 38.00 84.00 151.00 46.00 67.00 0.09 0.70 1.00 0.00 0.00 5.00 16.00 24.00 13.00 18.00 11.00 0.00 0.00 2.00 0.00 0.00
72.00 25.00 30.00 73.00 126.00 43.00 53.00 0.08 0.67 0.00 0.00 0.00 7.00 13.00 18.00 12.00 16.00 9.00 0.00 0.00 0.00 0.00 0.00
73.00 28.00 34.00 82.00 148.00 48.00 66.00 0.08 0.76 2.00 0.00 0.00 5.00 13.00 23.00 15.00 17.00 11.00 0.00 0.00 1.00 1.00 0.00
74.00 30.00 29.00 81.00 159.00 52.00 78.00 0.07 0.90 2.00 0.00 0.00 10.00 17.00 20.00 13.00 18.00 12.00 0.00 0.00 0.00 0.00 0.00
75.00 28.00 35.00 80.00 146.00 45.00 66.00 0.10 0.71 1.00 0.00 0.00 7.00 13.00 21.00 15.00 19.00 9.00 0.00 0.00 0.00 0.00 0.00
76.00 28.00 25.00 72.00 153.00 47.00 81.00 0.09 0.89 2.00 0.00 0.00 6.00 12.00 22.00 16.00 17.00 11.00 0.00 0.00 0.00 0.00 0.00
77.00 29.00 36.00 83.00 151.00 47.00 68.00 0.08 0.77 2.00 1.00 2.00 4.00 12.00 25.00 17.00 18.00 11.00 0.00 0.00 0.00 0.00 0.00
78.00 31.00 33.00 92.00 161.00 59.00 69.00 0.10 0.72 3.00 2.00 1.50 9.00 12.00 22.00 19.00 21.00 10.00 0.00 0.00 0.00 0.00 0.00
79.00 28.00 35.00 82.00 146.00 47.00 64.00 0.09 0.61 3.00 0.00 0.00 4.00 12.00 24.00 16.00 16.00 12.00 0.00 0.00 0.00 0.00 0.00
80.00 32.00 26.00 83.00 168.00 57.00 85.00 0.09 0.92 4.00 2.00 2.00 8.00 14.00 24.00 18.00 17.00 15.00 0.00 0.00 0.00 0.00 0.00
81.00 37.00 46.00 113.00 197.00 67.00 84.00 0.08 0.86 4.00 2.00 2.00 7.00 17.00 30.00 20.00 25.00 12.00 0.00 0.00 0.00 0.00 0.00
82.00 30.00 25.00 90.00 161.00 65.00 71.00 0.07 0.75 3.00 3.00 1.00 4.00 13.00 26.00 17.00 19.00 11.00 0.00 0.00 0.00 0.00 0.00
83.00 30.00 41.00 95.00 164.00 54.00 69.00 0.10 0.76 3.00 1.00 3.00 5.00 12.00 25.00 18.00 15.00 15.00 0.00 0.00 0.00 0.00 0.00
84.00 28.00 31.00 84.00 150.00 53.00 66.00 0.07 0.86 2.00 4.00 0.50 3.00 7.00 25.00 21.00 11.00 17.00 0.00 0.00 0.00 0.00 0.00
85.00 33.00 42.00 101.00 173.00 59.00 72.00 0.10 0.83 4.00 0.00 0.00 6.00 14.00 27.00 19.00 19.00 14.00 0.00 0.00 0.00 0.00 0.00
86.00 30.00 40.00 92.00 158.00 52.00 66.00 0.09 0.60 3.00 1.00 3.00 6.00 14.00 24.00 16.00 20.00 10.00 0.00 0.00 0.00 0.00 0.00
87.00 37.00 48.00 107.00 197.00 59.00 90.00 0.07 1.03 3.00 1.00 3.00 8.00 18.00 29.00 19.00 27.00 10.00 0.00 0.00 0.00 0.00 0.00
88.00 35.00 51.00 106.00 180.00 55.00 74.00 0.09 0.89 3.00 3.00 1.00 9.00 20.00 26.00 15.00 22.00 13.00 1.00 0.00 0.00 0.00 0.00
89.00 37.00 44.00 120.00 196.00 76.00 76.00 0.09 1.02 3.00 2.00 1.50 7.00 16.00 30.00 21.00 23.00 14.00 1.00 0.00 0.00 0.00 0.00
90.00 34.00 39.00 102.00 177.00 63.00 75.00 0.10 1.05 4.00 3.00 1.33 8.00 15.00 26.00 19.00 18.00 16.00 1.00 0.00 0.00 0.00 0.00
91.00 34.00 39.00 101.00 183.00 62.00 82.00 0.08 0.95 4.00 1.00 4.00 8.00 13.00 26.00 21.00 23.00 11.00 0.00 0.00 0.00 0.00 0.00
92.00 33.00 34.00 98.00 176.00 64.00 78.00 0.08 0.87 2.00 2.00 1.00 9.00 15.00 24.00 18.00 19.00 14.00 0.00 0.00 0.00 0.00 0.00
93.00 37.00 40.00 104.00 194.00 64.00 90.00 0.08 1.00 3.00 1.00 3.00 11.00 17.00 26.00 20.00 24.00 13.00 0.00 0.00 0.00 0.00 0.00
94.00 37.00 50.00 119.00 199.00 69.00 80.00 0.09 0.90 3.00 1.00 3.00 5.00 10.00 32.00 27.00 14.00 23.00 1.00 0.00 0.00 0.00 0.00
95.00 32.00 22.00 83.00 165.00 61.00 82.00 0.08 1.01 1.00 1.00 1.00 8.00 20.00 24.00 12.00 23.00 9.00 1.00 0.00 1.00 0.00 0.00
96.00 35.00 41.00 107.00 190.00 66.00 83.00 0.10 0.95 3.00 1.00 3.00 8.00 16.00 27.00 19.00 23.00 12.00 1.00 0.00 0.00 0.00 0.00
97.00 38.00 39.00 108.00 200.00 69.00 92.00 0.09 1.06 2.00 4.00 0.50 14.00 21.00 24.00 17.00 28.00 10.00 0.00 0.00 0.00 0.00 0.00
98.00 37.00 48.00 118.00 193.00 70.00 75.00 0.10 0.95 2.00 4.00 0.50 6.00 14.00 31.00 23.00 19.00 18.00 1.00 0.00 0.00 0.00 0.00
99.00 41.00 41.00 115.00 217.00 74.00 102.00 0.09 1.10 3.00 1.00 3.00 9.00 20.00 32.00 21.00 27.00 14.00 1.00 0.00 0.00 0.00 0.00
100.00 43.00 47.00 120.00 212.00 73.00 92.00 0.10 1.11 2.00 3.00 0.67 9.00 18.00 34.00 25.00 25.00 18.00 1.00 0.00 0.00 1.00 0.00
101.00 38.00 40.00 98.00 192.00 58.00 94.00 0.07 1.14 2.00 0.00 0.00 10.00 17.00 28.00 21.00 23.00 15.00 0.00 0.00 0.00 0.00 0.00
102.00 33.00 25.00 93.00 182.00 68.00 89.00 0.09 0.95 2.00 1.00 2.00 5.00 11.00 28.00 22.00 19.00 14.00 1.00 0.00 0.00 0.00 0.00
103.00 38.00 45.00 121.00 207.00 76.00 86.00 0.07 1.01 2.00 1.00 2.00 5.00 15.00 33.00 23.00 20.00 18.00 1.00 0.00 0.00 0.00 0.00
104.00 42.00 46.00 127.00 218.00 81.00 91.00 0.09 1.13 2.00 3.00 0.67 8.00 17.00 34.00 25.00 27.00 15.00 1.00 0.00 0.00 0.00 0.00
105.00 37.00 46.00 124.00 204.00 78.00 80.00 0.08 0.90 2.00 4.00 0.50 8.00 17.00 29.00 20.00 25.00 12.00 1.00 0.00 1.00 0.00 0.00
106.00 40.00 44.00 120.00 205.00 76.00 85.00 0.08 1.17 1.00 2.00 0.50 8.00 23.00 32.00 17.00 31.00 9.00 1.00 0.00 0.00 0.00 0.00
107.00 39.00 47.00 119.00 215.00 72.00 96.00 0.07 1.08 1.00 2.00 0.50 10.00 18.00 29.00 21.00 21.00 18.00 1.00 0.00 0.00 0.00 0.00
108.00 35.00 49.00 114.00 189.00 65.00 75.00 0.08 0.88 3.00 3.00 1.00 4.00 9.00 31.00 26.00 15.00 20.00 1.00 0.00 0.00 0.00 0.00
109.00 47.00 62.00 147.00 241.00 85.00 94.00 0.08 1.29 4.00 2.00 2.00 11.00 20.00 36.00 27.00 29.00 18.00 1.00 0.00 0.00 0.00 0.00
110.00 38.00 43.00 120.00 204.00 77.00 84.00 0.06 1.04 4.00 2.00 2.00 9.00 16.00 29.00 22.00 24.00 14.00 0.00 0.00 0.00 0.00 0.00
111.00 43.00 57.00 140.00 228.00 83.00 88.00 0.08 1.22 2.00 2.00 1.00 11.00 20.00 32.00 23.00 26.00 17.00 1.00 0.00 0.00 0.00 0.00
112.00 39.00 37.00 112.00 212.00 75.00 100.00 0.07 1.06 2.00 3.00 0.67 6.00 15.00 33.00 24.00 24.00 15.00 0.00 0.00 1.00 1.00 0.00
113.00 41.00 56.00 132.00 224.00 76.00 92.00 0.09 1.18 2.00 1.00 2.00 7.00 15.00 34.00 26.00 28.00 13.00 1.00 0.00 0.00 0.00 0.00
114.00 40.00 39.00 119.00 215.00 80.00 96.00 0.09 1.06 3.00 2.00 1.50 12.00 20.00 28.00 20.00 27.00 13.00 0.00 0.00 0.00 0.00 0.00
115.00 36.00 41.00 114.00 198.00 73.00 84.00 0.05 1.14 3.00 2.00 1.50 3.00 13.00 33.00 23.00 18.00 18.00 1.00 0.00 0.00 0.00 0.00
116.00 48.00 56.00 154.00 255.00 98.00 101.00 0.08 1.49 4.00 3.00 1.33 14.00 22.00 34.00 26.00 26.00 22.00 1.00 0.00 0.00 0.00 0.00
117.00 44.00 58.00 145.00 235.00 87.00 90.00 0.09 1.14 4.00 3.00 1.33 7.00 19.00 37.00 25.00 25.00 19.00 1.00 0.00 0.00 0.00 0.00
118.00 48.00 64.00 145.00 242.00 81.00 97.00 0.08 1.25 3.00 4.00 0.75 14.00 23.00 34.00 25.00 28.00 20.00 1.00 0.00 0.00 0.00 0.00
119.00 43.00 53.00 130.00 227.00 77.00 97.00 0.08 1.11 4.00 3.00 1.33 11.00 23.00 32.00 20.00 30.00 13.00 1.00 0.00 0.00 0.00 0.00
120.00 45.00 65.00 148.00 238.00 83.00 90.00 0.09 1.04 4.00 4.00 1.00 10.00 14.00 35.00 31.00 26.00 19.00 1.00 0.00 0.00 0.00 0.00
121.00 41.00 57.00 134.00 218.00 77.00 84.00 0.10 1.09 4.00 2.00 2.00 10.00 18.00 31.00 23.00 26.00 15.00 1.00 0.00 0.00 0.00 0.00
122.00 50.00 67.00 164.00 268.00 97.00 104.00 0.08 1.53 4.00 5.00 0.80 14.00 24.00 36.00 26.00 27.00 23.00 1.00 0.00 0.00 0.00 0.00
123.00 49.00 74.00 159.00 263.00 85.00 104.00 0.08 1.24 3.00 5.00 0.60 12.00 21.00 37.00 28.00 27.00 22.00 1.00 0.00 0.00 0.00 0.00
124.00 48.00 73.00 159.00 251.00 86.00 92.00 0.09 1.29 4.00 3.00 1.33 10.00 21.00 38.00 27.00 33.00 15.00 1.00 0.00 0.00 0.00 0.00
125.00 45.00 58.00 153.00 247.00 95.00 94.00 0.09 1.14 5.00 3.00 1.67 10.00 17.00 35.00 28.00 27.00 18.00 1.00 0.00 2.00 0.00 0.00
126.00 53.00 85.00 175.00 280.00 90.00 105.00 0.07 1.24 4.00 3.00 1.33 9.00 14.00 44.00 39.00 23.00 30.00 1.00 0.00 0.00 0.00 0.00
127.00 49.00 68.00 160.00 257.00 92.00 97.00 0.08 1.39 4.00 3.00 1.33 11.00 19.00 38.00 30.00 31.00 18.00 0.00 0.00 0.00 0.00 0.00
128.00 49.00 61.00 145.00 253.00 84.00 108.00 0.09 1.28 4.00 3.00 1.33 12.00 25.00 37.00 24.00 29.00 20.00 0.00 0.00 1.00 0.00 0.00
129.00 45.00 63.00 134.00 239.00 71.00 105.00 0.09 1.27 4.00 2.00 2.00 10.00 15.00 35.00 30.00 19.00 26.00 1.00 0.00 1.00 0.00 0.00
130.00 38.00 55.00 129.00 213.00 74.00 84.00 0.09 1.01 4.00 6.00 0.67 6.00 10.00 32.00 28.00 20.00 18.00 1.00 0.00 0.00 0.00 0.00
131.00 46.00 60.00 149.00 250.00 89.00 101.00 0.07 1.07 5.00 4.00 1.25 11.00 14.00 35.00 32.00 25.00 21.00 1.00 0.00 0.00 0.00 0.00
132.00 43.00 64.00 139.00 228.00 75.00 89.00 0.09 1.06 6.00 5.00 1.20 10.00 16.00 33.00 27.00 21.00 22.00 1.00 0.00 0.00 0.00 0.00
133.00 46.00 73.00 159.00 255.00 86.00 96.00 0.10 1.13 3.00 5.00 0.60 10.00 15.00 36.00 31.00 28.00 18.00 1.00 0.00 0.00 0.00 0.00
134.00 44.00 73.00 150.00 238.00 77.00 88.00 0.09 1.19 3.00 4.00 0.75 9.00 17.00 35.00 27.00 23.00 21.00 1.00 0.00 0.00 0.00 0.00
135.00 43.00 70.00 151.00 230.00 81.00 79.00 0.09 1.14 3.00 2.00 1.50 10.00 18.00 33.00 25.00 28.00 15.00 1.00 0.00 1.00 0.00 0.00
136.00 47.00 85.00 167.00 245.00 82.00 78.00 0.09 1.18 4.00 3.00 1.33 7.00 22.00 40.00 25.00 31.00 16.00 1.00 0.00 0.00 0.00 0.00
137.00 46.00 66.00 145.00 236.00 79.00 91.00 0.08 1.25 3.00 4.00 0.75 10.00 19.00 36.00 27.00 27.00 19.00 1.00 0.00 1.00 0.00 0.00
138.00 37.00 53.00 120.00 207.00 67.00 87.00 0.10 0.97 4.00 4.00 1.00 4.00 10.00 33.00 27.00 21.00 16.00 1.00 0.00 0.00 0.00 0.00
139.00 38.00 43.00 122.00 215.00 79.00 93.00 0.08 1.02 4.00 5.00 0.80 6.00 16.00 32.00 22.00 24.00 14.00 0.00 0.00 0.00 1.00 0.00
140.00 44.00 53.00 141.00 233.00 88.00 92.00 0.08 1.22 3.00 5.00 0.60 10.00 16.00 34.00 28.00 20.00 24.00 0.00 0.00 0.00 0.00 0.00
141.00 48.00 80.00 165.00 262.00 85.00 97.00 0.07 1.21 4.00 5.00 0.80 7.00 19.00 41.00 29.00 25.00 23.00 1.00 0.00 0.00 0.00 0.00
142.00 46.00 71.00 149.00 237.00 78.00 88.00 0.08 1.10 2.00 3.00 0.67 10.00 16.00 36.00 30.00 26.00 20.00 1.00 0.00 0.00 0.00 0.00
143.00 46.00 71.00 158.00 245.00 87.00 87.00 0.07 0.99 3.00 6.00 0.50 8.00 17.00 38.00 29.00 24.00 22.00 1.00 0.00 0.00 0.00 0.00
144.00 46.00 71.00 158.00 244.00 87.00 86.00 0.09 1.16 3.00 5.00 0.60 10.00 18.00 36.00 28.00 26.00 20.00 1.00 0.00 1.00 0.00 0.00
145.00 44.00 55.00 142.00 238.00 87.00 96.00 0.07 1.18 1.00 5.00 0.20 11.00 23.00 33.00 21.00 28.00 16.00 0.00 0.00 0.00 0.00 0.00
146.00 47.00 74.00 152.00 249.00 78.00 97.00 0.09 1.20 2.00 5.00 0.40 6.00 17.00 41.00 30.00 28.00 19.00 1.00 0.00 1.00 0.00 0.00
147.00 43.00 56.00 134.00 229.00 78.00 95.00 0.08 1.21 3.00 5.00 0.60 8.00 22.00 35.00 21.00 25.00 18.00 1.00 0.00 0.00 0.00 0.00
148.00 44.00 70.00 141.00 227.00 71.00 86.00 0.10 1.04 3.00 4.00 0.75 5.00 19.00 39.00 25.00 24.00 20.00 0.00 0.00 0.00 0.00 0.00
149.00 42.00 52.00 129.00 219.00 77.00 90.00 0.09 1.13 2.00 2.00 1.00 10.00 20.00 32.00 22.00 25.00 17.00 0.00 0.00 0.00 0.00 0.00
150.00 40.00 53.00 123.00 208.00 70.00 85.00 0.07 0.98 4.00 2.00 2.00 5.00 15.00 35.00 25.00 26.00 14.00 1.00 0.00 1.00 0.00 0.00
151.00 42.00 61.00 139.00 223.00 78.00 84.00 0.08 1.11 4.00 2.00 2.00 6.00 13.00 36.00 29.00 22.00 20.00 1.00 0.00 0.00 0.00 0.00
152.00 40.00 61.00 130.00 219.00 69.00 89.00 0.08 1.03 2.00 3.00 0.67 6.00 16.00 34.00 24.00 20.00 20.00 1.00 0.00 0.00 0.00 0.00
153.00 39.00 65.00 126.00 203.00 61.00 77.00 0.10 1.15 4.00 2.00 2.00 3.00 12.00 36.00 27.00 20.00 19.00 1.00 0.00 1.00 0.00 0.00
154.00 45.00 58.00 138.00 227.00 80.00 89.00 0.10 1.42 3.00 4.00 0.75 9.00 22.00 36.00 23.00 35.00 10.00 1.00 0.00 0.00 0.00 0.00
155.00 44.00 67.00 140.00 231.00 73.00 91.00 0.08 1.16 2.00 3.00 0.67 8.00 19.00 36.00 25.00 32.00 12.00 1.00 0.00 0.00 0.00 0.00
156.00 42.00 68.00 137.00 222.00 69.00 85.00 0.09 1.20 3.00 3.00 1.00 12.00 17.00 30.00 25.00 24.00 18.00 1.00 0.00 0.00 0.00 0.00
157.00 42.00 63.00 130.00 220.00 67.00 90.00 0.09 1.14 4.00 5.00 0.80 7.00 14.00 35.00 28.00 22.00 20.00 1.00 0.00 0.00 1.00 0.00
158.00 40.00 58.00 128.00 213.00 70.00 85.00 0.09 1.36 3.00 4.00 0.75 7.00 13.00 33.00 27.00 19.00 21.00 1.00 0.00 0.00 0.00 0.00
159.00 41.00 63.00 137.00 216.00 74.00 79.00 0.08 1.06 2.00 5.00 0.40 6.00 14.00 35.00 27.00 25.00 16.00 1.00 0.00 1.00 0.00 0.00
160.00 39.00 61.00 118.00 203.00 57.00 85.00 0.07 1.17 3.00 5.00 0.60 7.00 16.00 32.00 23.00 20.00 19.00 1.00 0.00 0.00 0.00 0.00
161.00 43.00 60.00 142.00 226.00 82.00 84.00 0.07 1.29 2.00 2.00 1.00 8.00 15.00 35.00 28.00 27.00 16.00 1.00 0.00 1.00 0.00 0.00
162.00 45.00 81.00 153.00 243.00 72.00 90.00 0.08 1.07 3.00 5.00 0.60 7.00 14.00 38.00 31.00 26.00 19.00 1.00 0.00 0.00 0.00 0.00
163.00 40.00 63.00 135.00 206.00 72.00 71.00 0.09 1.06 2.00 3.00 0.67 8.00 15.00 32.00 25.00 23.00 17.00 1.00 0.00 0.00 0.00 0.00
164.00 45.00 74.00 143.00 230.00 69.00 87.00 0.08 1.07 3.00 2.00 1.50 9.00 18.00 36.00 27.00 26.00 19.00 0.00 0.00 0.00 0.00 0.00
165.00 40.00 66.00 131.00 210.00 65.00 79.00 0.09 1.45 3.00 2.00 1.50 5.00 12.00 35.00 28.00 17.00 23.00 1.00 0.00 1.00 0.00 0.00
166.00 39.00 55.00 125.00 197.00 70.00 72.00 0.10 1.14 2.00 2.00 1.00 15.00 18.00 24.00 21.00 24.00 15.00 1.00 0.00 1.00 1.00 0.00
167.00 39.00 66.00 131.00 212.00 65.00 81.00 0.09 0.99 3.00 1.00 3.00 8.00 16.00 31.00 23.00 24.00 15.00 1.00 0.00 0.00 0.00 0.00
168.00 48.00 77.00 163.00 245.00 86.00 82.00 0.09 1.10 2.00 3.00 0.67 12.00 20.00 36.00 28.00 30.00 18.00 1.00 0.00 0.00 0.00 0.00
169.00 43.00 66.00 138.00 230.00 72.00 92.00 0.08 1.06 4.00 3.00 1.33 7.00 18.00 36.00 25.00 24.00 19.00 2.00 0.00 0.00 0.00 0.00
170.00 40.00 60.00 133.00 222.00 73.00 89.00 0.07 1.00 4.00 4.00 1.00 7.00 14.00 33.00 26.00 26.00 14.00 1.00 0.00 1.00 0.00 0.00
171.00 39.00 40.00 119.00 200.00 79.00 81.00 0.08 1.09 2.00 4.00 0.50 6.00 17.00 33.00 22.00 25.00 14.00 1.00 0.00 0.00 0.00 0.00
172.00 41.00 70.00 135.00 211.00 65.00 76.00 0.07 0.98 3.00 5.00 0.60 9.00 17.00 32.00 24.00 25.00 16.00 1.00 0.00 0.00 0.00 0.00
173.00 45.00 75.00 143.00 245.00 68.00 102.00 0.11 1.17 3.00 4.00 0.75 6.00 17.00 39.00 28.00 25.00 20.00 1.00 0.00 0.00 0.00 0.00
174.00 48.00 68.00 151.00 252.00 83.00 101.00 0.08 1.11 3.00 2.00 1.50 12.00 22.00 36.00 26.00 27.00 21.00 1.00 0.00 1.00 0.00 0.00
175.00 45.00 65.00 141.00 236.00 76.00 95.00 0.07 1.12 4.00 2.00 2.00 11.00 21.00 34.00 24.00 25.00 20.00 1.00 0.00 1.00 0.00 1.00
176.00 42.00 63.00 137.00 228.00 74.00 91.00 0.08 1.38 4.00 2.00 2.00 8.00 17.00 34.00 25.00 26.00 16.00 1.00 0.00 0.00 0.00 0.00
177.00 49.00 71.00 156.00 254.00 85.00 98.00 0.09 1.45 4.00 2.00 2.00 11.00 23.00 38.00 26.00 29.00 20.00 1.00 0.00 1.00 0.00 1.00
178.00 47.00 65.00 152.00 259.00 87.00 107.00 0.09 1.56 4.00 3.00 1.33 6.00 16.00 41.00 31.00 24.00 23.00 0.00 0.00 0.00 0.00 0.00
179.00 46.00 79.00 156.00 248.00 77.00 92.00 0.08 1.36 3.00 4.00 0.75 7.00 18.00 39.00 28.00 25.00 21.00 0.00 0.00 1.00 0.00 0.00
180.00 38.00 61.00 126.00 203.00 65.00 77.00 0.07 0.93 4.00 4.00 1.00 9.00 13.00 29.00 25.00 23.00 15.00 1.00 0.00 0.00 0.00 0.00
181.00 45.00 65.00 152.00 240.00 87.00 88.00 0.09 1.57 2.00 3.00 0.67 9.00 19.00 36.00 26.00 24.00 21.00 0.00 0.00 3.00 0.00 0.00
182.00 46.00 69.00 145.00 246.00 76.00 101.00 0.10 1.67 3.00 3.00 1.00 10.00 17.00 36.00 29.00 25.00 21.00 1.00 0.00 0.00 0.00 0.00
183.00 51.00 69.00 152.00 255.00 83.00 103.00 0.10 1.46 4.00 4.00 1.00 14.00 24.00 37.00 27.00 35.00 16.00 0.00 0.00 0.00 0.00 0.00
184.00 46.00 64.00 156.00 247.00 92.00 91.00 0.08 1.29 4.00 4.00 1.00 8.00 17.00 38.00 29.00 28.00 18.00 1.00 0.00 1.00 1.00 0.00
185.00 44.00 65.00 138.00 241.00 73.00 103.00 0.09 1.83 3.00 3.00 1.00 8.00 19.00 36.00 25.00 29.00 15.00 1.00 0.00 1.00 0.00 0.00
186.00 47.00 63.00 155.00 252.00 92.00 97.00 0.08 1.08 2.00 3.00 0.67 6.00 15.00 41.00 32.00 23.00 24.00 1.00 0.00 1.00 0.00 0.00
187.00 40.00 58.00 126.00 218.00 68.00 92.00 0.08 1.27 1.00 3.00 0.33 8.00 15.00 32.00 25.00 23.00 17.00 2.00 0.00 2.00 0.00 0.00
188.00 45.00 58.00 139.00 242.00 81.00 103.00 0.09 1.37 2.00 3.00 0.67 7.00 13.00 38.00 32.00 22.00 23.00 1.00 0.00 0.00 0.00 0.00
189.00 42.00 68.00 142.00 223.00 74.00 81.00 0.08 0.88 2.00 3.00 0.67 6.00 16.00 36.00 26.00 23.00 19.00 1.00 0.00 2.00 0.00 1.00
190.00 42.00 63.00 140.00 231.00 77.00 91.00 0.08 1.15 3.00 3.00 1.00 7.00 18.00 35.00 24.00 25.00 17.00 0.00 0.00 1.00 0.00 0.00
191.00 38.00 53.00 119.00 204.00 66.00 85.00 0.08 1.43 3.00 2.00 1.50 9.00 16.00 29.00 22.00 24.00 14.00 0.00 0.00 1.00 0.00 0.00
192.00 44.00 61.00 139.00 225.00 78.00 86.00 0.09 1.33 3.00 4.00 0.75 11.00 21.00 33.00 23.00 31.00 13.00 1.00 0.00 1.00 0.00 0.00
193.00 41.00 72.00 139.00 223.00 67.00 84.00 0.07 0.89 2.00 3.00 0.67 12.00 19.00 29.00 22.00 26.00 15.00 1.00 0.00 1.00 0.00 0.00
194.00 46.00 60.00 132.00 223.00 72.00 91.00 0.08 1.39 2.00 3.00 0.67 10.00 19.00 36.00 27.00 28.00 18.00 1.00 0.00 2.00 0.00 0.00
195.00 45.00 57.00 134.00 226.00 77.00 92.00 0.08 1.40 2.00 2.00 1.00 13.00 21.00 32.00 24.00 30.00 15.00 0.00 0.00 1.00 1.00 0.00
196.00 46.00 73.00 155.00 243.00 82.00 88.00 0.08 1.35 2.00 3.00 0.67 10.00 17.00 36.00 29.00 23.00 23.00 1.00 0.00 1.00 0.00 0.00
197.00 43.00 66.00 135.00 228.00 69.00 93.00 0.08 1.25 2.00 3.00 0.67 14.00 24.00 29.00 19.00 28.00 15.00 1.00 0.00 1.00 0.00 1.00
198.00 41.00 46.00 119.00 212.00 73.00 93.00 0.10 1.36 2.00 1.00 2.00 10.00 16.00 31.00 25.00 27.00 14.00 0.00 0.00 1.00 1.00 1.00
199.00 42.00 60.00 126.00 214.00 66.00 88.00 0.07 1.36 1.00 3.00 0.33 7.00 15.00 35.00 27.00 22.00 20.00 0.00 0.00 0.00 2.00 0.00
200.00 45.00 59.00 137.00 230.00 78.00 93.00 0.08 1.44 2.00 2.00 1.00 13.00 24.00 32.00 21.00 30.00 15.00 0.00 0.00 0.00 0.00 0.00
201.00 38.00 47.00 113.00 202.00 66.00 89.00 0.08 0.97 2.00 3.00 0.67 9.00 15.00 29.00 23.00 20.00 18.00 0.00 0.00 0.00 0.00 0.00
202.00 44.00 60.00 138.00 229.00 78.00 91.00 0.09 1.05 2.00 2.00 1.00 8.00 20.00 36.00 24.00 29.00 15.00 0.00 0.00 0.00 0.00 0.00
203.00 38.00 45.00 122.00 206.00 77.00 84.00 0.08 1.12 2.00 2.00 1.00 9.00 13.00 29.00 25.00 16.00 22.00 0.00 0.00 1.00 1.00 1.00
204.00 40.00 45.00 117.00 220.00 72.00 103.00 0.09 1.64 2.00 2.00 1.00 9.00 22.00 31.00 18.00 28.00 12.00 0.00 0.00 0.00 0.00 1.00
205.00 43.00 61.00 131.00 227.00 70.00 96.00 0.07 1.71 2.00 1.00 2.00 12.00 20.00 31.00 23.00 24.00 19.00 0.00 0.00 1.00 1.00 1.00
206.00 33.00 55.00 110.00 173.00 55.00 63.00 0.09 0.79 2.00 2.00 1.00 5.00 10.00 28.00 23.00 15.00 18.00 1.00 0.00 1.00 0.00 0.00
207.00 37.00 52.00 119.00 203.00 67.00 84.00 0.08 0.95 1.00 4.00 0.25 8.00 14.00 29.00 23.00 17.00 20.00 0.00 0.00 0.00 0.00 0.00
208.00 40.00 50.00 120.00 201.00 70.00 81.00 0.09 1.71 2.00 2.00 1.00 13.00 21.00 27.00 19.00 27.00 13.00 0.00 0.00 0.00 0.00 0.00
209.00 37.00 43.00 110.00 189.00 67.00 79.00 0.09 1.25 3.00 4.00 0.75 5.00 13.00 32.00 24.00 18.00 19.00 1.00 0.00 0.00 0.00 0.00
210.00 33.00 34.00 97.00 175.00 63.00 78.00 0.09 1.33 1.00 1.00 1.00 11.00 14.00 22.00 19.00 20.00 13.00 1.00 0.00 0.00 0.00 0.00
211.00 34.00 45.00 106.00 182.00 61.00 76.00 0.09 1.05 1.00 2.00 0.50 4.00 12.00 30.00 22.00 19.00 15.00 0.00 0.00 0.00 0.00 0.00
212.00 39.00 41.00 105.00 201.00 64.00 96.00 0.08 1.44 2.00 2.00 1.00 12.00 18.00 27.00 21.00 26.00 13.00 0.00 0.00 0.00 1.00 0.00
213.00 38.00 32.00 102.00 200.00 70.00 98.00 0.10 1.01 2.00 3.00 0.67 9.00 18.00 29.00 20.00 27.00 11.00 1.00 0.00 0.00 2.00 0.00
214.00 35.00 39.00 108.00 196.00 69.00 88.00 0.09 2.03 2.00 3.00 0.67 5.00 11.00 30.00 24.00 19.00 16.00 1.00 0.00 0.00 0.00 0.00
215.00 34.00 48.00 109.00 185.00 61.00 76.00 0.09 0.88 2.00 2.00 1.00 4.00 13.00 30.00 21.00 18.00 16.00 1.00 0.00 0.00 1.00 0.00
216.00 36.00 43.00 112.00 187.00 69.00 75.00 0.10 1.38 2.00 2.00 1.00 11.00 15.00 25.00 21.00 22.00 14.00 1.00 0.00 0.00 0.00 1.00
217.00 36.00 45.00 115.00 191.00 70.00 76.00 0.10 1.34 2.00 2.00 1.00 6.00 15.00 30.00 21.00 23.00 13.00 0.00 0.00 0.00 0.00 1.00
218.00 27.00 28.00 76.00 141.00 48.00 65.00 0.10 1.43 2.00 1.00 2.00 7.00 11.00 20.00 16.00 17.00 10.00 0.00 0.00 0.00 0.00 0.00
219.00 33.00 51.00 104.00 167.00 53.00 63.00 0.09 1.21 2.00 1.00 2.00 8.00 18.00 25.00 15.00 22.00 11.00 0.00 0.00 1.00 0.00 0.00
220.00 36.00 35.00 112.00 191.00 77.00 79.00 0.07 1.66 2.00 1.00 2.00 7.00 19.00 29.00 17.00 24.00 12.00 0.00 0.00 1.00 0.00 0.00
221.00 40.00 53.00 113.00 196.00 60.00 83.00 0.09 1.70 2.00 2.00 1.00 13.00 22.00 27.00 18.00 25.00 15.00 0.00 0.00 0.00 0.00 0.00
222.00 39.00 62.00 120.00 202.00 58.00 82.00 0.08 1.41 3.00 2.00 1.50 10.00 20.00 29.00 19.00 26.00 13.00 0.00 0.00 1.00 0.00 0.00
223.00 35.00 43.00 107.00 185.00 64.00 78.00 0.09 1.38 2.00 2.00 1.00 13.00 15.00 22.00 20.00 18.00 17.00 0.00 0.00 2.00 1.00 0.00
224.00 30.00 46.00 88.00 149.00 42.00 61.00 0.08 1.19 1.00 1.00 1.00 14.00 18.00 16.00 12.00 20.00 10.00 0.00 0.00 0.00 0.00 1.00
225.00 35.00 48.00 115.00 187.00 67.00 72.00 0.08 1.42 2.00 1.00 2.00 10.00 18.00 25.00 17.00 22.00 13.00 1.00 0.00 0.00 0.00 0.00
226.00 31.00 35.00 88.00 163.00 53.00 75.00 0.07 1.24 2.00 2.00 1.00 7.00 9.00 24.00 22.00 19.00 12.00 1.00 0.00 2.00 0.00 0.00
227.00 38.00 53.00 120.00 196.00 67.00 76.00 0.07 1.93 1.00 1.00 1.00 11.00 18.00 27.00 20.00 25.00 13.00 1.00 0.00 0.00 1.00 0.00
228.00 36.00 37.00 104.00 185.00 67.00 81.00 0.07 3.28 2.00 2.00 1.00 10.00 16.00 26.00 20.00 21.00 15.00 2.00 0.00 0.00 0.00 0.00
229.00 42.00 53.00 122.00 206.00 69.00 84.00 0.08 2.36 1.00 2.00 0.50 10.00 19.00 32.00 23.00 26.00 16.00 2.00 0.00 0.00 0.00 0.00
230.00 41.00 53.00 130.00 217.00 77.00 87.00 0.08 1.89 3.00 3.00 1.00 7.00 13.00 34.00 28.00 21.00 20.00 2.00 0.00 0.00 1.00 0.00
231.00 38.00 31.00 112.00 203.00 81.00 91.00 0.09 1.61 3.00 3.00 1.00 8.00 20.00 30.00 18.00 25.00 13.00 0.00 0.00 1.00 1.00 0.00
232.00 38.00 37.00 112.00 204.00 75.00 92.00 0.09 1.73 2.00 2.00 1.00 10.00 17.00 28.00 21.00 21.00 17.00 2.00 0.00 0.00 0.00 0.00
233.00 38.00 55.00 115.00 194.00 60.00 79.00 0.09 1.48 2.00 3.00 0.67 7.00 17.00 31.00 21.00 24.00 14.00 1.00 0.00 0.00 0.00 0.00
234.00 39.00 62.00 122.00 208.00 60.00 86.00 0.08 1.09 2.00 2.00 1.00 10.00 16.00 29.00 23.00 25.00 14.00 1.00 0.00 1.00 0.00 0.00
235.00 41.00 58.00 129.00 216.00 71.00 87.00 0.09 1.15 2.00 2.00 1.00 11.00 17.00 30.00 24.00 22.00 19.00 2.00 0.00 1.00 0.00 0.00
236.00 38.00 54.00 120.00 203.00 66.00 83.00 0.07 1.08 2.00 3.00 0.67 7.00 16.00 31.00 22.00 22.00 16.00 1.00 0.00 0.00 1.00 0.00
237.00 39.00 54.00 121.00 212.00 67.00 91.00 0.07 1.09 3.00 4.00 0.75 10.00 15.00 29.00 24.00 21.00 18.00 2.00 0.00 0.00 0.00 0.00
238.00 38.00 53.00 113.00 200.00 60.00 87.00 0.09 1.45 3.00 5.00 0.60 11.00 15.00 27.00 23.00 23.00 15.00 1.00 0.00 0.00 0.00 1.00
239.00 40.00 49.00 113.00 206.00 64.00 93.00 0.09 1.07 3.00 3.00 1.00 8.00 19.00 32.00 21.00 28.00 12.00 1.00 0.00 0.00 0.00 0.00
240.00 37.00 46.00 108.00 194.00 62.00 86.00 0.08 1.21 2.00 3.00 0.67 6.00 20.00 31.00 17.00 23.00 14.00 0.00 0.00 0.00 0.00 1.00
241.00 28.00 29.00 81.00 147.00 52.00 66.00 0.09 0.92 2.00 3.00 0.67 7.00 9.00 21.00 19.00 17.00 11.00 0.00 0.00 0.00 0.00 1.00
242.00 40.00 53.00 119.00 219.00 66.00 100.00 0.08 1.51 3.00 3.00 1.00 6.00 13.00 34.00 27.00 20.00 20.00 1.00 0.00 0.00 0.00 1.00
243.00 40.00 45.00 121.00 207.00 76.00 86.00 0.08 1.14 2.00 2.00 1.00 6.00 21.00 34.00 19.00 27.00 13.00 1.00 0.00 0.00 0.00 0.00
244.00 37.00 48.00 116.00 196.00 68.00 80.00 0.09 0.87 2.00 1.00 2.00 11.00 16.00 26.00 21.00 26.00 11.00 0.00 0.00 0.00 0.00 0.00
245.00 38.00 49.00 123.00 194.00 74.00 71.00 0.09 1.06 2.00 2.00 1.00 9.00 16.00 29.00 22.00 21.00 17.00 0.00 0.00 0.00 0.00 0.00
246.00 38.00 51.00 122.00 203.00 71.00 81.00 0.09 1.09 2.00 2.00 1.00 11.00 15.00 27.00 23.00 25.00 13.00 0.00 0.00 1.00 0.00 0.00
247.00 39.00 45.00 112.00 204.00 67.00 92.00 0.09 1.17 2.00 3.00 0.67 11.00 21.00 28.00 18.00 27.00 12.00 1.00 0.00 1.00 0.00 0.00
248.00 35.00 42.00 110.00 186.00 68.00 76.00 0.10 0.97 2.00 4.00 0.50 7.00 16.00 28.00 19.00 20.00 15.00 1.00 0.00 1.00 0.00 0.00
249.00 31.00 35.00 89.00 173.00 54.00 84.00 0.07 1.03 2.00 2.00 1.00 9.00 16.00 22.00 15.00 22.00 9.00 0.00 0.00 0.00 0.00 1.00
250.00 37.00 47.00 103.00 192.00 56.00 89.00 0.07 1.20 2.00 1.00 2.00 11.00 19.00 26.00 18.00 24.00 13.00 1.00 0.00 0.00 0.00 1.00
251.00 39.00 46.00 118.00 203.00 72.00 85.00 0.08 1.09 2.00 0.00 0.00 11.00 20.00 28.00 19.00 26.00 13.00 1.00 0.00 0.00 0.00 1.00
252.00 32.00 37.00 89.00 164.00 52.00 75.00 0.09 1.00 1.00 2.00 0.50 6.00 15.00 26.00 17.00 20.00 12.00 0.00 0.00 0.00 1.00 0.00
253.00 34.00 37.00 106.00 179.00 69.00 73.00 0.08 1.01 1.00 2.00 0.50 9.00 18.00 25.00 16.00 23.00 11.00 1.00 0.00 0.00 0.00 0.00
254.00 29.00 24.00 78.00 156.00 54.00 78.00 0.08 1.02 1.00 4.00 0.25 10.00 19.00 19.00 10.00 24.00 5.00 1.00 0.00 0.00 0.00 0.00
255.00 32.00 38.00 99.00 174.00 61.00 75.00 0.08 0.97 1.00 2.00 0.50 12.00 18.00 20.00 14.00 22.00 10.00 1.00 0.00 0.00 0.00 1.00
256.00 29.00 24.00 80.00 161.00 56.00 81.00 0.09 0.92 1.00 2.00 0.50 9.00 15.00 20.00 14.00 20.00 9.00 1.00 0.00 0.00 0.00 0.00
257.00 29.00 38.00 88.00 153.00 50.00 65.00 0.08 0.90 2.00 1.00 2.00 5.00 10.00 24.00 19.00 17.00 12.00 1.00 0.00 0.00 0.00 0.00
258.00 32.00 39.00 97.00 164.00 58.00 67.00 0.09 1.07 2.00 2.00 1.00 8.00 13.00 24.00 19.00 19.00 13.00 0.00 0.00 0.00 1.00 0.00
259.00 26.00 25.00 77.00 128.00 52.00 51.00 0.09 0.79 1.00 3.00 0.33 5.00 10.00 21.00 16.00 15.00 11.00 0.00 0.00 0.00 0.00 0.00
260.00 28.00 26.00 79.00 153.00 53.00 74.00 0.08 1.02 1.00 2.00 0.50 9.00 13.00 19.00 15.00 17.00 11.00 0.00 0.00 0.00 0.00 1.00
261.00 29.00 44.00 93.00 146.00 49.00 53.00 0.08 0.87 1.00 0.00 0.00 6.00 12.00 23.00 17.00 16.00 13.00 0.00 0.00 0.00 0.00 1.00
262.00 29.00 37.00 82.00 148.00 45.00 66.00 0.09 1.43 1.00 3.00 0.33 6.00 12.00 23.00 17.00 17.00 12.00 0.00 0.00 1.00 0.00 1.00
263.00 26.00 34.00 72.00 130.00 38.00 58.00 0.07 0.93 2.00 4.00 0.50 9.00 11.00 17.00 15.00 18.00 8.00 0.00 0.00 1.00 0.00 1.00
264.00 28.00 34.00 76.00 135.00 42.00 59.00 0.08 1.19 0.00 1.00 0.00 9.00 15.00 19.00 13.00 19.00 9.00 0.00 0.00 0.00 0.00 0.00
265.00 21.00 21.00 57.00 110.00 36.00 53.00 0.09 0.81 2.00 0.00 0.00 5.00 13.00 16.00 8.00 14.00 7.00 0.00 0.00 0.00 0.00 0.00
266.00 21.00 16.00 50.00 98.00 34.00 48.00 0.08 1.05 1.00 2.00 0.50 6.00 10.00 15.00 11.00 14.00 7.00 0.00 0.00 0.00 0.00 0.00
267.00 26.00 33.00 76.00 135.00 43.00 59.00 0.09 0.94 2.00 1.00 2.00 7.00 13.00 19.00 13.00 19.00 7.00 0.00 0.00 0.00 0.00 0.00
268.00 22.00 26.00 62.00 113.00 36.00 51.00 0.09 0.76 2.00 1.00 2.00 5.00 11.00 17.00 11.00 15.00 7.00 0.00 0.00 0.00 0.00 0.00
269.00 33.00 49.00 100.00 167.00 51.00 67.00 0.07 0.95 2.00 2.00 1.00 7.00 14.00 26.00 19.00 19.00 14.00 0.00 0.00 0.00 0.00 0.00
270.00 27.00 31.00 82.00 145.00 51.00 63.00 0.08 0.94 2.00 3.00 0.67 6.00 10.00 21.00 17.00 15.00 12.00 0.00 0.00 0.00 0.00 0.00
271.00 33.00 42.00 91.00 163.00 49.00 72.00 0.08 1.70 2.00 2.00 1.00 8.00 17.00 25.00 16.00 26.00 7.00 0.00 0.00 0.00 0.00 0.00
272.00 34.00 56.00 106.00 170.00 50.00 64.00 0.08 1.27 2.00 3.00 0.67 7.00 12.00 27.00 22.00 19.00 15.00 0.00 0.00 0.00 0.00 0.00
273.00 28.00 42.00 89.00 147.00 47.00 58.00 0.06 0.80 2.00 2.00 1.00 7.00 11.00 21.00 17.00 15.00 13.00 0.00 0.00 0.00 0.00 0.00
274.00 36.00 48.00 104.00 183.00 56.00 79.00 0.08 1.61 2.00 1.00 2.00 4.00 16.00 32.00 20.00 24.00 12.00 0.00 0.00 0.00 0.00 0.00
275.00 30.00 46.00 92.00 146.00 46.00 54.00 0.08 1.15 2.00 1.00 2.00 7.00 14.00 23.00 16.00 17.00 13.00 0.00 0.00 1.00 0.00 0.00
276.00 29.00 46.00 87.00 153.00 41.00 66.00 0.09 0.78 3.00 1.00 3.00 9.00 15.00 20.00 14.00 19.00 10.00 0.00 0.00 0.00 0.00 0.00
277.00 28.00 46.00 81.00 137.00 35.00 56.00 0.09 0.83 2.00 1.00 2.00 6.00 13.00 22.00 15.00 18.00 10.00 0.00 0.00 0.00 0.00 0.00
278.00 31.00 44.00 93.00 160.00 49.00 67.00 0.08 0.88 1.00 1.00 1.00 9.00 16.00 22.00 15.00 18.00 13.00 0.00 0.00 1.00 0.00 0.00
279.00 33.00 45.00 100.00 162.00 55.00 62.00 0.08 0.93 2.00 1.00 2.00 5.00 14.00 28.00 19.00 19.00 14.00 0.00 0.00 0.00 0.00 0.00
280.00 34.00 45.00 101.00 177.00 56.00 76.00 0.10 1.02 0.00 3.00 0.00 6.00 15.00 28.00 19.00 22.00 12.00 0.00 0.00 1.00 0.00 0.00
281.00 35.00 54.00 99.00 164.00 45.00 65.00 0.09 1.06 2.00 2.00 1.00 11.00 18.00 24.00 17.00 23.00 12.00 0.00 0.00 1.00 0.00 0.00
282.00 29.00 31.00 78.00 150.00 47.00 72.00 0.09 1.04 2.00 2.00 1.00 6.00 11.00 23.00 18.00 21.00 8.00 0.00 0.00 1.00 0.00 0.00
283.00 31.00 29.00 84.00 156.00 55.00 72.00 0.10 1.08 2.00 2.00 1.00 6.00 16.00 25.00 15.00 20.00 11.00 0.00 0.00 1.00 0.00 0.00
284.00 27.00 34.00 77.00 141.00 43.00 64.00 0.07 0.90 2.00 1.00 2.00 5.00 12.00 22.00 15.00 14.00 13.00 0.00 0.00 2.00 1.00 0.00
285.00 30.00 35.00 93.00 154.00 58.00 61.00 0.09 1.01 2.00 0.00 0.00 8.00 11.00 22.00 19.00 15.00 15.00 0.00 0.00 0.00 0.00 0.00
286.00 27.00 31.00 79.00 139.00 48.00 60.00 0.08 0.94 3.00 1.00 3.00 3.00 13.00 24.00 14.00 17.00 10.00 0.00 0.00 0.00 0.00 0.00
287.00 27.00 33.00 77.00 145.00 44.00 68.00 0.08 0.99 3.00 2.00 1.50 6.00 13.00 21.00 14.00 17.00 10.00 0.00 0.00 0.00 0.00 1.00
288.00 27.00 34.00 78.00 139.00 44.00 61.00 0.07 0.82 3.00 2.00 1.50 8.00 12.00 19.00 15.00 16.00 11.00 0.00 0.00 0.00 0.00 0.00
289.00 30.00 40.00 92.00 152.00 52.00 60.00 0.08 1.06 3.00 1.00 3.00 10.00 16.00 20.00 14.00 20.00 10.00 0.00 0.00 1.00 0.00 0.00
290.00 32.00 38.00 90.00 161.00 52.00 71.00 0.09 1.11 2.00 2.00 1.00 7.00 10.00 25.00 22.00 14.00 18.00 0.00 0.00 0.00 0.00 0.00
291.00 30.00 46.00 92.00 157.00 46.00 65.00 0.09 1.03 2.00 2.00 1.00 7.00 12.00 23.00 18.00 15.00 15.00 0.00 0.00 1.00 0.00 0.00
292.00 37.00 56.00 108.00 181.00 52.00 73.00 0.09 1.10 2.00 3.00 0.67 9.00 16.00 28.00 21.00 24.00 13.00 0.00 0.00 1.00 0.00 1.00
293.00 35.00 54.00 101.00 175.00 47.00 74.00 0.09 1.13 2.00 1.00 2.00 8.00 15.00 27.00 20.00 21.00 14.00 0.00 0.00 0.00 0.00 0.00
294.00 28.00 29.00 79.00 136.00 50.00 57.00 0.09 1.06 2.00 1.00 2.00 3.00 15.00 25.00 13.00 18.00 10.00 0.00 0.00 0.00 0.00 0.00
295.00 30.00 39.00 87.00 158.00 48.00 71.00 0.11 0.90 2.00 1.00 2.00 5.00 14.00 25.00 16.00 18.00 12.00 0.00 0.00 0.00 0.00 0.00
296.00 32.00 46.00 97.00 166.00 51.00 69.00 0.09 0.88 1.00 0.00 0.00 6.00 12.00 26.00 20.00 16.00 16.00 0.00 0.00 0.00 0.00 0.00
297.00 32.00 40.00 93.00 161.00 53.00 68.00 0.06 0.91 3.00 0.00 0.00 10.00 15.00 22.00 17.00 24.00 8.00 0.00 0.00 0.00 0.00 0.00
298.00 31.00 36.00 91.00 158.00 55.00 67.00 0.08 0.89 1.00 0.00 0.00 11.00 15.00 20.00 16.00 19.00 12.00 0.00 0.00 0.00 1.00 0.00
299.00 25.00 32.00 72.00 131.00 40.00 59.00 0.09 0.77 1.00 0.00 0.00 6.00 11.00 19.00 14.00 17.00 8.00 0.00 0.00 0.00 1.00 0.00
300.00 25.00 32.00 70.00 128.00 38.00 58.00 0.07 0.76 1.00 0.00 0.00 5.00 12.00 20.00 13.00 16.00 9.00 0.00 0.00 0.00 0.00 0.00
301.00 30.00 29.00 74.00 135.00 45.00 61.00 0.08 1.01 2.00 0.00 0.00 9.00 12.00 21.00 18.00 16.00 14.00 0.00 0.00 0.00 0.00 0.00
302.00 31.00 48.00 97.00 159.00 49.00 62.00 0.08 0.80 1.00 1.00 1.00 11.00 17.00 20.00 14.00 18.00 13.00 0.00 0.00 0.00 0.00 1.00
303.00 19.00 18.00 47.00 93.00 29.00 46.00 0.10 0.79 1.00 1.00 1.00 5.00 7.00 14.00 12.00 10.00 9.00 0.00 0.00 0.00 0.00 0.00
304.00 21.00 18.00 56.00 110.00 38.00 54.00 0.08 0.63 1.00 0.00 0.00 7.00 12.00 14.00 9.00 16.00 5.00 0.00 0.00 0.00 0.00 0.00
305.00 23.00 12.00 43.00 102.00 31.00 59.00 0.07 0.97 0.00 1.00 0.00 9.00 13.00 14.00 10.00 15.00 8.00 0.00 0.00 0.00 0.00 0.00
306.00 20.00 22.00 51.00 100.00 29.00 49.00 0.09 0.67 0.00 0.00 0.00 3.00 9.00 17.00 11.00 10.00 10.00 0.00 0.00 0.00 0.00 0.00
307.00 22.00 15.00 51.00 114.00 36.00 63.00 0.08 0.57 0.00 1.00 0.00 7.00 9.00 15.00 13.00 17.00 5.00 0.00 0.00 0.00 0.00 0.00
308.00 24.00 14.00 54.00 117.00 40.00 63.00 0.08 0.61 0.00 0.00 0.00 6.00 11.00 18.00 13.00 14.00 10.00 0.00 0.00 0.00 0.00 0.00
309.00 26.00 22.00 63.00 129.00 41.00 66.00 0.08 0.72 0.00 0.00 0.00 7.00 15.00 19.00 11.00 19.00 7.00 1.00 0.00 1.00 0.00 0.00
310.00 22.00 21.00 49.00 107.00 28.00 58.00 0.10 0.87 0.00 0.00 0.00 7.00 11.00 15.00 11.00 15.00 7.00 1.00 0.00 1.00 0.00 0.00
311.00 19.00 23.00 51.00 96.00 28.00 45.00 0.09 0.56 0.00 0.00 0.00 7.00 10.00 12.00 9.00 13.00 6.00 0.00 0.00 0.00 0.00 0.00
312.00 20.00 29.00 60.00 98.00 31.00 38.00 0.09 0.59 0.00 2.00 0.00 1.00 7.00 19.00 13.00 11.00 9.00 0.00 0.00 1.00 0.00 0.00
313.00 16.00 6.00 30.00 75.00 24.00 45.00 0.10 0.63 0.00 1.00 0.00 5.00 11.00 11.00 5.00 14.00 2.00 1.00 0.00 0.00 0.00 0.00
314.00 10.00 3.00 17.00 43.00 14.00 26.00 0.10 0.47 0.00 1.00 0.00 4.00 7.00 6.00 3.00 7.00 3.00 0.00 0.00 0.00 0.00 0.00
315.00 20.00 17.00 48.00 98.00 31.00 50.00 0.09 0.59 0.00 0.00 0.00 4.00 10.00 16.00 10.00 13.00 7.00 0.00 0.00 0.00 1.00 0.00
316.00 8.00 3.00 13.00 36.00 10.00 23.00 0.09 0.32 0.00 0.00 0.00 3.00 4.00 5.00 4.00 5.00 3.00 0.00 0.00 0.00 0.00 0.00
317.00 9.00 4.00 15.00 39.00 11.00 24.00 0.08 0.49 0.00 1.00 0.00 4.00 7.00 5.00 2.00 7.00 2.00 0.00 0.00 0.00 0.00 0.00
318.00 15.00 15.00 37.00 77.00 22.00 40.00 0.08 0.44 0.00 0.00 0.00 2.00 6.00 13.00 9.00 11.00 4.00 0.00 0.00 1.00 0.00 0.00
319.00 6.00 2.00 10.00 26.00 8.00 16.00 0.08 0.31 0.00 0.00 0.00 1.00 4.00 5.00 2.00 5.00 1.00 0.00 0.00 0.00 0.00 0.00
320.00 15.00 14.00 34.00 69.00 20.00 35.00 0.08 0.54 0.00 0.00 0.00 2.00 4.00 13.00 11.00 10.00 5.00 0.00 0.00 0.00 0.00 0.00
321.00 23.00 23.00 58.00 111.00 35.00 53.00 0.08 0.85 0.00 0.00 0.00 10.00 15.00 13.00 8.00 19.00 4.00 0.00 0.00 1.00 0.00 0.00
322.00 20.00 18.00 48.00 104.00 30.00 56.00 0.09 0.63 0.00 0.00 0.00 7.00 9.00 13.00 11.00 12.00 8.00 0.00 0.00 1.00 0.00 0.00
323.00 11.00 6.00 22.00 49.00 16.00 27.00 0.09 0.74 0.00 1.00 0.00 3.00 7.00 8.00 4.00 10.00 1.00 0.00 0.00 1.00 0.00 0.00
324.00 19.00 15.00 46.00 92.00 31.00 46.00 0.08 0.70 0.00 1.00 0.00 6.00 10.00 13.00 9.00 16.00 3.00 0.00 0.00 1.00 0.00 0.00
325.00 20.00 20.00 53.00 95.00 33.00 42.00 0.07 0.63 0.00 1.00 0.00 9.00 12.00 11.00 8.00 15.00 5.00 0.00 0.00 2.00 0.00 0.00
326.00 21.00 21.00 58.00 111.00 37.00 53.00 0.08 0.68 0.00 1.00 0.00 3.00 11.00 18.00 10.00 17.00 4.00 0.00 0.00 0.00 0.00 0.00
327.00 8.00 1.00 9.00 34.00 8.00 25.00 0.07 0.43 0.00 0.00 0.00 4.00 5.00 4.00 3.00 7.00 1.00 0.00 0.00 1.00 0.00 0.00
328.00 15.00 7.00 22.00 68.00 15.00 46.00 0.08 0.78 0.00 0.00 0.00 5.00 10.00 10.00 5.00 13.00 2.00 0.00 0.00 1.00 0.00 0.00
329.00 20.00 22.00 50.00 96.00 28.00 46.00 0.09 0.59 0.00 0.00 0.00 6.00 10.00 14.00 10.00 14.00 6.00 0.00 0.00 1.00 0.00 0.00
330.00 20.00 21.00 53.00 99.00 32.00 46.00 0.09 0.54 0.00 0.00 0.00 4.00 8.00 16.00 12.00 16.00 4.00 0.00 0.00 1.00 0.00 0.00
331.00 16.00 18.00 40.00 77.00 22.00 37.00 0.10 0.43 0.00 0.00 0.00 5.00 8.00 11.00 8.00 10.00 6.00 0.00 0.00 1.00 0.00 0.00
332.00 19.00 18.00 49.00 95.00 31.00 46.00 0.08 0.59 0.00 1.00 0.00 5.00 11.00 14.00 8.00 13.00 6.00 0.00 0.00 1.00 0.00 0.00
333.00 23.00 25.00 58.00 105.00 33.00 47.00 0.08 0.81 0.00 1.00 0.00 5.00 9.00 18.00 14.00 17.00 6.00 0.00 0.00 1.00 0.00 0.00
334.00 18.00 13.00 43.00 90.00 30.00 47.00 0.08 0.58 0.00 0.00 0.00 6.00 11.00 12.00 7.00 14.00 4.00 0.00 0.00 1.00 0.00 0.00
335.00 21.00 22.00 57.00 104.00 35.00 47.00 0.09 0.70 0.00 0.00 0.00 5.00 9.00 16.00 12.00 15.00 6.00 0.00 0.00 1.00 0.00 0.00
336.00 14.00 10.00 29.00 71.00 19.00 42.00 0.08 0.71 0.00 0.00 0.00 6.00 8.00 8.00 6.00 12.00 2.00 0.00 0.00 1.00 0.00 0.00
337.00 5.00 0.00 4.00 16.00 4.00 12.00 0.10 0.41 0.00 0.00 0.00 3.00 4.00 2.00 1.00 5.00 0.00 0.00 0.00 0.00 0.00 0.00
338.00 19.00 17.00 43.00 93.00 26.00 50.00 0.08 0.82 0.00 0.00 0.00 6.00 9.00 13.00 10.00 13.00 6.00 0.00 0.00 1.00 0.00 0.00
339.00 6.00 0.00 6.00 20.00 6.00 14.00 0.09 0.29 0.00 0.00 0.00 2.00 6.00 4.00 0.00 6.00 0.00 0.00 0.00 0.00 0.00 0.00
340.00 20.00 28.00 52.00 97.00 24.00 45.00 0.08 0.67 0.00 0.00 0.00 6.00 8.00 14.00 12.00 14.00 6.00 0.00 0.00 1.00 0.00 0.00
341.00 21.00 28.00 59.00 95.00 31.00 36.00 0.10 0.81 0.00 0.00 0.00 5.00 9.00 16.00 12.00 13.00 8.00 0.00 0.00 1.00 0.00 0.00
342.00 20.00 18.00 51.00 95.00 33.00 44.00 0.09 0.63 0.00 0.00 0.00 4.00 11.00 16.00 9.00 12.00 8.00 0.00 0.00 1.00 0.00 0.00
343.00 20.00 17.00 47.00 93.00 30.00 46.00 0.08 0.79 0.00 0.00 0.00 6.00 9.00 14.00 11.00 15.00 5.00 0.00 0.00 1.00 0.00 0.00
344.00 6.00 2.00 7.00 25.00 5.00 18.00 0.08 0.36 0.00 0.00 0.00 3.00 5.00 3.00 1.00 6.00 0.00 0.00 0.00 1.00 0.00 0.00
345.00 12.00 4.00 19.00 54.00 15.00 35.00 0.09 0.56 0.00 0.00 0.00 5.00 8.00 7.00 4.00 11.00 1.00 0.00 0.00 1.00 0.00 0.00
346.00 21.00 16.00 46.00 97.00 30.00 51.00 0.07 0.86 0.00 0.00 0.00 8.00 14.00 13.00 7.00 17.00 4.00 0.00 0.00 1.00 0.00 0.00
347.00 7.00 3.00 12.00 30.00 9.00 18.00 0.08 0.40 0.00 0.00 0.00 3.00 5.00 4.00 2.00 6.00 1.00 0.00 0.00 0.00 0.00 0.00
348.00 13.00 14.00 28.00 61.00 14.00 33.00 0.08 0.46 0.00 0.00 0.00 4.00 5.00 9.00 8.00 8.00 5.00 0.00 0.00 1.00 0.00 0.00
349.00 7.00 1.00 9.00 29.00 8.00 20.00 0.09 0.40 0.00 0.00 0.00 2.00 7.00 5.00 0.00 7.00 0.00 0.00 0.00 0.00 0.00 0.00
350.00 5.00 0.00 3.00 17.00 3.00 14.00 0.08 0.29 0.00 0.00 0.00 3.00 4.00 2.00 1.00 5.00 0.00 0.00 0.00 1.00 0.00 0.00
351.00 6.00 1.00 8.00 24.00 7.00 16.00 0.09 0.35 0.00 0.00 0.00 2.00 5.00 4.00 1.00 5.00 1.00 0.00 0.00 0.00 0.00 0.00
352.00 7.00 1.00 10.00 33.00 9.00 23.00 0.09 0.54 0.00 0.00 0.00 3.00 5.00 4.00 2.00 6.00 1.00 0.00 0.00 0.00 0.00 0.00
353.00 10.00 6.00 21.00 48.00 15.00 27.00 0.10 0.41 0.00 0.00 0.00 2.00 6.00 8.00 4.00 8.00 2.00 0.00 0.00 0.00 0.00 0.00
354.00 10.00 5.00 18.00 46.00 13.00 28.00 0.08 0.55 0.00 0.00 0.00 2.00 4.00 8.00 6.00 7.00 3.00 0.00 0.00 0.00 0.00 0.00
355.00 9.00 2.00 13.00 37.00 11.00 24.00 0.09 0.42 0.00 0.00 0.00 5.00 5.00 4.00 4.00 8.00 1.00 0.00 0.00 0.00 0.00 0.00
356.00 9.00 3.00 16.00 42.00 13.00 26.00 0.07 0.59 0.00 0.00 0.00 4.00 4.00 5.00 5.00 7.00 2.00 0.00 0.00 0.00 0.00 0.00
357.00 3.00 0.00 2.00 11.00 2.00 9.00 0.09 0.11 0.00 0.00 0.00 2.00 3.00 1.00 0.00 3.00 0.00 0.00 0.00 0.00 0.00 0.00
358.00 9.00 3.00 16.00 40.00 13.00 24.00 0.08 0.57 0.00 0.00 0.00 2.00 7.00 7.00 2.00 9.00 0.00 0.00 0.00 0.00 0.00 0.00
359.00 4.00 0.00 2.00 15.00 2.00 13.00 0.09 0.27 0.00 0.00 0.00 3.00 3.00 1.00 1.00 4.00 0.00 0.00 0.00 0.00 0.00 0.00
360.00 10.00 4.00 14.00 47.00 10.00 33.00 0.08 0.40 0.00 0.00 0.00 4.00 8.00 6.00 2.00 10.00 0.00 0.00 0.00 0.00 0.00 0.00
361.00 6.00 0.00 6.00 25.00 6.00 19.00 0.10 0.47 0.00 0.00 0.00 2.00 4.00 4.00 2.00 6.00 0.00 0.00 0.00 0.00 0.00 0.00
362.00 3.00 0.00 2.00 12.00 2.00 10.00 0.08 0.14 0.00 0.00 0.00 2.00 3.00 1.00 0.00 3.00 0.00 0.00 0.00 0.00 0.00 0.00
363.00 2.00 0.00 0.00 4.00 0.00 4.00 0.09 0.20 0.00 0.00 0.00 2.00 2.00 0.00 0.00 2.00 0.00 0.00 0.00 0.00 0.00 0.00
