0.00 2.00 0.00 0.00 5.00 0.00 5.00 0.09 0.09 0.00 0.00 0.00 2.00 2.00 0.00 0.00 2.00 0.00 0.00 0.00 0.00 0.00 0.00
1.00 4.00 0.00 0.00 9.00 0.00 9.00 0.09 0.43 0.00 0.00 0.00 2.00 4.00 2.00 0.00 4.00 0.00 0.00 0.00 0.00 0.00 0.00
2.00 4.00 0.00 0.00 9.00 0.00 9.00 0.08 0.17 0.00 0.00 0.00 2.00 4.00 2.00 0.00 4.00 0.00 0.00 0.00 0.00 0.00 0.00
3.00 6.00 1.00 10.00 25.00 9.00 15.00 0.09 0.29 0.00 0.00 0.00 3.00 5.00 3.00 1.00 6.00 0.00 0.00 0.00 0.00 0.00 0.00
4.00 6.00 2.00 8.00 24.00 6.00 16.00 0.09 0.35 0.00 0.00 0.00 3.00 3.00 3.00 3.00 6.00 0.00 0.00 0.00 0.00 0.00 0.00
5.00 4.00 1.00 5.00 16.00 4.00 11.00 0.10 0.18 0.00 0.00 0.00 2.00 4.00 2.00 0.00 4.00 0.00 0.00 0.00 0.00 0.00 0.00
6.00 3.00 0.00 2.00 8.00 2.00 6.00 0.09 0.13 0.00 0.00 0.00 2.00 3.00 1.00 0.00 3.00 0.00 0.00 0.00 0.00 0.00 0.00
7.00 9.00 2.00 9.00 34.00 7.00 25.00 0.08 4.57 0.00 0.00 0.00 2.00 4.00 7.00 5.00 8.00 1.00 0.00 0.00 0.00 0.00 0.00
8.00 3.00 0.00 2.00 9.00 2.00 7.00 0.08 0.14 0.00 0.00 0.00 2.00 3.00 1.00 0.00 3.00 0.00 0.00 0.00 0.00 0.00 0.00
9.00 4.00 0.00 0.00 12.00 0.00 12.00 0.09 0.57 0.00 0.00 0.00 2.00 4.00 2.00 0.00 4.00 0.00 0.00 0.00 0.00 0.00 0.00
10.00 7.00 3.00 13.00 33.00 10.00 20.00 0.08 0.27 0.00 0.00 0.00 2.00 4.00 5.00 3.00 6.00 1.00 0.00 0.00 0.00 0.00 0.00
11.00 4.00 0.00 4.00 14.00 4.00 10.00 0.08 0.15 0.00 1.00 0.00 0.00 4.00 4.00 0.00 4.00 0.00 0.00 0.00 0.00 0.00 0.00
12.00 11.00 5.00 20.00 49.00 15.00 29.00 0.09 0.50 0.00 0.00 0.00 2.00 7.00 9.00 4.00 9.00 2.00 0.00 0.00 0.00 0.00 0.00
13.00 10.00 7.00 21.00 46.00 14.00 25.00 0.08 0.54 0.00 0.00 0.00 5.00 7.00 5.00 3.00 9.00 1.00 0.00 0.00 0.00 0.00 0.00
14.00 9.00 0.00 10.00 36.00 10.00 26.00 0.08 4.06 0.00 0.00 0.00 4.00 7.00 5.00 2.00 9.00 0.00 0.00 0.00 0.00 0.00 0.00
15.00 14.00 9.00 30.00 72.00 21.00 42.00 0.09 4.82 0.00 0.00 0.00 5.00 8.00 9.00 6.00 10.00 4.00 0.00 0.00 0.00 0.00 0.00
16.00 14.00 11.00 36.00 67.00 25.00 31.00 0.09 2.70 0.00 0.00 0.00 3.00 11.00 11.00 3.00 13.00 1.00 0.00 0.00 0.00 0.00 0.00
17.00 15.00 11.00 37.00 73.00 26.00 36.00 0.09 3.38 0.00 0.00 0.00 2.00 8.00 13.00 7.00 13.00 2.00 0.00 0.00 0.00 0.00 0.00
18.00 10.00 6.00 20.00 51.00 14.00 31.00 0.08 3.41 0.00 0.00 0.00 4.00 5.00 6.00 5.00 7.00 3.00 0.00 0.00 0.00 0.00 0.00
19.00 15.00 12.00 33.00 73.00 21.00 40.00 0.08 1.58 0.00 2.00 0.00 6.00 8.00 9.00 7.00 12.00 3.00 0.00 0.00 0.00 0.00 0.00
20.00 12.00 6.00 19.00 54.00 13.00 35.00 0.07 3.08 0.00 0.00 0.00 4.00 5.00 8.00 7.00 9.00 3.00 0.00 0.00 0.00 0.00 0.00
21.00 19.00 18.00 41.00 92.00 23.00 51.00 0.08 4.08 0.00 1.00 0.00 5.00 10.00 14.00 9.00 13.00 6.00 0.00 0.00 0.00 0.00 0.00
22.00 12.00 11.00 27.00 58.00 16.00 31.00 0.09 2.97 0.00 2.00 0.00 5.00 7.00 7.00 5.00 9.00 3.00 0.00 0.00 0.00 0.00 0.00
23.00 20.00 21.00 51.00 98.00 30.00 47.00 0.08 4.49 0.00 1.00 0.00 3.00 10.00 17.00 10.00 14.00 6.00 0.00 0.00 0.00 0.00 0.00
24.00 18.00 19.00 45.00 81.00 26.00 36.00 0.08 4.80 0.00 2.00 0.00 6.00 12.00 12.00 6.00 14.00 4.00 0.00 0.00 0.00 0.00 0.00
25.00 18.00 16.00 44.00 81.00 28.00 37.00 0.07 4.64 0.00 2.00 0.00 5.00 9.00 13.00 9.00 12.00 6.00 0.00 0.00 0.00 0.00 0.00
26.00 21.00 22.00 56.00 108.00 34.00 52.00 0.09 4.45 0.00 2.00 0.00 4.00 8.00 17.00 13.00 10.00 11.00 0.00 0.00 0.00 0.00 0.00
27.00 23.00 27.00 61.00 109.00 34.00 48.00 0.09 4.27 0.00 2.00 0.00 7.00 12.00 16.00 11.00 16.00 7.00 0.00 0.00 0.00 0.00 0.00
28.00 19.00 15.00 42.00 93.00 27.00 51.00 0.08 3.11 0.00 2.00 0.00 6.00 10.00 13.00 9.00 16.00 3.00 0.00 0.00 0.00 0.00 0.00
29.00 19.00 25.00 56.00 98.00 31.00 42.00 0.09 4.89 0.00 1.00 0.00 3.00 6.00 16.00 13.00 10.00 9.00 0.00 0.00 0.00 0.00 0.00
30.00 25.00 26.00 63.00 118.00 37.00 55.00 0.09 5.15 0.00 2.00 0.00 6.00 12.00 19.00 13.00 17.00 8.00 0.00 0.00 0.00 0.00 0.00
31.00 16.00 11.00 34.00 76.00 23.00 42.00 0.07 3.53 0.00 0.00 0.00 6.00 7.00 10.00 9.00 9.00 7.00 0.00 0.00 0.00 0.00 0.00
32.00 18.00 18.00 42.00 76.00 24.00 34.00 0.09 3.84 0.00 1.00 0.00 7.00 10.00 11.00 8.00 16.00 2.00 0.00 0.00 0.00 0.00 0.00
33.00 18.00 15.00 37.00 84.00 22.00 47.00 0.08 4.71 0.00 1.00 0.00 6.00 10.00 12.00 8.00 12.00 6.00 0.00 0.00 0.00 0.00 0.00
34.00 20.00 23.00 52.00 97.00 29.00 45.00 0.10 4.70 0.00 2.00 0.00 6.00 8.00 14.00 12.00 11.00 9.00 0.00 0.00 0.00 0.00 0.00
35.00 10.00 6.00 22.00 48.00 16.00 26.00 0.09 4.36 0.00 3.00 0.00 2.00 7.00 8.00 3.00 8.00 2.00 0.00 0.00 0.00 0.00 0.00
36.00 17.00 19.00 48.00 89.00 29.00 41.00 0.09 4.63 0.00 3.00 0.00 3.00 7.00 14.00 10.00 8.00 9.00 0.00 0.00 0.00 0.00 0.00
37.00 18.00 19.00 43.00 91.00 24.00 48.00 0.10 4.93 0.00 3.00 0.00 2.00 9.00 16.00 9.00 11.00 7.00 0.00 0.00 0.00 0.00 0.00
38.00 25.00 39.00 77.00 125.00 38.00 48.00 0.09 4.66 0.00 3.00 0.00 4.00 7.00 21.00 18.00 16.00 9.00 0.00 0.00 0.00 0.00 0.00
39.00 19.00 16.00 52.00 98.00 36.00 46.00 0.08 4.91 0.00 4.00 0.00 4.00 10.00 15.00 9.00 10.00 9.00 0.00 0.00 0.00 0.00 0.00
40.00 14.00 11.00 30.00 65.00 19.00 35.00 0.10 4.24 0.00 2.00 0.00 5.00 9.00 9.00 5.00 14.00 0.00 0.00 0.00 0.00 0.00 0.00
41.00 27.00 28.00 71.00 127.00 43.00 56.00 0.07 4.79 0.00 2.00 0.00 7.00 13.00 20.00 14.00 19.00 8.00 0.00 0.00 0.00 0.00 0.00
42.00 20.00 26.00 54.00 103.00 28.00 49.00 0.09 4.61 0.00 3.00 0.00 4.00 10.00 16.00 10.00 13.00 7.00 0.00 0.00 0.00 0.00 0.00
43.00 21.00 11.00 54.00 110.00 43.00 56.00 0.09 4.60 0.00 2.00 0.00 4.00 10.00 17.00 11.00 13.00 8.00 0.00 0.00 0.00 0.00 0.00
44.00 25.00 32.00 70.00 124.00 38.00 54.00 0.09 4.63 0.00 2.00 0.00 8.00 13.00 17.00 12.00 17.00 8.00 0.00 0.00 0.00 0.00 0.00
45.00 28.00 31.00 76.00 134.00 45.00 58.00 0.09 4.69 0.00 2.00 0.00 6.00 14.00 22.00 14.00 23.00 5.00 0.00 0.00 0.00 0.00 0.00
46.00 25.00 27.00 68.00 130.00 41.00 62.00 0.07 4.58 0.00 1.00 0.00 7.00 14.00 18.00 11.00 17.00 8.00 0.00 0.00 0.00 0.00 0.00
47.00 23.00 12.00 47.00 102.00 35.00 55.00 0.09 4.28 0.00 1.00 0.00 9.00 14.00 14.00 9.00 19.00 4.00 0.00 0.00 0.00 0.00 0.00
48.00 27.00 34.00 77.00 129.00 43.00 52.00 0.09 4.24 0.00 1.00 0.00 7.00 15.00 20.00 12.00 20.00 7.00 0.00 0.00 0.00 1.00 0.00
49.00 23.00 22.00 62.00 110.00 40.00 48.00 0.09 4.52 0.00 1.00 0.00 8.00 15.00 15.00 8.00 18.00 5.00 0.00 0.00 0.00 1.00 0.00
50.00 15.00 15.00 38.00 69.00 23.00 31.00 0.08 3.67 0.00 1.00 0.00 6.00 7.00 9.00 8.00 11.00 4.00 0.00 0.00 0.00 0.00 0.00
51.00 24.00 32.00 71.00 123.00 39.00 52.00 0.07 4.49 0.00 1.00 0.00 5.00 11.00 19.00 13.00 15.00 9.00 0.00 0.00 1.00 0.00 0.00
52.00 28.00 35.00 73.00 138.00 38.00 65.00 0.10 4.39 0.00 1.00 0.00 7.00 13.00 21.00 15.00 19.00 9.00 0.00 0.00 0.00 0.00 0.00
53.00 21.00 21.00 59.00 105.00 38.00 46.00 0.08 4.53 0.00 2.00 0.00 5.00 11.00 16.00 10.00 14.00 7.00 0.00 0.00 0.00 0.00 0.00
54.00 36.00 43.00 97.00 169.00 54.00 72.00 0.10 4.56 2.00 2.00 1.00 8.00 20.00 28.00 16.00 25.00 11.00 0.00 0.00 0.00 0.00 0.00
55.00 29.00 31.00 84.00 149.00 53.00 65.00 0.08 4.30 1.00 2.00 0.50 6.00 12.00 23.00 17.00 18.00 11.00 0.00 0.00 0.00 0.00 0.00
56.00 28.00 35.00 79.00 148.00 44.00 69.00 0.09 4.47 1.00 2.00 0.50 8.00 14.00 20.00 14.00 17.00 11.00 0.00 0.00 0.00 0.00 0.00
57.00 25.00 30.00 71.00 115.00 41.00 44.00 0.10 4.20 1.00 5.00 0.20 8.00 13.00 17.00 12.00 16.00 9.00 0.00 0.00 0.00 0.00 0.00
58.00 24.00 21.00 66.00 124.00 45.00 58.00 0.08 4.34 1.00 3.00 0.33 5.00 13.00 19.00 11.00 15.00 9.00 0.00 0.00 0.00 0.00 0.00
59.00 21.00 16.00 50.00 112.00 34.00 62.00 0.07 4.60 1.00 1.00 1.00 5.00 11.00 16.00 10.00 15.00 6.00 0.00 0.00 0.00 0.00 0.00
60.00 25.00 23.00 69.00 125.00 46.00 56.00 0.09 4.48 2.00 2.00 1.00 8.00 15.00 17.00 10.00 19.00 6.00 0.00 0.00 0.00 0.00 0.00
61.00 29.00 39.00 88.00 146.00 49.00 58.00 0.06 4.33 2.00 2.00 1.00 5.00 12.00 24.00 17.00 18.00 11.00 0.00 0.00 0.00 0.00 0.00
62.00 35.00 41.00 100.00 166.00 59.00 66.00 0.09 4.43 1.00 2.00 0.50 7.00 15.00 28.00 20.00 21.00 14.00 0.00 0.00 0.00 0.00 0.00
63.00 32.00 35.00 93.00 161.00 58.00 68.00 0.08 4.21 2.00 1.00 2.00 8.00 12.00 24.00 20.00 17.00 15.00 0.00 0.00 0.00 0.00 0.00
64.00 30.00 46.00 89.00 146.00 43.00 57.00 0.08 4.23 2.00 2.00 1.00 8.00 12.00 22.00 18.00 17.00 13.00 0.00 0.00 0.00 0.00 0.00
65.00 25.00 30.00 62.00 122.00 32.00 60.00 0.09 4.17 2.00 3.00 0.67 3.00 8.00 22.00 17.00 13.00 12.00 0.00 0.00 0.00 0.00 0.00
66.00 30.00 48.00 90.00 150.00 42.00 60.00 0.08 4.16 3.00 3.00 1.00 8.00 17.00 22.00 13.00 22.00 8.00 0.00 0.00 1.00 0.00 0.00
67.00 26.00 38.00 78.00 139.00 40.00 61.00 0.08 4.36 1.00 1.00 1.00 5.00 9.00 21.00 17.00 16.00 10.00 0.00 0.00 1.00 0.00 0.00
68.00 32.00 37.00 90.00 158.00 53.00 68.00 0.08 4.26 2.00 3.00 0.67 5.00 13.00 27.00 19.00 16.00 16.00 0.00 0.00 1.00 0.00 0.00
69.00 34.00 45.00 106.00 174.00 61.00 68.00 0.08 4.27 3.00 3.00 1.00 9.00 15.00 25.00 19.00 17.00 17.00 0.00 0.00 1.00 0.00 0.00
70.00 36.00 60.00 115.00 185.00 55.00 70.00 0.08 4.35 3.00 3.00 1.00 4.00 11.00 32.00 25.00 17.00 19.00 0.00 0.00 0.00 0.00 0.00
71.00 32.00 46.00 99.00 164.00 53.00 65.00 0.09 4.25 1.00 2.00 0.50 6.00 13.00 26.00 19.00 18.00 14.00 0.00 0.00 0.00 0.00 0.00
72.00 34.00 54.00 104.00 179.00 50.00 75.00 0.09 4.26 2.00 3.00 0.67 5.00 11.00 29.00 23.00 17.00 17.00 0.00 0.00 0.00 0.00 0.00
73.00 36.00 47.00 108.00 193.00 61.00 85.00 0.09 4.39 2.00 2.00 1.00 6.00 9.00 30.00 27.00 15.00 21.00 0.00 0.00 0.00 0.00 0.00
74.00 29.00 44.00 87.00 148.00 43.00 61.00 0.09 4.52 3.00 2.00 1.50 9.00 14.00 20.00 15.00 18.00 11.00 0.00 0.00 0.00 0.00 0.00
75.00 29.00 37.00 81.00 146.00 44.00 65.00 0.08 4.29 1.00 3.00 0.33 3.00 10.00 26.00 19.00 17.00 12.00 0.00 0.00 0.00 0.00 0.00
76.00 33.00 49.00 91.00 159.00 42.00 68.00 0.10 4.33 1.00 3.00 0.33 7.00 16.00 26.00 17.00 20.00 13.00 0.00 0.00 0.00 0.00 0.00
77.00 31.00 40.00 94.00 169.00 54.00 75.00 0.07 4.39 1.00 3.00 0.33 3.00 10.00 28.00 21.00 15.00 16.00 0.00 0.00 1.00 0.00 0.00
78.00 33.00 47.00 98.00 168.00 51.00 70.00 0.09 4.45 1.00 2.00 0.50 6.00 16.00 27.00 17.00 20.00 13.00 0.00 0.00 0.00 0.00 0.00
79.00 34.00 51.00 98.00 163.00 47.00 65.00 0.07 4.19 2.00 2.00 1.00 9.00 13.00 25.00 21.00 19.00 15.00 0.00 0.00 0.00 0.00 0.00
80.00 28.00 39.00 86.00 149.00 47.00 63.00 0.08 4.32 2.00 4.00 0.50 5.00 8.00 23.00 20.00 14.00 14.00 0.00 0.00 0.00 0.00 0.00
81.00 31.00 50.00 99.00 166.00 49.00 67.00 0.09 3.81 2.00 2.00 1.00 5.00 9.00 26.00 22.00 16.00 15.00 0.00 0.00 0.00 0.00 0.00
82.00 27.00 31.00 73.00 135.00 42.00 62.00 0.09 3.63 2.00 2.00 1.00 7.00 10.00 20.00 17.00 15.00 12.00 0.00 0.00 0.00 0.00 0.00
83.00 32.00 52.00 105.00 168.00 53.00 63.00 0.06 4.25 0.00 2.00 0.00 5.00 9.00 27.00 23.00 15.00 17.00 0.00 0.00 0.00 0.00 0.00
84.00 30.00 47.00 96.00 162.00 49.00 66.00 0.07 3.87 1.00 2.00 0.50 6.00 9.00 24.00 21.00 17.00 13.00 0.00 0.00 1.00 0.00 0.00
85.00 26.00 35.00 71.00 136.00 36.00 65.00 0.09 4.06 1.00 2.00 0.50 7.00 11.00 19.00 15.00 15.00 11.00 0.00 0.00 0.00 1.00 0.00
86.00 26.00 24.00 73.00 135.00 49.00 62.00 0.11 4.38 2.00 1.00 2.00 6.00 12.00 20.00 14.00 16.00 10.00 0.00 0.00 0.00 0.00 0.00
87.00 31.00 36.00 80.00 153.00 44.00 73.00 0.09 4.38 1.00 3.00 0.33 11.00 12.00 20.00 19.00 20.00 11.00 0.00 0.00 0.00 0.00 0.00
88.00 32.00 43.00 98.00 167.00 55.00 69.00 0.09 4.35 2.00 3.00 0.67 5.00 12.00 27.00 20.00 19.00 13.00 0.00 0.00 0.00 0.00 0.00
89.00 29.00 39.00 85.00 149.00 46.00 64.00 0.08 4.15 2.00 2.00 1.00 9.00 15.00 20.00 14.00 20.00 9.00 0.00 0.00 0.00 0.00 0.00
90.00 32.00 40.00 96.00 165.00 56.00 69.00 0.08 4.45 2.00 2.00 1.00 10.00 13.00 22.00 19.00 17.00 15.00 0.00 0.00 0.00 0.00 0.00
91.00 30.00 39.00 90.00 161.00 51.00 71.00 0.08 4.62 2.00 5.00 0.40 3.00 10.00 27.00 20.00 19.00 11.00 0.00 0.00 0.00 0.00 0.00
92.00 36.00 53.00 114.00 188.00 61.00 74.00 0.09 4.59 3.00 4.00 0.75 6.00 12.00 30.00 24.00 20.00 16.00 0.00 0.00 0.00 0.00 0.00
93.00 35.00 42.00 100.00 180.00 58.00 80.00 0.09 4.58 2.00 3.00 0.67 9.00 15.00 26.00 20.00 24.00 11.00 0.00 0.00 1.00 0.00 0.00
94.00 34.00 27.00 98.00 176.00 71.00 78.00 0.08 4.40 2.00 2.00 1.00 8.00 16.00 26.00 18.00 25.00 9.00 0.00 0.00 1.00 1.00 0.00
95.00 39.00 54.00 121.00 203.00 67.00 82.00 0.07 4.49 2.00 2.00 1.00 10.00 18.00 29.00 21.00 23.00 16.00 1.00 0.00 2.00 1.00 0.00
96.00 34.00 44.00 105.00 175.00 61.00 70.00 0.07 4.63 2.00 2.00 1.00 7.00 15.00 27.00 19.00 20.00 14.00 1.00 0.00 0.00 0.00 0.00
97.00 42.00 63.00 135.00 222.00 72.00 87.00 0.07 4.56 2.00 1.00 2.00 9.00 18.00 33.00 24.00 21.00 21.00 1.00 0.00 1.00 0.00 0.00
98.00 46.00 59.00 133.00 229.00 74.00 96.00 0.08 4.26 2.00 2.00 1.00 15.00 23.00 31.00 23.00 28.00 18.00 0.00 0.00 1.00 1.00 1.00
99.00 45.00 62.00 138.00 224.00 76.00 86.00 0.10 5.05 2.00 2.00 1.00 6.00 17.00 39.00 28.00 23.00 22.00 0.00 0.00 1.00 1.00 0.00
100.00 39.00 53.00 119.00 208.00 66.00 89.00 0.08 4.90 2.00 3.00 0.67 8.00 17.00 31.00 22.00 26.00 13.00 0.00 0.00 1.00 1.00 0.00
101.00 40.00 61.00 127.00 209.00 66.00 82.00 0.08 4.35 2.00 3.00 0.67 8.00 16.00 32.00 24.00 28.00 12.00 0.00 0.00 0.00 0.00 0.00
102.00 45.00 69.00 136.00 222.00 67.00 86.00 0.09 4.75 2.00 2.00 1.00 10.00 16.00 35.00 29.00 22.00 23.00 0.00 0.00 0.00 0.00 0.00
103.00 42.00 65.00 130.00 208.00 65.00 78.00 0.09 4.37 1.00 2.00 0.50 16.00 23.00 26.00 19.00 27.00 15.00 0.00 0.00 0.00 0.00 0.00
104.00 38.00 52.00 114.00 197.00 62.00 83.00 0.08 4.54 2.00 3.00 0.67 8.00 21.00 30.00 17.00 24.00 14.00 0.00 0.00 0.00 0.00 0.00
105.00 35.00 42.00 100.00 179.00 58.00 79.00 0.09 4.90 2.00 2.00 1.00 11.00 17.00 24.00 18.00 20.00 15.00 0.00 0.00 0.00 0.00 0.00
106.00 42.00 55.00 127.00 215.00 72.00 88.00 0.11 4.79 2.00 5.00 0.40 13.00 18.00 29.00 24.00 22.00 20.00 0.00 0.00 1.00 0.00 0.00
107.00 42.00 61.00 137.00 225.00 76.00 88.00 0.09 4.40 3.00 4.00 0.75 10.00 18.00 32.00 24.00 23.00 19.00 0.00 0.00 0.00 0.00 0.00
108.00 37.00 45.00 108.00 188.00 63.00 80.00 0.10 4.92 2.00 3.00 0.67 5.00 10.00 32.00 27.00 17.00 20.00 0.00 0.00 1.00 0.00 0.00
109.00 46.00 79.00 154.00 238.00 75.00 84.00 0.09 4.46 2.00 4.00 0.50 6.00 16.00 40.00 30.00 23.00 23.00 0.00 0.00 1.00 0.00 0.00
110.00 44.00 54.00 136.00 228.00 82.00 92.00 0.09 4.47 1.00 5.00 0.20 11.00 19.00 33.00 25.00 29.00 15.00 0.00 0.00 1.00 0.00 0.00
111.00 38.00 53.00 122.00 192.00 69.00 70.00 0.08 4.39 2.00 4.00 0.50 5.00 14.00 33.00 24.00 19.00 19.00 0.00 0.00 1.00 0.00 0.00
112.00 39.00 63.00 123.00 199.00 60.00 76.00 0.07 4.47 3.00 2.00 1.50 9.00 15.00 30.00 24.00 24.00 15.00 0.00 0.00 2.00 0.00 0.00
113.00 41.00 73.00 139.00 214.00 66.00 75.00 0.08 4.62 3.00 2.00 1.50 8.00 20.00 33.00 21.00 26.00 15.00 0.00 0.00 2.00 0.00 0.00
114.00 41.00 61.00 134.00 227.00 73.00 93.00 0.08 4.52 3.00 3.00 1.00 10.00 12.00 31.00 29.00 20.00 21.00 0.00 0.00 0.00 0.00 0.00
115.00 43.00 73.00 138.00 215.00 65.00 77.00 0.09 4.53 3.00 5.00 0.60 4.00 11.00 39.00 32.00 19.00 24.00 1.00 0.00 0.00 0.00 0.00
116.00 41.00 66.00 130.00 226.00 64.00 96.00 0.09 4.50 2.00 2.00 1.00 10.00 15.00 31.00 26.00 25.00 16.00 1.00 0.00 1.00 0.00 0.00
117.00 43.00 64.00 140.00 221.00 76.00 81.00 0.09 4.48 1.00 4.00 0.25 14.00 24.00 29.00 19.00 28.00 15.00 0.00 0.00 1.00 0.00 0.00
118.00 44.00 68.00 143.00 234.00 75.00 91.00 0.08 4.63 3.00 4.00 0.75 8.00 12.00 36.00 32.00 22.00 22.00 0.00 0.00 0.00 0.00 0.00
119.00 40.00 57.00 127.00 205.00 70.00 78.00 0.09 4.39 3.00 3.00 1.00 9.00 17.00 31.00 23.00 25.00 15.00 0.00 0.00 0.00 1.00 0.00
120.00 44.00 71.00 142.00 224.00 71.00 82.00 0.09 4.67 2.00 3.00 0.67 6.00 14.00 38.00 30.00 22.00 22.00 0.00 0.00 1.00 1.00 0.00
121.00 46.00 76.00 160.00 238.00 84.00 78.00 0.09 4.45 3.00 4.00 0.75 9.00 21.00 37.00 25.00 27.00 19.00 0.00 0.00 3.00 1.00 0.00
122.00 43.00 79.00 145.00 222.00 66.00 77.00 0.08 4.39 3.00 3.00 1.00 7.00 14.00 36.00 29.00 21.00 22.00 0.00 0.00 1.00 0.00 0.00
123.00 44.00 70.00 146.00 239.00 76.00 93.00 0.08 4.56 4.00 3.00 1.33 13.00 19.00 31.00 25.00 26.00 18.00 0.00 0.00 1.00 0.00 0.00
124.00 40.00 60.00 135.00 210.00 75.00 75.00 0.09 4.53 3.00 3.00 1.00 7.00 16.00 33.00 24.00 24.00 16.00 0.00 0.00 1.00 0.00 0.00
125.00 41.00 52.00 125.00 216.00 73.00 91.00 0.08 4.64 2.00 6.00 0.33 7.00 14.00 34.00 27.00 21.00 20.00 0.00 0.00 0.00 0.00 0.00
126.00 41.00 62.00 135.00 216.00 73.00 81.00 0.09 4.50 3.00 4.00 0.75 6.00 15.00 35.00 26.00 20.00 21.00 0.00 0.00 0.00 0.00 0.00
127.00 42.00 66.00 140.00 222.00 74.00 82.00 0.08 4.59 3.00 2.00 1.50 6.00 15.00 36.00 27.00 20.00 22.00 0.00 0.00 1.00 0.00 0.00
128.00 47.00 86.00 169.00 247.00 83.00 78.00 0.09 4.46 3.00 3.00 1.00 9.00 19.00 38.00 28.00 25.00 22.00 1.00 0.00 2.00 0.00 0.00
129.00 40.00 65.00 133.00 215.00 68.00 82.00 0.09 4.44 3.00 3.00 1.00 5.00 15.00 35.00 25.00 24.00 16.00 1.00 0.00 0.00 0.00 0.00
130.00 40.00 63.00 127.00 212.00 64.00 85.00 0.08 4.57 3.00 3.00 1.00 8.00 15.00 32.00 25.00 29.00 11.00 0.00 0.00 0.00 0.00 0.00
131.00 45.00 71.00 144.00 233.00 73.00 89.00 0.09 4.34 3.00 3.00 1.00 11.00 21.00 34.00 24.00 27.00 18.00 1.00 0.00 0.00 0.00 0.00
132.00 41.00 70.00 132.00 220.00 62.00 88.00 0.10 4.70 2.00 3.00 0.67 10.00 17.00 31.00 24.00 24.00 17.00 0.00 0.00 1.00 0.00 0.00
133.00 39.00 52.00 125.00 209.00 73.00 84.00 0.09 4.66 5.00 3.00 1.67 7.00 16.00 32.00 23.00 24.00 15.00 0.00 0.00 0.00 0.00 0.00
134.00 43.00 65.00 134.00 226.00 69.00 92.00 0.08 4.56 4.00 5.00 0.80 5.00 14.00 38.00 29.00 23.00 20.00 0.00 0.00 0.00 0.00 0.00
135.00 49.00 83.00 159.00 257.00 76.00 98.00 0.11 4.57 3.00 5.00 0.60 11.00 20.00 38.00 29.00 28.00 21.00 0.00 0.00 1.00 0.00 0.00
136.00 47.00 74.00 148.00 230.00 74.00 82.00 0.08 4.50 3.00 5.00 0.60 13.00 21.00 34.00 26.00 28.00 19.00 0.00 0.00 1.00 0.00 0.00
137.00 45.00 66.00 144.00 243.00 78.00 99.00 0.09 4.47 4.00 4.00 1.00 8.00 19.00 37.00 26.00 24.00 21.00 0.00 0.00 2.00 1.00 0.00
138.00 48.00 78.00 140.00 243.00 62.00 103.00 0.09 4.15 3.00 5.00 0.60 9.00 18.00 39.00 30.00 29.00 19.00 0.00 0.00 0.00 0.00 0.00
139.00 46.00 80.00 152.00 243.00 72.00 91.00 0.10 4.52 3.00 4.00 0.75 7.00 16.00 39.00 30.00 24.00 22.00 0.00 1.00 1.00 0.00 0.00
140.00 43.00 64.00 143.00 228.00 79.00 85.00 0.07 4.40 3.00 2.00 1.50 7.00 12.00 36.00 31.00 21.00 22.00 0.00 0.00 1.00 0.00 0.00
141.00 42.00 59.00 135.00 218.00 76.00 83.00 0.09 3.97 2.00 4.00 0.50 8.00 19.00 34.00 23.00 26.00 16.00 0.00 0.00 1.00 0.00 0.00
142.00 43.00 79.00 145.00 224.00 66.00 79.00 0.08 4.26 2.00 2.00 1.00 9.00 17.00 34.00 26.00 24.00 19.00 0.00 0.00 2.00 0.00 0.00
143.00 46.00 76.00 148.00 243.00 72.00 95.00 0.08 3.62 3.00 3.00 1.00 10.00 14.00 36.00 32.00 24.00 22.00 0.00 0.00 1.00 1.00 0.00
144.00 49.00 80.00 160.00 249.00 80.00 89.00 0.08 4.24 3.00 2.00 1.50 15.00 20.00 34.00 29.00 27.00 22.00 0.00 0.00 1.00 0.00 0.00
145.00 39.00 61.00 128.00 208.00 67.00 80.00 0.08 4.33 3.00 1.00 3.00 6.00 18.00 33.00 21.00 23.00 16.00 0.00 0.00 1.00 0.00 1.00
146.00 43.00 67.00 142.00 231.00 75.00 89.00 0.08 4.28 3.00 2.00 1.50 8.00 14.00 35.00 29.00 18.00 25.00 0.00 0.00 1.00 1.00 1.00
147.00 49.00 70.00 146.00 248.00 76.00 102.00 0.08 4.35 3.00 4.00 0.75 11.00 19.00 38.00 30.00 27.00 22.00 0.00 0.00 1.00 0.00 0.00
148.00 42.00 58.00 140.00 225.00 82.00 85.00 0.08 4.56 2.00 6.00 0.33 6.00 14.00 36.00 28.00 24.00 18.00 0.00 0.00 0.00 0.00 0.00
149.00 51.00 82.00 159.00 250.00 77.00 91.00 0.09 4.40 3.00 3.00 1.00 10.00 25.00 41.00 26.00 31.00 20.00 0.00 0.00 1.00 1.00 0.00
150.00 51.00 93.00 162.00 269.00 69.00 107.00 0.09 4.48 3.00 5.00 0.60 9.00 18.00 42.00 33.00 26.00 25.00 0.00 0.00 0.00 0.00 0.00
151.00 49.00 73.00 159.00 260.00 86.00 101.00 0.07 4.44 3.00 4.00 0.75 9.00 20.00 40.00 29.00 33.00 16.00 0.00 0.00 2.00 0.00 0.00
152.00 50.00 73.00 158.00 253.00 85.00 95.00 0.08 4.63 0.00 6.00 0.00 11.00 20.00 39.00 30.00 31.00 19.00 0.00 0.00 1.00 0.00 0.00
153.00 49.00 86.00 159.00 255.00 73.00 96.00 0.08 4.49 3.00 4.00 0.75 7.00 20.00 42.00 29.00 29.00 20.00 0.00 0.00 0.00 0.00 0.00
154.00 45.00 76.00 147.00 238.00 71.00 91.00 0.09 4.57 3.00 4.00 0.75 6.00 14.00 39.00 31.00 20.00 25.00 0.00 0.00 0.00 0.00 0.00
155.00 56.00 90.00 175.00 302.00 85.00 127.00 0.09 4.54 2.00 3.00 0.67 13.00 21.00 43.00 35.00 28.00 28.00 0.00 0.00 0.00 0.00 0.00
156.00 45.00 64.00 143.00 242.00 79.00 99.00 0.09 4.21 2.00 5.00 0.40 12.00 24.00 33.00 21.00 32.00 13.00 0.00 0.00 2.00 0.00 0.00
157.00 45.00 62.00 144.00 231.00 82.00 87.00 0.09 4.33 4.00 5.00 0.80 8.00 18.00 37.00 27.00 23.00 22.00 0.00 0.00 0.00 1.00 0.00
158.00 53.00 75.00 177.00 285.00 102.00 108.00 0.09 4.50 4.00 6.00 0.67 9.00 21.00 44.00 32.00 28.00 25.00 0.00 0.00 1.00 0.00 0.00
159.00 46.00 61.00 140.00 244.00 79.00 104.00 0.09 4.34 3.00 7.00 0.43 8.00 21.00 38.00 25.00 26.00 20.00 0.00 0.00 1.00 0.00 0.00
160.00 51.00 67.00 154.00 247.00 87.00 93.00 0.09 4.23 4.00 4.00 1.00 11.00 22.00 40.00 29.00 35.00 16.00 0.00 0.00 1.00 0.00 0.00
161.00 44.00 63.00 141.00 227.00 78.00 86.00 0.08 4.47 3.00 3.00 1.00 9.00 13.00 35.00 31.00 19.00 25.00 0.00 0.00 1.00 0.00 0.00
162.00 46.00 65.00 147.00 245.00 82.00 98.00 0.10 4.41 4.00 4.00 1.00 14.00 23.00 32.00 23.00 31.00 15.00 0.00 0.00 0.00 1.00 0.00
163.00 45.00 69.00 144.00 227.00 75.00 83.00 0.08 4.16 1.00 4.00 0.25 9.00 20.00 36.00 25.00 30.00 15.00 0.00 0.00 2.00 0.00 0.00
164.00 37.00 45.00 116.00 203.00 71.00 87.00 0.09 4.36 4.00 3.00 1.33 6.00 11.00 31.00 26.00 22.00 15.00 0.00 0.00 0.00 0.00 0.00
165.00 47.00 68.00 155.00 249.00 87.00 94.00 0.07 4.31 4.00 5.00 0.80 11.00 24.00 36.00 23.00 33.00 14.00 0.00 0.00 1.00 0.00 0.00
166.00 40.00 46.00 122.00 208.00 76.00 86.00 0.08 4.20 3.00 4.00 0.75 5.00 15.00 35.00 25.00 24.00 16.00 0.00 0.00 0.00 0.00 0.00
167.00 45.00 62.00 139.00 227.00 77.00 88.00 0.08 4.01 3.00 5.00 0.60 9.00 15.00 36.00 30.00 24.00 21.00 0.00 0.00 0.00 0.00 0.00
168.00 41.00 47.00 115.00 217.00 68.00 102.00 0.09 4.13 2.00 4.00 0.50 6.00 20.00 35.00 21.00 27.00 14.00 0.00 0.00 0.00 2.00 0.00
169.00 44.00 69.00 137.00 226.00 68.00 89.00 0.09 4.59 3.00 4.00 0.75 10.00 18.00 34.00 26.00 27.00 17.00 0.00 0.00 0.00 0.00 0.00
170.00 39.00 51.00 122.00 203.00 71.00 81.00 0.09 4.21 3.00 3.00 1.00 10.00 19.00 29.00 20.00 24.00 15.00 1.00 0.00 0.00 0.00 0.00
171.00 31.00 40.00 91.00 163.00 51.00 72.00 0.09 4.46 2.00 3.00 0.67 9.00 16.00 22.00 15.00 18.00 13.00 0.00 0.00 0.00 0.00 0.00
172.00 38.00 50.00 117.00 204.00 67.00 87.00 0.08 3.80 3.00 1.00 3.00 6.00 17.00 32.00 21.00 23.00 15.00 0.00 0.00 1.00 1.00 0.00
173.00 42.00 51.00 116.00 212.00 65.00 96.00 0.08 4.09 3.00 2.00 1.50 12.00 21.00 30.00 21.00 30.00 12.00 0.00 0.00 0.00 0.00 0.00
174.00 33.00 42.00 97.00 166.00 55.00 69.00 0.09 4.39 3.00 1.00 3.00 8.00 16.00 25.00 17.00 20.00 13.00 0.00 0.00 1.00 0.00 0.00
175.00 39.00 53.00 116.00 199.00 63.00 83.00 0.08 3.95 3.00 3.00 1.00 10.00 20.00 29.00 19.00 30.00 9.00 0.00 0.00 0.00 0.00 0.00
176.00 42.00 69.00 129.00 219.00 60.00 90.00 0.07 4.24 1.00 3.00 0.33 5.00 15.00 37.00 27.00 23.00 19.00 0.00 0.00 0.00 1.00 0.00
177.00 39.00 61.00 119.00 196.00 58.00 77.00 0.08 3.83 2.00 2.00 1.00 5.00 18.00 34.00 21.00 22.00 17.00 0.00 0.00 0.00 1.00 0.00
178.00 35.00 49.00 109.00 177.00 60.00 68.00 0.10 4.09 3.00 3.00 1.00 8.00 22.00 27.00 13.00 25.00 10.00 0.00 0.00 0.00 0.00 0.00
179.00 37.00 52.00 117.00 197.00 65.00 80.00 0.08 4.07 3.00 3.00 1.00 9.00 19.00 28.00 18.00 24.00 13.00 0.00 0.00 0.00 0.00 0.00
180.00 35.00 49.00 111.00 191.00 62.00 80.00 0.08 3.86 2.00 3.00 0.67 7.00 14.00 28.00 21.00 22.00 13.00 0.00 0.00 1.00 0.00 0.00
181.00 36.00 40.00 111.00 186.00 71.00 75.00 0.10 4.22 2.00 1.00 2.00 11.00 13.00 25.00 23.00 22.00 14.00 0.00 0.00 0.00 0.00 0.00
182.00 38.00 41.00 117.00 205.00 76.00 88.00 0.09 4.36 3.00 1.00 3.00 8.00 15.00 30.00 23.00 21.00 17.00 0.00 0.00 0.00 0.00 0.00
183.00 32.00 43.00 97.00 171.00 54.00 74.00 0.07 4.46 3.00 1.00 3.00 7.00 12.00 25.00 20.00 19.00 13.00 0.00 0.00 0.00 0.00 0.00
184.00 31.00 41.00 97.00 167.00 56.00 70.00 0.08 4.84 3.00 2.00 1.50 4.00 10.00 27.00 21.00 19.00 12.00 0.00 0.00 0.00 0.00 0.00
185.00 37.00 45.00 117.00 187.00 72.00 70.00 0.09 4.42 3.00 1.00 3.00 7.00 18.00 30.00 19.00 22.00 15.00 0.00 0.00 1.00 0.00 0.00
186.00 36.00 53.00 116.00 181.00 63.00 65.00 0.10 4.41 3.00 1.00 3.00 3.00 12.00 33.00 24.00 17.00 19.00 0.00 0.00 0.00 0.00 0.00
187.00 39.00 57.00 131.00 208.00 74.00 77.00 0.08 4.57 3.00 3.00 1.00 11.00 19.00 28.00 20.00 19.00 20.00 0.00 0.00 1.00 0.00 0.00
188.00 38.00 54.00 119.00 193.00 65.00 74.00 0.08 4.76 1.00 3.00 0.33 12.00 22.00 26.00 16.00 30.00 8.00 0.00 0.00 0.00 0.00 0.00
189.00 45.00 69.00 138.00 225.00 69.00 87.00 0.09 4.74 1.00 2.00 0.50 10.00 22.00 35.00 23.00 26.00 19.00 0.00 0.00 1.00 0.00 0.00
190.00 38.00 50.00 122.00 202.00 72.00 80.00 0.07 4.63 2.00 2.00 1.00 5.00 17.00 33.00 21.00 29.00 9.00 0.00 0.00 0.00 1.00 0.00
191.00 37.00 54.00 107.00 197.00 53.00 90.00 0.08 4.91 2.00 3.00 0.67 7.00 16.00 30.00 21.00 23.00 14.00 0.00 0.00 0.00 0.00 0.00
192.00 34.00 47.00 98.00 183.00 51.00 85.00 0.10 4.73 2.00 3.00 0.67 7.00 12.00 27.00 22.00 18.00 16.00 0.00 0.00 0.00 0.00 1.00
193.00 39.00 60.00 121.00 203.00 61.00 82.00 0.10 4.94 3.00 2.00 1.50 8.00 14.00 31.00 25.00 22.00 17.00 0.00 0.00 0.00 0.00 1.00
194.00 37.00 47.00 111.00 202.00 64.00 91.00 0.08 4.81 2.00 2.00 1.00 8.00 14.00 29.00 23.00 22.00 15.00 0.00 0.00 0.00 0.00 0.00
195.00 43.00 67.00 138.00 225.00 71.00 87.00 0.08 5.25 3.00 3.00 1.00 9.00 17.00 34.00 26.00 25.00 18.00 1.00 0.00 0.00 0.00 0.00
196.00 41.00 49.00 124.00 212.00 75.00 88.00 0.06 4.84 3.00 2.00 1.50 8.00 16.00 33.00 25.00 23.00 18.00 0.00 0.00 1.00 0.00 0.00
197.00 33.00 37.00 98.00 170.00 61.00 72.00 0.08 4.95 2.00 2.00 1.00 13.00 16.00 20.00 17.00 22.00 11.00 0.00 0.00 1.00 0.00 0.00
198.00 42.00 54.00 135.00 214.00 81.00 79.00 0.09 4.97 2.00 3.00 0.67 8.00 19.00 34.00 23.00 27.00 15.00 0.00 0.00 0.00 0.00 0.00
199.00 42.00 55.00 124.00 215.00 69.00 91.00 0.08 5.05 2.00 2.00 1.00 11.00 17.00 31.00 25.00 24.00 18.00 0.00 0.00 0.00 0.00 1.00
200.00 39.00 52.00 116.00 204.00 64.00 88.00 0.10 5.45 2.00 4.00 0.50 7.00 11.00 32.00 28.00 22.00 17.00 0.00 0.00 0.00 0.00 0.00
201.00 46.00 63.00 146.00 236.00 83.00 90.00 0.08 4.99 3.00 5.00 0.60 12.00 17.00 34.00 29.00 26.00 20.00 0.00 0.00 0.00 0.00 1.00
202.00 36.00 47.00 97.00 185.00 50.00 88.00 0.08 5.17 3.00 4.00 0.75 6.00 8.00 30.00 28.00 18.00 18.00 1.00 0.00 0.00 0.00 0.00
203.00 41.00 60.00 125.00 205.00 65.00 80.00 0.08 5.18 3.00 4.00 0.75 4.00 15.00 37.00 26.00 25.00 16.00 0.00 0.00 0.00 0.00 0.00
204.00 42.00 70.00 142.00 220.00 72.00 78.00 0.09 4.98 2.00 4.00 0.50 6.00 13.00 36.00 29.00 22.00 20.00 0.00 0.00 0.00 1.00 0.00
205.00 44.00 57.00 132.00 223.00 75.00 91.00 0.10 5.37 2.00 4.00 0.50 10.00 19.00 34.00 25.00 26.00 18.00 0.00 0.00 0.00 0.00 0.00
206.00 39.00 57.00 124.00 199.00 67.00 75.00 0.09 4.82 3.00 2.00 1.50 11.00 14.00 28.00 25.00 20.00 19.00 0.00 0.00 0.00 0.00 0.00
207.00 39.00 49.00 118.00 207.00 69.00 89.00 0.10 4.88 3.00 3.00 1.00 9.00 13.00 30.00 26.00 22.00 17.00 0.00 0.00 0.00 0.00 0.00
208.00 41.00 41.00 117.00 210.00 76.00 93.00 0.08 4.83 3.00 3.00 1.00 9.00 23.00 32.00 18.00 27.00 14.00 0.00 0.00 0.00 0.00 0.00
209.00 39.00 40.00 97.00 198.00 57.00 101.00 0.09 5.34 2.00 0.00 0.00 10.00 18.00 29.00 21.00 26.00 13.00 0.00 0.00 0.00 0.00 0.00
210.00 41.00 51.00 124.00 221.00 73.00 97.00 0.07 4.88 2.00 4.00 0.50 11.00 21.00 30.00 20.00 29.00 12.00 0.00 0.00 1.00 0.00 0.00
211.00 37.00 45.00 113.00 200.00 68.00 87.00 0.07 5.21 3.00 5.00 0.60 8.00 17.00 29.00 20.00 23.00 14.00 0.00 0.00 0.00 0.00 0.00
212.00 34.00 34.00 101.00 182.00 67.00 81.00 0.09 4.82 3.00 3.00 1.00 6.00 10.00 28.00 24.00 15.00 19.00 1.00 0.00 0.00 0.00 0.00
213.00 39.00 59.00 115.00 200.00 56.00 85.00 0.08 4.93 3.00 5.00 0.60 8.00 16.00 31.00 23.00 22.00 17.00 1.00 0.00 1.00 0.00 0.00
214.00 46.00 64.00 142.00 236.00 78.00 94.00 0.09 5.11 2.00 3.00 0.67 9.00 13.00 37.00 33.00 24.00 22.00 1.00 0.00 2.00 0.00 0.00
215.00 35.00 43.00 109.00 188.00 66.00 79.00 0.07 5.22 2.00 3.00 0.67 8.00 13.00 27.00 22.00 21.00 14.00 0.00 0.00 1.00 0.00 0.00
216.00 38.00 36.00 104.00 201.00 68.00 97.00 0.08 5.34 2.00 2.00 1.00 8.00 19.00 30.00 19.00 27.00 11.00 0.00 0.00 0.00 0.00 0.00
217.00 37.00 44.00 102.00 189.00 58.00 87.00 0.09 5.47 2.00 2.00 1.00 12.00 19.00 25.00 18.00 25.00 12.00 0.00 0.00 0.00 0.00 0.00
218.00 39.00 43.00 113.00 205.00 70.00 92.00 0.07 5.38 2.00 2.00 1.00 8.00 17.00 31.00 22.00 26.00 13.00 0.00 0.00 0.00 0.00 0.00
219.00 42.00 47.00 129.00 220.00 82.00 91.00 0.09 5.55 2.00 2.00 1.00 8.00 18.00 34.00 24.00 27.00 15.00 0.00 0.00 0.00 0.00 0.00
220.00 34.00 32.00 86.00 187.00 54.00 101.00 0.07 5.31 2.00 2.00 1.00 8.00 14.00 26.00 20.00 23.00 11.00 0.00 0.00 0.00 0.00 0.00
221.00 32.00 36.00 97.00 172.00 61.00 75.00 0.07 5.44 3.00 3.00 1.00 5.00 10.00 27.00 22.00 19.00 13.00 0.00 0.00 0.00 0.00 0.00
222.00 34.00 43.00 101.00 180.00 58.00 79.00 0.08 5.01 2.00 1.00 2.00 8.00 13.00 26.00 21.00 21.00 13.00 0.00 0.00 1.00 2.00 0.00
223.00 34.00 41.00 102.00 170.00 61.00 68.00 0.08 5.01 1.00 1.00 1.00 10.00 19.00 24.00 15.00 24.00 10.00 0.00 0.00 0.00 1.00 0.00
224.00 38.00 39.00 103.00 189.00 64.00 86.00 0.08 4.86 2.00 0.00 0.00 9.00 18.00 29.00 20.00 23.00 15.00 0.00 0.00 1.00 1.00 0.00
225.00 33.00 39.00 100.00 178.00 61.00 78.00 0.08 4.97 2.00 1.00 2.00 3.00 11.00 30.00 22.00 17.00 16.00 0.00 0.00 1.00 2.00 0.00
226.00 26.00 30.00 69.00 137.00 39.00 68.00 0.08 5.08 1.00 2.00 0.50 5.00 11.00 21.00 15.00 14.00 12.00 0.00 0.00 1.00 0.00 0.00
227.00 36.00 46.00 109.00 185.00 63.00 76.00 0.07 4.59 2.00 1.00 2.00 9.00 23.00 27.00 13.00 25.00 11.00 0.00 0.00 0.00 1.00 0.00
228.00 32.00 34.00 88.00 172.00 54.00 84.00 0.09 5.18 2.00 2.00 1.00 6.00 11.00 26.00 21.00 21.00 11.00 0.00 0.00 0.00 0.00 0.00
229.00 38.00 38.00 103.00 195.00 65.00 92.00 0.07 4.72 2.00 2.00 1.00 11.00 16.00 27.00 22.00 24.00 14.00 0.00 0.00 0.00 2.00 0.00
230.00 32.00 41.00 92.00 161.00 51.00 69.00 0.08 4.42 1.00 0.00 0.00 9.00 13.00 23.00 19.00 18.00 14.00 0.00 0.00 1.00 0.00 0.00
231.00 27.00 38.00 79.00 138.00 41.00 59.00 0.07 4.26 2.00 2.00 1.00 7.00 13.00 20.00 14.00 17.00 10.00 0.00 0.00 0.00 0.00 0.00
232.00 34.00 42.00 99.00 176.00 57.00 77.00 0.07 4.76 1.00 2.00 0.50 8.00 16.00 26.00 18.00 21.00 13.00 0.00 0.00 0.00 0.00 0.00
233.00 32.00 41.00 89.00 154.00 48.00 65.00 0.08 4.34 1.00 2.00 0.50 10.00 18.00 22.00 14.00 22.00 10.00 0.00 0.00 0.00 0.00 0.00
234.00 23.00 29.00 61.00 109.00 32.00 48.00 0.08 4.47 1.00 2.00 0.50 4.00 8.00 19.00 15.00 16.00 7.00 0.00 0.00 1.00 0.00 0.00
235.00 28.00 29.00 70.00 134.00 41.00 64.00 0.08 4.15 1.00 2.00 0.50 9.00 13.00 19.00 15.00 17.00 11.00 0.00 0.00 1.00 0.00 0.00
236.00 30.00 27.00 79.00 146.00 52.00 67.00 0.11 4.47 1.00 1.00 1.00 8.00 15.00 22.00 15.00 22.00 8.00 0.00 0.00 0.00 0.00 0.00
237.00 28.00 28.00 74.00 135.00 46.00 61.00 0.10 4.39 1.00 2.00 0.50 6.00 11.00 22.00 17.00 18.00 10.00 0.00 0.00 0.00 0.00 0.00
238.00 29.00 34.00 77.00 146.00 43.00 69.00 0.08 4.50 1.00 1.00 1.00 6.00 10.00 23.00 19.00 12.00 17.00 0.00 0.00 0.00 0.00 0.00
239.00 26.00 25.00 66.00 125.00 41.00 59.00 0.08 4.74 1.00 1.00 1.00 5.00 15.00 21.00 11.00 19.00 7.00 0.00 0.00 0.00 0.00 0.00
240.00 31.00 31.00 78.00 159.00 47.00 81.00 0.07 4.03 1.00 3.00 0.33 7.00 12.00 24.00 19.00 20.00 11.00 0.00 0.00 0.00 1.00 0.00
241.00 35.00 44.00 104.00 192.00 60.00 88.00 0.10 3.93 1.00 0.00 0.00 8.00 11.00 27.00 24.00 18.00 17.00 0.00 1.00 0.00 0.00 0.00
242.00 38.00 49.00 113.00 191.00 64.00 78.00 0.09 4.19 1.00 3.00 0.33 6.00 16.00 32.00 22.00 23.00 15.00 0.00 0.00 1.00 2.00 0.00
243.00 38.00 37.00 109.00 191.00 72.00 82.00 0.08 3.99 1.00 4.00 0.25 10.00 18.00 28.00 20.00 27.00 11.00 0.00 0.00 1.00 0.00 0.00
244.00 35.00 33.00 100.00 174.00 67.00 74.00 0.09 4.40 1.00 3.00 0.33 8.00 19.00 27.00 16.00 28.00 7.00 0.00 0.00 0.00 0.00 0.00
245.00 29.00 32.00 82.00 153.00 50.00 71.00 0.08 4.18 1.00 2.00 0.50 5.00 13.00 24.00 16.00 19.00 10.00 1.00 0.00 0.00 0.00 0.00
246.00 31.00 33.00 92.00 152.00 59.00 60.00 0.09 4.35 1.00 1.00 1.00 10.00 15.00 21.00 16.00 19.00 12.00 0.00 0.00 0.00 0.00 0.00
247.00 30.00 19.00 76.00 153.00 57.00 77.00 0.09 4.33 1.00 1.00 1.00 11.00 15.00 19.00 15.00 21.00 9.00 1.00 0.00 0.00 0.00 0.00
248.00 32.00 24.00 87.00 157.00 63.00 70.00 0.09 4.28 1.00 1.00 1.00 10.00 18.00 22.00 14.00 26.00 6.00 0.00 0.00 1.00 0.00 0.00
249.00 38.00 36.00 101.00 182.00 65.00 81.00 0.08 4.10 0.00 0.00 0.00 15.00 20.00 23.00 18.00 30.00 8.00 0.00 0.00 1.00 1.00 0.00
250.00 26.00 19.00 59.00 121.00 40.00 62.00 0.09 3.51 1.00 0.00 0.00 8.00 17.00 18.00 9.00 23.00 3.00 0.00 0.00 0.00 0.00 0.00
251.00 34.00 25.00 80.00 159.00 55.00 79.00 0.07 4.38 1.00 0.00 0.00 8.00 12.00 26.00 22.00 18.00 16.00 0.00 0.00 0.00 0.00 1.00
252.00 35.00 29.00 91.00 172.00 62.00 81.00 0.09 4.54 1.00 1.00 1.00 7.00 15.00 28.00 20.00 22.00 13.00 0.00 0.00 0.00 0.00 0.00
253.00 31.00 27.00 93.00 168.00 66.00 75.00 0.07 4.78 1.00 1.00 1.00 10.00 15.00 21.00 16.00 21.00 10.00 0.00 0.00 0.00 0.00 0.00
254.00 31.00 30.00 77.00 157.00 47.00 80.00 0.09 3.59 0.00 0.00 0.00 9.00 17.00 22.00 14.00 21.00 10.00 0.00 0.00 0.00 1.00 0.00
255.00 33.00 27.00 91.00 171.00 64.00 80.00 0.10 4.47 1.00 0.00 0.00 9.00 16.00 24.00 17.00 19.00 14.00 0.00 0.00 1.00 0.00 0.00
256.00 34.00 36.00 91.00 178.00 55.00 87.00 0.09 4.32 1.00 1.00 1.00 9.00 15.00 25.00 19.00 21.00 13.00 0.00 0.00 1.00 0.00 0.00
257.00 23.00 17.00 58.00 125.00 41.00 67.00 0.07 4.30 1.00 1.00 1.00 4.00 8.00 19.00 15.00 14.00 9.00 0.00 0.00 0.00 0.00 0.00
258.00 22.00 23.00 60.00 116.00 37.00 56.00 0.09 3.84 1.00 0.00 0.00 6.00 12.00 16.00 10.00 13.00 9.00 0.00 0.00 0.00 0.00 0.00
259.00 31.00 40.00 93.00 158.00 53.00 65.00 0.09 4.74 0.00 1.00 0.00 7.00 16.00 24.00 15.00 21.00 10.00 0.00 0.00 1.00 0.00 0.00
260.00 32.00 40.00 99.00 165.00 59.00 66.00 0.09 4.70 0.00 2.00 0.00 14.00 17.00 18.00 15.00 20.00 12.00 0.00 0.00 1.00 1.00 0.00
261.00 35.00 37.00 103.00 185.00 66.00 82.00 0.09 4.37 1.00 1.00 1.00 9.00 17.00 26.00 18.00 24.00 11.00 0.00 0.00 1.00 0.00 0.00
262.00 27.00 29.00 79.00 143.00 50.00 64.00 0.07 4.51 1.00 0.00 0.00 7.00 15.00 20.00 12.00 20.00 7.00 0.00 0.00 2.00 0.00 0.00
263.00 16.00 12.00 39.00 84.00 27.00 45.00 0.08 2.42 0.00 0.00 0.00 3.00 8.00 13.00 8.00 10.00 6.00 0.00 0.00 0.00 1.00 1.00
264.00 29.00 26.00 80.00 148.00 54.00 68.00 0.08 4.77 1.00 0.00 0.00 7.00 17.00 22.00 12.00 22.00 7.00 0.00 0.00 0.00 0.00 0.00
265.00 23.00 18.00 57.00 122.00 39.00 65.00 0.07 4.96 0.00 0.00 0.00 7.00 11.00 16.00 12.00 17.00 6.00 0.00 0.00 0.00 0.00 0.00
266.00 21.00 17.00 49.00 106.00 32.00 57.00 0.10 4.95 0.00 0.00 0.00 6.00 10.00 15.00 11.00 16.00 5.00 0.00 0.00 0.00 0.00 0.00
267.00 26.00 24.00 68.00 133.00 44.00 65.00 0.06 4.77 0.00 0.00 0.00 7.00 18.00 19.00 8.00 21.00 5.00 0.00 0.00 0.00 1.00 0.00
268.00 23.00 20.00 60.00 122.00 40.00 62.00 0.10 4.62 0.00 1.00 0.00 5.00 8.00 18.00 15.00 12.00 11.00 0.00 0.00 0.00 1.00 0.00
269.00 19.00 14.00 45.00 95.00 31.00 50.00 0.08 4.69 0.00 0.00 0.00 6.00 12.00 13.00 7.00 13.00 6.00 0.00 0.00 0.00 0.00 0.00
270.00 19.00 12.00 36.00 92.00 24.00 56.00 0.08 4.56 0.00 1.00 0.00 4.00 8.00 15.00 11.00 11.00 8.00 0.00 0.00 0.00 0.00 0.00
271.00 20.00 15.00 48.00 103.00 33.00 55.00 0.09 4.82 0.00 0.00 0.00 3.00 10.00 17.00 10.00 13.00 7.00 0.00 0.00 0.00 0.00 0.00
272.00 24.00 9.00 43.00 110.00 34.00 67.00 0.09 4.39 1.00 0.00 0.00 7.00 11.00 17.00 13.00 17.00 7.00 0.00 0.00 0.00 0.00 0.00
273.00 16.00 11.00 35.00 74.00 24.00 39.00 0.07 4.48 0.00 0.00 0.00 5.00 10.00 11.00 6.00 11.00 5.00 0.00 0.00 0.00 0.00 0.00
274.00 19.00 13.00 40.00 95.00 27.00 55.00 0.08 3.56 0.00 0.00 0.00 6.00 12.00 13.00 7.00 12.00 7.00 0.00 0.00 0.00 0.00 0.00
275.00 21.00 14.00 45.00 107.00 31.00 62.00 0.08 4.60 0.00 0.00 0.00 4.00 7.00 17.00 14.00 13.00 8.00 0.00 0.00 0.00 1.00 0.00
276.00 22.00 11.00 42.00 107.00 31.00 65.00 0.08 4.49 0.00 0.00 0.00 8.00 13.00 14.00 9.00 18.00 4.00 0.00 0.00 0.00 0.00 0.00
277.00 21.00 15.00 47.00 104.00 32.00 57.00 0.07 3.92 0.00 0.00 0.00 7.00 13.00 14.00 8.00 17.00 4.00 0.00 0.00 0.00 0.00 0.00
278.00 23.00 21.00 59.00 118.00 38.00 59.00 0.07 4.24 0.00 0.00 0.00 8.00 10.00 15.00 13.00 15.00 8.00 0.00 1.00 0.00 0.00 0.00
279.00 21.00 15.00 50.00 110.00 35.00 60.00 0.08 3.48 0.00 0.00 0.00 6.00 12.00 15.00 9.00 17.00 4.00 1.00 0.00 0.00 0.00 0.00
280.00 20.00 11.00 47.00 96.00 36.00 49.00 0.10 4.35 0.00 0.00 0.00 7.00 13.00 13.00 7.00 17.00 3.00 1.00 0.00 0.00 0.00 0.00
281.00 10.00 4.00 17.00 42.00 13.00 25.00 0.10 3.12 0.00 0.00 0.00 4.00 7.00 6.00 3.00 9.00 1.00 0.00 0.00 1.00 0.00 0.00
282.00 8.00 5.00 14.00 36.00 9.00 22.00 0.09 0.30 0.00 0.00 0.00 3.00 5.00 5.00 3.00 7.00 1.00 0.00 0.00 0.00 0.00 0.00
283.00 6.00 1.00 7.00 23.00 6.00 16.00 0.08 0.31 0.00 0.00 0.00 3.00 5.00 3.00 1.00 6.00 0.00 0.00 0.00 0.00 0.00 0.00
284.00 5.00 0.00 6.00 20.00 6.00 14.00 0.07 3.26 0.00 0.00 0.00 2.00 5.00 3.00 0.00 5.00 0.00 0.00 0.00 0.00 1.00 0.00
285.00 7.00 2.00 11.00 29.00 9.00 18.00 0.09 0.28 0.00 0.00 0.00 3.00 6.00 4.00 1.00 7.00 0.00 0.00 0.00 0.00 0.00 0.00
286.00 7.00 1.00 9.00 26.00 8.00 17.00 0.08 0.32 0.00 0.00 0.00 2.00 7.00 5.00 0.00 7.00 0.00 0.00 0.00 0.00 0.00 0.00
287.00 4.00 1.00 4.00 16.00 3.00 12.00 0.08 0.18 0.00 0.00 0.00 2.00 4.00 2.00 0.00 4.00 0.00 0.00 0.00 0.00 0.00 0.00
288.00 5.00 0.00 3.00 19.00 3.00 16.00 0.09 0.30 0.00 0.00 0.00 1.00 4.00 4.00 1.00 5.00 0.00 0.00 0.00 0.00 0.00 0.00
289.00 17.00 18.00 41.00 86.00 23.00 45.00 0.08 1.59 0.00 0.00 0.00 5.00 12.00 12.00 5.00 15.00 2.00 0.00 0.00 1.00 0.00 0.00
290.00 5.00 0.00 2.00 19.00 2.00 17.00 0.08 2.90 0.00 0.00 0.00 2.00 5.00 3.00 0.00 5.00 0.00 0.00 0.00 0.00 0.00 0.00
291.00 14.00 11.00 28.00 70.00 17.00 42.00 0.09 2.39 0.00 0.00 0.00 5.00 9.00 9.00 5.00 12.00 2.00 0.00 0.00 0.00 0.00 0.00
292.00 14.00 10.00 28.00 61.00 18.00 33.00 0.08 3.00 0.00 0.00 0.00 4.00 10.00 10.00 4.00 14.00 0.00 0.00 0.00 0.00 0.00 0.00
293.00 4.00 0.00 0.00 10.00 0.00 10.00 0.09 0.21 0.00 0.00 0.00 2.00 4.00 2.00 0.00 4.00 0.00 0.00 0.00 0.00 0.00 0.00
294.00 6.00 1.00 7.00 24.00 6.00 17.00 0.09 2.86 0.00 1.00 0.00 3.00 4.00 3.00 2.00 5.00 1.00 0.00 0.00 0.00 0.00 0.00
295.00 6.00 0.00 5.00 21.00 5.00 16.00 0.07 4.10 0.00 0.00 0.00 3.00 5.00 3.00 1.00 6.00 0.00 0.00 0.00 0.00 0.00 0.00
296.00 7.00 0.00 3.00 27.00 3.00 24.00 0.09 2.40 0.00 0.00 0.00 3.00 6.00 4.00 1.00 7.00 0.00 0.00 0.00 0.00 0.00 0.00
297.00 3.00 0.00 2.00 10.00 2.00 8.00 0.09 0.14 0.00 0.00 0.00 2.00 3.00 1.00 0.00 3.00 0.00 0.00 0.00 0.00 0.00 0.00
298.00 3.00 0.00 1.00 8.00 1.00 7.00 0.09 0.24 0.00 0.00 0.00 2.00 3.00 1.00 0.00 3.00 0.00 0.00 0.00 0.00 0.00 0.00
299.00 3.00 0.00 0.00 5.00 0.00 5.00 0.09 0.19 0.00 0.00 0.00 2.00 3.00 1.00 0.00 3.00 0.00 0.00 0.00 0.00 0.00 0.00
300.00 3.00 0.00 0.00 4.00 0.00 4.00 0.08 4.27 0.00 0.00 0.00 2.00 3.00 1.00 0.00 3.00 0.00 0.00 0.00 0.00 0.00 0.00
301.00 7.00 3.00 10.00 32.00 7.00 22.00 0.10 3.95 0.00 0.00 0.00 4.00 4.00 3.00 3.00 6.00 1.00 0.00 0.00 0.00 0.00 0.00
302.00 9.00 5.00 16.00 44.00 11.00 28.00 0.09 2.21 0.00 0.00 0.00 2.00 5.00 7.00 4.00 7.00 2.00 0.00 0.00 0.00 0.00 0.00
303.00 7.00 1.00 5.00 27.00 4.00 22.00 0.08 3.98 0.00 0.00 0.00 2.00 5.00 5.00 2.00 7.00 0.00 0.00 0.00 0.00 0.00 0.00
304.00 4.00 0.00 4.00 13.00 4.00 9.00 0.09 3.73 0.00 0.00 0.00 0.00 4.00 4.00 0.00 4.00 0.00 0.00 0.00 0.00 0.00 0.00
305.00 6.00 0.00 5.00 24.00 5.00 19.00 0.09 5.47 0.00 0.00 0.00 3.00 5.00 3.00 1.00 6.00 0.00 0.00 0.00 0.00 0.00 0.00
306.00 4.00 0.00 2.00 9.00 2.00 7.00 0.08 0.18 0.00 0.00 0.00 2.00 4.00 2.00 0.00 4.00 0.00 0.00 0.00 0.00 0.00 0.00
307.00 3.00 0.00 1.00 11.00 1.00 10.00 0.08 4.37 0.00 0.00 0.00 2.00 3.00 1.00 0.00 3.00 0.00 0.00 0.00 0.00 0.00 0.00
308.00 5.00 1.00 5.00 17.00 4.00 12.00 0.09 2.75 0.00 0.00 0.00 4.00 4.00 1.00 1.00 4.00 1.00 0.00 0.00 0.00 0.00 0.00
309.00 2.00 0.00 0.00 5.00 0.00 5.00 0.08 0.05 0.00 0.00 0.00 2.00 2.00 0.00 0.00 2.00 0.00 0.00 0.00 0.00 0.00 0.00
