0.00 2.00 0.00 0.00 0.00 0.00 0.00 0.07 0.20 0.00 0.00 0.00 2.00 2.00 0.00 0.00 2.00 0.00 0.00 0.00 0.00 0.00 0.00
1.00 5.00 0.00 0.00 12.00 0.00 12.00 0.08 0.42 0.00 0.00 0.00 2.00 5.00 3.00 0.00 5.00 0.00 0.00 0.00 0.00 0.00 0.00
2.00 4.00 0.00 0.00 9.00 0.00 9.00 0.11 0.23 0.00 0.00 0.00 2.00 4.00 2.00 0.00 4.00 0.00 0.00 0.00 0.00 0.00 0.00
3.00 7.00 4.00 13.00 27.00 9.00 14.00 0.09 0.29 0.00 0.00 0.00 4.00 6.00 3.00 1.00 6.00 1.00 0.00 0.00 0.00 0.00 0.00
4.00 4.00 0.00 2.00 13.00 2.00 11.00 0.07 0.25 0.00 0.00 0.00 1.00 3.00 3.00 1.00 4.00 0.00 0.00 0.00 0.00 0.00 0.00
5.00 8.00 3.00 12.00 31.00 9.00 19.00 0.08 0.44 0.00 0.00 0.00 2.00 6.00 6.00 2.00 7.00 1.00 0.00 0.00 0.00 0.00 0.00
6.00 8.00 4.00 15.00 37.00 11.00 22.00 0.08 0.41 0.00 0.00 0.00 4.00 5.00 4.00 3.00 6.00 2.00 0.00 0.00 0.00 0.00 0.00
7.00 8.00 6.00 18.00 36.00 12.00 18.00 0.07 0.31 0.00 0.00 0.00 2.00 5.00 6.00 3.00 6.00 2.00 0.00 0.00 0.00 0.00 0.00
8.00 8.00 6.00 17.00 37.00 11.00 20.00 0.09 0.32 0.00 0.00 0.00 3.00 5.00 5.00 3.00 6.00 2.00 0.00 0.00 0.00 0.00 0.00
9.00 15.00 6.00 29.00 66.00 23.00 37.00 0.07 0.93 0.00 0.00 0.00 5.00 12.00 10.00 3.00 12.00 3.00 0.00 0.00 0.00 0.00 0.00
10.00 12.00 6.00 20.00 56.00 14.00 36.00 0.09 0.55 0.00 1.00 0.00 4.00 9.00 8.00 3.00 10.00 2.00 0.00 0.00 0.00 0.00 0.00
11.00 13.00 11.00 32.00 58.00 21.00 26.00 0.08 1.38 0.00 0.00 0.00 3.00 7.00 10.00 6.00 9.00 4.00 0.00 0.00 1.00 0.00 0.00
12.00 8.00 5.00 17.00 37.00 12.00 20.00 0.09 0.36 0.00 0.00 0.00 1.00 4.00 7.00 4.00 6.00 2.00 0.00 0.00 0.00 0.00 0.00
13.00 9.00 8.00 21.00 40.00 13.00 19.00 0.10 0.35 0.00 0.00 0.00 1.00 5.00 8.00 4.00 6.00 3.00 0.00 0.00 0.00 0.00 0.00
14.00 11.00 10.00 24.00 48.00 14.00 24.00 0.09 0.38 0.00 0.00 0.00 5.00 7.00 6.00 4.00 9.00 2.00 0.00 0.00 0.00 0.00 0.00
15.00 12.00 10.00 27.00 50.00 17.00 23.00 0.09 0.60 0.00 2.00 0.00 2.00 4.00 10.00 8.00 7.00 5.00 0.00 0.00 0.00 0.00 0.00
16.00 15.00 11.00 32.00 68.00 21.00 36.00 0.08 0.78 0.00 0.00 0.00 3.00 7.00 12.00 8.00 11.00 4.00 0.00 0.00 0.00 0.00 0.00
17.00 11.00 9.00 25.00 53.00 16.00 28.00 0.08 0.31 0.00 0.00 0.00 4.00 7.00 7.00 4.00 7.00 4.00 0.00 0.00 0.00 1.00 0.00
18.00 11.00 7.00 22.00 51.00 15.00 29.00 0.09 0.51 0.00 1.00 0.00 3.00 9.00 8.00 2.00 10.00 1.00 0.00 0.00 0.00 0.00 0.00
19.00 12.00 8.00 24.00 52.00 16.00 28.00 0.08 0.56 0.00 2.00 0.00 6.00 8.00 6.00 4.00 9.00 3.00 0.00 0.00 0.00 0.00 0.00
20.00 7.00 3.00 12.00 31.00 9.00 19.00 0.09 0.30 0.00 1.00 0.00 1.00 3.00 6.00 4.00 6.00 1.00 0.00 0.00 1.00 0.00 0.00
21.00 20.00 23.00 49.00 95.00 26.00 46.00 0.09 0.64 0.00 2.00 0.00 5.00 6.00 15.00 14.00 13.00 7.00 0.00 0.00 1.00 0.00 0.00
22.00 17.00 17.00 43.00 85.00 26.00 42.00 0.08 0.53 0.00 1.00 0.00 8.00 12.00 9.00 5.00 14.00 3.00 0.00 0.00 0.00 0.00 0.00
23.00 16.00 18.00 44.00 76.00 26.00 32.00 0.09 0.59 0.00 1.00 0.00 4.00 8.00 12.00 8.00 10.00 6.00 0.00 0.00 0.00 0.00 0.00
24.00 12.00 7.00 24.00 58.00 17.00 34.00 0.09 1.64 0.00 2.00 0.00 6.00 7.00 6.00 5.00 10.00 2.00 0.00 0.00 0.00 0.00 0.00
25.00 16.00 15.00 40.00 76.00 25.00 36.00 0.09 0.58 0.00 2.00 0.00 6.00 10.00 10.00 6.00 13.00 3.00 0.00 0.00 0.00 0.00 0.00
26.00 21.00 31.00 59.00 103.00 28.00 44.00 0.09 0.83 0.00 2.00 0.00 3.00 6.00 18.00 15.00 8.00 13.00 0.00 0.00 0.00 0.00 0.00
27.00 18.00 13.00 43.00 87.00 30.00 44.00 0.08 1.51 0.00 1.00 0.00 4.00 6.00 14.00 12.00 11.00 7.00 0.00 0.00 0.00 0.00 0.00
28.00 22.00 21.00 55.00 102.00 34.00 47.00 0.08 2.49 0.00 2.00 0.00 6.00 10.00 16.00 12.00 15.00 7.00 0.00 0.00 0.00 0.00 0.00
29.00 17.00 9.00 36.00 82.00 27.00 46.00 0.09 1.44 0.00 2.00 0.00 6.00 10.00 11.00 7.00 12.00 5.00 0.00 0.00 0.00 0.00 0.00
30.00 18.00 17.00 39.00 84.00 22.00 45.00 0.09 2.53 0.00 2.00 0.00 5.00 10.00 13.00 8.00 13.00 5.00 0.00 0.00 0.00 0.00 0.00
31.00 17.00 10.00 40.00 86.00 30.00 46.00 0.08 0.87 0.00 2.00 0.00 7.00 9.00 10.00 8.00 13.00 4.00 0.00 0.00 0.00 0.00 0.00
32.00 15.00 16.00 36.00 76.00 20.00 40.00 0.10 0.54 0.00 2.00 0.00 4.00 8.00 11.00 7.00 11.00 4.00 0.00 0.00 0.00 0.00 0.00
33.00 21.00 26.00 54.00 98.00 28.00 44.00 0.09 0.83 0.00 1.00 0.00 7.00 11.00 14.00 10.00 13.00 8.00 0.00 0.00 0.00 0.00 0.00
34.00 19.00 15.00 47.00 94.00 32.00 47.00 0.08 0.75 0.00 2.00 0.00 7.00 10.00 12.00 9.00 12.00 7.00 0.00 0.00 0.00 0.00 0.00
35.00 19.00 24.00 51.00 93.00 27.00 42.00 0.10 0.80 0.00 0.00 0.00 10.00 13.00 9.00 6.00 16.00 3.00 0.00 0.00 0.00 0.00 0.00
36.00 7.00 2.00 9.00 26.00 7.00 17.00 0.07 0.39 0.00 0.00 0.00 2.00 5.00 5.00 2.00 6.00 1.00 0.00 0.00 0.00 0.00 0.00
37.00 16.00 13.00 38.00 70.00 25.00 32.00 0.08 0.71 0.00 0.00 0.00 5.00 9.00 11.00 7.00 14.00 2.00 0.00 0.00 1.00 0.00 0.00
38.00 8.00 3.00 13.00 37.00 10.00 24.00 0.08 0.32 0.00 0.00 0.00 3.00 4.00 5.00 4.00 5.00 3.00 0.00 0.00 0.00 0.00 0.00
39.00 18.00 25.00 54.00 82.00 29.00 28.00 0.07 0.63 0.00 0.00 0.00 5.00 10.00 13.00 8.00 13.00 5.00 0.00 0.00 0.00 0.00 0.00
40.00 15.00 15.00 36.00 74.00 21.00 38.00 0.08 0.65 0.00 0.00 0.00 3.00 9.00 12.00 6.00 12.00 3.00 0.00 0.00 0.00 0.00 0.00
41.00 9.00 3.00 14.00 40.00 11.00 26.00 0.09 0.43 0.00 0.00 0.00 1.00 4.00 8.00 5.00 6.00 3.00 0.00 0.00 0.00 0.00 0.00
42.00 16.00 18.00 38.00 78.00 20.00 40.00 0.08 0.56 0.00 0.00 0.00 7.00 9.00 9.00 7.00 12.00 4.00 0.00 0.00 0.00 0.00 0.00
43.00 12.00 3.00 20.00 61.00 17.00 41.00 0.10 1.67 0.00 0.00 0.00 5.00 7.00 7.00 5.00 11.00 1.00 0.00 0.00 1.00 0.00 0.00
44.00 14.00 13.00 33.00 70.00 20.00 37.00 0.10 0.49 0.00 1.00 0.00 5.00 8.00 9.00 6.00 12.00 2.00 0.00 0.00 0.00 0.00 0.00
45.00 17.00 19.00 38.00 86.00 19.00 48.00 0.09 1.61 0.00 0.00 0.00 6.00 10.00 11.00 7.00 12.00 5.00 0.00 0.00 0.00 0.00 0.00
46.00 15.00 14.00 33.00 75.00 19.00 42.00 0.08 0.56 0.00 0.00 0.00 3.00 9.00 12.00 6.00 12.00 3.00 0.00 0.00 0.00 0.00 1.00
47.00 13.00 8.00 29.00 61.00 21.00 32.00 0.08 0.61 0.00 0.00 0.00 6.00 8.00 7.00 5.00 9.00 4.00 0.00 0.00 0.00 0.00 0.00
48.00 16.00 10.00 40.00 84.00 30.00 44.00 0.09 0.68 0.00 1.00 0.00 4.00 10.00 12.00 6.00 12.00 4.00 0.00 0.00 0.00 0.00 0.00
49.00 20.00 21.00 50.00 93.00 29.00 43.00 0.08 1.51 0.00 0.00 0.00 3.00 9.00 17.00 11.00 16.00 4.00 0.00 0.00 0.00 0.00 0.00
50.00 19.00 20.00 48.00 94.00 28.00 46.00 0.09 1.39 0.00 1.00 0.00 8.00 9.00 11.00 10.00 12.00 7.00 0.00 0.00 0.00 0.00 0.00
51.00 14.00 12.00 34.00 72.00 22.00 38.00 0.08 0.65 0.00 1.00 0.00 2.00 4.00 12.00 10.00 6.00 8.00 0.00 0.00 0.00 0.00 0.00
52.00 20.00 15.00 45.00 92.00 30.00 47.00 0.08 1.67 0.00 1.00 0.00 6.00 11.00 14.00 9.00 15.00 5.00 0.00 0.00 0.00 0.00 0.00
53.00 17.00 12.00 35.00 75.00 23.00 40.00 0.09 0.85 0.00 0.00 0.00 6.00 8.00 11.00 9.00 10.00 7.00 0.00 0.00 0.00 0.00 0.00
54.00 20.00 23.00 51.00 96.00 28.00 45.00 0.10 0.80 0.00 1.00 0.00 7.00 11.00 13.00 9.00 13.00 7.00 0.00 0.00 0.00 0.00 0.00
55.00 15.00 16.00 40.00 74.00 24.00 34.00 0.08 0.65 0.00 0.00 0.00 6.00 9.00 9.00 6.00 10.00 5.00 0.00 0.00 0.00 0.00 0.00
56.00 11.00 11.00 29.00 53.00 18.00 24.00 0.07 0.37 0.00 2.00 0.00 0.00 4.00 11.00 7.00 7.00 4.00 0.00 0.00 0.00 0.00 0.00
57.00 10.00 7.00 21.00 46.00 14.00 25.00 0.08 0.40 0.00 1.00 0.00 3.00 7.00 7.00 3.00 9.00 1.00 0.00 0.00 0.00 0.00 0.00
58.00 13.00 11.00 30.00 61.00 19.00 31.00 0.08 1.68 0.00 0.00 0.00 3.00 7.00 10.00 6.00 10.00 3.00 0.00 0.00 0.00 0.00 0.00
59.00 12.00 11.00 28.00 57.00 17.00 29.00 0.07 0.55 0.00 0.00 0.00 3.00 6.00 9.00 6.00 9.00 3.00 0.00 0.00 0.00 0.00 0.00
60.00 12.00 10.00 29.00 58.00 19.00 29.00 0.09 0.45 0.00 0.00 0.00 0.00 7.00 12.00 5.00 10.00 2.00 0.00 0.00 0.00 0.00 0.00
61.00 8.00 4.00 13.00 35.00 9.00 22.00 0.09 0.36 0.00 0.00 0.00 1.00 5.00 7.00 3.00 6.00 2.00 0.00 0.00 0.00 0.00 0.00
62.00 15.00 6.00 33.00 77.00 27.00 44.00 0.08 1.65 0.00 0.00 0.00 4.00 7.00 11.00 8.00 10.00 5.00 0.00 0.00 0.00 0.00 0.00
63.00 12.00 4.00 23.00 55.00 19.00 32.00 0.09 0.80 0.00 0.00 0.00 3.00 6.00 9.00 6.00 8.00 4.00 0.00 0.00 0.00 0.00 0.00
64.00 12.00 9.00 26.00 57.00 17.00 31.00 0.07 0.55 0.00 1.00 0.00 4.00 9.00 8.00 3.00 10.00 2.00 0.00 0.00 0.00 0.00 0.00
65.00 14.00 13.00 32.00 67.00 19.00 35.00 0.07 1.74 0.00 1.00 0.00 3.00 8.00 11.00 6.00 10.00 4.00 0.00 0.00 0.00 0.00 0.00
66.00 13.00 9.00 23.00 58.00 14.00 35.00 0.09 2.01 0.00 0.00 0.00 4.00 9.00 9.00 4.00 11.00 2.00 0.00 0.00 0.00 0.00 0.00
67.00 17.00 16.00 43.00 80.00 27.00 37.00 0.08 3.00 0.00 1.00 0.00 4.00 10.00 13.00 7.00 13.00 4.00 0.00 0.00 1.00 0.00 0.00
68.00 16.00 18.00 40.00 73.00 22.00 33.00 0.08 1.62 0.00 1.00 0.00 4.00 8.00 12.00 8.00 11.00 5.00 0.00 0.00 0.00 0.00 0.00
69.00 23.00 27.00 56.00 103.00 29.00 47.00 0.10 3.72 0.00 2.00 0.00 4.00 10.00 19.00 13.00 15.00 8.00 0.00 0.00 0.00 0.00 0.00
70.00 19.00 21.00 49.00 93.00 28.00 44.00 0.07 2.64 0.00 1.00 0.00 3.00 8.00 16.00 11.00 12.00 7.00 0.00 0.00 0.00 1.00 1.00
71.00 21.00 19.00 51.00 104.00 32.00 53.00 0.09 3.63 0.00 2.00 0.00 6.00 11.00 15.00 10.00 16.00 5.00 0.00 0.00 0.00 0.00 0.00
72.00 19.00 19.00 47.00 90.00 28.00 43.00 0.09 1.40 0.00 1.00 0.00 2.00 5.00 17.00 14.00 11.00 8.00 0.00 0.00 0.00 0.00 0.00
73.00 21.00 24.00 53.00 96.00 29.00 43.00 0.10 3.09 0.00 2.00 0.00 6.00 9.00 15.00 12.00 13.00 8.00 0.00 0.00 0.00 0.00 0.00
74.00 18.00 15.00 39.00 87.00 24.00 48.00 0.08 3.58 0.00 2.00 0.00 6.00 6.00 12.00 12.00 13.00 5.00 0.00 0.00 0.00 0.00 0.00
75.00 21.00 23.00 48.00 97.00 25.00 49.00 0.10 4.05 0.00 2.00 0.00 6.00 10.00 15.00 11.00 13.00 8.00 0.00 0.00 0.00 0.00 0.00
76.00 19.00 15.00 41.00 92.00 26.00 51.00 0.08 4.35 0.00 2.00 0.00 5.00 11.00 14.00 8.00 14.00 5.00 0.00 0.00 0.00 0.00 0.00
77.00 14.00 15.00 38.00 60.00 23.00 22.00 0.07 0.48 0.00 2.00 0.00 4.00 10.00 10.00 4.00 12.00 2.00 0.00 0.00 0.00 0.00 0.00
78.00 19.00 20.00 48.00 97.00 28.00 49.00 0.09 3.67 0.00 1.00 0.00 9.00 12.00 10.00 7.00 15.00 4.00 0.00 0.00 0.00 0.00 0.00
79.00 20.00 24.00 50.00 92.00 26.00 42.00 0.08 4.23 0.00 1.00 0.00 4.00 10.00 16.00 10.00 16.00 4.00 0.00 0.00 0.00 0.00 0.00
80.00 16.00 17.00 41.00 79.00 24.00 38.00 0.08 3.02 0.00 1.00 0.00 2.00 7.00 14.00 9.00 12.00 4.00 0.00 0.00 0.00 0.00 0.00
81.00 18.00 10.00 29.00 81.00 19.00 52.00 0.09 2.68 0.00 2.00 0.00 6.00 10.00 12.00 8.00 16.00 2.00 0.00 0.00 0.00 0.00 0.00
82.00 18.00 23.00 53.00 95.00 30.00 42.00 0.08 4.17 0.00 1.00 0.00 3.00 7.00 15.00 11.00 10.00 8.00 0.00 0.00 0.00 1.00 0.00
83.00 16.00 13.00 32.00 66.00 19.00 34.00 0.08 3.53 0.00 1.00 0.00 6.00 10.00 10.00 6.00 10.00 6.00 0.00 0.00 0.00 0.00 0.00
84.00 17.00 15.00 42.00 86.00 27.00 44.00 0.09 4.62 0.00 1.00 0.00 5.00 11.00 12.00 6.00 14.00 3.00 0.00 0.00 0.00 0.00 0.00
85.00 14.00 11.00 33.00 65.00 22.00 32.00 0.08 0.54 0.00 2.00 0.00 6.00 7.00 8.00 7.00 8.00 6.00 0.00 0.00 0.00 0.00 0.00
86.00 20.00 13.00 42.00 95.00 29.00 53.00 0.08 3.74 0.00 2.00 0.00 6.00 10.00 14.00 10.00 14.00 6.00 0.00 0.00 0.00 0.00 0.00
87.00 22.00 24.00 54.00 103.00 30.00 49.00 0.07 3.49 0.00 2.00 0.00 10.00 15.00 12.00 7.00 18.00 4.00 0.00 0.00 0.00 0.00 0.00
88.00 18.00 11.00 43.00 88.00 32.00 45.00 0.09 2.69 0.00 1.00 0.00 8.00 9.00 10.00 9.00 11.00 7.00 0.00 0.00 0.00 0.00 0.00
89.00 25.00 18.00 56.00 115.00 38.00 59.00 0.08 3.96 0.00 2.00 0.00 8.00 14.00 17.00 11.00 16.00 9.00 0.00 0.00 0.00 0.00 0.00
90.00 23.00 21.00 64.00 117.00 43.00 53.00 0.08 3.28 0.00 3.00 0.00 8.00 12.00 15.00 11.00 14.00 9.00 0.00 0.00 0.00 0.00 0.00
91.00 23.00 22.00 67.00 122.00 45.00 55.00 0.08 3.70 0.00 3.00 0.00 2.00 6.00 21.00 17.00 13.00 10.00 1.00 0.00 0.00 0.00 0.00
92.00 22.00 27.00 54.00 101.00 27.00 47.00 0.08 4.41 0.00 3.00 0.00 5.00 10.00 17.00 12.00 13.00 9.00 1.00 0.00 0.00 0.00 0.00
93.00 24.00 17.00 58.00 119.00 41.00 61.00 0.08 3.97 0.00 3.00 0.00 6.00 9.00 18.00 15.00 19.00 5.00 1.00 0.00 0.00 0.00 0.00
94.00 22.00 18.00 49.00 105.00 31.00 56.00 0.09 3.82 0.00 2.00 0.00 6.00 12.00 16.00 10.00 17.00 5.00 0.00 0.00 0.00 0.00 0.00
95.00 18.00 15.00 41.00 85.00 26.00 44.00 0.08 4.50 0.00 1.00 0.00 6.00 12.00 12.00 6.00 14.00 4.00 1.00 0.00 0.00 0.00 0.00
96.00 22.00 15.00 49.00 111.00 34.00 62.00 0.06 4.29 0.00 1.00 0.00 10.00 14.00 12.00 8.00 16.00 6.00 1.00 0.00 0.00 0.00 0.00
97.00 16.00 11.00 29.00 78.00 18.00 49.00 0.09 3.42 0.00 1.00 0.00 5.00 8.00 11.00 8.00 11.00 5.00 1.00 0.00 0.00 0.00 0.00
98.00 21.00 17.00 50.00 100.00 33.00 50.00 0.07 4.42 0.00 2.00 0.00 6.00 10.00 15.00 11.00 12.00 9.00 0.00 0.00 0.00 0.00 0.00
99.00 21.00 20.00 55.00 109.00 35.00 54.00 0.08 4.13 0.00 2.00 0.00 2.00 6.00 19.00 15.00 13.00 8.00 1.00 0.00 0.00 0.00 0.00
100.00 20.00 15.00 49.00 103.00 34.00 54.00 0.08 3.16 0.00 1.00 0.00 6.00 11.00 14.00 9.00 16.00 4.00 1.00 0.00 1.00 0.00 0.00
101.00 20.00 19.00 53.00 96.00 34.00 43.00 0.08 3.38 0.00 2.00 0.00 5.00 10.00 15.00 10.00 12.00 8.00 1.00 0.00 0.00 0.00 0.00
102.00 23.00 20.00 59.00 120.00 39.00 61.00 0.08 4.27 1.00 2.00 0.50 5.00 6.00 18.00 17.00 9.00 14.00 1.00 0.00 0.00 0.00 0.00
103.00 25.00 20.00 69.00 123.00 49.00 54.00 0.08 3.46 0.00 3.00 0.00 7.00 13.00 18.00 12.00 20.00 5.00 0.00 0.00 0.00 0.00 0.00
104.00 28.00 34.00 84.00 145.00 50.00 61.00 0.08 4.05 0.00 3.00 0.00 7.00 15.00 21.00 13.00 20.00 8.00 0.00 0.00 0.00 0.00 0.00
105.00 31.00 40.00 91.00 158.00 51.00 67.00 0.09 4.02 0.00 3.00 0.00 7.00 9.00 24.00 22.00 14.00 17.00 1.00 0.00 0.00 0.00 0.00
106.00 27.00 35.00 84.00 143.00 49.00 59.00 0.08 4.06 0.00 1.00 0.00 6.00 10.00 21.00 17.00 20.00 7.00 1.00 0.00 0.00 0.00 0.00
107.00 23.00 22.00 61.00 118.00 39.00 57.00 0.08 3.37 0.00 2.00 0.00 5.00 9.00 18.00 14.00 13.00 10.00 1.00 0.00 0.00 0.00 0.00
108.00 26.00 37.00 79.00 138.00 42.00 59.00 0.06 3.71 0.00 3.00 0.00 3.00 7.00 23.00 19.00 12.00 14.00 1.00 0.00 0.00 0.00 0.00
109.00 28.00 40.00 85.00 149.00 45.00 64.00 0.10 3.46 0.00 3.00 0.00 3.00 6.00 25.00 22.00 15.00 13.00 1.00 0.00 1.00 0.00 0.00
110.00 23.00 18.00 55.00 113.00 37.00 58.00 0.08 4.20 0.00 1.00 0.00 8.00 14.00 15.00 9.00 16.00 7.00 1.00 0.00 0.00 0.00 0.00
111.00 23.00 21.00 55.00 116.00 34.00 61.00 0.09 3.46 0.00 2.00 0.00 6.00 13.00 17.00 10.00 17.00 6.00 0.00 0.00 0.00 0.00 0.00
112.00 28.00 33.00 70.00 135.00 37.00 65.00 0.09 4.02 0.00 1.00 0.00 8.00 13.00 20.00 15.00 19.00 9.00 0.00 0.00 0.00 0.00 0.00
113.00 31.00 37.00 84.00 160.00 47.00 76.00 0.09 3.65 0.00 1.00 0.00 10.00 16.00 21.00 15.00 22.00 9.00 1.00 0.00 0.00 0.00 0.00
114.00 24.00 31.00 70.00 126.00 39.00 56.00 0.09 4.22 0.00 1.00 0.00 4.00 10.00 20.00 14.00 14.00 10.00 1.00 0.00 0.00 0.00 0.00
115.00 26.00 32.00 69.00 130.00 37.00 61.00 0.08 4.03 0.00 1.00 0.00 1.00 11.00 25.00 15.00 17.00 9.00 0.00 0.00 0.00 0.00 0.00
116.00 32.00 40.00 92.00 156.00 52.00 64.00 0.08 3.92 0.00 1.00 0.00 2.00 11.00 30.00 21.00 16.00 16.00 1.00 0.00 1.00 0.00 0.00
117.00 33.00 38.00 100.00 169.00 62.00 69.00 0.09 4.18 0.00 1.00 0.00 8.00 16.00 25.00 17.00 23.00 10.00 1.00 0.00 0.00 0.00 0.00
118.00 31.00 31.00 92.00 150.00 61.00 58.00 0.07 4.13 0.00 1.00 0.00 11.00 18.00 20.00 13.00 22.00 9.00 0.00 0.00 1.00 0.00 0.00
119.00 27.00 37.00 74.00 136.00 37.00 62.00 0.07 3.89 0.00 1.00 0.00 3.00 9.00 24.00 18.00 14.00 13.00 0.00 0.00 0.00 0.00 0.00
120.00 26.00 29.00 74.00 125.00 45.00 51.00 0.08 4.28 0.00 2.00 0.00 5.00 12.00 21.00 14.00 18.00 8.00 1.00 0.00 1.00 0.00 0.00
121.00 31.00 37.00 92.00 159.00 55.00 67.00 0.08 4.17 0.00 0.00 0.00 10.00 13.00 21.00 18.00 20.00 11.00 1.00 0.00 0.00 0.00 0.00
122.00 34.00 42.00 92.00 175.00 50.00 83.00 0.08 4.42 0.00 3.00 0.00 7.00 18.00 27.00 16.00 23.00 11.00 1.00 0.00 0.00 0.00 0.00
123.00 22.00 16.00 58.00 115.00 42.00 57.00 0.09 4.03 0.00 3.00 0.00 9.00 13.00 13.00 9.00 16.00 6.00 1.00 0.00 1.00 0.00 0.00
124.00 26.00 22.00 67.00 133.00 45.00 66.00 0.08 3.83 0.00 4.00 0.00 7.00 12.00 19.00 14.00 19.00 7.00 1.00 0.00 0.00 0.00 0.00
125.00 29.00 37.00 80.00 150.00 43.00 70.00 0.09 3.79 1.00 3.00 0.33 7.00 14.00 22.00 15.00 18.00 11.00 1.00 0.00 0.00 0.00 0.00
126.00 29.00 34.00 71.00 139.00 37.00 68.00 0.10 4.07 0.00 2.00 0.00 6.00 14.00 23.00 15.00 20.00 9.00 0.00 0.00 0.00 1.00 0.00
127.00 29.00 34.00 79.00 143.00 45.00 64.00 0.09 4.27 0.00 1.00 0.00 10.00 15.00 19.00 14.00 19.00 10.00 0.00 0.00 1.00 0.00 0.00
128.00 31.00 46.00 96.00 157.00 50.00 61.00 0.07 3.90 0.00 3.00 0.00 9.00 15.00 22.00 16.00 17.00 14.00 1.00 0.00 1.00 0.00 0.00
129.00 32.00 45.00 94.00 160.00 49.00 66.00 0.08 3.97 0.00 4.00 0.00 13.00 19.00 19.00 13.00 22.00 10.00 1.00 0.00 0.00 0.00 0.00
130.00 30.00 42.00 97.00 155.00 55.00 58.00 0.08 4.00 0.00 1.00 0.00 6.00 11.00 24.00 19.00 19.00 11.00 1.00 0.00 0.00 0.00 0.00
131.00 33.00 45.00 100.00 166.00 55.00 66.00 0.08 3.70 0.00 2.00 0.00 5.00 11.00 28.00 22.00 20.00 13.00 1.00 0.00 0.00 0.00 0.00
132.00 32.00 46.00 97.00 167.00 51.00 70.00 0.09 4.04 0.00 2.00 0.00 6.00 13.00 26.00 19.00 22.00 10.00 1.00 0.00 0.00 0.00 0.00
133.00 29.00 37.00 90.00 155.00 53.00 65.00 0.08 3.55 0.00 2.00 0.00 4.00 13.00 25.00 16.00 18.00 11.00 0.00 0.00 1.00 0.00 0.00
134.00 32.00 37.00 98.00 158.00 61.00 60.00 0.08 3.62 0.00 4.00 0.00 7.00 12.00 25.00 20.00 21.00 11.00 0.00 0.00 0.00 0.00 0.00
135.00 34.00 45.00 104.00 179.00 59.00 75.00 0.09 3.59 1.00 3.00 0.33 9.00 17.00 25.00 17.00 23.00 11.00 0.00 0.00 0.00 0.00 0.00
136.00 31.00 41.00 92.00 156.00 51.00 64.00 0.08 3.77 0.00 4.00 0.00 7.00 10.00 24.00 21.00 18.00 13.00 1.00 0.00 0.00 0.00 0.00
137.00 30.00 37.00 97.00 164.00 60.00 67.00 0.10 4.01 0.00 5.00 0.00 5.00 10.00 25.00 20.00 18.00 12.00 0.00 0.00 0.00 0.00 0.00
138.00 29.00 39.00 93.00 156.00 54.00 63.00 0.09 3.12 0.00 2.00 0.00 0.00 5.00 29.00 24.00 12.00 17.00 1.00 0.00 0.00 0.00 0.00
139.00 36.00 55.00 114.00 189.00 59.00 75.00 0.10 3.60 0.00 3.00 0.00 7.00 13.00 29.00 23.00 20.00 16.00 1.00 0.00 0.00 0.00 0.00
140.00 29.00 27.00 76.00 149.00 49.00 73.00 0.09 3.94 0.00 3.00 0.00 9.00 16.00 20.00 13.00 19.00 10.00 1.00 0.00 0.00 0.00 0.00
141.00 29.00 28.00 83.00 150.00 55.00 67.00 0.08 3.21 0.00 3.00 0.00 6.00 12.00 23.00 17.00 21.00 8.00 0.00 0.00 0.00 0.00 0.00
142.00 33.00 31.00 94.00 171.00 63.00 77.00 0.07 4.04 0.00 4.00 0.00 10.00 16.00 23.00 17.00 22.00 11.00 1.00 0.00 0.00 0.00 0.00
143.00 34.00 47.00 103.00 175.00 56.00 72.00 0.08 3.65 0.00 4.00 0.00 4.00 13.00 30.00 21.00 20.00 14.00 1.00 0.00 0.00 0.00 0.00
144.00 38.00 45.00 107.00 186.00 62.00 79.00 0.08 3.26 0.00 4.00 0.00 9.00 23.00 29.00 15.00 29.00 9.00 1.00 0.00 0.00 0.00 0.00
145.00 24.00 13.00 57.00 120.00 44.00 63.00 0.09 3.22 0.00 3.00 0.00 8.00 11.00 16.00 13.00 12.00 12.00 0.00 0.00 0.00 0.00 0.00
146.00 33.00 31.00 98.00 166.00 67.00 68.00 0.08 3.31 1.00 2.00 0.50 6.00 14.00 27.00 19.00 18.00 15.00 1.00 0.00 0.00 0.00 0.00
147.00 34.00 44.00 109.00 182.00 65.00 73.00 0.10 3.38 1.00 3.00 0.33 7.00 13.00 27.00 21.00 19.00 15.00 1.00 0.00 0.00 0.00 0.00
148.00 36.00 45.00 103.00 187.00 58.00 84.00 0.09 2.97 0.00 5.00 0.00 11.00 18.00 25.00 18.00 22.00 14.00 1.00 0.00 0.00 0.00 0.00
149.00 37.00 52.00 115.00 189.00 63.00 74.00 0.09 2.97 0.00 3.00 0.00 5.00 12.00 32.00 25.00 21.00 16.00 1.00 0.00 0.00 0.00 0.00
150.00 29.00 34.00 87.00 151.00 53.00 64.00 0.07 3.56 0.00 3.00 0.00 5.00 13.00 24.00 16.00 16.00 13.00 1.00 0.00 0.00 0.00 0.00
151.00 38.00 57.00 117.00 193.00 60.00 76.00 0.07 2.99 0.00 2.00 0.00 8.00 21.00 30.00 17.00 25.00 13.00 1.00 0.00 0.00 0.00 0.00
152.00 35.00 48.00 114.00 186.00 66.00 72.00 0.10 3.20 0.00 3.00 0.00 7.00 17.00 28.00 18.00 24.00 11.00 1.00 0.00 1.00 0.00 0.00
153.00 34.00 48.00 103.00 181.00 55.00 78.00 0.09 3.95 0.00 2.00 0.00 7.00 13.00 27.00 21.00 22.00 12.00 1.00 0.00 2.00 0.00 0.00
154.00 34.00 44.00 112.00 175.00 68.00 63.00 0.08 3.85 0.00 2.00 0.00 8.00 12.00 26.00 22.00 18.00 16.00 1.00 0.00 2.00 0.00 0.00
155.00 32.00 34.00 88.00 161.00 54.00 73.00 0.10 3.67 0.00 2.00 0.00 9.00 15.00 23.00 17.00 19.00 13.00 1.00 0.00 0.00 0.00 0.00
156.00 34.00 42.00 100.00 176.00 58.00 76.00 0.08 2.97 0.00 2.00 0.00 7.00 15.00 27.00 19.00 22.00 12.00 2.00 0.00 1.00 0.00 0.00
157.00 38.00 56.00 116.00 184.00 60.00 68.00 0.09 3.71 1.00 3.00 0.33 11.00 17.00 27.00 21.00 23.00 15.00 1.00 0.00 0.00 0.00 0.00
158.00 32.00 27.00 82.00 158.00 55.00 76.00 0.08 2.69 0.00 2.00 0.00 10.00 17.00 22.00 15.00 21.00 11.00 1.00 0.00 0.00 0.00 0.00
159.00 35.00 45.00 103.00 179.00 58.00 76.00 0.09 2.88 1.00 3.00 0.33 7.00 18.00 28.00 17.00 27.00 8.00 1.00 0.00 0.00 0.00 0.00
160.00 33.00 40.00 98.00 173.00 58.00 75.00 0.07 3.61 1.00 3.00 0.33 6.00 15.00 27.00 18.00 21.00 12.00 1.00 0.00 0.00 0.00 0.00
161.00 32.00 20.00 103.00 174.00 83.00 71.00 0.07 3.32 1.00 3.00 0.33 5.00 12.00 27.00 20.00 18.00 14.00 0.00 0.00 0.00 0.00 0.00
162.00 35.00 47.00 106.00 181.00 59.00 75.00 0.08 3.84 0.00 3.00 0.00 6.00 12.00 29.00 23.00 21.00 14.00 0.00 0.00 0.00 0.00 0.00
163.00 36.00 51.00 110.00 188.00 59.00 78.00 0.08 4.21 0.00 4.00 0.00 9.00 16.00 27.00 20.00 24.00 12.00 2.00 0.00 1.00 0.00 0.00
164.00 33.00 38.00 93.00 168.00 55.00 75.00 0.08 3.60 0.00 4.00 0.00 12.00 16.00 21.00 17.00 20.00 13.00 1.00 0.00 0.00 0.00 0.00
165.00 35.00 40.00 102.00 185.00 62.00 83.00 0.09 3.87 0.00 3.00 0.00 10.00 18.00 25.00 17.00 19.00 16.00 0.00 0.00 0.00 0.00 0.00
166.00 32.00 45.00 90.00 170.00 45.00 80.00 0.09 3.40 0.00 4.00 0.00 4.00 9.00 28.00 23.00 17.00 15.00 1.00 0.00 1.00 0.00 0.00
167.00 35.00 39.00 101.00 176.00 62.00 75.00 0.08 3.60 0.00 3.00 0.00 7.00 15.00 28.00 20.00 22.00 13.00 1.00 0.00 1.00 0.00 0.00
168.00 38.00 53.00 117.00 191.00 64.00 74.00 0.09 4.11 0.00 3.00 0.00 10.00 23.00 28.00 15.00 31.00 7.00 0.00 0.00 0.00 1.00 0.00
169.00 40.00 59.00 125.00 212.00 66.00 87.00 0.09 3.55 0.00 3.00 0.00 7.00 15.00 33.00 25.00 20.00 20.00 0.00 0.00 0.00 0.00 0.00
170.00 33.00 36.00 96.00 178.00 60.00 82.00 0.08 3.24 0.00 4.00 0.00 9.00 14.00 24.00 19.00 20.00 13.00 1.00 0.00 1.00 0.00 0.00
171.00 40.00 47.00 122.00 197.00 75.00 75.00 0.10 4.39 0.00 3.00 0.00 10.00 15.00 30.00 25.00 20.00 20.00 0.00 0.00 0.00 0.00 0.00
172.00 39.00 47.00 110.00 196.00 63.00 86.00 0.07 3.85 0.00 4.00 0.00 11.00 20.00 28.00 19.00 27.00 12.00 1.00 0.00 1.00 0.00 0.00
173.00 43.00 53.00 131.00 212.00 78.00 81.00 0.08 3.76 0.00 2.00 0.00 8.00 21.00 35.00 22.00 30.00 13.00 1.00 0.00 0.00 0.00 0.00
174.00 40.00 49.00 121.00 211.00 72.00 90.00 0.08 3.39 1.00 4.00 0.25 9.00 17.00 31.00 23.00 22.00 18.00 1.00 0.00 2.00 0.00 0.00
175.00 35.00 56.00 116.00 187.00 60.00 71.00 0.08 4.18 0.00 4.00 0.00 4.00 9.00 31.00 26.00 17.00 18.00 0.00 0.00 1.00 1.00 0.00
176.00 39.00 56.00 119.00 199.00 63.00 80.00 0.09 4.52 0.00 5.00 0.00 5.00 14.00 34.00 25.00 20.00 19.00 2.00 0.00 0.00 0.00 0.00
177.00 36.00 46.00 108.00 194.00 62.00 86.00 0.08 4.07 0.00 1.00 0.00 9.00 22.00 27.00 14.00 26.00 10.00 1.00 0.00 0.00 0.00 0.00
178.00 40.00 49.00 123.00 204.00 74.00 81.00 0.08 3.40 0.00 4.00 0.00 10.00 23.00 30.00 17.00 27.00 13.00 0.00 0.00 0.00 0.00 1.00
179.00 38.00 41.00 108.00 185.00 67.00 77.00 0.08 2.98 0.00 3.00 0.00 10.00 18.00 28.00 20.00 22.00 16.00 0.00 0.00 0.00 0.00 0.00
180.00 36.00 40.00 100.00 183.00 60.00 83.00 0.09 3.06 0.00 4.00 0.00 6.00 18.00 30.00 18.00 22.00 14.00 1.00 0.00 0.00 0.00 0.00
181.00 36.00 45.00 111.00 186.00 66.00 75.00 0.08 3.23 1.00 4.00 0.25 6.00 18.00 30.00 18.00 25.00 11.00 1.00 0.00 0.00 0.00 0.00
182.00 41.00 60.00 130.00 215.00 70.00 85.00 0.10 3.69 0.00 4.00 0.00 9.00 16.00 32.00 25.00 22.00 19.00 1.00 0.00 0.00 0.00 0.00
183.00 40.00 58.00 120.00 202.00 62.00 82.00 0.09 3.72 0.00 5.00 0.00 8.00 16.00 32.00 24.00 25.00 15.00 2.00 0.00 0.00 0.00 0.00
184.00 39.00 41.00 117.00 206.00 76.00 89.00 0.09 3.65 0.00 5.00 0.00 9.00 15.00 30.00 24.00 21.00 18.00 2.00 0.00 0.00 0.00 0.00
185.00 37.00 54.00 121.00 197.00 67.00 76.00 0.09 3.68 0.00 3.00 0.00 7.00 14.00 30.00 23.00 20.00 17.00 2.00 0.00 0.00 0.00 0.00
186.00 31.00 23.00 81.00 164.00 58.00 83.00 0.08 3.60 0.00 3.00 0.00 8.00 15.00 23.00 16.00 20.00 11.00 0.00 0.00 1.00 1.00 0.00
187.00 39.00 48.00 112.00 198.00 64.00 86.00 0.09 3.64 0.00 4.00 0.00 11.00 16.00 28.00 23.00 26.00 13.00 1.00 0.00 0.00 0.00 0.00
188.00 39.00 48.00 111.00 198.00 63.00 87.00 0.09 3.16 0.00 4.00 0.00 6.00 15.00 33.00 24.00 22.00 17.00 1.00 0.00 0.00 0.00 0.00
189.00 40.00 37.00 117.00 219.00 80.00 102.00 0.10 3.26 0.00 4.00 0.00 9.00 20.00 31.00 20.00 22.00 18.00 1.00 0.00 0.00 0.00 0.00
190.00 38.00 44.00 119.00 202.00 75.00 83.00 0.08 3.22 0.00 5.00 0.00 8.00 13.00 30.00 25.00 21.00 17.00 1.00 0.00 0.00 0.00 0.00
191.00 38.00 56.00 115.00 193.00 59.00 78.00 0.09 3.50 0.00 2.00 0.00 9.00 12.00 29.00 26.00 19.00 19.00 1.00 0.00 0.00 0.00 0.00
192.00 41.00 55.00 124.00 213.00 69.00 89.00 0.09 3.35 0.00 3.00 0.00 14.00 22.00 27.00 19.00 29.00 12.00 0.00 0.00 0.00 1.00 0.00
193.00 36.00 45.00 106.00 183.00 61.00 77.00 0.07 3.66 0.00 3.00 0.00 8.00 18.00 28.00 18.00 25.00 11.00 1.00 0.00 0.00 1.00 0.00
194.00 39.00 51.00 124.00 202.00 73.00 78.00 0.10 3.61 0.00 4.00 0.00 3.00 11.00 36.00 28.00 22.00 17.00 1.00 1.00 0.00 1.00 0.00
195.00 40.00 60.00 121.00 208.00 61.00 87.00 0.10 3.69 0.00 4.00 0.00 5.00 15.00 35.00 25.00 22.00 18.00 1.00 1.00 0.00 0.00 0.00
196.00 42.00 45.00 118.00 211.00 73.00 93.00 0.07 2.83 0.00 5.00 0.00 10.00 21.00 32.00 21.00 26.00 16.00 0.00 0.00 2.00 0.00 0.00
197.00 49.00 74.00 157.00 249.00 83.00 92.00 0.09 3.27 0.00 5.00 0.00 13.00 20.00 36.00 29.00 28.00 21.00 2.00 0.00 0.00 0.00 0.00
198.00 38.00 44.00 114.00 198.00 70.00 84.00 0.08 2.86 0.00 3.00 0.00 6.00 17.00 32.00 21.00 22.00 16.00 0.00 0.00 1.00 0.00 0.00
199.00 41.00 46.00 108.00 204.00 62.00 96.00 0.10 4.13 0.00 4.00 0.00 8.00 14.00 33.00 27.00 24.00 17.00 1.00 0.00 0.00 0.00 0.00
200.00 38.00 44.00 104.00 186.00 60.00 82.00 0.08 3.13 0.00 4.00 0.00 8.00 17.00 30.00 21.00 24.00 14.00 1.00 0.00 0.00 0.00 0.00
201.00 38.00 52.00 122.00 201.00 70.00 79.00 0.07 2.96 0.00 2.00 0.00 10.00 14.00 28.00 24.00 19.00 19.00 1.00 0.00 0.00 0.00 1.00
202.00 42.00 56.00 132.00 210.00 76.00 78.00 0.06 3.10 2.00 2.00 1.00 12.00 19.00 30.00 23.00 21.00 21.00 1.00 0.00 0.00 0.00 1.00
203.00 40.00 58.00 110.00 198.00 52.00 88.00 0.10 3.08 0.00 2.00 0.00 7.00 14.00 33.00 26.00 21.00 19.00 1.00 0.00 0.00 0.00 0.00
204.00 44.00 52.00 129.00 226.00 77.00 97.00 0.09 2.92 0.00 3.00 0.00 10.00 21.00 34.00 23.00 25.00 19.00 1.00 0.00 1.00 0.00 1.00
205.00 44.00 60.00 137.00 221.00 77.00 84.00 0.09 3.21 1.00 4.00 0.25 14.00 22.00 30.00 22.00 25.00 19.00 0.00 0.00 2.00 0.00 0.00
206.00 42.00 58.00 145.00 214.00 87.00 69.00 0.09 2.56 0.00 4.00 0.00 13.00 18.00 29.00 24.00 24.00 18.00 1.00 0.00 2.00 1.00 0.00
207.00 42.00 47.00 125.00 224.00 78.00 99.00 0.07 3.45 0.00 4.00 0.00 13.00 21.00 29.00 21.00 25.00 17.00 1.00 0.00 1.00 1.00 0.00
208.00 41.00 53.00 121.00 211.00 68.00 90.00 0.09 3.21 0.00 2.00 0.00 8.00 15.00 33.00 26.00 26.00 15.00 0.00 0.00 2.00 0.00 0.00
209.00 44.00 62.00 135.00 232.00 73.00 97.00 0.08 3.46 0.00 3.00 0.00 8.00 17.00 36.00 27.00 26.00 18.00 1.00 0.00 1.00 0.00 0.00
210.00 41.00 67.00 128.00 214.00 61.00 86.00 0.08 3.63 0.00 2.00 0.00 8.00 15.00 33.00 26.00 24.00 17.00 1.00 0.00 1.00 0.00 0.00
211.00 44.00 52.00 150.00 242.00 98.00 92.00 0.08 2.79 0.00 1.00 0.00 7.00 18.00 37.00 26.00 23.00 21.00 1.00 0.00 4.00 0.00 0.00
212.00 48.00 61.00 151.00 255.00 90.00 104.00 0.08 3.74 1.00 2.00 0.50 12.00 21.00 36.00 27.00 28.00 20.00 1.00 0.00 3.00 0.00 0.00
213.00 44.00 51.00 142.00 238.00 91.00 96.00 0.07 3.20 1.00 1.00 1.00 12.00 18.00 32.00 26.00 27.00 17.00 0.00 0.00 1.00 0.00 0.00
214.00 50.00 68.00 152.00 264.00 84.00 112.00 0.08 3.96 3.00 1.00 3.00 13.00 20.00 37.00 30.00 31.00 19.00 0.00 0.00 1.00 2.00 0.00
215.00 51.00 77.00 154.00 268.00 77.00 114.00 0.08 3.82 2.00 3.00 0.67 12.00 22.00 39.00 29.00 27.00 24.00 1.00 0.00 0.00 0.00 0.00
216.00 41.00 54.00 121.00 218.00 67.00 97.00 0.08 3.72 1.00 1.00 1.00 7.00 12.00 34.00 29.00 22.00 19.00 2.00 0.00 1.00 0.00 0.00
217.00 40.00 48.00 123.00 205.00 75.00 82.00 0.07 4.07 1.00 2.00 0.50 7.00 17.00 33.00 23.00 23.00 17.00 1.00 0.00 0.00 0.00 0.00
218.00 37.00 42.00 107.00 196.00 65.00 89.00 0.08 4.17 1.00 1.00 1.00 9.00 14.00 28.00 23.00 20.00 17.00 1.00 0.00 0.00 0.00 0.00
219.00 38.00 53.00 110.00 198.00 57.00 88.00 0.07 3.25 2.00 0.00 0.00 7.00 15.00 31.00 23.00 24.00 14.00 1.00 0.00 1.00 0.00 0.00
220.00 44.00 59.00 129.00 224.00 70.00 95.00 0.09 4.08 1.00 2.00 0.50 12.00 19.00 32.00 25.00 26.00 18.00 1.00 0.00 1.00 0.00 0.00
221.00 41.00 48.00 121.00 207.00 73.00 86.00 0.08 4.43 0.00 3.00 0.00 12.00 19.00 29.00 22.00 26.00 15.00 1.00 0.00 0.00 0.00 0.00
222.00 38.00 48.00 112.00 197.00 64.00 85.00 0.09 3.94 0.00 1.00 0.00 9.00 19.00 29.00 19.00 25.00 13.00 0.00 0.00 0.00 0.00 0.00
223.00 36.00 59.00 104.00 185.00 45.00 81.00 0.09 3.54 1.00 3.00 0.33 7.00 17.00 29.00 19.00 21.00 15.00 0.00 0.00 0.00 1.00 0.00
224.00 38.00 38.00 99.00 193.00 61.00 94.00 0.10 2.58 0.00 2.00 0.00 11.00 22.00 27.00 16.00 31.00 7.00 0.00 0.00 1.00 1.00 0.00
225.00 35.00 46.00 96.00 174.00 50.00 78.00 0.09 3.61 1.00 2.00 0.50 10.00 21.00 25.00 14.00 25.00 10.00 0.00 0.00 0.00 0.00 0.00
226.00 34.00 36.00 100.00 174.00 64.00 74.00 0.09 3.75 0.00 3.00 0.00 7.00 16.00 27.00 18.00 20.00 14.00 0.00 0.00 0.00 0.00 0.00
227.00 40.00 61.00 117.00 208.00 56.00 91.00 0.08 2.81 1.00 2.00 0.50 7.00 14.00 33.00 26.00 20.00 20.00 1.00 0.00 0.00 0.00 0.00
228.00 40.00 56.00 119.00 211.00 63.00 92.00 0.09 4.13 1.00 1.00 1.00 10.00 21.00 30.00 19.00 26.00 14.00 1.00 0.00 0.00 0.00 0.00
229.00 40.00 43.00 112.00 204.00 69.00 92.00 0.09 3.72 1.00 2.00 0.50 6.00 22.00 34.00 18.00 26.00 14.00 1.00 0.00 1.00 0.00 0.00
230.00 39.00 56.00 117.00 204.00 61.00 87.00 0.08 3.56 0.00 2.00 0.00 9.00 16.00 30.00 23.00 23.00 16.00 1.00 0.00 1.00 0.00 0.00
231.00 32.00 41.00 91.00 164.00 50.00 73.00 0.08 3.56 1.00 2.00 0.50 10.00 16.00 22.00 16.00 21.00 11.00 0.00 0.00 0.00 0.00 0.00
232.00 39.00 55.00 119.00 198.00 64.00 79.00 0.08 2.87 1.00 2.00 0.50 8.00 20.00 31.00 19.00 27.00 12.00 1.00 0.00 1.00 0.00 0.00
233.00 27.00 28.00 75.00 145.00 47.00 70.00 0.09 3.11 1.00 1.00 1.00 4.00 10.00 23.00 17.00 16.00 11.00 0.00 0.00 1.00 0.00 0.00
234.00 38.00 54.00 121.00 204.00 67.00 83.00 0.08 2.93 1.00 3.00 0.33 3.00 12.00 35.00 26.00 21.00 17.00 1.00 0.00 0.00 0.00 0.00
235.00 36.00 41.00 111.00 184.00 70.00 73.00 0.09 3.69 1.00 3.00 0.33 11.00 19.00 25.00 17.00 22.00 14.00 1.00 0.00 1.00 0.00 0.00
236.00 32.00 43.00 99.00 169.00 56.00 70.00 0.09 3.38 1.00 1.00 1.00 4.00 6.00 28.00 26.00 14.00 18.00 0.00 0.00 0.00 0.00 0.00
237.00 33.00 44.00 94.00 166.00 50.00 72.00 0.08 3.29 1.00 3.00 0.33 9.00 15.00 24.00 18.00 22.00 11.00 1.00 0.00 0.00 0.00 0.00
238.00 38.00 52.00 117.00 198.00 65.00 81.00 0.10 3.91 2.00 2.00 1.00 7.00 11.00 31.00 27.00 20.00 18.00 1.00 0.00 0.00 0.00 0.00
239.00 38.00 56.00 114.00 198.00 58.00 84.00 0.09 4.80 2.00 3.00 0.67 10.00 21.00 28.00 17.00 27.00 11.00 0.00 0.00 2.00 0.00 0.00
240.00 32.00 39.00 98.00 168.00 59.00 70.00 0.09 4.03 0.00 3.00 0.00 7.00 13.00 25.00 19.00 17.00 15.00 1.00 0.00 0.00 0.00 0.00
241.00 38.00 42.00 101.00 189.00 59.00 88.00 0.10 3.90 1.00 2.00 0.50 12.00 23.00 26.00 15.00 27.00 11.00 0.00 0.00 1.00 0.00 0.00
242.00 37.00 44.00 116.00 197.00 72.00 81.00 0.09 4.00 1.00 3.00 0.33 7.00 19.00 30.00 18.00 23.00 14.00 0.00 0.00 1.00 0.00 0.00
243.00 31.00 43.00 93.00 160.00 50.00 67.00 0.09 3.70 1.00 4.00 0.25 9.00 14.00 22.00 17.00 21.00 10.00 0.00 0.00 0.00 0.00 0.00
244.00 36.00 48.00 111.00 188.00 63.00 77.00 0.10 3.28 1.00 4.00 0.25 11.00 15.00 25.00 21.00 19.00 17.00 0.00 0.00 0.00 1.00 0.00
245.00 35.00 46.00 109.00 184.00 63.00 75.00 0.08 3.42 2.00 3.00 0.67 4.00 16.00 31.00 19.00 21.00 14.00 0.00 0.00 0.00 0.00 0.00
246.00 31.00 42.00 86.00 152.00 44.00 66.00 0.08 3.50 1.00 2.00 0.50 9.00 17.00 22.00 14.00 23.00 8.00 0.00 0.00 0.00 0.00 0.00
247.00 29.00 28.00 77.00 153.00 49.00 76.00 0.08 2.41 1.00 1.00 1.00 10.00 16.00 19.00 13.00 21.00 8.00 0.00 0.00 1.00 0.00 0.00
248.00 27.00 32.00 81.00 138.00 49.00 57.00 0.09 2.03 1.00 1.00 1.00 8.00 11.00 19.00 16.00 14.00 13.00 0.00 0.00 0.00 0.00 0.00
249.00 34.00 34.00 100.00 182.00 66.00 82.00 0.08 3.28 1.00 2.00 0.50 11.00 19.00 23.00 15.00 23.00 11.00 0.00 0.00 1.00 1.00 0.00
250.00 30.00 33.00 85.00 152.00 52.00 67.00 0.09 2.64 0.00 2.00 0.00 4.00 8.00 26.00 22.00 18.00 12.00 0.00 0.00 0.00 0.00 0.00
251.00 27.00 26.00 71.00 129.00 45.00 58.00 0.09 3.54 0.00 0.00 0.00 7.00 17.00 20.00 10.00 20.00 7.00 0.00 0.00 0.00 0.00 0.00
252.00 29.00 37.00 87.00 144.00 50.00 57.00 0.10 2.74 0.00 2.00 0.00 4.00 8.00 25.00 21.00 14.00 15.00 0.00 0.00 0.00 0.00 0.00
253.00 25.00 29.00 70.00 127.00 41.00 57.00 0.08 2.56 0.00 2.00 0.00 4.00 12.00 21.00 13.00 18.00 7.00 0.00 0.00 0.00 0.00 0.00
254.00 32.00 37.00 83.00 158.00 46.00 75.00 0.09 3.90 1.00 2.00 0.50 8.00 20.00 24.00 12.00 25.00 7.00 0.00 0.00 1.00 0.00 0.00
255.00 24.00 27.00 70.00 127.00 43.00 57.00 0.08 3.51 2.00 1.00 2.00 6.00 8.00 18.00 16.00 15.00 9.00 0.00 0.00 0.00 0.00 0.00
256.00 29.00 30.00 79.00 153.00 49.00 74.00 0.08 3.66 1.00 2.00 0.50 8.00 12.00 21.00 17.00 19.00 10.00 0.00 0.00 0.00 0.00 0.00
257.00 29.00 31.00 81.00 145.00 50.00 64.00 0.09 3.99 1.00 2.00 0.50 7.00 14.00 22.00 15.00 23.00 6.00 0.00 0.00 0.00 0.00 0.00
258.00 29.00 36.00 87.00 148.00 51.00 61.00 0.08 4.17 1.00 2.00 0.50 3.00 13.00 26.00 16.00 19.00 10.00 0.00 0.00 0.00 0.00 0.00
259.00 31.00 41.00 84.00 150.00 43.00 66.00 0.09 3.35 0.00 2.00 0.00 8.00 17.00 23.00 14.00 19.00 12.00 0.00 0.00 0.00 0.00 0.00
260.00 30.00 36.00 82.00 155.00 46.00 73.00 0.09 3.42 2.00 2.00 1.00 9.00 17.00 21.00 13.00 24.00 6.00 0.00 0.00 0.00 0.00 0.00
261.00 24.00 29.00 66.00 124.00 37.00 58.00 0.08 3.64 0.00 1.00 0.00 7.00 11.00 17.00 13.00 16.00 8.00 0.00 0.00 0.00 0.00 0.00
262.00 29.00 37.00 87.00 151.00 50.00 64.00 0.08 3.26 1.00 2.00 0.50 6.00 16.00 23.00 13.00 19.00 10.00 0.00 0.00 0.00 0.00 0.00
263.00 25.00 28.00 62.00 127.00 34.00 65.00 0.08 2.14 0.00 2.00 0.00 7.00 9.00 18.00 16.00 14.00 11.00 0.00 0.00 0.00 0.00 0.00
264.00 12.00 2.00 17.00 48.00 15.00 31.00 0.07 4.90 0.00 1.00 0.00 4.00 8.00 8.00 4.00 9.00 3.00 0.00 0.00 0.00 0.00 0.00
265.00 30.00 38.00 83.00 156.00 45.00 73.00 0.09 3.76 1.00 2.00 0.50 6.00 14.00 24.00 16.00 19.00 11.00 0.00 0.00 0.00 0.00 0.00
266.00 31.00 35.00 85.00 159.00 50.00 74.00 0.08 3.34 1.00 2.00 0.50 8.00 13.00 23.00 18.00 18.00 13.00 0.00 0.00 0.00 0.00 0.00
267.00 27.00 37.00 77.00 137.00 40.00 60.00 0.09 3.71 1.00 2.00 0.50 8.00 17.00 19.00 10.00 19.00 8.00 0.00 0.00 0.00 0.00 0.00
268.00 29.00 34.00 87.00 151.00 53.00 64.00 0.08 4.76 1.00 1.00 1.00 6.00 11.00 23.00 18.00 16.00 13.00 0.00 0.00 0.00 0.00 0.00
269.00 30.00 41.00 90.00 153.00 49.00 63.00 0.08 4.01 2.00 2.00 1.00 5.00 12.00 25.00 18.00 15.00 15.00 0.00 0.00 0.00 0.00 0.00
270.00 21.00 19.00 54.00 109.00 35.00 55.00 0.08 3.61 2.00 1.00 2.00 6.00 12.00 15.00 9.00 13.00 8.00 0.00 0.00 0.00 0.00 0.00
271.00 26.00 27.00 75.00 136.00 48.00 61.00 0.08 2.48 1.00 1.00 1.00 8.00 12.00 18.00 14.00 18.00 8.00 0.00 0.00 0.00 0.00 0.00
272.00 28.00 27.00 76.00 138.00 49.00 62.00 0.08 3.00 0.00 1.00 0.00 6.00 16.00 22.00 12.00 19.00 9.00 0.00 0.00 0.00 1.00 0.00
273.00 30.00 42.00 89.00 150.00 47.00 61.00 0.07 3.05 0.00 3.00 0.00 8.00 14.00 22.00 16.00 21.00 9.00 0.00 0.00 0.00 0.00 0.00
274.00 27.00 25.00 71.00 135.00 46.00 64.00 0.08 3.97 1.00 2.00 0.50 6.00 13.00 21.00 14.00 18.00 9.00 0.00 0.00 0.00 0.00 0.00
275.00 24.00 24.00 62.00 122.00 38.00 60.00 0.08 3.85 1.00 1.00 1.00 4.00 12.00 20.00 12.00 14.00 10.00 0.00 0.00 0.00 0.00 0.00
276.00 26.00 24.00 71.00 138.00 47.00 67.00 0.09 2.07 1.00 1.00 1.00 7.00 12.00 19.00 14.00 18.00 8.00 0.00 0.00 0.00 0.00 0.00
277.00 26.00 28.00 72.00 134.00 44.00 62.00 0.08 2.53 1.00 2.00 0.50 6.00 14.00 20.00 12.00 18.00 8.00 0.00 0.00 0.00 0.00 0.00
278.00 31.00 36.00 76.00 158.00 40.00 82.00 0.09 3.06 1.00 2.00 0.50 10.00 14.00 21.00 17.00 20.00 11.00 0.00 0.00 0.00 1.00 0.00
279.00 24.00 19.00 59.00 121.00 40.00 62.00 0.06 3.05 0.00 2.00 0.00 9.00 12.00 15.00 12.00 17.00 7.00 0.00 0.00 0.00 0.00 0.00
280.00 24.00 30.00 69.00 123.00 39.00 54.00 0.09 2.54 1.00 2.00 0.50 8.00 12.00 16.00 12.00 14.00 10.00 0.00 0.00 1.00 1.00 0.00
281.00 23.00 13.00 54.00 114.00 41.00 60.00 0.06 2.45 0.00 1.00 0.00 5.00 10.00 18.00 13.00 15.00 8.00 0.00 0.00 0.00 1.00 0.00
282.00 26.00 25.00 66.00 129.00 41.00 63.00 0.09 3.50 1.00 1.00 1.00 9.00 11.00 17.00 15.00 16.00 10.00 0.00 0.00 0.00 0.00 0.00
283.00 14.00 11.00 32.00 65.00 21.00 33.00 0.09 0.46 0.00 1.00 0.00 5.00 8.00 9.00 6.00 10.00 4.00 0.00 0.00 0.00 0.00 0.00
284.00 23.00 12.00 55.00 107.00 43.00 52.00 0.09 3.50 0.00 0.00 0.00 6.00 11.00 17.00 12.00 16.00 7.00 0.00 0.00 0.00 0.00 0.00
285.00 21.00 18.00 47.00 104.00 29.00 57.00 0.10 2.90 0.00 1.00 0.00 7.00 13.00 14.00 8.00 15.00 6.00 0.00 0.00 0.00 0.00 0.00
286.00 26.00 29.00 66.00 121.00 37.00 55.00 0.09 2.65 0.00 1.00 0.00 7.00 13.00 19.00 13.00 19.00 7.00 0.00 0.00 0.00 0.00 0.00
287.00 22.00 15.00 51.00 115.00 36.00 64.00 0.08 3.35 1.00 2.00 0.50 4.00 9.00 18.00 13.00 13.00 9.00 0.00 0.00 0.00 0.00 0.00
288.00 21.00 15.00 48.00 106.00 33.00 58.00 0.08 3.78 0.00 0.00 0.00 5.00 11.00 16.00 10.00 18.00 3.00 0.00 0.00 0.00 0.00 0.00
289.00 18.00 15.00 45.00 85.00 30.00 40.00 0.08 4.79 0.00 1.00 0.00 3.00 12.00 15.00 6.00 16.00 2.00 0.00 0.00 0.00 0.00 0.00
290.00 24.00 27.00 60.00 113.00 33.00 53.00 0.08 4.13 0.00 0.00 0.00 5.00 12.00 19.00 12.00 19.00 5.00 0.00 0.00 0.00 0.00 0.00
291.00 16.00 16.00 41.00 81.00 25.00 40.00 0.09 1.71 0.00 0.00 0.00 1.00 6.00 15.00 10.00 12.00 4.00 0.00 0.00 0.00 0.00 0.00
292.00 19.00 22.00 48.00 94.00 26.00 46.00 0.10 3.15 0.00 1.00 0.00 6.00 12.00 13.00 7.00 16.00 3.00 0.00 0.00 0.00 0.00 0.00
293.00 21.00 15.00 43.00 105.00 28.00 62.00 0.08 4.21 0.00 1.00 0.00 5.00 10.00 16.00 11.00 14.00 7.00 0.00 0.00 0.00 0.00 0.00
294.00 17.00 9.00 42.00 87.00 33.00 45.00 0.10 2.41 0.00 1.00 0.00 8.00 12.00 9.00 5.00 15.00 2.00 0.00 0.00 0.00 0.00 0.00
295.00 17.00 13.00 36.00 75.00 23.00 39.00 0.07 3.17 0.00 1.00 0.00 5.00 11.00 12.00 6.00 12.00 5.00 0.00 0.00 0.00 0.00 0.00
296.00 17.00 14.00 42.00 82.00 28.00 40.00 0.09 2.40 0.00 2.00 0.00 4.00 8.00 13.00 9.00 10.00 7.00 0.00 0.00 0.00 0.00 0.00
297.00 19.00 12.00 44.00 88.00 32.00 44.00 0.09 2.03 0.00 1.00 0.00 7.00 12.00 12.00 7.00 14.00 5.00 0.00 0.00 0.00 0.00 0.00
298.00 16.00 10.00 36.00 84.00 26.00 48.00 0.08 1.77 0.00 1.00 0.00 2.00 6.00 14.00 10.00 7.00 9.00 0.00 0.00 0.00 0.00 0.00
299.00 15.00 13.00 43.00 73.00 30.00 30.00 0.09 0.52 0.00 1.00 0.00 6.00 6.00 9.00 9.00 9.00 6.00 0.00 0.00 0.00 0.00 0.00
300.00 19.00 18.00 47.00 91.00 29.00 44.00 0.08 1.73 0.00 1.00 0.00 5.00 11.00 14.00 8.00 16.00 3.00 0.00 0.00 0.00 0.00 0.00
301.00 13.00 10.00 27.00 63.00 17.00 36.00 0.08 0.52 0.00 2.00 0.00 3.00 6.00 10.00 7.00 10.00 3.00 0.00 0.00 0.00 0.00 0.00
302.00 15.00 15.00 44.00 74.00 29.00 30.00 0.10 0.50 0.00 2.00 0.00 0.00 4.00 15.00 11.00 9.00 6.00 0.00 0.00 0.00 0.00 1.00
303.00 8.00 1.00 12.00 38.00 11.00 26.00 0.08 0.41 0.00 0.00 0.00 2.00 3.00 6.00 5.00 4.00 4.00 0.00 0.00 0.00 0.00 0.00
304.00 18.00 15.00 47.00 91.00 32.00 44.00 0.08 0.63 0.00 2.00 0.00 2.00 7.00 16.00 11.00 12.00 6.00 0.00 0.00 0.00 1.00 0.00
305.00 13.00 14.00 32.00 66.00 18.00 34.00 0.10 0.44 0.00 2.00 0.00 2.00 6.00 11.00 7.00 8.00 5.00 0.00 0.00 0.00 0.00 0.00
306.00 9.00 3.00 15.00 39.00 12.00 24.00 0.08 0.42 0.00 2.00 0.00 4.00 7.00 5.00 2.00 7.00 2.00 0.00 0.00 0.00 0.00 0.00
307.00 6.00 2.00 9.00 25.00 7.00 16.00 0.09 0.20 0.00 0.00 0.00 2.00 3.00 4.00 3.00 5.00 1.00 0.00 0.00 0.00 0.00 0.00
308.00 11.00 8.00 23.00 52.00 15.00 29.00 0.08 0.43 0.00 1.00 0.00 3.00 7.00 8.00 4.00 9.00 2.00 0.00 0.00 0.00 0.00 0.00
309.00 11.00 11.00 25.00 53.00 14.00 28.00 0.08 0.41 0.00 1.00 0.00 5.00 5.00 6.00 6.00 5.00 6.00 0.00 0.00 0.00 0.00 0.00
310.00 14.00 18.00 37.00 71.00 19.00 34.00 0.09 1.67 0.00 1.00 0.00 3.00 6.00 11.00 8.00 8.00 6.00 0.00 0.00 0.00 0.00 0.00
311.00 13.00 14.00 35.00 65.00 21.00 30.00 0.08 1.69 0.00 1.00 0.00 2.00 5.00 11.00 8.00 7.00 6.00 0.00 0.00 0.00 0.00 0.00
312.00 12.00 8.00 24.00 53.00 16.00 29.00 0.09 1.73 0.00 1.00 0.00 2.00 7.00 10.00 5.00 11.00 1.00 0.00 0.00 0.00 0.00 0.00
313.00 10.00 6.00 21.00 41.00 15.00 20.00 0.07 0.41 0.00 0.00 0.00 3.00 5.00 7.00 5.00 7.00 3.00 0.00 0.00 0.00 0.00 0.00
314.00 12.00 7.00 25.00 60.00 18.00 35.00 0.09 1.86 1.00 0.00 0.00 1.00 7.00 11.00 5.00 10.00 2.00 0.00 0.00 0.00 0.00 0.00
315.00 13.00 8.00 26.00 66.00 18.00 40.00 0.08 0.49 0.00 0.00 0.00 3.00 8.00 10.00 5.00 11.00 2.00 0.00 0.00 0.00 0.00 0.00
316.00 14.00 9.00 24.00 65.00 15.00 41.00 0.07 0.71 0.00 0.00 0.00 4.00 8.00 10.00 6.00 11.00 3.00 0.00 0.00 0.00 0.00 0.00
317.00 6.00 2.00 7.00 25.00 5.00 18.00 0.08 0.30 0.00 0.00 0.00 3.00 5.00 3.00 1.00 6.00 0.00 0.00 0.00 0.00 0.00 0.00
318.00 15.00 13.00 39.00 70.00 26.00 31.00 0.09 0.65 0.00 0.00 0.00 2.00 9.00 13.00 6.00 11.00 4.00 0.00 0.00 1.00 0.00 0.00
319.00 13.00 13.00 31.00 60.00 18.00 29.00 0.08 0.50 0.00 0.00 0.00 4.00 6.00 9.00 7.00 8.00 5.00 0.00 0.00 0.00 0.00 0.00
320.00 14.00 8.00 24.00 65.00 16.00 41.00 0.08 1.84 0.00 0.00 0.00 7.00 10.00 7.00 4.00 12.00 2.00 0.00 0.00 0.00 0.00 0.00
321.00 11.00 9.00 19.00 47.00 10.00 28.00 0.10 1.78 0.00 0.00 0.00 3.00 5.00 8.00 6.00 9.00 2.00 0.00 0.00 0.00 0.00 0.00
322.00 9.00 4.00 14.00 39.00 10.00 25.00 0.08 0.40 0.00 0.00 0.00 3.00 6.00 6.00 3.00 7.00 2.00 0.00 0.00 0.00 0.00 0.00
323.00 9.00 7.00 16.00 42.00 9.00 26.00 0.09 0.43 0.00 0.00 0.00 3.00 6.00 6.00 3.00 8.00 1.00 0.00 0.00 0.00 0.00 0.00
324.00 9.00 6.00 16.00 37.00 10.00 21.00 0.09 0.53 0.00 0.00 0.00 3.00 7.00 6.00 2.00 8.00 1.00 0.00 0.00 0.00 0.00 0.00
325.00 3.00 0.00 2.00 10.00 2.00 8.00 0.09 0.18 0.00 0.00 0.00 2.00 3.00 1.00 0.00 3.00 0.00 0.00 0.00 0.00 0.00 0.00
326.00 4.00 0.00 3.00 15.00 3.00 12.00 0.06 0.28 0.00 0.00 0.00 2.00 4.00 2.00 0.00 4.00 0.00 0.00 0.00 0.00 0.00 0.00
327.00 4.00 0.00 2.00 15.00 2.00 13.00 0.08 0.26 0.00 0.00 0.00 2.00 4.00 2.00 0.00 4.00 0.00 0.00 0.00 0.00 0.00 0.00
328.00 4.00 0.00 2.00 16.00 2.00 14.00 0.09 0.24 0.00 0.00 0.00 1.00 3.00 3.00 1.00 4.00 0.00 0.00 0.00 0.00 0.00 0.00
329.00 4.00 0.00 0.00 1.00 0.00 1.00 0.08 0.13 0.00 0.00 0.00 3.00 3.00 1.00 1.00 4.00 0.00 0.00 0.00 0.00 0.00 0.00
330.00 3.00 0.00 0.00 8.00 0.00 8.00 0.08 0.31 0.00 0.00 0.00 2.00 3.00 1.00 0.00 3.00 0.00 0.00 0.00 0.00 0.00 0.00
331.00 4.00 1.00 4.00 14.00 3.00 10.00 0.09 0.16 0.00 0.00 0.00 2.00 4.00 2.00 0.00 4.00 0.00 0.00 0.00 0.00 0.00 0.00
332.00 4.00 0.00 4.00 15.00 4.00 11.00 0.08 0.13 0.00 0.00 0.00 2.00 4.00 2.00 0.00 4.00 0.00 0.00 0.00 0.00 0.00 0.00
333.00 2.00 0.00 0.00 0.00 0.00 0.00 0.09 0.28 0.00 0.00 0.00 2.00 2.00 0.00 0.00 2.00 0.00 0.00 0.00 0.00 0.00 0.00
