0.00 2.00 0.00 0.00 2.00 0.00 2.00 0.08 0.14 0.00 0.00 0.00 2.00 2.00 0.00 0.00 2.00 0.00 0.00 0.00 0.00 0.00 0.00
1.00 3.00 0.00 0.00 2.00 0.00 2.00 0.08 4.59 0.00 0.00 0.00 2.00 3.00 1.00 0.00 3.00 0.00 0.00 0.00 0.00 0.00 0.00
2.00 3.00 0.00 0.00 3.00 0.00 3.00 0.07 0.26 0.00 0.00 0.00 2.00 3.00 1.00 0.00 3.00 0.00 0.00 0.00 0.00 0.00 0.00
3.00 5.00 0.00 1.00 12.00 1.00 11.00 0.08 0.34 0.00 0.00 0.00 3.00 4.00 2.00 1.00 5.00 0.00 0.00 0.00 0.00 0.00 0.00
4.00 4.00 0.00 2.00 10.00 2.00 8.00 0.09 0.21 0.00 0.00 0.00 3.00 3.00 1.00 1.00 4.00 0.00 0.00 0.00 0.00 0.00 0.00
5.00 3.00 0.00 0.00 4.00 0.00 4.00 0.07 0.11 0.00 0.00 0.00 2.00 3.00 1.00 0.00 3.00 0.00 0.00 0.00 0.00 0.00 0.00
6.00 5.00 2.00 8.00 24.00 6.00 16.00 0.07 0.16 0.00 0.00 0.00 4.00 4.00 1.00 1.00 4.00 1.00 0.00 0.00 0.00 0.00 0.00
7.00 5.00 0.00 5.00 15.00 5.00 10.00 0.09 0.20 0.00 0.00 0.00 2.00 5.00 3.00 0.00 5.00 0.00 0.00 0.00 0.00 0.00 0.00
8.00 6.00 2.00 9.00 23.00 7.00 14.00 0.09 0.19 0.00 0.00 0.00 3.00 5.00 3.00 1.00 6.00 0.00 0.00 0.00 0.00 0.00 0.00
9.00 13.00 8.00 32.00 64.00 24.00 32.00 0.09 4.06 0.00 0.00 0.00 4.00 7.00 9.00 6.00 8.00 5.00 0.00 0.00 0.00 0.00 0.00
10.00 9.00 5.00 16.00 40.00 11.00 24.00 0.08 4.78 0.00 0.00 0.00 3.00 7.00 6.00 2.00 8.00 1.00 0.00 0.00 0.00 0.00 0.00
11.00 6.00 1.00 7.00 22.00 6.00 15.00 0.09 2.82 0.00 0.00 0.00 2.00 5.00 4.00 1.00 5.00 1.00 0.00 0.00 0.00 0.00 0.00
12.00 8.00 3.00 15.00 38.00 12.00 23.00 0.09 0.42 0.00 0.00 0.00 3.00 7.00 5.00 1.00 8.00 0.00 0.00 0.00 0.00 0.00 0.00
13.00 11.00 6.00 19.00 45.00 13.00 26.00 0.08 2.99 0.00 0.00 0.00 4.00 9.00 7.00 2.00 11.00 0.00 0.00 0.00 0.00 0.00 0.00
14.00 10.00 6.00 19.00 42.00 13.00 23.00 0.08 1.81 0.00 0.00 0.00 4.00 7.00 6.00 3.00 9.00 1.00 0.00 0.00 0.00 0.00 0.00
15.00 11.00 3.00 20.00 52.00 17.00 32.00 0.08 2.85 0.00 0.00 0.00 4.00 10.00 7.00 1.00 10.00 1.00 0.00 0.00 0.00 0.00 0.00
16.00 13.00 7.00 26.00 56.00 19.00 30.00 0.08 3.55 0.00 0.00 0.00 5.00 6.00 8.00 7.00 8.00 5.00 0.00 0.00 0.00 0.00 0.00
17.00 9.00 5.00 17.00 40.00 12.00 23.00 0.09 0.18 0.00 0.00 0.00 5.00 7.00 4.00 2.00 8.00 1.00 0.00 0.00 0.00 0.00 0.00
18.00 10.00 7.00 21.00 45.00 14.00 24.00 0.08 0.34 0.00 0.00 0.00 4.00 7.00 6.00 3.00 7.00 3.00 0.00 0.00 0.00 0.00 0.00
19.00 8.00 2.00 10.00 33.00 8.00 23.00 0.09 0.41 0.00 0.00 0.00 4.00 7.00 4.00 1.00 7.00 1.00 0.00 0.00 0.00 0.00 0.00
20.00 7.00 0.00 8.00 27.00 8.00 19.00 0.09 0.35 0.00 0.00 0.00 2.00 7.00 5.00 0.00 7.00 0.00 0.00 0.00 0.00 0.00 0.00
21.00 5.00 2.00 8.00 20.00 6.00 12.00 0.08 0.19 0.00 0.00 0.00 2.00 5.00 3.00 0.00 5.00 0.00 0.00 0.00 0.00 0.00 0.00
22.00 12.00 12.00 30.00 53.00 18.00 23.00 0.08 1.63 0.00 0.00 0.00 4.00 8.00 8.00 4.00 9.00 3.00 0.00 0.00 0.00 0.00 0.00
23.00 6.00 0.00 8.00 27.00 8.00 19.00 0.09 4.11 0.00 0.00 0.00 3.00 5.00 3.00 1.00 5.00 1.00 0.00 0.00 0.00 0.00 0.00
24.00 9.00 7.00 19.00 42.00 12.00 23.00 0.09 0.35 0.00 0.00 0.00 3.00 4.00 6.00 5.00 5.00 4.00 0.00 0.00 0.00 0.00 0.00
25.00 12.00 7.00 23.00 56.00 16.00 33.00 0.09 2.65 0.00 1.00 0.00 3.00 6.00 9.00 6.00 9.00 3.00 0.00 0.00 0.00 0.00 0.00
26.00 10.00 6.00 21.00 49.00 15.00 28.00 0.10 3.29 1.00 0.00 0.00 4.00 6.00 6.00 4.00 8.00 2.00 0.00 0.00 0.00 0.00 0.00
27.00 11.00 7.00 21.00 51.00 14.00 30.00 0.07 3.10 1.00 0.00 0.00 3.00 8.00 8.00 3.00 8.00 3.00 0.00 0.00 0.00 0.00 0.00
28.00 17.00 19.00 39.00 77.00 20.00 38.00 0.09 2.98 0.00 0.00 0.00 5.00 12.00 12.00 5.00 15.00 2.00 0.00 0.00 0.00 0.00 0.00
29.00 9.00 3.00 13.00 37.00 10.00 24.00 0.09 3.55 0.00 1.00 0.00 2.00 5.00 7.00 4.00 7.00 2.00 0.00 0.00 0.00 1.00 0.00
30.00 16.00 13.00 35.00 84.00 22.00 49.00 0.09 3.73 1.00 0.00 0.00 4.00 10.00 12.00 6.00 13.00 3.00 0.00 0.00 0.00 0.00 0.00
31.00 15.00 8.00 28.00 68.00 20.00 40.00 0.09 3.97 1.00 0.00 0.00 7.00 10.00 8.00 5.00 11.00 4.00 0.00 0.00 0.00 0.00 0.00
32.00 12.00 9.00 26.00 58.00 17.00 32.00 0.09 3.71 1.00 0.00 0.00 3.00 7.00 9.00 5.00 10.00 2.00 0.00 0.00 0.00 0.00 0.00
33.00 5.00 1.00 4.00 18.00 3.00 14.00 0.08 0.31 0.00 0.00 0.00 2.00 3.00 3.00 2.00 5.00 0.00 0.00 0.00 0.00 0.00 0.00
34.00 18.00 12.00 36.00 85.00 24.00 49.00 0.08 3.69 1.00 0.00 0.00 5.00 10.00 13.00 8.00 15.00 3.00 0.00 0.00 0.00 0.00 0.00
35.00 19.00 11.00 37.00 77.00 26.00 40.00 0.08 3.97 1.00 0.00 0.00 9.00 12.00 10.00 7.00 15.00 4.00 0.00 0.00 0.00 0.00 0.00
36.00 11.00 6.00 21.00 53.00 15.00 32.00 0.08 4.21 0.00 0.00 0.00 3.00 5.00 8.00 6.00 9.00 2.00 0.00 0.00 0.00 0.00 0.00
37.00 20.00 19.00 49.00 98.00 30.00 49.00 0.09 3.52 0.00 0.00 0.00 7.00 12.00 13.00 8.00 15.00 5.00 0.00 0.00 1.00 0.00 0.00
38.00 24.00 27.00 64.00 116.00 37.00 52.00 0.09 4.64 0.00 0.00 0.00 5.00 12.00 19.00 12.00 15.00 9.00 0.00 0.00 0.00 1.00 0.00
39.00 18.00 14.00 39.00 86.00 25.00 47.00 0.09 4.85 1.00 0.00 0.00 6.00 9.00 12.00 9.00 11.00 7.00 0.00 0.00 0.00 1.00 0.00
40.00 19.00 10.00 48.00 100.00 38.00 52.00 0.10 4.93 1.00 0.00 0.00 4.00 7.00 15.00 12.00 11.00 8.00 0.00 0.00 1.00 0.00 0.00
41.00 18.00 14.00 38.00 93.00 24.00 55.00 0.08 4.84 1.00 0.00 0.00 5.00 12.00 13.00 6.00 15.00 3.00 0.00 0.00 0.00 0.00 0.00
42.00 25.00 31.00 76.00 129.00 45.00 53.00 0.09 4.31 1.00 1.00 1.00 6.00 12.00 19.00 13.00 17.00 8.00 0.00 0.00 0.00 0.00 0.00
43.00 24.00 31.00 69.00 125.00 38.00 56.00 0.08 4.72 1.00 2.00 0.50 8.00 9.00 16.00 15.00 12.00 12.00 0.00 0.00 1.00 0.00 0.00
44.00 21.00 18.00 48.00 105.00 30.00 57.00 0.09 4.93 2.00 1.00 2.00 4.00 11.00 17.00 10.00 15.00 6.00 0.00 0.00 0.00 0.00 0.00
45.00 22.00 20.00 47.00 95.00 27.00 48.00 0.09 4.73 2.00 2.00 1.00 6.00 10.00 16.00 12.00 15.00 7.00 0.00 0.00 0.00 0.00 0.00
46.00 14.00 10.00 31.00 70.00 21.00 39.00 0.09 4.70 1.00 0.00 0.00 3.00 7.00 11.00 7.00 9.00 5.00 0.00 0.00 0.00 0.00 0.00
47.00 17.00 16.00 42.00 84.00 26.00 42.00 0.08 4.74 0.00 1.00 0.00 4.00 8.00 13.00 9.00 10.00 7.00 0.00 0.00 0.00 0.00 0.00
48.00 18.00 21.00 47.00 85.00 26.00 38.00 0.09 3.90 1.00 1.00 1.00 2.00 10.00 16.00 8.00 12.00 6.00 0.00 0.00 0.00 0.00 0.00
49.00 23.00 29.00 62.00 108.00 33.00 46.00 0.09 3.84 1.00 2.00 0.50 8.00 9.00 15.00 14.00 13.00 10.00 0.00 0.00 0.00 0.00 0.00
50.00 20.00 19.00 55.00 103.00 36.00 48.00 0.08 4.39 0.00 1.00 0.00 4.00 7.00 16.00 13.00 14.00 6.00 0.00 0.00 0.00 0.00 0.00
51.00 18.00 17.00 44.00 95.00 27.00 51.00 0.09 4.85 0.00 2.00 0.00 4.00 7.00 14.00 11.00 11.00 7.00 0.00 0.00 0.00 0.00 0.00
52.00 25.00 23.00 66.00 115.00 43.00 49.00 0.08 4.96 1.00 3.00 0.33 9.00 12.00 16.00 13.00 14.00 11.00 0.00 0.00 0.00 0.00 0.00
53.00 17.00 20.00 47.00 85.00 27.00 38.00 0.08 4.63 1.00 1.00 1.00 4.00 8.00 13.00 9.00 13.00 4.00 0.00 0.00 0.00 0.00 0.00
54.00 22.00 25.00 57.00 109.00 32.00 52.00 0.07 4.73 1.00 1.00 1.00 4.00 12.00 18.00 10.00 15.00 7.00 0.00 0.00 1.00 0.00 0.00
55.00 25.00 31.00 72.00 122.00 41.00 50.00 0.08 4.52 1.00 0.00 0.00 4.00 12.00 21.00 13.00 16.00 9.00 0.00 0.00 0.00 0.00 0.00
56.00 17.00 18.00 45.00 84.00 27.00 39.00 0.08 4.42 0.00 0.00 0.00 2.00 4.00 15.00 13.00 8.00 9.00 0.00 0.00 0.00 0.00 0.00
57.00 23.00 26.00 59.00 108.00 33.00 49.00 0.08 4.55 1.00 1.00 1.00 7.00 14.00 16.00 9.00 18.00 5.00 0.00 0.00 0.00 0.00 0.00
58.00 26.00 28.00 69.00 126.00 41.00 57.00 0.10 4.82 1.00 1.00 1.00 5.00 12.00 21.00 14.00 14.00 12.00 0.00 0.00 0.00 0.00 0.00
59.00 28.00 41.00 86.00 144.00 45.00 58.00 0.09 4.50 1.00 2.00 0.50 8.00 14.00 20.00 14.00 20.00 8.00 0.00 0.00 0.00 0.00 0.00
60.00 29.00 35.00 87.00 149.00 52.00 62.00 0.07 4.53 1.00 4.00 0.25 7.00 13.00 22.00 16.00 16.00 13.00 0.00 0.00 0.00 0.00 0.00
61.00 27.00 34.00 76.00 136.00 42.00 60.00 0.09 4.70 1.00 3.00 0.33 6.00 9.00 21.00 18.00 12.00 15.00 0.00 0.00 0.00 0.00 0.00
62.00 32.00 57.00 99.00 168.00 42.00 69.00 0.07 4.47 2.00 3.00 0.67 5.00 9.00 27.00 23.00 14.00 18.00 0.00 0.00 0.00 0.00 0.00
63.00 30.00 44.00 93.00 157.00 49.00 64.00 0.08 4.55 1.00 2.00 0.50 7.00 14.00 23.00 16.00 18.00 12.00 0.00 0.00 0.00 0.00 0.00
64.00 34.00 57.00 109.00 176.00 52.00 67.00 0.08 4.51 1.00 3.00 0.33 9.00 13.00 25.00 21.00 18.00 16.00 0.00 0.00 0.00 0.00 0.00
65.00 31.00 45.00 90.00 163.00 45.00 73.00 0.09 4.46 1.00 1.00 1.00 12.00 18.00 19.00 13.00 26.00 5.00 0.00 0.00 0.00 0.00 0.00
66.00 31.00 48.00 92.00 150.00 44.00 58.00 0.08 4.54 1.00 1.00 1.00 8.00 14.00 23.00 17.00 22.00 9.00 0.00 0.00 0.00 0.00 0.00
67.00 26.00 27.00 68.00 126.00 41.00 58.00 0.08 4.81 1.00 1.00 1.00 8.00 14.00 18.00 12.00 19.00 7.00 0.00 0.00 1.00 0.00 0.00
68.00 33.00 43.00 100.00 167.00 57.00 67.00 0.07 4.60 1.00 1.00 1.00 11.00 15.00 22.00 18.00 21.00 12.00 0.00 0.00 0.00 1.00 0.00
69.00 25.00 33.00 74.00 123.00 41.00 49.00 0.08 4.63 1.00 1.00 1.00 4.00 12.00 21.00 13.00 18.00 7.00 0.00 0.00 0.00 1.00 0.00
70.00 24.00 27.00 62.00 115.00 35.00 53.00 0.08 4.71 1.00 2.00 0.50 10.00 16.00 14.00 8.00 19.00 5.00 0.00 0.00 0.00 0.00 0.00
71.00 27.00 36.00 82.00 134.00 46.00 52.00 0.08 4.57 1.00 3.00 0.33 6.00 8.00 21.00 19.00 14.00 13.00 0.00 0.00 0.00 0.00 0.00
72.00 33.00 47.00 98.00 158.00 51.00 60.00 0.08 4.62 1.00 2.00 0.50 9.00 19.00 24.00 14.00 23.00 10.00 0.00 0.00 0.00 0.00 0.00
73.00 33.00 51.00 100.00 166.00 49.00 66.00 0.07 4.74 1.00 3.00 0.33 7.00 15.00 26.00 18.00 24.00 9.00 0.00 0.00 0.00 0.00 0.00
74.00 25.00 24.00 69.00 126.00 45.00 57.00 0.06 4.61 0.00 1.00 0.00 7.00 14.00 18.00 11.00 18.00 7.00 0.00 0.00 1.00 0.00 0.00
75.00 32.00 47.00 99.00 160.00 52.00 61.00 0.08 4.44 2.00 3.00 0.67 6.00 13.00 26.00 19.00 17.00 15.00 0.00 0.00 1.00 0.00 0.00
76.00 33.00 52.00 97.00 167.00 45.00 70.00 0.08 4.51 2.00 4.00 0.50 8.00 13.00 25.00 20.00 16.00 17.00 0.00 0.00 1.00 0.00 0.00
77.00 31.00 36.00 92.00 163.00 56.00 71.00 0.08 4.60 1.00 4.00 0.25 6.00 11.00 25.00 20.00 19.00 12.00 0.00 0.00 0.00 0.00 0.00
78.00 33.00 42.00 95.00 169.00 53.00 74.00 0.08 4.45 1.00 2.00 0.50 8.00 11.00 25.00 22.00 19.00 14.00 0.00 0.00 0.00 0.00 0.00
79.00 31.00 44.00 97.00 162.00 53.00 65.00 0.06 4.50 0.00 2.00 0.00 6.00 15.00 25.00 16.00 19.00 12.00 0.00 0.00 0.00 0.00 0.00
80.00 30.00 44.00 90.00 146.00 46.00 56.00 0.08 4.37 1.00 2.00 0.50 6.00 13.00 24.00 17.00 22.00 8.00 0.00 0.00 0.00 0.00 0.00
81.00 33.00 44.00 94.00 157.00 50.00 63.00 0.10 4.20 1.00 3.00 0.33 5.00 8.00 28.00 25.00 17.00 16.00 0.00 0.00 0.00 1.00 0.00
82.00 34.00 51.00 99.00 170.00 48.00 71.00 0.09 4.38 1.00 3.00 0.33 9.00 16.00 25.00 18.00 20.00 14.00 0.00 0.00 0.00 0.00 0.00
83.00 38.00 57.00 117.00 186.00 60.00 69.00 0.10 4.00 1.00 3.00 0.33 12.00 17.00 26.00 21.00 21.00 17.00 0.00 0.00 0.00 0.00 0.00
84.00 36.00 45.00 109.00 183.00 64.00 74.00 0.10 3.98 2.00 3.00 0.67 8.00 14.00 28.00 22.00 19.00 17.00 0.00 0.00 0.00 0.00 0.00
85.00 37.00 49.00 104.00 186.00 55.00 82.00 0.07 4.40 0.00 2.00 0.00 10.00 14.00 27.00 23.00 21.00 16.00 0.00 0.00 0.00 0.00 0.00
86.00 38.00 55.00 111.00 193.00 56.00 82.00 0.08 4.33 1.00 5.00 0.20 9.00 15.00 29.00 23.00 25.00 13.00 1.00 0.00 0.00 0.00 0.00
87.00 40.00 64.00 131.00 207.00 67.00 76.00 0.07 4.31 1.00 4.00 0.25 8.00 14.00 32.00 26.00 23.00 17.00 0.00 0.00 1.00 1.00 0.00
88.00 35.00 51.00 112.00 172.00 61.00 60.00 0.09 4.44 1.00 5.00 0.20 7.00 14.00 28.00 21.00 21.00 14.00 0.00 0.00 1.00 0.00 0.00
89.00 41.00 64.00 125.00 201.00 61.00 76.00 0.09 4.10 2.00 5.00 0.40 8.00 17.00 33.00 24.00 24.00 17.00 0.00 0.00 1.00 0.00 0.00
90.00 42.00 65.00 124.00 205.00 59.00 81.00 0.09 4.27 1.00 5.00 0.20 11.00 23.00 31.00 19.00 27.00 15.00 0.00 0.00 1.00 0.00 0.00
91.00 37.00 60.00 116.00 193.00 56.00 77.00 0.10 4.27 2.00 4.00 0.50 9.00 11.00 28.00 26.00 20.00 17.00 0.00 0.00 2.00 0.00 0.00
92.00 39.00 66.00 119.00 192.00 53.00 73.00 0.09 4.34 1.00 4.00 0.25 8.00 19.00 31.00 20.00 28.00 11.00 0.00 0.00 0.00 0.00 0.00
93.00 39.00 54.00 111.00 200.00 57.00 89.00 0.08 4.55 1.00 5.00 0.20 8.00 16.00 31.00 23.00 28.00 11.00 0.00 0.00 1.00 1.00 0.00
94.00 39.00 68.00 121.00 193.00 53.00 72.00 0.08 4.34 1.00 5.00 0.20 10.00 16.00 29.00 23.00 25.00 14.00 0.00 0.00 0.00 0.00 0.00
95.00 39.00 53.00 109.00 198.00 56.00 89.00 0.09 4.20 1.00 5.00 0.20 8.00 15.00 31.00 24.00 25.00 14.00 0.00 0.00 1.00 0.00 0.00
96.00 36.00 55.00 123.00 185.00 68.00 62.00 0.09 3.74 1.00 6.00 0.17 9.00 13.00 27.00 23.00 17.00 19.00 0.00 0.00 0.00 0.00 0.00
97.00 33.00 39.00 93.00 167.00 54.00 74.00 0.09 4.10 1.00 6.00 0.17 12.00 16.00 21.00 17.00 20.00 13.00 0.00 0.00 0.00 0.00 0.00
98.00 36.00 53.00 105.00 190.00 52.00 85.00 0.09 3.98 2.00 3.00 0.67 7.00 19.00 29.00 17.00 22.00 14.00 0.00 0.00 1.00 0.00 0.00
99.00 40.00 49.00 108.00 194.00 59.00 86.00 0.08 3.42 1.00 3.00 0.33 5.00 19.00 35.00 21.00 24.00 16.00 0.00 0.00 0.00 0.00 0.00
100.00 34.00 42.00 94.00 178.00 52.00 84.00 0.08 3.53 2.00 4.00 0.50 5.00 12.00 29.00 22.00 16.00 18.00 0.00 0.00 1.00 0.00 0.00
101.00 42.00 52.00 120.00 221.00 68.00 101.00 0.08 3.77 0.00 4.00 0.00 12.00 24.00 30.00 18.00 28.00 14.00 0.00 0.00 1.00 0.00 0.00
102.00 42.00 51.00 121.00 212.00 70.00 91.00 0.09 3.78 1.00 3.00 0.33 8.00 19.00 34.00 23.00 25.00 17.00 0.00 0.00 2.00 0.00 0.00
103.00 37.00 50.00 108.00 195.00 58.00 87.00 0.12 3.83 1.00 4.00 0.25 10.00 15.00 27.00 22.00 20.00 17.00 0.00 0.00 1.00 0.00 0.00
104.00 39.00 59.00 125.00 210.00 66.00 85.00 0.10 3.69 2.00 4.00 0.50 8.00 20.00 31.00 19.00 24.00 15.00 0.00 0.00 0.00 0.00 0.00
105.00 49.00 77.00 146.00 239.00 69.00 93.00 0.09 3.85 2.00 4.00 0.50 12.00 19.00 37.00 30.00 26.00 23.00 0.00 0.00 0.00 0.00 0.00
106.00 48.00 82.00 150.00 243.00 68.00 93.00 0.08 3.92 2.00 5.00 0.40 12.00 18.00 36.00 30.00 26.00 22.00 0.00 0.00 1.00 0.00 0.00
107.00 49.00 83.00 150.00 240.00 67.00 90.00 0.08 3.94 2.00 5.00 0.40 11.00 19.00 38.00 30.00 27.00 22.00 0.00 0.00 2.00 0.00 0.00
108.00 46.00 75.00 147.00 236.00 72.00 89.00 0.10 4.21 2.00 4.00 0.50 8.00 20.00 38.00 26.00 26.00 20.00 0.00 0.00 0.00 0.00 0.00
109.00 42.00 75.00 140.00 223.00 65.00 83.00 0.07 4.29 2.00 5.00 0.40 8.00 18.00 34.00 24.00 24.00 18.00 0.00 0.00 0.00 0.00 0.00
110.00 46.00 73.00 152.00 243.00 79.00 91.00 0.08 4.27 3.00 5.00 0.60 11.00 18.00 35.00 28.00 27.00 19.00 0.00 0.00 2.00 0.00 0.00
111.00 43.00 75.00 131.00 227.00 56.00 96.00 0.09 4.23 3.00 3.00 1.00 7.00 16.00 36.00 27.00 25.00 18.00 0.00 0.00 1.00 0.00 0.00
112.00 41.00 58.00 134.00 216.00 76.00 82.00 0.08 3.87 3.00 4.00 0.75 7.00 18.00 34.00 23.00 21.00 20.00 0.00 0.00 0.00 0.00 0.00
113.00 47.00 73.00 151.00 240.00 78.00 89.00 0.08 3.87 4.00 4.00 1.00 11.00 18.00 36.00 29.00 29.00 18.00 0.00 0.00 1.00 0.00 0.00
114.00 43.00 66.00 124.00 226.00 58.00 102.00 0.08 3.65 3.00 3.00 1.00 7.00 18.00 36.00 25.00 24.00 19.00 0.00 0.00 0.00 0.00 0.00
115.00 43.00 50.00 132.00 228.00 82.00 96.00 0.09 3.96 2.00 1.00 2.00 7.00 14.00 36.00 29.00 25.00 18.00 0.00 0.00 0.00 0.00 0.00
116.00 45.00 75.00 144.00 225.00 69.00 81.00 0.09 3.87 2.00 3.00 0.67 10.00 16.00 35.00 29.00 24.00 21.00 0.00 0.00 1.00 0.00 0.00
117.00 45.00 71.00 148.00 238.00 77.00 90.00 0.09 3.80 2.00 4.00 0.50 11.00 18.00 34.00 27.00 26.00 19.00 0.00 0.00 0.00 0.00 0.00
118.00 40.00 67.00 127.00 208.00 60.00 81.00 0.09 3.36 2.00 3.00 0.67 8.00 20.00 32.00 20.00 29.00 11.00 0.00 0.00 0.00 0.00 0.00
119.00 41.00 55.00 118.00 200.00 63.00 82.00 0.09 2.71 2.00 3.00 0.67 10.00 15.00 31.00 26.00 24.00 17.00 0.00 0.00 0.00 0.00 0.00
120.00 37.00 56.00 114.00 182.00 58.00 68.00 0.08 3.60 2.00 3.00 0.67 10.00 16.00 27.00 21.00 21.00 16.00 0.00 0.00 0.00 0.00 0.00
121.00 32.00 50.00 95.00 166.00 45.00 71.00 0.08 4.10 1.00 3.00 0.33 6.00 14.00 26.00 18.00 19.00 13.00 0.00 0.00 0.00 0.00 0.00
122.00 36.00 45.00 108.00 184.00 63.00 76.00 0.09 3.83 1.00 2.00 0.50 7.00 14.00 29.00 22.00 21.00 15.00 0.00 0.00 0.00 0.00 0.00
123.00 40.00 43.00 113.00 206.00 70.00 93.00 0.09 4.12 1.00 1.00 1.00 9.00 18.00 31.00 22.00 27.00 13.00 0.00 0.00 0.00 0.00 0.00
124.00 33.00 48.00 107.00 171.00 59.00 64.00 0.09 3.94 2.00 2.00 1.00 5.00 12.00 28.00 21.00 16.00 17.00 0.00 0.00 0.00 0.00 0.00
125.00 30.00 34.00 85.00 158.00 51.00 73.00 0.06 4.13 1.00 2.00 0.50 5.00 13.00 25.00 17.00 19.00 11.00 0.00 0.00 0.00 0.00 0.00
126.00 36.00 44.00 105.00 192.00 61.00 87.00 0.09 4.44 2.00 3.00 0.67 8.00 13.00 28.00 23.00 24.00 12.00 0.00 0.00 1.00 0.00 0.00
127.00 34.00 50.00 100.00 184.00 50.00 84.00 0.08 3.87 2.00 3.00 0.67 9.00 16.00 25.00 18.00 22.00 12.00 0.00 0.00 1.00 0.00 0.00
128.00 30.00 38.00 89.00 164.00 51.00 75.00 0.09 4.50 2.00 3.00 0.67 4.00 13.00 26.00 17.00 20.00 10.00 0.00 0.00 0.00 0.00 0.00
129.00 34.00 39.00 97.00 171.00 58.00 74.00 0.08 4.11 1.00 3.00 0.33 8.00 16.00 26.00 18.00 20.00 14.00 0.00 0.00 3.00 0.00 0.00
130.00 35.00 52.00 108.00 179.00 56.00 71.00 0.09 4.17 2.00 4.00 0.50 10.00 18.00 25.00 17.00 24.00 11.00 0.00 0.00 1.00 0.00 0.00
131.00 27.00 26.00 79.00 139.00 53.00 60.00 0.10 4.61 1.00 3.00 0.33 6.00 11.00 21.00 16.00 15.00 12.00 0.00 0.00 0.00 0.00 0.00
132.00 31.00 37.00 78.00 143.00 41.00 65.00 0.10 3.84 1.00 2.00 0.50 9.00 21.00 22.00 10.00 23.00 8.00 0.00 0.00 0.00 0.00 0.00
133.00 24.00 26.00 59.00 115.00 33.00 56.00 0.08 4.53 2.00 1.00 2.00 6.00 13.00 18.00 11.00 17.00 7.00 0.00 0.00 0.00 0.00 0.00
134.00 32.00 40.00 102.00 171.00 62.00 69.00 0.09 4.39 1.00 2.00 0.50 4.00 16.00 28.00 16.00 23.00 9.00 0.00 0.00 0.00 0.00 0.00
135.00 34.00 40.00 99.00 180.00 59.00 81.00 0.06 4.25 1.00 3.00 0.33 4.00 13.00 30.00 21.00 18.00 16.00 0.00 0.00 1.00 0.00 0.00
136.00 32.00 36.00 94.00 169.00 58.00 75.00 0.08 4.24 1.00 2.00 0.50 6.00 13.00 26.00 19.00 19.00 13.00 0.00 0.00 1.00 0.00 0.00
137.00 28.00 31.00 70.00 135.00 39.00 65.00 0.08 4.17 1.00 1.00 1.00 6.00 10.00 22.00 18.00 16.00 12.00 0.00 0.00 0.00 0.00 0.00
138.00 23.00 27.00 67.00 115.00 40.00 48.00 0.09 3.27 1.00 2.00 0.50 5.00 11.00 18.00 12.00 16.00 7.00 0.00 0.00 0.00 0.00 0.00
139.00 30.00 44.00 86.00 155.00 42.00 69.00 0.07 3.76 0.00 1.00 0.00 9.00 12.00 21.00 18.00 16.00 14.00 0.00 0.00 0.00 1.00 0.00
140.00 26.00 30.00 71.00 132.00 41.00 61.00 0.08 3.71 1.00 1.00 1.00 5.00 10.00 21.00 16.00 13.00 13.00 0.00 0.00 0.00 0.00 0.00
141.00 27.00 25.00 65.00 134.00 40.00 69.00 0.10 2.98 1.00 2.00 0.50 12.00 14.00 15.00 13.00 17.00 10.00 0.00 0.00 0.00 0.00 0.00
142.00 27.00 29.00 71.00 135.00 42.00 64.00 0.08 3.36 0.00 1.00 0.00 7.00 14.00 20.00 13.00 16.00 11.00 0.00 0.00 0.00 0.00 0.00
143.00 25.00 25.00 60.00 121.00 35.00 61.00 0.08 2.69 1.00 0.00 0.00 8.00 12.00 17.00 13.00 18.00 7.00 0.00 0.00 0.00 0.00 0.00
144.00 17.00 10.00 39.00 91.00 29.00 52.00 0.09 2.49 1.00 2.00 0.50 5.00 9.00 12.00 8.00 13.00 4.00 0.00 0.00 0.00 0.00 0.00
145.00 28.00 34.00 78.00 137.00 44.00 59.00 0.09 2.51 1.00 2.00 0.50 8.00 14.00 20.00 14.00 20.00 8.00 0.00 0.00 0.00 0.00 0.00
146.00 26.00 20.00 61.00 126.00 41.00 65.00 0.07 1.93 1.00 2.00 0.50 6.00 11.00 20.00 15.00 17.00 9.00 0.00 0.00 0.00 0.00 0.00
147.00 31.00 34.00 88.00 163.00 54.00 75.00 0.08 3.32 1.00 2.00 0.50 8.00 16.00 23.00 15.00 22.00 9.00 0.00 0.00 0.00 0.00 0.00
148.00 22.00 30.00 57.00 119.00 27.00 62.00 0.09 2.43 1.00 2.00 0.50 2.00 6.00 20.00 16.00 13.00 9.00 0.00 0.00 1.00 0.00 0.00
149.00 23.00 25.00 59.00 113.00 34.00 54.00 0.09 3.34 1.00 1.00 1.00 3.00 11.00 20.00 12.00 16.00 7.00 0.00 0.00 1.00 0.00 0.00
150.00 21.00 16.00 49.00 107.00 33.00 58.00 0.09 2.96 1.00 1.00 1.00 5.00 10.00 16.00 11.00 15.00 6.00 0.00 0.00 0.00 0.00 0.00
151.00 33.00 40.00 91.00 165.00 51.00 74.00 0.09 3.59 2.00 0.00 0.00 6.00 18.00 27.00 15.00 23.00 10.00 0.00 0.00 0.00 0.00 0.00
152.00 26.00 25.00 75.00 136.00 50.00 61.00 0.10 3.88 1.00 1.00 1.00 4.00 8.00 22.00 18.00 14.00 12.00 0.00 0.00 0.00 0.00 0.00
153.00 28.00 34.00 80.00 138.00 46.00 58.00 0.10 3.52 0.00 2.00 0.00 8.00 15.00 20.00 13.00 18.00 10.00 0.00 0.00 0.00 0.00 0.00
154.00 21.00 29.00 61.00 108.00 32.00 47.00 0.08 2.52 0.00 1.00 0.00 2.00 10.00 19.00 11.00 13.00 8.00 0.00 0.00 0.00 0.00 0.00
155.00 22.00 23.00 56.00 118.00 33.00 62.00 0.10 2.50 1.00 2.00 0.50 8.00 10.00 14.00 12.00 16.00 6.00 0.00 0.00 0.00 0.00 0.00
156.00 23.00 25.00 59.00 109.00 34.00 50.00 0.10 3.12 1.00 1.00 1.00 7.00 11.00 16.00 12.00 16.00 7.00 0.00 0.00 1.00 0.00 0.00
157.00 19.00 16.00 45.00 91.00 29.00 46.00 0.09 2.59 0.00 2.00 0.00 5.00 10.00 14.00 9.00 17.00 2.00 0.00 0.00 0.00 0.00 0.00
158.00 27.00 31.00 70.00 135.00 39.00 65.00 0.09 3.44 0.00 0.00 0.00 11.00 14.00 16.00 13.00 17.00 10.00 0.00 0.00 0.00 0.00 0.00
159.00 9.00 2.00 11.00 44.00 9.00 33.00 0.09 0.50 1.00 0.00 0.00 6.00 7.00 3.00 2.00 7.00 2.00 0.00 0.00 0.00 0.00 0.00
160.00 21.00 16.00 49.00 103.00 33.00 54.00 0.09 4.23 0.00 1.00 0.00 7.00 11.00 14.00 10.00 12.00 9.00 0.00 0.00 0.00 0.00 0.00
161.00 21.00 19.00 55.00 104.00 36.00 49.00 0.09 3.39 1.00 1.00 1.00 10.00 13.00 11.00 8.00 16.00 5.00 0.00 0.00 0.00 0.00 0.00
162.00 20.00 15.00 43.00 99.00 28.00 56.00 0.10 3.53 1.00 0.00 0.00 3.00 12.00 17.00 8.00 17.00 3.00 0.00 0.00 1.00 0.00 0.00
163.00 22.00 26.00 58.00 116.00 32.00 58.00 0.08 4.13 1.00 0.00 0.00 4.00 11.00 18.00 11.00 12.00 10.00 0.00 0.00 0.00 0.00 0.00
164.00 22.00 22.00 59.00 110.00 37.00 51.00 0.09 3.91 1.00 1.00 1.00 2.00 10.00 20.00 12.00 13.00 9.00 0.00 0.00 0.00 0.00 0.00
165.00 23.00 18.00 60.00 118.00 42.00 58.00 0.10 3.78 1.00 1.00 1.00 6.00 14.00 17.00 9.00 16.00 7.00 0.00 0.00 0.00 0.00 0.00
166.00 19.00 24.00 51.00 93.00 27.00 42.00 0.08 4.07 0.00 2.00 0.00 6.00 8.00 13.00 11.00 11.00 8.00 0.00 0.00 0.00 0.00 0.00
167.00 20.00 16.00 51.00 101.00 35.00 50.00 0.09 2.98 1.00 2.00 0.50 5.00 9.00 15.00 11.00 13.00 7.00 0.00 0.00 0.00 0.00 0.00
168.00 20.00 22.00 48.00 93.00 26.00 45.00 0.10 3.40 0.00 1.00 0.00 6.00 12.00 14.00 8.00 13.00 7.00 0.00 0.00 1.00 0.00 0.00
169.00 15.00 12.00 29.00 65.00 17.00 36.00 0.08 1.63 0.00 0.00 0.00 7.00 8.00 8.00 7.00 9.00 6.00 0.00 0.00 1.00 0.00 0.00
170.00 20.00 18.00 49.00 94.00 31.00 45.00 0.09 3.98 0.00 0.00 0.00 8.00 9.00 12.00 11.00 13.00 7.00 0.00 0.00 0.00 2.00 0.00
171.00 18.00 15.00 38.00 84.00 23.00 46.00 0.08 3.93 0.00 0.00 0.00 5.00 12.00 13.00 6.00 14.00 4.00 0.00 0.00 0.00 0.00 0.00
172.00 13.00 8.00 30.00 65.00 22.00 35.00 0.08 4.12 0.00 0.00 0.00 5.00 7.00 8.00 6.00 11.00 2.00 0.00 0.00 0.00 0.00 0.00
173.00 15.00 15.00 38.00 67.00 23.00 29.00 0.09 3.12 0.00 1.00 0.00 7.00 8.00 8.00 7.00 10.00 5.00 0.00 0.00 0.00 0.00 0.00
174.00 7.00 2.00 8.00 29.00 6.00 21.00 0.09 3.95 0.00 1.00 0.00 3.00 6.00 4.00 1.00 7.00 0.00 0.00 0.00 0.00 0.00 0.00
175.00 17.00 12.00 38.00 75.00 26.00 37.00 0.09 3.57 0.00 0.00 0.00 5.00 11.00 12.00 6.00 14.00 3.00 0.00 0.00 0.00 0.00 0.00
176.00 12.00 12.00 31.00 60.00 19.00 29.00 0.09 1.64 0.00 0.00 0.00 5.00 7.00 7.00 5.00 8.00 4.00 0.00 0.00 0.00 0.00 0.00
177.00 15.00 10.00 32.00 67.00 22.00 35.00 0.09 3.20 0.00 1.00 0.00 3.00 7.00 12.00 8.00 11.00 4.00 0.00 0.00 0.00 0.00 0.00
178.00 16.00 16.00 41.00 74.00 25.00 33.00 0.08 3.76 0.00 1.00 0.00 4.00 8.00 12.00 8.00 12.00 4.00 0.00 0.00 0.00 0.00 0.00
179.00 14.00 17.00 35.00 68.00 18.00 33.00 0.09 2.74 0.00 2.00 0.00 5.00 7.00 9.00 7.00 12.00 2.00 0.00 0.00 0.00 0.00 0.00
180.00 13.00 8.00 27.00 64.00 19.00 37.00 0.08 3.55 0.00 0.00 0.00 1.00 6.00 12.00 7.00 9.00 4.00 0.00 0.00 0.00 0.00 0.00
181.00 10.00 6.00 20.00 47.00 14.00 27.00 0.08 3.48 0.00 0.00 0.00 5.00 6.00 5.00 4.00 7.00 3.00 0.00 0.00 0.00 0.00 0.00
182.00 4.00 0.00 2.00 11.00 2.00 9.00 0.09 0.29 0.00 0.00 0.00 3.00 3.00 1.00 1.00 4.00 0.00 0.00 0.00 0.00 0.00 0.00
183.00 17.00 14.00 42.00 77.00 28.00 35.00 0.09 4.62 0.00 0.00 0.00 6.00 9.00 11.00 8.00 12.00 5.00 0.00 0.00 0.00 0.00 0.00
184.00 8.00 3.00 12.00 36.00 9.00 24.00 0.08 3.70 0.00 0.00 0.00 4.00 6.00 4.00 2.00 7.00 1.00 0.00 0.00 0.00 0.00 0.00
185.00 6.00 1.00 8.00 25.00 7.00 17.00 0.08 2.85 0.00 0.00 0.00 2.00 4.00 4.00 2.00 6.00 0.00 0.00 0.00 0.00 0.00 0.00
186.00 8.00 3.00 14.00 39.00 11.00 25.00 0.08 4.98 0.00 0.00 0.00 3.00 5.00 5.00 3.00 6.00 2.00 0.00 0.00 1.00 0.00 0.00
187.00 13.00 8.00 30.00 63.00 22.00 33.00 0.08 4.34 0.00 1.00 0.00 5.00 10.00 8.00 3.00 10.00 3.00 0.00 0.00 0.00 0.00 0.00
188.00 17.00 16.00 42.00 82.00 26.00 40.00 0.09 4.76 0.00 2.00 0.00 4.00 6.00 13.00 11.00 7.00 10.00 0.00 0.00 0.00 0.00 0.00
189.00 18.00 14.00 43.00 89.00 29.00 46.00 0.08 4.92 0.00 1.00 0.00 4.00 9.00 14.00 9.00 15.00 3.00 0.00 0.00 0.00 0.00 0.00
190.00 16.00 15.00 39.00 72.00 24.00 33.00 0.09 4.76 0.00 1.00 0.00 5.00 8.00 11.00 8.00 10.00 6.00 0.00 0.00 0.00 0.00 0.00
191.00 16.00 14.00 38.00 79.00 24.00 41.00 0.08 4.03 0.00 1.00 0.00 3.00 8.00 13.00 8.00 11.00 5.00 0.00 0.00 0.00 0.00 0.00
192.00 17.00 14.00 39.00 79.00 25.00 40.00 0.07 4.61 0.00 1.00 0.00 6.00 9.00 11.00 8.00 10.00 7.00 0.00 0.00 0.00 0.00 0.00
193.00 21.00 16.00 47.00 95.00 31.00 48.00 0.07 4.51 0.00 1.00 0.00 7.00 11.00 14.00 10.00 15.00 6.00 0.00 0.00 0.00 0.00 0.00
194.00 10.00 9.00 23.00 48.00 14.00 25.00 0.10 4.92 0.00 1.00 0.00 4.00 6.00 6.00 4.00 8.00 2.00 0.00 0.00 0.00 0.00 0.00
195.00 17.00 11.00 35.00 74.00 24.00 39.00 0.08 4.36 0.00 1.00 0.00 6.00 11.00 11.00 6.00 16.00 1.00 0.00 0.00 0.00 0.00 0.00
196.00 13.00 9.00 31.00 65.00 22.00 34.00 0.08 4.68 0.00 0.00 0.00 2.00 6.00 11.00 7.00 10.00 3.00 0.00 0.00 0.00 0.00 0.00
197.00 17.00 9.00 39.00 81.00 30.00 42.00 0.08 4.59 0.00 1.00 0.00 8.00 12.00 9.00 5.00 15.00 2.00 0.00 0.00 0.00 0.00 0.00
198.00 11.00 6.00 22.00 53.00 16.00 31.00 0.08 4.39 0.00 0.00 0.00 5.00 7.00 6.00 4.00 9.00 2.00 0.00 0.00 0.00 0.00 0.00
199.00 12.00 10.00 29.00 55.00 19.00 26.00 0.09 4.91 0.00 0.00 0.00 2.00 7.00 10.00 5.00 10.00 2.00 0.00 0.00 0.00 0.00 0.00
200.00 7.00 1.00 9.00 27.00 8.00 18.00 0.09 2.69 0.00 0.00 0.00 3.00 5.00 4.00 2.00 6.00 1.00 0.00 0.00 0.00 0.00 0.00
201.00 4.00 0.00 4.00 13.00 4.00 9.00 0.10 0.08 0.00 0.00 0.00 2.00 4.00 2.00 0.00 4.00 0.00 0.00 0.00 0.00 0.00 0.00
202.00 9.00 3.00 16.00 41.00 13.00 25.00 0.08 3.47 0.00 0.00 0.00 4.00 6.00 5.00 3.00 7.00 2.00 0.00 0.00 0.00 0.00 0.00
203.00 14.00 12.00 33.00 65.00 21.00 32.00 0.09 4.48 0.00 1.00 0.00 4.00 6.00 10.00 8.00 11.00 3.00 0.00 0.00 0.00 0.00 0.00
204.00 6.00 0.00 3.00 25.00 3.00 22.00 0.09 4.27 0.00 1.00 0.00 2.00 6.00 4.00 0.00 6.00 0.00 0.00 0.00 0.00 0.00 0.00
205.00 11.00 3.00 20.00 49.00 17.00 29.00 0.07 4.38 0.00 1.00 0.00 3.00 7.00 8.00 4.00 9.00 2.00 0.00 0.00 0.00 0.00 0.00
206.00 13.00 1.00 24.00 55.00 23.00 31.00 0.10 3.84 0.00 0.00 0.00 6.00 9.00 7.00 4.00 11.00 2.00 0.00 0.00 0.00 0.00 0.00
207.00 3.00 0.00 1.00 10.00 1.00 9.00 0.08 0.19 0.00 0.00 0.00 2.00 3.00 1.00 0.00 3.00 0.00 0.00 0.00 0.00 0.00 0.00
208.00 5.00 0.00 6.00 21.00 6.00 15.00 0.10 4.65 0.00 1.00 0.00 2.00 4.00 3.00 1.00 4.00 1.00 0.00 0.00 0.00 0.00 0.00
209.00 5.00 1.00 6.00 17.00 5.00 11.00 0.08 0.31 0.00 0.00 0.00 2.00 4.00 3.00 1.00 4.00 1.00 0.00 0.00 0.00 0.00 0.00
210.00 4.00 0.00 0.00 15.00 0.00 15.00 0.09 3.72 0.00 0.00 0.00 2.00 4.00 2.00 0.00 4.00 0.00 0.00 0.00 0.00 0.00 0.00
211.00 6.00 0.00 3.00 17.00 3.00 14.00 0.09 4.29 0.00 0.00 0.00 3.00 5.00 3.00 1.00 6.00 0.00 0.00 0.00 0.00 0.00 0.00
212.00 2.00 0.00 0.00 1.00 0.00 1.00 0.09 5.90 0.00 0.00 0.00 2.00 2.00 0.00 0.00 2.00 0.00 0.00 0.00 0.00 0.00 0.00
