0.00 3.00 0.00 2.00 10.00 2.00 8.00 0.08 0.11 0.00 0.00 0.00 2.00 3.00 1.00 0.00 3.00 0.00 0.00 0.00 0.00 0.00 0.00
1.00 3.00 0.00 0.00 1.00 0.00 1.00 0.08 4.07 0.00 0.00 0.00 2.00 3.00 1.00 0.00 3.00 0.00 0.00 0.00 0.00 0.00 0.00
2.00 4.00 0.00 0.00 10.00 0.00 10.00 0.10 0.17 0.00 0.00 0.00 2.00 4.00 2.00 0.00 4.00 0.00 0.00 0.00 0.00 0.00 0.00
3.00 8.00 3.00 12.00 37.00 9.00 25.00 0.08 5.05 0.00 0.00 0.00 3.00 5.00 5.00 3.00 8.00 0.00 0.00 0.00 0.00 0.00 0.00
4.00 5.00 1.00 5.00 19.00 4.00 14.00 0.07 3.47 0.00 0.00 0.00 2.00 5.00 3.00 0.00 5.00 0.00 0.00 0.00 0.00 0.00 0.00
5.00 4.00 0.00 2.00 14.00 2.00 12.00 0.06 0.37 0.00 0.00 0.00 3.00 3.00 1.00 1.00 4.00 0.00 0.00 0.00 0.00 0.00 0.00
6.00 7.00 2.00 10.00 29.00 8.00 19.00 0.06 5.33 0.00 0.00 0.00 2.00 5.00 5.00 2.00 7.00 0.00 0.00 0.00 0.00 0.00 0.00
7.00 7.00 2.00 11.00 28.00 9.00 17.00 0.09 5.33 0.00 0.00 0.00 4.00 6.00 3.00 1.00 6.00 1.00 0.00 0.00 0.00 0.00 0.00
8.00 6.00 0.00 5.00 22.00 5.00 17.00 0.08 2.93 0.00 0.00 0.00 2.00 6.00 4.00 0.00 6.00 0.00 0.00 0.00 0.00 0.00 0.00
9.00 6.00 0.00 7.00 24.00 7.00 17.00 0.07 2.94 0.00 0.00 0.00 4.00 4.00 2.00 2.00 6.00 0.00 0.00 0.00 0.00 0.00 0.00
10.00 8.00 0.00 7.00 28.00 7.00 21.00 0.07 2.43 0.00 0.00 0.00 3.00 7.00 5.00 1.00 8.00 0.00 0.00 0.00 0.00 0.00 0.00
11.00 5.00 1.00 5.00 19.00 4.00 14.00 0.09 0.31 0.00 0.00 0.00 3.00 4.00 2.00 1.00 5.00 0.00 0.00 0.00 0.00 0.00 0.00
12.00 4.00 0.00 0.00 14.00 0.00 14.00 0.09 5.09 0.00 0.00 0.00 3.00 3.00 1.00 1.00 4.00 0.00 0.00 0.00 0.00 0.00 0.00
13.00 4.00 0.00 1.00 9.00 1.00 8.00 0.09 3.38 0.00 0.00 0.00 2.00 4.00 2.00 0.00 4.00 0.00 0.00 0.00 0.00 0.00 0.00
14.00 3.00 0.00 1.00 7.00 1.00 6.00 0.09 4.87 0.00 0.00 0.00 2.00 3.00 1.00 0.00 3.00 0.00 0.00 0.00 0.00 0.00 0.00
15.00 9.00 3.00 11.00 36.00 8.00 25.00 0.07 5.08 0.00 0.00 0.00 3.00 6.00 6.00 3.00 7.00 2.00 0.00 0.00 0.00 0.00 0.00
16.00 7.00 1.00 10.00 29.00 9.00 19.00 0.08 4.27 0.00 0.00 0.00 4.00 5.00 3.00 2.00 7.00 0.00 0.00 0.00 0.00 0.00 0.00
17.00 8.00 3.00 14.00 35.00 11.00 21.00 0.07 5.17 0.00 0.00 0.00 2.00 7.00 6.00 1.00 7.00 1.00 0.00 0.00 0.00 0.00 0.00
18.00 9.00 2.00 6.00 26.00 4.00 20.00 0.09 3.27 0.00 0.00 0.00 2.00 6.00 7.00 3.00 8.00 1.00 0.00 0.00 0.00 0.00 0.00
19.00 9.00 5.00 17.00 38.00 12.00 21.00 0.08 5.03 0.00 0.00 0.00 3.00 7.00 6.00 2.00 8.00 1.00 0.00 0.00 0.00 0.00 0.00
20.00 10.00 6.00 21.00 50.00 15.00 29.00 0.09 4.98 0.00 1.00 0.00 1.00 5.00 9.00 5.00 7.00 3.00 0.00 0.00 0.00 0.00 0.00
21.00 11.00 3.00 20.00 50.00 17.00 30.00 0.08 1.94 0.00 1.00 0.00 4.00 8.00 7.00 3.00 10.00 1.00 0.00 0.00 0.00 0.00 0.00
22.00 11.00 10.00 26.00 50.00 16.00 24.00 0.09 4.94 0.00 1.00 0.00 5.00 5.00 6.00 6.00 6.00 5.00 0.00 0.00 0.00 0.00 0.00
23.00 21.00 17.00 42.00 94.00 25.00 52.00 0.08 4.89 0.00 1.00 0.00 6.00 13.00 15.00 8.00 17.00 4.00 0.00 0.00 0.00 0.00 0.00
24.00 10.00 6.00 20.00 46.00 14.00 26.00 0.09 3.60 0.00 1.00 0.00 3.00 4.00 7.00 6.00 5.00 5.00 0.00 0.00 0.00 0.00 0.00
25.00 13.00 10.00 29.00 62.00 19.00 33.00 0.08 4.98 0.00 0.00 0.00 5.00 8.00 8.00 5.00 10.00 3.00 0.00 0.00 0.00 0.00 0.00
26.00 15.00 7.00 33.00 77.00 26.00 44.00 0.07 4.46 0.00 0.00 0.00 3.00 8.00 12.00 7.00 11.00 4.00 0.00 0.00 0.00 0.00 0.00
27.00 11.00 7.00 23.00 50.00 16.00 27.00 0.09 4.44 0.00 0.00 0.00 6.00 6.00 5.00 5.00 7.00 4.00 0.00 0.00 0.00 0.00 0.00
28.00 17.00 11.00 41.00 77.00 30.00 36.00 0.08 5.40 0.00 1.00 0.00 5.00 8.00 12.00 9.00 15.00 2.00 0.00 0.00 0.00 0.00 0.00
29.00 17.00 11.00 36.00 81.00 25.00 45.00 0.09 5.30 0.00 0.00 0.00 5.00 8.00 12.00 9.00 14.00 3.00 0.00 0.00 0.00 0.00 0.00
30.00 17.00 12.00 42.00 84.00 30.00 42.00 0.07 4.78 0.00 1.00 0.00 3.00 13.00 14.00 4.00 14.00 3.00 0.00 0.00 0.00 0.00 0.00
31.00 15.00 9.00 30.00 72.00 21.00 42.00 0.08 4.60 0.00 0.00 0.00 6.00 10.00 9.00 5.00 11.00 4.00 0.00 0.00 0.00 0.00 0.00
32.00 15.00 10.00 31.00 72.00 21.00 41.00 0.09 5.13 0.00 1.00 0.00 5.00 9.00 10.00 6.00 11.00 4.00 0.00 0.00 0.00 0.00 0.00
33.00 16.00 8.00 36.00 80.00 28.00 44.00 0.08 4.79 0.00 1.00 0.00 5.00 10.00 11.00 6.00 13.00 3.00 0.00 0.00 0.00 0.00 0.00
34.00 14.00 7.00 33.00 71.00 26.00 38.00 0.09 4.58 0.00 1.00 0.00 3.00 8.00 11.00 6.00 10.00 4.00 0.00 0.00 1.00 0.00 0.00
35.00 17.00 12.00 37.00 83.00 25.00 46.00 0.10 4.39 0.00 0.00 0.00 1.00 11.00 16.00 6.00 15.00 2.00 0.00 0.00 0.00 0.00 0.00
36.00 14.00 10.00 27.00 59.00 17.00 32.00 0.09 4.23 0.00 0.00 0.00 4.00 6.00 10.00 8.00 8.00 6.00 0.00 0.00 0.00 0.00 0.00
37.00 11.00 6.00 19.00 44.00 13.00 25.00 0.08 3.30 0.00 0.00 0.00 4.00 8.00 7.00 3.00 8.00 3.00 0.00 0.00 0.00 0.00 0.00
38.00 21.00 15.00 48.00 104.00 33.00 56.00 0.08 3.92 0.00 0.00 0.00 7.00 10.00 14.00 11.00 16.00 5.00 0.00 0.00 1.00 0.00 0.00
39.00 23.00 16.00 52.00 109.00 36.00 57.00 0.08 4.50 0.00 0.00 0.00 9.00 11.00 14.00 12.00 15.00 8.00 0.00 0.00 0.00 0.00 0.00
40.00 22.00 16.00 49.00 108.00 33.00 59.00 0.07 3.73 0.00 1.00 0.00 11.00 15.00 11.00 7.00 18.00 4.00 0.00 0.00 0.00 0.00 0.00
41.00 17.00 12.00 41.00 81.00 29.00 40.00 0.09 2.42 0.00 0.00 0.00 6.00 11.00 11.00 6.00 13.00 4.00 0.00 0.00 0.00 0.00 0.00
42.00 26.00 23.00 70.00 133.00 47.00 63.00 0.08 3.93 0.00 1.00 0.00 12.00 14.00 14.00 12.00 20.00 6.00 0.00 0.00 0.00 0.00 0.00
43.00 22.00 11.00 50.00 109.00 39.00 59.00 0.09 4.11 0.00 1.00 0.00 9.00 12.00 13.00 10.00 15.00 7.00 0.00 0.00 0.00 0.00 0.00
44.00 31.00 20.00 61.00 148.00 41.00 87.00 0.09 3.43 0.00 1.00 0.00 12.00 16.00 19.00 15.00 23.00 8.00 0.00 0.00 0.00 0.00 0.00
45.00 20.00 14.00 46.00 105.00 32.00 59.00 0.09 4.84 0.00 2.00 0.00 4.00 11.00 16.00 9.00 15.00 5.00 0.00 0.00 0.00 0.00 0.00
46.00 26.00 27.00 67.00 131.00 40.00 64.00 0.08 3.27 0.00 2.00 0.00 5.00 14.00 21.00 12.00 15.00 11.00 0.00 0.00 0.00 0.00 0.00
47.00 25.00 20.00 63.00 124.00 43.00 61.00 0.09 4.00 0.00 1.00 0.00 5.00 12.00 20.00 13.00 16.00 9.00 0.00 0.00 0.00 0.00 0.00
48.00 25.00 20.00 60.00 123.00 40.00 63.00 0.09 3.75 0.00 2.00 0.00 7.00 16.00 18.00 9.00 20.00 5.00 0.00 0.00 0.00 0.00 0.00
49.00 29.00 31.00 76.00 146.00 45.00 70.00 0.09 4.27 0.00 1.00 0.00 11.00 18.00 18.00 11.00 23.00 6.00 0.00 0.00 0.00 0.00 0.00
50.00 27.00 27.00 62.00 141.00 35.00 79.00 0.08 4.43 0.00 2.00 0.00 7.00 12.00 20.00 15.00 21.00 6.00 0.00 0.00 1.00 0.00 0.00
51.00 30.00 26.00 76.00 152.00 50.00 76.00 0.09 4.56 0.00 2.00 0.00 10.00 16.00 20.00 14.00 19.00 11.00 0.00 0.00 0.00 0.00 0.00
52.00 17.00 13.00 34.00 78.00 21.00 44.00 0.08 3.93 0.00 1.00 0.00 3.00 9.00 14.00 8.00 16.00 1.00 0.00 0.00 0.00 0.00 0.00
53.00 22.00 22.00 56.00 102.00 34.00 46.00 0.08 1.55 0.00 2.00 0.00 7.00 10.00 15.00 12.00 16.00 6.00 0.00 0.00 0.00 0.00 0.00
54.00 31.00 27.00 80.00 154.00 53.00 74.00 0.08 4.15 0.00 2.00 0.00 8.00 13.00 23.00 18.00 18.00 13.00 0.00 0.00 0.00 0.00 0.00
55.00 35.00 31.00 90.00 180.00 59.00 90.00 0.08 3.31 1.00 2.00 0.50 8.00 15.00 27.00 20.00 23.00 12.00 0.00 0.00 0.00 0.00 0.00
56.00 40.00 39.00 103.00 203.00 64.00 100.00 0.09 3.73 0.00 1.00 0.00 9.00 21.00 31.00 19.00 24.00 16.00 0.00 0.00 0.00 0.00 0.00
57.00 39.00 37.00 101.00 198.00 64.00 97.00 0.09 3.46 1.00 3.00 0.33 10.00 19.00 29.00 20.00 26.00 13.00 0.00 0.00 0.00 0.00 0.00
58.00 29.00 30.00 74.00 151.00 44.00 77.00 0.08 2.72 0.00 4.00 0.00 4.00 13.00 25.00 16.00 19.00 10.00 0.00 0.00 1.00 0.00 0.00
59.00 37.00 43.00 108.00 183.00 65.00 75.00 0.08 2.56 0.00 2.00 0.00 9.00 19.00 28.00 18.00 28.00 9.00 0.00 0.00 0.00 0.00 0.00
60.00 41.00 25.00 92.00 197.00 67.00 105.00 0.07 3.40 0.00 1.00 0.00 12.00 22.00 29.00 19.00 32.00 9.00 0.00 0.00 3.00 1.00 0.00
61.00 20.00 21.00 46.00 93.00 25.00 47.00 0.08 0.84 0.00 0.00 0.00 4.00 9.00 16.00 11.00 11.00 9.00 0.00 0.00 0.00 0.00 0.00
62.00 25.00 27.00 62.00 117.00 35.00 55.00 0.09 0.99 0.00 1.00 0.00 9.00 14.00 16.00 11.00 15.00 10.00 0.00 0.00 0.00 0.00 0.00
63.00 26.00 21.00 66.00 131.00 45.00 65.00 0.06 1.91 0.00 2.00 0.00 7.00 13.00 19.00 13.00 20.00 6.00 0.00 0.00 0.00 0.00 0.00
64.00 32.00 17.00 74.00 162.00 57.00 88.00 0.09 2.24 0.00 1.00 0.00 11.00 15.00 21.00 17.00 19.00 13.00 0.00 0.00 0.00 0.00 0.00
65.00 29.00 29.00 71.00 141.00 42.00 70.00 0.09 1.81 0.00 2.00 0.00 6.00 15.00 23.00 14.00 22.00 7.00 0.00 0.00 0.00 0.00 0.00
66.00 44.00 39.00 110.00 214.00 71.00 104.00 0.08 3.36 0.00 2.00 0.00 10.00 22.00 34.00 22.00 31.00 13.00 0.00 0.00 0.00 1.00 0.00
67.00 35.00 29.00 94.00 186.00 65.00 92.00 0.08 2.14 0.00 2.00 0.00 6.00 17.00 29.00 18.00 29.00 6.00 1.00 0.00 1.00 0.00 0.00
68.00 36.00 35.00 94.00 182.00 59.00 88.00 0.08 2.17 0.00 0.00 0.00 14.00 18.00 22.00 18.00 22.00 14.00 0.00 0.00 0.00 0.00 0.00
69.00 37.00 32.00 91.00 184.00 59.00 93.00 0.08 2.15 0.00 2.00 0.00 6.00 18.00 31.00 19.00 25.00 12.00 0.00 0.00 0.00 0.00 0.00
70.00 28.00 27.00 76.00 145.00 49.00 69.00 0.08 1.74 0.00 2.00 0.00 7.00 12.00 21.00 16.00 16.00 12.00 0.00 0.00 1.00 0.00 0.00
71.00 35.00 32.00 89.00 182.00 57.00 93.00 0.10 1.53 0.00 1.00 0.00 7.00 14.00 28.00 21.00 22.00 13.00 0.00 0.00 1.00 0.00 0.00
72.00 43.00 45.00 117.00 227.00 72.00 110.00 0.07 1.76 0.00 2.00 0.00 11.00 17.00 32.00 26.00 23.00 20.00 0.00 0.00 2.00 0.00 0.00
73.00 50.00 56.00 135.00 249.00 79.00 114.00 0.09 2.66 1.00 3.00 0.33 18.00 28.00 32.00 22.00 37.00 13.00 0.00 0.00 1.00 0.00 0.00
74.00 21.00 12.00 43.00 103.00 31.00 60.00 0.08 0.94 0.00 1.00 0.00 5.00 15.00 16.00 6.00 17.00 4.00 0.00 0.00 0.00 0.00 1.00
75.00 40.00 45.00 115.00 210.00 70.00 95.00 0.08 2.24 1.00 1.00 1.00 10.00 17.00 30.00 23.00 21.00 19.00 0.00 0.00 1.00 0.00 0.00
76.00 41.00 39.00 109.00 215.00 70.00 106.00 0.10 2.46 0.00 2.00 0.00 8.00 16.00 33.00 25.00 30.00 11.00 0.00 0.00 1.00 0.00 0.00
77.00 33.00 35.00 90.00 171.00 55.00 81.00 0.09 1.96 1.00 1.00 1.00 9.00 12.00 24.00 21.00 19.00 14.00 0.00 0.00 0.00 0.00 0.00
78.00 33.00 33.00 89.00 169.00 56.00 80.00 0.09 1.19 1.00 2.00 0.50 9.00 18.00 24.00 15.00 25.00 8.00 0.00 0.00 0.00 0.00 0.00
79.00 36.00 34.00 100.00 176.00 66.00 76.00 0.09 2.45 0.00 3.00 0.00 6.00 18.00 30.00 18.00 25.00 11.00 0.00 0.00 1.00 0.00 1.00
80.00 32.00 26.00 73.00 157.00 47.00 84.00 0.09 2.42 0.00 0.00 0.00 9.00 19.00 23.00 13.00 26.00 6.00 0.00 0.00 0.00 0.00 0.00
81.00 31.00 21.00 70.00 145.00 49.00 75.00 0.07 2.71 0.00 1.00 0.00 9.00 15.00 22.00 16.00 25.00 6.00 0.00 0.00 1.00 0.00 0.00
82.00 36.00 34.00 90.00 181.00 56.00 91.00 0.08 2.75 0.00 1.00 0.00 8.00 19.00 28.00 17.00 24.00 12.00 0.00 0.00 0.00 0.00 0.00
83.00 35.00 30.00 89.00 181.00 59.00 92.00 0.09 2.44 1.00 2.00 0.50 8.00 15.00 27.00 20.00 20.00 15.00 0.00 0.00 0.00 0.00 0.00
84.00 29.00 29.00 73.00 155.00 44.00 82.00 0.08 2.33 0.00 1.00 0.00 3.00 10.00 26.00 19.00 16.00 13.00 0.00 0.00 0.00 0.00 0.00
85.00 38.00 37.00 99.00 193.00 62.00 94.00 0.08 3.01 0.00 2.00 0.00 11.00 18.00 27.00 20.00 24.00 14.00 0.00 0.00 0.00 0.00 0.00
86.00 33.00 38.00 90.00 162.00 52.00 72.00 0.10 2.72 0.00 2.00 0.00 6.00 16.00 27.00 17.00 20.00 13.00 0.00 0.00 0.00 0.00 0.00
87.00 29.00 30.00 77.00 148.00 47.00 71.00 0.09 2.58 0.00 1.00 0.00 6.00 14.00 23.00 15.00 19.00 10.00 0.00 0.00 0.00 0.00 0.00
88.00 19.00 12.00 36.00 82.00 24.00 46.00 0.06 1.79 0.00 0.00 0.00 6.00 13.00 13.00 6.00 16.00 3.00 0.00 0.00 0.00 0.00 0.00
89.00 24.00 24.00 67.00 125.00 43.00 58.00 0.08 2.31 0.00 1.00 0.00 5.00 13.00 19.00 11.00 19.00 5.00 0.00 0.00 0.00 0.00 0.00
90.00 33.00 30.00 87.00 164.00 57.00 77.00 0.08 2.39 0.00 0.00 0.00 6.00 16.00 27.00 17.00 19.00 14.00 0.00 0.00 0.00 0.00 0.00
91.00 20.00 19.00 46.00 103.00 27.00 57.00 0.09 2.42 1.00 1.00 1.00 3.00 10.00 17.00 10.00 14.00 6.00 0.00 0.00 0.00 0.00 0.00
92.00 38.00 39.00 110.00 199.00 71.00 89.00 0.07 3.47 1.00 2.00 0.50 9.00 21.00 29.00 17.00 26.00 12.00 0.00 0.00 1.00 0.00 0.00
93.00 40.00 38.00 105.00 200.00 67.00 95.00 0.09 4.34 1.00 4.00 0.25 9.00 21.00 31.00 19.00 26.00 14.00 0.00 0.00 0.00 0.00 0.00
94.00 19.00 10.00 38.00 92.00 28.00 54.00 0.08 4.43 0.00 1.00 0.00 6.00 11.00 13.00 8.00 13.00 6.00 0.00 0.00 0.00 0.00 0.00
95.00 33.00 29.00 88.00 171.00 59.00 83.00 0.09 3.57 1.00 2.00 0.50 6.00 12.00 27.00 21.00 20.00 13.00 0.00 0.00 0.00 0.00 0.00
96.00 26.00 21.00 67.00 126.00 46.00 59.00 0.09 1.97 1.00 1.00 1.00 9.00 15.00 17.00 11.00 20.00 6.00 0.00 0.00 0.00 0.00 0.00
97.00 35.00 32.00 96.00 183.00 64.00 87.00 0.09 3.54 0.00 1.00 0.00 6.00 13.00 29.00 22.00 21.00 14.00 0.00 0.00 1.00 0.00 0.00
98.00 21.00 8.00 39.00 102.00 31.00 63.00 0.10 2.70 0.00 1.00 0.00 8.00 14.00 13.00 7.00 19.00 2.00 0.00 0.00 0.00 0.00 0.00
99.00 25.00 21.00 58.00 125.00 37.00 67.00 0.06 1.38 0.00 1.00 0.00 7.00 10.00 18.00 15.00 13.00 12.00 0.00 0.00 0.00 0.00 0.00
100.00 14.00 11.00 34.00 67.00 23.00 33.00 0.09 0.57 0.00 1.00 0.00 5.00 8.00 9.00 6.00 9.00 5.00 0.00 0.00 0.00 0.00 0.00
101.00 23.00 20.00 59.00 115.00 39.00 56.00 0.10 0.86 0.00 1.00 0.00 4.00 13.00 19.00 10.00 16.00 7.00 0.00 0.00 0.00 0.00 0.00
102.00 15.00 13.00 36.00 72.00 23.00 36.00 0.08 0.60 0.00 1.00 0.00 5.00 7.00 10.00 8.00 12.00 3.00 0.00 0.00 0.00 0.00 0.00
103.00 17.00 18.00 43.00 83.00 25.00 40.00 0.10 0.63 0.00 1.00 0.00 5.00 9.00 12.00 8.00 12.00 5.00 0.00 0.00 0.00 0.00 0.00
104.00 25.00 20.00 58.00 119.00 38.00 61.00 0.08 1.16 0.00 1.00 0.00 7.00 17.00 18.00 8.00 20.00 5.00 0.00 0.00 0.00 0.00 0.00
105.00 23.00 19.00 49.00 108.00 30.00 59.00 0.08 1.34 0.00 2.00 0.00 9.00 12.00 14.00 11.00 17.00 6.00 0.00 0.00 0.00 0.00 0.00
106.00 16.00 10.00 30.00 70.00 20.00 40.00 0.10 0.72 0.00 1.00 0.00 8.00 9.00 8.00 7.00 13.00 3.00 0.00 0.00 1.00 0.00 0.00
107.00 13.00 6.00 29.00 66.00 23.00 37.00 0.08 0.56 0.00 2.00 0.00 5.00 8.00 8.00 5.00 8.00 5.00 0.00 0.00 0.00 0.00 0.00
108.00 19.00 19.00 48.00 94.00 29.00 46.00 0.07 1.51 0.00 2.00 0.00 7.00 9.00 12.00 10.00 14.00 5.00 0.00 0.00 1.00 0.00 0.00
109.00 19.00 14.00 42.00 93.00 28.00 51.00 0.10 1.13 0.00 2.00 0.00 8.00 13.00 11.00 6.00 15.00 4.00 0.00 0.00 1.00 0.00 0.00
110.00 19.00 7.00 31.00 84.00 24.00 53.00 0.08 1.24 0.00 1.00 0.00 10.00 12.00 9.00 7.00 16.00 3.00 0.00 0.00 1.00 0.00 0.00
111.00 15.00 6.00 26.00 69.00 20.00 43.00 0.09 0.66 0.00 0.00 0.00 5.00 7.00 10.00 8.00 12.00 3.00 0.00 0.00 1.00 0.00 0.00
112.00 24.00 15.00 52.00 113.00 37.00 61.00 0.09 1.00 0.00 0.00 0.00 5.00 11.00 19.00 13.00 17.00 7.00 0.00 0.00 1.00 0.00 0.00
113.00 9.00 5.00 16.00 41.00 11.00 25.00 0.09 0.46 0.00 0.00 0.00 2.00 6.00 7.00 3.00 8.00 1.00 0.00 0.00 0.00 0.00 0.00
114.00 12.00 1.00 19.00 58.00 18.00 39.00 0.07 0.80 0.00 1.00 0.00 3.00 7.00 9.00 5.00 10.00 2.00 0.00 0.00 0.00 0.00 0.00
115.00 5.00 1.00 5.00 21.00 4.00 16.00 0.08 0.23 0.00 0.00 0.00 1.00 2.00 4.00 3.00 5.00 0.00 0.00 0.00 0.00 0.00 0.00
116.00 9.00 3.00 12.00 36.00 9.00 24.00 0.07 0.55 0.00 0.00 0.00 5.00 6.00 4.00 3.00 7.00 2.00 0.00 0.00 0.00 0.00 0.00
117.00 8.00 0.00 9.00 32.00 9.00 23.00 0.08 0.54 0.00 1.00 0.00 1.00 4.00 7.00 4.00 7.00 1.00 0.00 0.00 0.00 0.00 0.00
118.00 12.00 10.00 28.00 59.00 18.00 31.00 0.08 0.41 0.00 1.00 0.00 1.00 5.00 11.00 7.00 8.00 4.00 0.00 0.00 0.00 0.00 0.00
119.00 8.00 5.00 14.00 39.00 9.00 25.00 0.09 0.38 0.00 1.00 0.00 1.00 5.00 7.00 3.00 7.00 1.00 0.00 0.00 0.00 0.00 0.00
120.00 10.00 2.00 11.00 44.00 9.00 33.00 0.09 2.01 0.00 1.00 0.00 5.00 8.00 5.00 2.00 9.00 1.00 0.00 0.00 0.00 0.00 0.00
121.00 6.00 0.00 4.00 26.00 4.00 22.00 0.08 0.38 0.00 1.00 0.00 2.00 5.00 4.00 1.00 5.00 1.00 0.00 0.00 0.00 0.00 0.00
122.00 6.00 0.00 8.00 26.00 8.00 18.00 0.09 0.31 0.00 1.00 0.00 4.00 5.00 2.00 1.00 5.00 1.00 0.00 0.00 0.00 0.00 0.00
123.00 5.00 1.00 4.00 18.00 3.00 14.00 0.09 0.28 0.00 0.00 0.00 3.00 4.00 2.00 1.00 5.00 0.00 0.00 0.00 0.00 0.00 0.00
124.00 6.00 0.00 5.00 22.00 5.00 17.00 0.07 0.41 0.00 0.00 0.00 3.00 5.00 3.00 1.00 6.00 0.00 0.00 0.00 0.00 0.00 0.00
125.00 10.00 6.00 20.00 46.00 14.00 26.00 0.09 0.43 0.00 0.00 0.00 5.00 8.00 5.00 2.00 9.00 1.00 0.00 0.00 0.00 0.00 0.00
126.00 4.00 0.00 0.00 1.00 0.00 1.00 0.10 3.37 0.00 0.00 0.00 2.00 4.00 2.00 0.00 4.00 0.00 0.00 0.00 0.00 0.00 0.00
127.00 7.00 3.00 12.00 31.00 9.00 19.00 0.07 0.24 0.00 0.00 0.00 1.00 4.00 6.00 3.00 5.00 2.00 0.00 0.00 0.00 0.00 0.00
128.00 12.00 1.00 18.00 56.00 17.00 38.00 0.07 0.62 0.00 0.00 0.00 5.00 7.00 7.00 5.00 11.00 1.00 0.00 0.00 0.00 0.00 0.00
129.00 3.00 0.00 1.00 4.00 1.00 3.00 0.09 0.20 0.00 0.00 0.00 2.00 3.00 1.00 0.00 3.00 0.00 0.00 0.00 0.00 0.00 0.00
