0.00 2.00 0.00 0.00 5.00 0.00 5.00 0.10 0.15 0.00 0.00 0.00 2.00 2.00 0.00 0.00 2.00 0.00 0.00 0.00 0.00 0.00 0.00
1.00 3.00 0.00 1.00 9.00 1.00 8.00 0.07 0.14 0.00 0.00 0.00 2.00 3.00 1.00 0.00 3.00 0.00 0.00 0.00 0.00 0.00 0.00
2.00 3.00 0.00 1.00 4.00 1.00 3.00 0.08 4.20 0.00 0.00 0.00 2.00 3.00 1.00 0.00 3.00 0.00 0.00 0.00 0.00 0.00 0.00
3.00 7.00 2.00 8.00 32.00 6.00 24.00 0.09 0.49 0.00 0.00 0.00 3.00 6.00 4.00 1.00 6.00 1.00 0.00 0.00 0.00 1.00 0.00
4.00 10.00 8.00 20.00 49.00 12.00 29.00 0.10 0.44 0.00 0.00 0.00 3.00 6.00 7.00 4.00 7.00 3.00 0.00 0.00 0.00 0.00 0.00
5.00 6.00 2.00 7.00 25.00 5.00 18.00 0.08 0.37 0.00 0.00 0.00 1.00 3.00 5.00 3.00 4.00 2.00 0.00 0.00 0.00 0.00 0.00
6.00 8.00 1.00 12.00 33.00 11.00 21.00 0.09 0.47 0.00 0.00 0.00 2.00 5.00 6.00 3.00 7.00 1.00 0.00 0.00 0.00 0.00 0.00
7.00 10.00 3.00 18.00 42.00 15.00 24.00 0.09 0.43 0.00 1.00 0.00 5.00 9.00 5.00 1.00 9.00 1.00 0.00 0.00 0.00 0.00 0.00
8.00 10.00 6.00 19.00 43.00 13.00 24.00 0.08 0.35 0.00 1.00 0.00 4.00 6.00 6.00 4.00 10.00 0.00 0.00 0.00 0.00 0.00 0.00
9.00 14.00 13.00 32.00 64.00 19.00 32.00 0.09 2.31 0.00 1.00 0.00 4.00 6.00 10.00 8.00 11.00 3.00 0.00 0.00 0.00 0.00 0.00
10.00 5.00 1.00 7.00 20.00 6.00 13.00 0.10 0.21 0.00 0.00 0.00 2.00 3.00 3.00 2.00 5.00 0.00 0.00 0.00 0.00 0.00 0.00
11.00 10.00 4.00 17.00 44.00 13.00 27.00 0.10 0.38 0.00 0.00 0.00 2.00 6.00 8.00 4.00 8.00 2.00 0.00 0.00 0.00 0.00 0.00
12.00 8.00 4.00 14.00 36.00 10.00 22.00 0.10 0.60 0.00 0.00 0.00 2.00 4.00 6.00 4.00 5.00 3.00 0.00 0.00 0.00 0.00 0.00
13.00 6.00 3.00 9.00 27.00 6.00 18.00 0.07 0.18 0.00 0.00 0.00 2.00 4.00 4.00 2.00 5.00 1.00 0.00 0.00 0.00 0.00 0.00
14.00 8.00 2.00 15.00 38.00 13.00 23.00 0.09 0.40 0.00 0.00 0.00 3.00 5.00 5.00 3.00 8.00 0.00 0.00 0.00 0.00 0.00 0.00
15.00 9.00 6.00 20.00 43.00 14.00 23.00 0.09 0.43 0.00 0.00 0.00 2.00 5.00 7.00 4.00 8.00 1.00 0.00 0.00 0.00 0.00 0.00
16.00 10.00 1.00 18.00 45.00 17.00 27.00 0.10 0.42 0.00 0.00 0.00 5.00 6.00 5.00 4.00 8.00 2.00 0.00 0.00 0.00 0.00 0.00
17.00 10.00 4.00 18.00 46.00 14.00 28.00 0.10 0.52 0.00 0.00 0.00 4.00 6.00 6.00 4.00 8.00 2.00 0.00 0.00 0.00 0.00 0.00
18.00 13.00 5.00 20.00 50.00 15.00 30.00 0.09 1.93 0.00 0.00 0.00 3.00 9.00 10.00 4.00 12.00 1.00 0.00 0.00 0.00 0.00 0.00
19.00 12.00 8.00 23.00 55.00 15.00 32.00 0.10 0.68 0.00 0.00 0.00 5.00 7.00 7.00 5.00 8.00 4.00 0.00 0.00 0.00 0.00 0.00
20.00 14.00 7.00 30.00 68.00 23.00 38.00 0.08 0.56 0.00 0.00 0.00 5.00 8.00 9.00 6.00 10.00 4.00 0.00 0.00 0.00 0.00 0.00
21.00 9.00 0.00 11.00 37.00 11.00 26.00 0.08 0.47 0.00 0.00 0.00 3.00 6.00 6.00 3.00 9.00 0.00 0.00 0.00 0.00 0.00 0.00
22.00 9.00 3.00 15.00 41.00 12.00 26.00 0.08 0.57 0.00 1.00 0.00 2.00 5.00 7.00 4.00 7.00 2.00 0.00 0.00 0.00 0.00 0.00
23.00 10.00 8.00 22.00 49.00 14.00 27.00 0.09 0.37 0.00 1.00 0.00 2.00 3.00 8.00 7.00 7.00 3.00 0.00 0.00 0.00 0.00 0.00
24.00 15.00 10.00 36.00 74.00 26.00 38.00 0.08 3.09 0.00 1.00 0.00 4.00 10.00 11.00 5.00 13.00 2.00 0.00 0.00 0.00 0.00 0.00
25.00 17.00 15.00 39.00 78.00 24.00 39.00 0.09 3.57 0.00 1.00 0.00 6.00 12.00 11.00 5.00 14.00 3.00 0.00 0.00 0.00 0.00 0.00
26.00 13.00 15.00 34.00 67.00 19.00 33.00 0.08 3.45 0.00 1.00 0.00 3.00 6.00 10.00 7.00 7.00 6.00 0.00 0.00 0.00 0.00 0.00
27.00 17.00 21.00 48.00 87.00 27.00 39.00 0.08 3.03 0.00 1.00 0.00 7.00 11.00 10.00 6.00 12.00 5.00 0.00 0.00 2.00 0.00 0.00
28.00 9.00 6.00 18.00 40.00 12.00 22.00 0.08 2.16 0.00 0.00 0.00 3.00 8.00 6.00 1.00 8.00 1.00 0.00 0.00 0.00 0.00 0.00
29.00 14.00 15.00 38.00 71.00 23.00 33.00 0.08 0.55 0.00 0.00 0.00 5.00 7.00 9.00 7.00 7.00 7.00 0.00 0.00 0.00 0.00 0.00
30.00 11.00 8.00 23.00 54.00 15.00 31.00 0.08 0.42 0.00 0.00 0.00 4.00 6.00 7.00 5.00 7.00 4.00 0.00 0.00 0.00 0.00 0.00
31.00 14.00 13.00 36.00 72.00 23.00 36.00 0.08 0.60 0.00 0.00 0.00 4.00 6.00 10.00 8.00 12.00 2.00 0.00 0.00 0.00 0.00 0.00
32.00 13.00 10.00 29.00 63.00 19.00 34.00 0.08 0.56 0.00 1.00 0.00 5.00 7.00 8.00 6.00 8.00 5.00 0.00 0.00 0.00 0.00 0.00
33.00 13.00 8.00 24.00 57.00 16.00 33.00 0.07 0.68 0.00 1.00 0.00 6.00 8.00 7.00 5.00 11.00 2.00 0.00 0.00 0.00 0.00 0.00
34.00 10.00 6.00 24.00 48.00 18.00 24.00 0.10 0.50 0.00 1.00 0.00 4.00 6.00 6.00 4.00 6.00 4.00 0.00 0.00 0.00 0.00 0.00
35.00 13.00 9.00 31.00 57.00 22.00 26.00 0.08 0.57 0.00 1.00 0.00 2.00 9.00 11.00 4.00 10.00 3.00 0.00 0.00 0.00 0.00 0.00
36.00 10.00 1.00 17.00 42.00 16.00 25.00 0.10 2.10 0.00 0.00 0.00 3.00 8.00 7.00 2.00 9.00 1.00 0.00 0.00 0.00 0.00 0.00
37.00 12.00 9.00 30.00 58.00 21.00 28.00 0.10 0.46 0.00 1.00 0.00 3.00 7.00 9.00 5.00 11.00 1.00 0.00 0.00 0.00 0.00 0.00
38.00 17.00 17.00 38.00 81.00 21.00 43.00 0.08 2.34 0.00 1.00 0.00 4.00 9.00 13.00 8.00 10.00 7.00 0.00 0.00 0.00 0.00 0.00
39.00 14.00 14.00 30.00 66.00 16.00 36.00 0.08 0.54 0.00 1.00 0.00 3.00 9.00 11.00 5.00 10.00 4.00 0.00 0.00 0.00 0.00 0.00
40.00 13.00 14.00 32.00 61.00 18.00 29.00 0.07 1.75 0.00 1.00 0.00 4.00 8.00 9.00 5.00 11.00 2.00 0.00 0.00 0.00 1.00 0.00
41.00 15.00 18.00 37.00 71.00 19.00 34.00 0.10 3.49 0.00 1.00 0.00 5.00 8.00 10.00 7.00 10.00 5.00 0.00 0.00 0.00 0.00 0.00
42.00 16.00 10.00 31.00 67.00 21.00 36.00 0.09 3.37 0.00 1.00 0.00 5.00 11.00 11.00 5.00 15.00 1.00 0.00 0.00 0.00 0.00 0.00
43.00 11.00 9.00 23.00 46.00 14.00 23.00 0.08 3.01 0.00 1.00 0.00 5.00 9.00 6.00 2.00 10.00 1.00 0.00 0.00 0.00 0.00 0.00
44.00 15.00 9.00 39.00 76.00 30.00 37.00 0.08 1.69 0.00 2.00 0.00 8.00 10.00 7.00 5.00 13.00 2.00 0.00 0.00 0.00 0.00 0.00
45.00 16.00 16.00 41.00 77.00 25.00 36.00 0.08 2.48 0.00 0.00 0.00 4.00 5.00 12.00 11.00 10.00 6.00 0.00 0.00 0.00 0.00 0.00
46.00 14.00 15.00 33.00 67.00 18.00 34.00 0.08 0.39 0.00 0.00 0.00 5.00 6.00 9.00 8.00 10.00 4.00 0.00 0.00 0.00 0.00 0.00
47.00 13.00 11.00 32.00 63.00 21.00 31.00 0.07 1.79 0.00 1.00 0.00 3.00 6.00 10.00 7.00 8.00 5.00 0.00 0.00 0.00 0.00 0.00
48.00 13.00 12.00 30.00 54.00 18.00 24.00 0.10 3.64 0.00 1.00 0.00 4.00 7.00 9.00 6.00 9.00 4.00 0.00 0.00 0.00 0.00 0.00
49.00 12.00 12.00 30.00 57.00 18.00 27.00 0.09 3.04 0.00 1.00 0.00 2.00 5.00 10.00 7.00 10.00 2.00 0.00 0.00 0.00 0.00 0.00
50.00 14.00 11.00 27.00 59.00 16.00 32.00 0.08 2.72 0.00 0.00 0.00 5.00 8.00 9.00 6.00 13.00 1.00 0.00 0.00 0.00 0.00 0.00
51.00 16.00 16.00 38.00 72.00 22.00 34.00 0.08 2.61 0.00 0.00 0.00 4.00 7.00 12.00 9.00 12.00 4.00 0.00 0.00 0.00 0.00 0.00
52.00 13.00 8.00 23.00 58.00 15.00 35.00 0.08 2.72 0.00 1.00 0.00 3.00 7.00 10.00 6.00 8.00 5.00 0.00 0.00 0.00 0.00 0.00
53.00 18.00 21.00 43.00 83.00 22.00 40.00 0.08 3.49 0.00 1.00 0.00 6.00 10.00 12.00 8.00 14.00 4.00 0.00 0.00 0.00 0.00 0.00
54.00 15.00 13.00 38.00 71.00 25.00 33.00 0.10 1.55 0.00 1.00 0.00 4.00 7.00 11.00 8.00 10.00 5.00 0.00 0.00 0.00 0.00 0.00
55.00 26.00 27.00 64.00 114.00 37.00 50.00 0.09 2.53 0.00 1.00 0.00 9.00 16.00 17.00 10.00 19.00 7.00 0.00 0.00 0.00 0.00 0.00
56.00 18.00 17.00 49.00 91.00 32.00 42.00 0.09 1.43 0.00 1.00 0.00 6.00 9.00 12.00 9.00 14.00 4.00 0.00 0.00 1.00 0.00 0.00
57.00 14.00 6.00 35.00 71.00 29.00 36.00 0.09 0.45 0.00 0.00 0.00 2.00 9.00 12.00 5.00 11.00 3.00 0.00 0.00 0.00 0.00 0.00
58.00 17.00 20.00 45.00 88.00 25.00 43.00 0.08 0.49 0.00 1.00 0.00 5.00 10.00 12.00 7.00 11.00 6.00 0.00 0.00 0.00 0.00 0.00
59.00 12.00 10.00 30.00 58.00 20.00 28.00 0.09 0.49 0.00 1.00 0.00 3.00 6.00 9.00 6.00 11.00 1.00 0.00 0.00 0.00 0.00 0.00
60.00 15.00 14.00 39.00 74.00 25.00 35.00 0.08 1.57 0.00 2.00 0.00 2.00 8.00 13.00 7.00 12.00 3.00 0.00 0.00 0.00 0.00 0.00
61.00 14.00 13.00 34.00 70.00 21.00 36.00 0.08 2.67 0.00 1.00 0.00 3.00 7.00 11.00 7.00 9.00 5.00 0.00 0.00 0.00 0.00 0.00
62.00 12.00 13.00 30.00 59.00 17.00 29.00 0.07 3.88 0.00 2.00 0.00 1.00 4.00 11.00 8.00 9.00 3.00 0.00 0.00 0.00 0.00 0.00
63.00 16.00 12.00 33.00 75.00 21.00 42.00 0.08 2.91 0.00 1.00 0.00 5.00 9.00 11.00 7.00 11.00 5.00 0.00 0.00 0.00 0.00 0.00
64.00 17.00 18.00 48.00 88.00 30.00 40.00 0.08 3.66 0.00 1.00 0.00 4.00 9.00 13.00 8.00 11.00 6.00 0.00 0.00 0.00 0.00 0.00
65.00 11.00 6.00 23.00 51.00 17.00 28.00 0.09 4.65 0.00 1.00 0.00 3.00 7.00 8.00 4.00 10.00 1.00 0.00 0.00 0.00 0.00 0.00
66.00 19.00 18.00 54.00 94.00 36.00 40.00 0.07 2.93 0.00 1.00 0.00 7.00 11.00 12.00 8.00 15.00 4.00 0.00 0.00 0.00 0.00 0.00
67.00 17.00 16.00 41.00 83.00 25.00 42.00 0.08 2.39 0.00 1.00 0.00 5.00 9.00 12.00 8.00 13.00 4.00 0.00 0.00 0.00 0.00 0.00
68.00 19.00 17.00 45.00 92.00 28.00 47.00 0.08 3.44 0.00 1.00 0.00 4.00 7.00 15.00 12.00 11.00 8.00 0.00 0.00 0.00 1.00 0.00
69.00 19.00 17.00 55.00 97.00 38.00 42.00 0.08 1.38 0.00 1.00 0.00 6.00 10.00 13.00 9.00 13.00 6.00 0.00 0.00 0.00 0.00 0.00
70.00 20.00 20.00 53.00 101.00 33.00 48.00 0.08 2.73 0.00 1.00 0.00 5.00 8.00 15.00 12.00 10.00 10.00 0.00 0.00 0.00 0.00 0.00
71.00 20.00 22.00 50.00 99.00 28.00 49.00 0.10 1.40 0.00 1.00 0.00 7.00 10.00 13.00 10.00 14.00 6.00 0.00 0.00 0.00 0.00 0.00
72.00 23.00 17.00 57.00 110.00 40.00 53.00 0.08 3.08 0.00 1.00 0.00 9.00 10.00 14.00 13.00 12.00 11.00 0.00 0.00 0.00 0.00 0.00
73.00 25.00 24.00 59.00 116.00 35.00 57.00 0.07 2.36 0.00 1.00 0.00 8.00 17.00 17.00 8.00 20.00 5.00 0.00 0.00 0.00 0.00 0.00
74.00 18.00 13.00 42.00 84.00 29.00 42.00 0.07 1.48 0.00 2.00 0.00 7.00 13.00 11.00 5.00 15.00 3.00 0.00 0.00 0.00 0.00 0.00
75.00 15.00 14.00 38.00 76.00 24.00 38.00 0.08 1.58 0.00 1.00 0.00 3.00 8.00 12.00 7.00 10.00 5.00 0.00 0.00 1.00 0.00 0.00
76.00 20.00 16.00 48.00 101.00 32.00 53.00 0.09 2.03 0.00 1.00 0.00 8.00 12.00 12.00 8.00 17.00 3.00 0.00 0.00 0.00 0.00 0.00
77.00 22.00 18.00 50.00 104.00 32.00 54.00 0.09 2.56 0.00 2.00 0.00 7.00 11.00 15.00 11.00 17.00 5.00 0.00 0.00 0.00 0.00 0.00
78.00 19.00 21.00 54.00 92.00 33.00 38.00 0.09 4.28 0.00 1.00 0.00 3.00 10.00 16.00 9.00 12.00 7.00 0.00 0.00 0.00 0.00 0.00
79.00 26.00 30.00 69.00 128.00 39.00 59.00 0.09 3.35 0.00 0.00 0.00 6.00 10.00 20.00 16.00 17.00 9.00 0.00 0.00 0.00 0.00 0.00
80.00 18.00 17.00 44.00 83.00 27.00 39.00 0.08 3.18 0.00 1.00 0.00 3.00 8.00 15.00 10.00 13.00 5.00 0.00 0.00 0.00 0.00 0.00
81.00 22.00 24.00 60.00 110.00 36.00 50.00 0.09 3.61 0.00 1.00 0.00 4.00 8.00 18.00 14.00 11.00 11.00 0.00 0.00 0.00 0.00 0.00
82.00 15.00 13.00 38.00 72.00 25.00 34.00 0.09 2.35 0.00 1.00 0.00 4.00 9.00 11.00 6.00 11.00 4.00 0.00 0.00 0.00 1.00 0.00
83.00 19.00 15.00 44.00 97.00 29.00 53.00 0.09 2.16 0.00 0.00 0.00 2.00 7.00 17.00 12.00 9.00 10.00 0.00 0.00 0.00 0.00 0.00
84.00 23.00 24.00 57.00 115.00 33.00 58.00 0.09 2.11 0.00 2.00 0.00 8.00 13.00 15.00 10.00 16.00 7.00 0.00 0.00 0.00 0.00 0.00
85.00 26.00 24.00 60.00 120.00 36.00 60.00 0.08 3.32 0.00 2.00 0.00 7.00 14.00 19.00 12.00 19.00 7.00 0.00 0.00 0.00 0.00 0.00
86.00 20.00 19.00 46.00 92.00 27.00 46.00 0.08 4.15 0.00 2.00 0.00 1.00 9.00 19.00 11.00 17.00 3.00 0.00 0.00 0.00 0.00 0.00
87.00 24.00 28.00 66.00 118.00 38.00 52.00 0.10 2.96 0.00 1.00 0.00 7.00 12.00 17.00 12.00 16.00 8.00 0.00 0.00 0.00 0.00 0.00
88.00 20.00 25.00 54.00 99.00 29.00 45.00 0.09 3.13 0.00 0.00 0.00 2.00 10.00 18.00 10.00 12.00 8.00 0.00 0.00 0.00 0.00 0.00
89.00 23.00 24.00 58.00 111.00 34.00 53.00 0.08 2.66 0.00 1.00 0.00 6.00 15.00 17.00 8.00 21.00 2.00 0.00 0.00 0.00 0.00 0.00
90.00 31.00 36.00 85.00 153.00 49.00 68.00 0.08 3.22 0.00 2.00 0.00 8.00 14.00 23.00 17.00 17.00 14.00 0.00 0.00 0.00 0.00 0.00
91.00 16.00 15.00 38.00 81.00 23.00 43.00 0.08 0.46 0.00 1.00 0.00 2.00 8.00 14.00 8.00 10.00 6.00 0.00 0.00 0.00 0.00 0.00
92.00 24.00 17.00 53.00 122.00 36.00 69.00 0.09 1.38 0.00 1.00 0.00 7.00 11.00 17.00 13.00 18.00 6.00 0.00 0.00 0.00 0.00 0.00
93.00 18.00 10.00 41.00 88.00 31.00 47.00 0.07 1.45 0.00 2.00 0.00 5.00 11.00 13.00 7.00 14.00 4.00 0.00 0.00 0.00 0.00 0.00
94.00 21.00 17.00 48.00 97.00 31.00 49.00 0.08 2.40 0.00 1.00 0.00 4.00 9.00 17.00 12.00 14.00 7.00 0.00 0.00 0.00 0.00 0.00
95.00 30.00 24.00 78.00 157.00 54.00 79.00 0.09 2.10 0.00 1.00 0.00 9.00 15.00 21.00 15.00 24.00 6.00 0.00 0.00 0.00 0.00 0.00
96.00 29.00 16.00 66.00 137.00 50.00 71.00 0.08 3.10 0.00 1.00 0.00 10.00 19.00 19.00 10.00 21.00 8.00 0.00 0.00 0.00 0.00 0.00
97.00 21.00 15.00 55.00 106.00 40.00 51.00 0.08 1.47 0.00 1.00 0.00 8.00 14.00 13.00 7.00 18.00 3.00 0.00 0.00 0.00 0.00 0.00
98.00 20.00 5.00 40.00 97.00 35.00 57.00 0.09 2.65 0.00 0.00 0.00 6.00 11.00 14.00 9.00 19.00 1.00 0.00 0.00 0.00 0.00 0.00
99.00 15.00 7.00 28.00 74.00 21.00 46.00 0.08 2.48 0.00 0.00 0.00 2.00 8.00 13.00 7.00 12.00 3.00 0.00 0.00 0.00 0.00 0.00
100.00 18.00 17.00 45.00 94.00 28.00 49.00 0.09 0.86 0.00 0.00 0.00 6.00 8.00 12.00 10.00 13.00 5.00 0.00 0.00 0.00 0.00 0.00
101.00 22.00 13.00 52.00 115.00 39.00 63.00 0.08 1.41 0.00 0.00 0.00 6.00 12.00 16.00 10.00 15.00 7.00 0.00 0.00 0.00 0.00 0.00
102.00 29.00 18.00 70.00 146.00 52.00 76.00 0.07 2.46 0.00 2.00 0.00 5.00 13.00 24.00 16.00 20.00 9.00 0.00 0.00 0.00 0.00 0.00
103.00 18.00 10.00 41.00 87.00 31.00 46.00 0.09 1.60 0.00 1.00 0.00 4.00 12.00 14.00 6.00 16.00 2.00 0.00 0.00 0.00 0.00 0.00
104.00 30.00 20.00 69.00 152.00 49.00 83.00 0.09 1.30 0.00 0.00 0.00 9.00 14.00 21.00 16.00 21.00 9.00 0.00 0.00 0.00 0.00 0.00
105.00 33.00 36.00 88.00 173.00 52.00 85.00 0.08 3.04 0.00 2.00 0.00 5.00 16.00 28.00 17.00 21.00 12.00 0.00 0.00 0.00 0.00 0.00
106.00 29.00 21.00 68.00 150.00 47.00 82.00 0.09 1.66 1.00 1.00 1.00 8.00 13.00 21.00 16.00 19.00 10.00 0.00 0.00 0.00 0.00 0.00
107.00 31.00 24.00 76.00 156.00 52.00 80.00 0.10 2.54 0.00 1.00 0.00 7.00 19.00 24.00 12.00 22.00 9.00 0.00 0.00 0.00 0.00 0.00
108.00 29.00 31.00 81.00 143.00 50.00 62.00 0.09 2.16 0.00 1.00 0.00 10.00 16.00 19.00 13.00 21.00 8.00 0.00 0.00 0.00 0.00 0.00
109.00 35.00 32.00 88.00 176.00 56.00 88.00 0.07 2.88 0.00 2.00 0.00 9.00 18.00 26.00 17.00 27.00 8.00 0.00 0.00 0.00 0.00 0.00
110.00 43.00 42.00 118.00 229.00 76.00 111.00 0.07 2.24 0.00 3.00 0.00 13.00 22.00 30.00 21.00 30.00 13.00 0.00 0.00 0.00 0.00 0.00
111.00 50.00 56.00 135.00 249.00 79.00 114.00 0.09 2.66 1.00 3.00 0.33 18.00 28.00 32.00 22.00 37.00 13.00 0.00 0.00 1.00 0.00 0.00
112.00 37.00 38.00 93.00 180.00 55.00 87.00 0.10 2.85 1.00 1.00 1.00 11.00 20.00 26.00 17.00 24.00 13.00 0.00 0.00 1.00 0.00 0.00
113.00 31.00 26.00 74.00 154.00 48.00 80.00 0.09 1.93 0.00 0.00 0.00 6.00 14.00 25.00 17.00 19.00 12.00 0.00 0.00 0.00 0.00 0.00
114.00 35.00 42.00 103.00 187.00 61.00 84.00 0.07 1.51 0.00 3.00 0.00 6.00 13.00 29.00 22.00 20.00 15.00 0.00 0.00 0.00 0.00 0.00
115.00 21.00 16.00 46.00 100.00 30.00 54.00 0.10 0.76 0.00 0.00 0.00 4.00 15.00 17.00 6.00 17.00 4.00 0.00 0.00 0.00 0.00 0.00
116.00 37.00 44.00 103.00 189.00 59.00 86.00 0.08 1.65 0.00 1.00 0.00 10.00 21.00 27.00 16.00 28.00 9.00 0.00 0.00 1.00 0.00 0.00
117.00 38.00 34.00 101.00 188.00 67.00 87.00 0.09 2.40 1.00 2.00 0.50 9.00 16.00 29.00 22.00 24.00 14.00 0.00 0.00 0.00 0.00 0.00
118.00 30.00 32.00 81.00 151.00 49.00 70.00 0.08 2.11 0.00 2.00 0.00 9.00 12.00 21.00 18.00 21.00 9.00 0.00 0.00 0.00 0.00 0.00
119.00 22.00 24.00 50.00 101.00 26.00 51.00 0.09 0.86 0.00 1.00 0.00 9.00 15.00 13.00 7.00 18.00 4.00 0.00 0.00 0.00 0.00 0.00
120.00 33.00 33.00 88.00 167.00 55.00 79.00 0.09 2.34 0.00 2.00 0.00 10.00 17.00 23.00 16.00 21.00 12.00 0.00 0.00 0.00 0.00 0.00
121.00 41.00 55.00 116.00 209.00 61.00 93.00 0.09 2.11 0.00 3.00 0.00 13.00 20.00 28.00 21.00 26.00 15.00 0.00 0.00 0.00 0.00 0.00
122.00 37.00 47.00 112.00 189.00 65.00 77.00 0.09 3.05 0.00 2.00 0.00 6.00 14.00 31.00 23.00 20.00 17.00 0.00 0.00 0.00 0.00 0.00
123.00 36.00 42.00 103.00 183.00 61.00 80.00 0.10 2.74 0.00 3.00 0.00 8.00 15.00 28.00 21.00 27.00 9.00 1.00 0.00 0.00 0.00 0.00
124.00 35.00 39.00 98.00 177.00 59.00 79.00 0.09 2.80 0.00 2.00 0.00 5.00 11.00 30.00 24.00 18.00 17.00 0.00 0.00 0.00 0.00 0.00
125.00 33.00 38.00 94.00 168.00 56.00 74.00 0.07 2.29 0.00 1.00 0.00 9.00 16.00 24.00 17.00 20.00 13.00 0.00 0.00 1.00 0.00 0.00
126.00 33.00 42.00 91.00 165.00 49.00 74.00 0.08 2.20 0.00 2.00 0.00 10.00 14.00 23.00 19.00 23.00 10.00 0.00 0.00 1.00 1.00 0.00
127.00 36.00 40.00 99.00 180.00 59.00 81.00 0.08 2.23 0.00 1.00 0.00 8.00 14.00 28.00 22.00 23.00 13.00 0.00 0.00 0.00 0.00 0.00
128.00 26.00 32.00 63.00 122.00 31.00 59.00 0.09 2.19 0.00 1.00 0.00 8.00 15.00 18.00 11.00 20.00 6.00 0.00 0.00 0.00 1.00 0.00
129.00 32.00 31.00 87.00 159.00 56.00 72.00 0.09 3.07 0.00 2.00 0.00 7.00 16.00 25.00 16.00 24.00 8.00 0.00 0.00 0.00 0.00 0.00
130.00 40.00 55.00 109.00 195.00 54.00 86.00 0.10 3.30 0.00 2.00 0.00 13.00 19.00 27.00 21.00 28.00 12.00 0.00 0.00 0.00 0.00 0.00
131.00 21.00 18.00 49.00 94.00 31.00 45.00 0.08 1.03 0.00 1.00 0.00 4.00 10.00 17.00 11.00 14.00 7.00 0.00 0.00 0.00 0.00 0.00
132.00 22.00 20.00 53.00 104.00 33.00 51.00 0.08 2.79 0.00 1.00 0.00 5.00 12.00 17.00 10.00 14.00 8.00 0.00 0.00 0.00 0.00 0.00
133.00 30.00 34.00 82.00 153.00 48.00 71.00 0.08 2.47 0.00 3.00 0.00 10.00 17.00 20.00 13.00 23.00 7.00 0.00 0.00 0.00 0.00 0.00
134.00 39.00 47.00 111.00 204.00 64.00 93.00 0.09 2.88 0.00 2.00 0.00 8.00 16.00 31.00 23.00 21.00 18.00 0.00 0.00 0.00 0.00 0.00
135.00 33.00 35.00 82.00 162.00 47.00 80.00 0.09 2.48 0.00 2.00 0.00 8.00 12.00 25.00 21.00 19.00 14.00 0.00 0.00 0.00 0.00 0.00
136.00 29.00 30.00 77.00 150.00 47.00 73.00 0.07 1.76 0.00 2.00 0.00 6.00 12.00 23.00 17.00 17.00 12.00 0.00 0.00 0.00 0.00 0.00
137.00 29.00 24.00 74.00 142.00 50.00 68.00 0.08 2.90 0.00 2.00 0.00 7.00 16.00 22.00 13.00 21.00 8.00 0.00 0.00 0.00 0.00 0.00
138.00 18.00 17.00 52.00 89.00 35.00 37.00 0.09 1.41 0.00 0.00 0.00 3.00 10.00 15.00 8.00 13.00 5.00 0.00 0.00 0.00 0.00 0.00
139.00 35.00 40.00 89.00 165.00 49.00 76.00 0.07 2.51 0.00 2.00 0.00 12.00 21.00 23.00 14.00 24.00 11.00 0.00 0.00 0.00 0.00 0.00
140.00 28.00 35.00 81.00 144.00 46.00 63.00 0.10 1.17 0.00 3.00 0.00 6.00 9.00 22.00 19.00 15.00 13.00 0.00 0.00 2.00 0.00 0.00
141.00 33.00 34.00 87.00 159.00 53.00 72.00 0.07 3.05 0.00 3.00 0.00 7.00 14.00 26.00 19.00 22.00 11.00 0.00 0.00 0.00 0.00 0.00
142.00 30.00 27.00 75.00 153.00 48.00 78.00 0.08 1.85 0.00 2.00 0.00 8.00 12.00 22.00 18.00 23.00 7.00 0.00 0.00 0.00 0.00 0.00
143.00 26.00 32.00 73.00 134.00 41.00 61.00 0.08 2.68 0.00 3.00 0.00 5.00 8.00 21.00 18.00 13.00 13.00 0.00 0.00 0.00 0.00 0.00
144.00 31.00 29.00 80.00 152.00 51.00 72.00 0.08 2.78 0.00 1.00 0.00 6.00 12.00 25.00 19.00 19.00 12.00 0.00 0.00 0.00 0.00 0.00
145.00 27.00 28.00 77.00 136.00 49.00 59.00 0.09 2.30 0.00 1.00 0.00 5.00 15.00 22.00 12.00 19.00 8.00 0.00 0.00 0.00 0.00 0.00
146.00 23.00 20.00 55.00 104.00 35.00 49.00 0.08 2.24 0.00 2.00 0.00 7.00 12.00 16.00 11.00 17.00 6.00 0.00 0.00 0.00 0.00 0.00
147.00 33.00 32.00 91.00 172.00 59.00 81.00 0.08 2.35 0.00 1.00 0.00 7.00 18.00 26.00 15.00 23.00 10.00 0.00 0.00 0.00 0.00 1.00
148.00 34.00 46.00 102.00 177.00 56.00 75.00 0.08 1.98 0.00 1.00 0.00 10.00 18.00 24.00 16.00 24.00 10.00 0.00 0.00 0.00 0.00 0.00
149.00 31.00 41.00 86.00 160.00 45.00 74.00 0.07 1.51 0.00 4.00 0.00 10.00 17.00 21.00 14.00 22.00 9.00 0.00 0.00 0.00 0.00 0.00
150.00 23.00 27.00 64.00 113.00 37.00 49.00 0.07 1.40 0.00 3.00 0.00 7.00 13.00 16.00 10.00 18.00 5.00 0.00 0.00 0.00 1.00 0.00
151.00 25.00 19.00 60.00 121.00 41.00 61.00 0.09 2.26 0.00 3.00 0.00 6.00 14.00 19.00 11.00 19.00 6.00 0.00 0.00 0.00 0.00 0.00
152.00 28.00 33.00 77.00 141.00 44.00 64.00 0.09 2.99 0.00 3.00 0.00 7.00 14.00 21.00 14.00 19.00 9.00 0.00 0.00 0.00 0.00 0.00
153.00 30.00 35.00 89.00 154.00 54.00 65.00 0.09 2.49 0.00 3.00 0.00 4.00 15.00 26.00 15.00 17.00 13.00 0.00 0.00 0.00 1.00 0.00
154.00 33.00 44.00 93.00 154.00 49.00 61.00 0.09 2.37 0.00 3.00 0.00 11.00 18.00 22.00 15.00 23.00 10.00 0.00 0.00 0.00 0.00 0.00
155.00 32.00 33.00 87.00 156.00 54.00 69.00 0.10 2.96 1.00 3.00 0.33 10.00 20.00 22.00 12.00 22.00 10.00 0.00 0.00 0.00 0.00 0.00
156.00 35.00 48.00 104.00 178.00 56.00 74.00 0.08 3.12 1.00 4.00 0.25 3.00 17.00 32.00 18.00 22.00 13.00 0.00 0.00 0.00 0.00 0.00
157.00 31.00 36.00 87.00 162.00 51.00 75.00 0.07 2.81 0.00 4.00 0.00 6.00 13.00 25.00 18.00 18.00 13.00 0.00 0.00 0.00 0.00 0.00
158.00 33.00 37.00 88.00 159.00 51.00 71.00 0.08 3.47 0.00 3.00 0.00 9.00 17.00 24.00 16.00 23.00 10.00 0.00 0.00 0.00 0.00 0.00
159.00 30.00 40.00 86.00 155.00 46.00 69.00 0.09 3.85 0.00 3.00 0.00 7.00 15.00 23.00 15.00 20.00 10.00 0.00 0.00 0.00 0.00 0.00
160.00 25.00 24.00 67.00 128.00 43.00 61.00 0.09 3.05 0.00 2.00 0.00 8.00 12.00 17.00 13.00 17.00 8.00 0.00 0.00 1.00 0.00 0.00
161.00 29.00 40.00 88.00 148.00 48.00 60.00 0.07 2.88 1.00 2.00 0.50 5.00 11.00 24.00 18.00 17.00 12.00 0.00 0.00 1.00 0.00 0.00
162.00 31.00 43.00 85.00 155.00 42.00 70.00 0.08 3.98 1.00 2.00 0.50 7.00 11.00 24.00 20.00 19.00 12.00 0.00 0.00 1.00 0.00 0.00
163.00 28.00 28.00 71.00 130.00 43.00 59.00 0.07 2.59 1.00 1.00 1.00 12.00 18.00 16.00 10.00 23.00 5.00 0.00 0.00 1.00 0.00 0.00
164.00 29.00 28.00 73.00 144.00 45.00 71.00 0.08 3.60 0.00 2.00 0.00 8.00 12.00 21.00 17.00 19.00 10.00 0.00 0.00 1.00 0.00 0.00
165.00 37.00 38.00 95.00 179.00 57.00 84.00 0.09 3.84 0.00 2.00 0.00 10.00 15.00 27.00 22.00 23.00 14.00 0.00 0.00 1.00 0.00 0.00
166.00 21.00 27.00 54.00 102.00 27.00 48.00 0.09 3.10 1.00 1.00 1.00 6.00 8.00 15.00 13.00 13.00 8.00 0.00 0.00 0.00 0.00 0.00
167.00 29.00 33.00 83.00 142.00 50.00 59.00 0.08 3.57 0.00 2.00 0.00 6.00 15.00 23.00 14.00 21.00 8.00 0.00 0.00 0.00 0.00 0.00
168.00 37.00 46.00 100.00 188.00 54.00 88.00 0.09 3.44 0.00 1.00 0.00 11.00 21.00 26.00 16.00 26.00 11.00 0.00 0.00 0.00 0.00 0.00
169.00 36.00 35.00 88.00 181.00 53.00 93.00 0.10 3.62 0.00 1.00 0.00 10.00 17.00 26.00 19.00 26.00 10.00 0.00 0.00 0.00 0.00 0.00
170.00 29.00 34.00 82.00 142.00 48.00 60.00 0.08 3.85 0.00 1.00 0.00 11.00 16.00 18.00 13.00 19.00 10.00 0.00 0.00 0.00 0.00 0.00
171.00 42.00 42.00 97.00 201.00 55.00 104.00 0.10 3.89 0.00 2.00 0.00 10.00 22.00 32.00 20.00 27.00 15.00 0.00 0.00 0.00 0.00 0.00
172.00 26.00 18.00 57.00 125.00 39.00 68.00 0.08 3.03 0.00 1.00 0.00 9.00 15.00 17.00 11.00 19.00 7.00 0.00 0.00 1.00 1.00 0.00
173.00 33.00 37.00 86.00 166.00 49.00 80.00 0.08 4.02 0.00 2.00 0.00 10.00 16.00 23.00 17.00 23.00 10.00 0.00 0.00 0.00 0.00 0.00
174.00 28.00 37.00 76.00 143.00 39.00 67.00 0.09 1.94 0.00 2.00 0.00 4.00 10.00 24.00 18.00 18.00 10.00 0.00 0.00 0.00 0.00 0.00
175.00 30.00 34.00 84.00 153.00 50.00 69.00 0.09 3.89 1.00 2.00 0.50 8.00 10.00 22.00 20.00 14.00 16.00 0.00 0.00 0.00 0.00 0.00
176.00 28.00 34.00 84.00 148.00 50.00 64.00 0.08 3.38 0.00 3.00 0.00 4.00 14.00 24.00 14.00 20.00 8.00 0.00 0.00 0.00 0.00 0.00
177.00 25.00 29.00 74.00 127.00 45.00 53.00 0.06 2.80 0.00 3.00 0.00 5.00 9.00 20.00 16.00 18.00 7.00 0.00 0.00 0.00 0.00 0.00
178.00 26.00 29.00 72.00 131.00 43.00 59.00 0.08 4.08 0.00 1.00 0.00 8.00 12.00 18.00 14.00 17.00 9.00 0.00 0.00 0.00 0.00 0.00
179.00 21.00 18.00 48.00 101.00 30.00 53.00 0.07 3.35 0.00 1.00 0.00 7.00 12.00 14.00 9.00 15.00 6.00 0.00 0.00 1.00 0.00 0.00
180.00 22.00 21.00 56.00 108.00 35.00 52.00 0.07 3.57 0.00 1.00 0.00 5.00 9.00 17.00 13.00 17.00 5.00 0.00 0.00 1.00 0.00 0.00
181.00 29.00 26.00 71.00 147.00 45.00 76.00 0.08 3.54 0.00 2.00 0.00 13.00 17.00 16.00 12.00 20.00 9.00 0.00 0.00 0.00 0.00 0.00
182.00 16.00 14.00 34.00 73.00 20.00 39.00 0.08 3.77 0.00 0.00 0.00 2.00 9.00 14.00 7.00 13.00 3.00 1.00 0.00 0.00 0.00 0.00
183.00 10.00 1.00 10.00 45.00 9.00 35.00 0.09 3.24 0.00 0.00 0.00 2.00 7.00 8.00 3.00 9.00 1.00 0.00 0.00 0.00 0.00 0.00
184.00 20.00 13.00 52.00 100.00 39.00 48.00 0.09 3.17 0.00 0.00 0.00 8.00 12.00 12.00 8.00 16.00 4.00 0.00 0.00 0.00 0.00 0.00
185.00 19.00 20.00 51.00 96.00 31.00 45.00 0.09 2.26 0.00 1.00 0.00 5.00 10.00 14.00 9.00 13.00 6.00 0.00 0.00 1.00 0.00 0.00
186.00 17.00 18.00 47.00 83.00 29.00 36.00 0.09 2.34 0.00 0.00 0.00 6.00 9.00 11.00 8.00 12.00 5.00 0.00 0.00 0.00 0.00 0.00
187.00 17.00 9.00 39.00 87.00 30.00 48.00 0.09 1.60 0.00 0.00 0.00 6.00 10.00 11.00 7.00 14.00 3.00 0.00 0.00 0.00 0.00 0.00
188.00 11.00 7.00 22.00 52.00 15.00 30.00 0.08 1.96 0.00 0.00 0.00 2.00 6.00 9.00 5.00 9.00 2.00 0.00 0.00 0.00 0.00 0.00
189.00 22.00 24.00 53.00 102.00 29.00 49.00 0.08 2.29 0.00 1.00 0.00 3.00 11.00 19.00 11.00 14.00 8.00 0.00 0.00 0.00 0.00 0.00
190.00 22.00 34.00 57.00 105.00 23.00 48.00 0.08 1.48 0.00 2.00 0.00 10.00 12.00 12.00 10.00 15.00 7.00 0.00 0.00 0.00 0.00 0.00
191.00 18.00 24.00 49.00 81.00 25.00 32.00 0.08 1.54 0.00 2.00 0.00 6.00 7.00 12.00 11.00 12.00 6.00 0.00 0.00 0.00 0.00 0.00
192.00 17.00 19.00 47.00 83.00 28.00 36.00 0.08 0.74 0.00 2.00 0.00 2.00 10.00 15.00 7.00 15.00 2.00 0.00 0.00 0.00 0.00 0.00
193.00 17.00 21.00 45.00 80.00 24.00 35.00 0.08 1.34 0.00 2.00 0.00 3.00 5.00 14.00 12.00 11.00 6.00 0.00 0.00 0.00 0.00 0.00
194.00 19.00 24.00 44.00 87.00 20.00 43.00 0.09 3.84 0.00 2.00 0.00 9.00 11.00 10.00 8.00 14.00 5.00 0.00 0.00 0.00 0.00 0.00
195.00 15.00 16.00 40.00 70.00 24.00 30.00 0.05 1.50 0.00 2.00 0.00 2.00 6.00 13.00 9.00 8.00 7.00 0.00 0.00 0.00 0.00 0.00
196.00 18.00 19.00 50.00 90.00 31.00 40.00 0.09 2.24 0.00 2.00 0.00 5.00 8.00 13.00 10.00 13.00 5.00 0.00 0.00 0.00 0.00 0.00
197.00 17.00 10.00 29.00 78.00 19.00 49.00 0.09 2.44 0.00 2.00 0.00 4.00 10.00 13.00 7.00 14.00 3.00 0.00 0.00 0.00 0.00 0.00
198.00 17.00 21.00 45.00 85.00 24.00 40.00 0.07 3.00 0.00 2.00 0.00 3.00 7.00 14.00 10.00 11.00 6.00 0.00 0.00 0.00 0.00 0.00
199.00 15.00 22.00 39.00 72.00 17.00 33.00 0.07 0.52 0.00 2.00 0.00 2.00 6.00 13.00 9.00 9.00 6.00 0.00 0.00 0.00 0.00 0.00
200.00 15.00 14.00 36.00 73.00 22.00 37.00 0.09 4.09 0.00 2.00 0.00 5.00 8.00 10.00 7.00 11.00 4.00 0.00 0.00 0.00 0.00 0.00
201.00 14.00 12.00 33.00 70.00 21.00 37.00 0.08 1.64 0.00 2.00 0.00 3.00 7.00 11.00 7.00 9.00 5.00 0.00 0.00 0.00 0.00 0.00
202.00 13.00 15.00 34.00 63.00 19.00 29.00 0.08 3.47 0.00 2.00 0.00 3.00 5.00 10.00 8.00 9.00 4.00 0.00 0.00 0.00 0.00 0.00
203.00 19.00 28.00 54.00 90.00 26.00 36.00 0.08 2.21 0.00 1.00 0.00 2.00 10.00 17.00 9.00 13.00 6.00 0.00 0.00 0.00 0.00 0.00
204.00 16.00 17.00 39.00 75.00 22.00 36.00 0.09 3.90 0.00 1.00 0.00 4.00 8.00 12.00 8.00 12.00 4.00 0.00 0.00 0.00 0.00 0.00
205.00 14.00 7.00 29.00 68.00 22.00 39.00 0.09 1.63 0.00 1.00 0.00 4.00 8.00 10.00 6.00 11.00 3.00 0.00 0.00 0.00 0.00 0.00
206.00 12.00 6.00 23.00 54.00 17.00 31.00 0.07 1.85 0.00 1.00 0.00 2.00 4.00 10.00 8.00 9.00 3.00 0.00 0.00 0.00 0.00 0.00
207.00 6.00 2.00 9.00 28.00 7.00 19.00 0.08 2.88 0.00 0.00 0.00 2.00 3.00 4.00 3.00 5.00 1.00 0.00 0.00 0.00 0.00 0.00
208.00 12.00 8.00 26.00 57.00 18.00 31.00 0.06 2.81 0.00 2.00 0.00 2.00 6.00 10.00 6.00 9.00 3.00 0.00 0.00 0.00 0.00 0.00
209.00 15.00 10.00 30.00 68.00 20.00 38.00 0.08 2.47 0.00 0.00 0.00 5.00 10.00 10.00 5.00 13.00 2.00 0.00 0.00 0.00 0.00 0.00
210.00 14.00 11.00 32.00 60.00 21.00 28.00 0.08 3.18 0.00 1.00 0.00 6.00 8.00 8.00 6.00 14.00 0.00 0.00 0.00 0.00 0.00 0.00
211.00 8.00 3.00 13.00 32.00 10.00 19.00 0.09 0.33 0.00 1.00 0.00 2.00 6.00 6.00 2.00 8.00 0.00 0.00 0.00 0.00 0.00 0.00
212.00 8.00 3.00 15.00 33.00 12.00 18.00 0.08 0.36 0.00 0.00 0.00 4.00 6.00 4.00 2.00 8.00 0.00 0.00 0.00 0.00 0.00 0.00
213.00 4.00 0.00 1.00 4.00 1.00 3.00 0.10 0.22 0.00 0.00 0.00 3.00 3.00 1.00 1.00 4.00 0.00 0.00 0.00 0.00 0.00 0.00
214.00 9.00 7.00 20.00 42.00 13.00 22.00 0.09 0.37 0.00 0.00 0.00 3.00 7.00 6.00 2.00 7.00 2.00 0.00 0.00 0.00 0.00 0.00
215.00 6.00 2.00 9.00 25.00 7.00 16.00 0.07 0.34 0.00 0.00 0.00 0.00 3.00 6.00 3.00 5.00 1.00 0.00 0.00 0.00 0.00 0.00
216.00 4.00 0.00 2.00 14.00 2.00 12.00 0.10 0.19 0.00 0.00 0.00 3.00 3.00 1.00 1.00 4.00 0.00 0.00 0.00 0.00 0.00 0.00
217.00 5.00 0.00 0.00 14.00 0.00 14.00 0.07 0.74 0.00 0.00 0.00 3.00 4.00 2.00 1.00 5.00 0.00 0.00 0.00 0.00 0.00 0.00
218.00 3.00 0.00 0.00 2.00 0.00 2.00 0.08 0.20 0.00 0.00 0.00 2.00 3.00 1.00 0.00 3.00 0.00 0.00 0.00 0.00 0.00 0.00
219.00 6.00 0.00 5.00 23.00 5.00 18.00 0.09 0.34 0.00 0.00 0.00 3.00 5.00 3.00 1.00 6.00 0.00 0.00 0.00 0.00 0.00 0.00
220.00 2.00 0.00 0.00 2.00 0.00 2.00 0.10 4.76 0.00 0.00 0.00 2.00 2.00 0.00 0.00 2.00 0.00 0.00 0.00 0.00 0.00 0.00
