0.00 2.00 0.00 0.00 5.00 0.00 5.00 0.10 0.15 0.00 0.00 0.00 2.00 2.00 0.00 0.00 2.00 0.00 0.00 0.00 0.00 0.00 0.00
1.00 3.00 0.00 1.00 9.00 1.00 8.00 0.07 0.14 0.00 0.00 0.00 2.00 3.00 1.00 0.00 3.00 0.00 0.00 0.00 0.00 0.00 0.00
2.00 3.00 0.00 1.00 4.00 1.00 3.00 0.08 4.20 0.00 0.00 0.00 2.00 3.00 1.00 0.00 3.00 0.00 0.00 0.00 0.00 0.00 0.00
3.00 7.00 2.00 8.00 32.00 6.00 24.00 0.09 0.49 0.00 0.00 0.00 3.00 6.00 4.00 1.00 6.00 1.00 0.00 0.00 0.00 1.00 0.00
4.00 10.00 8.00 20.00 49.00 12.00 29.00 0.10 0.44 0.00 0.00 0.00 3.00 6.00 7.00 4.00 7.00 3.00 0.00 0.00 0.00 0.00 0.00
5.00 6.00 2.00 7.00 25.00 5.00 18.00 0.08 0.37 0.00 0.00 0.00 1.00 3.00 5.00 3.00 4.00 2.00 0.00 0.00 0.00 0.00 0.00
6.00 8.00 1.00 12.00 33.00 11.00 21.00 0.09 0.47 0.00 0.00 0.00 2.00 5.00 6.00 3.00 7.00 1.00 0.00 0.00 0.00 0.00 0.00
7.00 10.00 3.00 18.00 42.00 15.00 24.00 0.09 0.43 0.00 1.00 0.00 5.00 9.00 5.00 1.00 9.00 1.00 0.00 0.00 0.00 0.00 0.00
8.00 10.00 6.00 19.00 43.00 13.00 24.00 0.08 0.35 0.00 1.00 0.00 4.00 6.00 6.00 4.00 10.00 0.00 0.00 0.00 0.00 0.00 0.00
9.00 14.00 13.00 32.00 64.00 19.00 32.00 0.09 2.31 0.00 1.00 0.00 4.00 6.00 10.00 8.00 11.00 3.00 0.00 0.00 0.00 0.00 0.00
10.00 5.00 1.00 7.00 20.00 6.00 13.00 0.10 0.21 0.00 0.00 0.00 2.00 3.00 3.00 2.00 5.00 0.00 0.00 0.00 0.00 0.00 0.00
11.00 10.00 4.00 17.00 44.00 13.00 27.00 0.10 0.38 0.00 0.00 0.00 2.00 6.00 8.00 4.00 8.00 2.00 0.00 0.00 0.00 0.00 0.00
12.00 8.00 4.00 14.00 36.00 10.00 22.00 0.10 0.60 0.00 0.00 0.00 2.00 4.00 6.00 4.00 5.00 3.00 0.00 0.00 0.00 0.00 0.00
13.00 6.00 3.00 9.00 27.00 6.00 18.00 0.07 0.18 0.00 0.00 0.00 2.00 4.00 4.00 2.00 5.00 1.00 0.00 0.00 0.00 0.00 0.00
14.00 8.00 2.00 15.00 38.00 13.00 23.00 0.09 0.40 0.00 0.00 0.00 3.00 5.00 5.00 3.00 8.00 0.00 0.00 0.00 0.00 0.00 0.00
15.00 9.00 6.00 20.00 43.00 14.00 23.00 0.09 0.43 0.00 0.00 0.00 2.00 5.00 7.00 4.00 8.00 1.00 0.00 0.00 0.00 0.00 0.00
16.00 10.00 1.00 18.00 45.00 17.00 27.00 0.10 0.42 0.00 0.00 0.00 5.00 6.00 5.00 4.00 8.00 2.00 0.00 0.00 0.00 0.00 0.00
17.00 10.00 4.00 18.00 46.00 14.00 28.00 0.10 0.52 0.00 0.00 0.00 4.00 6.00 6.00 4.00 8.00 2.00 0.00 0.00 0.00 0.00 0.00
18.00 13.00 5.00 20.00 50.00 15.00 30.00 0.09 1.93 0.00 0.00 0.00 3.00 9.00 10.00 4.00 12.00 1.00 0.00 0.00 0.00 0.00 0.00
19.00 12.00 8.00 23.00 55.00 15.00 32.00 0.10 0.68 0.00 0.00 0.00 5.00 7.00 7.00 5.00 8.00 4.00 0.00 0.00 0.00 0.00 0.00
20.00 14.00 7.00 30.00 68.00 23.00 38.00 0.08 0.56 0.00 0.00 0.00 5.00 8.00 9.00 6.00 10.00 4.00 0.00 0.00 0.00 0.00 0.00
21.00 9.00 0.00 11.00 37.00 11.00 26.00 0.08 0.47 0.00 0.00 0.00 3.00 6.00 6.00 3.00 9.00 0.00 0.00 0.00 0.00 0.00 0.00
22.00 9.00 3.00 15.00 41.00 12.00 26.00 0.08 0.57 0.00 1.00 0.00 2.00 5.00 7.00 4.00 7.00 2.00 0.00 0.00 0.00 0.00 0.00
23.00 10.00 8.00 22.00 49.00 14.00 27.00 0.09 0.37 0.00 1.00 0.00 2.00 3.00 8.00 7.00 7.00 3.00 0.00 0.00 0.00 0.00 0.00
24.00 15.00 10.00 36.00 74.00 26.00 38.00 0.08 3.09 0.00 1.00 0.00 4.00 10.00 11.00 5.00 13.00 2.00 0.00 0.00 0.00 0.00 0.00
25.00 17.00 15.00 39.00 78.00 24.00 39.00 0.09 3.57 0.00 1.00 0.00 6.00 12.00 11.00 5.00 14.00 3.00 0.00 0.00 0.00 0.00 0.00
26.00 13.00 15.00 34.00 67.00 19.00 33.00 0.08 3.45 0.00 1.00 0.00 3.00 6.00 10.00 7.00 7.00 6.00 0.00 0.00 0.00 0.00 0.00
27.00 17.00 21.00 48.00 87.00 27.00 39.00 0.08 3.03 0.00 1.00 0.00 7.00 11.00 10.00 6.00 12.00 5.00 0.00 0.00 2.00 0.00 0.00
28.00 9.00 6.00 18.00 40.00 12.00 22.00 0.08 2.16 0.00 0.00 0.00 3.00 8.00 6.00 1.00 8.00 1.00 0.00 0.00 0.00 0.00 0.00
29.00 14.00 15.00 38.00 71.00 23.00 33.00 0.08 0.55 0.00 0.00 0.00 5.00 7.00 9.00 7.00 7.00 7.00 0.00 0.00 0.00 0.00 0.00
30.00 11.00 8.00 23.00 54.00 15.00 31.00 0.08 0.42 0.00 0.00 0.00 4.00 6.00 7.00 5.00 7.00 4.00 0.00 0.00 0.00 0.00 0.00
31.00 14.00 13.00 36.00 72.00 23.00 36.00 0.08 0.60 0.00 0.00 0.00 4.00 6.00 10.00 8.00 12.00 2.00 0.00 0.00 0.00 0.00 0.00
32.00 13.00 10.00 29.00 63.00 19.00 34.00 0.08 0.56 0.00 1.00 0.00 5.00 7.00 8.00 6.00 8.00 5.00 0.00 0.00 0.00 0.00 0.00
33.00 13.00 8.00 24.00 57.00 16.00 33.00 0.07 0.68 0.00 1.00 0.00 6.00 8.00 7.00 5.00 11.00 2.00 0.00 0.00 0.00 0.00 0.00
34.00 10.00 6.00 24.00 48.00 18.00 24.00 0.10 0.50 0.00 1.00 0.00 4.00 6.00 6.00 4.00 6.00 4.00 0.00 0.00 0.00 0.00 0.00
35.00 13.00 9.00 31.00 57.00 22.00 26.00 0.08 0.57 0.00 1.00 0.00 2.00 9.00 11.00 4.00 10.00 3.00 0.00 0.00 0.00 0.00 0.00
36.00 10.00 1.00 17.00 42.00 16.00 25.00 0.10 2.10 0.00 0.00 0.00 3.00 8.00 7.00 2.00 9.00 1.00 0.00 0.00 0.00 0.00 0.00
37.00 12.00 9.00 30.00 58.00 21.00 28.00 0.10 0.46 0.00 1.00 0.00 3.00 7.00 9.00 5.00 11.00 1.00 0.00 0.00 0.00 0.00 0.00
38.00 17.00 17.00 38.00 81.00 21.00 43.00 0.08 2.34 0.00 1.00 0.00 4.00 9.00 13.00 8.00 10.00 7.00 0.00 0.00 0.00 0.00 0.00
39.00 14.00 14.00 30.00 66.00 16.00 36.00 0.08 0.54 0.00 1.00 0.00 3.00 9.00 11.00 5.00 10.00 4.00 0.00 0.00 0.00 0.00 0.00
40.00 13.00 14.00 32.00 61.00 18.00 29.00 0.07 1.75 0.00 1.00 0.00 4.00 8.00 9.00 5.00 11.00 2.00 0.00 0.00 0.00 1.00 0.00
41.00 15.00 18.00 37.00 71.00 19.00 34.00 0.10 3.49 0.00 1.00 0.00 5.00 8.00 10.00 7.00 10.00 5.00 0.00 0.00 0.00 0.00 0.00
42.00 16.00 10.00 31.00 67.00 21.00 36.00 0.09 3.37 0.00 1.00 0.00 5.00 11.00 11.00 5.00 15.00 1.00 0.00 0.00 0.00 0.00 0.00
43.00 11.00 9.00 23.00 46.00 14.00 23.00 0.08 3.01 0.00 1.00 0.00 5.00 9.00 6.00 2.00 10.00 1.00 0.00 0.00 0.00 0.00 0.00
44.00 15.00 9.00 39.00 76.00 30.00 37.00 0.08 1.69 0.00 2.00 0.00 8.00 10.00 7.00 5.00 13.00 2.00 0.00 0.00 0.00 0.00 0.00
45.00 16.00 16.00 41.00 77.00 25.00 36.00 0.08 2.48 0.00 0.00 0.00 4.00 5.00 12.00 11.00 10.00 6.00 0.00 0.00 0.00 0.00 0.00
46.00 14.00 15.00 33.00 67.00 18.00 34.00 0.08 0.39 0.00 0.00 0.00 5.00 6.00 9.00 8.00 10.00 4.00 0.00 0.00 0.00 0.00 0.00
47.00 13.00 11.00 32.00 63.00 21.00 31.00 0.07 1.79 0.00 1.00 0.00 3.00 6.00 10.00 7.00 8.00 5.00 0.00 0.00 0.00 0.00 0.00
48.00 13.00 12.00 30.00 54.00 18.00 24.00 0.10 3.64 0.00 1.00 0.00 4.00 7.00 9.00 6.00 9.00 4.00 0.00 0.00 0.00 0.00 0.00
49.00 12.00 12.00 30.00 57.00 18.00 27.00 0.09 3.04 0.00 1.00 0.00 2.00 5.00 10.00 7.00 10.00 2.00 0.00 0.00 0.00 0.00 0.00
50.00 14.00 11.00 27.00 59.00 16.00 32.00 0.08 2.72 0.00 0.00 0.00 5.00 8.00 9.00 6.00 13.00 1.00 0.00 0.00 0.00 0.00 0.00
51.00 16.00 16.00 38.00 72.00 22.00 34.00 0.08 2.61 0.00 0.00 0.00 4.00 7.00 12.00 9.00 12.00 4.00 0.00 0.00 0.00 0.00 0.00
52.00 13.00 8.00 23.00 58.00 15.00 35.00 0.08 2.72 0.00 1.00 0.00 3.00 7.00 10.00 6.00 8.00 5.00 0.00 0.00 0.00 0.00 0.00
53.00 18.00 21.00 43.00 83.00 22.00 40.00 0.08 3.49 0.00 1.00 0.00 6.00 10.00 12.00 8.00 14.00 4.00 0.00 0.00 0.00 0.00 0.00
54.00 15.00 13.00 38.00 71.00 25.00 33.00 0.10 1.55 0.00 1.00 0.00 4.00 7.00 11.00 8.00 10.00 5.00 0.00 0.00 0.00 0.00 0.00
55.00 26.00 27.00 64.00 114.00 37.00 50.00 0.09 2.53 0.00 1.00 0.00 9.00 16.00 17.00 10.00 19.00 7.00 0.00 0.00 0.00 0.00 0.00
56.00 18.00 17.00 49.00 91.00 32.00 42.00 0.09 1.43 0.00 1.00 0.00 6.00 9.00 12.00 9.00 14.00 4.00 0.00 0.00 1.00 0.00 0.00
57.00 14.00 6.00 35.00 71.00 29.00 36.00 0.09 0.45 0.00 0.00 0.00 2.00 9.00 12.00 5.00 11.00 3.00 0.00 0.00 0.00 0.00 0.00
58.00 17.00 20.00 45.00 88.00 25.00 43.00 0.08 0.49 0.00 1.00 0.00 5.00 10.00 12.00 7.00 11.00 6.00 0.00 0.00 0.00 0.00 0.00
59.00 12.00 10.00 30.00 58.00 20.00 28.00 0.09 0.49 0.00 1.00 0.00 3.00 6.00 9.00 6.00 11.00 1.00 0.00 0.00 0.00 0.00 0.00
60.00 15.00 14.00 39.00 74.00 25.00 35.00 0.08 1.57 0.00 2.00 0.00 2.00 8.00 13.00 7.00 12.00 3.00 0.00 0.00 0.00 0.00 0.00
61.00 14.00 13.00 34.00 70.00 21.00 36.00 0.08 2.67 0.00 1.00 0.00 3.00 7.00 11.00 7.00 9.00 5.00 0.00 0.00 0.00 0.00 0.00
62.00 12.00 13.00 30.00 59.00 17.00 29.00 0.07 3.88 0.00 2.00 0.00 1.00 4.00 11.00 8.00 9.00 3.00 0.00 0.00 0.00 0.00 0.00
63.00 16.00 12.00 33.00 75.00 21.00 42.00 0.08 2.91 0.00 1.00 0.00 5.00 9.00 11.00 7.00 11.00 5.00 0.00 0.00 0.00 0.00 0.00
64.00 17.00 18.00 48.00 88.00 30.00 40.00 0.08 3.66 0.00 1.00 0.00 4.00 9.00 13.00 8.00 11.00 6.00 0.00 0.00 0.00 0.00 0.00
65.00 11.00 6.00 23.00 51.00 17.00 28.00 0.09 4.65 0.00 1.00 0.00 3.00 7.00 8.00 4.00 10.00 1.00 0.00 0.00 0.00 0.00 0.00
66.00 19.00 18.00 54.00 94.00 36.00 40.00 0.07 2.93 0.00 1.00 0.00 7.00 11.00 12.00 8.00 15.00 4.00 0.00 0.00 0.00 0.00 0.00
67.00 17.00 16.00 41.00 83.00 25.00 42.00 0.08 2.39 0.00 1.00 0.00 5.00 9.00 12.00 8.00 13.00 4.00 0.00 0.00 0.00 0.00 0.00
68.00 19.00 17.00 45.00 92.00 28.00 47.00 0.08 3.44 0.00 1.00 0.00 4.00 7.00 15.00 12.00 11.00 8.00 0.00 0.00 0.00 1.00 0.00
69.00 19.00 17.00 55.00 97.00 38.00 42.00 0.08 1.38 0.00 1.00 0.00 6.00 10.00 13.00 9.00 13.00 6.00 0.00 0.00 0.00 0.00 0.00
70.00 20.00 20.00 53.00 101.00 33.00 48.00 0.08 2.73 0.00 1.00 0.00 5.00 8.00 15.00 12.00 10.00 10.00 0.00 0.00 0.00 0.00 0.00
71.00 20.00 22.00 50.00 99.00 28.00 49.00 0.10 1.40 0.00 1.00 0.00 7.00 10.00 13.00 10.00 14.00 6.00 0.00 0.00 0.00 0.00 0.00
72.00 23.00 17.00 57.00 110.00 40.00 53.00 0.08 3.08 0.00 1.00 0.00 9.00 10.00 14.00 13.00 12.00 11.00 0.00 0.00 0.00 0.00 0.00
73.00 25.00 24.00 59.00 116.00 35.00 57.00 0.07 2.36 0.00 1.00 0.00 8.00 17.00 17.00 8.00 20.00 5.00 0.00 0.00 0.00 0.00 0.00
74.00 18.00 13.00 42.00 84.00 29.00 42.00 0.07 1.48 0.00 2.00 0.00 7.00 13.00 11.00 5.00 15.00 3.00 0.00 0.00 0.00 0.00 0.00
75.00 15.00 14.00 38.00 76.00 24.00 38.00 0.08 1.58 0.00 1.00 0.00 3.00 8.00 12.00 7.00 10.00 5.00 0.00 0.00 1.00 0.00 0.00
76.00 20.00 16.00 48.00 101.00 32.00 53.00 0.09 2.03 0.00 1.00 0.00 8.00 12.00 12.00 8.00 17.00 3.00 0.00 0.00 0.00 0.00 0.00
77.00 22.00 18.00 50.00 104.00 32.00 54.00 0.09 2.56 0.00 2.00 0.00 7.00 11.00 15.00 11.00 17.00 5.00 0.00 0.00 0.00 0.00 0.00
78.00 19.00 21.00 54.00 92.00 33.00 38.00 0.09 4.28 0.00 1.00 0.00 3.00 10.00 16.00 9.00 12.00 7.00 0.00 0.00 0.00 0.00 0.00
79.00 26.00 30.00 69.00 128.00 39.00 59.00 0.09 3.35 0.00 0.00 0.00 6.00 10.00 20.00 16.00 17.00 9.00 0.00 0.00 0.00 0.00 0.00
80.00 18.00 17.00 44.00 83.00 27.00 39.00 0.08 3.18 0.00 1.00 0.00 3.00 8.00 15.00 10.00 13.00 5.00 0.00 0.00 0.00 0.00 0.00
81.00 22.00 24.00 60.00 110.00 36.00 50.00 0.09 3.61 0.00 1.00 0.00 4.00 8.00 18.00 14.00 11.00 11.00 0.00 0.00 0.00 0.00 0.00
82.00 15.00 13.00 38.00 72.00 25.00 34.00 0.09 2.35 0.00 1.00 0.00 4.00 9.00 11.00 6.00 11.00 4.00 0.00 0.00 0.00 1.00 0.00
83.00 19.00 15.00 44.00 97.00 29.00 53.00 0.09 2.16 0.00 0.00 0.00 2.00 7.00 17.00 12.00 9.00 10.00 0.00 0.00 0.00 0.00 0.00
84.00 23.00 24.00 57.00 115.00 33.00 58.00 0.09 2.11 0.00 2.00 0.00 8.00 13.00 15.00 10.00 16.00 7.00 0.00 0.00 0.00 0.00 0.00
85.00 26.00 24.00 60.00 120.00 36.00 60.00 0.08 3.32 0.00 2.00 0.00 7.00 14.00 19.00 12.00 19.00 7.00 0.00 0.00 0.00 0.00 0.00
86.00 20.00 19.00 46.00 92.00 27.00 46.00 0.08 4.15 0.00 2.00 0.00 1.00 9.00 19.00 11.00 17.00 3.00 0.00 0.00 0.00 0.00 0.00
87.00 24.00 28.00 66.00 118.00 38.00 52.00 0.10 2.96 0.00 1.00 0.00 7.00 12.00 17.00 12.00 16.00 8.00 0.00 0.00 0.00 0.00 0.00
88.00 20.00 25.00 54.00 99.00 29.00 45.00 0.09 3.13 0.00 0.00 0.00 2.00 10.00 18.00 10.00 12.00 8.00 0.00 0.00 0.00 0.00 0.00
89.00 23.00 24.00 58.00 111.00 34.00 53.00 0.08 2.66 0.00 1.00 0.00 6.00 15.00 17.00 8.00 21.00 2.00 0.00 0.00 0.00 0.00 0.00
90.00 31.00 36.00 85.00 153.00 49.00 68.00 0.08 3.22 0.00 2.00 0.00 8.00 14.00 23.00 17.00 17.00 14.00 0.00 0.00 0.00 0.00 0.00
91.00 16.00 15.00 38.00 81.00 23.00 43.00 0.08 0.46 0.00 1.00 0.00 2.00 8.00 14.00 8.00 10.00 6.00 0.00 0.00 0.00 0.00 0.00
92.00 24.00 17.00 53.00 122.00 36.00 69.00 0.09 1.38 0.00 1.00 0.00 7.00 11.00 17.00 13.00 18.00 6.00 0.00 0.00 0.00 0.00 0.00
93.00 18.00 10.00 41.00 88.00 31.00 47.00 0.07 1.45 0.00 2.00 0.00 5.00 11.00 13.00 7.00 14.00 4.00 0.00 0.00 0.00 0.00 0.00
94.00 21.00 17.00 48.00 97.00 31.00 49.00 0.08 2.40 0.00 1.00 0.00 4.00 9.00 17.00 12.00 14.00 7.00 0.00 0.00 0.00 0.00 0.00
95.00 30.00 24.00 78.00 157.00 54.00 79.00 0.09 2.10 0.00 1.00 0.00 9.00 15.00 21.00 15.00 24.00 6.00 0.00 0.00 0.00 0.00 0.00
96.00 29.00 16.00 66.00 137.00 50.00 71.00 0.08 3.10 0.00 1.00 0.00 10.00 19.00 19.00 10.00 21.00 8.00 0.00 0.00 0.00 0.00 0.00
97.00 21.00 15.00 55.00 106.00 40.00 51.00 0.08 1.47 0.00 1.00 0.00 8.00 14.00 13.00 7.00 18.00 3.00 0.00 0.00 0.00 0.00 0.00
98.00 20.00 5.00 40.00 97.00 35.00 57.00 0.09 2.65 0.00 0.00 0.00 6.00 11.00 14.00 9.00 19.00 1.00 0.00 0.00 0.00 0.00 0.00
99.00 15.00 7.00 28.00 74.00 21.00 46.00 0.08 2.48 0.00 0.00 0.00 2.00 8.00 13.00 7.00 12.00 3.00 0.00 0.00 0.00 0.00 0.00
100.00 18.00 17.00 45.00 94.00 28.00 49.00 0.09 0.86 0.00 0.00 0.00 6.00 8.00 12.00 10.00 13.00 5.00 0.00 0.00 0.00 0.00 0.00
101.00 22.00 13.00 52.00 115.00 39.00 63.00 0.08 1.41 0.00 0.00 0.00 6.00 12.00 16.00 10.00 15.00 7.00 0.00 0.00 0.00 0.00 0.00
102.00 29.00 18.00 70.00 146.00 52.00 76.00 0.07 2.46 0.00 2.00 0.00 5.00 13.00 24.00 16.00 20.00 9.00 0.00 0.00 0.00 0.00 0.00
103.00 18.00 10.00 41.00 87.00 31.00 46.00 0.09 1.60 0.00 1.00 0.00 4.00 12.00 14.00 6.00 16.00 2.00 0.00 0.00 0.00 0.00 0.00
104.00 30.00 20.00 69.00 152.00 49.00 83.00 0.09 1.30 0.00 0.00 0.00 9.00 14.00 21.00 16.00 21.00 9.00 0.00 0.00 0.00 0.00 0.00
105.00 33.00 36.00 88.00 173.00 52.00 85.00 0.08 3.04 0.00 2.00 0.00 5.00 16.00 28.00 17.00 21.00 12.00 0.00 0.00 0.00 0.00 0.00
106.00 29.00 21.00 68.00 150.00 47.00 82.00 0.09 1.66 1.00 1.00 1.00 8.00 13.00 21.00 16.00 19.00 10.00 0.00 0.00 0.00 0.00 0.00
107.00 31.00 24.00 76.00 156.00 52.00 80.00 0.10 2.54 0.00 1.00 0.00 7.00 19.00 24.00 12.00 22.00 9.00 0.00 0.00 0.00 0.00 0.00
108.00 29.00 31.00 81.00 143.00 50.00 62.00 0.09 2.16 0.00 1.00 0.00 10.00 16.00 19.00 13.00 21.00 8.00 0.00 0.00 0.00 0.00 0.00
109.00 35.00 32.00 88.00 176.00 56.00 88.00 0.07 2.88 0.00 2.00 0.00 9.00 18.00 26.00 17.00 27.00 8.00 0.00 0.00 0.00 0.00 0.00
110.00 43.00 42.00 118.00 229.00 76.00 111.00 0.07 2.24 0.00 3.00 0.00 13.00 22.00 30.00 21.00 30.00 13.00 0.00 0.00 0.00 0.00 0.00
111.00 50.00 56.00 135.00 249.00 79.00 114.00 0.09 2.66 1.00 3.00 0.33 18.00 28.00 32.00 22.00 37.00 13.00 0.00 0.00 1.00 0.00 0.00
112.00 40.00 44.00 111.00 212.00 67.00 101.00 0.09 2.44 1.00 1.00 1.00 10.00 19.00 30.00 21.00 26.00 14.00 0.00 0.00 0.00 0.00 0.00
113.00 35.00 21.00 87.00 192.00 66.00 105.00 0.09 2.13 0.00 0.00 0.00 13.00 20.00 22.00 15.00 26.00 9.00 0.00 0.00 2.00 1.00 0.00
114.00 29.00 31.00 76.00 149.00 45.00 73.00 0.09 2.15 0.00 1.00 0.00 4.00 10.00 25.00 19.00 17.00 12.00 0.00 0.00 1.00 0.00 0.00
115.00 31.00 28.00 73.00 148.00 45.00 75.00 0.08 2.37 0.00 0.00 0.00 8.00 20.00 23.00 11.00 25.00 6.00 0.00 0.00 1.00 0.00 0.00
116.00 28.00 22.00 75.00 138.00 53.00 63.00 0.10 2.26 0.00 1.00 0.00 4.00 12.00 24.00 16.00 19.00 9.00 0.00 0.00 1.00 0.00 0.00
117.00 26.00 22.00 64.00 133.00 42.00 69.00 0.08 2.04 0.00 2.00 0.00 10.00 12.00 16.00 14.00 17.00 9.00 0.00 0.00 1.00 0.00 0.00
118.00 28.00 28.00 72.00 145.00 44.00 73.00 0.09 1.23 0.00 1.00 0.00 6.00 12.00 22.00 16.00 18.00 10.00 0.00 0.00 1.00 0.00 0.00
119.00 21.00 13.00 54.00 114.00 41.00 60.00 0.08 2.42 0.00 1.00 0.00 8.00 12.00 13.00 9.00 14.00 7.00 0.00 0.00 1.00 1.00 0.00
120.00 35.00 37.00 83.00 178.00 46.00 95.00 0.09 2.45 0.00 0.00 0.00 11.00 18.00 24.00 17.00 27.00 8.00 0.00 0.00 1.00 1.00 0.00
121.00 30.00 30.00 76.00 155.00 46.00 79.00 0.07 2.46 0.00 0.00 0.00 10.00 14.00 20.00 16.00 18.00 12.00 0.00 0.00 1.00 1.00 0.00
122.00 26.00 32.00 76.00 129.00 44.00 53.00 0.09 0.92 1.00 0.00 0.00 6.00 16.00 20.00 10.00 19.00 7.00 0.00 0.00 0.00 1.00 0.00
123.00 26.00 29.00 64.00 123.00 35.00 59.00 0.08 0.85 0.00 0.00 0.00 8.00 13.00 18.00 13.00 21.00 5.00 0.00 0.00 0.00 0.00 0.00
124.00 27.00 27.00 71.00 129.00 44.00 58.00 0.08 1.65 0.00 0.00 0.00 9.00 15.00 18.00 12.00 19.00 8.00 0.00 0.00 0.00 1.00 0.00
125.00 32.00 37.00 80.00 156.00 43.00 76.00 0.07 2.24 1.00 0.00 0.00 17.00 19.00 15.00 13.00 20.00 12.00 0.00 0.00 0.00 0.00 0.00
126.00 34.00 29.00 86.00 168.00 57.00 82.00 0.07 1.84 0.00 1.00 0.00 13.00 18.00 21.00 16.00 24.00 10.00 0.00 0.00 0.00 0.00 0.00
127.00 29.00 20.00 73.00 142.00 53.00 69.00 0.09 1.27 0.00 0.00 0.00 8.00 16.00 21.00 13.00 18.00 11.00 0.00 0.00 0.00 0.00 0.00
128.00 29.00 33.00 81.00 144.00 48.00 63.00 0.10 2.17 0.00 0.00 0.00 3.00 11.00 26.00 18.00 19.00 10.00 0.00 0.00 0.00 1.00 0.00
129.00 29.00 30.00 74.00 147.00 44.00 73.00 0.08 1.57 0.00 0.00 0.00 6.00 12.00 23.00 17.00 19.00 10.00 0.00 0.00 0.00 0.00 0.00
130.00 27.00 29.00 64.00 132.00 35.00 68.00 0.11 1.35 0.00 0.00 0.00 8.00 12.00 19.00 15.00 17.00 10.00 0.00 0.00 1.00 0.00 0.00
131.00 28.00 25.00 71.00 137.00 46.00 66.00 0.08 1.79 0.00 0.00 0.00 11.00 14.00 17.00 14.00 19.00 9.00 0.00 0.00 2.00 0.00 0.00
132.00 21.00 18.00 53.00 107.00 35.00 54.00 0.08 1.00 0.00 2.00 0.00 5.00 8.00 16.00 13.00 10.00 11.00 0.00 0.00 0.00 0.00 0.00
133.00 26.00 21.00 57.00 129.00 36.00 72.00 0.08 2.47 0.00 2.00 0.00 8.00 9.00 18.00 17.00 15.00 11.00 0.00 0.00 1.00 0.00 0.00
134.00 15.00 17.00 37.00 69.00 20.00 32.00 0.08 0.53 0.00 2.00 0.00 7.00 8.00 8.00 7.00 10.00 5.00 0.00 0.00 0.00 0.00 0.00
135.00 31.00 27.00 79.00 152.00 52.00 73.00 0.07 3.50 0.00 1.00 0.00 10.00 13.00 21.00 18.00 19.00 12.00 0.00 0.00 0.00 0.00 0.00
136.00 30.00 32.00 71.00 148.00 39.00 77.00 0.09 3.36 1.00 2.00 0.50 7.00 11.00 23.00 19.00 18.00 12.00 0.00 0.00 0.00 0.00 0.00
137.00 23.00 13.00 48.00 118.00 35.00 70.00 0.09 3.47 0.00 0.00 0.00 6.00 13.00 17.00 10.00 14.00 9.00 0.00 0.00 1.00 0.00 0.00
138.00 14.00 10.00 25.00 65.00 15.00 40.00 0.08 0.52 0.00 1.00 0.00 5.00 8.00 9.00 6.00 12.00 2.00 0.00 0.00 0.00 0.00 0.00
139.00 21.00 19.00 45.00 104.00 26.00 59.00 0.10 0.94 0.00 1.00 0.00 5.00 13.00 16.00 8.00 16.00 5.00 0.00 0.00 0.00 0.00 0.00
140.00 26.00 19.00 57.00 125.00 38.00 68.00 0.08 3.21 0.00 1.00 0.00 7.00 10.00 19.00 16.00 19.00 7.00 0.00 0.00 0.00 0.00 0.00
141.00 16.00 14.00 36.00 79.00 22.00 43.00 0.09 1.72 0.00 0.00 0.00 4.00 8.00 12.00 8.00 13.00 3.00 0.00 0.00 0.00 0.00 0.00
142.00 16.00 13.00 42.00 83.00 29.00 41.00 0.07 0.65 0.00 1.00 0.00 4.00 8.00 12.00 8.00 11.00 5.00 0.00 0.00 0.00 0.00 0.00
143.00 10.00 3.00 15.00 46.00 12.00 31.00 0.07 0.58 0.00 0.00 0.00 2.00 4.00 8.00 6.00 8.00 2.00 0.00 0.00 0.00 0.00 0.00
144.00 10.00 2.00 17.00 50.00 15.00 33.00 0.09 0.36 0.00 0.00 0.00 3.00 5.00 7.00 5.00 7.00 3.00 0.00 0.00 0.00 0.00 0.00
145.00 13.00 5.00 28.00 64.00 23.00 36.00 0.09 0.76 0.00 0.00 0.00 4.00 8.00 9.00 5.00 12.00 1.00 0.00 0.00 0.00 0.00 0.00
146.00 13.00 7.00 28.00 62.00 21.00 34.00 0.09 2.71 0.00 1.00 0.00 5.00 11.00 8.00 2.00 12.00 1.00 0.00 0.00 0.00 0.00 0.00
147.00 11.00 5.00 19.00 51.00 14.00 32.00 0.09 0.44 0.00 0.00 0.00 6.00 8.00 5.00 3.00 10.00 1.00 0.00 0.00 0.00 0.00 0.00
148.00 14.00 12.00 35.00 64.00 23.00 29.00 0.08 0.66 0.00 0.00 0.00 5.00 9.00 9.00 5.00 11.00 3.00 0.00 0.00 0.00 0.00 0.00
149.00 14.00 9.00 28.00 63.00 19.00 35.00 0.09 2.82 0.00 0.00 0.00 4.00 8.00 10.00 6.00 12.00 2.00 0.00 0.00 0.00 0.00 0.00
150.00 23.00 12.00 52.00 119.00 40.00 67.00 0.08 2.55 0.00 0.00 0.00 5.00 13.00 18.00 10.00 16.00 7.00 0.00 0.00 0.00 0.00 0.00
151.00 26.00 22.00 71.00 135.00 49.00 64.00 0.09 3.29 0.00 0.00 0.00 4.00 12.00 22.00 14.00 22.00 4.00 0.00 0.00 1.00 0.00 0.00
152.00 24.00 21.00 63.00 123.00 42.00 60.00 0.09 1.06 0.00 1.00 0.00 8.00 12.00 16.00 12.00 16.00 8.00 0.00 0.00 1.00 0.00 0.00
153.00 12.00 11.00 32.00 60.00 21.00 28.00 0.07 0.49 0.00 0.00 0.00 3.00 4.00 9.00 8.00 9.00 3.00 0.00 0.00 1.00 1.00 0.00
154.00 23.00 21.00 59.00 111.00 38.00 52.00 0.09 1.78 0.00 1.00 0.00 8.00 16.00 15.00 7.00 18.00 5.00 0.00 0.00 0.00 0.00 0.00
155.00 13.00 8.00 27.00 61.00 19.00 34.00 0.09 0.57 0.00 0.00 0.00 3.00 7.00 10.00 6.00 11.00 2.00 0.00 0.00 0.00 0.00 0.00
156.00 21.00 15.00 53.00 104.00 38.00 51.00 0.09 0.96 0.00 0.00 0.00 5.00 12.00 16.00 9.00 18.00 3.00 0.00 0.00 0.00 0.00 0.00
157.00 25.00 24.00 56.00 124.00 32.00 68.00 0.08 1.59 0.00 0.00 0.00 8.00 12.00 17.00 13.00 16.00 9.00 0.00 0.00 0.00 0.00 0.00
158.00 28.00 29.00 76.00 136.00 47.00 60.00 0.08 2.47 0.00 0.00 0.00 7.00 12.00 21.00 16.00 16.00 12.00 0.00 0.00 0.00 0.00 0.00
159.00 22.00 12.00 43.00 111.00 31.00 68.00 0.08 1.14 0.00 0.00 0.00 6.00 13.00 16.00 9.00 19.00 3.00 0.00 0.00 0.00 0.00 0.00
160.00 24.00 18.00 57.00 114.00 39.00 57.00 0.08 1.09 0.00 0.00 0.00 6.00 13.00 18.00 11.00 16.00 8.00 0.00 0.00 0.00 0.00 0.00
161.00 11.00 2.00 18.00 49.00 16.00 31.00 0.09 1.89 0.00 0.00 0.00 2.00 9.00 9.00 2.00 11.00 0.00 0.00 0.00 0.00 1.00 0.00
162.00 25.00 20.00 62.00 117.00 42.00 55.00 0.09 2.03 0.00 1.00 0.00 7.00 13.00 18.00 12.00 17.00 8.00 0.00 0.00 0.00 0.00 0.00
163.00 16.00 14.00 31.00 70.00 17.00 39.00 0.07 0.48 0.00 1.00 0.00 6.00 13.00 10.00 3.00 14.00 2.00 0.00 0.00 0.00 0.00 0.00
164.00 30.00 32.00 78.00 147.00 46.00 69.00 0.10 1.64 0.00 1.00 0.00 12.00 15.00 18.00 15.00 20.00 10.00 0.00 0.00 0.00 0.00 0.00
165.00 26.00 26.00 62.00 129.00 36.00 67.00 0.08 0.94 0.00 0.00 0.00 9.00 13.00 17.00 13.00 15.00 11.00 0.00 0.00 1.00 0.00 0.00
166.00 30.00 31.00 80.00 149.00 49.00 69.00 0.08 2.08 0.00 0.00 0.00 10.00 21.00 20.00 9.00 24.00 6.00 0.00 0.00 0.00 0.00 0.00
167.00 17.00 13.00 36.00 77.00 23.00 41.00 0.09 2.19 0.00 1.00 0.00 6.00 7.00 11.00 10.00 12.00 5.00 0.00 0.00 0.00 0.00 0.00
168.00 31.00 35.00 88.00 161.00 53.00 73.00 0.08 1.32 0.00 1.00 0.00 6.00 14.00 25.00 17.00 21.00 10.00 0.00 0.00 0.00 0.00 0.00
169.00 31.00 22.00 70.00 139.00 48.00 69.00 0.08 2.54 0.00 0.00 0.00 8.00 15.00 23.00 16.00 18.00 13.00 0.00 0.00 0.00 0.00 0.00
170.00 9.00 5.00 15.00 39.00 10.00 24.00 0.09 3.87 0.00 1.00 0.00 3.00 7.00 6.00 2.00 7.00 2.00 0.00 0.00 0.00 0.00 0.00
171.00 23.00 16.00 52.00 102.00 36.00 50.00 0.09 2.37 0.00 1.00 0.00 8.00 14.00 15.00 9.00 20.00 3.00 0.00 0.00 0.00 0.00 0.00
172.00 32.00 35.00 87.00 165.00 52.00 78.00 0.08 3.46 0.00 3.00 0.00 9.00 12.00 23.00 20.00 16.00 16.00 0.00 0.00 0.00 0.00 0.00
173.00 30.00 30.00 74.00 143.00 44.00 69.00 0.08 3.22 0.00 2.00 0.00 9.00 19.00 21.00 11.00 22.00 8.00 0.00 0.00 0.00 0.00 0.00
174.00 31.00 41.00 92.00 153.00 51.00 61.00 0.09 3.17 0.00 1.00 0.00 9.00 16.00 22.00 15.00 19.00 12.00 0.00 0.00 0.00 0.00 0.00
175.00 28.00 19.00 61.00 135.00 42.00 74.00 0.09 3.82 0.00 1.00 0.00 9.00 16.00 19.00 12.00 20.00 8.00 0.00 0.00 0.00 0.00 0.00
176.00 17.00 16.00 39.00 74.00 23.00 35.00 0.09 1.53 0.00 2.00 0.00 6.00 10.00 11.00 7.00 13.00 4.00 0.00 0.00 0.00 0.00 0.00
177.00 27.00 26.00 73.00 142.00 47.00 69.00 0.09 3.69 0.00 4.00 0.00 5.00 9.00 22.00 18.00 15.00 12.00 0.00 0.00 0.00 0.00 0.00
178.00 17.00 10.00 42.00 85.00 32.00 43.00 0.07 2.60 0.00 2.00 0.00 5.00 6.00 12.00 11.00 9.00 8.00 0.00 0.00 0.00 0.00 0.00
179.00 22.00 17.00 50.00 98.00 33.00 48.00 0.08 2.95 0.00 3.00 0.00 6.00 8.00 16.00 14.00 14.00 8.00 0.00 0.00 0.00 0.00 0.00
180.00 25.00 21.00 52.00 109.00 31.00 57.00 0.08 3.59 0.00 1.00 0.00 9.00 15.00 16.00 10.00 16.00 9.00 0.00 0.00 0.00 0.00 0.00
181.00 28.00 22.00 76.00 139.00 54.00 63.00 0.09 3.30 0.00 1.00 0.00 9.00 14.00 19.00 14.00 21.00 7.00 0.00 0.00 1.00 0.00 0.00
182.00 28.00 27.00 73.00 147.00 46.00 74.00 0.08 4.12 0.00 1.00 0.00 5.00 10.00 23.00 18.00 17.00 11.00 0.00 0.00 1.00 0.00 0.00
183.00 28.00 30.00 71.00 136.00 41.00 65.00 0.09 3.85 0.00 1.00 0.00 6.00 12.00 22.00 16.00 21.00 7.00 0.00 0.00 0.00 0.00 0.00
184.00 14.00 7.00 24.00 69.00 17.00 45.00 0.07 4.55 0.00 0.00 0.00 5.00 8.00 9.00 6.00 11.00 3.00 0.00 0.00 0.00 1.00 0.00
185.00 18.00 6.00 30.00 87.00 24.00 57.00 0.08 3.46 0.00 0.00 0.00 4.00 9.00 14.00 9.00 14.00 4.00 0.00 0.00 0.00 0.00 0.00
186.00 22.00 19.00 59.00 113.00 40.00 54.00 0.08 4.26 0.00 1.00 0.00 5.00 7.00 17.00 15.00 16.00 6.00 0.00 0.00 0.00 0.00 0.00
187.00 19.00 15.00 44.00 90.00 29.00 46.00 0.10 3.17 0.00 2.00 0.00 4.00 8.00 15.00 11.00 12.00 7.00 0.00 0.00 0.00 0.00 0.00
188.00 23.00 18.00 61.00 119.00 43.00 58.00 0.08 4.82 0.00 3.00 0.00 6.00 7.00 17.00 16.00 13.00 10.00 0.00 0.00 1.00 0.00 0.00
189.00 30.00 19.00 75.00 150.00 56.00 75.00 0.08 4.15 0.00 1.00 0.00 8.00 14.00 22.00 16.00 18.00 12.00 0.00 0.00 1.00 0.00 0.00
190.00 34.00 32.00 89.00 165.00 57.00 76.00 0.09 4.90 0.00 0.00 0.00 9.00 15.00 25.00 19.00 18.00 16.00 0.00 0.00 0.00 0.00 0.00
191.00 12.00 10.00 30.00 57.00 20.00 27.00 0.10 1.90 0.00 1.00 0.00 4.00 8.00 8.00 4.00 10.00 2.00 0.00 0.00 0.00 0.00 0.00
192.00 25.00 21.00 61.00 126.00 40.00 65.00 0.08 4.45 0.00 1.00 0.00 7.00 11.00 18.00 14.00 19.00 6.00 0.00 0.00 0.00 0.00 0.00
193.00 18.00 16.00 48.00 94.00 32.00 46.00 0.08 2.61 0.00 0.00 0.00 4.00 7.00 14.00 11.00 10.00 8.00 0.00 0.00 0.00 0.00 0.00
194.00 20.00 10.00 47.00 103.00 37.00 56.00 0.08 2.54 1.00 0.00 0.00 10.00 13.00 10.00 7.00 15.00 5.00 0.00 0.00 1.00 0.00 0.00
195.00 21.00 20.00 51.00 99.00 31.00 48.00 0.09 3.64 0.00 1.00 0.00 6.00 10.00 15.00 11.00 14.00 7.00 0.00 0.00 0.00 0.00 0.00
196.00 17.00 14.00 32.00 75.00 18.00 43.00 0.09 3.52 0.00 0.00 0.00 5.00 8.00 12.00 9.00 16.00 1.00 0.00 0.00 0.00 0.00 0.00
197.00 18.00 12.00 35.00 86.00 23.00 51.00 0.09 1.83 0.00 1.00 0.00 7.00 11.00 11.00 7.00 14.00 4.00 0.00 0.00 0.00 0.00 0.00
198.00 14.00 10.00 30.00 64.00 20.00 34.00 0.08 3.45 0.00 0.00 0.00 5.00 7.00 9.00 7.00 13.00 1.00 0.00 0.00 0.00 0.00 0.00
199.00 6.00 2.00 9.00 26.00 7.00 17.00 0.09 0.45 0.00 0.00 0.00 0.00 2.00 6.00 4.00 3.00 3.00 0.00 0.00 0.00 0.00 0.00
200.00 15.00 6.00 30.00 73.00 24.00 43.00 0.09 2.79 0.00 0.00 0.00 3.00 8.00 12.00 7.00 11.00 4.00 0.00 0.00 0.00 0.00 0.00
201.00 8.00 2.00 11.00 29.00 9.00 18.00 0.07 2.12 0.00 0.00 0.00 3.00 5.00 5.00 3.00 8.00 0.00 0.00 0.00 0.00 0.00 0.00
202.00 10.00 2.00 10.00 34.00 8.00 24.00 0.07 4.16 0.00 0.00 0.00 5.00 6.00 5.00 4.00 8.00 2.00 0.00 0.00 0.00 0.00 0.00
203.00 12.00 7.00 23.00 55.00 16.00 32.00 0.09 1.75 0.00 0.00 0.00 8.00 9.00 4.00 3.00 9.00 3.00 0.00 0.00 0.00 0.00 0.00
204.00 10.00 3.00 17.00 47.00 14.00 30.00 0.07 0.42 0.00 0.00 0.00 5.00 8.00 5.00 2.00 9.00 1.00 0.00 0.00 0.00 0.00 0.00
205.00 8.00 3.00 12.00 33.00 9.00 21.00 0.09 0.36 0.00 0.00 0.00 3.00 6.00 5.00 2.00 6.00 2.00 0.00 0.00 0.00 0.00 0.00
206.00 7.00 4.00 12.00 29.00 8.00 17.00 0.09 0.20 0.00 0.00 0.00 3.00 6.00 4.00 1.00 7.00 0.00 0.00 0.00 0.00 0.00 0.00
207.00 6.00 2.00 9.00 25.00 7.00 16.00 0.07 0.30 0.00 0.00 0.00 3.00 5.00 3.00 1.00 6.00 0.00 0.00 0.00 0.00 0.00 0.00
208.00 4.00 0.00 3.00 12.00 3.00 9.00 0.08 0.22 0.00 0.00 0.00 1.00 3.00 3.00 1.00 4.00 0.00 0.00 0.00 0.00 0.00 0.00
209.00 8.00 2.00 12.00 37.00 10.00 25.00 0.08 0.41 0.00 0.00 0.00 2.00 4.00 6.00 4.00 8.00 0.00 0.00 0.00 0.00 0.00 0.00
210.00 5.00 1.00 3.00 18.00 2.00 15.00 0.08 0.28 0.00 0.00 0.00 2.00 3.00 3.00 2.00 5.00 0.00 0.00 0.00 0.00 0.00 0.00
211.00 6.00 1.00 7.00 18.00 6.00 11.00 0.08 0.25 0.00 0.00 0.00 2.00 3.00 4.00 3.00 5.00 1.00 0.00 0.00 0.00 0.00 0.00
212.00 5.00 0.00 3.00 15.00 3.00 12.00 0.09 0.29 0.00 0.00 0.00 2.00 5.00 3.00 0.00 5.00 0.00 0.00 0.00 0.00 0.00 0.00
213.00 12.00 9.00 25.00 58.00 16.00 33.00 0.10 0.59 0.00 0.00 0.00 4.00 7.00 8.00 5.00 11.00 1.00 0.00 0.00 0.00 0.00 0.00
214.00 7.00 0.00 7.00 32.00 7.00 25.00 0.08 0.35 0.00 0.00 0.00 5.00 5.00 2.00 2.00 6.00 1.00 0.00 0.00 0.00 0.00 0.00
215.00 7.00 2.00 10.00 29.00 8.00 19.00 0.08 0.32 0.00 0.00 0.00 3.00 4.00 4.00 3.00 5.00 2.00 0.00 0.00 0.00 0.00 0.00
216.00 3.00 0.00 2.00 10.00 2.00 8.00 0.07 4.66 0.00 0.00 0.00 2.00 3.00 1.00 0.00 3.00 0.00 0.00 0.00 0.00 0.00 0.00
217.00 7.00 3.00 12.00 29.00 9.00 17.00 0.09 0.26 0.00 0.00 0.00 3.00 4.00 4.00 3.00 6.00 1.00 0.00 0.00 0.00 0.00 0.00
218.00 5.00 2.00 7.00 19.00 5.00 12.00 0.11 0.30 0.00 0.00 0.00 1.00 3.00 4.00 2.00 4.00 1.00 0.00 0.00 0.00 0.00 0.00
219.00 2.00 0.00 0.00 1.00 0.00 1.00 0.08 0.11 0.00 0.00 0.00 2.00 2.00 0.00 0.00 2.00 0.00 0.00 0.00 0.00 0.00 0.00
