0.00 2.00 0.00 0.00 0.00 0.00 0.00 0.07 0.16 0.00 0.00 0.00 2.00 2.00 0.00 0.00 2.00 0.00 0.00 0.00 0.00 0.00 0.00
1.00 3.00 0.00 2.00 7.00 2.00 5.00 0.08 0.14 0.00 0.00 0.00 2.00 3.00 1.00 0.00 3.00 0.00 0.00 0.00 0.00 0.00 0.00
2.00 4.00 0.00 0.00 5.00 0.00 5.00 0.08 3.67 0.00 0.00 0.00 2.00 4.00 2.00 0.00 4.00 0.00 0.00 0.00 0.00 0.00 0.00
3.00 3.00 0.00 0.00 6.00 0.00 6.00 0.08 4.37 0.00 0.00 0.00 2.00 3.00 1.00 0.00 3.00 0.00 0.00 0.00 0.00 0.00 0.00
4.00 3.00 0.00 0.00 2.00 0.00 2.00 0.09 5.53 0.00 0.00 0.00 2.00 3.00 1.00 0.00 3.00 0.00 0.00 0.00 0.00 0.00 0.00
5.00 3.00 0.00 0.00 6.00 0.00 6.00 0.09 0.22 0.00 0.00 0.00 2.00 3.00 1.00 0.00 3.00 0.00 0.00 0.00 0.00 0.00 0.00
6.00 3.00 0.00 2.00 9.00 2.00 7.00 0.08 0.36 0.00 0.00 0.00 2.00 3.00 1.00 0.00 3.00 0.00 0.00 0.00 0.00 0.00 0.00
7.00 3.00 0.00 2.00 9.00 2.00 7.00 0.08 0.32 0.00 0.00 0.00 2.00 3.00 1.00 0.00 3.00 0.00 0.00 0.00 0.00 0.00 0.00
8.00 10.00 1.00 9.00 40.00 8.00 31.00 0.09 0.65 0.00 0.00 0.00 5.00 7.00 5.00 3.00 8.00 2.00 0.00 0.00 0.00 0.00 0.00
9.00 6.00 0.00 6.00 21.00 6.00 15.00 0.08 0.32 0.00 0.00 0.00 2.00 4.00 4.00 2.00 6.00 0.00 0.00 0.00 0.00 0.00 0.00
10.00 5.00 0.00 6.00 21.00 6.00 15.00 0.09 0.17 0.00 0.00 0.00 3.00 4.00 2.00 1.00 5.00 0.00 0.00 0.00 0.00 0.00 0.00
11.00 4.00 0.00 2.00 14.00 2.00 12.00 0.08 0.11 0.00 0.00 0.00 3.00 3.00 1.00 1.00 4.00 0.00 0.00 0.00 0.00 0.00 0.00
12.00 7.00 4.00 11.00 33.00 7.00 22.00 0.08 0.21 0.00 0.00 0.00 3.00 5.00 4.00 2.00 6.00 1.00 0.00 0.00 0.00 0.00 0.00
13.00 14.00 9.00 25.00 63.00 16.00 38.00 0.08 1.56 0.00 0.00 0.00 6.00 11.00 8.00 3.00 11.00 3.00 0.00 0.00 0.00 0.00 0.00
14.00 7.00 0.00 7.00 30.00 7.00 23.00 0.07 0.24 0.00 0.00 0.00 3.00 5.00 4.00 2.00 6.00 1.00 0.00 0.00 0.00 0.00 0.00
15.00 5.00 0.00 5.00 20.00 5.00 15.00 0.06 0.21 0.00 0.00 0.00 2.00 5.00 3.00 0.00 5.00 0.00 0.00 0.00 0.00 0.00 0.00
16.00 13.00 10.00 30.00 62.00 20.00 32.00 0.09 0.40 0.00 0.00 0.00 3.00 7.00 10.00 6.00 11.00 2.00 0.00 0.00 0.00 0.00 0.00
17.00 7.00 1.00 9.00 33.00 8.00 24.00 0.10 0.40 0.00 0.00 0.00 3.00 4.00 4.00 3.00 7.00 0.00 0.00 0.00 0.00 0.00 0.00
18.00 4.00 0.00 2.00 14.00 2.00 12.00 0.09 3.80 0.00 0.00 0.00 3.00 3.00 1.00 1.00 4.00 0.00 0.00 0.00 0.00 0.00 0.00
19.00 16.00 8.00 30.00 79.00 22.00 49.00 0.09 1.58 0.00 0.00 0.00 6.00 12.00 10.00 4.00 14.00 2.00 0.00 0.00 0.00 0.00 0.00
20.00 8.00 3.00 13.00 36.00 10.00 23.00 0.10 0.24 0.00 0.00 0.00 1.00 4.00 7.00 4.00 7.00 1.00 0.00 0.00 0.00 0.00 0.00
21.00 8.00 0.00 8.00 28.00 8.00 20.00 0.09 0.61 0.00 0.00 0.00 4.00 7.00 4.00 1.00 7.00 1.00 0.00 0.00 0.00 0.00 0.00
22.00 8.00 4.00 13.00 34.00 9.00 21.00 0.09 0.31 0.00 0.00 0.00 2.00 3.00 6.00 5.00 6.00 2.00 0.00 0.00 0.00 0.00 0.00
23.00 4.00 0.00 3.00 14.00 3.00 11.00 0.08 0.16 0.00 0.00 0.00 2.00 4.00 2.00 0.00 4.00 0.00 0.00 0.00 0.00 0.00 0.00
24.00 10.00 5.00 17.00 41.00 12.00 24.00 0.08 0.53 0.00 0.00 0.00 3.00 6.00 7.00 4.00 9.00 1.00 0.00 0.00 0.00 0.00 0.00
25.00 9.00 4.00 17.00 39.00 13.00 22.00 0.09 0.42 0.00 0.00 0.00 1.00 6.00 8.00 3.00 9.00 0.00 0.00 0.00 0.00 0.00 0.00
26.00 9.00 6.00 19.00 45.00 13.00 26.00 0.09 0.37 0.00 0.00 0.00 4.00 7.00 5.00 2.00 9.00 0.00 0.00 0.00 0.00 0.00 0.00
27.00 7.00 3.00 11.00 30.00 8.00 19.00 0.08 0.20 0.00 0.00 0.00 4.00 5.00 3.00 2.00 7.00 0.00 0.00 0.00 0.00 0.00 0.00
28.00 4.00 0.00 2.00 13.00 2.00 11.00 0.09 0.28 0.00 0.00 0.00 2.00 4.00 2.00 0.00 4.00 0.00 0.00 0.00 0.00 0.00 0.00
29.00 7.00 1.00 7.00 28.00 6.00 21.00 0.09 0.52 0.00 0.00 0.00 2.00 5.00 5.00 2.00 7.00 0.00 0.00 0.00 0.00 0.00 0.00
30.00 9.00 2.00 14.00 41.00 12.00 27.00 0.10 2.28 0.00 0.00 0.00 2.00 6.00 7.00 3.00 6.00 3.00 0.00 0.00 0.00 0.00 0.00
31.00 12.00 7.00 22.00 57.00 15.00 35.00 0.10 0.48 0.00 0.00 0.00 6.00 8.00 6.00 4.00 11.00 1.00 0.00 0.00 0.00 0.00 0.00
32.00 14.00 9.00 27.00 58.00 18.00 31.00 0.08 0.50 0.00 0.00 0.00 7.00 9.00 7.00 5.00 12.00 2.00 0.00 0.00 0.00 0.00 0.00
33.00 10.00 1.00 16.00 43.00 15.00 27.00 0.09 0.40 0.00 0.00 0.00 4.00 7.00 6.00 3.00 9.00 1.00 0.00 0.00 0.00 0.00 0.00
34.00 18.00 16.00 41.00 83.00 25.00 42.00 0.08 3.29 0.00 0.00 0.00 6.00 11.00 12.00 7.00 13.00 5.00 0.00 0.00 0.00 0.00 0.00
35.00 19.00 16.00 42.00 84.00 26.00 42.00 0.07 4.36 0.00 1.00 0.00 7.00 15.00 12.00 4.00 16.00 3.00 0.00 0.00 0.00 1.00 0.00
36.00 19.00 11.00 36.00 81.00 25.00 45.00 0.08 3.35 0.00 0.00 0.00 5.00 11.00 14.00 8.00 15.00 4.00 0.00 0.00 0.00 0.00 0.00
37.00 13.00 11.00 28.00 66.00 17.00 38.00 0.08 1.79 1.00 0.00 0.00 3.00 5.00 10.00 8.00 8.00 5.00 0.00 0.00 0.00 0.00 0.00
38.00 21.00 23.00 52.00 103.00 29.00 51.00 0.07 2.82 1.00 0.00 0.00 5.00 8.00 16.00 13.00 11.00 10.00 0.00 0.00 0.00 0.00 0.00
39.00 27.00 26.00 72.00 140.00 46.00 68.00 0.08 3.40 1.00 0.00 0.00 9.00 16.00 18.00 11.00 20.00 7.00 0.00 0.00 1.00 0.00 0.00
40.00 21.00 29.00 63.00 104.00 34.00 41.00 0.10 2.09 0.00 1.00 0.00 8.00 12.00 13.00 9.00 15.00 6.00 0.00 0.00 0.00 0.00 0.00
41.00 15.00 11.00 37.00 74.00 26.00 37.00 0.09 3.35 1.00 1.00 1.00 4.00 8.00 11.00 7.00 11.00 4.00 0.00 0.00 0.00 0.00 0.00
42.00 17.00 19.00 50.00 87.00 31.00 37.00 0.09 0.49 1.00 0.00 0.00 6.00 10.00 11.00 7.00 13.00 4.00 0.00 0.00 0.00 0.00 0.00
43.00 21.00 27.00 56.00 101.00 29.00 45.00 0.08 2.03 1.00 2.00 0.50 3.00 10.00 18.00 11.00 14.00 7.00 0.00 0.00 0.00 0.00 0.00
44.00 27.00 33.00 78.00 140.00 45.00 62.00 0.08 3.07 1.00 1.00 1.00 6.00 15.00 21.00 12.00 21.00 6.00 0.00 0.00 0.00 0.00 0.00
45.00 25.00 24.00 64.00 122.00 40.00 58.00 0.10 2.63 0.00 1.00 0.00 5.00 12.00 20.00 13.00 18.00 7.00 0.00 0.00 0.00 0.00 0.00
46.00 23.00 35.00 72.00 121.00 37.00 49.00 0.08 2.69 0.00 1.00 0.00 6.00 8.00 17.00 15.00 12.00 11.00 0.00 0.00 0.00 0.00 0.00
47.00 21.00 22.00 61.00 104.00 39.00 43.00 0.08 0.61 1.00 1.00 1.00 7.00 11.00 14.00 10.00 15.00 6.00 0.00 0.00 0.00 0.00 0.00
48.00 27.00 30.00 78.00 137.00 48.00 59.00 0.08 3.09 1.00 2.00 0.50 6.00 12.00 21.00 15.00 16.00 11.00 0.00 0.00 0.00 0.00 0.00
49.00 28.00 41.00 81.00 132.00 40.00 51.00 0.08 3.70 1.00 2.00 0.50 4.00 13.00 24.00 15.00 15.00 13.00 0.00 0.00 0.00 0.00 0.00
50.00 29.00 36.00 83.00 150.00 47.00 67.00 0.08 2.48 1.00 1.00 1.00 7.00 10.00 22.00 19.00 17.00 12.00 0.00 0.00 1.00 0.00 0.00
51.00 30.00 28.00 87.00 158.00 59.00 71.00 0.09 2.35 1.00 2.00 0.50 3.00 13.00 27.00 17.00 19.00 11.00 0.00 0.00 0.00 0.00 0.00
52.00 29.00 37.00 85.00 150.00 48.00 65.00 0.09 1.98 1.00 3.00 0.33 7.00 14.00 22.00 15.00 20.00 9.00 0.00 0.00 0.00 0.00 0.00
53.00 27.00 25.00 66.00 138.00 41.00 72.00 0.09 2.13 1.00 1.00 1.00 6.00 11.00 21.00 16.00 21.00 6.00 0.00 0.00 0.00 0.00 0.00
54.00 29.00 34.00 81.00 142.00 47.00 61.00 0.07 2.49 1.00 2.00 0.50 5.00 15.00 24.00 14.00 19.00 10.00 0.00 0.00 0.00 0.00 0.00
55.00 18.00 13.00 46.00 87.00 33.00 41.00 0.07 3.01 1.00 1.00 1.00 7.00 9.00 11.00 9.00 14.00 4.00 0.00 0.00 0.00 0.00 0.00
56.00 26.00 22.00 64.00 138.00 42.00 74.00 0.07 3.12 1.00 2.00 0.50 9.00 13.00 17.00 13.00 21.00 5.00 0.00 0.00 1.00 0.00 0.00
57.00 32.00 35.00 86.00 158.00 51.00 72.00 0.07 1.89 1.00 1.00 1.00 6.00 21.00 26.00 11.00 24.00 8.00 0.00 0.00 0.00 0.00 0.00
58.00 29.00 22.00 77.00 148.00 55.00 71.00 0.10 3.17 1.00 1.00 1.00 8.00 19.00 21.00 10.00 23.00 6.00 0.00 0.00 0.00 0.00 0.00
59.00 33.00 38.00 96.00 175.00 58.00 79.00 0.09 3.46 1.00 1.00 1.00 11.00 20.00 22.00 13.00 26.00 7.00 0.00 0.00 1.00 0.00 0.00
60.00 33.00 26.00 77.00 160.00 51.00 83.00 0.09 3.95 1.00 0.00 0.00 8.00 19.00 25.00 14.00 25.00 8.00 0.00 0.00 1.00 0.00 0.00
61.00 30.00 38.00 91.00 164.00 53.00 73.00 0.09 3.06 1.00 0.00 0.00 6.00 13.00 24.00 17.00 19.00 11.00 0.00 0.00 1.00 0.00 0.00
62.00 25.00 30.00 67.00 126.00 37.00 59.00 0.08 3.08 1.00 1.00 1.00 4.00 8.00 21.00 17.00 15.00 10.00 0.00 0.00 0.00 0.00 0.00
63.00 25.00 28.00 73.00 138.00 45.00 65.00 0.08 3.85 1.00 1.00 1.00 3.00 8.00 22.00 17.00 15.00 10.00 0.00 0.00 0.00 0.00 0.00
64.00 30.00 34.00 83.00 165.00 49.00 82.00 0.09 2.55 1.00 1.00 1.00 4.00 9.00 26.00 21.00 15.00 15.00 0.00 0.00 1.00 0.00 0.00
65.00 32.00 32.00 90.00 159.00 58.00 69.00 0.07 3.45 1.00 1.00 1.00 9.00 16.00 23.00 16.00 24.00 8.00 0.00 0.00 0.00 0.00 0.00
66.00 30.00 35.00 83.00 150.00 48.00 67.00 0.09 2.75 1.00 1.00 1.00 5.00 12.00 25.00 18.00 19.00 11.00 0.00 0.00 1.00 0.00 0.00
67.00 25.00 15.00 57.00 115.00 42.00 58.00 0.07 4.24 1.00 2.00 0.50 9.00 17.00 16.00 8.00 20.00 5.00 0.00 0.00 1.00 0.00 0.00
68.00 44.00 50.00 107.00 207.00 57.00 100.00 0.10 3.07 1.00 2.00 0.50 13.00 23.00 31.00 21.00 33.00 11.00 0.00 0.00 0.00 0.00 0.00
69.00 37.00 45.00 106.00 180.00 61.00 74.00 0.08 2.87 1.00 3.00 0.33 9.00 19.00 28.00 18.00 25.00 12.00 0.00 0.00 0.00 0.00 0.00
70.00 32.00 37.00 83.00 156.00 46.00 73.00 0.08 1.88 1.00 1.00 1.00 7.00 18.00 25.00 14.00 25.00 7.00 0.00 0.00 0.00 0.00 0.00
71.00 44.00 55.00 128.00 213.00 73.00 85.00 0.08 1.99 1.00 1.00 1.00 8.00 17.00 36.00 27.00 28.00 16.00 0.00 0.00 0.00 0.00 0.00
72.00 36.00 41.00 97.00 179.00 56.00 82.00 0.09 3.04 1.00 3.00 0.33 13.00 22.00 23.00 14.00 26.00 10.00 0.00 0.00 1.00 0.00 0.00
73.00 37.00 30.00 100.00 188.00 70.00 88.00 0.09 2.65 1.00 1.00 1.00 12.00 23.00 25.00 14.00 30.00 7.00 0.00 0.00 0.00 0.00 0.00
74.00 36.00 42.00 101.00 186.00 59.00 85.00 0.10 3.26 1.00 2.00 0.50 8.00 17.00 28.00 19.00 26.00 10.00 0.00 0.00 1.00 0.00 1.00
75.00 43.00 56.00 126.00 225.00 70.00 99.00 0.08 2.75 1.00 2.00 0.50 10.00 23.00 33.00 20.00 27.00 16.00 0.00 0.00 0.00 0.00 1.00
76.00 25.00 32.00 78.00 126.00 46.00 48.00 0.09 1.38 1.00 1.00 1.00 6.00 10.00 19.00 15.00 16.00 9.00 0.00 0.00 0.00 0.00 0.00
77.00 37.00 45.00 104.00 189.00 59.00 85.00 0.08 2.32 0.00 0.00 0.00 10.00 19.00 27.00 18.00 27.00 10.00 0.00 0.00 0.00 0.00 0.00
78.00 36.00 35.00 96.00 182.00 61.00 86.00 0.11 1.96 0.00 2.00 0.00 10.00 18.00 26.00 18.00 27.00 9.00 0.00 0.00 0.00 0.00 0.00
79.00 30.00 29.00 80.00 153.00 51.00 73.00 0.09 1.20 1.00 1.00 1.00 8.00 14.00 22.00 16.00 21.00 9.00 0.00 0.00 0.00 0.00 0.00
80.00 39.00 33.00 103.00 214.00 70.00 111.00 0.08 2.35 1.00 1.00 1.00 8.00 22.00 31.00 17.00 26.00 13.00 0.00 0.00 0.00 0.00 0.00
81.00 40.00 40.00 111.00 218.00 71.00 107.00 0.09 2.21 1.00 1.00 1.00 11.00 18.00 29.00 22.00 26.00 14.00 0.00 0.00 0.00 0.00 0.00
82.00 41.00 44.00 108.00 211.00 64.00 103.00 0.10 2.26 0.00 1.00 0.00 10.00 21.00 31.00 20.00 30.00 11.00 0.00 0.00 0.00 0.00 0.00
83.00 37.00 44.00 95.00 176.00 51.00 81.00 0.09 1.80 0.00 1.00 0.00 12.00 19.00 25.00 18.00 24.00 13.00 0.00 0.00 1.00 1.00 0.00
84.00 39.00 45.00 106.00 206.00 61.00 100.00 0.07 1.71 0.00 3.00 0.00 7.00 15.00 32.00 24.00 26.00 13.00 1.00 0.00 0.00 0.00 0.00
85.00 37.00 33.00 94.00 182.00 61.00 88.00 0.07 2.09 0.00 2.00 0.00 6.00 18.00 31.00 19.00 25.00 12.00 0.00 0.00 0.00 0.00 0.00
86.00 36.00 41.00 103.00 188.00 62.00 85.00 0.08 2.33 0.00 1.00 0.00 4.00 16.00 32.00 20.00 24.00 12.00 0.00 0.00 0.00 0.00 0.00
87.00 35.00 36.00 95.00 183.00 59.00 88.00 0.09 1.61 0.00 3.00 0.00 5.00 12.00 30.00 23.00 18.00 17.00 0.00 0.00 3.00 0.00 0.00
88.00 35.00 31.00 99.00 181.00 68.00 82.00 0.08 2.09 0.00 3.00 0.00 7.00 14.00 28.00 21.00 21.00 14.00 1.00 0.00 1.00 0.00 0.00
89.00 36.00 40.00 98.00 180.00 58.00 82.00 0.07 2.19 0.00 2.00 0.00 11.00 16.00 25.00 20.00 21.00 15.00 0.00 0.00 1.00 1.00 0.00
90.00 38.00 33.00 104.00 192.00 71.00 88.00 0.09 2.20 0.00 2.00 0.00 7.00 16.00 31.00 22.00 22.00 16.00 1.00 0.00 2.00 0.00 0.00
91.00 28.00 32.00 74.00 130.00 42.00 56.00 0.10 1.54 0.00 3.00 0.00 10.00 16.00 18.00 12.00 21.00 7.00 0.00 0.00 0.00 0.00 0.00
92.00 38.00 48.00 104.00 196.00 56.00 92.00 0.08 1.98 0.00 2.00 0.00 10.00 17.00 28.00 21.00 24.00 14.00 0.00 0.00 1.00 0.00 0.00
93.00 41.00 49.00 123.00 224.00 74.00 101.00 0.08 2.92 0.00 3.00 0.00 8.00 16.00 33.00 25.00 29.00 12.00 1.00 0.00 1.00 0.00 0.00
94.00 38.00 53.00 109.00 191.00 56.00 82.00 0.07 1.63 1.00 3.00 0.33 7.00 12.00 31.00 26.00 19.00 19.00 0.00 0.00 2.00 0.00 0.00
95.00 40.00 48.00 111.00 213.00 63.00 102.00 0.10 2.65 1.00 4.00 0.25 10.00 18.00 30.00 22.00 23.00 17.00 0.00 0.00 1.00 0.00 0.00
96.00 46.00 61.00 132.00 229.00 71.00 97.00 0.09 2.81 0.00 3.00 0.00 9.00 15.00 37.00 31.00 20.00 26.00 0.00 0.00 1.00 0.00 0.00
97.00 46.00 53.00 140.00 235.00 87.00 95.00 0.07 2.32 0.00 3.00 0.00 9.00 17.00 37.00 29.00 26.00 20.00 0.00 0.00 0.00 0.00 0.00
98.00 41.00 52.00 120.00 212.00 68.00 92.00 0.09 2.35 0.00 3.00 0.00 9.00 15.00 32.00 26.00 25.00 16.00 0.00 0.00 0.00 0.00 0.00
99.00 45.00 66.00 133.00 223.00 67.00 90.00 0.08 1.95 0.00 2.00 0.00 8.00 14.00 37.00 31.00 22.00 23.00 0.00 0.00 0.00 0.00 0.00
100.00 39.00 49.00 119.00 199.00 70.00 80.00 0.09 2.17 0.00 5.00 0.00 10.00 16.00 29.00 23.00 27.00 12.00 0.00 0.00 0.00 0.00 0.00
101.00 43.00 49.00 127.00 226.00 78.00 99.00 0.10 1.89 0.00 2.00 0.00 9.00 20.00 34.00 23.00 28.00 15.00 0.00 0.00 0.00 0.00 0.00
102.00 42.00 57.00 115.00 219.00 58.00 104.00 0.09 2.29 0.00 3.00 0.00 11.00 17.00 31.00 25.00 22.00 20.00 1.00 0.00 0.00 0.00 0.00
103.00 37.00 45.00 103.00 191.00 58.00 88.00 0.07 1.95 0.00 2.00 0.00 6.00 18.00 31.00 19.00 24.00 13.00 0.00 0.00 1.00 0.00 0.00
104.00 36.00 41.00 101.00 185.00 60.00 84.00 0.07 2.35 0.00 3.00 0.00 12.00 19.00 24.00 17.00 26.00 10.00 0.00 0.00 1.00 0.00 0.00
105.00 39.00 51.00 113.00 201.00 62.00 88.00 0.09 2.00 0.00 2.00 0.00 11.00 18.00 28.00 21.00 25.00 14.00 0.00 0.00 1.00 0.00 1.00
106.00 51.00 62.00 140.00 254.00 78.00 114.00 0.09 3.13 0.00 2.00 0.00 11.00 22.00 40.00 29.00 34.00 17.00 0.00 0.00 1.00 0.00 0.00
107.00 40.00 38.00 104.00 201.00 66.00 97.00 0.08 2.93 0.00 2.00 0.00 11.00 21.00 29.00 19.00 24.00 16.00 0.00 0.00 1.00 0.00 1.00
108.00 36.00 38.00 105.00 194.00 67.00 89.00 0.08 1.67 0.00 3.00 0.00 11.00 20.00 25.00 16.00 26.00 10.00 0.00 0.00 0.00 0.00 0.00
109.00 31.00 29.00 84.00 158.00 55.00 74.00 0.08 1.69 0.00 3.00 0.00 6.00 13.00 25.00 18.00 19.00 12.00 0.00 0.00 0.00 0.00 0.00
110.00 21.00 24.00 56.00 101.00 32.00 45.00 0.06 0.50 0.00 2.00 0.00 2.00 11.00 19.00 10.00 14.00 7.00 0.00 0.00 0.00 0.00 0.00
111.00 32.00 33.00 82.00 162.00 49.00 80.00 0.10 2.02 0.00 4.00 0.00 8.00 13.00 24.00 19.00 18.00 14.00 0.00 0.00 0.00 0.00 0.00
112.00 37.00 47.00 102.00 184.00 55.00 82.00 0.09 1.46 0.00 3.00 0.00 10.00 14.00 27.00 23.00 23.00 14.00 0.00 0.00 1.00 0.00 0.00
113.00 37.00 47.00 110.00 190.00 63.00 80.00 0.10 1.61 0.00 1.00 0.00 9.00 16.00 28.00 21.00 21.00 16.00 0.00 0.00 1.00 0.00 0.00
114.00 29.00 21.00 73.00 147.00 52.00 74.00 0.08 1.45 0.00 2.00 0.00 5.00 12.00 24.00 17.00 17.00 12.00 0.00 0.00 0.00 0.00 0.00
115.00 33.00 41.00 90.00 169.00 49.00 79.00 0.08 1.65 0.00 3.00 0.00 7.00 14.00 26.00 19.00 19.00 14.00 0.00 0.00 0.00 0.00 0.00
116.00 16.00 9.00 35.00 76.00 26.00 41.00 0.09 0.56 0.00 0.00 0.00 6.00 9.00 10.00 7.00 11.00 5.00 0.00 0.00 0.00 1.00 0.00
117.00 35.00 34.00 97.00 181.00 63.00 84.00 0.09 1.44 0.00 3.00 0.00 6.00 13.00 29.00 22.00 22.00 13.00 0.00 0.00 0.00 1.00 0.00
118.00 31.00 30.00 76.00 157.00 46.00 81.00 0.09 1.70 0.00 2.00 0.00 10.00 15.00 21.00 16.00 20.00 11.00 0.00 0.00 0.00 0.00 0.00
119.00 22.00 24.00 57.00 106.00 33.00 49.00 0.08 0.83 0.00 2.00 0.00 3.00 9.00 19.00 13.00 13.00 9.00 0.00 0.00 0.00 1.00 0.00
120.00 35.00 39.00 98.00 181.00 59.00 83.00 0.09 1.50 0.00 2.00 0.00 9.00 18.00 26.00 17.00 27.00 8.00 0.00 0.00 0.00 0.00 0.00
121.00 28.00 36.00 81.00 147.00 45.00 66.00 0.08 1.08 0.00 2.00 0.00 8.00 9.00 20.00 19.00 15.00 13.00 0.00 0.00 0.00 0.00 0.00
122.00 22.00 27.00 62.00 114.00 35.00 52.00 0.09 0.71 0.00 2.00 0.00 3.00 9.00 19.00 13.00 15.00 7.00 0.00 0.00 0.00 0.00 0.00
123.00 33.00 33.00 93.00 168.00 60.00 75.00 0.09 1.26 0.00 2.00 0.00 7.00 12.00 26.00 21.00 20.00 13.00 0.00 0.00 0.00 0.00 0.00
124.00 21.00 21.00 53.00 106.00 32.00 53.00 0.09 0.83 0.00 2.00 0.00 5.00 9.00 16.00 12.00 11.00 10.00 0.00 0.00 0.00 0.00 0.00
125.00 36.00 52.00 101.00 175.00 49.00 74.00 0.09 2.35 0.00 2.00 0.00 4.00 12.00 32.00 24.00 20.00 16.00 0.00 0.00 0.00 0.00 0.00
126.00 26.00 34.00 76.00 138.00 42.00 62.00 0.10 1.14 0.00 2.00 0.00 3.00 6.00 23.00 20.00 16.00 10.00 0.00 0.00 0.00 0.00 0.00
127.00 19.00 21.00 51.00 85.00 30.00 34.00 0.08 0.84 0.00 2.00 0.00 3.00 9.00 16.00 10.00 15.00 4.00 0.00 0.00 0.00 1.00 0.00
128.00 27.00 25.00 76.00 141.00 51.00 65.00 0.10 1.09 1.00 2.00 0.50 8.00 12.00 19.00 15.00 19.00 8.00 0.00 0.00 0.00 0.00 0.00
129.00 33.00 35.00 90.00 175.00 55.00 85.00 0.08 1.54 1.00 2.00 0.50 7.00 13.00 26.00 20.00 19.00 14.00 0.00 0.00 0.00 1.00 0.00
130.00 39.00 46.00 108.00 194.00 62.00 86.00 0.07 1.94 0.00 2.00 0.00 10.00 17.00 29.00 22.00 22.00 17.00 0.00 0.00 0.00 0.00 1.00
131.00 33.00 46.00 93.00 170.00 47.00 77.00 0.09 1.62 0.00 2.00 0.00 6.00 11.00 27.00 22.00 19.00 14.00 0.00 0.00 0.00 0.00 0.00
132.00 29.00 33.00 78.00 145.00 45.00 67.00 0.08 1.57 0.00 2.00 0.00 7.00 17.00 22.00 12.00 21.00 8.00 0.00 0.00 0.00 0.00 0.00
133.00 29.00 25.00 66.00 147.00 41.00 81.00 0.08 1.18 0.00 2.00 0.00 6.00 9.00 23.00 20.00 15.00 14.00 0.00 0.00 0.00 0.00 0.00
134.00 28.00 37.00 72.00 131.00 35.00 59.00 0.07 1.50 0.00 2.00 0.00 6.00 13.00 22.00 15.00 18.00 10.00 0.00 0.00 0.00 0.00 0.00
135.00 27.00 28.00 65.00 123.00 37.00 58.00 0.07 1.24 0.00 2.00 0.00 8.00 12.00 19.00 15.00 18.00 9.00 0.00 0.00 0.00 0.00 0.00
136.00 33.00 31.00 81.00 156.00 50.00 75.00 0.09 1.81 0.00 2.00 0.00 8.00 17.00 25.00 16.00 23.00 10.00 0.00 0.00 0.00 0.00 0.00
137.00 19.00 19.00 46.00 95.00 27.00 49.00 0.08 0.78 0.00 1.00 0.00 6.00 13.00 13.00 6.00 14.00 5.00 0.00 0.00 0.00 0.00 0.00
138.00 22.00 23.00 57.00 112.00 34.00 55.00 0.09 0.81 0.00 2.00 0.00 6.00 12.00 16.00 10.00 16.00 6.00 0.00 0.00 0.00 0.00 0.00
139.00 21.00 29.00 51.00 96.00 22.00 45.00 0.08 0.73 0.00 1.00 0.00 5.00 9.00 16.00 12.00 14.00 7.00 0.00 0.00 0.00 0.00 0.00
140.00 24.00 26.00 61.00 112.00 35.00 51.00 0.09 0.96 1.00 1.00 1.00 8.00 11.00 16.00 13.00 14.00 10.00 0.00 0.00 0.00 0.00 0.00
141.00 15.00 11.00 35.00 80.00 24.00 45.00 0.09 0.45 0.00 1.00 0.00 2.00 8.00 13.00 7.00 10.00 5.00 0.00 0.00 0.00 0.00 0.00
142.00 18.00 21.00 48.00 89.00 27.00 41.00 0.09 0.77 0.00 1.00 0.00 2.00 11.00 16.00 7.00 13.00 5.00 0.00 0.00 1.00 0.00 0.00
143.00 20.00 24.00 54.00 102.00 30.00 48.00 0.08 0.79 0.00 1.00 0.00 5.00 9.00 15.00 11.00 12.00 8.00 0.00 0.00 1.00 0.00 0.00
144.00 11.00 8.00 28.00 54.00 20.00 26.00 0.08 0.36 0.00 1.00 0.00 1.00 5.00 10.00 6.00 9.00 2.00 0.00 0.00 0.00 0.00 0.00
145.00 15.00 23.00 40.00 69.00 17.00 29.00 0.08 0.52 0.00 1.00 0.00 3.00 6.00 12.00 9.00 11.00 4.00 0.00 0.00 0.00 0.00 0.00
146.00 19.00 13.00 43.00 89.00 30.00 46.00 0.08 0.81 0.00 1.00 0.00 7.00 13.00 12.00 6.00 16.00 3.00 0.00 0.00 0.00 0.00 0.00
147.00 17.00 11.00 40.00 90.00 29.00 50.00 0.08 0.84 0.00 1.00 0.00 3.00 8.00 14.00 9.00 14.00 3.00 0.00 0.00 0.00 0.00 0.00
148.00 20.00 22.00 51.00 96.00 29.00 45.00 0.08 0.93 0.00 1.00 0.00 4.00 10.00 16.00 10.00 13.00 7.00 0.00 0.00 0.00 0.00 0.00
149.00 17.00 11.00 38.00 79.00 27.00 41.00 0.10 0.83 0.00 1.00 0.00 6.00 11.00 11.00 6.00 14.00 3.00 0.00 0.00 0.00 0.00 0.00
150.00 15.00 15.00 37.00 68.00 22.00 31.00 0.07 0.53 0.00 0.00 0.00 4.00 8.00 11.00 7.00 10.00 5.00 0.00 0.00 0.00 0.00 0.00
151.00 19.00 16.00 47.00 92.00 31.00 45.00 0.09 0.78 0.00 1.00 0.00 5.00 10.00 14.00 9.00 13.00 6.00 0.00 0.00 0.00 0.00 0.00
152.00 15.00 14.00 39.00 75.00 25.00 36.00 0.08 0.58 1.00 1.00 1.00 4.00 7.00 11.00 8.00 13.00 2.00 0.00 0.00 0.00 0.00 0.00
153.00 11.00 7.00 20.00 52.00 13.00 32.00 0.07 0.63 0.00 2.00 0.00 2.00 3.00 9.00 8.00 7.00 4.00 0.00 0.00 0.00 0.00 0.00
154.00 10.00 7.00 22.00 50.00 15.00 28.00 0.09 0.40 1.00 0.00 0.00 4.00 7.00 6.00 3.00 8.00 2.00 0.00 0.00 0.00 0.00 0.00
155.00 19.00 26.00 55.00 87.00 29.00 32.00 0.09 0.68 0.00 2.00 0.00 3.00 10.00 16.00 9.00 11.00 8.00 0.00 0.00 0.00 0.00 0.00
156.00 19.00 16.00 45.00 89.00 29.00 44.00 0.09 0.78 0.00 1.00 0.00 9.00 11.00 10.00 8.00 12.00 7.00 0.00 0.00 0.00 0.00 0.00
157.00 19.00 20.00 45.00 92.00 25.00 47.00 0.08 0.73 0.00 3.00 0.00 4.00 7.00 15.00 12.00 15.00 4.00 0.00 0.00 0.00 0.00 0.00
158.00 22.00 32.00 67.00 112.00 35.00 45.00 0.09 0.76 0.00 2.00 0.00 4.00 10.00 18.00 12.00 13.00 9.00 0.00 0.00 0.00 0.00 0.00
159.00 19.00 25.00 51.00 95.00 26.00 44.00 0.09 0.60 0.00 2.00 0.00 2.00 6.00 17.00 13.00 13.00 6.00 0.00 0.00 0.00 0.00 0.00
160.00 16.00 18.00 43.00 81.00 25.00 38.00 0.08 0.59 0.00 1.00 0.00 2.00 8.00 14.00 8.00 11.00 5.00 0.00 0.00 1.00 0.00 0.00
161.00 22.00 27.00 61.00 110.00 34.00 49.00 0.10 1.00 0.00 2.00 0.00 7.00 11.00 15.00 11.00 12.00 10.00 0.00 0.00 1.00 0.00 0.00
162.00 16.00 17.00 42.00 77.00 25.00 35.00 0.10 0.56 0.00 1.00 0.00 5.00 5.00 11.00 11.00 6.00 10.00 0.00 0.00 0.00 0.00 0.00
163.00 15.00 10.00 40.00 79.00 30.00 39.00 0.10 0.59 0.00 1.00 0.00 6.00 9.00 9.00 6.00 11.00 4.00 0.00 0.00 0.00 0.00 0.00
164.00 15.00 18.00 41.00 71.00 23.00 30.00 0.08 0.48 0.00 1.00 0.00 2.00 7.00 13.00 8.00 11.00 4.00 0.00 0.00 0.00 0.00 0.00
165.00 13.00 11.00 29.00 63.00 18.00 34.00 0.08 0.40 0.00 1.00 0.00 4.00 8.00 9.00 5.00 9.00 4.00 0.00 0.00 0.00 0.00 0.00
166.00 16.00 12.00 34.00 72.00 22.00 38.00 0.07 0.62 0.00 0.00 0.00 6.00 8.00 10.00 8.00 9.00 7.00 0.00 0.00 2.00 0.00 0.00
167.00 13.00 11.00 29.00 64.00 18.00 35.00 0.08 0.51 0.00 1.00 0.00 7.00 9.00 6.00 4.00 12.00 1.00 0.00 0.00 0.00 0.00 0.00
168.00 16.00 15.00 42.00 82.00 27.00 40.00 0.09 0.58 0.00 1.00 0.00 4.00 7.00 12.00 9.00 9.00 7.00 0.00 0.00 0.00 0.00 0.00
169.00 15.00 12.00 38.00 71.00 26.00 33.00 0.10 0.60 0.00 1.00 0.00 5.00 12.00 10.00 3.00 15.00 0.00 0.00 0.00 0.00 0.00 0.00
170.00 11.00 5.00 22.00 52.00 17.00 30.00 0.09 0.51 0.00 1.00 0.00 3.00 8.00 8.00 3.00 9.00 2.00 0.00 0.00 0.00 0.00 0.00
171.00 15.00 15.00 36.00 68.00 21.00 32.00 0.09 0.58 0.00 1.00 0.00 4.00 9.00 11.00 6.00 11.00 4.00 0.00 0.00 0.00 0.00 0.00
172.00 13.00 16.00 36.00 63.00 20.00 27.00 0.07 0.48 0.00 1.00 0.00 5.00 6.00 8.00 7.00 7.00 6.00 0.00 0.00 0.00 0.00 0.00
173.00 15.00 13.00 35.00 73.00 22.00 38.00 0.09 0.88 0.00 0.00 0.00 2.00 6.00 13.00 9.00 9.00 6.00 0.00 0.00 0.00 0.00 0.00
174.00 11.00 5.00 19.00 47.00 14.00 28.00 0.09 0.41 0.00 0.00 0.00 5.00 6.00 6.00 5.00 8.00 3.00 0.00 0.00 0.00 0.00 0.00
175.00 11.00 8.00 26.00 55.00 18.00 29.00 0.08 0.52 0.00 0.00 0.00 4.00 8.00 7.00 3.00 8.00 3.00 0.00 0.00 0.00 0.00 0.00
176.00 12.00 13.00 31.00 58.00 18.00 27.00 0.09 0.50 0.00 0.00 0.00 3.00 4.00 9.00 8.00 4.00 8.00 0.00 0.00 0.00 0.00 0.00
177.00 8.00 4.00 16.00 38.00 12.00 22.00 0.08 0.29 0.00 0.00 0.00 2.00 5.00 6.00 3.00 6.00 2.00 0.00 0.00 0.00 0.00 0.00
178.00 9.00 7.00 18.00 43.00 11.00 25.00 0.09 0.40 1.00 0.00 0.00 4.00 5.00 5.00 4.00 5.00 4.00 0.00 0.00 0.00 0.00 0.00
179.00 7.00 3.00 11.00 33.00 8.00 22.00 0.08 0.33 0.00 0.00 0.00 1.00 3.00 6.00 4.00 5.00 2.00 0.00 0.00 1.00 0.00 0.00
180.00 11.00 10.00 25.00 52.00 15.00 27.00 0.07 0.43 0.00 0.00 0.00 2.00 4.00 9.00 7.00 8.00 3.00 0.00 0.00 0.00 0.00 0.00
181.00 10.00 6.00 16.00 37.00 10.00 21.00 0.07 0.50 0.00 0.00 0.00 1.00 7.00 9.00 3.00 9.00 1.00 1.00 0.00 0.00 0.00 0.00
182.00 10.00 7.00 20.00 47.00 13.00 27.00 0.08 0.32 0.00 0.00 0.00 6.00 8.00 4.00 2.00 8.00 2.00 0.00 0.00 0.00 0.00 0.00
183.00 6.00 0.00 4.00 23.00 4.00 19.00 0.08 0.36 0.00 0.00 0.00 2.00 6.00 4.00 0.00 6.00 0.00 0.00 0.00 0.00 0.00 0.00
184.00 2.00 0.00 0.00 0.00 0.00 0.00 0.09 0.21 0.00 0.00 0.00 2.00 2.00 0.00 0.00 2.00 0.00 0.00 0.00 0.00 0.00 0.00
