0.00 2.00 0.00 0.00 1.00 0.00 1.00 0.09 0.20 0.00 0.00 0.00 2.00 2.00 0.00 0.00 2.00 0.00 0.00 0.00 0.00 0.00 0.00
1.00 3.00 0.00 0.00 2.00 0.00 2.00 0.09 0.12 0.00 0.00 0.00 2.00 3.00 1.00 0.00 3.00 0.00 0.00 0.00 0.00 0.00 0.00
2.00 3.00 0.00 2.00 11.00 2.00 9.00 0.09 0.09 0.00 0.00 0.00 2.00 3.00 1.00 0.00 3.00 0.00 0.00 0.00 0.00 0.00 0.00
3.00 9.00 1.00 12.00 34.00 11.00 22.00 0.09 0.30 0.00 0.00 0.00 5.00 7.00 4.00 2.00 7.00 2.00 0.00 0.00 0.00 0.00 0.00
4.00 5.00 1.00 5.00 16.00 4.00 11.00 0.09 0.41 0.00 0.00 0.00 2.00 5.00 3.00 0.00 5.00 0.00 0.00 0.00 0.00 0.00 0.00
5.00 11.00 1.00 12.00 42.00 11.00 30.00 0.07 0.87 0.00 0.00 0.00 5.00 9.00 6.00 2.00 10.00 1.00 0.00 0.00 0.00 0.00 0.00
6.00 8.00 2.00 11.00 32.00 9.00 21.00 0.08 0.42 0.00 0.00 0.00 3.00 5.00 5.00 3.00 6.00 2.00 0.00 0.00 0.00 0.00 0.00
7.00 7.00 3.00 12.00 30.00 9.00 18.00 0.08 0.23 0.00 0.00 0.00 4.00 5.00 3.00 2.00 7.00 0.00 0.00 0.00 0.00 0.00 0.00
8.00 5.00 2.00 8.00 20.00 6.00 12.00 0.07 0.21 0.00 0.00 0.00 4.00 4.00 1.00 1.00 4.00 1.00 0.00 0.00 0.00 0.00 0.00
9.00 10.00 5.00 14.00 44.00 9.00 30.00 0.09 0.49 0.00 0.00 0.00 6.00 8.00 4.00 2.00 9.00 1.00 0.00 0.00 0.00 0.00 0.00
10.00 15.00 11.00 32.00 61.00 21.00 29.00 0.08 1.00 0.00 0.00 0.00 4.00 10.00 11.00 5.00 13.00 2.00 0.00 0.00 0.00 0.00 0.00
11.00 10.00 5.00 19.00 42.00 14.00 23.00 0.09 0.47 0.00 0.00 0.00 5.00 6.00 5.00 4.00 8.00 2.00 0.00 0.00 0.00 0.00 0.00
12.00 8.00 2.00 10.00 32.00 8.00 22.00 0.09 0.56 0.00 0.00 0.00 5.00 6.00 3.00 2.00 7.00 1.00 0.00 0.00 0.00 0.00 0.00
13.00 8.00 5.00 15.00 37.00 10.00 22.00 0.08 0.28 0.00 0.00 0.00 4.00 5.00 4.00 3.00 7.00 1.00 0.00 0.00 0.00 0.00 0.00
14.00 7.00 5.00 14.00 31.00 9.00 17.00 0.09 0.30 0.00 0.00 0.00 3.00 5.00 4.00 2.00 6.00 1.00 0.00 0.00 0.00 0.00 0.00
15.00 5.00 0.00 0.00 15.00 0.00 15.00 0.08 0.30 0.00 0.00 0.00 3.00 4.00 2.00 1.00 5.00 0.00 0.00 0.00 0.00 0.00 0.00
16.00 11.00 8.00 24.00 51.00 16.00 27.00 0.09 0.54 0.00 0.00 0.00 3.00 5.00 8.00 6.00 8.00 3.00 0.00 0.00 0.00 0.00 0.00
17.00 9.00 4.00 15.00 39.00 11.00 24.00 0.09 0.35 0.00 0.00 0.00 2.00 5.00 7.00 4.00 6.00 3.00 0.00 0.00 0.00 0.00 0.00
18.00 6.00 2.00 9.00 25.00 7.00 16.00 0.07 0.30 0.00 0.00 0.00 2.00 4.00 4.00 2.00 6.00 0.00 0.00 0.00 0.00 0.00 0.00
19.00 13.00 9.00 31.00 63.00 22.00 32.00 0.09 0.47 0.00 0.00 0.00 2.00 7.00 11.00 6.00 13.00 0.00 0.00 0.00 1.00 0.00 0.00
20.00 11.00 7.00 24.00 51.00 17.00 27.00 0.08 0.41 0.00 0.00 0.00 3.00 7.00 8.00 4.00 10.00 1.00 0.00 0.00 0.00 0.00 0.00
21.00 17.00 11.00 34.00 76.00 23.00 42.00 0.09 0.88 0.00 0.00 0.00 5.00 9.00 12.00 8.00 11.00 6.00 0.00 0.00 0.00 0.00 0.00
22.00 16.00 13.00 39.00 77.00 26.00 38.00 0.07 0.64 0.00 0.00 0.00 3.00 6.00 13.00 10.00 7.00 9.00 0.00 0.00 0.00 0.00 0.00
23.00 9.00 4.00 16.00 41.00 12.00 25.00 0.07 0.53 0.00 1.00 0.00 5.00 7.00 4.00 2.00 8.00 1.00 0.00 0.00 0.00 0.00 0.00
24.00 12.00 8.00 28.00 59.00 20.00 31.00 0.09 0.49 0.00 1.00 0.00 4.00 9.00 8.00 3.00 11.00 1.00 0.00 0.00 0.00 0.00 0.00
25.00 14.00 11.00 37.00 70.00 26.00 33.00 0.08 0.52 0.00 1.00 0.00 3.00 5.00 11.00 9.00 9.00 5.00 0.00 0.00 0.00 0.00 0.00
26.00 17.00 18.00 44.00 82.00 26.00 38.00 0.09 0.62 0.00 0.00 0.00 4.00 7.00 13.00 10.00 11.00 6.00 0.00 0.00 1.00 0.00 0.00
27.00 12.00 10.00 27.00 58.00 17.00 31.00 0.08 0.33 0.00 1.00 0.00 4.00 5.00 8.00 7.00 10.00 2.00 0.00 0.00 0.00 0.00 0.00
28.00 15.00 13.00 32.00 73.00 19.00 41.00 0.08 0.70 0.00 1.00 0.00 4.00 5.00 11.00 10.00 9.00 6.00 0.00 0.00 0.00 0.00 0.00
29.00 11.00 8.00 23.00 55.00 15.00 32.00 0.07 0.44 0.00 0.00 0.00 2.00 5.00 9.00 6.00 7.00 4.00 0.00 0.00 0.00 0.00 1.00
30.00 16.00 16.00 37.00 76.00 21.00 39.00 0.09 0.61 0.00 0.00 0.00 3.00 6.00 13.00 10.00 9.00 7.00 0.00 0.00 0.00 0.00 0.00
31.00 15.00 13.00 32.00 60.00 19.00 28.00 0.09 1.52 0.00 0.00 0.00 5.00 7.00 10.00 8.00 12.00 3.00 0.00 0.00 0.00 0.00 0.00
32.00 13.00 12.00 31.00 64.00 19.00 33.00 0.08 0.49 0.00 1.00 0.00 1.00 5.00 12.00 8.00 7.00 6.00 0.00 0.00 0.00 0.00 0.00
33.00 12.00 13.00 30.00 59.00 17.00 29.00 0.07 0.43 0.00 1.00 0.00 3.00 5.00 9.00 7.00 7.00 5.00 0.00 0.00 0.00 0.00 0.00
34.00 15.00 13.00 37.00 74.00 24.00 37.00 0.08 0.70 0.00 1.00 0.00 4.00 7.00 11.00 8.00 9.00 6.00 0.00 0.00 0.00 0.00 0.00
35.00 24.00 28.00 60.00 111.00 32.00 51.00 0.10 1.43 0.00 2.00 0.00 10.00 14.00 14.00 10.00 17.00 7.00 0.00 0.00 1.00 0.00 0.00
36.00 23.00 24.00 62.00 110.00 38.00 48.00 0.09 0.85 0.00 1.00 0.00 4.00 11.00 19.00 12.00 17.00 6.00 0.00 0.00 1.00 0.00 0.00
37.00 18.00 13.00 47.00 91.00 34.00 44.00 0.07 0.61 0.00 1.00 0.00 5.00 12.00 13.00 6.00 15.00 3.00 0.00 0.00 1.00 0.00 0.00
38.00 27.00 32.00 60.00 122.00 28.00 62.00 0.09 1.39 0.00 2.00 0.00 8.00 13.00 19.00 14.00 18.00 9.00 0.00 0.00 0.00 0.00 0.00
39.00 19.00 18.00 48.00 90.00 30.00 42.00 0.10 0.73 0.00 2.00 0.00 4.00 9.00 15.00 10.00 14.00 5.00 0.00 0.00 0.00 0.00 0.00
40.00 15.00 11.00 30.00 70.00 19.00 40.00 0.07 0.63 0.00 1.00 0.00 4.00 5.00 11.00 10.00 7.00 8.00 0.00 0.00 0.00 0.00 0.00
41.00 21.00 15.00 44.00 96.00 29.00 52.00 0.07 0.94 0.00 1.00 0.00 5.00 10.00 16.00 11.00 15.00 6.00 0.00 0.00 0.00 0.00 0.00
42.00 16.00 16.00 41.00 79.00 25.00 38.00 0.08 0.60 0.00 1.00 0.00 3.00 8.00 13.00 8.00 10.00 6.00 0.00 0.00 0.00 0.00 0.00
43.00 16.00 14.00 36.00 72.00 22.00 36.00 0.09 0.79 0.00 2.00 0.00 3.00 9.00 13.00 7.00 11.00 5.00 0.00 0.00 0.00 0.00 0.00
44.00 13.00 9.00 22.00 58.00 13.00 36.00 0.09 0.67 0.00 1.00 0.00 2.00 5.00 11.00 8.00 11.00 2.00 0.00 0.00 0.00 0.00 0.00
45.00 18.00 15.00 40.00 87.00 25.00 47.00 0.08 0.75 0.00 2.00 0.00 7.00 9.00 11.00 9.00 12.00 6.00 0.00 0.00 0.00 0.00 0.00
46.00 21.00 27.00 54.00 106.00 27.00 52.00 0.07 0.87 0.00 2.00 0.00 3.00 11.00 18.00 10.00 14.00 7.00 0.00 0.00 0.00 0.00 0.00
47.00 20.00 25.00 55.00 100.00 30.00 45.00 0.07 0.78 0.00 2.00 0.00 7.00 10.00 13.00 10.00 16.00 4.00 0.00 0.00 0.00 0.00 0.00
48.00 14.00 12.00 32.00 66.00 20.00 34.00 0.09 0.91 0.00 2.00 0.00 5.00 7.00 9.00 7.00 9.00 5.00 0.00 0.00 0.00 0.00 0.00
49.00 15.00 14.00 38.00 78.00 24.00 40.00 0.09 0.66 0.00 2.00 0.00 4.00 9.00 11.00 6.00 11.00 4.00 0.00 0.00 0.00 0.00 0.00
50.00 17.00 21.00 44.00 84.00 23.00 40.00 0.08 0.61 0.00 1.00 0.00 4.00 6.00 13.00 11.00 9.00 8.00 0.00 0.00 0.00 0.00 0.00
51.00 14.00 15.00 35.00 63.00 20.00 28.00 0.09 0.55 0.00 2.00 0.00 5.00 7.00 9.00 7.00 9.00 5.00 0.00 0.00 0.00 0.00 0.00
52.00 17.00 23.00 43.00 80.00 20.00 37.00 0.09 0.63 1.00 2.00 0.50 6.00 9.00 11.00 8.00 11.00 6.00 0.00 0.00 0.00 0.00 0.00
53.00 12.00 7.00 27.00 58.00 20.00 31.00 0.09 0.64 0.00 1.00 0.00 3.00 5.00 9.00 7.00 7.00 5.00 0.00 0.00 0.00 0.00 0.00
54.00 15.00 10.00 34.00 70.00 24.00 36.00 0.07 0.73 0.00 1.00 0.00 3.00 9.00 12.00 6.00 13.00 2.00 0.00 0.00 0.00 0.00 0.00
55.00 23.00 21.00 51.00 102.00 30.00 51.00 0.10 0.83 0.00 0.00 0.00 8.00 16.00 15.00 7.00 18.00 5.00 0.00 0.00 0.00 0.00 0.00
56.00 13.00 4.00 26.00 56.00 22.00 30.00 0.09 0.62 0.00 2.00 0.00 6.00 7.00 7.00 6.00 10.00 3.00 0.00 0.00 0.00 0.00 0.00
57.00 19.00 20.00 54.00 94.00 34.00 40.00 0.08 0.70 0.00 0.00 0.00 6.00 9.00 13.00 10.00 14.00 5.00 0.00 0.00 0.00 0.00 1.00
58.00 14.00 13.00 34.00 66.00 21.00 32.00 0.08 0.49 0.00 1.00 0.00 3.00 7.00 11.00 7.00 12.00 2.00 0.00 0.00 0.00 0.00 0.00
59.00 14.00 10.00 35.00 71.00 25.00 36.00 0.08 0.47 0.00 1.00 0.00 6.00 8.00 8.00 6.00 10.00 4.00 0.00 0.00 1.00 0.00 0.00
60.00 20.00 24.00 55.00 96.00 31.00 41.00 0.08 0.79 0.00 1.00 0.00 4.00 12.00 16.00 8.00 15.00 5.00 0.00 0.00 0.00 0.00 0.00
61.00 18.00 13.00 46.00 89.00 33.00 43.00 0.08 0.84 0.00 1.00 0.00 7.00 10.00 11.00 8.00 12.00 6.00 0.00 0.00 1.00 0.00 0.00
62.00 19.00 20.00 47.00 93.00 27.00 46.00 0.08 0.70 0.00 1.00 0.00 2.00 9.00 17.00 10.00 12.00 7.00 0.00 0.00 0.00 0.00 0.00
63.00 18.00 17.00 46.00 88.00 29.00 42.00 0.08 0.77 0.00 1.00 0.00 4.00 7.00 14.00 11.00 15.00 3.00 0.00 0.00 0.00 0.00 0.00
64.00 17.00 21.00 48.00 80.00 27.00 32.00 0.09 0.57 0.00 2.00 0.00 5.00 9.00 12.00 8.00 13.00 4.00 0.00 0.00 1.00 0.00 0.00
65.00 19.00 21.00 48.00 87.00 27.00 39.00 0.09 0.76 0.00 1.00 0.00 5.00 9.00 14.00 10.00 14.00 5.00 0.00 0.00 0.00 0.00 0.00
66.00 21.00 32.00 56.00 99.00 24.00 43.00 0.07 0.79 0.00 2.00 0.00 3.00 10.00 18.00 11.00 13.00 8.00 0.00 0.00 0.00 0.00 0.00
67.00 18.00 21.00 42.00 84.00 21.00 42.00 0.08 0.69 0.00 2.00 0.00 5.00 10.00 13.00 8.00 13.00 5.00 0.00 0.00 0.00 1.00 0.00
68.00 16.00 15.00 40.00 79.00 25.00 39.00 0.08 0.64 0.00 2.00 0.00 3.00 7.00 13.00 9.00 10.00 6.00 0.00 0.00 0.00 0.00 0.00
69.00 16.00 11.00 37.00 82.00 26.00 45.00 0.10 0.60 0.00 2.00 0.00 6.00 8.00 10.00 8.00 11.00 5.00 0.00 0.00 0.00 0.00 0.00
70.00 13.00 5.00 25.00 65.00 20.00 40.00 0.08 0.74 0.00 2.00 0.00 5.00 7.00 8.00 6.00 12.00 1.00 0.00 0.00 0.00 0.00 0.00
71.00 21.00 29.00 58.00 104.00 29.00 46.00 0.09 0.88 0.00 0.00 0.00 4.00 6.00 17.00 15.00 15.00 6.00 0.00 0.00 0.00 0.00 0.00
72.00 20.00 25.00 55.00 90.00 30.00 35.00 0.08 0.84 0.00 2.00 0.00 8.00 14.00 12.00 6.00 18.00 2.00 0.00 0.00 0.00 0.00 0.00
73.00 18.00 20.00 50.00 85.00 30.00 35.00 0.10 0.80 0.00 2.00 0.00 3.00 8.00 15.00 10.00 12.00 6.00 0.00 0.00 0.00 0.00 0.00
74.00 17.00 18.00 42.00 87.00 24.00 45.00 0.09 0.83 0.00 3.00 0.00 3.00 7.00 14.00 10.00 10.00 7.00 0.00 0.00 0.00 0.00 0.00
75.00 11.00 9.00 25.00 52.00 16.00 27.00 0.08 0.41 0.00 0.00 0.00 4.00 7.00 7.00 4.00 11.00 0.00 0.00 0.00 0.00 1.00 0.00
76.00 16.00 14.00 34.00 81.00 20.00 47.00 0.09 0.71 0.00 3.00 0.00 5.00 12.00 11.00 4.00 15.00 1.00 0.00 0.00 0.00 0.00 0.00
77.00 15.00 17.00 37.00 75.00 20.00 38.00 0.08 0.62 0.00 1.00 0.00 5.00 7.00 10.00 8.00 10.00 5.00 0.00 0.00 0.00 0.00 0.00
78.00 13.00 4.00 21.00 56.00 17.00 35.00 0.08 0.61 1.00 0.00 0.00 5.00 10.00 8.00 3.00 11.00 2.00 0.00 0.00 0.00 0.00 0.00
79.00 23.00 15.00 58.00 118.00 43.00 60.00 0.09 0.97 0.00 2.00 0.00 6.00 11.00 17.00 12.00 17.00 6.00 0.00 0.00 1.00 0.00 0.00
80.00 18.00 11.00 32.00 82.00 21.00 50.00 0.08 0.80 0.00 2.00 0.00 6.00 10.00 12.00 8.00 14.00 4.00 0.00 0.00 0.00 0.00 0.00
81.00 18.00 20.00 45.00 85.00 25.00 40.00 0.07 0.77 0.00 2.00 0.00 5.00 9.00 13.00 9.00 13.00 5.00 0.00 0.00 0.00 0.00 0.00
82.00 20.00 21.00 50.00 95.00 29.00 45.00 0.09 0.80 0.00 1.00 0.00 6.00 9.00 14.00 11.00 15.00 5.00 0.00 0.00 0.00 0.00 0.00
83.00 15.00 9.00 30.00 72.00 21.00 42.00 0.10 0.73 0.00 1.00 0.00 7.00 10.00 8.00 5.00 13.00 2.00 0.00 0.00 0.00 0.00 0.00
84.00 14.00 14.00 36.00 68.00 22.00 32.00 0.06 0.62 0.00 1.00 0.00 2.00 6.00 12.00 8.00 7.00 7.00 0.00 0.00 0.00 0.00 0.00
85.00 20.00 26.00 53.00 92.00 27.00 39.00 0.09 0.74 0.00 1.00 0.00 6.00 8.00 14.00 12.00 13.00 7.00 0.00 0.00 0.00 0.00 0.00
86.00 19.00 17.00 51.00 92.00 34.00 41.00 0.08 0.75 0.00 1.00 0.00 6.00 11.00 13.00 8.00 13.00 6.00 0.00 0.00 0.00 0.00 0.00
87.00 21.00 19.00 50.00 99.00 31.00 49.00 0.07 0.92 0.00 0.00 0.00 4.00 11.00 17.00 10.00 15.00 6.00 0.00 0.00 0.00 0.00 0.00
88.00 20.00 19.00 45.00 94.00 26.00 49.00 0.09 0.62 0.00 0.00 0.00 4.00 10.00 16.00 10.00 15.00 5.00 0.00 0.00 0.00 0.00 0.00
89.00 16.00 8.00 39.00 80.00 31.00 41.00 0.07 0.45 0.00 0.00 0.00 4.00 8.00 12.00 8.00 10.00 6.00 0.00 0.00 0.00 0.00 0.00
90.00 22.00 19.00 51.00 97.00 32.00 46.00 0.08 1.89 0.00 1.00 0.00 5.00 10.00 17.00 12.00 15.00 7.00 0.00 0.00 1.00 0.00 0.00
91.00 29.00 19.00 75.00 144.00 56.00 69.00 0.09 1.73 0.00 1.00 0.00 8.00 17.00 21.00 12.00 23.00 6.00 0.00 0.00 1.00 0.00 0.00
92.00 20.00 9.00 45.00 94.00 36.00 49.00 0.09 1.01 0.00 2.00 0.00 6.00 12.00 14.00 8.00 17.00 3.00 0.00 0.00 1.00 0.00 0.00
93.00 22.00 21.00 56.00 105.00 35.00 49.00 0.08 0.91 0.00 2.00 0.00 6.00 11.00 16.00 11.00 16.00 6.00 0.00 0.00 0.00 0.00 0.00
94.00 32.00 26.00 79.00 168.00 53.00 89.00 0.09 2.65 0.00 2.00 0.00 6.00 19.00 26.00 13.00 24.00 8.00 0.00 0.00 1.00 0.00 0.00
95.00 25.00 25.00 57.00 118.00 32.00 61.00 0.08 1.27 0.00 2.00 0.00 9.00 14.00 16.00 11.00 20.00 5.00 0.00 0.00 1.00 0.00 0.00
96.00 24.00 21.00 62.00 117.00 41.00 55.00 0.09 0.96 0.00 2.00 0.00 9.00 12.00 15.00 12.00 16.00 8.00 0.00 0.00 1.00 0.00 0.00
97.00 23.00 14.00 51.00 115.00 37.00 64.00 0.09 1.77 0.00 0.00 0.00 10.00 13.00 13.00 10.00 16.00 7.00 1.00 0.00 1.00 0.00 0.00
98.00 43.00 49.00 127.00 226.00 78.00 99.00 0.10 1.89 0.00 2.00 0.00 9.00 20.00 34.00 23.00 28.00 15.00 0.00 0.00 0.00 0.00 0.00
99.00 42.00 57.00 115.00 219.00 58.00 104.00 0.09 2.29 0.00 3.00 0.00 11.00 17.00 31.00 25.00 22.00 20.00 1.00 0.00 0.00 0.00 0.00
100.00 37.00 45.00 103.00 191.00 58.00 88.00 0.07 1.95 0.00 2.00 0.00 6.00 18.00 31.00 19.00 24.00 13.00 0.00 0.00 1.00 0.00 0.00
101.00 36.00 41.00 101.00 185.00 60.00 84.00 0.07 2.35 0.00 3.00 0.00 12.00 19.00 24.00 17.00 26.00 10.00 0.00 0.00 1.00 0.00 0.00
102.00 39.00 51.00 113.00 201.00 62.00 88.00 0.09 2.00 0.00 2.00 0.00 11.00 18.00 28.00 21.00 25.00 14.00 0.00 0.00 1.00 0.00 1.00
103.00 51.00 62.00 140.00 254.00 78.00 114.00 0.09 3.13 0.00 2.00 0.00 11.00 22.00 40.00 29.00 34.00 17.00 0.00 0.00 1.00 0.00 0.00
104.00 41.00 57.00 123.00 211.00 66.00 88.00 0.07 2.05 0.00 3.00 0.00 8.00 17.00 33.00 24.00 25.00 16.00 0.00 0.00 1.00 0.00 0.00
105.00 32.00 33.00 86.00 166.00 53.00 80.00 0.07 1.09 0.00 2.00 0.00 7.00 15.00 25.00 17.00 20.00 12.00 0.00 0.00 0.00 1.00 0.00
106.00 42.00 49.00 116.00 222.00 67.00 106.00 0.08 2.11 0.00 4.00 0.00 11.00 20.00 31.00 22.00 25.00 17.00 1.00 0.00 2.00 0.00 0.00
107.00 26.00 27.00 70.00 124.00 43.00 54.00 0.10 0.77 0.00 2.00 0.00 7.00 12.00 19.00 14.00 14.00 12.00 0.00 0.00 0.00 0.00 0.00
108.00 43.00 58.00 123.00 214.00 65.00 91.00 0.08 1.91 0.00 3.00 0.00 11.00 15.00 32.00 28.00 23.00 20.00 0.00 0.00 3.00 0.00 0.00
109.00 38.00 42.00 112.00 188.00 70.00 76.00 0.08 1.48 0.00 2.00 0.00 9.00 19.00 29.00 19.00 26.00 12.00 0.00 0.00 0.00 0.00 0.00
110.00 21.00 23.00 57.00 103.00 34.00 46.00 0.09 0.84 0.00 1.00 0.00 7.00 10.00 14.00 11.00 15.00 6.00 0.00 0.00 0.00 0.00 0.00
111.00 47.00 60.00 127.00 231.00 67.00 104.00 0.09 1.95 0.00 5.00 0.00 13.00 22.00 34.00 25.00 28.00 19.00 0.00 0.00 1.00 0.00 0.00
112.00 36.00 33.00 98.00 185.00 65.00 87.00 0.08 1.74 0.00 5.00 0.00 7.00 22.00 29.00 14.00 28.00 8.00 0.00 0.00 0.00 0.00 0.00
113.00 34.00 48.00 99.00 174.00 51.00 75.00 0.07 1.54 1.00 4.00 0.25 6.00 13.00 28.00 21.00 19.00 15.00 0.00 0.00 0.00 0.00 0.00
114.00 40.00 54.00 108.00 196.00 54.00 88.00 0.08 2.21 1.00 4.00 0.25 11.00 18.00 29.00 22.00 26.00 14.00 0.00 0.00 1.00 0.00 0.00
115.00 36.00 40.00 97.00 191.00 57.00 94.00 0.09 2.51 1.00 3.00 0.33 6.00 21.00 30.00 15.00 25.00 11.00 0.00 0.00 0.00 0.00 0.00
116.00 36.00 31.00 97.00 174.00 66.00 77.00 0.09 3.26 0.00 3.00 0.00 8.00 16.00 28.00 20.00 22.00 14.00 0.00 0.00 0.00 0.00 0.00
117.00 43.00 36.00 117.00 222.00 81.00 105.00 0.08 2.46 0.00 2.00 0.00 13.00 20.00 30.00 23.00 28.00 15.00 0.00 0.00 0.00 0.00 0.00
118.00 35.00 28.00 91.00 176.00 63.00 85.00 0.07 2.39 0.00 4.00 0.00 10.00 18.00 25.00 17.00 25.00 10.00 0.00 0.00 1.00 0.00 0.00
119.00 39.00 41.00 108.00 201.00 67.00 93.00 0.07 2.10 0.00 3.00 0.00 9.00 23.00 30.00 16.00 28.00 11.00 0.00 0.00 0.00 0.00 0.00
120.00 39.00 46.00 113.00 205.00 67.00 92.00 0.09 1.90 0.00 4.00 0.00 5.00 10.00 34.00 29.00 21.00 18.00 0.00 0.00 0.00 0.00 1.00
121.00 31.00 40.00 89.00 161.00 49.00 72.00 0.07 1.25 0.00 1.00 0.00 6.00 14.00 25.00 17.00 18.00 13.00 0.00 0.00 0.00 0.00 0.00
122.00 42.00 51.00 120.00 214.00 69.00 94.00 0.08 1.99 0.00 4.00 0.00 9.00 17.00 33.00 25.00 24.00 18.00 0.00 0.00 1.00 0.00 0.00
123.00 45.00 45.00 117.00 223.00 72.00 106.00 0.08 2.79 0.00 5.00 0.00 12.00 20.00 33.00 25.00 28.00 17.00 0.00 0.00 0.00 0.00 0.00
124.00 40.00 43.00 110.00 207.00 67.00 97.00 0.08 2.15 0.00 4.00 0.00 9.00 14.00 31.00 26.00 23.00 17.00 0.00 0.00 0.00 0.00 0.00
125.00 27.00 34.00 80.00 139.00 46.00 59.00 0.08 1.11 0.00 3.00 0.00 3.00 8.00 24.00 19.00 14.00 13.00 0.00 0.00 0.00 0.00 0.00
126.00 28.00 31.00 75.00 140.00 44.00 65.00 0.08 1.01 0.00 2.00 0.00 11.00 17.00 17.00 11.00 22.00 6.00 0.00 0.00 0.00 0.00 0.00
127.00 46.00 59.00 133.00 225.00 74.00 92.00 0.09 3.74 0.00 4.00 0.00 13.00 24.00 33.00 22.00 33.00 13.00 0.00 0.00 1.00 1.00 0.00
128.00 23.00 26.00 60.00 119.00 34.00 59.00 0.08 0.88 0.00 3.00 0.00 6.00 16.00 17.00 7.00 18.00 5.00 0.00 0.00 0.00 0.00 0.00
129.00 36.00 43.00 103.00 178.00 60.00 75.00 0.08 2.41 0.00 3.00 0.00 7.00 11.00 29.00 25.00 20.00 16.00 0.00 0.00 0.00 0.00 0.00
130.00 31.00 32.00 80.00 166.00 48.00 86.00 0.10 2.45 0.00 4.00 0.00 7.00 13.00 24.00 18.00 20.00 11.00 0.00 0.00 0.00 0.00 0.00
131.00 18.00 21.00 50.00 90.00 29.00 40.00 0.09 0.62 0.00 3.00 0.00 4.00 10.00 14.00 8.00 12.00 6.00 0.00 0.00 0.00 0.00 0.00
132.00 24.00 28.00 72.00 118.00 44.00 46.00 0.09 0.86 0.00 3.00 0.00 4.00 11.00 20.00 13.00 14.00 10.00 0.00 0.00 0.00 0.00 0.00
133.00 20.00 13.00 43.00 104.00 30.00 61.00 0.10 0.85 0.00 1.00 0.00 7.00 7.00 13.00 13.00 14.00 6.00 0.00 0.00 0.00 0.00 0.00
134.00 16.00 18.00 40.00 77.00 22.00 37.00 0.09 0.57 0.00 1.00 0.00 4.00 10.00 12.00 6.00 13.00 3.00 0.00 0.00 0.00 0.00 0.00
135.00 28.00 35.00 72.00 136.00 37.00 64.00 0.09 1.08 0.00 3.00 0.00 8.00 14.00 20.00 14.00 16.00 12.00 0.00 0.00 0.00 0.00 0.00
136.00 34.00 30.00 85.00 167.00 55.00 82.00 0.09 1.85 0.00 3.00 0.00 8.00 19.00 26.00 15.00 25.00 9.00 0.00 0.00 0.00 0.00 0.00
137.00 31.00 41.00 89.00 155.00 48.00 66.00 0.08 1.20 0.00 4.00 0.00 6.00 16.00 25.00 15.00 21.00 10.00 0.00 0.00 0.00 0.00 0.00
138.00 24.00 21.00 63.00 130.00 42.00 67.00 0.09 0.96 0.00 4.00 0.00 8.00 13.00 16.00 11.00 15.00 9.00 0.00 0.00 0.00 0.00 0.00
139.00 26.00 33.00 69.00 128.00 36.00 59.00 0.08 1.04 0.00 4.00 0.00 8.00 16.00 18.00 10.00 24.00 2.00 0.00 0.00 0.00 0.00 0.00
140.00 30.00 47.00 90.00 150.00 43.00 60.00 0.09 0.94 0.00 4.00 0.00 6.00 11.00 24.00 19.00 15.00 15.00 0.00 0.00 0.00 0.00 0.00
141.00 27.00 39.00 85.00 137.00 46.00 52.00 0.11 0.90 0.00 4.00 0.00 5.00 12.00 22.00 15.00 19.00 8.00 0.00 0.00 0.00 0.00 0.00
142.00 31.00 40.00 87.00 152.00 47.00 65.00 0.09 1.46 0.00 3.00 0.00 8.00 14.00 23.00 17.00 20.00 11.00 0.00 0.00 0.00 0.00 0.00
143.00 31.00 46.00 85.00 149.00 39.00 64.00 0.09 1.47 0.00 4.00 0.00 11.00 15.00 20.00 16.00 20.00 11.00 0.00 0.00 0.00 0.00 0.00
144.00 30.00 35.00 78.00 151.00 43.00 73.00 0.08 1.01 0.00 3.00 0.00 8.00 16.00 22.00 14.00 22.00 8.00 0.00 0.00 0.00 0.00 0.00
145.00 27.00 23.00 70.00 127.00 47.00 57.00 0.08 0.94 0.00 4.00 0.00 7.00 11.00 20.00 16.00 19.00 8.00 0.00 0.00 0.00 0.00 0.00
146.00 23.00 31.00 64.00 123.00 33.00 59.00 0.11 0.74 0.00 1.00 0.00 6.00 12.00 17.00 11.00 15.00 8.00 0.00 0.00 0.00 0.00 0.00
147.00 29.00 28.00 80.00 143.00 52.00 63.00 0.10 1.56 0.00 2.00 0.00 10.00 15.00 19.00 14.00 20.00 9.00 0.00 0.00 0.00 0.00 0.00
148.00 25.00 23.00 67.00 127.00 44.00 60.00 0.08 0.95 0.00 3.00 0.00 5.00 10.00 20.00 15.00 16.00 9.00 0.00 0.00 0.00 0.00 0.00
149.00 16.00 15.00 46.00 83.00 31.00 37.00 0.10 0.57 0.00 1.00 0.00 4.00 6.00 12.00 10.00 7.00 9.00 0.00 0.00 0.00 0.00 0.00
150.00 16.00 15.00 38.00 77.00 23.00 39.00 0.08 0.62 0.00 1.00 0.00 5.00 6.00 11.00 10.00 11.00 5.00 0.00 0.00 0.00 0.00 0.00
151.00 24.00 18.00 61.00 123.00 43.00 62.00 0.08 1.00 0.00 1.00 0.00 6.00 15.00 18.00 9.00 19.00 5.00 0.00 0.00 0.00 0.00 0.00
152.00 21.00 24.00 56.00 101.00 32.00 45.00 0.08 0.78 0.00 0.00 0.00 7.00 15.00 14.00 6.00 17.00 4.00 0.00 0.00 0.00 0.00 0.00
153.00 6.00 0.00 6.00 18.00 6.00 12.00 0.10 0.22 0.00 0.00 0.00 3.00 5.00 3.00 1.00 6.00 0.00 0.00 0.00 0.00 0.00 0.00
154.00 9.00 7.00 19.00 45.00 12.00 26.00 0.09 0.38 0.00 0.00 0.00 4.00 6.00 5.00 3.00 7.00 2.00 0.00 0.00 0.00 0.00 0.00
155.00 24.00 25.00 62.00 107.00 37.00 45.00 0.09 0.88 0.00 0.00 0.00 7.00 13.00 17.00 11.00 19.00 5.00 0.00 0.00 0.00 0.00 0.00
156.00 10.00 4.00 20.00 46.00 16.00 26.00 0.08 0.52 0.00 0.00 0.00 3.00 7.00 7.00 3.00 10.00 0.00 0.00 0.00 0.00 0.00 0.00
157.00 7.00 3.00 14.00 30.00 11.00 16.00 0.10 0.24 0.00 0.00 0.00 0.00 4.00 7.00 3.00 6.00 1.00 0.00 0.00 0.00 0.00 0.00
158.00 17.00 13.00 42.00 88.00 29.00 46.00 0.09 0.71 0.00 0.00 0.00 7.00 10.00 10.00 7.00 13.00 4.00 0.00 0.00 0.00 0.00 0.00
159.00 21.00 20.00 46.00 100.00 26.00 54.00 0.08 0.86 0.00 1.00 0.00 6.00 10.00 15.00 11.00 14.00 7.00 0.00 0.00 0.00 0.00 0.00
160.00 14.00 12.00 36.00 66.00 24.00 30.00 0.07 0.56 0.00 1.00 0.00 2.00 8.00 12.00 6.00 11.00 3.00 0.00 0.00 0.00 0.00 0.00
161.00 15.00 11.00 32.00 72.00 21.00 40.00 0.08 0.80 0.00 1.00 0.00 3.00 10.00 12.00 5.00 10.00 5.00 0.00 0.00 0.00 0.00 0.00
162.00 12.00 5.00 25.00 57.00 20.00 32.00 0.07 0.59 0.00 2.00 0.00 4.00 10.00 8.00 2.00 10.00 2.00 0.00 0.00 0.00 0.00 0.00
163.00 17.00 13.00 46.00 82.00 33.00 36.00 0.08 0.71 0.00 2.00 0.00 2.00 8.00 15.00 9.00 13.00 4.00 0.00 0.00 0.00 0.00 0.00
164.00 19.00 22.00 53.00 97.00 31.00 44.00 0.08 0.68 0.00 2.00 0.00 1.00 5.00 18.00 14.00 13.00 6.00 0.00 0.00 0.00 0.00 0.00
165.00 23.00 26.00 57.00 109.00 31.00 52.00 0.09 1.94 0.00 2.00 0.00 4.00 8.00 19.00 15.00 18.00 5.00 0.00 0.00 0.00 0.00 0.00
166.00 18.00 19.00 48.00 90.00 29.00 42.00 0.10 0.74 0.00 1.00 0.00 4.00 8.00 14.00 10.00 12.00 6.00 0.00 0.00 0.00 0.00 0.00
167.00 13.00 6.00 31.00 64.00 25.00 33.00 0.08 0.57 0.00 0.00 0.00 5.00 6.00 8.00 7.00 10.00 3.00 0.00 0.00 0.00 0.00 0.00
168.00 5.00 1.00 5.00 22.00 4.00 17.00 0.10 0.32 0.00 1.00 0.00 2.00 5.00 3.00 0.00 5.00 0.00 0.00 0.00 0.00 0.00 0.00
169.00 13.00 6.00 25.00 56.00 19.00 31.00 0.10 1.70 0.00 1.00 0.00 5.00 9.00 8.00 4.00 10.00 3.00 0.00 0.00 0.00 0.00 0.00
170.00 18.00 16.00 42.00 85.00 26.00 43.00 0.09 0.61 0.00 0.00 0.00 5.00 8.00 13.00 10.00 10.00 8.00 0.00 0.00 0.00 0.00 0.00
171.00 16.00 14.00 40.00 75.00 26.00 35.00 0.10 0.49 0.00 1.00 0.00 6.00 10.00 10.00 6.00 14.00 2.00 0.00 0.00 0.00 0.00 0.00
172.00 17.00 17.00 41.00 80.00 24.00 39.00 0.09 0.58 0.00 1.00 0.00 4.00 9.00 13.00 8.00 11.00 6.00 0.00 0.00 0.00 0.00 0.00
173.00 11.00 9.00 26.00 55.00 17.00 29.00 0.08 0.39 0.00 0.00 0.00 2.00 7.00 9.00 4.00 9.00 2.00 0.00 0.00 0.00 0.00 0.00
174.00 13.00 11.00 30.00 59.00 19.00 29.00 0.08 0.51 0.00 0.00 0.00 6.00 10.00 7.00 3.00 11.00 2.00 0.00 0.00 0.00 0.00 0.00
175.00 13.00 13.00 31.00 63.00 18.00 32.00 0.09 0.45 0.00 1.00 0.00 3.00 5.00 10.00 8.00 7.00 6.00 0.00 0.00 0.00 0.00 0.00
176.00 10.00 9.00 23.00 48.00 14.00 25.00 0.09 0.26 0.00 0.00 0.00 4.00 5.00 6.00 5.00 7.00 3.00 0.00 0.00 0.00 0.00 0.00
177.00 11.00 5.00 19.00 51.00 14.00 32.00 0.09 0.35 0.00 0.00 0.00 4.00 7.00 7.00 4.00 11.00 0.00 0.00 0.00 0.00 0.00 0.00
178.00 9.00 4.00 14.00 40.00 10.00 26.00 0.08 0.35 0.00 0.00 0.00 2.00 5.00 7.00 4.00 8.00 1.00 0.00 0.00 0.00 0.00 0.00
179.00 5.00 0.00 2.00 18.00 2.00 16.00 0.09 0.16 0.00 0.00 0.00 1.00 4.00 4.00 1.00 5.00 0.00 0.00 0.00 0.00 0.00 0.00
180.00 7.00 2.00 9.00 26.00 7.00 17.00 0.09 0.42 0.00 0.00 0.00 3.00 5.00 4.00 2.00 6.00 1.00 0.00 0.00 0.00 0.00 0.00
181.00 7.00 4.00 12.00 32.00 8.00 20.00 0.09 0.28 0.00 0.00 0.00 4.00 6.00 3.00 1.00 6.00 1.00 0.00 0.00 0.00 0.00 0.00
182.00 12.00 13.00 29.00 57.00 16.00 28.00 0.07 0.33 0.00 0.00 0.00 5.00 7.00 7.00 5.00 7.00 5.00 0.00 0.00 0.00 0.00 0.00
183.00 10.00 10.00 24.00 50.00 14.00 26.00 0.09 0.29 0.00 0.00 0.00 1.00 3.00 9.00 7.00 7.00 3.00 0.00 0.00 0.00 0.00 0.00
184.00 12.00 10.00 29.00 57.00 19.00 28.00 0.08 0.38 0.00 0.00 0.00 2.00 5.00 10.00 7.00 8.00 4.00 0.00 0.00 0.00 0.00 0.00
185.00 13.00 11.00 32.00 63.00 21.00 31.00 0.08 0.61 0.00 1.00 0.00 4.00 6.00 9.00 7.00 10.00 3.00 0.00 0.00 0.00 0.00 0.00
186.00 12.00 9.00 25.00 54.00 16.00 29.00 0.08 0.42 0.00 0.00 0.00 7.00 7.00 5.00 5.00 7.00 5.00 0.00 0.00 0.00 0.00 0.00
187.00 14.00 6.00 22.00 65.00 16.00 43.00 0.08 0.62 0.00 1.00 0.00 5.00 9.00 9.00 5.00 11.00 3.00 0.00 0.00 0.00 0.00 0.00
188.00 12.00 4.00 25.00 54.00 21.00 29.00 0.08 0.37 0.00 1.00 0.00 3.00 8.00 9.00 4.00 8.00 4.00 0.00 0.00 0.00 0.00 0.00
189.00 11.00 3.00 18.00 47.00 15.00 29.00 0.11 0.60 0.00 1.00 0.00 5.00 7.00 6.00 4.00 10.00 1.00 0.00 0.00 0.00 0.00 0.00
190.00 10.00 1.00 13.00 47.00 12.00 34.00 0.07 0.61 0.00 0.00 0.00 3.00 6.00 7.00 4.00 9.00 1.00 0.00 0.00 0.00 0.00 0.00
191.00 11.00 3.00 15.00 53.00 12.00 38.00 0.07 0.49 0.00 0.00 0.00 4.00 7.00 7.00 4.00 11.00 0.00 0.00 0.00 0.00 0.00 0.00
192.00 5.00 1.00 5.00 18.00 4.00 13.00 0.10 0.31 0.00 0.00 0.00 2.00 3.00 3.00 2.00 5.00 0.00 0.00 0.00 0.00 0.00 0.00
193.00 5.00 1.00 4.00 19.00 3.00 15.00 0.08 0.23 0.00 0.00 0.00 0.00 5.00 5.00 0.00 5.00 0.00 0.00 0.00 0.00 0.00 0.00
194.00 2.00 0.00 0.00 1.00 0.00 1.00 0.08 0.19 0.00 0.00 0.00 2.00 2.00 0.00 0.00 2.00 0.00 0.00 0.00 0.00 0.00 0.00
