0.00 3.00 0.00 0.00 6.00 0.00 6.00 0.08 0.13 0.00 0.00 0.00 2.00 3.00 1.00 0.00 3.00 0.00 0.00 0.00 0.00 0.00 0.00
1.00 3.00 0.00 0.00 5.00 0.00 5.00 0.08 0.18 0.00 0.00 0.00 2.00 3.00 1.00 0.00 3.00 0.00 0.00 0.00 0.00 0.00 0.00
2.00 9.00 1.00 6.00 28.00 5.00 22.00 0.09 3.72 0.00 0.00 0.00 3.00 8.00 6.00 1.00 9.00 0.00 0.00 0.00 0.00 0.00 0.00
3.00 5.00 1.00 6.00 16.00 5.00 10.00 0.08 0.27 0.00 0.00 0.00 2.00 5.00 3.00 0.00 5.00 0.00 0.00 0.00 0.00 0.00 0.00
4.00 7.00 2.00 12.00 31.00 10.00 19.00 0.08 0.29 0.00 0.00 0.00 4.00 5.00 3.00 2.00 6.00 1.00 0.00 0.00 0.00 0.00 0.00
5.00 5.00 0.00 2.00 18.00 2.00 16.00 0.08 0.61 0.00 0.00 0.00 2.00 5.00 3.00 0.00 5.00 0.00 0.00 0.00 0.00 0.00 0.00
6.00 4.00 0.00 2.00 15.00 2.00 13.00 0.09 0.46 0.00 0.00 0.00 2.00 4.00 2.00 0.00 4.00 0.00 0.00 0.00 0.00 0.00 0.00
7.00 8.00 3.00 13.00 33.00 10.00 20.00 0.09 0.31 0.00 0.00 0.00 4.00 6.00 4.00 2.00 8.00 0.00 0.00 0.00 0.00 0.00 0.00
8.00 3.00 0.00 0.00 5.00 0.00 5.00 0.08 0.15 0.00 0.00 0.00 2.00 3.00 1.00 0.00 3.00 0.00 0.00 0.00 0.00 0.00 0.00
9.00 6.00 3.00 10.00 26.00 7.00 16.00 0.07 0.30 0.00 0.00 0.00 3.00 5.00 3.00 1.00 6.00 0.00 0.00 0.00 0.00 0.00 0.00
10.00 3.00 0.00 2.00 11.00 2.00 9.00 0.08 0.13 0.00 0.00 0.00 2.00 3.00 1.00 0.00 3.00 0.00 0.00 0.00 0.00 0.00 0.00
11.00 4.00 1.00 4.00 13.00 3.00 9.00 0.09 0.20 0.00 0.00 0.00 1.00 3.00 3.00 1.00 4.00 0.00 0.00 0.00 0.00 0.00 0.00
12.00 4.00 0.00 3.00 15.00 3.00 12.00 0.08 0.19 0.00 0.00 0.00 2.00 4.00 2.00 0.00 4.00 0.00 0.00 0.00 0.00 0.00 0.00
13.00 7.00 2.00 11.00 28.00 9.00 17.00 0.09 0.29 0.00 0.00 0.00 1.00 6.00 6.00 1.00 6.00 1.00 0.00 0.00 0.00 0.00 0.00
14.00 10.00 6.00 19.00 41.00 13.00 22.00 0.07 0.38 0.00 0.00 0.00 5.00 6.00 5.00 4.00 9.00 1.00 0.00 0.00 0.00 0.00 0.00
15.00 10.00 8.00 18.00 43.00 10.00 25.00 0.09 0.49 0.00 0.00 0.00 4.00 8.00 6.00 2.00 8.00 2.00 0.00 0.00 0.00 0.00 0.00
16.00 8.00 5.00 17.00 38.00 12.00 21.00 0.08 0.37 0.00 0.00 0.00 2.00 5.00 6.00 3.00 7.00 1.00 0.00 0.00 0.00 0.00 0.00
17.00 6.00 3.00 11.00 25.00 8.00 14.00 0.07 0.28 0.00 1.00 0.00 3.00 5.00 3.00 1.00 5.00 1.00 0.00 0.00 0.00 0.00 0.00
18.00 4.00 1.00 5.00 15.00 4.00 10.00 0.10 0.18 0.00 1.00 0.00 1.00 3.00 3.00 1.00 4.00 0.00 0.00 0.00 0.00 0.00 0.00
19.00 4.00 1.00 2.00 15.00 1.00 13.00 0.09 0.14 0.00 0.00 0.00 0.00 2.00 4.00 2.00 4.00 0.00 0.00 0.00 0.00 0.00 0.00
20.00 5.00 0.00 4.00 16.00 4.00 12.00 0.08 0.30 0.00 0.00 0.00 1.00 4.00 4.00 1.00 5.00 0.00 0.00 0.00 0.00 0.00 0.00
21.00 3.00 0.00 2.00 11.00 2.00 9.00 0.07 0.15 0.00 0.00 0.00 2.00 3.00 1.00 0.00 3.00 0.00 0.00 0.00 0.00 0.00 0.00
22.00 5.00 0.00 2.00 15.00 2.00 13.00 0.09 0.47 0.00 0.00 0.00 1.00 4.00 4.00 1.00 5.00 0.00 0.00 0.00 0.00 0.00 0.00
23.00 7.00 0.00 7.00 30.00 7.00 23.00 0.09 0.43 0.00 0.00 0.00 2.00 5.00 5.00 2.00 7.00 0.00 0.00 0.00 0.00 0.00 0.00
24.00 9.00 3.00 15.00 41.00 12.00 26.00 0.09 0.42 0.00 0.00 0.00 3.00 6.00 6.00 3.00 7.00 2.00 0.00 0.00 0.00 0.00 0.00
25.00 10.00 5.00 21.00 41.00 16.00 20.00 0.08 0.62 0.00 0.00 0.00 3.00 7.00 7.00 3.00 9.00 1.00 0.00 0.00 0.00 0.00 0.00
26.00 6.00 3.00 10.00 24.00 7.00 14.00 0.09 0.33 0.00 0.00 0.00 3.00 5.00 3.00 1.00 6.00 0.00 0.00 0.00 0.00 0.00 0.00
27.00 5.00 1.00 6.00 19.00 5.00 13.00 0.08 0.14 0.00 0.00 0.00 2.00 3.00 3.00 2.00 5.00 0.00 0.00 0.00 0.00 0.00 0.00
28.00 10.00 8.00 20.00 46.00 12.00 26.00 0.08 0.44 0.00 0.00 0.00 3.00 6.00 7.00 4.00 7.00 3.00 0.00 0.00 0.00 0.00 0.00
29.00 17.00 14.00 37.00 72.00 23.00 35.00 0.08 0.78 0.00 0.00 0.00 7.00 10.00 10.00 7.00 13.00 4.00 0.00 0.00 0.00 0.00 0.00
30.00 8.00 1.00 13.00 37.00 12.00 24.00 0.09 0.44 0.00 0.00 0.00 1.00 4.00 7.00 4.00 7.00 1.00 0.00 0.00 0.00 0.00 0.00
31.00 11.00 9.00 23.00 54.00 14.00 31.00 0.08 0.40 0.00 0.00 0.00 2.00 7.00 9.00 4.00 9.00 2.00 0.00 0.00 0.00 0.00 0.00
32.00 14.00 12.00 27.00 60.00 15.00 33.00 0.08 0.57 0.00 0.00 0.00 4.00 9.00 10.00 5.00 12.00 2.00 0.00 0.00 0.00 0.00 0.00
33.00 11.00 8.00 27.00 51.00 19.00 24.00 0.10 0.39 0.00 1.00 0.00 2.00 5.00 9.00 6.00 9.00 2.00 0.00 0.00 0.00 0.00 0.00
34.00 12.00 8.00 27.00 59.00 19.00 32.00 0.07 0.52 0.00 1.00 0.00 2.00 5.00 10.00 7.00 10.00 2.00 0.00 0.00 0.00 0.00 0.00
35.00 14.00 14.00 34.00 64.00 20.00 30.00 0.09 0.55 0.00 0.00 0.00 1.00 5.00 13.00 9.00 9.00 5.00 0.00 0.00 0.00 0.00 0.00
36.00 14.00 11.00 30.00 65.00 19.00 35.00 0.08 0.58 0.00 0.00 0.00 2.00 5.00 12.00 9.00 10.00 4.00 0.00 0.00 0.00 0.00 0.00
37.00 13.00 10.00 29.00 57.00 19.00 28.00 0.10 0.61 0.00 0.00 0.00 3.00 7.00 10.00 6.00 7.00 6.00 0.00 0.00 0.00 0.00 0.00
38.00 10.00 5.00 18.00 49.00 13.00 31.00 0.09 0.44 0.00 0.00 0.00 5.00 5.00 5.00 5.00 9.00 1.00 0.00 0.00 0.00 0.00 0.00
39.00 14.00 15.00 34.00 67.00 19.00 33.00 0.08 1.47 0.00 0.00 0.00 8.00 10.00 6.00 4.00 11.00 3.00 0.00 0.00 0.00 0.00 0.00
40.00 9.00 3.00 13.00 42.00 10.00 29.00 0.08 0.41 0.00 0.00 0.00 3.00 7.00 6.00 2.00 8.00 1.00 0.00 0.00 0.00 0.00 0.00
41.00 11.00 4.00 23.00 54.00 19.00 31.00 0.07 0.52 0.00 0.00 0.00 5.00 8.00 6.00 3.00 10.00 1.00 0.00 0.00 0.00 0.00 0.00
42.00 10.00 5.00 19.00 40.00 14.00 21.00 0.08 0.39 0.00 0.00 0.00 2.00 5.00 8.00 5.00 9.00 1.00 0.00 0.00 0.00 0.00 0.00
43.00 13.00 7.00 30.00 66.00 23.00 36.00 0.08 0.40 0.00 1.00 0.00 8.00 8.00 5.00 5.00 10.00 3.00 0.00 0.00 0.00 0.00 0.00
44.00 12.00 5.00 17.00 55.00 12.00 38.00 0.09 1.58 0.00 1.00 0.00 5.00 6.00 7.00 6.00 7.00 5.00 0.00 0.00 0.00 0.00 0.00
45.00 13.00 5.00 27.00 62.00 22.00 35.00 0.07 0.53 0.00 1.00 0.00 6.00 8.00 7.00 5.00 11.00 2.00 0.00 0.00 0.00 0.00 0.00
46.00 6.00 0.00 6.00 23.00 6.00 17.00 0.09 0.28 0.00 1.00 0.00 3.00 5.00 3.00 1.00 6.00 0.00 0.00 0.00 0.00 0.00 0.00
47.00 14.00 13.00 34.00 76.00 21.00 42.00 0.07 0.41 0.00 1.00 0.00 1.00 5.00 13.00 9.00 8.00 6.00 0.00 0.00 0.00 0.00 0.00
48.00 13.00 10.00 27.00 64.00 17.00 37.00 0.08 0.56 0.00 0.00 0.00 4.00 8.00 9.00 5.00 10.00 3.00 0.00 0.00 0.00 0.00 0.00
49.00 14.00 14.00 33.00 68.00 19.00 35.00 0.08 0.58 1.00 1.00 1.00 4.00 6.00 10.00 8.00 9.00 5.00 0.00 0.00 0.00 0.00 0.00
50.00 13.00 10.00 26.00 59.00 16.00 33.00 0.10 0.53 0.00 2.00 0.00 6.00 9.00 7.00 4.00 9.00 4.00 0.00 0.00 0.00 0.00 0.00
51.00 16.00 6.00 32.00 67.00 26.00 35.00 0.09 0.65 0.00 1.00 0.00 4.00 7.00 12.00 9.00 11.00 5.00 0.00 0.00 0.00 0.00 0.00
52.00 11.00 10.00 27.00 49.00 17.00 22.00 0.10 0.46 0.00 0.00 0.00 3.00 5.00 8.00 6.00 7.00 4.00 0.00 0.00 0.00 0.00 0.00
53.00 16.00 13.00 35.00 68.00 22.00 33.00 0.09 0.67 0.00 0.00 0.00 3.00 8.00 13.00 8.00 12.00 4.00 0.00 0.00 0.00 0.00 0.00
54.00 15.00 16.00 39.00 74.00 23.00 35.00 0.09 0.57 0.00 0.00 0.00 3.00 7.00 12.00 8.00 9.00 6.00 0.00 0.00 0.00 0.00 0.00
55.00 14.00 16.00 35.00 68.00 19.00 33.00 0.10 0.44 0.00 0.00 0.00 1.00 6.00 13.00 8.00 8.00 6.00 0.00 0.00 0.00 0.00 0.00
56.00 15.00 12.00 39.00 79.00 27.00 40.00 0.09 0.50 0.00 1.00 0.00 3.00 8.00 12.00 7.00 10.00 5.00 0.00 0.00 1.00 0.00 0.00
57.00 11.00 8.00 26.00 53.00 18.00 27.00 0.08 0.36 0.00 0.00 0.00 2.00 5.00 9.00 6.00 7.00 4.00 0.00 0.00 0.00 0.00 0.00
58.00 12.00 10.00 27.00 60.00 17.00 33.00 0.07 0.37 0.00 0.00 0.00 3.00 4.00 9.00 8.00 8.00 4.00 0.00 0.00 0.00 0.00 0.00
59.00 13.00 6.00 28.00 63.00 22.00 35.00 0.09 0.37 0.00 0.00 0.00 3.00 6.00 10.00 7.00 10.00 3.00 0.00 0.00 0.00 0.00 0.00
60.00 16.00 19.00 44.00 79.00 25.00 35.00 0.10 0.46 0.00 0.00 0.00 3.00 9.00 13.00 7.00 10.00 6.00 0.00 0.00 0.00 0.00 0.00
61.00 13.00 11.00 33.00 67.00 22.00 34.00 0.08 0.47 0.00 0.00 0.00 2.00 3.00 11.00 10.00 8.00 5.00 0.00 0.00 0.00 0.00 0.00
62.00 15.00 12.00 35.00 71.00 23.00 36.00 0.10 0.46 0.00 0.00 0.00 5.00 6.00 10.00 9.00 9.00 6.00 0.00 0.00 0.00 0.00 0.00
63.00 15.00 18.00 38.00 73.00 20.00 35.00 0.09 0.49 0.00 0.00 0.00 3.00 7.00 12.00 8.00 9.00 6.00 0.00 0.00 0.00 0.00 0.00
64.00 5.00 0.00 5.00 21.00 5.00 16.00 0.09 0.30 0.00 1.00 0.00 2.00 3.00 3.00 2.00 5.00 0.00 0.00 0.00 0.00 0.00 0.00
65.00 13.00 7.00 29.00 64.00 22.00 35.00 0.08 1.55 0.00 1.00 0.00 8.00 10.00 5.00 3.00 10.00 3.00 0.00 0.00 0.00 0.00 0.00
66.00 19.00 20.00 49.00 93.00 29.00 44.00 0.09 0.51 0.00 2.00 0.00 6.00 13.00 13.00 6.00 14.00 5.00 0.00 0.00 0.00 0.00 0.00
67.00 16.00 14.00 42.00 76.00 28.00 34.00 0.10 0.43 0.00 0.00 0.00 5.00 9.00 11.00 7.00 14.00 2.00 0.00 0.00 1.00 0.00 0.00
68.00 18.00 21.00 45.00 88.00 24.00 43.00 0.08 0.41 0.00 1.00 0.00 6.00 11.00 12.00 7.00 14.00 4.00 0.00 0.00 0.00 0.00 0.00
69.00 21.00 26.00 52.00 103.00 26.00 51.00 0.10 0.55 0.00 1.00 0.00 6.00 11.00 15.00 10.00 13.00 8.00 0.00 0.00 0.00 0.00 0.00
70.00 13.00 11.00 27.00 54.00 16.00 27.00 0.08 0.41 0.00 1.00 0.00 3.00 9.00 10.00 4.00 11.00 2.00 0.00 0.00 0.00 0.00 0.00
71.00 18.00 16.00 42.00 86.00 26.00 44.00 0.08 0.67 0.00 1.00 0.00 4.00 9.00 14.00 9.00 12.00 6.00 0.00 0.00 0.00 0.00 0.00
72.00 18.00 22.00 47.00 81.00 25.00 34.00 0.11 0.54 0.00 2.00 0.00 5.00 8.00 13.00 10.00 13.00 5.00 0.00 0.00 0.00 0.00 0.00
73.00 18.00 23.00 48.00 85.00 25.00 37.00 0.09 0.55 0.00 1.00 0.00 5.00 9.00 13.00 9.00 12.00 6.00 0.00 0.00 1.00 0.00 0.00
74.00 24.00 23.00 58.00 105.00 35.00 47.00 0.09 0.68 0.00 1.00 0.00 7.00 12.00 17.00 12.00 17.00 7.00 0.00 0.00 1.00 0.00 0.00
75.00 20.00 23.00 53.00 99.00 30.00 46.00 0.09 0.60 0.00 1.00 0.00 7.00 13.00 13.00 7.00 14.00 6.00 0.00 0.00 0.00 0.00 0.00
76.00 21.00 24.00 55.00 97.00 31.00 42.00 0.09 0.65 0.00 2.00 0.00 6.00 12.00 15.00 9.00 15.00 6.00 0.00 0.00 0.00 0.00 0.00
77.00 19.00 19.00 51.00 93.00 32.00 42.00 0.08 0.43 0.00 2.00 0.00 2.00 9.00 17.00 10.00 13.00 6.00 0.00 0.00 0.00 0.00 0.00
78.00 19.00 25.00 52.00 92.00 27.00 40.00 0.08 0.43 0.00 2.00 0.00 5.00 10.00 14.00 9.00 14.00 5.00 0.00 0.00 0.00 0.00 0.00
79.00 22.00 23.00 58.00 105.00 35.00 47.00 0.08 0.74 0.00 2.00 0.00 7.00 10.00 15.00 12.00 12.00 10.00 0.00 0.00 0.00 0.00 0.00
80.00 20.00 20.00 49.00 98.00 29.00 49.00 0.07 0.69 0.00 1.00 0.00 8.00 13.00 12.00 7.00 17.00 3.00 0.00 0.00 0.00 0.00 0.00
81.00 23.00 27.00 60.00 115.00 33.00 55.00 0.08 0.53 0.00 1.00 0.00 6.00 16.00 17.00 7.00 18.00 5.00 0.00 0.00 0.00 0.00 0.00
82.00 23.00 30.00 64.00 110.00 34.00 46.00 0.08 0.62 0.00 2.00 0.00 4.00 6.00 19.00 17.00 9.00 14.00 0.00 0.00 0.00 0.00 0.00
83.00 18.00 23.00 52.00 90.00 29.00 38.00 0.08 0.43 0.00 2.00 0.00 6.00 8.00 12.00 10.00 9.00 9.00 0.00 0.00 0.00 0.00 0.00
84.00 25.00 39.00 67.00 125.00 28.00 58.00 0.10 0.63 0.00 2.00 0.00 5.00 12.00 20.00 13.00 20.00 5.00 0.00 0.00 0.00 0.00 0.00
85.00 22.00 22.00 57.00 111.00 35.00 54.00 0.09 1.18 0.00 2.00 0.00 7.00 9.00 15.00 13.00 13.00 9.00 0.00 0.00 0.00 1.00 0.00
86.00 21.00 23.00 56.00 100.00 33.00 44.00 0.08 0.56 0.00 2.00 0.00 6.00 13.00 15.00 8.00 15.00 6.00 0.00 0.00 0.00 0.00 0.00
87.00 25.00 22.00 65.00 127.00 43.00 62.00 0.08 0.76 0.00 2.00 0.00 9.00 12.00 16.00 13.00 17.00 8.00 0.00 0.00 0.00 0.00 0.00
88.00 21.00 22.00 61.00 109.00 39.00 48.00 0.10 0.66 0.00 2.00 0.00 5.00 13.00 16.00 8.00 16.00 5.00 0.00 0.00 0.00 0.00 0.00
89.00 12.00 8.00 28.00 60.00 20.00 32.00 0.09 0.37 0.00 2.00 0.00 2.00 5.00 10.00 7.00 8.00 4.00 0.00 0.00 0.00 0.00 0.00
90.00 19.00 29.00 54.00 88.00 25.00 34.00 0.07 0.43 0.00 1.00 0.00 3.00 11.00 16.00 8.00 14.00 5.00 0.00 0.00 0.00 0.00 0.00
91.00 15.00 15.00 38.00 74.00 23.00 36.00 0.09 0.48 0.00 1.00 0.00 2.00 10.00 13.00 5.00 11.00 4.00 0.00 0.00 0.00 0.00 0.00
92.00 16.00 13.00 40.00 80.00 27.00 40.00 0.09 0.42 0.00 1.00 0.00 3.00 8.00 13.00 8.00 11.00 5.00 0.00 0.00 1.00 0.00 0.00
93.00 13.00 11.00 29.00 66.00 18.00 37.00 0.08 0.29 0.00 1.00 0.00 3.00 6.00 10.00 7.00 7.00 6.00 0.00 0.00 1.00 0.00 0.00
94.00 15.00 11.00 35.00 77.00 24.00 42.00 0.07 0.43 0.00 1.00 0.00 4.00 8.00 11.00 7.00 11.00 4.00 0.00 0.00 0.00 0.00 0.00
95.00 22.00 29.00 59.00 109.00 30.00 50.00 0.08 0.61 0.00 3.00 0.00 6.00 10.00 16.00 12.00 15.00 7.00 0.00 0.00 1.00 1.00 0.00
96.00 16.00 16.00 42.00 75.00 26.00 33.00 0.08 0.56 0.00 2.00 0.00 8.00 9.00 8.00 7.00 13.00 3.00 0.00 0.00 0.00 0.00 0.00
97.00 23.00 29.00 61.00 106.00 32.00 45.00 0.10 0.65 0.00 2.00 0.00 8.00 13.00 15.00 10.00 15.00 8.00 0.00 0.00 0.00 0.00 0.00
98.00 22.00 30.00 62.00 105.00 32.00 43.00 0.08 0.57 0.00 1.00 0.00 7.00 14.00 15.00 8.00 17.00 5.00 0.00 0.00 1.00 0.00 0.00
99.00 23.00 27.00 57.00 115.00 30.00 58.00 0.09 0.58 0.00 2.00 0.00 6.00 16.00 17.00 7.00 19.00 4.00 0.00 0.00 0.00 0.00 0.00
100.00 20.00 31.00 62.00 105.00 31.00 43.00 0.08 0.53 0.00 3.00 0.00 2.00 7.00 18.00 13.00 8.00 12.00 0.00 0.00 0.00 0.00 0.00
101.00 25.00 35.00 72.00 120.00 37.00 48.00 0.08 0.66 0.00 2.00 0.00 5.00 8.00 20.00 17.00 13.00 12.00 0.00 0.00 1.00 0.00 0.00
102.00 20.00 13.00 50.00 99.00 37.00 49.00 0.10 0.62 0.00 3.00 0.00 7.00 11.00 13.00 9.00 16.00 4.00 0.00 0.00 0.00 0.00 0.00
103.00 24.00 23.00 66.00 121.00 43.00 55.00 0.08 0.61 0.00 4.00 0.00 7.00 12.00 17.00 12.00 16.00 8.00 0.00 0.00 0.00 0.00 0.00
104.00 26.00 37.00 77.00 130.00 40.00 53.00 0.08 1.19 0.00 3.00 0.00 6.00 8.00 20.00 18.00 11.00 15.00 0.00 0.00 0.00 0.00 0.00
105.00 18.00 10.00 44.00 92.00 34.00 48.00 0.07 0.59 0.00 3.00 0.00 2.00 5.00 16.00 13.00 7.00 11.00 0.00 0.00 0.00 0.00 0.00
106.00 23.00 25.00 64.00 114.00 39.00 50.00 0.09 0.68 0.00 3.00 0.00 8.00 17.00 15.00 6.00 18.00 5.00 0.00 0.00 0.00 0.00 0.00
107.00 26.00 38.00 71.00 129.00 33.00 58.00 0.09 0.59 0.00 3.00 0.00 3.00 12.00 23.00 14.00 20.00 6.00 0.00 0.00 0.00 0.00 0.00
108.00 18.00 18.00 45.00 82.00 27.00 37.00 0.10 0.45 0.00 4.00 0.00 4.00 10.00 14.00 8.00 11.00 7.00 0.00 0.00 0.00 0.00 0.00
109.00 26.00 27.00 72.00 127.00 45.00 55.00 0.08 0.77 0.00 3.00 0.00 7.00 11.00 19.00 15.00 13.00 13.00 0.00 0.00 0.00 0.00 0.00
110.00 29.00 31.00 77.00 146.00 46.00 69.00 0.09 0.97 0.00 5.00 0.00 7.00 12.00 22.00 17.00 19.00 10.00 0.00 0.00 0.00 0.00 0.00
111.00 26.00 31.00 71.00 129.00 40.00 58.00 0.08 0.84 0.00 3.00 0.00 8.00 12.00 18.00 14.00 19.00 7.00 0.00 0.00 0.00 0.00 0.00
112.00 31.00 40.00 90.00 155.00 50.00 65.00 0.09 0.85 0.00 2.00 0.00 7.00 18.00 24.00 13.00 23.00 8.00 0.00 0.00 0.00 1.00 0.00
113.00 28.00 21.00 74.00 145.00 53.00 71.00 0.09 0.94 0.00 3.00 0.00 8.00 17.00 20.00 11.00 22.00 6.00 0.00 0.00 0.00 0.00 0.00
114.00 30.00 36.00 87.00 149.00 51.00 62.00 0.07 0.79 0.00 2.00 0.00 5.00 12.00 25.00 18.00 22.00 8.00 0.00 0.00 0.00 1.00 0.00
115.00 28.00 23.00 71.00 131.00 48.00 60.00 0.10 0.89 0.00 3.00 0.00 7.00 13.00 21.00 15.00 20.00 8.00 0.00 0.00 0.00 0.00 0.00
116.00 24.00 20.00 62.00 123.00 42.00 61.00 0.08 0.76 0.00 2.00 0.00 5.00 12.00 19.00 12.00 17.00 7.00 0.00 0.00 0.00 0.00 0.00
117.00 31.00 36.00 87.00 161.00 51.00 74.00 0.08 0.91 0.00 3.00 0.00 9.00 15.00 22.00 16.00 21.00 10.00 0.00 0.00 0.00 0.00 0.00
118.00 30.00 31.00 78.00 143.00 47.00 65.00 0.09 0.86 0.00 3.00 0.00 11.00 15.00 19.00 15.00 21.00 9.00 0.00 0.00 0.00 0.00 0.00
119.00 25.00 20.00 61.00 129.00 41.00 68.00 0.08 1.30 0.00 2.00 0.00 8.00 13.00 17.00 12.00 21.00 4.00 0.00 0.00 0.00 0.00 0.00
120.00 17.00 15.00 41.00 78.00 26.00 37.00 0.08 0.50 0.00 2.00 0.00 6.00 11.00 11.00 6.00 14.00 3.00 0.00 0.00 0.00 0.00 0.00
121.00 22.00 20.00 56.00 108.00 36.00 52.00 0.08 0.78 0.00 2.00 0.00 5.00 11.00 17.00 11.00 13.00 9.00 1.00 0.00 0.00 0.00 0.00
122.00 25.00 22.00 65.00 133.00 43.00 68.00 0.07 0.80 0.00 2.00 0.00 4.00 14.00 21.00 11.00 18.00 7.00 0.00 0.00 0.00 0.00 0.00
123.00 31.00 40.00 90.00 158.00 50.00 68.00 0.10 1.28 1.00 2.00 0.50 6.00 13.00 25.00 18.00 22.00 9.00 0.00 0.00 0.00 0.00 0.00
124.00 33.00 40.00 97.00 166.00 57.00 69.00 0.08 1.82 0.00 2.00 0.00 6.00 13.00 27.00 20.00 19.00 14.00 1.00 0.00 1.00 0.00 0.00
125.00 29.00 43.00 86.00 149.00 43.00 63.00 0.09 1.93 1.00 4.00 0.25 6.00 12.00 23.00 17.00 17.00 12.00 1.00 0.00 0.00 0.00 0.00
126.00 31.00 35.00 82.00 154.00 47.00 72.00 0.09 1.99 0.00 4.00 0.00 6.00 13.00 25.00 18.00 19.00 12.00 1.00 0.00 0.00 0.00 0.00
127.00 31.00 41.00 87.00 153.00 46.00 66.00 0.09 1.40 0.00 3.00 0.00 8.00 13.00 23.00 18.00 16.00 15.00 1.00 0.00 0.00 0.00 1.00
128.00 30.00 31.00 73.00 145.00 42.00 72.00 0.10 0.96 0.00 3.00 0.00 6.00 15.00 24.00 15.00 21.00 9.00 1.00 0.00 0.00 0.00 0.00
129.00 30.00 34.00 76.00 145.00 42.00 69.00 0.07 1.88 0.00 3.00 0.00 7.00 13.00 23.00 17.00 21.00 9.00 1.00 0.00 0.00 0.00 0.00
130.00 36.00 51.00 106.00 182.00 55.00 76.00 0.07 1.69 0.00 3.00 0.00 7.00 19.00 29.00 17.00 23.00 13.00 1.00 0.00 0.00 0.00 0.00
131.00 34.00 41.00 89.00 179.00 48.00 90.00 0.09 1.64 1.00 2.00 0.50 7.00 12.00 27.00 22.00 21.00 13.00 1.00 0.00 0.00 0.00 0.00
132.00 34.00 41.00 104.00 168.00 63.00 64.00 0.08 1.84 0.00 4.00 0.00 10.00 21.00 24.00 13.00 26.00 8.00 1.00 0.00 0.00 0.00 0.00
133.00 32.00 50.00 100.00 170.00 50.00 70.00 0.07 1.41 0.00 4.00 0.00 6.00 12.00 26.00 20.00 19.00 13.00 1.00 0.00 0.00 0.00 0.00
134.00 28.00 38.00 84.00 149.00 46.00 65.00 0.10 0.85 0.00 3.00 0.00 10.00 14.00 18.00 14.00 15.00 13.00 1.00 0.00 0.00 0.00 0.00
135.00 31.00 41.00 89.00 151.00 48.00 62.00 0.10 1.39 0.00 3.00 0.00 11.00 16.00 20.00 15.00 19.00 12.00 1.00 0.00 0.00 0.00 0.00
136.00 35.00 41.00 105.00 185.00 64.00 80.00 0.07 1.39 0.00 3.00 0.00 6.00 15.00 29.00 20.00 19.00 16.00 1.00 0.00 0.00 0.00 0.00
137.00 34.00 48.00 96.00 166.00 48.00 70.00 0.08 2.22 0.00 4.00 0.00 7.00 13.00 27.00 21.00 21.00 13.00 1.00 0.00 0.00 0.00 0.00
138.00 32.00 49.00 91.00 161.00 42.00 70.00 0.08 1.81 0.00 5.00 0.00 6.00 12.00 26.00 20.00 17.00 15.00 0.00 0.00 0.00 0.00 0.00
139.00 35.00 42.00 105.00 173.00 63.00 68.00 0.08 0.96 1.00 3.00 0.33 7.00 19.00 28.00 16.00 24.00 11.00 1.00 0.00 0.00 0.00 0.00
140.00 30.00 32.00 86.00 148.00 54.00 62.00 0.10 0.99 0.00 3.00 0.00 6.00 10.00 24.00 20.00 16.00 14.00 0.00 0.00 1.00 0.00 0.00
141.00 35.00 51.00 115.00 188.00 64.00 73.00 0.07 1.33 0.00 5.00 0.00 7.00 15.00 28.00 20.00 20.00 15.00 0.00 0.00 0.00 0.00 0.00
142.00 37.00 36.00 98.00 188.00 62.00 90.00 0.09 2.29 0.00 3.00 0.00 13.00 16.00 24.00 21.00 26.00 11.00 0.00 0.00 1.00 0.00 0.00
143.00 32.00 36.00 89.00 163.00 53.00 74.00 0.09 0.98 0.00 3.00 0.00 7.00 14.00 25.00 18.00 24.00 8.00 0.00 0.00 0.00 0.00 0.00
144.00 26.00 31.00 75.00 132.00 44.00 57.00 0.09 1.93 0.00 1.00 0.00 6.00 15.00 20.00 11.00 20.00 6.00 0.00 0.00 0.00 0.00 0.00
145.00 25.00 28.00 71.00 133.00 43.00 62.00 0.08 0.71 0.00 2.00 0.00 2.00 11.00 23.00 14.00 19.00 6.00 0.00 0.00 0.00 0.00 0.00
146.00 23.00 14.00 56.00 122.00 42.00 66.00 0.09 0.85 0.00 3.00 0.00 6.00 11.00 17.00 12.00 17.00 6.00 0.00 0.00 0.00 0.00 0.00
147.00 28.00 29.00 74.00 147.00 45.00 73.00 0.08 0.78 0.00 4.00 0.00 8.00 12.00 20.00 16.00 17.00 11.00 0.00 0.00 0.00 0.00 0.00
148.00 30.00 37.00 82.00 152.00 45.00 70.00 0.06 0.93 0.00 2.00 0.00 8.00 13.00 22.00 17.00 18.00 12.00 0.00 0.00 1.00 0.00 0.00
149.00 29.00 42.00 94.00 150.00 52.00 56.00 0.08 0.80 0.00 2.00 0.00 6.00 6.00 23.00 23.00 17.00 12.00 0.00 0.00 0.00 0.00 0.00
150.00 36.00 44.00 98.00 175.00 54.00 77.00 0.09 1.23 0.00 3.00 0.00 8.00 16.00 28.00 20.00 21.00 15.00 0.00 0.00 0.00 0.00 0.00
151.00 26.00 39.00 78.00 140.00 39.00 62.00 0.10 0.70 0.00 4.00 0.00 5.00 10.00 21.00 16.00 17.00 9.00 1.00 0.00 0.00 0.00 0.00
152.00 28.00 25.00 74.00 147.00 49.00 73.00 0.09 0.88 1.00 2.00 0.50 13.00 14.00 15.00 14.00 15.00 13.00 0.00 0.00 0.00 0.00 0.00
153.00 28.00 27.00 75.00 141.00 48.00 66.00 0.07 1.10 0.00 2.00 0.00 7.00 16.00 21.00 12.00 20.00 8.00 0.00 0.00 0.00 0.00 0.00
154.00 28.00 36.00 83.00 147.00 47.00 64.00 0.09 0.88 0.00 3.00 0.00 10.00 13.00 18.00 15.00 20.00 8.00 0.00 0.00 0.00 0.00 0.00
155.00 34.00 36.00 87.00 156.00 51.00 69.00 0.09 1.38 0.00 1.00 0.00 8.00 19.00 26.00 15.00 24.00 10.00 0.00 0.00 0.00 0.00 0.00
156.00 27.00 40.00 80.00 135.00 40.00 55.00 0.09 1.37 0.00 1.00 0.00 4.00 9.00 23.00 18.00 17.00 10.00 0.00 0.00 0.00 0.00 0.00
157.00 32.00 36.00 83.00 159.00 47.00 76.00 0.08 0.99 0.00 2.00 0.00 9.00 18.00 23.00 14.00 21.00 11.00 0.00 0.00 0.00 0.00 0.00
158.00 32.00 44.00 93.00 161.00 49.00 68.00 0.08 1.47 0.00 2.00 0.00 6.00 18.00 26.00 14.00 23.00 9.00 0.00 0.00 0.00 0.00 0.00
159.00 30.00 43.00 86.00 154.00 43.00 68.00 0.07 1.43 0.00 2.00 0.00 6.00 9.00 24.00 21.00 16.00 14.00 0.00 0.00 0.00 0.00 0.00
160.00 31.00 35.00 85.00 163.00 50.00 78.00 0.08 0.99 0.00 3.00 0.00 8.00 16.00 23.00 15.00 21.00 10.00 0.00 0.00 0.00 0.00 0.00
161.00 29.00 38.00 87.00 151.00 49.00 64.00 0.08 0.95 0.00 2.00 0.00 6.00 14.00 23.00 15.00 19.00 10.00 0.00 0.00 0.00 0.00 0.00
162.00 37.00 50.00 104.00 189.00 54.00 85.00 0.09 1.30 0.00 3.00 0.00 9.00 17.00 28.00 20.00 23.00 14.00 0.00 0.00 0.00 0.00 0.00
163.00 35.00 41.00 101.00 187.00 60.00 86.00 0.08 1.50 0.00 2.00 0.00 7.00 16.00 28.00 19.00 23.00 12.00 0.00 0.00 0.00 0.00 0.00
164.00 29.00 39.00 75.00 148.00 36.00 73.00 0.09 0.78 0.00 3.00 0.00 5.00 11.00 24.00 18.00 19.00 10.00 0.00 0.00 0.00 0.00 0.00
165.00 36.00 39.00 104.00 191.00 65.00 87.00 0.08 1.06 0.00 3.00 0.00 6.00 14.00 30.00 22.00 24.00 12.00 0.00 0.00 0.00 0.00 0.00
166.00 34.00 48.00 99.00 172.00 51.00 73.00 0.09 1.44 1.00 2.00 0.50 7.00 15.00 27.00 19.00 19.00 15.00 0.00 0.00 0.00 0.00 0.00
167.00 31.00 45.00 86.00 156.00 41.00 70.00 0.08 1.07 1.00 3.00 0.33 8.00 13.00 23.00 18.00 17.00 14.00 0.00 0.00 0.00 0.00 0.00
168.00 31.00 41.00 95.00 167.00 54.00 72.00 0.08 0.80 1.00 4.00 0.25 5.00 12.00 26.00 19.00 18.00 13.00 0.00 0.00 0.00 0.00 0.00
169.00 35.00 44.00 105.00 176.00 61.00 71.00 0.06 0.92 1.00 3.00 0.33 7.00 14.00 28.00 21.00 23.00 12.00 0.00 0.00 0.00 0.00 0.00
170.00 42.00 42.00 118.00 213.00 76.00 95.00 0.08 1.39 1.00 4.00 0.25 6.00 19.00 36.00 23.00 27.00 15.00 0.00 0.00 1.00 0.00 0.00
171.00 36.00 30.00 90.00 173.00 60.00 83.00 0.08 1.37 1.00 3.00 0.33 12.00 19.00 24.00 17.00 26.00 10.00 0.00 0.00 0.00 0.00 0.00
172.00 40.00 46.00 108.00 197.00 62.00 89.00 0.08 1.52 0.00 3.00 0.00 8.00 17.00 32.00 23.00 23.00 17.00 0.00 0.00 0.00 1.00 0.00
173.00 36.00 49.00 107.00 191.00 58.00 84.00 0.08 1.16 2.00 4.00 0.50 4.00 12.00 32.00 24.00 22.00 14.00 0.00 0.00 0.00 0.00 0.00
174.00 34.00 48.00 104.00 178.00 56.00 74.00 0.08 0.94 1.00 3.00 0.33 5.00 13.00 29.00 21.00 22.00 12.00 0.00 0.00 0.00 0.00 0.00
175.00 36.00 49.00 111.00 183.00 62.00 72.00 0.08 1.15 1.00 4.00 0.25 7.00 15.00 29.00 21.00 20.00 16.00 0.00 0.00 0.00 0.00 0.00
176.00 49.00 63.00 141.00 249.00 78.00 108.00 0.09 1.83 0.00 3.00 0.00 12.00 20.00 37.00 29.00 27.00 22.00 0.00 0.00 0.00 0.00 0.00
177.00 43.00 50.00 125.00 220.00 75.00 95.00 0.10 1.65 0.00 6.00 0.00 9.00 16.00 34.00 27.00 23.00 20.00 0.00 0.00 0.00 1.00 0.00
178.00 48.00 74.00 138.00 237.00 64.00 99.00 0.07 1.57 0.00 7.00 0.00 5.00 10.00 43.00 38.00 21.00 27.00 0.00 0.00 0.00 0.00 0.00
179.00 48.00 63.00 140.00 249.00 77.00 109.00 0.09 2.16 0.00 6.00 0.00 11.00 26.00 37.00 22.00 29.00 19.00 0.00 0.00 1.00 0.00 0.00
180.00 43.00 76.00 133.00 219.00 57.00 86.00 0.09 1.81 0.00 6.00 0.00 7.00 16.00 36.00 27.00 24.00 19.00 0.00 0.00 0.00 0.00 0.00
181.00 43.00 60.00 129.00 212.00 69.00 83.00 0.09 1.91 1.00 7.00 0.14 11.00 19.00 32.00 24.00 23.00 20.00 1.00 0.00 0.00 0.00 0.00
182.00 50.00 72.00 154.00 252.00 82.00 98.00 0.07 2.16 2.00 7.00 0.29 10.00 22.00 40.00 28.00 29.00 21.00 1.00 0.00 0.00 0.00 0.00
183.00 49.00 68.00 148.00 246.00 80.00 98.00 0.08 2.32 1.00 6.00 0.17 8.00 16.00 41.00 33.00 25.00 24.00 0.00 0.00 0.00 0.00 0.00
184.00 47.00 68.00 141.00 235.00 73.00 94.00 0.08 1.75 1.00 7.00 0.14 12.00 23.00 35.00 24.00 34.00 13.00 0.00 0.00 0.00 0.00 0.00
185.00 48.00 73.00 148.00 237.00 75.00 89.00 0.10 2.14 1.00 5.00 0.20 10.00 16.00 38.00 32.00 26.00 22.00 0.00 0.00 1.00 0.00 0.00
186.00 47.00 63.00 139.00 246.00 76.00 107.00 0.09 2.30 0.00 5.00 0.00 8.00 19.00 39.00 28.00 27.00 20.00 0.00 0.00 1.00 0.00 0.00
187.00 44.00 60.00 131.00 218.00 71.00 87.00 0.09 1.76 1.00 4.00 0.25 9.00 18.00 35.00 26.00 28.00 16.00 0.00 0.00 0.00 0.00 0.00
188.00 41.00 55.00 117.00 207.00 62.00 90.00 0.08 1.77 0.00 5.00 0.00 11.00 19.00 30.00 22.00 25.00 16.00 0.00 0.00 0.00 0.00 0.00
189.00 44.00 72.00 136.00 215.00 64.00 79.00 0.08 2.07 0.00 4.00 0.00 12.00 19.00 32.00 25.00 25.00 19.00 0.00 0.00 0.00 0.00 0.00
190.00 43.00 50.00 135.00 221.00 85.00 86.00 0.10 2.02 1.00 4.00 0.25 6.00 17.00 37.00 26.00 25.00 18.00 0.00 0.00 0.00 0.00 0.00
191.00 47.00 58.00 128.00 238.00 70.00 110.00 0.09 2.31 0.00 5.00 0.00 13.00 26.00 34.00 21.00 36.00 11.00 0.00 0.00 0.00 0.00 0.00
192.00 33.00 27.00 79.00 162.00 52.00 83.00 0.08 3.08 0.00 3.00 0.00 9.00 20.00 24.00 13.00 25.00 8.00 0.00 0.00 0.00 1.00 0.00
193.00 45.00 71.00 142.00 227.00 71.00 85.00 0.08 1.45 2.00 3.00 0.67 5.00 17.00 40.00 28.00 26.00 19.00 0.00 0.00 0.00 1.00 0.00
194.00 44.00 64.00 125.00 220.00 61.00 95.00 0.10 2.17 1.00 5.00 0.20 12.00 17.00 32.00 27.00 25.00 19.00 0.00 0.00 0.00 1.00 0.00
195.00 47.00 58.00 132.00 237.00 74.00 105.00 0.09 2.05 1.00 3.00 0.33 11.00 20.00 36.00 27.00 30.00 17.00 0.00 0.00 1.00 1.00 0.00
196.00 54.00 79.00 157.00 267.00 78.00 110.00 0.08 2.61 1.00 5.00 0.20 15.00 23.00 39.00 31.00 33.00 21.00 0.00 0.00 1.00 0.00 0.00
197.00 33.00 44.00 100.00 174.00 56.00 74.00 0.10 1.27 1.00 3.00 0.33 9.00 14.00 24.00 19.00 20.00 13.00 0.00 0.00 1.00 0.00 0.00
198.00 44.00 58.00 126.00 229.00 68.00 103.00 0.10 2.46 1.00 3.00 0.33 10.00 25.00 34.00 19.00 30.00 14.00 0.00 0.00 0.00 0.00 0.00
199.00 41.00 49.00 123.00 216.00 74.00 93.00 0.08 1.36 0.00 2.00 0.00 9.00 17.00 32.00 24.00 23.00 18.00 1.00 0.00 0.00 0.00 0.00
200.00 38.00 52.00 108.00 186.00 56.00 78.00 0.09 1.87 0.00 2.00 0.00 11.00 20.00 27.00 18.00 25.00 13.00 0.00 0.00 0.00 0.00 0.00
201.00 35.00 47.00 102.00 180.00 55.00 78.00 0.09 1.64 1.00 3.00 0.33 6.00 17.00 29.00 18.00 21.00 14.00 0.00 0.00 0.00 1.00 0.00
202.00 41.00 49.00 123.00 202.00 74.00 79.00 0.08 1.90 1.00 4.00 0.25 10.00 17.00 31.00 24.00 22.00 19.00 0.00 0.00 1.00 0.00 0.00
203.00 39.00 47.00 112.00 195.00 65.00 83.00 0.07 2.31 1.00 2.00 0.50 8.00 19.00 31.00 20.00 28.00 11.00 0.00 0.00 0.00 0.00 0.00
204.00 39.00 59.00 113.00 193.00 54.00 80.00 0.08 2.13 0.00 3.00 0.00 12.00 23.00 27.00 16.00 26.00 13.00 0.00 0.00 0.00 0.00 0.00
205.00 37.00 53.00 105.00 185.00 52.00 80.00 0.10 1.61 0.00 5.00 0.00 6.00 20.00 31.00 17.00 24.00 13.00 0.00 0.00 1.00 0.00 0.00
206.00 27.00 33.00 77.00 133.00 44.00 56.00 0.09 0.89 0.00 3.00 0.00 8.00 13.00 19.00 14.00 16.00 11.00 0.00 0.00 1.00 0.00 0.00
207.00 40.00 67.00 123.00 200.00 56.00 77.00 0.08 1.87 1.00 2.00 0.50 9.00 19.00 31.00 21.00 24.00 16.00 0.00 0.00 1.00 0.00 0.00
208.00 38.00 69.00 114.00 181.00 45.00 67.00 0.08 1.14 0.00 5.00 0.00 9.00 18.00 29.00 20.00 23.00 15.00 0.00 0.00 1.00 0.00 1.00
209.00 42.00 61.00 112.00 203.00 51.00 91.00 0.09 1.62 0.00 4.00 0.00 13.00 18.00 29.00 24.00 23.00 19.00 0.00 0.00 1.00 0.00 0.00
210.00 36.00 51.00 111.00 193.00 60.00 82.00 0.07 1.56 0.00 5.00 0.00 6.00 12.00 30.00 24.00 21.00 15.00 0.00 0.00 0.00 0.00 0.00
211.00 23.00 22.00 59.00 118.00 37.00 59.00 0.09 1.31 0.00 3.00 0.00 7.00 10.00 16.00 13.00 12.00 11.00 1.00 0.00 0.00 0.00 0.00
212.00 35.00 45.00 100.00 177.00 55.00 77.00 0.07 1.19 0.00 5.00 0.00 4.00 9.00 31.00 26.00 15.00 20.00 0.00 0.00 0.00 1.00 0.00
213.00 35.00 47.00 92.00 180.00 45.00 88.00 0.08 1.64 0.00 3.00 0.00 6.00 13.00 29.00 22.00 20.00 15.00 0.00 0.00 0.00 0.00 0.00
214.00 27.00 29.00 79.00 147.00 50.00 68.00 0.09 1.46 0.00 3.00 0.00 3.00 8.00 24.00 19.00 14.00 13.00 1.00 0.00 0.00 0.00 0.00
215.00 36.00 60.00 111.00 186.00 51.00 75.00 0.09 1.11 0.00 5.00 0.00 5.00 10.00 31.00 26.00 15.00 21.00 1.00 0.00 0.00 1.00 0.00
216.00 31.00 40.00 95.00 158.00 55.00 63.00 0.08 1.15 0.00 3.00 0.00 7.00 9.00 24.00 22.00 14.00 17.00 1.00 0.00 1.00 0.00 0.00
217.00 24.00 27.00 60.00 122.00 33.00 62.00 0.08 1.02 0.00 1.00 0.00 4.00 8.00 20.00 16.00 17.00 7.00 1.00 0.00 0.00 0.00 0.00
218.00 33.00 38.00 93.00 171.00 55.00 78.00 0.09 1.07 0.00 4.00 0.00 9.00 17.00 24.00 16.00 20.00 13.00 1.00 0.00 0.00 0.00 0.00
219.00 33.00 27.00 80.00 166.00 53.00 86.00 0.08 1.27 0.00 3.00 0.00 7.00 17.00 26.00 16.00 22.00 11.00 1.00 0.00 1.00 0.00 0.00
220.00 30.00 33.00 85.00 149.00 52.00 64.00 0.07 1.13 0.00 4.00 0.00 3.00 12.00 27.00 18.00 18.00 12.00 1.00 0.00 0.00 0.00 0.00
221.00 29.00 35.00 74.00 141.00 39.00 67.00 0.08 1.95 0.00 2.00 0.00 4.00 12.00 25.00 17.00 17.00 12.00 1.00 0.00 0.00 0.00 0.00
222.00 25.00 27.00 65.00 123.00 38.00 58.00 0.08 1.42 0.00 2.00 0.00 9.00 17.00 16.00 8.00 20.00 5.00 0.00 0.00 0.00 0.00 0.00
223.00 34.00 53.00 102.00 174.00 49.00 72.00 0.08 1.52 0.00 3.00 0.00 4.00 9.00 30.00 25.00 20.00 14.00 0.00 0.00 0.00 0.00 0.00
224.00 29.00 28.00 68.00 146.00 40.00 78.00 0.10 1.02 0.00 3.00 0.00 8.00 13.00 21.00 16.00 18.00 11.00 0.00 0.00 0.00 1.00 0.00
225.00 25.00 27.00 68.00 120.00 41.00 52.00 0.09 2.10 0.00 3.00 0.00 6.00 13.00 19.00 12.00 17.00 8.00 1.00 0.00 0.00 0.00 0.00
226.00 23.00 25.00 58.00 114.00 33.00 56.00 0.07 0.79 0.00 2.00 0.00 5.00 10.00 18.00 13.00 14.00 9.00 0.00 0.00 0.00 0.00 0.00
227.00 29.00 35.00 75.00 147.00 40.00 72.00 0.09 0.94 0.00 3.00 0.00 6.00 13.00 23.00 16.00 16.00 13.00 0.00 0.00 0.00 0.00 0.00
228.00 22.00 16.00 50.00 100.00 34.00 50.00 0.09 0.91 0.00 3.00 0.00 6.00 13.00 16.00 9.00 14.00 8.00 0.00 0.00 0.00 0.00 0.00
229.00 30.00 41.00 76.00 142.00 35.00 66.00 0.08 0.96 0.00 3.00 0.00 9.00 15.00 21.00 15.00 20.00 10.00 0.00 0.00 0.00 0.00 0.00
230.00 26.00 34.00 77.00 137.00 43.00 60.00 0.08 0.89 0.00 3.00 0.00 2.00 9.00 24.00 17.00 12.00 14.00 0.00 0.00 0.00 1.00 0.00
231.00 24.00 33.00 59.00 116.00 26.00 57.00 0.09 0.86 0.00 3.00 0.00 8.00 12.00 16.00 12.00 16.00 8.00 0.00 0.00 0.00 0.00 0.00
232.00 29.00 42.00 73.00 132.00 31.00 59.00 0.07 1.42 0.00 4.00 0.00 5.00 12.00 24.00 17.00 18.00 11.00 0.00 0.00 0.00 0.00 0.00
233.00 28.00 34.00 80.00 139.00 46.00 59.00 0.09 0.88 0.00 4.00 0.00 5.00 11.00 23.00 17.00 20.00 8.00 0.00 0.00 0.00 1.00 0.00
234.00 30.00 48.00 89.00 156.00 41.00 67.00 0.09 1.36 0.00 3.00 0.00 6.00 14.00 24.00 16.00 20.00 10.00 0.00 0.00 1.00 0.00 0.00
235.00 21.00 26.00 57.00 106.00 31.00 49.00 0.08 0.82 0.00 2.00 0.00 5.00 11.00 16.00 10.00 13.00 8.00 0.00 0.00 0.00 0.00 0.00
236.00 27.00 43.00 77.00 136.00 34.00 59.00 0.08 0.98 0.00 2.00 0.00 9.00 14.00 18.00 13.00 18.00 9.00 0.00 0.00 0.00 0.00 0.00
237.00 11.00 4.00 20.00 48.00 16.00 28.00 0.09 0.58 0.00 0.00 0.00 2.00 9.00 9.00 2.00 11.00 0.00 0.00 0.00 0.00 0.00 0.00
238.00 22.00 22.00 63.00 113.00 41.00 50.00 0.09 0.78 0.00 1.00 0.00 6.00 13.00 16.00 9.00 19.00 3.00 0.00 0.00 0.00 0.00 0.00
239.00 26.00 27.00 71.00 130.00 44.00 59.00 0.08 1.50 1.00 1.00 1.00 6.00 11.00 20.00 15.00 17.00 9.00 0.00 0.00 1.00 0.00 0.00
240.00 14.00 6.00 23.00 63.00 17.00 40.00 0.08 0.89 0.00 1.00 0.00 6.00 9.00 8.00 5.00 10.00 4.00 0.00 0.00 0.00 0.00 0.00
241.00 20.00 20.00 55.00 101.00 35.00 46.00 0.07 0.76 0.00 1.00 0.00 5.00 13.00 15.00 7.00 16.00 4.00 0.00 0.00 0.00 0.00 0.00
242.00 19.00 15.00 47.00 97.00 32.00 50.00 0.08 2.14 0.00 1.00 0.00 4.00 7.00 15.00 12.00 10.00 9.00 0.00 0.00 0.00 0.00 0.00
243.00 16.00 10.00 37.00 79.00 27.00 42.00 0.07 0.79 0.00 1.00 0.00 4.00 7.00 12.00 9.00 13.00 3.00 0.00 0.00 0.00 0.00 0.00
244.00 13.00 3.00 22.00 60.00 19.00 38.00 0.09 1.73 0.00 2.00 0.00 5.00 8.00 8.00 5.00 10.00 3.00 0.00 0.00 0.00 0.00 0.00
245.00 19.00 17.00 44.00 90.00 27.00 46.00 0.08 1.48 0.00 3.00 0.00 5.00 10.00 14.00 9.00 11.00 8.00 0.00 0.00 0.00 0.00 0.00
246.00 22.00 23.00 48.00 95.00 25.00 47.00 0.07 2.66 0.00 2.00 0.00 6.00 13.00 16.00 9.00 15.00 7.00 0.00 0.00 0.00 0.00 0.00
247.00 15.00 13.00 38.00 74.00 25.00 36.00 0.09 2.46 0.00 1.00 0.00 5.00 7.00 10.00 8.00 10.00 5.00 0.00 0.00 0.00 0.00 0.00
248.00 25.00 26.00 66.00 131.00 40.00 65.00 0.08 2.52 0.00 0.00 0.00 6.00 13.00 19.00 12.00 16.00 9.00 0.00 0.00 0.00 0.00 0.00
249.00 22.00 20.00 59.00 116.00 39.00 57.00 0.09 2.55 0.00 0.00 0.00 5.00 9.00 17.00 13.00 18.00 4.00 0.00 0.00 0.00 0.00 0.00
250.00 18.00 21.00 52.00 89.00 31.00 37.00 0.09 2.29 0.00 0.00 0.00 5.00 10.00 13.00 8.00 13.00 5.00 0.00 0.00 0.00 0.00 0.00
251.00 19.00 20.00 48.00 95.00 28.00 47.00 0.08 2.14 0.00 0.00 0.00 7.00 12.00 12.00 7.00 14.00 5.00 0.00 0.00 0.00 0.00 0.00
252.00 23.00 15.00 55.00 109.00 40.00 54.00 0.09 2.59 0.00 0.00 0.00 7.00 13.00 16.00 10.00 15.00 8.00 0.00 0.00 1.00 0.00 0.00
253.00 17.00 11.00 37.00 80.00 26.00 43.00 0.09 2.04 1.00 1.00 1.00 4.00 12.00 13.00 5.00 15.00 2.00 0.00 0.00 0.00 0.00 0.00
254.00 16.00 15.00 39.00 74.00 24.00 35.00 0.09 0.56 0.00 1.00 0.00 6.00 9.00 10.00 7.00 13.00 3.00 0.00 0.00 0.00 0.00 0.00
255.00 23.00 15.00 53.00 118.00 38.00 65.00 0.09 1.98 1.00 0.00 0.00 9.00 13.00 14.00 10.00 17.00 6.00 0.00 0.00 2.00 0.00 0.00
256.00 24.00 18.00 51.00 106.00 33.00 55.00 0.10 2.06 0.00 0.00 0.00 6.00 13.00 18.00 11.00 17.00 7.00 0.00 0.00 0.00 0.00 0.00
257.00 15.00 9.00 32.00 76.00 23.00 44.00 0.09 0.61 0.00 0.00 0.00 4.00 9.00 11.00 6.00 11.00 4.00 0.00 0.00 0.00 0.00 0.00
258.00 16.00 14.00 37.00 76.00 23.00 39.00 0.08 0.85 0.00 0.00 0.00 3.00 10.00 13.00 6.00 11.00 5.00 0.00 0.00 0.00 0.00 0.00
259.00 26.00 21.00 59.00 115.00 38.00 56.00 0.09 1.39 0.00 1.00 0.00 9.00 14.00 17.00 12.00 17.00 9.00 0.00 0.00 0.00 0.00 0.00
260.00 17.00 17.00 43.00 77.00 26.00 34.00 0.09 2.19 0.00 1.00 0.00 6.00 10.00 11.00 7.00 13.00 4.00 0.00 0.00 0.00 0.00 0.00
261.00 18.00 14.00 40.00 89.00 26.00 49.00 0.09 1.43 0.00 1.00 0.00 5.00 10.00 13.00 8.00 15.00 3.00 0.00 0.00 0.00 0.00 0.00
262.00 14.00 12.00 32.00 74.00 20.00 42.00 0.06 0.50 0.00 2.00 0.00 3.00 9.00 11.00 5.00 11.00 3.00 0.00 0.00 0.00 0.00 0.00
263.00 19.00 18.00 45.00 89.00 27.00 44.00 0.09 0.64 0.00 2.00 0.00 8.00 10.00 11.00 9.00 13.00 6.00 0.00 0.00 0.00 0.00 0.00
264.00 20.00 15.00 48.00 91.00 33.00 43.00 0.09 0.79 0.00 2.00 0.00 6.00 13.00 14.00 7.00 15.00 5.00 0.00 0.00 0.00 0.00 0.00
265.00 15.00 9.00 33.00 74.00 24.00 41.00 0.09 0.63 0.00 0.00 0.00 5.00 6.00 10.00 9.00 9.00 6.00 0.00 0.00 0.00 0.00 0.00
266.00 19.00 10.00 39.00 85.00 29.00 46.00 0.08 0.67 0.00 2.00 0.00 8.00 10.00 11.00 9.00 17.00 2.00 0.00 0.00 0.00 0.00 0.00
267.00 22.00 15.00 48.00 105.00 33.00 57.00 0.07 1.35 0.00 2.00 0.00 6.00 13.00 16.00 9.00 14.00 8.00 0.00 0.00 0.00 0.00 0.00
268.00 8.00 6.00 17.00 39.00 11.00 22.00 0.08 0.34 0.00 0.00 0.00 1.00 2.00 7.00 6.00 6.00 2.00 0.00 0.00 0.00 0.00 0.00
269.00 15.00 9.00 34.00 69.00 25.00 35.00 0.09 0.70 0.00 0.00 0.00 5.00 11.00 10.00 4.00 13.00 2.00 0.00 0.00 0.00 0.00 0.00
270.00 6.00 0.00 2.00 14.00 2.00 12.00 0.08 0.43 0.00 0.00 0.00 4.00 5.00 2.00 1.00 5.00 1.00 0.00 0.00 0.00 0.00 0.00
271.00 15.00 11.00 35.00 71.00 24.00 36.00 0.10 0.69 0.00 1.00 0.00 3.00 8.00 12.00 7.00 11.00 4.00 0.00 0.00 0.00 0.00 0.00
272.00 19.00 23.00 49.00 86.00 26.00 37.00 0.08 0.74 0.00 1.00 0.00 7.00 11.00 12.00 8.00 16.00 3.00 0.00 0.00 0.00 0.00 0.00
273.00 20.00 24.00 50.00 89.00 26.00 39.00 0.08 0.86 0.00 1.00 0.00 5.00 12.00 15.00 8.00 15.00 5.00 0.00 0.00 0.00 1.00 0.00
274.00 18.00 15.00 40.00 80.00 25.00 40.00 0.08 1.96 0.00 1.00 0.00 3.00 8.00 15.00 10.00 12.00 6.00 0.00 0.00 0.00 0.00 0.00
275.00 17.00 16.00 39.00 75.00 23.00 36.00 0.09 0.77 0.00 1.00 0.00 7.00 8.00 10.00 9.00 9.00 8.00 0.00 0.00 0.00 0.00 0.00
276.00 17.00 18.00 44.00 83.00 26.00 39.00 0.10 0.68 0.00 1.00 0.00 5.00 8.00 12.00 9.00 12.00 5.00 0.00 0.00 0.00 0.00 0.00
277.00 15.00 12.00 35.00 71.00 23.00 36.00 0.07 0.70 0.00 0.00 0.00 4.00 6.00 11.00 9.00 10.00 5.00 0.00 0.00 0.00 0.00 0.00
278.00 18.00 18.00 47.00 89.00 29.00 42.00 0.08 0.63 1.00 1.00 1.00 8.00 10.00 10.00 8.00 14.00 4.00 0.00 0.00 0.00 0.00 0.00
279.00 12.00 10.00 28.00 58.00 18.00 30.00 0.09 0.37 0.00 1.00 0.00 4.00 7.00 8.00 5.00 9.00 3.00 0.00 0.00 0.00 0.00 0.00
280.00 16.00 4.00 30.00 73.00 26.00 43.00 0.08 0.74 0.00 1.00 0.00 3.00 9.00 13.00 7.00 12.00 4.00 0.00 0.00 0.00 1.00 0.00
281.00 8.00 3.00 12.00 35.00 9.00 23.00 0.09 0.39 0.00 1.00 0.00 3.00 6.00 5.00 2.00 7.00 1.00 0.00 0.00 0.00 0.00 0.00
282.00 11.00 5.00 23.00 52.00 18.00 29.00 0.10 0.49 0.00 1.00 0.00 1.00 3.00 10.00 8.00 7.00 4.00 0.00 0.00 0.00 1.00 0.00
283.00 11.00 8.00 25.00 48.00 17.00 23.00 0.08 0.42 0.00 1.00 0.00 4.00 6.00 7.00 5.00 9.00 2.00 0.00 0.00 0.00 0.00 0.00
284.00 14.00 15.00 34.00 66.00 19.00 32.00 0.08 0.43 0.00 1.00 0.00 5.00 9.00 9.00 5.00 11.00 3.00 0.00 0.00 0.00 0.00 0.00
285.00 8.00 5.00 15.00 35.00 10.00 20.00 0.09 0.35 0.00 1.00 0.00 5.00 7.00 3.00 1.00 7.00 1.00 0.00 0.00 0.00 0.00 0.00
286.00 11.00 12.00 28.00 54.00 16.00 26.00 0.07 0.36 0.00 1.00 0.00 4.00 7.00 7.00 4.00 9.00 2.00 0.00 0.00 0.00 0.00 0.00
287.00 8.00 3.00 11.00 31.00 8.00 20.00 0.09 0.27 0.00 1.00 0.00 2.00 4.00 6.00 4.00 8.00 0.00 0.00 0.00 0.00 0.00 0.00
288.00 12.00 10.00 30.00 58.00 20.00 28.00 0.08 0.44 0.00 1.00 0.00 5.00 6.00 7.00 6.00 10.00 2.00 0.00 0.00 0.00 0.00 0.00
289.00 12.00 7.00 24.00 52.00 17.00 28.00 0.10 0.67 0.00 0.00 0.00 4.00 9.00 8.00 3.00 9.00 3.00 0.00 0.00 0.00 0.00 0.00
290.00 11.00 5.00 19.00 48.00 14.00 29.00 0.08 0.45 0.00 1.00 0.00 4.00 8.00 7.00 3.00 9.00 2.00 0.00 0.00 0.00 0.00 0.00
291.00 15.00 11.00 30.00 67.00 19.00 37.00 0.10 1.44 0.00 1.00 0.00 3.00 6.00 12.00 9.00 10.00 5.00 0.00 0.00 0.00 0.00 0.00
292.00 11.00 8.00 23.00 54.00 15.00 31.00 0.08 0.37 0.00 1.00 0.00 7.00 8.00 4.00 3.00 10.00 1.00 0.00 0.00 0.00 0.00 0.00
293.00 13.00 10.00 32.00 63.00 22.00 31.00 0.10 0.40 0.00 1.00 0.00 3.00 8.00 10.00 5.00 10.00 3.00 0.00 0.00 0.00 0.00 0.00
294.00 11.00 6.00 20.00 52.00 14.00 32.00 0.09 0.52 0.00 1.00 0.00 6.00 8.00 5.00 3.00 10.00 1.00 0.00 0.00 0.00 0.00 0.00
295.00 14.00 8.00 31.00 57.00 23.00 26.00 0.08 0.52 0.00 1.00 0.00 8.00 12.00 6.00 2.00 13.00 1.00 0.00 0.00 0.00 0.00 0.00
296.00 13.00 12.00 26.00 56.00 14.00 30.00 0.08 0.51 0.00 1.00 0.00 5.00 8.00 8.00 5.00 11.00 2.00 0.00 0.00 0.00 0.00 0.00
297.00 8.00 0.00 0.00 17.00 0.00 17.00 0.08 0.70 0.00 0.00 0.00 4.00 6.00 4.00 2.00 8.00 0.00 0.00 0.00 0.00 0.00 0.00
298.00 13.00 17.00 32.00 58.00 15.00 26.00 0.09 0.44 0.00 1.00 0.00 4.00 7.00 9.00 6.00 10.00 3.00 0.00 0.00 0.00 0.00 0.00
299.00 14.00 17.00 38.00 64.00 21.00 26.00 0.08 0.46 0.00 1.00 0.00 2.00 8.00 12.00 6.00 9.00 5.00 0.00 0.00 0.00 0.00 0.00
300.00 13.00 11.00 28.00 58.00 17.00 30.00 0.10 0.49 0.00 1.00 0.00 5.00 6.00 8.00 7.00 8.00 5.00 0.00 0.00 0.00 0.00 0.00
301.00 11.00 8.00 26.00 49.00 18.00 23.00 0.08 0.37 0.00 1.00 0.00 2.00 5.00 9.00 6.00 8.00 3.00 0.00 0.00 0.00 0.00 0.00
302.00 16.00 12.00 39.00 70.00 27.00 31.00 0.10 0.55 0.00 1.00 0.00 6.00 9.00 10.00 7.00 10.00 6.00 0.00 0.00 0.00 0.00 0.00
303.00 13.00 9.00 25.00 58.00 16.00 33.00 0.07 0.38 0.00 1.00 0.00 3.00 7.00 10.00 6.00 8.00 5.00 0.00 0.00 0.00 0.00 0.00
304.00 13.00 10.00 30.00 63.00 20.00 33.00 0.07 0.53 0.00 1.00 0.00 5.00 11.00 8.00 2.00 12.00 1.00 0.00 0.00 0.00 0.00 0.00
305.00 13.00 16.00 32.00 62.00 16.00 30.00 0.10 0.49 0.00 1.00 0.00 3.00 8.00 10.00 5.00 11.00 2.00 0.00 0.00 0.00 0.00 0.00
306.00 12.00 9.00 31.00 60.00 22.00 29.00 0.09 0.47 0.00 1.00 0.00 2.00 3.00 10.00 9.00 7.00 5.00 0.00 0.00 0.00 0.00 0.00
307.00 17.00 19.00 43.00 82.00 24.00 39.00 0.09 0.57 0.00 0.00 0.00 5.00 10.00 12.00 7.00 12.00 5.00 0.00 0.00 0.00 0.00 0.00
308.00 15.00 13.00 37.00 70.00 24.00 33.00 0.09 0.52 0.00 1.00 0.00 4.00 10.00 11.00 5.00 11.00 4.00 0.00 0.00 0.00 0.00 0.00
309.00 13.00 7.00 29.00 63.00 22.00 34.00 0.08 0.56 0.00 1.00 0.00 4.00 7.00 9.00 6.00 9.00 4.00 0.00 0.00 0.00 0.00 0.00
310.00 14.00 10.00 30.00 65.00 20.00 35.00 0.07 0.56 0.00 1.00 0.00 3.00 5.00 11.00 9.00 9.00 5.00 0.00 0.00 0.00 0.00 0.00
311.00 13.00 11.00 29.00 58.00 18.00 29.00 0.09 0.39 0.00 1.00 0.00 3.00 4.00 10.00 9.00 7.00 6.00 0.00 0.00 0.00 0.00 0.00
312.00 11.00 6.00 23.00 53.00 17.00 30.00 0.08 0.40 0.00 1.00 0.00 3.00 7.00 8.00 4.00 8.00 3.00 0.00 0.00 0.00 0.00 0.00
313.00 8.00 4.00 13.00 33.00 9.00 20.00 0.08 0.37 0.00 1.00 0.00 3.00 5.00 5.00 3.00 7.00 1.00 0.00 0.00 0.00 0.00 0.00
314.00 10.00 3.00 19.00 47.00 16.00 28.00 0.09 0.54 0.00 0.00 0.00 4.00 8.00 6.00 2.00 10.00 0.00 0.00 0.00 0.00 0.00 0.00
315.00 4.00 0.00 4.00 17.00 4.00 13.00 0.09 0.23 0.00 0.00 0.00 3.00 3.00 1.00 1.00 4.00 0.00 0.00 0.00 0.00 0.00 0.00
316.00 11.00 6.00 21.00 52.00 15.00 31.00 0.09 0.39 0.00 1.00 0.00 5.00 7.00 6.00 4.00 9.00 2.00 0.00 0.00 1.00 0.00 0.00
317.00 13.00 11.00 29.00 60.00 18.00 31.00 0.08 0.51 0.00 0.00 0.00 5.00 7.00 8.00 6.00 8.00 5.00 0.00 0.00 0.00 0.00 0.00
318.00 13.00 12.00 29.00 59.00 17.00 30.00 0.06 0.57 0.00 1.00 0.00 4.00 6.00 9.00 7.00 9.00 4.00 0.00 0.00 0.00 0.00 0.00
319.00 13.00 16.00 32.00 61.00 16.00 29.00 0.08 0.41 0.00 1.00 0.00 5.00 9.00 8.00 4.00 11.00 2.00 0.00 0.00 0.00 0.00 0.00
320.00 6.00 3.00 11.00 30.00 8.00 19.00 0.08 0.34 0.00 0.00 0.00 1.00 2.00 5.00 4.00 5.00 1.00 0.00 0.00 0.00 0.00 0.00
321.00 10.00 10.00 24.00 45.00 14.00 21.00 0.10 0.43 0.00 0.00 0.00 2.00 5.00 8.00 5.00 8.00 2.00 0.00 0.00 0.00 0.00 0.00
322.00 11.00 8.00 24.00 51.00 16.00 27.00 0.08 0.44 0.00 1.00 0.00 4.00 8.00 7.00 3.00 9.00 2.00 0.00 0.00 0.00 0.00 0.00
323.00 7.00 4.00 12.00 29.00 8.00 17.00 0.07 0.28 0.00 1.00 0.00 3.00 5.00 4.00 2.00 6.00 1.00 0.00 0.00 0.00 0.00 0.00
324.00 4.00 0.00 4.00 15.00 4.00 11.00 0.08 0.19 0.00 0.00 0.00 2.00 4.00 2.00 0.00 4.00 0.00 0.00 0.00 0.00 0.00 0.00
325.00 7.00 1.00 11.00 30.00 10.00 19.00 0.08 0.29 0.00 0.00 0.00 2.00 5.00 5.00 2.00 7.00 0.00 0.00 0.00 0.00 0.00 0.00
326.00 5.00 0.00 3.00 19.00 3.00 16.00 0.09 0.37 0.00 0.00 0.00 3.00 4.00 2.00 1.00 5.00 0.00 0.00 0.00 0.00 0.00 0.00
327.00 11.00 10.00 28.00 56.00 18.00 28.00 0.08 0.36 0.00 1.00 0.00 4.00 7.00 7.00 4.00 8.00 3.00 0.00 0.00 0.00 0.00 0.00
328.00 3.00 0.00 2.00 11.00 2.00 9.00 0.09 0.16 0.00 0.00 0.00 2.00 3.00 1.00 0.00 3.00 0.00 0.00 0.00 0.00 0.00 0.00
329.00 3.00 0.00 2.00 11.00 2.00 9.00 0.10 0.07 0.00 0.00 0.00 2.00 3.00 1.00 0.00 3.00 0.00 0.00 0.00 0.00 0.00 0.00
330.00 4.00 0.00 0.00 6.00 0.00 6.00 0.08 3.84 0.00 0.00 0.00 2.00 4.00 2.00 0.00 4.00 0.00 0.00 0.00 0.00 0.00 0.00
