0.00 2.00 0.00 0.00 0.00 0.00 0.00 0.08 0.17 0.00 0.00 0.00 2.00 2.00 0.00 0.00 2.00 0.00 0.00 0.00 0.00 0.00 0.00
1.00 8.00 4.00 13.00 33.00 9.00 20.00 0.09 4.73 0.00 0.00 0.00 3.00 7.00 5.00 1.00 8.00 0.00 0.00 0.00 0.00 0.00 0.00
2.00 12.00 10.00 28.00 59.00 18.00 31.00 0.09 5.75 0.00 0.00 0.00 4.00 9.00 8.00 3.00 11.00 1.00 0.00 0.00 0.00 0.00 0.00
3.00 8.00 5.00 16.00 38.00 11.00 22.00 0.08 4.58 0.00 0.00 0.00 2.00 3.00 6.00 5.00 7.00 1.00 0.00 0.00 0.00 0.00 0.00
4.00 13.00 11.00 32.00 66.00 21.00 34.00 0.09 4.66 0.00 0.00 0.00 3.00 6.00 10.00 7.00 11.00 2.00 0.00 0.00 0.00 0.00 0.00
5.00 19.00 11.00 35.00 83.00 24.00 48.00 0.09 4.47 0.00 0.00 0.00 4.00 11.00 15.00 8.00 15.00 4.00 0.00 0.00 0.00 0.00 0.00
6.00 14.00 10.00 29.00 66.00 19.00 37.00 0.09 4.08 0.00 0.00 0.00 6.00 6.00 8.00 8.00 10.00 4.00 0.00 0.00 0.00 0.00 0.00
7.00 16.00 16.00 40.00 77.00 24.00 37.00 0.09 4.19 0.00 0.00 0.00 6.00 11.00 10.00 5.00 12.00 4.00 0.00 0.00 0.00 0.00 0.00
8.00 12.00 6.00 21.00 59.00 15.00 38.00 0.08 4.64 0.00 0.00 0.00 1.00 4.00 11.00 8.00 9.00 3.00 0.00 0.00 0.00 0.00 0.00
9.00 14.00 11.00 29.00 60.00 18.00 31.00 0.08 3.47 0.00 0.00 0.00 4.00 8.00 10.00 6.00 10.00 4.00 0.00 0.00 0.00 0.00 0.00
10.00 8.00 2.00 13.00 37.00 11.00 24.00 0.08 5.20 0.00 0.00 0.00 4.00 5.00 4.00 3.00 7.00 1.00 0.00 0.00 0.00 0.00 0.00
11.00 18.00 10.00 34.00 78.00 24.00 44.00 0.08 4.21 0.00 0.00 0.00 6.00 11.00 12.00 7.00 15.00 3.00 0.00 0.00 0.00 0.00 0.00
12.00 9.00 6.00 19.00 44.00 13.00 25.00 0.08 3.79 0.00 0.00 0.00 3.00 4.00 6.00 5.00 6.00 3.00 0.00 0.00 0.00 0.00 0.00
13.00 14.00 12.00 30.00 62.00 18.00 32.00 0.08 3.08 0.00 0.00 0.00 6.00 9.00 8.00 5.00 11.00 3.00 0.00 0.00 0.00 0.00 0.00
14.00 16.00 14.00 37.00 79.00 23.00 42.00 0.07 5.22 0.00 0.00 0.00 6.00 11.00 10.00 5.00 14.00 2.00 0.00 0.00 0.00 0.00 0.00
15.00 10.00 4.00 20.00 48.00 16.00 28.00 0.10 3.12 0.00 1.00 0.00 4.00 7.00 6.00 3.00 8.00 2.00 0.00 0.00 0.00 0.00 0.00
16.00 19.00 21.00 49.00 89.00 28.00 40.00 0.09 3.72 0.00 0.00 0.00 5.00 12.00 14.00 7.00 15.00 4.00 0.00 0.00 0.00 0.00 0.00
17.00 14.00 4.00 28.00 68.00 24.00 40.00 0.08 4.68 0.00 0.00 0.00 5.00 9.00 9.00 5.00 11.00 3.00 0.00 0.00 0.00 0.00 0.00
18.00 11.00 6.00 22.00 53.00 16.00 31.00 0.09 4.53 0.00 1.00 0.00 2.00 6.00 9.00 5.00 6.00 5.00 0.00 0.00 0.00 0.00 0.00
19.00 18.00 13.00 40.00 83.00 27.00 43.00 0.07 5.16 0.00 1.00 0.00 4.00 11.00 14.00 7.00 15.00 3.00 0.00 0.00 0.00 0.00 0.00
20.00 22.00 13.00 41.00 98.00 28.00 57.00 0.09 3.31 0.00 1.00 0.00 8.00 10.00 14.00 12.00 14.00 8.00 0.00 0.00 0.00 0.00 0.00
21.00 11.00 1.00 20.00 50.00 19.00 30.00 0.08 1.81 0.00 1.00 0.00 3.00 9.00 8.00 2.00 10.00 1.00 0.00 0.00 0.00 0.00 0.00
22.00 19.00 18.00 53.00 98.00 35.00 45.00 0.09 4.87 0.00 1.00 0.00 3.00 9.00 16.00 10.00 12.00 7.00 0.00 0.00 0.00 0.00 0.00
23.00 17.00 13.00 40.00 86.00 27.00 46.00 0.09 3.06 0.00 2.00 0.00 6.00 8.00 11.00 9.00 13.00 4.00 0.00 0.00 0.00 0.00 0.00
24.00 14.00 7.00 26.00 59.00 19.00 33.00 0.09 4.84 0.00 1.00 0.00 4.00 7.00 10.00 7.00 11.00 3.00 0.00 0.00 0.00 0.00 0.00
25.00 10.00 7.00 23.00 42.00 16.00 19.00 0.08 0.28 0.00 1.00 0.00 2.00 7.00 8.00 3.00 9.00 1.00 0.00 0.00 0.00 0.00 0.00
26.00 18.00 18.00 45.00 89.00 27.00 44.00 0.09 4.39 0.00 2.00 0.00 2.00 7.00 16.00 11.00 12.00 6.00 0.00 0.00 0.00 0.00 0.00
27.00 23.00 22.00 62.00 114.00 40.00 52.00 0.08 4.67 0.00 2.00 0.00 5.00 10.00 18.00 13.00 15.00 8.00 0.00 0.00 0.00 0.00 0.00
28.00 7.00 5.00 13.00 30.00 8.00 17.00 0.11 0.32 0.00 1.00 0.00 1.00 3.00 6.00 4.00 6.00 1.00 0.00 0.00 0.00 0.00 0.00
29.00 22.00 23.00 58.00 108.00 35.00 50.00 0.07 3.63 0.00 2.00 0.00 3.00 6.00 19.00 16.00 14.00 8.00 0.00 0.00 2.00 0.00 0.00
30.00 23.00 25.00 58.00 108.00 33.00 50.00 0.07 3.74 0.00 1.00 0.00 4.00 11.00 19.00 12.00 16.00 7.00 0.00 0.00 0.00 0.00 0.00
31.00 21.00 26.00 58.00 101.00 32.00 43.00 0.10 3.89 0.00 2.00 0.00 4.00 5.00 17.00 16.00 10.00 11.00 0.00 0.00 0.00 0.00 0.00
32.00 14.00 13.00 32.00 69.00 19.00 37.00 0.08 4.05 0.00 2.00 0.00 4.00 6.00 10.00 8.00 9.00 5.00 0.00 0.00 0.00 0.00 0.00
33.00 17.00 17.00 41.00 84.00 24.00 43.00 0.08 3.67 0.00 1.00 0.00 4.00 5.00 13.00 12.00 11.00 6.00 0.00 0.00 0.00 0.00 0.00
34.00 23.00 25.00 58.00 111.00 33.00 53.00 0.09 3.37 0.00 1.00 0.00 4.00 12.00 19.00 11.00 15.00 8.00 0.00 0.00 0.00 0.00 0.00
35.00 17.00 16.00 45.00 87.00 29.00 42.00 0.09 5.41 0.00 1.00 0.00 3.00 10.00 14.00 7.00 13.00 4.00 0.00 0.00 0.00 0.00 0.00
36.00 19.00 16.00 50.00 94.00 34.00 44.00 0.09 4.94 0.00 2.00 0.00 10.00 12.00 9.00 7.00 14.00 5.00 0.00 0.00 0.00 0.00 0.00
37.00 22.00 19.00 48.00 106.00 29.00 58.00 0.09 5.56 0.00 2.00 0.00 7.00 16.00 15.00 6.00 17.00 5.00 0.00 0.00 0.00 0.00 0.00
38.00 22.00 20.00 47.00 103.00 27.00 56.00 0.09 5.61 0.00 1.00 0.00 6.00 15.00 16.00 7.00 17.00 5.00 0.00 0.00 0.00 0.00 0.00
39.00 17.00 11.00 42.00 86.00 31.00 44.00 0.08 4.71 0.00 2.00 0.00 5.00 10.00 12.00 7.00 12.00 5.00 0.00 0.00 0.00 0.00 0.00
40.00 13.00 9.00 28.00 62.00 19.00 34.00 0.09 1.77 0.00 1.00 0.00 5.00 6.00 8.00 7.00 10.00 3.00 0.00 0.00 1.00 0.00 0.00
41.00 15.00 14.00 37.00 73.00 23.00 36.00 0.09 1.47 0.00 1.00 0.00 5.00 11.00 10.00 4.00 12.00 3.00 0.00 0.00 1.00 0.00 0.00
42.00 12.00 10.00 27.00 55.00 17.00 28.00 0.09 0.30 0.00 1.00 0.00 4.00 8.00 8.00 4.00 11.00 1.00 0.00 0.00 1.00 0.00 0.00
43.00 17.00 14.00 44.00 76.00 30.00 32.00 0.08 4.42 0.00 1.00 0.00 6.00 11.00 11.00 6.00 12.00 5.00 0.00 0.00 0.00 0.00 0.00
44.00 13.00 8.00 25.00 59.00 17.00 34.00 0.08 1.72 0.00 1.00 0.00 5.00 8.00 8.00 5.00 10.00 3.00 0.00 0.00 0.00 0.00 0.00
45.00 16.00 12.00 34.00 78.00 22.00 44.00 0.09 4.77 1.00 1.00 1.00 5.00 10.00 11.00 6.00 14.00 2.00 0.00 0.00 0.00 0.00 0.00
46.00 17.00 10.00 36.00 86.00 26.00 50.00 0.09 3.96 0.00 0.00 0.00 6.00 11.00 11.00 6.00 14.00 3.00 0.00 0.00 1.00 0.00 0.00
47.00 15.00 13.00 36.00 77.00 23.00 41.00 0.06 3.44 0.00 1.00 0.00 1.00 6.00 14.00 9.00 10.00 5.00 0.00 0.00 1.00 0.00 0.00
48.00 22.00 16.00 50.00 116.00 34.00 66.00 0.10 4.64 0.00 1.00 0.00 6.00 11.00 16.00 11.00 14.00 8.00 0.00 0.00 1.00 0.00 0.00
49.00 17.00 5.00 35.00 85.00 30.00 50.00 0.08 5.19 0.00 1.00 0.00 6.00 9.00 11.00 8.00 13.00 4.00 0.00 0.00 1.00 0.00 0.00
50.00 7.00 3.00 11.00 32.00 8.00 21.00 0.08 2.58 0.00 0.00 0.00 3.00 5.00 4.00 2.00 6.00 1.00 0.00 0.00 0.00 0.00 0.00
51.00 18.00 15.00 44.00 90.00 29.00 46.00 0.08 4.37 0.00 2.00 0.00 5.00 12.00 13.00 6.00 13.00 5.00 0.00 0.00 1.00 0.00 0.00
52.00 16.00 10.00 38.00 77.00 28.00 39.00 0.09 4.12 0.00 1.00 0.00 10.00 12.00 6.00 4.00 12.00 4.00 0.00 0.00 2.00 0.00 0.00
53.00 19.00 13.00 46.00 93.00 33.00 47.00 0.10 4.62 0.00 1.00 0.00 1.00 6.00 18.00 13.00 10.00 9.00 0.00 0.00 1.00 0.00 0.00
54.00 19.00 13.00 46.00 95.00 33.00 49.00 0.10 4.38 0.00 1.00 0.00 5.00 10.00 14.00 9.00 16.00 3.00 0.00 0.00 0.00 0.00 0.00
55.00 16.00 10.00 35.00 83.00 25.00 48.00 0.08 4.14 0.00 1.00 0.00 4.00 10.00 12.00 6.00 14.00 2.00 0.00 0.00 0.00 0.00 0.00
56.00 13.00 6.00 28.00 67.00 22.00 39.00 0.09 3.26 0.00 1.00 0.00 4.00 6.00 9.00 7.00 11.00 2.00 0.00 0.00 0.00 0.00 0.00
57.00 22.00 21.00 56.00 109.00 35.00 53.00 0.10 4.07 0.00 1.00 0.00 9.00 13.00 13.00 9.00 15.00 7.00 0.00 0.00 0.00 0.00 0.00
58.00 22.00 13.00 52.00 103.00 39.00 51.00 0.09 3.87 0.00 1.00 0.00 3.00 8.00 19.00 14.00 13.00 9.00 0.00 0.00 1.00 0.00 0.00
59.00 13.00 4.00 26.00 63.00 22.00 37.00 0.08 2.99 0.00 1.00 0.00 6.00 7.00 7.00 6.00 11.00 2.00 0.00 0.00 0.00 0.00 0.00
60.00 23.00 29.00 64.00 117.00 35.00 53.00 0.09 5.25 0.00 2.00 0.00 6.00 11.00 17.00 12.00 16.00 7.00 0.00 0.00 0.00 0.00 0.00
61.00 22.00 25.00 61.00 112.00 36.00 51.00 0.09 3.77 0.00 1.00 0.00 6.00 11.00 16.00 11.00 18.00 4.00 0.00 0.00 0.00 0.00 0.00
62.00 26.00 22.00 52.00 122.00 30.00 70.00 0.09 5.23 1.00 2.00 0.50 10.00 17.00 16.00 9.00 21.00 5.00 0.00 0.00 1.00 0.00 0.00
63.00 24.00 22.00 62.00 121.00 40.00 59.00 0.10 5.73 1.00 2.00 0.50 5.00 14.00 19.00 10.00 19.00 5.00 0.00 0.00 0.00 0.00 0.00
64.00 16.00 14.00 41.00 84.00 27.00 43.00 0.07 3.43 1.00 2.00 0.50 2.00 5.00 14.00 11.00 9.00 7.00 0.00 0.00 0.00 1.00 0.00
65.00 23.00 23.00 65.00 114.00 42.00 49.00 0.08 4.02 0.00 1.00 0.00 4.00 12.00 19.00 11.00 14.00 9.00 0.00 0.00 0.00 0.00 0.00
66.00 25.00 21.00 64.00 122.00 43.00 58.00 0.08 4.42 0.00 1.00 0.00 7.00 9.00 18.00 16.00 16.00 9.00 0.00 0.00 0.00 0.00 0.00
67.00 24.00 29.00 65.00 118.00 36.00 53.00 0.09 4.61 0.00 1.00 0.00 7.00 13.00 17.00 11.00 17.00 7.00 0.00 0.00 0.00 0.00 0.00
68.00 24.00 23.00 63.00 120.00 40.00 57.00 0.09 2.40 0.00 2.00 0.00 7.00 14.00 17.00 10.00 16.00 8.00 0.00 0.00 0.00 0.00 0.00
69.00 29.00 37.00 83.00 145.00 46.00 62.00 0.08 3.73 0.00 1.00 0.00 6.00 13.00 23.00 16.00 18.00 11.00 0.00 0.00 0.00 0.00 0.00
70.00 31.00 40.00 90.00 154.00 50.00 64.00 0.09 3.85 0.00 1.00 0.00 9.00 16.00 22.00 15.00 23.00 8.00 0.00 0.00 1.00 0.00 0.00
71.00 30.00 42.00 85.00 146.00 43.00 61.00 0.08 3.83 0.00 2.00 0.00 9.00 17.00 21.00 13.00 21.00 9.00 0.00 0.00 1.00 0.00 0.00
72.00 27.00 36.00 76.00 130.00 40.00 54.00 0.09 4.09 0.00 2.00 0.00 7.00 12.00 20.00 15.00 18.00 9.00 0.00 0.00 0.00 0.00 0.00
73.00 25.00 26.00 66.00 128.00 40.00 62.00 0.09 4.68 0.00 2.00 0.00 3.00 10.00 22.00 15.00 16.00 9.00 0.00 0.00 0.00 0.00 0.00
74.00 30.00 35.00 91.00 155.00 56.00 64.00 0.08 5.34 0.00 2.00 0.00 7.00 13.00 23.00 17.00 16.00 14.00 0.00 0.00 0.00 0.00 0.00
75.00 28.00 29.00 74.00 143.00 45.00 69.00 0.09 5.61 0.00 3.00 0.00 7.00 11.00 21.00 17.00 19.00 9.00 0.00 0.00 0.00 0.00 0.00
76.00 27.00 17.00 64.00 131.00 47.00 67.00 0.08 5.52 0.00 1.00 0.00 8.00 19.00 19.00 8.00 22.00 5.00 0.00 0.00 0.00 0.00 0.00
77.00 24.00 22.00 63.00 117.00 41.00 54.00 0.09 4.28 0.00 1.00 0.00 9.00 14.00 15.00 10.00 16.00 8.00 0.00 0.00 0.00 0.00 0.00
78.00 31.00 35.00 89.00 150.00 54.00 61.00 0.08 4.47 0.00 3.00 0.00 8.00 16.00 23.00 15.00 24.00 7.00 0.00 1.00 0.00 0.00 0.00
79.00 32.00 41.00 96.00 158.00 55.00 62.00 0.08 4.54 0.00 3.00 0.00 7.00 19.00 25.00 13.00 21.00 11.00 0.00 1.00 0.00 0.00 2.00
80.00 30.00 34.00 87.00 155.00 53.00 68.00 0.10 5.52 0.00 2.00 0.00 4.00 13.00 26.00 17.00 19.00 11.00 0.00 0.00 0.00 0.00 1.00
81.00 34.00 33.00 93.00 175.00 60.00 82.00 0.08 4.09 0.00 3.00 0.00 9.00 14.00 25.00 20.00 19.00 15.00 0.00 1.00 0.00 0.00 1.00
82.00 29.00 28.00 75.00 143.00 47.00 68.00 0.07 2.93 0.00 3.00 0.00 7.00 11.00 22.00 18.00 16.00 13.00 0.00 0.00 0.00 0.00 1.00
83.00 40.00 40.00 110.00 202.00 70.00 92.00 0.09 5.25 0.00 5.00 0.00 13.00 19.00 27.00 21.00 25.00 15.00 0.00 1.00 0.00 0.00 0.00
84.00 33.00 23.00 81.00 176.00 58.00 95.00 0.07 4.83 0.00 3.00 0.00 11.00 16.00 22.00 17.00 20.00 13.00 0.00 1.00 0.00 0.00 0.00
85.00 27.00 24.00 65.00 142.00 41.00 77.00 0.10 4.14 0.00 4.00 0.00 9.00 12.00 18.00 15.00 19.00 8.00 0.00 1.00 0.00 0.00 0.00
86.00 31.00 26.00 81.00 153.00 55.00 72.00 0.09 3.97 0.00 4.00 0.00 8.00 17.00 23.00 14.00 22.00 9.00 0.00 1.00 0.00 1.00 0.00
87.00 36.00 36.00 98.00 183.00 62.00 85.00 0.08 3.30 0.00 5.00 0.00 10.00 21.00 26.00 15.00 25.00 11.00 0.00 1.00 0.00 0.00 1.00
88.00 39.00 36.00 107.00 201.00 71.00 94.00 0.10 3.44 0.00 5.00 0.00 5.00 17.00 34.00 22.00 25.00 14.00 0.00 1.00 1.00 0.00 1.00
89.00 36.00 36.00 109.00 183.00 73.00 74.00 0.08 4.03 0.00 4.00 0.00 8.00 15.00 28.00 21.00 23.00 13.00 0.00 0.00 0.00 0.00 0.00
90.00 34.00 34.00 102.00 180.00 68.00 78.00 0.09 4.17 0.00 4.00 0.00 11.00 18.00 23.00 16.00 24.00 10.00 0.00 1.00 0.00 0.00 1.00
91.00 37.00 35.00 104.00 187.00 69.00 83.00 0.07 3.34 0.00 3.00 0.00 8.00 15.00 29.00 22.00 24.00 13.00 0.00 1.00 0.00 0.00 0.00
92.00 34.00 27.00 83.00 169.00 56.00 86.00 0.08 3.35 0.00 5.00 0.00 10.00 17.00 24.00 17.00 23.00 11.00 0.00 0.00 0.00 1.00 0.00
93.00 33.00 26.00 99.00 174.00 73.00 75.00 0.08 3.93 1.00 5.00 0.20 8.00 17.00 25.00 16.00 22.00 11.00 0.00 0.00 0.00 0.00 0.00
94.00 40.00 33.00 117.00 212.00 84.00 95.00 0.09 3.96 0.00 6.00 0.00 11.00 19.00 29.00 21.00 27.00 13.00 0.00 1.00 0.00 1.00 0.00
95.00 41.00 49.00 115.00 207.00 66.00 92.00 0.09 3.70 0.00 5.00 0.00 9.00 22.00 32.00 19.00 29.00 12.00 0.00 0.00 1.00 0.00 0.00
96.00 35.00 41.00 98.00 186.00 57.00 88.00 0.08 3.82 0.00 3.00 0.00 8.00 13.00 27.00 22.00 21.00 14.00 0.00 1.00 0.00 0.00 0.00
97.00 30.00 31.00 92.00 156.00 61.00 64.00 0.08 4.53 0.00 3.00 0.00 4.00 9.00 26.00 21.00 19.00 11.00 0.00 0.00 0.00 0.00 0.00
98.00 36.00 46.00 116.00 176.00 70.00 60.00 0.08 4.85 0.00 3.00 0.00 7.00 13.00 29.00 23.00 20.00 16.00 0.00 1.00 0.00 0.00 0.00
99.00 31.00 27.00 78.00 155.00 51.00 77.00 0.09 3.06 0.00 3.00 0.00 8.00 15.00 23.00 16.00 20.00 11.00 0.00 0.00 0.00 0.00 0.00
100.00 34.00 49.00 105.00 170.00 56.00 65.00 0.07 2.89 0.00 5.00 0.00 5.00 12.00 29.00 22.00 22.00 12.00 0.00 0.00 0.00 0.00 0.00
101.00 32.00 48.00 103.00 168.00 55.00 65.00 0.08 3.37 2.00 6.00 0.33 9.00 18.00 23.00 14.00 21.00 11.00 0.00 1.00 0.00 0.00 0.00
102.00 36.00 44.00 119.00 182.00 75.00 63.00 0.08 4.31 1.00 3.00 0.33 9.00 20.00 27.00 16.00 25.00 11.00 0.00 1.00 0.00 0.00 0.00
103.00 34.00 46.00 100.00 176.00 54.00 76.00 0.07 3.27 0.00 3.00 0.00 10.00 17.00 24.00 17.00 21.00 13.00 0.00 1.00 0.00 0.00 0.00
104.00 35.00 50.00 106.00 187.00 56.00 81.00 0.07 3.06 0.00 5.00 0.00 4.00 13.00 31.00 22.00 21.00 14.00 0.00 1.00 0.00 0.00 0.00
105.00 36.00 47.00 111.00 191.00 64.00 80.00 0.10 2.68 2.00 4.00 0.50 10.00 15.00 26.00 21.00 20.00 16.00 0.00 1.00 0.00 0.00 0.00
106.00 26.00 16.00 69.00 138.00 53.00 69.00 0.09 2.11 1.00 4.00 0.25 7.00 12.00 19.00 14.00 16.00 10.00 0.00 0.00 0.00 0.00 0.00
107.00 30.00 36.00 92.00 158.00 56.00 66.00 0.09 2.81 1.00 4.00 0.25 10.00 16.00 20.00 14.00 20.00 10.00 0.00 0.00 0.00 0.00 0.00
108.00 35.00 44.00 112.00 183.00 68.00 71.00 0.08 3.49 0.00 4.00 0.00 7.00 14.00 28.00 21.00 19.00 16.00 0.00 0.00 0.00 0.00 0.00
109.00 40.00 53.00 128.00 214.00 75.00 86.00 0.08 4.17 0.00 4.00 0.00 8.00 11.00 32.00 29.00 20.00 20.00 0.00 0.00 0.00 0.00 0.00
110.00 41.00 45.00 118.00 210.00 73.00 92.00 0.08 2.98 0.00 5.00 0.00 9.00 17.00 32.00 24.00 22.00 19.00 1.00 1.00 0.00 0.00 0.00
111.00 33.00 39.00 86.00 168.00 47.00 82.00 0.08 3.68 0.00 5.00 0.00 8.00 19.00 25.00 14.00 26.00 7.00 0.00 0.00 0.00 0.00 0.00
112.00 36.00 49.00 112.00 187.00 63.00 75.00 0.09 3.57 0.00 4.00 0.00 6.00 9.00 30.00 27.00 17.00 19.00 0.00 1.00 0.00 0.00 0.00
113.00 33.00 35.00 96.00 175.00 61.00 79.00 0.09 3.65 2.00 6.00 0.33 7.00 14.00 26.00 19.00 19.00 14.00 0.00 1.00 0.00 0.00 0.00
114.00 31.00 40.00 96.00 171.00 56.00 75.00 0.08 3.43 2.00 4.00 0.50 6.00 12.00 25.00 19.00 18.00 13.00 0.00 0.00 0.00 0.00 0.00
115.00 38.00 50.00 119.00 198.00 69.00 79.00 0.09 3.24 1.00 5.00 0.20 11.00 17.00 27.00 21.00 23.00 15.00 0.00 0.00 0.00 0.00 0.00
116.00 36.00 49.00 115.00 193.00 66.00 78.00 0.07 3.34 1.00 4.00 0.25 5.00 16.00 31.00 20.00 20.00 16.00 0.00 1.00 0.00 0.00 0.00
117.00 30.00 38.00 93.00 162.00 55.00 69.00 0.09 2.52 0.00 3.00 0.00 5.00 8.00 25.00 22.00 11.00 19.00 0.00 1.00 0.00 1.00 0.00
118.00 37.00 45.00 114.00 184.00 69.00 70.00 0.09 3.67 0.00 4.00 0.00 10.00 19.00 27.00 18.00 26.00 11.00 0.00 1.00 0.00 1.00 0.00
119.00 36.00 57.00 120.00 195.00 63.00 75.00 0.09 4.01 1.00 4.00 0.25 6.00 18.00 30.00 18.00 20.00 16.00 0.00 1.00 0.00 0.00 0.00
120.00 37.00 52.00 121.00 191.00 69.00 70.00 0.09 2.95 1.00 5.00 0.20 7.00 11.00 30.00 26.00 18.00 19.00 0.00 1.00 0.00 0.00 0.00
121.00 36.00 50.00 114.00 192.00 64.00 78.00 0.08 4.59 0.00 4.00 0.00 4.00 12.00 32.00 24.00 20.00 16.00 0.00 1.00 0.00 0.00 0.00
122.00 37.00 42.00 113.00 194.00 71.00 81.00 0.09 2.99 0.00 4.00 0.00 7.00 12.00 30.00 25.00 23.00 14.00 0.00 1.00 0.00 0.00 0.00
123.00 42.00 47.00 117.00 205.00 70.00 88.00 0.06 5.07 0.00 4.00 0.00 10.00 17.00 32.00 25.00 27.00 15.00 0.00 0.00 1.00 1.00 0.00
124.00 37.00 41.00 113.00 192.00 72.00 79.00 0.07 4.33 0.00 4.00 0.00 6.00 16.00 31.00 21.00 25.00 12.00 0.00 0.00 1.00 0.00 0.00
125.00 38.00 55.00 130.00 203.00 75.00 73.00 0.09 3.76 1.00 4.00 0.25 5.00 9.00 33.00 29.00 16.00 22.00 0.00 0.00 1.00 1.00 0.00
126.00 42.00 54.00 130.00 214.00 76.00 84.00 0.10 5.33 0.00 5.00 0.00 11.00 19.00 31.00 23.00 29.00 13.00 0.00 1.00 1.00 0.00 0.00
127.00 39.00 53.00 123.00 206.00 70.00 83.00 0.08 4.07 0.00 6.00 0.00 12.00 15.00 27.00 24.00 23.00 16.00 0.00 1.00 0.00 0.00 0.00
128.00 40.00 51.00 114.00 193.00 63.00 79.00 0.07 3.68 0.00 5.00 0.00 9.00 18.00 31.00 22.00 26.00 14.00 0.00 1.00 1.00 0.00 0.00
129.00 36.00 47.00 103.00 180.00 56.00 77.00 0.08 3.35 0.00 6.00 0.00 9.00 17.00 27.00 19.00 25.00 11.00 1.00 1.00 0.00 0.00 0.00
130.00 40.00 54.00 120.00 208.00 66.00 88.00 0.06 3.00 0.00 6.00 0.00 7.00 15.00 33.00 25.00 21.00 19.00 1.00 1.00 0.00 0.00 0.00
131.00 37.00 46.00 115.00 188.00 69.00 73.00 0.09 4.62 0.00 4.00 0.00 8.00 19.00 29.00 18.00 23.00 14.00 0.00 1.00 0.00 0.00 0.00
132.00 41.00 61.00 139.00 213.00 78.00 74.00 0.09 4.59 1.00 5.00 0.20 7.00 17.00 34.00 24.00 25.00 16.00 2.00 0.00 0.00 0.00 0.00
133.00 44.00 59.00 143.00 236.00 84.00 93.00 0.08 2.83 1.00 6.00 0.17 5.00 10.00 39.00 34.00 21.00 23.00 0.00 0.00 0.00 1.00 0.00
134.00 38.00 47.00 116.00 207.00 69.00 91.00 0.08 3.99 1.00 6.00 0.17 7.00 19.00 31.00 19.00 26.00 12.00 1.00 0.00 0.00 0.00 0.00
135.00 40.00 46.00 121.00 207.00 75.00 86.00 0.09 4.18 0.00 7.00 0.00 9.00 14.00 31.00 26.00 27.00 13.00 1.00 1.00 0.00 0.00 0.00
136.00 42.00 50.00 140.00 228.00 90.00 88.00 0.10 2.93 0.00 5.00 0.00 8.00 15.00 34.00 27.00 22.00 20.00 1.00 1.00 0.00 0.00 0.00
137.00 37.00 54.00 119.00 196.00 65.00 77.00 0.08 3.47 0.00 6.00 0.00 7.00 17.00 30.00 20.00 25.00 12.00 0.00 1.00 0.00 0.00 0.00
138.00 42.00 65.00 140.00 231.00 75.00 91.00 0.08 4.21 0.00 6.00 0.00 8.00 16.00 34.00 26.00 26.00 16.00 1.00 1.00 0.00 0.00 0.00
139.00 43.00 73.00 139.00 228.00 66.00 89.00 0.08 2.75 0.00 6.00 0.00 10.00 17.00 33.00 26.00 27.00 16.00 0.00 0.00 0.00 0.00 1.00
140.00 40.00 53.00 130.00 213.00 77.00 83.00 0.08 2.54 1.00 6.00 0.17 9.00 17.00 31.00 23.00 24.00 16.00 0.00 1.00 0.00 0.00 0.00
141.00 43.00 68.00 140.00 219.00 72.00 79.00 0.07 4.10 0.00 7.00 0.00 7.00 14.00 36.00 29.00 25.00 18.00 0.00 0.00 0.00 0.00 0.00
142.00 41.00 56.00 134.00 213.00 78.00 79.00 0.09 2.53 0.00 5.00 0.00 9.00 17.00 32.00 24.00 22.00 19.00 2.00 0.00 0.00 0.00 0.00
143.00 46.00 67.00 147.00 237.00 80.00 90.00 0.08 3.50 0.00 5.00 0.00 11.00 23.00 35.00 23.00 27.00 19.00 0.00 0.00 0.00 0.00 0.00
144.00 40.00 43.00 116.00 208.00 73.00 92.00 0.09 2.69 1.00 4.00 0.25 12.00 15.00 28.00 25.00 23.00 17.00 1.00 1.00 0.00 0.00 0.00
145.00 45.00 55.00 135.00 226.00 80.00 91.00 0.08 2.85 1.00 5.00 0.20 11.00 21.00 34.00 24.00 29.00 16.00 0.00 0.00 0.00 0.00 0.00
146.00 44.00 67.00 144.00 220.00 77.00 76.00 0.08 2.15 0.00 4.00 0.00 10.00 17.00 34.00 27.00 23.00 21.00 0.00 1.00 0.00 1.00 1.00
147.00 43.00 47.00 133.00 228.00 86.00 95.00 0.09 2.13 0.00 2.00 0.00 6.00 15.00 37.00 28.00 24.00 19.00 0.00 0.00 0.00 1.00 0.00
148.00 45.00 61.00 142.00 239.00 81.00 97.00 0.09 2.57 0.00 5.00 0.00 8.00 13.00 37.00 32.00 23.00 22.00 0.00 1.00 0.00 0.00 0.00
149.00 41.00 57.00 123.00 214.00 66.00 91.00 0.09 2.41 0.00 5.00 0.00 8.00 15.00 33.00 26.00 25.00 16.00 1.00 0.00 0.00 0.00 0.00
150.00 42.00 43.00 120.00 213.00 77.00 93.00 0.08 3.31 0.00 4.00 0.00 9.00 18.00 33.00 24.00 27.00 15.00 1.00 1.00 0.00 0.00 0.00
151.00 43.00 55.00 134.00 233.00 79.00 99.00 0.08 2.67 0.00 5.00 0.00 12.00 13.00 31.00 30.00 22.00 21.00 0.00 1.00 1.00 0.00 0.00
152.00 40.00 52.00 127.00 218.00 75.00 91.00 0.07 2.90 0.00 2.00 0.00 5.00 10.00 35.00 30.00 17.00 23.00 0.00 1.00 1.00 0.00 0.00
153.00 43.00 67.00 144.00 228.00 77.00 84.00 0.09 1.92 0.00 5.00 0.00 6.00 15.00 37.00 28.00 23.00 20.00 0.00 1.00 0.00 0.00 0.00
154.00 43.00 64.00 142.00 229.00 78.00 87.00 0.08 2.55 0.00 6.00 0.00 7.00 14.00 36.00 29.00 17.00 26.00 0.00 0.00 1.00 0.00 0.00
155.00 41.00 54.00 133.00 217.00 79.00 84.00 0.10 2.20 1.00 4.00 0.25 7.00 13.00 34.00 28.00 23.00 18.00 1.00 1.00 0.00 0.00 0.00
156.00 42.00 50.00 130.00 222.00 80.00 92.00 0.07 3.49 0.00 6.00 0.00 8.00 18.00 34.00 24.00 26.00 16.00 2.00 0.00 0.00 0.00 0.00
157.00 43.00 58.00 130.00 228.00 72.00 98.00 0.08 3.82 0.00 6.00 0.00 8.00 19.00 35.00 24.00 25.00 18.00 1.00 1.00 0.00 0.00 0.00
158.00 38.00 51.00 111.00 195.00 60.00 84.00 0.09 2.74 0.00 6.00 0.00 5.00 16.00 33.00 22.00 22.00 16.00 0.00 1.00 2.00 0.00 0.00
159.00 46.00 58.00 146.00 241.00 88.00 95.00 0.07 3.08 2.00 5.00 0.40 8.00 16.00 38.00 30.00 25.00 21.00 1.00 1.00 0.00 0.00 0.00
160.00 46.00 59.00 134.00 245.00 75.00 111.00 0.07 2.66 1.00 6.00 0.17 11.00 22.00 35.00 24.00 29.00 17.00 0.00 0.00 0.00 0.00 0.00
161.00 47.00 62.00 145.00 247.00 83.00 102.00 0.09 2.32 1.00 4.00 0.25 9.00 17.00 38.00 30.00 28.00 19.00 1.00 1.00 0.00 1.00 0.00
162.00 38.00 47.00 111.00 202.00 64.00 91.00 0.08 2.66 1.00 8.00 0.12 8.00 18.00 30.00 20.00 22.00 16.00 0.00 1.00 0.00 0.00 0.00
163.00 42.00 55.00 138.00 223.00 83.00 85.00 0.08 2.92 1.00 4.00 0.25 7.00 18.00 35.00 24.00 24.00 18.00 0.00 0.00 0.00 0.00 0.00
164.00 42.00 63.00 136.00 220.00 73.00 84.00 0.09 3.23 1.00 6.00 0.17 5.00 15.00 37.00 27.00 18.00 24.00 0.00 1.00 0.00 0.00 0.00
165.00 41.00 48.00 131.00 212.00 83.00 81.00 0.10 2.94 1.00 4.00 0.25 9.00 18.00 32.00 23.00 27.00 14.00 0.00 1.00 0.00 1.00 0.00
166.00 47.00 59.00 139.00 248.00 80.00 109.00 0.07 3.05 1.00 6.00 0.17 6.00 15.00 41.00 32.00 21.00 26.00 0.00 1.00 0.00 0.00 0.00
167.00 41.00 51.00 125.00 217.00 74.00 92.00 0.09 3.90 0.00 7.00 0.00 8.00 11.00 33.00 30.00 26.00 15.00 0.00 1.00 0.00 0.00 0.00
168.00 42.00 59.00 139.00 219.00 80.00 80.00 0.08 4.06 0.00 6.00 0.00 5.00 10.00 37.00 32.00 19.00 23.00 0.00 1.00 0.00 0.00 0.00
169.00 42.00 70.00 144.00 225.00 74.00 81.00 0.08 2.57 0.00 8.00 0.00 8.00 16.00 34.00 26.00 20.00 22.00 1.00 1.00 0.00 0.00 0.00
170.00 41.00 60.00 141.00 213.00 81.00 72.00 0.09 2.68 1.00 6.00 0.17 4.00 16.00 37.00 25.00 25.00 16.00 1.00 0.00 0.00 0.00 0.00
171.00 46.00 57.00 146.00 236.00 89.00 90.00 0.08 2.41 1.00 3.00 0.33 8.00 18.00 38.00 28.00 26.00 20.00 1.00 1.00 1.00 0.00 0.00
172.00 39.00 55.00 122.00 205.00 67.00 83.00 0.08 2.17 1.00 6.00 0.17 9.00 16.00 30.00 23.00 27.00 12.00 2.00 0.00 0.00 0.00 0.00
173.00 41.00 51.00 121.00 211.00 70.00 90.00 0.08 2.74 1.00 4.00 0.25 16.00 24.00 25.00 17.00 26.00 15.00 0.00 0.00 0.00 0.00 0.00
174.00 42.00 44.00 128.00 222.00 84.00 94.00 0.09 2.70 1.00 3.00 0.33 7.00 17.00 35.00 25.00 22.00 20.00 1.00 1.00 0.00 0.00 0.00
175.00 39.00 42.00 113.00 200.00 71.00 87.00 0.09 4.50 0.00 5.00 0.00 6.00 14.00 33.00 25.00 22.00 17.00 0.00 1.00 2.00 0.00 0.00
176.00 41.00 59.00 126.00 218.00 67.00 92.00 0.09 4.72 0.00 4.00 0.00 7.00 19.00 34.00 22.00 29.00 12.00 0.00 1.00 0.00 1.00 1.00
177.00 47.00 65.00 150.00 242.00 85.00 92.00 0.10 3.70 0.00 4.00 0.00 15.00 18.00 32.00 29.00 22.00 25.00 0.00 0.00 1.00 1.00 0.00
178.00 48.00 63.00 151.00 251.00 88.00 100.00 0.08 4.25 0.00 4.00 0.00 9.00 19.00 39.00 29.00 30.00 18.00 0.00 0.00 1.00 1.00 0.00
179.00 47.00 55.00 143.00 250.00 88.00 107.00 0.10 4.19 0.00 5.00 0.00 13.00 27.00 34.00 20.00 34.00 13.00 0.00 0.00 1.00 0.00 0.00
180.00 44.00 65.00 143.00 225.00 78.00 82.00 0.08 4.43 2.00 5.00 0.40 5.00 17.00 39.00 27.00 20.00 24.00 0.00 1.00 0.00 1.00 0.00
181.00 49.00 68.00 151.00 237.00 83.00 86.00 0.08 4.11 2.00 3.00 0.67 13.00 24.00 36.00 25.00 29.00 20.00 0.00 1.00 0.00 1.00 0.00
182.00 45.00 53.00 150.00 242.00 97.00 92.00 0.08 4.70 0.00 4.00 0.00 7.00 19.00 38.00 26.00 23.00 22.00 1.00 1.00 0.00 0.00 0.00
183.00 46.00 61.00 147.00 241.00 86.00 94.00 0.08 4.61 3.00 8.00 0.38 14.00 19.00 32.00 27.00 28.00 18.00 1.00 0.00 0.00 0.00 0.00
184.00 47.00 82.00 163.00 255.00 81.00 92.00 0.07 4.24 0.00 7.00 0.00 10.00 17.00 37.00 30.00 20.00 27.00 0.00 0.00 0.00 0.00 1.00
185.00 45.00 64.00 149.00 240.00 85.00 91.00 0.08 4.01 0.00 7.00 0.00 7.00 12.00 38.00 33.00 21.00 24.00 1.00 1.00 1.00 0.00 0.00
186.00 44.00 70.00 143.00 230.00 73.00 87.00 0.07 4.14 0.00 6.00 0.00 7.00 18.00 37.00 26.00 23.00 21.00 1.00 0.00 0.00 0.00 0.00
187.00 43.00 63.00 140.00 233.00 77.00 93.00 0.09 4.22 0.00 8.00 0.00 8.00 14.00 35.00 29.00 19.00 24.00 1.00 1.00 1.00 0.00 0.00
188.00 49.00 83.00 169.00 258.00 86.00 89.00 0.09 4.69 0.00 8.00 0.00 8.00 18.00 41.00 31.00 24.00 25.00 0.00 1.00 0.00 0.00 0.00
189.00 45.00 66.00 147.00 230.00 81.00 83.00 0.09 4.28 1.00 6.00 0.17 9.00 15.00 36.00 30.00 20.00 25.00 0.00 1.00 1.00 0.00 0.00
190.00 44.00 57.00 139.00 225.00 82.00 86.00 0.10 3.38 1.00 7.00 0.14 10.00 19.00 34.00 25.00 30.00 14.00 0.00 1.00 0.00 0.00 0.00
191.00 43.00 62.00 141.00 225.00 79.00 84.00 0.08 4.10 0.00 7.00 0.00 12.00 21.00 31.00 22.00 28.00 15.00 0.00 1.00 0.00 0.00 0.00
192.00 43.00 53.00 130.00 229.00 77.00 99.00 0.07 4.22 1.00 6.00 0.17 12.00 21.00 31.00 22.00 27.00 16.00 0.00 0.00 0.00 0.00 0.00
193.00 46.00 69.00 145.00 239.00 76.00 94.00 0.09 4.90 1.00 4.00 0.25 8.00 17.00 38.00 29.00 25.00 21.00 0.00 0.00 0.00 0.00 0.00
194.00 45.00 58.00 134.00 223.00 76.00 89.00 0.10 4.59 2.00 6.00 0.33 9.00 14.00 36.00 31.00 23.00 22.00 0.00 1.00 1.00 0.00 0.00
195.00 53.00 70.00 163.00 274.00 93.00 111.00 0.09 4.91 2.00 4.00 0.50 16.00 25.00 37.00 28.00 35.00 18.00 0.00 1.00 1.00 0.00 0.00
196.00 44.00 76.00 150.00 235.00 74.00 85.00 0.08 4.29 0.00 6.00 0.00 7.00 12.00 37.00 32.00 20.00 24.00 0.00 1.00 1.00 0.00 1.00
197.00 51.00 69.00 159.00 259.00 90.00 100.00 0.08 5.02 1.00 6.00 0.17 11.00 16.00 40.00 35.00 25.00 26.00 0.00 0.00 1.00 0.00 0.00
198.00 44.00 65.00 144.00 224.00 79.00 80.00 0.08 4.29 1.00 6.00 0.17 9.00 13.00 35.00 31.00 19.00 25.00 0.00 1.00 1.00 0.00 1.00
199.00 44.00 55.00 148.00 240.00 93.00 92.00 0.08 4.62 1.00 6.00 0.17 4.00 16.00 40.00 28.00 24.00 20.00 0.00 0.00 0.00 0.00 0.00
200.00 37.00 43.00 110.00 194.00 67.00 84.00 0.09 4.94 0.00 5.00 0.00 5.00 11.00 32.00 26.00 18.00 19.00 0.00 1.00 0.00 0.00 1.00
201.00 42.00 63.00 130.00 219.00 67.00 89.00 0.09 4.49 0.00 3.00 0.00 10.00 13.00 32.00 29.00 22.00 20.00 0.00 1.00 1.00 0.00 1.00
202.00 43.00 57.00 135.00 226.00 78.00 91.00 0.08 5.40 0.00 6.00 0.00 6.00 18.00 37.00 25.00 23.00 20.00 0.00 0.00 0.00 0.00 1.00
203.00 40.00 39.00 118.00 216.00 79.00 98.00 0.07 4.34 0.00 4.00 0.00 10.00 16.00 30.00 24.00 23.00 17.00 1.00 1.00 0.00 0.00 0.00
204.00 44.00 46.00 124.00 222.00 78.00 98.00 0.08 5.38 1.00 3.00 0.33 12.00 24.00 32.00 20.00 29.00 15.00 0.00 1.00 0.00 0.00 0.00
205.00 42.00 58.00 129.00 218.00 71.00 89.00 0.08 5.47 2.00 6.00 0.33 11.00 19.00 31.00 23.00 24.00 18.00 0.00 0.00 0.00 0.00 0.00
206.00 36.00 40.00 114.00 186.00 74.00 72.00 0.07 5.24 0.00 2.00 0.00 11.00 15.00 25.00 21.00 23.00 13.00 0.00 1.00 1.00 0.00 0.00
207.00 41.00 55.00 124.00 210.00 69.00 86.00 0.09 5.06 1.00 4.00 0.25 9.00 21.00 32.00 20.00 27.00 14.00 0.00 1.00 0.00 0.00 1.00
208.00 45.00 66.00 142.00 225.00 76.00 83.00 0.09 5.40 0.00 6.00 0.00 8.00 22.00 37.00 23.00 29.00 16.00 0.00 1.00 0.00 0.00 0.00
209.00 37.00 61.00 117.00 184.00 56.00 67.00 0.09 4.09 0.00 6.00 0.00 10.00 17.00 27.00 20.00 23.00 14.00 0.00 1.00 0.00 0.00 0.00
210.00 39.00 36.00 103.00 192.00 67.00 89.00 0.09 5.27 1.00 8.00 0.12 10.00 18.00 29.00 21.00 27.00 12.00 0.00 0.00 0.00 0.00 0.00
211.00 36.00 36.00 112.00 187.00 76.00 75.00 0.08 5.52 0.00 3.00 0.00 7.00 15.00 29.00 21.00 23.00 13.00 0.00 1.00 0.00 1.00 0.00
212.00 42.00 70.00 142.00 207.00 72.00 65.00 0.09 4.86 0.00 6.00 0.00 8.00 19.00 34.00 23.00 27.00 15.00 0.00 0.00 1.00 0.00 0.00
213.00 39.00 54.00 121.00 198.00 67.00 77.00 0.08 5.13 0.00 7.00 0.00 9.00 17.00 30.00 22.00 22.00 17.00 0.00 1.00 0.00 0.00 0.00
214.00 36.00 41.00 112.00 198.00 71.00 86.00 0.09 4.60 0.00 4.00 0.00 6.00 12.00 30.00 24.00 19.00 17.00 0.00 0.00 0.00 0.00 0.00
215.00 43.00 63.00 140.00 225.00 77.00 85.00 0.09 4.71 1.00 6.00 0.17 6.00 17.00 37.00 26.00 24.00 19.00 0.00 1.00 0.00 0.00 0.00
216.00 42.00 57.00 133.00 207.00 76.00 74.00 0.09 4.34 0.00 6.00 0.00 7.00 18.00 35.00 24.00 26.00 16.00 0.00 0.00 0.00 0.00 0.00
217.00 39.00 44.00 107.00 203.00 63.00 96.00 0.08 4.88 0.00 5.00 0.00 11.00 19.00 28.00 20.00 24.00 15.00 0.00 0.00 1.00 0.00 0.00
218.00 39.00 56.00 106.00 204.00 50.00 98.00 0.08 4.85 0.00 4.00 0.00 8.00 14.00 31.00 25.00 23.00 16.00 0.00 0.00 0.00 0.00 0.00
219.00 40.00 65.00 131.00 198.00 66.00 67.00 0.07 4.04 0.00 5.00 0.00 10.00 17.00 30.00 23.00 23.00 17.00 0.00 1.00 0.00 0.00 0.00
220.00 40.00 62.00 133.00 213.00 71.00 80.00 0.10 5.19 0.00 5.00 0.00 10.00 18.00 30.00 22.00 23.00 17.00 0.00 1.00 0.00 0.00 1.00
221.00 40.00 45.00 107.00 201.00 62.00 94.00 0.08 4.71 0.00 5.00 0.00 12.00 22.00 28.00 18.00 30.00 10.00 0.00 0.00 0.00 0.00 0.00
222.00 35.00 44.00 97.00 169.00 53.00 72.00 0.08 4.86 0.00 4.00 0.00 6.00 11.00 29.00 24.00 20.00 15.00 0.00 1.00 0.00 0.00 0.00
223.00 39.00 55.00 120.00 196.00 65.00 76.00 0.10 5.36 0.00 4.00 0.00 9.00 21.00 30.00 18.00 29.00 10.00 0.00 1.00 1.00 0.00 0.00
224.00 37.00 42.00 102.00 193.00 60.00 91.00 0.08 5.53 1.00 5.00 0.20 12.00 19.00 25.00 18.00 22.00 15.00 0.00 1.00 0.00 0.00 0.00
225.00 35.00 48.00 103.00 183.00 55.00 80.00 0.08 5.40 0.00 5.00 0.00 11.00 14.00 24.00 21.00 20.00 15.00 0.00 1.00 0.00 1.00 0.00
226.00 34.00 46.00 101.00 176.00 55.00 75.00 0.09 5.13 0.00 4.00 0.00 9.00 14.00 25.00 20.00 19.00 15.00 0.00 1.00 0.00 0.00 0.00
227.00 44.00 49.00 130.00 225.00 81.00 95.00 0.08 4.94 0.00 4.00 0.00 10.00 20.00 34.00 24.00 29.00 15.00 0.00 0.00 0.00 0.00 0.00
228.00 41.00 58.00 125.00 215.00 67.00 90.00 0.09 4.86 0.00 3.00 0.00 9.00 17.00 32.00 24.00 21.00 20.00 0.00 1.00 0.00 0.00 0.00
229.00 35.00 51.00 103.00 180.00 52.00 77.00 0.10 3.91 0.00 2.00 0.00 9.00 16.00 26.00 19.00 23.00 12.00 0.00 0.00 0.00 1.00 0.00
230.00 43.00 51.00 123.00 226.00 72.00 103.00 0.08 5.19 0.00 3.00 0.00 10.00 21.00 33.00 22.00 28.00 15.00 0.00 1.00 0.00 0.00 0.00
231.00 37.00 33.00 96.00 187.00 63.00 91.00 0.09 5.16 0.00 2.00 0.00 14.00 18.00 23.00 19.00 21.00 16.00 0.00 0.00 0.00 0.00 0.00
232.00 28.00 30.00 80.00 146.00 50.00 66.00 0.09 4.16 0.00 2.00 0.00 4.00 11.00 24.00 17.00 14.00 14.00 0.00 1.00 0.00 0.00 0.00
233.00 36.00 27.00 91.00 192.00 64.00 101.00 0.08 4.57 1.00 4.00 0.25 10.00 22.00 26.00 14.00 26.00 10.00 0.00 1.00 0.00 0.00 0.00
234.00 36.00 41.00 113.00 193.00 72.00 80.00 0.09 4.69 0.00 5.00 0.00 7.00 14.00 29.00 22.00 19.00 17.00 0.00 1.00 2.00 0.00 0.00
235.00 28.00 27.00 77.00 139.00 50.00 62.00 0.07 2.18 0.00 3.00 0.00 5.00 13.00 23.00 15.00 19.00 9.00 0.00 1.00 0.00 0.00 0.00
236.00 35.00 30.00 96.00 187.00 66.00 91.00 0.09 4.83 0.00 4.00 0.00 7.00 16.00 28.00 19.00 24.00 11.00 0.00 0.00 0.00 0.00 0.00
237.00 34.00 28.00 107.00 180.00 79.00 73.00 0.08 4.23 0.00 5.00 0.00 8.00 13.00 26.00 21.00 19.00 15.00 0.00 1.00 0.00 1.00 0.00
238.00 21.00 25.00 57.00 97.00 32.00 40.00 0.08 2.19 0.00 2.00 0.00 5.00 8.00 16.00 13.00 16.00 5.00 0.00 1.00 0.00 0.00 0.00
239.00 31.00 21.00 79.00 170.00 58.00 91.00 0.09 5.30 0.00 4.00 0.00 9.00 19.00 22.00 12.00 23.00 8.00 0.00 1.00 0.00 0.00 0.00
240.00 30.00 32.00 84.00 157.00 52.00 73.00 0.09 3.85 0.00 3.00 0.00 8.00 16.00 22.00 14.00 23.00 7.00 0.00 1.00 0.00 0.00 0.00
241.00 28.00 22.00 81.00 144.00 59.00 63.00 0.09 3.12 0.00 3.00 0.00 5.00 8.00 23.00 20.00 13.00 15.00 0.00 1.00 0.00 0.00 0.00
242.00 28.00 19.00 64.00 139.00 45.00 75.00 0.08 3.58 0.00 4.00 0.00 9.00 15.00 19.00 13.00 20.00 8.00 0.00 0.00 0.00 0.00 0.00
243.00 29.00 20.00 85.00 160.00 65.00 75.00 0.09 4.14 0.00 4.00 0.00 5.00 11.00 24.00 18.00 18.00 11.00 0.00 0.00 0.00 0.00 0.00
244.00 35.00 37.00 101.00 187.00 64.00 86.00 0.08 4.28 0.00 4.00 0.00 9.00 15.00 26.00 20.00 21.00 14.00 0.00 1.00 0.00 0.00 0.00
245.00 28.00 21.00 77.00 151.00 56.00 74.00 0.09 3.76 0.00 4.00 0.00 3.00 15.00 25.00 13.00 20.00 8.00 0.00 0.00 0.00 0.00 0.00
246.00 36.00 30.00 103.00 187.00 73.00 84.00 0.09 4.75 0.00 1.00 0.00 8.00 15.00 28.00 21.00 24.00 12.00 1.00 1.00 0.00 0.00 0.00
247.00 32.00 33.00 100.00 177.00 67.00 77.00 0.08 3.82 0.00 2.00 0.00 6.00 13.00 26.00 19.00 23.00 9.00 0.00 0.00 0.00 0.00 0.00
248.00 28.00 19.00 74.00 161.00 55.00 87.00 0.09 3.87 0.00 2.00 0.00 7.00 17.00 21.00 11.00 19.00 9.00 0.00 1.00 0.00 0.00 0.00
249.00 32.00 29.00 91.00 179.00 62.00 88.00 0.08 3.77 0.00 3.00 0.00 10.00 18.00 22.00 14.00 24.00 8.00 0.00 0.00 0.00 0.00 0.00
250.00 33.00 30.00 100.00 177.00 70.00 77.00 0.09 4.18 0.00 2.00 0.00 6.00 16.00 27.00 17.00 24.00 9.00 0.00 1.00 0.00 0.00 0.00
251.00 29.00 23.00 81.00 160.00 58.00 79.00 0.08 4.85 0.00 2.00 0.00 5.00 15.00 24.00 14.00 23.00 6.00 0.00 0.00 0.00 0.00 0.00
252.00 31.00 32.00 84.00 162.00 52.00 78.00 0.09 4.66 0.00 2.00 0.00 6.00 14.00 25.00 17.00 24.00 7.00 0.00 0.00 0.00 0.00 0.00
253.00 30.00 27.00 79.00 149.00 52.00 70.00 0.10 4.05 0.00 2.00 0.00 6.00 19.00 24.00 11.00 24.00 6.00 0.00 0.00 1.00 0.00 1.00
254.00 23.00 12.00 63.00 114.00 51.00 51.00 0.08 4.33 0.00 2.00 0.00 10.00 14.00 13.00 9.00 18.00 5.00 0.00 0.00 0.00 0.00 1.00
255.00 30.00 32.00 91.00 155.00 59.00 64.00 0.09 4.00 0.00 2.00 0.00 5.00 14.00 25.00 16.00 20.00 10.00 0.00 0.00 0.00 0.00 1.00
256.00 30.00 30.00 89.00 157.00 59.00 68.00 0.09 4.17 0.00 3.00 0.00 11.00 15.00 19.00 15.00 19.00 11.00 0.00 0.00 0.00 0.00 1.00
257.00 27.00 21.00 79.00 140.00 58.00 61.00 0.08 5.17 0.00 3.00 0.00 8.00 15.00 19.00 12.00 21.00 6.00 0.00 0.00 0.00 1.00 0.00
258.00 28.00 26.00 73.00 145.00 47.00 72.00 0.10 4.17 0.00 2.00 0.00 7.00 14.00 21.00 14.00 19.00 9.00 0.00 0.00 0.00 0.00 0.00
259.00 29.00 32.00 85.00 160.00 53.00 75.00 0.08 4.77 0.00 2.00 0.00 4.00 8.00 25.00 21.00 14.00 15.00 1.00 0.00 0.00 2.00 0.00
260.00 32.00 27.00 87.00 165.00 60.00 78.00 0.08 3.94 0.00 2.00 0.00 7.00 16.00 25.00 16.00 20.00 12.00 1.00 0.00 0.00 0.00 0.00
261.00 29.00 26.00 82.00 155.00 56.00 73.00 0.08 4.59 0.00 2.00 0.00 4.00 12.00 25.00 17.00 19.00 10.00 1.00 0.00 0.00 0.00 0.00
262.00 16.00 8.00 32.00 79.00 24.00 47.00 0.08 3.70 0.00 1.00 0.00 5.00 10.00 11.00 6.00 15.00 1.00 1.00 0.00 0.00 1.00 0.00
263.00 23.00 15.00 57.00 124.00 42.00 67.00 0.08 4.34 0.00 1.00 0.00 5.00 13.00 18.00 10.00 18.00 5.00 0.00 0.00 0.00 0.00 0.00
264.00 29.00 23.00 78.00 147.00 55.00 69.00 0.10 4.56 0.00 1.00 0.00 8.00 16.00 21.00 13.00 22.00 7.00 1.00 0.00 0.00 0.00 0.00
265.00 23.00 23.00 51.00 106.00 28.00 55.00 0.09 3.76 0.00 1.00 0.00 7.00 8.00 16.00 15.00 15.00 8.00 0.00 0.00 0.00 0.00 0.00
266.00 30.00 19.00 82.00 152.00 63.00 70.00 0.09 4.64 0.00 2.00 0.00 9.00 18.00 21.00 12.00 21.00 9.00 1.00 0.00 0.00 0.00 0.00
267.00 24.00 12.00 58.00 113.00 46.00 55.00 0.08 4.63 0.00 2.00 0.00 7.00 10.00 17.00 14.00 17.00 7.00 0.00 0.00 0.00 0.00 0.00
268.00 22.00 14.00 58.00 114.00 44.00 56.00 0.09 4.41 0.00 1.00 0.00 4.00 12.00 18.00 10.00 14.00 8.00 1.00 0.00 0.00 1.00 0.00
269.00 25.00 15.00 74.00 129.00 59.00 55.00 0.08 4.56 0.00 1.00 0.00 8.00 13.00 17.00 12.00 15.00 10.00 1.00 0.00 0.00 0.00 0.00
270.00 23.00 16.00 57.00 123.00 41.00 66.00 0.09 4.56 0.00 1.00 0.00 7.00 15.00 16.00 8.00 20.00 3.00 1.00 0.00 1.00 1.00 0.00
271.00 18.00 6.00 38.00 92.00 32.00 54.00 0.09 4.34 0.00 1.00 0.00 7.00 11.00 11.00 7.00 14.00 4.00 0.00 0.00 1.00 0.00 0.00
272.00 26.00 17.00 76.00 141.00 59.00 65.00 0.08 4.70 0.00 1.00 0.00 7.00 12.00 19.00 14.00 16.00 10.00 0.00 0.00 0.00 0.00 0.00
273.00 19.00 7.00 49.00 91.00 42.00 42.00 0.09 4.51 0.00 1.00 0.00 8.00 12.00 11.00 7.00 17.00 2.00 0.00 0.00 0.00 0.00 0.00
274.00 12.00 2.00 19.00 57.00 17.00 38.00 0.09 4.33 0.00 0.00 0.00 4.00 8.00 8.00 4.00 11.00 1.00 0.00 0.00 0.00 0.00 0.00
275.00 19.00 10.00 50.00 102.00 40.00 52.00 0.09 4.56 0.00 1.00 0.00 3.00 6.00 16.00 13.00 13.00 6.00 0.00 0.00 0.00 0.00 0.00
276.00 20.00 18.00 57.00 107.00 39.00 50.00 0.09 4.36 0.00 2.00 0.00 8.00 14.00 12.00 6.00 17.00 3.00 0.00 0.00 0.00 0.00 0.00
277.00 9.00 3.00 8.00 36.00 5.00 28.00 0.10 1.90 0.00 0.00 0.00 3.00 8.00 6.00 1.00 9.00 0.00 0.00 0.00 0.00 0.00 0.00
278.00 23.00 21.00 69.00 121.00 48.00 52.00 0.08 4.19 1.00 1.00 1.00 9.00 14.00 14.00 9.00 17.00 6.00 1.00 0.00 0.00 0.00 0.00
279.00 20.00 14.00 51.00 109.00 37.00 58.00 0.08 4.14 0.00 1.00 0.00 6.00 9.00 14.00 11.00 15.00 5.00 0.00 0.00 0.00 0.00 0.00
280.00 19.00 9.00 46.00 96.00 37.00 50.00 0.08 4.54 0.00 1.00 0.00 7.00 11.00 12.00 8.00 17.00 2.00 0.00 0.00 0.00 0.00 0.00
281.00 18.00 6.00 41.00 85.00 35.00 44.00 0.09 4.26 1.00 1.00 1.00 4.00 10.00 14.00 8.00 15.00 3.00 0.00 0.00 0.00 0.00 0.00
282.00 21.00 10.00 55.00 108.00 45.00 53.00 0.08 3.65 0.00 1.00 0.00 7.00 13.00 14.00 8.00 15.00 6.00 0.00 0.00 0.00 0.00 0.00
283.00 22.00 12.00 54.00 113.00 42.00 59.00 0.08 4.03 0.00 1.00 0.00 9.00 14.00 13.00 8.00 16.00 6.00 0.00 0.00 0.00 0.00 0.00
284.00 21.00 7.00 46.00 109.00 39.00 63.00 0.07 3.91 0.00 1.00 0.00 8.00 11.00 13.00 10.00 15.00 6.00 0.00 0.00 0.00 0.00 0.00
285.00 22.00 14.00 51.00 113.00 37.00 62.00 0.09 4.71 0.00 1.00 0.00 6.00 14.00 16.00 8.00 17.00 5.00 0.00 0.00 0.00 0.00 0.00
286.00 21.00 11.00 42.00 108.00 31.00 66.00 0.08 2.88 0.00 1.00 0.00 6.00 11.00 15.00 10.00 16.00 5.00 0.00 0.00 0.00 0.00 1.00
287.00 15.00 11.00 37.00 76.00 26.00 39.00 0.08 1.80 0.00 1.00 0.00 4.00 7.00 11.00 8.00 11.00 4.00 0.00 0.00 0.00 0.00 0.00
288.00 23.00 18.00 63.00 119.00 45.00 56.00 0.08 3.51 0.00 1.00 0.00 6.00 13.00 17.00 10.00 16.00 7.00 0.00 0.00 0.00 0.00 0.00
289.00 24.00 16.00 69.00 127.00 53.00 58.00 0.09 3.31 0.00 1.00 0.00 8.00 14.00 16.00 10.00 18.00 6.00 0.00 0.00 1.00 0.00 0.00
290.00 16.00 3.00 33.00 73.00 30.00 40.00 0.07 3.50 0.00 1.00 0.00 5.00 13.00 11.00 3.00 16.00 0.00 0.00 0.00 0.00 0.00 0.00
291.00 11.00 6.00 16.00 50.00 10.00 34.00 0.08 2.29 0.00 1.00 0.00 3.00 10.00 8.00 1.00 11.00 0.00 0.00 0.00 0.00 0.00 0.00
292.00 16.00 12.00 36.00 77.00 24.00 41.00 0.08 2.01 0.00 1.00 0.00 4.00 8.00 12.00 8.00 12.00 4.00 0.00 0.00 0.00 0.00 0.00
293.00 16.00 8.00 35.00 74.00 27.00 39.00 0.09 2.89 0.00 1.00 0.00 7.00 10.00 9.00 6.00 14.00 2.00 0.00 0.00 0.00 0.00 0.00
294.00 15.00 5.00 27.00 73.00 22.00 46.00 0.08 1.37 0.00 1.00 0.00 3.00 5.00 12.00 10.00 13.00 2.00 0.00 0.00 0.00 0.00 0.00
295.00 7.00 1.00 13.00 34.00 12.00 21.00 0.09 0.25 0.00 1.00 0.00 2.00 5.00 5.00 2.00 6.00 1.00 0.00 0.00 0.00 0.00 0.00
296.00 8.00 2.00 9.00 32.00 7.00 23.00 0.10 1.84 0.00 0.00 0.00 3.00 5.00 5.00 3.00 8.00 0.00 0.00 0.00 0.00 0.00 0.00
297.00 17.00 9.00 24.00 70.00 15.00 46.00 0.07 4.12 0.00 1.00 0.00 7.00 11.00 10.00 6.00 14.00 3.00 0.00 0.00 0.00 0.00 0.00
298.00 13.00 6.00 24.00 63.00 18.00 39.00 0.08 4.21 0.00 1.00 0.00 5.00 10.00 8.00 3.00 12.00 1.00 0.00 0.00 0.00 0.00 0.00
299.00 11.00 0.00 10.00 42.00 10.00 32.00 0.10 2.47 0.00 1.00 0.00 6.00 7.00 5.00 4.00 7.00 4.00 0.00 0.00 0.00 0.00 0.00
300.00 7.00 0.00 9.00 31.00 9.00 22.00 0.08 0.47 0.00 0.00 0.00 4.00 5.00 3.00 2.00 7.00 0.00 0.00 0.00 0.00 0.00 0.00
301.00 7.00 0.00 6.00 24.00 6.00 18.00 0.08 2.62 0.00 0.00 0.00 4.00 4.00 3.00 3.00 6.00 1.00 0.00 0.00 0.00 0.00 0.00
302.00 13.00 8.00 28.00 63.00 20.00 35.00 0.08 5.07 0.00 0.00 0.00 4.00 6.00 9.00 7.00 8.00 5.00 0.00 0.00 0.00 0.00 0.00
303.00 16.00 10.00 37.00 78.00 27.00 41.00 0.08 3.40 0.00 1.00 0.00 5.00 9.00 11.00 7.00 13.00 3.00 0.00 0.00 0.00 0.00 0.00
304.00 10.00 5.00 20.00 48.00 15.00 28.00 0.08 1.77 0.00 0.00 0.00 5.00 6.00 5.00 4.00 8.00 2.00 0.00 0.00 0.00 0.00 0.00
305.00 13.00 12.00 29.00 62.00 17.00 33.00 0.07 3.15 0.00 0.00 0.00 5.00 7.00 8.00 6.00 8.00 5.00 0.00 0.00 0.00 0.00 0.00
306.00 16.00 15.00 33.00 73.00 18.00 40.00 0.09 2.98 0.00 0.00 0.00 8.00 13.00 8.00 3.00 14.00 2.00 0.00 0.00 0.00 0.00 0.00
307.00 12.00 10.00 25.00 55.00 15.00 30.00 0.08 4.36 0.00 0.00 0.00 4.00 6.00 8.00 6.00 7.00 5.00 0.00 0.00 0.00 0.00 0.00
308.00 10.00 7.00 21.00 48.00 14.00 27.00 0.10 3.77 0.00 0.00 0.00 3.00 6.00 7.00 4.00 6.00 4.00 0.00 0.00 0.00 0.00 0.00
309.00 4.00 0.00 1.00 13.00 1.00 12.00 0.08 3.81 0.00 0.00 0.00 2.00 4.00 2.00 0.00 4.00 0.00 0.00 0.00 0.00 0.00 0.00
310.00 7.00 3.00 13.00 30.00 10.00 17.00 0.08 3.03 0.00 1.00 0.00 3.00 3.00 4.00 4.00 6.00 1.00 0.00 0.00 0.00 0.00 0.00
311.00 13.00 8.00 31.00 67.00 23.00 36.00 0.08 4.55 0.00 1.00 0.00 2.00 4.00 11.00 9.00 7.00 6.00 0.00 0.00 1.00 0.00 0.00
312.00 9.00 6.00 18.00 39.00 12.00 21.00 0.08 4.20 0.00 0.00 0.00 4.00 5.00 5.00 4.00 7.00 2.00 0.00 0.00 0.00 0.00 0.00
313.00 4.00 1.00 4.00 13.00 3.00 9.00 0.10 0.27 0.00 0.00 0.00 0.00 2.00 4.00 2.00 4.00 0.00 0.00 0.00 0.00 0.00 0.00
314.00 11.00 6.00 21.00 54.00 15.00 33.00 0.09 4.68 0.00 1.00 0.00 3.00 6.00 8.00 5.00 8.00 3.00 0.00 0.00 0.00 0.00 0.00
315.00 6.00 3.00 11.00 27.00 8.00 16.00 0.08 2.97 0.00 1.00 0.00 3.00 3.00 3.00 3.00 6.00 0.00 0.00 0.00 0.00 0.00 0.00
316.00 5.00 0.00 4.00 20.00 4.00 16.00 0.09 4.61 0.00 2.00 0.00 2.00 4.00 3.00 1.00 4.00 1.00 0.00 0.00 0.00 0.00 0.00
317.00 9.00 1.00 12.00 38.00 11.00 26.00 0.09 4.59 0.00 0.00 0.00 2.00 4.00 7.00 5.00 8.00 1.00 0.00 0.00 0.00 0.00 0.00
318.00 7.00 5.00 14.00 31.00 9.00 17.00 0.08 2.79 0.00 1.00 0.00 0.00 4.00 7.00 3.00 5.00 2.00 0.00 0.00 0.00 0.00 0.00
319.00 10.00 8.00 22.00 47.00 14.00 25.00 0.08 3.57 0.00 1.00 0.00 2.00 2.00 8.00 8.00 7.00 3.00 0.00 0.00 0.00 0.00 0.00
320.00 6.00 2.00 9.00 25.00 7.00 16.00 0.08 0.21 0.00 1.00 0.00 3.00 4.00 3.00 2.00 5.00 1.00 0.00 0.00 0.00 0.00 0.00
321.00 15.00 7.00 30.00 71.00 23.00 41.00 0.07 4.11 0.00 1.00 0.00 8.00 10.00 7.00 5.00 12.00 3.00 0.00 0.00 0.00 0.00 0.00
322.00 8.00 3.00 11.00 38.00 8.00 27.00 0.09 5.23 0.00 0.00 0.00 3.00 4.00 5.00 4.00 7.00 1.00 0.00 0.00 0.00 0.00 0.00
323.00 8.00 3.00 13.00 38.00 10.00 25.00 0.08 4.92 0.00 0.00 0.00 4.00 5.00 4.00 3.00 5.00 3.00 0.00 0.00 0.00 0.00 0.00
324.00 7.00 1.00 10.00 30.00 9.00 20.00 0.08 4.86 0.00 0.00 0.00 3.00 6.00 4.00 1.00 7.00 0.00 0.00 0.00 0.00 0.00 0.00
325.00 10.00 4.00 16.00 42.00 12.00 26.00 0.08 5.23 0.00 0.00 0.00 6.00 8.00 4.00 2.00 8.00 2.00 0.00 0.00 1.00 0.00 0.00
326.00 7.00 1.00 12.00 31.00 11.00 19.00 0.09 5.16 0.00 1.00 0.00 3.00 6.00 4.00 1.00 7.00 0.00 0.00 0.00 0.00 0.00 0.00
327.00 7.00 1.00 5.00 21.00 4.00 16.00 0.09 2.65 0.00 0.00 0.00 3.00 5.00 4.00 2.00 6.00 1.00 0.00 0.00 0.00 0.00 0.00
328.00 10.00 6.00 19.00 48.00 13.00 29.00 0.10 4.18 0.00 0.00 0.00 2.00 6.00 8.00 4.00 8.00 2.00 0.00 0.00 0.00 0.00 0.00
329.00 3.00 0.00 0.00 2.00 0.00 2.00 0.07 0.25 0.00 0.00 0.00 2.00 3.00 1.00 0.00 3.00 0.00 0.00 0.00 0.00 0.00 0.00
330.00 6.00 1.00 7.00 24.00 6.00 17.00 0.09 3.87 0.00 0.00 0.00 2.00 4.00 4.00 2.00 6.00 0.00 0.00 0.00 0.00 0.00 0.00
331.00 2.00 0.00 0.00 0.00 0.00 0.00 0.08 4.73 0.00 0.00 0.00 2.00 2.00 0.00 0.00 2.00 0.00 0.00 0.00 0.00 0.00 0.00
