0.00 2.00 0.00 0.00 0.00 0.00 0.00 0.10 0.03 0.00 0.00 0.00 2.00 2.00 0.00 0.00 2.00 0.00 0.00 0.00 0.00 0.00 0.00
1.00 5.00 2.00 8.00 20.00 6.00 12.00 0.09 0.16 0.00 0.00 0.00 3.00 4.00 2.00 1.00 5.00 0.00 0.00 0.00 0.00 0.00 0.00
2.00 11.00 3.00 16.00 48.00 13.00 32.00 0.09 2.00 0.00 0.00 0.00 5.00 6.00 6.00 5.00 8.00 3.00 0.00 0.00 0.00 0.00 0.00
3.00 7.00 4.00 14.00 33.00 10.00 19.00 0.08 0.28 0.00 0.00 0.00 1.00 2.00 6.00 5.00 5.00 2.00 0.00 0.00 0.00 0.00 0.00
4.00 7.00 4.00 11.00 31.00 7.00 20.00 0.09 0.28 0.00 0.00 0.00 3.00 5.00 4.00 2.00 6.00 1.00 0.00 0.00 0.00 0.00 0.00
5.00 10.00 4.00 17.00 44.00 13.00 27.00 0.09 1.89 0.00 0.00 0.00 2.00 8.00 8.00 2.00 10.00 0.00 0.00 0.00 0.00 0.00 0.00
6.00 9.00 4.00 16.00 40.00 12.00 24.00 0.08 2.32 0.00 0.00 0.00 4.00 6.00 5.00 3.00 8.00 1.00 0.00 0.00 0.00 0.00 0.00
7.00 10.00 8.00 21.00 45.00 13.00 24.00 0.08 2.03 0.00 0.00 0.00 1.00 5.00 9.00 5.00 8.00 2.00 0.00 0.00 0.00 0.00 0.00
8.00 15.00 9.00 26.00 61.00 17.00 35.00 0.07 3.22 0.00 0.00 0.00 6.00 9.00 9.00 6.00 13.00 2.00 0.00 0.00 0.00 0.00 0.00
9.00 10.00 5.00 19.00 48.00 14.00 29.00 0.08 1.89 0.00 0.00 0.00 3.00 4.00 7.00 6.00 9.00 1.00 0.00 0.00 0.00 0.00 0.00
10.00 13.00 7.00 28.00 62.00 21.00 34.00 0.08 2.90 0.00 0.00 0.00 3.00 8.00 10.00 5.00 11.00 2.00 0.00 0.00 0.00 0.00 0.00
11.00 8.00 4.00 16.00 38.00 12.00 22.00 0.09 2.27 0.00 0.00 0.00 2.00 4.00 6.00 4.00 6.00 2.00 0.00 0.00 0.00 0.00 0.00
12.00 15.00 10.00 33.00 77.00 23.00 44.00 0.08 0.59 0.00 0.00 0.00 5.00 9.00 10.00 6.00 10.00 5.00 0.00 0.00 0.00 0.00 0.00
13.00 10.00 6.00 22.00 52.00 16.00 30.00 0.09 3.90 0.00 1.00 0.00 0.00 5.00 10.00 5.00 9.00 1.00 0.00 0.00 0.00 0.00 0.00
14.00 10.00 0.00 12.00 44.00 12.00 32.00 0.09 4.53 0.00 0.00 0.00 4.00 8.00 6.00 2.00 10.00 0.00 0.00 0.00 0.00 0.00 0.00
15.00 16.00 15.00 38.00 80.00 23.00 42.00 0.06 1.53 0.00 1.00 0.00 4.00 10.00 12.00 6.00 12.00 4.00 0.00 0.00 0.00 1.00 0.00
16.00 15.00 11.00 34.00 77.00 23.00 43.00 0.07 2.51 0.00 0.00 0.00 4.00 9.00 11.00 6.00 9.00 6.00 0.00 0.00 0.00 0.00 0.00
17.00 16.00 15.00 39.00 77.00 24.00 38.00 0.06 2.33 0.00 0.00 0.00 6.00 10.00 10.00 6.00 12.00 4.00 0.00 0.00 0.00 0.00 0.00
18.00 14.00 12.00 34.00 72.00 22.00 38.00 0.10 3.26 0.00 0.00 0.00 4.00 6.00 10.00 8.00 11.00 3.00 0.00 0.00 0.00 0.00 0.00
19.00 11.00 4.00 23.00 54.00 19.00 31.00 0.07 3.82 0.00 0.00 0.00 5.00 7.00 6.00 4.00 9.00 2.00 0.00 0.00 0.00 0.00 0.00
20.00 7.00 2.00 13.00 29.00 11.00 16.00 0.08 2.27 0.00 0.00 0.00 2.00 6.00 5.00 1.00 6.00 1.00 0.00 0.00 0.00 0.00 0.00
21.00 10.00 5.00 14.00 43.00 9.00 29.00 0.09 0.55 0.00 0.00 0.00 3.00 7.00 7.00 3.00 10.00 0.00 0.00 0.00 0.00 0.00 0.00
22.00 17.00 14.00 42.00 80.00 28.00 38.00 0.07 2.87 1.00 1.00 1.00 7.00 12.00 10.00 5.00 15.00 2.00 0.00 0.00 0.00 0.00 0.00
23.00 22.00 16.00 52.00 109.00 36.00 57.00 0.08 2.23 0.00 0.00 0.00 5.00 10.00 17.00 12.00 17.00 5.00 0.00 0.00 0.00 0.00 0.00
24.00 10.00 7.00 18.00 45.00 11.00 27.00 0.07 0.47 0.00 0.00 0.00 5.00 6.00 5.00 4.00 9.00 1.00 0.00 0.00 0.00 0.00 0.00
25.00 26.00 26.00 61.00 124.00 35.00 63.00 0.10 2.83 1.00 0.00 0.00 8.00 10.00 18.00 16.00 17.00 9.00 0.00 0.00 0.00 0.00 0.00
26.00 22.00 17.00 50.00 111.00 33.00 61.00 0.07 2.07 0.00 0.00 0.00 9.00 13.00 13.00 9.00 17.00 5.00 0.00 0.00 0.00 0.00 0.00
27.00 26.00 22.00 70.00 134.00 48.00 64.00 0.08 1.44 0.00 1.00 0.00 11.00 13.00 15.00 13.00 17.00 9.00 0.00 1.00 0.00 0.00 0.00
28.00 15.00 8.00 34.00 74.00 26.00 40.00 0.09 0.58 0.00 0.00 0.00 2.00 8.00 13.00 7.00 12.00 3.00 0.00 0.00 0.00 0.00 0.00
29.00 26.00 25.00 71.00 142.00 46.00 71.00 0.10 1.99 0.00 1.00 0.00 6.00 11.00 20.00 15.00 18.00 8.00 0.00 0.00 0.00 0.00 0.00
30.00 26.00 31.00 80.00 134.00 49.00 54.00 0.09 1.34 0.00 1.00 0.00 8.00 13.00 18.00 13.00 20.00 6.00 0.00 1.00 1.00 0.00 0.00
31.00 24.00 23.00 60.00 121.00 37.00 61.00 0.10 0.78 0.00 1.00 0.00 7.00 17.00 17.00 7.00 19.00 5.00 0.00 1.00 0.00 0.00 0.00
32.00 26.00 25.00 67.00 134.00 42.00 67.00 0.08 1.38 1.00 3.00 0.33 4.00 14.00 22.00 12.00 16.00 10.00 0.00 0.00 0.00 0.00 0.00
33.00 31.00 37.00 92.00 158.00 55.00 66.00 0.08 1.29 1.00 1.00 1.00 6.00 16.00 25.00 15.00 23.00 8.00 0.00 1.00 0.00 0.00 0.00
34.00 35.00 33.00 94.00 180.00 61.00 86.00 0.07 1.83 1.00 0.00 0.00 7.00 16.00 28.00 19.00 21.00 14.00 0.00 0.00 0.00 0.00 0.00
35.00 27.00 28.00 81.00 147.00 53.00 66.00 0.08 1.79 1.00 1.00 1.00 6.00 10.00 21.00 17.00 16.00 11.00 0.00 1.00 0.00 0.00 0.00
36.00 26.00 31.00 81.00 142.00 50.00 61.00 0.09 0.80 1.00 1.00 1.00 1.00 8.00 25.00 18.00 11.00 15.00 0.00 1.00 1.00 0.00 0.00
37.00 28.00 28.00 81.00 142.00 53.00 61.00 0.09 1.44 1.00 1.00 1.00 3.00 12.00 25.00 16.00 19.00 9.00 0.00 0.00 0.00 0.00 0.00
38.00 28.00 29.00 82.00 159.00 53.00 77.00 0.08 1.87 0.00 0.00 0.00 6.00 11.00 22.00 17.00 18.00 10.00 0.00 0.00 0.00 0.00 0.00
39.00 30.00 29.00 92.00 159.00 63.00 67.00 0.09 0.78 1.00 3.00 0.33 10.00 16.00 20.00 14.00 21.00 9.00 0.00 0.00 0.00 0.00 0.00
40.00 31.00 34.00 90.00 157.00 56.00 67.00 0.08 2.47 1.00 2.00 0.50 6.00 16.00 25.00 15.00 19.00 12.00 0.00 1.00 0.00 0.00 0.00
41.00 27.00 24.00 79.00 138.00 55.00 59.00 0.09 1.29 1.00 3.00 0.33 4.00 9.00 23.00 18.00 16.00 11.00 0.00 0.00 0.00 0.00 0.00
42.00 26.00 28.00 81.00 137.00 53.00 56.00 0.08 1.88 1.00 2.00 0.50 3.00 12.00 23.00 14.00 15.00 11.00 0.00 0.00 0.00 0.00 0.00
43.00 25.00 24.00 71.00 133.00 47.00 62.00 0.08 1.27 1.00 2.00 0.50 6.00 14.00 19.00 11.00 18.00 7.00 0.00 0.00 0.00 0.00 0.00
44.00 29.00 38.00 94.00 151.00 56.00 57.00 0.07 1.77 0.00 3.00 0.00 6.00 17.00 23.00 12.00 24.00 5.00 0.00 0.00 0.00 0.00 0.00
45.00 25.00 26.00 66.00 129.00 40.00 63.00 0.08 1.95 1.00 1.00 1.00 2.00 7.00 23.00 18.00 14.00 11.00 0.00 0.00 0.00 1.00 0.00
46.00 24.00 19.00 65.00 121.00 46.00 56.00 0.08 2.22 0.00 1.00 0.00 7.00 11.00 17.00 13.00 15.00 9.00 0.00 0.00 0.00 0.00 0.00
47.00 23.00 19.00 63.00 122.00 44.00 59.00 0.07 1.30 1.00 1.00 1.00 6.00 13.00 17.00 10.00 16.00 7.00 0.00 0.00 1.00 0.00 0.00
48.00 28.00 23.00 78.00 150.00 55.00 72.00 0.07 1.44 1.00 1.00 1.00 7.00 11.00 21.00 17.00 20.00 8.00 0.00 1.00 0.00 0.00 0.00
49.00 26.00 21.00 72.00 140.00 51.00 68.00 0.09 0.84 1.00 3.00 0.33 5.00 11.00 21.00 15.00 18.00 8.00 0.00 0.00 0.00 0.00 0.00
50.00 29.00 25.00 75.00 141.00 50.00 66.00 0.07 2.23 1.00 0.00 0.00 10.00 12.00 19.00 17.00 14.00 15.00 0.00 1.00 1.00 0.00 0.00
51.00 34.00 34.00 90.00 169.00 56.00 79.00 0.09 2.60 3.00 3.00 1.00 8.00 18.00 26.00 16.00 22.00 12.00 0.00 1.00 0.00 0.00 0.00
52.00 38.00 40.00 112.00 197.00 72.00 85.00 0.09 2.19 2.00 2.00 1.00 8.00 16.00 30.00 22.00 25.00 13.00 0.00 0.00 0.00 0.00 0.00
53.00 27.00 30.00 83.00 144.00 53.00 61.00 0.09 1.86 2.00 0.00 0.00 3.00 7.00 24.00 20.00 14.00 13.00 0.00 1.00 0.00 1.00 0.00
54.00 31.00 39.00 95.00 168.00 56.00 73.00 0.08 1.34 2.00 0.00 0.00 10.00 12.00 21.00 19.00 16.00 15.00 0.00 0.00 0.00 1.00 0.00
55.00 37.00 48.00 115.00 189.00 67.00 74.00 0.08 1.74 2.00 3.00 0.67 8.00 12.00 29.00 25.00 20.00 17.00 0.00 1.00 0.00 0.00 0.00
56.00 32.00 39.00 102.00 169.00 63.00 67.00 0.09 2.40 1.00 3.00 0.33 5.00 11.00 27.00 21.00 17.00 15.00 0.00 0.00 0.00 0.00 0.00
57.00 29.00 35.00 81.00 145.00 46.00 64.00 0.09 0.95 1.00 1.00 1.00 4.00 9.00 25.00 20.00 17.00 12.00 0.00 1.00 0.00 0.00 0.00
58.00 25.00 24.00 70.00 131.00 46.00 61.00 0.08 0.85 1.00 0.00 0.00 7.00 14.00 18.00 11.00 21.00 4.00 0.00 1.00 0.00 0.00 0.00
59.00 30.00 29.00 80.00 155.00 51.00 75.00 0.08 1.40 1.00 0.00 0.00 10.00 20.00 20.00 10.00 23.00 7.00 0.00 1.00 1.00 0.00 0.00
60.00 21.00 17.00 55.00 112.00 38.00 57.00 0.08 3.05 1.00 2.00 0.50 4.00 10.00 17.00 11.00 13.00 8.00 0.00 0.00 0.00 0.00 0.00
61.00 37.00 49.00 118.00 192.00 69.00 74.00 0.09 1.46 2.00 2.00 1.00 5.00 8.00 32.00 29.00 19.00 18.00 0.00 1.00 0.00 0.00 0.00
62.00 39.00 44.00 121.00 194.00 77.00 73.00 0.08 1.53 2.00 1.00 2.00 8.00 16.00 31.00 23.00 23.00 16.00 0.00 1.00 1.00 0.00 0.00
63.00 30.00 25.00 87.00 158.00 62.00 71.00 0.09 1.46 2.00 3.00 0.67 7.00 14.00 23.00 16.00 18.00 12.00 0.00 0.00 0.00 0.00 0.00
64.00 36.00 39.00 113.00 196.00 74.00 83.00 0.10 1.49 2.00 3.00 0.67 10.00 14.00 26.00 22.00 20.00 16.00 0.00 0.00 1.00 0.00 0.00
65.00 40.00 48.00 124.00 209.00 76.00 85.00 0.10 2.64 3.00 5.00 0.60 6.00 16.00 34.00 24.00 20.00 20.00 0.00 0.00 0.00 0.00 0.00
66.00 34.00 46.00 108.00 180.00 62.00 72.00 0.08 1.34 2.00 2.00 1.00 5.00 9.00 29.00 25.00 21.00 13.00 0.00 0.00 0.00 1.00 0.00
67.00 34.00 43.00 102.00 186.00 59.00 84.00 0.09 2.14 2.00 4.00 0.50 7.00 14.00 27.00 20.00 19.00 15.00 0.00 1.00 0.00 0.00 0.00
68.00 37.00 45.00 120.00 196.00 75.00 76.00 0.09 1.79 1.00 5.00 0.20 8.00 17.00 29.00 20.00 23.00 14.00 0.00 1.00 0.00 1.00 0.00
69.00 33.00 37.00 103.00 181.00 66.00 78.00 0.08 2.21 1.00 3.00 0.33 3.00 13.00 30.00 20.00 17.00 16.00 0.00 1.00 0.00 0.00 0.00
70.00 34.00 36.00 96.00 179.00 60.00 83.00 0.09 1.34 2.00 1.00 2.00 11.00 18.00 23.00 16.00 20.00 14.00 0.00 1.00 0.00 0.00 0.00
71.00 34.00 35.00 98.00 181.00 63.00 83.00 0.08 2.51 1.00 2.00 0.50 8.00 15.00 26.00 19.00 23.00 11.00 0.00 1.00 1.00 0.00 2.00
72.00 36.00 35.00 116.00 190.00 81.00 74.00 0.09 2.10 1.00 3.00 0.33 7.00 13.00 29.00 23.00 17.00 19.00 0.00 0.00 1.00 0.00 1.00
73.00 37.00 42.00 111.00 195.00 69.00 84.00 0.08 2.39 1.00 1.00 1.00 10.00 18.00 27.00 19.00 22.00 15.00 0.00 0.00 1.00 0.00 0.00
74.00 35.00 45.00 117.00 193.00 72.00 76.00 0.09 1.46 1.00 2.00 0.50 8.00 15.00 27.00 20.00 22.00 13.00 0.00 1.00 0.00 0.00 0.00
75.00 37.00 45.00 114.00 194.00 69.00 80.00 0.08 2.08 2.00 4.00 0.50 9.00 21.00 28.00 16.00 26.00 11.00 0.00 1.00 0.00 0.00 0.00
76.00 39.00 52.00 116.00 205.00 64.00 89.00 0.08 2.36 2.00 2.00 1.00 12.00 20.00 27.00 19.00 28.00 11.00 0.00 1.00 0.00 0.00 0.00
77.00 33.00 46.00 106.00 173.00 60.00 67.00 0.08 1.36 1.00 1.00 1.00 3.00 8.00 30.00 25.00 11.00 22.00 1.00 1.00 0.00 0.00 0.00
78.00 37.00 36.00 118.00 188.00 82.00 70.00 0.09 2.33 1.00 4.00 0.25 11.00 15.00 26.00 22.00 23.00 14.00 0.00 0.00 0.00 0.00 0.00
79.00 34.00 49.00 117.00 186.00 68.00 69.00 0.08 1.40 1.00 4.00 0.25 4.00 9.00 30.00 25.00 15.00 19.00 0.00 1.00 0.00 0.00 0.00
80.00 36.00 41.00 113.00 191.00 72.00 78.00 0.08 2.50 1.00 4.00 0.25 4.00 10.00 32.00 26.00 21.00 15.00 0.00 0.00 0.00 0.00 0.00
81.00 34.00 38.00 107.00 184.00 69.00 77.00 0.07 1.66 1.00 3.00 0.33 13.00 17.00 21.00 17.00 22.00 12.00 0.00 1.00 0.00 0.00 0.00
82.00 35.00 38.00 99.00 170.00 61.00 71.00 0.10 2.41 1.00 3.00 0.33 9.00 16.00 26.00 19.00 22.00 13.00 0.00 0.00 0.00 1.00 0.00
83.00 34.00 36.00 109.00 182.00 73.00 73.00 0.09 2.41 1.00 4.00 0.25 10.00 15.00 24.00 19.00 22.00 12.00 0.00 0.00 0.00 0.00 0.00
84.00 34.00 44.00 100.00 171.00 56.00 71.00 0.07 1.06 0.00 5.00 0.00 7.00 16.00 27.00 18.00 21.00 13.00 0.00 1.00 0.00 0.00 0.00
85.00 34.00 40.00 107.00 175.00 67.00 68.00 0.09 1.85 0.00 2.00 0.00 9.00 13.00 25.00 21.00 18.00 16.00 0.00 1.00 0.00 0.00 0.00
86.00 29.00 31.00 92.00 152.00 61.00 60.00 0.09 1.81 1.00 2.00 0.50 4.00 10.00 25.00 19.00 17.00 12.00 0.00 0.00 0.00 0.00 0.00
87.00 34.00 47.00 109.00 178.00 62.00 69.00 0.10 0.98 1.00 4.00 0.25 6.00 11.00 28.00 23.00 19.00 15.00 0.00 1.00 0.00 0.00 0.00
88.00 35.00 46.00 109.00 179.00 63.00 70.00 0.08 1.44 1.00 4.00 0.25 5.00 11.00 30.00 24.00 20.00 15.00 0.00 1.00 0.00 0.00 0.00
89.00 35.00 44.00 112.00 184.00 68.00 72.00 0.08 1.37 1.00 4.00 0.25 7.00 13.00 28.00 22.00 19.00 16.00 0.00 0.00 0.00 0.00 0.00
90.00 37.00 49.00 116.00 192.00 67.00 76.00 0.08 1.33 1.00 3.00 0.33 8.00 16.00 29.00 21.00 22.00 15.00 0.00 1.00 1.00 1.00 0.00
91.00 37.00 41.00 106.00 179.00 65.00 73.00 0.09 1.05 0.00 2.00 0.00 10.00 19.00 27.00 18.00 24.00 13.00 0.00 1.00 0.00 0.00 0.00
92.00 37.00 46.00 112.00 193.00 66.00 81.00 0.08 1.27 1.00 4.00 0.25 8.00 17.00 29.00 20.00 19.00 18.00 0.00 1.00 0.00 0.00 0.00
93.00 29.00 30.00 88.00 155.00 58.00 67.00 0.08 0.92 1.00 3.00 0.33 5.00 14.00 24.00 15.00 18.00 11.00 0.00 0.00 0.00 0.00 0.00
94.00 33.00 41.00 105.00 181.00 64.00 76.00 0.07 1.31 2.00 3.00 0.67 4.00 11.00 29.00 22.00 15.00 18.00 0.00 0.00 0.00 0.00 0.00
95.00 34.00 43.00 109.00 186.00 66.00 77.00 0.08 0.90 1.00 5.00 0.20 7.00 14.00 27.00 20.00 17.00 17.00 0.00 1.00 0.00 0.00 0.00
96.00 36.00 36.00 101.00 190.00 65.00 89.00 0.09 1.79 0.00 5.00 0.00 8.00 15.00 28.00 21.00 21.00 15.00 0.00 0.00 0.00 0.00 0.00
97.00 31.00 33.00 94.00 164.00 61.00 70.00 0.08 1.03 1.00 4.00 0.25 5.00 13.00 26.00 18.00 20.00 11.00 0.00 1.00 0.00 0.00 0.00
98.00 33.00 33.00 98.00 169.00 65.00 71.00 0.08 1.29 1.00 4.00 0.25 5.00 10.00 28.00 23.00 18.00 15.00 0.00 0.00 0.00 0.00 0.00
99.00 31.00 39.00 97.00 157.00 58.00 60.00 0.07 1.74 1.00 3.00 0.33 12.00 16.00 19.00 15.00 22.00 9.00 0.00 0.00 0.00 0.00 0.00
100.00 34.00 36.00 95.00 172.00 59.00 77.00 0.08 2.54 1.00 2.00 0.50 13.00 18.00 21.00 16.00 25.00 9.00 0.00 1.00 0.00 1.00 0.00
101.00 35.00 49.00 108.00 171.00 59.00 63.00 0.09 1.79 1.00 2.00 0.50 9.00 18.00 26.00 17.00 26.00 9.00 0.00 1.00 0.00 0.00 0.00
102.00 32.00 38.00 95.00 168.00 57.00 73.00 0.09 2.24 0.00 3.00 0.00 4.00 13.00 28.00 19.00 17.00 15.00 0.00 1.00 0.00 0.00 0.00
103.00 41.00 50.00 105.00 192.00 55.00 87.00 0.08 2.20 1.00 5.00 0.20 8.00 19.00 33.00 22.00 26.00 15.00 0.00 0.00 0.00 0.00 0.00
104.00 32.00 39.00 89.00 150.00 50.00 61.00 0.08 1.91 1.00 2.00 0.50 7.00 12.00 25.00 20.00 19.00 13.00 0.00 0.00 0.00 0.00 0.00
105.00 33.00 44.00 93.00 166.00 49.00 73.00 0.09 1.77 1.00 5.00 0.20 5.00 19.00 28.00 14.00 24.00 9.00 0.00 1.00 0.00 0.00 1.00
106.00 32.00 31.00 95.00 166.00 64.00 71.00 0.08 1.32 0.00 4.00 0.00 3.00 14.00 29.00 18.00 20.00 12.00 0.00 1.00 0.00 0.00 0.00
107.00 34.00 36.00 101.00 173.00 65.00 72.00 0.08 1.81 1.00 5.00 0.20 9.00 16.00 25.00 18.00 21.00 13.00 0.00 0.00 0.00 0.00 0.00
108.00 38.00 44.00 118.00 203.00 74.00 85.00 0.09 2.06 0.00 5.00 0.00 11.00 18.00 27.00 20.00 23.00 15.00 0.00 1.00 0.00 0.00 0.00
109.00 45.00 62.00 140.00 230.00 78.00 90.00 0.09 2.43 1.00 5.00 0.20 10.00 20.00 35.00 25.00 25.00 20.00 1.00 1.00 0.00 0.00 0.00
110.00 41.00 53.00 121.00 208.00 68.00 87.00 0.08 2.55 1.00 5.00 0.20 9.00 22.00 32.00 19.00 32.00 9.00 0.00 1.00 0.00 1.00 0.00
111.00 34.00 44.00 97.00 173.00 53.00 76.00 0.07 2.07 1.00 2.00 0.50 8.00 16.00 26.00 18.00 24.00 10.00 0.00 1.00 0.00 0.00 0.00
112.00 34.00 50.00 105.00 177.00 55.00 72.00 0.08 2.18 1.00 4.00 0.25 8.00 12.00 26.00 22.00 17.00 17.00 0.00 0.00 1.00 0.00 0.00
113.00 36.00 57.00 107.00 193.00 50.00 86.00 0.09 2.09 1.00 4.00 0.25 11.00 18.00 25.00 18.00 26.00 10.00 0.00 1.00 0.00 0.00 0.00
114.00 37.00 44.00 118.00 190.00 74.00 72.00 0.08 2.32 1.00 2.00 0.50 8.00 15.00 29.00 22.00 23.00 14.00 0.00 1.00 1.00 0.00 0.00
115.00 36.00 34.00 106.00 192.00 72.00 86.00 0.07 1.95 1.00 3.00 0.33 8.00 13.00 28.00 23.00 18.00 18.00 0.00 1.00 1.00 0.00 0.00
116.00 31.00 27.00 89.00 168.00 62.00 79.00 0.09 2.27 1.00 4.00 0.25 8.00 17.00 23.00 14.00 21.00 10.00 0.00 0.00 0.00 0.00 1.00
117.00 39.00 49.00 112.00 199.00 63.00 87.00 0.08 2.49 2.00 3.00 0.67 8.00 18.00 31.00 21.00 23.00 16.00 0.00 0.00 0.00 0.00 0.00
118.00 40.00 47.00 113.00 204.00 66.00 91.00 0.08 2.81 2.00 4.00 0.50 10.00 15.00 30.00 25.00 26.00 14.00 0.00 0.00 0.00 0.00 0.00
119.00 39.00 52.00 120.00 198.00 68.00 78.00 0.09 3.27 3.00 2.00 1.50 12.00 20.00 27.00 19.00 25.00 14.00 1.00 0.00 0.00 1.00 0.00
120.00 35.00 37.00 96.00 177.00 59.00 81.00 0.10 2.55 0.00 3.00 0.00 9.00 19.00 26.00 16.00 26.00 9.00 0.00 0.00 0.00 0.00 0.00
121.00 38.00 44.00 122.00 202.00 78.00 80.00 0.08 2.84 2.00 1.00 2.00 6.00 15.00 32.00 23.00 22.00 16.00 0.00 1.00 1.00 0.00 0.00
122.00 36.00 44.00 109.00 190.00 65.00 81.00 0.08 1.85 2.00 3.00 0.67 6.00 17.00 30.00 19.00 19.00 17.00 0.00 0.00 0.00 0.00 0.00
123.00 33.00 42.00 98.00 185.00 56.00 87.00 0.08 2.10 1.00 1.00 1.00 8.00 11.00 25.00 22.00 17.00 16.00 0.00 0.00 0.00 1.00 1.00
124.00 39.00 56.00 129.00 210.00 73.00 81.00 0.08 2.36 1.00 4.00 0.25 8.00 15.00 31.00 24.00 19.00 20.00 1.00 1.00 0.00 1.00 0.00
125.00 36.00 41.00 111.00 191.00 70.00 80.00 0.09 1.72 1.00 4.00 0.25 8.00 13.00 28.00 23.00 17.00 19.00 0.00 0.00 0.00 0.00 0.00
126.00 35.00 49.00 116.00 190.00 67.00 74.00 0.09 2.11 1.00 2.00 0.50 4.00 10.00 31.00 25.00 17.00 18.00 1.00 0.00 1.00 0.00 0.00
127.00 34.00 46.00 103.00 173.00 57.00 70.00 0.09 2.03 1.00 2.00 0.50 5.00 12.00 29.00 22.00 20.00 14.00 1.00 1.00 0.00 0.00 0.00
128.00 39.00 49.00 122.00 211.00 73.00 89.00 0.08 2.05 1.00 4.00 0.25 3.00 10.00 36.00 29.00 20.00 19.00 1.00 0.00 2.00 0.00 0.00
129.00 35.00 45.00 99.00 187.00 54.00 88.00 0.08 2.11 1.00 2.00 0.50 9.00 18.00 26.00 17.00 22.00 13.00 1.00 0.00 1.00 0.00 0.00
130.00 35.00 50.00 113.00 182.00 63.00 69.00 0.08 2.02 1.00 3.00 0.33 5.00 12.00 30.00 23.00 17.00 18.00 0.00 1.00 0.00 0.00 0.00
131.00 35.00 48.00 111.00 184.00 63.00 73.00 0.09 1.84 1.00 3.00 0.33 2.00 11.00 33.00 24.00 20.00 15.00 1.00 1.00 0.00 0.00 0.00
132.00 40.00 46.00 124.00 212.00 78.00 88.00 0.09 2.48 1.00 3.00 0.33 8.00 8.00 32.00 32.00 18.00 22.00 1.00 0.00 1.00 0.00 0.00
133.00 37.00 42.00 116.00 194.00 74.00 78.00 0.09 1.94 0.00 2.00 0.00 5.00 15.00 32.00 22.00 22.00 15.00 1.00 1.00 0.00 0.00 0.00
134.00 35.00 42.00 108.00 182.00 66.00 74.00 0.07 2.02 1.00 3.00 0.33 9.00 22.00 26.00 13.00 24.00 11.00 1.00 1.00 0.00 0.00 0.00
135.00 27.00 30.00 79.00 141.00 49.00 62.00 0.09 1.50 1.00 2.00 0.50 4.00 8.00 23.00 19.00 14.00 13.00 1.00 1.00 0.00 0.00 0.00
136.00 34.00 35.00 101.00 178.00 66.00 77.00 0.07 1.35 2.00 3.00 0.67 11.00 16.00 23.00 18.00 21.00 13.00 1.00 0.00 0.00 0.00 0.00
137.00 37.00 48.00 119.00 198.00 71.00 79.00 0.08 1.99 1.00 3.00 0.33 9.00 16.00 28.00 21.00 20.00 17.00 1.00 1.00 0.00 0.00 0.00
138.00 38.00 46.00 124.00 199.00 78.00 75.00 0.08 1.71 1.00 3.00 0.33 9.00 16.00 29.00 22.00 24.00 14.00 1.00 1.00 0.00 0.00 0.00
139.00 36.00 43.00 106.00 188.00 63.00 82.00 0.08 2.32 1.00 3.00 0.33 9.00 11.00 27.00 25.00 17.00 19.00 1.00 1.00 0.00 1.00 0.00
140.00 38.00 51.00 127.00 198.00 76.00 71.00 0.10 1.68 1.00 4.00 0.25 4.00 10.00 34.00 28.00 20.00 18.00 1.00 1.00 0.00 0.00 0.00
141.00 38.00 47.00 125.00 202.00 78.00 77.00 0.08 2.05 1.00 4.00 0.25 4.00 12.00 34.00 26.00 23.00 15.00 1.00 0.00 0.00 0.00 0.00
142.00 40.00 59.00 128.00 210.00 69.00 82.00 0.08 2.28 1.00 5.00 0.20 8.00 15.00 32.00 25.00 23.00 17.00 1.00 1.00 1.00 0.00 0.00
143.00 41.00 53.00 140.00 222.00 87.00 82.00 0.09 2.30 0.00 4.00 0.00 4.00 13.00 37.00 28.00 17.00 24.00 0.00 1.00 1.00 1.00 0.00
144.00 41.00 52.00 136.00 213.00 84.00 77.00 0.09 2.32 1.00 3.00 0.33 10.00 20.00 31.00 21.00 23.00 18.00 0.00 1.00 0.00 1.00 0.00
145.00 37.00 48.00 113.00 190.00 65.00 77.00 0.09 2.25 1.00 5.00 0.20 6.00 12.00 31.00 25.00 20.00 17.00 1.00 1.00 0.00 0.00 0.00
146.00 44.00 59.00 136.00 222.00 77.00 86.00 0.08 1.84 1.00 6.00 0.17 8.00 15.00 36.00 29.00 27.00 17.00 1.00 0.00 0.00 0.00 0.00
147.00 39.00 49.00 119.00 196.00 70.00 77.00 0.09 1.45 1.00 7.00 0.14 10.00 17.00 29.00 22.00 25.00 14.00 0.00 1.00 0.00 0.00 0.00
148.00 40.00 48.00 129.00 214.00 81.00 85.00 0.07 1.78 1.00 5.00 0.20 10.00 18.00 30.00 22.00 21.00 19.00 0.00 1.00 0.00 0.00 0.00
149.00 46.00 66.00 145.00 222.00 79.00 77.00 0.09 1.98 1.00 5.00 0.20 12.00 24.00 34.00 22.00 30.00 16.00 0.00 0.00 0.00 0.00 1.00
150.00 34.00 34.00 100.00 175.00 66.00 75.00 0.09 1.71 0.00 5.00 0.00 7.00 15.00 27.00 19.00 21.00 13.00 0.00 1.00 0.00 0.00 1.00
151.00 37.00 58.00 115.00 192.00 57.00 77.00 0.09 1.58 1.00 6.00 0.17 10.00 12.00 27.00 25.00 22.00 15.00 0.00 0.00 0.00 0.00 0.00
152.00 44.00 44.00 132.00 227.00 88.00 95.00 0.07 2.04 1.00 4.00 0.25 9.00 20.00 35.00 24.00 30.00 14.00 0.00 0.00 0.00 0.00 1.00
153.00 43.00 66.00 147.00 218.00 81.00 71.00 0.07 2.20 1.00 5.00 0.20 7.00 18.00 36.00 25.00 25.00 18.00 0.00 1.00 0.00 0.00 1.00
154.00 37.00 50.00 121.00 199.00 71.00 78.00 0.10 1.97 1.00 6.00 0.17 5.00 11.00 32.00 26.00 23.00 14.00 0.00 0.00 1.00 0.00 1.00
155.00 49.00 76.00 161.00 255.00 85.00 94.00 0.08 2.17 2.00 6.00 0.33 14.00 21.00 35.00 28.00 30.00 19.00 0.00 1.00 0.00 0.00 0.00
156.00 38.00 54.00 114.00 207.00 60.00 93.00 0.08 2.21 2.00 7.00 0.29 6.00 13.00 32.00 25.00 19.00 19.00 0.00 1.00 0.00 0.00 0.00
157.00 40.00 54.00 127.00 206.00 73.00 79.00 0.07 1.96 1.00 4.00 0.25 9.00 16.00 31.00 24.00 23.00 17.00 0.00 1.00 0.00 0.00 0.00
158.00 50.00 60.00 153.00 249.00 93.00 96.00 0.07 2.59 1.00 6.00 0.17 13.00 24.00 37.00 26.00 30.00 20.00 0.00 1.00 0.00 0.00 0.00
159.00 38.00 40.00 114.00 200.00 74.00 86.00 0.08 2.17 2.00 4.00 0.50 8.00 17.00 30.00 21.00 21.00 17.00 0.00 1.00 1.00 0.00 0.00
160.00 51.00 75.00 156.00 260.00 81.00 104.00 0.08 2.09 1.00 4.00 0.25 11.00 21.00 40.00 30.00 33.00 18.00 0.00 1.00 0.00 0.00 2.00
161.00 41.00 62.00 131.00 208.00 69.00 77.00 0.09 2.23 1.00 5.00 0.20 11.00 21.00 30.00 20.00 28.00 13.00 0.00 1.00 1.00 0.00 0.00
162.00 39.00 50.00 117.00 209.00 67.00 92.00 0.10 2.17 1.00 6.00 0.17 7.00 14.00 32.00 25.00 23.00 16.00 0.00 1.00 2.00 0.00 1.00
163.00 40.00 45.00 116.00 213.00 71.00 97.00 0.08 2.42 1.00 6.00 0.17 6.00 13.00 34.00 27.00 23.00 17.00 0.00 0.00 1.00 0.00 2.00
164.00 42.00 62.00 146.00 228.00 84.00 82.00 0.09 2.67 1.00 6.00 0.17 4.00 7.00 38.00 35.00 11.00 31.00 0.00 1.00 0.00 0.00 0.00
165.00 46.00 72.00 146.00 226.00 74.00 80.00 0.09 2.55 1.00 6.00 0.17 10.00 19.00 36.00 27.00 29.00 17.00 0.00 1.00 0.00 0.00 0.00
166.00 40.00 54.00 129.00 212.00 75.00 83.00 0.07 2.97 2.00 3.00 0.67 9.00 16.00 31.00 24.00 22.00 18.00 0.00 1.00 2.00 0.00 0.00
167.00 44.00 56.00 133.00 231.00 77.00 98.00 0.08 3.07 1.00 3.00 0.33 11.00 19.00 33.00 25.00 26.00 18.00 0.00 1.00 2.00 0.00 1.00
168.00 39.00 55.00 129.00 204.00 74.00 75.00 0.08 3.11 1.00 4.00 0.25 5.00 16.00 34.00 23.00 24.00 15.00 0.00 1.00 3.00 0.00 0.00
169.00 39.00 63.00 131.00 205.00 68.00 74.00 0.08 2.80 1.00 4.00 0.25 11.00 15.00 28.00 24.00 22.00 17.00 0.00 1.00 1.00 0.00 0.00
170.00 41.00 54.00 121.00 217.00 67.00 96.00 0.09 2.96 1.00 4.00 0.25 10.00 20.00 31.00 21.00 27.00 14.00 1.00 0.00 1.00 0.00 0.00
171.00 35.00 39.00 108.00 193.00 69.00 85.00 0.09 2.32 0.00 3.00 0.00 6.00 15.00 29.00 20.00 20.00 15.00 0.00 0.00 1.00 0.00 0.00
172.00 35.00 37.00 106.00 186.00 69.00 80.00 0.08 2.92 1.00 5.00 0.20 11.00 18.00 24.00 17.00 24.00 11.00 0.00 0.00 1.00 0.00 0.00
173.00 43.00 60.00 141.00 220.00 81.00 79.00 0.09 2.94 1.00 4.00 0.25 12.00 19.00 31.00 24.00 28.00 15.00 0.00 1.00 1.00 0.00 0.00
174.00 41.00 61.00 132.00 220.00 71.00 88.00 0.08 2.70 1.00 3.00 0.33 8.00 17.00 33.00 24.00 23.00 18.00 1.00 1.00 0.00 0.00 0.00
175.00 38.00 58.00 118.00 203.00 60.00 85.00 0.08 2.48 1.00 5.00 0.20 8.00 17.00 30.00 21.00 21.00 17.00 1.00 1.00 1.00 0.00 0.00
176.00 45.00 69.00 139.00 224.00 70.00 85.00 0.07 3.19 1.00 6.00 0.17 9.00 18.00 36.00 27.00 27.00 18.00 1.00 1.00 1.00 0.00 0.00
177.00 41.00 49.00 129.00 205.00 80.00 76.00 0.08 2.56 1.00 6.00 0.17 9.00 18.00 32.00 23.00 26.00 15.00 1.00 0.00 1.00 0.00 0.00
178.00 40.00 50.00 127.00 210.00 77.00 83.00 0.08 2.84 2.00 4.00 0.50 10.00 19.00 30.00 21.00 22.00 18.00 1.00 1.00 1.00 0.00 0.00
179.00 44.00 60.00 133.00 218.00 73.00 85.00 0.08 2.91 1.00 4.00 0.25 11.00 15.00 33.00 29.00 29.00 15.00 1.00 1.00 0.00 0.00 0.00
180.00 39.00 55.00 125.00 208.00 70.00 83.00 0.07 2.30 2.00 4.00 0.50 6.00 14.00 33.00 25.00 21.00 18.00 1.00 1.00 0.00 0.00 0.00
181.00 43.00 59.00 136.00 221.00 77.00 85.00 0.06 2.98 1.00 6.00 0.17 11.00 20.00 32.00 23.00 23.00 20.00 1.00 0.00 0.00 0.00 0.00
182.00 40.00 52.00 137.00 215.00 85.00 78.00 0.09 2.81 1.00 7.00 0.14 7.00 11.00 33.00 29.00 18.00 22.00 0.00 0.00 0.00 0.00 0.00
183.00 39.00 63.00 125.00 206.00 62.00 81.00 0.07 2.46 2.00 6.00 0.33 6.00 14.00 33.00 25.00 21.00 18.00 1.00 1.00 0.00 0.00 0.00
184.00 42.00 47.00 130.00 210.00 83.00 80.00 0.09 1.87 1.00 8.00 0.12 13.00 20.00 29.00 22.00 26.00 16.00 1.00 1.00 0.00 0.00 0.00
185.00 41.00 56.00 135.00 212.00 79.00 77.00 0.08 3.02 0.00 7.00 0.00 6.00 13.00 35.00 28.00 21.00 20.00 1.00 0.00 0.00 0.00 0.00
186.00 52.00 81.00 165.00 264.00 84.00 99.00 0.08 3.30 1.00 7.00 0.14 11.00 23.00 41.00 29.00 30.00 22.00 1.00 1.00 0.00 0.00 0.00
187.00 46.00 60.00 144.00 236.00 84.00 92.00 0.09 2.79 2.00 8.00 0.25 11.00 19.00 35.00 27.00 26.00 20.00 0.00 1.00 0.00 0.00 0.00
188.00 51.00 73.00 170.00 270.00 97.00 100.00 0.10 3.02 0.00 9.00 0.00 8.00 16.00 43.00 35.00 28.00 23.00 0.00 1.00 0.00 0.00 0.00
189.00 53.00 68.00 177.00 282.00 109.00 105.00 0.09 3.30 1.00 9.00 0.11 7.00 19.00 46.00 34.00 27.00 26.00 0.00 1.00 0.00 0.00 0.00
190.00 50.00 61.00 157.00 265.00 96.00 108.00 0.07 2.91 1.00 8.00 0.12 9.00 18.00 41.00 32.00 27.00 23.00 1.00 1.00 0.00 0.00 0.00
191.00 50.00 64.00 152.00 259.00 88.00 107.00 0.09 2.58 1.00 7.00 0.14 9.00 18.00 41.00 32.00 28.00 22.00 1.00 1.00 0.00 0.00 0.00
192.00 52.00 90.00 174.00 270.00 84.00 96.00 0.06 2.80 1.00 9.00 0.11 12.00 18.00 40.00 34.00 25.00 27.00 1.00 1.00 1.00 0.00 0.00
193.00 52.00 77.00 172.00 276.00 95.00 104.00 0.09 2.96 1.00 9.00 0.11 8.00 15.00 44.00 37.00 25.00 27.00 0.00 0.00 1.00 0.00 0.00
194.00 46.00 66.00 141.00 235.00 75.00 94.00 0.08 3.14 0.00 7.00 0.00 14.00 22.00 32.00 24.00 30.00 16.00 0.00 1.00 0.00 0.00 0.00
195.00 44.00 51.00 137.00 237.00 86.00 100.00 0.08 2.55 1.00 5.00 0.20 8.00 13.00 36.00 31.00 21.00 23.00 0.00 1.00 1.00 0.00 0.00
196.00 46.00 61.00 142.00 237.00 81.00 95.00 0.09 1.95 1.00 8.00 0.12 8.00 18.00 38.00 28.00 23.00 23.00 0.00 1.00 1.00 0.00 0.00
197.00 50.00 64.00 160.00 261.00 96.00 101.00 0.08 3.05 1.00 6.00 0.17 13.00 19.00 37.00 31.00 27.00 23.00 0.00 1.00 0.00 0.00 1.00
198.00 48.00 64.00 144.00 251.00 80.00 107.00 0.08 2.40 2.00 6.00 0.33 9.00 18.00 39.00 30.00 24.00 24.00 0.00 1.00 1.00 0.00 0.00
199.00 50.00 64.00 164.00 262.00 100.00 98.00 0.09 3.27 1.00 7.00 0.14 5.00 17.00 45.00 33.00 26.00 24.00 0.00 0.00 2.00 0.00 0.00
200.00 53.00 74.00 160.00 280.00 86.00 120.00 0.09 2.87 1.00 9.00 0.11 9.00 23.00 44.00 30.00 31.00 22.00 0.00 0.00 1.00 0.00 0.00
201.00 42.00 58.00 141.00 221.00 83.00 80.00 0.07 2.78 1.00 4.00 0.25 10.00 18.00 32.00 24.00 28.00 14.00 0.00 1.00 0.00 0.00 1.00
202.00 46.00 63.00 149.00 240.00 86.00 91.00 0.10 2.47 1.00 7.00 0.14 8.00 19.00 38.00 27.00 26.00 20.00 0.00 1.00 2.00 1.00 1.00
203.00 49.00 66.00 155.00 263.00 89.00 108.00 0.09 2.61 0.00 7.00 0.00 11.00 21.00 38.00 28.00 27.00 22.00 0.00 1.00 1.00 0.00 1.00
204.00 49.00 63.00 147.00 254.00 84.00 107.00 0.06 2.45 0.00 6.00 0.00 11.00 19.00 38.00 30.00 30.00 19.00 0.00 1.00 1.00 0.00 0.00
205.00 44.00 67.00 148.00 228.00 81.00 80.00 0.09 2.66 1.00 6.00 0.17 10.00 18.00 34.00 26.00 26.00 18.00 0.00 0.00 0.00 0.00 0.00
206.00 46.00 54.00 137.00 244.00 83.00 107.00 0.09 2.84 1.00 8.00 0.12 11.00 14.00 35.00 32.00 23.00 23.00 0.00 1.00 0.00 0.00 0.00
207.00 46.00 69.00 153.00 246.00 84.00 93.00 0.08 2.39 1.00 8.00 0.12 7.00 18.00 39.00 28.00 25.00 21.00 0.00 1.00 0.00 0.00 0.00
208.00 48.00 66.00 157.00 245.00 91.00 88.00 0.09 1.94 1.00 7.00 0.14 9.00 17.00 39.00 31.00 27.00 21.00 0.00 0.00 0.00 0.00 0.00
209.00 46.00 69.00 152.00 244.00 83.00 92.00 0.09 1.72 3.00 9.00 0.33 7.00 15.00 39.00 31.00 27.00 19.00 0.00 0.00 0.00 0.00 0.00
210.00 49.00 85.00 164.00 263.00 79.00 99.00 0.07 2.09 1.00 7.00 0.14 4.00 11.00 45.00 38.00 17.00 32.00 0.00 1.00 1.00 1.00 0.00
211.00 51.00 90.00 170.00 268.00 80.00 98.00 0.07 2.56 1.00 7.00 0.14 10.00 20.00 41.00 31.00 24.00 27.00 1.00 1.00 0.00 0.00 0.00
212.00 48.00 71.00 161.00 244.00 90.00 83.00 0.08 2.48 1.00 7.00 0.14 8.00 15.00 40.00 33.00 26.00 22.00 0.00 0.00 0.00 0.00 0.00
213.00 46.00 68.00 143.00 235.00 75.00 92.00 0.10 2.47 1.00 5.00 0.20 10.00 21.00 36.00 25.00 27.00 19.00 0.00 1.00 0.00 0.00 0.00
214.00 45.00 63.00 147.00 240.00 84.00 93.00 0.09 2.77 1.00 7.00 0.14 10.00 15.00 35.00 30.00 26.00 19.00 0.00 1.00 0.00 0.00 0.00
215.00 48.00 78.00 163.00 251.00 85.00 88.00 0.08 2.97 1.00 8.00 0.12 10.00 17.00 38.00 31.00 23.00 25.00 1.00 0.00 0.00 0.00 0.00
216.00 45.00 66.00 151.00 239.00 85.00 88.00 0.08 3.03 0.00 6.00 0.00 8.00 17.00 37.00 28.00 25.00 20.00 0.00 1.00 0.00 0.00 0.00
217.00 46.00 71.00 144.00 241.00 73.00 97.00 0.08 3.34 1.00 6.00 0.17 6.00 15.00 40.00 31.00 27.00 19.00 0.00 1.00 1.00 0.00 0.00
218.00 41.00 68.00 141.00 221.00 73.00 80.00 0.08 2.37 1.00 6.00 0.17 10.00 10.00 31.00 31.00 17.00 24.00 0.00 1.00 0.00 0.00 0.00
219.00 41.00 63.00 134.00 207.00 71.00 73.00 0.09 2.63 1.00 7.00 0.14 7.00 15.00 34.00 26.00 24.00 17.00 0.00 0.00 0.00 0.00 0.00
220.00 52.00 85.00 169.00 259.00 84.00 90.00 0.09 2.56 2.00 7.00 0.29 9.00 21.00 43.00 31.00 27.00 25.00 0.00 1.00 0.00 2.00 0.00
221.00 46.00 69.00 150.00 229.00 81.00 79.00 0.09 1.97 1.00 7.00 0.14 8.00 15.00 38.00 31.00 26.00 20.00 0.00 1.00 0.00 0.00 0.00
222.00 46.00 67.00 150.00 234.00 83.00 84.00 0.09 2.90 1.00 7.00 0.14 14.00 20.00 32.00 26.00 25.00 21.00 0.00 1.00 0.00 0.00 0.00
223.00 41.00 62.00 129.00 218.00 67.00 89.00 0.09 2.56 1.00 7.00 0.14 9.00 19.00 32.00 22.00 25.00 16.00 0.00 0.00 0.00 0.00 0.00
224.00 45.00 66.00 141.00 233.00 75.00 92.00 0.08 2.58 1.00 7.00 0.14 13.00 20.00 32.00 25.00 26.00 19.00 0.00 1.00 0.00 0.00 0.00
225.00 43.00 66.00 135.00 216.00 69.00 81.00 0.07 2.22 1.00 7.00 0.14 11.00 21.00 32.00 22.00 30.00 13.00 0.00 1.00 0.00 0.00 0.00
226.00 42.00 66.00 135.00 211.00 69.00 76.00 0.08 1.84 1.00 8.00 0.12 7.00 15.00 35.00 27.00 24.00 18.00 0.00 1.00 0.00 0.00 0.00
227.00 42.00 62.00 134.00 222.00 72.00 88.00 0.09 2.35 0.00 5.00 0.00 8.00 18.00 34.00 24.00 25.00 17.00 0.00 1.00 0.00 0.00 0.00
228.00 45.00 61.00 132.00 228.00 71.00 96.00 0.09 2.10 1.00 5.00 0.20 8.00 17.00 37.00 28.00 30.00 15.00 0.00 0.00 0.00 0.00 0.00
229.00 39.00 54.00 118.00 195.00 64.00 77.00 0.08 2.70 1.00 4.00 0.25 6.00 14.00 33.00 25.00 18.00 21.00 0.00 1.00 1.00 0.00 0.00
230.00 41.00 57.00 125.00 206.00 68.00 81.00 0.07 2.36 1.00 6.00 0.17 8.00 19.00 33.00 22.00 25.00 16.00 0.00 1.00 0.00 0.00 0.00
231.00 47.00 84.00 162.00 242.00 78.00 80.00 0.09 2.13 1.00 8.00 0.12 6.00 13.00 41.00 34.00 20.00 27.00 0.00 1.00 1.00 0.00 0.00
232.00 45.00 68.00 154.00 238.00 86.00 84.00 0.08 2.00 1.00 5.00 0.20 10.00 15.00 35.00 30.00 23.00 22.00 0.00 1.00 0.00 0.00 0.00
233.00 49.00 65.00 153.00 238.00 88.00 85.00 0.08 2.10 1.00 6.00 0.17 10.00 15.00 39.00 34.00 26.00 23.00 0.00 1.00 1.00 0.00 1.00
234.00 47.00 69.00 148.00 234.00 79.00 86.00 0.08 2.34 1.00 5.00 0.20 10.00 17.00 37.00 30.00 25.00 22.00 0.00 1.00 0.00 0.00 0.00
235.00 46.00 66.00 144.00 236.00 78.00 92.00 0.09 1.99 2.00 5.00 0.40 9.00 15.00 37.00 31.00 26.00 20.00 0.00 1.00 1.00 0.00 0.00
236.00 47.00 72.00 157.00 254.00 85.00 97.00 0.09 2.16 2.00 5.00 0.40 7.00 14.00 40.00 33.00 23.00 24.00 0.00 1.00 2.00 0.00 0.00
237.00 47.00 70.00 145.00 244.00 75.00 99.00 0.08 2.19 2.00 4.00 0.50 12.00 17.00 35.00 30.00 28.00 19.00 0.00 1.00 0.00 0.00 0.00
238.00 44.00 65.00 138.00 229.00 73.00 91.00 0.09 2.33 2.00 7.00 0.29 10.00 17.00 34.00 27.00 23.00 21.00 0.00 1.00 0.00 0.00 0.00
239.00 42.00 52.00 134.00 227.00 82.00 93.00 0.09 1.74 3.00 5.00 0.60 15.00 20.00 27.00 22.00 23.00 19.00 1.00 1.00 0.00 0.00 0.00
240.00 48.00 65.00 140.00 256.00 75.00 116.00 0.10 3.21 2.00 7.00 0.29 12.00 21.00 36.00 27.00 27.00 21.00 0.00 0.00 1.00 0.00 0.00
241.00 38.00 57.00 126.00 203.00 69.00 77.00 0.08 2.34 2.00 5.00 0.40 4.00 11.00 34.00 27.00 17.00 21.00 0.00 1.00 1.00 0.00 0.00
242.00 43.00 58.00 135.00 225.00 77.00 90.00 0.09 2.24 1.00 5.00 0.20 8.00 21.00 35.00 22.00 28.00 15.00 0.00 1.00 0.00 0.00 0.00
243.00 42.00 53.00 123.00 202.00 70.00 79.00 0.09 2.92 0.00 4.00 0.00 10.00 19.00 32.00 23.00 28.00 14.00 0.00 1.00 1.00 0.00 0.00
244.00 43.00 50.00 136.00 222.00 86.00 86.00 0.08 2.06 0.00 6.00 0.00 6.00 17.00 37.00 26.00 23.00 20.00 0.00 1.00 0.00 0.00 0.00
245.00 41.00 55.00 130.00 214.00 75.00 84.00 0.09 2.54 0.00 5.00 0.00 11.00 17.00 30.00 24.00 25.00 16.00 0.00 1.00 2.00 0.00 0.00
246.00 44.00 61.00 133.00 227.00 72.00 94.00 0.09 2.32 0.00 5.00 0.00 11.00 17.00 33.00 27.00 24.00 20.00 0.00 1.00 0.00 0.00 0.00
247.00 41.00 70.00 128.00 211.00 58.00 83.00 0.09 2.39 1.00 5.00 0.20 7.00 18.00 34.00 23.00 24.00 17.00 0.00 1.00 0.00 0.00 0.00
248.00 36.00 46.00 105.00 183.00 59.00 78.00 0.08 2.81 0.00 4.00 0.00 10.00 16.00 26.00 20.00 26.00 10.00 0.00 0.00 0.00 0.00 0.00
249.00 40.00 52.00 129.00 210.00 77.00 81.00 0.08 2.11 0.00 4.00 0.00 8.00 17.00 32.00 23.00 25.00 15.00 0.00 1.00 1.00 0.00 0.00
250.00 37.00 46.00 117.00 196.00 71.00 79.00 0.09 2.33 0.00 4.00 0.00 7.00 16.00 30.00 21.00 25.00 12.00 0.00 0.00 1.00 1.00 0.00
251.00 45.00 62.00 148.00 231.00 86.00 83.00 0.08 2.97 0.00 5.00 0.00 15.00 25.00 30.00 20.00 31.00 14.00 0.00 1.00 0.00 0.00 0.00
252.00 43.00 63.00 140.00 222.00 77.00 82.00 0.06 2.94 1.00 5.00 0.20 8.00 20.00 35.00 23.00 27.00 16.00 0.00 1.00 1.00 0.00 0.00
253.00 36.00 32.00 111.00 196.00 79.00 85.00 0.08 2.39 1.00 6.00 0.17 7.00 16.00 29.00 20.00 25.00 11.00 1.00 0.00 0.00 0.00 0.00
254.00 45.00 57.00 138.00 226.00 81.00 88.00 0.08 2.82 1.00 6.00 0.17 11.00 20.00 34.00 25.00 24.00 21.00 0.00 0.00 0.00 0.00 0.00
255.00 44.00 65.00 141.00 226.00 76.00 85.00 0.09 2.56 2.00 5.00 0.40 5.00 13.00 39.00 31.00 24.00 20.00 1.00 1.00 0.00 0.00 0.00
256.00 38.00 52.00 118.00 201.00 66.00 83.00 0.08 2.40 1.00 5.00 0.20 6.00 14.00 32.00 24.00 23.00 15.00 1.00 0.00 0.00 0.00 0.00
257.00 40.00 54.00 123.00 211.00 69.00 88.00 0.08 2.10 0.00 5.00 0.00 8.00 17.00 32.00 23.00 26.00 14.00 1.00 1.00 0.00 0.00 0.00
258.00 44.00 67.00 145.00 234.00 78.00 89.00 0.08 1.84 0.00 5.00 0.00 7.00 14.00 37.00 30.00 25.00 19.00 1.00 1.00 1.00 0.00 0.00
259.00 39.00 47.00 113.00 201.00 66.00 88.00 0.07 1.79 1.00 4.00 0.25 9.00 14.00 30.00 25.00 22.00 17.00 1.00 1.00 0.00 0.00 0.00
260.00 49.00 67.00 155.00 249.00 88.00 94.00 0.07 2.26 1.00 4.00 0.25 12.00 20.00 37.00 29.00 29.00 20.00 1.00 1.00 1.00 1.00 0.00
261.00 38.00 39.00 108.00 200.00 69.00 92.00 0.09 1.92 0.00 4.00 0.00 11.00 17.00 27.00 21.00 22.00 16.00 0.00 1.00 1.00 0.00 0.00
262.00 45.00 49.00 133.00 239.00 84.00 106.00 0.09 2.32 2.00 5.00 0.40 7.00 16.00 38.00 29.00 25.00 20.00 0.00 0.00 2.00 0.00 0.00
263.00 45.00 61.00 140.00 240.00 79.00 100.00 0.06 2.19 0.00 5.00 0.00 10.00 15.00 35.00 30.00 21.00 24.00 1.00 1.00 0.00 0.00 0.00
264.00 48.00 63.00 139.00 245.00 76.00 106.00 0.09 2.61 0.00 4.00 0.00 13.00 19.00 35.00 29.00 26.00 22.00 0.00 1.00 0.00 0.00 0.00
265.00 41.00 46.00 122.00 206.00 76.00 84.00 0.09 2.30 0.00 4.00 0.00 14.00 21.00 27.00 20.00 25.00 16.00 0.00 1.00 0.00 0.00 0.00
266.00 40.00 55.00 130.00 216.00 75.00 86.00 0.09 1.47 1.00 6.00 0.17 5.00 13.00 35.00 27.00 23.00 17.00 0.00 1.00 0.00 0.00 0.00
267.00 37.00 50.00 115.00 193.00 65.00 78.00 0.08 2.19 0.00 4.00 0.00 10.00 16.00 27.00 21.00 20.00 17.00 0.00 1.00 0.00 0.00 0.00
268.00 38.00 57.00 123.00 195.00 66.00 72.00 0.09 2.06 0.00 5.00 0.00 7.00 17.00 31.00 21.00 25.00 13.00 1.00 1.00 0.00 0.00 0.00
269.00 40.00 50.00 126.00 211.00 76.00 85.00 0.09 2.02 0.00 5.00 0.00 6.00 16.00 34.00 24.00 22.00 18.00 0.00 1.00 1.00 0.00 0.00
270.00 35.00 44.00 108.00 188.00 64.00 80.00 0.07 1.43 1.00 4.00 0.25 7.00 13.00 28.00 22.00 23.00 12.00 0.00 1.00 1.00 0.00 0.00
271.00 42.00 49.00 118.00 213.00 69.00 95.00 0.09 1.84 0.00 4.00 0.00 8.00 19.00 34.00 23.00 26.00 16.00 0.00 0.00 0.00 0.00 0.00
272.00 36.00 50.00 115.00 195.00 65.00 80.00 0.08 1.74 0.00 4.00 0.00 6.00 10.00 30.00 26.00 19.00 17.00 0.00 0.00 0.00 0.00 0.00
273.00 42.00 54.00 136.00 225.00 82.00 89.00 0.09 1.51 0.00 5.00 0.00 8.00 18.00 34.00 24.00 21.00 21.00 0.00 1.00 1.00 0.00 0.00
274.00 41.00 58.00 128.00 216.00 70.00 88.00 0.08 1.09 0.00 6.00 0.00 9.00 17.00 32.00 24.00 22.00 19.00 0.00 1.00 0.00 0.00 0.00
275.00 38.00 57.00 121.00 200.00 64.00 79.00 0.10 1.68 0.00 5.00 0.00 8.00 15.00 30.00 23.00 22.00 16.00 0.00 0.00 0.00 0.00 0.00
276.00 38.00 54.00 116.00 193.00 62.00 77.00 0.09 1.09 0.00 5.00 0.00 7.00 12.00 31.00 26.00 20.00 18.00 0.00 1.00 0.00 0.00 0.00
277.00 39.00 55.00 123.00 197.00 68.00 74.00 0.11 1.47 0.00 7.00 0.00 9.00 15.00 30.00 24.00 22.00 17.00 0.00 0.00 0.00 0.00 0.00
278.00 46.00 71.00 136.00 234.00 65.00 98.00 0.09 1.79 0.00 8.00 0.00 6.00 16.00 40.00 30.00 24.00 22.00 0.00 1.00 1.00 0.00 0.00
279.00 44.00 58.00 126.00 218.00 68.00 92.00 0.09 1.48 0.00 6.00 0.00 9.00 20.00 35.00 24.00 30.00 14.00 0.00 0.00 1.00 1.00 0.00
280.00 42.00 54.00 127.00 212.00 73.00 85.00 0.09 1.89 1.00 5.00 0.20 8.00 14.00 34.00 28.00 18.00 24.00 0.00 1.00 0.00 0.00 0.00
281.00 36.00 45.00 107.00 183.00 62.00 76.00 0.08 1.81 1.00 4.00 0.25 6.00 14.00 30.00 22.00 19.00 17.00 0.00 1.00 0.00 0.00 0.00
282.00 38.00 57.00 122.00 187.00 65.00 65.00 0.10 1.45 1.00 6.00 0.17 8.00 18.00 30.00 20.00 26.00 12.00 0.00 0.00 0.00 0.00 0.00
283.00 35.00 45.00 110.00 178.00 65.00 68.00 0.08 1.44 1.00 4.00 0.25 6.00 10.00 29.00 25.00 17.00 18.00 0.00 1.00 0.00 0.00 0.00
284.00 36.00 46.00 106.00 191.00 60.00 85.00 0.09 1.64 0.00 5.00 0.00 8.00 15.00 28.00 21.00 24.00 12.00 0.00 0.00 0.00 0.00 0.00
285.00 38.00 51.00 119.00 202.00 68.00 83.00 0.09 1.53 1.00 6.00 0.17 8.00 11.00 30.00 27.00 15.00 23.00 0.00 1.00 0.00 0.00 0.00
286.00 36.00 49.00 105.00 182.00 56.00 77.00 0.08 1.41 0.00 4.00 0.00 8.00 17.00 28.00 19.00 28.00 8.00 0.00 0.00 0.00 0.00 0.00
287.00 41.00 65.00 131.00 206.00 66.00 75.00 0.08 2.05 0.00 5.00 0.00 9.00 17.00 32.00 24.00 23.00 18.00 0.00 0.00 0.00 0.00 0.00
288.00 45.00 57.00 137.00 229.00 80.00 92.00 0.09 1.86 1.00 4.00 0.25 10.00 19.00 35.00 26.00 28.00 17.00 0.00 1.00 0.00 0.00 0.00
289.00 41.00 51.00 134.00 207.00 83.00 73.00 0.09 2.08 0.00 7.00 0.00 10.00 14.00 31.00 27.00 24.00 17.00 0.00 1.00 0.00 0.00 0.00
290.00 39.00 49.00 121.00 205.00 72.00 84.00 0.07 1.39 0.00 5.00 0.00 6.00 12.00 33.00 27.00 20.00 19.00 0.00 1.00 0.00 0.00 0.00
291.00 39.00 53.00 115.00 200.00 62.00 85.00 0.07 2.13 0.00 4.00 0.00 6.00 15.00 33.00 24.00 23.00 16.00 0.00 0.00 0.00 1.00 0.00
292.00 37.00 46.00 112.00 191.00 66.00 79.00 0.08 1.47 0.00 5.00 0.00 9.00 14.00 28.00 23.00 22.00 15.00 0.00 0.00 0.00 0.00 0.00
293.00 40.00 48.00 115.00 201.00 67.00 86.00 0.08 2.64 0.00 4.00 0.00 9.00 19.00 31.00 21.00 29.00 11.00 0.00 1.00 0.00 0.00 0.00
294.00 38.00 44.00 111.00 194.00 67.00 83.00 0.09 2.33 0.00 3.00 0.00 6.00 15.00 32.00 23.00 20.00 18.00 0.00 1.00 0.00 0.00 0.00
295.00 40.00 49.00 115.00 206.00 66.00 91.00 0.09 2.11 0.00 3.00 0.00 10.00 16.00 30.00 24.00 20.00 20.00 0.00 0.00 0.00 0.00 0.00
296.00 36.00 43.00 102.00 187.00 59.00 85.00 0.08 2.92 0.00 3.00 0.00 13.00 19.00 23.00 17.00 23.00 13.00 0.00 0.00 0.00 0.00 0.00
297.00 38.00 43.00 111.00 193.00 68.00 82.00 0.08 2.85 0.00 1.00 0.00 10.00 18.00 28.00 20.00 23.00 15.00 0.00 1.00 0.00 0.00 0.00
298.00 34.00 42.00 105.00 177.00 63.00 72.00 0.08 2.70 0.00 4.00 0.00 5.00 10.00 29.00 24.00 18.00 16.00 0.00 1.00 1.00 0.00 0.00
299.00 43.00 73.00 137.00 221.00 64.00 84.00 0.08 3.09 0.00 4.00 0.00 10.00 20.00 33.00 23.00 27.00 16.00 0.00 0.00 0.00 0.00 0.00
300.00 45.00 42.00 122.00 226.00 80.00 104.00 0.09 2.97 0.00 4.00 0.00 15.00 23.00 30.00 22.00 34.00 11.00 0.00 0.00 1.00 0.00 0.00
301.00 44.00 71.00 129.00 225.00 58.00 96.00 0.08 2.82 0.00 3.00 0.00 13.00 20.00 31.00 24.00 25.00 19.00 0.00 1.00 1.00 0.00 0.00
302.00 40.00 59.00 124.00 206.00 65.00 82.00 0.10 2.88 0.00 6.00 0.00 10.00 15.00 30.00 25.00 20.00 20.00 0.00 0.00 1.00 0.00 0.00
303.00 37.00 54.00 112.00 196.00 58.00 84.00 0.09 2.50 0.00 5.00 0.00 6.00 8.00 31.00 29.00 18.00 19.00 0.00 0.00 0.00 0.00 0.00
304.00 41.00 42.00 116.00 215.00 74.00 99.00 0.09 3.57 1.00 6.00 0.17 11.00 19.00 30.00 22.00 26.00 15.00 0.00 0.00 0.00 0.00 0.00
305.00 36.00 50.00 110.00 192.00 60.00 82.00 0.10 2.88 0.00 6.00 0.00 5.00 9.00 31.00 27.00 21.00 15.00 0.00 0.00 0.00 0.00 0.00
306.00 36.00 46.00 111.00 197.00 65.00 86.00 0.09 2.07 0.00 7.00 0.00 3.00 10.00 33.00 26.00 18.00 18.00 0.00 0.00 1.00 1.00 0.00
307.00 42.00 63.00 130.00 218.00 67.00 88.00 0.09 2.60 0.00 6.00 0.00 10.00 16.00 32.00 26.00 21.00 21.00 0.00 1.00 3.00 0.00 1.00
308.00 42.00 62.00 140.00 215.00 78.00 75.00 0.09 2.68 1.00 4.00 0.25 7.00 15.00 35.00 27.00 24.00 18.00 0.00 1.00 1.00 0.00 0.00
309.00 42.00 74.00 139.00 220.00 65.00 81.00 0.09 2.62 1.00 4.00 0.25 9.00 20.00 33.00 22.00 24.00 18.00 0.00 1.00 1.00 0.00 0.00
310.00 44.00 63.00 133.00 220.00 70.00 87.00 0.08 2.87 1.00 5.00 0.20 11.00 23.00 33.00 21.00 26.00 18.00 0.00 1.00 2.00 0.00 0.00
311.00 44.00 57.00 139.00 222.00 82.00 83.00 0.08 2.72 1.00 4.00 0.25 9.00 15.00 35.00 29.00 25.00 19.00 0.00 0.00 2.00 0.00 0.00
312.00 46.00 65.00 147.00 237.00 82.00 90.00 0.09 2.68 1.00 5.00 0.20 10.00 21.00 36.00 25.00 28.00 18.00 0.00 1.00 3.00 1.00 0.00
313.00 37.00 42.00 108.00 198.00 66.00 90.00 0.09 2.38 2.00 4.00 0.50 8.00 17.00 29.00 20.00 22.00 15.00 0.00 1.00 3.00 0.00 0.00
314.00 41.00 56.00 129.00 216.00 73.00 87.00 0.10 1.94 0.00 4.00 0.00 6.00 17.00 35.00 24.00 27.00 14.00 0.00 0.00 2.00 0.00 0.00
315.00 43.00 71.00 138.00 223.00 67.00 85.00 0.09 2.11 0.00 4.00 0.00 10.00 18.00 33.00 25.00 22.00 21.00 0.00 1.00 1.00 0.00 0.00
316.00 43.00 60.00 140.00 224.00 80.00 84.00 0.08 2.37 0.00 4.00 0.00 9.00 16.00 34.00 27.00 29.00 14.00 0.00 0.00 2.00 0.00 0.00
317.00 36.00 47.00 110.00 187.00 63.00 77.00 0.09 1.90 0.00 4.00 0.00 8.00 17.00 28.00 19.00 23.00 13.00 0.00 1.00 1.00 0.00 0.00
318.00 44.00 61.00 130.00 222.00 69.00 92.00 0.09 2.44 0.00 5.00 0.00 13.00 20.00 31.00 24.00 25.00 19.00 0.00 1.00 1.00 0.00 0.00
319.00 39.00 57.00 117.00 202.00 60.00 85.00 0.08 2.70 0.00 3.00 0.00 10.00 13.00 29.00 26.00 20.00 19.00 0.00 1.00 0.00 0.00 0.00
320.00 38.00 50.00 114.00 202.00 64.00 88.00 0.07 2.40 0.00 5.00 0.00 3.00 11.00 35.00 27.00 21.00 17.00 0.00 1.00 1.00 0.00 0.00
321.00 42.00 51.00 129.00 215.00 78.00 86.00 0.09 2.02 0.00 4.00 0.00 9.00 19.00 33.00 23.00 27.00 15.00 0.00 0.00 2.00 0.00 0.00
322.00 35.00 48.00 103.00 183.00 55.00 80.00 0.09 2.72 0.00 5.00 0.00 5.00 14.00 30.00 21.00 22.00 13.00 0.00 0.00 1.00 0.00 0.00
323.00 43.00 73.00 135.00 218.00 62.00 83.00 0.07 2.74 0.00 4.00 0.00 11.00 21.00 32.00 22.00 28.00 15.00 0.00 0.00 1.00 0.00 0.00
324.00 39.00 60.00 126.00 203.00 66.00 77.00 0.07 2.87 0.00 5.00 0.00 7.00 16.00 32.00 23.00 18.00 21.00 0.00 1.00 2.00 0.00 0.00
325.00 44.00 55.00 128.00 218.00 73.00 90.00 0.08 2.79 0.00 4.00 0.00 10.00 17.00 34.00 27.00 27.00 17.00 0.00 1.00 2.00 0.00 0.00
326.00 46.00 69.00 137.00 237.00 68.00 100.00 0.09 2.97 0.00 5.00 0.00 4.00 15.00 42.00 31.00 24.00 22.00 0.00 1.00 1.00 0.00 0.00
327.00 45.00 72.00 145.00 236.00 73.00 91.00 0.08 1.87 0.00 5.00 0.00 9.00 21.00 36.00 24.00 25.00 20.00 0.00 0.00 0.00 0.00 0.00
328.00 44.00 73.00 145.00 226.00 72.00 81.00 0.09 2.51 1.00 3.00 0.33 7.00 14.00 37.00 30.00 25.00 19.00 0.00 0.00 2.00 0.00 0.00
329.00 38.00 46.00 128.00 203.00 82.00 75.00 0.08 1.99 1.00 3.00 0.33 11.00 17.00 27.00 21.00 23.00 15.00 0.00 1.00 1.00 0.00 0.00
330.00 35.00 48.00 104.00 184.00 56.00 80.00 0.10 2.12 0.00 6.00 0.00 7.00 12.00 28.00 23.00 17.00 18.00 0.00 1.00 0.00 0.00 0.00
331.00 35.00 45.00 106.00 185.00 61.00 79.00 0.07 2.19 0.00 5.00 0.00 8.00 14.00 27.00 21.00 22.00 13.00 0.00 0.00 1.00 0.00 0.00
332.00 42.00 58.00 129.00 211.00 71.00 82.00 0.08 2.93 0.00 5.00 0.00 7.00 10.00 35.00 32.00 25.00 17.00 0.00 1.00 1.00 0.00 0.00
333.00 38.00 55.00 116.00 196.00 61.00 80.00 0.09 2.68 1.00 4.00 0.25 4.00 13.00 34.00 25.00 21.00 17.00 0.00 0.00 1.00 0.00 0.00
334.00 42.00 58.00 136.00 221.00 78.00 85.00 0.10 3.38 0.00 4.00 0.00 7.00 13.00 35.00 29.00 24.00 18.00 0.00 1.00 3.00 0.00 0.00
335.00 42.00 57.00 126.00 201.00 69.00 75.00 0.09 2.08 1.00 4.00 0.25 11.00 16.00 31.00 26.00 25.00 17.00 0.00 1.00 1.00 0.00 0.00
336.00 38.00 59.00 126.00 197.00 67.00 71.00 0.10 2.92 0.00 3.00 0.00 4.00 10.00 34.00 28.00 18.00 20.00 0.00 1.00 1.00 1.00 0.00
337.00 36.00 52.00 108.00 187.00 56.00 79.00 0.07 2.63 0.00 4.00 0.00 8.00 18.00 28.00 18.00 21.00 15.00 0.00 1.00 1.00 0.00 0.00
338.00 38.00 48.00 115.00 195.00 67.00 80.00 0.09 1.86 0.00 4.00 0.00 9.00 14.00 29.00 24.00 24.00 14.00 0.00 0.00 1.00 0.00 0.00
339.00 39.00 44.00 110.00 188.00 66.00 78.00 0.09 1.95 0.00 5.00 0.00 9.00 18.00 30.00 21.00 24.00 15.00 0.00 0.00 1.00 0.00 0.00
340.00 42.00 49.00 118.00 205.00 69.00 87.00 0.08 2.26 0.00 6.00 0.00 8.00 16.00 34.00 26.00 27.00 15.00 0.00 0.00 1.00 0.00 0.00
341.00 34.00 41.00 101.00 175.00 60.00 74.00 0.08 0.86 0.00 5.00 0.00 4.00 13.00 30.00 21.00 19.00 15.00 0.00 1.00 1.00 0.00 0.00
342.00 36.00 46.00 114.00 199.00 68.00 85.00 0.09 1.51 0.00 5.00 0.00 9.00 14.00 27.00 22.00 19.00 17.00 0.00 1.00 0.00 1.00 0.00
343.00 35.00 38.00 93.00 180.00 55.00 87.00 0.08 1.56 0.00 4.00 0.00 5.00 16.00 30.00 19.00 21.00 14.00 0.00 1.00 0.00 0.00 0.00
344.00 40.00 44.00 128.00 213.00 84.00 85.00 0.08 1.59 1.00 4.00 0.25 5.00 20.00 35.00 20.00 25.00 15.00 0.00 0.00 0.00 0.00 0.00
345.00 41.00 67.00 121.00 218.00 54.00 97.00 0.09 1.97 1.00 6.00 0.17 5.00 14.00 36.00 27.00 23.00 18.00 0.00 1.00 0.00 0.00 0.00
346.00 39.00 49.00 124.00 205.00 75.00 81.00 0.09 1.74 1.00 5.00 0.20 9.00 19.00 30.00 20.00 22.00 17.00 1.00 0.00 0.00 0.00 0.00
347.00 40.00 67.00 133.00 211.00 66.00 78.00 0.08 1.66 1.00 5.00 0.20 5.00 17.00 35.00 23.00 20.00 20.00 1.00 1.00 0.00 0.00 0.00
348.00 40.00 41.00 120.00 201.00 79.00 81.00 0.07 2.26 1.00 6.00 0.17 6.00 16.00 34.00 24.00 22.00 18.00 1.00 0.00 0.00 0.00 0.00
349.00 47.00 64.00 156.00 249.00 92.00 93.00 0.08 2.01 1.00 4.00 0.25 7.00 18.00 40.00 29.00 23.00 24.00 1.00 0.00 0.00 0.00 0.00
350.00 39.00 45.00 112.00 198.00 67.00 86.00 0.09 1.05 1.00 3.00 0.33 9.00 20.00 30.00 19.00 27.00 12.00 0.00 1.00 0.00 0.00 0.00
351.00 40.00 55.00 115.00 199.00 60.00 84.00 0.08 1.40 1.00 4.00 0.25 11.00 21.00 29.00 19.00 25.00 15.00 0.00 1.00 0.00 0.00 0.00
352.00 42.00 50.00 125.00 229.00 75.00 104.00 0.08 1.77 2.00 5.00 0.40 4.00 17.00 38.00 25.00 25.00 17.00 1.00 0.00 0.00 0.00 0.00
353.00 35.00 44.00 103.00 186.00 59.00 83.00 0.07 1.71 2.00 6.00 0.33 6.00 12.00 29.00 23.00 18.00 17.00 0.00 1.00 1.00 0.00 0.00
354.00 46.00 54.00 131.00 239.00 77.00 108.00 0.08 2.18 1.00 4.00 0.25 6.00 17.00 40.00 29.00 28.00 18.00 0.00 1.00 1.00 0.00 0.00
355.00 43.00 53.00 130.00 232.00 77.00 102.00 0.08 1.71 1.00 7.00 0.14 11.00 21.00 32.00 22.00 27.00 16.00 0.00 1.00 0.00 0.00 0.00
356.00 42.00 60.00 140.00 223.00 80.00 83.00 0.09 1.69 1.00 6.00 0.17 7.00 17.00 35.00 25.00 27.00 15.00 0.00 1.00 1.00 0.00 0.00
357.00 40.00 48.00 120.00 213.00 72.00 93.00 0.08 1.56 0.00 5.00 0.00 6.00 15.00 34.00 25.00 22.00 18.00 0.00 1.00 0.00 0.00 0.00
358.00 46.00 66.00 138.00 236.00 72.00 98.00 0.08 1.78 1.00 7.00 0.14 7.00 18.00 39.00 28.00 26.00 20.00 1.00 1.00 0.00 0.00 0.00
359.00 40.00 50.00 122.00 207.00 72.00 85.00 0.08 1.39 1.00 5.00 0.20 6.00 14.00 34.00 26.00 20.00 20.00 0.00 0.00 0.00 0.00 0.00
360.00 35.00 42.00 107.00 177.00 65.00 70.00 0.09 1.71 1.00 4.00 0.25 7.00 16.00 28.00 19.00 27.00 8.00 1.00 0.00 0.00 0.00 0.00
361.00 32.00 26.00 85.00 172.00 59.00 87.00 0.09 1.71 2.00 6.00 0.33 10.00 17.00 22.00 15.00 23.00 9.00 0.00 1.00 0.00 0.00 0.00
362.00 37.00 45.00 109.00 197.00 64.00 88.00 0.08 1.78 2.00 3.00 0.67 10.00 15.00 27.00 22.00 19.00 18.00 0.00 1.00 0.00 0.00 0.00
363.00 38.00 41.00 107.00 190.00 66.00 83.00 0.07 1.82 1.00 3.00 0.33 7.00 16.00 31.00 22.00 25.00 13.00 0.00 0.00 2.00 0.00 1.00
364.00 42.00 62.00 132.00 211.00 70.00 79.00 0.09 1.79 1.00 4.00 0.25 11.00 16.00 31.00 26.00 26.00 16.00 0.00 1.00 2.00 0.00 0.00
365.00 39.00 47.00 108.00 201.00 61.00 93.00 0.08 1.90 2.00 4.00 0.50 9.00 19.00 30.00 20.00 24.00 15.00 0.00 1.00 0.00 0.00 0.00
366.00 38.00 54.00 118.00 196.00 64.00 78.00 0.08 2.08 1.00 4.00 0.25 11.00 18.00 27.00 20.00 22.00 16.00 0.00 0.00 0.00 0.00 0.00
367.00 33.00 41.00 95.00 172.00 54.00 77.00 0.09 2.36 1.00 6.00 0.17 6.00 7.00 27.00 26.00 17.00 16.00 0.00 1.00 1.00 0.00 1.00
368.00 36.00 47.00 107.00 189.00 60.00 82.00 0.09 1.67 0.00 3.00 0.00 6.00 15.00 30.00 21.00 19.00 17.00 0.00 0.00 0.00 0.00 1.00
369.00 37.00 50.00 117.00 198.00 67.00 81.00 0.08 2.26 1.00 5.00 0.20 12.00 15.00 25.00 22.00 23.00 14.00 0.00 1.00 0.00 1.00 0.00
370.00 44.00 72.00 143.00 231.00 71.00 88.00 0.09 2.78 1.00 4.00 0.25 7.00 17.00 37.00 27.00 26.00 18.00 0.00 0.00 0.00 0.00 1.00
371.00 45.00 60.00 137.00 229.00 77.00 92.00 0.10 2.63 1.00 6.00 0.17 7.00 16.00 38.00 29.00 28.00 17.00 0.00 0.00 0.00 0.00 0.00
372.00 34.00 43.00 99.00 166.00 56.00 67.00 0.08 2.80 0.00 6.00 0.00 7.00 16.00 27.00 18.00 17.00 17.00 0.00 0.00 0.00 0.00 0.00
373.00 39.00 64.00 130.00 200.00 66.00 70.00 0.09 2.22 1.00 4.00 0.25 10.00 18.00 29.00 21.00 26.00 13.00 1.00 0.00 0.00 0.00 0.00
374.00 37.00 47.00 120.00 197.00 73.00 77.00 0.09 2.05 0.00 6.00 0.00 11.00 19.00 26.00 18.00 22.00 15.00 1.00 0.00 0.00 0.00 0.00
375.00 37.00 51.00 109.00 196.00 58.00 87.00 0.08 2.10 0.00 6.00 0.00 3.00 9.00 34.00 28.00 19.00 18.00 0.00 1.00 0.00 0.00 0.00
376.00 45.00 71.00 141.00 231.00 70.00 90.00 0.07 2.59 0.00 7.00 0.00 11.00 17.00 34.00 28.00 23.00 22.00 0.00 1.00 1.00 0.00 0.00
377.00 40.00 61.00 131.00 210.00 70.00 79.00 0.07 2.68 0.00 5.00 0.00 10.00 18.00 30.00 22.00 23.00 17.00 0.00 1.00 0.00 0.00 0.00
378.00 43.00 61.00 137.00 226.00 76.00 89.00 0.08 2.13 1.00 5.00 0.20 5.00 20.00 38.00 23.00 30.00 13.00 0.00 0.00 0.00 0.00 0.00
379.00 41.00 59.00 134.00 216.00 75.00 82.00 0.07 2.38 0.00 5.00 0.00 9.00 14.00 32.00 27.00 23.00 18.00 0.00 0.00 1.00 0.00 0.00
380.00 44.00 61.00 140.00 230.00 79.00 90.00 0.08 2.33 0.00 5.00 0.00 10.00 18.00 34.00 26.00 25.00 19.00 0.00 1.00 1.00 0.00 0.00
381.00 36.00 46.00 110.00 187.00 64.00 77.00 0.07 1.43 0.00 2.00 0.00 10.00 15.00 26.00 21.00 22.00 14.00 1.00 0.00 1.00 1.00 0.00
382.00 36.00 40.00 111.00 203.00 71.00 92.00 0.11 2.46 1.00 2.00 0.50 8.00 14.00 28.00 22.00 21.00 15.00 0.00 0.00 1.00 0.00 0.00
383.00 40.00 48.00 115.00 206.00 67.00 91.00 0.09 2.27 0.00 5.00 0.00 7.00 17.00 33.00 23.00 27.00 13.00 0.00 1.00 0.00 0.00 1.00
384.00 41.00 52.00 133.00 216.00 81.00 83.00 0.09 1.98 0.00 5.00 0.00 5.00 14.00 36.00 27.00 19.00 22.00 1.00 1.00 2.00 0.00 0.00
385.00 34.00 49.00 111.00 186.00 62.00 75.00 0.08 1.76 0.00 5.00 0.00 6.00 14.00 28.00 20.00 19.00 15.00 1.00 1.00 0.00 0.00 0.00
386.00 37.00 46.00 111.00 188.00 65.00 77.00 0.08 1.96 0.00 4.00 0.00 7.00 16.00 30.00 21.00 25.00 12.00 1.00 0.00 1.00 0.00 0.00
387.00 41.00 55.00 131.00 212.00 76.00 81.00 0.09 2.54 0.00 3.00 0.00 13.00 22.00 28.00 19.00 24.00 17.00 1.00 0.00 1.00 0.00 0.00
388.00 38.00 50.00 119.00 198.00 69.00 79.00 0.09 2.48 0.00 2.00 0.00 8.00 16.00 30.00 22.00 21.00 17.00 1.00 0.00 1.00 0.00 0.00
389.00 34.00 41.00 98.00 170.00 57.00 72.00 0.08 2.55 0.00 3.00 0.00 7.00 15.00 27.00 19.00 21.00 13.00 1.00 0.00 1.00 1.00 0.00
390.00 36.00 48.00 114.00 194.00 66.00 80.00 0.09 2.04 0.00 4.00 0.00 4.00 13.00 32.00 23.00 21.00 15.00 1.00 0.00 0.00 0.00 0.00
391.00 37.00 47.00 124.00 200.00 77.00 76.00 0.10 2.31 1.00 4.00 0.25 7.00 13.00 30.00 24.00 16.00 21.00 0.00 0.00 1.00 0.00 0.00
392.00 31.00 36.00 93.00 166.00 57.00 73.00 0.07 2.74 1.00 4.00 0.25 6.00 16.00 25.00 15.00 21.00 10.00 0.00 1.00 1.00 0.00 0.00
393.00 33.00 53.00 109.00 173.00 56.00 64.00 0.08 2.69 1.00 3.00 0.33 4.00 13.00 29.00 20.00 23.00 10.00 0.00 1.00 0.00 0.00 0.00
394.00 31.00 33.00 94.00 164.00 61.00 70.00 0.09 2.17 1.00 3.00 0.33 4.00 10.00 27.00 21.00 15.00 16.00 0.00 1.00 0.00 0.00 0.00
395.00 34.00 47.00 109.00 185.00 62.00 76.00 0.08 2.06 0.00 3.00 0.00 8.00 12.00 26.00 22.00 15.00 19.00 0.00 0.00 1.00 0.00 0.00
396.00 33.00 41.00 89.00 176.00 48.00 87.00 0.09 2.05 0.00 2.00 0.00 5.00 15.00 28.00 18.00 22.00 11.00 0.00 0.00 0.00 0.00 0.00
397.00 32.00 37.00 90.00 155.00 53.00 65.00 0.09 1.87 0.00 3.00 0.00 9.00 13.00 23.00 19.00 18.00 14.00 0.00 1.00 0.00 0.00 0.00
398.00 35.00 51.00 107.00 180.00 56.00 73.00 0.08 2.18 2.00 1.00 2.00 7.00 15.00 28.00 20.00 22.00 13.00 0.00 0.00 1.00 0.00 0.00
399.00 38.00 48.00 112.00 204.00 64.00 92.00 0.09 2.14 2.00 1.00 2.00 5.00 16.00 33.00 22.00 22.00 16.00 0.00 0.00 1.00 0.00 0.00
400.00 40.00 49.00 124.00 213.00 75.00 89.00 0.07 2.29 1.00 1.00 1.00 6.00 17.00 34.00 23.00 23.00 17.00 0.00 0.00 0.00 0.00 0.00
401.00 39.00 55.00 120.00 204.00 65.00 84.00 0.09 1.79 1.00 2.00 0.50 9.00 15.00 30.00 24.00 24.00 15.00 0.00 1.00 0.00 0.00 0.00
402.00 32.00 31.00 97.00 173.00 66.00 76.00 0.07 1.39 1.00 4.00 0.25 3.00 10.00 29.00 22.00 18.00 14.00 0.00 0.00 0.00 0.00 0.00
403.00 39.00 45.00 119.00 193.00 74.00 74.00 0.09 2.01 1.00 3.00 0.33 13.00 20.00 26.00 19.00 25.00 14.00 0.00 0.00 1.00 0.00 0.00
404.00 37.00 52.00 118.00 193.00 66.00 75.00 0.08 1.77 2.00 3.00 0.67 6.00 14.00 31.00 23.00 22.00 15.00 0.00 1.00 0.00 0.00 0.00
405.00 30.00 37.00 91.00 160.00 54.00 69.00 0.08 1.85 1.00 2.00 0.50 4.00 8.00 26.00 22.00 16.00 14.00 0.00 1.00 0.00 0.00 0.00
406.00 37.00 46.00 110.00 188.00 64.00 78.00 0.08 1.96 1.00 3.00 0.33 8.00 16.00 29.00 21.00 25.00 12.00 0.00 0.00 1.00 0.00 0.00
407.00 44.00 25.00 114.00 230.00 89.00 116.00 0.11 2.24 2.00 2.00 1.00 15.00 24.00 29.00 20.00 29.00 15.00 0.00 0.00 1.00 0.00 0.00
408.00 40.00 62.00 131.00 216.00 69.00 85.00 0.08 2.00 2.00 3.00 0.67 6.00 13.00 34.00 27.00 17.00 23.00 0.00 1.00 1.00 0.00 0.00
409.00 35.00 36.00 109.00 189.00 73.00 80.00 0.08 1.77 2.00 3.00 0.67 6.00 11.00 29.00 24.00 17.00 18.00 0.00 1.00 1.00 0.00 0.00
410.00 33.00 29.00 106.00 184.00 77.00 78.00 0.07 1.73 2.00 3.00 0.67 9.00 14.00 24.00 19.00 20.00 13.00 0.00 0.00 1.00 0.00 0.00
411.00 39.00 55.00 131.00 212.00 76.00 81.00 0.07 2.37 2.00 3.00 0.67 7.00 16.00 32.00 23.00 21.00 18.00 0.00 0.00 1.00 0.00 0.00
412.00 36.00 40.00 113.00 196.00 73.00 83.00 0.09 1.82 2.00 1.00 2.00 8.00 16.00 28.00 20.00 21.00 15.00 0.00 0.00 0.00 0.00 0.00
413.00 42.00 43.00 127.00 218.00 84.00 91.00 0.08 1.93 3.00 2.00 1.50 17.00 25.00 25.00 17.00 28.00 14.00 0.00 0.00 0.00 0.00 0.00
414.00 36.00 34.00 101.00 193.00 67.00 92.00 0.09 2.56 2.00 2.00 1.00 8.00 16.00 28.00 20.00 22.00 14.00 0.00 0.00 0.00 0.00 0.00
415.00 37.00 41.00 116.00 203.00 75.00 87.00 0.08 3.03 3.00 2.00 1.50 7.00 16.00 30.00 21.00 22.00 15.00 0.00 1.00 0.00 0.00 0.00
416.00 30.00 28.00 89.00 156.00 61.00 67.00 0.10 2.52 1.00 2.00 0.50 4.00 12.00 26.00 18.00 16.00 14.00 0.00 1.00 0.00 0.00 0.00
417.00 35.00 40.00 95.00 176.00 55.00 81.00 0.09 1.91 0.00 4.00 0.00 8.00 14.00 27.00 21.00 19.00 16.00 0.00 1.00 0.00 0.00 0.00
418.00 39.00 47.00 120.00 198.00 73.00 78.00 0.09 2.49 0.00 4.00 0.00 9.00 19.00 30.00 20.00 25.00 14.00 0.00 1.00 1.00 0.00 0.00
419.00 36.00 46.00 115.00 189.00 69.00 74.00 0.07 2.16 0.00 2.00 0.00 10.00 14.00 26.00 22.00 19.00 17.00 0.00 1.00 0.00 0.00 0.00
420.00 34.00 40.00 104.00 175.00 64.00 71.00 0.09 2.11 0.00 3.00 0.00 8.00 18.00 26.00 16.00 23.00 11.00 0.00 1.00 0.00 0.00 0.00
421.00 39.00 40.00 119.00 193.00 79.00 74.00 0.08 1.86 0.00 3.00 0.00 12.00 26.00 27.00 13.00 31.00 8.00 0.00 0.00 0.00 0.00 0.00
422.00 37.00 55.00 118.00 204.00 63.00 86.00 0.09 2.37 1.00 3.00 0.33 12.00 18.00 25.00 19.00 23.00 14.00 0.00 1.00 0.00 0.00 0.00
423.00 37.00 52.00 110.00 191.00 58.00 81.00 0.09 3.21 1.00 2.00 0.50 7.00 14.00 30.00 23.00 19.00 18.00 0.00 1.00 0.00 0.00 0.00
424.00 38.00 42.00 111.00 191.00 69.00 80.00 0.08 3.06 0.00 3.00 0.00 7.00 20.00 31.00 18.00 24.00 14.00 0.00 1.00 0.00 0.00 0.00
425.00 28.00 27.00 79.00 142.00 52.00 63.00 0.08 1.54 1.00 1.00 1.00 6.00 11.00 22.00 17.00 14.00 14.00 0.00 0.00 0.00 0.00 0.00
426.00 31.00 36.00 95.00 162.00 59.00 67.00 0.10 1.42 1.00 1.00 1.00 7.00 9.00 24.00 22.00 14.00 17.00 0.00 1.00 0.00 0.00 0.00
427.00 32.00 28.00 86.00 167.00 58.00 81.00 0.08 2.06 1.00 1.00 1.00 8.00 12.00 24.00 20.00 17.00 15.00 0.00 1.00 0.00 0.00 0.00
428.00 29.00 25.00 86.00 153.00 61.00 67.00 0.06 1.47 1.00 0.00 0.00 9.00 13.00 20.00 16.00 16.00 13.00 0.00 1.00 0.00 0.00 0.00
429.00 33.00 40.00 99.00 169.00 59.00 70.00 0.09 2.27 1.00 1.00 1.00 7.00 15.00 26.00 18.00 18.00 15.00 0.00 0.00 0.00 0.00 0.00
430.00 37.00 45.00 100.00 187.00 55.00 87.00 0.10 2.21 1.00 1.00 1.00 12.00 19.00 25.00 18.00 28.00 9.00 0.00 0.00 0.00 0.00 0.00
431.00 41.00 48.00 121.00 211.00 73.00 90.00 0.08 1.93 2.00 3.00 0.67 8.00 17.00 33.00 24.00 23.00 18.00 0.00 0.00 0.00 0.00 0.00
432.00 35.00 46.00 111.00 189.00 65.00 78.00 0.08 0.94 0.00 3.00 0.00 7.00 13.00 28.00 22.00 19.00 16.00 0.00 1.00 0.00 0.00 0.00
433.00 35.00 43.00 108.00 189.00 65.00 81.00 0.09 0.96 1.00 4.00 0.25 7.00 11.00 28.00 24.00 17.00 18.00 0.00 0.00 0.00 0.00 0.00
434.00 37.00 46.00 114.00 190.00 68.00 76.00 0.07 1.46 1.00 4.00 0.25 8.00 15.00 29.00 22.00 18.00 19.00 0.00 0.00 0.00 0.00 0.00
435.00 34.00 46.00 102.00 170.00 56.00 68.00 0.09 1.42 0.00 4.00 0.00 6.00 19.00 28.00 15.00 21.00 13.00 0.00 1.00 0.00 0.00 0.00
436.00 32.00 28.00 89.00 166.00 61.00 77.00 0.08 1.39 1.00 4.00 0.25 5.00 12.00 27.00 20.00 17.00 15.00 0.00 0.00 0.00 0.00 0.00
437.00 35.00 38.00 99.00 184.00 61.00 85.00 0.10 1.11 1.00 5.00 0.20 8.00 13.00 27.00 22.00 22.00 13.00 0.00 1.00 0.00 0.00 0.00
438.00 39.00 40.00 107.00 201.00 67.00 94.00 0.08 2.36 0.00 5.00 0.00 11.00 16.00 28.00 23.00 25.00 14.00 0.00 0.00 1.00 0.00 0.00
439.00 37.00 44.00 116.00 191.00 72.00 75.00 0.10 1.81 1.00 4.00 0.25 6.00 16.00 31.00 21.00 23.00 14.00 0.00 0.00 0.00 0.00 0.00
440.00 35.00 45.00 98.00 173.00 53.00 75.00 0.08 0.95 0.00 5.00 0.00 9.00 20.00 26.00 15.00 23.00 12.00 0.00 0.00 0.00 0.00 0.00
441.00 36.00 46.00 108.00 187.00 62.00 79.00 0.09 1.41 0.00 5.00 0.00 7.00 10.00 29.00 26.00 17.00 19.00 0.00 1.00 0.00 0.00 0.00
442.00 34.00 34.00 107.00 182.00 73.00 75.00 0.08 0.95 0.00 5.00 0.00 8.00 14.00 26.00 20.00 28.00 6.00 0.00 0.00 0.00 0.00 0.00
443.00 31.00 35.00 101.00 164.00 66.00 63.00 0.08 0.86 0.00 5.00 0.00 4.00 9.00 27.00 22.00 16.00 15.00 0.00 1.00 1.00 0.00 0.00
444.00 33.00 34.00 100.00 179.00 66.00 79.00 0.09 1.02 1.00 4.00 0.25 8.00 13.00 25.00 20.00 15.00 18.00 0.00 1.00 0.00 0.00 0.00
445.00 34.00 30.00 109.00 179.00 79.00 70.00 0.09 0.90 0.00 5.00 0.00 8.00 16.00 26.00 18.00 23.00 11.00 0.00 1.00 0.00 0.00 0.00
446.00 34.00 46.00 108.00 178.00 62.00 70.00 0.09 0.82 0.00 4.00 0.00 7.00 15.00 27.00 19.00 19.00 15.00 0.00 1.00 0.00 0.00 0.00
447.00 31.00 34.00 85.00 157.00 51.00 72.00 0.08 1.29 0.00 4.00 0.00 9.00 13.00 22.00 18.00 23.00 8.00 0.00 1.00 0.00 0.00 0.00
448.00 35.00 42.00 107.00 175.00 65.00 68.00 0.08 1.29 0.00 4.00 0.00 7.00 14.00 28.00 21.00 21.00 14.00 0.00 1.00 0.00 0.00 0.00
449.00 29.00 27.00 78.00 148.00 51.00 70.00 0.09 0.81 0.00 4.00 0.00 8.00 15.00 21.00 14.00 20.00 9.00 0.00 1.00 0.00 0.00 0.00
450.00 32.00 38.00 94.00 163.00 56.00 69.00 0.07 0.72 0.00 3.00 0.00 6.00 12.00 26.00 20.00 22.00 10.00 0.00 1.00 0.00 0.00 0.00
451.00 30.00 37.00 83.00 139.00 46.00 56.00 0.08 1.09 0.00 3.00 0.00 9.00 15.00 21.00 15.00 19.00 11.00 0.00 0.00 0.00 0.00 0.00
452.00 29.00 33.00 76.00 143.00 43.00 67.00 0.08 1.44 0.00 2.00 0.00 5.00 15.00 24.00 14.00 18.00 11.00 0.00 0.00 0.00 0.00 0.00
453.00 27.00 23.00 70.00 135.00 47.00 65.00 0.08 0.79 0.00 2.00 0.00 7.00 14.00 20.00 13.00 19.00 8.00 0.00 0.00 0.00 0.00 0.00
454.00 25.00 24.00 70.00 124.00 46.00 54.00 0.08 0.74 0.00 2.00 0.00 9.00 13.00 16.00 12.00 17.00 8.00 0.00 0.00 0.00 0.00 0.00
455.00 25.00 22.00 76.00 130.00 54.00 54.00 0.10 0.74 0.00 2.00 0.00 3.00 11.00 22.00 14.00 16.00 9.00 0.00 0.00 0.00 0.00 0.00
456.00 24.00 17.00 64.00 120.00 47.00 56.00 0.07 0.74 0.00 2.00 0.00 2.00 8.00 22.00 16.00 12.00 12.00 0.00 1.00 1.00 0.00 0.00
457.00 27.00 25.00 76.00 141.00 51.00 65.00 0.08 0.76 0.00 2.00 0.00 9.00 14.00 18.00 13.00 20.00 7.00 0.00 1.00 0.00 0.00 0.00
458.00 30.00 33.00 85.00 143.00 52.00 58.00 0.08 1.23 0.00 3.00 0.00 5.00 12.00 25.00 18.00 16.00 14.00 0.00 1.00 0.00 0.00 0.00
459.00 29.00 37.00 84.00 148.00 47.00 64.00 0.09 0.87 0.00 2.00 0.00 5.00 14.00 24.00 15.00 17.00 12.00 0.00 1.00 0.00 0.00 0.00
460.00 29.00 30.00 72.00 134.00 42.00 62.00 0.09 1.01 1.00 1.00 1.00 11.00 16.00 18.00 13.00 21.00 8.00 0.00 0.00 0.00 0.00 0.00
461.00 27.00 20.00 70.00 127.00 50.00 57.00 0.06 0.82 0.00 2.00 0.00 7.00 15.00 20.00 12.00 17.00 10.00 0.00 0.00 1.00 0.00 0.00
462.00 31.00 35.00 89.00 156.00 54.00 67.00 0.08 0.89 0.00 2.00 0.00 7.00 15.00 24.00 16.00 18.00 13.00 0.00 1.00 0.00 0.00 0.00
463.00 25.00 32.00 68.00 126.00 36.00 58.00 0.09 0.67 1.00 2.00 0.50 3.00 11.00 22.00 14.00 16.00 9.00 0.00 0.00 0.00 0.00 0.00
464.00 26.00 27.00 77.00 141.00 50.00 64.00 0.08 0.71 0.00 2.00 0.00 5.00 8.00 21.00 18.00 15.00 11.00 0.00 0.00 0.00 0.00 0.00
465.00 26.00 27.00 69.00 132.00 42.00 63.00 0.08 0.87 0.00 3.00 0.00 10.00 15.00 16.00 11.00 17.00 9.00 0.00 1.00 0.00 0.00 0.00
466.00 30.00 25.00 77.00 138.00 52.00 61.00 0.09 1.42 0.00 2.00 0.00 9.00 14.00 21.00 16.00 22.00 8.00 0.00 1.00 0.00 0.00 0.00
467.00 29.00 35.00 80.00 144.00 45.00 64.00 0.08 1.27 0.00 4.00 0.00 8.00 13.00 21.00 16.00 20.00 9.00 0.00 0.00 0.00 0.00 0.00
468.00 27.00 23.00 73.00 137.00 50.00 64.00 0.09 0.71 0.00 3.00 0.00 5.00 10.00 22.00 17.00 16.00 11.00 0.00 0.00 0.00 0.00 0.00
469.00 26.00 28.00 61.00 130.00 33.00 69.00 0.08 1.27 0.00 3.00 0.00 8.00 10.00 18.00 16.00 16.00 10.00 0.00 0.00 0.00 1.00 0.00
470.00 25.00 17.00 62.00 130.00 45.00 68.00 0.09 0.80 0.00 3.00 0.00 8.00 16.00 17.00 9.00 21.00 4.00 0.00 0.00 0.00 0.00 0.00
471.00 31.00 21.00 74.00 157.00 53.00 83.00 0.10 2.04 0.00 2.00 0.00 8.00 14.00 23.00 17.00 18.00 13.00 0.00 0.00 0.00 0.00 0.00
472.00 30.00 39.00 85.00 148.00 46.00 63.00 0.08 0.94 0.00 1.00 0.00 4.00 15.00 26.00 15.00 20.00 10.00 0.00 0.00 0.00 0.00 0.00
473.00 31.00 45.00 92.00 154.00 47.00 62.00 0.07 1.36 0.00 3.00 0.00 7.00 10.00 24.00 21.00 16.00 15.00 0.00 0.00 0.00 0.00 0.00
474.00 25.00 18.00 63.00 127.00 45.00 64.00 0.08 0.95 0.00 4.00 0.00 7.00 11.00 18.00 14.00 14.00 11.00 0.00 0.00 0.00 0.00 0.00
475.00 29.00 37.00 86.00 153.00 49.00 67.00 0.08 0.84 0.00 2.00 0.00 5.00 11.00 24.00 18.00 16.00 13.00 0.00 0.00 0.00 0.00 0.00
476.00 28.00 33.00 72.00 140.00 39.00 68.00 0.08 0.92 0.00 3.00 0.00 5.00 14.00 23.00 14.00 15.00 13.00 0.00 0.00 0.00 0.00 0.00
477.00 27.00 30.00 74.00 135.00 44.00 61.00 0.07 0.82 0.00 2.00 0.00 5.00 10.00 22.00 17.00 17.00 10.00 0.00 0.00 1.00 0.00 0.00
478.00 25.00 25.00 69.00 126.00 44.00 57.00 0.08 0.83 0.00 3.00 0.00 5.00 12.00 20.00 13.00 15.00 10.00 1.00 0.00 0.00 0.00 0.00
479.00 26.00 22.00 60.00 120.00 38.00 60.00 0.08 1.04 0.00 4.00 0.00 7.00 16.00 19.00 10.00 21.00 5.00 0.00 0.00 0.00 0.00 0.00
480.00 27.00 26.00 74.00 142.00 48.00 68.00 0.10 0.98 0.00 2.00 0.00 8.00 15.00 19.00 12.00 20.00 7.00 0.00 0.00 1.00 0.00 0.00
481.00 25.00 23.00 62.00 128.00 39.00 66.00 0.08 0.90 0.00 1.00 0.00 6.00 12.00 19.00 13.00 17.00 8.00 0.00 0.00 0.00 0.00 0.00
482.00 28.00 35.00 75.00 142.00 40.00 67.00 0.10 1.00 0.00 4.00 0.00 5.00 12.00 23.00 16.00 17.00 11.00 1.00 0.00 0.00 0.00 0.00
483.00 30.00 40.00 91.00 156.00 51.00 65.00 0.08 1.03 0.00 4.00 0.00 4.00 10.00 26.00 20.00 13.00 17.00 1.00 0.00 0.00 0.00 0.00
484.00 30.00 42.00 93.00 154.00 51.00 61.00 0.08 1.17 0.00 3.00 0.00 3.00 13.00 27.00 17.00 17.00 13.00 0.00 0.00 0.00 0.00 0.00
485.00 25.00 27.00 67.00 132.00 40.00 65.00 0.10 0.76 0.00 4.00 0.00 4.00 8.00 21.00 17.00 14.00 11.00 1.00 0.00 0.00 0.00 0.00
486.00 19.00 12.00 45.00 98.00 33.00 53.00 0.08 0.86 0.00 4.00 0.00 5.00 12.00 14.00 7.00 14.00 5.00 0.00 0.00 0.00 0.00 0.00
487.00 29.00 33.00 77.00 145.00 44.00 68.00 0.07 0.91 0.00 4.00 0.00 5.00 14.00 24.00 15.00 22.00 7.00 1.00 0.00 0.00 0.00 0.00
488.00 27.00 26.00 72.00 141.00 46.00 69.00 0.09 0.86 0.00 3.00 0.00 7.00 17.00 20.00 10.00 19.00 8.00 1.00 0.00 0.00 0.00 0.00
489.00 35.00 45.00 98.00 169.00 53.00 71.00 0.08 1.18 0.00 1.00 0.00 6.00 13.00 29.00 22.00 19.00 16.00 1.00 0.00 0.00 0.00 0.00
490.00 30.00 41.00 91.00 155.00 50.00 64.00 0.09 0.82 0.00 3.00 0.00 4.00 15.00 26.00 15.00 20.00 10.00 1.00 0.00 0.00 0.00 0.00
491.00 32.00 36.00 92.00 164.00 56.00 72.00 0.09 1.79 0.00 3.00 0.00 8.00 17.00 24.00 15.00 20.00 12.00 1.00 0.00 1.00 0.00 0.00
492.00 27.00 32.00 69.00 132.00 37.00 63.00 0.09 0.90 0.00 3.00 0.00 8.00 12.00 19.00 15.00 22.00 5.00 1.00 0.00 1.00 0.00 0.00
493.00 29.00 35.00 76.00 149.00 41.00 73.00 0.08 0.80 0.00 2.00 0.00 6.00 13.00 23.00 16.00 19.00 10.00 0.00 0.00 1.00 0.00 0.00
494.00 19.00 13.00 41.00 93.00 28.00 52.00 0.07 0.74 0.00 3.00 0.00 5.00 12.00 14.00 7.00 15.00 4.00 1.00 0.00 0.00 0.00 0.00
495.00 9.00 5.00 17.00 39.00 12.00 22.00 0.08 0.41 0.00 2.00 0.00 5.00 5.00 4.00 4.00 7.00 2.00 1.00 0.00 0.00 0.00 0.00
496.00 25.00 31.00 73.00 124.00 42.00 51.00 0.08 1.20 0.00 0.00 0.00 8.00 10.00 17.00 15.00 17.00 8.00 0.00 0.00 0.00 0.00 0.00
497.00 27.00 30.00 80.00 139.00 50.00 59.00 0.08 0.76 0.00 2.00 0.00 7.00 13.00 20.00 14.00 19.00 8.00 1.00 0.00 0.00 0.00 0.00
498.00 22.00 23.00 57.00 107.00 34.00 50.00 0.07 2.08 0.00 2.00 0.00 5.00 14.00 17.00 8.00 17.00 5.00 0.00 0.00 0.00 0.00 0.00
499.00 28.00 39.00 81.00 142.00 42.00 61.00 0.09 1.48 0.00 2.00 0.00 5.00 12.00 23.00 16.00 14.00 14.00 1.00 0.00 0.00 0.00 0.00
500.00 28.00 20.00 62.00 133.00 42.00 71.00 0.09 1.13 0.00 2.00 0.00 7.00 13.00 21.00 15.00 15.00 13.00 1.00 0.00 0.00 0.00 0.00
501.00 30.00 34.00 86.00 146.00 52.00 60.00 0.08 1.28 0.00 3.00 0.00 6.00 14.00 24.00 16.00 19.00 11.00 0.00 0.00 0.00 0.00 0.00
502.00 26.00 28.00 74.00 128.00 46.00 54.00 0.07 0.86 0.00 1.00 0.00 7.00 15.00 19.00 11.00 20.00 6.00 1.00 0.00 0.00 0.00 0.00
503.00 22.00 20.00 57.00 114.00 37.00 57.00 0.08 1.47 0.00 1.00 0.00 5.00 9.00 17.00 13.00 14.00 8.00 1.00 0.00 0.00 0.00 0.00
504.00 29.00 34.00 82.00 148.00 48.00 66.00 0.10 1.32 0.00 1.00 0.00 8.00 13.00 21.00 16.00 20.00 9.00 1.00 0.00 0.00 0.00 0.00
505.00 26.00 31.00 67.00 131.00 36.00 64.00 0.08 0.85 0.00 1.00 0.00 7.00 12.00 19.00 14.00 13.00 13.00 1.00 0.00 0.00 0.00 0.00
506.00 27.00 25.00 66.00 129.00 41.00 63.00 0.07 0.98 0.00 1.00 0.00 8.00 15.00 19.00 12.00 20.00 7.00 1.00 0.00 1.00 0.00 0.00
507.00 26.00 27.00 67.00 129.00 40.00 62.00 0.08 1.42 0.00 2.00 0.00 7.00 11.00 19.00 15.00 13.00 13.00 1.00 0.00 0.00 0.00 0.00
508.00 29.00 33.00 77.00 144.00 44.00 67.00 0.09 2.28 0.00 2.00 0.00 7.00 12.00 22.00 17.00 19.00 10.00 0.00 0.00 1.00 1.00 0.00
509.00 27.00 27.00 69.00 140.00 42.00 71.00 0.09 1.48 0.00 3.00 0.00 8.00 14.00 19.00 13.00 20.00 7.00 1.00 0.00 0.00 0.00 0.00
510.00 23.00 26.00 64.00 115.00 38.00 51.00 0.06 0.62 0.00 3.00 0.00 5.00 10.00 18.00 13.00 14.00 9.00 1.00 0.00 0.00 0.00 0.00
511.00 26.00 27.00 70.00 122.00 43.00 52.00 0.07 1.89 0.00 4.00 0.00 10.00 14.00 16.00 12.00 21.00 5.00 1.00 0.00 0.00 0.00 0.00
512.00 20.00 21.00 55.00 101.00 34.00 46.00 0.10 1.38 0.00 3.00 0.00 1.00 9.00 19.00 11.00 13.00 7.00 1.00 0.00 0.00 0.00 0.00
513.00 26.00 23.00 70.00 134.00 47.00 64.00 0.10 2.28 0.00 2.00 0.00 5.00 12.00 21.00 14.00 19.00 7.00 1.00 0.00 0.00 0.00 0.00
514.00 20.00 19.00 49.00 95.00 30.00 46.00 0.09 2.60 0.00 1.00 0.00 6.00 11.00 14.00 9.00 14.00 6.00 0.00 0.00 0.00 0.00 0.00
515.00 22.00 16.00 60.00 111.00 44.00 51.00 0.09 1.90 0.00 2.00 0.00 8.00 14.00 14.00 8.00 15.00 7.00 0.00 0.00 0.00 0.00 0.00
516.00 30.00 32.00 74.00 141.00 42.00 67.00 0.08 2.92 0.00 2.00 0.00 7.00 13.00 23.00 17.00 18.00 12.00 0.00 0.00 0.00 0.00 0.00
517.00 25.00 22.00 60.00 127.00 38.00 67.00 0.07 1.92 0.00 4.00 0.00 5.00 10.00 20.00 15.00 16.00 9.00 1.00 0.00 0.00 0.00 0.00
518.00 23.00 19.00 69.00 121.00 50.00 52.00 0.07 2.84 0.00 3.00 0.00 4.00 9.00 19.00 14.00 18.00 5.00 1.00 0.00 0.00 0.00 0.00
519.00 29.00 30.00 75.00 141.00 45.00 66.00 0.08 2.20 0.00 3.00 0.00 7.00 11.00 22.00 18.00 16.00 13.00 0.00 0.00 1.00 0.00 0.00
520.00 25.00 32.00 75.00 127.00 43.00 52.00 0.08 1.78 0.00 1.00 0.00 7.00 9.00 18.00 16.00 10.00 15.00 0.00 0.00 1.00 0.00 0.00
521.00 21.00 21.00 60.00 109.00 39.00 49.00 0.10 2.46 0.00 2.00 0.00 5.00 10.00 16.00 11.00 13.00 8.00 0.00 0.00 1.00 0.00 0.00
522.00 27.00 33.00 80.00 135.00 47.00 55.00 0.07 2.81 0.00 2.00 0.00 7.00 10.00 20.00 17.00 14.00 13.00 1.00 0.00 1.00 0.00 0.00
523.00 24.00 27.00 67.00 124.00 40.00 57.00 0.08 2.37 0.00 1.00 0.00 8.00 15.00 16.00 9.00 16.00 8.00 0.00 0.00 2.00 0.00 0.00
524.00 25.00 28.00 68.00 125.00 40.00 57.00 0.09 2.73 0.00 2.00 0.00 7.00 14.00 18.00 11.00 17.00 8.00 0.00 0.00 3.00 0.00 0.00
525.00 21.00 22.00 58.00 105.00 36.00 47.00 0.08 3.89 0.00 1.00 0.00 4.00 10.00 17.00 11.00 15.00 6.00 1.00 0.00 2.00 0.00 0.00
526.00 28.00 29.00 78.00 144.00 49.00 66.00 0.08 2.58 0.00 2.00 0.00 9.00 16.00 19.00 12.00 17.00 11.00 0.00 0.00 1.00 0.00 0.00
527.00 27.00 32.00 77.00 138.00 45.00 61.00 0.08 3.39 0.00 2.00 0.00 4.00 10.00 23.00 17.00 16.00 11.00 0.00 0.00 1.00 0.00 0.00
528.00 29.00 38.00 76.00 146.00 38.00 70.00 0.10 3.37 0.00 2.00 0.00 7.00 14.00 22.00 15.00 20.00 9.00 0.00 0.00 0.00 0.00 0.00
529.00 23.00 22.00 58.00 118.00 36.00 60.00 0.08 3.30 0.00 1.00 0.00 7.00 13.00 16.00 10.00 14.00 9.00 1.00 0.00 1.00 0.00 0.00
530.00 24.00 30.00 69.00 121.00 39.00 52.00 0.09 2.90 0.00 2.00 0.00 6.00 12.00 18.00 12.00 17.00 7.00 0.00 0.00 0.00 0.00 0.00
531.00 28.00 28.00 80.00 142.00 52.00 62.00 0.07 3.43 0.00 2.00 0.00 7.00 14.00 21.00 14.00 19.00 9.00 1.00 0.00 0.00 0.00 0.00
532.00 26.00 34.00 71.00 130.00 37.00 59.00 0.07 3.18 0.00 2.00 0.00 6.00 11.00 20.00 15.00 18.00 8.00 1.00 0.00 1.00 0.00 0.00
533.00 24.00 28.00 64.00 122.00 36.00 58.00 0.09 3.33 0.00 1.00 0.00 6.00 12.00 18.00 12.00 16.00 8.00 0.00 0.00 1.00 0.00 0.00
534.00 25.00 33.00 75.00 128.00 42.00 53.00 0.09 3.21 0.00 2.00 0.00 6.00 10.00 19.00 15.00 14.00 11.00 0.00 0.00 0.00 0.00 0.00
535.00 25.00 26.00 67.00 124.00 41.00 57.00 0.10 3.17 0.00 2.00 0.00 8.00 10.00 17.00 15.00 14.00 11.00 0.00 0.00 0.00 0.00 0.00
536.00 25.00 21.00 63.00 128.00 42.00 65.00 0.10 2.78 0.00 2.00 0.00 4.00 13.00 21.00 12.00 18.00 7.00 1.00 0.00 1.00 0.00 0.00
537.00 26.00 28.00 70.00 134.00 42.00 64.00 0.09 3.73 0.00 1.00 0.00 7.00 11.00 19.00 15.00 14.00 12.00 0.00 0.00 0.00 1.00 0.00
538.00 21.00 19.00 53.00 104.00 34.00 51.00 0.09 2.61 0.00 1.00 0.00 6.00 11.00 15.00 10.00 13.00 8.00 0.00 0.00 1.00 0.00 0.00
539.00 25.00 20.00 63.00 125.00 43.00 62.00 0.08 2.85 0.00 1.00 0.00 8.00 17.00 17.00 8.00 19.00 6.00 0.00 0.00 0.00 0.00 0.00
540.00 17.00 10.00 31.00 78.00 21.00 47.00 0.08 2.47 0.00 1.00 0.00 8.00 10.00 9.00 7.00 13.00 4.00 0.00 0.00 0.00 0.00 0.00
541.00 27.00 32.00 71.00 132.00 39.00 61.00 0.07 3.03 0.00 1.00 0.00 9.00 16.00 18.00 11.00 20.00 7.00 1.00 0.00 0.00 0.00 0.00
542.00 23.00 23.00 56.00 115.00 33.00 59.00 0.09 2.61 0.00 1.00 0.00 7.00 12.00 16.00 11.00 16.00 7.00 0.00 0.00 0.00 0.00 0.00
543.00 22.00 18.00 52.00 112.00 34.00 60.00 0.08 1.95 0.00 1.00 0.00 6.00 10.00 16.00 12.00 16.00 6.00 1.00 0.00 1.00 0.00 0.00
544.00 25.00 29.00 67.00 125.00 38.00 58.00 0.08 1.88 0.00 1.00 0.00 3.00 9.00 22.00 16.00 15.00 10.00 0.00 0.00 1.00 0.00 0.00
545.00 30.00 35.00 91.00 157.00 56.00 66.00 0.09 3.52 0.00 1.00 0.00 8.00 12.00 22.00 18.00 16.00 14.00 0.00 0.00 1.00 1.00 0.00
546.00 24.00 28.00 67.00 125.00 39.00 58.00 0.09 3.68 0.00 1.00 0.00 8.00 14.00 16.00 10.00 17.00 7.00 1.00 0.00 1.00 0.00 0.00
547.00 27.00 31.00 69.00 135.00 38.00 66.00 0.08 4.08 0.00 1.00 0.00 7.00 12.00 20.00 15.00 20.00 7.00 0.00 0.00 1.00 0.00 0.00
548.00 27.00 33.00 75.00 130.00 42.00 55.00 0.08 3.16 0.00 1.00 0.00 10.00 17.00 17.00 10.00 21.00 6.00 0.00 0.00 1.00 0.00 0.00
549.00 24.00 27.00 68.00 130.00 41.00 62.00 0.09 2.51 0.00 1.00 0.00 4.00 10.00 20.00 14.00 15.00 9.00 0.00 0.00 1.00 0.00 0.00
550.00 25.00 20.00 73.00 127.00 53.00 54.00 0.10 3.81 0.00 1.00 0.00 6.00 11.00 19.00 14.00 14.00 11.00 1.00 0.00 2.00 0.00 0.00
551.00 30.00 31.00 85.00 157.00 54.00 72.00 0.08 2.24 0.00 2.00 0.00 7.00 12.00 23.00 18.00 16.00 14.00 1.00 0.00 2.00 0.00 0.00
552.00 26.00 34.00 74.00 132.00 40.00 58.00 0.08 3.15 0.00 1.00 0.00 8.00 13.00 18.00 13.00 19.00 7.00 1.00 0.00 1.00 0.00 0.00
553.00 33.00 42.00 92.00 166.00 50.00 74.00 0.08 3.86 0.00 2.00 0.00 10.00 15.00 23.00 18.00 20.00 13.00 1.00 0.00 0.00 0.00 0.00
554.00 23.00 24.00 63.00 117.00 39.00 54.00 0.09 3.84 0.00 1.00 0.00 7.00 11.00 16.00 12.00 15.00 8.00 0.00 0.00 0.00 1.00 0.00
555.00 23.00 17.00 52.00 117.00 35.00 65.00 0.08 2.47 0.00 2.00 0.00 7.00 12.00 16.00 11.00 17.00 6.00 0.00 0.00 0.00 0.00 0.00
556.00 29.00 36.00 86.00 151.00 50.00 65.00 0.09 3.65 0.00 2.00 0.00 6.00 13.00 23.00 16.00 16.00 13.00 1.00 0.00 0.00 0.00 0.00
557.00 27.00 32.00 74.00 141.00 42.00 67.00 0.09 3.56 0.00 4.00 0.00 7.00 13.00 20.00 14.00 15.00 12.00 1.00 0.00 0.00 0.00 0.00
558.00 26.00 31.00 65.00 124.00 34.00 59.00 0.08 3.58 0.00 2.00 0.00 7.00 10.00 19.00 16.00 17.00 9.00 1.00 0.00 0.00 0.00 0.00
559.00 22.00 24.00 55.00 110.00 31.00 55.00 0.07 2.53 0.00 2.00 0.00 6.00 12.00 16.00 10.00 15.00 7.00 1.00 0.00 0.00 0.00 0.00
560.00 22.00 20.00 54.00 101.00 34.00 47.00 0.08 2.19 0.00 2.00 0.00 4.00 5.00 18.00 17.00 11.00 11.00 1.00 0.00 0.00 0.00 0.00
561.00 17.00 12.00 44.00 91.00 32.00 47.00 0.07 2.45 0.00 2.00 0.00 3.00 6.00 14.00 11.00 10.00 7.00 0.00 0.00 0.00 0.00 0.00
562.00 22.00 20.00 56.00 111.00 36.00 55.00 0.09 3.98 0.00 2.00 0.00 8.00 13.00 14.00 9.00 18.00 4.00 1.00 0.00 0.00 0.00 0.00
563.00 16.00 10.00 38.00 76.00 28.00 38.00 0.07 4.70 0.00 2.00 0.00 7.00 12.00 9.00 4.00 12.00 4.00 0.00 0.00 0.00 0.00 0.00
564.00 21.00 21.00 53.00 108.00 32.00 55.00 0.07 3.58 0.00 2.00 0.00 7.00 15.00 14.00 6.00 19.00 2.00 0.00 0.00 1.00 0.00 0.00
565.00 23.00 25.00 58.00 112.00 33.00 54.00 0.09 4.12 0.00 1.00 0.00 2.00 9.00 21.00 14.00 17.00 6.00 0.00 0.00 0.00 0.00 0.00
566.00 21.00 21.00 49.00 97.00 28.00 48.00 0.08 4.38 0.00 1.00 0.00 4.00 10.00 17.00 11.00 13.00 8.00 0.00 0.00 0.00 0.00 0.00
567.00 21.00 16.00 53.00 104.00 37.00 51.00 0.09 4.40 0.00 0.00 0.00 6.00 10.00 15.00 11.00 13.00 8.00 0.00 0.00 0.00 0.00 1.00
568.00 23.00 19.00 59.00 115.00 40.00 56.00 0.10 3.86 0.00 2.00 0.00 8.00 14.00 15.00 9.00 20.00 3.00 0.00 0.00 0.00 0.00 0.00
569.00 25.00 31.00 65.00 122.00 34.00 57.00 0.08 4.55 0.00 3.00 0.00 7.00 11.00 18.00 14.00 12.00 13.00 0.00 0.00 0.00 0.00 0.00
570.00 20.00 20.00 53.00 96.00 33.00 43.00 0.09 3.73 0.00 0.00 0.00 4.00 7.00 16.00 13.00 13.00 7.00 0.00 0.00 0.00 0.00 0.00
571.00 16.00 11.00 36.00 74.00 25.00 38.00 0.09 4.89 0.00 2.00 0.00 7.00 9.00 9.00 7.00 13.00 3.00 0.00 0.00 0.00 0.00 0.00
572.00 15.00 14.00 36.00 74.00 22.00 38.00 0.08 3.85 0.00 2.00 0.00 4.00 9.00 11.00 6.00 11.00 4.00 0.00 0.00 0.00 0.00 0.00
573.00 21.00 26.00 57.00 108.00 31.00 51.00 0.08 4.04 0.00 2.00 0.00 8.00 12.00 13.00 9.00 17.00 4.00 0.00 0.00 0.00 0.00 0.00
574.00 24.00 23.00 58.00 114.00 35.00 56.00 0.09 4.13 0.00 2.00 0.00 4.00 14.00 20.00 10.00 19.00 5.00 0.00 0.00 0.00 0.00 0.00
575.00 24.00 33.00 68.00 115.00 35.00 47.00 0.10 4.31 0.00 3.00 0.00 4.00 11.00 20.00 13.00 13.00 11.00 0.00 0.00 0.00 0.00 0.00
576.00 24.00 21.00 59.00 116.00 38.00 57.00 0.08 3.62 0.00 2.00 0.00 5.00 10.00 19.00 14.00 15.00 9.00 0.00 0.00 0.00 0.00 0.00
577.00 21.00 23.00 55.00 102.00 32.00 47.00 0.08 3.60 0.00 2.00 0.00 5.00 8.00 16.00 13.00 14.00 7.00 0.00 0.00 0.00 0.00 0.00
578.00 22.00 35.00 60.00 111.00 25.00 51.00 0.07 4.52 0.00 2.00 0.00 8.00 12.00 14.00 10.00 15.00 7.00 0.00 0.00 0.00 0.00 1.00
579.00 19.00 17.00 44.00 89.00 27.00 45.00 0.08 3.66 0.00 1.00 0.00 2.00 7.00 17.00 12.00 13.00 6.00 0.00 0.00 0.00 0.00 0.00
580.00 19.00 21.00 40.00 83.00 19.00 43.00 0.08 4.66 0.00 1.00 0.00 7.00 14.00 12.00 5.00 17.00 2.00 0.00 0.00 0.00 0.00 0.00
581.00 17.00 20.00 43.00 79.00 23.00 36.00 0.07 4.97 0.00 2.00 0.00 3.00 8.00 14.00 9.00 10.00 7.00 0.00 0.00 0.00 0.00 0.00
582.00 17.00 20.00 45.00 79.00 25.00 34.00 0.09 4.95 0.00 2.00 0.00 5.00 8.00 12.00 9.00 10.00 7.00 0.00 0.00 0.00 0.00 0.00
583.00 20.00 24.00 55.00 97.00 31.00 42.00 0.10 4.85 0.00 2.00 0.00 4.00 10.00 16.00 10.00 12.00 8.00 0.00 0.00 0.00 0.00 0.00
584.00 16.00 20.00 42.00 74.00 22.00 32.00 0.10 4.88 0.00 2.00 0.00 7.00 10.00 9.00 6.00 14.00 2.00 0.00 0.00 0.00 0.00 0.00
585.00 18.00 22.00 45.00 84.00 23.00 39.00 0.10 4.75 0.00 2.00 0.00 5.00 9.00 13.00 9.00 12.00 6.00 0.00 0.00 0.00 0.00 0.00
586.00 20.00 26.00 52.00 99.00 26.00 47.00 0.09 4.39 0.00 2.00 0.00 7.00 14.00 13.00 6.00 15.00 5.00 0.00 0.00 0.00 0.00 0.00
587.00 16.00 15.00 35.00 72.00 20.00 37.00 0.08 4.83 0.00 2.00 0.00 4.00 12.00 12.00 4.00 14.00 2.00 0.00 0.00 0.00 0.00 0.00
588.00 19.00 21.00 55.00 98.00 34.00 43.00 0.10 4.68 0.00 2.00 0.00 2.00 7.00 17.00 12.00 14.00 5.00 0.00 0.00 1.00 0.00 0.00
589.00 23.00 27.00 60.00 107.00 33.00 47.00 0.07 4.54 0.00 2.00 0.00 9.00 11.00 14.00 12.00 15.00 8.00 0.00 0.00 0.00 0.00 0.00
590.00 22.00 36.00 62.00 103.00 26.00 41.00 0.09 4.55 0.00 2.00 0.00 6.00 12.00 16.00 10.00 17.00 5.00 0.00 0.00 0.00 0.00 0.00
591.00 21.00 21.00 49.00 102.00 28.00 53.00 0.08 4.20 0.00 2.00 0.00 3.00 9.00 18.00 12.00 12.00 9.00 0.00 0.00 0.00 0.00 0.00
592.00 19.00 25.00 50.00 95.00 25.00 45.00 0.09 5.01 0.00 2.00 0.00 5.00 8.00 14.00 11.00 14.00 5.00 0.00 0.00 0.00 0.00 0.00
593.00 19.00 28.00 52.00 93.00 24.00 41.00 0.07 4.26 0.00 2.00 0.00 4.00 10.00 15.00 9.00 11.00 8.00 0.00 0.00 0.00 0.00 0.00
594.00 16.00 15.00 36.00 74.00 21.00 38.00 0.08 4.65 0.00 2.00 0.00 1.00 3.00 15.00 13.00 8.00 8.00 0.00 0.00 0.00 0.00 0.00
595.00 11.00 6.00 22.00 54.00 16.00 32.00 0.09 4.59 0.00 2.00 0.00 3.00 5.00 8.00 6.00 7.00 4.00 0.00 0.00 0.00 0.00 0.00
596.00 17.00 15.00 41.00 86.00 26.00 45.00 0.08 4.55 0.00 2.00 0.00 4.00 6.00 13.00 11.00 11.00 6.00 0.00 0.00 0.00 0.00 0.00
597.00 20.00 26.00 57.00 98.00 31.00 41.00 0.10 4.22 0.00 2.00 0.00 5.00 11.00 15.00 9.00 15.00 5.00 0.00 0.00 0.00 0.00 0.00
598.00 21.00 26.00 56.00 96.00 30.00 40.00 0.08 4.32 0.00 2.00 0.00 5.00 10.00 16.00 11.00 15.00 6.00 0.00 0.00 0.00 0.00 0.00
599.00 17.00 20.00 42.00 81.00 22.00 39.00 0.08 4.29 0.00 1.00 0.00 4.00 6.00 13.00 11.00 12.00 5.00 0.00 0.00 0.00 0.00 0.00
600.00 18.00 15.00 44.00 91.00 29.00 47.00 0.09 4.60 0.00 1.00 0.00 6.00 8.00 12.00 10.00 11.00 7.00 0.00 0.00 0.00 0.00 0.00
601.00 16.00 17.00 44.00 84.00 27.00 40.00 0.09 4.72 0.00 0.00 0.00 4.00 8.00 12.00 8.00 11.00 5.00 0.00 0.00 0.00 0.00 0.00
602.00 17.00 18.00 46.00 87.00 28.00 41.00 0.11 5.08 0.00 1.00 0.00 3.00 8.00 14.00 9.00 13.00 4.00 0.00 0.00 0.00 0.00 0.00
603.00 15.00 12.00 33.00 73.00 21.00 40.00 0.06 4.49 0.00 1.00 0.00 5.00 7.00 10.00 8.00 11.00 4.00 0.00 0.00 0.00 0.00 0.00
604.00 12.00 10.00 31.00 58.00 21.00 27.00 0.08 4.88 0.00 1.00 0.00 3.00 9.00 9.00 3.00 9.00 3.00 0.00 0.00 0.00 0.00 0.00
605.00 16.00 19.00 40.00 80.00 21.00 40.00 0.10 4.38 0.00 1.00 0.00 2.00 6.00 14.00 10.00 8.00 8.00 0.00 0.00 0.00 0.00 0.00
606.00 6.00 1.00 7.00 23.00 6.00 16.00 0.09 4.22 0.00 0.00 0.00 2.00 5.00 4.00 1.00 5.00 1.00 0.00 0.00 0.00 0.00 0.00
607.00 15.00 12.00 39.00 73.00 27.00 34.00 0.09 3.93 0.00 1.00 0.00 4.00 7.00 11.00 8.00 11.00 4.00 0.00 0.00 0.00 0.00 0.00
608.00 16.00 10.00 33.00 75.00 23.00 42.00 0.09 3.31 0.00 0.00 0.00 6.00 9.00 10.00 7.00 11.00 5.00 0.00 0.00 0.00 0.00 0.00
609.00 11.00 10.00 24.00 49.00 14.00 25.00 0.09 3.16 0.00 1.00 0.00 4.00 7.00 7.00 4.00 10.00 1.00 0.00 0.00 0.00 0.00 0.00
610.00 17.00 24.00 45.00 80.00 21.00 35.00 0.09 4.20 0.00 1.00 0.00 2.00 5.00 15.00 12.00 9.00 8.00 0.00 0.00 0.00 0.00 0.00
611.00 14.00 13.00 33.00 60.00 20.00 27.00 0.09 2.57 0.00 1.00 0.00 4.00 9.00 10.00 5.00 12.00 2.00 0.00 0.00 0.00 0.00 0.00
612.00 13.00 10.00 32.00 67.00 22.00 35.00 0.08 3.61 0.00 1.00 0.00 5.00 8.00 8.00 5.00 10.00 3.00 0.00 0.00 0.00 0.00 0.00
613.00 15.00 6.00 31.00 74.00 25.00 43.00 0.08 4.01 0.00 1.00 0.00 5.00 6.00 10.00 9.00 10.00 5.00 0.00 0.00 0.00 0.00 0.00
614.00 14.00 13.00 35.00 67.00 22.00 32.00 0.08 4.43 0.00 1.00 0.00 2.00 5.00 12.00 9.00 9.00 5.00 0.00 0.00 0.00 0.00 0.00
615.00 13.00 11.00 33.00 65.00 22.00 32.00 0.08 4.09 0.00 1.00 0.00 4.00 6.00 9.00 7.00 10.00 3.00 0.00 0.00 0.00 0.00 0.00
616.00 13.00 12.00 32.00 66.00 20.00 34.00 0.09 1.61 0.00 1.00 0.00 3.00 7.00 10.00 6.00 10.00 3.00 0.00 0.00 0.00 0.00 0.00
617.00 16.00 17.00 38.00 75.00 21.00 37.00 0.09 3.74 0.00 1.00 0.00 2.00 6.00 14.00 10.00 7.00 9.00 0.00 0.00 0.00 0.00 0.00
618.00 12.00 9.00 25.00 55.00 16.00 30.00 0.08 2.95 0.00 1.00 0.00 3.00 7.00 9.00 5.00 7.00 5.00 0.00 0.00 0.00 0.00 0.00
619.00 13.00 11.00 28.00 56.00 17.00 28.00 0.08 3.63 0.00 1.00 0.00 3.00 8.00 10.00 5.00 9.00 4.00 0.00 0.00 0.00 0.00 0.00
620.00 13.00 8.00 28.00 60.00 20.00 32.00 0.10 4.23 0.00 1.00 0.00 4.00 9.00 9.00 4.00 11.00 2.00 0.00 0.00 0.00 0.00 0.00
621.00 14.00 17.00 34.00 67.00 17.00 33.00 0.08 1.68 0.00 1.00 0.00 2.00 4.00 12.00 10.00 8.00 6.00 0.00 0.00 0.00 0.00 0.00
622.00 10.00 9.00 25.00 48.00 16.00 23.00 0.09 0.23 0.00 0.00 0.00 0.00 2.00 10.00 8.00 6.00 4.00 0.00 0.00 0.00 0.00 0.00
623.00 16.00 18.00 41.00 76.00 23.00 35.00 0.09 3.25 0.00 1.00 0.00 3.00 6.00 13.00 10.00 8.00 8.00 0.00 0.00 0.00 0.00 0.00
624.00 15.00 18.00 40.00 72.00 22.00 32.00 0.07 3.29 0.00 1.00 0.00 3.00 5.00 12.00 10.00 9.00 6.00 0.00 0.00 0.00 0.00 0.00
625.00 10.00 5.00 16.00 42.00 11.00 26.00 0.09 4.51 0.00 1.00 0.00 5.00 6.00 5.00 4.00 8.00 2.00 0.00 0.00 0.00 0.00 0.00
626.00 9.00 8.00 21.00 40.00 13.00 19.00 0.09 3.68 0.00 1.00 0.00 2.00 6.00 7.00 3.00 8.00 1.00 0.00 0.00 0.00 0.00 0.00
627.00 11.00 4.00 19.00 50.00 15.00 31.00 0.08 3.92 0.00 1.00 0.00 3.00 6.00 8.00 5.00 9.00 2.00 0.00 0.00 0.00 0.00 0.00
628.00 10.00 4.00 21.00 48.00 17.00 27.00 0.08 0.25 0.00 1.00 0.00 5.00 8.00 5.00 2.00 8.00 2.00 0.00 0.00 0.00 0.00 0.00
629.00 11.00 10.00 26.00 52.00 16.00 26.00 0.08 0.37 0.00 1.00 0.00 4.00 8.00 7.00 3.00 9.00 2.00 0.00 0.00 0.00 0.00 0.00
630.00 11.00 7.00 22.00 48.00 15.00 26.00 0.08 0.42 0.00 0.00 0.00 3.00 5.00 8.00 6.00 8.00 3.00 0.00 0.00 0.00 0.00 0.00
631.00 7.00 4.00 12.00 32.00 8.00 20.00 0.07 0.27 0.00 0.00 0.00 2.00 4.00 5.00 3.00 6.00 1.00 0.00 0.00 0.00 0.00 0.00
632.00 3.00 0.00 0.00 4.00 0.00 4.00 0.08 0.20 0.00 0.00 0.00 2.00 3.00 1.00 0.00 3.00 0.00 0.00 0.00 0.00 0.00 0.00
633.00 8.00 1.00 10.00 34.00 9.00 24.00 0.07 0.43 0.00 0.00 0.00 2.00 6.00 6.00 2.00 6.00 2.00 0.00 0.00 0.00 0.00 0.00
634.00 5.00 2.00 8.00 22.00 6.00 14.00 0.11 0.25 0.00 0.00 0.00 1.00 3.00 4.00 2.00 4.00 1.00 0.00 0.00 0.00 0.00 0.00
635.00 3.00 0.00 0.00 6.00 0.00 6.00 0.09 0.23 0.00 0.00 0.00 2.00 3.00 1.00 0.00 3.00 0.00 0.00 0.00 0.00 0.00 0.00
636.00 4.00 1.00 4.00 15.00 3.00 11.00 0.07 0.15 0.00 0.00 0.00 2.00 4.00 2.00 0.00 4.00 0.00 0.00 0.00 0.00 0.00 0.00
637.00 5.00 2.00 6.00 22.00 4.00 16.00 0.11 0.18 0.00 0.00 0.00 3.00 4.00 2.00 1.00 5.00 0.00 0.00 0.00 0.00 0.00 0.00
638.00 3.00 0.00 0.00 4.00 0.00 4.00 0.09 0.33 0.00 0.00 0.00 2.00 3.00 1.00 0.00 3.00 0.00 0.00 0.00 0.00 0.00 0.00
639.00 3.00 0.00 0.00 5.00 0.00 5.00 0.09 4.51 0.00 0.00 0.00 2.00 3.00 1.00 0.00 3.00 0.00 0.00 0.00 0.00 0.00 0.00
640.00 3.00 0.00 0.00 7.00 0.00 7.00 0.08 3.68 0.00 0.00 0.00 2.00 3.00 1.00 0.00 3.00 0.00 0.00 0.00 0.00 0.00 0.00
641.00 3.00 0.00 0.00 2.00 0.00 2.00 0.10 3.82 0.00 0.00 0.00 2.00 3.00 1.00 0.00 3.00 0.00 0.00 0.00 0.00 0.00 0.00
642.00 2.00 0.00 0.00 1.00 0.00 1.00 0.10 0.14 0.00 0.00 0.00 2.00 2.00 0.00 0.00 2.00 0.00 0.00 0.00 0.00 0.00 0.00
