0.00 2.00 0.00 0.00 0.00 0.00 0.00 0.09 0.09 0.00 0.00 0.00 2.00 2.00 0.00 0.00 2.00 0.00 0.00 0.00 0.00 0.00 0.00
1.00 6.00 2.00 8.00 25.00 6.00 17.00 0.08 0.36 0.00 0.00 0.00 2.00 5.00 4.00 1.00 5.00 1.00 0.00 0.00 0.00 0.00 0.00
2.00 9.00 6.00 19.00 40.00 13.00 21.00 0.08 0.41 0.00 0.00 0.00 5.00 7.00 4.00 2.00 7.00 2.00 0.00 0.00 0.00 0.00 0.00
3.00 7.00 1.00 7.00 25.00 6.00 18.00 0.07 0.39 0.00 1.00 0.00 3.00 6.00 4.00 1.00 7.00 0.00 0.00 0.00 0.00 0.00 0.00
4.00 11.00 6.00 22.00 51.00 16.00 29.00 0.08 0.43 0.00 1.00 0.00 5.00 8.00 6.00 3.00 10.00 1.00 0.00 0.00 0.00 0.00 0.00
5.00 14.00 12.00 30.00 60.00 18.00 30.00 0.09 0.61 0.00 1.00 0.00 6.00 10.00 8.00 4.00 13.00 1.00 0.00 0.00 0.00 0.00 0.00
6.00 16.00 7.00 31.00 70.00 24.00 39.00 0.08 0.61 0.00 0.00 0.00 5.00 9.00 11.00 7.00 14.00 2.00 0.00 0.00 0.00 0.00 0.00
7.00 13.00 6.00 24.00 60.00 18.00 36.00 0.10 0.40 0.00 1.00 0.00 3.00 7.00 10.00 6.00 9.00 4.00 0.00 0.00 0.00 0.00 0.00
8.00 7.00 4.00 12.00 30.00 8.00 18.00 0.07 0.30 0.00 0.00 0.00 4.00 5.00 3.00 2.00 6.00 1.00 0.00 0.00 0.00 0.00 0.00
9.00 6.00 1.00 6.00 20.00 5.00 14.00 0.09 0.40 0.00 0.00 0.00 4.00 5.00 2.00 1.00 5.00 1.00 0.00 0.00 0.00 0.00 0.00
10.00 11.00 7.00 22.00 55.00 15.00 33.00 0.08 0.41 0.00 0.00 0.00 3.00 6.00 8.00 5.00 7.00 4.00 0.00 0.00 0.00 0.00 0.00
11.00 15.00 16.00 39.00 79.00 23.00 40.00 0.09 0.52 0.00 0.00 0.00 2.00 4.00 13.00 11.00 7.00 8.00 0.00 0.00 0.00 0.00 0.00
12.00 13.00 6.00 22.00 67.00 16.00 45.00 0.08 0.70 0.00 0.00 0.00 3.00 7.00 10.00 6.00 11.00 2.00 0.00 0.00 0.00 0.00 0.00
13.00 20.00 10.00 41.00 97.00 31.00 56.00 0.08 0.95 0.00 0.00 0.00 6.00 12.00 14.00 8.00 16.00 4.00 0.00 0.00 0.00 0.00 1.00
14.00 9.00 1.00 15.00 37.00 14.00 22.00 0.08 0.43 0.00 0.00 0.00 5.00 7.00 4.00 2.00 8.00 1.00 0.00 0.00 0.00 0.00 0.00
15.00 13.00 7.00 22.00 64.00 15.00 42.00 0.07 0.41 0.00 0.00 0.00 3.00 9.00 10.00 4.00 10.00 3.00 0.00 0.00 1.00 0.00 0.00
16.00 15.00 9.00 39.00 80.00 30.00 41.00 0.08 0.50 0.00 1.00 0.00 4.00 9.00 11.00 6.00 14.00 1.00 0.00 0.00 0.00 0.00 0.00
17.00 18.00 14.00 47.00 96.00 33.00 49.00 0.09 0.54 0.00 0.00 0.00 5.00 12.00 13.00 6.00 15.00 3.00 0.00 0.00 0.00 0.00 1.00
18.00 10.00 3.00 11.00 35.00 8.00 24.00 0.08 0.57 0.00 0.00 0.00 5.00 8.00 5.00 2.00 9.00 1.00 0.00 0.00 0.00 0.00 0.00
19.00 10.00 2.00 14.00 46.00 12.00 32.00 0.09 0.50 0.00 0.00 0.00 5.00 7.00 5.00 3.00 10.00 0.00 0.00 0.00 0.00 0.00 1.00
20.00 17.00 17.00 42.00 86.00 25.00 44.00 0.08 0.55 0.00 0.00 0.00 2.00 10.00 15.00 7.00 14.00 3.00 0.00 0.00 0.00 0.00 1.00
21.00 15.00 8.00 28.00 69.00 20.00 41.00 0.07 0.52 0.00 0.00 0.00 3.00 7.00 12.00 8.00 12.00 3.00 0.00 0.00 0.00 0.00 1.00
22.00 16.00 6.00 41.00 81.00 35.00 40.00 0.08 0.57 0.00 0.00 0.00 4.00 9.00 12.00 7.00 12.00 4.00 0.00 0.00 0.00 0.00 0.00
23.00 11.00 5.00 16.00 49.00 11.00 33.00 0.08 0.49 0.00 0.00 0.00 3.00 6.00 8.00 5.00 9.00 2.00 0.00 0.00 0.00 0.00 1.00
24.00 13.00 6.00 28.00 54.00 22.00 26.00 0.09 0.45 0.00 0.00 0.00 5.00 10.00 8.00 3.00 11.00 2.00 0.00 0.00 0.00 0.00 0.00
25.00 16.00 5.00 27.00 80.00 22.00 53.00 0.09 0.61 0.00 0.00 0.00 7.00 13.00 9.00 3.00 14.00 2.00 0.00 0.00 0.00 0.00 0.00
26.00 15.00 6.00 26.00 65.00 20.00 39.00 0.08 0.66 0.00 0.00 0.00 3.00 3.00 12.00 12.00 8.00 7.00 0.00 0.00 0.00 0.00 0.00
27.00 19.00 10.00 42.00 94.00 32.00 52.00 0.09 0.70 0.00 1.00 0.00 6.00 10.00 13.00 9.00 15.00 4.00 0.00 0.00 1.00 0.00 0.00
28.00 19.00 11.00 40.00 90.00 29.00 50.00 0.09 0.70 0.00 1.00 0.00 5.00 9.00 14.00 10.00 15.00 4.00 0.00 0.00 0.00 0.00 0.00
29.00 21.00 18.00 49.00 98.00 31.00 49.00 0.08 0.70 0.00 0.00 0.00 6.00 10.00 15.00 11.00 15.00 6.00 0.00 0.00 0.00 0.00 1.00
30.00 17.00 6.00 31.00 77.00 25.00 46.00 0.08 0.65 0.00 0.00 0.00 6.00 11.00 11.00 6.00 14.00 3.00 0.00 0.00 0.00 0.00 0.00
31.00 22.00 15.00 54.00 109.00 39.00 55.00 0.07 0.74 0.00 0.00 0.00 8.00 12.00 14.00 10.00 14.00 8.00 0.00 0.00 0.00 1.00 1.00
32.00 18.00 15.00 44.00 91.00 29.00 47.00 0.09 0.58 0.00 0.00 0.00 5.00 9.00 13.00 9.00 11.00 7.00 0.00 0.00 0.00 0.00 1.00
33.00 22.00 17.00 55.00 109.00 38.00 54.00 0.09 0.68 0.00 0.00 0.00 3.00 11.00 19.00 11.00 16.00 6.00 0.00 0.00 0.00 0.00 0.00
34.00 25.00 25.00 68.00 127.00 43.00 59.00 0.08 0.86 2.00 0.00 0.00 7.00 13.00 18.00 12.00 15.00 10.00 0.00 1.00 0.00 0.00 0.00
35.00 21.00 20.00 51.00 106.00 31.00 55.00 0.09 0.78 0.00 0.00 0.00 5.00 10.00 16.00 11.00 16.00 5.00 0.00 1.00 0.00 1.00 0.00
36.00 27.00 19.00 64.00 139.00 45.00 75.00 0.09 0.83 0.00 0.00 0.00 11.00 16.00 16.00 11.00 19.00 8.00 0.00 1.00 1.00 0.00 0.00
37.00 19.00 6.00 40.00 95.00 34.00 55.00 0.09 0.52 0.00 0.00 0.00 5.00 9.00 14.00 10.00 16.00 3.00 0.00 0.00 0.00 0.00 0.00
38.00 27.00 17.00 67.00 133.00 50.00 66.00 0.08 0.76 0.00 0.00 0.00 8.00 16.00 19.00 11.00 22.00 5.00 0.00 0.00 0.00 0.00 0.00
39.00 19.00 13.00 46.00 98.00 33.00 52.00 0.08 0.66 0.00 1.00 0.00 6.00 11.00 13.00 8.00 17.00 2.00 0.00 1.00 0.00 0.00 0.00
40.00 20.00 10.00 39.00 93.00 29.00 54.00 0.08 0.59 0.00 0.00 0.00 5.00 10.00 15.00 10.00 16.00 4.00 0.00 0.00 0.00 0.00 0.00
41.00 19.00 17.00 40.00 96.00 23.00 56.00 0.10 0.73 0.00 0.00 0.00 5.00 10.00 14.00 9.00 15.00 4.00 0.00 0.00 0.00 0.00 0.00
42.00 27.00 25.00 70.00 133.00 45.00 63.00 0.08 1.08 0.00 1.00 0.00 7.00 14.00 20.00 13.00 20.00 7.00 0.00 0.00 1.00 0.00 0.00
43.00 23.00 19.00 58.00 121.00 39.00 63.00 0.09 0.99 0.00 2.00 0.00 7.00 13.00 16.00 10.00 17.00 6.00 0.00 0.00 1.00 0.00 0.00
44.00 25.00 24.00 63.00 127.00 39.00 64.00 0.09 1.00 0.00 2.00 0.00 5.00 10.00 20.00 15.00 19.00 6.00 0.00 0.00 0.00 0.00 0.00
45.00 21.00 11.00 45.00 111.00 34.00 66.00 0.09 0.77 0.00 3.00 0.00 7.00 14.00 14.00 7.00 16.00 5.00 0.00 0.00 0.00 0.00 0.00
46.00 28.00 23.00 73.00 135.00 50.00 62.00 0.09 0.90 0.00 4.00 0.00 9.00 13.00 19.00 15.00 18.00 10.00 0.00 1.00 0.00 0.00 0.00
47.00 27.00 27.00 76.00 136.00 49.00 60.00 0.08 0.96 0.00 3.00 0.00 9.00 13.00 18.00 14.00 17.00 10.00 0.00 0.00 0.00 0.00 0.00
48.00 26.00 19.00 65.00 128.00 46.00 63.00 0.08 0.83 0.00 2.00 0.00 8.00 12.00 18.00 14.00 14.00 12.00 0.00 0.00 0.00 0.00 0.00
49.00 26.00 24.00 71.00 126.00 47.00 55.00 0.08 1.07 0.00 1.00 0.00 5.00 10.00 21.00 16.00 13.00 13.00 0.00 0.00 0.00 0.00 0.00
50.00 30.00 22.00 85.00 157.00 63.00 72.00 0.09 0.94 0.00 2.00 0.00 6.00 11.00 24.00 19.00 16.00 14.00 0.00 1.00 0.00 0.00 0.00
51.00 30.00 24.00 82.00 162.00 58.00 80.00 0.09 0.96 0.00 4.00 0.00 7.00 12.00 23.00 18.00 22.00 8.00 0.00 0.00 1.00 0.00 0.00
52.00 28.00 15.00 71.00 146.00 56.00 75.00 0.08 0.95 0.00 3.00 0.00 6.00 15.00 22.00 13.00 17.00 11.00 0.00 0.00 0.00 0.00 0.00
53.00 24.00 22.00 59.00 126.00 37.00 67.00 0.09 0.87 0.00 1.00 0.00 6.00 14.00 18.00 10.00 19.00 5.00 0.00 1.00 0.00 0.00 0.00
54.00 27.00 24.00 75.00 130.00 51.00 55.00 0.07 1.01 0.00 2.00 0.00 7.00 11.00 20.00 16.00 18.00 9.00 0.00 1.00 0.00 0.00 0.00
55.00 17.00 12.00 41.00 91.00 29.00 50.00 0.08 0.52 0.00 2.00 0.00 4.00 9.00 13.00 8.00 13.00 4.00 0.00 0.00 0.00 0.00 0.00
56.00 26.00 31.00 68.00 130.00 37.00 62.00 0.08 0.83 0.00 2.00 0.00 5.00 11.00 21.00 15.00 20.00 6.00 0.00 1.00 0.00 0.00 0.00
57.00 27.00 23.00 58.00 144.00 35.00 86.00 0.09 1.40 0.00 1.00 0.00 7.00 12.00 20.00 15.00 14.00 13.00 0.00 0.00 0.00 0.00 0.00
58.00 31.00 32.00 83.00 165.00 51.00 82.00 0.07 1.04 0.00 2.00 0.00 6.00 16.00 25.00 15.00 21.00 10.00 0.00 1.00 0.00 0.00 0.00
59.00 29.00 26.00 71.00 147.00 45.00 76.00 0.08 1.12 0.00 4.00 0.00 10.00 17.00 19.00 12.00 24.00 5.00 0.00 0.00 0.00 0.00 0.00
60.00 31.00 39.00 85.00 159.00 46.00 74.00 0.08 1.06 0.00 3.00 0.00 10.00 15.00 21.00 16.00 18.00 13.00 0.00 0.00 0.00 0.00 0.00
61.00 29.00 28.00 77.00 148.00 49.00 71.00 0.09 0.85 1.00 2.00 0.50 6.00 16.00 23.00 13.00 20.00 9.00 0.00 1.00 0.00 0.00 0.00
62.00 25.00 20.00 66.00 129.00 46.00 63.00 0.09 0.95 0.00 1.00 0.00 3.00 11.00 22.00 14.00 14.00 11.00 0.00 0.00 0.00 0.00 0.00
63.00 21.00 26.00 52.00 97.00 26.00 45.00 0.09 0.72 0.00 3.00 0.00 5.00 12.00 16.00 9.00 15.00 6.00 0.00 0.00 0.00 0.00 0.00
64.00 35.00 48.00 103.00 185.00 55.00 82.00 0.08 1.13 0.00 4.00 0.00 6.00 11.00 29.00 24.00 20.00 15.00 0.00 1.00 0.00 0.00 0.00
65.00 33.00 27.00 90.00 168.00 63.00 78.00 0.08 1.28 2.00 2.00 1.00 7.00 15.00 26.00 18.00 22.00 11.00 0.00 1.00 0.00 0.00 0.00
66.00 35.00 44.00 103.00 182.00 59.00 79.00 0.07 0.84 2.00 2.00 1.00 5.00 14.00 30.00 21.00 20.00 15.00 0.00 0.00 0.00 0.00 0.00
67.00 39.00 53.00 113.00 198.00 60.00 85.00 0.08 1.07 1.00 4.00 0.25 10.00 15.00 29.00 24.00 21.00 18.00 0.00 1.00 0.00 0.00 0.00
68.00 39.00 52.00 120.00 198.00 68.00 78.00 0.09 1.03 2.00 1.00 2.00 11.00 18.00 28.00 21.00 20.00 19.00 0.00 1.00 0.00 0.00 0.00
69.00 39.00 58.00 126.00 199.00 68.00 73.00 0.09 0.89 2.00 2.00 1.00 9.00 18.00 30.00 21.00 25.00 14.00 0.00 1.00 0.00 0.00 1.00
70.00 18.00 11.00 42.00 88.00 31.00 46.00 0.08 0.73 0.00 1.00 0.00 4.00 7.00 14.00 11.00 13.00 5.00 0.00 0.00 0.00 0.00 0.00
71.00 35.00 40.00 111.00 184.00 71.00 73.00 0.08 0.97 1.00 0.00 0.00 6.00 19.00 29.00 16.00 25.00 10.00 0.00 1.00 2.00 0.00 0.00
72.00 33.00 38.00 98.00 172.00 60.00 74.00 0.08 0.97 1.00 3.00 0.33 10.00 14.00 23.00 19.00 21.00 12.00 0.00 0.00 0.00 0.00 0.00
73.00 31.00 34.00 87.00 166.00 53.00 79.00 0.09 0.98 1.00 1.00 1.00 7.00 17.00 24.00 14.00 20.00 11.00 0.00 1.00 1.00 0.00 0.00
74.00 36.00 36.00 104.00 181.00 68.00 77.00 0.08 1.18 1.00 3.00 0.33 4.00 16.00 32.00 20.00 23.00 13.00 0.00 1.00 1.00 0.00 0.00
75.00 33.00 33.00 98.00 177.00 65.00 79.00 0.09 0.90 1.00 2.00 0.50 7.00 15.00 26.00 18.00 21.00 12.00 0.00 0.00 1.00 0.00 0.00
76.00 37.00 44.00 105.00 199.00 61.00 94.00 0.09 0.85 0.00 3.00 0.00 9.00 15.00 28.00 22.00 27.00 10.00 0.00 0.00 1.00 0.00 0.00
77.00 35.00 30.00 96.00 177.00 66.00 81.00 0.10 0.93 0.00 0.00 0.00 12.00 20.00 23.00 15.00 25.00 10.00 0.00 0.00 0.00 0.00 0.00
78.00 30.00 33.00 98.00 158.00 65.00 60.00 0.07 0.81 0.00 3.00 0.00 5.00 13.00 25.00 17.00 18.00 12.00 0.00 0.00 1.00 0.00 0.00
79.00 32.00 35.00 92.00 155.00 57.00 63.00 0.09 1.16 1.00 3.00 0.33 8.00 15.00 24.00 17.00 23.00 9.00 0.00 0.00 0.00 0.00 0.00
80.00 35.00 45.00 114.00 178.00 69.00 64.00 0.09 0.88 1.00 2.00 0.50 9.00 17.00 26.00 18.00 22.00 13.00 0.00 1.00 0.00 0.00 0.00
81.00 40.00 59.00 123.00 189.00 64.00 66.00 0.08 1.05 1.00 2.00 0.50 6.00 16.00 34.00 24.00 23.00 17.00 0.00 1.00 0.00 0.00 0.00
82.00 35.00 50.00 107.00 187.00 57.00 80.00 0.08 1.04 1.00 1.00 1.00 10.00 16.00 25.00 19.00 23.00 12.00 0.00 1.00 1.00 0.00 0.00
83.00 30.00 43.00 86.00 157.00 43.00 71.00 0.08 0.92 1.00 2.00 0.50 8.00 14.00 22.00 16.00 22.00 8.00 0.00 0.00 0.00 0.00 0.00
84.00 34.00 56.00 109.00 179.00 53.00 70.00 0.08 0.78 1.00 2.00 0.50 7.00 19.00 27.00 15.00 23.00 11.00 0.00 1.00 1.00 0.00 0.00
85.00 36.00 48.00 111.00 184.00 63.00 73.00 0.09 0.97 1.00 1.00 1.00 5.00 18.00 31.00 18.00 24.00 12.00 0.00 1.00 2.00 0.00 0.00
86.00 31.00 40.00 96.00 159.00 56.00 63.00 0.09 0.69 1.00 2.00 0.50 4.00 10.00 27.00 21.00 15.00 16.00 0.00 1.00 0.00 0.00 0.00
87.00 36.00 36.00 107.00 189.00 71.00 82.00 0.07 1.02 1.00 2.00 0.50 7.00 12.00 29.00 24.00 16.00 20.00 0.00 1.00 0.00 0.00 0.00
88.00 34.00 40.00 106.00 180.00 66.00 74.00 0.08 0.95 1.00 2.00 0.50 8.00 11.00 26.00 23.00 19.00 15.00 0.00 1.00 0.00 0.00 0.00
89.00 32.00 36.00 99.00 179.00 63.00 80.00 0.07 0.95 1.00 3.00 0.33 1.00 9.00 31.00 23.00 18.00 14.00 0.00 1.00 0.00 0.00 0.00
90.00 41.00 56.00 132.00 220.00 76.00 88.00 0.08 1.10 0.00 4.00 0.00 4.00 17.00 37.00 24.00 24.00 17.00 0.00 0.00 1.00 0.00 0.00
91.00 38.00 48.00 117.00 205.00 69.00 88.00 0.07 1.12 1.00 5.00 0.20 5.00 13.00 33.00 25.00 19.00 19.00 1.00 1.00 0.00 0.00 0.00
92.00 39.00 53.00 125.00 204.00 72.00 79.00 0.10 1.11 0.00 5.00 0.00 7.00 18.00 32.00 21.00 21.00 18.00 0.00 1.00 0.00 0.00 0.00
93.00 37.00 47.00 112.00 193.00 65.00 81.00 0.07 1.03 1.00 4.00 0.25 8.00 13.00 29.00 24.00 17.00 20.00 0.00 0.00 0.00 0.00 0.00
94.00 43.00 52.00 131.00 221.00 79.00 90.00 0.09 1.19 1.00 4.00 0.25 8.00 12.00 35.00 31.00 21.00 22.00 0.00 1.00 0.00 0.00 0.00
95.00 41.00 56.00 123.00 213.00 67.00 90.00 0.07 1.12 1.00 3.00 0.33 10.00 19.00 31.00 22.00 24.00 17.00 0.00 1.00 0.00 0.00 0.00
96.00 34.00 32.00 103.00 189.00 71.00 86.00 0.08 0.98 1.00 4.00 0.25 8.00 15.00 26.00 19.00 21.00 13.00 0.00 0.00 0.00 0.00 0.00
97.00 40.00 52.00 123.00 203.00 71.00 80.00 0.09 1.02 0.00 4.00 0.00 9.00 16.00 31.00 24.00 25.00 15.00 0.00 1.00 0.00 2.00 0.00
98.00 40.00 60.00 132.00 214.00 72.00 82.00 0.08 0.90 1.00 5.00 0.20 6.00 16.00 34.00 24.00 22.00 18.00 0.00 1.00 0.00 0.00 0.00
99.00 39.00 50.00 117.00 197.00 67.00 80.00 0.08 0.95 1.00 6.00 0.17 8.00 14.00 31.00 25.00 18.00 21.00 0.00 1.00 1.00 0.00 0.00
100.00 43.00 59.00 135.00 224.00 76.00 89.00 0.08 1.09 1.00 5.00 0.20 12.00 21.00 31.00 22.00 28.00 15.00 0.00 1.00 0.00 0.00 0.00
101.00 45.00 67.00 140.00 242.00 73.00 102.00 0.08 1.16 1.00 4.00 0.25 10.00 22.00 35.00 23.00 30.00 15.00 0.00 1.00 0.00 0.00 0.00
102.00 43.00 54.00 138.00 231.00 84.00 93.00 0.09 1.28 1.00 5.00 0.20 7.00 17.00 36.00 26.00 25.00 18.00 0.00 1.00 1.00 0.00 0.00
103.00 42.00 43.00 127.00 214.00 84.00 87.00 0.09 1.13 1.00 3.00 0.33 9.00 15.00 33.00 27.00 20.00 22.00 0.00 1.00 0.00 0.00 1.00
104.00 41.00 65.00 131.00 211.00 66.00 80.00 0.08 1.02 1.00 5.00 0.20 7.00 16.00 34.00 25.00 27.00 14.00 0.00 1.00 0.00 0.00 0.00
105.00 42.00 54.00 129.00 216.00 75.00 87.00 0.09 1.11 0.00 5.00 0.00 10.00 19.00 32.00 23.00 25.00 17.00 0.00 1.00 0.00 0.00 0.00
106.00 45.00 64.00 136.00 219.00 72.00 83.00 0.10 1.09 1.00 5.00 0.20 8.00 19.00 37.00 26.00 27.00 18.00 0.00 1.00 0.00 0.00 0.00
107.00 44.00 58.00 131.00 215.00 73.00 84.00 0.08 1.11 1.00 6.00 0.17 10.00 21.00 34.00 23.00 28.00 16.00 0.00 0.00 0.00 0.00 0.00
108.00 47.00 76.00 155.00 242.00 79.00 87.00 0.08 1.10 1.00 5.00 0.20 9.00 18.00 38.00 29.00 30.00 17.00 0.00 1.00 0.00 0.00 0.00
109.00 40.00 59.00 130.00 212.00 71.00 82.00 0.08 1.05 1.00 6.00 0.17 3.00 8.00 37.00 32.00 21.00 19.00 0.00 0.00 0.00 0.00 0.00
110.00 49.00 76.00 160.00 250.00 84.00 90.00 0.08 1.16 1.00 5.00 0.20 8.00 17.00 41.00 32.00 24.00 25.00 0.00 1.00 0.00 0.00 0.00
111.00 44.00 61.00 138.00 226.00 77.00 88.00 0.08 1.07 1.00 5.00 0.20 7.00 16.00 37.00 28.00 25.00 19.00 0.00 1.00 0.00 0.00 0.00
112.00 43.00 65.00 133.00 222.00 68.00 89.00 0.09 1.05 1.00 4.00 0.25 6.00 18.00 37.00 25.00 22.00 21.00 0.00 1.00 0.00 0.00 0.00
113.00 35.00 47.00 111.00 187.00 64.00 76.00 0.08 0.97 1.00 5.00 0.20 4.00 15.00 31.00 20.00 18.00 17.00 0.00 1.00 0.00 0.00 0.00
114.00 45.00 66.00 144.00 233.00 78.00 89.00 0.08 1.15 1.00 6.00 0.17 7.00 18.00 38.00 27.00 23.00 22.00 0.00 0.00 0.00 0.00 0.00
115.00 34.00 42.00 93.00 172.00 51.00 79.00 0.09 1.08 0.00 4.00 0.00 5.00 13.00 29.00 21.00 18.00 16.00 0.00 0.00 0.00 0.00 0.00
116.00 48.00 73.00 161.00 258.00 88.00 97.00 0.09 1.19 1.00 5.00 0.20 8.00 16.00 40.00 32.00 24.00 24.00 0.00 0.00 0.00 0.00 0.00
117.00 48.00 56.00 150.00 256.00 94.00 106.00 0.08 1.20 1.00 5.00 0.20 7.00 19.00 41.00 29.00 26.00 22.00 0.00 1.00 2.00 0.00 0.00
118.00 43.00 67.00 142.00 218.00 75.00 76.00 0.08 1.17 1.00 6.00 0.17 9.00 15.00 34.00 28.00 20.00 23.00 0.00 1.00 0.00 0.00 0.00
119.00 44.00 66.00 150.00 231.00 84.00 81.00 0.07 1.05 1.00 5.00 0.20 12.00 20.00 32.00 24.00 24.00 20.00 0.00 0.00 0.00 0.00 0.00
120.00 48.00 82.00 148.00 247.00 66.00 99.00 0.08 1.01 0.00 5.00 0.00 10.00 21.00 38.00 27.00 33.00 15.00 0.00 0.00 0.00 1.00 0.00
121.00 43.00 65.00 137.00 220.00 72.00 83.00 0.09 1.16 0.00 6.00 0.00 4.00 13.00 39.00 30.00 23.00 20.00 0.00 1.00 1.00 0.00 0.00
122.00 47.00 72.00 153.00 239.00 81.00 86.00 0.08 1.08 1.00 5.00 0.20 12.00 18.00 35.00 29.00 26.00 21.00 0.00 1.00 1.00 0.00 0.00
123.00 50.00 73.00 159.00 258.00 86.00 99.00 0.09 1.28 1.00 5.00 0.20 10.00 17.00 40.00 33.00 26.00 24.00 0.00 0.00 2.00 0.00 0.00
124.00 45.00 63.00 137.00 230.00 74.00 93.00 0.10 1.22 1.00 4.00 0.25 11.00 22.00 34.00 23.00 28.00 17.00 0.00 1.00 2.00 0.00 0.00
125.00 38.00 44.00 116.00 204.00 72.00 88.00 0.09 0.98 1.00 5.00 0.20 7.00 10.00 31.00 28.00 20.00 18.00 0.00 1.00 0.00 0.00 0.00
126.00 48.00 47.00 134.00 249.00 87.00 115.00 0.07 1.43 1.00 3.00 0.33 12.00 21.00 36.00 27.00 30.00 18.00 0.00 0.00 0.00 0.00 0.00
127.00 41.00 56.00 125.00 218.00 69.00 93.00 0.10 1.14 1.00 4.00 0.25 4.00 16.00 37.00 25.00 22.00 19.00 0.00 1.00 1.00 0.00 0.00
128.00 44.00 60.00 143.00 227.00 83.00 84.00 0.09 1.21 1.00 4.00 0.25 5.00 18.00 39.00 26.00 25.00 19.00 0.00 1.00 1.00 0.00 0.00
129.00 43.00 62.00 140.00 223.00 78.00 83.00 0.06 1.00 0.00 5.00 0.00 8.00 17.00 35.00 26.00 27.00 16.00 0.00 0.00 0.00 0.00 0.00
130.00 41.00 45.00 116.00 210.00 71.00 94.00 0.09 1.22 1.00 6.00 0.17 8.00 18.00 33.00 23.00 25.00 16.00 0.00 1.00 0.00 0.00 0.00
131.00 44.00 64.00 150.00 237.00 86.00 87.00 0.11 1.07 1.00 6.00 0.17 10.00 19.00 34.00 25.00 21.00 23.00 0.00 1.00 1.00 0.00 0.00
132.00 46.00 70.00 144.00 232.00 74.00 88.00 0.08 1.25 0.00 6.00 0.00 11.00 19.00 35.00 27.00 26.00 20.00 0.00 1.00 0.00 0.00 0.00
133.00 44.00 65.00 135.00 220.00 70.00 85.00 0.08 1.00 1.00 4.00 0.25 10.00 19.00 34.00 25.00 27.00 17.00 0.00 1.00 1.00 0.00 0.00
134.00 49.00 72.00 164.00 257.00 92.00 93.00 0.08 1.14 1.00 4.00 0.25 12.00 20.00 37.00 29.00 33.00 16.00 1.00 1.00 1.00 0.00 0.00
135.00 40.00 48.00 124.00 216.00 76.00 92.00 0.08 1.17 1.00 4.00 0.25 12.00 19.00 28.00 21.00 23.00 17.00 0.00 0.00 1.00 0.00 0.00
136.00 46.00 69.00 153.00 247.00 84.00 94.00 0.09 1.06 1.00 5.00 0.20 7.00 21.00 39.00 25.00 31.00 15.00 0.00 1.00 1.00 0.00 0.00
137.00 50.00 65.00 158.00 263.00 93.00 105.00 0.09 1.22 1.00 6.00 0.17 14.00 20.00 36.00 30.00 25.00 25.00 0.00 1.00 1.00 0.00 0.00
138.00 47.00 62.00 148.00 240.00 86.00 92.00 0.08 1.11 1.00 5.00 0.20 12.00 20.00 35.00 27.00 26.00 21.00 0.00 1.00 1.00 0.00 0.00
139.00 49.00 85.00 165.00 256.00 80.00 91.00 0.09 1.22 1.00 4.00 0.25 5.00 14.00 44.00 35.00 23.00 26.00 0.00 1.00 0.00 0.00 0.00
140.00 46.00 61.00 157.00 242.00 96.00 85.00 0.08 1.23 1.00 6.00 0.17 9.00 17.00 37.00 29.00 26.00 20.00 0.00 0.00 0.00 0.00 0.00
141.00 48.00 67.00 157.00 250.00 90.00 93.00 0.09 1.26 1.00 7.00 0.14 9.00 15.00 39.00 33.00 25.00 23.00 0.00 1.00 1.00 0.00 0.00
142.00 42.00 58.00 135.00 216.00 77.00 81.00 0.09 1.05 1.00 5.00 0.20 7.00 20.00 35.00 22.00 32.00 10.00 0.00 1.00 1.00 0.00 0.00
143.00 48.00 64.00 155.00 243.00 91.00 88.00 0.08 1.18 0.00 4.00 0.00 16.00 24.00 32.00 24.00 32.00 16.00 0.00 0.00 2.00 1.00 0.00
144.00 41.00 57.00 125.00 220.00 68.00 95.00 0.07 1.01 2.00 3.00 0.67 8.00 14.00 33.00 27.00 22.00 19.00 0.00 0.00 1.00 0.00 0.00
145.00 40.00 53.00 116.00 211.00 63.00 95.00 0.07 1.16 0.00 2.00 0.00 8.00 16.00 32.00 24.00 24.00 16.00 0.00 0.00 1.00 1.00 0.00
146.00 50.00 83.00 159.00 249.00 76.00 90.00 0.09 1.31 1.00 3.00 0.33 9.00 19.00 41.00 31.00 27.00 23.00 0.00 1.00 2.00 0.00 0.00
147.00 43.00 59.00 138.00 228.00 79.00 90.00 0.09 1.07 0.00 2.00 0.00 6.00 18.00 37.00 25.00 24.00 19.00 0.00 1.00 1.00 0.00 1.00
148.00 42.00 59.00 130.00 214.00 71.00 84.00 0.08 1.16 0.00 2.00 0.00 9.00 15.00 33.00 27.00 20.00 22.00 0.00 1.00 2.00 0.00 0.00
149.00 44.00 62.00 147.00 231.00 85.00 84.00 0.09 1.05 0.00 3.00 0.00 4.00 19.00 40.00 25.00 23.00 21.00 0.00 1.00 1.00 0.00 0.00
150.00 45.00 66.00 142.00 232.00 76.00 90.00 0.10 1.16 1.00 4.00 0.25 9.00 18.00 36.00 27.00 25.00 20.00 0.00 0.00 1.00 0.00 0.00
151.00 42.00 53.00 133.00 215.00 80.00 82.00 0.08 1.10 1.00 4.00 0.25 10.00 21.00 32.00 21.00 24.00 18.00 0.00 1.00 1.00 0.00 0.00
152.00 48.00 77.00 151.00 255.00 74.00 104.00 0.07 1.16 1.00 4.00 0.25 11.00 23.00 37.00 25.00 28.00 20.00 0.00 0.00 1.00 0.00 0.00
153.00 45.00 64.00 144.00 240.00 80.00 96.00 0.10 1.27 1.00 4.00 0.25 8.00 16.00 37.00 29.00 23.00 22.00 0.00 1.00 1.00 0.00 0.00
154.00 46.00 65.00 142.00 234.00 77.00 92.00 0.08 1.71 0.00 3.00 0.00 6.00 15.00 40.00 31.00 21.00 25.00 0.00 0.00 0.00 0.00 1.00
155.00 43.00 47.00 148.00 227.00 101.00 79.00 0.08 1.44 2.00 2.00 1.00 9.00 18.00 34.00 25.00 25.00 18.00 0.00 0.00 0.00 1.00 0.00
156.00 47.00 59.00 150.00 250.00 91.00 100.00 0.08 1.32 1.00 4.00 0.25 8.00 16.00 39.00 31.00 27.00 20.00 0.00 0.00 0.00 1.00 0.00
157.00 46.00 61.00 146.00 242.00 85.00 96.00 0.09 1.15 1.00 4.00 0.25 11.00 16.00 35.00 30.00 27.00 19.00 0.00 0.00 1.00 0.00 0.00
158.00 46.00 72.00 156.00 240.00 84.00 84.00 0.08 1.22 1.00 3.00 0.33 8.00 18.00 38.00 28.00 22.00 24.00 0.00 1.00 0.00 0.00 0.00
159.00 43.00 56.00 143.00 220.00 87.00 77.00 0.09 1.17 0.00 4.00 0.00 7.00 18.00 36.00 25.00 25.00 18.00 0.00 1.00 1.00 0.00 0.00
160.00 43.00 60.00 141.00 232.00 81.00 91.00 0.08 1.12 0.00 7.00 0.00 9.00 17.00 34.00 26.00 24.00 19.00 0.00 1.00 0.00 0.00 0.00
161.00 38.00 52.00 115.00 202.00 63.00 87.00 0.09 1.46 0.00 6.00 0.00 4.00 14.00 34.00 24.00 25.00 13.00 0.00 0.00 0.00 0.00 0.00
162.00 47.00 61.00 143.00 248.00 82.00 105.00 0.09 1.31 0.00 4.00 0.00 14.00 22.00 33.00 25.00 29.00 18.00 0.00 1.00 1.00 1.00 1.00
163.00 41.00 55.00 125.00 217.00 70.00 92.00 0.08 1.15 0.00 4.00 0.00 5.00 18.00 36.00 23.00 24.00 17.00 0.00 1.00 0.00 0.00 1.00
164.00 42.00 73.00 135.00 221.00 62.00 86.00 0.08 1.02 0.00 4.00 0.00 8.00 14.00 34.00 28.00 18.00 24.00 0.00 1.00 3.00 0.00 0.00
165.00 44.00 56.00 143.00 230.00 87.00 87.00 0.07 1.59 1.00 4.00 0.25 7.00 12.00 37.00 32.00 19.00 25.00 0.00 0.00 2.00 0.00 0.00
166.00 49.00 78.00 159.00 256.00 81.00 97.00 0.08 1.52 0.00 4.00 0.00 10.00 19.00 39.00 30.00 24.00 25.00 0.00 1.00 2.00 1.00 0.00
167.00 46.00 66.00 130.00 226.00 64.00 96.00 0.07 1.24 2.00 3.00 0.67 15.00 22.00 31.00 24.00 32.00 14.00 0.00 1.00 0.00 0.00 0.00
168.00 41.00 60.00 122.00 211.00 62.00 89.00 0.09 0.89 0.00 4.00 0.00 8.00 17.00 33.00 24.00 24.00 17.00 0.00 1.00 0.00 0.00 0.00
169.00 42.00 65.00 135.00 215.00 70.00 80.00 0.09 1.03 0.00 5.00 0.00 6.00 13.00 36.00 29.00 20.00 22.00 0.00 0.00 0.00 0.00 0.00
170.00 50.00 74.00 156.00 249.00 82.00 93.00 0.09 1.47 1.00 5.00 0.20 11.00 17.00 39.00 33.00 28.00 22.00 0.00 0.00 1.00 0.00 1.00
171.00 42.00 60.00 129.00 220.00 69.00 91.00 0.08 1.02 1.00 5.00 0.20 6.00 16.00 36.00 26.00 24.00 18.00 0.00 1.00 0.00 0.00 0.00
172.00 41.00 58.00 129.00 210.00 71.00 81.00 0.09 1.03 1.00 5.00 0.20 4.00 15.00 37.00 26.00 24.00 17.00 0.00 0.00 0.00 0.00 0.00
173.00 44.00 75.00 143.00 226.00 68.00 83.00 0.09 1.18 0.00 6.00 0.00 9.00 12.00 35.00 32.00 24.00 20.00 0.00 1.00 0.00 0.00 0.00
174.00 42.00 61.00 134.00 212.00 73.00 78.00 0.07 1.10 0.00 7.00 0.00 7.00 14.00 35.00 28.00 21.00 21.00 0.00 0.00 0.00 0.00 0.00
175.00 41.00 58.00 126.00 207.00 68.00 81.00 0.09 1.20 0.00 5.00 0.00 8.00 21.00 33.00 20.00 29.00 12.00 0.00 1.00 0.00 0.00 0.00
176.00 41.00 54.00 136.00 218.00 82.00 82.00 0.08 1.11 0.00 7.00 0.00 9.00 18.00 32.00 23.00 25.00 16.00 0.00 1.00 0.00 0.00 0.00
177.00 42.00 61.00 129.00 216.00 68.00 87.00 0.08 1.07 1.00 6.00 0.17 6.00 21.00 36.00 21.00 28.00 14.00 0.00 0.00 0.00 0.00 0.00
178.00 45.00 65.00 143.00 236.00 78.00 93.00 0.08 1.17 0.00 6.00 0.00 10.00 16.00 35.00 29.00 23.00 22.00 0.00 1.00 0.00 0.00 0.00
179.00 42.00 58.00 135.00 221.00 77.00 86.00 0.08 1.00 0.00 7.00 0.00 4.00 12.00 38.00 30.00 23.00 19.00 0.00 0.00 1.00 0.00 0.00
180.00 43.00 54.00 130.00 225.00 76.00 95.00 0.08 1.07 0.00 8.00 0.00 4.00 13.00 39.00 30.00 21.00 22.00 0.00 1.00 0.00 0.00 0.00
181.00 34.00 38.00 104.00 176.00 66.00 72.00 0.08 0.83 0.00 5.00 0.00 8.00 18.00 26.00 16.00 23.00 11.00 1.00 1.00 0.00 0.00 0.00
182.00 42.00 52.00 118.00 204.00 66.00 86.00 0.08 1.28 0.00 6.00 0.00 11.00 16.00 31.00 26.00 27.00 15.00 1.00 0.00 0.00 0.00 0.00
183.00 41.00 62.00 125.00 196.00 63.00 71.00 0.07 1.38 0.00 6.00 0.00 8.00 19.00 33.00 22.00 24.00 17.00 0.00 1.00 0.00 0.00 0.00
184.00 45.00 73.00 146.00 237.00 73.00 91.00 0.09 1.13 0.00 5.00 0.00 5.00 15.00 40.00 30.00 24.00 21.00 0.00 1.00 1.00 0.00 0.00
185.00 42.00 61.00 133.00 216.00 72.00 83.00 0.08 1.07 1.00 6.00 0.17 4.00 18.00 38.00 24.00 27.00 15.00 0.00 0.00 0.00 0.00 0.00
186.00 42.00 54.00 135.00 222.00 81.00 87.00 0.09 1.10 1.00 4.00 0.25 5.00 16.00 37.00 26.00 20.00 22.00 0.00 1.00 0.00 0.00 1.00
187.00 42.00 49.00 123.00 218.00 74.00 95.00 0.09 1.09 1.00 4.00 0.25 8.00 19.00 34.00 23.00 25.00 17.00 0.00 0.00 1.00 0.00 1.00
188.00 39.00 48.00 117.00 211.00 69.00 94.00 0.08 0.98 1.00 4.00 0.25 13.00 19.00 26.00 20.00 24.00 15.00 0.00 0.00 1.00 0.00 0.00
189.00 39.00 59.00 127.00 206.00 68.00 79.00 0.08 0.99 1.00 6.00 0.17 9.00 18.00 30.00 21.00 27.00 12.00 0.00 0.00 0.00 0.00 0.00
190.00 44.00 58.00 134.00 223.00 76.00 89.00 0.07 1.14 0.00 6.00 0.00 8.00 16.00 36.00 28.00 22.00 22.00 0.00 1.00 0.00 0.00 0.00
191.00 40.00 48.00 123.00 202.00 75.00 79.00 0.08 1.00 0.00 5.00 0.00 4.00 17.00 36.00 23.00 24.00 16.00 0.00 0.00 0.00 0.00 0.00
192.00 47.00 79.00 152.00 242.00 73.00 90.00 0.09 1.13 1.00 6.00 0.17 7.00 16.00 40.00 31.00 24.00 23.00 0.00 0.00 1.00 0.00 0.00
193.00 39.00 51.00 121.00 202.00 70.00 81.00 0.09 1.04 1.00 6.00 0.17 9.00 17.00 30.00 22.00 23.00 16.00 0.00 0.00 1.00 0.00 0.00
194.00 37.00 57.00 123.00 196.00 66.00 73.00 0.08 0.93 1.00 6.00 0.17 4.00 16.00 33.00 21.00 21.00 16.00 0.00 0.00 0.00 0.00 0.00
195.00 43.00 58.00 134.00 217.00 76.00 83.00 0.08 1.17 1.00 7.00 0.14 11.00 20.00 32.00 23.00 26.00 17.00 0.00 1.00 0.00 0.00 0.00
196.00 43.00 49.00 133.00 220.00 84.00 87.00 0.08 1.13 0.00 5.00 0.00 8.00 17.00 35.00 26.00 27.00 16.00 1.00 0.00 0.00 0.00 0.00
197.00 39.00 54.00 133.00 207.00 79.00 74.00 0.08 1.06 2.00 7.00 0.29 3.00 13.00 36.00 26.00 19.00 20.00 0.00 1.00 1.00 0.00 0.00
198.00 40.00 43.00 121.00 204.00 78.00 83.00 0.07 1.06 1.00 6.00 0.17 9.00 17.00 31.00 23.00 25.00 15.00 0.00 0.00 0.00 0.00 0.00
199.00 43.00 62.00 148.00 232.00 86.00 84.00 0.07 1.05 1.00 6.00 0.17 10.00 16.00 33.00 27.00 23.00 20.00 0.00 1.00 1.00 0.00 0.00
200.00 43.00 64.00 140.00 222.00 76.00 82.00 0.09 1.12 1.00 7.00 0.14 8.00 15.00 35.00 28.00 22.00 21.00 0.00 0.00 0.00 0.00 0.00
201.00 42.00 54.00 133.00 223.00 79.00 90.00 0.09 1.10 1.00 6.00 0.17 10.00 15.00 32.00 27.00 26.00 16.00 0.00 1.00 0.00 0.00 0.00
202.00 40.00 68.00 129.00 203.00 61.00 74.00 0.08 1.11 1.00 6.00 0.17 10.00 20.00 30.00 20.00 27.00 13.00 0.00 0.00 0.00 0.00 0.00
203.00 52.00 74.00 157.00 261.00 83.00 104.00 0.08 1.42 1.00 4.00 0.25 12.00 21.00 40.00 31.00 29.00 23.00 0.00 0.00 0.00 1.00 0.00
204.00 43.00 62.00 137.00 229.00 75.00 92.00 0.08 1.15 1.00 5.00 0.20 10.00 20.00 33.00 23.00 25.00 18.00 0.00 1.00 0.00 0.00 0.00
205.00 44.00 49.00 134.00 227.00 85.00 93.00 0.09 1.19 1.00 5.00 0.20 8.00 14.00 36.00 30.00 21.00 23.00 0.00 1.00 0.00 1.00 0.00
206.00 41.00 59.00 129.00 208.00 70.00 79.00 0.08 1.20 1.00 6.00 0.17 8.00 13.00 33.00 28.00 21.00 20.00 1.00 1.00 0.00 1.00 0.00
207.00 45.00 60.00 153.00 240.00 93.00 87.00 0.08 1.22 1.00 5.00 0.20 6.00 19.00 39.00 26.00 25.00 20.00 0.00 1.00 0.00 1.00 0.00
208.00 37.00 53.00 120.00 199.00 67.00 79.00 0.09 0.92 0.00 5.00 0.00 7.00 12.00 30.00 25.00 20.00 17.00 0.00 0.00 0.00 1.00 0.00
209.00 38.00 57.00 125.00 198.00 68.00 73.00 0.09 1.12 0.00 3.00 0.00 6.00 16.00 32.00 22.00 21.00 17.00 1.00 1.00 0.00 0.00 0.00
210.00 43.00 64.00 136.00 219.00 72.00 83.00 0.09 1.08 0.00 5.00 0.00 9.00 17.00 34.00 26.00 23.00 20.00 0.00 1.00 0.00 0.00 0.00
211.00 44.00 66.00 139.00 226.00 73.00 87.00 0.07 1.02 1.00 5.00 0.20 10.00 17.00 34.00 27.00 23.00 21.00 0.00 0.00 0.00 1.00 0.00
212.00 43.00 54.00 135.00 222.00 81.00 87.00 0.07 1.14 1.00 5.00 0.20 10.00 18.00 33.00 25.00 25.00 18.00 0.00 0.00 0.00 0.00 0.00
213.00 39.00 55.00 126.00 209.00 71.00 83.00 0.09 1.00 0.00 4.00 0.00 7.00 16.00 32.00 23.00 24.00 15.00 0.00 1.00 0.00 1.00 0.00
214.00 42.00 61.00 117.00 212.00 56.00 95.00 0.07 1.12 0.00 5.00 0.00 10.00 20.00 32.00 22.00 25.00 17.00 0.00 0.00 0.00 1.00 0.00
215.00 41.00 62.00 130.00 211.00 68.00 81.00 0.08 1.10 1.00 6.00 0.17 6.00 11.00 35.00 30.00 21.00 20.00 0.00 0.00 1.00 0.00 0.00
216.00 41.00 62.00 129.00 204.00 67.00 75.00 0.09 1.04 1.00 6.00 0.17 12.00 24.00 29.00 17.00 29.00 12.00 0.00 1.00 1.00 0.00 0.00
217.00 41.00 50.00 122.00 209.00 72.00 87.00 0.08 1.05 1.00 5.00 0.20 12.00 16.00 29.00 25.00 22.00 19.00 1.00 1.00 0.00 0.00 0.00
218.00 39.00 58.00 129.00 202.00 71.00 73.00 0.09 0.99 0.00 4.00 0.00 5.00 12.00 34.00 27.00 21.00 18.00 0.00 0.00 0.00 0.00 0.00
219.00 41.00 66.00 137.00 216.00 71.00 79.00 0.10 0.97 1.00 4.00 0.25 9.00 15.00 32.00 26.00 25.00 16.00 0.00 0.00 0.00 0.00 0.00
220.00 42.00 58.00 135.00 223.00 77.00 88.00 0.10 1.03 0.00 3.00 0.00 7.00 14.00 35.00 28.00 20.00 22.00 0.00 1.00 0.00 1.00 0.00
221.00 35.00 48.00 114.00 185.00 66.00 71.00 0.10 1.00 0.00 5.00 0.00 5.00 15.00 30.00 20.00 27.00 8.00 0.00 0.00 0.00 1.00 0.00
222.00 45.00 72.00 146.00 235.00 74.00 89.00 0.09 1.08 1.00 5.00 0.20 8.00 18.00 37.00 27.00 25.00 20.00 0.00 1.00 0.00 0.00 0.00
223.00 43.00 49.00 127.00 219.00 78.00 92.00 0.08 1.13 1.00 3.00 0.33 13.00 20.00 30.00 23.00 24.00 19.00 0.00 1.00 0.00 0.00 0.00
224.00 43.00 61.00 138.00 220.00 77.00 82.00 0.09 1.01 1.00 5.00 0.20 11.00 20.00 32.00 23.00 28.00 15.00 0.00 0.00 1.00 1.00 0.00
225.00 46.00 72.00 150.00 246.00 78.00 96.00 0.09 1.12 1.00 6.00 0.17 8.00 14.00 38.00 32.00 26.00 20.00 0.00 0.00 0.00 0.00 0.00
226.00 49.00 86.00 156.00 254.00 70.00 98.00 0.09 1.11 1.00 6.00 0.17 8.00 21.00 41.00 28.00 30.00 19.00 0.00 3.00 0.00 0.00 0.00
227.00 38.00 46.00 126.00 206.00 80.00 80.00 0.09 0.97 0.00 7.00 0.00 5.00 13.00 33.00 25.00 22.00 16.00 0.00 1.00 0.00 0.00 1.00
228.00 48.00 72.00 165.00 249.00 93.00 84.00 0.08 1.04 0.00 8.00 0.00 9.00 21.00 39.00 27.00 29.00 19.00 0.00 1.00 0.00 0.00 1.00
229.00 46.00 78.00 151.00 244.00 73.00 93.00 0.08 1.01 0.00 9.00 0.00 7.00 20.00 39.00 26.00 26.00 20.00 0.00 0.00 0.00 1.00 0.00
230.00 47.00 76.00 158.00 238.00 82.00 80.00 0.09 1.04 0.00 7.00 0.00 6.00 10.00 41.00 37.00 24.00 23.00 0.00 0.00 0.00 0.00 0.00
231.00 40.00 55.00 132.00 207.00 77.00 75.00 0.08 0.94 0.00 9.00 0.00 6.00 21.00 34.00 19.00 26.00 14.00 0.00 1.00 0.00 0.00 0.00
232.00 48.00 76.00 157.00 240.00 81.00 83.00 0.10 0.98 0.00 9.00 0.00 11.00 18.00 37.00 30.00 24.00 24.00 0.00 1.00 0.00 0.00 0.00
233.00 40.00 43.00 121.00 210.00 78.00 89.00 0.09 0.98 0.00 8.00 0.00 11.00 19.00 29.00 21.00 25.00 15.00 0.00 0.00 0.00 0.00 0.00
234.00 47.00 67.00 151.00 246.00 84.00 95.00 0.09 1.14 0.00 9.00 0.00 8.00 12.00 39.00 35.00 22.00 25.00 0.00 0.00 0.00 0.00 1.00
235.00 41.00 57.00 136.00 216.00 79.00 80.00 0.09 0.97 0.00 8.00 0.00 6.00 14.00 35.00 27.00 20.00 21.00 0.00 0.00 0.00 0.00 0.00
236.00 43.00 60.00 137.00 226.00 77.00 89.00 0.09 0.97 0.00 8.00 0.00 6.00 12.00 37.00 31.00 21.00 22.00 1.00 1.00 0.00 0.00 1.00
237.00 48.00 80.00 162.00 256.00 82.00 94.00 0.08 0.97 0.00 9.00 0.00 5.00 14.00 43.00 34.00 26.00 22.00 1.00 1.00 0.00 0.00 0.00
238.00 50.00 53.00 157.00 257.00 104.00 100.00 0.09 1.18 0.00 9.00 0.00 11.00 18.00 39.00 32.00 26.00 24.00 0.00 1.00 0.00 0.00 0.00
239.00 51.00 76.00 168.00 261.00 92.00 93.00 0.10 1.11 0.00 9.00 0.00 8.00 19.00 43.00 32.00 27.00 24.00 0.00 1.00 0.00 0.00 1.00
240.00 49.00 79.00 172.00 256.00 93.00 84.00 0.08 1.08 1.00 9.00 0.11 7.00 15.00 42.00 34.00 21.00 28.00 0.00 1.00 0.00 0.00 1.00
241.00 49.00 68.00 161.00 260.00 93.00 99.00 0.08 0.98 1.00 6.00 0.17 7.00 22.00 42.00 27.00 33.00 16.00 0.00 1.00 0.00 0.00 0.00
242.00 51.00 89.00 178.00 258.00 89.00 80.00 0.09 1.01 2.00 8.00 0.25 12.00 23.00 39.00 28.00 29.00 22.00 0.00 0.00 0.00 0.00 0.00
243.00 46.00 67.00 148.00 237.00 81.00 89.00 0.08 1.01 0.00 7.00 0.00 11.00 20.00 35.00 26.00 27.00 19.00 0.00 1.00 0.00 0.00 0.00
244.00 50.00 75.00 169.00 259.00 94.00 90.00 0.08 1.05 1.00 5.00 0.20 5.00 12.00 45.00 38.00 22.00 28.00 0.00 1.00 0.00 0.00 0.00
245.00 45.00 64.00 136.00 237.00 72.00 101.00 0.09 1.02 1.00 5.00 0.20 5.00 15.00 40.00 30.00 28.00 17.00 0.00 0.00 0.00 0.00 0.00
246.00 50.00 73.00 163.00 252.00 90.00 89.00 0.09 1.10 1.00 8.00 0.12 6.00 16.00 44.00 34.00 25.00 25.00 1.00 1.00 1.00 0.00 1.00
247.00 45.00 57.00 142.00 236.00 85.00 94.00 0.08 1.04 0.00 6.00 0.00 10.00 17.00 35.00 28.00 23.00 22.00 0.00 1.00 1.00 0.00 0.00
248.00 48.00 66.00 157.00 256.00 91.00 99.00 0.09 1.11 1.00 8.00 0.12 4.00 21.00 44.00 27.00 28.00 20.00 0.00 0.00 0.00 0.00 0.00
249.00 47.00 80.00 150.00 245.00 70.00 95.00 0.10 1.01 1.00 8.00 0.12 10.00 12.00 37.00 35.00 24.00 23.00 1.00 0.00 0.00 0.00 0.00
250.00 51.00 79.00 167.00 267.00 88.00 100.00 0.07 1.13 0.00 9.00 0.00 9.00 17.00 42.00 34.00 23.00 28.00 1.00 0.00 0.00 1.00 0.00
251.00 39.00 50.00 127.00 205.00 77.00 78.00 0.09 1.02 1.00 7.00 0.14 7.00 13.00 32.00 26.00 19.00 20.00 1.00 1.00 0.00 0.00 0.00
252.00 45.00 60.00 140.00 237.00 80.00 97.00 0.09 1.05 1.00 9.00 0.11 5.00 14.00 40.00 31.00 25.00 20.00 0.00 0.00 0.00 0.00 0.00
253.00 49.00 73.00 158.00 249.00 85.00 91.00 0.09 1.13 0.00 8.00 0.00 15.00 21.00 34.00 28.00 29.00 20.00 1.00 1.00 0.00 0.00 1.00
254.00 51.00 73.00 166.00 274.00 93.00 108.00 0.09 1.19 0.00 8.00 0.00 7.00 13.00 44.00 38.00 19.00 32.00 1.00 0.00 0.00 0.00 0.00
255.00 47.00 74.00 151.00 242.00 77.00 91.00 0.08 1.03 1.00 7.00 0.14 11.00 22.00 36.00 25.00 28.00 19.00 0.00 1.00 0.00 0.00 0.00
256.00 45.00 57.00 142.00 234.00 85.00 92.00 0.09 1.19 0.00 7.00 0.00 13.00 17.00 32.00 28.00 23.00 22.00 1.00 0.00 1.00 0.00 1.00
257.00 51.00 91.00 169.00 264.00 78.00 95.00 0.07 1.08 0.00 8.00 0.00 8.00 13.00 43.00 38.00 23.00 28.00 1.00 1.00 0.00 0.00 0.00
258.00 47.00 65.00 144.00 241.00 79.00 97.00 0.07 1.14 0.00 6.00 0.00 9.00 22.00 38.00 25.00 29.00 18.00 1.00 0.00 0.00 1.00 0.00
259.00 45.00 53.00 145.00 242.00 92.00 97.00 0.09 1.07 0.00 8.00 0.00 10.00 11.00 35.00 34.00 25.00 20.00 1.00 1.00 0.00 0.00 0.00
260.00 53.00 82.00 187.00 281.00 105.00 94.00 0.08 1.08 0.00 6.00 0.00 6.00 16.00 47.00 37.00 23.00 30.00 0.00 1.00 1.00 0.00 0.00
261.00 53.00 82.00 169.00 279.00 87.00 110.00 0.09 1.21 1.00 7.00 0.14 7.00 18.00 46.00 35.00 27.00 26.00 1.00 1.00 0.00 0.00 1.00
262.00 47.00 63.00 155.00 249.00 92.00 94.00 0.09 1.17 0.00 8.00 0.00 8.00 17.00 39.00 30.00 24.00 23.00 1.00 0.00 0.00 0.00 0.00
263.00 50.00 69.00 169.00 265.00 100.00 96.00 0.10 1.13 0.00 6.00 0.00 4.00 11.00 46.00 39.00 23.00 27.00 1.00 0.00 0.00 0.00 0.00
264.00 45.00 75.00 157.00 241.00 82.00 84.00 0.08 1.02 0.00 7.00 0.00 8.00 17.00 37.00 28.00 24.00 21.00 1.00 1.00 0.00 0.00 0.00
265.00 44.00 65.00 148.00 237.00 83.00 89.00 0.09 1.00 0.00 7.00 0.00 7.00 14.00 37.00 30.00 25.00 19.00 1.00 2.00 0.00 1.00 0.00
266.00 43.00 47.00 134.00 222.00 87.00 88.00 0.08 1.05 0.00 7.00 0.00 7.00 20.00 36.00 23.00 31.00 12.00 1.00 0.00 0.00 0.00 0.00
267.00 42.00 52.00 129.00 222.00 77.00 93.00 0.07 1.01 0.00 5.00 0.00 9.00 18.00 33.00 24.00 25.00 17.00 0.00 1.00 0.00 0.00 0.00
268.00 50.00 69.00 161.00 258.00 92.00 97.00 0.08 1.16 0.00 5.00 0.00 11.00 25.00 39.00 25.00 28.00 22.00 2.00 0.00 0.00 0.00 0.00
269.00 43.00 67.00 141.00 224.00 74.00 83.00 0.08 0.95 0.00 6.00 0.00 5.00 14.00 38.00 29.00 20.00 23.00 0.00 1.00 0.00 0.00 0.00
270.00 44.00 61.00 147.00 240.00 86.00 93.00 0.08 1.05 1.00 6.00 0.17 8.00 15.00 36.00 29.00 20.00 24.00 1.00 1.00 0.00 0.00 0.00
271.00 49.00 64.00 161.00 252.00 97.00 91.00 0.07 1.12 0.00 7.00 0.00 9.00 19.00 40.00 30.00 29.00 20.00 1.00 1.00 0.00 0.00 0.00
272.00 45.00 66.00 143.00 234.00 77.00 91.00 0.08 1.20 1.00 7.00 0.14 8.00 15.00 37.00 30.00 25.00 20.00 0.00 1.00 0.00 0.00 0.00
273.00 44.00 58.00 136.00 232.00 78.00 96.00 0.10 1.13 0.00 5.00 0.00 8.00 16.00 36.00 28.00 20.00 24.00 1.00 1.00 0.00 0.00 0.00
274.00 49.00 81.00 166.00 253.00 85.00 87.00 0.08 1.10 0.00 6.00 0.00 10.00 22.00 39.00 27.00 27.00 22.00 1.00 1.00 0.00 0.00 0.00
275.00 46.00 66.00 150.00 230.00 84.00 80.00 0.10 1.12 0.00 9.00 0.00 6.00 17.00 40.00 29.00 24.00 22.00 1.00 2.00 0.00 0.00 0.00
276.00 46.00 68.00 145.00 239.00 77.00 94.00 0.07 1.12 0.00 9.00 0.00 8.00 16.00 38.00 30.00 23.00 23.00 0.00 1.00 0.00 0.00 0.00
277.00 46.00 63.00 148.00 242.00 85.00 94.00 0.09 1.15 1.00 7.00 0.14 8.00 17.00 38.00 29.00 27.00 19.00 0.00 1.00 1.00 0.00 0.00
278.00 43.00 55.00 146.00 229.00 91.00 83.00 0.10 1.09 0.00 8.00 0.00 6.00 15.00 37.00 28.00 22.00 21.00 1.00 1.00 0.00 2.00 0.00
279.00 47.00 70.00 156.00 247.00 86.00 91.00 0.08 1.19 0.00 5.00 0.00 5.00 16.00 42.00 31.00 30.00 17.00 0.00 0.00 0.00 0.00 0.00
280.00 45.00 62.00 141.00 239.00 79.00 98.00 0.09 1.15 0.00 8.00 0.00 7.00 19.00 38.00 26.00 24.00 21.00 1.00 1.00 0.00 0.00 1.00
281.00 43.00 71.00 149.00 223.00 78.00 74.00 0.09 1.05 1.00 8.00 0.12 7.00 14.00 36.00 29.00 20.00 23.00 1.00 1.00 0.00 0.00 0.00
282.00 50.00 76.00 170.00 249.00 94.00 79.00 0.09 1.35 1.00 6.00 0.17 11.00 19.00 39.00 31.00 25.00 25.00 0.00 0.00 0.00 0.00 1.00
283.00 40.00 54.00 126.00 209.00 72.00 83.00 0.09 1.14 0.00 7.00 0.00 10.00 17.00 30.00 23.00 23.00 17.00 0.00 1.00 0.00 0.00 0.00
284.00 42.00 72.00 141.00 223.00 69.00 82.00 0.09 1.00 0.00 8.00 0.00 4.00 13.00 38.00 29.00 24.00 18.00 0.00 1.00 0.00 0.00 1.00
285.00 44.00 67.00 136.00 222.00 69.00 86.00 0.08 1.16 0.00 8.00 0.00 7.00 15.00 37.00 29.00 20.00 24.00 0.00 1.00 0.00 0.00 0.00
286.00 47.00 64.00 148.00 235.00 84.00 87.00 0.07 1.14 0.00 10.00 0.00 8.00 13.00 39.00 34.00 25.00 22.00 0.00 0.00 0.00 1.00 0.00
287.00 39.00 55.00 125.00 207.00 70.00 82.00 0.08 1.08 0.00 7.00 0.00 6.00 13.00 33.00 26.00 23.00 16.00 0.00 2.00 0.00 0.00 0.00
288.00 43.00 60.00 127.00 213.00 67.00 86.00 0.08 1.26 0.00 5.00 0.00 7.00 19.00 36.00 24.00 23.00 20.00 0.00 0.00 0.00 0.00 0.00
289.00 43.00 69.00 140.00 214.00 71.00 74.00 0.08 1.00 0.00 7.00 0.00 5.00 20.00 38.00 23.00 29.00 14.00 0.00 1.00 0.00 0.00 0.00
290.00 40.00 46.00 116.00 202.00 70.00 86.00 0.08 0.94 0.00 8.00 0.00 10.00 17.00 30.00 23.00 24.00 16.00 0.00 0.00 0.00 0.00 0.00
291.00 39.00 52.00 122.00 202.00 70.00 80.00 0.08 0.94 0.00 5.00 0.00 10.00 18.00 29.00 21.00 21.00 18.00 0.00 1.00 0.00 0.00 0.00
292.00 46.00 65.00 147.00 247.00 82.00 100.00 0.09 1.05 1.00 8.00 0.12 10.00 17.00 36.00 29.00 23.00 23.00 1.00 1.00 0.00 0.00 0.00
293.00 46.00 74.00 154.00 233.00 80.00 79.00 0.09 1.11 0.00 6.00 0.00 8.00 14.00 38.00 32.00 22.00 24.00 0.00 1.00 0.00 0.00 0.00
294.00 42.00 60.00 144.00 217.00 84.00 73.00 0.08 1.03 1.00 4.00 0.25 8.00 18.00 34.00 24.00 23.00 19.00 0.00 1.00 0.00 1.00 0.00
295.00 34.00 36.00 95.00 175.00 59.00 80.00 0.08 1.01 1.00 2.00 0.50 5.00 14.00 29.00 20.00 19.00 15.00 0.00 1.00 0.00 0.00 0.00
296.00 39.00 58.00 131.00 206.00 73.00 75.00 0.08 0.90 1.00 3.00 0.33 11.00 22.00 28.00 17.00 29.00 10.00 0.00 0.00 0.00 0.00 0.00
297.00 38.00 42.00 119.00 203.00 77.00 84.00 0.09 0.88 1.00 2.00 0.50 6.00 16.00 32.00 22.00 25.00 13.00 0.00 1.00 0.00 0.00 0.00
298.00 33.00 42.00 88.00 176.00 46.00 88.00 0.08 0.98 0.00 4.00 0.00 9.00 12.00 24.00 21.00 21.00 12.00 0.00 1.00 0.00 0.00 1.00
299.00 45.00 64.00 133.00 229.00 69.00 96.00 0.08 1.05 0.00 5.00 0.00 10.00 19.00 35.00 26.00 26.00 19.00 0.00 1.00 0.00 0.00 0.00
300.00 40.00 49.00 125.00 209.00 76.00 84.00 0.09 0.95 0.00 6.00 0.00 9.00 17.00 31.00 23.00 24.00 16.00 0.00 1.00 0.00 0.00 0.00
301.00 38.00 59.00 122.00 189.00 63.00 67.00 0.09 0.94 0.00 3.00 0.00 11.00 23.00 27.00 15.00 26.00 12.00 0.00 0.00 0.00 0.00 0.00
302.00 40.00 46.00 129.00 210.00 83.00 81.00 0.09 1.11 0.00 5.00 0.00 11.00 16.00 29.00 24.00 22.00 18.00 0.00 1.00 0.00 0.00 0.00
303.00 38.00 47.00 115.00 196.00 68.00 81.00 0.07 0.98 1.00 4.00 0.25 8.00 20.00 30.00 18.00 28.00 10.00 0.00 0.00 0.00 1.00 0.00
304.00 40.00 57.00 124.00 207.00 67.00 83.00 0.07 1.21 0.00 5.00 0.00 9.00 16.00 31.00 24.00 27.00 13.00 0.00 0.00 0.00 0.00 0.00
305.00 41.00 52.00 119.00 219.00 67.00 100.00 0.08 1.08 0.00 6.00 0.00 10.00 16.00 31.00 25.00 22.00 19.00 0.00 1.00 0.00 1.00 0.00
306.00 37.00 45.00 114.00 201.00 69.00 87.00 0.07 1.02 1.00 6.00 0.17 5.00 9.00 32.00 28.00 17.00 20.00 0.00 1.00 0.00 0.00 0.00
307.00 35.00 40.00 104.00 183.00 64.00 79.00 0.08 0.88 0.00 3.00 0.00 7.00 15.00 28.00 20.00 20.00 15.00 0.00 1.00 1.00 0.00 0.00
308.00 30.00 38.00 95.00 162.00 57.00 67.00 0.09 0.74 1.00 3.00 0.33 5.00 8.00 25.00 22.00 19.00 11.00 0.00 0.00 0.00 1.00 0.00
309.00 41.00 65.00 131.00 218.00 66.00 87.00 0.08 1.03 2.00 3.00 0.67 9.00 20.00 32.00 21.00 26.00 15.00 0.00 0.00 0.00 1.00 1.00
310.00 41.00 60.00 132.00 208.00 72.00 76.00 0.08 1.03 1.00 2.00 0.50 6.00 19.00 35.00 22.00 25.00 16.00 0.00 1.00 0.00 0.00 0.00
311.00 42.00 58.00 128.00 211.00 70.00 83.00 0.09 1.42 1.00 3.00 0.33 8.00 13.00 34.00 29.00 21.00 21.00 0.00 1.00 0.00 1.00 0.00
312.00 39.00 45.00 112.00 198.00 67.00 86.00 0.09 1.05 1.00 4.00 0.25 11.00 16.00 28.00 23.00 21.00 18.00 0.00 1.00 0.00 0.00 0.00
313.00 34.00 40.00 102.00 179.00 62.00 77.00 0.08 0.89 0.00 4.00 0.00 11.00 16.00 23.00 18.00 24.00 10.00 0.00 0.00 0.00 0.00 0.00
314.00 36.00 41.00 111.00 188.00 70.00 77.00 0.09 1.11 1.00 4.00 0.25 6.00 11.00 30.00 25.00 17.00 19.00 0.00 1.00 1.00 1.00 0.00
315.00 33.00 48.00 110.00 166.00 62.00 56.00 0.10 0.96 1.00 4.00 0.25 9.00 17.00 24.00 16.00 23.00 10.00 0.00 1.00 1.00 1.00 0.00
316.00 32.00 46.00 99.00 165.00 53.00 66.00 0.08 1.05 1.00 3.00 0.33 7.00 12.00 25.00 20.00 15.00 17.00 0.00 1.00 1.00 0.00 0.00
317.00 32.00 39.00 91.00 161.00 52.00 70.00 0.08 0.84 0.00 3.00 0.00 11.00 18.00 21.00 14.00 20.00 12.00 0.00 0.00 0.00 1.00 0.00
318.00 38.00 48.00 118.00 201.00 70.00 83.00 0.10 1.12 0.00 2.00 0.00 9.00 19.00 29.00 19.00 24.00 14.00 0.00 0.00 0.00 0.00 0.00
319.00 33.00 47.00 101.00 179.00 54.00 78.00 0.08 0.97 1.00 4.00 0.25 6.00 12.00 27.00 21.00 18.00 15.00 0.00 1.00 0.00 0.00 0.00
320.00 34.00 42.00 95.00 168.00 53.00 73.00 0.07 1.04 1.00 3.00 0.33 9.00 15.00 25.00 19.00 22.00 12.00 0.00 1.00 0.00 0.00 0.00
321.00 38.00 56.00 114.00 187.00 58.00 73.00 0.08 1.02 1.00 3.00 0.33 9.00 17.00 29.00 21.00 21.00 17.00 0.00 1.00 0.00 0.00 0.00
322.00 33.00 30.00 97.00 173.00 67.00 76.00 0.08 1.03 1.00 3.00 0.33 8.00 17.00 25.00 16.00 25.00 8.00 0.00 0.00 0.00 0.00 0.00
323.00 34.00 48.00 96.00 169.00 48.00 73.00 0.10 0.92 2.00 4.00 0.50 9.00 15.00 25.00 19.00 19.00 15.00 0.00 0.00 0.00 0.00 0.00
324.00 30.00 31.00 85.00 158.00 54.00 73.00 0.08 0.84 0.00 5.00 0.00 9.00 13.00 21.00 17.00 16.00 14.00 0.00 1.00 0.00 0.00 0.00
325.00 33.00 38.00 102.00 173.00 64.00 71.00 0.09 0.76 1.00 4.00 0.25 8.00 18.00 25.00 15.00 23.00 10.00 0.00 0.00 1.00 0.00 0.00
326.00 32.00 46.00 101.00 169.00 55.00 68.00 0.09 0.90 1.00 4.00 0.25 8.00 11.00 24.00 21.00 19.00 13.00 0.00 1.00 0.00 1.00 1.00
327.00 36.00 50.00 123.00 184.00 73.00 61.00 0.09 0.93 2.00 2.00 1.00 5.00 15.00 31.00 21.00 21.00 15.00 0.00 1.00 0.00 0.00 0.00
328.00 32.00 34.00 96.00 170.00 62.00 74.00 0.07 1.03 1.00 4.00 0.25 7.00 16.00 25.00 16.00 22.00 10.00 0.00 0.00 0.00 0.00 0.00
329.00 31.00 42.00 102.00 160.00 60.00 58.00 0.09 0.94 1.00 4.00 0.25 6.00 11.00 25.00 20.00 12.00 19.00 0.00 0.00 0.00 0.00 0.00
330.00 27.00 33.00 77.00 148.00 44.00 71.00 0.08 1.15 1.00 1.00 1.00 6.00 11.00 21.00 16.00 18.00 9.00 0.00 0.00 0.00 0.00 0.00
331.00 39.00 55.00 127.00 209.00 72.00 82.00 0.08 1.11 1.00 4.00 0.25 8.00 12.00 31.00 27.00 19.00 20.00 0.00 1.00 0.00 0.00 0.00
332.00 33.00 38.00 98.00 175.00 60.00 77.00 0.08 0.93 1.00 4.00 0.25 4.00 11.00 29.00 22.00 17.00 16.00 0.00 0.00 0.00 0.00 1.00
333.00 43.00 59.00 140.00 219.00 81.00 79.00 0.08 1.30 1.00 2.00 0.50 13.00 19.00 30.00 24.00 23.00 20.00 0.00 0.00 0.00 0.00 0.00
334.00 41.00 42.00 118.00 205.00 76.00 87.00 0.07 1.25 1.00 3.00 0.33 13.00 22.00 28.00 19.00 31.00 10.00 0.00 0.00 1.00 0.00 0.00
335.00 40.00 54.00 125.00 200.00 71.00 75.00 0.10 1.12 1.00 3.00 0.33 7.00 16.00 33.00 24.00 24.00 16.00 1.00 1.00 1.00 0.00 0.00
336.00 40.00 66.00 129.00 211.00 63.00 82.00 0.08 1.05 1.00 3.00 0.33 8.00 18.00 32.00 22.00 22.00 18.00 0.00 1.00 0.00 0.00 0.00
337.00 41.00 55.00 130.00 212.00 75.00 82.00 0.07 1.15 1.00 3.00 0.33 10.00 18.00 31.00 23.00 22.00 19.00 0.00 1.00 0.00 1.00 0.00
338.00 41.00 63.00 134.00 219.00 71.00 85.00 0.08 1.13 1.00 3.00 0.33 6.00 14.00 35.00 27.00 21.00 20.00 0.00 0.00 0.00 0.00 0.00
339.00 30.00 27.00 83.00 165.00 56.00 82.00 0.08 0.96 1.00 2.00 0.50 10.00 11.00 20.00 19.00 17.00 13.00 0.00 1.00 0.00 0.00 0.00
340.00 41.00 59.00 125.00 203.00 66.00 78.00 0.08 1.13 1.00 3.00 0.33 7.00 17.00 34.00 24.00 27.00 14.00 0.00 1.00 0.00 0.00 0.00
341.00 38.00 55.00 128.00 195.00 73.00 67.00 0.07 1.00 2.00 3.00 0.67 10.00 17.00 28.00 21.00 23.00 15.00 0.00 0.00 0.00 0.00 0.00
342.00 29.00 33.00 85.00 149.00 52.00 64.00 0.10 0.91 1.00 3.00 0.33 8.00 14.00 21.00 15.00 19.00 10.00 0.00 1.00 0.00 0.00 0.00
343.00 33.00 43.00 103.00 173.00 60.00 70.00 0.09 0.94 2.00 4.00 0.50 6.00 17.00 27.00 16.00 21.00 12.00 0.00 1.00 0.00 0.00 0.00
344.00 39.00 61.00 128.00 203.00 67.00 75.00 0.08 1.02 2.00 4.00 0.50 6.00 14.00 33.00 25.00 21.00 18.00 0.00 1.00 1.00 0.00 0.00
345.00 35.00 44.00 107.00 187.00 63.00 80.00 0.08 1.16 0.00 4.00 0.00 4.00 9.00 31.00 26.00 18.00 17.00 0.00 1.00 0.00 0.00 0.00
346.00 33.00 33.00 101.00 174.00 68.00 73.00 0.08 1.11 2.00 3.00 0.67 7.00 15.00 26.00 18.00 21.00 12.00 1.00 1.00 0.00 0.00 0.00
347.00 42.00 58.00 127.00 223.00 69.00 96.00 0.09 1.19 1.00 3.00 0.33 10.00 19.00 32.00 23.00 24.00 18.00 0.00 0.00 0.00 0.00 0.00
348.00 32.00 40.00 104.00 167.00 64.00 63.00 0.08 1.10 1.00 2.00 0.50 8.00 16.00 24.00 16.00 19.00 13.00 0.00 1.00 0.00 0.00 0.00
349.00 33.00 27.00 102.00 176.00 75.00 74.00 0.08 1.10 1.00 1.00 1.00 6.00 13.00 27.00 20.00 22.00 11.00 0.00 0.00 2.00 0.00 0.00
350.00 34.00 41.00 107.00 185.00 66.00 78.00 0.09 1.24 0.00 3.00 0.00 8.00 20.00 26.00 14.00 27.00 7.00 0.00 0.00 0.00 0.00 0.00
351.00 36.00 43.00 116.00 192.00 73.00 76.00 0.09 1.03 1.00 4.00 0.25 6.00 14.00 30.00 22.00 21.00 15.00 0.00 0.00 0.00 0.00 0.00
352.00 38.00 49.00 126.00 205.00 77.00 79.00 0.09 1.10 1.00 4.00 0.25 8.00 18.00 30.00 20.00 25.00 13.00 0.00 0.00 1.00 0.00 0.00
353.00 43.00 56.00 132.00 218.00 76.00 86.00 0.09 1.54 1.00 2.00 0.50 13.00 20.00 30.00 23.00 28.00 15.00 0.00 1.00 1.00 0.00 0.00
354.00 41.00 49.00 124.00 219.00 75.00 95.00 0.07 1.46 1.00 3.00 0.33 7.00 14.00 34.00 27.00 20.00 21.00 0.00 0.00 0.00 0.00 0.00
355.00 41.00 45.00 131.00 213.00 86.00 82.00 0.08 1.27 1.00 3.00 0.33 10.00 18.00 31.00 23.00 22.00 19.00 0.00 0.00 0.00 0.00 0.00
356.00 34.00 40.00 114.00 186.00 74.00 72.00 0.10 1.02 1.00 4.00 0.25 7.00 12.00 27.00 22.00 17.00 17.00 0.00 0.00 0.00 0.00 0.00
357.00 40.00 55.00 118.00 199.00 63.00 81.00 0.09 1.39 1.00 4.00 0.25 10.00 17.00 30.00 23.00 21.00 19.00 0.00 1.00 0.00 0.00 0.00
358.00 37.00 52.00 122.00 195.00 70.00 73.00 0.10 1.16 1.00 2.00 0.50 2.00 12.00 35.00 25.00 21.00 16.00 0.00 1.00 2.00 0.00 0.00
359.00 33.00 40.00 104.00 175.00 64.00 71.00 0.09 1.00 1.00 4.00 0.25 9.00 16.00 24.00 17.00 19.00 14.00 0.00 0.00 0.00 0.00 0.00
360.00 37.00 45.00 104.00 187.00 59.00 83.00 0.06 1.29 1.00 6.00 0.17 7.00 14.00 30.00 23.00 20.00 17.00 0.00 1.00 0.00 0.00 0.00
361.00 36.00 48.00 112.00 190.00 64.00 78.00 0.10 1.15 0.00 6.00 0.00 6.00 13.00 30.00 23.00 20.00 16.00 0.00 0.00 0.00 0.00 0.00
362.00 34.00 41.00 104.00 172.00 63.00 68.00 0.09 1.13 1.00 5.00 0.20 8.00 14.00 26.00 20.00 20.00 14.00 0.00 0.00 0.00 0.00 0.00
363.00 33.00 45.00 105.00 174.00 60.00 69.00 0.07 1.09 1.00 5.00 0.20 5.00 16.00 28.00 17.00 24.00 9.00 0.00 1.00 0.00 0.00 0.00
364.00 39.00 51.00 119.00 197.00 68.00 78.00 0.09 1.30 1.00 4.00 0.25 8.00 18.00 31.00 21.00 23.00 16.00 0.00 1.00 0.00 0.00 0.00
365.00 38.00 49.00 123.00 196.00 74.00 73.00 0.08 1.25 1.00 4.00 0.25 9.00 15.00 29.00 23.00 19.00 19.00 0.00 0.00 0.00 0.00 0.00
366.00 39.00 49.00 116.00 201.00 67.00 85.00 0.09 1.25 1.00 5.00 0.20 10.00 16.00 29.00 23.00 26.00 13.00 0.00 0.00 0.00 0.00 0.00
367.00 31.00 35.00 98.00 171.00 63.00 73.00 0.10 1.07 1.00 4.00 0.25 4.00 10.00 27.00 21.00 19.00 12.00 0.00 0.00 0.00 0.00 0.00
368.00 35.00 42.00 104.00 185.00 62.00 81.00 0.08 1.15 0.00 4.00 0.00 8.00 14.00 27.00 21.00 19.00 16.00 0.00 1.00 1.00 0.00 0.00
369.00 33.00 42.00 102.00 168.00 60.00 66.00 0.08 1.07 1.00 2.00 0.50 5.00 15.00 28.00 18.00 20.00 13.00 0.00 0.00 0.00 0.00 0.00
370.00 35.00 43.00 104.00 186.00 61.00 82.00 0.10 1.13 2.00 1.00 2.00 11.00 18.00 24.00 17.00 24.00 11.00 0.00 1.00 0.00 1.00 0.00
371.00 36.00 47.00 113.00 192.00 66.00 79.00 0.09 1.15 1.00 5.00 0.20 8.00 10.00 28.00 26.00 20.00 16.00 0.00 1.00 0.00 0.00 0.00
372.00 34.00 50.00 109.00 177.00 59.00 68.00 0.08 1.09 1.00 7.00 0.14 5.00 9.00 29.00 25.00 17.00 17.00 0.00 1.00 0.00 0.00 0.00
373.00 36.00 49.00 115.00 195.00 66.00 80.00 0.07 1.08 1.00 5.00 0.20 9.00 14.00 27.00 22.00 18.00 18.00 0.00 1.00 0.00 0.00 0.00
374.00 37.00 44.00 116.00 198.00 72.00 82.00 0.07 1.08 1.00 4.00 0.25 5.00 16.00 32.00 21.00 23.00 14.00 0.00 0.00 0.00 0.00 0.00
375.00 36.00 41.00 112.00 198.00 71.00 86.00 0.07 1.07 1.00 2.00 0.50 8.00 15.00 28.00 21.00 25.00 11.00 0.00 0.00 0.00 0.00 0.00
376.00 36.00 49.00 115.00 193.00 66.00 78.00 0.09 1.00 2.00 3.00 0.67 8.00 12.00 28.00 24.00 17.00 19.00 0.00 1.00 0.00 0.00 0.00
377.00 42.00 52.00 122.00 220.00 70.00 98.00 0.10 1.20 1.00 3.00 0.33 10.00 17.00 32.00 25.00 22.00 20.00 0.00 1.00 0.00 0.00 0.00
378.00 32.00 37.00 94.00 167.00 57.00 73.00 0.08 0.93 1.00 3.00 0.33 10.00 14.00 22.00 18.00 21.00 11.00 0.00 0.00 0.00 0.00 0.00
379.00 37.00 55.00 115.00 181.00 60.00 66.00 0.06 1.21 1.00 2.00 0.50 9.00 18.00 28.00 19.00 22.00 15.00 0.00 1.00 0.00 0.00 0.00
380.00 33.00 44.00 101.00 170.00 57.00 69.00 0.11 1.07 1.00 4.00 0.25 4.00 19.00 29.00 14.00 25.00 8.00 0.00 0.00 0.00 0.00 0.00
381.00 33.00 33.00 98.00 175.00 65.00 77.00 0.09 1.14 1.00 2.00 0.50 7.00 11.00 26.00 22.00 18.00 15.00 0.00 1.00 0.00 0.00 0.00
382.00 37.00 43.00 118.00 200.00 75.00 82.00 0.09 1.00 2.00 2.00 1.00 5.00 12.00 32.00 25.00 23.00 14.00 0.00 1.00 0.00 0.00 0.00
383.00 38.00 54.00 119.00 192.00 65.00 73.00 0.10 1.06 1.00 1.00 1.00 10.00 20.00 28.00 18.00 24.00 14.00 0.00 1.00 0.00 0.00 0.00
384.00 34.00 45.00 106.00 180.00 61.00 74.00 0.10 1.02 1.00 2.00 0.50 8.00 17.00 26.00 17.00 18.00 16.00 0.00 1.00 0.00 0.00 0.00
385.00 37.00 53.00 111.00 186.00 58.00 75.00 0.09 1.09 1.00 2.00 0.50 7.00 13.00 30.00 24.00 21.00 16.00 0.00 1.00 0.00 0.00 0.00
386.00 28.00 23.00 71.00 149.00 48.00 78.00 0.08 1.09 1.00 3.00 0.33 6.00 12.00 22.00 16.00 19.00 9.00 0.00 0.00 1.00 0.00 0.00
387.00 37.00 34.00 105.00 191.00 71.00 86.00 0.08 1.20 2.00 2.00 1.00 5.00 12.00 32.00 25.00 22.00 15.00 0.00 0.00 0.00 0.00 0.00
388.00 34.00 39.00 106.00 178.00 67.00 72.00 0.08 1.12 2.00 2.00 1.00 11.00 19.00 23.00 15.00 24.00 10.00 0.00 0.00 0.00 0.00 0.00
389.00 27.00 30.00 81.00 142.00 51.00 61.00 0.07 0.97 2.00 0.00 0.00 4.00 12.00 23.00 15.00 17.00 10.00 0.00 1.00 0.00 0.00 0.00
390.00 39.00 38.00 108.00 201.00 70.00 93.00 0.08 1.30 2.00 2.00 1.00 5.00 17.00 34.00 22.00 24.00 15.00 0.00 0.00 0.00 0.00 0.00
391.00 32.00 37.00 90.00 166.00 53.00 76.00 0.09 0.95 1.00 4.00 0.25 7.00 16.00 25.00 16.00 23.00 9.00 0.00 0.00 0.00 1.00 0.00
392.00 34.00 42.00 101.00 174.00 59.00 73.00 0.10 1.09 1.00 2.00 0.50 11.00 16.00 23.00 18.00 22.00 12.00 0.00 0.00 1.00 0.00 0.00
393.00 36.00 33.00 99.00 189.00 66.00 90.00 0.09 1.19 1.00 1.00 1.00 10.00 15.00 26.00 21.00 24.00 12.00 0.00 0.00 0.00 0.00 0.00
394.00 33.00 28.00 96.00 170.00 68.00 74.00 0.07 1.04 1.00 1.00 1.00 10.00 17.00 23.00 16.00 21.00 12.00 0.00 0.00 0.00 0.00 0.00
395.00 36.00 40.00 108.00 184.00 68.00 76.00 0.09 1.05 1.00 2.00 0.50 6.00 10.00 30.00 26.00 20.00 16.00 0.00 0.00 0.00 0.00 0.00
396.00 36.00 43.00 113.00 193.00 70.00 80.00 0.09 1.03 0.00 5.00 0.00 8.00 15.00 28.00 21.00 17.00 19.00 0.00 1.00 0.00 0.00 0.00
397.00 32.00 24.00 83.00 166.00 59.00 83.00 0.08 1.07 1.00 3.00 0.33 6.00 17.00 26.00 15.00 26.00 6.00 0.00 1.00 0.00 0.00 0.00
398.00 36.00 38.00 104.00 181.00 66.00 77.00 0.09 1.13 0.00 3.00 0.00 6.00 12.00 30.00 24.00 19.00 17.00 0.00 1.00 1.00 0.00 0.00
399.00 38.00 44.00 109.00 188.00 65.00 79.00 0.09 1.35 1.00 1.00 1.00 12.00 16.00 26.00 22.00 24.00 14.00 0.00 1.00 0.00 0.00 0.00
400.00 31.00 38.00 91.00 164.00 53.00 73.00 0.07 0.95 1.00 3.00 0.33 4.00 14.00 27.00 17.00 20.00 11.00 0.00 0.00 0.00 0.00 0.00
401.00 39.00 47.00 122.00 210.00 75.00 88.00 0.08 1.16 2.00 4.00 0.50 6.00 12.00 33.00 27.00 23.00 16.00 0.00 1.00 1.00 0.00 0.00
402.00 38.00 43.00 117.00 202.00 74.00 85.00 0.08 1.20 3.00 4.00 0.75 6.00 14.00 32.00 24.00 19.00 19.00 0.00 1.00 1.00 0.00 0.00
403.00 30.00 34.00 89.00 159.00 55.00 70.00 0.08 0.95 1.00 4.00 0.25 7.00 13.00 23.00 17.00 20.00 10.00 0.00 1.00 0.00 0.00 0.00
404.00 31.00 31.00 89.00 164.00 58.00 75.00 0.08 0.92 1.00 3.00 0.33 8.00 15.00 23.00 16.00 20.00 11.00 0.00 0.00 0.00 0.00 0.00
405.00 39.00 45.00 120.00 199.00 75.00 79.00 0.08 1.02 0.00 7.00 0.00 11.00 19.00 28.00 20.00 20.00 19.00 0.00 1.00 0.00 1.00 0.00
406.00 41.00 44.00 112.00 191.00 68.00 79.00 0.09 1.41 0.00 6.00 0.00 8.00 22.00 33.00 19.00 27.00 14.00 0.00 1.00 0.00 1.00 0.00
407.00 36.00 37.00 108.00 195.00 71.00 87.00 0.09 1.03 0.00 4.00 0.00 5.00 15.00 31.00 21.00 23.00 13.00 1.00 1.00 1.00 0.00 0.00
408.00 25.00 17.00 59.00 130.00 42.00 71.00 0.08 1.05 0.00 4.00 0.00 4.00 12.00 21.00 13.00 17.00 8.00 0.00 1.00 0.00 0.00 0.00
409.00 36.00 35.00 90.00 186.00 55.00 96.00 0.09 1.16 0.00 1.00 0.00 8.00 17.00 28.00 19.00 23.00 13.00 0.00 1.00 2.00 1.00 0.00
410.00 35.00 40.00 101.00 176.00 61.00 75.00 0.09 1.04 0.00 2.00 0.00 7.00 14.00 28.00 21.00 20.00 15.00 0.00 0.00 1.00 0.00 0.00
411.00 36.00 38.00 101.00 185.00 63.00 84.00 0.08 1.21 0.00 2.00 0.00 9.00 15.00 27.00 21.00 23.00 13.00 0.00 1.00 1.00 0.00 0.00
412.00 19.00 19.00 49.00 95.00 30.00 46.00 0.07 0.58 0.00 2.00 0.00 4.00 8.00 15.00 11.00 8.00 11.00 0.00 0.00 0.00 0.00 0.00
413.00 29.00 31.00 76.00 151.00 45.00 75.00 0.07 0.95 0.00 3.00 0.00 10.00 14.00 19.00 15.00 17.00 12.00 0.00 1.00 1.00 0.00 0.00
414.00 34.00 31.00 90.00 186.00 59.00 96.00 0.09 1.19 0.00 1.00 0.00 8.00 15.00 26.00 19.00 21.00 13.00 0.00 0.00 1.00 0.00 1.00
415.00 32.00 38.00 88.00 159.00 50.00 71.00 0.07 1.09 0.00 1.00 0.00 10.00 13.00 22.00 19.00 16.00 16.00 0.00 1.00 0.00 0.00 0.00
416.00 27.00 20.00 63.00 132.00 43.00 69.00 0.10 1.02 0.00 1.00 0.00 7.00 17.00 20.00 10.00 22.00 5.00 0.00 1.00 1.00 0.00 0.00
417.00 23.00 19.00 64.00 112.00 45.00 48.00 0.07 0.66 0.00 1.00 0.00 9.00 15.00 14.00 8.00 18.00 5.00 0.00 1.00 0.00 0.00 0.00
418.00 30.00 30.00 74.00 147.00 44.00 73.00 0.08 1.15 0.00 0.00 0.00 9.00 15.00 21.00 15.00 16.00 14.00 0.00 1.00 1.00 1.00 0.00
419.00 33.00 34.00 97.00 166.00 63.00 69.00 0.08 1.53 1.00 1.00 1.00 11.00 16.00 22.00 17.00 24.00 9.00 0.00 1.00 1.00 0.00 0.00
420.00 27.00 24.00 70.00 133.00 46.00 63.00 0.08 1.06 1.00 1.00 1.00 6.00 11.00 21.00 16.00 17.00 10.00 0.00 1.00 1.00 0.00 0.00
421.00 32.00 42.00 96.00 169.00 54.00 73.00 0.10 1.03 0.00 1.00 0.00 10.00 16.00 22.00 16.00 20.00 12.00 0.00 1.00 1.00 0.00 0.00
422.00 27.00 17.00 67.00 134.00 50.00 67.00 0.09 0.99 1.00 1.00 1.00 9.00 18.00 18.00 9.00 20.00 7.00 0.00 1.00 1.00 0.00 0.00
423.00 24.00 21.00 65.00 129.00 44.00 64.00 0.09 0.83 0.00 1.00 0.00 7.00 12.00 17.00 12.00 16.00 8.00 0.00 1.00 1.00 0.00 0.00
424.00 16.00 8.00 30.00 76.00 22.00 46.00 0.07 1.41 0.00 1.00 0.00 6.00 11.00 10.00 5.00 13.00 3.00 0.00 1.00 1.00 0.00 0.00
425.00 25.00 25.00 74.00 127.00 49.00 53.00 0.09 1.29 0.00 1.00 0.00 5.00 11.00 20.00 14.00 17.00 8.00 0.00 0.00 0.00 1.00 0.00
426.00 29.00 26.00 74.00 147.00 48.00 73.00 0.08 0.93 0.00 1.00 0.00 4.00 12.00 25.00 17.00 17.00 12.00 0.00 1.00 1.00 0.00 0.00
427.00 24.00 21.00 58.00 125.00 37.00 67.00 0.08 0.86 0.00 1.00 0.00 6.00 12.00 18.00 12.00 16.00 8.00 0.00 1.00 1.00 0.00 0.00
428.00 25.00 21.00 61.00 128.00 40.00 67.00 0.09 1.40 0.00 1.00 0.00 7.00 15.00 18.00 10.00 20.00 5.00 0.00 1.00 1.00 0.00 0.00
429.00 27.00 21.00 75.00 133.00 54.00 58.00 0.09 0.85 0.00 1.00 0.00 11.00 19.00 16.00 8.00 22.00 5.00 0.00 0.00 0.00 0.00 0.00
430.00 9.00 6.00 19.00 40.00 13.00 21.00 0.11 0.35 0.00 2.00 0.00 3.00 3.00 6.00 6.00 8.00 1.00 0.00 0.00 0.00 0.00 0.00
431.00 28.00 32.00 77.00 148.00 45.00 71.00 0.07 0.96 0.00 2.00 0.00 4.00 9.00 24.00 19.00 12.00 16.00 0.00 1.00 1.00 0.00 0.00
432.00 22.00 19.00 57.00 114.00 38.00 57.00 0.08 0.87 0.00 4.00 0.00 7.00 9.00 15.00 13.00 15.00 7.00 0.00 0.00 1.00 0.00 1.00
433.00 27.00 31.00 76.00 139.00 45.00 63.00 0.09 0.83 0.00 4.00 0.00 8.00 11.00 19.00 16.00 17.00 10.00 0.00 0.00 1.00 0.00 0.00
434.00 29.00 32.00 85.00 151.00 53.00 66.00 0.08 0.95 0.00 3.00 0.00 4.00 11.00 25.00 18.00 18.00 11.00 0.00 1.00 2.00 0.00 0.00
435.00 24.00 21.00 63.00 121.00 42.00 58.00 0.09 0.82 0.00 3.00 0.00 5.00 15.00 19.00 9.00 18.00 6.00 0.00 1.00 1.00 0.00 0.00
436.00 32.00 34.00 96.00 170.00 62.00 74.00 0.09 0.99 0.00 3.00 0.00 9.00 14.00 23.00 18.00 19.00 13.00 0.00 0.00 2.00 0.00 0.00
437.00 28.00 27.00 80.00 145.00 53.00 65.00 0.08 0.88 0.00 2.00 0.00 6.00 15.00 22.00 13.00 18.00 10.00 0.00 1.00 0.00 0.00 0.00
438.00 30.00 28.00 87.00 158.00 59.00 71.00 0.08 1.02 0.00 1.00 0.00 6.00 11.00 24.00 19.00 19.00 11.00 1.00 0.00 1.00 0.00 0.00
439.00 30.00 24.00 82.00 162.00 58.00 80.00 0.08 1.08 0.00 2.00 0.00 7.00 16.00 23.00 14.00 22.00 8.00 0.00 0.00 1.00 0.00 0.00
440.00 28.00 34.00 82.00 143.00 48.00 61.00 0.09 0.93 0.00 1.00 0.00 7.00 19.00 21.00 9.00 20.00 8.00 0.00 1.00 1.00 0.00 0.00
441.00 26.00 20.00 60.00 138.00 40.00 78.00 0.08 0.94 1.00 1.00 1.00 8.00 15.00 18.00 11.00 18.00 8.00 0.00 1.00 1.00 0.00 0.00
442.00 28.00 29.00 78.00 138.00 49.00 60.00 0.09 1.08 0.00 1.00 0.00 11.00 15.00 17.00 13.00 19.00 9.00 0.00 1.00 0.00 0.00 0.00
443.00 27.00 28.00 76.00 134.00 48.00 58.00 0.08 0.75 0.00 1.00 0.00 8.00 14.00 19.00 13.00 19.00 8.00 0.00 1.00 0.00 0.00 0.00
444.00 31.00 25.00 74.00 163.00 49.00 89.00 0.08 0.93 0.00 1.00 0.00 11.00 17.00 20.00 14.00 19.00 12.00 0.00 1.00 1.00 0.00 0.00
445.00 31.00 22.00 80.00 159.00 58.00 79.00 0.07 1.07 0.00 1.00 0.00 9.00 15.00 22.00 16.00 25.00 6.00 0.00 0.00 1.00 0.00 0.00
446.00 22.00 23.00 53.00 114.00 30.00 61.00 0.09 0.83 0.00 0.00 0.00 9.00 13.00 13.00 9.00 14.00 8.00 0.00 0.00 1.00 0.00 0.00
447.00 26.00 15.00 61.00 130.00 46.00 69.00 0.08 1.15 0.00 0.00 0.00 8.00 10.00 18.00 16.00 18.00 8.00 0.00 1.00 2.00 0.00 0.00
448.00 24.00 18.00 69.00 115.00 51.00 46.00 0.09 0.91 0.00 1.00 0.00 7.00 14.00 17.00 10.00 16.00 8.00 0.00 0.00 1.00 0.00 0.00
449.00 21.00 19.00 52.00 105.00 33.00 53.00 0.09 0.78 0.00 1.00 0.00 7.00 11.00 14.00 10.00 14.00 7.00 0.00 1.00 1.00 0.00 0.00
450.00 30.00 26.00 81.00 154.00 55.00 73.00 0.07 1.10 0.00 0.00 0.00 10.00 19.00 20.00 11.00 23.00 7.00 0.00 0.00 1.00 0.00 0.00
451.00 26.00 26.00 77.00 142.00 51.00 65.00 0.10 0.91 0.00 2.00 0.00 4.00 13.00 22.00 13.00 18.00 8.00 0.00 1.00 1.00 0.00 0.00
452.00 28.00 26.00 77.00 143.00 51.00 66.00 0.07 1.00 0.00 0.00 0.00 10.00 16.00 18.00 12.00 20.00 8.00 0.00 1.00 1.00 0.00 0.00
453.00 24.00 12.00 55.00 114.00 43.00 59.00 0.07 0.95 0.00 0.00 0.00 8.00 16.00 16.00 8.00 18.00 6.00 0.00 1.00 0.00 0.00 0.00
454.00 23.00 22.00 69.00 118.00 47.00 49.00 0.09 0.75 0.00 1.00 0.00 11.00 14.00 12.00 9.00 16.00 7.00 0.00 1.00 1.00 0.00 0.00
455.00 26.00 14.00 51.00 132.00 37.00 81.00 0.09 0.91 0.00 0.00 0.00 9.00 16.00 17.00 10.00 22.00 4.00 0.00 0.00 1.00 0.00 0.00
456.00 24.00 21.00 54.00 121.00 33.00 67.00 0.09 0.81 0.00 0.00 0.00 9.00 14.00 15.00 10.00 16.00 8.00 0.00 1.00 1.00 0.00 0.00
457.00 25.00 24.00 70.00 129.00 46.00 59.00 0.07 0.90 0.00 0.00 0.00 6.00 12.00 19.00 13.00 15.00 10.00 0.00 1.00 1.00 0.00 0.00
458.00 17.00 8.00 40.00 90.00 32.00 50.00 0.10 0.64 0.00 0.00 0.00 6.00 11.00 11.00 6.00 15.00 2.00 0.00 0.00 1.00 0.00 0.00
459.00 14.00 9.00 32.00 65.00 23.00 33.00 0.07 0.61 0.00 0.00 0.00 6.00 9.00 8.00 5.00 10.00 4.00 0.00 0.00 1.00 0.00 0.00
460.00 16.00 6.00 25.00 80.00 19.00 55.00 0.08 0.64 0.00 0.00 0.00 4.00 9.00 12.00 7.00 13.00 3.00 0.00 0.00 1.00 0.00 0.00
461.00 23.00 26.00 59.00 115.00 33.00 56.00 0.08 0.81 0.00 0.00 0.00 5.00 11.00 18.00 12.00 17.00 6.00 0.00 0.00 2.00 0.00 0.00
462.00 17.00 16.00 43.00 84.00 27.00 41.00 0.08 0.65 0.00 0.00 0.00 7.00 10.00 10.00 7.00 13.00 4.00 0.00 0.00 1.00 0.00 0.00
463.00 10.00 0.00 8.00 38.00 8.00 30.00 0.08 0.74 0.00 0.00 0.00 4.00 8.00 6.00 2.00 9.00 1.00 0.00 0.00 0.00 0.00 1.00
464.00 23.00 22.00 58.00 113.00 36.00 55.00 0.08 0.79 0.00 0.00 0.00 4.00 14.00 19.00 9.00 17.00 6.00 0.00 0.00 1.00 0.00 0.00
465.00 21.00 22.00 52.00 100.00 30.00 48.00 0.08 0.65 0.00 0.00 0.00 6.00 10.00 15.00 11.00 13.00 8.00 0.00 0.00 2.00 0.00 0.00
466.00 21.00 23.00 51.00 107.00 28.00 56.00 0.08 0.71 0.00 0.00 0.00 9.00 14.00 12.00 7.00 18.00 3.00 0.00 0.00 2.00 0.00 0.00
467.00 16.00 8.00 36.00 84.00 28.00 48.00 0.09 0.63 0.00 0.00 0.00 6.00 9.00 10.00 7.00 13.00 3.00 0.00 0.00 0.00 0.00 0.00
468.00 20.00 20.00 51.00 93.00 31.00 42.00 0.08 0.60 0.00 0.00 0.00 6.00 10.00 14.00 10.00 14.00 6.00 0.00 0.00 1.00 0.00 1.00
469.00 9.00 0.00 6.00 30.00 6.00 24.00 0.08 0.65 0.00 0.00 0.00 2.00 8.00 7.00 1.00 8.00 1.00 0.00 0.00 1.00 0.00 0.00
470.00 19.00 17.00 46.00 96.00 29.00 50.00 0.08 0.72 0.00 0.00 0.00 4.00 9.00 15.00 10.00 12.00 7.00 0.00 0.00 0.00 0.00 0.00
471.00 11.00 6.00 24.00 51.00 18.00 27.00 0.09 0.36 0.00 0.00 0.00 4.00 7.00 7.00 4.00 9.00 2.00 0.00 0.00 0.00 0.00 0.00
472.00 12.00 6.00 24.00 59.00 18.00 35.00 0.09 0.51 0.00 0.00 0.00 3.00 9.00 9.00 3.00 10.00 2.00 0.00 0.00 0.00 0.00 0.00
473.00 21.00 17.00 46.00 99.00 29.00 53.00 0.08 0.63 0.00 0.00 0.00 6.00 8.00 15.00 13.00 17.00 4.00 0.00 0.00 0.00 0.00 0.00
474.00 15.00 10.00 35.00 74.00 25.00 39.00 0.09 0.50 0.00 0.00 0.00 5.00 10.00 10.00 5.00 13.00 2.00 0.00 0.00 0.00 0.00 0.00
475.00 12.00 9.00 23.00 55.00 14.00 32.00 0.09 0.50 0.00 0.00 0.00 4.00 9.00 8.00 3.00 11.00 1.00 0.00 0.00 0.00 0.00 0.00
476.00 7.00 2.00 9.00 30.00 7.00 21.00 0.09 0.35 0.00 0.00 0.00 2.00 5.00 5.00 2.00 7.00 0.00 0.00 0.00 1.00 0.00 0.00
477.00 9.00 5.00 16.00 40.00 11.00 24.00 0.08 0.43 0.00 0.00 0.00 4.00 7.00 5.00 2.00 8.00 1.00 0.00 0.00 1.00 0.00 0.00
478.00 7.00 2.00 7.00 28.00 5.00 21.00 0.07 0.42 0.00 0.00 0.00 3.00 6.00 4.00 1.00 7.00 0.00 0.00 0.00 0.00 0.00 0.00
479.00 11.00 2.00 15.00 43.00 13.00 28.00 0.10 1.17 0.00 0.00 0.00 3.00 7.00 8.00 4.00 10.00 1.00 0.00 0.00 1.00 0.00 0.00
480.00 16.00 11.00 33.00 75.00 22.00 42.00 0.07 0.74 0.00 0.00 0.00 4.00 11.00 12.00 5.00 14.00 2.00 0.00 0.00 1.00 1.00 0.00
481.00 17.00 11.00 39.00 84.00 28.00 45.00 0.09 0.64 0.00 0.00 0.00 4.00 9.00 13.00 8.00 11.00 6.00 0.00 0.00 1.00 1.00 0.00
482.00 16.00 11.00 34.00 78.00 23.00 44.00 0.08 0.55 0.00 0.00 0.00 7.00 11.00 9.00 5.00 15.00 1.00 0.00 0.00 0.00 1.00 0.00
483.00 17.00 15.00 39.00 78.00 24.00 39.00 0.08 0.51 0.00 0.00 0.00 5.00 8.00 12.00 9.00 11.00 6.00 0.00 0.00 1.00 0.00 0.00
484.00 8.00 1.00 11.00 36.00 10.00 25.00 0.08 0.40 0.00 0.00 0.00 4.00 7.00 4.00 1.00 7.00 1.00 0.00 0.00 0.00 0.00 0.00
485.00 13.00 11.00 29.00 62.00 18.00 33.00 0.07 0.37 0.00 0.00 0.00 6.00 9.00 7.00 4.00 11.00 2.00 0.00 0.00 0.00 0.00 0.00
486.00 5.00 2.00 7.00 21.00 5.00 14.00 0.08 0.15 0.00 0.00 0.00 2.00 5.00 3.00 0.00 5.00 0.00 0.00 0.00 0.00 0.00 0.00
487.00 5.00 0.00 6.00 21.00 6.00 15.00 0.09 0.19 0.00 0.00 0.00 3.00 4.00 2.00 1.00 5.00 0.00 0.00 0.00 0.00 0.00 0.00
488.00 11.00 10.00 24.00 55.00 14.00 31.00 0.08 0.35 0.00 0.00 0.00 2.00 7.00 9.00 4.00 9.00 2.00 0.00 0.00 0.00 0.00 0.00
489.00 10.00 6.00 22.00 50.00 16.00 28.00 0.09 0.36 0.00 0.00 0.00 2.00 6.00 8.00 4.00 8.00 2.00 0.00 0.00 0.00 0.00 0.00
490.00 7.00 1.00 4.00 29.00 3.00 25.00 0.09 0.79 0.00 0.00 0.00 3.00 4.00 4.00 3.00 7.00 0.00 0.00 0.00 0.00 0.00 0.00
491.00 9.00 0.00 12.00 44.00 12.00 32.00 0.08 0.36 0.00 0.00 0.00 6.00 7.00 3.00 2.00 8.00 1.00 0.00 0.00 0.00 0.00 0.00
492.00 7.00 4.00 14.00 31.00 10.00 17.00 0.08 0.24 0.00 0.00 0.00 3.00 5.00 4.00 2.00 6.00 1.00 0.00 0.00 0.00 0.00 0.00
493.00 4.00 0.00 4.00 16.00 4.00 12.00 0.11 0.19 0.00 0.00 0.00 2.00 4.00 2.00 0.00 4.00 0.00 0.00 0.00 0.00 0.00 0.00
494.00 6.00 2.00 8.00 26.00 6.00 18.00 0.09 0.25 0.00 0.00 0.00 2.00 3.00 4.00 3.00 5.00 1.00 0.00 0.00 0.00 0.00 0.00
495.00 10.00 4.00 17.00 43.00 13.00 26.00 0.07 0.65 0.00 0.00 0.00 2.00 7.00 8.00 3.00 9.00 1.00 0.00 0.00 0.00 0.00 0.00
496.00 7.00 3.00 12.00 31.00 9.00 19.00 0.08 0.36 0.00 0.00 0.00 1.00 5.00 6.00 2.00 5.00 2.00 0.00 0.00 0.00 0.00 0.00
497.00 10.00 1.00 17.00 44.00 16.00 27.00 0.07 0.67 0.00 0.00 0.00 3.00 6.00 7.00 4.00 9.00 1.00 0.00 0.00 0.00 0.00 0.00
498.00 7.00 2.00 7.00 30.00 5.00 23.00 0.09 0.39 0.00 0.00 0.00 2.00 7.00 5.00 0.00 7.00 0.00 0.00 0.00 0.00 0.00 0.00
499.00 3.00 0.00 0.00 1.00 0.00 1.00 0.08 0.33 0.00 0.00 0.00 2.00 3.00 1.00 0.00 3.00 0.00 0.00 0.00 0.00 0.00 0.00
500.00 6.00 3.00 8.00 23.00 5.00 15.00 0.09 0.17 0.00 0.00 0.00 2.00 5.00 4.00 1.00 5.00 1.00 0.00 0.00 0.00 0.00 0.00
501.00 2.00 0.00 0.00 1.00 0.00 1.00 0.09 5.14 0.00 0.00 0.00 2.00 2.00 0.00 0.00 2.00 0.00 0.00 0.00 0.00 0.00 0.00
