0.00 2.00 0.00 0.00 5.00 0.00 5.00 0.08 0.16 0.00 0.00 0.00 2.00 2.00 0.00 0.00 2.00 0.00 0.00 0.00 0.00 0.00 0.00
1.00 6.00 2.00 10.00 27.00 8.00 17.00 0.08 4.40 0.00 0.00 0.00 2.00 5.00 4.00 1.00 5.00 1.00 0.00 0.00 0.00 0.00 0.00
2.00 8.00 2.00 10.00 32.00 8.00 22.00 0.09 2.19 0.00 0.00 0.00 2.00 4.00 6.00 4.00 7.00 1.00 0.00 0.00 0.00 0.00 0.00
3.00 8.00 2.00 9.00 34.00 7.00 25.00 0.08 0.38 0.00 0.00 0.00 5.00 5.00 3.00 3.00 8.00 0.00 0.00 0.00 0.00 0.00 0.00
4.00 9.00 5.00 16.00 40.00 11.00 24.00 0.08 2.10 0.00 0.00 0.00 3.00 6.00 6.00 3.00 7.00 2.00 0.00 0.00 0.00 0.00 0.00
5.00 7.00 1.00 9.00 31.00 8.00 22.00 0.08 4.91 0.00 1.00 0.00 2.00 5.00 5.00 2.00 7.00 0.00 0.00 0.00 0.00 0.00 0.00
6.00 13.00 5.00 20.00 54.00 15.00 34.00 0.10 4.61 0.00 1.00 0.00 5.00 7.00 8.00 6.00 10.00 3.00 0.00 0.00 0.00 0.00 0.00
7.00 13.00 8.00 17.00 45.00 9.00 28.00 0.09 3.06 0.00 0.00 0.00 6.00 9.00 7.00 4.00 10.00 3.00 0.00 0.00 0.00 0.00 0.00
8.00 18.00 14.00 38.00 79.00 24.00 41.00 0.07 3.87 0.00 0.00 0.00 5.00 10.00 13.00 8.00 15.00 3.00 0.00 0.00 0.00 0.00 0.00
9.00 14.00 9.00 24.00 62.00 15.00 38.00 0.09 2.65 0.00 0.00 0.00 3.00 11.00 11.00 3.00 14.00 0.00 0.00 0.00 0.00 0.00 0.00
10.00 9.00 3.00 14.00 36.00 11.00 22.00 0.08 0.45 0.00 0.00 0.00 6.00 8.00 3.00 1.00 8.00 1.00 0.00 0.00 0.00 0.00 0.00
11.00 14.00 4.00 24.00 72.00 20.00 48.00 0.10 2.77 1.00 1.00 1.00 1.00 8.00 13.00 6.00 11.00 3.00 0.00 0.00 0.00 0.00 0.00
12.00 17.00 17.00 42.00 86.00 25.00 44.00 0.09 3.13 0.00 1.00 0.00 4.00 9.00 13.00 8.00 13.00 4.00 0.00 0.00 0.00 0.00 0.00
13.00 14.00 10.00 30.00 69.00 20.00 39.00 0.08 2.72 0.00 1.00 0.00 4.00 8.00 10.00 6.00 10.00 4.00 0.00 0.00 0.00 0.00 0.00
14.00 14.00 16.00 33.00 68.00 17.00 35.00 0.08 0.43 0.00 0.00 0.00 2.00 6.00 12.00 8.00 6.00 8.00 0.00 0.00 0.00 0.00 0.00
15.00 21.00 21.00 51.00 97.00 30.00 46.00 0.09 2.09 0.00 0.00 0.00 4.00 11.00 17.00 10.00 15.00 6.00 0.00 0.00 0.00 0.00 0.00
16.00 22.00 20.00 48.00 96.00 28.00 48.00 0.08 3.27 0.00 0.00 0.00 9.00 16.00 13.00 6.00 18.00 4.00 0.00 0.00 0.00 1.00 0.00
17.00 22.00 14.00 44.00 100.00 30.00 56.00 0.09 2.51 0.00 0.00 0.00 5.00 12.00 17.00 10.00 16.00 6.00 0.00 0.00 0.00 0.00 0.00
18.00 20.00 13.00 36.00 93.00 23.00 57.00 0.09 2.06 0.00 1.00 0.00 6.00 9.00 14.00 11.00 11.00 9.00 0.00 0.00 0.00 0.00 0.00
19.00 21.00 16.00 45.00 100.00 29.00 55.00 0.09 2.16 0.00 0.00 0.00 9.00 10.00 12.00 11.00 15.00 6.00 0.00 0.00 0.00 0.00 0.00
20.00 20.00 20.00 52.00 101.00 32.00 49.00 0.09 2.06 0.00 0.00 0.00 7.00 12.00 13.00 8.00 17.00 3.00 0.00 0.00 0.00 0.00 0.00
21.00 14.00 7.00 29.00 59.00 22.00 30.00 0.08 1.64 0.00 1.00 0.00 6.00 7.00 8.00 7.00 12.00 2.00 0.00 0.00 0.00 0.00 0.00
22.00 24.00 23.00 65.00 117.00 42.00 52.00 0.09 1.30 0.00 1.00 0.00 8.00 12.00 16.00 12.00 18.00 6.00 0.00 0.00 0.00 0.00 0.00
23.00 16.00 14.00 35.00 76.00 21.00 41.00 0.07 1.46 0.00 0.00 0.00 4.00 9.00 12.00 7.00 11.00 5.00 0.00 0.00 0.00 0.00 0.00
24.00 17.00 18.00 41.00 83.00 23.00 42.00 0.08 0.68 0.00 2.00 0.00 5.00 9.00 12.00 8.00 11.00 6.00 0.00 0.00 0.00 0.00 0.00
25.00 11.00 2.00 16.00 48.00 14.00 32.00 0.07 1.79 0.00 0.00 0.00 6.00 7.00 5.00 4.00 10.00 1.00 0.00 0.00 1.00 0.00 0.00
26.00 16.00 14.00 43.00 75.00 29.00 32.00 0.08 1.52 0.00 0.00 0.00 6.00 8.00 10.00 8.00 13.00 3.00 0.00 0.00 0.00 0.00 0.00
27.00 20.00 19.00 53.00 93.00 34.00 40.00 0.08 1.96 0.00 1.00 0.00 6.00 11.00 14.00 9.00 15.00 5.00 0.00 0.00 0.00 0.00 0.00
28.00 16.00 11.00 31.00 73.00 20.00 42.00 0.08 0.63 0.00 1.00 0.00 2.00 5.00 14.00 11.00 12.00 4.00 0.00 0.00 0.00 0.00 0.00
29.00 9.00 5.00 17.00 44.00 12.00 27.00 0.08 0.55 0.00 0.00 0.00 1.00 5.00 8.00 4.00 8.00 1.00 0.00 0.00 0.00 0.00 0.00
30.00 22.00 21.00 63.00 109.00 42.00 46.00 0.08 0.56 0.00 1.00 0.00 5.00 9.00 17.00 13.00 13.00 9.00 0.00 0.00 1.00 0.00 0.00
31.00 19.00 19.00 44.00 88.00 25.00 44.00 0.09 0.57 0.00 1.00 0.00 8.00 10.00 11.00 9.00 13.00 6.00 0.00 0.00 0.00 0.00 0.00
32.00 16.00 15.00 40.00 78.00 25.00 38.00 0.07 1.55 0.00 0.00 0.00 7.00 10.00 9.00 6.00 14.00 2.00 0.00 0.00 0.00 0.00 0.00
33.00 19.00 21.00 48.00 92.00 27.00 44.00 0.08 1.34 0.00 0.00 0.00 4.00 6.00 15.00 13.00 13.00 6.00 0.00 0.00 0.00 0.00 0.00
34.00 17.00 18.00 44.00 79.00 26.00 35.00 0.08 0.68 0.00 0.00 0.00 6.00 11.00 11.00 6.00 12.00 5.00 0.00 0.00 0.00 0.00 0.00
35.00 18.00 21.00 48.00 94.00 27.00 46.00 0.08 0.70 0.00 0.00 0.00 3.00 6.00 15.00 12.00 10.00 8.00 0.00 0.00 1.00 0.00 0.00
36.00 24.00 25.00 65.00 115.00 40.00 50.00 0.09 1.71 0.00 0.00 0.00 7.00 15.00 17.00 9.00 16.00 8.00 0.00 0.00 1.00 0.00 0.00
37.00 26.00 28.00 69.00 130.00 41.00 61.00 0.08 1.31 0.00 0.00 0.00 9.00 15.00 17.00 11.00 17.00 9.00 0.00 0.00 0.00 0.00 0.00
38.00 23.00 24.00 60.00 111.00 36.00 51.00 0.09 1.88 0.00 1.00 0.00 9.00 15.00 14.00 8.00 16.00 7.00 0.00 0.00 1.00 0.00 0.00
39.00 24.00 31.00 68.00 120.00 37.00 52.00 0.08 0.70 0.00 1.00 0.00 4.00 9.00 20.00 15.00 15.00 9.00 0.00 0.00 1.00 0.00 0.00
40.00 25.00 33.00 76.00 132.00 43.00 56.00 0.07 0.67 0.00 2.00 0.00 6.00 9.00 19.00 16.00 15.00 10.00 0.00 0.00 0.00 0.00 0.00
41.00 28.00 37.00 81.00 140.00 44.00 59.00 0.10 0.70 0.00 3.00 0.00 6.00 11.00 22.00 17.00 17.00 11.00 0.00 0.00 0.00 0.00 0.00
42.00 21.00 16.00 42.00 92.00 26.00 50.00 0.07 1.95 0.00 1.00 0.00 5.00 10.00 16.00 11.00 14.00 7.00 0.00 0.00 0.00 0.00 0.00
43.00 27.00 30.00 74.00 131.00 44.00 57.00 0.08 1.21 0.00 1.00 0.00 4.00 9.00 23.00 18.00 14.00 13.00 0.00 0.00 0.00 0.00 0.00
44.00 28.00 33.00 72.00 138.00 39.00 66.00 0.08 1.27 0.00 0.00 0.00 7.00 14.00 21.00 14.00 18.00 10.00 0.00 0.00 0.00 0.00 0.00
45.00 23.00 30.00 62.00 112.00 32.00 50.00 0.08 0.50 0.00 2.00 0.00 3.00 7.00 20.00 16.00 11.00 12.00 0.00 0.00 0.00 1.00 0.00
46.00 28.00 41.00 84.00 141.00 43.00 57.00 0.09 0.71 0.00 3.00 0.00 8.00 12.00 20.00 16.00 15.00 13.00 0.00 0.00 0.00 0.00 0.00
47.00 26.00 39.00 79.00 125.00 40.00 46.00 0.09 0.64 0.00 4.00 0.00 5.00 14.00 21.00 12.00 18.00 8.00 0.00 0.00 0.00 0.00 1.00
48.00 24.00 26.00 66.00 123.00 40.00 57.00 0.10 0.63 0.00 2.00 0.00 7.00 7.00 17.00 17.00 14.00 10.00 0.00 0.00 0.00 0.00 0.00
49.00 24.00 38.00 69.00 117.00 31.00 48.00 0.08 0.64 0.00 3.00 0.00 5.00 16.00 19.00 8.00 18.00 6.00 0.00 0.00 0.00 0.00 0.00
50.00 29.00 36.00 73.00 135.00 37.00 62.00 0.10 0.83 0.00 3.00 0.00 7.00 14.00 22.00 15.00 20.00 9.00 0.00 0.00 0.00 0.00 0.00
51.00 28.00 42.00 82.00 133.00 40.00 51.00 0.08 0.67 0.00 3.00 0.00 10.00 13.00 18.00 15.00 17.00 11.00 0.00 0.00 0.00 0.00 0.00
52.00 28.00 33.00 78.00 140.00 45.00 62.00 0.09 0.65 0.00 3.00 0.00 4.00 12.00 24.00 16.00 18.00 10.00 0.00 0.00 0.00 0.00 0.00
53.00 30.00 42.00 77.00 139.00 35.00 62.00 0.08 0.73 0.00 3.00 0.00 9.00 17.00 21.00 13.00 20.00 10.00 0.00 0.00 0.00 0.00 0.00
54.00 30.00 48.00 93.00 154.00 45.00 61.00 0.10 0.75 0.00 3.00 0.00 7.00 11.00 23.00 19.00 15.00 15.00 0.00 0.00 0.00 0.00 0.00
55.00 21.00 17.00 53.00 105.00 36.00 52.00 0.08 0.87 0.00 3.00 0.00 5.00 10.00 16.00 11.00 13.00 8.00 0.00 0.00 0.00 0.00 0.00
56.00 26.00 32.00 69.00 132.00 37.00 63.00 0.08 0.76 0.00 3.00 0.00 9.00 15.00 17.00 11.00 20.00 6.00 0.00 0.00 1.00 0.00 0.00
57.00 31.00 39.00 83.00 151.00 44.00 68.00 0.09 1.44 0.00 2.00 0.00 7.00 14.00 24.00 17.00 19.00 12.00 0.00 0.00 1.00 0.00 0.00
58.00 31.00 43.00 88.00 149.00 45.00 61.00 0.06 0.90 0.00 4.00 0.00 8.00 10.00 23.00 21.00 20.00 11.00 0.00 0.00 1.00 0.00 0.00
59.00 25.00 35.00 69.00 122.00 34.00 53.00 0.07 0.61 0.00 2.00 0.00 6.00 11.00 19.00 14.00 16.00 9.00 0.00 0.00 1.00 0.00 0.00
60.00 29.00 43.00 87.00 142.00 44.00 55.00 0.09 0.70 0.00 2.00 0.00 7.00 12.00 22.00 17.00 15.00 14.00 0.00 0.00 1.00 1.00 0.00
61.00 30.00 44.00 81.00 137.00 37.00 56.00 0.09 0.64 0.00 1.00 0.00 8.00 15.00 22.00 15.00 20.00 10.00 0.00 0.00 1.00 0.00 0.00
62.00 23.00 26.00 64.00 121.00 38.00 57.00 0.09 0.60 0.00 2.00 0.00 5.00 9.00 18.00 14.00 14.00 9.00 0.00 0.00 1.00 0.00 0.00
63.00 23.00 20.00 60.00 113.00 40.00 53.00 0.09 0.65 0.00 1.00 0.00 4.00 8.00 19.00 15.00 12.00 11.00 0.00 0.00 1.00 0.00 0.00
64.00 29.00 33.00 80.00 147.00 47.00 67.00 0.09 1.74 0.00 2.00 0.00 11.00 15.00 18.00 14.00 19.00 10.00 0.00 0.00 1.00 0.00 0.00
65.00 29.00 39.00 85.00 148.00 46.00 63.00 0.08 1.23 0.00 2.00 0.00 7.00 12.00 22.00 17.00 15.00 14.00 0.00 0.00 0.00 0.00 0.00
66.00 27.00 35.00 77.00 137.00 42.00 60.00 0.08 1.28 0.00 2.00 0.00 3.00 8.00 24.00 19.00 13.00 14.00 0.00 0.00 0.00 0.00 0.00
67.00 21.00 26.00 57.00 104.00 31.00 47.00 0.09 0.51 0.00 2.00 0.00 5.00 13.00 16.00 8.00 17.00 4.00 0.00 0.00 0.00 0.00 0.00
68.00 27.00 40.00 79.00 138.00 39.00 59.00 0.08 1.30 0.00 1.00 0.00 6.00 10.00 21.00 17.00 19.00 8.00 0.00 0.00 0.00 0.00 0.00
69.00 31.00 51.00 91.00 156.00 40.00 65.00 0.07 0.74 0.00 3.00 0.00 7.00 10.00 24.00 21.00 16.00 15.00 0.00 0.00 0.00 0.00 0.00
70.00 26.00 37.00 74.00 126.00 37.00 52.00 0.08 1.23 0.00 3.00 0.00 7.00 13.00 19.00 13.00 15.00 11.00 0.00 0.00 1.00 0.00 0.00
71.00 28.00 41.00 81.00 131.00 40.00 50.00 0.10 0.76 0.00 2.00 0.00 5.00 11.00 23.00 17.00 20.00 8.00 0.00 0.00 0.00 0.00 0.00
72.00 34.00 38.00 92.00 171.00 54.00 79.00 0.08 1.02 0.00 2.00 0.00 9.00 17.00 25.00 17.00 22.00 12.00 0.00 0.00 0.00 0.00 0.00
73.00 28.00 25.00 69.00 134.00 44.00 65.00 0.08 1.26 0.00 0.00 0.00 5.00 13.00 23.00 15.00 18.00 10.00 0.00 0.00 0.00 0.00 0.00
74.00 26.00 21.00 64.00 130.00 43.00 66.00 0.08 0.69 0.00 2.00 0.00 7.00 13.00 19.00 13.00 18.00 8.00 0.00 0.00 0.00 0.00 0.00
75.00 27.00 40.00 78.00 134.00 38.00 56.00 0.07 0.66 0.00 2.00 0.00 7.00 14.00 20.00 13.00 21.00 6.00 0.00 0.00 0.00 0.00 0.00
76.00 27.00 39.00 75.00 128.00 36.00 53.00 0.09 0.70 0.00 3.00 0.00 7.00 13.00 20.00 14.00 18.00 9.00 0.00 0.00 0.00 1.00 0.00
77.00 21.00 25.00 59.00 102.00 34.00 43.00 0.08 0.57 0.00 3.00 0.00 6.00 9.00 15.00 12.00 13.00 8.00 0.00 0.00 0.00 0.00 0.00
78.00 26.00 38.00 79.00 134.00 41.00 55.00 0.06 0.56 0.00 2.00 0.00 5.00 11.00 21.00 15.00 18.00 8.00 0.00 0.00 0.00 0.00 0.00
79.00 27.00 33.00 77.00 133.00 44.00 56.00 0.09 0.57 0.00 3.00 0.00 8.00 14.00 19.00 13.00 15.00 12.00 0.00 0.00 1.00 0.00 0.00
80.00 26.00 28.00 70.00 123.00 42.00 53.00 0.08 0.59 1.00 2.00 0.50 7.00 13.00 19.00 13.00 18.00 8.00 0.00 0.00 0.00 0.00 0.00
81.00 27.00 37.00 81.00 135.00 44.00 54.00 0.09 0.72 0.00 3.00 0.00 4.00 12.00 23.00 15.00 16.00 11.00 0.00 0.00 1.00 0.00 0.00
82.00 27.00 33.00 75.00 126.00 42.00 51.00 0.07 0.62 0.00 2.00 0.00 10.00 17.00 17.00 10.00 22.00 5.00 0.00 0.00 0.00 0.00 0.00
83.00 27.00 33.00 77.00 135.00 44.00 58.00 0.10 0.98 0.00 2.00 0.00 5.00 10.00 22.00 17.00 16.00 11.00 0.00 0.00 1.00 0.00 0.00
84.00 24.00 37.00 73.00 117.00 36.00 44.00 0.08 0.54 0.00 4.00 0.00 1.00 6.00 23.00 18.00 10.00 14.00 0.00 0.00 0.00 0.00 0.00
85.00 26.00 29.00 72.00 125.00 43.00 53.00 0.09 0.62 0.00 3.00 0.00 6.00 10.00 20.00 16.00 14.00 12.00 0.00 0.00 0.00 0.00 0.00
86.00 33.00 39.00 85.00 160.00 46.00 75.00 0.10 1.64 0.00 4.00 0.00 11.00 18.00 22.00 15.00 24.00 9.00 0.00 0.00 0.00 0.00 0.00
87.00 24.00 24.00 65.00 117.00 41.00 52.00 0.10 0.70 0.00 3.00 0.00 6.00 10.00 18.00 14.00 17.00 7.00 0.00 0.00 0.00 0.00 0.00
88.00 30.00 38.00 80.00 149.00 42.00 69.00 0.08 0.92 0.00 3.00 0.00 6.00 13.00 24.00 17.00 19.00 11.00 0.00 0.00 1.00 0.00 0.00
89.00 30.00 37.00 86.00 155.00 49.00 69.00 0.09 0.78 0.00 5.00 0.00 7.00 10.00 23.00 20.00 17.00 13.00 0.00 0.00 1.00 0.00 0.00
90.00 30.00 42.00 91.00 154.00 49.00 63.00 0.07 0.75 1.00 3.00 0.33 10.00 14.00 20.00 16.00 19.00 11.00 0.00 0.00 0.00 1.00 0.00
91.00 31.00 49.00 88.00 152.00 39.00 64.00 0.08 1.58 0.00 3.00 0.00 7.00 12.00 24.00 19.00 21.00 10.00 0.00 0.00 1.00 0.00 0.00
92.00 27.00 34.00 78.00 136.00 44.00 58.00 0.10 1.21 0.00 3.00 0.00 4.00 13.00 23.00 14.00 19.00 8.00 0.00 0.00 0.00 0.00 0.00
93.00 31.00 50.00 98.00 153.00 48.00 55.00 0.10 0.77 0.00 3.00 0.00 8.00 15.00 23.00 16.00 21.00 10.00 0.00 0.00 0.00 0.00 0.00
94.00 37.00 61.00 106.00 176.00 45.00 70.00 0.08 1.58 0.00 3.00 0.00 5.00 12.00 32.00 25.00 20.00 17.00 1.00 0.00 0.00 0.00 0.00
95.00 34.00 42.00 103.00 172.00 61.00 69.00 0.08 0.92 0.00 3.00 0.00 8.00 14.00 26.00 20.00 19.00 15.00 1.00 0.00 0.00 1.00 0.00
96.00 34.00 41.00 106.00 173.00 65.00 67.00 0.08 0.94 0.00 3.00 0.00 8.00 17.00 26.00 17.00 24.00 10.00 0.00 0.00 0.00 0.00 0.00
97.00 34.00 49.00 92.00 167.00 43.00 75.00 0.09 1.71 0.00 5.00 0.00 7.00 14.00 27.00 20.00 21.00 13.00 1.00 0.00 0.00 0.00 0.00
98.00 34.00 57.00 102.00 163.00 45.00 61.00 0.10 0.93 0.00 4.00 0.00 5.00 12.00 29.00 22.00 19.00 15.00 1.00 0.00 1.00 0.00 0.00
99.00 28.00 34.00 82.00 146.00 48.00 64.00 0.09 0.76 0.00 5.00 0.00 7.00 12.00 21.00 16.00 18.00 10.00 1.00 0.00 1.00 0.00 0.00
100.00 35.00 55.00 109.00 170.00 54.00 61.00 0.09 1.63 0.00 5.00 0.00 8.00 17.00 27.00 18.00 22.00 13.00 0.00 0.00 0.00 0.00 0.00
101.00 28.00 32.00 68.00 138.00 36.00 70.00 0.07 1.42 0.00 5.00 0.00 8.00 16.00 20.00 12.00 24.00 4.00 0.00 0.00 0.00 0.00 0.00
102.00 35.00 43.00 101.00 175.00 58.00 74.00 0.10 1.80 0.00 5.00 0.00 8.00 15.00 27.00 20.00 22.00 13.00 0.00 0.00 1.00 0.00 0.00
103.00 36.00 60.00 119.00 187.00 59.00 68.00 0.10 1.63 0.00 5.00 0.00 6.00 12.00 30.00 24.00 17.00 19.00 0.00 0.00 0.00 1.00 0.00
104.00 37.00 57.00 110.00 178.00 53.00 68.00 0.09 1.52 0.00 5.00 0.00 8.00 15.00 29.00 22.00 24.00 13.00 0.00 0.00 0.00 0.00 0.00
105.00 38.00 50.00 117.00 196.00 67.00 79.00 0.08 1.23 0.00 5.00 0.00 4.00 14.00 34.00 24.00 21.00 17.00 0.00 0.00 0.00 1.00 1.00
106.00 38.00 60.00 113.00 200.00 53.00 87.00 0.09 1.26 1.00 5.00 0.20 5.00 11.00 33.00 27.00 15.00 23.00 0.00 0.00 0.00 0.00 0.00
107.00 41.00 58.00 119.00 202.00 61.00 83.00 0.09 1.97 0.00 6.00 0.00 8.00 13.00 33.00 28.00 22.00 19.00 0.00 1.00 0.00 0.00 0.00
108.00 34.00 53.00 106.00 172.00 53.00 66.00 0.08 1.33 0.00 5.00 0.00 7.00 16.00 27.00 18.00 19.00 15.00 0.00 0.00 0.00 0.00 0.00
109.00 33.00 52.00 99.00 176.00 47.00 77.00 0.10 2.03 0.00 5.00 0.00 6.00 11.00 27.00 22.00 18.00 15.00 0.00 1.00 0.00 0.00 0.00
110.00 34.00 44.00 103.00 183.00 59.00 80.00 0.10 1.68 0.00 5.00 0.00 6.00 16.00 28.00 18.00 20.00 14.00 1.00 0.00 0.00 0.00 0.00
111.00 36.00 52.00 105.00 181.00 53.00 76.00 0.09 1.65 0.00 4.00 0.00 5.00 11.00 31.00 25.00 20.00 16.00 1.00 1.00 0.00 0.00 0.00
112.00 40.00 54.00 115.00 196.00 61.00 81.00 0.10 1.62 0.00 5.00 0.00 9.00 22.00 31.00 18.00 29.00 11.00 1.00 0.00 0.00 1.00 0.00
113.00 35.00 54.00 115.00 185.00 61.00 70.00 0.08 1.28 0.00 4.00 0.00 9.00 15.00 26.00 20.00 22.00 13.00 1.00 1.00 0.00 1.00 0.00
114.00 34.00 43.00 102.00 175.00 59.00 73.00 0.08 1.28 0.00 4.00 0.00 7.00 12.00 27.00 22.00 23.00 11.00 0.00 0.00 0.00 0.00 0.00
115.00 39.00 57.00 112.00 200.00 55.00 88.00 0.09 1.91 0.00 6.00 0.00 5.00 13.00 34.00 26.00 20.00 19.00 1.00 1.00 1.00 0.00 0.00
116.00 33.00 45.00 102.00 178.00 57.00 76.00 0.09 1.19 0.00 6.00 0.00 6.00 11.00 27.00 22.00 17.00 16.00 1.00 1.00 0.00 0.00 0.00
117.00 32.00 49.00 96.00 163.00 47.00 67.00 0.07 1.29 0.00 4.00 0.00 3.00 10.00 29.00 22.00 19.00 13.00 1.00 1.00 0.00 0.00 0.00
118.00 31.00 32.00 86.00 163.00 54.00 77.00 0.09 1.32 0.00 5.00 0.00 6.00 15.00 25.00 16.00 21.00 10.00 0.00 0.00 0.00 0.00 0.00
119.00 34.00 43.00 107.00 172.00 64.00 65.00 0.09 1.29 0.00 5.00 0.00 10.00 15.00 24.00 19.00 19.00 15.00 0.00 0.00 0.00 0.00 0.00
120.00 35.00 56.00 109.00 188.00 53.00 79.00 0.08 0.80 0.00 5.00 0.00 4.00 16.00 31.00 19.00 20.00 15.00 0.00 1.00 0.00 0.00 0.00
121.00 30.00 30.00 90.00 163.00 60.00 73.00 0.08 0.76 0.00 4.00 0.00 3.00 12.00 27.00 18.00 17.00 13.00 0.00 0.00 0.00 1.00 0.00
122.00 36.00 53.00 107.00 184.00 54.00 77.00 0.09 1.30 0.00 4.00 0.00 11.00 17.00 25.00 19.00 24.00 12.00 0.00 0.00 0.00 0.00 0.00
123.00 36.00 52.00 111.00 186.00 59.00 75.00 0.09 0.92 0.00 4.00 0.00 4.00 14.00 32.00 22.00 18.00 18.00 0.00 1.00 1.00 0.00 0.00
124.00 30.00 28.00 88.00 155.00 60.00 67.00 0.09 0.86 0.00 3.00 0.00 7.00 16.00 23.00 14.00 21.00 9.00 1.00 0.00 0.00 0.00 0.00
125.00 35.00 53.00 113.00 178.00 60.00 65.00 0.10 0.86 0.00 3.00 0.00 7.00 14.00 28.00 21.00 18.00 17.00 0.00 1.00 1.00 0.00 0.00
126.00 33.00 36.00 97.00 171.00 61.00 74.00 0.09 0.95 2.00 4.00 0.50 6.00 13.00 27.00 20.00 22.00 11.00 0.00 1.00 1.00 0.00 0.00
127.00 36.00 54.00 121.00 188.00 67.00 67.00 0.08 1.63 0.00 3.00 0.00 8.00 18.00 28.00 18.00 24.00 12.00 0.00 1.00 0.00 1.00 0.00
128.00 34.00 48.00 107.00 178.00 59.00 71.00 0.07 2.04 0.00 4.00 0.00 8.00 14.00 26.00 20.00 19.00 15.00 0.00 0.00 0.00 0.00 0.00
129.00 38.00 53.00 122.00 202.00 69.00 80.00 0.09 2.30 1.00 4.00 0.25 7.00 16.00 31.00 22.00 25.00 13.00 0.00 0.00 0.00 0.00 0.00
130.00 32.00 35.00 100.00 170.00 65.00 70.00 0.08 2.09 2.00 3.00 0.67 4.00 14.00 28.00 18.00 19.00 13.00 0.00 0.00 0.00 0.00 0.00
131.00 35.00 36.00 99.00 177.00 63.00 78.00 0.09 1.60 1.00 3.00 0.33 6.00 15.00 29.00 20.00 19.00 16.00 0.00 1.00 0.00 0.00 0.00
132.00 37.00 62.00 127.00 187.00 65.00 60.00 0.09 1.90 1.00 4.00 0.25 7.00 16.00 30.00 21.00 17.00 20.00 0.00 1.00 0.00 0.00 0.00
133.00 34.00 45.00 99.00 171.00 54.00 72.00 0.09 2.04 0.00 4.00 0.00 9.00 19.00 25.00 15.00 26.00 8.00 0.00 0.00 0.00 0.00 0.00
134.00 33.00 47.00 93.00 163.00 46.00 70.00 0.09 1.75 1.00 3.00 0.33 11.00 15.00 22.00 18.00 20.00 13.00 0.00 1.00 0.00 0.00 0.00
135.00 36.00 51.00 116.00 188.00 65.00 72.00 0.09 2.26 0.00 3.00 0.00 9.00 13.00 27.00 23.00 19.00 17.00 1.00 1.00 0.00 0.00 0.00
136.00 41.00 54.00 124.00 211.00 70.00 87.00 0.08 1.26 0.00 3.00 0.00 7.00 20.00 34.00 21.00 23.00 18.00 0.00 1.00 1.00 0.00 0.00
137.00 33.00 28.00 91.00 168.00 63.00 77.00 0.09 1.72 0.00 3.00 0.00 7.00 22.00 26.00 11.00 26.00 7.00 0.00 0.00 0.00 0.00 0.00
138.00 36.00 44.00 109.00 177.00 65.00 68.00 0.09 2.02 0.00 4.00 0.00 7.00 15.00 29.00 21.00 18.00 18.00 0.00 1.00 0.00 0.00 0.00
139.00 37.00 61.00 125.00 189.00 64.00 64.00 0.09 1.97 0.00 3.00 0.00 3.00 10.00 34.00 27.00 17.00 20.00 0.00 1.00 1.00 0.00 0.00
140.00 35.00 49.00 105.00 181.00 56.00 76.00 0.08 2.10 0.00 5.00 0.00 9.00 14.00 26.00 21.00 22.00 13.00 0.00 1.00 0.00 0.00 0.00
141.00 41.00 61.00 121.00 215.00 60.00 94.00 0.09 1.58 0.00 5.00 0.00 5.00 15.00 36.00 26.00 25.00 16.00 0.00 1.00 0.00 0.00 0.00
142.00 35.00 45.00 105.00 183.00 60.00 78.00 0.08 1.53 0.00 4.00 0.00 7.00 10.00 28.00 25.00 17.00 18.00 1.00 0.00 0.00 0.00 0.00
143.00 35.00 51.00 110.00 176.00 59.00 66.00 0.07 2.01 0.00 4.00 0.00 9.00 13.00 26.00 22.00 18.00 17.00 1.00 0.00 0.00 0.00 0.00
144.00 35.00 56.00 111.00 181.00 55.00 70.00 0.08 1.98 0.00 4.00 0.00 4.00 14.00 31.00 21.00 21.00 14.00 1.00 0.00 0.00 0.00 0.00
145.00 34.00 34.00 87.00 169.00 53.00 82.00 0.09 1.30 0.00 3.00 0.00 10.00 17.00 24.00 17.00 25.00 9.00 0.00 1.00 0.00 0.00 0.00
146.00 34.00 47.00 102.00 174.00 55.00 72.00 0.08 1.97 0.00 3.00 0.00 7.00 15.00 27.00 19.00 20.00 14.00 1.00 0.00 1.00 0.00 0.00
147.00 33.00 45.00 107.00 174.00 62.00 67.00 0.07 2.45 0.00 5.00 0.00 5.00 16.00 28.00 17.00 18.00 15.00 0.00 1.00 0.00 0.00 1.00
148.00 35.00 47.00 111.00 181.00 64.00 70.00 0.07 2.34 2.00 5.00 0.40 3.00 8.00 32.00 27.00 16.00 19.00 1.00 0.00 1.00 0.00 0.00
149.00 36.00 59.00 118.00 197.00 59.00 79.00 0.09 1.61 0.00 5.00 0.00 7.00 10.00 29.00 26.00 16.00 20.00 1.00 1.00 0.00 0.00 0.00
150.00 38.00 53.00 123.00 194.00 70.00 71.00 0.07 2.21 0.00 7.00 0.00 9.00 17.00 29.00 21.00 22.00 16.00 0.00 1.00 0.00 1.00 0.00
151.00 30.00 30.00 81.00 161.00 51.00 80.00 0.07 2.12 0.00 5.00 0.00 6.00 14.00 24.00 16.00 20.00 10.00 0.00 1.00 0.00 0.00 0.00
152.00 39.00 54.00 117.00 200.00 63.00 83.00 0.08 1.99 0.00 6.00 0.00 8.00 12.00 31.00 27.00 22.00 17.00 0.00 1.00 0.00 0.00 0.00
153.00 38.00 50.00 92.00 192.00 42.00 100.00 0.10 2.04 0.00 4.00 0.00 7.00 20.00 31.00 18.00 28.00 10.00 0.00 1.00 0.00 0.00 0.00
154.00 39.00 60.00 125.00 200.00 65.00 75.00 0.08 1.96 0.00 4.00 0.00 10.00 21.00 29.00 18.00 26.00 13.00 0.00 1.00 0.00 0.00 0.00
155.00 32.00 32.00 94.00 165.00 62.00 71.00 0.07 2.12 0.00 3.00 0.00 7.00 14.00 25.00 18.00 16.00 16.00 0.00 1.00 0.00 0.00 0.00
156.00 35.00 42.00 101.00 186.00 59.00 85.00 0.08 1.93 0.00 3.00 0.00 3.00 14.00 32.00 21.00 20.00 15.00 0.00 1.00 0.00 0.00 0.00
157.00 40.00 44.00 123.00 211.00 79.00 88.00 0.08 1.99 0.00 4.00 0.00 7.00 14.00 33.00 26.00 23.00 17.00 0.00 0.00 0.00 0.00 0.00
158.00 36.00 46.00 111.00 187.00 65.00 76.00 0.06 2.87 0.00 4.00 0.00 5.00 9.00 31.00 27.00 13.00 23.00 0.00 1.00 0.00 0.00 0.00
159.00 37.00 56.00 118.00 187.00 62.00 69.00 0.09 2.34 0.00 3.00 0.00 7.00 16.00 30.00 21.00 19.00 18.00 0.00 0.00 0.00 0.00 0.00
160.00 36.00 48.00 113.00 191.00 65.00 78.00 0.07 2.38 0.00 5.00 0.00 7.00 11.00 29.00 25.00 17.00 19.00 0.00 0.00 0.00 0.00 0.00
161.00 30.00 34.00 88.00 156.00 54.00 68.00 0.08 2.83 0.00 4.00 0.00 4.00 13.00 26.00 17.00 18.00 12.00 1.00 0.00 0.00 0.00 0.00
162.00 36.00 54.00 116.00 188.00 62.00 72.00 0.08 2.02 0.00 3.00 0.00 8.00 16.00 28.00 20.00 19.00 17.00 1.00 1.00 1.00 0.00 0.00
163.00 39.00 54.00 116.00 201.00 62.00 85.00 0.08 2.67 0.00 3.00 0.00 10.00 17.00 29.00 22.00 24.00 15.00 0.00 1.00 0.00 0.00 0.00
164.00 37.00 42.00 106.00 201.00 64.00 95.00 0.10 2.09 0.00 3.00 0.00 10.00 16.00 27.00 21.00 22.00 15.00 0.00 0.00 0.00 0.00 0.00
165.00 37.00 55.00 115.00 191.00 60.00 76.00 0.08 3.01 1.00 4.00 0.25 7.00 11.00 30.00 26.00 16.00 21.00 0.00 1.00 0.00 1.00 0.00
166.00 39.00 53.00 123.00 202.00 70.00 79.00 0.07 2.85 0.00 4.00 0.00 7.00 12.00 32.00 27.00 19.00 20.00 0.00 1.00 0.00 0.00 0.00
167.00 35.00 28.00 112.00 184.00 84.00 72.00 0.08 2.36 0.00 4.00 0.00 6.00 16.00 29.00 19.00 20.00 15.00 1.00 0.00 1.00 0.00 1.00
168.00 43.00 56.00 125.00 218.00 69.00 93.00 0.07 2.04 0.00 3.00 0.00 8.00 16.00 35.00 27.00 25.00 18.00 1.00 1.00 1.00 0.00 0.00
169.00 38.00 52.00 120.00 214.00 68.00 94.00 0.06 2.33 0.00 5.00 0.00 8.00 15.00 30.00 23.00 20.00 18.00 0.00 1.00 1.00 1.00 0.00
170.00 35.00 28.00 105.00 186.00 77.00 81.00 0.07 2.89 0.00 3.00 0.00 11.00 15.00 24.00 20.00 23.00 12.00 0.00 1.00 2.00 0.00 0.00
171.00 41.00 50.00 123.00 212.00 73.00 89.00 0.09 2.90 0.00 3.00 0.00 6.00 13.00 35.00 28.00 21.00 20.00 0.00 0.00 0.00 0.00 0.00
172.00 30.00 30.00 88.00 158.00 58.00 70.00 0.07 1.67 0.00 5.00 0.00 11.00 12.00 19.00 18.00 19.00 11.00 1.00 0.00 0.00 0.00 0.00
173.00 35.00 48.00 114.00 187.00 66.00 73.00 0.09 2.68 1.00 4.00 0.25 7.00 16.00 28.00 19.00 21.00 14.00 0.00 1.00 0.00 0.00 0.00
174.00 35.00 31.00 103.00 186.00 72.00 83.00 0.07 2.10 0.00 3.00 0.00 7.00 15.00 28.00 20.00 18.00 17.00 0.00 1.00 1.00 0.00 0.00
175.00 43.00 65.00 134.00 228.00 69.00 94.00 0.08 2.22 0.00 4.00 0.00 11.00 21.00 32.00 22.00 29.00 14.00 0.00 1.00 0.00 0.00 0.00
176.00 43.00 47.00 115.00 217.00 68.00 102.00 0.09 2.53 0.00 3.00 0.00 7.00 16.00 36.00 27.00 25.00 18.00 0.00 1.00 2.00 0.00 0.00
177.00 42.00 57.00 129.00 215.00 72.00 86.00 0.09 2.20 0.00 3.00 0.00 13.00 20.00 29.00 22.00 25.00 17.00 0.00 1.00 1.00 0.00 0.00
178.00 45.00 56.00 144.00 239.00 88.00 95.00 0.09 2.40 0.00 1.00 0.00 14.00 22.00 31.00 23.00 29.00 16.00 0.00 1.00 3.00 0.00 0.00
179.00 40.00 66.00 132.00 211.00 66.00 79.00 0.10 2.47 0.00 4.00 0.00 8.00 14.00 32.00 26.00 20.00 20.00 0.00 1.00 1.00 0.00 0.00
180.00 37.00 41.00 100.00 182.00 59.00 82.00 0.09 2.12 0.00 4.00 0.00 10.00 17.00 27.00 20.00 26.00 11.00 0.00 0.00 0.00 0.00 0.00
181.00 41.00 48.00 123.00 215.00 75.00 92.00 0.09 3.04 0.00 4.00 0.00 11.00 19.00 30.00 22.00 25.00 16.00 1.00 1.00 2.00 0.00 0.00
182.00 44.00 61.00 141.00 229.00 80.00 88.00 0.07 2.36 0.00 3.00 0.00 8.00 23.00 36.00 21.00 28.00 16.00 1.00 0.00 3.00 0.00 0.00
183.00 39.00 58.00 125.00 202.00 67.00 77.00 0.09 1.88 0.00 3.00 0.00 8.00 15.00 31.00 24.00 23.00 16.00 1.00 0.00 2.00 1.00 0.00
184.00 49.00 61.00 146.00 250.00 85.00 104.00 0.09 2.56 0.00 3.00 0.00 14.00 25.00 35.00 24.00 31.00 18.00 1.00 0.00 2.00 1.00 0.00
185.00 37.00 41.00 106.00 192.00 65.00 86.00 0.07 2.58 0.00 3.00 0.00 12.00 20.00 25.00 17.00 23.00 14.00 0.00 0.00 2.00 2.00 0.00
186.00 47.00 56.00 142.00 246.00 86.00 104.00 0.07 2.97 0.00 1.00 0.00 13.00 21.00 34.00 26.00 30.00 17.00 2.00 1.00 1.00 0.00 0.00
187.00 47.00 67.00 147.00 248.00 80.00 101.00 0.07 3.40 0.00 3.00 0.00 11.00 21.00 36.00 26.00 31.00 16.00 0.00 1.00 2.00 0.00 0.00
188.00 38.00 58.00 113.00 197.00 55.00 84.00 0.08 2.78 1.00 3.00 0.33 4.00 20.00 34.00 18.00 25.00 13.00 0.00 0.00 3.00 0.00 0.00
189.00 43.00 59.00 140.00 234.00 81.00 94.00 0.09 3.02 0.00 4.00 0.00 9.00 17.00 34.00 26.00 22.00 21.00 0.00 1.00 1.00 0.00 0.00
190.00 42.00 50.00 133.00 228.00 83.00 95.00 0.08 3.60 0.00 3.00 0.00 5.00 17.00 37.00 25.00 23.00 19.00 1.00 0.00 2.00 1.00 0.00
191.00 47.00 52.00 131.00 238.00 79.00 107.00 0.08 3.75 0.00 3.00 0.00 11.00 17.00 36.00 30.00 27.00 20.00 0.00 1.00 3.00 0.00 0.00
192.00 48.00 67.00 145.00 245.00 78.00 100.00 0.08 2.94 0.00 2.00 0.00 15.00 24.00 33.00 24.00 31.00 17.00 1.00 1.00 2.00 0.00 0.00
193.00 44.00 57.00 139.00 228.00 82.00 89.00 0.07 2.51 0.00 3.00 0.00 11.00 22.00 33.00 22.00 28.00 16.00 1.00 0.00 1.00 0.00 0.00
194.00 45.00 63.00 144.00 242.00 81.00 98.00 0.08 2.66 0.00 3.00 0.00 10.00 22.00 35.00 23.00 31.00 14.00 1.00 1.00 2.00 0.00 0.00
195.00 47.00 80.00 155.00 247.00 75.00 92.00 0.08 2.73 0.00 4.00 0.00 6.00 22.00 41.00 25.00 24.00 23.00 0.00 1.00 1.00 0.00 0.00
196.00 50.00 78.00 151.00 257.00 73.00 106.00 0.09 2.42 0.00 5.00 0.00 10.00 18.00 40.00 32.00 28.00 22.00 1.00 0.00 3.00 0.00 0.00
197.00 52.00 62.00 164.00 269.00 102.00 105.00 0.09 3.11 0.00 5.00 0.00 16.00 22.00 36.00 30.00 31.00 21.00 1.00 0.00 2.00 0.00 0.00
198.00 48.00 73.00 158.00 254.00 85.00 96.00 0.09 3.30 0.00 5.00 0.00 9.00 24.00 39.00 24.00 33.00 15.00 0.00 1.00 0.00 2.00 0.00
199.00 44.00 63.00 147.00 229.00 84.00 82.00 0.08 2.65 0.00 6.00 0.00 10.00 18.00 34.00 26.00 27.00 17.00 1.00 1.00 1.00 0.00 0.00
200.00 46.00 64.00 145.00 240.00 81.00 95.00 0.08 3.01 0.00 7.00 0.00 6.00 16.00 40.00 30.00 23.00 23.00 1.00 1.00 2.00 0.00 0.00
201.00 43.00 63.00 144.00 228.00 81.00 84.00 0.06 2.88 1.00 5.00 0.20 3.00 12.00 40.00 31.00 26.00 17.00 0.00 1.00 1.00 0.00 0.00
202.00 45.00 63.00 132.00 231.00 69.00 99.00 0.08 3.40 0.00 4.00 0.00 8.00 16.00 37.00 29.00 26.00 19.00 1.00 0.00 1.00 1.00 0.00
203.00 38.00 52.00 117.00 200.00 65.00 83.00 0.10 2.48 0.00 4.00 0.00 11.00 16.00 27.00 22.00 23.00 15.00 1.00 1.00 1.00 0.00 0.00
204.00 44.00 60.00 138.00 224.00 78.00 86.00 0.08 2.72 0.00 5.00 0.00 9.00 16.00 35.00 28.00 23.00 21.00 1.00 1.00 1.00 0.00 0.00
205.00 40.00 53.00 134.00 208.00 81.00 74.00 0.10 2.30 0.00 6.00 0.00 10.00 14.00 30.00 26.00 22.00 18.00 0.00 1.00 0.00 0.00 0.00
206.00 42.00 65.00 133.00 227.00 68.00 94.00 0.07 2.73 0.00 5.00 0.00 7.00 18.00 35.00 24.00 25.00 17.00 0.00 0.00 1.00 0.00 0.00
207.00 43.00 69.00 143.00 222.00 74.00 79.00 0.07 2.09 0.00 5.00 0.00 10.00 17.00 33.00 26.00 20.00 23.00 1.00 0.00 1.00 0.00 0.00
208.00 43.00 67.00 150.00 230.00 83.00 80.00 0.09 1.87 0.00 6.00 0.00 2.00 12.00 41.00 31.00 21.00 22.00 1.00 0.00 1.00 0.00 0.00
209.00 43.00 82.00 144.00 225.00 62.00 81.00 0.07 1.20 0.00 7.00 0.00 5.00 13.00 38.00 30.00 21.00 22.00 0.00 0.00 1.00 0.00 0.00
210.00 45.00 65.00 142.00 230.00 77.00 88.00 0.07 2.36 0.00 5.00 0.00 12.00 16.00 33.00 29.00 22.00 23.00 0.00 0.00 0.00 0.00 0.00
211.00 39.00 69.00 128.00 194.00 59.00 66.00 0.09 1.49 0.00 4.00 0.00 7.00 14.00 32.00 25.00 19.00 20.00 0.00 1.00 1.00 0.00 0.00
212.00 38.00 53.00 115.00 196.00 62.00 81.00 0.07 1.65 0.00 7.00 0.00 7.00 13.00 31.00 25.00 20.00 18.00 0.00 1.00 0.00 0.00 0.00
213.00 32.00 47.00 98.00 168.00 51.00 70.00 0.09 0.72 0.00 6.00 0.00 5.00 10.00 27.00 22.00 17.00 15.00 1.00 1.00 0.00 0.00 0.00
214.00 35.00 52.00 107.00 177.00 55.00 70.00 0.08 1.22 0.00 7.00 0.00 9.00 16.00 26.00 19.00 20.00 15.00 0.00 0.00 0.00 0.00 0.00
215.00 41.00 49.00 125.00 202.00 76.00 77.00 0.10 1.73 0.00 6.00 0.00 7.00 18.00 34.00 23.00 25.00 16.00 0.00 1.00 2.00 0.00 0.00
216.00 41.00 67.00 129.00 211.00 62.00 82.00 0.08 0.95 0.00 5.00 0.00 11.00 19.00 30.00 22.00 26.00 15.00 0.00 1.00 0.00 0.00 0.00
217.00 41.00 41.00 121.00 210.00 80.00 89.00 0.08 1.94 0.00 6.00 0.00 6.00 12.00 35.00 29.00 22.00 19.00 0.00 1.00 0.00 0.00 0.00
218.00 45.00 67.00 136.00 226.00 69.00 90.00 0.09 3.05 0.00 4.00 0.00 13.00 21.00 32.00 24.00 28.00 17.00 0.00 0.00 0.00 0.00 0.00
219.00 39.00 50.00 120.00 198.00 70.00 78.00 0.08 1.89 0.00 5.00 0.00 11.00 21.00 28.00 18.00 24.00 15.00 0.00 0.00 0.00 0.00 0.00
220.00 46.00 72.00 141.00 230.00 69.00 89.00 0.10 3.04 0.00 7.00 0.00 9.00 21.00 37.00 25.00 28.00 18.00 0.00 1.00 0.00 0.00 0.00
221.00 42.00 58.00 136.00 208.00 78.00 72.00 0.07 3.13 0.00 6.00 0.00 8.00 14.00 34.00 28.00 29.00 13.00 0.00 0.00 0.00 0.00 0.00
222.00 37.00 62.00 119.00 188.00 57.00 69.00 0.09 2.83 0.00 6.00 0.00 7.00 13.00 30.00 24.00 24.00 13.00 0.00 1.00 0.00 0.00 0.00
223.00 39.00 63.00 125.00 200.00 62.00 75.00 0.08 3.85 1.00 8.00 0.12 8.00 12.00 31.00 27.00 22.00 17.00 0.00 1.00 0.00 0.00 1.00
224.00 41.00 72.00 141.00 216.00 69.00 75.00 0.08 3.75 1.00 7.00 0.14 6.00 12.00 35.00 29.00 19.00 22.00 0.00 0.00 0.00 0.00 0.00
225.00 37.00 52.00 112.00 197.00 60.00 85.00 0.08 3.54 1.00 5.00 0.20 6.00 17.00 31.00 20.00 25.00 12.00 0.00 0.00 0.00 0.00 0.00
226.00 39.00 54.00 119.00 197.00 65.00 78.00 0.08 3.02 3.00 7.00 0.43 10.00 14.00 29.00 25.00 23.00 16.00 0.00 0.00 0.00 0.00 0.00
227.00 39.00 49.00 119.00 202.00 70.00 83.00 0.09 3.37 1.00 7.00 0.14 9.00 18.00 30.00 21.00 28.00 11.00 0.00 0.00 0.00 0.00 0.00
228.00 41.00 63.00 141.00 209.00 78.00 68.00 0.07 3.55 1.00 8.00 0.12 7.00 14.00 34.00 27.00 22.00 19.00 0.00 0.00 0.00 1.00 0.00
229.00 33.00 49.00 106.00 173.00 57.00 67.00 0.07 4.13 0.00 6.00 0.00 4.00 13.00 29.00 20.00 22.00 11.00 0.00 1.00 0.00 0.00 0.00
230.00 40.00 58.00 127.00 204.00 69.00 77.00 0.09 3.65 0.00 7.00 0.00 8.00 19.00 32.00 21.00 31.00 9.00 0.00 0.00 0.00 0.00 0.00
231.00 42.00 63.00 138.00 220.00 75.00 82.00 0.08 3.54 0.00 7.00 0.00 6.00 12.00 36.00 30.00 22.00 20.00 0.00 1.00 0.00 0.00 0.00
232.00 44.00 56.00 146.00 234.00 90.00 88.00 0.07 4.23 0.00 6.00 0.00 9.00 19.00 35.00 25.00 28.00 16.00 0.00 1.00 0.00 0.00 1.00
233.00 37.00 50.00 115.00 187.00 65.00 72.00 0.07 3.39 0.00 7.00 0.00 7.00 12.00 30.00 25.00 21.00 16.00 0.00 0.00 0.00 0.00 0.00
234.00 44.00 62.00 131.00 224.00 69.00 93.00 0.07 3.79 1.00 7.00 0.14 7.00 16.00 37.00 28.00 30.00 14.00 0.00 0.00 0.00 0.00 0.00
235.00 42.00 80.00 148.00 221.00 68.00 73.00 0.07 3.91 1.00 7.00 0.14 4.00 14.00 38.00 28.00 20.00 22.00 0.00 1.00 1.00 0.00 0.00
236.00 41.00 52.00 126.00 203.00 74.00 77.00 0.09 4.06 0.00 7.00 0.00 9.00 20.00 32.00 21.00 31.00 10.00 1.00 0.00 0.00 0.00 0.00
237.00 44.00 67.00 150.00 236.00 83.00 86.00 0.08 3.99 0.00 6.00 0.00 1.00 14.00 43.00 30.00 23.00 21.00 0.00 1.00 0.00 0.00 0.00
238.00 38.00 48.00 123.00 203.00 75.00 80.00 0.09 3.93 0.00 7.00 0.00 8.00 13.00 30.00 25.00 20.00 18.00 0.00 1.00 0.00 0.00 0.00
239.00 43.00 70.00 139.00 222.00 69.00 83.00 0.08 3.81 1.00 6.00 0.17 9.00 18.00 34.00 25.00 24.00 19.00 0.00 1.00 0.00 0.00 0.00
240.00 37.00 51.00 107.00 187.00 56.00 80.00 0.09 3.81 0.00 6.00 0.00 7.00 17.00 30.00 20.00 24.00 13.00 0.00 0.00 0.00 0.00 0.00
241.00 41.00 64.00 139.00 207.00 75.00 68.00 0.07 3.67 1.00 6.00 0.17 4.00 16.00 37.00 25.00 24.00 17.00 0.00 0.00 0.00 0.00 0.00
242.00 42.00 59.00 133.00 222.00 74.00 89.00 0.08 3.75 1.00 3.00 0.33 10.00 16.00 32.00 26.00 22.00 20.00 0.00 1.00 0.00 0.00 0.00
243.00 33.00 41.00 97.00 170.00 56.00 73.00 0.09 3.67 0.00 4.00 0.00 10.00 13.00 23.00 20.00 19.00 14.00 0.00 1.00 0.00 0.00 0.00
244.00 44.00 78.00 135.00 223.00 57.00 88.00 0.08 3.51 1.00 4.00 0.25 8.00 18.00 36.00 26.00 26.00 18.00 0.00 1.00 0.00 0.00 1.00
245.00 40.00 67.00 138.00 209.00 71.00 71.00 0.07 4.08 1.00 6.00 0.17 7.00 17.00 33.00 23.00 24.00 16.00 1.00 1.00 0.00 0.00 0.00
246.00 43.00 66.00 144.00 227.00 78.00 83.00 0.08 3.49 1.00 7.00 0.14 7.00 14.00 36.00 29.00 23.00 20.00 0.00 1.00 1.00 0.00 0.00
247.00 37.00 43.00 109.00 190.00 66.00 81.00 0.10 4.13 1.00 5.00 0.20 11.00 19.00 26.00 18.00 21.00 16.00 0.00 1.00 0.00 0.00 0.00
248.00 40.00 50.00 118.00 206.00 68.00 88.00 0.09 4.21 1.00 6.00 0.17 12.00 20.00 28.00 20.00 26.00 14.00 1.00 1.00 0.00 0.00 0.00
249.00 41.00 61.00 126.00 214.00 65.00 88.00 0.09 4.39 1.00 7.00 0.14 10.00 19.00 31.00 22.00 25.00 16.00 0.00 1.00 0.00 0.00 0.00
250.00 45.00 67.00 136.00 229.00 69.00 93.00 0.08 4.53 0.00 7.00 0.00 11.00 24.00 34.00 21.00 28.00 17.00 1.00 1.00 0.00 0.00 1.00
251.00 34.00 39.00 104.00 170.00 65.00 66.00 0.10 4.19 0.00 7.00 0.00 9.00 13.00 25.00 21.00 22.00 12.00 0.00 1.00 0.00 0.00 1.00
252.00 42.00 66.00 127.00 202.00 61.00 75.00 0.09 4.28 0.00 6.00 0.00 7.00 17.00 35.00 25.00 25.00 17.00 0.00 1.00 0.00 0.00 0.00
253.00 42.00 65.00 132.00 213.00 67.00 81.00 0.09 4.15 1.00 7.00 0.14 8.00 19.00 34.00 23.00 24.00 18.00 0.00 1.00 0.00 0.00 0.00
254.00 41.00 66.00 127.00 211.00 61.00 84.00 0.09 4.24 1.00 7.00 0.14 8.00 14.00 33.00 27.00 22.00 19.00 0.00 1.00 1.00 0.00 0.00
255.00 43.00 60.00 137.00 223.00 77.00 86.00 0.09 4.21 1.00 7.00 0.14 3.00 15.00 40.00 28.00 22.00 21.00 0.00 0.00 1.00 0.00 0.00
256.00 48.00 75.00 160.00 245.00 85.00 85.00 0.09 4.39 1.00 6.00 0.17 9.00 21.00 39.00 27.00 28.00 20.00 0.00 0.00 1.00 0.00 0.00
257.00 44.00 63.00 128.00 221.00 65.00 93.00 0.08 3.87 1.00 5.00 0.20 12.00 22.00 32.00 22.00 25.00 19.00 0.00 0.00 0.00 1.00 0.00
258.00 42.00 64.00 135.00 218.00 71.00 83.00 0.08 4.62 2.00 4.00 0.50 6.00 17.00 36.00 25.00 20.00 22.00 0.00 1.00 2.00 1.00 0.00
259.00 44.00 63.00 140.00 223.00 77.00 83.00 0.07 4.28 1.00 4.00 0.25 9.00 18.00 35.00 26.00 25.00 19.00 0.00 1.00 2.00 0.00 0.00
260.00 40.00 61.00 131.00 211.00 70.00 80.00 0.09 4.29 1.00 4.00 0.25 5.00 12.00 35.00 28.00 17.00 23.00 0.00 1.00 0.00 0.00 0.00
261.00 39.00 49.00 122.00 211.00 73.00 89.00 0.08 4.16 1.00 4.00 0.25 6.00 14.00 33.00 25.00 20.00 19.00 0.00 0.00 3.00 0.00 0.00
262.00 43.00 67.00 138.00 221.00 71.00 83.00 0.09 3.96 1.00 4.00 0.25 10.00 19.00 33.00 24.00 27.00 16.00 0.00 0.00 2.00 0.00 0.00
263.00 45.00 62.00 143.00 241.00 81.00 98.00 0.09 3.99 2.00 4.00 0.50 11.00 18.00 34.00 27.00 24.00 21.00 0.00 1.00 1.00 2.00 0.00
264.00 45.00 73.00 147.00 228.00 74.00 81.00 0.09 4.00 0.00 4.00 0.00 10.00 15.00 35.00 30.00 24.00 21.00 0.00 1.00 0.00 0.00 0.00
265.00 38.00 45.00 112.00 196.00 67.00 84.00 0.10 3.69 0.00 5.00 0.00 9.00 15.00 29.00 23.00 21.00 17.00 0.00 0.00 0.00 0.00 0.00
266.00 42.00 62.00 132.00 223.00 70.00 91.00 0.08 3.98 0.00 5.00 0.00 9.00 14.00 33.00 28.00 23.00 19.00 0.00 1.00 1.00 0.00 0.00
267.00 40.00 62.00 121.00 208.00 59.00 87.00 0.08 3.85 0.00 5.00 0.00 5.00 11.00 35.00 29.00 19.00 21.00 0.00 1.00 0.00 0.00 0.00
268.00 48.00 77.00 155.00 244.00 78.00 89.00 0.09 4.02 0.00 4.00 0.00 12.00 21.00 36.00 27.00 30.00 18.00 0.00 1.00 0.00 0.00 0.00
269.00 48.00 39.00 133.00 244.00 94.00 111.00 0.10 3.99 0.00 6.00 0.00 10.00 18.00 38.00 30.00 34.00 14.00 0.00 0.00 0.00 0.00 0.00
270.00 47.00 63.00 152.00 240.00 89.00 88.00 0.08 4.16 0.00 8.00 0.00 4.00 15.00 43.00 32.00 22.00 25.00 0.00 1.00 0.00 0.00 0.00
271.00 45.00 70.00 150.00 235.00 80.00 85.00 0.08 4.08 0.00 8.00 0.00 6.00 17.00 39.00 28.00 26.00 19.00 0.00 0.00 0.00 0.00 0.00
272.00 48.00 70.00 164.00 246.00 94.00 82.00 0.09 3.77 0.00 7.00 0.00 10.00 20.00 38.00 28.00 26.00 22.00 0.00 0.00 1.00 1.00 0.00
273.00 42.00 64.00 141.00 219.00 77.00 78.00 0.10 3.50 0.00 5.00 0.00 8.00 20.00 34.00 22.00 25.00 17.00 0.00 0.00 0.00 0.00 0.00
274.00 46.00 81.00 162.00 247.00 81.00 85.00 0.08 4.54 0.00 7.00 0.00 12.00 19.00 34.00 27.00 26.00 20.00 0.00 1.00 0.00 0.00 0.00
275.00 48.00 70.00 152.00 241.00 82.00 89.00 0.09 3.87 1.00 7.00 0.14 9.00 15.00 39.00 33.00 28.00 20.00 0.00 1.00 0.00 0.00 0.00
276.00 49.00 86.00 157.00 251.00 71.00 94.00 0.09 4.01 1.00 7.00 0.14 4.00 18.00 45.00 31.00 27.00 22.00 0.00 0.00 0.00 0.00 0.00
277.00 43.00 63.00 136.00 219.00 73.00 83.00 0.09 4.27 1.00 7.00 0.14 7.00 14.00 36.00 29.00 23.00 20.00 0.00 0.00 0.00 1.00 0.00
278.00 43.00 62.00 141.00 225.00 79.00 84.00 0.07 3.99 2.00 8.00 0.25 5.00 20.00 38.00 23.00 22.00 21.00 0.00 1.00 0.00 0.00 0.00
279.00 38.00 65.00 124.00 205.00 59.00 81.00 0.07 4.02 0.00 8.00 0.00 6.00 17.00 32.00 21.00 20.00 18.00 0.00 1.00 0.00 0.00 0.00
280.00 41.00 71.00 132.00 221.00 61.00 89.00 0.08 3.78 1.00 7.00 0.14 4.00 8.00 37.00 33.00 14.00 27.00 0.00 1.00 0.00 0.00 0.00
281.00 44.00 76.00 147.00 228.00 71.00 81.00 0.08 4.09 1.00 8.00 0.12 6.00 18.00 38.00 26.00 25.00 19.00 0.00 0.00 0.00 0.00 0.00
282.00 42.00 71.00 147.00 218.00 76.00 71.00 0.08 3.79 0.00 8.00 0.00 5.00 17.00 37.00 25.00 20.00 22.00 0.00 1.00 0.00 0.00 1.00
283.00 42.00 63.00 130.00 222.00 67.00 92.00 0.08 3.78 0.00 7.00 0.00 5.00 13.00 37.00 29.00 25.00 17.00 0.00 0.00 1.00 0.00 0.00
284.00 42.00 50.00 128.00 225.00 78.00 97.00 0.09 4.19 0.00 6.00 0.00 8.00 15.00 34.00 27.00 22.00 20.00 0.00 0.00 0.00 0.00 1.00
285.00 37.00 60.00 118.00 198.00 58.00 80.00 0.08 3.60 0.00 7.00 0.00 8.00 14.00 29.00 23.00 22.00 15.00 0.00 1.00 0.00 0.00 0.00
286.00 45.00 77.00 145.00 231.00 68.00 86.00 0.08 4.63 0.00 7.00 0.00 9.00 20.00 36.00 25.00 27.00 18.00 0.00 1.00 0.00 0.00 0.00
287.00 41.00 57.00 125.00 214.00 68.00 89.00 0.07 3.85 0.00 9.00 0.00 4.00 14.00 37.00 27.00 22.00 19.00 0.00 1.00 0.00 0.00 0.00
288.00 48.00 91.00 155.00 246.00 64.00 91.00 0.09 3.95 0.00 8.00 0.00 4.00 16.00 44.00 32.00 22.00 26.00 0.00 1.00 0.00 0.00 0.00
289.00 39.00 64.00 133.00 212.00 69.00 79.00 0.09 3.07 0.00 7.00 0.00 5.00 11.00 34.00 28.00 19.00 20.00 0.00 0.00 0.00 0.00 0.00
290.00 42.00 46.00 123.00 217.00 77.00 94.00 0.09 4.23 0.00 8.00 0.00 7.00 15.00 35.00 27.00 23.00 19.00 0.00 1.00 0.00 0.00 0.00
291.00 46.00 66.00 142.00 229.00 76.00 87.00 0.08 3.97 0.00 8.00 0.00 13.00 22.00 33.00 24.00 25.00 21.00 0.00 1.00 1.00 0.00 0.00
292.00 45.00 71.00 143.00 226.00 72.00 83.00 0.09 3.14 0.00 7.00 0.00 12.00 19.00 33.00 26.00 29.00 16.00 0.00 1.00 0.00 0.00 0.00
293.00 44.00 59.00 148.00 235.00 89.00 87.00 0.09 3.74 0.00 5.00 0.00 10.00 15.00 34.00 29.00 24.00 20.00 0.00 1.00 0.00 0.00 0.00
294.00 42.00 62.00 138.00 220.00 76.00 82.00 0.09 3.47 0.00 9.00 0.00 8.00 14.00 34.00 28.00 21.00 21.00 0.00 1.00 0.00 0.00 0.00
295.00 46.00 74.00 151.00 242.00 77.00 91.00 0.08 3.83 0.00 7.00 0.00 4.00 16.00 42.00 30.00 24.00 22.00 0.00 0.00 0.00 0.00 0.00
296.00 43.00 69.00 139.00 223.00 70.00 84.00 0.08 3.72 0.00 8.00 0.00 8.00 21.00 35.00 22.00 27.00 16.00 0.00 1.00 0.00 0.00 0.00
297.00 46.00 63.00 145.00 242.00 82.00 97.00 0.09 3.71 0.00 9.00 0.00 13.00 21.00 33.00 25.00 26.00 20.00 0.00 1.00 0.00 0.00 0.00
298.00 49.00 83.00 167.00 251.00 84.00 84.00 0.08 3.62 0.00 9.00 0.00 8.00 17.00 41.00 32.00 25.00 24.00 0.00 1.00 0.00 0.00 0.00
299.00 50.00 81.00 165.00 252.00 84.00 87.00 0.07 4.26 0.00 8.00 0.00 10.00 17.00 40.00 33.00 25.00 25.00 0.00 1.00 1.00 0.00 0.00
300.00 46.00 80.00 151.00 230.00 71.00 79.00 0.08 3.61 0.00 9.00 0.00 5.00 12.00 41.00 34.00 18.00 28.00 0.00 1.00 0.00 0.00 1.00
301.00 44.00 60.00 134.00 224.00 74.00 90.00 0.10 3.08 0.00 6.00 0.00 5.00 13.00 39.00 31.00 22.00 22.00 0.00 1.00 0.00 0.00 1.00
302.00 39.00 64.00 128.00 206.00 64.00 78.00 0.09 3.88 0.00 7.00 0.00 7.00 12.00 32.00 27.00 20.00 19.00 1.00 1.00 0.00 0.00 0.00
303.00 41.00 60.00 131.00 210.00 71.00 79.00 0.08 3.26 0.00 7.00 0.00 9.00 13.00 32.00 28.00 19.00 22.00 1.00 1.00 0.00 0.00 0.00
304.00 41.00 62.00 128.00 210.00 66.00 82.00 0.09 3.01 0.00 6.00 0.00 8.00 18.00 33.00 23.00 24.00 17.00 1.00 0.00 0.00 0.00 0.00
305.00 36.00 51.00 112.00 190.00 61.00 78.00 0.08 3.85 0.00 6.00 0.00 7.00 17.00 29.00 19.00 21.00 15.00 1.00 1.00 0.00 0.00 0.00
306.00 37.00 43.00 112.00 188.00 69.00 76.00 0.10 3.19 0.00 4.00 0.00 8.00 14.00 29.00 23.00 19.00 18.00 0.00 1.00 0.00 0.00 0.00
307.00 40.00 61.00 118.00 202.00 57.00 84.00 0.10 3.56 0.00 5.00 0.00 10.00 17.00 30.00 23.00 24.00 16.00 1.00 0.00 0.00 0.00 0.00
308.00 45.00 69.00 135.00 230.00 66.00 95.00 0.09 3.56 0.00 7.00 0.00 8.00 15.00 37.00 30.00 24.00 21.00 0.00 0.00 0.00 0.00 0.00
309.00 47.00 88.00 149.00 242.00 61.00 93.00 0.07 3.55 0.00 5.00 0.00 10.00 20.00 37.00 27.00 24.00 23.00 0.00 0.00 0.00 0.00 0.00
310.00 41.00 45.00 114.00 212.00 69.00 98.00 0.07 3.83 0.00 6.00 0.00 13.00 19.00 28.00 22.00 26.00 15.00 0.00 0.00 0.00 0.00 0.00
311.00 35.00 47.00 107.00 180.00 60.00 73.00 0.08 2.48 0.00 7.00 0.00 4.00 13.00 31.00 22.00 21.00 14.00 0.00 0.00 0.00 0.00 0.00
312.00 39.00 49.00 114.00 200.00 65.00 86.00 0.08 3.09 0.00 8.00 0.00 8.00 17.00 31.00 22.00 23.00 16.00 0.00 0.00 0.00 0.00 0.00
313.00 41.00 55.00 123.00 210.00 68.00 87.00 0.09 3.14 0.00 8.00 0.00 10.00 17.00 31.00 24.00 24.00 17.00 0.00 0.00 0.00 0.00 0.00
314.00 45.00 60.00 134.00 226.00 74.00 92.00 0.09 3.64 0.00 9.00 0.00 14.00 20.00 31.00 25.00 29.00 16.00 0.00 0.00 0.00 0.00 0.00
315.00 40.00 50.00 125.00 204.00 75.00 79.00 0.08 2.88 0.00 7.00 0.00 8.00 20.00 32.00 20.00 25.00 15.00 0.00 0.00 0.00 0.00 0.00
316.00 31.00 31.00 90.00 158.00 59.00 68.00 0.08 2.10 0.00 7.00 0.00 7.00 17.00 24.00 14.00 22.00 9.00 0.00 1.00 0.00 0.00 0.00
317.00 40.00 53.00 118.00 208.00 65.00 90.00 0.08 3.16 0.00 6.00 0.00 9.00 16.00 31.00 24.00 23.00 17.00 0.00 1.00 0.00 0.00 0.00
318.00 33.00 44.00 105.00 169.00 61.00 64.00 0.08 2.48 0.00 4.00 0.00 10.00 16.00 23.00 17.00 20.00 13.00 0.00 1.00 0.00 0.00 0.00
319.00 34.00 45.00 108.00 177.00 63.00 69.00 0.08 4.20 0.00 6.00 0.00 10.00 16.00 24.00 18.00 20.00 14.00 0.00 0.00 0.00 0.00 0.00
320.00 36.00 46.00 111.00 185.00 65.00 74.00 0.08 3.37 0.00 6.00 0.00 9.00 15.00 27.00 21.00 18.00 18.00 0.00 0.00 0.00 0.00 0.00
321.00 34.00 46.00 107.00 176.00 61.00 69.00 0.09 3.46 0.00 5.00 0.00 8.00 11.00 26.00 23.00 19.00 15.00 0.00 1.00 0.00 0.00 0.00
322.00 35.00 55.00 106.00 177.00 51.00 71.00 0.09 3.28 0.00 5.00 0.00 6.00 14.00 29.00 21.00 20.00 15.00 0.00 0.00 0.00 0.00 0.00
323.00 40.00 44.00 120.00 202.00 76.00 82.00 0.10 3.35 0.00 5.00 0.00 9.00 18.00 31.00 22.00 21.00 19.00 0.00 0.00 0.00 0.00 1.00
324.00 39.00 46.00 108.00 200.00 62.00 92.00 0.09 3.24 1.00 4.00 0.25 13.00 18.00 26.00 21.00 26.00 13.00 0.00 0.00 1.00 0.00 0.00
325.00 35.00 48.00 108.00 178.00 60.00 70.00 0.10 3.86 1.00 4.00 0.25 7.00 13.00 28.00 22.00 23.00 12.00 0.00 1.00 0.00 0.00 0.00
326.00 41.00 52.00 122.00 196.00 70.00 74.00 0.07 3.72 1.00 5.00 0.20 11.00 18.00 30.00 23.00 24.00 17.00 0.00 1.00 0.00 0.00 0.00
327.00 36.00 46.00 95.00 172.00 49.00 77.00 0.08 3.74 1.00 4.00 0.25 9.00 15.00 27.00 21.00 24.00 12.00 0.00 0.00 0.00 0.00 0.00
328.00 20.00 17.00 51.00 105.00 34.00 54.00 0.06 4.88 1.00 1.00 1.00 5.00 11.00 15.00 9.00 17.00 3.00 0.00 0.00 0.00 0.00 0.00
329.00 39.00 58.00 122.00 194.00 64.00 72.00 0.08 4.19 1.00 4.00 0.25 6.00 17.00 33.00 22.00 25.00 14.00 0.00 0.00 0.00 0.00 0.00
330.00 34.00 42.00 104.00 174.00 62.00 70.00 0.08 4.18 0.00 4.00 0.00 7.00 10.00 27.00 24.00 17.00 17.00 0.00 1.00 1.00 0.00 1.00
331.00 39.00 49.00 117.00 203.00 68.00 86.00 0.08 3.60 0.00 4.00 0.00 6.00 16.00 33.00 23.00 26.00 13.00 0.00 1.00 0.00 0.00 0.00
332.00 36.00 52.00 113.00 186.00 61.00 73.00 0.08 3.21 0.00 3.00 0.00 8.00 13.00 28.00 23.00 17.00 19.00 0.00 1.00 0.00 0.00 0.00
333.00 32.00 51.00 103.00 165.00 52.00 62.00 0.08 3.14 0.00 3.00 0.00 4.00 11.00 28.00 21.00 18.00 14.00 0.00 1.00 0.00 0.00 0.00
334.00 30.00 45.00 91.00 148.00 46.00 57.00 0.09 2.87 0.00 3.00 0.00 6.00 14.00 24.00 16.00 17.00 13.00 0.00 0.00 0.00 0.00 0.00
335.00 17.00 12.00 38.00 86.00 26.00 48.00 0.08 2.28 1.00 1.00 1.00 3.00 7.00 14.00 10.00 11.00 6.00 0.00 0.00 0.00 0.00 0.00
336.00 34.00 51.00 104.00 175.00 53.00 71.00 0.08 3.21 0.00 3.00 0.00 9.00 13.00 25.00 21.00 20.00 14.00 1.00 0.00 0.00 0.00 0.00
337.00 37.00 52.00 107.00 175.00 55.00 68.00 0.09 3.39 0.00 3.00 0.00 6.00 16.00 31.00 21.00 26.00 11.00 1.00 0.00 0.00 0.00 0.00
338.00 38.00 63.00 115.00 183.00 52.00 68.00 0.08 3.11 0.00 4.00 0.00 14.00 20.00 24.00 18.00 23.00 15.00 0.00 0.00 1.00 0.00 0.00
339.00 28.00 37.00 82.00 149.00 45.00 67.00 0.09 1.82 0.00 4.00 0.00 5.00 8.00 23.00 20.00 19.00 9.00 0.00 0.00 0.00 0.00 0.00
340.00 35.00 54.00 112.00 185.00 58.00 73.00 0.09 3.07 0.00 3.00 0.00 8.00 14.00 27.00 21.00 18.00 17.00 1.00 0.00 0.00 0.00 0.00
341.00 35.00 50.00 104.00 175.00 54.00 71.00 0.10 2.77 0.00 5.00 0.00 8.00 18.00 27.00 17.00 26.00 9.00 0.00 0.00 1.00 0.00 0.00
342.00 31.00 37.00 85.00 161.00 48.00 76.00 0.08 2.32 0.00 4.00 0.00 9.00 14.00 22.00 17.00 20.00 11.00 1.00 0.00 0.00 0.00 0.00
343.00 29.00 34.00 75.00 143.00 41.00 68.00 0.09 2.32 0.00 4.00 0.00 5.00 11.00 24.00 18.00 17.00 12.00 1.00 0.00 0.00 0.00 0.00
344.00 34.00 36.00 97.00 172.00 61.00 75.00 0.09 2.18 0.00 5.00 0.00 13.00 20.00 21.00 14.00 25.00 9.00 0.00 0.00 0.00 0.00 0.00
345.00 26.00 29.00 78.00 138.00 49.00 60.00 0.09 1.32 0.00 4.00 0.00 6.00 10.00 20.00 16.00 16.00 10.00 0.00 0.00 0.00 0.00 0.00
346.00 28.00 43.00 85.00 143.00 42.00 58.00 0.09 1.29 0.00 5.00 0.00 7.00 12.00 21.00 16.00 14.00 14.00 0.00 0.00 1.00 0.00 1.00
347.00 31.00 43.00 94.00 165.00 51.00 71.00 0.10 1.79 0.00 5.00 0.00 3.00 8.00 28.00 23.00 14.00 17.00 0.00 0.00 0.00 0.00 0.00
348.00 34.00 43.00 110.00 174.00 67.00 64.00 0.08 2.48 0.00 4.00 0.00 10.00 19.00 24.00 15.00 26.00 8.00 0.00 0.00 0.00 0.00 0.00
349.00 34.00 56.00 103.00 170.00 47.00 67.00 0.09 2.69 0.00 4.00 0.00 13.00 17.00 21.00 17.00 25.00 9.00 0.00 0.00 0.00 0.00 0.00
350.00 31.00 30.00 93.00 161.00 63.00 68.00 0.08 1.77 0.00 4.00 0.00 5.00 12.00 26.00 19.00 19.00 12.00 0.00 0.00 0.00 0.00 0.00
351.00 27.00 29.00 82.00 142.00 53.00 60.00 0.09 1.74 0.00 3.00 0.00 8.00 15.00 19.00 12.00 17.00 10.00 0.00 0.00 0.00 0.00 0.00
352.00 29.00 37.00 86.00 149.00 49.00 63.00 0.09 1.75 0.00 3.00 0.00 11.00 16.00 18.00 13.00 21.00 8.00 0.00 0.00 1.00 0.00 0.00
353.00 31.00 40.00 95.00 163.00 55.00 68.00 0.08 2.02 0.00 3.00 0.00 6.00 12.00 25.00 19.00 17.00 14.00 0.00 0.00 0.00 0.00 0.00
354.00 30.00 49.00 97.00 158.00 48.00 61.00 0.11 2.51 0.00 4.00 0.00 4.00 9.00 26.00 21.00 14.00 16.00 1.00 0.00 0.00 0.00 0.00
355.00 29.00 35.00 86.00 154.00 51.00 68.00 0.08 2.54 0.00 2.00 0.00 6.00 14.00 23.00 15.00 19.00 10.00 0.00 0.00 1.00 0.00 0.00
356.00 27.00 33.00 77.00 140.00 44.00 63.00 0.09 1.80 0.00 1.00 0.00 8.00 13.00 19.00 14.00 17.00 10.00 0.00 0.00 1.00 0.00 0.00
357.00 33.00 47.00 96.00 161.00 49.00 65.00 0.08 2.79 0.00 3.00 0.00 6.00 12.00 27.00 21.00 20.00 13.00 0.00 0.00 0.00 0.00 0.00
358.00 33.00 43.00 100.00 171.00 57.00 71.00 0.08 2.50 0.00 4.00 0.00 11.00 20.00 22.00 13.00 23.00 10.00 0.00 1.00 1.00 0.00 0.00
359.00 29.00 44.00 85.00 144.00 41.00 59.00 0.08 1.24 0.00 1.00 0.00 8.00 11.00 21.00 18.00 14.00 15.00 0.00 0.00 1.00 0.00 0.00
360.00 12.00 7.00 27.00 54.00 20.00 27.00 0.08 4.26 0.00 1.00 0.00 4.00 8.00 8.00 4.00 11.00 1.00 0.00 0.00 0.00 0.00 0.00
361.00 29.00 36.00 81.00 141.00 45.00 60.00 0.10 1.74 0.00 4.00 0.00 11.00 17.00 18.00 12.00 20.00 9.00 0.00 0.00 1.00 0.00 0.00
362.00 29.00 36.00 87.00 145.00 51.00 58.00 0.09 0.61 0.00 4.00 0.00 7.00 14.00 22.00 15.00 17.00 12.00 0.00 0.00 0.00 0.00 0.00
363.00 31.00 34.00 82.00 145.00 48.00 63.00 0.09 1.34 0.00 3.00 0.00 9.00 15.00 22.00 16.00 19.00 12.00 0.00 0.00 0.00 0.00 0.00
364.00 28.00 32.00 79.00 141.00 47.00 62.00 0.09 1.32 0.00 4.00 0.00 8.00 12.00 20.00 16.00 19.00 9.00 1.00 0.00 0.00 0.00 0.00
365.00 30.00 43.00 88.00 151.00 45.00 63.00 0.08 0.61 0.00 5.00 0.00 10.00 17.00 20.00 13.00 22.00 8.00 1.00 0.00 0.00 0.00 0.00
366.00 27.00 23.00 82.00 135.00 59.00 53.00 0.09 0.75 0.00 3.00 0.00 8.00 16.00 19.00 11.00 20.00 7.00 1.00 0.00 0.00 0.00 0.00
367.00 32.00 45.00 100.00 170.00 55.00 70.00 0.07 1.77 0.00 3.00 0.00 6.00 14.00 26.00 18.00 20.00 12.00 0.00 0.00 0.00 0.00 0.00
368.00 35.00 48.00 112.00 182.00 64.00 70.00 0.09 0.70 0.00 3.00 0.00 6.00 16.00 29.00 19.00 21.00 14.00 0.00 0.00 0.00 0.00 0.00
369.00 37.00 50.00 115.00 193.00 65.00 78.00 0.09 1.96 1.00 4.00 0.25 3.00 17.00 34.00 20.00 18.00 19.00 1.00 0.00 0.00 0.00 0.00
370.00 34.00 47.00 94.00 173.00 47.00 79.00 0.07 1.12 0.00 3.00 0.00 7.00 16.00 27.00 18.00 24.00 10.00 1.00 0.00 0.00 0.00 0.00
371.00 25.00 41.00 71.00 127.00 30.00 56.00 0.09 2.44 0.00 4.00 0.00 4.00 13.00 21.00 12.00 16.00 9.00 0.00 0.00 0.00 0.00 0.00
372.00 27.00 34.00 78.00 137.00 44.00 59.00 0.09 2.19 0.00 3.00 0.00 1.00 8.00 26.00 19.00 15.00 12.00 0.00 0.00 0.00 0.00 0.00
373.00 34.00 23.00 82.00 159.00 59.00 77.00 0.09 1.86 0.00 4.00 0.00 9.00 18.00 25.00 16.00 25.00 9.00 0.00 0.00 0.00 0.00 0.00
374.00 32.00 48.00 91.00 167.00 43.00 76.00 0.09 1.64 0.00 3.00 0.00 6.00 11.00 26.00 21.00 16.00 16.00 0.00 0.00 0.00 0.00 0.00
375.00 33.00 42.00 105.00 174.00 63.00 69.00 0.08 2.42 0.00 4.00 0.00 6.00 13.00 27.00 20.00 21.00 12.00 0.00 0.00 0.00 0.00 0.00
376.00 27.00 27.00 78.00 148.00 51.00 70.00 0.07 1.75 0.00 4.00 0.00 1.00 4.00 26.00 23.00 14.00 13.00 1.00 0.00 0.00 0.00 0.00
377.00 31.00 40.00 91.00 158.00 51.00 67.00 0.09 2.10 1.00 4.00 0.25 5.00 9.00 26.00 22.00 17.00 14.00 1.00 0.00 0.00 0.00 0.00
378.00 30.00 36.00 87.00 158.00 51.00 71.00 0.08 2.25 0.00 4.00 0.00 10.00 13.00 20.00 17.00 18.00 12.00 0.00 0.00 0.00 0.00 0.00
379.00 30.00 42.00 89.00 152.00 47.00 63.00 0.09 2.71 1.00 3.00 0.33 3.00 12.00 27.00 18.00 16.00 14.00 1.00 0.00 0.00 0.00 0.00
380.00 28.00 35.00 83.00 145.00 48.00 62.00 0.10 2.71 1.00 2.00 0.50 5.00 11.00 23.00 17.00 18.00 10.00 0.00 0.00 0.00 0.00 0.00
381.00 22.00 20.00 58.00 110.00 38.00 52.00 0.09 2.71 0.00 2.00 0.00 6.00 14.00 16.00 8.00 16.00 6.00 0.00 0.00 0.00 0.00 0.00
382.00 21.00 11.00 46.00 111.00 35.00 65.00 0.09 2.13 0.00 1.00 0.00 10.00 13.00 11.00 8.00 17.00 4.00 0.00 0.00 0.00 0.00 0.00
383.00 20.00 15.00 51.00 108.00 36.00 57.00 0.09 0.61 0.00 3.00 0.00 2.00 9.00 18.00 11.00 15.00 5.00 0.00 0.00 0.00 0.00 0.00
384.00 26.00 23.00 66.00 127.00 43.00 61.00 0.07 2.34 0.00 3.00 0.00 8.00 13.00 18.00 13.00 18.00 8.00 0.00 0.00 0.00 0.00 0.00
385.00 28.00 28.00 73.00 139.00 45.00 66.00 0.08 2.32 0.00 1.00 0.00 6.00 11.00 22.00 17.00 20.00 8.00 0.00 0.00 0.00 0.00 0.00
386.00 20.00 16.00 46.00 98.00 30.00 52.00 0.08 2.43 0.00 0.00 0.00 5.00 8.00 15.00 12.00 17.00 3.00 0.00 0.00 0.00 0.00 0.00
387.00 24.00 29.00 67.00 121.00 38.00 54.00 0.08 2.16 0.00 1.00 0.00 6.00 10.00 18.00 14.00 14.00 10.00 0.00 0.00 0.00 0.00 0.00
388.00 24.00 17.00 59.00 115.00 42.00 56.00 0.07 3.19 0.00 1.00 0.00 5.00 12.00 19.00 12.00 16.00 8.00 0.00 0.00 0.00 0.00 0.00
389.00 21.00 16.00 51.00 101.00 35.00 50.00 0.07 3.18 0.00 1.00 0.00 7.00 12.00 14.00 9.00 16.00 5.00 0.00 0.00 1.00 0.00 0.00
390.00 25.00 27.00 65.00 118.00 38.00 53.00 0.08 1.98 0.00 0.00 0.00 9.00 13.00 16.00 12.00 16.00 9.00 0.00 0.00 1.00 0.00 0.00
391.00 24.00 13.00 61.00 130.00 48.00 69.00 0.07 2.59 0.00 0.00 0.00 7.00 14.00 17.00 10.00 20.00 4.00 0.00 0.00 1.00 0.00 0.00
392.00 21.00 23.00 57.00 107.00 34.00 50.00 0.09 2.66 0.00 0.00 0.00 6.00 12.00 15.00 9.00 14.00 7.00 1.00 0.00 1.00 0.00 0.00
393.00 21.00 20.00 56.00 109.00 36.00 53.00 0.09 2.71 0.00 1.00 0.00 5.00 7.00 16.00 14.00 13.00 8.00 1.00 0.00 1.00 0.00 0.00
394.00 26.00 30.00 66.00 129.00 36.00 63.00 0.08 3.68 0.00 2.00 0.00 3.00 10.00 23.00 16.00 15.00 11.00 1.00 0.00 1.00 0.00 0.00
395.00 24.00 27.00 62.00 122.00 35.00 60.00 0.09 2.79 0.00 0.00 0.00 2.00 10.00 22.00 14.00 16.00 8.00 0.00 0.00 1.00 0.00 0.00
396.00 26.00 23.00 75.00 131.00 52.00 56.00 0.10 2.89 0.00 0.00 0.00 4.00 13.00 22.00 13.00 17.00 9.00 1.00 0.00 0.00 0.00 0.00
397.00 26.00 13.00 51.00 119.00 38.00 68.00 0.09 3.48 0.00 1.00 0.00 6.00 15.00 20.00 11.00 19.00 7.00 0.00 0.00 0.00 0.00 0.00
398.00 17.00 11.00 37.00 89.00 26.00 52.00 0.08 1.63 0.00 2.00 0.00 4.00 9.00 13.00 8.00 12.00 5.00 1.00 0.00 0.00 0.00 0.00
399.00 23.00 20.00 53.00 111.00 33.00 58.00 0.10 3.72 0.00 1.00 0.00 6.00 14.00 17.00 9.00 17.00 6.00 2.00 0.00 0.00 0.00 0.00
400.00 24.00 25.00 64.00 123.00 39.00 59.00 0.08 2.50 0.00 1.00 0.00 5.00 11.00 19.00 13.00 13.00 11.00 0.00 0.00 1.00 0.00 1.00
401.00 27.00 15.00 59.00 117.00 44.00 58.00 0.09 3.72 0.00 0.00 0.00 11.00 16.00 16.00 11.00 19.00 8.00 0.00 0.00 0.00 0.00 0.00
402.00 26.00 29.00 70.00 128.00 41.00 58.00 0.08 2.54 0.00 0.00 0.00 8.00 14.00 18.00 12.00 21.00 5.00 0.00 0.00 0.00 0.00 0.00
403.00 19.00 15.00 44.00 93.00 29.00 49.00 0.07 2.23 0.00 0.00 0.00 5.00 10.00 14.00 9.00 16.00 3.00 0.00 0.00 1.00 0.00 0.00
404.00 16.00 12.00 37.00 80.00 25.00 43.00 0.08 1.56 0.00 0.00 0.00 7.00 10.00 9.00 6.00 13.00 3.00 0.00 0.00 0.00 0.00 0.00
405.00 17.00 12.00 37.00 84.00 25.00 47.00 0.07 2.88 0.00 0.00 0.00 7.00 12.00 10.00 5.00 15.00 2.00 0.00 0.00 0.00 0.00 0.00
406.00 9.00 3.00 13.00 36.00 10.00 23.00 0.08 0.39 0.00 0.00 0.00 4.00 5.00 5.00 4.00 5.00 4.00 0.00 0.00 1.00 0.00 0.00
407.00 17.00 17.00 44.00 85.00 27.00 41.00 0.09 2.31 1.00 1.00 1.00 4.00 9.00 13.00 8.00 12.00 5.00 0.00 0.00 1.00 0.00 0.00
408.00 15.00 11.00 33.00 70.00 22.00 37.00 0.08 2.55 0.00 0.00 0.00 6.00 8.00 9.00 7.00 10.00 5.00 0.00 0.00 0.00 0.00 0.00
409.00 16.00 5.00 35.00 75.00 30.00 40.00 0.09 3.15 0.00 0.00 0.00 6.00 9.00 10.00 7.00 13.00 3.00 0.00 0.00 0.00 0.00 0.00
410.00 12.00 4.00 19.00 59.00 15.00 40.00 0.08 1.98 0.00 0.00 0.00 5.00 6.00 7.00 6.00 9.00 3.00 0.00 0.00 0.00 0.00 0.00
411.00 15.00 5.00 29.00 79.00 24.00 50.00 0.10 2.63 0.00 0.00 0.00 5.00 12.00 10.00 3.00 13.00 2.00 0.00 0.00 0.00 0.00 0.00
412.00 14.00 8.00 30.00 66.00 22.00 36.00 0.07 1.77 0.00 0.00 0.00 3.00 7.00 11.00 7.00 11.00 3.00 0.00 0.00 0.00 0.00 0.00
413.00 18.00 11.00 37.00 87.00 26.00 50.00 0.08 1.52 0.00 0.00 0.00 6.00 13.00 12.00 5.00 13.00 5.00 0.00 0.00 0.00 0.00 0.00
414.00 15.00 12.00 30.00 75.00 18.00 45.00 0.09 0.51 1.00 0.00 0.00 5.00 12.00 10.00 3.00 15.00 0.00 0.00 0.00 0.00 0.00 0.00
415.00 18.00 18.00 45.00 86.00 27.00 41.00 0.10 1.49 0.00 1.00 0.00 6.00 11.00 12.00 7.00 14.00 4.00 0.00 0.00 0.00 0.00 0.00
416.00 12.00 4.00 18.00 44.00 14.00 26.00 0.08 0.63 0.00 1.00 0.00 2.00 6.00 10.00 6.00 8.00 4.00 0.00 0.00 0.00 0.00 0.00
417.00 13.00 5.00 26.00 65.00 21.00 39.00 0.08 0.54 0.00 1.00 0.00 7.00 8.00 6.00 5.00 8.00 5.00 0.00 0.00 0.00 0.00 0.00
418.00 14.00 10.00 31.00 64.00 21.00 33.00 0.09 1.60 0.00 1.00 0.00 3.00 9.00 11.00 5.00 13.00 1.00 0.00 0.00 1.00 0.00 0.00
419.00 18.00 10.00 40.00 83.00 30.00 43.00 0.09 2.92 0.00 0.00 0.00 4.00 9.00 14.00 9.00 12.00 6.00 0.00 0.00 0.00 0.00 0.00
420.00 12.00 8.00 25.00 56.00 17.00 31.00 0.08 3.01 0.00 1.00 0.00 2.00 8.00 10.00 4.00 12.00 0.00 0.00 0.00 0.00 0.00 0.00
421.00 11.00 6.00 25.00 52.00 19.00 27.00 0.09 4.32 0.00 0.00 0.00 2.00 5.00 9.00 6.00 9.00 2.00 0.00 0.00 0.00 0.00 0.00
422.00 16.00 6.00 30.00 80.00 24.00 50.00 0.08 3.44 1.00 2.00 0.50 6.00 10.00 10.00 6.00 14.00 2.00 0.00 0.00 0.00 0.00 0.00
423.00 14.00 11.00 31.00 71.00 20.00 40.00 0.07 1.66 1.00 0.00 0.00 4.00 8.00 10.00 6.00 11.00 3.00 0.00 0.00 0.00 0.00 0.00
424.00 18.00 21.00 45.00 87.00 24.00 42.00 0.09 1.52 0.00 1.00 0.00 8.00 11.00 10.00 7.00 14.00 4.00 0.00 0.00 0.00 0.00 0.00
425.00 12.00 8.00 28.00 58.00 20.00 30.00 0.08 1.84 0.00 0.00 0.00 4.00 7.00 8.00 5.00 8.00 4.00 0.00 0.00 0.00 0.00 0.00
426.00 12.00 8.00 25.00 62.00 17.00 37.00 0.06 1.93 1.00 0.00 0.00 4.00 5.00 8.00 7.00 8.00 4.00 0.00 0.00 0.00 0.00 0.00
427.00 16.00 11.00 32.00 76.00 21.00 44.00 0.09 0.72 0.00 1.00 0.00 6.00 11.00 10.00 5.00 13.00 3.00 0.00 0.00 0.00 0.00 0.00
428.00 16.00 12.00 40.00 77.00 28.00 37.00 0.07 1.59 0.00 2.00 0.00 4.00 10.00 12.00 6.00 13.00 3.00 0.00 0.00 0.00 0.00 0.00
429.00 19.00 13.00 43.00 89.00 30.00 46.00 0.08 0.70 0.00 3.00 0.00 6.00 13.00 13.00 6.00 17.00 2.00 0.00 0.00 0.00 0.00 0.00
430.00 18.00 19.00 43.00 83.00 24.00 40.00 0.07 0.67 0.00 2.00 0.00 3.00 9.00 15.00 9.00 13.00 5.00 0.00 0.00 0.00 0.00 0.00
431.00 14.00 11.00 33.00 73.00 22.00 40.00 0.10 0.58 0.00 2.00 0.00 7.00 8.00 7.00 6.00 9.00 5.00 0.00 0.00 0.00 0.00 0.00
432.00 16.00 8.00 32.00 76.00 24.00 44.00 0.08 2.64 0.00 1.00 0.00 5.00 11.00 11.00 5.00 13.00 3.00 0.00 0.00 0.00 0.00 1.00
433.00 9.00 1.00 9.00 39.00 8.00 30.00 0.08 0.89 0.00 1.00 0.00 4.00 7.00 5.00 2.00 7.00 2.00 0.00 0.00 0.00 0.00 0.00
434.00 13.00 11.00 31.00 60.00 20.00 29.00 0.08 2.64 0.00 1.00 0.00 4.00 9.00 9.00 4.00 10.00 3.00 0.00 0.00 0.00 0.00 0.00
435.00 11.00 5.00 20.00 53.00 15.00 33.00 0.09 3.06 0.00 1.00 0.00 5.00 6.00 6.00 5.00 9.00 2.00 0.00 0.00 0.00 0.00 0.00
436.00 14.00 14.00 32.00 66.00 18.00 34.00 0.06 1.63 0.00 2.00 0.00 4.00 11.00 10.00 3.00 12.00 2.00 0.00 0.00 0.00 0.00 0.00
437.00 7.00 3.00 11.00 30.00 8.00 19.00 0.10 2.45 0.00 0.00 0.00 0.00 4.00 7.00 3.00 6.00 1.00 0.00 0.00 0.00 0.00 0.00
438.00 14.00 16.00 34.00 69.00 18.00 35.00 0.09 2.57 0.00 0.00 0.00 2.00 6.00 12.00 8.00 7.00 7.00 0.00 0.00 0.00 1.00 0.00
439.00 13.00 8.00 23.00 61.00 15.00 38.00 0.08 0.61 0.00 1.00 0.00 7.00 10.00 6.00 3.00 11.00 2.00 0.00 0.00 0.00 0.00 0.00
440.00 10.00 0.00 12.00 43.00 12.00 31.00 0.07 2.43 0.00 1.00 0.00 2.00 7.00 8.00 3.00 8.00 2.00 0.00 0.00 0.00 0.00 0.00
441.00 13.00 12.00 28.00 62.00 16.00 34.00 0.09 1.64 0.00 1.00 0.00 3.00 9.00 10.00 4.00 11.00 2.00 0.00 0.00 0.00 0.00 0.00
442.00 7.00 0.00 6.00 31.00 6.00 25.00 0.06 0.96 0.00 0.00 0.00 3.00 6.00 4.00 1.00 7.00 0.00 0.00 0.00 0.00 0.00 0.00
443.00 11.00 10.00 25.00 48.00 15.00 23.00 0.08 0.35 0.00 0.00 0.00 4.00 7.00 7.00 4.00 8.00 3.00 0.00 0.00 0.00 0.00 0.00
444.00 14.00 16.00 33.00 66.00 17.00 33.00 0.07 1.58 0.00 0.00 0.00 2.00 6.00 12.00 8.00 12.00 2.00 0.00 0.00 0.00 0.00 0.00
445.00 12.00 7.00 24.00 59.00 17.00 35.00 0.09 1.66 0.00 0.00 0.00 5.00 6.00 7.00 6.00 8.00 4.00 0.00 0.00 0.00 0.00 0.00
446.00 9.00 7.00 18.00 43.00 11.00 25.00 0.08 0.41 0.00 0.00 0.00 4.00 8.00 5.00 1.00 8.00 1.00 0.00 0.00 1.00 0.00 0.00
447.00 7.00 4.00 12.00 32.00 8.00 20.00 0.09 0.21 0.00 0.00 0.00 3.00 5.00 4.00 2.00 6.00 1.00 0.00 0.00 0.00 0.00 0.00
448.00 11.00 5.00 19.00 55.00 14.00 36.00 0.09 0.70 0.00 0.00 0.00 4.00 8.00 7.00 3.00 10.00 1.00 0.00 0.00 0.00 0.00 0.00
449.00 11.00 9.00 23.00 53.00 14.00 30.00 0.09 0.42 0.00 0.00 0.00 1.00 7.00 10.00 4.00 9.00 2.00 0.00 0.00 0.00 0.00 0.00
450.00 14.00 8.00 34.00 66.00 26.00 32.00 0.09 1.52 0.00 0.00 0.00 4.00 7.00 10.00 7.00 11.00 3.00 0.00 0.00 0.00 0.00 0.00
451.00 6.00 1.00 7.00 27.00 6.00 20.00 0.09 0.19 0.00 0.00 0.00 4.00 5.00 2.00 1.00 5.00 1.00 0.00 0.00 0.00 0.00 0.00
452.00 13.00 7.00 28.00 63.00 21.00 35.00 0.09 0.45 0.00 0.00 0.00 5.00 7.00 8.00 6.00 11.00 2.00 0.00 0.00 0.00 0.00 0.00
453.00 13.00 5.00 26.00 63.00 21.00 37.00 0.10 0.41 0.00 0.00 0.00 6.00 6.00 7.00 7.00 8.00 5.00 0.00 0.00 0.00 0.00 0.00
454.00 14.00 13.00 36.00 75.00 23.00 39.00 0.09 0.43 0.00 1.00 0.00 2.00 6.00 12.00 8.00 10.00 4.00 0.00 0.00 0.00 0.00 0.00
455.00 15.00 14.00 35.00 73.00 21.00 38.00 0.08 0.46 0.00 0.00 0.00 5.00 11.00 10.00 4.00 14.00 1.00 0.00 0.00 0.00 0.00 0.00
456.00 12.00 8.00 27.00 59.00 19.00 32.00 0.09 0.35 0.00 0.00 0.00 4.00 7.00 8.00 5.00 9.00 3.00 0.00 0.00 0.00 0.00 0.00
457.00 17.00 16.00 36.00 80.00 20.00 44.00 0.09 2.90 0.00 0.00 0.00 8.00 9.00 9.00 8.00 12.00 5.00 0.00 0.00 0.00 0.00 0.00
458.00 12.00 8.00 30.00 60.00 22.00 30.00 0.08 1.70 0.00 0.00 0.00 0.00 4.00 12.00 8.00 10.00 2.00 0.00 0.00 1.00 0.00 0.00
459.00 14.00 15.00 36.00 68.00 21.00 32.00 0.09 0.44 0.00 2.00 0.00 5.00 8.00 9.00 6.00 11.00 3.00 0.00 0.00 0.00 0.00 0.00
460.00 15.00 19.00 43.00 77.00 24.00 34.00 0.09 0.39 0.00 1.00 0.00 5.00 9.00 10.00 6.00 12.00 3.00 0.00 0.00 0.00 0.00 1.00
461.00 11.00 5.00 22.00 47.00 17.00 25.00 0.08 0.37 0.00 1.00 0.00 3.00 9.00 8.00 2.00 10.00 1.00 0.00 0.00 0.00 0.00 0.00
462.00 8.00 0.00 10.00 31.00 10.00 21.00 0.09 0.29 0.00 0.00 0.00 4.00 6.00 4.00 2.00 8.00 0.00 0.00 0.00 0.00 0.00 0.00
463.00 8.00 4.00 16.00 36.00 12.00 20.00 0.08 0.30 0.00 1.00 0.00 2.00 4.00 6.00 4.00 8.00 0.00 0.00 0.00 0.00 0.00 0.00
464.00 14.00 12.00 31.00 64.00 19.00 33.00 0.09 0.50 0.00 1.00 0.00 3.00 8.00 11.00 6.00 11.00 3.00 0.00 0.00 0.00 0.00 0.00
465.00 11.00 9.00 23.00 46.00 14.00 23.00 0.09 0.34 0.00 1.00 0.00 6.00 7.00 5.00 4.00 9.00 2.00 0.00 0.00 0.00 0.00 0.00
466.00 13.00 8.00 21.00 57.00 13.00 36.00 0.09 0.84 0.00 0.00 0.00 4.00 8.00 9.00 5.00 9.00 4.00 0.00 0.00 0.00 0.00 0.00
467.00 11.00 4.00 17.00 48.00 13.00 31.00 0.09 0.65 0.00 1.00 0.00 4.00 7.00 7.00 4.00 9.00 2.00 0.00 0.00 0.00 0.00 0.00
468.00 11.00 7.00 24.00 54.00 17.00 30.00 0.09 0.41 0.00 1.00 0.00 6.00 6.00 5.00 5.00 7.00 4.00 0.00 0.00 0.00 0.00 0.00
469.00 13.00 9.00 29.00 64.00 20.00 35.00 0.08 0.47 0.00 1.00 0.00 4.00 8.00 9.00 5.00 10.00 3.00 0.00 0.00 0.00 0.00 0.00
470.00 11.00 5.00 21.00 50.00 16.00 29.00 0.09 0.49 0.00 0.00 0.00 5.00 6.00 6.00 5.00 10.00 1.00 0.00 0.00 0.00 0.00 0.00
471.00 12.00 10.00 26.00 53.00 16.00 27.00 0.08 2.73 0.00 1.00 0.00 6.00 8.00 6.00 4.00 10.00 2.00 0.00 0.00 0.00 0.00 0.00
472.00 16.00 14.00 39.00 72.00 25.00 33.00 0.07 1.42 0.00 1.00 0.00 5.00 10.00 11.00 6.00 13.00 3.00 0.00 0.00 0.00 0.00 0.00
473.00 15.00 17.00 37.00 66.00 20.00 29.00 0.09 0.47 0.00 0.00 0.00 4.00 10.00 11.00 5.00 13.00 2.00 0.00 0.00 0.00 0.00 0.00
474.00 4.00 0.00 3.00 14.00 3.00 11.00 0.07 0.16 0.00 0.00 0.00 2.00 4.00 2.00 0.00 4.00 0.00 0.00 0.00 0.00 0.00 0.00
475.00 15.00 14.00 34.00 65.00 20.00 31.00 0.08 3.07 0.00 1.00 0.00 5.00 7.00 10.00 8.00 9.00 6.00 0.00 0.00 0.00 0.00 0.00
476.00 13.00 12.00 28.00 60.00 16.00 32.00 0.08 3.72 0.00 1.00 0.00 5.00 9.00 8.00 4.00 11.00 2.00 0.00 0.00 0.00 0.00 0.00
477.00 16.00 19.00 41.00 77.00 22.00 36.00 0.08 2.37 0.00 2.00 0.00 1.00 6.00 15.00 10.00 9.00 7.00 0.00 0.00 0.00 0.00 0.00
478.00 13.00 8.00 27.00 58.00 19.00 31.00 0.10 1.51 0.00 1.00 0.00 8.00 10.00 5.00 3.00 10.00 3.00 0.00 0.00 0.00 0.00 0.00
479.00 19.00 24.00 53.00 98.00 29.00 45.00 0.08 2.11 0.00 0.00 0.00 8.00 11.00 11.00 8.00 13.00 6.00 0.00 0.00 0.00 1.00 0.00
480.00 19.00 19.00 47.00 86.00 28.00 39.00 0.09 2.89 0.00 0.00 0.00 6.00 12.00 13.00 7.00 13.00 6.00 0.00 0.00 0.00 0.00 0.00
481.00 18.00 9.00 39.00 81.00 30.00 42.00 0.08 2.31 0.00 2.00 0.00 9.00 13.00 9.00 5.00 16.00 2.00 0.00 0.00 0.00 0.00 0.00
482.00 13.00 11.00 30.00 63.00 19.00 33.00 0.09 0.39 0.00 1.00 0.00 4.00 8.00 9.00 5.00 11.00 2.00 0.00 0.00 0.00 0.00 0.00
483.00 15.00 11.00 31.00 67.00 20.00 36.00 0.07 2.40 0.00 1.00 0.00 6.00 8.00 9.00 7.00 10.00 5.00 0.00 0.00 0.00 0.00 0.00
484.00 11.00 5.00 21.00 50.00 16.00 29.00 0.09 0.41 0.00 1.00 0.00 2.00 5.00 9.00 6.00 7.00 4.00 0.00 0.00 0.00 0.00 0.00
485.00 16.00 18.00 40.00 76.00 22.00 36.00 0.08 1.60 0.00 1.00 0.00 4.00 8.00 12.00 8.00 12.00 4.00 0.00 0.00 0.00 0.00 0.00
486.00 14.00 10.00 31.00 64.00 21.00 33.00 0.09 1.65 0.00 1.00 0.00 5.00 7.00 9.00 7.00 11.00 3.00 0.00 0.00 0.00 0.00 0.00
487.00 11.00 7.00 23.00 54.00 16.00 31.00 0.09 0.45 0.00 0.00 0.00 4.00 6.00 7.00 5.00 8.00 3.00 0.00 0.00 0.00 0.00 0.00
488.00 13.00 6.00 24.00 62.00 18.00 38.00 0.10 1.77 0.00 1.00 0.00 5.00 7.00 8.00 6.00 11.00 2.00 0.00 0.00 0.00 0.00 0.00
489.00 10.00 5.00 25.00 46.00 20.00 21.00 0.09 0.33 0.00 0.00 0.00 6.00 9.00 4.00 1.00 9.00 1.00 0.00 0.00 0.00 0.00 0.00
490.00 11.00 11.00 26.00 53.00 15.00 27.00 0.09 0.37 0.00 1.00 0.00 2.00 4.00 9.00 7.00 7.00 4.00 0.00 0.00 0.00 0.00 0.00
491.00 15.00 19.00 40.00 69.00 21.00 29.00 0.08 0.47 0.00 1.00 0.00 7.00 11.00 8.00 4.00 13.00 2.00 0.00 0.00 0.00 0.00 0.00
492.00 13.00 11.00 27.00 56.00 16.00 29.00 0.08 1.89 0.00 1.00 0.00 6.00 8.00 7.00 5.00 10.00 3.00 0.00 0.00 0.00 0.00 0.00
493.00 12.00 9.00 30.00 56.00 21.00 26.00 0.08 0.41 0.00 0.00 0.00 4.00 7.00 8.00 5.00 11.00 1.00 0.00 0.00 1.00 0.00 0.00
494.00 12.00 8.00 23.00 48.00 15.00 25.00 0.08 1.79 0.00 0.00 0.00 2.00 9.00 10.00 3.00 11.00 1.00 0.00 0.00 0.00 0.00 0.00
495.00 4.00 0.00 4.00 15.00 4.00 11.00 0.10 0.20 0.00 0.00 0.00 2.00 4.00 2.00 0.00 4.00 0.00 0.00 0.00 0.00 0.00 0.00
496.00 13.00 8.00 27.00 60.00 19.00 33.00 0.08 1.82 0.00 0.00 0.00 7.00 9.00 6.00 4.00 12.00 1.00 0.00 0.00 0.00 0.00 0.00
497.00 3.00 0.00 2.00 12.00 2.00 10.00 0.08 0.12 0.00 0.00 0.00 2.00 3.00 1.00 0.00 3.00 0.00 0.00 0.00 0.00 0.00 0.00
498.00 6.00 3.00 8.00 25.00 5.00 17.00 0.09 2.94 0.00 0.00 0.00 2.00 5.00 4.00 1.00 5.00 1.00 0.00 0.00 0.00 0.00 0.00
499.00 6.00 0.00 0.00 12.00 0.00 12.00 0.08 4.62 0.00 0.00 0.00 3.00 5.00 3.00 1.00 6.00 0.00 0.00 0.00 0.00 0.00 0.00
500.00 4.00 0.00 2.00 15.00 2.00 13.00 0.08 0.22 0.00 0.00 0.00 3.00 3.00 1.00 1.00 4.00 0.00 0.00 0.00 0.00 0.00 0.00
501.00 4.00 0.00 1.00 9.00 1.00 8.00 0.07 0.18 0.00 0.00 0.00 2.00 4.00 2.00 0.00 4.00 0.00 0.00 0.00 0.00 0.00 0.00
502.00 3.00 0.00 0.00 5.00 0.00 5.00 0.07 0.31 0.00 0.00 0.00 2.00 3.00 1.00 0.00 3.00 0.00 0.00 0.00 0.00 0.00 0.00
503.00 5.00 1.00 2.00 12.00 1.00 10.00 0.08 3.04 0.00 0.00 0.00 1.00 4.00 4.00 1.00 5.00 0.00 0.00 0.00 0.00 0.00 0.00
504.00 2.00 0.00 0.00 3.00 0.00 3.00 0.09 0.20 0.00 0.00 0.00 2.00 2.00 0.00 0.00 2.00 0.00 0.00 0.00 0.00 0.00 0.00
