0.00 2.00 0.00 0.00 2.00 0.00 2.00 0.08 0.17 0.00 0.00 0.00 2.00 2.00 0.00 0.00 2.00 0.00 0.00 0.00 0.00 0.00 0.00
1.00 3.00 0.00 2.00 7.00 2.00 5.00 0.07 0.18 0.00 0.00 0.00 2.00 3.00 1.00 0.00 3.00 0.00 0.00 0.00 0.00 0.00 0.00
2.00 6.00 0.00 8.00 21.00 8.00 13.00 0.09 4.28 0.00 0.00 0.00 3.00 5.00 3.00 1.00 6.00 0.00 0.00 0.00 0.00 0.00 0.00
3.00 4.00 0.00 4.00 15.00 4.00 11.00 0.07 0.14 0.00 0.00 0.00 1.00 3.00 3.00 1.00 4.00 0.00 0.00 0.00 0.00 0.00 0.00
4.00 7.00 3.00 11.00 32.00 8.00 21.00 0.10 0.37 0.00 0.00 0.00 3.00 5.00 4.00 2.00 6.00 1.00 0.00 0.00 0.00 0.00 0.00
5.00 7.00 1.00 6.00 22.00 5.00 16.00 0.08 2.92 0.00 0.00 0.00 3.00 6.00 4.00 1.00 7.00 0.00 0.00 0.00 0.00 0.00 0.00
6.00 7.00 1.00 9.00 30.00 8.00 21.00 0.09 0.65 0.00 0.00 0.00 4.00 5.00 3.00 2.00 7.00 0.00 0.00 0.00 0.00 0.00 0.00
7.00 8.00 4.00 14.00 34.00 10.00 20.00 0.10 3.76 0.00 1.00 0.00 3.00 6.00 5.00 2.00 7.00 1.00 0.00 0.00 0.00 0.00 0.00
8.00 7.00 2.00 8.00 31.00 6.00 23.00 0.08 4.46 0.00 1.00 0.00 3.00 5.00 4.00 2.00 6.00 1.00 0.00 0.00 0.00 0.00 0.00
9.00 13.00 12.00 32.00 63.00 20.00 31.00 0.08 3.66 0.00 0.00 0.00 6.00 10.00 7.00 3.00 11.00 2.00 0.00 0.00 0.00 0.00 0.00
10.00 11.00 8.00 26.00 57.00 18.00 31.00 0.07 4.22 0.00 1.00 0.00 3.00 5.00 8.00 6.00 6.00 5.00 0.00 0.00 0.00 0.00 0.00
11.00 11.00 11.00 25.00 48.00 14.00 23.00 0.09 3.03 0.00 1.00 0.00 6.00 7.00 5.00 4.00 8.00 3.00 0.00 0.00 0.00 0.00 0.00
12.00 12.00 10.00 21.00 56.00 11.00 35.00 0.09 4.03 0.00 2.00 0.00 3.00 8.00 9.00 4.00 9.00 3.00 0.00 0.00 0.00 0.00 0.00
13.00 9.00 4.00 17.00 46.00 13.00 29.00 0.08 4.41 0.00 1.00 0.00 4.00 7.00 5.00 2.00 8.00 1.00 0.00 0.00 0.00 0.00 0.00
14.00 12.00 9.00 25.00 56.00 16.00 31.00 0.08 3.03 0.00 2.00 0.00 1.00 6.00 11.00 6.00 8.00 4.00 0.00 0.00 0.00 0.00 0.00
15.00 13.00 14.00 33.00 61.00 19.00 28.00 0.07 3.59 0.00 2.00 0.00 3.00 5.00 10.00 8.00 11.00 2.00 0.00 0.00 0.00 0.00 0.00
16.00 13.00 8.00 26.00 64.00 18.00 38.00 0.10 1.67 0.00 2.00 0.00 5.00 8.00 8.00 5.00 10.00 3.00 0.00 0.00 0.00 0.00 0.00
17.00 7.00 1.00 11.00 30.00 10.00 19.00 0.08 2.71 0.00 1.00 0.00 4.00 6.00 3.00 1.00 6.00 1.00 0.00 0.00 0.00 0.00 0.00
18.00 15.00 5.00 30.00 69.00 25.00 39.00 0.09 2.70 0.00 1.00 0.00 7.00 13.00 8.00 2.00 13.00 2.00 0.00 0.00 0.00 0.00 0.00
19.00 14.00 13.00 30.00 59.00 17.00 29.00 0.08 4.39 0.00 0.00 0.00 5.00 8.00 9.00 6.00 11.00 3.00 0.00 0.00 0.00 0.00 0.00
20.00 12.00 6.00 21.00 61.00 15.00 40.00 0.07 3.98 0.00 0.00 0.00 3.00 6.00 9.00 6.00 8.00 4.00 0.00 0.00 0.00 0.00 0.00
21.00 5.00 2.00 7.00 22.00 5.00 15.00 0.09 0.22 0.00 0.00 0.00 0.00 3.00 5.00 2.00 5.00 0.00 0.00 0.00 0.00 1.00 0.00
22.00 11.00 8.00 23.00 53.00 15.00 30.00 0.10 4.04 0.00 0.00 0.00 2.00 7.00 9.00 4.00 11.00 0.00 0.00 0.00 0.00 0.00 0.00
23.00 8.00 3.00 17.00 37.00 14.00 20.00 0.08 4.03 0.00 0.00 0.00 2.00 5.00 6.00 3.00 6.00 2.00 0.00 0.00 0.00 0.00 0.00
24.00 8.00 1.00 11.00 32.00 10.00 21.00 0.08 4.06 0.00 0.00 0.00 2.00 4.00 6.00 4.00 6.00 2.00 0.00 0.00 0.00 0.00 0.00
25.00 4.00 0.00 0.00 11.00 0.00 11.00 0.09 0.30 0.00 0.00 0.00 2.00 4.00 2.00 0.00 4.00 0.00 0.00 0.00 0.00 0.00 0.00
26.00 7.00 2.00 10.00 29.00 8.00 19.00 0.09 3.58 0.00 0.00 0.00 1.00 4.00 6.00 3.00 7.00 0.00 0.00 0.00 0.00 0.00 0.00
27.00 6.00 3.00 11.00 28.00 8.00 17.00 0.09 2.87 0.00 0.00 0.00 1.00 3.00 5.00 3.00 6.00 0.00 0.00 0.00 0.00 0.00 0.00
28.00 7.00 3.00 13.00 32.00 10.00 19.00 0.09 2.56 0.00 0.00 0.00 3.00 6.00 4.00 1.00 6.00 1.00 0.00 0.00 0.00 0.00 0.00
29.00 9.00 4.00 17.00 43.00 13.00 26.00 0.07 2.22 0.00 0.00 0.00 4.00 7.00 5.00 2.00 9.00 0.00 0.00 0.00 0.00 0.00 0.00
30.00 8.00 4.00 16.00 37.00 12.00 21.00 0.09 3.97 0.00 0.00 0.00 2.00 7.00 6.00 1.00 7.00 1.00 0.00 0.00 0.00 0.00 0.00
31.00 5.00 2.00 5.00 19.00 3.00 14.00 0.09 3.54 0.00 0.00 0.00 0.00 1.00 5.00 4.00 5.00 0.00 0.00 0.00 0.00 0.00 0.00
32.00 9.00 6.00 20.00 44.00 14.00 24.00 0.08 2.17 0.00 0.00 0.00 4.00 7.00 5.00 2.00 9.00 0.00 0.00 0.00 0.00 0.00 0.00
33.00 13.00 1.00 21.00 56.00 20.00 35.00 0.09 3.36 0.00 0.00 0.00 5.00 8.00 8.00 5.00 12.00 1.00 0.00 0.00 0.00 0.00 0.00
34.00 12.00 5.00 20.00 49.00 15.00 29.00 0.08 4.11 0.00 0.00 0.00 6.00 9.00 6.00 3.00 11.00 1.00 0.00 0.00 0.00 0.00 0.00
35.00 11.00 9.00 24.00 54.00 15.00 30.00 0.09 3.98 0.00 0.00 0.00 2.00 7.00 9.00 4.00 11.00 0.00 0.00 0.00 0.00 0.00 0.00
36.00 11.00 9.00 24.00 49.00 15.00 25.00 0.07 4.10 0.00 0.00 0.00 4.00 8.00 7.00 3.00 9.00 2.00 0.00 0.00 0.00 0.00 0.00
37.00 6.00 2.00 7.00 22.00 5.00 15.00 0.09 0.49 0.00 0.00 0.00 2.00 4.00 4.00 2.00 6.00 0.00 0.00 0.00 0.00 0.00 0.00
38.00 6.00 1.00 3.00 24.00 2.00 21.00 0.09 2.80 0.00 0.00 0.00 4.00 5.00 2.00 1.00 5.00 1.00 1.00 0.00 0.00 0.00 0.00
39.00 16.00 16.00 40.00 72.00 24.00 32.00 0.09 0.57 0.00 0.00 0.00 5.00 9.00 11.00 7.00 11.00 5.00 1.00 0.00 0.00 0.00 0.00
40.00 21.00 13.00 52.00 107.00 39.00 55.00 0.09 3.39 0.00 0.00 0.00 6.00 10.00 15.00 11.00 17.00 4.00 0.00 0.00 0.00 0.00 0.00
41.00 22.00 25.00 58.00 105.00 33.00 47.00 0.08 3.25 0.00 0.00 0.00 4.00 11.00 18.00 11.00 14.00 8.00 0.00 0.00 0.00 0.00 0.00
42.00 11.00 9.00 26.00 55.00 17.00 29.00 0.09 0.43 0.00 0.00 0.00 1.00 4.00 10.00 7.00 8.00 3.00 0.00 0.00 1.00 0.00 0.00
43.00 17.00 17.00 46.00 86.00 29.00 40.00 0.09 2.32 0.00 1.00 0.00 5.00 11.00 12.00 6.00 12.00 5.00 1.00 0.00 0.00 0.00 0.00
44.00 18.00 20.00 42.00 84.00 22.00 42.00 0.09 1.51 0.00 1.00 0.00 3.00 8.00 15.00 10.00 12.00 6.00 1.00 0.00 0.00 0.00 0.00
45.00 11.00 9.00 27.00 56.00 18.00 29.00 0.08 1.85 0.00 1.00 0.00 2.00 4.00 9.00 7.00 6.00 5.00 1.00 0.00 0.00 0.00 0.00
46.00 20.00 16.00 47.00 101.00 31.00 54.00 0.08 2.61 0.00 1.00 0.00 5.00 12.00 15.00 8.00 16.00 4.00 0.00 0.00 0.00 0.00 0.00
47.00 21.00 20.00 50.00 108.00 30.00 58.00 0.09 2.59 0.00 1.00 0.00 5.00 12.00 16.00 9.00 15.00 6.00 0.00 0.00 0.00 0.00 0.00
48.00 17.00 15.00 42.00 84.00 27.00 42.00 0.07 2.22 0.00 1.00 0.00 5.00 8.00 12.00 9.00 10.00 7.00 0.00 0.00 0.00 0.00 1.00
49.00 20.00 18.00 51.00 102.00 33.00 51.00 0.09 3.35 0.00 1.00 0.00 7.00 11.00 13.00 9.00 14.00 6.00 0.00 0.00 0.00 0.00 1.00
50.00 17.00 12.00 40.00 90.00 28.00 50.00 0.08 3.66 0.00 0.00 0.00 4.00 9.00 13.00 8.00 12.00 5.00 0.00 0.00 0.00 0.00 0.00
51.00 12.00 6.00 25.00 60.00 19.00 35.00 0.10 3.70 0.00 1.00 0.00 4.00 8.00 8.00 4.00 10.00 2.00 0.00 0.00 0.00 0.00 0.00
52.00 16.00 16.00 37.00 78.00 21.00 41.00 0.09 1.53 0.00 0.00 0.00 5.00 9.00 11.00 7.00 12.00 4.00 0.00 0.00 0.00 0.00 1.00
53.00 16.00 10.00 40.00 85.00 30.00 45.00 0.09 3.22 0.00 1.00 0.00 4.00 10.00 12.00 6.00 13.00 3.00 0.00 0.00 0.00 0.00 1.00
54.00 16.00 10.00 35.00 75.00 25.00 40.00 0.07 3.14 0.00 1.00 0.00 7.00 12.00 9.00 4.00 13.00 3.00 0.00 0.00 0.00 0.00 0.00
55.00 18.00 12.00 45.00 92.00 33.00 47.00 0.08 4.44 0.00 1.00 0.00 5.00 11.00 13.00 7.00 13.00 5.00 0.00 0.00 0.00 0.00 0.00
56.00 17.00 9.00 38.00 87.00 29.00 49.00 0.10 4.41 0.00 0.00 0.00 6.00 10.00 11.00 7.00 10.00 7.00 0.00 0.00 0.00 0.00 0.00
57.00 18.00 16.00 50.00 89.00 34.00 39.00 0.10 3.58 0.00 1.00 0.00 5.00 7.00 13.00 11.00 14.00 4.00 0.00 0.00 0.00 0.00 0.00
58.00 10.00 5.00 19.00 45.00 14.00 26.00 0.09 2.02 0.00 0.00 0.00 6.00 7.00 4.00 3.00 8.00 2.00 0.00 0.00 0.00 0.00 0.00
59.00 16.00 10.00 37.00 71.00 27.00 34.00 0.08 3.78 0.00 1.00 0.00 4.00 7.00 12.00 9.00 10.00 6.00 1.00 0.00 0.00 0.00 0.00
60.00 17.00 11.00 41.00 82.00 30.00 41.00 0.09 3.07 0.00 0.00 0.00 7.00 10.00 10.00 7.00 12.00 5.00 0.00 0.00 0.00 0.00 0.00
61.00 19.00 22.00 53.00 99.00 31.00 46.00 0.08 2.38 0.00 1.00 0.00 3.00 10.00 16.00 9.00 14.00 5.00 0.00 0.00 0.00 0.00 0.00
62.00 21.00 15.00 49.00 103.00 34.00 54.00 0.08 4.20 0.00 1.00 0.00 9.00 15.00 12.00 6.00 18.00 3.00 0.00 0.00 0.00 0.00 0.00
63.00 20.00 22.00 55.00 106.00 33.00 51.00 0.09 3.94 1.00 1.00 1.00 5.00 6.00 15.00 14.00 9.00 11.00 0.00 0.00 0.00 0.00 0.00
64.00 21.00 20.00 49.00 106.00 29.00 57.00 0.08 3.34 0.00 1.00 0.00 3.00 9.00 18.00 12.00 15.00 6.00 0.00 0.00 0.00 0.00 1.00
65.00 24.00 28.00 71.00 126.00 43.00 55.00 0.08 3.45 0.00 1.00 0.00 7.00 11.00 17.00 13.00 15.00 9.00 0.00 0.00 0.00 0.00 0.00
66.00 24.00 23.00 59.00 121.00 36.00 62.00 0.08 2.92 1.00 1.00 1.00 5.00 11.00 19.00 13.00 17.00 7.00 0.00 0.00 0.00 0.00 0.00
67.00 22.00 27.00 63.00 115.00 36.00 52.00 0.09 2.66 0.00 0.00 0.00 7.00 12.00 15.00 10.00 14.00 8.00 0.00 0.00 0.00 0.00 0.00
68.00 10.00 8.00 21.00 52.00 13.00 31.00 0.08 3.12 1.00 0.00 0.00 1.00 2.00 9.00 8.00 5.00 5.00 0.00 0.00 0.00 0.00 0.00
69.00 18.00 17.00 43.00 94.00 26.00 51.00 0.08 0.70 0.00 0.00 0.00 4.00 5.00 14.00 13.00 8.00 10.00 1.00 0.00 0.00 0.00 0.00
70.00 22.00 21.00 55.00 109.00 34.00 54.00 0.09 3.99 0.00 2.00 0.00 8.00 13.00 14.00 9.00 15.00 7.00 0.00 0.00 0.00 0.00 0.00
71.00 22.00 18.00 49.00 107.00 31.00 58.00 0.09 3.81 0.00 2.00 0.00 4.00 8.00 18.00 14.00 12.00 10.00 0.00 0.00 0.00 0.00 0.00
72.00 25.00 18.00 61.00 117.00 43.00 56.00 0.08 3.10 0.00 2.00 0.00 6.00 14.00 19.00 11.00 18.00 7.00 0.00 0.00 0.00 0.00 0.00
73.00 13.00 7.00 30.00 65.00 23.00 35.00 0.09 3.64 0.00 2.00 0.00 1.00 7.00 12.00 6.00 11.00 2.00 0.00 0.00 0.00 0.00 0.00
74.00 24.00 28.00 59.00 121.00 31.00 62.00 0.09 2.61 0.00 1.00 0.00 3.00 9.00 21.00 15.00 14.00 10.00 0.00 0.00 0.00 0.00 0.00
75.00 25.00 26.00 67.00 123.00 41.00 56.00 0.10 2.41 0.00 1.00 0.00 6.00 12.00 19.00 13.00 17.00 8.00 0.00 0.00 0.00 0.00 0.00
76.00 26.00 23.00 56.00 112.00 33.00 56.00 0.09 3.25 0.00 1.00 0.00 8.00 16.00 18.00 10.00 20.00 6.00 0.00 0.00 0.00 0.00 0.00
77.00 21.00 18.00 49.00 104.00 31.00 55.00 0.08 3.10 0.00 0.00 0.00 7.00 9.00 14.00 12.00 16.00 5.00 0.00 0.00 0.00 0.00 0.00
78.00 24.00 20.00 59.00 118.00 39.00 59.00 0.09 2.52 0.00 3.00 0.00 5.00 13.00 19.00 11.00 17.00 7.00 0.00 0.00 0.00 0.00 0.00
79.00 29.00 33.00 76.00 134.00 43.00 58.00 0.08 3.49 0.00 3.00 0.00 9.00 17.00 20.00 12.00 21.00 8.00 0.00 0.00 0.00 0.00 0.00
80.00 21.00 24.00 57.00 106.00 33.00 49.00 0.08 2.87 0.00 3.00 0.00 4.00 10.00 17.00 11.00 15.00 6.00 0.00 0.00 0.00 0.00 0.00
81.00 29.00 32.00 78.00 143.00 46.00 65.00 0.08 1.89 0.00 2.00 0.00 9.00 15.00 20.00 14.00 21.00 8.00 0.00 0.00 0.00 1.00 0.00
82.00 25.00 25.00 61.00 120.00 36.00 59.00 0.09 4.13 0.00 1.00 0.00 4.00 11.00 21.00 14.00 16.00 9.00 0.00 0.00 0.00 0.00 0.00
83.00 28.00 32.00 82.00 144.00 50.00 62.00 0.09 4.75 0.00 2.00 0.00 6.00 11.00 22.00 17.00 17.00 11.00 1.00 0.00 0.00 0.00 0.00
84.00 34.00 48.00 100.00 170.00 52.00 70.00 0.09 4.08 0.00 3.00 0.00 7.00 16.00 27.00 18.00 24.00 10.00 2.00 0.00 0.00 0.00 0.00
85.00 26.00 27.00 75.00 134.00 48.00 59.00 0.09 4.19 0.00 2.00 0.00 3.00 11.00 23.00 15.00 18.00 8.00 0.00 0.00 0.00 0.00 0.00
86.00 27.00 28.00 79.00 141.00 51.00 62.00 0.09 4.14 0.00 4.00 0.00 6.00 11.00 21.00 16.00 17.00 10.00 1.00 0.00 0.00 0.00 0.00
87.00 27.00 34.00 78.00 143.00 44.00 65.00 0.09 4.79 0.00 5.00 0.00 4.00 12.00 23.00 15.00 19.00 8.00 1.00 0.00 1.00 0.00 0.00
88.00 32.00 32.00 79.00 158.00 47.00 79.00 0.08 4.92 0.00 4.00 0.00 9.00 15.00 23.00 17.00 21.00 11.00 1.00 0.00 0.00 0.00 0.00
89.00 31.00 36.00 88.00 153.00 52.00 65.00 0.08 4.50 0.00 5.00 0.00 8.00 13.00 23.00 18.00 16.00 15.00 1.00 0.00 0.00 0.00 0.00
90.00 32.00 46.00 96.00 171.00 50.00 75.00 0.07 4.82 0.00 4.00 0.00 4.00 11.00 28.00 21.00 15.00 17.00 1.00 0.00 0.00 1.00 0.00
91.00 29.00 41.00 94.00 156.00 53.00 62.00 0.09 4.69 0.00 3.00 0.00 5.00 10.00 24.00 19.00 14.00 15.00 1.00 0.00 0.00 0.00 0.00
92.00 24.00 23.00 65.00 125.00 42.00 60.00 0.09 5.10 0.00 3.00 0.00 9.00 13.00 15.00 11.00 17.00 7.00 0.00 0.00 0.00 0.00 0.00
93.00 29.00 32.00 79.00 144.00 47.00 65.00 0.08 4.78 1.00 3.00 0.33 8.00 14.00 21.00 15.00 17.00 12.00 0.00 0.00 0.00 0.00 0.00
94.00 26.00 27.00 72.00 133.00 45.00 61.00 0.09 4.89 0.00 3.00 0.00 8.00 16.00 18.00 10.00 18.00 8.00 0.00 0.00 0.00 0.00 0.00
95.00 30.00 35.00 86.00 151.00 51.00 65.00 0.09 4.47 0.00 2.00 0.00 10.00 17.00 20.00 13.00 19.00 11.00 0.00 0.00 0.00 0.00 0.00
96.00 29.00 41.00 84.00 143.00 43.00 59.00 0.08 4.92 0.00 2.00 0.00 5.00 13.00 24.00 16.00 17.00 12.00 0.00 0.00 0.00 0.00 0.00
97.00 29.00 42.00 87.00 144.00 45.00 57.00 0.06 4.76 0.00 3.00 0.00 8.00 17.00 21.00 12.00 19.00 10.00 1.00 0.00 0.00 0.00 0.00
98.00 24.00 20.00 59.00 113.00 39.00 54.00 0.08 4.65 0.00 3.00 0.00 7.00 11.00 17.00 13.00 13.00 11.00 1.00 0.00 0.00 0.00 0.00
99.00 25.00 22.00 61.00 128.00 39.00 67.00 0.09 4.75 0.00 2.00 0.00 6.00 10.00 19.00 15.00 13.00 12.00 1.00 0.00 0.00 0.00 0.00
100.00 33.00 39.00 96.00 169.00 57.00 73.00 0.08 4.47 0.00 2.00 0.00 7.00 16.00 26.00 17.00 19.00 14.00 1.00 0.00 1.00 0.00 0.00
101.00 29.00 35.00 82.00 140.00 47.00 58.00 0.09 3.74 0.00 3.00 0.00 4.00 13.00 25.00 16.00 24.00 5.00 0.00 0.00 0.00 0.00 0.00
102.00 22.00 20.00 51.00 103.00 31.00 52.00 0.06 3.63 0.00 3.00 0.00 7.00 15.00 15.00 7.00 16.00 6.00 0.00 0.00 1.00 0.00 0.00
103.00 32.00 32.00 92.00 164.00 60.00 72.00 0.09 4.73 0.00 3.00 0.00 7.00 12.00 25.00 20.00 20.00 12.00 0.00 0.00 1.00 0.00 0.00
104.00 29.00 33.00 84.00 157.00 51.00 73.00 0.09 4.91 0.00 4.00 0.00 6.00 10.00 23.00 19.00 15.00 14.00 0.00 0.00 0.00 0.00 0.00
105.00 28.00 37.00 88.00 150.00 51.00 62.00 0.08 4.42 0.00 3.00 0.00 8.00 13.00 20.00 15.00 21.00 7.00 0.00 0.00 0.00 0.00 0.00
106.00 32.00 43.00 86.00 161.00 43.00 75.00 0.10 4.85 0.00 2.00 0.00 10.00 18.00 22.00 14.00 24.00 8.00 1.00 0.00 0.00 1.00 0.00
107.00 30.00 40.00 85.00 148.00 45.00 63.00 0.07 3.98 0.00 4.00 0.00 7.00 16.00 23.00 14.00 22.00 8.00 0.00 0.00 0.00 0.00 0.00
108.00 31.00 42.00 94.00 160.00 52.00 66.00 0.08 4.46 0.00 3.00 0.00 7.00 15.00 24.00 16.00 23.00 8.00 0.00 0.00 0.00 0.00 0.00
109.00 35.00 46.00 105.00 176.00 59.00 71.00 0.10 4.78 1.00 3.00 0.33 7.00 16.00 28.00 19.00 22.00 13.00 1.00 0.00 0.00 0.00 0.00
110.00 35.00 49.00 104.00 175.00 55.00 71.00 0.08 4.71 1.00 5.00 0.20 6.00 15.00 29.00 20.00 19.00 16.00 0.00 0.00 0.00 1.00 0.00
111.00 33.00 46.00 98.00 165.00 52.00 67.00 0.08 4.86 0.00 4.00 0.00 6.00 14.00 27.00 19.00 18.00 15.00 0.00 0.00 0.00 0.00 0.00
112.00 36.00 45.00 99.00 180.00 54.00 81.00 0.09 4.50 0.00 3.00 0.00 8.00 17.00 28.00 19.00 23.00 13.00 0.00 0.00 1.00 0.00 0.00
113.00 37.00 50.00 101.00 174.00 51.00 73.00 0.09 4.80 0.00 4.00 0.00 9.00 17.00 28.00 20.00 26.00 11.00 0.00 0.00 0.00 0.00 0.00
114.00 34.00 37.00 95.00 169.00 58.00 74.00 0.09 4.05 0.00 3.00 0.00 6.00 15.00 28.00 19.00 20.00 14.00 1.00 0.00 0.00 0.00 0.00
115.00 32.00 45.00 91.00 163.00 46.00 72.00 0.10 4.83 1.00 2.00 0.50 10.00 16.00 22.00 16.00 22.00 10.00 0.00 0.00 0.00 0.00 0.00
116.00 39.00 51.00 117.00 203.00 66.00 86.00 0.09 4.53 2.00 5.00 0.40 9.00 14.00 30.00 25.00 21.00 18.00 0.00 0.00 0.00 0.00 0.00
117.00 35.00 51.00 105.00 176.00 54.00 71.00 0.10 4.33 1.00 4.00 0.25 9.00 17.00 26.00 18.00 21.00 14.00 0.00 0.00 0.00 0.00 1.00
118.00 32.00 44.00 95.00 166.00 51.00 71.00 0.09 4.58 1.00 3.00 0.33 11.00 14.00 21.00 18.00 17.00 15.00 0.00 0.00 0.00 0.00 0.00
119.00 34.00 47.00 97.00 170.00 50.00 73.00 0.08 4.94 1.00 3.00 0.33 6.00 12.00 28.00 22.00 16.00 18.00 0.00 0.00 1.00 1.00 0.00
120.00 34.00 59.00 115.00 176.00 56.00 61.00 0.08 4.56 1.00 5.00 0.20 6.00 12.00 28.00 22.00 19.00 15.00 0.00 0.00 0.00 0.00 0.00
121.00 33.00 41.00 102.00 174.00 61.00 72.00 0.09 4.72 2.00 4.00 0.50 8.00 14.00 25.00 19.00 20.00 13.00 0.00 0.00 0.00 0.00 0.00
122.00 29.00 34.00 84.00 150.00 50.00 66.00 0.09 4.56 1.00 5.00 0.20 6.00 10.00 23.00 19.00 16.00 13.00 0.00 0.00 0.00 0.00 0.00
123.00 28.00 40.00 86.00 148.00 46.00 62.00 0.08 4.76 1.00 3.00 0.33 6.00 9.00 22.00 19.00 19.00 9.00 0.00 0.00 0.00 0.00 0.00
124.00 33.00 50.00 97.00 160.00 47.00 63.00 0.09 4.50 1.00 3.00 0.33 8.00 13.00 25.00 20.00 24.00 9.00 0.00 0.00 0.00 1.00 0.00
125.00 30.00 40.00 90.00 159.00 50.00 69.00 0.09 4.75 1.00 3.00 0.33 8.00 16.00 22.00 14.00 20.00 10.00 1.00 0.00 0.00 0.00 0.00
126.00 28.00 38.00 87.00 143.00 49.00 56.00 0.09 4.90 0.00 4.00 0.00 7.00 11.00 21.00 17.00 13.00 15.00 1.00 0.00 0.00 0.00 0.00
127.00 30.00 24.00 81.00 149.00 57.00 68.00 0.08 4.74 0.00 3.00 0.00 7.00 12.00 23.00 18.00 16.00 14.00 1.00 0.00 0.00 0.00 0.00
128.00 33.00 40.00 100.00 178.00 60.00 78.00 0.08 4.71 0.00 5.00 0.00 5.00 14.00 28.00 19.00 21.00 12.00 0.00 0.00 2.00 0.00 0.00
129.00 31.00 47.00 96.00 163.00 49.00 67.00 0.09 4.63 0.00 4.00 0.00 6.00 13.00 25.00 18.00 19.00 12.00 0.00 0.00 0.00 0.00 0.00
130.00 30.00 36.00 89.00 152.00 53.00 63.00 0.08 4.48 0.00 2.00 0.00 8.00 14.00 22.00 16.00 24.00 6.00 0.00 0.00 0.00 0.00 0.00
131.00 31.00 34.00 91.00 157.00 57.00 66.00 0.09 4.71 0.00 4.00 0.00 8.00 16.00 23.00 15.00 20.00 11.00 1.00 0.00 1.00 0.00 0.00
132.00 33.00 54.00 103.00 171.00 49.00 68.00 0.10 4.48 0.00 5.00 0.00 4.00 11.00 29.00 22.00 16.00 17.00 1.00 0.00 0.00 0.00 0.00
133.00 38.00 51.00 108.00 186.00 57.00 78.00 0.09 4.54 0.00 3.00 0.00 6.00 15.00 32.00 23.00 29.00 9.00 0.00 0.00 0.00 0.00 0.00
134.00 33.00 56.00 105.00 165.00 49.00 60.00 0.09 4.85 0.00 6.00 0.00 4.00 10.00 29.00 23.00 15.00 18.00 0.00 0.00 0.00 0.00 0.00
135.00 41.00 68.00 121.00 195.00 53.00 74.00 0.08 4.84 0.00 5.00 0.00 9.00 17.00 32.00 24.00 24.00 17.00 0.00 0.00 0.00 0.00 0.00
136.00 35.00 42.00 109.00 188.00 67.00 79.00 0.09 4.89 1.00 5.00 0.20 6.00 18.00 29.00 17.00 22.00 13.00 0.00 0.00 0.00 0.00 0.00
137.00 35.00 36.00 100.00 182.00 64.00 82.00 0.08 4.81 1.00 4.00 0.25 11.00 21.00 24.00 14.00 26.00 9.00 0.00 0.00 0.00 0.00 1.00
138.00 34.00 56.00 107.00 175.00 51.00 68.00 0.09 4.84 0.00 3.00 0.00 5.00 10.00 29.00 24.00 18.00 16.00 0.00 0.00 0.00 0.00 0.00
139.00 35.00 54.00 100.00 175.00 46.00 75.00 0.08 5.12 0.00 4.00 0.00 6.00 10.00 29.00 25.00 16.00 19.00 0.00 0.00 0.00 0.00 0.00
140.00 32.00 39.00 97.00 164.00 58.00 67.00 0.08 4.95 1.00 6.00 0.17 6.00 13.00 26.00 19.00 23.00 9.00 0.00 0.00 0.00 0.00 0.00
141.00 28.00 38.00 83.00 139.00 45.00 56.00 0.09 5.03 1.00 4.00 0.25 6.00 9.00 22.00 19.00 13.00 15.00 0.00 0.00 0.00 0.00 0.00
142.00 32.00 51.00 99.00 166.00 48.00 67.00 0.09 4.82 0.00 5.00 0.00 6.00 15.00 26.00 17.00 21.00 11.00 0.00 0.00 0.00 0.00 0.00
143.00 34.00 56.00 108.00 172.00 52.00 64.00 0.08 4.86 0.00 5.00 0.00 3.00 10.00 31.00 24.00 21.00 13.00 0.00 0.00 0.00 0.00 0.00
144.00 29.00 38.00 83.00 145.00 45.00 62.00 0.08 4.83 1.00 5.00 0.20 5.00 10.00 24.00 19.00 16.00 13.00 0.00 0.00 0.00 0.00 0.00
145.00 33.00 54.00 107.00 167.00 53.00 60.00 0.09 4.55 1.00 6.00 0.17 5.00 12.00 28.00 21.00 19.00 14.00 0.00 0.00 0.00 0.00 0.00
146.00 30.00 41.00 93.00 152.00 52.00 59.00 0.09 4.86 0.00 4.00 0.00 7.00 14.00 23.00 16.00 16.00 14.00 0.00 0.00 0.00 0.00 1.00
147.00 31.00 47.00 99.00 159.00 52.00 60.00 0.09 4.57 0.00 5.00 0.00 2.00 10.00 29.00 21.00 16.00 15.00 0.00 0.00 0.00 0.00 0.00
148.00 34.00 46.00 98.00 176.00 52.00 78.00 0.09 4.83 0.00 5.00 0.00 10.00 21.00 24.00 13.00 25.00 9.00 0.00 0.00 0.00 0.00 0.00
149.00 36.00 45.00 107.00 175.00 62.00 68.00 0.09 4.93 0.00 5.00 0.00 6.00 11.00 30.00 25.00 19.00 17.00 0.00 0.00 0.00 0.00 0.00
150.00 39.00 59.00 119.00 209.00 60.00 90.00 0.09 4.80 0.00 3.00 0.00 9.00 14.00 30.00 25.00 23.00 16.00 0.00 0.00 0.00 0.00 0.00
151.00 33.00 56.00 104.00 170.00 48.00 66.00 0.08 4.76 0.00 6.00 0.00 6.00 12.00 27.00 21.00 17.00 16.00 0.00 0.00 0.00 0.00 0.00
152.00 34.00 57.00 108.00 178.00 51.00 70.00 0.07 4.79 0.00 3.00 0.00 4.00 8.00 30.00 26.00 14.00 20.00 0.00 0.00 1.00 0.00 0.00
153.00 36.00 61.00 115.00 184.00 54.00 69.00 0.07 4.86 0.00 5.00 0.00 4.00 8.00 32.00 28.00 18.00 18.00 0.00 0.00 0.00 1.00 1.00
154.00 36.00 58.00 111.00 178.00 53.00 67.00 0.08 4.63 0.00 5.00 0.00 11.00 20.00 25.00 16.00 24.00 12.00 0.00 0.00 0.00 0.00 0.00
155.00 31.00 39.00 98.00 166.00 59.00 68.00 0.08 4.70 0.00 4.00 0.00 4.00 15.00 27.00 16.00 20.00 11.00 0.00 0.00 0.00 0.00 0.00
156.00 38.00 63.00 118.00 189.00 55.00 71.00 0.09 4.85 0.00 3.00 0.00 8.00 17.00 30.00 21.00 20.00 18.00 1.00 0.00 0.00 0.00 0.00
157.00 41.00 56.00 132.00 208.00 76.00 76.00 0.08 4.67 0.00 2.00 0.00 8.00 18.00 33.00 23.00 24.00 17.00 0.00 0.00 0.00 0.00 0.00
158.00 37.00 54.00 111.00 187.00 57.00 76.00 0.08 4.72 0.00 4.00 0.00 9.00 21.00 28.00 16.00 27.00 10.00 1.00 0.00 0.00 0.00 0.00
159.00 36.00 43.00 98.00 179.00 55.00 81.00 0.09 4.83 0.00 4.00 0.00 11.00 18.00 25.00 18.00 22.00 14.00 1.00 0.00 0.00 0.00 0.00
160.00 37.00 57.00 107.00 174.00 50.00 67.00 0.09 4.59 0.00 5.00 0.00 10.00 16.00 27.00 21.00 23.00 14.00 1.00 0.00 0.00 0.00 0.00
161.00 35.00 52.00 106.00 171.00 54.00 65.00 0.09 4.70 0.00 4.00 0.00 10.00 16.00 25.00 19.00 22.00 13.00 1.00 0.00 1.00 0.00 0.00
162.00 38.00 56.00 104.00 181.00 48.00 77.00 0.07 4.70 0.00 4.00 0.00 10.00 17.00 28.00 21.00 24.00 14.00 1.00 0.00 0.00 0.00 0.00
163.00 33.00 42.00 88.00 160.00 46.00 72.00 0.09 4.98 0.00 5.00 0.00 6.00 17.00 27.00 16.00 21.00 12.00 1.00 0.00 0.00 0.00 0.00
164.00 40.00 57.00 120.00 192.00 63.00 72.00 0.08 4.64 0.00 7.00 0.00 9.00 18.00 31.00 22.00 22.00 18.00 1.00 0.00 0.00 0.00 0.00
165.00 35.00 51.00 107.00 176.00 56.00 69.00 0.09 4.95 1.00 4.00 0.25 5.00 13.00 30.00 22.00 24.00 11.00 0.00 0.00 0.00 0.00 0.00
166.00 40.00 44.00 109.00 193.00 65.00 84.00 0.09 4.75 0.00 3.00 0.00 11.00 20.00 29.00 20.00 27.00 13.00 0.00 1.00 0.00 0.00 0.00
167.00 30.00 36.00 84.00 151.00 48.00 67.00 0.09 4.58 0.00 3.00 0.00 9.00 17.00 21.00 13.00 20.00 10.00 0.00 0.00 0.00 0.00 0.00
168.00 38.00 55.00 112.00 191.00 57.00 79.00 0.07 5.04 1.00 4.00 0.25 7.00 15.00 31.00 23.00 21.00 17.00 0.00 0.00 0.00 0.00 0.00
169.00 29.00 37.00 84.00 150.00 47.00 66.00 0.09 4.91 1.00 3.00 0.33 3.00 10.00 26.00 19.00 16.00 13.00 0.00 0.00 0.00 0.00 0.00
170.00 31.00 39.00 96.00 158.00 57.00 62.00 0.09 4.88 0.00 4.00 0.00 4.00 19.00 27.00 12.00 21.00 10.00 1.00 0.00 0.00 0.00 0.00
171.00 36.00 60.00 104.00 174.00 44.00 70.00 0.09 4.57 0.00 4.00 0.00 8.00 20.00 28.00 16.00 28.00 8.00 1.00 0.00 0.00 0.00 0.00
172.00 36.00 60.00 115.00 180.00 55.00 65.00 0.07 4.51 0.00 5.00 0.00 5.00 14.00 31.00 22.00 19.00 17.00 0.00 0.00 0.00 0.00 0.00
173.00 39.00 61.00 116.00 194.00 55.00 78.00 0.09 4.95 0.00 5.00 0.00 6.00 18.00 33.00 21.00 26.00 13.00 0.00 0.00 0.00 0.00 0.00
174.00 39.00 54.00 114.00 197.00 60.00 83.00 0.08 4.83 0.00 5.00 0.00 10.00 19.00 29.00 20.00 26.00 13.00 0.00 0.00 0.00 0.00 0.00
175.00 30.00 27.00 83.00 159.00 56.00 76.00 0.10 4.90 0.00 5.00 0.00 6.00 15.00 24.00 15.00 20.00 10.00 0.00 0.00 1.00 0.00 0.00
176.00 39.00 57.00 112.00 191.00 55.00 79.00 0.10 5.35 0.00 6.00 0.00 9.00 16.00 30.00 23.00 25.00 14.00 0.00 0.00 0.00 0.00 1.00
177.00 37.00 63.00 119.00 190.00 56.00 71.00 0.09 4.84 0.00 5.00 0.00 9.00 13.00 28.00 24.00 16.00 21.00 0.00 0.00 0.00 1.00 1.00
178.00 39.00 64.00 123.00 197.00 59.00 74.00 0.07 4.91 0.00 6.00 0.00 7.00 17.00 32.00 22.00 24.00 15.00 1.00 0.00 0.00 0.00 0.00
179.00 33.00 48.00 102.00 174.00 54.00 72.00 0.07 4.83 0.00 6.00 0.00 5.00 9.00 28.00 24.00 13.00 20.00 1.00 0.00 1.00 0.00 0.00
180.00 37.00 59.00 113.00 181.00 54.00 68.00 0.09 4.80 0.00 5.00 0.00 9.00 15.00 28.00 22.00 23.00 14.00 0.00 0.00 0.00 1.00 0.00
181.00 40.00 61.00 121.00 201.00 60.00 80.00 0.09 4.90 0.00 6.00 0.00 7.00 17.00 33.00 23.00 23.00 17.00 0.00 0.00 1.00 0.00 0.00
182.00 37.00 52.00 113.00 190.00 61.00 77.00 0.09 4.78 0.00 6.00 0.00 9.00 14.00 28.00 23.00 18.00 19.00 0.00 0.00 0.00 0.00 0.00
183.00 35.00 42.00 104.00 176.00 62.00 72.00 0.08 4.88 0.00 6.00 0.00 7.00 17.00 28.00 18.00 22.00 13.00 0.00 0.00 0.00 0.00 0.00
184.00 33.00 47.00 97.00 169.00 50.00 72.00 0.07 4.86 0.00 7.00 0.00 4.00 11.00 29.00 22.00 19.00 14.00 0.00 0.00 0.00 0.00 0.00
185.00 36.00 66.00 114.00 190.00 48.00 76.00 0.09 4.91 0.00 6.00 0.00 4.00 8.00 32.00 28.00 18.00 18.00 0.00 0.00 0.00 0.00 0.00
186.00 37.00 31.00 104.00 186.00 73.00 82.00 0.08 4.90 0.00 6.00 0.00 7.00 14.00 30.00 23.00 22.00 15.00 0.00 0.00 0.00 0.00 0.00
187.00 37.00 49.00 113.00 192.00 64.00 79.00 0.09 4.94 0.00 5.00 0.00 6.00 11.00 31.00 26.00 21.00 16.00 1.00 0.00 0.00 0.00 0.00
188.00 33.00 34.00 95.00 173.00 61.00 78.00 0.10 5.02 0.00 4.00 0.00 9.00 17.00 24.00 16.00 21.00 12.00 1.00 0.00 0.00 0.00 0.00
189.00 19.00 15.00 46.00 89.00 31.00 43.00 0.08 4.01 0.00 3.00 0.00 5.00 8.00 14.00 11.00 11.00 8.00 0.00 0.00 0.00 0.00 0.00
190.00 35.00 57.00 108.00 177.00 51.00 69.00 0.08 4.86 0.00 5.00 0.00 9.00 14.00 26.00 21.00 18.00 17.00 0.00 0.00 0.00 0.00 0.00
191.00 37.00 52.00 118.00 195.00 66.00 77.00 0.08 4.79 0.00 5.00 0.00 5.00 11.00 32.00 26.00 19.00 18.00 0.00 0.00 1.00 0.00 0.00
192.00 41.00 64.00 128.00 209.00 64.00 81.00 0.09 5.03 0.00 5.00 0.00 7.00 16.00 34.00 25.00 24.00 17.00 0.00 0.00 2.00 0.00 0.00
193.00 34.00 24.00 101.00 177.00 77.00 76.00 0.08 5.06 0.00 4.00 0.00 7.00 18.00 27.00 16.00 22.00 12.00 0.00 0.00 1.00 0.00 0.00
194.00 34.00 51.00 105.00 170.00 54.00 65.00 0.09 4.95 0.00 6.00 0.00 7.00 16.00 27.00 18.00 20.00 14.00 0.00 0.00 0.00 0.00 0.00
195.00 38.00 56.00 117.00 196.00 61.00 79.00 0.09 4.93 1.00 6.00 0.17 6.00 16.00 32.00 22.00 19.00 19.00 0.00 0.00 0.00 0.00 0.00
196.00 40.00 68.00 131.00 205.00 63.00 74.00 0.08 4.98 1.00 4.00 0.25 4.00 12.00 36.00 28.00 23.00 17.00 0.00 0.00 0.00 0.00 0.00
197.00 38.00 55.00 119.00 195.00 64.00 76.00 0.09 4.81 1.00 3.00 0.33 7.00 15.00 31.00 23.00 26.00 12.00 0.00 0.00 0.00 0.00 1.00
198.00 34.00 40.00 101.00 175.00 61.00 74.00 0.08 4.97 0.00 4.00 0.00 5.00 10.00 29.00 24.00 23.00 11.00 0.00 0.00 0.00 0.00 0.00
199.00 31.00 45.00 90.00 155.00 45.00 65.00 0.09 4.90 1.00 4.00 0.25 6.00 11.00 25.00 20.00 20.00 11.00 0.00 0.00 0.00 0.00 0.00
200.00 38.00 66.00 119.00 197.00 53.00 78.00 0.10 4.88 0.00 5.00 0.00 10.00 14.00 28.00 24.00 24.00 14.00 0.00 0.00 0.00 0.00 0.00
201.00 34.00 56.00 105.00 166.00 49.00 61.00 0.08 4.92 1.00 5.00 0.20 4.00 11.00 30.00 23.00 24.00 10.00 1.00 0.00 0.00 0.00 0.00
202.00 35.00 54.00 106.00 176.00 52.00 70.00 0.07 4.88 0.00 5.00 0.00 8.00 13.00 27.00 22.00 20.00 15.00 1.00 0.00 0.00 0.00 0.00
203.00 33.00 42.00 95.00 164.00 53.00 69.00 0.08 4.94 0.00 4.00 0.00 9.00 15.00 24.00 18.00 21.00 12.00 0.00 0.00 2.00 0.00 0.00
204.00 35.00 52.00 114.00 184.00 62.00 70.00 0.08 4.82 0.00 5.00 0.00 7.00 12.00 28.00 23.00 19.00 16.00 0.00 0.00 2.00 0.00 0.00
205.00 41.00 56.00 127.00 209.00 71.00 82.00 0.08 5.01 0.00 5.00 0.00 6.00 15.00 35.00 26.00 20.00 21.00 0.00 0.00 0.00 2.00 0.00
206.00 42.00 75.00 129.00 212.00 54.00 83.00 0.08 4.94 0.00 5.00 0.00 8.00 18.00 34.00 24.00 22.00 20.00 0.00 0.00 2.00 1.00 0.00
207.00 42.00 64.00 132.00 214.00 68.00 82.00 0.09 4.87 1.00 5.00 0.20 10.00 20.00 32.00 22.00 27.00 15.00 1.00 0.00 1.00 0.00 0.00
208.00 38.00 53.00 119.00 196.00 66.00 77.00 0.08 4.72 1.00 5.00 0.20 6.00 17.00 32.00 21.00 24.00 14.00 1.00 0.00 0.00 0.00 0.00
209.00 36.00 61.00 125.00 192.00 64.00 67.00 0.09 4.74 1.00 5.00 0.20 4.00 12.00 32.00 24.00 14.00 22.00 0.00 0.00 0.00 0.00 0.00
210.00 37.00 55.00 117.00 185.00 62.00 68.00 0.07 4.64 1.00 6.00 0.17 5.00 21.00 32.00 16.00 27.00 10.00 0.00 0.00 0.00 0.00 0.00
211.00 43.00 81.00 137.00 214.00 56.00 77.00 0.10 4.74 1.00 5.00 0.20 10.00 17.00 33.00 26.00 22.00 21.00 0.00 0.00 0.00 0.00 0.00
212.00 39.00 56.00 130.00 207.00 74.00 77.00 0.08 4.84 1.00 7.00 0.14 5.00 13.00 34.00 26.00 22.00 17.00 0.00 1.00 0.00 0.00 0.00
213.00 40.00 66.00 133.00 207.00 67.00 74.00 0.08 4.79 1.00 5.00 0.20 4.00 8.00 36.00 32.00 18.00 22.00 0.00 0.00 0.00 0.00 0.00
214.00 38.00 64.00 123.00 194.00 59.00 71.00 0.08 4.78 1.00 6.00 0.17 4.00 7.00 34.00 31.00 16.00 22.00 0.00 0.00 0.00 0.00 0.00
215.00 37.00 63.00 123.00 188.00 60.00 65.00 0.08 4.90 1.00 5.00 0.20 7.00 14.00 30.00 23.00 21.00 16.00 0.00 0.00 1.00 0.00 1.00
216.00 40.00 67.00 124.00 201.00 57.00 77.00 0.08 5.05 1.00 5.00 0.20 7.00 14.00 33.00 26.00 21.00 19.00 0.00 1.00 0.00 0.00 0.00
217.00 39.00 55.00 133.00 203.00 78.00 70.00 0.08 4.91 1.00 5.00 0.20 8.00 13.00 31.00 26.00 19.00 20.00 0.00 0.00 1.00 0.00 0.00
218.00 35.00 49.00 109.00 192.00 60.00 83.00 0.08 4.62 1.00 5.00 0.20 8.00 15.00 27.00 20.00 26.00 9.00 0.00 1.00 1.00 0.00 0.00
219.00 36.00 60.00 114.00 178.00 54.00 64.00 0.07 4.70 0.00 5.00 0.00 3.00 11.00 33.00 25.00 18.00 18.00 0.00 1.00 0.00 0.00 0.00
220.00 35.00 51.00 108.00 179.00 57.00 71.00 0.09 4.78 1.00 5.00 0.20 5.00 12.00 30.00 23.00 21.00 14.00 0.00 1.00 0.00 0.00 0.00
221.00 37.00 55.00 123.00 195.00 68.00 72.00 0.08 4.62 1.00 6.00 0.17 4.00 10.00 33.00 27.00 14.00 23.00 0.00 1.00 0.00 0.00 0.00
222.00 40.00 62.00 129.00 203.00 67.00 74.00 0.07 4.90 1.00 5.00 0.20 7.00 12.00 33.00 28.00 20.00 20.00 0.00 1.00 0.00 0.00 0.00
223.00 36.00 60.00 113.00 175.00 53.00 62.00 0.09 4.81 1.00 6.00 0.17 7.00 17.00 29.00 19.00 22.00 14.00 0.00 0.00 0.00 0.00 0.00
224.00 34.00 51.00 115.00 179.00 64.00 64.00 0.08 4.72 1.00 6.00 0.17 6.00 14.00 28.00 20.00 20.00 14.00 0.00 1.00 1.00 0.00 0.00
225.00 39.00 64.00 123.00 197.00 59.00 74.00 0.09 4.66 1.00 5.00 0.20 8.00 15.00 31.00 24.00 21.00 18.00 0.00 0.00 0.00 0.00 0.00
226.00 38.00 60.00 124.00 201.00 64.00 77.00 0.08 4.80 0.00 4.00 0.00 8.00 17.00 30.00 21.00 23.00 15.00 0.00 0.00 0.00 0.00 1.00
227.00 38.00 63.00 118.00 191.00 55.00 73.00 0.09 4.79 0.00 7.00 0.00 2.00 12.00 36.00 26.00 18.00 20.00 0.00 1.00 0.00 0.00 0.00
228.00 36.00 60.00 117.00 185.00 57.00 68.00 0.08 4.86 1.00 5.00 0.20 3.00 9.00 33.00 27.00 14.00 22.00 0.00 0.00 0.00 0.00 0.00
229.00 30.00 46.00 95.00 143.00 49.00 48.00 0.07 4.36 1.00 5.00 0.20 3.00 10.00 27.00 20.00 18.00 12.00 0.00 0.00 0.00 0.00 0.00
230.00 35.00 44.00 113.00 180.00 69.00 67.00 0.08 4.73 0.00 6.00 0.00 7.00 11.00 28.00 24.00 16.00 19.00 1.00 0.00 0.00 0.00 0.00
231.00 32.00 44.00 95.00 157.00 51.00 62.00 0.09 3.94 0.00 4.00 0.00 10.00 17.00 22.00 15.00 19.00 13.00 0.00 0.00 0.00 0.00 1.00
232.00 36.00 51.00 114.00 181.00 63.00 67.00 0.10 4.50 0.00 6.00 0.00 6.00 12.00 30.00 24.00 23.00 13.00 1.00 0.00 0.00 0.00 0.00
233.00 38.00 57.00 117.00 195.00 60.00 78.00 0.09 4.02 0.00 5.00 0.00 9.00 13.00 29.00 25.00 22.00 16.00 1.00 0.00 0.00 0.00 1.00
234.00 37.00 52.00 114.00 199.00 62.00 85.00 0.07 4.28 0.00 6.00 0.00 1.00 9.00 36.00 28.00 17.00 20.00 1.00 0.00 0.00 0.00 0.00
235.00 42.00 52.00 124.00 214.00 72.00 90.00 0.10 3.91 0.00 7.00 0.00 8.00 16.00 34.00 26.00 23.00 19.00 2.00 0.00 0.00 0.00 0.00
236.00 40.00 64.00 129.00 204.00 65.00 75.00 0.08 4.18 0.00 6.00 0.00 12.00 17.00 28.00 23.00 23.00 17.00 1.00 0.00 0.00 0.00 1.00
237.00 35.00 56.00 112.00 186.00 56.00 74.00 0.07 3.22 0.00 5.00 0.00 7.00 10.00 28.00 25.00 17.00 18.00 1.00 0.00 0.00 1.00 0.00
238.00 39.00 56.00 123.00 203.00 67.00 80.00 0.08 3.48 0.00 6.00 0.00 6.00 16.00 33.00 23.00 22.00 17.00 1.00 0.00 0.00 0.00 0.00
239.00 44.00 60.00 135.00 220.00 75.00 85.00 0.08 4.09 0.00 8.00 0.00 7.00 21.00 37.00 23.00 31.00 13.00 2.00 0.00 0.00 0.00 0.00
240.00 41.00 69.00 136.00 200.00 67.00 64.00 0.07 3.68 0.00 9.00 0.00 12.00 20.00 29.00 21.00 25.00 16.00 0.00 0.00 0.00 0.00 0.00
241.00 34.00 34.00 93.00 175.00 59.00 82.00 0.10 4.34 0.00 7.00 0.00 5.00 11.00 29.00 23.00 23.00 11.00 1.00 0.00 0.00 0.00 0.00
242.00 32.00 31.00 86.00 161.00 55.00 75.00 0.08 3.98 0.00 6.00 0.00 9.00 16.00 23.00 16.00 21.00 11.00 0.00 0.00 0.00 0.00 0.00
243.00 40.00 58.00 121.00 209.00 63.00 88.00 0.07 3.66 0.00 7.00 0.00 12.00 19.00 28.00 21.00 28.00 12.00 1.00 0.00 0.00 0.00 0.00
244.00 41.00 66.00 130.00 209.00 64.00 79.00 0.08 3.92 0.00 6.00 0.00 11.00 22.00 30.00 19.00 28.00 13.00 0.00 0.00 0.00 0.00 0.00
245.00 36.00 58.00 114.00 187.00 56.00 73.00 0.08 3.47 0.00 7.00 0.00 3.00 14.00 33.00 22.00 20.00 16.00 0.00 0.00 0.00 0.00 0.00
246.00 33.00 39.00 88.00 161.00 49.00 73.00 0.09 3.09 0.00 5.00 0.00 12.00 18.00 21.00 15.00 20.00 13.00 0.00 0.00 1.00 0.00 0.00
247.00 37.00 57.00 112.00 182.00 55.00 70.00 0.08 4.10 0.00 7.00 0.00 7.00 12.00 30.00 25.00 20.00 17.00 0.00 0.00 0.00 0.00 0.00
248.00 39.00 47.00 112.00 189.00 65.00 77.00 0.09 3.95 0.00 6.00 0.00 10.00 18.00 29.00 21.00 26.00 13.00 0.00 0.00 0.00 0.00 0.00
249.00 34.00 39.00 101.00 175.00 62.00 74.00 0.07 3.20 0.00 6.00 0.00 9.00 19.00 25.00 15.00 25.00 9.00 0.00 0.00 1.00 0.00 0.00
250.00 36.00 53.00 113.00 187.00 60.00 74.00 0.08 2.65 0.00 5.00 0.00 4.00 14.00 32.00 22.00 19.00 17.00 0.00 0.00 0.00 0.00 0.00
251.00 46.00 78.00 154.00 228.00 76.00 74.00 0.08 3.27 0.00 6.00 0.00 10.00 21.00 36.00 25.00 28.00 18.00 1.00 0.00 0.00 0.00 0.00
252.00 43.00 66.00 135.00 220.00 69.00 85.00 0.08 3.26 0.00 7.00 0.00 10.00 19.00 33.00 24.00 26.00 17.00 1.00 0.00 0.00 0.00 0.00
253.00 42.00 68.00 139.00 214.00 71.00 75.00 0.10 3.35 0.00 5.00 0.00 9.00 19.00 33.00 23.00 26.00 16.00 2.00 0.00 0.00 0.00 0.00
254.00 45.00 67.00 132.00 225.00 65.00 93.00 0.07 3.80 0.00 5.00 0.00 8.00 15.00 37.00 30.00 28.00 17.00 0.00 0.00 0.00 0.00 1.00
255.00 42.00 66.00 132.00 220.00 66.00 88.00 0.07 3.75 0.00 6.00 0.00 4.00 13.00 38.00 29.00 21.00 21.00 1.00 0.00 0.00 0.00 0.00
256.00 39.00 47.00 114.00 199.00 67.00 85.00 0.07 3.79 0.00 7.00 0.00 9.00 18.00 30.00 21.00 24.00 15.00 0.00 0.00 0.00 0.00 0.00
257.00 45.00 66.00 138.00 221.00 72.00 83.00 0.07 3.66 0.00 7.00 0.00 11.00 21.00 34.00 24.00 28.00 17.00 1.00 0.00 0.00 0.00 0.00
258.00 47.00 75.00 143.00 236.00 68.00 93.00 0.07 3.07 0.00 7.00 0.00 8.00 16.00 39.00 31.00 24.00 23.00 1.00 0.00 0.00 0.00 0.00
259.00 39.00 44.00 101.00 198.00 57.00 97.00 0.07 3.60 0.00 5.00 0.00 7.00 15.00 32.00 24.00 19.00 20.00 0.00 0.00 1.00 0.00 1.00
260.00 38.00 53.00 119.00 200.00 66.00 81.00 0.08 2.57 0.00 5.00 0.00 10.00 15.00 28.00 23.00 21.00 17.00 1.00 0.00 0.00 0.00 0.00
261.00 39.00 65.00 125.00 196.00 60.00 71.00 0.10 2.27 0.00 6.00 0.00 6.00 17.00 33.00 22.00 26.00 13.00 1.00 0.00 0.00 0.00 0.00
262.00 36.00 51.00 112.00 192.00 61.00 80.00 0.08 3.46 0.00 6.00 0.00 6.00 14.00 30.00 22.00 21.00 15.00 0.00 0.00 0.00 0.00 0.00
263.00 45.00 67.00 126.00 220.00 59.00 94.00 0.09 3.13 0.00 7.00 0.00 8.00 18.00 37.00 27.00 26.00 19.00 0.00 0.00 0.00 0.00 0.00
264.00 43.00 71.00 137.00 222.00 66.00 85.00 0.09 2.77 0.00 6.00 0.00 11.00 15.00 32.00 28.00 19.00 24.00 1.00 0.00 0.00 0.00 0.00
265.00 36.00 51.00 111.00 180.00 60.00 69.00 0.08 3.08 0.00 6.00 0.00 5.00 17.00 31.00 19.00 20.00 16.00 1.00 0.00 0.00 0.00 0.00
266.00 40.00 57.00 118.00 200.00 61.00 82.00 0.08 3.20 0.00 8.00 0.00 9.00 15.00 31.00 25.00 28.00 12.00 1.00 0.00 0.00 0.00 1.00
267.00 48.00 81.00 158.00 247.00 77.00 89.00 0.08 3.68 0.00 8.00 0.00 8.00 17.00 40.00 31.00 26.00 22.00 0.00 0.00 0.00 0.00 0.00
268.00 44.00 75.00 146.00 229.00 71.00 83.00 0.09 3.90 0.00 8.00 0.00 3.00 12.00 41.00 32.00 23.00 21.00 0.00 0.00 0.00 0.00 0.00
269.00 46.00 75.00 143.00 239.00 68.00 96.00 0.10 3.34 1.00 7.00 0.14 6.00 18.00 40.00 28.00 24.00 22.00 0.00 0.00 0.00 0.00 0.00
270.00 41.00 73.00 130.00 200.00 57.00 70.00 0.09 3.48 1.00 6.00 0.17 9.00 18.00 32.00 23.00 23.00 18.00 0.00 0.00 0.00 0.00 0.00
271.00 44.00 69.00 139.00 221.00 70.00 82.00 0.09 3.66 1.00 5.00 0.20 15.00 24.00 29.00 20.00 32.00 12.00 0.00 0.00 0.00 0.00 0.00
272.00 52.00 83.00 165.00 262.00 82.00 97.00 0.07 3.53 1.00 6.00 0.17 7.00 18.00 45.00 34.00 28.00 24.00 0.00 0.00 0.00 0.00 0.00
273.00 51.00 78.00 156.00 259.00 78.00 103.00 0.08 3.64 1.00 5.00 0.20 7.00 18.00 44.00 33.00 28.00 23.00 0.00 0.00 0.00 1.00 0.00
274.00 46.00 76.00 147.00 240.00 71.00 93.00 0.09 3.93 1.00 6.00 0.17 9.00 19.00 37.00 27.00 29.00 17.00 0.00 0.00 2.00 0.00 0.00
275.00 47.00 86.00 161.00 246.00 75.00 85.00 0.09 4.37 1.00 7.00 0.14 8.00 15.00 39.00 32.00 27.00 20.00 0.00 0.00 1.00 0.00 0.00
276.00 43.00 60.00 134.00 228.00 74.00 94.00 0.08 4.06 1.00 7.00 0.14 6.00 15.00 37.00 28.00 25.00 18.00 1.00 0.00 1.00 0.00 0.00
277.00 41.00 62.00 129.00 214.00 67.00 85.00 0.09 3.95 1.00 7.00 0.14 6.00 13.00 35.00 28.00 21.00 20.00 0.00 0.00 0.00 0.00 0.00
278.00 44.00 81.00 139.00 225.00 58.00 86.00 0.08 4.38 0.00 6.00 0.00 7.00 19.00 37.00 25.00 23.00 21.00 1.00 0.00 0.00 0.00 0.00
279.00 45.00 74.00 144.00 228.00 70.00 84.00 0.08 4.25 1.00 5.00 0.20 9.00 19.00 36.00 26.00 25.00 20.00 1.00 0.00 0.00 0.00 0.00
280.00 42.00 72.00 136.00 214.00 64.00 78.00 0.09 3.62 1.00 7.00 0.14 9.00 17.00 33.00 25.00 20.00 22.00 1.00 0.00 0.00 0.00 0.00
281.00 43.00 69.00 133.00 219.00 64.00 86.00 0.09 4.46 1.00 5.00 0.20 8.00 18.00 35.00 25.00 29.00 14.00 0.00 0.00 0.00 0.00 0.00
282.00 40.00 62.00 127.00 198.00 65.00 71.00 0.10 4.08 1.00 5.00 0.20 12.00 19.00 28.00 21.00 29.00 11.00 1.00 0.00 0.00 0.00 0.00
283.00 37.00 47.00 115.00 182.00 68.00 67.00 0.09 4.08 1.00 6.00 0.17 6.00 13.00 31.00 24.00 20.00 17.00 1.00 0.00 0.00 0.00 0.00
284.00 40.00 50.00 122.00 209.00 72.00 87.00 0.10 3.90 1.00 7.00 0.14 7.00 15.00 33.00 25.00 22.00 18.00 1.00 0.00 0.00 0.00 0.00
285.00 43.00 67.00 139.00 224.00 72.00 85.00 0.09 4.30 1.00 6.00 0.17 10.00 14.00 33.00 29.00 20.00 23.00 1.00 0.00 0.00 0.00 0.00
286.00 45.00 78.00 147.00 235.00 69.00 88.00 0.07 3.89 1.00 7.00 0.14 12.00 20.00 33.00 25.00 25.00 20.00 1.00 0.00 0.00 0.00 0.00
287.00 42.00 81.00 141.00 220.00 60.00 79.00 0.09 4.16 1.00 4.00 0.25 6.00 13.00 36.00 29.00 24.00 18.00 1.00 0.00 1.00 0.00 0.00
288.00 45.00 82.00 152.00 234.00 70.00 82.00 0.08 3.91 1.00 6.00 0.17 8.00 14.00 37.00 31.00 21.00 24.00 0.00 0.00 0.00 0.00 0.00
289.00 46.00 83.00 153.00 234.00 70.00 81.00 0.09 3.58 1.00 7.00 0.14 14.00 21.00 32.00 25.00 27.00 19.00 0.00 0.00 0.00 0.00 0.00
290.00 52.00 84.00 163.00 275.00 79.00 112.00 0.10 3.63 1.00 7.00 0.14 10.00 22.00 42.00 30.00 32.00 20.00 1.00 0.00 1.00 0.00 0.00
291.00 47.00 61.00 138.00 238.00 77.00 100.00 0.08 3.76 1.00 5.00 0.20 8.00 18.00 39.00 29.00 27.00 20.00 1.00 0.00 1.00 0.00 0.00
292.00 45.00 65.00 140.00 237.00 75.00 97.00 0.08 3.65 1.00 5.00 0.20 10.00 18.00 35.00 27.00 24.00 21.00 1.00 0.00 1.00 0.00 0.00
293.00 50.00 84.00 162.00 254.00 78.00 92.00 0.08 3.87 1.00 5.00 0.20 13.00 22.00 37.00 28.00 30.00 20.00 1.00 0.00 1.00 0.00 0.00
294.00 43.00 79.00 143.00 218.00 64.00 75.00 0.08 3.58 1.00 4.00 0.25 6.00 17.00 37.00 26.00 24.00 19.00 2.00 0.00 0.00 0.00 0.00
295.00 45.00 68.00 136.00 234.00 68.00 98.00 0.10 3.93 1.00 6.00 0.17 10.00 21.00 35.00 24.00 26.00 19.00 0.00 0.00 0.00 0.00 1.00
296.00 43.00 67.00 131.00 221.00 64.00 90.00 0.09 4.24 1.00 5.00 0.20 11.00 21.00 32.00 22.00 25.00 18.00 0.00 0.00 0.00 0.00 0.00
297.00 43.00 76.00 141.00 222.00 65.00 81.00 0.09 3.66 1.00 5.00 0.20 11.00 18.00 32.00 25.00 26.00 17.00 1.00 0.00 0.00 0.00 0.00
298.00 43.00 79.00 151.00 219.00 72.00 68.00 0.10 3.52 2.00 6.00 0.33 8.00 13.00 35.00 30.00 16.00 27.00 1.00 0.00 0.00 0.00 0.00
299.00 42.00 70.00 140.00 225.00 70.00 85.00 0.08 3.74 1.00 5.00 0.20 8.00 15.00 34.00 27.00 18.00 24.00 1.00 0.00 0.00 0.00 0.00
300.00 49.00 84.00 152.00 237.00 68.00 85.00 0.09 4.11 1.00 6.00 0.17 6.00 16.00 43.00 33.00 25.00 24.00 1.00 0.00 0.00 0.00 0.00
301.00 39.00 50.00 123.00 207.00 73.00 84.00 0.07 3.58 2.00 6.00 0.33 7.00 14.00 32.00 25.00 19.00 20.00 1.00 0.00 0.00 0.00 0.00
302.00 40.00 56.00 129.00 204.00 73.00 75.00 0.08 3.16 1.00 4.00 0.25 8.00 16.00 32.00 24.00 25.00 15.00 1.00 0.00 0.00 0.00 0.00
303.00 39.00 65.00 121.00 199.00 56.00 78.00 0.09 3.75 1.00 6.00 0.17 7.00 19.00 32.00 20.00 24.00 15.00 1.00 0.00 1.00 0.00 0.00
304.00 41.00 75.00 139.00 216.00 64.00 77.00 0.09 4.02 1.00 5.00 0.20 8.00 20.00 33.00 21.00 25.00 16.00 0.00 0.00 0.00 1.00 0.00
305.00 38.00 58.00 119.00 198.00 61.00 79.00 0.09 3.35 0.00 6.00 0.00 4.00 8.00 34.00 30.00 16.00 22.00 0.00 0.00 0.00 0.00 0.00
306.00 43.00 67.00 136.00 229.00 69.00 93.00 0.08 3.72 1.00 6.00 0.17 7.00 12.00 36.00 31.00 15.00 28.00 0.00 0.00 0.00 0.00 0.00
307.00 37.00 66.00 122.00 186.00 56.00 64.00 0.08 3.78 1.00 5.00 0.20 3.00 10.00 34.00 27.00 16.00 21.00 0.00 0.00 0.00 0.00 0.00
308.00 40.00 61.00 119.00 213.00 58.00 94.00 0.08 3.87 1.00 4.00 0.25 6.00 15.00 34.00 25.00 22.00 18.00 0.00 0.00 0.00 0.00 0.00
309.00 33.00 52.00 99.00 171.00 47.00 72.00 0.10 4.04 1.00 5.00 0.20 6.00 11.00 27.00 22.00 18.00 15.00 0.00 0.00 0.00 0.00 0.00
310.00 31.00 43.00 91.00 151.00 48.00 60.00 0.07 3.91 1.00 6.00 0.17 6.00 13.00 25.00 18.00 20.00 11.00 0.00 0.00 0.00 0.00 0.00
311.00 37.00 58.00 109.00 181.00 51.00 72.00 0.07 4.35 1.00 7.00 0.14 11.00 14.00 26.00 23.00 20.00 17.00 0.00 0.00 0.00 0.00 0.00
312.00 37.00 64.00 120.00 177.00 56.00 57.00 0.07 4.55 1.00 5.00 0.20 6.00 15.00 31.00 22.00 20.00 17.00 0.00 0.00 0.00 0.00 0.00
313.00 35.00 52.00 111.00 180.00 59.00 69.00 0.09 4.54 1.00 4.00 0.25 3.00 11.00 32.00 24.00 22.00 13.00 0.00 0.00 0.00 0.00 0.00
314.00 39.00 56.00 117.00 189.00 61.00 72.00 0.08 4.26 1.00 4.00 0.25 8.00 14.00 31.00 25.00 21.00 18.00 0.00 0.00 0.00 0.00 0.00
315.00 36.00 61.00 114.00 182.00 53.00 68.00 0.10 4.16 1.00 4.00 0.25 5.00 11.00 31.00 25.00 20.00 16.00 0.00 0.00 0.00 0.00 0.00
316.00 35.00 48.00 100.00 163.00 52.00 63.00 0.09 3.98 1.00 4.00 0.25 8.00 12.00 27.00 23.00 19.00 16.00 0.00 0.00 0.00 0.00 0.00
317.00 33.00 48.00 103.00 166.00 55.00 63.00 0.07 3.96 1.00 4.00 0.25 6.00 11.00 27.00 22.00 15.00 18.00 0.00 0.00 0.00 0.00 0.00
318.00 39.00 59.00 115.00 192.00 56.00 77.00 0.09 4.82 1.00 5.00 0.20 8.00 13.00 31.00 26.00 22.00 17.00 0.00 0.00 2.00 0.00 0.00
319.00 38.00 52.00 116.00 194.00 64.00 78.00 0.06 4.83 1.00 3.00 0.33 9.00 18.00 29.00 20.00 28.00 10.00 0.00 0.00 0.00 0.00 0.00
320.00 30.00 39.00 89.00 151.00 50.00 62.00 0.09 4.77 1.00 4.00 0.25 3.00 11.00 27.00 19.00 16.00 14.00 0.00 0.00 0.00 0.00 0.00
321.00 33.00 48.00 100.00 169.00 52.00 69.00 0.09 4.71 1.00 3.00 0.33 7.00 12.00 26.00 21.00 21.00 12.00 1.00 0.00 0.00 0.00 0.00
322.00 37.00 43.00 108.00 188.00 65.00 80.00 0.08 4.59 1.00 5.00 0.20 8.00 15.00 29.00 22.00 22.00 15.00 0.00 0.00 0.00 0.00 0.00
323.00 30.00 44.00 99.00 158.00 55.00 59.00 0.08 4.57 2.00 5.00 0.40 6.00 13.00 24.00 17.00 18.00 12.00 0.00 0.00 0.00 0.00 0.00
324.00 32.00 44.00 92.00 157.00 48.00 65.00 0.08 4.56 1.00 3.00 0.33 5.00 13.00 27.00 19.00 21.00 11.00 1.00 0.00 1.00 0.00 0.00
325.00 35.00 49.00 103.00 184.00 54.00 81.00 0.09 4.82 0.00 3.00 0.00 8.00 11.00 27.00 24.00 19.00 16.00 1.00 0.00 1.00 0.00 0.00
326.00 30.00 39.00 89.00 157.00 50.00 68.00 0.08 4.74 1.00 3.00 0.33 6.00 13.00 24.00 17.00 20.00 10.00 1.00 0.00 0.00 0.00 0.00
327.00 30.00 43.00 95.00 159.00 52.00 64.00 0.09 3.96 1.00 3.00 0.33 3.00 9.00 27.00 21.00 20.00 10.00 0.00 0.00 0.00 0.00 0.00
328.00 37.00 54.00 120.00 185.00 66.00 65.00 0.09 4.72 1.00 5.00 0.20 8.00 16.00 29.00 21.00 21.00 16.00 0.00 0.00 0.00 0.00 1.00
329.00 31.00 38.00 88.00 163.00 50.00 75.00 0.07 4.78 1.00 4.00 0.25 8.00 13.00 23.00 18.00 19.00 12.00 0.00 0.00 0.00 0.00 0.00
330.00 30.00 43.00 93.00 153.00 50.00 60.00 0.09 3.72 1.00 3.00 0.33 6.00 10.00 24.00 20.00 17.00 13.00 0.00 0.00 0.00 1.00 0.00
331.00 33.00 38.00 93.00 172.00 55.00 79.00 0.08 4.35 1.00 4.00 0.25 9.00 10.00 24.00 23.00 15.00 18.00 0.00 0.00 0.00 1.00 0.00
332.00 18.00 13.00 43.00 92.00 30.00 49.00 0.09 4.05 1.00 4.00 0.25 3.00 8.00 15.00 10.00 11.00 7.00 0.00 0.00 0.00 0.00 0.00
333.00 36.00 51.00 110.00 181.00 59.00 71.00 0.08 4.59 1.00 3.00 0.33 7.00 15.00 29.00 21.00 20.00 16.00 0.00 0.00 0.00 0.00 0.00
334.00 28.00 36.00 85.00 147.00 49.00 62.00 0.08 4.34 1.00 4.00 0.25 4.00 11.00 24.00 17.00 15.00 13.00 0.00 0.00 0.00 0.00 0.00
335.00 41.00 61.00 119.00 200.00 58.00 81.00 0.08 4.24 1.00 4.00 0.25 6.00 14.00 35.00 27.00 23.00 18.00 0.00 0.00 1.00 0.00 0.00
336.00 37.00 49.00 113.00 190.00 64.00 77.00 0.09 3.89 1.00 4.00 0.25 8.00 11.00 29.00 26.00 15.00 22.00 0.00 0.00 2.00 0.00 0.00
337.00 36.00 53.00 106.00 174.00 53.00 68.00 0.09 4.50 1.00 4.00 0.25 6.00 13.00 30.00 23.00 19.00 17.00 0.00 0.00 1.00 0.00 0.00
338.00 29.00 40.00 88.00 155.00 48.00 67.00 0.07 3.68 1.00 3.00 0.33 7.00 13.00 22.00 16.00 20.00 9.00 0.00 0.00 0.00 0.00 0.00
339.00 31.00 38.00 99.00 163.00 61.00 64.00 0.09 4.07 1.00 4.00 0.25 6.00 11.00 25.00 20.00 19.00 12.00 0.00 0.00 0.00 0.00 0.00
340.00 36.00 53.00 110.00 188.00 57.00 78.00 0.10 3.75 1.00 1.00 1.00 7.00 14.00 29.00 22.00 22.00 14.00 0.00 0.00 0.00 0.00 0.00
341.00 30.00 37.00 88.00 154.00 51.00 66.00 0.09 3.40 1.00 4.00 0.25 9.00 15.00 21.00 15.00 21.00 9.00 0.00 0.00 0.00 0.00 0.00
342.00 34.00 43.00 98.00 166.00 55.00 68.00 0.08 4.33 1.00 4.00 0.25 9.00 18.00 25.00 16.00 24.00 10.00 1.00 0.00 1.00 0.00 0.00
343.00 32.00 45.00 97.00 160.00 52.00 63.00 0.08 3.71 1.00 4.00 0.25 10.00 19.00 22.00 13.00 25.00 7.00 0.00 0.00 0.00 0.00 0.00
344.00 35.00 56.00 102.00 176.00 46.00 74.00 0.09 3.99 1.00 5.00 0.20 8.00 14.00 27.00 21.00 26.00 9.00 0.00 0.00 0.00 0.00 0.00
345.00 33.00 52.00 105.00 171.00 53.00 66.00 0.07 3.75 1.00 4.00 0.25 5.00 10.00 28.00 23.00 16.00 17.00 1.00 0.00 0.00 0.00 0.00
346.00 32.00 43.00 100.00 169.00 57.00 69.00 0.07 4.15 1.00 4.00 0.25 4.00 14.00 28.00 18.00 20.00 12.00 0.00 0.00 0.00 0.00 0.00
347.00 35.00 59.00 106.00 176.00 47.00 70.00 0.09 4.47 1.00 6.00 0.17 8.00 13.00 27.00 22.00 19.00 16.00 0.00 0.00 0.00 0.00 1.00
348.00 29.00 47.00 94.00 155.00 47.00 61.00 0.06 4.59 1.00 5.00 0.20 5.00 14.00 24.00 15.00 17.00 12.00 0.00 0.00 0.00 0.00 0.00
349.00 31.00 36.00 81.00 157.00 45.00 76.00 0.08 3.50 1.00 6.00 0.17 10.00 20.00 21.00 11.00 25.00 6.00 0.00 0.00 0.00 0.00 0.00
350.00 37.00 68.00 123.00 189.00 55.00 66.00 0.08 4.70 1.00 5.00 0.20 6.00 15.00 31.00 22.00 24.00 13.00 0.00 0.00 0.00 0.00 0.00
351.00 35.00 53.00 109.00 177.00 56.00 68.00 0.08 4.77 1.00 4.00 0.25 8.00 13.00 27.00 22.00 19.00 16.00 0.00 0.00 0.00 0.00 0.00
352.00 30.00 31.00 86.00 155.00 55.00 69.00 0.08 4.82 1.00 6.00 0.17 4.00 12.00 26.00 18.00 19.00 11.00 0.00 0.00 2.00 0.00 0.00
353.00 34.00 50.00 106.00 168.00 56.00 62.00 0.09 4.89 0.00 4.00 0.00 9.00 16.00 25.00 18.00 21.00 13.00 0.00 0.00 0.00 0.00 0.00
354.00 31.00 42.00 98.00 159.00 56.00 61.00 0.08 4.76 1.00 4.00 0.25 6.00 10.00 25.00 21.00 16.00 15.00 0.00 0.00 0.00 0.00 0.00
355.00 31.00 34.00 88.00 153.00 54.00 65.00 0.08 4.39 1.00 3.00 0.33 9.00 16.00 22.00 15.00 21.00 10.00 0.00 0.00 0.00 0.00 0.00
356.00 29.00 35.00 84.00 149.00 49.00 65.00 0.08 3.83 1.00 2.00 0.50 6.00 14.00 23.00 15.00 19.00 10.00 0.00 0.00 0.00 0.00 0.00
357.00 29.00 42.00 88.00 144.00 46.00 56.00 0.09 4.31 1.00 3.00 0.33 6.00 17.00 23.00 12.00 20.00 9.00 0.00 0.00 0.00 0.00 0.00
358.00 31.00 38.00 88.00 159.00 50.00 71.00 0.09 4.30 1.00 5.00 0.20 10.00 14.00 21.00 17.00 20.00 11.00 0.00 0.00 0.00 0.00 0.00
359.00 37.00 55.00 109.00 195.00 54.00 86.00 0.08 4.43 0.00 4.00 0.00 9.00 19.00 28.00 18.00 26.00 11.00 1.00 0.00 0.00 0.00 0.00
360.00 32.00 46.00 103.00 166.00 57.00 63.00 0.10 4.78 0.00 4.00 0.00 5.00 15.00 27.00 17.00 18.00 14.00 1.00 0.00 0.00 0.00 0.00
361.00 29.00 40.00 89.00 153.00 49.00 64.00 0.09 4.55 0.00 3.00 0.00 3.00 7.00 26.00 22.00 10.00 19.00 0.00 0.00 1.00 0.00 0.00
362.00 36.00 62.00 118.00 190.00 56.00 72.00 0.08 4.37 0.00 5.00 0.00 10.00 14.00 26.00 22.00 18.00 18.00 1.00 0.00 1.00 1.00 0.00
363.00 33.00 49.00 105.00 170.00 56.00 65.00 0.07 4.03 0.00 3.00 0.00 4.00 10.00 29.00 23.00 16.00 17.00 1.00 0.00 1.00 0.00 0.00
364.00 35.00 50.00 101.00 173.00 51.00 72.00 0.08 4.36 0.00 5.00 0.00 10.00 15.00 25.00 20.00 22.00 13.00 0.00 0.00 0.00 0.00 0.00
365.00 38.00 57.00 121.00 202.00 64.00 81.00 0.09 4.16 0.00 5.00 0.00 8.00 17.00 30.00 21.00 29.00 9.00 0.00 0.00 0.00 0.00 0.00
366.00 35.00 39.00 100.00 181.00 61.00 81.00 0.09 4.48 0.00 6.00 0.00 7.00 14.00 28.00 21.00 15.00 20.00 1.00 0.00 0.00 0.00 0.00
367.00 31.00 50.00 96.00 158.00 46.00 62.00 0.07 3.69 0.00 4.00 0.00 3.00 9.00 28.00 22.00 11.00 20.00 0.00 0.00 0.00 0.00 0.00
368.00 39.00 60.00 125.00 204.00 65.00 79.00 0.09 4.22 0.00 5.00 0.00 5.00 16.00 34.00 23.00 22.00 17.00 0.00 0.00 0.00 0.00 0.00
369.00 33.00 48.00 104.00 169.00 56.00 65.00 0.08 4.20 0.00 5.00 0.00 4.00 8.00 29.00 25.00 10.00 23.00 0.00 1.00 0.00 0.00 0.00
370.00 33.00 46.00 101.00 171.00 55.00 70.00 0.09 4.07 0.00 4.00 0.00 4.00 12.00 29.00 21.00 19.00 14.00 0.00 0.00 0.00 0.00 0.00
371.00 36.00 53.00 108.00 181.00 55.00 73.00 0.08 4.36 0.00 6.00 0.00 5.00 9.00 31.00 27.00 16.00 20.00 0.00 2.00 0.00 0.00 0.00
372.00 34.00 48.00 104.00 181.00 56.00 77.00 0.08 4.66 0.00 5.00 0.00 8.00 17.00 26.00 17.00 25.00 9.00 0.00 1.00 0.00 0.00 0.00
373.00 38.00 56.00 115.00 192.00 59.00 77.00 0.08 4.01 0.00 3.00 0.00 7.00 15.00 31.00 23.00 24.00 14.00 0.00 0.00 0.00 0.00 0.00
374.00 29.00 38.00 86.00 141.00 48.00 55.00 0.08 3.42 0.00 3.00 0.00 7.00 14.00 22.00 15.00 20.00 9.00 0.00 1.00 0.00 0.00 0.00
375.00 36.00 50.00 110.00 184.00 60.00 74.00 0.09 3.90 0.00 5.00 0.00 8.00 10.00 28.00 26.00 17.00 19.00 0.00 0.00 1.00 0.00 0.00
376.00 31.00 39.00 94.00 159.00 55.00 65.00 0.07 4.56 0.00 7.00 0.00 6.00 12.00 25.00 19.00 21.00 10.00 0.00 0.00 0.00 0.00 0.00
377.00 33.00 39.00 91.00 171.00 52.00 80.00 0.06 4.28 0.00 6.00 0.00 10.00 15.00 23.00 18.00 24.00 9.00 0.00 0.00 0.00 0.00 0.00
378.00 37.00 53.00 112.00 184.00 59.00 72.00 0.09 3.34 0.00 5.00 0.00 8.00 18.00 29.00 19.00 23.00 14.00 0.00 0.00 1.00 0.00 0.00
379.00 40.00 60.00 118.00 198.00 58.00 80.00 0.07 4.32 0.00 6.00 0.00 5.00 17.00 35.00 23.00 23.00 17.00 0.00 0.00 0.00 0.00 0.00
380.00 37.00 56.00 113.00 189.00 57.00 76.00 0.09 3.49 0.00 5.00 0.00 3.00 9.00 34.00 28.00 17.00 20.00 0.00 0.00 0.00 0.00 0.00
381.00 35.00 51.00 109.00 172.00 58.00 63.00 0.08 3.92 0.00 5.00 0.00 7.00 13.00 28.00 22.00 18.00 17.00 0.00 0.00 0.00 0.00 0.00
382.00 34.00 43.00 101.00 182.00 58.00 81.00 0.09 3.68 0.00 6.00 0.00 8.00 14.00 26.00 20.00 18.00 16.00 0.00 0.00 0.00 0.00 0.00
383.00 33.00 46.00 103.00 175.00 57.00 72.00 0.09 3.86 0.00 6.00 0.00 5.00 15.00 28.00 18.00 22.00 11.00 0.00 0.00 0.00 0.00 0.00
384.00 35.00 51.00 110.00 180.00 59.00 70.00 0.09 3.80 0.00 6.00 0.00 6.00 13.00 29.00 22.00 21.00 14.00 0.00 0.00 1.00 0.00 0.00
385.00 37.00 52.00 110.00 185.00 58.00 75.00 0.08 3.74 0.00 5.00 0.00 11.00 17.00 26.00 20.00 24.00 13.00 0.00 0.00 0.00 0.00 0.00
386.00 34.00 38.00 103.00 179.00 65.00 76.00 0.08 2.55 0.00 4.00 0.00 4.00 16.00 30.00 18.00 22.00 12.00 0.00 0.00 0.00 0.00 0.00
387.00 33.00 51.00 111.00 181.00 60.00 70.00 0.09 1.06 0.00 4.00 0.00 1.00 5.00 32.00 28.00 13.00 20.00 0.00 0.00 0.00 0.00 0.00
388.00 28.00 39.00 85.00 146.00 46.00 61.00 0.09 1.28 1.00 4.00 0.25 7.00 10.00 21.00 18.00 11.00 17.00 0.00 0.00 0.00 0.00 0.00
389.00 29.00 41.00 86.00 151.00 45.00 65.00 0.10 2.17 0.00 4.00 0.00 7.00 11.00 22.00 18.00 17.00 12.00 0.00 0.00 0.00 1.00 0.00
390.00 33.00 55.00 107.00 170.00 52.00 63.00 0.07 2.07 0.00 6.00 0.00 5.00 9.00 28.00 24.00 17.00 16.00 0.00 0.00 0.00 0.00 0.00
391.00 33.00 38.00 90.00 171.00 52.00 81.00 0.09 2.49 0.00 6.00 0.00 11.00 17.00 22.00 16.00 22.00 11.00 0.00 0.00 0.00 0.00 0.00
392.00 37.00 45.00 109.00 184.00 64.00 75.00 0.09 3.15 0.00 5.00 0.00 7.00 12.00 30.00 25.00 20.00 17.00 0.00 0.00 0.00 0.00 0.00
393.00 34.00 46.00 95.00 171.00 49.00 76.00 0.07 3.24 0.00 4.00 0.00 7.00 14.00 27.00 20.00 22.00 12.00 0.00 0.00 0.00 0.00 0.00
394.00 36.00 58.00 109.00 180.00 51.00 71.00 0.07 3.49 0.00 5.00 0.00 9.00 14.00 27.00 22.00 18.00 18.00 0.00 0.00 0.00 0.00 0.00
395.00 34.00 45.00 103.00 171.00 58.00 68.00 0.08 2.11 0.00 6.00 0.00 5.00 20.00 29.00 14.00 25.00 9.00 0.00 0.00 0.00 0.00 0.00
396.00 34.00 41.00 100.00 170.00 59.00 70.00 0.08 3.27 1.00 6.00 0.17 7.00 14.00 27.00 20.00 21.00 13.00 0.00 0.00 1.00 0.00 0.00
397.00 31.00 42.00 84.00 142.00 42.00 58.00 0.08 1.24 0.00 4.00 0.00 8.00 16.00 23.00 15.00 21.00 10.00 0.00 0.00 0.00 0.00 0.00
398.00 25.00 23.00 58.00 111.00 35.00 53.00 0.10 2.91 0.00 2.00 0.00 6.00 14.00 19.00 11.00 19.00 6.00 0.00 0.00 0.00 0.00 0.00
399.00 36.00 51.00 107.00 176.00 56.00 69.00 0.09 2.43 0.00 3.00 0.00 6.00 12.00 30.00 24.00 20.00 16.00 0.00 0.00 0.00 0.00 0.00
400.00 36.00 50.00 109.00 186.00 59.00 77.00 0.09 1.69 0.00 3.00 0.00 5.00 14.00 31.00 22.00 18.00 18.00 1.00 0.00 0.00 0.00 0.00
401.00 32.00 45.00 101.00 172.00 56.00 71.00 0.09 1.86 0.00 5.00 0.00 6.00 12.00 26.00 20.00 19.00 13.00 1.00 0.00 0.00 0.00 0.00
402.00 33.00 47.00 101.00 166.00 54.00 65.00 0.08 1.66 0.00 5.00 0.00 5.00 12.00 28.00 21.00 18.00 15.00 1.00 0.00 0.00 0.00 0.00
403.00 29.00 43.00 91.00 151.00 48.00 60.00 0.08 1.76 0.00 4.00 0.00 4.00 14.00 25.00 15.00 23.00 6.00 0.00 0.00 0.00 0.00 0.00
404.00 37.00 50.00 98.00 190.00 48.00 92.00 0.07 2.48 0.00 6.00 0.00 8.00 15.00 29.00 22.00 19.00 18.00 0.00 0.00 0.00 0.00 0.00
405.00 29.00 43.00 83.00 145.00 40.00 62.00 0.09 2.29 0.00 4.00 0.00 8.00 14.00 21.00 15.00 18.00 11.00 0.00 0.00 1.00 0.00 0.00
406.00 28.00 34.00 75.00 141.00 41.00 66.00 0.09 3.28 0.00 4.00 0.00 7.00 12.00 21.00 16.00 21.00 7.00 0.00 0.00 0.00 0.00 0.00
407.00 29.00 31.00 85.00 160.00 54.00 75.00 0.07 3.49 0.00 4.00 0.00 9.00 14.00 20.00 15.00 22.00 7.00 0.00 0.00 0.00 0.00 0.00
408.00 24.00 24.00 65.00 128.00 41.00 63.00 0.09 3.54 0.00 3.00 0.00 4.00 11.00 20.00 13.00 14.00 10.00 0.00 0.00 0.00 1.00 1.00
409.00 28.00 26.00 73.00 152.00 47.00 79.00 0.08 3.29 0.00 3.00 0.00 5.00 12.00 23.00 16.00 16.00 12.00 0.00 0.00 0.00 0.00 1.00
410.00 31.00 48.00 93.00 161.00 45.00 68.00 0.07 2.12 0.00 4.00 0.00 6.00 14.00 25.00 17.00 19.00 12.00 0.00 0.00 0.00 0.00 0.00
411.00 32.00 45.00 92.00 169.00 47.00 77.00 0.08 2.59 0.00 3.00 0.00 7.00 13.00 25.00 19.00 18.00 14.00 0.00 0.00 0.00 0.00 0.00
412.00 31.00 44.00 83.00 147.00 39.00 64.00 0.08 3.33 1.00 3.00 0.33 6.00 13.00 25.00 18.00 22.00 9.00 0.00 0.00 0.00 0.00 0.00
413.00 29.00 38.00 89.00 155.00 51.00 66.00 0.08 2.68 1.00 3.00 0.33 4.00 12.00 25.00 17.00 19.00 10.00 0.00 0.00 1.00 0.00 0.00
414.00 30.00 37.00 91.00 155.00 54.00 64.00 0.07 3.80 0.00 3.00 0.00 5.00 12.00 25.00 18.00 19.00 11.00 0.00 0.00 0.00 0.00 0.00
415.00 30.00 31.00 75.00 146.00 44.00 71.00 0.09 2.91 0.00 3.00 0.00 8.00 14.00 22.00 16.00 20.00 10.00 0.00 0.00 0.00 0.00 0.00
416.00 33.00 45.00 98.00 168.00 53.00 70.00 0.08 3.20 0.00 4.00 0.00 7.00 13.00 26.00 20.00 21.00 12.00 0.00 1.00 0.00 0.00 0.00
417.00 26.00 31.00 71.00 128.00 40.00 57.00 0.08 2.80 0.00 4.00 0.00 4.00 12.00 22.00 14.00 16.00 10.00 0.00 0.00 0.00 0.00 0.00
418.00 31.00 37.00 93.00 152.00 56.00 59.00 0.08 4.24 0.00 4.00 0.00 8.00 14.00 23.00 17.00 19.00 12.00 0.00 0.00 0.00 0.00 0.00
419.00 22.00 23.00 55.00 109.00 32.00 54.00 0.09 2.63 0.00 3.00 0.00 7.00 11.00 15.00 11.00 16.00 6.00 0.00 0.00 0.00 0.00 0.00
420.00 23.00 15.00 50.00 101.00 35.00 51.00 0.09 4.61 0.00 3.00 0.00 8.00 13.00 15.00 10.00 17.00 6.00 0.00 0.00 0.00 0.00 0.00
421.00 28.00 32.00 82.00 144.00 50.00 62.00 0.09 3.55 0.00 4.00 0.00 6.00 12.00 22.00 16.00 18.00 10.00 0.00 0.00 0.00 0.00 0.00
422.00 30.00 31.00 83.00 157.00 52.00 74.00 0.09 4.46 0.00 3.00 0.00 5.00 11.00 25.00 19.00 19.00 11.00 0.00 0.00 0.00 0.00 0.00
423.00 25.00 34.00 73.00 130.00 39.00 57.00 0.08 4.19 0.00 2.00 0.00 4.00 12.00 21.00 13.00 15.00 10.00 0.00 0.00 0.00 0.00 0.00
424.00 24.00 32.00 71.00 123.00 39.00 52.00 0.08 4.01 0.00 1.00 0.00 2.00 9.00 22.00 15.00 14.00 10.00 0.00 0.00 0.00 0.00 0.00
425.00 24.00 18.00 58.00 124.00 40.00 66.00 0.09 4.29 0.00 2.00 0.00 8.00 12.00 16.00 12.00 16.00 8.00 0.00 0.00 0.00 0.00 0.00
426.00 18.00 18.00 51.00 95.00 33.00 44.00 0.08 3.10 0.00 2.00 0.00 3.00 9.00 15.00 9.00 9.00 9.00 0.00 0.00 0.00 0.00 0.00
427.00 24.00 33.00 72.00 118.00 39.00 46.00 0.09 3.94 0.00 2.00 0.00 7.00 12.00 17.00 12.00 15.00 9.00 0.00 0.00 0.00 0.00 0.00
428.00 25.00 26.00 65.00 123.00 39.00 58.00 0.09 4.60 0.00 2.00 0.00 7.00 11.00 18.00 14.00 18.00 7.00 0.00 0.00 0.00 0.00 0.00
429.00 17.00 19.00 46.00 88.00 27.00 42.00 0.09 4.67 0.00 2.00 0.00 3.00 7.00 14.00 10.00 10.00 7.00 0.00 0.00 0.00 0.00 0.00
430.00 13.00 11.00 28.00 55.00 17.00 27.00 0.09 0.39 0.00 1.00 0.00 5.00 8.00 8.00 5.00 9.00 4.00 0.00 0.00 0.00 0.00 0.00
431.00 20.00 25.00 50.00 93.00 25.00 43.00 0.08 4.59 0.00 2.00 0.00 6.00 9.00 14.00 11.00 15.00 5.00 0.00 0.00 0.00 0.00 0.00
432.00 17.00 26.00 47.00 83.00 21.00 36.00 0.06 4.16 0.00 3.00 0.00 2.00 8.00 15.00 9.00 12.00 5.00 0.00 0.00 0.00 0.00 0.00
433.00 21.00 32.00 57.00 106.00 25.00 49.00 0.09 4.76 0.00 3.00 0.00 3.00 7.00 18.00 14.00 12.00 9.00 0.00 0.00 0.00 0.00 0.00
434.00 23.00 39.00 70.00 112.00 31.00 42.00 0.08 5.05 0.00 3.00 0.00 3.00 10.00 20.00 13.00 15.00 8.00 0.00 0.00 0.00 0.00 0.00
435.00 26.00 34.00 74.00 129.00 40.00 55.00 0.08 5.07 0.00 2.00 0.00 5.00 11.00 21.00 15.00 18.00 8.00 0.00 0.00 0.00 0.00 0.00
436.00 22.00 30.00 63.00 103.00 33.00 40.00 0.08 4.94 0.00 2.00 0.00 4.00 8.00 18.00 14.00 15.00 7.00 0.00 0.00 0.00 0.00 0.00
437.00 19.00 30.00 53.00 89.00 23.00 36.00 0.08 4.99 0.00 3.00 0.00 5.00 10.00 14.00 9.00 12.00 7.00 0.00 0.00 0.00 0.00 0.00
438.00 24.00 40.00 67.00 113.00 27.00 46.00 0.09 4.99 0.00 2.00 0.00 5.00 11.00 19.00 13.00 16.00 8.00 0.00 0.00 0.00 0.00 0.00
439.00 24.00 30.00 65.00 117.00 35.00 52.00 0.09 4.77 0.00 3.00 0.00 7.00 10.00 17.00 14.00 13.00 11.00 0.00 0.00 0.00 0.00 0.00
440.00 27.00 33.00 76.00 135.00 43.00 59.00 0.09 4.86 1.00 2.00 0.50 8.00 12.00 19.00 15.00 14.00 13.00 0.00 0.00 0.00 0.00 0.00
441.00 23.00 24.00 56.00 106.00 32.00 50.00 0.09 4.74 0.00 3.00 0.00 8.00 12.00 15.00 11.00 14.00 9.00 0.00 0.00 0.00 0.00 0.00
442.00 28.00 44.00 84.00 137.00 40.00 53.00 0.09 4.82 0.00 3.00 0.00 4.00 11.00 24.00 17.00 17.00 11.00 0.00 0.00 0.00 0.00 0.00
443.00 22.00 22.00 55.00 108.00 33.00 53.00 0.09 4.76 0.00 4.00 0.00 5.00 14.00 17.00 8.00 17.00 5.00 0.00 0.00 0.00 0.00 0.00
444.00 24.00 25.00 61.00 116.00 36.00 55.00 0.09 4.80 0.00 4.00 0.00 8.00 12.00 16.00 12.00 18.00 6.00 0.00 0.00 0.00 0.00 0.00
445.00 18.00 20.00 49.00 90.00 29.00 41.00 0.09 4.35 0.00 2.00 0.00 5.00 7.00 13.00 11.00 9.00 9.00 0.00 0.00 1.00 0.00 0.00
446.00 21.00 23.00 57.00 106.00 34.00 49.00 0.09 4.19 0.00 3.00 0.00 6.00 12.00 15.00 9.00 15.00 6.00 0.00 0.00 0.00 0.00 0.00
447.00 21.00 27.00 55.00 101.00 28.00 46.00 0.07 3.62 0.00 2.00 0.00 8.00 11.00 13.00 10.00 14.00 7.00 0.00 0.00 0.00 0.00 0.00
448.00 26.00 32.00 76.00 126.00 44.00 50.00 0.08 3.88 0.00 4.00 0.00 3.00 6.00 23.00 20.00 17.00 9.00 0.00 0.00 0.00 0.00 0.00
449.00 17.00 14.00 43.00 82.00 29.00 39.00 0.09 2.95 0.00 2.00 0.00 4.00 9.00 13.00 8.00 12.00 5.00 0.00 0.00 0.00 0.00 0.00
450.00 22.00 21.00 54.00 113.00 33.00 59.00 0.09 3.87 0.00 3.00 0.00 4.00 12.00 18.00 10.00 14.00 8.00 0.00 0.00 1.00 0.00 0.00
451.00 21.00 17.00 53.00 98.00 36.00 45.00 0.09 3.67 0.00 4.00 0.00 6.00 13.00 15.00 8.00 15.00 6.00 0.00 0.00 0.00 0.00 0.00
452.00 18.00 22.00 50.00 91.00 28.00 41.00 0.08 2.82 0.00 2.00 0.00 3.00 5.00 15.00 13.00 10.00 8.00 0.00 0.00 0.00 0.00 0.00
453.00 18.00 23.00 46.00 89.00 23.00 43.00 0.08 4.00 0.00 3.00 0.00 3.00 6.00 15.00 12.00 9.00 9.00 0.00 0.00 0.00 0.00 0.00
454.00 25.00 31.00 62.00 122.00 31.00 60.00 0.07 4.26 0.00 3.00 0.00 10.00 12.00 15.00 13.00 17.00 8.00 0.00 0.00 0.00 0.00 0.00
455.00 23.00 34.00 65.00 115.00 31.00 50.00 0.08 3.55 0.00 1.00 0.00 4.00 9.00 19.00 14.00 14.00 9.00 0.00 0.00 0.00 0.00 0.00
456.00 20.00 17.00 49.00 98.00 32.00 49.00 0.06 3.79 1.00 2.00 0.50 7.00 11.00 13.00 9.00 13.00 7.00 0.00 0.00 0.00 0.00 0.00
457.00 16.00 13.00 41.00 77.00 28.00 36.00 0.08 0.39 0.00 1.00 0.00 5.00 8.00 11.00 8.00 10.00 6.00 0.00 0.00 0.00 0.00 0.00
458.00 24.00 20.00 56.00 110.00 36.00 54.00 0.09 4.24 0.00 1.00 0.00 7.00 10.00 17.00 14.00 13.00 11.00 0.00 0.00 1.00 0.00 0.00
459.00 22.00 31.00 59.00 108.00 28.00 49.00 0.08 1.92 0.00 2.00 0.00 5.00 12.00 17.00 10.00 17.00 5.00 0.00 0.00 1.00 0.00 0.00
460.00 19.00 25.00 55.00 94.00 30.00 39.00 0.07 2.72 0.00 2.00 0.00 5.00 11.00 14.00 8.00 13.00 6.00 0.00 0.00 1.00 0.00 0.00
461.00 20.00 27.00 59.00 102.00 32.00 43.00 0.07 3.86 0.00 2.00 0.00 5.00 8.00 15.00 12.00 10.00 10.00 0.00 0.00 0.00 0.00 0.00
462.00 22.00 28.00 65.00 109.00 37.00 44.00 0.08 3.39 0.00 1.00 0.00 4.00 13.00 18.00 9.00 15.00 7.00 0.00 0.00 0.00 0.00 0.00
463.00 25.00 30.00 65.00 117.00 35.00 52.00 0.09 3.51 0.00 1.00 0.00 9.00 16.00 16.00 9.00 19.00 6.00 0.00 0.00 1.00 0.00 0.00
464.00 19.00 23.00 46.00 92.00 23.00 46.00 0.09 4.26 0.00 2.00 0.00 5.00 14.00 14.00 5.00 16.00 3.00 0.00 0.00 0.00 0.00 0.00
465.00 19.00 25.00 51.00 95.00 26.00 44.00 0.09 3.91 0.00 1.00 0.00 6.00 7.00 13.00 12.00 11.00 8.00 0.00 0.00 0.00 0.00 0.00
466.00 20.00 23.00 54.00 99.00 31.00 45.00 0.07 3.74 0.00 3.00 0.00 6.00 11.00 14.00 9.00 14.00 6.00 0.00 0.00 0.00 0.00 1.00
467.00 22.00 28.00 64.00 110.00 36.00 46.00 0.07 3.50 0.00 2.00 0.00 4.00 9.00 18.00 13.00 14.00 8.00 0.00 0.00 0.00 0.00 0.00
468.00 24.00 27.00 64.00 114.00 37.00 50.00 0.09 4.17 0.00 2.00 0.00 4.00 10.00 20.00 14.00 13.00 11.00 0.00 0.00 0.00 0.00 0.00
469.00 22.00 29.00 59.00 109.00 30.00 50.00 0.09 3.86 0.00 3.00 0.00 6.00 12.00 16.00 10.00 14.00 8.00 0.00 0.00 0.00 0.00 0.00
470.00 19.00 24.00 52.00 94.00 28.00 42.00 0.09 2.80 0.00 3.00 0.00 5.00 6.00 14.00 13.00 10.00 9.00 0.00 0.00 0.00 0.00 0.00
471.00 20.00 27.00 55.00 91.00 28.00 36.00 0.08 4.42 0.00 2.00 0.00 7.00 12.00 13.00 8.00 14.00 6.00 0.00 0.00 0.00 0.00 0.00
472.00 18.00 20.00 48.00 91.00 28.00 43.00 0.09 4.29 0.00 2.00 0.00 5.00 8.00 13.00 10.00 10.00 8.00 0.00 0.00 0.00 0.00 0.00
473.00 21.00 18.00 47.00 95.00 29.00 48.00 0.09 4.20 0.00 1.00 0.00 4.00 10.00 17.00 11.00 15.00 6.00 0.00 0.00 0.00 0.00 0.00
474.00 19.00 18.00 53.00 101.00 35.00 48.00 0.10 3.57 0.00 4.00 0.00 5.00 8.00 14.00 11.00 12.00 7.00 0.00 0.00 0.00 0.00 0.00
475.00 23.00 28.00 55.00 110.00 27.00 55.00 0.09 4.34 0.00 2.00 0.00 6.00 14.00 17.00 9.00 22.00 1.00 0.00 0.00 0.00 0.00 0.00
476.00 15.00 14.00 35.00 66.00 21.00 31.00 0.08 3.69 0.00 0.00 0.00 6.00 7.00 9.00 8.00 11.00 4.00 0.00 0.00 0.00 0.00 0.00
477.00 19.00 20.00 45.00 83.00 25.00 38.00 0.09 2.65 0.00 2.00 0.00 8.00 12.00 11.00 7.00 14.00 5.00 0.00 0.00 0.00 0.00 0.00
478.00 17.00 16.00 41.00 90.00 25.00 49.00 0.08 2.30 0.00 1.00 0.00 3.00 9.00 14.00 8.00 13.00 4.00 0.00 0.00 0.00 0.00 0.00
479.00 14.00 3.00 24.00 64.00 21.00 40.00 0.09 3.74 0.00 0.00 0.00 4.00 8.00 10.00 6.00 10.00 4.00 0.00 0.00 0.00 0.00 0.00
480.00 18.00 14.00 45.00 90.00 31.00 45.00 0.07 2.22 0.00 1.00 0.00 4.00 8.00 14.00 10.00 11.00 7.00 0.00 0.00 0.00 0.00 0.00
481.00 14.00 15.00 33.00 66.00 18.00 33.00 0.09 4.14 0.00 1.00 0.00 4.00 10.00 10.00 4.00 12.00 2.00 0.00 0.00 0.00 0.00 0.00
482.00 18.00 17.00 46.00 87.00 29.00 41.00 0.09 3.87 0.00 2.00 0.00 5.00 8.00 13.00 10.00 9.00 9.00 0.00 0.00 0.00 1.00 0.00
483.00 15.00 12.00 33.00 64.00 21.00 31.00 0.08 2.52 0.00 1.00 0.00 4.00 8.00 11.00 7.00 12.00 3.00 0.00 0.00 1.00 0.00 0.00
484.00 14.00 10.00 30.00 65.00 20.00 35.00 0.08 3.99 0.00 1.00 0.00 5.00 8.00 9.00 6.00 11.00 3.00 0.00 0.00 0.00 0.00 0.00
485.00 13.00 15.00 30.00 64.00 15.00 34.00 0.08 4.87 0.00 1.00 0.00 3.00 5.00 10.00 8.00 7.00 6.00 0.00 0.00 0.00 0.00 0.00
486.00 14.00 9.00 24.00 56.00 15.00 32.00 0.09 3.86 0.00 1.00 0.00 4.00 6.00 10.00 8.00 11.00 3.00 0.00 0.00 0.00 0.00 0.00
487.00 14.00 10.00 36.00 67.00 26.00 31.00 0.10 5.05 0.00 1.00 0.00 4.00 10.00 10.00 4.00 12.00 2.00 0.00 0.00 0.00 0.00 0.00
488.00 13.00 8.00 33.00 58.00 25.00 25.00 0.08 4.86 0.00 1.00 0.00 5.00 7.00 8.00 6.00 11.00 2.00 0.00 0.00 0.00 0.00 0.00
489.00 14.00 9.00 29.00 59.00 20.00 30.00 0.09 4.66 0.00 1.00 0.00 4.00 7.00 10.00 7.00 10.00 4.00 0.00 0.00 1.00 0.00 0.00
490.00 15.00 8.00 24.00 57.00 16.00 33.00 0.10 4.48 0.00 1.00 0.00 7.00 11.00 8.00 4.00 12.00 3.00 0.00 0.00 0.00 0.00 0.00
491.00 12.00 7.00 26.00 53.00 19.00 27.00 0.08 4.76 0.00 1.00 0.00 6.00 9.00 6.00 3.00 10.00 2.00 0.00 0.00 0.00 0.00 0.00
492.00 14.00 13.00 31.00 65.00 18.00 34.00 0.09 4.26 0.00 1.00 0.00 6.00 10.00 8.00 4.00 12.00 2.00 0.00 0.00 0.00 0.00 0.00
493.00 14.00 11.00 31.00 65.00 20.00 34.00 0.09 4.58 0.00 0.00 0.00 6.00 9.00 8.00 5.00 12.00 2.00 0.00 0.00 0.00 0.00 0.00
494.00 13.00 9.00 29.00 63.00 20.00 34.00 0.09 3.65 0.00 0.00 0.00 5.00 9.00 8.00 4.00 12.00 1.00 0.00 0.00 0.00 0.00 0.00
495.00 13.00 10.00 27.00 66.00 17.00 39.00 0.08 4.83 0.00 0.00 0.00 4.00 7.00 9.00 6.00 9.00 4.00 0.00 0.00 0.00 0.00 0.00
496.00 12.00 7.00 25.00 53.00 18.00 28.00 0.08 1.92 0.00 0.00 0.00 4.00 7.00 8.00 5.00 9.00 3.00 0.00 0.00 1.00 0.00 0.00
497.00 10.00 9.00 20.00 45.00 11.00 25.00 0.08 4.19 0.00 1.00 0.00 2.00 6.00 8.00 4.00 8.00 2.00 0.00 0.00 1.00 0.00 0.00
498.00 9.00 5.00 18.00 40.00 13.00 22.00 0.08 4.45 0.00 0.00 0.00 3.00 5.00 6.00 4.00 8.00 1.00 0.00 0.00 0.00 0.00 0.00
499.00 9.00 0.00 9.00 38.00 9.00 29.00 0.08 5.00 0.00 1.00 0.00 6.00 6.00 3.00 3.00 8.00 1.00 0.00 0.00 0.00 0.00 0.00
500.00 7.00 3.00 12.00 31.00 9.00 19.00 0.08 5.23 0.00 0.00 0.00 3.00 3.00 4.00 4.00 6.00 1.00 0.00 0.00 0.00 0.00 0.00
501.00 14.00 11.00 31.00 60.00 20.00 29.00 0.08 4.38 0.00 0.00 0.00 4.00 7.00 10.00 7.00 10.00 4.00 0.00 0.00 0.00 0.00 0.00
502.00 13.00 5.00 15.00 58.00 10.00 43.00 0.07 5.20 0.00 1.00 0.00 3.00 7.00 10.00 6.00 11.00 2.00 0.00 0.00 0.00 0.00 0.00
503.00 10.00 8.00 24.00 51.00 16.00 27.00 0.08 5.11 0.00 1.00 0.00 3.00 6.00 7.00 4.00 8.00 2.00 0.00 0.00 0.00 0.00 0.00
504.00 10.00 5.00 18.00 44.00 13.00 26.00 0.09 5.00 0.00 1.00 0.00 5.00 6.00 5.00 4.00 7.00 3.00 0.00 0.00 0.00 0.00 0.00
505.00 8.00 2.00 14.00 36.00 12.00 22.00 0.08 5.09 0.00 0.00 0.00 4.00 5.00 4.00 3.00 6.00 2.00 0.00 0.00 0.00 0.00 0.00
506.00 8.00 4.00 15.00 39.00 11.00 24.00 0.10 4.69 0.00 0.00 0.00 4.00 6.00 4.00 2.00 8.00 0.00 0.00 0.00 0.00 0.00 0.00
507.00 8.00 2.00 14.00 34.00 12.00 20.00 0.09 4.72 0.00 0.00 0.00 5.00 6.00 3.00 2.00 7.00 1.00 0.00 0.00 0.00 0.00 0.00
508.00 5.00 1.00 7.00 20.00 6.00 13.00 0.07 3.22 0.00 0.00 0.00 0.00 3.00 5.00 2.00 5.00 0.00 0.00 0.00 0.00 0.00 0.00
509.00 5.00 0.00 4.00 19.00 4.00 15.00 0.09 0.21 0.00 0.00 0.00 3.00 4.00 2.00 1.00 5.00 0.00 0.00 0.00 0.00 0.00 0.00
510.00 5.00 0.00 6.00 24.00 6.00 18.00 0.07 5.53 0.00 0.00 0.00 2.00 5.00 3.00 0.00 5.00 0.00 0.00 0.00 0.00 0.00 0.00
511.00 2.00 0.00 0.00 2.00 0.00 2.00 0.10 0.06 0.00 0.00 0.00 2.00 2.00 0.00 0.00 2.00 0.00 0.00 0.00 0.00 0.00 0.00
