0.00 2.00 0.00 0.00 0.00 0.00 0.00 0.08 0.11 0.00 0.00 0.00 2.00 2.00 0.00 0.00 2.00 0.00 0.00 0.00 0.00 0.00 0.00
1.00 3.00 0.00 1.00 7.00 1.00 6.00 0.08 0.15 0.00 0.00 0.00 2.00 3.00 1.00 0.00 3.00 0.00 0.00 0.00 0.00 0.00 0.00
2.00 5.00 0.00 3.00 14.00 3.00 11.00 0.09 0.66 0.00 0.00 0.00 2.00 5.00 3.00 0.00 5.00 0.00 0.00 0.00 0.00 0.00 0.00
3.00 5.00 1.00 7.00 19.00 6.00 12.00 0.09 0.32 0.00 0.00 0.00 2.00 5.00 3.00 0.00 5.00 0.00 0.00 0.00 0.00 0.00 0.00
4.00 3.00 0.00 2.00 11.00 2.00 9.00 0.09 0.14 0.00 0.00 0.00 2.00 3.00 1.00 0.00 3.00 0.00 0.00 0.00 0.00 0.00 0.00
5.00 3.00 0.00 0.00 1.00 0.00 1.00 0.05 0.05 0.00 0.00 0.00 2.00 3.00 1.00 0.00 3.00 0.00 0.00 0.00 0.00 0.00 0.00
6.00 3.00 0.00 2.00 10.00 2.00 8.00 0.10 0.18 0.00 0.00 0.00 2.00 3.00 1.00 0.00 3.00 0.00 0.00 0.00 0.00 0.00 0.00
7.00 5.00 0.00 0.00 10.00 0.00 10.00 0.10 0.42 0.00 0.00 0.00 3.00 4.00 2.00 1.00 5.00 0.00 0.00 0.00 0.00 0.00 0.00
8.00 4.00 0.00 4.00 16.00 4.00 12.00 0.07 0.31 0.00 0.00 0.00 3.00 3.00 1.00 1.00 4.00 0.00 0.00 0.00 0.00 0.00 0.00
9.00 10.00 0.00 2.00 32.00 2.00 30.00 0.08 3.71 0.00 0.00 0.00 5.00 8.00 5.00 2.00 9.00 1.00 0.00 0.00 0.00 0.00 0.00
10.00 8.00 1.00 9.00 31.00 8.00 22.00 0.10 0.29 0.00 0.00 0.00 4.00 5.00 4.00 3.00 7.00 1.00 0.00 0.00 0.00 0.00 0.00
11.00 8.00 1.00 9.00 30.00 8.00 21.00 0.09 0.36 0.00 0.00 0.00 3.00 6.00 5.00 2.00 7.00 1.00 0.00 0.00 0.00 0.00 0.00
12.00 7.00 1.00 8.00 31.00 7.00 23.00 0.09 0.36 0.00 0.00 0.00 3.00 6.00 4.00 1.00 7.00 0.00 0.00 0.00 0.00 0.00 0.00
13.00 12.00 4.00 22.00 56.00 18.00 34.00 0.06 0.54 0.00 0.00 0.00 4.00 8.00 8.00 4.00 9.00 3.00 0.00 0.00 1.00 0.00 0.00
14.00 9.00 6.00 17.00 41.00 11.00 24.00 0.09 0.30 0.00 0.00 0.00 3.00 4.00 6.00 5.00 9.00 0.00 0.00 0.00 0.00 1.00 0.00
15.00 11.00 0.00 17.00 51.00 17.00 34.00 0.09 2.71 0.00 0.00 0.00 3.00 7.00 8.00 4.00 10.00 1.00 0.00 0.00 0.00 0.00 0.00
16.00 10.00 5.00 18.00 44.00 13.00 26.00 0.08 0.44 0.00 1.00 0.00 3.00 6.00 7.00 4.00 6.00 4.00 0.00 0.00 0.00 0.00 0.00
17.00 19.00 12.00 49.00 96.00 37.00 47.00 0.08 2.11 0.00 1.00 0.00 6.00 14.00 13.00 5.00 15.00 4.00 0.00 0.00 0.00 0.00 0.00
18.00 18.00 13.00 41.00 87.00 28.00 46.00 0.08 1.40 0.00 1.00 0.00 5.00 12.00 13.00 6.00 14.00 4.00 0.00 0.00 1.00 0.00 0.00
19.00 23.00 24.00 60.00 115.00 36.00 55.00 0.10 3.15 0.00 0.00 0.00 8.00 12.00 15.00 11.00 18.00 5.00 0.00 0.00 1.00 0.00 0.00
20.00 22.00 19.00 51.00 118.00 32.00 67.00 0.09 2.89 0.00 1.00 0.00 7.00 15.00 15.00 7.00 18.00 4.00 0.00 0.00 0.00 0.00 0.00
21.00 19.00 26.00 52.00 95.00 26.00 43.00 0.08 0.47 0.00 1.00 0.00 5.00 10.00 14.00 9.00 13.00 6.00 0.00 0.00 1.00 0.00 0.00
22.00 20.00 14.00 40.00 93.00 26.00 53.00 0.09 2.59 0.00 1.00 0.00 9.00 13.00 11.00 7.00 13.00 7.00 0.00 0.00 0.00 0.00 0.00
23.00 20.00 15.00 51.00 98.00 36.00 47.00 0.10 1.29 0.00 1.00 0.00 7.00 12.00 13.00 8.00 18.00 2.00 0.00 0.00 0.00 0.00 0.00
24.00 26.00 33.00 69.00 123.00 36.00 54.00 0.08 1.75 0.00 2.00 0.00 10.00 16.00 16.00 10.00 23.00 3.00 0.00 0.00 0.00 0.00 0.00
25.00 18.00 20.00 48.00 87.00 28.00 39.00 0.09 0.45 0.00 2.00 0.00 4.00 8.00 14.00 10.00 12.00 6.00 0.00 0.00 0.00 0.00 0.00
26.00 25.00 21.00 66.00 134.00 45.00 68.00 0.08 1.82 0.00 2.00 0.00 8.00 13.00 17.00 12.00 18.00 7.00 0.00 0.00 1.00 0.00 0.00
27.00 29.00 26.00 75.00 147.00 49.00 72.00 0.08 2.03 0.00 2.00 0.00 8.00 15.00 21.00 14.00 20.00 9.00 0.00 0.00 1.00 0.00 0.00
28.00 23.00 26.00 61.00 119.00 35.00 58.00 0.09 1.14 0.00 2.00 0.00 6.00 10.00 17.00 13.00 15.00 8.00 0.00 0.00 1.00 0.00 0.00
29.00 24.00 22.00 51.00 110.00 29.00 59.00 0.08 0.55 0.00 1.00 0.00 4.00 10.00 20.00 14.00 19.00 5.00 0.00 0.00 0.00 0.00 0.00
30.00 29.00 32.00 76.00 148.00 44.00 72.00 0.09 1.67 0.00 2.00 0.00 9.00 16.00 20.00 13.00 20.00 9.00 0.00 0.00 1.00 0.00 0.00
31.00 20.00 19.00 52.00 96.00 33.00 44.00 0.08 1.10 0.00 1.00 0.00 5.00 11.00 15.00 9.00 16.00 4.00 0.00 0.00 1.00 0.00 0.00
32.00 24.00 33.00 66.00 121.00 33.00 55.00 0.09 1.19 0.00 1.00 0.00 5.00 11.00 19.00 13.00 13.00 11.00 0.00 0.00 1.00 1.00 0.00
33.00 22.00 28.00 61.00 113.00 33.00 52.00 0.10 1.83 0.00 1.00 0.00 5.00 10.00 17.00 12.00 12.00 10.00 0.00 0.00 1.00 0.00 0.00
34.00 22.00 21.00 58.00 116.00 37.00 58.00 0.09 1.30 0.00 1.00 0.00 4.00 7.00 18.00 15.00 11.00 11.00 1.00 0.00 2.00 0.00 0.00
35.00 26.00 22.00 61.00 130.00 39.00 69.00 0.08 2.94 1.00 2.00 0.50 4.00 11.00 22.00 15.00 15.00 11.00 1.00 0.00 0.00 0.00 0.00
36.00 32.00 25.00 76.00 161.00 51.00 85.00 0.06 2.08 0.00 1.00 0.00 10.00 20.00 22.00 12.00 23.00 9.00 0.00 0.00 1.00 0.00 0.00
37.00 24.00 21.00 62.00 119.00 41.00 57.00 0.09 1.25 0.00 0.00 0.00 9.00 9.00 15.00 15.00 13.00 11.00 0.00 0.00 1.00 0.00 0.00
38.00 22.00 26.00 61.00 119.00 35.00 58.00 0.08 0.67 2.00 2.00 1.00 5.00 10.00 17.00 12.00 12.00 10.00 0.00 0.00 0.00 0.00 0.00
39.00 22.00 23.00 54.00 111.00 31.00 57.00 0.09 0.91 0.00 2.00 0.00 4.00 10.00 18.00 12.00 13.00 9.00 0.00 0.00 0.00 0.00 0.00
40.00 25.00 26.00 67.00 126.00 41.00 59.00 0.07 1.15 0.00 2.00 0.00 6.00 15.00 19.00 10.00 18.00 7.00 0.00 0.00 1.00 0.00 0.00
41.00 29.00 36.00 83.00 142.00 47.00 59.00 0.08 0.83 0.00 2.00 0.00 7.00 14.00 22.00 15.00 18.00 11.00 0.00 0.00 0.00 0.00 0.00
42.00 26.00 19.00 64.00 131.00 45.00 67.00 0.09 0.93 0.00 2.00 0.00 10.00 14.00 16.00 12.00 19.00 7.00 0.00 0.00 0.00 0.00 0.00
43.00 31.00 20.00 80.00 154.00 60.00 74.00 0.09 1.92 0.00 3.00 0.00 8.00 17.00 23.00 14.00 23.00 8.00 0.00 0.00 0.00 0.00 0.00
44.00 25.00 22.00 64.00 129.00 42.00 65.00 0.09 0.90 0.00 2.00 0.00 3.00 10.00 22.00 15.00 16.00 9.00 0.00 0.00 0.00 1.00 0.00
45.00 24.00 24.00 64.00 127.00 40.00 63.00 0.07 0.85 0.00 0.00 0.00 4.00 8.00 20.00 16.00 13.00 11.00 2.00 0.00 0.00 0.00 0.00
46.00 22.00 15.00 52.00 115.00 37.00 63.00 0.07 0.65 0.00 1.00 0.00 6.00 11.00 16.00 11.00 14.00 8.00 0.00 0.00 0.00 0.00 0.00
47.00 14.00 6.00 28.00 71.00 22.00 43.00 0.09 0.56 0.00 1.00 0.00 4.00 9.00 10.00 5.00 13.00 1.00 0.00 0.00 0.00 0.00 0.00
48.00 26.00 21.00 66.00 124.00 45.00 58.00 0.08 0.81 0.00 1.00 0.00 6.00 12.00 20.00 14.00 17.00 9.00 1.00 0.00 1.00 0.00 0.00
49.00 24.00 17.00 51.00 123.00 34.00 72.00 0.10 1.07 0.00 2.00 0.00 7.00 13.00 17.00 11.00 18.00 6.00 0.00 0.00 0.00 0.00 0.00
50.00 25.00 16.00 60.00 121.00 44.00 61.00 0.09 1.26 0.00 3.00 0.00 9.00 11.00 16.00 14.00 15.00 10.00 0.00 0.00 0.00 0.00 0.00
51.00 22.00 13.00 59.00 116.00 46.00 57.00 0.09 0.65 0.00 3.00 0.00 7.00 13.00 15.00 9.00 17.00 5.00 0.00 0.00 0.00 0.00 0.00
52.00 24.00 19.00 68.00 127.00 49.00 59.00 0.08 1.36 0.00 3.00 0.00 6.00 9.00 18.00 15.00 15.00 9.00 0.00 0.00 0.00 0.00 0.00
53.00 27.00 19.00 74.00 132.00 55.00 58.00 0.09 1.30 1.00 4.00 0.25 7.00 11.00 20.00 16.00 15.00 12.00 0.00 0.00 0.00 0.00 0.00
54.00 30.00 38.00 84.00 159.00 46.00 75.00 0.08 1.19 0.00 4.00 0.00 5.00 12.00 25.00 18.00 18.00 12.00 0.00 0.00 0.00 0.00 0.00
55.00 33.00 46.00 91.00 171.00 45.00 80.00 0.10 1.27 1.00 3.00 0.33 7.00 16.00 26.00 17.00 21.00 12.00 0.00 0.00 0.00 0.00 0.00
56.00 30.00 31.00 77.00 149.00 46.00 72.00 0.08 1.74 0.00 4.00 0.00 7.00 14.00 23.00 16.00 24.00 6.00 0.00 0.00 0.00 0.00 0.00
57.00 24.00 33.00 69.00 125.00 36.00 56.00 0.10 1.29 0.00 1.00 0.00 4.00 8.00 20.00 16.00 13.00 11.00 0.00 0.00 0.00 0.00 0.00
58.00 28.00 28.00 76.00 143.00 48.00 67.00 0.07 1.31 0.00 4.00 0.00 9.00 15.00 19.00 13.00 18.00 10.00 1.00 0.00 0.00 0.00 0.00
59.00 33.00 52.00 109.00 171.00 57.00 62.00 0.08 2.06 0.00 4.00 0.00 3.00 9.00 30.00 24.00 14.00 19.00 2.00 0.00 0.00 0.00 0.00
60.00 32.00 40.00 91.00 154.00 51.00 63.00 0.09 2.08 0.00 3.00 0.00 8.00 15.00 24.00 17.00 19.00 13.00 2.00 0.00 0.00 0.00 0.00
61.00 28.00 34.00 77.00 146.00 43.00 69.00 0.09 2.19 0.00 3.00 0.00 7.00 13.00 21.00 15.00 19.00 9.00 1.00 0.00 0.00 0.00 0.00
62.00 34.00 46.00 99.00 176.00 53.00 77.00 0.08 2.02 0.00 3.00 0.00 13.00 18.00 21.00 16.00 23.00 11.00 0.00 0.00 0.00 0.00 0.00
63.00 30.00 40.00 87.00 154.00 47.00 67.00 0.10 2.21 0.00 4.00 0.00 10.00 16.00 20.00 14.00 20.00 10.00 0.00 0.00 0.00 0.00 0.00
64.00 31.00 39.00 88.00 162.00 49.00 74.00 0.07 2.19 0.00 4.00 0.00 5.00 15.00 26.00 16.00 23.00 8.00 1.00 0.00 0.00 0.00 0.00
65.00 30.00 36.00 94.00 153.00 58.00 59.00 0.07 0.76 0.00 4.00 0.00 3.00 12.00 27.00 18.00 19.00 11.00 0.00 0.00 0.00 0.00 0.00
66.00 29.00 38.00 84.00 154.00 46.00 70.00 0.10 1.73 0.00 3.00 0.00 5.00 17.00 24.00 12.00 24.00 5.00 0.00 0.00 0.00 0.00 0.00
67.00 32.00 41.00 100.00 168.00 59.00 68.00 0.08 2.26 0.00 3.00 0.00 7.00 12.00 25.00 20.00 17.00 15.00 0.00 0.00 0.00 0.00 0.00
68.00 32.00 37.00 97.00 166.00 60.00 69.00 0.09 2.07 0.00 3.00 0.00 10.00 14.00 22.00 18.00 19.00 13.00 0.00 1.00 0.00 0.00 0.00
69.00 32.00 43.00 105.00 163.00 62.00 58.00 0.09 3.32 0.00 3.00 0.00 5.00 13.00 27.00 19.00 21.00 11.00 0.00 1.00 1.00 0.00 0.00
70.00 35.00 53.00 104.00 180.00 51.00 76.00 0.08 3.14 0.00 5.00 0.00 6.00 13.00 29.00 22.00 20.00 15.00 0.00 0.00 1.00 0.00 0.00
71.00 30.00 37.00 81.00 151.00 44.00 70.00 0.09 2.90 0.00 6.00 0.00 6.00 12.00 24.00 18.00 15.00 15.00 0.00 0.00 1.00 0.00 0.00
72.00 34.00 50.00 98.00 174.00 48.00 76.00 0.10 2.77 0.00 5.00 0.00 8.00 17.00 26.00 17.00 20.00 14.00 0.00 0.00 0.00 0.00 0.00
73.00 34.00 61.00 109.00 174.00 48.00 65.00 0.09 2.59 0.00 3.00 0.00 8.00 17.00 26.00 17.00 22.00 12.00 0.00 0.00 1.00 0.00 0.00
74.00 41.00 60.00 120.00 197.00 60.00 77.00 0.08 3.56 0.00 5.00 0.00 10.00 17.00 31.00 24.00 21.00 20.00 0.00 0.00 0.00 1.00 0.00
75.00 38.00 45.00 111.00 202.00 66.00 91.00 0.10 3.58 0.00 3.00 0.00 5.00 16.00 33.00 22.00 25.00 13.00 0.00 0.00 1.00 0.00 0.00
76.00 34.00 50.00 105.00 183.00 55.00 78.00 0.10 3.86 1.00 4.00 0.25 3.00 12.00 31.00 22.00 18.00 16.00 0.00 0.00 1.00 0.00 0.00
77.00 39.00 65.00 124.00 200.00 59.00 76.00 0.09 3.68 1.00 4.00 0.25 6.00 14.00 33.00 25.00 21.00 18.00 0.00 0.00 1.00 0.00 0.00
78.00 39.00 51.00 121.00 198.00 70.00 77.00 0.09 3.22 1.00 5.00 0.20 6.00 12.00 33.00 27.00 19.00 20.00 0.00 0.00 0.00 0.00 0.00
79.00 41.00 62.00 136.00 216.00 74.00 80.00 0.09 3.61 0.00 3.00 0.00 8.00 21.00 33.00 20.00 27.00 14.00 0.00 0.00 0.00 0.00 0.00
80.00 38.00 57.00 118.00 209.00 61.00 91.00 0.08 3.64 1.00 3.00 0.33 10.00 18.00 28.00 20.00 22.00 16.00 0.00 0.00 2.00 0.00 1.00
81.00 40.00 69.00 129.00 208.00 60.00 79.00 0.10 3.71 1.00 4.00 0.25 12.00 15.00 28.00 25.00 20.00 20.00 0.00 0.00 3.00 0.00 0.00
82.00 38.00 49.00 111.00 197.00 62.00 86.00 0.06 3.89 1.00 3.00 0.33 14.00 17.00 24.00 21.00 24.00 14.00 0.00 0.00 2.00 0.00 0.00
83.00 39.00 59.00 117.00 204.00 58.00 87.00 0.08 4.01 1.00 5.00 0.20 11.00 22.00 28.00 17.00 24.00 15.00 0.00 0.00 4.00 0.00 0.00
84.00 35.00 54.00 105.00 179.00 51.00 74.00 0.07 3.27 0.00 3.00 0.00 12.00 17.00 23.00 18.00 22.00 13.00 0.00 0.00 0.00 0.00 0.00
85.00 39.00 52.00 121.00 199.00 69.00 78.00 0.08 3.75 0.00 4.00 0.00 10.00 18.00 29.00 21.00 25.00 14.00 0.00 0.00 2.00 0.00 0.00
86.00 26.00 27.00 70.00 137.00 43.00 67.00 0.10 3.95 1.00 5.00 0.20 6.00 12.00 20.00 14.00 18.00 8.00 0.00 0.00 0.00 0.00 0.00
87.00 40.00 57.00 122.00 193.00 65.00 71.00 0.08 4.07 1.00 6.00 0.17 8.00 15.00 32.00 25.00 24.00 16.00 0.00 0.00 0.00 0.00 0.00
88.00 37.00 54.00 114.00 188.00 60.00 74.00 0.09 3.48 1.00 5.00 0.20 11.00 17.00 26.00 20.00 20.00 17.00 0.00 0.00 0.00 0.00 0.00
89.00 47.00 61.00 134.00 240.00 73.00 106.00 0.09 3.43 1.00 6.00 0.17 9.00 20.00 38.00 27.00 25.00 22.00 0.00 0.00 1.00 0.00 0.00
90.00 45.00 59.00 137.00 235.00 78.00 98.00 0.08 4.08 1.00 6.00 0.17 10.00 19.00 35.00 26.00 25.00 20.00 0.00 0.00 0.00 2.00 0.00
91.00 40.00 63.00 130.00 221.00 67.00 91.00 0.08 3.64 1.00 7.00 0.14 8.00 12.00 32.00 28.00 21.00 19.00 0.00 0.00 1.00 0.00 0.00
92.00 45.00 60.00 135.00 232.00 75.00 97.00 0.08 3.58 1.00 8.00 0.12 13.00 20.00 32.00 25.00 29.00 16.00 0.00 0.00 1.00 0.00 0.00
93.00 49.00 68.00 141.00 230.00 73.00 89.00 0.08 3.90 2.00 5.00 0.40 13.00 22.00 36.00 27.00 32.00 17.00 0.00 0.00 0.00 0.00 0.00
94.00 44.00 72.00 150.00 224.00 78.00 74.00 0.10 4.11 1.00 5.00 0.20 9.00 18.00 35.00 26.00 24.00 20.00 0.00 0.00 0.00 0.00 0.00
95.00 41.00 58.00 120.00 208.00 62.00 88.00 0.07 3.96 1.00 4.00 0.25 11.00 21.00 30.00 20.00 24.00 17.00 0.00 0.00 0.00 1.00 1.00
96.00 45.00 60.00 130.00 223.00 70.00 93.00 0.09 4.01 1.00 6.00 0.17 12.00 17.00 33.00 28.00 24.00 21.00 0.00 0.00 2.00 0.00 0.00
97.00 42.00 63.00 120.00 204.00 57.00 84.00 0.09 3.94 1.00 4.00 0.25 9.00 17.00 33.00 25.00 26.00 16.00 0.00 0.00 0.00 0.00 0.00
98.00 38.00 63.00 113.00 191.00 50.00 78.00 0.09 3.81 1.00 6.00 0.17 10.00 17.00 28.00 21.00 23.00 15.00 0.00 0.00 1.00 0.00 0.00
99.00 42.00 77.00 146.00 214.00 69.00 68.00 0.10 3.50 2.00 5.00 0.40 12.00 20.00 30.00 22.00 24.00 18.00 0.00 0.00 0.00 0.00 0.00
100.00 42.00 63.00 133.00 216.00 70.00 83.00 0.09 3.57 2.00 3.00 0.67 5.00 18.00 37.00 24.00 26.00 16.00 0.00 0.00 0.00 0.00 0.00
101.00 33.00 41.00 97.00 172.00 56.00 75.00 0.09 3.46 2.00 3.00 0.67 8.00 12.00 25.00 21.00 19.00 14.00 0.00 0.00 1.00 0.00 0.00
102.00 44.00 70.00 138.00 221.00 68.00 83.00 0.09 3.29 0.00 4.00 0.00 9.00 20.00 35.00 24.00 27.00 17.00 0.00 0.00 0.00 0.00 0.00
103.00 41.00 48.00 108.00 211.00 60.00 103.00 0.09 4.08 2.00 3.00 0.67 8.00 14.00 33.00 27.00 23.00 18.00 0.00 0.00 0.00 1.00 0.00
104.00 43.00 64.00 143.00 234.00 79.00 91.00 0.09 3.51 2.00 3.00 0.67 7.00 13.00 36.00 30.00 21.00 22.00 0.00 0.00 3.00 0.00 0.00
105.00 44.00 68.00 145.00 237.00 77.00 92.00 0.09 3.68 1.00 4.00 0.25 11.00 19.00 33.00 25.00 29.00 15.00 0.00 0.00 1.00 0.00 0.00
106.00 46.00 68.00 146.00 239.00 78.00 93.00 0.09 3.59 1.00 4.00 0.25 11.00 15.00 35.00 31.00 26.00 20.00 0.00 0.00 3.00 1.00 0.00
107.00 45.00 71.00 140.00 235.00 69.00 95.00 0.09 3.26 1.00 6.00 0.17 12.00 18.00 33.00 27.00 24.00 21.00 0.00 0.00 0.00 1.00 0.00
108.00 48.00 87.00 154.00 249.00 67.00 95.00 0.07 3.72 1.00 6.00 0.17 8.00 21.00 40.00 27.00 33.00 15.00 0.00 0.00 1.00 1.00 0.00
109.00 42.00 58.00 131.00 218.00 73.00 87.00 0.10 3.78 1.00 4.00 0.25 8.00 22.00 34.00 20.00 28.00 14.00 0.00 0.00 1.00 1.00 0.00
110.00 48.00 58.00 148.00 263.00 90.00 115.00 0.09 3.73 1.00 4.00 0.25 12.00 24.00 36.00 24.00 30.00 18.00 0.00 0.00 3.00 0.00 0.00
111.00 48.00 62.00 140.00 256.00 78.00 116.00 0.08 3.80 1.00 6.00 0.17 10.00 23.00 38.00 25.00 33.00 15.00 0.00 0.00 3.00 1.00 0.00
112.00 54.00 87.00 174.00 273.00 87.00 99.00 0.09 4.46 2.00 5.00 0.40 15.00 24.00 39.00 30.00 29.00 25.00 0.00 0.00 2.00 0.00 1.00
113.00 35.00 42.00 99.00 185.00 57.00 86.00 0.08 4.37 1.00 4.00 0.25 7.00 15.00 28.00 20.00 21.00 14.00 0.00 0.00 2.00 0.00 0.00
114.00 46.00 79.00 143.00 227.00 64.00 84.00 0.09 4.05 1.00 6.00 0.17 9.00 14.00 37.00 32.00 22.00 24.00 0.00 0.00 2.00 0.00 0.00
115.00 38.00 53.00 117.00 202.00 64.00 85.00 0.09 4.40 2.00 5.00 0.40 9.00 15.00 29.00 23.00 23.00 15.00 0.00 0.00 1.00 0.00 0.00
116.00 47.00 61.00 140.00 236.00 79.00 96.00 0.08 4.13 1.00 5.00 0.20 13.00 28.00 34.00 19.00 33.00 14.00 0.00 0.00 0.00 0.00 0.00
117.00 46.00 82.00 154.00 236.00 72.00 82.00 0.08 4.48 2.00 5.00 0.40 8.00 16.00 38.00 30.00 22.00 24.00 0.00 0.00 0.00 0.00 0.00
118.00 43.00 61.00 140.00 233.00 79.00 93.00 0.10 4.44 2.00 4.00 0.50 8.00 15.00 35.00 28.00 26.00 17.00 0.00 0.00 1.00 1.00 0.00
119.00 50.00 75.00 160.00 262.00 85.00 102.00 0.08 4.19 2.00 4.00 0.50 17.00 27.00 33.00 23.00 35.00 15.00 0.00 0.00 1.00 0.00 0.00
120.00 39.00 58.00 126.00 199.00 68.00 73.00 0.08 3.71 2.00 5.00 0.40 6.00 17.00 33.00 22.00 24.00 15.00 0.00 0.00 1.00 0.00 0.00
121.00 44.00 68.00 144.00 231.00 76.00 87.00 0.07 4.43 3.00 4.00 0.75 9.00 15.00 35.00 29.00 25.00 19.00 0.00 0.00 1.00 0.00 0.00
122.00 45.00 67.00 135.00 228.00 68.00 93.00 0.08 4.03 2.00 3.00 0.67 7.00 16.00 38.00 29.00 25.00 20.00 0.00 0.00 1.00 0.00 0.00
123.00 46.00 68.00 145.00 234.00 77.00 89.00 0.08 4.23 2.00 4.00 0.50 10.00 21.00 36.00 25.00 27.00 19.00 0.00 0.00 1.00 0.00 0.00
124.00 45.00 62.00 146.00 238.00 84.00 92.00 0.08 4.26 1.00 4.00 0.25 7.00 17.00 38.00 28.00 23.00 22.00 0.00 0.00 2.00 0.00 0.00
125.00 40.00 51.00 115.00 204.00 64.00 89.00 0.10 4.27 2.00 3.00 0.67 12.00 16.00 28.00 24.00 24.00 16.00 0.00 0.00 1.00 0.00 0.00
126.00 48.00 68.00 146.00 233.00 78.00 87.00 0.09 4.50 1.00 4.00 0.25 16.00 24.00 32.00 24.00 34.00 14.00 0.00 0.00 1.00 0.00 0.00
127.00 45.00 66.00 132.00 229.00 66.00 97.00 0.09 4.49 1.00 2.00 0.50 12.00 19.00 33.00 26.00 29.00 16.00 0.00 0.00 1.00 0.00 0.00
128.00 44.00 58.00 135.00 227.00 77.00 92.00 0.08 4.28 1.00 3.00 0.33 13.00 23.00 31.00 21.00 34.00 10.00 0.00 0.00 2.00 0.00 0.00
129.00 46.00 73.00 141.00 228.00 68.00 87.00 0.09 4.38 1.00 4.00 0.25 12.00 22.00 34.00 24.00 32.00 14.00 0.00 0.00 4.00 0.00 0.00
130.00 39.00 57.00 116.00 199.00 59.00 83.00 0.10 4.24 1.00 4.00 0.25 10.00 19.00 29.00 20.00 31.00 8.00 0.00 0.00 0.00 0.00 0.00
131.00 36.00 47.00 103.00 181.00 56.00 78.00 0.08 4.51 1.00 3.00 0.33 13.00 20.00 23.00 16.00 25.00 11.00 0.00 0.00 1.00 0.00 0.00
132.00 42.00 69.00 133.00 214.00 64.00 81.00 0.09 4.38 1.00 3.00 0.33 6.00 15.00 36.00 27.00 24.00 18.00 0.00 0.00 1.00 0.00 0.00
133.00 38.00 56.00 127.00 201.00 71.00 74.00 0.08 4.48 1.00 3.00 0.33 8.00 15.00 30.00 23.00 18.00 20.00 0.00 0.00 2.00 0.00 0.00
134.00 44.00 72.00 148.00 239.00 76.00 91.00 0.08 4.27 1.00 4.00 0.25 10.00 19.00 34.00 25.00 25.00 19.00 0.00 0.00 3.00 0.00 0.00
135.00 42.00 55.00 131.00 214.00 76.00 83.00 0.09 4.56 1.00 3.00 0.33 9.00 20.00 33.00 22.00 28.00 14.00 0.00 0.00 3.00 0.00 1.00
136.00 43.00 70.00 142.00 221.00 72.00 79.00 0.07 4.33 3.00 5.00 0.60 8.00 16.00 35.00 27.00 24.00 19.00 0.00 0.00 3.00 0.00 0.00
137.00 39.00 47.00 119.00 195.00 72.00 76.00 0.08 4.19 1.00 4.00 0.25 7.00 15.00 32.00 24.00 20.00 19.00 0.00 0.00 2.00 0.00 0.00
138.00 35.00 42.00 108.00 181.00 66.00 73.00 0.09 4.41 1.00 3.00 0.33 6.00 16.00 29.00 19.00 20.00 15.00 1.00 0.00 2.00 0.00 0.00
139.00 32.00 42.00 91.00 172.00 49.00 81.00 0.08 4.19 1.00 1.00 1.00 9.00 16.00 23.00 16.00 20.00 12.00 0.00 0.00 0.00 0.00 0.00
140.00 37.00 32.00 102.00 194.00 70.00 92.00 0.09 4.35 1.00 3.00 0.33 10.00 19.00 27.00 18.00 25.00 12.00 0.00 0.00 1.00 0.00 0.00
141.00 40.00 58.00 121.00 199.00 63.00 78.00 0.09 4.50 1.00 5.00 0.20 8.00 19.00 32.00 21.00 23.00 17.00 1.00 0.00 2.00 1.00 0.00
142.00 43.00 66.00 134.00 222.00 68.00 88.00 0.08 4.37 1.00 5.00 0.20 8.00 13.00 35.00 30.00 23.00 20.00 1.00 0.00 2.00 0.00 0.00
143.00 34.00 50.00 99.00 177.00 49.00 78.00 0.09 4.20 1.00 3.00 0.33 4.00 11.00 30.00 23.00 20.00 14.00 1.00 0.00 2.00 0.00 0.00
144.00 36.00 51.00 110.00 188.00 59.00 78.00 0.07 4.59 1.00 3.00 0.33 9.00 15.00 27.00 21.00 21.00 15.00 0.00 0.00 2.00 1.00 0.00
145.00 35.00 42.00 102.00 179.00 60.00 77.00 0.10 4.40 1.00 2.00 0.50 8.00 15.00 27.00 20.00 21.00 14.00 0.00 0.00 3.00 0.00 0.00
146.00 36.00 57.00 114.00 182.00 57.00 68.00 0.08 4.36 1.00 4.00 0.25 9.00 16.00 27.00 20.00 20.00 16.00 0.00 0.00 3.00 0.00 0.00
147.00 35.00 44.00 104.00 178.00 60.00 74.00 0.09 4.67 1.00 4.00 0.25 5.00 17.00 30.00 18.00 24.00 11.00 0.00 0.00 3.00 0.00 0.00
148.00 34.00 42.00 97.00 169.00 55.00 72.00 0.07 4.43 1.00 3.00 0.33 6.00 17.00 28.00 17.00 21.00 13.00 0.00 0.00 1.00 0.00 0.00
149.00 31.00 26.00 85.00 165.00 59.00 80.00 0.09 4.53 0.00 2.00 0.00 9.00 12.00 22.00 19.00 20.00 11.00 0.00 0.00 2.00 0.00 0.00
150.00 31.00 41.00 98.00 165.00 57.00 67.00 0.10 4.56 1.00 2.00 0.50 4.00 14.00 27.00 17.00 21.00 10.00 0.00 0.00 2.00 0.00 0.00
151.00 34.00 46.00 105.00 176.00 59.00 71.00 0.08 4.30 2.00 2.00 1.00 2.00 10.00 32.00 24.00 16.00 18.00 0.00 0.00 1.00 0.00 0.00
152.00 29.00 39.00 81.00 147.00 42.00 66.00 0.10 4.71 0.00 1.00 0.00 7.00 15.00 22.00 14.00 19.00 10.00 0.00 0.00 2.00 0.00 0.00
153.00 39.00 69.00 122.00 194.00 53.00 72.00 0.10 4.59 1.00 2.00 0.50 7.00 15.00 32.00 24.00 22.00 17.00 0.00 0.00 1.00 0.00 0.00
154.00 37.00 52.00 104.00 185.00 52.00 81.00 0.08 4.45 1.00 3.00 0.33 7.00 12.00 30.00 25.00 22.00 15.00 0.00 0.00 1.00 0.00 0.00
155.00 31.00 38.00 85.00 160.00 47.00 75.00 0.08 4.64 2.00 2.00 1.00 6.00 11.00 25.00 20.00 15.00 16.00 0.00 0.00 1.00 0.00 0.00
156.00 31.00 37.00 87.00 162.00 50.00 75.00 0.09 4.61 4.00 2.00 2.00 5.00 13.00 26.00 18.00 17.00 14.00 0.00 0.00 1.00 0.00 0.00
157.00 33.00 48.00 97.00 167.00 49.00 70.00 0.09 4.49 2.00 2.00 1.00 7.00 13.00 26.00 20.00 23.00 10.00 0.00 0.00 0.00 0.00 0.00
158.00 29.00 40.00 86.00 149.00 46.00 63.00 0.08 4.25 2.00 2.00 1.00 5.00 12.00 24.00 17.00 18.00 11.00 0.00 0.00 3.00 0.00 0.00
159.00 31.00 35.00 88.00 166.00 53.00 78.00 0.10 4.53 2.00 1.00 2.00 5.00 11.00 26.00 20.00 21.00 10.00 0.00 0.00 3.00 0.00 0.00
160.00 28.00 30.00 75.00 133.00 45.00 58.00 0.08 4.37 1.00 0.00 0.00 8.00 15.00 20.00 13.00 17.00 11.00 0.00 0.00 0.00 2.00 0.00
161.00 33.00 36.00 84.00 169.00 48.00 85.00 0.10 4.43 2.00 1.00 2.00 9.00 19.00 24.00 14.00 23.00 10.00 0.00 0.00 2.00 1.00 0.00
162.00 32.00 32.00 87.00 162.00 55.00 75.00 0.09 4.61 1.00 2.00 0.50 10.00 20.00 22.00 12.00 25.00 7.00 0.00 0.00 1.00 0.00 0.00
163.00 33.00 41.00 97.00 164.00 56.00 67.00 0.09 4.47 2.00 2.00 1.00 8.00 10.00 25.00 23.00 19.00 14.00 0.00 0.00 1.00 0.00 0.00
164.00 32.00 48.00 91.00 152.00 43.00 61.00 0.08 4.56 2.00 3.00 0.67 4.00 11.00 28.00 21.00 20.00 12.00 0.00 0.00 0.00 0.00 0.00
165.00 28.00 39.00 89.00 138.00 50.00 49.00 0.09 3.98 1.00 3.00 0.33 10.00 15.00 18.00 13.00 19.00 9.00 0.00 0.00 0.00 0.00 0.00
166.00 30.00 36.00 87.00 151.00 51.00 64.00 0.09 4.18 1.00 2.00 0.50 7.00 14.00 23.00 16.00 19.00 11.00 0.00 0.00 0.00 0.00 0.00
167.00 31.00 26.00 87.00 158.00 61.00 71.00 0.08 4.80 1.00 2.00 0.50 11.00 18.00 20.00 13.00 23.00 8.00 1.00 0.00 0.00 0.00 0.00
168.00 28.00 39.00 82.00 144.00 43.00 62.00 0.08 4.65 1.00 2.00 0.50 3.00 10.00 25.00 18.00 17.00 11.00 0.00 0.00 0.00 1.00 0.00
169.00 28.00 30.00 76.00 145.00 46.00 69.00 0.11 4.85 1.00 3.00 0.33 7.00 15.00 21.00 13.00 20.00 8.00 0.00 0.00 0.00 1.00 0.00
170.00 33.00 38.00 91.00 159.00 53.00 68.00 0.08 4.77 1.00 2.00 0.50 10.00 16.00 23.00 17.00 21.00 12.00 0.00 0.00 0.00 0.00 0.00
171.00 35.00 42.00 98.00 181.00 56.00 83.00 0.09 4.49 1.00 1.00 1.00 9.00 17.00 26.00 18.00 21.00 14.00 0.00 0.00 0.00 1.00 0.00
172.00 31.00 24.00 76.00 143.00 52.00 67.00 0.09 3.46 1.00 2.00 0.50 6.00 14.00 25.00 17.00 22.00 9.00 0.00 0.00 0.00 1.00 0.00
173.00 33.00 50.00 103.00 165.00 53.00 62.00 0.06 4.25 1.00 1.00 1.00 5.00 15.00 28.00 18.00 21.00 12.00 0.00 0.00 0.00 0.00 0.00
174.00 25.00 33.00 72.00 128.00 39.00 56.00 0.09 3.72 1.00 1.00 1.00 5.00 13.00 20.00 12.00 16.00 9.00 0.00 0.00 0.00 0.00 0.00
175.00 31.00 42.00 93.00 152.00 51.00 59.00 0.09 4.48 1.00 1.00 1.00 9.00 15.00 22.00 16.00 20.00 11.00 0.00 0.00 0.00 0.00 0.00
176.00 27.00 35.00 75.00 129.00 40.00 54.00 0.08 4.49 1.00 2.00 0.50 9.00 16.00 18.00 11.00 22.00 5.00 0.00 0.00 1.00 0.00 0.00
177.00 32.00 36.00 80.00 156.00 44.00 76.00 0.09 4.26 1.00 4.00 0.25 6.00 15.00 26.00 17.00 24.00 8.00 0.00 0.00 1.00 0.00 0.00
178.00 30.00 35.00 85.00 156.00 50.00 71.00 0.09 4.45 1.00 2.00 0.50 7.00 14.00 23.00 16.00 19.00 11.00 0.00 0.00 0.00 0.00 0.00
179.00 35.00 33.00 95.00 178.00 62.00 83.00 0.08 4.69 1.00 3.00 0.33 11.00 15.00 24.00 20.00 21.00 14.00 0.00 0.00 0.00 0.00 0.00
180.00 32.00 40.00 94.00 160.00 54.00 66.00 0.09 3.98 1.00 4.00 0.25 10.00 16.00 22.00 16.00 22.00 10.00 0.00 0.00 1.00 1.00 0.00
181.00 29.00 38.00 85.00 151.00 47.00 66.00 0.09 4.68 1.00 2.00 0.50 3.00 9.00 26.00 20.00 17.00 12.00 1.00 0.00 1.00 0.00 0.00
182.00 29.00 40.00 87.00 149.00 47.00 62.00 0.08 4.71 1.00 4.00 0.25 5.00 10.00 24.00 19.00 18.00 11.00 0.00 0.00 0.00 0.00 0.00
183.00 32.00 44.00 102.00 173.00 58.00 71.00 0.08 4.06 1.00 3.00 0.33 5.00 8.00 27.00 24.00 15.00 17.00 0.00 0.00 0.00 0.00 0.00
184.00 30.00 39.00 89.00 154.00 50.00 65.00 0.09 4.75 1.00 2.00 0.50 9.00 12.00 21.00 18.00 16.00 14.00 0.00 0.00 0.00 0.00 0.00
185.00 31.00 42.00 89.00 164.00 47.00 75.00 0.09 3.37 1.00 1.00 1.00 11.00 16.00 20.00 15.00 20.00 11.00 0.00 0.00 0.00 1.00 0.00
186.00 30.00 38.00 87.00 152.00 49.00 65.00 0.08 4.27 1.00 2.00 0.50 5.00 11.00 25.00 19.00 19.00 11.00 0.00 0.00 0.00 0.00 0.00
187.00 29.00 41.00 88.00 144.00 47.00 56.00 0.09 3.79 1.00 2.00 0.50 7.00 13.00 22.00 16.00 21.00 8.00 0.00 0.00 0.00 0.00 0.00
188.00 32.00 43.00 93.00 165.00 50.00 72.00 0.08 4.62 1.00 5.00 0.20 6.00 13.00 26.00 19.00 21.00 11.00 0.00 0.00 0.00 0.00 0.00
189.00 30.00 48.00 94.00 148.00 46.00 54.00 0.08 3.89 2.00 4.00 0.50 8.00 12.00 22.00 18.00 17.00 13.00 0.00 0.00 0.00 0.00 0.00
190.00 29.00 31.00 81.00 150.00 50.00 69.00 0.09 4.64 1.00 5.00 0.20 6.00 15.00 23.00 14.00 21.00 8.00 0.00 0.00 0.00 0.00 0.00
191.00 33.00 46.00 94.00 168.00 48.00 74.00 0.07 4.76 1.00 1.00 1.00 10.00 17.00 23.00 16.00 19.00 14.00 0.00 0.00 0.00 1.00 0.00
192.00 26.00 28.00 69.00 127.00 41.00 58.00 0.08 4.87 0.00 1.00 0.00 4.00 12.00 22.00 14.00 14.00 12.00 0.00 0.00 0.00 0.00 0.00
193.00 30.00 39.00 82.00 149.00 43.00 67.00 0.09 4.47 1.00 1.00 1.00 6.00 15.00 24.00 15.00 21.00 9.00 0.00 0.00 0.00 1.00 0.00
194.00 33.00 42.00 105.00 176.00 63.00 71.00 0.08 4.76 1.00 2.00 0.50 4.00 14.00 29.00 19.00 20.00 13.00 0.00 0.00 0.00 1.00 0.00
195.00 35.00 44.00 101.00 182.00 57.00 81.00 0.09 4.33 3.00 3.00 1.00 7.00 12.00 28.00 23.00 19.00 16.00 0.00 0.00 0.00 0.00 0.00
196.00 31.00 45.00 95.00 162.00 50.00 67.00 0.08 4.60 3.00 3.00 1.00 3.00 8.00 28.00 23.00 16.00 15.00 0.00 0.00 0.00 0.00 0.00
197.00 35.00 35.00 99.00 184.00 64.00 85.00 0.07 4.54 3.00 3.00 1.00 5.00 13.00 30.00 22.00 20.00 15.00 0.00 0.00 0.00 0.00 0.00
198.00 35.00 52.00 107.00 176.00 55.00 69.00 0.07 4.34 2.00 2.00 1.00 6.00 15.00 29.00 20.00 22.00 13.00 0.00 0.00 0.00 0.00 0.00
199.00 28.00 43.00 86.00 144.00 43.00 58.00 0.07 4.22 1.00 2.00 0.50 2.00 10.00 26.00 18.00 16.00 12.00 0.00 0.00 0.00 0.00 0.00
200.00 29.00 44.00 92.00 146.00 48.00 54.00 0.07 3.91 1.00 2.00 0.50 9.00 13.00 20.00 16.00 16.00 13.00 0.00 0.00 0.00 0.00 0.00
201.00 32.00 50.00 101.00 159.00 51.00 58.00 0.08 4.18 1.00 4.00 0.25 11.00 14.00 21.00 18.00 17.00 15.00 0.00 0.00 1.00 0.00 0.00
202.00 32.00 48.00 90.00 160.00 42.00 70.00 0.08 4.08 1.00 3.00 0.33 6.00 13.00 26.00 19.00 17.00 15.00 0.00 0.00 0.00 0.00 0.00
203.00 38.00 61.00 120.00 190.00 59.00 70.00 0.08 3.92 1.00 3.00 0.33 11.00 17.00 27.00 21.00 21.00 17.00 0.00 0.00 1.00 0.00 0.00
204.00 25.00 33.00 64.00 119.00 31.00 55.00 0.08 4.40 0.00 3.00 0.00 6.00 12.00 19.00 13.00 14.00 11.00 0.00 0.00 0.00 0.00 0.00
205.00 29.00 42.00 82.00 145.00 40.00 63.00 0.09 3.94 1.00 5.00 0.20 5.00 11.00 24.00 18.00 17.00 12.00 0.00 0.00 0.00 0.00 0.00
206.00 26.00 34.00 74.00 133.00 40.00 59.00 0.07 4.12 1.00 3.00 0.33 3.00 10.00 23.00 16.00 16.00 10.00 0.00 0.00 0.00 0.00 0.00
207.00 28.00 46.00 87.00 145.00 41.00 58.00 0.08 3.96 1.00 2.00 0.50 6.00 15.00 22.00 13.00 21.00 7.00 0.00 0.00 0.00 0.00 0.00
208.00 24.00 34.00 68.00 123.00 34.00 55.00 0.06 3.33 1.00 2.00 0.50 1.00 6.00 23.00 18.00 11.00 13.00 0.00 0.00 0.00 0.00 0.00
209.00 30.00 47.00 91.00 152.00 44.00 61.00 0.09 3.64 1.00 3.00 0.33 8.00 13.00 22.00 17.00 20.00 10.00 0.00 0.00 0.00 0.00 0.00
210.00 28.00 24.00 77.00 141.00 53.00 64.00 0.09 4.01 1.00 2.00 0.50 9.00 14.00 19.00 14.00 21.00 7.00 0.00 0.00 0.00 0.00 0.00
211.00 30.00 44.00 93.00 152.00 49.00 59.00 0.08 3.84 1.00 2.00 0.50 5.00 9.00 25.00 21.00 16.00 14.00 0.00 0.00 0.00 0.00 0.00
212.00 27.00 45.00 82.00 134.00 37.00 52.00 0.08 4.13 2.00 2.00 1.00 5.00 9.00 22.00 18.00 16.00 11.00 0.00 0.00 0.00 0.00 0.00
213.00 27.00 30.00 72.00 140.00 42.00 68.00 0.09 2.98 1.00 2.00 0.50 8.00 13.00 19.00 14.00 16.00 11.00 0.00 0.00 0.00 0.00 0.00
214.00 23.00 27.00 66.00 117.00 39.00 51.00 0.08 4.72 1.00 3.00 0.33 4.00 12.00 19.00 11.00 18.00 5.00 0.00 0.00 0.00 0.00 0.00
215.00 26.00 38.00 79.00 137.00 41.00 58.00 0.08 4.11 2.00 2.00 1.00 7.00 14.00 19.00 12.00 15.00 11.00 0.00 0.00 0.00 0.00 0.00
216.00 30.00 30.00 80.00 148.00 50.00 68.00 0.09 3.99 1.00 2.00 0.50 8.00 17.00 22.00 13.00 20.00 10.00 0.00 0.00 0.00 1.00 0.00
217.00 20.00 21.00 58.00 106.00 37.00 48.00 0.07 4.20 1.00 3.00 0.33 2.00 8.00 18.00 12.00 12.00 8.00 0.00 0.00 0.00 0.00 0.00
218.00 16.00 8.00 35.00 77.00 27.00 42.00 0.07 4.68 1.00 3.00 0.33 7.00 10.00 9.00 6.00 12.00 4.00 0.00 0.00 0.00 0.00 0.00
219.00 23.00 22.00 61.00 116.00 39.00 55.00 0.08 4.22 1.00 2.00 0.50 7.00 12.00 16.00 11.00 17.00 6.00 0.00 0.00 0.00 0.00 0.00
220.00 25.00 28.00 68.00 128.00 40.00 60.00 0.09 4.89 1.00 2.00 0.50 5.00 11.00 20.00 14.00 15.00 10.00 0.00 0.00 0.00 0.00 0.00
221.00 26.00 37.00 72.00 127.00 35.00 55.00 0.06 4.76 1.00 2.00 0.50 4.00 14.00 22.00 12.00 21.00 5.00 0.00 0.00 0.00 0.00 0.00
222.00 13.00 9.00 28.00 63.00 19.00 35.00 0.08 3.81 1.00 1.00 1.00 6.00 7.00 7.00 6.00 9.00 4.00 0.00 0.00 0.00 0.00 0.00
223.00 28.00 43.00 87.00 139.00 44.00 52.00 0.08 4.75 1.00 2.00 0.50 9.00 14.00 19.00 14.00 17.00 11.00 0.00 0.00 0.00 0.00 0.00
224.00 25.00 33.00 71.00 122.00 38.00 51.00 0.08 4.83 1.00 2.00 0.50 8.00 13.00 17.00 12.00 18.00 7.00 0.00 0.00 0.00 0.00 0.00
225.00 24.00 35.00 67.00 120.00 32.00 53.00 0.10 4.77 1.00 2.00 0.50 5.00 12.00 19.00 12.00 15.00 9.00 0.00 0.00 0.00 0.00 0.00
226.00 24.00 35.00 66.00 112.00 31.00 46.00 0.09 4.78 1.00 2.00 0.50 7.00 12.00 17.00 12.00 16.00 8.00 0.00 0.00 0.00 0.00 0.00
227.00 24.00 29.00 65.00 129.00 36.00 64.00 0.09 4.64 1.00 2.00 0.50 8.00 12.00 16.00 12.00 13.00 11.00 0.00 0.00 0.00 0.00 0.00
228.00 26.00 30.00 70.00 130.00 40.00 60.00 0.09 4.74 1.00 2.00 0.50 10.00 17.00 16.00 9.00 19.00 7.00 0.00 0.00 0.00 0.00 0.00
229.00 31.00 38.00 88.00 151.00 50.00 63.00 0.09 4.91 1.00 1.00 1.00 9.00 16.00 22.00 15.00 20.00 11.00 0.00 0.00 0.00 0.00 0.00
230.00 30.00 39.00 84.00 151.00 45.00 67.00 0.08 4.95 1.00 2.00 0.50 6.00 16.00 24.00 14.00 20.00 10.00 0.00 0.00 1.00 0.00 0.00
231.00 29.00 33.00 75.00 141.00 42.00 66.00 0.10 4.55 1.00 1.00 1.00 8.00 15.00 21.00 14.00 17.00 12.00 0.00 0.00 1.00 0.00 0.00
232.00 30.00 38.00 90.00 152.00 52.00 62.00 0.08 4.79 1.00 1.00 1.00 7.00 14.00 23.00 16.00 17.00 13.00 0.00 0.00 1.00 0.00 0.00
233.00 32.00 41.00 93.00 168.00 52.00 75.00 0.07 4.37 1.00 1.00 1.00 9.00 16.00 23.00 16.00 21.00 11.00 0.00 0.00 0.00 0.00 0.00
234.00 30.00 36.00 81.00 148.00 45.00 67.00 0.09 4.12 1.00 2.00 0.50 6.00 13.00 24.00 17.00 16.00 14.00 0.00 0.00 0.00 0.00 0.00
235.00 27.00 32.00 70.00 142.00 38.00 72.00 0.08 4.59 1.00 2.00 0.50 5.00 12.00 22.00 15.00 20.00 7.00 0.00 0.00 0.00 0.00 0.00
236.00 27.00 32.00 77.00 131.00 45.00 54.00 0.07 4.78 0.00 2.00 0.00 7.00 17.00 20.00 10.00 23.00 4.00 0.00 0.00 1.00 0.00 0.00
237.00 30.00 36.00 82.00 156.00 46.00 74.00 0.08 4.85 1.00 1.00 1.00 9.00 14.00 21.00 16.00 19.00 11.00 0.00 0.00 0.00 0.00 0.00
238.00 25.00 32.00 68.00 128.00 36.00 60.00 0.08 4.86 1.00 2.00 0.50 5.00 11.00 20.00 14.00 15.00 10.00 0.00 0.00 0.00 0.00 0.00
239.00 26.00 27.00 74.00 132.00 47.00 58.00 0.09 4.86 1.00 1.00 1.00 6.00 13.00 20.00 13.00 17.00 9.00 0.00 0.00 0.00 0.00 0.00
240.00 29.00 30.00 73.00 146.00 43.00 73.00 0.09 4.75 1.00 2.00 0.50 9.00 14.00 20.00 15.00 20.00 9.00 0.00 0.00 0.00 0.00 0.00
241.00 24.00 26.00 66.00 123.00 40.00 57.00 0.09 4.69 1.00 2.00 0.50 9.00 13.00 15.00 11.00 17.00 7.00 0.00 0.00 0.00 0.00 0.00
242.00 24.00 32.00 70.00 124.00 38.00 54.00 0.07 4.67 1.00 2.00 0.50 6.00 9.00 18.00 15.00 14.00 10.00 0.00 0.00 0.00 0.00 0.00
243.00 26.00 24.00 73.00 134.00 49.00 61.00 0.09 4.79 1.00 2.00 0.50 9.00 11.00 17.00 15.00 16.00 10.00 0.00 0.00 0.00 0.00 0.00
244.00 26.00 33.00 71.00 133.00 38.00 62.00 0.09 4.83 1.00 2.00 0.50 9.00 14.00 17.00 12.00 17.00 9.00 0.00 0.00 0.00 0.00 0.00
245.00 25.00 36.00 67.00 125.00 31.00 58.00 0.08 4.54 1.00 2.00 0.50 6.00 12.00 19.00 13.00 17.00 8.00 0.00 0.00 0.00 1.00 0.00
246.00 22.00 17.00 55.00 110.00 38.00 55.00 0.08 4.42 2.00 1.00 2.00 7.00 12.00 15.00 10.00 17.00 5.00 0.00 0.00 0.00 0.00 0.00
247.00 25.00 27.00 69.00 127.00 42.00 58.00 0.08 4.88 0.00 1.00 0.00 8.00 14.00 17.00 11.00 16.00 9.00 0.00 0.00 0.00 0.00 0.00
248.00 28.00 37.00 86.00 143.00 49.00 57.00 0.09 4.82 1.00 2.00 0.50 6.00 14.00 22.00 14.00 19.00 9.00 0.00 0.00 1.00 0.00 0.00
249.00 26.00 30.00 71.00 126.00 41.00 55.00 0.08 4.62 1.00 2.00 0.50 6.00 13.00 20.00 13.00 18.00 8.00 0.00 0.00 0.00 0.00 0.00
250.00 28.00 36.00 78.00 143.00 42.00 65.00 0.08 4.72 1.00 1.00 1.00 5.00 14.00 23.00 14.00 18.00 10.00 0.00 0.00 1.00 0.00 0.00
251.00 21.00 20.00 59.00 110.00 39.00 51.00 0.08 4.62 1.00 1.00 1.00 4.00 8.00 17.00 13.00 13.00 8.00 0.00 0.00 1.00 0.00 0.00
252.00 21.00 18.00 54.00 104.00 36.00 50.00 0.09 4.63 1.00 1.00 1.00 5.00 10.00 16.00 11.00 13.00 8.00 0.00 0.00 0.00 0.00 0.00
253.00 24.00 26.00 62.00 117.00 36.00 55.00 0.10 4.74 1.00 1.00 1.00 5.00 15.00 19.00 9.00 16.00 8.00 0.00 0.00 0.00 0.00 0.00
254.00 16.00 13.00 40.00 77.00 27.00 37.00 0.10 4.53 0.00 1.00 0.00 5.00 7.00 11.00 9.00 10.00 6.00 0.00 0.00 0.00 0.00 0.00
255.00 22.00 23.00 59.00 116.00 36.00 57.00 0.09 4.74 1.00 1.00 1.00 5.00 11.00 17.00 11.00 13.00 9.00 0.00 0.00 1.00 0.00 0.00
256.00 25.00 29.00 66.00 120.00 37.00 54.00 0.08 4.55 1.00 1.00 1.00 8.00 14.00 17.00 11.00 18.00 7.00 0.00 0.00 0.00 0.00 0.00
257.00 23.00 31.00 68.00 122.00 37.00 54.00 0.08 4.57 1.00 0.00 0.00 6.00 9.00 17.00 14.00 12.00 11.00 0.00 0.00 0.00 0.00 0.00
258.00 24.00 28.00 66.00 115.00 38.00 49.00 0.09 4.64 1.00 0.00 0.00 5.00 11.00 19.00 13.00 12.00 12.00 0.00 0.00 0.00 0.00 0.00
259.00 25.00 26.00 65.00 126.00 39.00 61.00 0.10 4.63 1.00 1.00 1.00 7.00 12.00 18.00 13.00 17.00 8.00 0.00 0.00 0.00 0.00 0.00
260.00 17.00 10.00 39.00 83.00 29.00 44.00 0.08 4.57 1.00 2.00 0.50 4.00 10.00 13.00 7.00 13.00 4.00 0.00 0.00 0.00 0.00 0.00
261.00 20.00 23.00 55.00 101.00 32.00 46.00 0.08 5.11 1.00 1.00 1.00 9.00 13.00 11.00 7.00 15.00 5.00 0.00 0.00 0.00 0.00 0.00
262.00 15.00 14.00 39.00 76.00 25.00 37.00 0.08 4.89 1.00 1.00 1.00 6.00 10.00 9.00 5.00 13.00 2.00 0.00 0.00 0.00 0.00 0.00
263.00 19.00 21.00 50.00 96.00 29.00 46.00 0.09 4.77 1.00 2.00 0.50 5.00 9.00 14.00 10.00 13.00 6.00 0.00 0.00 0.00 0.00 0.00
264.00 18.00 19.00 48.00 93.00 29.00 45.00 0.08 4.85 1.00 1.00 1.00 3.00 8.00 15.00 10.00 10.00 8.00 0.00 0.00 0.00 0.00 0.00
265.00 15.00 5.00 29.00 77.00 24.00 48.00 0.09 4.86 1.00 0.00 0.00 3.00 8.00 12.00 7.00 10.00 5.00 0.00 0.00 1.00 0.00 0.00
266.00 19.00 15.00 50.00 95.00 35.00 45.00 0.08 4.94 1.00 0.00 0.00 6.00 14.00 13.00 5.00 16.00 3.00 0.00 0.00 0.00 0.00 0.00
267.00 15.00 13.00 39.00 78.00 26.00 39.00 0.08 4.97 1.00 0.00 0.00 2.00 5.00 13.00 10.00 8.00 7.00 0.00 0.00 0.00 0.00 0.00
268.00 17.00 18.00 42.00 82.00 24.00 40.00 0.09 4.90 1.00 1.00 1.00 4.00 9.00 13.00 8.00 13.00 4.00 0.00 0.00 0.00 0.00 0.00
269.00 18.00 22.00 49.00 92.00 27.00 43.00 0.09 4.98 1.00 0.00 0.00 2.00 5.00 16.00 13.00 8.00 10.00 0.00 0.00 0.00 0.00 0.00
270.00 18.00 12.00 45.00 90.00 33.00 45.00 0.08 4.58 1.00 0.00 0.00 5.00 9.00 13.00 9.00 14.00 4.00 0.00 0.00 1.00 0.00 0.00
271.00 20.00 24.00 52.00 96.00 28.00 44.00 0.09 4.73 1.00 0.00 0.00 8.00 13.00 12.00 7.00 17.00 3.00 0.00 0.00 0.00 0.00 0.00
272.00 19.00 20.00 48.00 92.00 28.00 44.00 0.09 4.80 1.00 0.00 0.00 4.00 10.00 15.00 9.00 14.00 5.00 0.00 0.00 0.00 0.00 0.00
273.00 15.00 14.00 36.00 69.00 22.00 33.00 0.08 4.45 1.00 0.00 0.00 8.00 11.00 7.00 4.00 13.00 2.00 0.00 0.00 0.00 0.00 0.00
274.00 16.00 6.00 27.00 69.00 21.00 42.00 0.09 4.78 1.00 0.00 0.00 3.00 9.00 13.00 7.00 13.00 3.00 0.00 0.00 0.00 0.00 0.00
275.00 16.00 14.00 36.00 76.00 22.00 40.00 0.08 3.97 1.00 0.00 0.00 5.00 11.00 11.00 5.00 13.00 3.00 0.00 0.00 0.00 0.00 0.00
276.00 18.00 10.00 40.00 91.00 30.00 51.00 0.07 3.96 0.00 0.00 0.00 6.00 14.00 12.00 4.00 15.00 3.00 0.00 0.00 0.00 0.00 0.00
277.00 13.00 8.00 30.00 67.00 22.00 37.00 0.07 4.06 0.00 0.00 0.00 3.00 8.00 10.00 5.00 11.00 2.00 0.00 0.00 0.00 0.00 0.00
278.00 10.00 3.00 15.00 43.00 12.00 28.00 0.07 4.35 1.00 0.00 0.00 5.00 8.00 5.00 2.00 9.00 1.00 0.00 0.00 0.00 0.00 0.00
279.00 16.00 14.00 41.00 80.00 27.00 39.00 0.09 4.23 1.00 0.00 0.00 5.00 11.00 11.00 5.00 14.00 2.00 0.00 0.00 0.00 0.00 0.00
280.00 13.00 11.00 28.00 65.00 17.00 37.00 0.09 4.88 1.00 0.00 0.00 2.00 9.00 11.00 4.00 11.00 2.00 0.00 0.00 0.00 0.00 0.00
281.00 20.00 20.00 56.00 97.00 36.00 41.00 0.08 4.60 1.00 0.00 0.00 7.00 8.00 13.00 12.00 11.00 9.00 0.00 0.00 0.00 0.00 0.00
282.00 15.00 8.00 27.00 75.00 19.00 48.00 0.08 4.66 1.00 0.00 0.00 6.00 10.00 9.00 5.00 12.00 3.00 0.00 0.00 0.00 0.00 0.00
283.00 9.00 1.00 11.00 43.00 10.00 32.00 0.09 4.75 1.00 1.00 1.00 4.00 6.00 5.00 3.00 8.00 1.00 0.00 0.00 0.00 0.00 0.00
284.00 19.00 8.00 43.00 87.00 35.00 44.00 0.08 4.43 0.00 1.00 0.00 6.00 11.00 13.00 8.00 15.00 4.00 0.00 0.00 0.00 0.00 0.00
285.00 20.00 17.00 45.00 88.00 28.00 43.00 0.08 4.26 1.00 0.00 0.00 8.00 11.00 12.00 9.00 16.00 4.00 0.00 0.00 0.00 0.00 0.00
286.00 19.00 20.00 50.00 97.00 30.00 47.00 0.08 4.60 1.00 0.00 0.00 4.00 9.00 15.00 10.00 12.00 7.00 0.00 0.00 0.00 0.00 0.00
287.00 20.00 17.00 55.00 103.00 38.00 48.00 0.08 4.47 1.00 0.00 0.00 6.00 9.00 14.00 11.00 12.00 8.00 0.00 0.00 0.00 0.00 0.00
288.00 21.00 26.00 59.00 110.00 33.00 51.00 0.09 4.27 1.00 0.00 0.00 5.00 11.00 16.00 10.00 14.00 7.00 0.00 0.00 0.00 1.00 0.00
289.00 21.00 21.00 53.00 105.00 32.00 52.00 0.08 3.94 1.00 0.00 0.00 4.00 10.00 17.00 11.00 13.00 8.00 0.00 0.00 1.00 0.00 0.00
290.00 20.00 16.00 51.00 100.00 35.00 49.00 0.08 4.71 1.00 0.00 0.00 8.00 13.00 12.00 7.00 14.00 6.00 0.00 0.00 1.00 0.00 0.00
291.00 14.00 12.00 33.00 70.00 21.00 37.00 0.07 3.93 1.00 0.00 0.00 5.00 8.00 9.00 6.00 12.00 2.00 0.00 0.00 0.00 0.00 0.00
292.00 18.00 16.00 38.00 91.00 22.00 53.00 0.07 4.76 1.00 0.00 0.00 4.00 5.00 14.00 13.00 10.00 8.00 0.00 0.00 0.00 0.00 0.00
293.00 19.00 17.00 48.00 95.00 31.00 47.00 0.07 3.93 0.00 2.00 0.00 6.00 9.00 13.00 10.00 12.00 7.00 0.00 0.00 0.00 0.00 0.00
294.00 16.00 13.00 37.00 77.00 24.00 40.00 0.08 3.75 1.00 1.00 1.00 5.00 9.00 11.00 7.00 12.00 4.00 0.00 0.00 0.00 0.00 0.00
295.00 19.00 15.00 48.00 93.00 33.00 45.00 0.09 3.43 0.00 0.00 0.00 5.00 9.00 14.00 10.00 11.00 8.00 0.00 0.00 0.00 0.00 0.00
296.00 20.00 21.00 49.00 97.00 28.00 48.00 0.09 4.62 1.00 1.00 1.00 5.00 13.00 15.00 7.00 18.00 2.00 0.00 0.00 0.00 0.00 0.00
297.00 21.00 24.00 53.00 109.00 29.00 56.00 0.10 4.19 1.00 1.00 1.00 6.00 9.00 15.00 12.00 14.00 7.00 0.00 0.00 0.00 1.00 0.00
298.00 20.00 22.00 56.00 103.00 34.00 47.00 0.08 4.05 0.00 1.00 0.00 5.00 9.00 15.00 11.00 13.00 7.00 0.00 0.00 0.00 0.00 0.00
299.00 17.00 15.00 43.00 80.00 28.00 37.00 0.08 3.83 1.00 1.00 1.00 5.00 10.00 12.00 7.00 12.00 5.00 0.00 0.00 0.00 0.00 0.00
300.00 19.00 13.00 50.00 99.00 37.00 49.00 0.07 3.22 0.00 2.00 0.00 2.00 9.00 17.00 10.00 12.00 7.00 0.00 0.00 1.00 0.00 0.00
301.00 16.00 17.00 39.00 77.00 22.00 38.00 0.09 3.25 0.00 0.00 0.00 5.00 11.00 11.00 5.00 14.00 2.00 0.00 0.00 0.00 0.00 0.00
302.00 19.00 17.00 46.00 91.00 29.00 45.00 0.09 3.88 0.00 0.00 0.00 7.00 11.00 12.00 8.00 13.00 6.00 0.00 0.00 0.00 0.00 0.00
303.00 19.00 21.00 48.00 95.00 27.00 47.00 0.08 2.08 1.00 1.00 1.00 6.00 8.00 13.00 11.00 11.00 8.00 0.00 0.00 0.00 0.00 0.00
304.00 19.00 20.00 48.00 97.00 28.00 49.00 0.09 2.13 1.00 1.00 1.00 7.00 13.00 12.00 6.00 16.00 3.00 0.00 0.00 0.00 0.00 0.00
305.00 22.00 18.00 46.00 106.00 28.00 60.00 0.08 2.04 2.00 1.00 2.00 7.00 12.00 15.00 10.00 16.00 6.00 0.00 0.00 0.00 0.00 0.00
306.00 21.00 24.00 58.00 112.00 34.00 54.00 0.08 2.72 1.00 1.00 1.00 3.00 8.00 18.00 13.00 14.00 7.00 0.00 0.00 0.00 0.00 0.00
307.00 19.00 13.00 48.00 97.00 35.00 49.00 0.08 2.84 0.00 0.00 0.00 6.00 8.00 13.00 11.00 11.00 8.00 0.00 0.00 0.00 0.00 0.00
308.00 18.00 17.00 48.00 91.00 31.00 43.00 0.09 3.53 1.00 0.00 0.00 6.00 9.00 12.00 9.00 11.00 7.00 0.00 0.00 0.00 0.00 0.00
309.00 18.00 19.00 44.00 87.00 25.00 43.00 0.09 2.91 1.00 2.00 0.50 5.00 9.00 13.00 9.00 14.00 4.00 0.00 0.00 0.00 0.00 0.00
310.00 19.00 19.00 50.00 96.00 31.00 46.00 0.07 4.28 1.00 1.00 1.00 3.00 8.00 16.00 11.00 13.00 6.00 0.00 0.00 0.00 0.00 0.00
311.00 21.00 29.00 59.00 108.00 30.00 49.00 0.09 3.12 1.00 0.00 0.00 7.00 12.00 14.00 9.00 13.00 8.00 0.00 0.00 0.00 0.00 0.00
312.00 22.00 21.00 51.00 102.00 30.00 51.00 0.08 3.95 0.00 0.00 0.00 9.00 12.00 13.00 10.00 15.00 7.00 0.00 0.00 0.00 0.00 0.00
313.00 16.00 15.00 38.00 76.00 23.00 38.00 0.07 1.62 1.00 0.00 0.00 7.00 12.00 9.00 4.00 14.00 2.00 0.00 0.00 0.00 0.00 0.00
314.00 18.00 16.00 39.00 88.00 23.00 49.00 0.10 4.00 0.00 1.00 0.00 8.00 11.00 10.00 7.00 13.00 5.00 0.00 0.00 0.00 0.00 0.00
315.00 14.00 13.00 34.00 71.00 21.00 37.00 0.09 4.82 1.00 2.00 0.50 3.00 4.00 11.00 10.00 10.00 4.00 0.00 0.00 0.00 0.00 0.00
316.00 14.00 9.00 29.00 67.00 20.00 38.00 0.09 4.10 0.00 0.00 0.00 8.00 8.00 6.00 6.00 10.00 4.00 0.00 0.00 0.00 0.00 0.00
317.00 17.00 14.00 37.00 80.00 23.00 43.00 0.08 3.39 1.00 1.00 1.00 3.00 11.00 14.00 6.00 11.00 6.00 0.00 0.00 0.00 0.00 0.00
318.00 20.00 18.00 50.00 91.00 32.00 41.00 0.09 4.62 1.00 1.00 1.00 5.00 13.00 15.00 7.00 17.00 3.00 0.00 0.00 0.00 0.00 0.00
319.00 23.00 16.00 51.00 111.00 35.00 60.00 0.09 4.04 0.00 0.00 0.00 7.00 13.00 16.00 10.00 16.00 7.00 0.00 0.00 0.00 0.00 0.00
320.00 18.00 17.00 45.00 86.00 28.00 41.00 0.08 4.83 1.00 1.00 1.00 4.00 10.00 14.00 8.00 12.00 6.00 0.00 0.00 0.00 0.00 0.00
321.00 15.00 11.00 36.00 72.00 25.00 36.00 0.08 4.84 1.00 1.00 1.00 2.00 9.00 13.00 6.00 10.00 5.00 0.00 0.00 0.00 0.00 0.00
322.00 15.00 14.00 38.00 73.00 24.00 35.00 0.08 4.54 1.00 1.00 1.00 1.00 9.00 14.00 6.00 12.00 3.00 0.00 0.00 0.00 0.00 0.00
323.00 20.00 22.00 51.00 96.00 29.00 45.00 0.09 4.69 0.00 1.00 0.00 9.00 13.00 11.00 7.00 18.00 2.00 0.00 0.00 0.00 0.00 0.00
324.00 19.00 20.00 46.00 95.00 26.00 49.00 0.08 4.41 1.00 1.00 1.00 5.00 10.00 14.00 9.00 16.00 3.00 0.00 0.00 0.00 0.00 0.00
325.00 18.00 20.00 45.00 89.00 25.00 44.00 0.09 4.82 0.00 1.00 0.00 3.00 8.00 15.00 10.00 12.00 6.00 0.00 0.00 0.00 0.00 0.00
326.00 18.00 12.00 32.00 87.00 20.00 55.00 0.09 4.45 0.00 1.00 0.00 6.00 14.00 12.00 4.00 15.00 3.00 0.00 0.00 0.00 0.00 0.00
327.00 15.00 15.00 36.00 69.00 21.00 33.00 0.10 2.49 0.00 1.00 0.00 4.00 9.00 11.00 6.00 9.00 6.00 0.00 0.00 0.00 0.00 0.00
328.00 13.00 7.00 26.00 65.00 19.00 39.00 0.09 4.30 0.00 2.00 0.00 3.00 8.00 10.00 5.00 11.00 2.00 0.00 0.00 0.00 0.00 0.00
329.00 20.00 21.00 55.00 102.00 34.00 47.00 0.08 4.89 1.00 0.00 0.00 4.00 7.00 16.00 13.00 13.00 7.00 0.00 0.00 0.00 0.00 0.00
330.00 18.00 17.00 45.00 90.00 28.00 45.00 0.07 3.41 1.00 1.00 1.00 8.00 12.00 10.00 6.00 14.00 4.00 0.00 0.00 0.00 1.00 0.00
331.00 15.00 14.00 33.00 72.00 19.00 39.00 0.07 4.82 1.00 0.00 0.00 7.00 8.00 8.00 7.00 12.00 3.00 0.00 0.00 0.00 0.00 0.00
332.00 15.00 12.00 31.00 71.00 19.00 40.00 0.09 4.82 1.00 0.00 0.00 6.00 7.00 9.00 8.00 11.00 4.00 0.00 0.00 0.00 0.00 0.00
333.00 18.00 20.00 45.00 87.00 25.00 42.00 0.08 4.74 1.00 1.00 1.00 6.00 12.00 12.00 6.00 13.00 5.00 0.00 0.00 0.00 0.00 1.00
334.00 11.00 5.00 18.00 47.00 13.00 29.00 0.10 4.50 0.00 0.00 0.00 4.00 8.00 7.00 3.00 9.00 2.00 0.00 0.00 0.00 0.00 0.00
335.00 8.00 4.00 13.00 34.00 9.00 21.00 0.07 0.29 0.00 0.00 0.00 2.00 6.00 6.00 2.00 7.00 1.00 0.00 0.00 0.00 0.00 0.00
336.00 9.00 3.00 12.00 39.00 9.00 27.00 0.08 3.70 0.00 0.00 0.00 1.00 6.00 8.00 3.00 8.00 1.00 0.00 0.00 0.00 0.00 0.00
337.00 9.00 6.00 16.00 40.00 10.00 24.00 0.08 2.26 0.00 0.00 0.00 2.00 5.00 7.00 4.00 7.00 2.00 0.00 0.00 0.00 0.00 0.00
338.00 5.00 0.00 2.00 21.00 2.00 19.00 0.07 0.20 0.00 0.00 0.00 3.00 4.00 2.00 1.00 5.00 0.00 0.00 0.00 0.00 0.00 0.00
339.00 6.00 0.00 2.00 17.00 2.00 15.00 0.08 4.73 0.00 0.00 0.00 2.00 6.00 4.00 0.00 6.00 0.00 0.00 0.00 0.00 0.00 0.00
340.00 5.00 2.00 8.00 22.00 6.00 14.00 0.09 3.27 0.00 0.00 0.00 4.00 4.00 1.00 1.00 4.00 1.00 0.00 0.00 0.00 0.00 0.00
341.00 5.00 0.00 3.00 18.00 3.00 15.00 0.09 4.69 0.00 0.00 0.00 2.00 5.00 3.00 0.00 5.00 0.00 0.00 0.00 0.00 0.00 0.00
342.00 2.00 0.00 0.00 1.00 0.00 1.00 0.09 0.07 0.00 0.00 0.00 2.00 2.00 0.00 0.00 2.00 0.00 0.00 0.00 0.00 0.00 0.00
