0.00 3.00 0.00 2.00 9.00 2.00 7.00 0.09 0.18 0.00 0.00 0.00 2.00 3.00 1.00 0.00 3.00 0.00 0.00 0.00 0.00 0.00 0.00
1.00 3.00 0.00 0.00 8.00 0.00 8.00 0.08 0.17 0.00 0.00 0.00 2.00 3.00 1.00 0.00 3.00 0.00 0.00 0.00 0.00 0.00 0.00
2.00 4.00 0.00 3.00 12.00 3.00 9.00 0.08 3.68 0.00 0.00 0.00 2.00 4.00 2.00 0.00 4.00 0.00 0.00 0.00 0.00 0.00 0.00
3.00 4.00 0.00 0.00 2.00 0.00 2.00 0.09 0.57 0.00 0.00 0.00 3.00 3.00 1.00 1.00 4.00 0.00 0.00 0.00 0.00 0.00 0.00
4.00 3.00 0.00 1.00 6.00 1.00 5.00 0.08 0.19 0.00 0.00 0.00 2.00 3.00 1.00 0.00 3.00 0.00 0.00 0.00 0.00 0.00 0.00
5.00 4.00 0.00 4.00 14.00 4.00 10.00 0.09 0.26 0.00 0.00 0.00 3.00 3.00 1.00 1.00 4.00 0.00 0.00 0.00 0.00 0.00 0.00
6.00 3.00 0.00 1.00 3.00 1.00 2.00 0.09 0.17 0.00 0.00 0.00 2.00 3.00 1.00 0.00 3.00 0.00 0.00 0.00 0.00 0.00 0.00
7.00 8.00 3.00 10.00 35.00 7.00 25.00 0.09 0.32 0.00 0.00 0.00 3.00 7.00 5.00 1.00 8.00 0.00 0.00 0.00 0.00 0.00 0.00
8.00 4.00 0.00 2.00 13.00 2.00 11.00 0.09 0.39 0.00 0.00 0.00 2.00 4.00 2.00 0.00 4.00 0.00 0.00 0.00 0.00 0.00 0.00
9.00 6.00 3.00 9.00 26.00 6.00 17.00 0.08 0.34 0.00 0.00 0.00 2.00 6.00 4.00 0.00 6.00 0.00 0.00 0.00 0.00 0.00 0.00
10.00 8.00 3.00 14.00 32.00 11.00 18.00 0.09 0.38 0.00 0.00 0.00 3.00 5.00 5.00 3.00 6.00 2.00 0.00 0.00 0.00 0.00 0.00
11.00 7.00 4.00 12.00 32.00 8.00 20.00 0.09 0.36 0.00 0.00 0.00 3.00 6.00 4.00 1.00 7.00 0.00 0.00 0.00 0.00 0.00 0.00
12.00 8.00 5.00 16.00 39.00 11.00 23.00 0.09 0.24 0.00 0.00 0.00 2.00 3.00 6.00 5.00 5.00 3.00 0.00 0.00 0.00 0.00 0.00
13.00 10.00 8.00 21.00 46.00 13.00 25.00 0.08 0.28 0.00 0.00 0.00 3.00 6.00 7.00 4.00 8.00 2.00 0.00 0.00 0.00 0.00 0.00
14.00 11.00 9.00 25.00 54.00 16.00 29.00 0.09 0.36 0.00 0.00 0.00 4.00 5.00 7.00 6.00 8.00 3.00 0.00 0.00 0.00 0.00 0.00
15.00 8.00 5.00 15.00 35.00 10.00 20.00 0.08 0.24 0.00 0.00 0.00 3.00 7.00 5.00 1.00 8.00 0.00 0.00 0.00 0.00 0.00 0.00
16.00 5.00 0.00 3.00 16.00 3.00 13.00 0.08 3.32 0.00 0.00 0.00 2.00 5.00 3.00 0.00 5.00 0.00 0.00 0.00 0.00 0.00 0.00
17.00 6.00 1.00 9.00 27.00 8.00 18.00 0.10 0.29 0.00 0.00 0.00 4.00 5.00 2.00 1.00 5.00 1.00 0.00 0.00 0.00 0.00 0.00
18.00 3.00 0.00 0.00 10.00 0.00 10.00 0.08 0.12 0.00 0.00 0.00 2.00 3.00 1.00 0.00 3.00 0.00 0.00 0.00 0.00 0.00 0.00
19.00 4.00 0.00 2.00 14.00 2.00 12.00 0.09 0.12 0.00 0.00 0.00 2.00 4.00 2.00 0.00 4.00 0.00 0.00 0.00 0.00 0.00 0.00
20.00 13.00 9.00 30.00 65.00 21.00 35.00 0.10 1.72 0.00 0.00 0.00 5.00 7.00 8.00 6.00 12.00 1.00 0.00 0.00 0.00 0.00 0.00
21.00 14.00 11.00 29.00 66.00 18.00 37.00 0.10 0.53 0.00 0.00 0.00 6.00 11.00 8.00 3.00 12.00 2.00 0.00 0.00 0.00 0.00 0.00
22.00 6.00 3.00 11.00 27.00 8.00 16.00 0.08 0.16 0.00 0.00 0.00 2.00 2.00 4.00 4.00 4.00 2.00 0.00 0.00 0.00 0.00 0.00
23.00 11.00 5.00 24.00 52.00 19.00 28.00 0.09 0.46 0.00 0.00 0.00 4.00 7.00 7.00 4.00 9.00 2.00 0.00 0.00 0.00 0.00 0.00
24.00 11.00 1.00 16.00 47.00 15.00 31.00 0.08 2.68 0.00 0.00 0.00 6.00 8.00 5.00 3.00 9.00 2.00 0.00 0.00 0.00 0.00 0.00
25.00 13.00 6.00 22.00 56.00 16.00 34.00 0.09 2.62 0.00 0.00 0.00 4.00 4.00 9.00 9.00 10.00 3.00 0.00 0.00 0.00 0.00 0.00
26.00 11.00 5.00 17.00 42.00 12.00 25.00 0.08 0.43 0.00 0.00 0.00 3.00 7.00 8.00 4.00 9.00 2.00 0.00 0.00 0.00 0.00 0.00
27.00 9.00 7.00 18.00 46.00 11.00 28.00 0.09 0.27 0.00 0.00 0.00 2.00 4.00 7.00 5.00 8.00 1.00 0.00 0.00 0.00 0.00 0.00
28.00 10.00 7.00 20.00 45.00 13.00 25.00 0.08 1.81 0.00 0.00 0.00 3.00 5.00 7.00 5.00 9.00 1.00 0.00 0.00 0.00 0.00 0.00
29.00 11.00 8.00 19.00 45.00 11.00 26.00 0.10 0.46 0.00 0.00 0.00 4.00 9.00 7.00 2.00 11.00 0.00 0.00 0.00 0.00 0.00 0.00
30.00 16.00 11.00 38.00 75.00 27.00 37.00 0.09 3.02 0.00 0.00 0.00 4.00 9.00 12.00 7.00 11.00 5.00 0.00 0.00 0.00 0.00 0.00
31.00 16.00 17.00 43.00 79.00 26.00 36.00 0.10 3.10 0.00 1.00 0.00 6.00 9.00 10.00 7.00 11.00 5.00 0.00 0.00 0.00 0.00 0.00
32.00 13.00 14.00 34.00 62.00 20.00 28.00 0.09 2.79 0.00 0.00 0.00 5.00 9.00 8.00 4.00 9.00 4.00 0.00 0.00 1.00 0.00 0.00
33.00 6.00 1.00 9.00 26.00 8.00 17.00 0.09 0.27 0.00 0.00 0.00 2.00 2.00 4.00 4.00 5.00 1.00 0.00 0.00 0.00 0.00 0.00
34.00 9.00 5.00 16.00 37.00 11.00 21.00 0.09 0.68 0.00 0.00 0.00 2.00 3.00 7.00 6.00 8.00 1.00 0.00 0.00 0.00 0.00 0.00
35.00 17.00 20.00 42.00 84.00 22.00 42.00 0.08 1.56 1.00 0.00 0.00 3.00 7.00 14.00 10.00 10.00 7.00 0.00 0.00 0.00 0.00 0.00
36.00 11.00 10.00 27.00 52.00 17.00 25.00 0.10 1.91 0.00 0.00 0.00 4.00 7.00 7.00 4.00 8.00 3.00 0.00 0.00 0.00 0.00 0.00
37.00 14.00 12.00 32.00 60.00 20.00 28.00 0.09 1.72 0.00 1.00 0.00 3.00 9.00 11.00 5.00 11.00 3.00 0.00 0.00 0.00 0.00 0.00
38.00 14.00 15.00 35.00 66.00 20.00 31.00 0.10 2.73 0.00 0.00 0.00 3.00 6.00 11.00 8.00 9.00 5.00 0.00 0.00 0.00 0.00 0.00
39.00 15.00 11.00 34.00 78.00 23.00 44.00 0.09 1.73 0.00 1.00 0.00 2.00 5.00 13.00 10.00 11.00 4.00 0.00 0.00 0.00 0.00 0.00
40.00 11.00 7.00 21.00 49.00 14.00 28.00 0.08 3.30 0.00 1.00 0.00 3.00 5.00 8.00 6.00 9.00 2.00 0.00 0.00 0.00 0.00 0.00
41.00 14.00 15.00 35.00 67.00 20.00 32.00 0.10 1.83 0.00 1.00 0.00 3.00 7.00 11.00 7.00 10.00 4.00 0.00 0.00 0.00 0.00 0.00
42.00 14.00 6.00 31.00 71.00 25.00 40.00 0.09 2.93 0.00 1.00 0.00 4.00 7.00 10.00 7.00 11.00 3.00 0.00 0.00 1.00 0.00 0.00
43.00 16.00 12.00 37.00 75.00 25.00 38.00 0.10 2.64 0.00 1.00 0.00 8.00 11.00 8.00 5.00 13.00 3.00 0.00 0.00 0.00 0.00 0.00
44.00 19.00 16.00 39.00 89.00 23.00 50.00 0.07 2.52 0.00 1.00 0.00 7.00 14.00 12.00 5.00 16.00 3.00 0.00 0.00 0.00 0.00 0.00
45.00 19.00 22.00 49.00 92.00 27.00 43.00 0.08 1.53 0.00 0.00 0.00 5.00 13.00 14.00 6.00 16.00 3.00 0.00 0.00 0.00 0.00 0.00
46.00 13.00 7.00 27.00 64.00 20.00 37.00 0.09 0.69 0.00 0.00 0.00 5.00 8.00 8.00 5.00 11.00 2.00 0.00 0.00 0.00 0.00 0.00
47.00 18.00 13.00 40.00 88.00 27.00 48.00 0.10 0.80 0.00 0.00 0.00 3.00 10.00 15.00 8.00 16.00 2.00 0.00 0.00 0.00 0.00 0.00
48.00 15.00 14.00 35.00 69.00 21.00 34.00 0.09 1.59 0.00 1.00 0.00 7.00 7.00 8.00 8.00 10.00 5.00 0.00 0.00 1.00 0.00 0.00
49.00 22.00 21.00 56.00 106.00 35.00 50.00 0.09 1.43 0.00 0.00 0.00 10.00 13.00 12.00 9.00 16.00 6.00 0.00 0.00 1.00 0.00 0.00
50.00 20.00 19.00 46.00 98.00 27.00 52.00 0.09 2.21 0.00 1.00 0.00 4.00 8.00 16.00 12.00 12.00 8.00 0.00 0.00 2.00 0.00 0.00
51.00 23.00 28.00 58.00 103.00 30.00 45.00 0.09 3.31 0.00 1.00 0.00 8.00 14.00 15.00 9.00 15.00 8.00 0.00 0.00 1.00 0.00 0.00
52.00 16.00 16.00 38.00 81.00 22.00 43.00 0.07 1.57 0.00 1.00 0.00 3.00 10.00 13.00 6.00 13.00 3.00 0.00 0.00 0.00 0.00 0.00
53.00 18.00 14.00 43.00 83.00 29.00 40.00 0.09 2.29 0.00 0.00 0.00 5.00 7.00 13.00 11.00 12.00 6.00 0.00 0.00 0.00 0.00 0.00
54.00 20.00 23.00 53.00 97.00 30.00 44.00 0.08 2.71 0.00 1.00 0.00 5.00 9.00 15.00 11.00 11.00 9.00 0.00 0.00 0.00 0.00 0.00
55.00 18.00 13.00 43.00 86.00 30.00 43.00 0.08 2.90 0.00 0.00 0.00 5.00 12.00 13.00 6.00 15.00 3.00 0.00 0.00 0.00 0.00 0.00
56.00 22.00 25.00 50.00 105.00 25.00 55.00 0.09 2.81 0.00 0.00 0.00 7.00 10.00 15.00 12.00 15.00 7.00 0.00 0.00 0.00 0.00 0.00
57.00 21.00 23.00 58.00 102.00 35.00 44.00 0.09 3.44 0.00 0.00 0.00 4.00 7.00 17.00 14.00 11.00 10.00 0.00 0.00 1.00 0.00 0.00
58.00 14.00 13.00 34.00 69.00 21.00 35.00 0.09 2.61 0.00 0.00 0.00 4.00 7.00 10.00 7.00 9.00 5.00 0.00 0.00 0.00 0.00 0.00
59.00 15.00 14.00 36.00 69.00 22.00 33.00 0.07 4.15 0.00 1.00 0.00 5.00 8.00 10.00 7.00 11.00 4.00 0.00 0.00 0.00 0.00 0.00
60.00 22.00 13.00 53.00 102.00 40.00 49.00 0.10 3.97 0.00 1.00 0.00 6.00 10.00 16.00 12.00 19.00 3.00 0.00 0.00 0.00 0.00 0.00
61.00 19.00 18.00 46.00 97.00 28.00 51.00 0.09 4.11 0.00 1.00 0.00 5.00 10.00 14.00 9.00 15.00 4.00 0.00 0.00 0.00 0.00 0.00
62.00 22.00 25.00 68.00 110.00 43.00 42.00 0.08 3.98 0.00 1.00 0.00 6.00 12.00 16.00 10.00 17.00 5.00 0.00 0.00 0.00 0.00 0.00
63.00 19.00 18.00 46.00 90.00 28.00 44.00 0.09 4.15 0.00 0.00 0.00 5.00 8.00 14.00 11.00 12.00 7.00 0.00 0.00 0.00 0.00 0.00
64.00 19.00 22.00 51.00 94.00 29.00 43.00 0.08 4.36 0.00 1.00 0.00 5.00 8.00 14.00 11.00 12.00 7.00 0.00 0.00 1.00 0.00 0.00
65.00 21.00 24.00 58.00 104.00 34.00 46.00 0.09 3.70 0.00 1.00 0.00 4.00 9.00 17.00 12.00 12.00 9.00 0.00 0.00 0.00 0.00 0.00
66.00 22.00 26.00 63.00 107.00 37.00 44.00 0.07 4.13 0.00 2.00 0.00 8.00 14.00 14.00 8.00 17.00 5.00 0.00 0.00 0.00 0.00 0.00
67.00 21.00 25.00 53.00 107.00 28.00 54.00 0.09 3.35 0.00 2.00 0.00 3.00 8.00 18.00 13.00 10.00 11.00 0.00 0.00 0.00 0.00 0.00
68.00 22.00 24.00 59.00 105.00 35.00 46.00 0.09 3.43 0.00 2.00 0.00 3.00 10.00 19.00 12.00 17.00 5.00 0.00 0.00 0.00 1.00 0.00
69.00 23.00 18.00 60.00 117.00 42.00 57.00 0.09 3.69 0.00 3.00 0.00 7.00 12.00 16.00 11.00 17.00 6.00 0.00 0.00 0.00 1.00 0.00
70.00 26.00 24.00 71.00 129.00 47.00 58.00 0.08 3.81 1.00 1.00 1.00 5.00 13.00 21.00 13.00 20.00 6.00 0.00 0.00 0.00 0.00 0.00
71.00 15.00 4.00 28.00 70.00 24.00 42.00 0.08 2.41 0.00 3.00 0.00 5.00 7.00 10.00 8.00 8.00 7.00 0.00 0.00 0.00 0.00 0.00
72.00 24.00 31.00 69.00 118.00 38.00 49.00 0.06 2.51 0.00 4.00 0.00 7.00 9.00 17.00 15.00 12.00 12.00 0.00 0.00 0.00 0.00 0.00
73.00 20.00 24.00 47.00 97.00 23.00 50.00 0.08 1.41 0.00 4.00 0.00 4.00 10.00 16.00 10.00 13.00 7.00 0.00 0.00 0.00 0.00 0.00
74.00 23.00 24.00 63.00 110.00 39.00 47.00 0.09 1.93 0.00 2.00 0.00 6.00 9.00 17.00 14.00 14.00 9.00 0.00 0.00 0.00 0.00 0.00
75.00 21.00 25.00 52.00 97.00 27.00 45.00 0.09 2.11 0.00 2.00 0.00 8.00 10.00 13.00 11.00 17.00 4.00 0.00 0.00 0.00 0.00 0.00
76.00 17.00 13.00 40.00 82.00 27.00 42.00 0.07 3.83 0.00 2.00 0.00 8.00 12.00 9.00 5.00 14.00 3.00 0.00 0.00 0.00 0.00 0.00
77.00 29.00 34.00 71.00 135.00 37.00 64.00 0.09 3.62 0.00 2.00 0.00 9.00 15.00 20.00 14.00 20.00 9.00 0.00 0.00 0.00 0.00 0.00
78.00 25.00 24.00 65.00 127.00 41.00 62.00 0.08 4.32 0.00 2.00 0.00 7.00 13.00 18.00 12.00 16.00 9.00 0.00 0.00 0.00 0.00 0.00
79.00 27.00 28.00 74.00 138.00 46.00 64.00 0.08 3.84 0.00 2.00 0.00 4.00 8.00 23.00 19.00 15.00 12.00 0.00 0.00 0.00 0.00 0.00
80.00 28.00 33.00 83.00 147.00 50.00 64.00 0.10 3.69 0.00 1.00 0.00 9.00 13.00 19.00 15.00 16.00 12.00 0.00 0.00 0.00 1.00 0.00
81.00 23.00 23.00 66.00 121.00 43.00 55.00 0.08 2.80 0.00 2.00 0.00 4.00 9.00 19.00 14.00 17.00 6.00 0.00 0.00 0.00 0.00 0.00
82.00 38.00 44.00 103.00 194.00 59.00 91.00 0.08 4.06 0.00 2.00 0.00 10.00 21.00 28.00 17.00 25.00 13.00 0.00 0.00 0.00 0.00 0.00
83.00 33.00 41.00 100.00 174.00 59.00 74.00 0.08 3.97 1.00 3.00 0.33 6.00 12.00 27.00 21.00 18.00 15.00 1.00 0.00 1.00 0.00 0.00
84.00 31.00 48.00 99.00 156.00 51.00 57.00 0.08 3.85 0.00 3.00 0.00 10.00 16.00 21.00 15.00 19.00 12.00 1.00 0.00 0.00 0.00 0.00
85.00 33.00 38.00 101.00 177.00 63.00 76.00 0.07 4.08 0.00 3.00 0.00 5.00 16.00 28.00 17.00 22.00 11.00 1.00 0.00 0.00 0.00 0.00
86.00 31.00 39.00 90.00 156.00 51.00 66.00 0.08 4.05 0.00 2.00 0.00 10.00 16.00 21.00 15.00 22.00 9.00 0.00 0.00 0.00 0.00 0.00
87.00 26.00 28.00 64.00 122.00 36.00 58.00 0.08 3.19 0.00 4.00 0.00 10.00 16.00 16.00 10.00 18.00 8.00 1.00 0.00 0.00 0.00 0.00
88.00 28.00 29.00 80.00 144.00 51.00 64.00 0.08 4.37 0.00 3.00 0.00 8.00 12.00 20.00 16.00 13.00 15.00 1.00 0.00 1.00 0.00 0.00
89.00 30.00 27.00 83.00 150.00 56.00 67.00 0.07 4.30 0.00 2.00 0.00 7.00 17.00 23.00 13.00 24.00 6.00 0.00 0.00 0.00 0.00 0.00
90.00 28.00 35.00 79.00 140.00 44.00 61.00 0.10 3.82 0.00 4.00 0.00 5.00 14.00 23.00 14.00 21.00 7.00 1.00 0.00 0.00 0.00 0.00
91.00 37.00 53.00 103.00 184.00 50.00 81.00 0.08 4.18 0.00 3.00 0.00 6.00 14.00 31.00 23.00 24.00 13.00 1.00 0.00 0.00 0.00 0.00
92.00 28.00 30.00 81.00 142.00 51.00 61.00 0.10 3.71 0.00 3.00 0.00 5.00 13.00 23.00 15.00 18.00 10.00 1.00 0.00 0.00 0.00 0.00
93.00 30.00 43.00 89.00 156.00 46.00 67.00 0.07 2.59 1.00 4.00 0.25 8.00 11.00 22.00 19.00 19.00 11.00 1.00 0.00 0.00 0.00 0.00
94.00 36.00 46.00 108.00 184.00 62.00 76.00 0.07 3.94 0.00 3.00 0.00 8.00 13.00 28.00 23.00 21.00 15.00 1.00 0.00 0.00 0.00 0.00
95.00 30.00 39.00 84.00 149.00 45.00 65.00 0.10 3.42 0.00 2.00 0.00 8.00 16.00 22.00 14.00 18.00 12.00 1.00 0.00 0.00 0.00 0.00
96.00 32.00 46.00 95.00 164.00 49.00 69.00 0.09 2.59 0.00 4.00 0.00 7.00 11.00 25.00 21.00 18.00 14.00 1.00 0.00 0.00 0.00 0.00
97.00 34.00 46.00 103.00 177.00 57.00 74.00 0.08 2.75 0.00 3.00 0.00 13.00 17.00 21.00 17.00 20.00 14.00 1.00 0.00 1.00 1.00 0.00
98.00 35.00 56.00 108.00 178.00 52.00 70.00 0.08 3.77 0.00 3.00 0.00 7.00 13.00 28.00 22.00 19.00 16.00 1.00 0.00 1.00 0.00 0.00
99.00 37.00 54.00 107.00 190.00 53.00 83.00 0.09 3.81 0.00 3.00 0.00 7.00 12.00 30.00 25.00 18.00 19.00 0.00 0.00 1.00 0.00 0.00
100.00 37.00 62.00 120.00 186.00 58.00 66.00 0.07 3.15 0.00 5.00 0.00 9.00 16.00 28.00 21.00 22.00 15.00 0.00 0.00 0.00 0.00 0.00
101.00 38.00 56.00 119.00 202.00 63.00 83.00 0.08 3.95 0.00 4.00 0.00 9.00 13.00 29.00 25.00 19.00 19.00 0.00 0.00 0.00 0.00 0.00
102.00 35.00 55.00 106.00 181.00 51.00 75.00 0.08 2.90 0.00 5.00 0.00 7.00 18.00 28.00 17.00 21.00 14.00 0.00 0.00 0.00 0.00 0.00
103.00 34.00 44.00 98.00 173.00 54.00 75.00 0.07 3.47 0.00 6.00 0.00 7.00 16.00 27.00 18.00 21.00 13.00 0.00 0.00 0.00 0.00 0.00
104.00 38.00 50.00 118.00 201.00 68.00 83.00 0.08 3.26 1.00 5.00 0.20 5.00 14.00 33.00 24.00 20.00 18.00 0.00 0.00 0.00 0.00 0.00
105.00 34.00 37.00 97.00 175.00 60.00 78.00 0.08 2.81 0.00 5.00 0.00 8.00 15.00 26.00 19.00 22.00 12.00 1.00 0.00 0.00 0.00 0.00
106.00 40.00 53.00 121.00 211.00 68.00 90.00 0.08 4.08 0.00 3.00 0.00 9.00 14.00 31.00 26.00 22.00 18.00 1.00 0.00 1.00 0.00 0.00
107.00 35.00 53.00 121.00 183.00 68.00 62.00 0.08 3.23 0.00 5.00 0.00 8.00 20.00 27.00 15.00 24.00 11.00 2.00 0.00 0.00 0.00 0.00
108.00 37.00 50.00 110.00 191.00 60.00 81.00 0.09 3.86 0.00 3.00 0.00 5.00 14.00 32.00 23.00 22.00 15.00 2.00 0.00 0.00 0.00 0.00
109.00 35.00 45.00 106.00 176.00 61.00 70.00 0.08 3.75 0.00 3.00 0.00 7.00 13.00 28.00 22.00 20.00 15.00 1.00 0.00 0.00 2.00 0.00
110.00 38.00 52.00 123.00 196.00 71.00 73.00 0.08 3.41 0.00 3.00 0.00 7.00 20.00 31.00 18.00 27.00 11.00 1.00 0.00 1.00 0.00 0.00
111.00 34.00 45.00 108.00 179.00 63.00 71.00 0.09 3.21 0.00 4.00 0.00 8.00 12.00 26.00 22.00 19.00 15.00 1.00 0.00 0.00 0.00 0.00
112.00 35.00 40.00 101.00 181.00 61.00 80.00 0.08 3.47 0.00 4.00 0.00 7.00 14.00 28.00 21.00 21.00 14.00 0.00 0.00 0.00 0.00 0.00
113.00 35.00 40.00 99.00 178.00 59.00 79.00 0.08 3.25 0.00 3.00 0.00 4.00 12.00 31.00 23.00 19.00 16.00 0.00 0.00 1.00 0.00 0.00
114.00 31.00 49.00 102.00 164.00 53.00 62.00 0.07 2.53 1.00 4.00 0.25 6.00 12.00 25.00 19.00 19.00 12.00 0.00 0.00 0.00 0.00 0.00
115.00 29.00 40.00 87.00 153.00 47.00 66.00 0.07 2.52 0.00 5.00 0.00 3.00 8.00 26.00 21.00 14.00 15.00 1.00 0.00 0.00 0.00 0.00
116.00 33.00 46.00 100.00 170.00 54.00 70.00 0.09 2.95 0.00 4.00 0.00 10.00 14.00 23.00 19.00 18.00 15.00 0.00 0.00 0.00 0.00 0.00
117.00 35.00 39.00 93.00 167.00 54.00 74.00 0.08 4.19 0.00 4.00 0.00 6.00 19.00 29.00 16.00 30.00 5.00 1.00 0.00 1.00 0.00 0.00
118.00 36.00 42.00 114.00 198.00 72.00 84.00 0.08 3.62 0.00 4.00 0.00 8.00 12.00 28.00 24.00 21.00 15.00 1.00 0.00 0.00 0.00 0.00
119.00 38.00 48.00 112.00 190.00 64.00 78.00 0.07 3.62 0.00 4.00 0.00 14.00 22.00 24.00 16.00 27.00 11.00 2.00 0.00 0.00 0.00 0.00
120.00 37.00 35.00 101.00 195.00 66.00 94.00 0.08 3.73 0.00 4.00 0.00 13.00 19.00 24.00 18.00 25.00 12.00 1.00 0.00 1.00 0.00 0.00
121.00 33.00 46.00 108.00 174.00 62.00 66.00 0.09 2.90 0.00 5.00 0.00 6.00 10.00 27.00 23.00 15.00 18.00 1.00 0.00 1.00 0.00 1.00
122.00 34.00 53.00 107.00 180.00 54.00 73.00 0.09 3.08 0.00 2.00 0.00 3.00 11.00 31.00 23.00 19.00 15.00 0.00 0.00 0.00 0.00 0.00
123.00 34.00 45.00 105.00 182.00 60.00 77.00 0.09 3.49 0.00 2.00 0.00 7.00 12.00 27.00 22.00 17.00 17.00 2.00 0.00 1.00 0.00 0.00
124.00 37.00 50.00 109.00 181.00 59.00 72.00 0.08 3.53 0.00 3.00 0.00 5.00 12.00 32.00 25.00 20.00 17.00 1.00 0.00 1.00 0.00 0.00
125.00 33.00 48.00 102.00 176.00 54.00 74.00 0.07 3.87 0.00 4.00 0.00 7.00 7.00 26.00 26.00 15.00 18.00 1.00 0.00 1.00 0.00 0.00
126.00 33.00 38.00 103.00 166.00 65.00 63.00 0.09 2.16 0.00 3.00 0.00 8.00 16.00 25.00 17.00 22.00 11.00 1.00 0.00 1.00 0.00 0.00
127.00 33.00 33.00 93.00 169.00 60.00 76.00 0.09 3.59 0.00 3.00 0.00 10.00 16.00 23.00 17.00 22.00 11.00 1.00 0.00 0.00 0.00 0.00
128.00 33.00 33.00 99.00 167.00 66.00 68.00 0.08 3.65 0.00 4.00 0.00 9.00 14.00 24.00 19.00 23.00 10.00 2.00 0.00 0.00 0.00 0.00
129.00 35.00 50.00 108.00 181.00 58.00 73.00 0.07 2.72 0.00 5.00 0.00 9.00 15.00 26.00 20.00 20.00 15.00 2.00 0.00 0.00 0.00 0.00
130.00 39.00 36.00 106.00 189.00 70.00 83.00 0.09 3.28 0.00 6.00 0.00 7.00 13.00 32.00 26.00 23.00 16.00 0.00 0.00 0.00 0.00 0.00
131.00 42.00 57.00 128.00 221.00 71.00 93.00 0.09 3.38 0.00 4.00 0.00 9.00 15.00 33.00 27.00 22.00 20.00 2.00 0.00 0.00 0.00 0.00
132.00 42.00 58.00 126.00 206.00 68.00 80.00 0.08 3.72 0.00 5.00 0.00 13.00 19.00 29.00 23.00 26.00 16.00 1.00 0.00 0.00 0.00 0.00
133.00 36.00 44.00 111.00 181.00 67.00 70.00 0.08 2.67 0.00 5.00 0.00 7.00 18.00 29.00 18.00 21.00 15.00 2.00 0.00 0.00 0.00 0.00
134.00 39.00 50.00 122.00 192.00 72.00 70.00 0.08 3.42 1.00 5.00 0.20 9.00 21.00 30.00 18.00 31.00 8.00 0.00 0.00 0.00 0.00 0.00
135.00 40.00 62.00 127.00 205.00 65.00 78.00 0.07 3.78 0.00 6.00 0.00 9.00 15.00 31.00 25.00 20.00 20.00 1.00 0.00 0.00 0.00 0.00
136.00 41.00 56.00 117.00 207.00 61.00 90.00 0.09 4.13 0.00 5.00 0.00 9.00 16.00 32.00 25.00 23.00 18.00 2.00 0.00 0.00 0.00 0.00
137.00 40.00 47.00 112.00 203.00 65.00 91.00 0.08 3.91 0.00 4.00 0.00 6.00 20.00 34.00 20.00 23.00 17.00 1.00 0.00 0.00 0.00 0.00
138.00 43.00 68.00 131.00 212.00 63.00 81.00 0.10 3.65 0.00 6.00 0.00 10.00 20.00 33.00 23.00 29.00 14.00 1.00 0.00 0.00 0.00 0.00
139.00 38.00 51.00 120.00 197.00 69.00 77.00 0.07 3.79 0.00 6.00 0.00 7.00 20.00 31.00 18.00 28.00 10.00 0.00 0.00 1.00 0.00 0.00
140.00 39.00 62.00 129.00 204.00 67.00 75.00 0.09 3.92 0.00 5.00 0.00 6.00 17.00 33.00 22.00 22.00 17.00 1.00 0.00 0.00 1.00 0.00
141.00 41.00 68.00 124.00 215.00 56.00 91.00 0.09 3.77 0.00 6.00 0.00 9.00 17.00 32.00 24.00 23.00 18.00 1.00 0.00 0.00 0.00 0.00
142.00 44.00 57.00 137.00 228.00 80.00 91.00 0.08 4.29 0.00 6.00 0.00 6.00 15.00 38.00 29.00 24.00 20.00 0.00 0.00 0.00 0.00 0.00
143.00 39.00 60.00 126.00 206.00 66.00 80.00 0.08 2.91 0.00 5.00 0.00 5.00 13.00 34.00 26.00 24.00 15.00 1.00 0.00 1.00 0.00 0.00
144.00 38.00 50.00 121.00 197.00 71.00 76.00 0.08 3.96 0.00 6.00 0.00 7.00 19.00 31.00 19.00 24.00 14.00 0.00 0.00 0.00 0.00 0.00
145.00 34.00 46.00 103.00 175.00 57.00 72.00 0.08 3.27 0.00 6.00 0.00 9.00 16.00 25.00 18.00 19.00 15.00 1.00 0.00 0.00 0.00 0.00
146.00 38.00 58.00 118.00 198.00 60.00 80.00 0.10 4.11 1.00 6.00 0.17 8.00 13.00 30.00 25.00 21.00 17.00 1.00 0.00 0.00 0.00 0.00
147.00 43.00 63.00 125.00 217.00 62.00 92.00 0.09 4.23 0.00 3.00 0.00 16.00 22.00 27.00 21.00 30.00 13.00 0.00 0.00 0.00 0.00 0.00
148.00 34.00 49.00 107.00 180.00 58.00 73.00 0.09 4.21 0.00 5.00 0.00 10.00 17.00 24.00 17.00 20.00 14.00 1.00 0.00 0.00 0.00 0.00
149.00 39.00 56.00 114.00 203.00 58.00 89.00 0.09 4.29 0.00 5.00 0.00 5.00 10.00 34.00 29.00 20.00 19.00 1.00 0.00 0.00 0.00 0.00
150.00 35.00 57.00 113.00 178.00 56.00 65.00 0.08 4.16 0.00 6.00 0.00 8.00 14.00 27.00 21.00 18.00 17.00 1.00 0.00 1.00 0.00 0.00
151.00 36.00 47.00 110.00 190.00 63.00 80.00 0.08 4.31 0.00 6.00 0.00 5.00 12.00 31.00 24.00 19.00 17.00 1.00 0.00 2.00 0.00 0.00
152.00 42.00 74.00 126.00 215.00 52.00 89.00 0.08 4.10 0.00 6.00 0.00 6.00 13.00 36.00 29.00 22.00 20.00 1.00 0.00 0.00 1.00 0.00
153.00 43.00 67.00 139.00 220.00 72.00 81.00 0.08 4.32 0.00 7.00 0.00 10.00 17.00 33.00 26.00 26.00 17.00 1.00 0.00 0.00 0.00 0.00
154.00 41.00 68.00 131.00 216.00 63.00 85.00 0.09 4.23 0.00 6.00 0.00 4.00 11.00 37.00 30.00 20.00 21.00 2.00 1.00 1.00 0.00 0.00
155.00 32.00 44.00 99.00 167.00 55.00 68.00 0.08 3.72 0.00 3.00 0.00 8.00 16.00 24.00 16.00 21.00 11.00 0.00 0.00 0.00 0.00 0.00
156.00 41.00 67.00 129.00 208.00 62.00 79.00 0.09 4.16 0.00 6.00 0.00 10.00 19.00 31.00 22.00 24.00 17.00 1.00 0.00 0.00 0.00 0.00
157.00 40.00 57.00 122.00 209.00 65.00 87.00 0.09 3.32 0.00 6.00 0.00 6.00 18.00 34.00 22.00 22.00 18.00 1.00 0.00 0.00 0.00 0.00
158.00 30.00 30.00 87.00 156.00 57.00 69.00 0.09 3.49 0.00 5.00 0.00 5.00 10.00 25.00 20.00 19.00 11.00 0.00 0.00 0.00 0.00 0.00
159.00 38.00 49.00 119.00 203.00 70.00 84.00 0.08 4.33 0.00 6.00 0.00 7.00 14.00 31.00 24.00 21.00 17.00 1.00 0.00 1.00 0.00 1.00
160.00 39.00 52.00 119.00 207.00 67.00 88.00 0.09 4.15 0.00 5.00 0.00 7.00 12.00 32.00 27.00 18.00 21.00 0.00 0.00 1.00 0.00 2.00
161.00 31.00 35.00 87.00 162.00 52.00 75.00 0.08 3.42 0.00 5.00 0.00 8.00 12.00 23.00 19.00 20.00 11.00 1.00 0.00 0.00 0.00 0.00
162.00 41.00 50.00 127.00 208.00 77.00 81.00 0.08 4.30 0.00 6.00 0.00 10.00 22.00 31.00 19.00 29.00 12.00 0.00 0.00 0.00 1.00 1.00
163.00 40.00 55.00 125.00 209.00 70.00 84.00 0.08 3.83 0.00 5.00 0.00 7.00 15.00 33.00 25.00 23.00 17.00 1.00 0.00 1.00 0.00 0.00
164.00 44.00 78.00 147.00 230.00 69.00 83.00 0.10 4.19 0.00 5.00 0.00 10.00 15.00 34.00 29.00 20.00 24.00 1.00 0.00 1.00 1.00 0.00
165.00 36.00 46.00 114.00 194.00 68.00 80.00 0.10 4.30 1.00 5.00 0.20 3.00 13.00 33.00 23.00 18.00 18.00 1.00 0.00 0.00 0.00 0.00
166.00 42.00 62.00 137.00 214.00 75.00 77.00 0.09 4.44 2.00 5.00 0.40 10.00 19.00 32.00 23.00 24.00 18.00 2.00 0.00 0.00 0.00 0.00
167.00 37.00 48.00 120.00 198.00 72.00 78.00 0.10 4.13 0.00 6.00 0.00 9.00 19.00 28.00 18.00 22.00 15.00 2.00 0.00 0.00 1.00 0.00
168.00 44.00 61.00 131.00 217.00 70.00 86.00 0.08 4.56 0.00 5.00 0.00 10.00 22.00 34.00 22.00 28.00 16.00 2.00 0.00 0.00 0.00 0.00
169.00 35.00 52.00 114.00 184.00 62.00 70.00 0.07 4.08 0.00 5.00 0.00 6.00 12.00 29.00 23.00 19.00 16.00 1.00 0.00 0.00 0.00 0.00
170.00 38.00 63.00 125.00 198.00 62.00 73.00 0.09 4.33 0.00 3.00 0.00 8.00 14.00 30.00 24.00 22.00 16.00 2.00 0.00 0.00 0.00 0.00
171.00 34.00 54.00 112.00 175.00 58.00 63.00 0.10 4.70 0.00 4.00 0.00 5.00 15.00 29.00 19.00 21.00 13.00 1.00 0.00 0.00 0.00 0.00
172.00 31.00 33.00 89.00 157.00 56.00 68.00 0.09 3.77 0.00 4.00 0.00 6.00 12.00 25.00 19.00 17.00 14.00 0.00 0.00 1.00 0.00 0.00
173.00 36.00 53.00 113.00 183.00 60.00 70.00 0.09 4.33 0.00 5.00 0.00 7.00 15.00 29.00 21.00 20.00 16.00 1.00 0.00 0.00 0.00 0.00
174.00 39.00 67.00 130.00 198.00 63.00 68.00 0.09 4.03 0.00 7.00 0.00 8.00 14.00 31.00 25.00 19.00 20.00 1.00 0.00 0.00 0.00 0.00
175.00 33.00 41.00 96.00 178.00 55.00 82.00 0.08 4.35 0.00 5.00 0.00 10.00 15.00 23.00 18.00 20.00 13.00 0.00 0.00 0.00 0.00 0.00
176.00 35.00 50.00 116.00 178.00 66.00 62.00 0.08 3.71 0.00 5.00 0.00 4.00 13.00 31.00 22.00 19.00 16.00 1.00 0.00 0.00 0.00 0.00
177.00 37.00 67.00 121.00 197.00 54.00 76.00 0.09 4.24 0.00 5.00 0.00 7.00 15.00 30.00 22.00 22.00 15.00 1.00 0.00 0.00 0.00 0.00
178.00 37.00 51.00 111.00 200.00 60.00 89.00 0.09 4.63 2.00 6.00 0.33 11.00 19.00 26.00 18.00 23.00 14.00 1.00 0.00 0.00 0.00 0.00
179.00 40.00 59.00 125.00 213.00 66.00 88.00 0.09 4.46 1.00 5.00 0.20 5.00 16.00 35.00 24.00 24.00 16.00 1.00 0.00 0.00 0.00 0.00
180.00 41.00 62.00 126.00 207.00 64.00 81.00 0.09 4.29 0.00 3.00 0.00 12.00 18.00 29.00 23.00 23.00 18.00 1.00 0.00 0.00 0.00 1.00
181.00 39.00 65.00 129.00 201.00 64.00 72.00 0.09 3.71 0.00 4.00 0.00 9.00 16.00 30.00 23.00 22.00 17.00 1.00 0.00 0.00 0.00 0.00
182.00 39.00 57.00 131.00 210.00 74.00 79.00 0.08 3.85 0.00 5.00 0.00 7.00 14.00 32.00 25.00 18.00 21.00 1.00 0.00 0.00 0.00 0.00
183.00 40.00 43.00 119.00 200.00 76.00 81.00 0.06 4.13 1.00 5.00 0.20 8.00 22.00 32.00 18.00 29.00 11.00 1.00 0.00 0.00 0.00 0.00
184.00 41.00 38.00 144.00 226.00 106.00 82.00 0.08 4.19 1.00 4.00 0.25 6.00 14.00 35.00 27.00 17.00 24.00 0.00 0.00 1.00 0.00 0.00
185.00 44.00 79.00 146.00 231.00 67.00 85.00 0.07 4.18 1.00 7.00 0.14 9.00 19.00 35.00 25.00 24.00 20.00 1.00 0.00 0.00 0.00 0.00
186.00 44.00 66.00 137.00 225.00 71.00 88.00 0.09 3.95 1.00 5.00 0.20 8.00 14.00 36.00 30.00 27.00 17.00 1.00 0.00 0.00 0.00 0.00
187.00 41.00 53.00 129.00 209.00 76.00 80.00 0.08 4.23 0.00 5.00 0.00 8.00 16.00 33.00 25.00 23.00 18.00 0.00 0.00 1.00 0.00 0.00
188.00 34.00 41.00 99.00 184.00 58.00 85.00 0.09 3.75 0.00 4.00 0.00 5.00 12.00 29.00 22.00 18.00 16.00 0.00 0.00 0.00 0.00 0.00
189.00 42.00 68.00 136.00 211.00 68.00 75.00 0.08 4.48 0.00 4.00 0.00 10.00 19.00 32.00 23.00 25.00 17.00 1.00 0.00 0.00 1.00 0.00
190.00 43.00 67.00 144.00 226.00 77.00 82.00 0.08 4.79 0.00 5.00 0.00 9.00 17.00 34.00 26.00 28.00 15.00 1.00 0.00 0.00 1.00 0.00
191.00 34.00 49.00 109.00 177.00 60.00 68.00 0.08 4.43 0.00 5.00 0.00 7.00 15.00 27.00 19.00 18.00 16.00 0.00 0.00 0.00 0.00 0.00
192.00 40.00 59.00 125.00 206.00 66.00 81.00 0.09 4.33 0.00 5.00 0.00 8.00 14.00 32.00 26.00 23.00 17.00 1.00 0.00 0.00 0.00 0.00
193.00 43.00 67.00 140.00 228.00 73.00 88.00 0.07 4.12 0.00 6.00 0.00 9.00 16.00 34.00 27.00 27.00 16.00 1.00 0.00 0.00 0.00 0.00
194.00 43.00 67.00 139.00 221.00 72.00 82.00 0.09 4.60 1.00 6.00 0.17 8.00 16.00 35.00 27.00 19.00 24.00 1.00 0.00 0.00 0.00 0.00
195.00 46.00 83.00 147.00 241.00 64.00 94.00 0.09 4.43 0.00 5.00 0.00 4.00 12.00 42.00 34.00 19.00 27.00 1.00 0.00 0.00 0.00 0.00
196.00 41.00 56.00 125.00 219.00 69.00 94.00 0.07 4.40 1.00 4.00 0.25 12.00 19.00 29.00 22.00 22.00 19.00 1.00 0.00 1.00 0.00 0.00
197.00 46.00 71.00 153.00 237.00 82.00 84.00 0.08 4.64 0.00 2.00 0.00 11.00 18.00 35.00 28.00 23.00 23.00 0.00 0.00 2.00 0.00 0.00
198.00 51.00 84.00 172.00 265.00 88.00 93.00 0.10 4.76 0.00 6.00 0.00 8.00 20.00 43.00 31.00 27.00 24.00 1.00 0.00 2.00 0.00 0.00
199.00 45.00 65.00 149.00 239.00 84.00 90.00 0.07 4.33 0.00 4.00 0.00 6.00 16.00 39.00 29.00 23.00 22.00 1.00 0.00 1.00 0.00 0.00
200.00 44.00 74.00 146.00 231.00 72.00 85.00 0.10 4.95 0.00 5.00 0.00 11.00 18.00 33.00 26.00 24.00 20.00 1.00 0.00 1.00 0.00 0.00
201.00 42.00 68.00 129.00 222.00 61.00 93.00 0.08 4.18 0.00 4.00 0.00 9.00 20.00 33.00 22.00 24.00 18.00 1.00 0.00 0.00 1.00 0.00
202.00 33.00 36.00 93.00 166.00 57.00 73.00 0.08 3.59 1.00 4.00 0.25 3.00 14.00 30.00 19.00 20.00 13.00 1.00 0.00 0.00 0.00 0.00
203.00 42.00 64.00 139.00 220.00 75.00 81.00 0.09 4.01 0.00 4.00 0.00 12.00 20.00 30.00 22.00 26.00 16.00 1.00 0.00 1.00 0.00 0.00
204.00 31.00 42.00 89.00 165.00 47.00 76.00 0.09 3.92 0.00 1.00 0.00 9.00 13.00 22.00 18.00 19.00 12.00 1.00 0.00 1.00 0.00 0.00
205.00 39.00 42.00 122.00 206.00 80.00 84.00 0.09 3.15 0.00 3.00 0.00 10.00 19.00 29.00 20.00 25.00 14.00 1.00 0.00 0.00 0.00 0.00
206.00 48.00 78.00 138.00 241.00 60.00 103.00 0.10 3.79 1.00 5.00 0.20 15.00 24.00 33.00 24.00 31.00 17.00 0.00 0.00 0.00 0.00 1.00
207.00 42.00 65.00 135.00 215.00 70.00 80.00 0.09 3.88 0.00 3.00 0.00 11.00 19.00 31.00 23.00 22.00 20.00 1.00 0.00 0.00 0.00 0.00
208.00 38.00 51.00 119.00 203.00 68.00 84.00 0.10 4.02 0.00 3.00 0.00 10.00 18.00 28.00 20.00 22.00 16.00 1.00 0.00 0.00 0.00 1.00
209.00 36.00 51.00 105.00 189.00 54.00 84.00 0.09 3.53 1.00 3.00 0.33 7.00 14.00 29.00 22.00 20.00 16.00 1.00 0.00 1.00 0.00 0.00
210.00 35.00 56.00 113.00 178.00 57.00 65.00 0.08 4.48 0.00 4.00 0.00 9.00 15.00 26.00 20.00 19.00 16.00 1.00 0.00 0.00 0.00 0.00
211.00 31.00 43.00 95.00 158.00 52.00 63.00 0.09 3.61 0.00 1.00 0.00 6.00 10.00 25.00 21.00 17.00 14.00 0.00 0.00 0.00 0.00 0.00
212.00 39.00 50.00 116.00 191.00 66.00 75.00 0.08 4.31 0.00 3.00 0.00 10.00 20.00 29.00 19.00 23.00 16.00 1.00 0.00 1.00 0.00 0.00
213.00 38.00 61.00 120.00 194.00 59.00 74.00 0.08 3.78 0.00 4.00 0.00 7.00 14.00 31.00 24.00 24.00 14.00 0.00 0.00 1.00 0.00 0.00
214.00 39.00 68.00 125.00 200.00 57.00 75.00 0.08 4.41 0.00 5.00 0.00 8.00 16.00 31.00 23.00 21.00 18.00 1.00 0.00 0.00 0.00 0.00
215.00 43.00 73.00 125.00 210.00 52.00 85.00 0.08 3.72 0.00 5.00 0.00 12.00 18.00 31.00 25.00 23.00 20.00 1.00 0.00 0.00 0.00 0.00
216.00 37.00 50.00 109.00 187.00 59.00 78.00 0.10 3.17 0.00 6.00 0.00 10.00 16.00 27.00 21.00 23.00 14.00 1.00 0.00 0.00 0.00 0.00
217.00 36.00 51.00 108.00 191.00 57.00 83.00 0.08 3.82 1.00 4.00 0.25 7.00 17.00 29.00 19.00 26.00 10.00 1.00 0.00 0.00 0.00 0.00
218.00 41.00 52.00 122.00 205.00 70.00 83.00 0.08 3.52 0.00 5.00 0.00 12.00 15.00 29.00 26.00 25.00 16.00 0.00 0.00 0.00 0.00 0.00
219.00 42.00 56.00 128.00 222.00 72.00 94.00 0.08 4.08 0.00 5.00 0.00 7.00 18.00 35.00 24.00 26.00 16.00 1.00 0.00 0.00 0.00 0.00
220.00 43.00 77.00 135.00 212.00 58.00 77.00 0.09 3.63 0.00 4.00 0.00 9.00 16.00 34.00 27.00 23.00 20.00 1.00 0.00 0.00 0.00 0.00
221.00 41.00 68.00 126.00 205.00 58.00 79.00 0.09 4.19 0.00 6.00 0.00 6.00 19.00 35.00 22.00 25.00 16.00 1.00 0.00 0.00 0.00 0.00
222.00 36.00 53.00 111.00 192.00 58.00 81.00 0.10 3.71 0.00 5.00 0.00 7.00 16.00 29.00 20.00 20.00 16.00 1.00 0.00 0.00 0.00 0.00
223.00 41.00 81.00 137.00 214.00 56.00 77.00 0.09 3.55 1.00 4.00 0.25 9.00 17.00 32.00 24.00 25.00 16.00 0.00 0.00 0.00 0.00 0.00
224.00 39.00 65.00 130.00 205.00 65.00 75.00 0.08 3.90 0.00 5.00 0.00 3.00 10.00 36.00 29.00 20.00 19.00 0.00 0.00 0.00 0.00 0.00
225.00 36.00 52.00 106.00 185.00 54.00 79.00 0.09 3.41 0.00 4.00 0.00 6.00 17.00 30.00 19.00 25.00 11.00 0.00 0.00 0.00 1.00 0.00
226.00 37.00 44.00 104.00 189.00 60.00 85.00 0.07 2.58 0.00 4.00 0.00 5.00 11.00 32.00 26.00 19.00 18.00 1.00 0.00 0.00 0.00 0.00
227.00 40.00 64.00 119.00 205.00 55.00 86.00 0.09 3.77 0.00 4.00 0.00 13.00 18.00 27.00 22.00 24.00 16.00 1.00 0.00 0.00 0.00 0.00
228.00 34.00 48.00 98.00 177.00 50.00 79.00 0.09 3.73 0.00 3.00 0.00 8.00 13.00 26.00 21.00 21.00 13.00 1.00 0.00 0.00 0.00 0.00
229.00 38.00 62.00 115.00 194.00 53.00 79.00 0.09 3.82 0.00 4.00 0.00 4.00 11.00 34.00 27.00 16.00 22.00 1.00 0.00 0.00 0.00 0.00
230.00 38.00 59.00 123.00 198.00 64.00 75.00 0.09 3.54 0.00 6.00 0.00 8.00 12.00 30.00 26.00 15.00 23.00 1.00 0.00 0.00 0.00 0.00
231.00 37.00 41.00 106.00 194.00 65.00 88.00 0.08 3.30 0.00 4.00 0.00 7.00 14.00 30.00 23.00 21.00 16.00 1.00 0.00 1.00 0.00 0.00
232.00 38.00 53.00 110.00 188.00 57.00 78.00 0.09 3.58 0.00 7.00 0.00 12.00 20.00 26.00 18.00 22.00 16.00 1.00 0.00 0.00 0.00 0.00
233.00 41.00 63.00 133.00 208.00 70.00 75.00 0.07 3.69 0.00 5.00 0.00 8.00 16.00 33.00 25.00 22.00 19.00 1.00 0.00 0.00 0.00 0.00
234.00 40.00 47.00 117.00 207.00 70.00 90.00 0.08 4.01 0.00 4.00 0.00 10.00 19.00 30.00 21.00 23.00 17.00 1.00 0.00 1.00 0.00 0.00
235.00 39.00 45.00 116.00 197.00 71.00 81.00 0.08 4.42 0.00 6.00 0.00 8.00 13.00 31.00 26.00 17.00 22.00 1.00 0.00 0.00 1.00 0.00
236.00 49.00 64.00 136.00 245.00 72.00 109.00 0.08 3.94 0.00 7.00 0.00 13.00 24.00 36.00 25.00 35.00 14.00 1.00 0.00 0.00 1.00 0.00
237.00 36.00 28.00 101.00 186.00 73.00 85.00 0.08 4.16 0.00 3.00 0.00 2.00 9.00 34.00 27.00 15.00 21.00 0.00 0.00 0.00 0.00 0.00
238.00 37.00 52.00 110.00 185.00 58.00 75.00 0.09 3.73 0.00 3.00 0.00 7.00 18.00 30.00 19.00 21.00 16.00 1.00 0.00 0.00 0.00 0.00
239.00 34.00 44.00 103.00 180.00 59.00 77.00 0.09 3.32 0.00 2.00 0.00 9.00 17.00 25.00 17.00 20.00 14.00 1.00 0.00 0.00 0.00 0.00
240.00 30.00 36.00 90.00 160.00 54.00 70.00 0.09 3.69 1.00 2.00 0.50 3.00 12.00 27.00 18.00 17.00 13.00 1.00 0.00 0.00 0.00 0.00
241.00 34.00 36.00 84.00 166.00 48.00 82.00 0.10 4.12 0.00 1.00 0.00 7.00 12.00 27.00 22.00 20.00 14.00 1.00 0.00 0.00 0.00 0.00
242.00 25.00 18.00 65.00 130.00 47.00 65.00 0.10 3.28 0.00 1.00 0.00 10.00 12.00 15.00 13.00 16.00 9.00 1.00 0.00 0.00 0.00 0.00
243.00 29.00 31.00 82.00 142.00 51.00 60.00 0.08 3.72 0.00 2.00 0.00 8.00 17.00 21.00 12.00 21.00 8.00 1.00 0.00 2.00 0.00 0.00
244.00 28.00 38.00 83.00 138.00 45.00 55.00 0.10 2.83 0.00 2.00 0.00 7.00 14.00 21.00 14.00 21.00 7.00 0.00 0.00 2.00 0.00 0.00
245.00 23.00 21.00 60.00 124.00 39.00 64.00 0.08 3.97 0.00 2.00 0.00 4.00 10.00 19.00 13.00 15.00 8.00 1.00 0.00 1.00 0.00 0.00
246.00 31.00 40.00 93.00 160.00 53.00 67.00 0.09 2.31 0.00 2.00 0.00 6.00 11.00 25.00 20.00 21.00 10.00 1.00 0.00 1.00 0.00 0.00
247.00 25.00 27.00 67.00 126.00 40.00 59.00 0.09 4.17 0.00 3.00 0.00 7.00 13.00 18.00 12.00 20.00 5.00 1.00 0.00 1.00 0.00 0.00
248.00 32.00 50.00 104.00 163.00 54.00 59.00 0.10 3.57 0.00 3.00 0.00 7.00 13.00 25.00 19.00 16.00 16.00 0.00 0.00 1.00 0.00 0.00
249.00 32.00 41.00 95.00 167.00 54.00 72.00 0.09 3.51 0.00 4.00 0.00 8.00 14.00 24.00 18.00 20.00 12.00 1.00 0.00 1.00 0.00 0.00
250.00 33.00 38.00 93.00 175.00 55.00 82.00 0.07 3.76 0.00 3.00 0.00 7.00 14.00 26.00 19.00 18.00 15.00 1.00 0.00 2.00 0.00 0.00
251.00 37.00 39.00 108.00 184.00 69.00 76.00 0.07 3.48 0.00 2.00 0.00 9.00 18.00 28.00 19.00 23.00 14.00 1.00 0.00 0.00 1.00 0.00
252.00 30.00 44.00 98.00 158.00 54.00 60.00 0.08 3.86 0.00 4.00 0.00 2.00 11.00 28.00 19.00 16.00 14.00 1.00 0.00 0.00 0.00 0.00
253.00 35.00 50.00 107.00 170.00 57.00 63.00 0.09 3.51 0.00 1.00 0.00 5.00 13.00 30.00 22.00 18.00 17.00 1.00 0.00 0.00 0.00 0.00
254.00 31.00 47.00 97.00 164.00 50.00 67.00 0.07 2.24 0.00 3.00 0.00 3.00 8.00 28.00 23.00 19.00 12.00 1.00 0.00 1.00 0.00 0.00
255.00 37.00 39.00 102.00 193.00 63.00 91.00 0.08 3.04 0.00 4.00 0.00 11.00 17.00 26.00 20.00 24.00 13.00 1.00 0.00 1.00 0.00 0.00
256.00 32.00 48.00 100.00 170.00 52.00 70.00 0.09 2.98 0.00 0.00 0.00 6.00 10.00 26.00 22.00 18.00 14.00 1.00 0.00 2.00 0.00 0.00
257.00 31.00 37.00 95.00 161.00 58.00 66.00 0.08 2.79 0.00 3.00 0.00 8.00 14.00 23.00 17.00 20.00 11.00 1.00 0.00 0.00 0.00 0.00
258.00 35.00 49.00 107.00 173.00 58.00 66.00 0.08 2.95 0.00 4.00 0.00 7.00 13.00 28.00 22.00 20.00 15.00 1.00 0.00 0.00 0.00 0.00
259.00 39.00 58.00 117.00 193.00 59.00 76.00 0.09 3.48 0.00 3.00 0.00 11.00 18.00 28.00 21.00 27.00 12.00 1.00 0.00 1.00 0.00 0.00
260.00 34.00 40.00 98.00 176.00 58.00 78.00 0.09 3.08 0.00 5.00 0.00 6.00 12.00 28.00 22.00 19.00 15.00 1.00 0.00 0.00 0.00 0.00
261.00 35.00 51.00 107.00 179.00 56.00 72.00 0.07 3.87 0.00 3.00 0.00 5.00 13.00 30.00 22.00 19.00 16.00 0.00 0.00 0.00 0.00 0.00
262.00 36.00 57.00 111.00 185.00 54.00 74.00 0.08 3.93 0.00 3.00 0.00 6.00 15.00 30.00 21.00 23.00 13.00 1.00 0.00 0.00 0.00 0.00
263.00 23.00 16.00 60.00 123.00 44.00 63.00 0.07 4.30 0.00 2.00 0.00 8.00 13.00 15.00 10.00 19.00 4.00 0.00 0.00 1.00 1.00 0.00
264.00 26.00 37.00 76.00 138.00 39.00 62.00 0.08 2.91 0.00 3.00 0.00 3.00 10.00 23.00 16.00 16.00 10.00 1.00 0.00 0.00 0.00 0.00
265.00 31.00 43.00 91.00 148.00 48.00 57.00 0.08 3.69 0.00 3.00 0.00 7.00 19.00 24.00 12.00 23.00 8.00 1.00 0.00 0.00 0.00 0.00
266.00 34.00 45.00 91.00 171.00 46.00 80.00 0.09 2.68 0.00 3.00 0.00 12.00 22.00 22.00 12.00 25.00 9.00 0.00 0.00 0.00 0.00 0.00
267.00 30.00 41.00 86.00 158.00 45.00 72.00 0.08 3.76 0.00 2.00 0.00 7.00 14.00 23.00 16.00 20.00 10.00 1.00 0.00 0.00 0.00 0.00
268.00 27.00 27.00 80.00 137.00 53.00 57.00 0.10 3.02 0.00 4.00 0.00 5.00 10.00 22.00 17.00 16.00 11.00 1.00 0.00 0.00 0.00 0.00
269.00 30.00 37.00 87.00 153.00 50.00 66.00 0.09 3.60 0.00 2.00 0.00 5.00 14.00 25.00 16.00 18.00 12.00 1.00 0.00 0.00 0.00 0.00
270.00 30.00 37.00 85.00 156.00 48.00 71.00 0.09 3.75 0.00 2.00 0.00 9.00 11.00 21.00 19.00 14.00 16.00 1.00 0.00 0.00 0.00 0.00
271.00 31.00 47.00 94.00 159.00 47.00 65.00 0.08 2.75 0.00 2.00 0.00 7.00 11.00 24.00 20.00 16.00 15.00 0.00 0.00 0.00 0.00 0.00
272.00 25.00 24.00 72.00 133.00 48.00 61.00 0.08 3.09 0.00 2.00 0.00 4.00 13.00 21.00 12.00 16.00 9.00 1.00 0.00 0.00 0.00 0.00
273.00 26.00 24.00 64.00 136.00 40.00 72.00 0.09 3.30 0.00 2.00 0.00 4.00 7.00 22.00 19.00 15.00 11.00 1.00 0.00 1.00 0.00 0.00
274.00 30.00 37.00 80.00 149.00 43.00 69.00 0.09 3.36 0.00 3.00 0.00 9.00 12.00 21.00 18.00 19.00 11.00 1.00 0.00 0.00 1.00 0.00
275.00 24.00 26.00 60.00 119.00 34.00 59.00 0.10 3.51 0.00 1.00 0.00 6.00 10.00 18.00 14.00 17.00 7.00 1.00 0.00 0.00 0.00 0.00
276.00 27.00 30.00 81.00 137.00 51.00 56.00 0.08 3.53 0.00 2.00 0.00 9.00 18.00 18.00 9.00 21.00 6.00 0.00 0.00 0.00 0.00 0.00
277.00 25.00 31.00 77.00 129.00 46.00 52.00 0.08 1.99 0.00 2.00 0.00 6.00 13.00 19.00 12.00 16.00 9.00 1.00 0.00 1.00 0.00 0.00
278.00 28.00 32.00 78.00 140.00 46.00 62.00 0.08 2.36 0.00 4.00 0.00 8.00 14.00 20.00 14.00 20.00 8.00 1.00 0.00 0.00 0.00 0.00
279.00 30.00 43.00 85.00 152.00 42.00 67.00 0.08 3.18 0.00 2.00 0.00 11.00 22.00 19.00 8.00 24.00 6.00 1.00 0.00 0.00 0.00 0.00
280.00 25.00 24.00 62.00 129.00 38.00 67.00 0.10 3.15 0.00 2.00 0.00 7.00 14.00 18.00 11.00 16.00 9.00 0.00 0.00 0.00 0.00 0.00
281.00 28.00 34.00 81.00 142.00 47.00 61.00 0.08 3.60 0.00 3.00 0.00 8.00 13.00 20.00 15.00 17.00 11.00 1.00 0.00 0.00 0.00 0.00
282.00 28.00 37.00 79.00 143.00 42.00 64.00 0.08 2.76 0.00 2.00 0.00 7.00 13.00 21.00 15.00 15.00 13.00 1.00 0.00 0.00 0.00 0.00
283.00 23.00 24.00 64.00 116.00 40.00 52.00 0.09 2.54 0.00 2.00 0.00 7.00 10.00 16.00 13.00 16.00 7.00 0.00 0.00 0.00 0.00 0.00
284.00 22.00 23.00 55.00 101.00 32.00 46.00 0.07 1.98 0.00 2.00 0.00 7.00 10.00 15.00 12.00 17.00 5.00 0.00 0.00 0.00 0.00 0.00
285.00 19.00 15.00 41.00 86.00 26.00 45.00 0.08 2.27 1.00 2.00 0.50 5.00 10.00 14.00 9.00 13.00 6.00 1.00 0.00 0.00 0.00 0.00
286.00 23.00 22.00 58.00 112.00 36.00 54.00 0.09 2.77 0.00 3.00 0.00 2.00 7.00 21.00 16.00 16.00 7.00 1.00 0.00 0.00 0.00 0.00
287.00 20.00 17.00 49.00 103.00 32.00 54.00 0.08 2.08 0.00 2.00 0.00 7.00 11.00 13.00 9.00 13.00 7.00 1.00 0.00 1.00 0.00 0.00
288.00 22.00 30.00 61.00 111.00 31.00 50.00 0.08 2.57 0.00 2.00 0.00 7.00 10.00 15.00 12.00 12.00 10.00 1.00 0.00 0.00 1.00 0.00
289.00 23.00 24.00 53.00 110.00 29.00 57.00 0.09 2.48 0.00 3.00 0.00 7.00 14.00 16.00 9.00 18.00 5.00 0.00 0.00 0.00 0.00 0.00
290.00 21.00 29.00 56.00 100.00 27.00 44.00 0.08 2.02 0.00 3.00 0.00 8.00 10.00 13.00 11.00 13.00 8.00 0.00 0.00 0.00 1.00 0.00
291.00 22.00 30.00 64.00 107.00 34.00 43.00 0.08 0.59 0.00 2.00 0.00 7.00 14.00 15.00 8.00 19.00 3.00 1.00 0.00 0.00 1.00 0.00
292.00 26.00 28.00 73.00 128.00 45.00 55.00 0.09 2.05 0.00 2.00 0.00 4.00 14.00 22.00 12.00 19.00 7.00 0.00 0.00 0.00 0.00 0.00
293.00 20.00 24.00 58.00 104.00 34.00 46.00 0.09 0.55 0.00 3.00 0.00 5.00 10.00 15.00 10.00 10.00 10.00 0.00 0.00 1.00 0.00 0.00
294.00 26.00 32.00 62.00 121.00 30.00 59.00 0.08 1.32 0.00 2.00 0.00 8.00 16.00 18.00 10.00 18.00 8.00 1.00 0.00 0.00 0.00 0.00
295.00 23.00 18.00 59.00 116.00 41.00 57.00 0.10 1.53 0.00 2.00 0.00 5.00 11.00 18.00 12.00 18.00 5.00 1.00 0.00 0.00 0.00 0.00
296.00 23.00 28.00 60.00 119.00 32.00 59.00 0.09 0.73 0.00 4.00 0.00 5.00 9.00 18.00 14.00 12.00 11.00 1.00 0.00 0.00 0.00 0.00
297.00 22.00 28.00 57.00 109.00 29.00 52.00 0.08 1.37 0.00 2.00 0.00 8.00 11.00 14.00 11.00 14.00 8.00 1.00 0.00 0.00 0.00 0.00
298.00 28.00 37.00 73.00 135.00 36.00 62.00 0.09 1.54 0.00 4.00 0.00 10.00 17.00 18.00 11.00 22.00 6.00 1.00 0.00 0.00 0.00 0.00
299.00 14.00 10.00 30.00 68.00 20.00 38.00 0.09 0.51 0.00 2.00 0.00 3.00 6.00 11.00 8.00 10.00 4.00 1.00 0.00 0.00 0.00 0.00
300.00 26.00 37.00 73.00 138.00 36.00 65.00 0.08 1.89 0.00 2.00 0.00 5.00 13.00 21.00 13.00 17.00 9.00 1.00 0.00 0.00 0.00 0.00
301.00 19.00 22.00 49.00 98.00 27.00 49.00 0.08 0.71 0.00 2.00 0.00 3.00 8.00 16.00 11.00 12.00 7.00 1.00 0.00 0.00 0.00 0.00
302.00 22.00 21.00 65.00 109.00 44.00 44.00 0.08 1.42 0.00 1.00 0.00 5.00 11.00 17.00 11.00 13.00 9.00 1.00 0.00 0.00 0.00 0.00
303.00 19.00 16.00 42.00 96.00 26.00 54.00 0.09 0.77 0.00 1.00 0.00 9.00 10.00 10.00 9.00 13.00 6.00 0.00 0.00 0.00 0.00 0.00
304.00 16.00 9.00 34.00 82.00 25.00 48.00 0.07 0.53 0.00 1.00 0.00 6.00 6.00 10.00 10.00 8.00 8.00 0.00 0.00 0.00 0.00 0.00
305.00 16.00 19.00 46.00 76.00 27.00 30.00 0.09 0.54 0.00 1.00 0.00 3.00 10.00 13.00 6.00 10.00 6.00 0.00 0.00 0.00 0.00 0.00
306.00 11.00 6.00 26.00 57.00 20.00 31.00 0.07 1.83 0.00 0.00 0.00 2.00 3.00 9.00 8.00 6.00 5.00 0.00 0.00 1.00 0.00 0.00
307.00 24.00 17.00 44.00 103.00 27.00 59.00 0.08 3.06 0.00 2.00 0.00 8.00 15.00 16.00 9.00 17.00 7.00 0.00 0.00 0.00 0.00 0.00
308.00 17.00 19.00 41.00 81.00 22.00 40.00 0.08 0.47 0.00 0.00 0.00 6.00 10.00 11.00 7.00 12.00 5.00 0.00 0.00 0.00 0.00 0.00
309.00 18.00 18.00 43.00 84.00 25.00 41.00 0.09 1.52 0.00 0.00 0.00 4.00 7.00 14.00 11.00 11.00 7.00 0.00 0.00 0.00 0.00 0.00
310.00 14.00 14.00 38.00 68.00 24.00 30.00 0.07 0.52 0.00 2.00 0.00 4.00 5.00 10.00 9.00 11.00 3.00 0.00 0.00 0.00 0.00 0.00
311.00 13.00 5.00 25.00 69.00 20.00 44.00 0.09 0.58 0.00 1.00 0.00 4.00 7.00 9.00 6.00 7.00 6.00 0.00 0.00 1.00 0.00 0.00
312.00 22.00 27.00 58.00 101.00 31.00 43.00 0.09 2.04 0.00 1.00 0.00 6.00 13.00 16.00 9.00 15.00 7.00 0.00 0.00 1.00 0.00 0.00
313.00 22.00 30.00 61.00 109.00 31.00 48.00 0.07 0.65 0.00 1.00 0.00 5.00 9.00 17.00 13.00 14.00 8.00 0.00 0.00 1.00 0.00 0.00
314.00 17.00 16.00 42.00 84.00 26.00 42.00 0.08 0.68 0.00 1.00 0.00 1.00 5.00 16.00 12.00 9.00 8.00 0.00 0.00 0.00 0.00 0.00
315.00 17.00 17.00 47.00 84.00 30.00 37.00 0.08 0.49 0.00 0.00 0.00 5.00 7.00 12.00 10.00 10.00 7.00 0.00 0.00 1.00 0.00 0.00
316.00 22.00 22.00 49.00 101.00 27.00 52.00 0.07 0.67 0.00 1.00 0.00 5.00 10.00 17.00 12.00 15.00 7.00 0.00 0.00 1.00 0.00 0.00
317.00 21.00 21.00 53.00 99.00 32.00 46.00 0.10 2.26 0.00 1.00 0.00 6.00 10.00 15.00 11.00 13.00 8.00 0.00 0.00 0.00 0.00 0.00
318.00 17.00 15.00 44.00 80.00 29.00 36.00 0.11 1.51 0.00 1.00 0.00 4.00 11.00 13.00 6.00 14.00 3.00 0.00 0.00 1.00 0.00 0.00
319.00 25.00 35.00 71.00 120.00 36.00 49.00 0.08 2.41 0.00 2.00 0.00 6.00 12.00 19.00 13.00 16.00 9.00 0.00 0.00 1.00 1.00 0.00
320.00 20.00 23.00 57.00 99.00 34.00 42.00 0.08 2.70 0.00 1.00 0.00 2.00 8.00 18.00 12.00 12.00 8.00 0.00 0.00 1.00 0.00 0.00
321.00 19.00 17.00 46.00 96.00 29.00 50.00 0.09 0.55 0.00 1.00 0.00 7.00 13.00 12.00 6.00 15.00 4.00 0.00 0.00 0.00 0.00 0.00
322.00 21.00 28.00 56.00 100.00 28.00 44.00 0.10 1.25 0.00 1.00 0.00 5.00 9.00 16.00 12.00 14.00 7.00 0.00 0.00 0.00 0.00 0.00
323.00 13.00 8.00 26.00 60.00 18.00 34.00 0.08 0.35 0.00 0.00 0.00 6.00 10.00 7.00 3.00 11.00 2.00 0.00 0.00 0.00 0.00 0.00
324.00 20.00 21.00 50.00 96.00 29.00 46.00 0.08 0.60 0.00 2.00 0.00 9.00 13.00 11.00 7.00 16.00 4.00 0.00 0.00 0.00 0.00 0.00
325.00 18.00 19.00 43.00 84.00 24.00 41.00 0.09 0.54 0.00 1.00 0.00 6.00 11.00 12.00 7.00 13.00 5.00 0.00 0.00 1.00 0.00 0.00
326.00 17.00 22.00 46.00 81.00 24.00 35.00 0.10 1.34 0.00 1.00 0.00 3.00 3.00 14.00 14.00 9.00 8.00 0.00 0.00 0.00 1.00 0.00
327.00 9.00 0.00 7.00 38.00 7.00 31.00 0.08 2.17 0.00 1.00 0.00 3.00 7.00 6.00 2.00 8.00 1.00 0.00 0.00 0.00 0.00 0.00
328.00 20.00 16.00 42.00 91.00 26.00 49.00 0.09 1.37 0.00 1.00 0.00 8.00 12.00 12.00 8.00 15.00 5.00 0.00 0.00 0.00 1.00 0.00
329.00 13.00 6.00 23.00 55.00 17.00 32.00 0.09 0.70 0.00 1.00 0.00 6.00 8.00 7.00 5.00 11.00 2.00 0.00 0.00 0.00 0.00 0.00
330.00 10.00 5.00 15.00 42.00 10.00 27.00 0.09 0.44 0.00 1.00 0.00 2.00 7.00 8.00 3.00 9.00 1.00 0.00 0.00 0.00 0.00 0.00
331.00 14.00 17.00 33.00 62.00 16.00 29.00 0.09 0.45 0.00 0.00 0.00 7.00 8.00 7.00 6.00 11.00 3.00 0.00 0.00 0.00 0.00 0.00
332.00 13.00 9.00 26.00 58.00 17.00 32.00 0.08 1.67 0.00 1.00 0.00 3.00 8.00 10.00 5.00 11.00 2.00 0.00 0.00 0.00 0.00 0.00
333.00 7.00 2.00 13.00 29.00 11.00 16.00 0.08 0.25 0.00 1.00 0.00 1.00 2.00 6.00 5.00 5.00 2.00 0.00 0.00 0.00 0.00 0.00
334.00 14.00 11.00 26.00 66.00 15.00 40.00 0.08 0.42 0.00 0.00 0.00 6.00 10.00 8.00 4.00 11.00 3.00 0.00 0.00 0.00 0.00 0.00
335.00 10.00 8.00 21.00 47.00 13.00 26.00 0.08 0.30 0.00 0.00 0.00 4.00 8.00 6.00 2.00 8.00 2.00 0.00 0.00 0.00 0.00 0.00
336.00 13.00 14.00 35.00 54.00 21.00 19.00 0.09 0.37 0.00 1.00 0.00 1.00 6.00 12.00 7.00 10.00 3.00 0.00 0.00 0.00 0.00 0.00
337.00 12.00 6.00 27.00 53.00 21.00 26.00 0.09 1.67 0.00 1.00 0.00 4.00 5.00 8.00 7.00 8.00 4.00 0.00 0.00 0.00 0.00 0.00
338.00 5.00 1.00 7.00 23.00 6.00 16.00 0.09 0.14 0.00 1.00 0.00 2.00 5.00 3.00 0.00 5.00 0.00 0.00 0.00 0.00 0.00 0.00
339.00 7.00 1.00 11.00 30.00 10.00 19.00 0.07 0.25 0.00 1.00 0.00 1.00 6.00 6.00 1.00 6.00 1.00 0.00 0.00 0.00 0.00 0.00
340.00 8.00 4.00 13.00 34.00 9.00 21.00 0.08 0.20 0.00 1.00 0.00 6.00 6.00 2.00 2.00 7.00 1.00 0.00 0.00 0.00 0.00 0.00
341.00 7.00 1.00 10.00 31.00 9.00 21.00 0.10 0.26 0.00 1.00 0.00 2.00 4.00 5.00 3.00 6.00 1.00 0.00 0.00 0.00 0.00 0.00
342.00 5.00 1.00 4.00 20.00 3.00 16.00 0.07 0.24 0.00 1.00 0.00 4.00 4.00 1.00 1.00 4.00 1.00 0.00 0.00 0.00 0.00 0.00
343.00 10.00 8.00 20.00 47.00 12.00 27.00 0.10 3.31 0.00 0.00 0.00 3.00 5.00 7.00 5.00 6.00 4.00 0.00 0.00 0.00 0.00 0.00
344.00 10.00 4.00 18.00 45.00 14.00 27.00 0.08 0.50 0.00 0.00 0.00 4.00 5.00 6.00 5.00 7.00 3.00 0.00 0.00 0.00 0.00 0.00
345.00 7.00 2.00 9.00 32.00 7.00 23.00 0.08 2.81 0.00 0.00 0.00 3.00 6.00 4.00 1.00 7.00 0.00 0.00 0.00 0.00 0.00 0.00
346.00 4.00 0.00 2.00 16.00 2.00 14.00 0.08 3.87 0.00 0.00 0.00 3.00 3.00 1.00 1.00 4.00 0.00 0.00 0.00 0.00 0.00 0.00
347.00 6.00 0.00 4.00 23.00 4.00 19.00 0.08 2.93 0.00 0.00 0.00 3.00 5.00 3.00 1.00 6.00 0.00 0.00 0.00 1.00 0.00 0.00
348.00 4.00 0.00 3.00 15.00 3.00 12.00 0.09 0.18 0.00 0.00 0.00 1.00 3.00 3.00 1.00 4.00 0.00 0.00 0.00 0.00 0.00 0.00
349.00 3.00 0.00 1.00 10.00 1.00 9.00 0.07 0.10 0.00 0.00 0.00 2.00 3.00 1.00 0.00 3.00 0.00 0.00 0.00 0.00 0.00 0.00
350.00 3.00 0.00 0.00 5.00 0.00 5.00 0.07 0.23 0.00 0.00 0.00 2.00 3.00 1.00 0.00 3.00 0.00 0.00 0.00 0.00 0.00 0.00
351.00 4.00 0.00 4.00 15.00 4.00 11.00 0.09 0.18 0.00 0.00 0.00 2.00 4.00 2.00 0.00 4.00 0.00 0.00 0.00 0.00 0.00 0.00
352.00 6.00 2.00 9.00 24.00 7.00 15.00 0.07 2.84 0.00 0.00 0.00 3.00 5.00 3.00 1.00 6.00 0.00 0.00 0.00 0.00 0.00 0.00
353.00 6.00 3.00 9.00 29.00 6.00 20.00 0.09 2.83 0.00 0.00 0.00 2.00 5.00 4.00 1.00 5.00 1.00 0.00 0.00 0.00 0.00 0.00
