0.00 2.00 0.00 0.00 1.00 0.00 1.00 0.09 0.32 0.00 0.00 0.00 2.00 2.00 0.00 0.00 2.00 0.00 0.00 0.00 0.00 0.00 0.00
1.00 3.00 0.00 0.00 7.00 0.00 7.00 0.08 0.39 0.00 0.00 0.00 2.00 3.00 1.00 0.00 3.00 0.00 0.00 0.00 0.00 0.00 0.00
2.00 3.00 0.00 1.00 8.00 1.00 7.00 0.07 0.11 0.00 0.00 0.00 2.00 3.00 1.00 0.00 3.00 0.00 0.00 0.00 0.00 0.00 0.00
3.00 5.00 0.00 0.00 3.00 0.00 3.00 0.09 0.48 0.00 0.00 0.00 3.00 4.00 2.00 1.00 5.00 0.00 0.00 0.00 0.00 0.00 0.00
4.00 4.00 0.00 1.00 16.00 1.00 15.00 0.10 0.30 0.00 1.00 0.00 2.00 4.00 2.00 0.00 4.00 0.00 0.00 0.00 0.00 0.00 0.00
5.00 5.00 0.00 3.00 20.00 3.00 17.00 0.09 0.41 0.00 0.00 0.00 2.00 4.00 3.00 1.00 4.00 1.00 0.00 0.00 0.00 0.00 0.00
6.00 7.00 2.00 14.00 33.00 12.00 19.00 0.08 0.28 0.00 0.00 0.00 2.00 4.00 5.00 3.00 6.00 1.00 0.00 0.00 0.00 0.00 0.00
7.00 7.00 2.00 10.00 30.00 8.00 20.00 0.09 0.36 0.00 0.00 0.00 3.00 6.00 4.00 1.00 6.00 1.00 0.00 0.00 0.00 0.00 0.00
8.00 10.00 6.00 21.00 45.00 15.00 24.00 0.10 0.31 0.00 1.00 0.00 5.00 7.00 5.00 3.00 8.00 2.00 0.00 0.00 0.00 0.00 0.00
9.00 8.00 1.00 7.00 31.00 6.00 24.00 0.08 0.50 0.00 1.00 0.00 2.00 6.00 6.00 2.00 8.00 0.00 0.00 0.00 0.00 0.00 0.00
10.00 10.00 7.00 24.00 49.00 17.00 25.00 0.09 0.33 0.00 1.00 0.00 0.00 1.00 10.00 9.00 6.00 4.00 0.00 0.00 0.00 0.00 0.00
11.00 9.00 5.00 15.00 40.00 10.00 25.00 0.10 0.44 0.00 1.00 0.00 3.00 6.00 6.00 3.00 8.00 1.00 0.00 0.00 0.00 0.00 0.00
12.00 15.00 9.00 28.00 66.00 19.00 38.00 0.08 0.67 0.00 1.00 0.00 6.00 10.00 9.00 5.00 13.00 2.00 0.00 0.00 0.00 0.00 0.00
13.00 14.00 6.00 22.00 57.00 16.00 35.00 0.09 0.76 0.00 1.00 0.00 3.00 6.00 11.00 8.00 10.00 4.00 0.00 0.00 0.00 0.00 0.00
14.00 13.00 9.00 25.00 55.00 16.00 30.00 0.09 0.63 0.00 0.00 0.00 5.00 8.00 8.00 5.00 9.00 4.00 0.00 0.00 0.00 0.00 0.00
15.00 10.00 8.00 23.00 46.00 15.00 23.00 0.07 0.50 0.00 0.00 0.00 3.00 5.00 7.00 5.00 7.00 3.00 0.00 0.00 0.00 0.00 0.00
16.00 11.00 5.00 23.00 49.00 18.00 26.00 0.08 0.39 0.00 0.00 0.00 1.00 5.00 10.00 6.00 7.00 4.00 0.00 0.00 0.00 0.00 0.00
17.00 10.00 7.00 23.00 48.00 16.00 25.00 0.10 0.34 0.00 0.00 0.00 3.00 3.00 7.00 7.00 7.00 3.00 0.00 0.00 0.00 0.00 0.00
18.00 15.00 15.00 32.00 70.00 17.00 38.00 0.11 0.78 0.00 1.00 0.00 6.00 7.00 9.00 8.00 12.00 3.00 0.00 0.00 0.00 0.00 0.00
19.00 12.00 9.00 23.00 54.00 14.00 31.00 0.10 0.46 0.00 1.00 0.00 4.00 8.00 8.00 4.00 12.00 0.00 0.00 0.00 0.00 0.00 0.00
20.00 14.00 14.00 33.00 64.00 19.00 31.00 0.08 0.45 0.00 1.00 0.00 5.00 10.00 9.00 4.00 12.00 2.00 0.00 0.00 0.00 0.00 0.00
21.00 5.00 1.00 5.00 22.00 4.00 17.00 0.10 0.25 0.00 1.00 0.00 2.00 3.00 3.00 2.00 5.00 0.00 0.00 0.00 0.00 0.00 0.00
22.00 11.00 2.00 18.00 43.00 16.00 25.00 0.11 0.65 0.00 1.00 0.00 4.00 7.00 7.00 4.00 8.00 3.00 0.00 0.00 0.00 0.00 0.00
23.00 5.00 1.00 7.00 21.00 6.00 14.00 0.09 0.18 0.00 1.00 0.00 3.00 4.00 2.00 1.00 5.00 0.00 0.00 0.00 0.00 0.00 0.00
24.00 5.00 0.00 2.00 21.00 2.00 19.00 0.07 0.79 0.00 0.00 0.00 2.00 5.00 3.00 0.00 5.00 0.00 0.00 0.00 0.00 0.00 0.00
25.00 12.00 10.00 29.00 55.00 19.00 26.00 0.08 0.45 0.00 1.00 0.00 2.00 4.00 10.00 8.00 6.00 6.00 0.00 0.00 0.00 0.00 0.00
26.00 11.00 6.00 22.00 49.00 16.00 27.00 0.09 0.36 0.00 0.00 0.00 4.00 8.00 7.00 3.00 8.00 3.00 0.00 0.00 0.00 0.00 0.00
27.00 9.00 8.00 21.00 41.00 13.00 20.00 0.09 0.39 0.00 0.00 0.00 2.00 3.00 7.00 6.00 7.00 2.00 0.00 0.00 0.00 0.00 0.00
28.00 12.00 11.00 28.00 55.00 17.00 27.00 0.09 0.49 0.00 1.00 0.00 4.00 7.00 8.00 5.00 11.00 1.00 0.00 0.00 0.00 0.00 0.00
29.00 16.00 16.00 39.00 76.00 23.00 37.00 0.08 0.58 0.00 1.00 0.00 7.00 9.00 9.00 7.00 11.00 5.00 0.00 0.00 0.00 0.00 0.00
30.00 14.00 7.00 26.00 62.00 19.00 36.00 0.08 0.99 0.00 1.00 0.00 6.00 7.00 8.00 7.00 11.00 3.00 0.00 0.00 1.00 0.00 0.00
31.00 16.00 13.00 33.00 73.00 20.00 40.00 0.08 0.69 0.00 1.00 0.00 3.00 6.00 13.00 10.00 11.00 5.00 0.00 0.00 0.00 0.00 0.00
32.00 18.00 17.00 49.00 87.00 32.00 38.00 0.09 0.69 0.00 2.00 0.00 2.00 8.00 16.00 10.00 12.00 6.00 0.00 0.00 0.00 0.00 0.00
33.00 17.00 18.00 46.00 77.00 28.00 31.00 0.08 0.60 0.00 1.00 0.00 4.00 9.00 13.00 8.00 11.00 6.00 0.00 0.00 0.00 0.00 0.00
34.00 22.00 25.00 55.00 99.00 30.00 44.00 0.08 0.90 0.00 2.00 0.00 6.00 11.00 16.00 11.00 14.00 8.00 0.00 0.00 0.00 0.00 0.00
35.00 18.00 23.00 50.00 92.00 27.00 42.00 0.07 0.53 0.00 1.00 0.00 4.00 6.00 14.00 12.00 11.00 7.00 0.00 0.00 0.00 0.00 0.00
36.00 21.00 27.00 54.00 101.00 27.00 47.00 0.10 0.77 0.00 2.00 0.00 5.00 8.00 16.00 13.00 11.00 10.00 0.00 0.00 0.00 0.00 0.00
37.00 14.00 12.00 34.00 69.00 22.00 35.00 0.08 0.44 0.00 2.00 0.00 2.00 5.00 12.00 9.00 7.00 7.00 0.00 0.00 0.00 0.00 0.00
38.00 16.00 15.00 37.00 76.00 22.00 39.00 0.08 0.49 0.00 1.00 0.00 4.00 8.00 12.00 8.00 14.00 2.00 0.00 0.00 0.00 0.00 0.00
39.00 16.00 13.00 34.00 73.00 21.00 39.00 0.08 0.71 0.00 1.00 0.00 4.00 7.00 12.00 9.00 12.00 4.00 0.00 0.00 0.00 0.00 0.00
40.00 18.00 24.00 50.00 91.00 26.00 41.00 0.09 0.65 0.00 1.00 0.00 7.00 12.00 11.00 6.00 15.00 3.00 0.00 0.00 0.00 0.00 0.00
41.00 20.00 26.00 51.00 98.00 25.00 47.00 0.09 0.62 0.00 1.00 0.00 6.00 13.00 14.00 7.00 16.00 4.00 0.00 0.00 1.00 0.00 0.00
42.00 12.00 12.00 31.00 60.00 19.00 29.00 0.08 0.40 0.00 1.00 0.00 2.00 7.00 10.00 5.00 10.00 2.00 0.00 0.00 0.00 0.00 0.00
43.00 10.00 7.00 25.00 50.00 18.00 25.00 0.10 0.35 0.00 1.00 0.00 0.00 8.00 10.00 2.00 10.00 0.00 0.00 0.00 0.00 0.00 0.00
44.00 15.00 14.00 35.00 66.00 21.00 31.00 0.10 0.72 0.00 1.00 0.00 4.00 11.00 11.00 4.00 13.00 2.00 0.00 0.00 0.00 0.00 0.00
45.00 17.00 17.00 40.00 82.00 23.00 42.00 0.09 0.91 0.00 2.00 0.00 3.00 8.00 14.00 9.00 11.00 6.00 0.00 0.00 0.00 0.00 0.00
46.00 17.00 17.00 42.00 78.00 25.00 36.00 0.06 0.81 0.00 1.00 0.00 5.00 10.00 12.00 7.00 14.00 3.00 0.00 0.00 0.00 0.00 0.00
47.00 16.00 18.00 39.00 75.00 21.00 36.00 0.10 0.56 0.00 1.00 0.00 4.00 8.00 12.00 8.00 13.00 3.00 0.00 0.00 0.00 0.00 0.00
48.00 15.00 17.00 38.00 69.00 21.00 31.00 0.09 0.56 0.00 1.00 0.00 3.00 7.00 12.00 8.00 10.00 5.00 0.00 0.00 0.00 0.00 0.00
49.00 16.00 20.00 43.00 83.00 23.00 40.00 0.10 0.63 0.00 0.00 0.00 2.00 7.00 14.00 9.00 7.00 9.00 0.00 0.00 0.00 0.00 0.00
50.00 18.00 25.00 45.00 83.00 20.00 38.00 0.09 0.57 0.00 1.00 0.00 6.00 10.00 12.00 8.00 12.00 6.00 0.00 0.00 0.00 0.00 0.00
51.00 19.00 20.00 44.00 86.00 24.00 42.00 0.07 0.66 0.00 1.00 0.00 7.00 11.00 12.00 8.00 12.00 7.00 0.00 0.00 0.00 0.00 0.00
52.00 18.00 15.00 41.00 82.00 26.00 41.00 0.09 0.65 0.00 2.00 0.00 4.00 8.00 14.00 10.00 9.00 9.00 0.00 0.00 0.00 0.00 0.00
53.00 21.00 20.00 48.00 102.00 28.00 54.00 0.08 0.70 0.00 1.00 0.00 5.00 11.00 16.00 10.00 15.00 6.00 0.00 0.00 0.00 0.00 0.00
54.00 17.00 16.00 42.00 85.00 26.00 43.00 0.09 0.64 0.00 1.00 0.00 3.00 6.00 14.00 11.00 10.00 7.00 0.00 0.00 0.00 0.00 0.00
55.00 14.00 11.00 33.00 60.00 22.00 27.00 0.09 0.63 0.00 0.00 0.00 6.00 8.00 8.00 6.00 11.00 3.00 0.00 0.00 0.00 0.00 0.00
56.00 16.00 12.00 39.00 71.00 27.00 32.00 0.08 0.71 0.00 1.00 0.00 5.00 11.00 11.00 5.00 15.00 1.00 0.00 0.00 0.00 0.00 0.00
57.00 19.00 20.00 48.00 89.00 28.00 41.00 0.09 0.57 0.00 2.00 0.00 8.00 12.00 11.00 7.00 16.00 3.00 0.00 0.00 0.00 0.00 0.00
58.00 19.00 25.00 50.00 92.00 25.00 42.00 0.09 0.63 0.00 1.00 0.00 8.00 9.00 11.00 10.00 11.00 8.00 0.00 0.00 0.00 0.00 0.00
59.00 16.00 16.00 41.00 78.00 25.00 37.00 0.10 0.58 0.00 2.00 0.00 5.00 11.00 11.00 5.00 11.00 5.00 0.00 0.00 1.00 0.00 0.00
60.00 21.00 22.00 53.00 110.00 31.00 57.00 0.08 0.65 0.00 1.00 0.00 6.00 11.00 15.00 10.00 16.00 5.00 0.00 0.00 0.00 0.00 0.00
61.00 24.00 43.00 76.00 118.00 33.00 42.00 0.08 0.67 0.00 2.00 0.00 3.00 4.00 21.00 20.00 11.00 13.00 0.00 0.00 1.00 0.00 0.00
62.00 22.00 34.00 62.00 101.00 28.00 39.00 0.07 0.61 0.00 2.00 0.00 5.00 10.00 17.00 12.00 12.00 10.00 0.00 0.00 0.00 0.00 0.00
63.00 26.00 45.00 76.00 123.00 31.00 47.00 0.07 0.84 0.00 2.00 0.00 5.00 13.00 21.00 13.00 17.00 9.00 0.00 0.00 0.00 0.00 0.00
64.00 25.00 40.00 73.00 124.00 33.00 51.00 0.09 0.75 0.00 3.00 0.00 5.00 11.00 20.00 14.00 17.00 8.00 0.00 0.00 0.00 0.00 0.00
65.00 20.00 24.00 57.00 103.00 33.00 46.00 0.08 0.86 0.00 3.00 0.00 2.00 9.00 18.00 11.00 12.00 8.00 0.00 0.00 0.00 0.00 0.00
66.00 20.00 27.00 53.00 90.00 26.00 37.00 0.08 0.82 0.00 3.00 0.00 5.00 12.00 15.00 8.00 14.00 6.00 0.00 0.00 0.00 0.00 0.00
67.00 20.00 32.00 55.00 98.00 23.00 43.00 0.10 0.63 0.00 2.00 0.00 6.00 11.00 14.00 9.00 16.00 4.00 0.00 0.00 0.00 0.00 0.00
68.00 19.00 24.00 52.00 95.00 28.00 43.00 0.08 0.65 0.00 2.00 0.00 6.00 10.00 13.00 9.00 12.00 7.00 0.00 0.00 0.00 0.00 0.00
69.00 14.00 11.00 34.00 63.00 23.00 29.00 0.09 0.47 0.00 3.00 0.00 4.00 9.00 10.00 5.00 11.00 3.00 0.00 0.00 0.00 0.00 0.00
70.00 22.00 27.00 56.00 104.00 29.00 48.00 0.09 1.32 0.00 3.00 0.00 4.00 14.00 18.00 8.00 15.00 7.00 0.00 0.00 0.00 0.00 0.00
71.00 21.00 30.00 56.00 101.00 26.00 45.00 0.09 0.85 0.00 3.00 0.00 5.00 8.00 16.00 13.00 13.00 8.00 0.00 0.00 0.00 0.00 0.00
72.00 23.00 32.00 65.00 115.00 33.00 50.00 0.09 0.69 0.00 2.00 0.00 6.00 11.00 17.00 12.00 12.00 11.00 0.00 0.00 0.00 0.00 0.00
73.00 21.00 25.00 54.00 98.00 29.00 44.00 0.08 0.82 0.00 3.00 0.00 7.00 7.00 14.00 14.00 10.00 11.00 0.00 0.00 0.00 0.00 0.00
74.00 23.00 34.00 59.00 110.00 25.00 51.00 0.09 1.34 0.00 3.00 0.00 8.00 10.00 15.00 13.00 16.00 7.00 0.00 0.00 0.00 0.00 0.00
75.00 24.00 26.00 63.00 120.00 37.00 57.00 0.07 0.90 0.00 1.00 0.00 7.00 12.00 17.00 12.00 14.00 10.00 0.00 0.00 0.00 0.00 0.00
76.00 24.00 30.00 68.00 121.00 38.00 53.00 0.08 0.89 0.00 2.00 0.00 6.00 12.00 18.00 12.00 17.00 7.00 0.00 0.00 0.00 0.00 0.00
77.00 23.00 16.00 57.00 118.00 41.00 61.00 0.06 0.91 0.00 2.00 0.00 7.00 12.00 16.00 11.00 16.00 7.00 0.00 0.00 0.00 0.00 0.00
78.00 21.00 33.00 61.00 100.00 28.00 39.00 0.09 0.64 0.00 1.00 0.00 8.00 10.00 13.00 11.00 12.00 9.00 0.00 0.00 0.00 0.00 0.00
79.00 19.00 18.00 47.00 89.00 29.00 42.00 0.09 0.85 0.00 3.00 0.00 4.00 7.00 15.00 12.00 11.00 8.00 0.00 0.00 0.00 0.00 0.00
80.00 18.00 21.00 42.00 86.00 21.00 44.00 0.06 0.71 0.00 3.00 0.00 3.00 8.00 15.00 10.00 14.00 4.00 0.00 0.00 0.00 0.00 0.00
81.00 22.00 23.00 62.00 112.00 39.00 50.00 0.08 0.71 0.00 3.00 0.00 3.00 9.00 19.00 13.00 14.00 8.00 0.00 0.00 0.00 0.00 0.00
82.00 19.00 23.00 51.00 96.00 28.00 45.00 0.09 0.61 0.00 3.00 0.00 5.00 9.00 14.00 10.00 11.00 8.00 0.00 0.00 0.00 0.00 0.00
83.00 12.00 6.00 23.00 58.00 17.00 35.00 0.10 0.43 0.00 1.00 0.00 3.00 8.00 9.00 4.00 8.00 4.00 0.00 0.00 0.00 0.00 0.00
84.00 19.00 24.00 53.00 92.00 29.00 39.00 0.09 0.59 0.00 2.00 0.00 3.00 8.00 16.00 11.00 14.00 5.00 0.00 0.00 0.00 0.00 0.00
85.00 17.00 18.00 47.00 85.00 29.00 38.00 0.08 0.57 0.00 2.00 0.00 3.00 6.00 14.00 11.00 11.00 6.00 0.00 0.00 0.00 0.00 0.00
86.00 19.00 27.00 53.00 86.00 26.00 33.00 0.08 0.64 0.00 2.00 0.00 3.00 11.00 16.00 8.00 14.00 5.00 0.00 0.00 0.00 0.00 0.00
87.00 16.00 15.00 40.00 77.00 25.00 37.00 0.09 0.61 0.00 2.00 0.00 6.00 9.00 10.00 7.00 12.00 4.00 0.00 0.00 0.00 0.00 0.00
88.00 20.00 27.00 57.00 102.00 30.00 45.00 0.08 0.65 0.00 2.00 0.00 6.00 10.00 14.00 10.00 12.00 8.00 0.00 0.00 0.00 0.00 0.00
89.00 16.00 22.00 41.00 77.00 19.00 36.00 0.08 0.57 0.00 2.00 0.00 3.00 7.00 13.00 9.00 10.00 6.00 0.00 0.00 0.00 0.00 0.00
90.00 24.00 31.00 63.00 115.00 32.00 52.00 0.08 0.69 0.00 2.00 0.00 7.00 10.00 17.00 14.00 18.00 6.00 0.00 0.00 0.00 0.00 0.00
91.00 15.00 14.00 40.00 69.00 26.00 29.00 0.09 0.43 0.00 2.00 0.00 5.00 10.00 10.00 5.00 11.00 4.00 0.00 0.00 0.00 1.00 0.00
92.00 18.00 21.00 41.00 89.00 20.00 48.00 0.08 0.57 0.00 2.00 0.00 4.00 7.00 14.00 11.00 11.00 7.00 0.00 0.00 0.00 0.00 0.00
93.00 21.00 31.00 58.00 99.00 27.00 41.00 0.09 0.62 0.00 2.00 0.00 7.00 10.00 14.00 11.00 14.00 7.00 0.00 0.00 0.00 0.00 0.00
94.00 16.00 14.00 37.00 79.00 23.00 42.00 0.08 0.56 1.00 2.00 0.50 4.00 7.00 12.00 9.00 12.00 4.00 0.00 0.00 0.00 0.00 0.00
95.00 15.00 16.00 37.00 75.00 21.00 38.00 0.07 0.42 0.00 2.00 0.00 4.00 9.00 11.00 6.00 12.00 3.00 0.00 0.00 0.00 0.00 0.00
96.00 18.00 24.00 46.00 89.00 22.00 43.00 0.09 0.58 1.00 2.00 0.50 3.00 7.00 15.00 11.00 10.00 8.00 0.00 0.00 0.00 0.00 0.00
97.00 18.00 17.00 45.00 89.00 28.00 44.00 0.09 0.42 0.00 1.00 0.00 4.00 8.00 14.00 10.00 12.00 6.00 0.00 0.00 0.00 0.00 0.00
98.00 15.00 12.00 35.00 72.00 23.00 37.00 0.08 0.67 0.00 2.00 0.00 2.00 8.00 13.00 7.00 13.00 2.00 0.00 0.00 0.00 0.00 0.00
99.00 15.00 17.00 37.00 76.00 20.00 39.00 0.09 0.66 0.00 1.00 0.00 2.00 7.00 13.00 8.00 10.00 5.00 0.00 0.00 0.00 0.00 0.00
100.00 18.00 20.00 45.00 83.00 25.00 38.00 0.09 0.67 0.00 1.00 0.00 5.00 6.00 13.00 12.00 11.00 7.00 0.00 0.00 0.00 0.00 0.00
101.00 22.00 23.00 59.00 108.00 36.00 49.00 0.07 0.83 1.00 1.00 1.00 8.00 14.00 14.00 8.00 17.00 5.00 0.00 0.00 0.00 0.00 0.00
102.00 23.00 28.00 64.00 119.00 36.00 55.00 0.08 1.38 0.00 2.00 0.00 9.00 14.00 14.00 9.00 17.00 6.00 0.00 0.00 0.00 0.00 0.00
103.00 23.00 23.00 58.00 112.00 35.00 54.00 0.10 1.47 0.00 2.00 0.00 3.00 7.00 20.00 16.00 14.00 9.00 0.00 0.00 0.00 0.00 0.00
104.00 23.00 31.00 70.00 111.00 39.00 41.00 0.10 0.80 0.00 2.00 0.00 5.00 7.00 18.00 16.00 11.00 12.00 1.00 0.00 0.00 0.00 0.00
105.00 20.00 23.00 54.00 104.00 31.00 50.00 0.09 0.77 1.00 2.00 0.50 5.00 10.00 15.00 10.00 11.00 9.00 0.00 0.00 0.00 1.00 0.00
106.00 27.00 26.00 78.00 135.00 52.00 57.00 0.10 1.35 0.00 2.00 0.00 6.00 10.00 21.00 17.00 15.00 12.00 1.00 0.00 0.00 0.00 0.00
107.00 27.00 29.00 72.00 135.00 43.00 63.00 0.09 1.47 0.00 2.00 0.00 8.00 14.00 19.00 13.00 23.00 4.00 0.00 0.00 0.00 0.00 0.00
108.00 19.00 23.00 55.00 100.00 32.00 45.00 0.09 0.60 0.00 4.00 0.00 4.00 10.00 15.00 9.00 13.00 6.00 1.00 0.00 0.00 0.00 0.00
109.00 24.00 25.00 69.00 124.00 44.00 55.00 0.08 1.31 0.00 3.00 0.00 6.00 10.00 18.00 14.00 13.00 11.00 1.00 0.00 0.00 0.00 0.00
110.00 23.00 24.00 62.00 108.00 38.00 46.00 0.07 1.30 0.00 3.00 0.00 4.00 8.00 19.00 15.00 15.00 8.00 1.00 0.00 0.00 0.00 0.00
111.00 28.00 29.00 76.00 130.00 47.00 54.00 0.09 1.84 0.00 3.00 0.00 11.00 17.00 17.00 11.00 20.00 8.00 0.00 0.00 0.00 0.00 0.00
112.00 27.00 39.00 74.00 121.00 35.00 47.00 0.09 1.28 0.00 3.00 0.00 10.00 14.00 17.00 13.00 20.00 7.00 0.00 0.00 0.00 0.00 0.00
113.00 21.00 26.00 57.00 104.00 31.00 47.00 0.08 1.47 0.00 2.00 0.00 6.00 11.00 15.00 10.00 15.00 6.00 0.00 0.00 0.00 0.00 0.00
114.00 25.00 24.00 66.00 118.00 42.00 52.00 0.09 1.96 0.00 1.00 0.00 6.00 12.00 19.00 13.00 17.00 8.00 0.00 0.00 0.00 0.00 0.00
115.00 22.00 19.00 53.00 109.00 34.00 56.00 0.07 1.70 0.00 2.00 0.00 7.00 13.00 15.00 9.00 14.00 8.00 0.00 0.00 0.00 0.00 0.00
116.00 23.00 26.00 65.00 123.00 39.00 58.00 0.09 0.74 0.00 3.00 0.00 6.00 10.00 17.00 13.00 16.00 7.00 0.00 0.00 0.00 0.00 0.00
117.00 21.00 25.00 51.00 107.00 26.00 56.00 0.08 0.61 0.00 3.00 0.00 3.00 12.00 18.00 9.00 17.00 4.00 0.00 0.00 0.00 0.00 0.00
118.00 29.00 42.00 83.00 143.00 41.00 60.00 0.08 1.41 0.00 3.00 0.00 8.00 15.00 21.00 14.00 23.00 6.00 0.00 0.00 0.00 0.00 0.00
119.00 30.00 44.00 83.00 148.00 39.00 65.00 0.09 1.03 0.00 3.00 0.00 8.00 15.00 22.00 15.00 19.00 11.00 0.00 0.00 0.00 0.00 0.00
120.00 29.00 41.00 86.00 145.00 45.00 59.00 0.07 1.49 0.00 3.00 0.00 8.00 14.00 21.00 15.00 17.00 12.00 0.00 0.00 0.00 0.00 0.00
121.00 22.00 19.00 49.00 107.00 30.00 58.00 0.09 1.60 0.00 3.00 0.00 5.00 14.00 17.00 8.00 17.00 5.00 1.00 0.00 0.00 0.00 0.00
122.00 25.00 25.00 71.00 131.00 46.00 60.00 0.08 2.01 0.00 3.00 0.00 4.00 10.00 21.00 15.00 14.00 11.00 0.00 0.00 0.00 1.00 0.00
123.00 24.00 38.00 72.00 120.00 34.00 48.00 0.09 1.39 0.00 3.00 0.00 4.00 8.00 20.00 16.00 12.00 12.00 0.00 0.00 0.00 0.00 0.00
124.00 30.00 48.00 87.00 147.00 39.00 60.00 0.09 1.42 0.00 3.00 0.00 9.00 15.00 21.00 15.00 19.00 11.00 0.00 0.00 0.00 0.00 0.00
125.00 28.00 34.00 79.00 145.00 45.00 66.00 0.09 0.85 0.00 1.00 0.00 9.00 13.00 19.00 15.00 14.00 14.00 1.00 0.00 0.00 0.00 0.00
126.00 20.00 18.00 46.00 95.00 28.00 49.00 0.09 1.48 0.00 2.00 0.00 8.00 12.00 12.00 8.00 15.00 5.00 1.00 0.00 0.00 0.00 0.00
127.00 27.00 34.00 86.00 140.00 52.00 54.00 0.08 1.38 0.00 3.00 0.00 6.00 10.00 21.00 17.00 15.00 12.00 1.00 0.00 0.00 0.00 0.00
128.00 29.00 51.00 86.00 150.00 35.00 64.00 0.09 1.35 0.00 3.00 0.00 5.00 11.00 24.00 18.00 15.00 14.00 0.00 0.00 1.00 0.00 0.00
129.00 25.00 33.00 73.00 128.00 40.00 55.00 0.07 1.43 0.00 3.00 0.00 8.00 9.00 17.00 16.00 17.00 8.00 1.00 0.00 0.00 0.00 0.00
130.00 28.00 45.00 88.00 144.00 43.00 56.00 0.07 1.34 0.00 3.00 0.00 5.00 12.00 23.00 16.00 16.00 12.00 1.00 0.00 1.00 0.00 0.00
131.00 31.00 36.00 87.00 165.00 51.00 78.00 0.10 2.10 0.00 3.00 0.00 9.00 13.00 22.00 18.00 17.00 14.00 1.00 0.00 0.00 0.00 0.00
132.00 31.00 39.00 85.00 154.00 46.00 69.00 0.08 1.80 0.00 3.00 0.00 8.00 15.00 23.00 16.00 20.00 11.00 1.00 0.00 0.00 0.00 0.00
133.00 25.00 40.00 72.00 131.00 32.00 59.00 0.08 1.38 0.00 3.00 0.00 5.00 8.00 20.00 17.00 16.00 9.00 0.00 0.00 0.00 0.00 0.00
134.00 28.00 40.00 86.00 139.00 46.00 53.00 0.08 1.39 0.00 3.00 0.00 3.00 9.00 25.00 19.00 10.00 18.00 0.00 0.00 0.00 0.00 0.00
135.00 25.00 38.00 72.00 118.00 34.00 46.00 0.09 1.37 0.00 3.00 0.00 2.00 8.00 23.00 17.00 16.00 9.00 0.00 0.00 0.00 0.00 0.00
136.00 26.00 31.00 72.00 133.00 41.00 61.00 0.07 1.92 0.00 3.00 0.00 6.00 17.00 20.00 9.00 20.00 6.00 0.00 0.00 0.00 0.00 0.00
137.00 22.00 30.00 61.00 111.00 31.00 50.00 0.09 1.32 0.00 3.00 0.00 3.00 5.00 19.00 17.00 15.00 7.00 0.00 0.00 0.00 0.00 0.00
138.00 28.00 31.00 83.00 132.00 52.00 49.00 0.09 0.83 0.00 3.00 0.00 7.00 16.00 21.00 12.00 19.00 9.00 0.00 0.00 0.00 0.00 0.00
139.00 26.00 33.00 69.00 128.00 36.00 59.00 0.08 0.94 0.00 3.00 0.00 5.00 12.00 21.00 14.00 17.00 9.00 0.00 0.00 0.00 0.00 0.00
140.00 25.00 28.00 67.00 120.00 39.00 53.00 0.07 1.42 0.00 2.00 0.00 4.00 7.00 21.00 18.00 16.00 9.00 0.00 0.00 0.00 0.00 0.00
141.00 26.00 26.00 75.00 136.00 49.00 61.00 0.08 0.89 0.00 2.00 0.00 2.00 6.00 24.00 20.00 17.00 9.00 0.00 0.00 0.00 0.00 0.00
142.00 25.00 23.00 59.00 127.00 36.00 68.00 0.10 0.99 0.00 4.00 0.00 7.00 13.00 18.00 12.00 17.00 8.00 0.00 0.00 0.00 0.00 0.00
143.00 29.00 37.00 86.00 153.00 49.00 67.00 0.09 1.38 0.00 3.00 0.00 4.00 10.00 25.00 19.00 16.00 13.00 0.00 0.00 0.00 0.00 0.00
144.00 31.00 47.00 95.00 164.00 48.00 69.00 0.08 1.40 0.00 2.00 0.00 9.00 17.00 22.00 14.00 22.00 9.00 0.00 0.00 0.00 0.00 0.00
145.00 26.00 28.00 74.00 135.00 46.00 61.00 0.08 0.86 0.00 4.00 0.00 6.00 14.00 20.00 12.00 20.00 6.00 0.00 0.00 0.00 0.00 0.00
146.00 29.00 33.00 88.00 142.00 55.00 54.00 0.09 2.13 0.00 3.00 0.00 8.00 14.00 21.00 15.00 20.00 9.00 0.00 0.00 0.00 0.00 0.00
147.00 20.00 20.00 56.00 105.00 36.00 49.00 0.08 0.64 0.00 1.00 0.00 6.00 7.00 14.00 13.00 10.00 10.00 0.00 0.00 0.00 0.00 0.00
148.00 26.00 36.00 79.00 131.00 43.00 52.00 0.09 1.28 0.00 4.00 0.00 8.00 17.00 18.00 9.00 19.00 7.00 0.00 0.00 0.00 0.00 0.00
149.00 27.00 34.00 77.00 137.00 43.00 60.00 0.07 1.38 0.00 2.00 0.00 5.00 12.00 22.00 15.00 16.00 11.00 0.00 0.00 0.00 0.00 0.00
150.00 25.00 27.00 63.00 124.00 36.00 61.00 0.09 1.84 1.00 3.00 0.33 8.00 12.00 17.00 13.00 19.00 6.00 0.00 0.00 0.00 0.00 0.00
151.00 27.00 39.00 73.00 126.00 34.00 53.00 0.08 0.94 0.00 3.00 0.00 7.00 14.00 20.00 13.00 18.00 9.00 0.00 0.00 0.00 0.00 0.00
152.00 26.00 35.00 74.00 127.00 39.00 53.00 0.09 1.39 1.00 3.00 0.33 7.00 12.00 19.00 14.00 18.00 8.00 0.00 0.00 0.00 0.00 0.00
153.00 25.00 33.00 73.00 128.00 40.00 55.00 0.08 0.67 1.00 3.00 0.33 6.00 12.00 19.00 13.00 16.00 9.00 0.00 0.00 0.00 0.00 0.00
154.00 26.00 29.00 71.00 131.00 42.00 60.00 0.09 0.77 1.00 3.00 0.33 6.00 16.00 20.00 10.00 21.00 5.00 0.00 0.00 1.00 0.00 0.00
155.00 27.00 35.00 76.00 139.00 41.00 63.00 0.08 1.74 1.00 2.00 0.50 6.00 11.00 21.00 16.00 15.00 12.00 0.00 0.00 0.00 0.00 0.00
156.00 21.00 20.00 54.00 109.00 34.00 55.00 0.10 1.41 0.00 2.00 0.00 4.00 8.00 17.00 13.00 16.00 5.00 0.00 0.00 0.00 0.00 0.00
157.00 27.00 25.00 70.00 135.00 45.00 65.00 0.09 0.86 0.00 2.00 0.00 8.00 14.00 19.00 13.00 22.00 5.00 0.00 0.00 0.00 0.00 0.00
158.00 24.00 33.00 70.00 123.00 37.00 53.00 0.07 1.29 0.00 2.00 0.00 5.00 9.00 19.00 15.00 15.00 9.00 0.00 0.00 0.00 0.00 0.00
159.00 31.00 48.00 93.00 160.00 45.00 67.00 0.09 0.83 0.00 2.00 0.00 7.00 13.00 24.00 18.00 17.00 14.00 0.00 0.00 1.00 0.00 0.00
160.00 26.00 36.00 79.00 137.00 43.00 58.00 0.10 1.35 1.00 2.00 0.50 2.00 9.00 24.00 17.00 18.00 8.00 0.00 0.00 0.00 0.00 0.00
161.00 26.00 36.00 73.00 133.00 37.00 60.00 0.08 0.73 1.00 2.00 0.50 4.00 13.00 22.00 13.00 18.00 8.00 0.00 0.00 0.00 0.00 0.00
162.00 26.00 35.00 82.00 136.00 47.00 54.00 0.09 1.32 1.00 2.00 0.50 4.00 11.00 22.00 15.00 15.00 11.00 0.00 0.00 0.00 0.00 0.00
163.00 24.00 30.00 65.00 124.00 35.00 59.00 0.08 0.66 1.00 0.00 0.00 6.00 13.00 18.00 11.00 17.00 7.00 1.00 0.00 0.00 0.00 0.00
164.00 27.00 36.00 71.00 134.00 35.00 63.00 0.08 0.86 1.00 2.00 0.50 5.00 9.00 22.00 18.00 17.00 10.00 0.00 0.00 0.00 0.00 0.00
165.00 29.00 37.00 91.00 152.00 54.00 61.00 0.08 0.76 0.00 2.00 0.00 6.00 10.00 23.00 19.00 15.00 14.00 0.00 0.00 0.00 0.00 0.00
166.00 30.00 28.00 84.00 153.00 56.00 69.00 0.09 1.22 0.00 1.00 0.00 10.00 14.00 20.00 16.00 21.00 9.00 0.00 0.00 0.00 0.00 0.00
167.00 28.00 32.00 69.00 148.00 37.00 79.00 0.08 0.85 0.00 2.00 0.00 6.00 16.00 22.00 12.00 20.00 8.00 0.00 0.00 0.00 0.00 0.00
168.00 27.00 37.00 79.00 140.00 42.00 61.00 0.10 0.76 0.00 2.00 0.00 7.00 10.00 20.00 17.00 16.00 11.00 0.00 0.00 0.00 0.00 0.00
169.00 21.00 16.00 59.00 103.00 43.00 44.00 0.10 1.30 0.00 1.00 0.00 7.00 11.00 14.00 10.00 13.00 8.00 0.00 0.00 0.00 0.00 0.00
170.00 19.00 19.00 50.00 95.00 31.00 45.00 0.09 0.73 0.00 2.00 0.00 4.00 7.00 15.00 12.00 10.00 9.00 0.00 0.00 0.00 0.00 0.00
171.00 22.00 28.00 52.00 101.00 24.00 49.00 0.09 1.26 1.00 2.00 0.50 10.00 14.00 12.00 8.00 17.00 5.00 0.00 0.00 0.00 0.00 0.00
172.00 21.00 29.00 55.00 107.00 26.00 52.00 0.10 0.61 1.00 2.00 0.50 6.00 12.00 15.00 9.00 18.00 3.00 0.00 0.00 0.00 0.00 0.00
173.00 21.00 24.00 54.00 105.00 30.00 51.00 0.09 1.92 1.00 2.00 0.50 6.00 11.00 15.00 10.00 16.00 5.00 0.00 0.00 0.00 1.00 0.00
174.00 27.00 41.00 84.00 134.00 43.00 50.00 0.09 0.80 1.00 2.00 0.50 7.00 17.00 20.00 10.00 19.00 8.00 0.00 0.00 1.00 0.00 0.00
175.00 25.00 32.00 66.00 120.00 34.00 54.00 0.08 0.82 0.00 1.00 0.00 5.00 11.00 20.00 14.00 17.00 8.00 0.00 0.00 0.00 0.00 0.00
176.00 25.00 30.00 67.00 128.00 37.00 61.00 0.09 0.77 1.00 3.00 0.33 5.00 14.00 20.00 11.00 17.00 8.00 0.00 0.00 0.00 0.00 0.00
177.00 27.00 37.00 79.00 134.00 42.00 55.00 0.09 0.71 1.00 2.00 0.50 3.00 8.00 24.00 19.00 16.00 11.00 0.00 0.00 0.00 0.00 0.00
178.00 29.00 41.00 83.00 146.00 42.00 63.00 0.09 0.78 1.00 2.00 0.50 8.00 14.00 21.00 15.00 19.00 10.00 0.00 0.00 0.00 0.00 0.00
179.00 30.00 50.00 90.00 151.00 40.00 61.00 0.08 0.72 1.00 2.00 0.50 9.00 15.00 21.00 15.00 20.00 10.00 0.00 0.00 0.00 0.00 0.00
180.00 24.00 34.00 71.00 126.00 37.00 55.00 0.08 0.59 1.00 2.00 0.50 6.00 14.00 18.00 10.00 17.00 7.00 0.00 0.00 0.00 0.00 0.00
181.00 25.00 29.00 67.00 124.00 38.00 57.00 0.08 0.65 1.00 3.00 0.33 3.00 13.00 22.00 12.00 17.00 8.00 0.00 0.00 0.00 0.00 0.00
182.00 21.00 32.00 56.00 105.00 24.00 49.00 0.11 0.54 1.00 2.00 0.50 4.00 7.00 17.00 14.00 14.00 7.00 0.00 0.00 0.00 0.00 0.00
183.00 31.00 53.00 99.00 158.00 46.00 59.00 0.09 0.67 1.00 2.00 0.50 6.00 17.00 25.00 14.00 23.00 8.00 0.00 0.00 0.00 0.00 0.00
184.00 31.00 51.00 92.00 160.00 41.00 68.00 0.07 0.71 1.00 4.00 0.25 3.00 11.00 28.00 20.00 20.00 11.00 0.00 0.00 0.00 0.00 0.00
185.00 31.00 47.00 95.00 157.00 48.00 62.00 0.09 0.64 1.00 3.00 0.33 5.00 11.00 26.00 20.00 19.00 12.00 0.00 0.00 0.00 0.00 0.00
186.00 32.00 49.00 100.00 163.00 51.00 63.00 0.07 1.18 1.00 3.00 0.33 6.00 11.00 26.00 21.00 14.00 18.00 0.00 0.00 0.00 1.00 0.00
187.00 33.00 46.00 101.00 172.00 55.00 71.00 0.08 1.18 1.00 3.00 0.33 5.00 12.00 28.00 21.00 20.00 13.00 0.00 0.00 0.00 0.00 0.00
188.00 35.00 51.00 112.00 187.00 61.00 75.00 0.09 1.56 1.00 3.00 0.33 7.00 12.00 28.00 23.00 18.00 17.00 0.00 0.00 0.00 0.00 0.00
189.00 30.00 40.00 88.00 159.00 48.00 71.00 0.09 0.66 1.00 2.00 0.50 8.00 11.00 22.00 19.00 18.00 12.00 0.00 0.00 0.00 0.00 0.00
190.00 34.00 56.00 106.00 177.00 50.00 71.00 0.09 1.08 1.00 3.00 0.33 7.00 15.00 27.00 19.00 18.00 16.00 0.00 0.00 3.00 0.00 0.00
191.00 32.00 47.00 103.00 167.00 56.00 64.00 0.10 1.10 1.00 2.00 0.50 8.00 15.00 24.00 17.00 23.00 9.00 0.00 0.00 0.00 0.00 0.00
192.00 33.00 45.00 105.00 176.00 60.00 71.00 0.07 0.76 1.00 3.00 0.33 8.00 14.00 25.00 19.00 20.00 13.00 0.00 0.00 0.00 0.00 0.00
193.00 28.00 34.00 78.00 146.00 44.00 68.00 0.10 0.65 1.00 3.00 0.33 7.00 13.00 21.00 15.00 17.00 11.00 0.00 0.00 0.00 0.00 0.00
194.00 32.00 50.00 94.00 161.00 44.00 67.00 0.08 1.19 1.00 3.00 0.33 5.00 10.00 27.00 22.00 17.00 15.00 0.00 0.00 0.00 0.00 0.00
195.00 32.00 47.00 98.00 165.00 51.00 67.00 0.07 1.21 1.00 2.00 0.50 9.00 16.00 23.00 16.00 20.00 12.00 0.00 0.00 0.00 0.00 0.00
196.00 35.00 53.00 99.00 178.00 46.00 79.00 0.11 1.53 1.00 3.00 0.33 8.00 15.00 27.00 20.00 23.00 12.00 0.00 0.00 0.00 0.00 0.00
197.00 31.00 46.00 93.00 154.00 47.00 61.00 0.08 0.70 1.00 3.00 0.33 4.00 16.00 27.00 15.00 19.00 12.00 0.00 0.00 0.00 0.00 0.00
198.00 37.00 47.00 107.00 176.00 60.00 69.00 0.10 1.62 0.00 3.00 0.00 11.00 16.00 26.00 21.00 22.00 15.00 0.00 0.00 0.00 0.00 0.00
199.00 22.00 24.00 64.00 115.00 40.00 51.00 0.09 0.65 0.00 2.00 0.00 3.00 11.00 19.00 11.00 14.00 8.00 0.00 0.00 0.00 0.00 1.00
200.00 30.00 49.00 96.00 160.00 47.00 64.00 0.09 0.82 0.00 4.00 0.00 3.00 6.00 27.00 24.00 17.00 13.00 0.00 0.00 0.00 0.00 1.00
201.00 29.00 37.00 91.00 150.00 54.00 59.00 0.08 1.30 0.00 3.00 0.00 8.00 10.00 21.00 19.00 16.00 13.00 0.00 0.00 0.00 0.00 1.00
202.00 28.00 31.00 83.00 140.00 52.00 57.00 0.08 0.77 0.00 4.00 0.00 7.00 10.00 21.00 18.00 15.00 13.00 0.00 0.00 0.00 0.00 0.00
203.00 36.00 61.00 116.00 186.00 55.00 70.00 0.10 1.64 1.00 5.00 0.20 7.00 15.00 29.00 21.00 21.00 15.00 1.00 0.00 0.00 0.00 0.00
204.00 27.00 38.00 79.00 141.00 41.00 62.00 0.09 0.89 0.00 3.00 0.00 6.00 17.00 21.00 10.00 20.00 7.00 1.00 0.00 0.00 0.00 0.00
205.00 29.00 39.00 87.00 151.00 48.00 64.00 0.08 0.97 0.00 4.00 0.00 8.00 13.00 21.00 16.00 15.00 14.00 1.00 0.00 0.00 0.00 0.00
206.00 20.00 18.00 49.00 97.00 31.00 48.00 0.08 0.75 0.00 5.00 0.00 5.00 10.00 15.00 10.00 14.00 6.00 0.00 0.00 0.00 0.00 0.00
207.00 31.00 33.00 91.00 160.00 58.00 69.00 0.08 1.39 0.00 5.00 0.00 5.00 14.00 26.00 17.00 20.00 11.00 1.00 0.00 0.00 0.00 0.00
208.00 31.00 41.00 92.00 159.00 51.00 67.00 0.07 1.70 0.00 4.00 0.00 10.00 15.00 21.00 16.00 23.00 8.00 0.00 0.00 0.00 0.00 0.00
209.00 28.00 33.00 75.00 134.00 42.00 59.00 0.08 1.08 0.00 5.00 0.00 8.00 14.00 20.00 14.00 19.00 9.00 1.00 0.00 0.00 0.00 0.00
210.00 28.00 37.00 89.00 139.00 52.00 50.00 0.07 0.83 0.00 4.00 0.00 7.00 15.00 21.00 13.00 17.00 11.00 1.00 0.00 1.00 0.00 0.00
211.00 30.00 39.00 86.00 151.00 47.00 65.00 0.07 1.32 0.00 3.00 0.00 6.00 8.00 24.00 22.00 12.00 18.00 0.00 1.00 0.00 0.00 0.00
212.00 29.00 31.00 85.00 159.00 54.00 74.00 0.08 0.99 0.00 3.00 0.00 5.00 12.00 24.00 17.00 17.00 12.00 0.00 1.00 1.00 0.00 0.00
213.00 27.00 36.00 83.00 138.00 47.00 55.00 0.09 0.72 0.00 5.00 0.00 4.00 9.00 23.00 18.00 14.00 13.00 0.00 0.00 1.00 0.00 1.00
214.00 31.00 36.00 85.00 155.00 49.00 70.00 0.07 1.00 0.00 5.00 0.00 12.00 20.00 19.00 11.00 23.00 8.00 0.00 1.00 0.00 0.00 1.00
215.00 29.00 37.00 82.00 146.00 45.00 64.00 0.08 0.93 0.00 4.00 0.00 7.00 15.00 22.00 14.00 19.00 10.00 0.00 0.00 0.00 0.00 0.00
216.00 31.00 43.00 93.00 159.00 50.00 66.00 0.08 0.91 0.00 3.00 0.00 6.00 13.00 25.00 18.00 18.00 13.00 0.00 0.00 0.00 0.00 0.00
217.00 28.00 35.00 82.00 141.00 47.00 59.00 0.08 0.76 0.00 2.00 0.00 10.00 16.00 18.00 12.00 20.00 8.00 0.00 0.00 1.00 0.00 0.00
218.00 27.00 36.00 71.00 130.00 35.00 59.00 0.07 0.84 0.00 2.00 0.00 9.00 15.00 18.00 12.00 16.00 11.00 0.00 0.00 0.00 0.00 0.00
219.00 30.00 38.00 81.00 148.00 43.00 67.00 0.09 0.87 0.00 4.00 0.00 7.00 16.00 23.00 14.00 20.00 10.00 0.00 0.00 0.00 0.00 0.00
220.00 27.00 34.00 70.00 138.00 36.00 68.00 0.11 0.86 0.00 3.00 0.00 8.00 17.00 19.00 10.00 20.00 7.00 0.00 0.00 0.00 0.00 0.00
221.00 29.00 37.00 85.00 150.00 48.00 65.00 0.08 0.76 1.00 3.00 0.33 4.00 9.00 25.00 20.00 15.00 14.00 1.00 0.00 0.00 0.00 0.00
222.00 27.00 41.00 81.00 143.00 40.00 62.00 0.10 0.72 0.00 4.00 0.00 6.00 8.00 21.00 19.00 11.00 16.00 0.00 0.00 0.00 0.00 0.00
223.00 33.00 40.00 102.00 168.00 62.00 66.00 0.09 0.92 1.00 4.00 0.25 9.00 15.00 24.00 18.00 20.00 13.00 0.00 0.00 0.00 0.00 0.00
224.00 30.00 41.00 85.00 160.00 44.00 75.00 0.07 0.82 1.00 2.00 0.50 7.00 11.00 23.00 19.00 19.00 11.00 0.00 0.00 0.00 0.00 0.00
225.00 27.00 37.00 81.00 138.00 44.00 57.00 0.06 0.82 1.00 4.00 0.25 7.00 15.00 20.00 12.00 18.00 9.00 0.00 0.00 0.00 0.00 0.00
226.00 25.00 24.00 64.00 123.00 40.00 59.00 0.07 1.29 1.00 3.00 0.33 10.00 16.00 15.00 9.00 20.00 5.00 0.00 0.00 1.00 0.00 1.00
227.00 23.00 22.00 56.00 114.00 34.00 58.00 0.09 0.71 1.00 1.00 1.00 5.00 9.00 18.00 14.00 14.00 9.00 0.00 0.00 0.00 0.00 0.00
228.00 23.00 26.00 64.00 119.00 38.00 55.00 0.08 0.72 1.00 3.00 0.33 4.00 11.00 19.00 12.00 15.00 8.00 0.00 0.00 0.00 0.00 0.00
229.00 30.00 46.00 95.00 158.00 49.00 63.00 0.08 0.85 1.00 3.00 0.33 5.00 10.00 25.00 20.00 13.00 17.00 1.00 0.00 0.00 0.00 0.00
230.00 31.00 46.00 101.00 161.00 55.00 60.00 0.08 0.91 1.00 3.00 0.33 6.00 10.00 25.00 21.00 16.00 15.00 1.00 0.00 0.00 0.00 0.00
231.00 22.00 26.00 59.00 113.00 33.00 54.00 0.08 0.63 0.00 4.00 0.00 4.00 11.00 18.00 11.00 15.00 7.00 0.00 0.00 0.00 0.00 0.00
232.00 34.00 50.00 110.00 177.00 60.00 67.00 0.08 1.01 0.00 4.00 0.00 5.00 14.00 29.00 20.00 21.00 13.00 0.00 0.00 0.00 0.00 0.00
233.00 31.00 41.00 95.00 159.00 54.00 64.00 0.09 0.92 0.00 5.00 0.00 5.00 14.00 26.00 17.00 20.00 11.00 0.00 0.00 1.00 0.00 0.00
234.00 35.00 46.00 106.00 175.00 60.00 69.00 0.06 0.98 1.00 4.00 0.25 12.00 21.00 23.00 14.00 27.00 8.00 0.00 0.00 0.00 0.00 0.00
235.00 31.00 25.00 78.00 142.00 53.00 64.00 0.08 1.06 0.00 4.00 0.00 4.00 10.00 27.00 21.00 18.00 13.00 0.00 0.00 0.00 0.00 1.00
236.00 29.00 26.00 77.00 150.00 51.00 73.00 0.08 1.02 0.00 1.00 0.00 6.00 17.00 23.00 12.00 22.00 7.00 0.00 0.00 0.00 0.00 0.00
237.00 29.00 35.00 88.00 152.00 53.00 64.00 0.09 0.77 1.00 3.00 0.33 7.00 15.00 22.00 14.00 17.00 12.00 0.00 0.00 0.00 0.00 0.00
238.00 22.00 15.00 58.00 113.00 43.00 55.00 0.07 0.67 0.00 3.00 0.00 4.00 7.00 18.00 15.00 12.00 10.00 0.00 0.00 1.00 0.00 0.00
239.00 28.00 35.00 83.00 145.00 48.00 62.00 0.08 0.70 1.00 2.00 0.50 6.00 10.00 22.00 18.00 18.00 10.00 0.00 0.00 0.00 0.00 0.00
240.00 27.00 32.00 74.00 140.00 42.00 66.00 0.09 0.72 1.00 4.00 0.25 5.00 14.00 22.00 13.00 16.00 11.00 0.00 0.00 1.00 0.00 0.00
241.00 26.00 39.00 82.00 138.00 43.00 56.00 0.09 0.71 0.00 3.00 0.00 3.00 9.00 23.00 17.00 14.00 12.00 0.00 0.00 0.00 0.00 1.00
242.00 34.00 36.00 90.00 182.00 54.00 92.00 0.07 1.04 0.00 4.00 0.00 6.00 11.00 28.00 23.00 22.00 12.00 0.00 0.00 0.00 0.00 0.00
243.00 33.00 42.00 98.00 172.00 56.00 74.00 0.09 0.93 1.00 2.00 0.50 8.00 16.00 25.00 17.00 23.00 10.00 0.00 0.00 1.00 0.00 0.00
244.00 36.00 37.00 104.00 179.00 67.00 75.00 0.07 1.22 0.00 2.00 0.00 11.00 16.00 25.00 20.00 22.00 14.00 0.00 0.00 1.00 0.00 1.00
245.00 21.00 16.00 57.00 110.00 41.00 53.00 0.11 0.62 0.00 3.00 0.00 5.00 11.00 16.00 10.00 11.00 10.00 0.00 0.00 0.00 0.00 0.00
246.00 37.00 42.00 108.00 189.00 66.00 81.00 0.09 0.95 0.00 3.00 0.00 6.00 15.00 31.00 22.00 26.00 11.00 0.00 0.00 2.00 0.00 0.00
247.00 29.00 25.00 81.00 146.00 56.00 65.00 0.08 0.93 0.00 1.00 0.00 9.00 18.00 20.00 11.00 21.00 8.00 0.00 0.00 1.00 0.00 0.00
248.00 35.00 36.00 94.00 174.00 58.00 80.00 0.11 1.06 0.00 4.00 0.00 10.00 16.00 25.00 19.00 19.00 16.00 0.00 0.00 1.00 0.00 0.00
249.00 28.00 25.00 66.00 132.00 41.00 66.00 0.07 1.27 0.00 4.00 0.00 5.00 15.00 23.00 13.00 19.00 9.00 0.00 0.00 0.00 0.00 0.00
250.00 27.00 32.00 79.00 138.00 47.00 59.00 0.09 0.77 0.00 1.00 0.00 3.00 10.00 24.00 17.00 16.00 11.00 0.00 0.00 0.00 0.00 0.00
251.00 29.00 35.00 84.00 143.00 49.00 59.00 0.09 0.97 0.00 3.00 0.00 5.00 11.00 24.00 18.00 16.00 13.00 0.00 0.00 0.00 0.00 0.00
252.00 28.00 32.00 80.00 144.00 48.00 64.00 0.07 0.97 0.00 2.00 0.00 7.00 14.00 21.00 14.00 21.00 7.00 1.00 0.00 0.00 0.00 0.00
253.00 33.00 46.00 99.00 176.00 53.00 77.00 0.09 0.99 0.00 3.00 0.00 6.00 13.00 27.00 20.00 21.00 12.00 0.00 0.00 1.00 0.00 0.00
254.00 26.00 31.00 71.00 131.00 40.00 60.00 0.08 0.78 0.00 3.00 0.00 7.00 14.00 19.00 12.00 18.00 8.00 0.00 0.00 0.00 0.00 0.00
255.00 28.00 32.00 78.00 142.00 46.00 64.00 0.07 1.01 1.00 4.00 0.25 6.00 12.00 22.00 16.00 19.00 9.00 0.00 0.00 0.00 0.00 0.00
256.00 30.00 34.00 88.00 160.00 54.00 72.00 0.08 1.04 0.00 4.00 0.00 7.00 14.00 23.00 16.00 24.00 6.00 0.00 0.00 0.00 0.00 0.00
257.00 30.00 29.00 85.00 158.00 56.00 73.00 0.07 1.09 0.00 4.00 0.00 5.00 14.00 25.00 16.00 21.00 9.00 0.00 0.00 0.00 0.00 0.00
258.00 31.00 33.00 80.00 150.00 47.00 70.00 0.07 1.20 0.00 4.00 0.00 7.00 14.00 24.00 17.00 22.00 9.00 0.00 0.00 0.00 0.00 0.00
259.00 31.00 30.00 83.00 162.00 53.00 79.00 0.07 1.06 0.00 1.00 0.00 4.00 15.00 27.00 16.00 20.00 11.00 0.00 0.00 0.00 0.00 0.00
260.00 27.00 30.00 69.00 139.00 39.00 70.00 0.08 0.97 0.00 4.00 0.00 6.00 13.00 21.00 14.00 18.00 9.00 1.00 0.00 0.00 0.00 0.00
261.00 24.00 27.00 63.00 119.00 36.00 56.00 0.08 1.01 0.00 2.00 0.00 5.00 7.00 19.00 17.00 12.00 12.00 1.00 0.00 0.00 0.00 0.00
262.00 27.00 32.00 76.00 136.00 44.00 60.00 0.09 0.93 0.00 4.00 0.00 6.00 11.00 21.00 16.00 17.00 10.00 0.00 0.00 0.00 0.00 0.00
263.00 27.00 17.00 59.00 133.00 42.00 74.00 0.08 1.25 0.00 1.00 0.00 7.00 18.00 20.00 9.00 22.00 5.00 0.00 0.00 0.00 0.00 0.00
264.00 25.00 32.00 72.00 127.00 40.00 55.00 0.09 0.89 0.00 3.00 0.00 6.00 12.00 19.00 13.00 17.00 8.00 0.00 0.00 0.00 0.00 0.00
265.00 29.00 30.00 77.00 143.00 47.00 66.00 0.09 0.95 0.00 2.00 0.00 7.00 18.00 22.00 11.00 20.00 9.00 0.00 0.00 0.00 0.00 1.00
266.00 29.00 27.00 86.00 145.00 59.00 59.00 0.09 1.07 0.00 2.00 0.00 7.00 14.00 22.00 15.00 18.00 11.00 0.00 0.00 0.00 0.00 0.00
267.00 28.00 28.00 77.00 130.00 49.00 53.00 0.08 1.00 0.00 2.00 0.00 9.00 12.00 19.00 16.00 20.00 8.00 0.00 0.00 0.00 0.00 0.00
268.00 29.00 30.00 81.00 149.00 51.00 68.00 0.09 1.06 0.00 2.00 0.00 6.00 15.00 23.00 14.00 18.00 11.00 0.00 0.00 1.00 0.00 0.00
269.00 28.00 32.00 81.00 140.00 49.00 59.00 0.08 0.94 0.00 2.00 0.00 7.00 13.00 21.00 15.00 22.00 6.00 0.00 0.00 0.00 0.00 0.00
270.00 31.00 36.00 86.00 153.00 50.00 67.00 0.09 0.92 0.00 3.00 0.00 7.00 14.00 24.00 17.00 22.00 9.00 0.00 0.00 0.00 0.00 0.00
271.00 32.00 44.00 84.00 158.00 40.00 74.00 0.08 1.06 0.00 3.00 0.00 6.00 13.00 26.00 19.00 21.00 11.00 0.00 0.00 0.00 1.00 0.00
272.00 31.00 42.00 89.00 150.00 47.00 61.00 0.09 1.06 0.00 4.00 0.00 4.00 13.00 27.00 18.00 16.00 15.00 0.00 0.00 2.00 0.00 0.00
273.00 33.00 41.00 94.00 165.00 53.00 71.00 0.09 0.85 0.00 3.00 0.00 7.00 13.00 26.00 20.00 20.00 13.00 1.00 0.00 0.00 0.00 0.00
274.00 33.00 40.00 96.00 168.00 56.00 72.00 0.09 0.91 0.00 3.00 0.00 8.00 15.00 25.00 18.00 23.00 10.00 1.00 0.00 0.00 0.00 0.00
275.00 30.00 34.00 78.00 151.00 44.00 73.00 0.08 0.99 0.00 3.00 0.00 5.00 15.00 25.00 15.00 22.00 8.00 1.00 0.00 0.00 0.00 0.00
276.00 27.00 33.00 77.00 143.00 44.00 66.00 0.08 1.22 1.00 2.00 0.50 3.00 7.00 24.00 20.00 15.00 12.00 0.00 0.00 0.00 0.00 0.00
277.00 33.00 43.00 89.00 157.00 46.00 68.00 0.07 1.38 0.00 3.00 0.00 9.00 12.00 24.00 21.00 18.00 15.00 0.00 0.00 0.00 0.00 0.00
278.00 31.00 36.00 91.00 166.00 55.00 75.00 0.07 0.90 0.00 4.00 0.00 7.00 14.00 24.00 17.00 20.00 11.00 0.00 0.00 0.00 0.00 0.00
279.00 31.00 48.00 98.00 164.00 50.00 66.00 0.09 0.87 1.00 4.00 0.25 6.00 11.00 25.00 20.00 15.00 16.00 0.00 0.00 1.00 0.00 0.00
280.00 36.00 47.00 102.00 184.00 55.00 82.00 0.10 1.47 1.00 4.00 0.25 7.00 15.00 29.00 21.00 21.00 15.00 0.00 0.00 0.00 0.00 0.00
281.00 34.00 55.00 100.00 170.00 45.00 70.00 0.09 0.95 0.00 4.00 0.00 7.00 14.00 27.00 20.00 20.00 14.00 0.00 0.00 0.00 2.00 0.00
282.00 38.00 50.00 113.00 200.00 63.00 87.00 0.07 1.03 0.00 2.00 0.00 7.00 12.00 31.00 26.00 19.00 19.00 0.00 1.00 0.00 0.00 0.00
283.00 44.00 58.00 121.00 216.00 63.00 95.00 0.10 1.59 0.00 4.00 0.00 9.00 17.00 35.00 27.00 22.00 22.00 1.00 0.00 0.00 0.00 0.00
284.00 43.00 59.00 125.00 224.00 66.00 99.00 0.08 1.66 0.00 3.00 0.00 13.00 19.00 30.00 24.00 27.00 16.00 0.00 0.00 0.00 0.00 0.00
285.00 39.00 45.00 112.00 195.00 67.00 83.00 0.09 1.11 0.00 4.00 0.00 7.00 16.00 32.00 23.00 24.00 15.00 0.00 0.00 0.00 0.00 0.00
286.00 39.00 54.00 110.00 193.00 56.00 83.00 0.09 1.41 0.00 4.00 0.00 12.00 18.00 27.00 21.00 21.00 18.00 1.00 0.00 2.00 0.00 0.00
287.00 42.00 45.00 125.00 209.00 80.00 84.00 0.10 1.86 0.00 3.00 0.00 13.00 20.00 29.00 22.00 29.00 13.00 1.00 0.00 0.00 0.00 0.00
288.00 42.00 49.00 121.00 225.00 72.00 104.00 0.09 1.15 0.00 3.00 0.00 10.00 17.00 32.00 25.00 22.00 20.00 0.00 0.00 0.00 0.00 0.00
289.00 35.00 43.00 96.00 174.00 53.00 78.00 0.08 1.02 0.00 2.00 0.00 11.00 19.00 24.00 16.00 26.00 9.00 1.00 0.00 0.00 0.00 0.00
290.00 38.00 49.00 106.00 191.00 57.00 85.00 0.09 1.45 0.00 3.00 0.00 5.00 12.00 33.00 26.00 19.00 19.00 2.00 0.00 1.00 0.00 0.00
291.00 35.00 45.00 105.00 180.00 60.00 75.00 0.08 1.06 0.00 3.00 0.00 10.00 14.00 25.00 21.00 25.00 10.00 0.00 0.00 1.00 1.00 0.00
292.00 40.00 35.00 114.00 212.00 79.00 98.00 0.07 1.62 0.00 5.00 0.00 8.00 17.00 32.00 23.00 24.00 16.00 1.00 0.00 0.00 0.00 0.00
293.00 37.00 42.00 102.00 192.00 60.00 90.00 0.08 1.16 0.00 3.00 0.00 7.00 15.00 30.00 22.00 24.00 13.00 2.00 0.00 0.00 0.00 0.00
294.00 37.00 47.00 122.00 193.00 75.00 71.00 0.08 1.02 0.00 6.00 0.00 7.00 16.00 30.00 21.00 24.00 13.00 1.00 0.00 1.00 0.00 0.00
295.00 45.00 71.00 143.00 244.00 72.00 101.00 0.08 2.00 0.00 4.00 0.00 10.00 18.00 35.00 27.00 25.00 20.00 2.00 0.00 2.00 0.00 0.00
296.00 45.00 71.00 146.00 229.00 75.00 83.00 0.08 1.80 0.00 5.00 0.00 9.00 17.00 36.00 28.00 26.00 19.00 1.00 0.00 2.00 1.00 0.00
297.00 38.00 46.00 117.00 196.00 71.00 79.00 0.09 1.74 0.00 4.00 0.00 7.00 14.00 31.00 24.00 23.00 15.00 2.00 0.00 1.00 0.00 0.00
298.00 37.00 37.00 101.00 187.00 64.00 86.00 0.07 1.99 0.00 2.00 0.00 7.00 15.00 30.00 22.00 24.00 13.00 1.00 0.00 0.00 0.00 0.00
299.00 42.00 61.00 136.00 220.00 75.00 84.00 0.08 1.80 0.00 3.00 0.00 13.00 25.00 29.00 17.00 29.00 13.00 2.00 0.00 1.00 0.00 0.00
300.00 41.00 69.00 125.00 209.00 56.00 84.00 0.08 1.87 0.00 5.00 0.00 10.00 16.00 31.00 25.00 22.00 19.00 2.00 0.00 0.00 0.00 0.00
301.00 45.00 62.00 138.00 238.00 76.00 100.00 0.08 2.23 0.00 3.00 0.00 9.00 17.00 36.00 28.00 26.00 19.00 2.00 0.00 0.00 0.00 0.00
302.00 42.00 61.00 128.00 215.00 67.00 87.00 0.08 2.06 0.00 4.00 0.00 8.00 20.00 34.00 22.00 21.00 21.00 0.00 0.00 1.00 0.00 0.00
303.00 38.00 59.00 124.00 191.00 65.00 67.00 0.08 1.84 0.00 4.00 0.00 11.00 16.00 27.00 22.00 24.00 14.00 0.00 0.00 1.00 0.00 0.00
304.00 38.00 50.00 109.00 191.00 59.00 82.00 0.08 2.69 0.00 4.00 0.00 8.00 17.00 30.00 21.00 23.00 15.00 0.00 0.00 0.00 0.00 0.00
305.00 30.00 33.00 78.00 151.00 45.00 73.00 0.08 1.30 0.00 3.00 0.00 9.00 12.00 21.00 18.00 18.00 12.00 1.00 0.00 1.00 0.00 1.00
306.00 41.00 54.00 126.00 210.00 72.00 84.00 0.09 2.55 0.00 2.00 0.00 6.00 16.00 35.00 25.00 23.00 18.00 0.00 0.00 0.00 0.00 0.00
307.00 45.00 66.00 139.00 233.00 73.00 94.00 0.09 2.02 0.00 3.00 0.00 9.00 19.00 36.00 26.00 23.00 22.00 2.00 0.00 1.00 0.00 0.00
308.00 48.00 75.00 164.00 254.00 89.00 90.00 0.07 2.23 0.00 5.00 0.00 8.00 17.00 40.00 31.00 29.00 19.00 1.00 0.00 1.00 0.00 0.00
309.00 42.00 63.00 134.00 216.00 71.00 82.00 0.10 2.36 0.00 3.00 0.00 9.00 18.00 33.00 24.00 27.00 15.00 0.00 0.00 2.00 0.00 0.00
310.00 45.00 64.00 148.00 228.00 84.00 80.00 0.08 2.26 0.00 4.00 0.00 11.00 21.00 34.00 24.00 27.00 18.00 2.00 0.00 2.00 0.00 0.00
311.00 40.00 61.00 131.00 212.00 70.00 81.00 0.07 2.04 0.00 4.00 0.00 10.00 16.00 30.00 24.00 21.00 19.00 1.00 0.00 2.00 0.00 0.00
312.00 43.00 68.00 137.00 219.00 69.00 82.00 0.08 2.37 0.00 3.00 0.00 8.00 20.00 35.00 23.00 25.00 18.00 2.00 0.00 1.00 0.00 0.00
313.00 41.00 65.00 129.00 206.00 64.00 77.00 0.08 2.72 0.00 3.00 0.00 6.00 17.00 35.00 24.00 25.00 16.00 0.00 0.00 1.00 0.00 0.00
314.00 41.00 61.00 120.00 213.00 59.00 93.00 0.08 2.73 0.00 5.00 0.00 9.00 17.00 32.00 24.00 24.00 17.00 2.00 0.00 3.00 0.00 0.00
315.00 41.00 65.00 127.00 204.00 62.00 77.00 0.07 2.33 0.00 4.00 0.00 12.00 22.00 29.00 19.00 26.00 15.00 1.00 0.00 2.00 0.00 0.00
316.00 38.00 53.00 114.00 194.00 61.00 80.00 0.08 2.76 0.00 4.00 0.00 6.00 13.00 32.00 25.00 20.00 18.00 1.00 0.00 2.00 0.00 0.00
317.00 36.00 47.00 115.00 192.00 68.00 77.00 0.09 2.57 0.00 4.00 0.00 4.00 12.00 32.00 24.00 20.00 16.00 2.00 0.00 2.00 0.00 0.00
318.00 41.00 53.00 136.00 215.00 83.00 79.00 0.09 2.26 0.00 3.00 0.00 6.00 15.00 35.00 26.00 19.00 22.00 2.00 0.00 2.00 0.00 0.00
319.00 37.00 52.00 113.00 184.00 61.00 71.00 0.08 3.05 0.00 4.00 0.00 11.00 19.00 26.00 18.00 27.00 10.00 2.00 0.00 2.00 0.00 0.00
320.00 41.00 59.00 121.00 205.00 62.00 84.00 0.07 2.71 0.00 3.00 0.00 8.00 16.00 33.00 25.00 30.00 11.00 1.00 0.00 0.00 0.00 0.00
321.00 43.00 66.00 128.00 219.00 62.00 91.00 0.09 1.83 0.00 3.00 0.00 10.00 21.00 33.00 22.00 26.00 17.00 2.00 0.00 2.00 0.00 0.00
322.00 37.00 50.00 118.00 190.00 68.00 72.00 0.08 3.03 0.00 2.00 0.00 7.00 10.00 30.00 27.00 19.00 18.00 2.00 0.00 2.00 0.00 0.00
323.00 40.00 62.00 128.00 204.00 66.00 76.00 0.08 2.99 0.00 4.00 0.00 7.00 13.00 33.00 27.00 24.00 16.00 1.00 0.00 2.00 0.00 0.00
324.00 39.00 53.00 113.00 202.00 60.00 89.00 0.09 2.93 0.00 4.00 0.00 9.00 20.00 30.00 19.00 28.00 11.00 0.00 0.00 1.00 0.00 0.00
325.00 32.00 41.00 97.00 167.00 56.00 70.00 0.09 2.16 0.00 4.00 0.00 5.00 15.00 27.00 17.00 20.00 12.00 1.00 0.00 2.00 0.00 0.00
326.00 39.00 41.00 122.00 199.00 81.00 77.00 0.08 2.76 0.00 2.00 0.00 8.00 17.00 31.00 22.00 24.00 15.00 2.00 0.00 3.00 0.00 0.00
327.00 40.00 55.00 124.00 205.00 69.00 81.00 0.09 3.06 0.00 2.00 0.00 9.00 16.00 31.00 24.00 22.00 18.00 2.00 0.00 2.00 0.00 0.00
328.00 39.00 61.00 131.00 208.00 70.00 77.00 0.08 3.35 0.00 6.00 0.00 6.00 10.00 33.00 29.00 15.00 24.00 2.00 0.00 1.00 0.00 0.00
329.00 40.00 55.00 123.00 207.00 68.00 84.00 0.08 3.27 0.00 4.00 0.00 8.00 15.00 32.00 25.00 22.00 18.00 1.00 0.00 1.00 0.00 0.00
330.00 37.00 51.00 107.00 179.00 56.00 72.00 0.09 3.24 0.00 3.00 0.00 10.00 15.00 27.00 22.00 24.00 13.00 2.00 0.00 1.00 0.00 0.00
331.00 35.00 47.00 114.00 180.00 67.00 66.00 0.09 2.40 0.00 4.00 0.00 7.00 14.00 28.00 21.00 17.00 18.00 1.00 0.00 0.00 0.00 0.00
332.00 34.00 46.00 102.00 171.00 56.00 69.00 0.07 3.06 0.00 4.00 0.00 12.00 17.00 22.00 17.00 23.00 11.00 3.00 0.00 0.00 0.00 0.00
333.00 36.00 44.00 102.00 186.00 58.00 84.00 0.08 2.36 0.00 5.00 0.00 7.00 17.00 29.00 19.00 24.00 12.00 1.00 0.00 1.00 0.00 0.00
334.00 31.00 37.00 89.00 161.00 52.00 72.00 0.09 2.17 0.00 5.00 0.00 9.00 15.00 22.00 16.00 18.00 13.00 1.00 0.00 1.00 0.00 0.00
335.00 40.00 49.00 120.00 206.00 71.00 86.00 0.08 2.57 0.00 4.00 0.00 8.00 17.00 32.00 23.00 27.00 13.00 1.00 0.00 0.00 0.00 0.00
336.00 36.00 53.00 111.00 191.00 58.00 80.00 0.09 2.65 0.00 4.00 0.00 7.00 15.00 29.00 21.00 21.00 15.00 1.00 0.00 0.00 0.00 0.00
337.00 42.00 44.00 116.00 214.00 72.00 98.00 0.09 3.42 0.00 4.00 0.00 9.00 20.00 33.00 22.00 29.00 13.00 1.00 0.00 0.00 0.00 0.00
338.00 39.00 57.00 124.00 209.00 67.00 85.00 0.09 3.33 1.00 4.00 0.25 5.00 14.00 34.00 25.00 23.00 16.00 1.00 0.00 0.00 0.00 0.00
339.00 36.00 55.00 116.00 187.00 61.00 71.00 0.08 2.92 0.00 3.00 0.00 7.00 14.00 29.00 22.00 18.00 18.00 1.00 0.00 0.00 0.00 1.00
340.00 41.00 55.00 126.00 203.00 71.00 77.00 0.08 2.99 0.00 3.00 0.00 11.00 19.00 30.00 22.00 25.00 16.00 2.00 0.00 0.00 0.00 0.00
341.00 37.00 58.00 114.00 198.00 56.00 84.00 0.07 2.64 0.00 4.00 0.00 5.00 14.00 32.00 23.00 22.00 15.00 0.00 0.00 0.00 0.00 0.00
342.00 36.00 46.00 102.00 176.00 56.00 74.00 0.09 2.36 0.00 2.00 0.00 12.00 16.00 24.00 20.00 23.00 13.00 0.00 0.00 0.00 0.00 0.00
343.00 40.00 67.00 124.00 206.00 57.00 82.00 0.08 2.86 0.00 4.00 0.00 11.00 21.00 29.00 19.00 24.00 16.00 0.00 0.00 0.00 0.00 0.00
344.00 33.00 45.00 106.00 172.00 61.00 66.00 0.08 3.06 0.00 4.00 0.00 14.00 18.00 19.00 15.00 22.00 11.00 0.00 0.00 0.00 0.00 0.00
345.00 30.00 38.00 84.00 159.00 46.00 75.00 0.08 3.60 0.00 5.00 0.00 3.00 15.00 27.00 15.00 22.00 8.00 1.00 0.00 0.00 0.00 0.00
346.00 37.00 56.00 113.00 187.00 57.00 74.00 0.08 3.52 0.00 6.00 0.00 6.00 14.00 31.00 23.00 21.00 16.00 1.00 0.00 0.00 0.00 0.00
347.00 34.00 40.00 103.00 179.00 63.00 76.00 0.08 3.28 0.00 5.00 0.00 7.00 15.00 27.00 19.00 21.00 13.00 1.00 0.00 0.00 0.00 0.00
348.00 34.00 33.00 101.00 175.00 68.00 74.00 0.09 3.10 0.00 4.00 0.00 8.00 13.00 26.00 21.00 20.00 14.00 1.00 0.00 0.00 0.00 0.00
349.00 31.00 21.00 81.00 162.00 60.00 81.00 0.09 2.91 0.00 4.00 0.00 7.00 13.00 24.00 18.00 22.00 9.00 0.00 0.00 0.00 0.00 0.00
350.00 33.00 47.00 99.00 170.00 52.00 71.00 0.08 3.52 0.00 4.00 0.00 8.00 15.00 25.00 18.00 19.00 14.00 1.00 0.00 0.00 0.00 0.00
351.00 32.00 34.00 94.00 165.00 60.00 71.00 0.09 3.56 0.00 4.00 0.00 5.00 15.00 27.00 17.00 22.00 10.00 1.00 0.00 1.00 0.00 0.00
352.00 28.00 37.00 84.00 146.00 47.00 62.00 0.08 3.45 0.00 5.00 0.00 10.00 17.00 18.00 11.00 20.00 8.00 0.00 0.00 0.00 0.00 0.00
353.00 31.00 43.00 96.00 166.00 53.00 70.00 0.08 3.19 0.00 5.00 0.00 7.00 13.00 24.00 18.00 19.00 12.00 1.00 0.00 0.00 0.00 0.00
354.00 36.00 50.00 120.00 189.00 70.00 69.00 0.09 3.63 0.00 6.00 0.00 6.00 14.00 30.00 22.00 22.00 14.00 1.00 0.00 0.00 0.00 0.00
355.00 32.00 48.00 105.00 166.00 57.00 61.00 0.09 2.48 0.00 5.00 0.00 7.00 12.00 25.00 20.00 17.00 15.00 0.00 0.00 0.00 0.00 0.00
356.00 37.00 42.00 105.00 180.00 63.00 75.00 0.08 4.20 0.00 3.00 0.00 9.00 16.00 28.00 21.00 19.00 18.00 1.00 0.00 0.00 0.00 0.00
357.00 35.00 50.00 106.00 172.00 56.00 66.00 0.08 2.65 0.00 3.00 0.00 5.00 17.00 30.00 18.00 25.00 10.00 1.00 0.00 0.00 0.00 0.00
358.00 38.00 48.00 112.00 189.00 64.00 77.00 0.10 3.13 0.00 4.00 0.00 9.00 17.00 29.00 21.00 22.00 16.00 1.00 0.00 0.00 0.00 0.00
359.00 40.00 60.00 122.00 207.00 62.00 85.00 0.08 3.52 0.00 3.00 0.00 11.00 18.00 29.00 22.00 24.00 16.00 1.00 0.00 0.00 0.00 0.00
360.00 37.00 52.00 114.00 192.00 62.00 78.00 0.08 3.66 0.00 5.00 0.00 5.00 13.00 32.00 24.00 22.00 15.00 0.00 0.00 0.00 0.00 0.00
361.00 32.00 47.00 103.00 166.00 56.00 63.00 0.07 2.26 0.00 4.00 0.00 8.00 13.00 24.00 19.00 21.00 11.00 1.00 0.00 1.00 0.00 0.00
362.00 29.00 34.00 88.00 150.00 54.00 62.00 0.07 1.84 0.00 3.00 0.00 2.00 11.00 27.00 18.00 16.00 13.00 0.00 0.00 0.00 0.00 0.00
363.00 40.00 61.00 128.00 208.00 67.00 80.00 0.08 2.55 0.00 5.00 0.00 5.00 14.00 35.00 26.00 24.00 16.00 1.00 0.00 1.00 0.00 0.00
364.00 38.00 49.00 111.00 197.00 62.00 86.00 0.08 2.56 0.00 4.00 0.00 10.00 17.00 28.00 21.00 23.00 15.00 1.00 0.00 0.00 0.00 0.00
365.00 38.00 57.00 120.00 194.00 63.00 74.00 0.09 2.38 0.00 4.00 0.00 6.00 17.00 32.00 21.00 22.00 16.00 1.00 0.00 1.00 1.00 0.00
366.00 36.00 45.00 115.00 189.00 70.00 74.00 0.06 2.77 0.00 4.00 0.00 12.00 18.00 24.00 18.00 20.00 16.00 0.00 0.00 0.00 0.00 0.00
367.00 31.00 39.00 94.00 157.00 55.00 63.00 0.08 2.49 0.00 4.00 0.00 7.00 11.00 24.00 20.00 17.00 14.00 1.00 0.00 0.00 0.00 0.00
368.00 35.00 53.00 111.00 181.00 58.00 70.00 0.07 2.78 0.00 6.00 0.00 2.00 7.00 33.00 28.00 15.00 20.00 1.00 0.00 1.00 0.00 0.00
369.00 38.00 42.00 117.00 192.00 75.00 75.00 0.08 3.64 0.00 6.00 0.00 10.00 20.00 28.00 18.00 27.00 11.00 0.00 0.00 0.00 0.00 0.00
370.00 36.00 52.00 118.00 191.00 66.00 73.00 0.08 2.02 1.00 3.00 0.33 7.00 14.00 29.00 22.00 17.00 19.00 1.00 0.00 0.00 1.00 0.00
371.00 40.00 60.00 129.00 214.00 69.00 85.00 0.07 2.41 1.00 3.00 0.33 10.00 17.00 30.00 23.00 22.00 18.00 1.00 0.00 1.00 0.00 0.00
372.00 31.00 39.00 103.00 163.00 64.00 60.00 0.09 2.09 0.00 4.00 0.00 4.00 10.00 27.00 21.00 18.00 13.00 1.00 0.00 0.00 0.00 0.00
373.00 39.00 60.00 122.00 200.00 62.00 78.00 0.08 2.70 0.00 6.00 0.00 6.00 14.00 33.00 25.00 20.00 19.00 1.00 1.00 1.00 0.00 0.00
374.00 36.00 53.00 112.00 184.00 59.00 72.00 0.08 2.08 0.00 3.00 0.00 11.00 20.00 25.00 16.00 26.00 10.00 1.00 0.00 0.00 0.00 0.00
375.00 37.00 41.00 111.00 193.00 70.00 82.00 0.07 2.83 0.00 4.00 0.00 7.00 17.00 30.00 20.00 27.00 10.00 0.00 0.00 0.00 1.00 0.00
376.00 36.00 58.00 115.00 184.00 57.00 69.00 0.08 2.87 0.00 5.00 0.00 5.00 13.00 31.00 23.00 19.00 17.00 1.00 0.00 0.00 0.00 1.00
377.00 35.00 58.00 107.00 176.00 49.00 69.00 0.08 2.69 0.00 5.00 0.00 8.00 21.00 27.00 14.00 27.00 8.00 1.00 0.00 0.00 0.00 0.00
378.00 42.00 70.00 130.00 211.00 60.00 81.00 0.10 2.73 0.00 4.00 0.00 9.00 16.00 33.00 26.00 23.00 19.00 1.00 0.00 0.00 0.00 0.00
379.00 33.00 47.00 109.00 175.00 62.00 66.00 0.08 2.41 0.00 3.00 0.00 5.00 10.00 28.00 23.00 18.00 15.00 1.00 0.00 0.00 0.00 0.00
380.00 36.00 43.00 96.00 176.00 53.00 80.00 0.09 2.99 0.00 3.00 0.00 7.00 19.00 29.00 17.00 27.00 9.00 1.00 0.00 0.00 0.00 0.00
381.00 39.00 57.00 117.00 202.00 60.00 85.00 0.07 3.49 0.00 3.00 0.00 10.00 16.00 29.00 23.00 25.00 14.00 1.00 0.00 0.00 1.00 0.00
382.00 37.00 45.00 110.00 194.00 65.00 84.00 0.10 3.05 0.00 4.00 0.00 6.00 16.00 31.00 21.00 19.00 18.00 1.00 0.00 0.00 1.00 0.00
383.00 33.00 44.00 92.00 174.00 48.00 82.00 0.09 2.15 0.00 3.00 0.00 6.00 12.00 27.00 21.00 22.00 11.00 1.00 0.00 1.00 0.00 0.00
384.00 33.00 44.00 100.00 173.00 56.00 73.00 0.08 2.04 0.00 4.00 0.00 6.00 18.00 27.00 15.00 22.00 11.00 0.00 0.00 0.00 0.00 0.00
385.00 42.00 69.00 137.00 216.00 68.00 79.00 0.09 2.48 0.00 4.00 0.00 12.00 20.00 30.00 22.00 30.00 12.00 1.00 0.00 1.00 0.00 0.00
386.00 30.00 43.00 96.00 159.00 53.00 63.00 0.09 1.40 0.00 3.00 0.00 4.00 11.00 26.00 19.00 17.00 13.00 1.00 0.00 0.00 0.00 0.00
387.00 36.00 53.00 116.00 182.00 63.00 66.00 0.10 2.33 1.00 3.00 0.33 10.00 16.00 26.00 20.00 21.00 15.00 1.00 0.00 0.00 0.00 0.00
388.00 32.00 36.00 92.00 176.00 56.00 84.00 0.10 2.20 1.00 4.00 0.25 6.00 12.00 26.00 20.00 19.00 13.00 1.00 0.00 0.00 1.00 0.00
389.00 36.00 50.00 106.00 192.00 56.00 86.00 0.09 2.01 1.00 4.00 0.25 9.00 16.00 27.00 20.00 23.00 13.00 0.00 0.00 0.00 0.00 0.00
390.00 41.00 66.00 137.00 213.00 71.00 76.00 0.09 2.23 1.00 5.00 0.20 8.00 15.00 33.00 26.00 23.00 18.00 1.00 0.00 1.00 0.00 0.00
391.00 37.00 61.00 116.00 194.00 55.00 78.00 0.09 2.11 1.00 4.00 0.25 13.00 15.00 24.00 22.00 23.00 14.00 1.00 0.00 0.00 0.00 0.00
392.00 39.00 64.00 123.00 214.00 59.00 91.00 0.07 2.49 1.00 4.00 0.25 6.00 17.00 33.00 22.00 24.00 15.00 1.00 0.00 1.00 0.00 0.00
393.00 36.00 57.00 109.00 186.00 52.00 77.00 0.08 1.98 1.00 4.00 0.25 5.00 9.00 31.00 27.00 17.00 19.00 1.00 0.00 0.00 0.00 0.00
394.00 35.00 54.00 103.00 174.00 49.00 71.00 0.08 1.15 1.00 5.00 0.20 5.00 12.00 30.00 23.00 21.00 14.00 1.00 0.00 0.00 0.00 0.00
395.00 40.00 65.00 135.00 208.00 70.00 73.00 0.07 1.68 1.00 5.00 0.20 8.00 13.00 32.00 27.00 22.00 18.00 1.00 0.00 0.00 0.00 0.00
396.00 38.00 62.00 121.00 201.00 59.00 80.00 0.08 1.72 1.00 3.00 0.33 10.00 18.00 28.00 20.00 23.00 15.00 1.00 0.00 0.00 1.00 0.00
397.00 35.00 41.00 101.00 169.00 60.00 68.00 0.09 1.82 1.00 3.00 0.33 6.00 13.00 29.00 22.00 20.00 15.00 1.00 0.00 2.00 0.00 0.00
398.00 42.00 61.00 133.00 222.00 72.00 89.00 0.08 1.76 1.00 4.00 0.25 7.00 15.00 35.00 27.00 21.00 21.00 1.00 0.00 0.00 0.00 0.00
399.00 39.00 59.00 124.00 205.00 65.00 81.00 0.08 2.31 1.00 5.00 0.20 11.00 17.00 28.00 22.00 22.00 17.00 1.00 0.00 1.00 1.00 0.00
400.00 41.00 56.00 124.00 200.00 68.00 76.00 0.09 2.17 1.00 3.00 0.33 10.00 16.00 31.00 25.00 26.00 15.00 0.00 0.00 0.00 1.00 0.00
401.00 40.00 65.00 124.00 202.00 59.00 78.00 0.10 1.71 1.00 4.00 0.25 9.00 15.00 31.00 25.00 21.00 19.00 0.00 0.00 0.00 1.00 0.00
402.00 38.00 48.00 112.00 200.00 64.00 88.00 0.08 1.37 1.00 4.00 0.25 8.00 12.00 30.00 26.00 28.00 10.00 0.00 0.00 0.00 1.00 0.00
403.00 40.00 60.00 129.00 220.00 69.00 91.00 0.08 1.07 1.00 2.00 0.50 6.00 12.00 34.00 28.00 21.00 19.00 1.00 0.00 0.00 1.00 0.00
404.00 38.00 56.00 129.00 210.00 73.00 81.00 0.08 1.40 1.00 4.00 0.25 9.00 20.00 29.00 18.00 25.00 13.00 0.00 0.00 0.00 0.00 0.00
405.00 42.00 60.00 127.00 207.00 67.00 80.00 0.08 2.27 1.00 3.00 0.33 10.00 21.00 32.00 21.00 29.00 13.00 1.00 0.00 1.00 0.00 0.00
406.00 43.00 58.00 148.00 227.00 90.00 79.00 0.08 1.94 1.00 5.00 0.20 9.00 19.00 34.00 24.00 24.00 19.00 1.00 0.00 1.00 0.00 0.00
407.00 45.00 71.00 148.00 240.00 77.00 92.00 0.08 1.72 1.00 4.00 0.25 13.00 16.00 32.00 29.00 20.00 25.00 0.00 0.00 0.00 0.00 1.00
408.00 34.00 41.00 105.00 177.00 64.00 72.00 0.09 1.39 1.00 4.00 0.25 6.00 13.00 28.00 21.00 19.00 15.00 1.00 0.00 0.00 0.00 1.00
409.00 38.00 52.00 123.00 203.00 71.00 80.00 0.07 1.56 1.00 6.00 0.17 7.00 15.00 31.00 23.00 20.00 18.00 1.00 0.00 0.00 0.00 0.00
410.00 39.00 60.00 124.00 199.00 64.00 75.00 0.09 1.59 0.00 5.00 0.00 5.00 10.00 34.00 29.00 17.00 22.00 1.00 0.00 0.00 0.00 0.00
411.00 39.00 65.00 127.00 207.00 62.00 80.00 0.07 0.98 1.00 5.00 0.20 11.00 15.00 28.00 24.00 22.00 17.00 1.00 0.00 0.00 0.00 0.00
412.00 39.00 51.00 119.00 199.00 68.00 80.00 0.08 1.62 1.00 5.00 0.20 7.00 18.00 32.00 21.00 22.00 17.00 0.00 0.00 0.00 0.00 0.00
413.00 39.00 56.00 120.00 200.00 64.00 80.00 0.07 2.23 1.00 6.00 0.17 10.00 12.00 29.00 27.00 20.00 19.00 1.00 0.00 0.00 0.00 1.00
414.00 43.00 77.00 143.00 216.00 66.00 73.00 0.09 1.91 1.00 5.00 0.20 12.00 19.00 31.00 24.00 22.00 21.00 0.00 0.00 0.00 0.00 0.00
415.00 45.00 69.00 135.00 222.00 66.00 87.00 0.09 2.71 1.00 6.00 0.17 10.00 22.00 35.00 23.00 29.00 16.00 0.00 0.00 0.00 0.00 0.00
416.00 38.00 54.00 117.00 207.00 63.00 90.00 0.09 1.56 1.00 5.00 0.20 5.00 8.00 33.00 30.00 16.00 22.00 0.00 0.00 0.00 0.00 0.00
417.00 40.00 53.00 125.00 204.00 72.00 79.00 0.06 1.62 1.00 4.00 0.25 8.00 19.00 32.00 21.00 25.00 15.00 1.00 0.00 0.00 0.00 0.00
418.00 33.00 40.00 90.00 165.00 50.00 75.00 0.08 0.89 1.00 5.00 0.20 8.00 15.00 25.00 18.00 21.00 12.00 1.00 0.00 0.00 0.00 0.00
419.00 35.00 41.00 114.00 191.00 73.00 77.00 0.09 1.36 1.00 5.00 0.20 4.00 16.00 31.00 19.00 19.00 16.00 1.00 0.00 0.00 0.00 0.00
420.00 40.00 60.00 129.00 210.00 69.00 81.00 0.07 2.19 1.00 5.00 0.20 9.00 17.00 31.00 23.00 24.00 16.00 1.00 0.00 0.00 0.00 0.00
421.00 41.00 53.00 119.00 206.00 66.00 87.00 0.09 2.56 1.00 4.00 0.25 7.00 15.00 34.00 26.00 23.00 18.00 1.00 0.00 0.00 0.00 0.00
422.00 39.00 55.00 120.00 213.00 65.00 93.00 0.10 2.01 0.00 5.00 0.00 7.00 19.00 32.00 20.00 26.00 13.00 1.00 0.00 0.00 0.00 0.00
423.00 43.00 61.00 135.00 227.00 74.00 92.00 0.07 2.41 0.00 4.00 0.00 12.00 18.00 31.00 25.00 26.00 17.00 1.00 0.00 0.00 0.00 0.00
424.00 49.00 63.00 143.00 247.00 80.00 104.00 0.08 2.47 0.00 4.00 0.00 10.00 22.00 39.00 27.00 27.00 22.00 1.00 0.00 2.00 0.00 0.00
425.00 41.00 50.00 121.00 209.00 71.00 88.00 0.10 2.22 0.00 4.00 0.00 11.00 21.00 30.00 20.00 25.00 16.00 1.00 0.00 1.00 0.00 1.00
426.00 36.00 40.00 119.00 189.00 79.00 70.00 0.08 2.08 0.00 4.00 0.00 8.00 13.00 28.00 23.00 24.00 12.00 0.00 0.00 1.00 0.00 0.00
427.00 41.00 52.00 126.00 212.00 74.00 86.00 0.08 2.31 0.00 3.00 0.00 7.00 21.00 34.00 20.00 26.00 15.00 1.00 0.00 1.00 0.00 0.00
428.00 39.00 58.00 120.00 203.00 62.00 83.00 0.09 2.30 0.00 3.00 0.00 9.00 17.00 30.00 22.00 25.00 14.00 1.00 0.00 0.00 0.00 0.00
429.00 36.00 48.00 109.00 188.00 61.00 79.00 0.07 2.38 0.00 3.00 0.00 5.00 14.00 31.00 22.00 17.00 19.00 0.00 0.00 0.00 0.00 0.00
430.00 44.00 70.00 139.00 231.00 69.00 92.00 0.07 2.85 0.00 4.00 0.00 7.00 13.00 37.00 31.00 19.00 25.00 1.00 0.00 0.00 0.00 0.00
431.00 38.00 55.00 116.00 204.00 61.00 88.00 0.08 1.67 0.00 5.00 0.00 9.00 15.00 29.00 23.00 18.00 20.00 1.00 0.00 2.00 0.00 0.00
432.00 41.00 52.00 124.00 219.00 72.00 95.00 0.07 1.73 0.00 3.00 0.00 10.00 17.00 31.00 24.00 25.00 16.00 1.00 0.00 1.00 1.00 1.00
433.00 42.00 67.00 135.00 216.00 68.00 81.00 0.08 1.74 0.00 5.00 0.00 6.00 14.00 36.00 28.00 22.00 20.00 1.00 0.00 0.00 0.00 1.00
434.00 42.00 61.00 122.00 206.00 61.00 84.00 0.09 2.40 0.00 4.00 0.00 8.00 20.00 34.00 22.00 28.00 14.00 1.00 0.00 0.00 0.00 1.00
435.00 43.00 62.00 125.00 216.00 63.00 91.00 0.10 2.49 0.00 5.00 0.00 13.00 21.00 30.00 22.00 30.00 13.00 1.00 0.00 1.00 0.00 0.00
436.00 40.00 51.00 125.00 198.00 74.00 73.00 0.06 2.03 0.00 5.00 0.00 10.00 19.00 30.00 21.00 24.00 16.00 1.00 0.00 0.00 0.00 0.00
437.00 46.00 64.00 155.00 239.00 91.00 84.00 0.08 1.81 0.00 7.00 0.00 3.00 13.00 43.00 33.00 25.00 21.00 1.00 0.00 1.00 0.00 1.00
438.00 45.00 59.00 147.00 244.00 88.00 97.00 0.09 2.57 0.00 6.00 0.00 7.00 14.00 38.00 31.00 24.00 21.00 1.00 0.00 0.00 1.00 1.00
439.00 49.00 51.00 139.00 255.00 88.00 116.00 0.08 2.68 0.00 7.00 0.00 11.00 15.00 38.00 34.00 25.00 24.00 1.00 0.00 0.00 0.00 0.00
440.00 44.00 74.00 145.00 227.00 71.00 82.00 0.07 1.73 0.00 3.00 0.00 5.00 17.00 39.00 27.00 27.00 17.00 0.00 0.00 0.00 0.00 1.00
441.00 47.00 65.00 152.00 233.00 87.00 81.00 0.08 2.37 0.00 5.00 0.00 17.00 25.00 30.00 22.00 30.00 17.00 1.00 0.00 0.00 0.00 1.00
442.00 52.00 87.00 170.00 265.00 83.00 95.00 0.08 2.60 0.00 6.00 0.00 11.00 23.00 41.00 29.00 28.00 24.00 1.00 0.00 0.00 0.00 1.00
443.00 46.00 67.00 144.00 241.00 77.00 97.00 0.08 2.10 0.00 5.00 0.00 9.00 21.00 37.00 25.00 25.00 21.00 0.00 0.00 0.00 0.00 0.00
444.00 50.00 74.00 174.00 263.00 100.00 89.00 0.09 2.09 0.00 7.00 0.00 9.00 17.00 41.00 33.00 26.00 24.00 1.00 0.00 0.00 0.00 0.00
445.00 50.00 83.00 165.00 261.00 82.00 96.00 0.08 2.39 0.00 6.00 0.00 7.00 17.00 43.00 33.00 28.00 22.00 1.00 0.00 0.00 0.00 0.00
446.00 45.00 72.00 140.00 231.00 68.00 91.00 0.08 1.43 0.00 7.00 0.00 8.00 21.00 37.00 24.00 30.00 15.00 2.00 0.00 0.00 1.00 0.00
447.00 49.00 71.00 142.00 244.00 71.00 102.00 0.08 3.17 1.00 6.00 0.17 11.00 23.00 38.00 26.00 30.00 19.00 0.00 0.00 0.00 0.00 0.00
448.00 45.00 69.00 140.00 231.00 71.00 91.00 0.07 2.36 0.00 5.00 0.00 9.00 13.00 36.00 32.00 21.00 24.00 1.00 0.00 0.00 0.00 0.00
449.00 42.00 57.00 132.00 232.00 75.00 100.00 0.08 2.08 0.00 6.00 0.00 8.00 18.00 34.00 24.00 23.00 19.00 2.00 0.00 0.00 0.00 0.00
450.00 42.00 58.00 134.00 222.00 76.00 88.00 0.10 1.68 1.00 4.00 0.25 9.00 17.00 33.00 25.00 26.00 16.00 1.00 0.00 0.00 0.00 0.00
451.00 44.00 64.00 132.00 219.00 68.00 87.00 0.06 2.00 0.00 5.00 0.00 14.00 21.00 30.00 23.00 30.00 14.00 2.00 0.00 0.00 0.00 0.00
452.00 38.00 45.00 116.00 198.00 71.00 82.00 0.09 1.30 0.00 6.00 0.00 6.00 14.00 32.00 24.00 21.00 17.00 1.00 0.00 0.00 0.00 0.00
453.00 43.00 66.00 129.00 212.00 63.00 83.00 0.07 1.74 0.00 6.00 0.00 9.00 19.00 34.00 24.00 28.00 15.00 1.00 0.00 0.00 0.00 0.00
454.00 45.00 68.00 131.00 234.00 63.00 103.00 0.09 1.67 0.00 5.00 0.00 12.00 19.00 33.00 26.00 26.00 19.00 1.00 0.00 0.00 0.00 0.00
455.00 40.00 50.00 124.00 202.00 74.00 78.00 0.08 2.03 0.00 6.00 0.00 7.00 17.00 33.00 23.00 25.00 15.00 1.00 0.00 1.00 0.00 0.00
456.00 45.00 69.00 141.00 224.00 72.00 83.00 0.07 1.82 0.00 6.00 0.00 10.00 18.00 35.00 27.00 23.00 22.00 2.00 0.00 0.00 1.00 0.00
457.00 36.00 51.00 115.00 183.00 64.00 68.00 0.08 1.01 0.00 7.00 0.00 11.00 18.00 25.00 18.00 25.00 11.00 0.00 0.00 1.00 0.00 0.00
458.00 43.00 68.00 135.00 220.00 67.00 85.00 0.08 1.34 0.00 7.00 0.00 9.00 17.00 34.00 26.00 27.00 16.00 1.00 0.00 0.00 0.00 0.00
459.00 42.00 58.00 131.00 213.00 73.00 82.00 0.09 2.41 0.00 5.00 0.00 8.00 18.00 34.00 24.00 22.00 20.00 1.00 0.00 0.00 0.00 0.00
460.00 39.00 54.00 114.00 201.00 60.00 87.00 0.08 2.12 0.00 6.00 0.00 7.00 20.00 32.00 19.00 26.00 13.00 1.00 0.00 0.00 0.00 0.00
461.00 38.00 55.00 118.00 196.00 63.00 78.00 0.07 1.74 0.00 6.00 0.00 10.00 21.00 28.00 17.00 27.00 11.00 0.00 0.00 0.00 0.00 0.00
462.00 36.00 51.00 109.00 173.00 58.00 64.00 0.08 2.26 0.00 5.00 0.00 11.00 15.00 25.00 21.00 22.00 14.00 0.00 0.00 0.00 0.00 0.00
463.00 30.00 40.00 85.00 147.00 45.00 62.00 0.09 0.99 0.00 7.00 0.00 9.00 13.00 21.00 17.00 18.00 12.00 1.00 0.00 1.00 0.00 0.00
464.00 30.00 29.00 78.00 145.00 49.00 67.00 0.08 1.36 0.00 4.00 0.00 6.00 14.00 24.00 16.00 18.00 12.00 1.00 0.00 0.00 0.00 0.00
465.00 37.00 52.00 112.00 183.00 60.00 71.00 0.07 2.41 0.00 4.00 0.00 11.00 18.00 26.00 19.00 23.00 14.00 0.00 0.00 0.00 0.00 0.00
466.00 38.00 52.00 117.00 196.00 65.00 79.00 0.09 2.07 0.00 3.00 0.00 11.00 16.00 27.00 22.00 19.00 19.00 1.00 0.00 0.00 0.00 0.00
467.00 39.00 74.00 123.00 196.00 49.00 73.00 0.08 0.98 0.00 4.00 0.00 5.00 12.00 34.00 27.00 21.00 18.00 0.00 0.00 0.00 0.00 0.00
468.00 45.00 83.00 141.00 232.00 58.00 91.00 0.08 1.98 0.00 5.00 0.00 9.00 16.00 36.00 29.00 19.00 26.00 0.00 0.00 0.00 0.00 0.00
469.00 38.00 65.00 124.00 192.00 59.00 68.00 0.09 0.90 0.00 5.00 0.00 9.00 14.00 29.00 24.00 21.00 17.00 2.00 0.00 1.00 0.00 0.00
470.00 35.00 51.00 104.00 182.00 53.00 78.00 0.09 1.32 0.00 4.00 0.00 4.00 11.00 31.00 24.00 17.00 18.00 1.00 0.00 1.00 0.00 0.00
471.00 41.00 59.00 123.00 220.00 64.00 97.00 0.09 1.67 0.00 5.00 0.00 6.00 14.00 35.00 27.00 20.00 21.00 0.00 0.00 1.00 0.00 0.00
472.00 39.00 49.00 120.00 204.00 71.00 84.00 0.10 2.04 0.00 6.00 0.00 7.00 12.00 32.00 27.00 22.00 17.00 0.00 0.00 0.00 1.00 0.00
473.00 40.00 65.00 124.00 201.00 59.00 77.00 0.09 1.57 0.00 6.00 0.00 7.00 15.00 33.00 25.00 23.00 17.00 0.00 0.00 0.00 0.00 0.00
474.00 42.00 58.00 125.00 213.00 67.00 88.00 0.09 1.58 0.00 6.00 0.00 8.00 16.00 34.00 26.00 23.00 19.00 0.00 0.00 0.00 0.00 0.00
475.00 41.00 68.00 123.00 202.00 55.00 79.00 0.08 2.45 0.00 6.00 0.00 9.00 14.00 32.00 27.00 18.00 23.00 1.00 0.00 0.00 0.00 0.00
476.00 39.00 54.00 127.00 197.00 73.00 70.00 0.07 1.57 0.00 5.00 0.00 9.00 11.00 30.00 28.00 16.00 23.00 1.00 1.00 0.00 0.00 0.00
477.00 40.00 68.00 132.00 200.00 64.00 68.00 0.08 1.37 0.00 7.00 0.00 4.00 17.00 36.00 23.00 20.00 20.00 0.00 1.00 0.00 0.00 0.00
478.00 38.00 48.00 106.00 186.00 58.00 80.00 0.08 1.29 0.00 6.00 0.00 11.00 21.00 27.00 17.00 27.00 11.00 0.00 0.00 0.00 0.00 0.00
479.00 39.00 56.00 124.00 202.00 68.00 78.00 0.08 1.00 0.00 6.00 0.00 11.00 20.00 28.00 19.00 27.00 12.00 0.00 0.00 0.00 0.00 0.00
480.00 39.00 58.00 126.00 200.00 68.00 74.00 0.10 0.99 0.00 5.00 0.00 10.00 15.00 29.00 24.00 20.00 19.00 0.00 0.00 0.00 0.00 0.00
481.00 36.00 47.00 118.00 186.00 71.00 68.00 0.07 1.00 0.00 5.00 0.00 10.00 17.00 26.00 19.00 25.00 11.00 0.00 0.00 0.00 0.00 0.00
482.00 36.00 51.00 103.00 179.00 52.00 76.00 0.08 1.73 0.00 7.00 0.00 6.00 16.00 30.00 20.00 22.00 14.00 0.00 1.00 0.00 0.00 0.00
483.00 42.00 62.00 132.00 218.00 70.00 86.00 0.07 1.67 0.00 6.00 0.00 5.00 11.00 37.00 31.00 23.00 19.00 0.00 1.00 1.00 0.00 0.00
484.00 40.00 59.00 119.00 202.00 60.00 83.00 0.08 1.26 0.00 5.00 0.00 6.00 13.00 34.00 27.00 19.00 21.00 0.00 0.00 0.00 0.00 0.00
485.00 36.00 40.00 105.00 187.00 65.00 82.00 0.10 1.96 0.00 6.00 0.00 6.00 19.00 30.00 17.00 23.00 13.00 0.00 1.00 0.00 0.00 0.00
486.00 34.00 41.00 108.00 177.00 67.00 69.00 0.09 2.27 0.00 5.00 0.00 11.00 18.00 23.00 16.00 23.00 11.00 0.00 0.00 2.00 0.00 0.00
487.00 36.00 49.00 109.00 188.00 60.00 79.00 0.07 2.59 0.00 7.00 0.00 10.00 15.00 26.00 21.00 22.00 14.00 0.00 1.00 0.00 0.00 0.00
488.00 37.00 51.00 112.00 182.00 61.00 70.00 0.07 2.19 0.00 6.00 0.00 12.00 18.00 25.00 19.00 24.00 13.00 0.00 1.00 0.00 0.00 0.00
489.00 35.00 51.00 110.00 180.00 59.00 70.00 0.08 1.35 0.00 5.00 0.00 6.00 12.00 29.00 23.00 18.00 17.00 0.00 1.00 0.00 0.00 0.00
490.00 38.00 70.00 122.00 195.00 52.00 73.00 0.09 1.87 1.00 4.00 0.25 7.00 16.00 31.00 22.00 25.00 13.00 0.00 1.00 1.00 0.00 0.00
491.00 40.00 70.00 131.00 210.00 61.00 79.00 0.08 1.96 0.00 6.00 0.00 9.00 14.00 31.00 26.00 25.00 15.00 0.00 1.00 0.00 0.00 0.00
492.00 35.00 55.00 108.00 179.00 53.00 71.00 0.10 1.64 0.00 6.00 0.00 6.00 11.00 29.00 24.00 23.00 12.00 0.00 1.00 0.00 1.00 0.00
493.00 36.00 44.00 110.00 185.00 66.00 75.00 0.08 1.38 0.00 7.00 0.00 8.00 17.00 28.00 19.00 27.00 9.00 0.00 0.00 0.00 0.00 0.00
494.00 40.00 47.00 116.00 208.00 69.00 92.00 0.09 1.36 0.00 5.00 0.00 9.00 17.00 31.00 23.00 23.00 17.00 0.00 1.00 0.00 0.00 0.00
495.00 40.00 50.00 121.00 207.00 71.00 86.00 0.07 2.04 0.00 4.00 0.00 14.00 17.00 26.00 23.00 23.00 17.00 0.00 0.00 1.00 0.00 0.00
496.00 35.00 38.00 97.00 175.00 59.00 78.00 0.10 1.73 0.00 4.00 0.00 8.00 15.00 27.00 20.00 23.00 12.00 0.00 0.00 0.00 0.00 0.00
497.00 39.00 45.00 116.00 204.00 71.00 88.00 0.10 1.40 0.00 5.00 0.00 11.00 14.00 28.00 25.00 22.00 17.00 0.00 0.00 0.00 0.00 0.00
498.00 35.00 36.00 104.00 188.00 68.00 84.00 0.10 1.04 0.00 9.00 0.00 6.00 18.00 29.00 17.00 22.00 13.00 0.00 0.00 0.00 0.00 0.00
499.00 43.00 50.00 115.00 212.00 65.00 97.00 0.09 2.40 0.00 7.00 0.00 13.00 21.00 30.00 22.00 30.00 13.00 0.00 0.00 1.00 0.00 0.00
500.00 40.00 55.00 122.00 211.00 67.00 89.00 0.11 1.71 1.00 6.00 0.17 5.00 12.00 35.00 28.00 22.00 18.00 0.00 0.00 0.00 0.00 0.00
501.00 44.00 63.00 139.00 223.00 76.00 84.00 0.08 2.17 0.00 7.00 0.00 10.00 21.00 34.00 23.00 27.00 17.00 0.00 1.00 1.00 0.00 0.00
502.00 40.00 55.00 125.00 211.00 70.00 86.00 0.10 2.23 0.00 5.00 0.00 6.00 11.00 34.00 29.00 21.00 19.00 0.00 1.00 0.00 0.00 0.00
503.00 39.00 56.00 130.00 206.00 74.00 76.00 0.08 1.54 0.00 5.00 0.00 10.00 15.00 29.00 24.00 21.00 18.00 0.00 1.00 1.00 1.00 0.00
504.00 45.00 76.00 143.00 239.00 67.00 96.00 0.08 2.17 0.00 6.00 0.00 12.00 19.00 33.00 26.00 22.00 23.00 0.00 1.00 0.00 0.00 0.00
505.00 40.00 53.00 121.00 211.00 68.00 90.00 0.11 1.37 0.00 6.00 0.00 9.00 19.00 31.00 21.00 24.00 16.00 0.00 1.00 0.00 0.00 0.00
506.00 42.00 58.00 135.00 221.00 77.00 86.00 0.09 2.16 0.00 5.00 0.00 8.00 17.00 34.00 25.00 22.00 20.00 0.00 1.00 0.00 0.00 0.00
507.00 38.00 45.00 111.00 188.00 66.00 77.00 0.08 1.76 0.00 6.00 0.00 8.00 14.00 30.00 24.00 23.00 15.00 0.00 1.00 0.00 0.00 0.00
508.00 34.00 31.00 92.00 180.00 61.00 88.00 0.08 2.29 1.00 5.00 0.20 9.00 17.00 25.00 17.00 23.00 11.00 0.00 1.00 0.00 0.00 0.00
509.00 36.00 39.00 101.00 181.00 62.00 80.00 0.09 2.32 0.00 6.00 0.00 12.00 18.00 24.00 18.00 24.00 12.00 0.00 1.00 0.00 0.00 0.00
510.00 38.00 51.00 126.00 190.00 75.00 64.00 0.07 2.21 0.00 8.00 0.00 10.00 19.00 28.00 19.00 27.00 11.00 0.00 1.00 0.00 0.00 0.00
511.00 31.00 39.00 87.00 150.00 48.00 63.00 0.08 1.72 0.00 5.00 0.00 6.00 12.00 25.00 19.00 17.00 14.00 0.00 1.00 1.00 0.00 0.00
512.00 37.00 51.00 106.00 189.00 55.00 83.00 0.09 1.04 0.00 6.00 0.00 6.00 14.00 31.00 23.00 18.00 19.00 0.00 0.00 0.00 0.00 0.00
513.00 40.00 63.00 128.00 199.00 65.00 71.00 0.10 1.25 0.00 5.00 0.00 9.00 18.00 31.00 22.00 23.00 17.00 0.00 0.00 0.00 0.00 0.00
514.00 35.00 30.00 108.00 181.00 78.00 73.00 0.08 0.88 0.00 6.00 0.00 9.00 18.00 26.00 17.00 22.00 13.00 0.00 0.00 0.00 0.00 0.00
515.00 27.00 21.00 78.00 139.00 57.00 61.00 0.08 1.40 0.00 2.00 0.00 6.00 16.00 21.00 11.00 21.00 6.00 0.00 0.00 0.00 0.00 0.00
516.00 32.00 37.00 86.00 165.00 49.00 79.00 0.09 1.39 0.00 4.00 0.00 9.00 19.00 23.00 13.00 25.00 7.00 0.00 0.00 0.00 0.00 0.00
517.00 28.00 24.00 76.00 148.00 52.00 72.00 0.09 0.81 0.00 4.00 0.00 8.00 12.00 20.00 16.00 19.00 9.00 0.00 1.00 1.00 0.00 0.00
518.00 32.00 46.00 96.00 165.00 50.00 69.00 0.08 0.85 0.00 6.00 0.00 8.00 15.00 24.00 17.00 21.00 11.00 0.00 0.00 0.00 0.00 0.00
519.00 34.00 39.00 100.00 171.00 61.00 71.00 0.09 1.24 0.00 4.00 0.00 12.00 20.00 22.00 14.00 25.00 9.00 0.00 1.00 0.00 0.00 0.00
520.00 30.00 34.00 86.00 153.00 52.00 67.00 0.08 0.89 0.00 5.00 0.00 5.00 10.00 25.00 20.00 17.00 13.00 0.00 0.00 0.00 0.00 0.00
521.00 32.00 38.00 97.00 162.00 59.00 65.00 0.09 0.86 0.00 6.00 0.00 8.00 14.00 24.00 18.00 21.00 11.00 0.00 0.00 0.00 0.00 0.00
522.00 34.00 40.00 100.00 174.00 60.00 74.00 0.09 0.86 0.00 5.00 0.00 6.00 17.00 28.00 17.00 22.00 12.00 1.00 0.00 0.00 0.00 0.00
523.00 35.00 51.00 104.00 181.00 53.00 77.00 0.09 1.10 0.00 4.00 0.00 6.00 12.00 29.00 23.00 19.00 16.00 1.00 0.00 0.00 0.00 0.00
524.00 37.00 45.00 107.00 176.00 62.00 69.00 0.08 1.70 0.00 5.00 0.00 10.00 22.00 27.00 15.00 23.00 14.00 0.00 0.00 0.00 0.00 0.00
525.00 33.00 45.00 98.00 171.00 53.00 73.00 0.09 1.28 0.00 5.00 0.00 9.00 11.00 24.00 22.00 19.00 14.00 0.00 0.00 0.00 0.00 0.00
526.00 39.00 42.00 100.00 185.00 58.00 85.00 0.09 1.29 0.00 5.00 0.00 8.00 16.00 31.00 23.00 27.00 12.00 0.00 0.00 0.00 1.00 0.00
527.00 36.00 34.00 98.00 181.00 64.00 83.00 0.08 1.57 0.00 5.00 0.00 9.00 15.00 27.00 21.00 24.00 12.00 0.00 0.00 1.00 0.00 0.00
528.00 31.00 24.00 84.00 166.00 60.00 82.00 0.08 1.38 0.00 4.00 0.00 7.00 15.00 24.00 16.00 20.00 11.00 0.00 0.00 1.00 0.00 0.00
529.00 36.00 47.00 108.00 186.00 61.00 78.00 0.08 0.95 0.00 5.00 0.00 10.00 12.00 26.00 24.00 16.00 20.00 0.00 1.00 0.00 0.00 0.00
530.00 34.00 27.00 84.00 171.00 57.00 87.00 0.07 1.07 0.00 1.00 0.00 11.00 15.00 23.00 19.00 21.00 13.00 0.00 1.00 0.00 1.00 0.00
531.00 34.00 48.00 103.00 166.00 55.00 63.00 0.09 0.82 0.00 4.00 0.00 13.00 20.00 21.00 14.00 24.00 10.00 0.00 1.00 0.00 0.00 0.00
532.00 29.00 39.00 91.00 147.00 52.00 56.00 0.08 0.80 0.00 3.00 0.00 5.00 12.00 24.00 17.00 15.00 14.00 0.00 1.00 0.00 0.00 0.00
533.00 30.00 38.00 91.00 155.00 53.00 64.00 0.08 0.78 0.00 2.00 0.00 8.00 15.00 22.00 15.00 18.00 12.00 0.00 1.00 1.00 0.00 0.00
534.00 30.00 30.00 85.00 151.00 55.00 66.00 0.07 0.77 0.00 5.00 0.00 7.00 15.00 23.00 15.00 21.00 9.00 0.00 1.00 0.00 0.00 0.00
535.00 29.00 32.00 93.00 150.00 61.00 57.00 0.09 0.85 0.00 5.00 0.00 8.00 16.00 21.00 13.00 22.00 7.00 0.00 1.00 0.00 0.00 0.00
536.00 27.00 34.00 83.00 137.00 49.00 54.00 0.10 0.77 0.00 4.00 0.00 8.00 15.00 19.00 12.00 20.00 7.00 0.00 0.00 0.00 0.00 0.00
537.00 26.00 35.00 84.00 138.00 49.00 54.00 0.10 0.75 1.00 3.00 0.33 4.00 9.00 22.00 17.00 18.00 8.00 0.00 0.00 0.00 0.00 0.00
538.00 33.00 46.00 101.00 168.00 55.00 67.00 0.09 0.98 0.00 4.00 0.00 11.00 14.00 22.00 19.00 16.00 17.00 0.00 0.00 0.00 0.00 0.00
539.00 28.00 31.00 88.00 151.00 57.00 63.00 0.09 0.89 0.00 6.00 0.00 4.00 13.00 24.00 15.00 19.00 9.00 0.00 0.00 0.00 0.00 0.00
540.00 30.00 36.00 91.00 154.00 55.00 63.00 0.08 0.92 0.00 4.00 0.00 6.00 15.00 24.00 15.00 21.00 9.00 0.00 0.00 0.00 0.00 0.00
541.00 32.00 35.00 85.00 156.00 50.00 71.00 0.07 0.96 0.00 3.00 0.00 8.00 15.00 24.00 17.00 21.00 11.00 0.00 0.00 0.00 0.00 0.00
542.00 29.00 33.00 80.00 151.00 47.00 71.00 0.10 1.34 1.00 4.00 0.25 8.00 13.00 21.00 16.00 21.00 8.00 0.00 0.00 0.00 0.00 0.00
543.00 30.00 35.00 85.00 152.00 50.00 67.00 0.08 0.73 1.00 3.00 0.33 4.00 13.00 26.00 17.00 18.00 12.00 0.00 0.00 0.00 0.00 0.00
544.00 26.00 26.00 70.00 129.00 44.00 59.00 0.08 0.85 0.00 3.00 0.00 6.00 11.00 20.00 15.00 17.00 9.00 0.00 0.00 0.00 0.00 0.00
545.00 29.00 33.00 84.00 143.00 51.00 59.00 0.08 0.93 0.00 3.00 0.00 8.00 12.00 21.00 17.00 17.00 12.00 0.00 0.00 0.00 0.00 0.00
546.00 27.00 22.00 67.00 129.00 45.00 62.00 0.08 1.01 0.00 4.00 0.00 8.00 15.00 19.00 12.00 21.00 6.00 0.00 0.00 0.00 1.00 0.00
547.00 28.00 33.00 76.00 144.00 43.00 68.00 0.09 0.81 0.00 3.00 0.00 6.00 13.00 22.00 15.00 18.00 10.00 0.00 0.00 0.00 0.00 0.00
548.00 27.00 32.00 74.00 135.00 42.00 61.00 0.08 0.86 0.00 3.00 0.00 9.00 15.00 18.00 12.00 22.00 5.00 0.00 0.00 0.00 0.00 0.00
549.00 20.00 16.00 43.00 94.00 27.00 51.00 0.09 0.44 0.00 2.00 0.00 6.00 10.00 14.00 10.00 14.00 6.00 0.00 0.00 0.00 0.00 0.00
550.00 31.00 35.00 86.00 163.00 51.00 77.00 0.09 0.93 0.00 4.00 0.00 5.00 14.00 26.00 17.00 22.00 9.00 0.00 0.00 0.00 0.00 0.00
551.00 29.00 27.00 88.00 154.00 61.00 66.00 0.09 1.00 0.00 4.00 0.00 5.00 12.00 24.00 17.00 18.00 11.00 0.00 0.00 0.00 0.00 0.00
552.00 26.00 22.00 61.00 126.00 39.00 65.00 0.10 1.33 0.00 3.00 0.00 7.00 13.00 19.00 13.00 15.00 11.00 0.00 1.00 0.00 0.00 0.00
553.00 31.00 39.00 99.00 167.00 60.00 68.00 0.09 0.93 0.00 5.00 0.00 5.00 14.00 26.00 17.00 17.00 14.00 0.00 1.00 0.00 1.00 0.00
554.00 32.00 30.00 91.00 160.00 61.00 69.00 0.08 0.93 0.00 3.00 0.00 7.00 17.00 25.00 15.00 23.00 9.00 0.00 0.00 0.00 0.00 0.00
555.00 37.00 36.00 101.00 174.00 65.00 73.00 0.09 0.95 0.00 4.00 0.00 13.00 19.00 24.00 18.00 23.00 14.00 0.00 1.00 0.00 0.00 0.00
556.00 38.00 48.00 97.00 174.00 49.00 77.00 0.08 1.07 0.00 4.00 0.00 12.00 18.00 26.00 20.00 26.00 12.00 0.00 1.00 0.00 0.00 0.00
557.00 34.00 41.00 100.00 171.00 59.00 71.00 0.08 0.98 0.00 4.00 0.00 9.00 17.00 25.00 17.00 24.00 10.00 0.00 1.00 0.00 0.00 0.00
558.00 35.00 40.00 102.00 178.00 62.00 76.00 0.10 1.05 0.00 4.00 0.00 7.00 13.00 28.00 22.00 21.00 14.00 0.00 1.00 0.00 0.00 0.00
559.00 36.00 44.00 110.00 182.00 66.00 72.00 0.10 0.91 0.00 4.00 0.00 10.00 17.00 26.00 19.00 22.00 14.00 1.00 0.00 0.00 0.00 0.00
560.00 38.00 50.00 110.00 194.00 60.00 84.00 0.09 1.01 0.00 4.00 0.00 5.00 9.00 33.00 29.00 16.00 22.00 0.00 1.00 0.00 0.00 0.00
561.00 37.00 48.00 113.00 187.00 65.00 74.00 0.09 0.97 0.00 4.00 0.00 9.00 18.00 28.00 19.00 24.00 13.00 0.00 1.00 0.00 0.00 0.00
562.00 38.00 46.00 114.00 204.00 68.00 90.00 0.09 0.99 0.00 2.00 0.00 5.00 12.00 33.00 26.00 23.00 15.00 0.00 0.00 1.00 0.00 0.00
563.00 36.00 50.00 112.00 187.00 62.00 75.00 0.09 0.93 0.00 3.00 0.00 6.00 12.00 30.00 24.00 20.00 16.00 0.00 1.00 0.00 1.00 0.00
564.00 31.00 40.00 88.00 163.00 48.00 75.00 0.09 0.71 0.00 3.00 0.00 10.00 14.00 21.00 17.00 19.00 12.00 0.00 0.00 0.00 0.00 0.00
565.00 31.00 30.00 89.00 178.00 59.00 89.00 0.08 0.96 0.00 2.00 0.00 5.00 11.00 26.00 20.00 16.00 15.00 0.00 0.00 0.00 0.00 0.00
566.00 34.00 48.00 100.00 166.00 52.00 66.00 0.07 1.14 0.00 2.00 0.00 7.00 13.00 27.00 21.00 16.00 18.00 0.00 1.00 1.00 0.00 0.00
567.00 31.00 34.00 80.00 165.00 46.00 85.00 0.08 0.88 0.00 3.00 0.00 8.00 15.00 23.00 16.00 19.00 12.00 0.00 1.00 0.00 0.00 0.00
568.00 37.00 46.00 98.00 183.00 52.00 85.00 0.08 1.05 0.00 3.00 0.00 11.00 17.00 26.00 20.00 21.00 16.00 0.00 1.00 0.00 0.00 0.00
569.00 42.00 51.00 123.00 221.00 72.00 98.00 0.10 1.09 0.00 3.00 0.00 14.00 20.00 28.00 22.00 27.00 15.00 0.00 0.00 0.00 0.00 0.00
570.00 34.00 35.00 102.00 175.00 67.00 73.00 0.07 1.00 0.00 3.00 0.00 10.00 19.00 24.00 15.00 24.00 10.00 0.00 1.00 1.00 0.00 0.00
571.00 33.00 41.00 106.00 182.00 65.00 76.00 0.10 0.93 0.00 3.00 0.00 5.00 11.00 28.00 22.00 18.00 15.00 0.00 1.00 1.00 0.00 0.00
572.00 35.00 47.00 107.00 181.00 60.00 74.00 0.09 0.93 0.00 4.00 0.00 4.00 16.00 31.00 19.00 22.00 13.00 0.00 1.00 1.00 0.00 0.00
573.00 34.00 38.00 99.00 165.00 61.00 66.00 0.09 1.02 0.00 4.00 0.00 6.00 14.00 28.00 20.00 18.00 16.00 0.00 1.00 0.00 0.00 0.00
574.00 35.00 39.00 95.00 165.00 56.00 70.00 0.05 0.99 0.00 4.00 0.00 8.00 20.00 27.00 15.00 22.00 13.00 0.00 0.00 0.00 0.00 0.00
575.00 35.00 58.00 111.00 177.00 53.00 66.00 0.07 0.87 1.00 5.00 0.20 3.00 11.00 32.00 24.00 14.00 21.00 0.00 1.00 0.00 0.00 0.00
576.00 34.00 43.00 108.00 180.00 65.00 72.00 0.07 0.91 1.00 5.00 0.20 2.00 9.00 32.00 25.00 18.00 16.00 0.00 1.00 1.00 0.00 0.00
577.00 36.00 60.00 118.00 185.00 58.00 67.00 0.08 0.93 1.00 6.00 0.17 9.00 13.00 27.00 23.00 17.00 19.00 0.00 1.00 0.00 0.00 0.00
578.00 33.00 52.00 101.00 165.00 49.00 64.00 0.09 0.88 1.00 4.00 0.25 10.00 14.00 23.00 19.00 19.00 14.00 0.00 0.00 0.00 0.00 0.00
579.00 40.00 53.00 118.00 206.00 65.00 88.00 0.07 1.11 1.00 5.00 0.20 7.00 18.00 33.00 22.00 24.00 16.00 0.00 1.00 0.00 0.00 0.00
580.00 37.00 60.00 127.00 204.00 67.00 77.00 0.09 0.87 1.00 5.00 0.20 6.00 14.00 31.00 23.00 18.00 19.00 0.00 0.00 0.00 0.00 0.00
581.00 42.00 64.00 133.00 212.00 69.00 79.00 0.08 1.04 1.00 7.00 0.14 6.00 11.00 36.00 31.00 21.00 21.00 0.00 1.00 0.00 0.00 1.00
582.00 39.00 53.00 114.00 194.00 61.00 80.00 0.10 1.18 1.00 6.00 0.17 5.00 12.00 34.00 27.00 21.00 18.00 0.00 0.00 0.00 0.00 0.00
583.00 34.00 45.00 107.00 176.00 62.00 69.00 0.08 0.93 1.00 4.00 0.25 3.00 7.00 31.00 27.00 19.00 15.00 0.00 0.00 0.00 0.00 0.00
584.00 35.00 37.00 104.00 183.00 67.00 79.00 0.08 0.89 1.00 4.00 0.25 9.00 18.00 26.00 17.00 26.00 9.00 0.00 0.00 0.00 0.00 0.00
585.00 47.00 66.00 151.00 227.00 85.00 76.00 0.08 1.06 1.00 5.00 0.20 9.00 24.00 38.00 23.00 33.00 14.00 0.00 0.00 1.00 0.00 0.00
586.00 37.00 54.00 112.00 185.00 58.00 73.00 0.08 1.01 1.00 4.00 0.25 9.00 17.00 28.00 20.00 24.00 13.00 0.00 0.00 0.00 0.00 0.00
587.00 36.00 58.00 114.00 193.00 56.00 79.00 0.09 0.86 1.00 4.00 0.25 2.00 12.00 34.00 24.00 21.00 15.00 0.00 0.00 0.00 0.00 0.00
588.00 31.00 41.00 88.00 159.00 47.00 71.00 0.09 0.77 1.00 3.00 0.33 3.00 9.00 28.00 22.00 21.00 10.00 0.00 0.00 0.00 0.00 0.00
589.00 31.00 37.00 92.00 160.00 55.00 68.00 0.09 0.78 1.00 3.00 0.33 7.00 15.00 24.00 16.00 20.00 11.00 0.00 0.00 0.00 0.00 0.00
590.00 34.00 38.00 96.00 172.00 58.00 76.00 0.09 0.93 0.00 3.00 0.00 11.00 17.00 23.00 17.00 22.00 12.00 0.00 0.00 0.00 0.00 0.00
591.00 32.00 43.00 94.00 163.00 51.00 69.00 0.08 0.90 1.00 3.00 0.33 8.00 14.00 24.00 18.00 20.00 12.00 0.00 0.00 0.00 0.00 0.00
592.00 27.00 33.00 72.00 132.00 39.00 60.00 0.08 0.86 1.00 3.00 0.33 8.00 14.00 19.00 13.00 19.00 8.00 0.00 0.00 0.00 0.00 0.00
593.00 31.00 43.00 95.00 164.00 52.00 69.00 0.07 0.97 1.00 3.00 0.33 6.00 11.00 25.00 20.00 19.00 12.00 0.00 0.00 0.00 0.00 0.00
594.00 27.00 35.00 85.00 140.00 50.00 55.00 0.07 0.79 1.00 2.00 0.50 3.00 10.00 24.00 17.00 15.00 12.00 0.00 0.00 0.00 0.00 0.00
595.00 30.00 54.00 94.00 147.00 40.00 53.00 0.08 0.73 1.00 3.00 0.33 6.00 12.00 24.00 18.00 17.00 13.00 0.00 0.00 0.00 0.00 0.00
596.00 34.00 50.00 98.00 164.00 48.00 66.00 0.10 1.05 1.00 3.00 0.33 7.00 12.00 27.00 22.00 22.00 12.00 0.00 0.00 0.00 0.00 0.00
597.00 27.00 40.00 77.00 136.00 37.00 59.00 0.07 0.86 1.00 3.00 0.33 5.00 10.00 22.00 17.00 16.00 11.00 0.00 0.00 1.00 0.00 0.00
598.00 29.00 33.00 79.00 137.00 46.00 58.00 0.09 0.85 1.00 3.00 0.33 7.00 12.00 22.00 17.00 18.00 11.00 0.00 0.00 0.00 0.00 0.00
599.00 27.00 38.00 84.00 138.00 46.00 54.00 0.08 0.93 1.00 2.00 0.50 7.00 12.00 20.00 15.00 16.00 11.00 0.00 0.00 0.00 0.00 0.00
600.00 32.00 48.00 88.00 154.00 40.00 66.00 0.07 0.96 1.00 3.00 0.33 6.00 14.00 26.00 18.00 24.00 8.00 0.00 0.00 0.00 0.00 0.00
601.00 32.00 47.00 95.00 163.00 48.00 68.00 0.09 1.15 1.00 4.00 0.25 5.00 12.00 27.00 20.00 20.00 12.00 0.00 1.00 0.00 0.00 0.00
602.00 33.00 57.00 109.00 173.00 52.00 64.00 0.09 1.18 1.00 4.00 0.25 4.00 6.00 29.00 27.00 15.00 18.00 0.00 0.00 1.00 0.00 0.00
603.00 29.00 47.00 93.00 156.00 46.00 63.00 0.09 1.06 1.00 4.00 0.25 6.00 12.00 23.00 17.00 15.00 14.00 0.00 0.00 0.00 0.00 0.00
604.00 39.00 52.00 116.00 203.00 64.00 87.00 0.08 1.18 0.00 4.00 0.00 9.00 19.00 30.00 20.00 25.00 14.00 0.00 0.00 0.00 0.00 0.00
605.00 33.00 35.00 99.00 169.00 64.00 70.00 0.09 1.15 0.00 3.00 0.00 10.00 18.00 23.00 15.00 25.00 8.00 0.00 0.00 1.00 0.00 1.00
606.00 28.00 28.00 74.00 137.00 46.00 63.00 0.08 0.94 0.00 4.00 0.00 7.00 12.00 21.00 16.00 15.00 13.00 0.00 0.00 0.00 1.00 0.00
607.00 31.00 38.00 88.00 158.00 50.00 70.00 0.09 1.03 0.00 5.00 0.00 9.00 17.00 22.00 14.00 21.00 10.00 0.00 0.00 0.00 0.00 0.00
608.00 33.00 35.00 88.00 170.00 53.00 82.00 0.10 1.31 1.00 4.00 0.25 7.00 10.00 26.00 23.00 19.00 14.00 0.00 0.00 0.00 0.00 0.00
609.00 32.00 49.00 101.00 161.00 52.00 60.00 0.08 1.04 0.00 5.00 0.00 9.00 20.00 23.00 12.00 22.00 10.00 0.00 0.00 0.00 0.00 0.00
610.00 27.00 24.00 71.00 137.00 47.00 66.00 0.09 0.93 0.00 4.00 0.00 4.00 16.00 23.00 11.00 18.00 9.00 0.00 0.00 0.00 0.00 0.00
611.00 25.00 34.00 75.00 125.00 41.00 50.00 0.07 0.80 0.00 4.00 0.00 2.00 7.00 23.00 18.00 13.00 12.00 0.00 0.00 1.00 0.00 0.00
612.00 28.00 30.00 81.00 147.00 51.00 66.00 0.10 1.13 0.00 4.00 0.00 8.00 14.00 20.00 14.00 19.00 9.00 1.00 0.00 0.00 0.00 0.00
613.00 24.00 34.00 70.00 122.00 36.00 52.00 0.09 0.75 0.00 3.00 0.00 2.00 9.00 22.00 15.00 12.00 12.00 0.00 0.00 0.00 0.00 0.00
614.00 30.00 37.00 86.00 158.00 49.00 72.00 0.09 1.48 0.00 3.00 0.00 5.00 12.00 25.00 18.00 19.00 11.00 0.00 0.00 0.00 0.00 0.00
615.00 21.00 22.00 58.00 109.00 36.00 51.00 0.08 0.75 0.00 2.00 0.00 5.00 8.00 16.00 13.00 12.00 9.00 0.00 0.00 0.00 0.00 0.00
616.00 15.00 13.00 33.00 73.00 20.00 40.00 0.09 0.55 0.00 1.00 0.00 5.00 10.00 10.00 5.00 10.00 5.00 0.00 0.00 0.00 0.00 0.00
617.00 19.00 16.00 46.00 92.00 30.00 46.00 0.08 0.74 0.00 1.00 0.00 6.00 11.00 13.00 8.00 16.00 3.00 0.00 0.00 0.00 0.00 0.00
618.00 19.00 15.00 40.00 84.00 25.00 44.00 0.07 0.63 0.00 2.00 0.00 6.00 10.00 13.00 9.00 13.00 6.00 0.00 0.00 0.00 0.00 0.00
619.00 22.00 26.00 53.00 106.00 27.00 53.00 0.09 0.72 0.00 1.00 0.00 6.00 12.00 16.00 10.00 15.00 7.00 0.00 0.00 0.00 0.00 0.00
620.00 23.00 23.00 57.00 110.00 34.00 53.00 0.09 0.97 0.00 1.00 0.00 6.00 11.00 17.00 12.00 14.00 9.00 0.00 0.00 0.00 0.00 0.00
621.00 20.00 19.00 48.00 104.00 29.00 56.00 0.08 0.68 0.00 1.00 0.00 7.00 10.00 13.00 10.00 15.00 5.00 0.00 0.00 0.00 0.00 0.00
622.00 21.00 31.00 63.00 106.00 32.00 43.00 0.08 0.56 0.00 1.00 0.00 5.00 8.00 16.00 13.00 12.00 9.00 0.00 0.00 0.00 0.00 0.00
623.00 17.00 23.00 45.00 80.00 22.00 35.00 0.09 0.53 0.00 1.00 0.00 5.00 7.00 12.00 10.00 10.00 7.00 0.00 0.00 0.00 0.00 0.00
624.00 20.00 24.00 54.00 95.00 30.00 41.00 0.07 0.55 0.00 1.00 0.00 2.00 6.00 18.00 14.00 11.00 9.00 0.00 0.00 0.00 0.00 0.00
625.00 19.00 17.00 40.00 89.00 23.00 49.00 0.09 0.66 0.00 0.00 0.00 6.00 9.00 13.00 10.00 12.00 7.00 0.00 0.00 0.00 0.00 0.00
626.00 14.00 12.00 34.00 72.00 22.00 38.00 0.08 0.36 0.00 0.00 0.00 4.00 8.00 10.00 6.00 9.00 5.00 0.00 0.00 0.00 0.00 0.00
627.00 7.00 0.00 5.00 26.00 5.00 21.00 0.09 0.49 0.00 0.00 0.00 2.00 5.00 5.00 2.00 7.00 0.00 0.00 0.00 0.00 0.00 0.00
628.00 9.00 4.00 18.00 44.00 14.00 26.00 0.08 0.34 0.00 1.00 0.00 3.00 6.00 6.00 3.00 9.00 0.00 0.00 0.00 0.00 0.00 0.00
629.00 11.00 6.00 23.00 52.00 17.00 29.00 0.08 0.55 0.00 0.00 0.00 4.00 6.00 7.00 5.00 7.00 4.00 0.00 0.00 0.00 0.00 0.00
630.00 20.00 25.00 52.00 97.00 27.00 45.00 0.08 0.67 0.00 2.00 0.00 6.00 8.00 14.00 12.00 14.00 6.00 0.00 0.00 0.00 0.00 0.00
631.00 19.00 24.00 52.00 92.00 28.00 40.00 0.08 0.70 0.00 2.00 0.00 6.00 9.00 13.00 10.00 13.00 6.00 0.00 0.00 0.00 0.00 0.00
632.00 25.00 32.00 59.00 120.00 27.00 61.00 0.08 0.75 0.00 2.00 0.00 6.00 17.00 19.00 8.00 22.00 3.00 0.00 0.00 0.00 0.00 0.00
633.00 20.00 18.00 45.00 99.00 27.00 54.00 0.08 0.78 0.00 2.00 0.00 8.00 11.00 12.00 9.00 17.00 3.00 0.00 0.00 0.00 0.00 0.00
634.00 23.00 35.00 59.00 110.00 24.00 51.00 0.08 0.82 0.00 2.00 0.00 8.00 10.00 15.00 13.00 15.00 8.00 0.00 0.00 1.00 0.00 0.00
635.00 17.00 18.00 39.00 84.00 21.00 45.00 0.09 0.59 0.00 1.00 0.00 5.00 7.00 12.00 10.00 11.00 6.00 0.00 0.00 0.00 0.00 0.00
636.00 20.00 24.00 50.00 98.00 26.00 48.00 0.08 0.77 0.00 2.00 0.00 7.00 12.00 13.00 8.00 16.00 4.00 0.00 0.00 0.00 0.00 0.00
637.00 24.00 24.00 59.00 114.00 35.00 55.00 0.08 0.90 0.00 2.00 0.00 6.00 13.00 18.00 11.00 18.00 6.00 0.00 0.00 1.00 0.00 0.00
638.00 20.00 27.00 57.00 96.00 30.00 39.00 0.08 1.22 0.00 2.00 0.00 4.00 10.00 16.00 10.00 12.00 8.00 0.00 0.00 0.00 0.00 0.00
639.00 21.00 27.00 58.00 105.00 31.00 47.00 0.09 0.69 0.00 1.00 0.00 3.00 10.00 18.00 11.00 14.00 7.00 0.00 0.00 1.00 0.00 0.00
640.00 23.00 22.00 54.00 109.00 32.00 55.00 0.09 0.78 0.00 1.00 0.00 6.00 14.00 17.00 9.00 19.00 4.00 1.00 0.00 0.00 0.00 1.00
641.00 15.00 18.00 41.00 71.00 23.00 30.00 0.08 0.59 0.00 1.00 0.00 4.00 6.00 11.00 9.00 9.00 6.00 0.00 0.00 0.00 0.00 0.00
642.00 22.00 24.00 53.00 101.00 29.00 48.00 0.06 1.35 0.00 1.00 0.00 8.00 12.00 14.00 10.00 15.00 7.00 0.00 0.00 1.00 0.00 0.00
643.00 25.00 35.00 73.00 121.00 38.00 48.00 0.09 0.84 0.00 1.00 0.00 7.00 11.00 18.00 14.00 18.00 7.00 0.00 0.00 0.00 0.00 0.00
644.00 22.00 27.00 51.00 100.00 24.00 49.00 0.08 0.81 0.00 1.00 0.00 9.00 14.00 13.00 8.00 17.00 5.00 0.00 0.00 0.00 0.00 0.00
645.00 18.00 21.00 51.00 87.00 30.00 36.00 0.09 0.58 0.00 1.00 0.00 6.00 13.00 12.00 5.00 14.00 4.00 0.00 0.00 0.00 0.00 0.00
646.00 15.00 13.00 33.00 67.00 20.00 34.00 0.09 0.54 0.00 1.00 0.00 4.00 7.00 11.00 8.00 10.00 5.00 0.00 0.00 0.00 0.00 0.00
647.00 20.00 21.00 54.00 97.00 33.00 43.00 0.08 0.55 0.00 1.00 0.00 6.00 12.00 14.00 8.00 14.00 6.00 0.00 0.00 0.00 0.00 0.00
648.00 15.00 9.00 31.00 64.00 22.00 33.00 0.09 1.57 0.00 1.00 0.00 7.00 12.00 8.00 3.00 14.00 1.00 0.00 0.00 0.00 0.00 0.00
649.00 17.00 20.00 47.00 80.00 27.00 33.00 0.08 0.51 0.00 1.00 0.00 1.00 4.00 16.00 13.00 8.00 9.00 0.00 0.00 0.00 0.00 0.00
650.00 19.00 20.00 45.00 89.00 25.00 44.00 0.09 0.56 0.00 1.00 0.00 4.00 7.00 15.00 12.00 10.00 9.00 0.00 0.00 0.00 0.00 0.00
651.00 22.00 19.00 57.00 106.00 38.00 49.00 0.09 1.87 0.00 1.00 0.00 9.00 12.00 13.00 10.00 14.00 8.00 0.00 0.00 0.00 0.00 0.00
652.00 21.00 24.00 55.00 101.00 31.00 46.00 0.09 0.48 0.00 1.00 0.00 6.00 11.00 15.00 10.00 15.00 6.00 0.00 0.00 0.00 0.00 0.00
653.00 21.00 26.00 54.00 102.00 28.00 48.00 0.08 0.57 0.00 1.00 0.00 4.00 13.00 17.00 8.00 18.00 3.00 0.00 0.00 0.00 0.00 0.00
654.00 18.00 24.00 47.00 92.00 23.00 45.00 0.08 0.41 0.00 1.00 0.00 5.00 9.00 13.00 9.00 13.00 5.00 0.00 0.00 0.00 0.00 0.00
655.00 16.00 13.00 37.00 76.00 24.00 39.00 0.10 0.46 0.00 1.00 0.00 4.00 6.00 12.00 10.00 13.00 3.00 0.00 0.00 0.00 0.00 0.00
656.00 16.00 16.00 38.00 80.00 22.00 42.00 0.08 0.48 0.00 1.00 0.00 4.00 6.00 12.00 10.00 10.00 6.00 0.00 0.00 0.00 0.00 0.00
657.00 16.00 14.00 38.00 78.00 24.00 40.00 0.09 0.44 0.00 1.00 0.00 6.00 7.00 10.00 9.00 10.00 6.00 0.00 0.00 0.00 0.00 0.00
658.00 13.00 7.00 29.00 65.00 22.00 36.00 0.06 0.43 0.00 1.00 0.00 3.00 8.00 10.00 5.00 9.00 4.00 0.00 0.00 0.00 0.00 0.00
659.00 14.00 13.00 30.00 66.00 17.00 36.00 0.07 0.50 0.00 1.00 0.00 6.00 10.00 8.00 4.00 12.00 2.00 0.00 0.00 0.00 0.00 0.00
660.00 17.00 17.00 46.00 84.00 29.00 38.00 0.10 0.45 0.00 2.00 0.00 2.00 7.00 15.00 10.00 11.00 6.00 0.00 0.00 0.00 0.00 0.00
661.00 14.00 10.00 31.00 74.00 21.00 43.00 0.08 0.39 0.00 1.00 0.00 4.00 6.00 10.00 8.00 8.00 6.00 0.00 0.00 0.00 0.00 0.00
662.00 13.00 11.00 28.00 60.00 17.00 32.00 0.08 0.40 0.00 1.00 0.00 4.00 7.00 9.00 6.00 11.00 2.00 0.00 0.00 0.00 0.00 0.00
663.00 10.00 8.00 22.00 47.00 14.00 25.00 0.07 0.30 0.00 1.00 0.00 3.00 4.00 7.00 6.00 8.00 2.00 0.00 0.00 0.00 0.00 0.00
664.00 12.00 7.00 25.00 58.00 18.00 33.00 0.08 0.48 0.00 0.00 0.00 5.00 9.00 7.00 3.00 10.00 2.00 0.00 0.00 0.00 0.00 0.00
665.00 13.00 13.00 32.00 61.00 19.00 29.00 0.08 0.36 0.00 0.00 0.00 4.00 7.00 9.00 6.00 9.00 4.00 0.00 0.00 0.00 0.00 0.00
666.00 7.00 0.00 12.00 33.00 12.00 21.00 0.08 0.33 0.00 0.00 0.00 1.00 5.00 6.00 2.00 6.00 1.00 0.00 0.00 0.00 0.00 0.00
667.00 6.00 1.00 7.00 24.00 6.00 17.00 0.08 0.35 0.00 1.00 0.00 2.00 4.00 4.00 2.00 6.00 0.00 0.00 0.00 0.00 0.00 0.00
668.00 13.00 6.00 21.00 56.00 15.00 35.00 0.07 0.52 0.00 1.00 0.00 5.00 9.00 8.00 4.00 11.00 2.00 0.00 0.00 1.00 0.00 0.00
669.00 7.00 2.00 13.00 33.00 11.00 20.00 0.09 0.27 0.00 0.00 0.00 0.00 4.00 7.00 3.00 6.00 1.00 0.00 0.00 0.00 0.00 0.00
670.00 11.00 7.00 22.00 52.00 15.00 30.00 0.10 0.41 0.00 0.00 0.00 3.00 6.00 8.00 5.00 6.00 5.00 0.00 0.00 0.00 1.00 0.00
671.00 12.00 7.00 25.00 58.00 18.00 33.00 0.08 0.52 0.00 0.00 0.00 2.00 7.00 10.00 5.00 11.00 1.00 0.00 0.00 0.00 0.00 0.00
672.00 11.00 5.00 20.00 45.00 15.00 25.00 0.09 0.63 0.00 0.00 0.00 4.00 7.00 7.00 4.00 8.00 3.00 0.00 0.00 0.00 0.00 0.00
673.00 7.00 1.00 9.00 28.00 8.00 19.00 0.08 0.24 0.00 0.00 0.00 2.00 5.00 5.00 2.00 7.00 0.00 0.00 0.00 0.00 0.00 0.00
674.00 8.00 4.00 14.00 38.00 10.00 24.00 0.09 0.29 0.00 0.00 0.00 4.00 6.00 4.00 2.00 8.00 0.00 0.00 0.00 0.00 0.00 0.00
675.00 2.00 0.00 0.00 1.00 0.00 1.00 0.08 0.27 0.00 0.00 0.00 2.00 2.00 0.00 0.00 2.00 0.00 0.00 0.00 0.00 0.00 0.00
