0.00 2.00 0.00 0.00 5.00 0.00 5.00 0.08 0.10 0.00 0.00 0.00 2.00 2.00 0.00 0.00 2.00 0.00 0.00 0.00 0.00 0.00 0.00
1.00 8.00 1.00 16.00 38.00 15.00 22.00 0.09 0.29 0.00 0.00 0.00 3.00 5.00 5.00 3.00 6.00 2.00 0.00 0.00 0.00 0.00 0.00
2.00 8.00 2.00 13.00 34.00 11.00 21.00 0.09 0.33 0.00 0.00 0.00 4.00 6.00 4.00 2.00 7.00 1.00 0.00 0.00 0.00 0.00 0.00
3.00 7.00 3.00 9.00 30.00 6.00 21.00 0.09 0.30 0.00 0.00 0.00 3.00 6.00 4.00 1.00 7.00 0.00 0.00 0.00 0.00 0.00 0.00
4.00 9.00 6.00 18.00 39.00 12.00 21.00 0.09 0.35 0.00 0.00 0.00 4.00 5.00 5.00 4.00 9.00 0.00 0.00 0.00 1.00 0.00 0.00
5.00 4.00 1.00 5.00 13.00 4.00 8.00 0.09 0.20 0.00 0.00 0.00 3.00 3.00 1.00 1.00 4.00 0.00 0.00 0.00 0.00 0.00 0.00
6.00 4.00 0.00 0.00 15.00 0.00 15.00 0.08 0.41 0.00 0.00 0.00 2.00 4.00 2.00 0.00 4.00 0.00 0.00 0.00 1.00 0.00 0.00
7.00 8.00 3.00 15.00 39.00 12.00 24.00 0.09 0.33 0.00 0.00 0.00 2.00 5.00 6.00 3.00 7.00 1.00 0.00 0.00 0.00 0.00 0.00
8.00 8.00 3.00 10.00 37.00 7.00 27.00 0.11 0.29 0.00 0.00 0.00 2.00 4.00 6.00 4.00 5.00 3.00 0.00 0.00 1.00 0.00 0.00
9.00 9.00 4.00 14.00 38.00 10.00 24.00 0.09 0.62 0.00 0.00 0.00 3.00 5.00 6.00 4.00 6.00 3.00 0.00 0.00 0.00 0.00 0.00
10.00 12.00 7.00 24.00 51.00 17.00 27.00 0.08 0.43 0.00 0.00 0.00 4.00 7.00 8.00 5.00 9.00 3.00 0.00 0.00 0.00 1.00 0.00
11.00 11.00 2.00 17.00 49.00 15.00 32.00 0.08 0.35 0.00 0.00 0.00 5.00 9.00 6.00 2.00 10.00 1.00 0.00 0.00 0.00 0.00 0.00
12.00 19.00 10.00 36.00 86.00 26.00 50.00 0.10 0.65 0.00 0.00 0.00 9.00 13.00 10.00 6.00 16.00 3.00 0.00 0.00 0.00 0.00 0.00
13.00 13.00 12.00 31.00 62.00 19.00 31.00 0.09 0.42 0.00 1.00 0.00 4.00 8.00 9.00 5.00 10.00 3.00 0.00 0.00 0.00 0.00 0.00
14.00 9.00 4.00 18.00 44.00 14.00 26.00 0.08 0.35 0.00 1.00 0.00 4.00 4.00 5.00 5.00 6.00 3.00 0.00 0.00 1.00 0.00 0.00
15.00 10.00 8.00 20.00 45.00 12.00 25.00 0.08 0.45 0.00 1.00 0.00 3.00 6.00 7.00 4.00 8.00 2.00 0.00 0.00 1.00 0.00 0.00
16.00 16.00 10.00 33.00 68.00 23.00 35.00 0.09 0.72 0.00 1.00 0.00 4.00 10.00 12.00 6.00 12.00 4.00 0.00 0.00 1.00 0.00 0.00
17.00 7.00 3.00 13.00 32.00 10.00 19.00 0.09 0.25 0.00 0.00 0.00 5.00 5.00 2.00 2.00 6.00 1.00 0.00 0.00 0.00 0.00 0.00
18.00 15.00 9.00 30.00 70.00 21.00 40.00 0.10 0.73 0.00 0.00 0.00 5.00 8.00 10.00 7.00 15.00 0.00 0.00 0.00 0.00 0.00 0.00
19.00 14.00 13.00 32.00 61.00 19.00 29.00 0.09 0.46 0.00 1.00 0.00 7.00 9.00 7.00 5.00 12.00 2.00 0.00 0.00 0.00 0.00 0.00
20.00 10.00 3.00 19.00 45.00 16.00 26.00 0.08 0.56 0.00 1.00 0.00 5.00 8.00 5.00 2.00 8.00 2.00 0.00 0.00 0.00 0.00 0.00
21.00 11.00 8.00 20.00 47.00 12.00 27.00 0.08 0.31 0.00 0.00 0.00 5.00 8.00 6.00 3.00 10.00 1.00 0.00 0.00 0.00 0.00 0.00
22.00 17.00 14.00 37.00 77.00 23.00 40.00 0.08 0.52 0.00 1.00 0.00 6.00 11.00 11.00 6.00 15.00 2.00 0.00 0.00 0.00 0.00 0.00
23.00 13.00 6.00 28.00 63.00 22.00 35.00 0.08 0.48 0.00 1.00 0.00 2.00 7.00 11.00 6.00 9.00 4.00 0.00 0.00 0.00 0.00 0.00
24.00 14.00 9.00 35.00 72.00 26.00 37.00 0.08 0.47 0.00 1.00 0.00 4.00 9.00 10.00 5.00 11.00 3.00 0.00 0.00 0.00 0.00 0.00
25.00 9.00 4.00 15.00 42.00 11.00 27.00 0.07 0.46 0.00 0.00 0.00 1.00 5.00 8.00 4.00 8.00 1.00 0.00 0.00 0.00 0.00 0.00
26.00 8.00 4.00 14.00 31.00 10.00 17.00 0.08 0.55 0.00 1.00 0.00 6.00 6.00 2.00 2.00 7.00 1.00 0.00 0.00 0.00 0.00 0.00
27.00 10.00 3.00 15.00 47.00 12.00 32.00 0.09 0.40 0.00 1.00 0.00 2.00 7.00 8.00 3.00 9.00 1.00 0.00 0.00 0.00 0.00 0.00
28.00 8.00 1.00 10.00 32.00 9.00 22.00 0.08 0.52 0.00 1.00 0.00 5.00 6.00 3.00 2.00 7.00 1.00 0.00 0.00 0.00 0.00 0.00
29.00 11.00 6.00 21.00 47.00 15.00 26.00 0.08 0.44 0.00 0.00 0.00 4.00 7.00 7.00 4.00 9.00 2.00 0.00 0.00 0.00 0.00 0.00
30.00 14.00 9.00 34.00 70.00 25.00 36.00 0.09 0.33 0.00 1.00 0.00 2.00 7.00 12.00 7.00 11.00 3.00 0.00 0.00 0.00 0.00 0.00
31.00 7.00 2.00 9.00 26.00 7.00 17.00 0.08 0.48 0.00 1.00 0.00 3.00 6.00 4.00 1.00 7.00 0.00 0.00 0.00 0.00 0.00 0.00
32.00 8.00 5.00 16.00 35.00 11.00 19.00 0.08 0.26 0.00 0.00 0.00 5.00 7.00 3.00 1.00 7.00 1.00 0.00 0.00 0.00 0.00 0.00
33.00 10.00 6.00 20.00 45.00 14.00 25.00 0.07 0.31 0.00 0.00 0.00 3.00 5.00 7.00 5.00 8.00 2.00 0.00 0.00 0.00 0.00 0.00
34.00 6.00 0.00 8.00 27.00 8.00 19.00 0.09 0.29 0.00 1.00 0.00 3.00 5.00 3.00 1.00 5.00 1.00 0.00 0.00 0.00 0.00 0.00
35.00 13.00 19.00 34.00 62.00 15.00 28.00 0.08 0.37 0.00 1.00 0.00 3.00 7.00 10.00 6.00 11.00 2.00 0.00 0.00 0.00 0.00 0.00
36.00 11.00 10.00 25.00 47.00 15.00 22.00 0.07 0.52 0.00 1.00 0.00 5.00 6.00 6.00 5.00 10.00 1.00 0.00 0.00 0.00 0.00 0.00
37.00 14.00 13.00 31.00 63.00 18.00 32.00 0.08 0.59 0.00 1.00 0.00 6.00 12.00 8.00 2.00 12.00 2.00 0.00 0.00 0.00 0.00 0.00
38.00 14.00 14.00 33.00 63.00 19.00 30.00 0.09 0.54 0.00 1.00 0.00 6.00 8.00 8.00 6.00 12.00 2.00 0.00 0.00 0.00 0.00 0.00
39.00 15.00 18.00 40.00 71.00 22.00 31.00 0.08 0.53 0.00 1.00 0.00 7.00 10.00 8.00 5.00 12.00 3.00 0.00 0.00 0.00 0.00 0.00
40.00 14.00 8.00 31.00 66.00 23.00 35.00 0.08 0.69 0.00 1.00 0.00 2.00 7.00 12.00 7.00 10.00 4.00 0.00 0.00 0.00 0.00 0.00
41.00 18.00 22.00 45.00 86.00 23.00 41.00 0.09 0.65 0.00 1.00 0.00 4.00 7.00 14.00 11.00 11.00 7.00 0.00 0.00 0.00 0.00 0.00
42.00 14.00 7.00 28.00 65.00 21.00 37.00 0.08 0.73 0.00 1.00 0.00 5.00 7.00 9.00 7.00 11.00 3.00 0.00 0.00 0.00 0.00 0.00
43.00 8.00 6.00 18.00 40.00 12.00 22.00 0.08 0.29 0.00 1.00 0.00 2.00 3.00 6.00 5.00 6.00 2.00 0.00 0.00 0.00 0.00 0.00
44.00 13.00 13.00 30.00 67.00 17.00 37.00 0.09 0.48 0.00 1.00 0.00 2.00 6.00 11.00 7.00 12.00 1.00 0.00 0.00 0.00 0.00 0.00
45.00 21.00 22.00 46.00 99.00 24.00 53.00 0.09 0.68 0.00 1.00 0.00 6.00 10.00 15.00 11.00 13.00 8.00 0.00 0.00 0.00 0.00 0.00
46.00 11.00 12.00 29.00 52.00 17.00 23.00 0.08 0.32 0.00 0.00 0.00 3.00 3.00 8.00 8.00 5.00 6.00 0.00 0.00 0.00 0.00 0.00
47.00 18.00 22.00 44.00 82.00 22.00 38.00 0.08 0.61 0.00 0.00 0.00 4.00 7.00 14.00 11.00 13.00 5.00 0.00 0.00 0.00 0.00 0.00
48.00 16.00 22.00 42.00 76.00 20.00 34.00 0.08 0.41 0.00 1.00 0.00 2.00 6.00 14.00 10.00 9.00 7.00 0.00 0.00 0.00 0.00 0.00
49.00 15.00 10.00 32.00 67.00 22.00 35.00 0.08 0.67 0.00 1.00 0.00 4.00 9.00 11.00 6.00 13.00 2.00 0.00 0.00 0.00 0.00 0.00
50.00 17.00 11.00 40.00 83.00 29.00 43.00 0.08 0.65 1.00 1.00 1.00 4.00 7.00 13.00 10.00 11.00 6.00 0.00 0.00 0.00 0.00 0.00
51.00 14.00 13.00 34.00 71.00 21.00 37.00 0.08 0.57 0.00 2.00 0.00 4.00 7.00 10.00 7.00 11.00 3.00 0.00 0.00 0.00 0.00 0.00
52.00 13.00 9.00 29.00 62.00 20.00 33.00 0.09 0.62 0.00 1.00 0.00 4.00 8.00 9.00 5.00 11.00 2.00 0.00 0.00 0.00 0.00 0.00
53.00 8.00 4.00 14.00 38.00 10.00 24.00 0.08 0.28 0.00 1.00 0.00 3.00 5.00 5.00 3.00 8.00 0.00 0.00 0.00 0.00 0.00 0.00
54.00 19.00 20.00 45.00 90.00 25.00 45.00 0.08 0.62 0.00 0.00 0.00 10.00 10.00 9.00 9.00 12.00 7.00 0.00 0.00 0.00 0.00 0.00
55.00 19.00 13.00 43.00 88.00 30.00 45.00 0.10 0.78 0.00 1.00 0.00 5.00 10.00 14.00 9.00 17.00 2.00 0.00 0.00 0.00 0.00 0.00
56.00 17.00 20.00 40.00 82.00 20.00 42.00 0.08 0.65 0.00 1.00 0.00 1.00 10.00 16.00 7.00 12.00 5.00 0.00 0.00 0.00 0.00 0.00
57.00 14.00 7.00 32.00 69.00 25.00 37.00 0.09 0.57 0.00 1.00 0.00 5.00 8.00 9.00 6.00 10.00 4.00 0.00 0.00 0.00 0.00 0.00
58.00 8.00 3.00 10.00 31.00 7.00 21.00 0.07 0.58 0.00 0.00 0.00 4.00 7.00 4.00 1.00 7.00 1.00 0.00 0.00 0.00 0.00 0.00
59.00 20.00 19.00 45.00 96.00 26.00 51.00 0.08 1.07 0.00 1.00 0.00 4.00 8.00 16.00 12.00 18.00 2.00 0.00 0.00 0.00 0.00 0.00
60.00 19.00 25.00 48.00 92.00 23.00 44.00 0.08 0.67 0.00 0.00 0.00 7.00 12.00 12.00 7.00 17.00 2.00 0.00 0.00 0.00 0.00 0.00
61.00 19.00 26.00 52.00 93.00 26.00 41.00 0.07 0.61 0.00 1.00 0.00 6.00 10.00 13.00 9.00 12.00 7.00 0.00 0.00 0.00 0.00 0.00
62.00 19.00 20.00 50.00 90.00 30.00 40.00 0.08 0.67 0.00 2.00 0.00 7.00 11.00 12.00 8.00 12.00 7.00 0.00 0.00 0.00 1.00 0.00
63.00 22.00 28.00 60.00 100.00 32.00 40.00 0.06 0.87 0.00 2.00 0.00 9.00 12.00 13.00 10.00 17.00 5.00 0.00 0.00 0.00 0.00 0.00
64.00 15.00 12.00 38.00 73.00 26.00 35.00 0.07 0.65 0.00 0.00 0.00 5.00 7.00 10.00 8.00 9.00 6.00 0.00 0.00 0.00 0.00 0.00
65.00 20.00 25.00 52.00 101.00 27.00 49.00 0.08 0.63 0.00 1.00 0.00 4.00 10.00 16.00 10.00 12.00 8.00 0.00 0.00 0.00 0.00 0.00
66.00 21.00 15.00 50.00 105.00 35.00 55.00 0.09 0.76 0.00 1.00 0.00 5.00 10.00 16.00 11.00 13.00 8.00 0.00 0.00 1.00 0.00 0.00
67.00 15.00 7.00 33.00 71.00 26.00 38.00 0.09 0.72 0.00 1.00 0.00 4.00 10.00 11.00 5.00 14.00 1.00 0.00 0.00 0.00 0.00 0.00
68.00 22.00 20.00 55.00 104.00 35.00 49.00 0.08 0.86 0.00 1.00 0.00 9.00 13.00 13.00 9.00 17.00 5.00 0.00 0.00 0.00 0.00 0.00
69.00 17.00 16.00 44.00 86.00 28.00 42.00 0.08 0.62 0.00 1.00 0.00 4.00 9.00 13.00 8.00 11.00 6.00 0.00 0.00 0.00 0.00 0.00
70.00 18.00 21.00 51.00 87.00 30.00 36.00 0.08 0.58 0.00 1.00 0.00 2.00 10.00 16.00 8.00 12.00 6.00 0.00 0.00 0.00 0.00 0.00
71.00 21.00 24.00 56.00 104.00 32.00 48.00 0.09 0.67 0.00 1.00 0.00 5.00 12.00 16.00 9.00 17.00 4.00 0.00 0.00 0.00 0.00 0.00
72.00 19.00 21.00 48.00 99.00 27.00 51.00 0.09 0.69 0.00 1.00 0.00 6.00 11.00 13.00 8.00 15.00 4.00 0.00 0.00 0.00 0.00 0.00
73.00 9.00 2.00 19.00 42.00 17.00 23.00 0.07 0.39 0.00 1.00 0.00 3.00 6.00 6.00 3.00 8.00 1.00 0.00 0.00 0.00 0.00 0.00
74.00 17.00 17.00 40.00 85.00 23.00 45.00 0.10 0.61 0.00 2.00 0.00 5.00 11.00 12.00 6.00 14.00 3.00 0.00 0.00 0.00 1.00 0.00
75.00 19.00 16.00 45.00 96.00 29.00 51.00 0.08 0.58 0.00 0.00 0.00 6.00 10.00 13.00 9.00 14.00 5.00 0.00 0.00 0.00 0.00 0.00
76.00 15.00 16.00 39.00 75.00 23.00 36.00 0.08 0.53 0.00 1.00 0.00 2.00 3.00 13.00 12.00 8.00 7.00 0.00 0.00 0.00 0.00 0.00
77.00 20.00 15.00 47.00 90.00 32.00 43.00 0.07 0.66 0.00 1.00 0.00 8.00 11.00 12.00 9.00 14.00 6.00 0.00 0.00 0.00 0.00 0.00
78.00 20.00 17.00 49.00 97.00 32.00 48.00 0.09 0.55 0.00 1.00 0.00 8.00 13.00 12.00 7.00 16.00 4.00 1.00 0.00 0.00 0.00 0.00
79.00 18.00 19.00 49.00 89.00 30.00 40.00 0.09 0.53 0.00 0.00 0.00 5.00 8.00 13.00 10.00 13.00 5.00 1.00 0.00 1.00 0.00 0.00
80.00 18.00 21.00 51.00 95.00 30.00 44.00 0.09 0.58 0.00 0.00 0.00 4.00 10.00 14.00 8.00 13.00 5.00 1.00 0.00 0.00 0.00 0.00
81.00 17.00 16.00 44.00 85.00 28.00 41.00 0.08 0.62 0.00 2.00 0.00 2.00 7.00 15.00 10.00 11.00 6.00 0.00 0.00 0.00 0.00 0.00
82.00 18.00 15.00 45.00 91.00 30.00 46.00 0.07 0.60 0.00 1.00 0.00 7.00 10.00 11.00 8.00 12.00 6.00 0.00 0.00 1.00 0.00 0.00
83.00 22.00 14.00 50.00 110.00 36.00 60.00 0.08 0.92 0.00 2.00 0.00 7.00 10.00 15.00 12.00 14.00 8.00 0.00 0.00 0.00 0.00 0.00
84.00 24.00 18.00 50.00 113.00 32.00 63.00 0.08 0.80 0.00 3.00 0.00 5.00 12.00 19.00 12.00 17.00 7.00 0.00 0.00 0.00 0.00 0.00
85.00 19.00 14.00 44.00 89.00 30.00 45.00 0.09 0.68 0.00 2.00 0.00 5.00 10.00 14.00 9.00 15.00 4.00 0.00 0.00 0.00 0.00 0.00
86.00 12.00 8.00 26.00 54.00 18.00 28.00 0.09 0.62 0.00 1.00 0.00 4.00 7.00 8.00 5.00 9.00 3.00 0.00 0.00 0.00 0.00 0.00
87.00 23.00 25.00 57.00 115.00 32.00 58.00 0.08 0.67 0.00 2.00 0.00 7.00 15.00 16.00 8.00 18.00 5.00 0.00 0.00 0.00 1.00 0.00
88.00 24.00 28.00 56.00 115.00 28.00 59.00 0.08 0.78 0.00 1.00 0.00 8.00 12.00 16.00 12.00 16.00 8.00 0.00 0.00 0.00 0.00 0.00
89.00 23.00 28.00 63.00 114.00 35.00 51.00 0.09 0.69 0.00 2.00 0.00 7.00 13.00 16.00 10.00 15.00 8.00 0.00 0.00 0.00 0.00 0.00
90.00 26.00 31.00 76.00 130.00 45.00 54.00 0.08 0.81 0.00 2.00 0.00 6.00 10.00 20.00 16.00 15.00 11.00 1.00 0.00 0.00 0.00 0.00
91.00 24.00 28.00 68.00 113.00 40.00 45.00 0.08 0.76 0.00 2.00 0.00 5.00 9.00 19.00 15.00 16.00 8.00 1.00 0.00 0.00 0.00 0.00
92.00 23.00 21.00 66.00 110.00 45.00 44.00 0.10 0.81 0.00 3.00 0.00 2.00 10.00 21.00 13.00 14.00 9.00 1.00 0.00 0.00 0.00 0.00
93.00 23.00 24.00 62.00 114.00 38.00 52.00 0.10 0.66 0.00 3.00 0.00 8.00 12.00 15.00 11.00 15.00 8.00 1.00 0.00 0.00 0.00 0.00
94.00 30.00 36.00 89.00 152.00 53.00 63.00 0.09 0.92 0.00 2.00 0.00 3.00 11.00 27.00 19.00 17.00 13.00 1.00 0.00 0.00 0.00 0.00
95.00 19.00 20.00 49.00 93.00 29.00 44.00 0.07 0.56 0.00 1.00 0.00 3.00 9.00 16.00 10.00 15.00 4.00 1.00 0.00 0.00 0.00 0.00
96.00 29.00 44.00 88.00 142.00 44.00 54.00 0.07 0.78 0.00 3.00 0.00 6.00 17.00 23.00 12.00 21.00 8.00 1.00 0.00 2.00 0.00 0.00
97.00 27.00 27.00 72.00 134.00 45.00 62.00 0.08 0.89 0.00 2.00 0.00 9.00 13.00 18.00 14.00 18.00 9.00 1.00 0.00 0.00 1.00 0.00
98.00 30.00 36.00 86.00 157.00 50.00 71.00 0.09 0.98 0.00 2.00 0.00 6.00 11.00 24.00 19.00 19.00 11.00 0.00 0.00 0.00 0.00 0.00
99.00 31.00 36.00 87.00 153.00 51.00 66.00 0.09 0.95 0.00 3.00 0.00 8.00 13.00 23.00 18.00 18.00 13.00 0.00 0.00 0.00 0.00 0.00
100.00 31.00 52.00 100.00 162.00 48.00 62.00 0.08 0.86 0.00 4.00 0.00 5.00 13.00 26.00 18.00 15.00 16.00 0.00 0.00 0.00 0.00 0.00
101.00 29.00 44.00 95.00 152.00 51.00 57.00 0.09 0.85 0.00 3.00 0.00 6.00 11.00 23.00 18.00 18.00 11.00 0.00 0.00 0.00 0.00 0.00
102.00 32.00 50.00 100.00 154.00 50.00 54.00 0.09 1.26 0.00 3.00 0.00 8.00 15.00 24.00 17.00 18.00 14.00 0.00 0.00 1.00 0.00 0.00
103.00 29.00 45.00 85.00 146.00 40.00 61.00 0.07 1.00 1.00 4.00 0.25 5.00 11.00 24.00 18.00 19.00 10.00 1.00 0.00 0.00 0.00 0.00
104.00 29.00 41.00 91.00 148.00 50.00 57.00 0.09 0.86 0.00 3.00 0.00 9.00 12.00 20.00 17.00 16.00 13.00 1.00 0.00 0.00 0.00 0.00
105.00 20.00 20.00 54.00 104.00 34.00 50.00 0.10 0.82 0.00 3.00 0.00 4.00 9.00 16.00 11.00 12.00 8.00 1.00 0.00 0.00 0.00 0.00
106.00 29.00 37.00 86.00 151.00 49.00 65.00 0.10 0.82 1.00 3.00 0.33 5.00 13.00 24.00 16.00 15.00 14.00 0.00 0.00 0.00 0.00 0.00
107.00 29.00 32.00 82.00 145.00 50.00 63.00 0.09 1.02 1.00 2.00 0.50 9.00 15.00 20.00 14.00 21.00 8.00 0.00 0.00 1.00 1.00 0.00
108.00 31.00 48.00 100.00 160.00 52.00 60.00 0.10 0.92 1.00 3.00 0.33 7.00 16.00 24.00 15.00 19.00 12.00 1.00 0.00 1.00 0.00 0.00
109.00 30.00 38.00 90.00 153.00 52.00 63.00 0.08 0.79 1.00 3.00 0.33 8.00 18.00 22.00 12.00 23.00 7.00 1.00 0.00 0.00 0.00 0.00
110.00 30.00 38.00 96.00 162.00 58.00 66.00 0.08 1.06 1.00 3.00 0.33 9.00 14.00 21.00 16.00 16.00 14.00 1.00 0.00 0.00 0.00 0.00
111.00 29.00 37.00 82.00 154.00 45.00 72.00 0.09 0.86 1.00 3.00 0.33 8.00 13.00 21.00 16.00 16.00 13.00 1.00 0.00 0.00 0.00 0.00
112.00 32.00 45.00 98.00 168.00 53.00 70.00 0.09 0.95 0.00 3.00 0.00 9.00 16.00 23.00 16.00 18.00 14.00 1.00 0.00 1.00 0.00 0.00
113.00 28.00 25.00 77.00 139.00 52.00 62.00 0.09 1.12 0.00 3.00 0.00 5.00 13.00 23.00 15.00 19.00 9.00 1.00 0.00 0.00 0.00 0.00
114.00 31.00 43.00 90.00 159.00 47.00 69.00 0.09 0.87 0.00 3.00 0.00 6.00 10.00 25.00 21.00 19.00 12.00 1.00 0.00 1.00 0.00 0.00
115.00 28.00 27.00 78.00 136.00 51.00 58.00 0.08 0.93 0.00 3.00 0.00 6.00 12.00 22.00 16.00 18.00 10.00 1.00 0.00 0.00 0.00 0.00
116.00 30.00 34.00 75.00 141.00 41.00 66.00 0.10 1.03 0.00 2.00 0.00 10.00 16.00 20.00 14.00 18.00 12.00 0.00 0.00 0.00 0.00 0.00
117.00 28.00 35.00 79.00 137.00 44.00 58.00 0.09 0.84 0.00 2.00 0.00 5.00 16.00 23.00 12.00 25.00 3.00 0.00 0.00 0.00 0.00 0.00
118.00 29.00 26.00 80.00 151.00 54.00 71.00 0.09 1.00 0.00 3.00 0.00 10.00 16.00 19.00 13.00 22.00 7.00 1.00 0.00 0.00 0.00 0.00
119.00 31.00 34.00 85.00 156.00 51.00 71.00 0.08 0.98 0.00 3.00 0.00 5.00 14.00 26.00 17.00 17.00 14.00 1.00 0.00 0.00 1.00 0.00
120.00 33.00 51.00 102.00 163.00 51.00 61.00 0.09 0.98 0.00 3.00 0.00 5.00 11.00 28.00 22.00 15.00 18.00 1.00 0.00 0.00 0.00 0.00
121.00 37.00 51.00 110.00 190.00 59.00 80.00 0.10 1.04 0.00 5.00 0.00 8.00 14.00 29.00 23.00 20.00 17.00 0.00 0.00 1.00 0.00 0.00
122.00 39.00 57.00 120.00 206.00 63.00 86.00 0.11 1.07 0.00 3.00 0.00 9.00 15.00 30.00 24.00 21.00 18.00 0.00 0.00 0.00 0.00 0.00
123.00 32.00 38.00 92.00 165.00 54.00 73.00 0.10 0.95 1.00 3.00 0.33 7.00 11.00 25.00 21.00 16.00 16.00 0.00 0.00 0.00 0.00 0.00
124.00 34.00 44.00 89.00 163.00 45.00 74.00 0.10 0.94 0.00 3.00 0.00 8.00 11.00 26.00 23.00 15.00 19.00 0.00 0.00 0.00 0.00 0.00
125.00 25.00 29.00 75.00 138.00 46.00 63.00 0.09 0.72 0.00 2.00 0.00 2.00 8.00 23.00 17.00 18.00 7.00 0.00 0.00 0.00 0.00 0.00
126.00 34.00 44.00 95.00 170.00 51.00 75.00 0.09 1.02 0.00 5.00 0.00 9.00 18.00 25.00 16.00 23.00 11.00 0.00 0.00 1.00 0.00 1.00
127.00 32.00 37.00 85.00 158.00 48.00 73.00 0.08 0.89 0.00 3.00 0.00 8.00 16.00 24.00 16.00 20.00 12.00 0.00 0.00 0.00 0.00 0.00
128.00 28.00 24.00 67.00 137.00 43.00 70.00 0.08 1.01 0.00 2.00 0.00 9.00 17.00 19.00 11.00 19.00 9.00 0.00 0.00 0.00 1.00 0.00
129.00 29.00 38.00 84.00 146.00 46.00 62.00 0.09 1.03 0.00 3.00 0.00 5.00 12.00 24.00 17.00 20.00 9.00 0.00 0.00 1.00 0.00 0.00
130.00 27.00 30.00 71.00 130.00 41.00 59.00 0.07 0.85 0.00 3.00 0.00 7.00 13.00 20.00 14.00 17.00 10.00 0.00 0.00 0.00 0.00 0.00
131.00 34.00 42.00 91.00 160.00 49.00 69.00 0.09 0.97 0.00 3.00 0.00 6.00 18.00 28.00 16.00 23.00 11.00 1.00 0.00 0.00 0.00 0.00
132.00 34.00 49.00 107.00 182.00 58.00 75.00 0.10 0.91 0.00 3.00 0.00 4.00 12.00 30.00 22.00 19.00 15.00 1.00 0.00 0.00 0.00 0.00
133.00 30.00 36.00 84.00 145.00 48.00 61.00 0.08 1.11 0.00 3.00 0.00 9.00 17.00 21.00 13.00 22.00 8.00 0.00 0.00 0.00 0.00 0.00
134.00 29.00 29.00 83.00 149.00 54.00 66.00 0.09 0.94 0.00 4.00 0.00 9.00 17.00 20.00 12.00 19.00 10.00 0.00 0.00 0.00 0.00 0.00
135.00 32.00 41.00 93.00 160.00 52.00 67.00 0.08 1.03 0.00 5.00 0.00 5.00 11.00 27.00 21.00 17.00 15.00 0.00 0.00 0.00 0.00 0.00
136.00 31.00 46.00 100.00 158.00 54.00 58.00 0.08 0.89 0.00 4.00 0.00 5.00 11.00 26.00 20.00 16.00 15.00 0.00 0.00 1.00 0.00 0.00
137.00 33.00 45.00 97.00 177.00 52.00 80.00 0.08 1.15 0.00 4.00 0.00 8.00 13.00 25.00 20.00 20.00 13.00 0.00 0.00 1.00 0.00 0.00
138.00 34.00 48.00 101.00 183.00 53.00 82.00 0.08 0.94 0.00 4.00 0.00 6.00 10.00 28.00 24.00 21.00 13.00 0.00 0.00 0.00 0.00 0.00
139.00 30.00 44.00 87.00 152.00 43.00 65.00 0.07 0.98 0.00 5.00 0.00 10.00 12.00 20.00 18.00 17.00 13.00 0.00 0.00 1.00 0.00 0.00
140.00 30.00 45.00 93.00 157.00 48.00 64.00 0.08 0.83 0.00 3.00 0.00 7.00 16.00 23.00 14.00 20.00 10.00 0.00 0.00 0.00 0.00 0.00
141.00 33.00 41.00 99.00 169.00 58.00 70.00 0.09 0.96 0.00 4.00 0.00 5.00 13.00 28.00 20.00 18.00 15.00 0.00 0.00 0.00 0.00 0.00
142.00 30.00 30.00 81.00 151.00 51.00 70.00 0.08 1.01 0.00 5.00 0.00 2.00 12.00 28.00 18.00 18.00 12.00 0.00 0.00 0.00 0.00 0.00
143.00 32.00 42.00 92.00 159.00 50.00 67.00 0.08 1.05 0.00 3.00 0.00 11.00 15.00 21.00 17.00 21.00 11.00 0.00 0.00 0.00 0.00 0.00
144.00 37.00 55.00 105.00 187.00 50.00 82.00 0.08 1.11 0.00 3.00 0.00 5.00 14.00 32.00 23.00 22.00 15.00 0.00 0.00 0.00 0.00 0.00
145.00 34.00 43.00 97.00 175.00 54.00 78.00 0.08 0.94 0.00 5.00 0.00 8.00 13.00 26.00 21.00 17.00 17.00 0.00 1.00 0.00 0.00 0.00
146.00 33.00 34.00 100.00 166.00 66.00 66.00 0.08 1.15 0.00 3.00 0.00 9.00 12.00 24.00 21.00 22.00 11.00 0.00 0.00 0.00 0.00 0.00
147.00 37.00 45.00 103.00 185.00 58.00 82.00 0.08 1.30 0.00 4.00 0.00 9.00 14.00 28.00 23.00 20.00 17.00 0.00 0.00 1.00 0.00 0.00
148.00 29.00 34.00 78.00 148.00 44.00 70.00 0.10 1.04 0.00 4.00 0.00 11.00 11.00 18.00 18.00 18.00 11.00 0.00 0.00 0.00 0.00 0.00
149.00 31.00 38.00 88.00 158.00 50.00 70.00 0.09 1.13 0.00 3.00 0.00 7.00 16.00 24.00 15.00 21.00 10.00 0.00 0.00 1.00 0.00 0.00
150.00 29.00 31.00 82.00 144.00 51.00 62.00 0.09 1.10 0.00 4.00 0.00 7.00 13.00 22.00 16.00 18.00 11.00 0.00 0.00 0.00 0.00 0.00
151.00 25.00 21.00 64.00 128.00 43.00 64.00 0.08 0.86 0.00 3.00 0.00 5.00 11.00 20.00 14.00 17.00 8.00 0.00 1.00 0.00 0.00 0.00
152.00 32.00 34.00 85.00 163.00 51.00 78.00 0.09 1.21 0.00 4.00 0.00 9.00 15.00 23.00 17.00 20.00 12.00 0.00 1.00 0.00 0.00 0.00
153.00 33.00 43.00 97.00 161.00 54.00 64.00 0.08 1.05 0.00 4.00 0.00 5.00 13.00 28.00 20.00 21.00 12.00 0.00 0.00 0.00 0.00 0.00
154.00 30.00 38.00 82.00 158.00 44.00 76.00 0.07 0.94 1.00 3.00 0.33 7.00 15.00 23.00 15.00 20.00 10.00 0.00 1.00 1.00 0.00 0.00
155.00 30.00 41.00 92.00 155.00 51.00 63.00 0.09 1.02 1.00 2.00 0.50 7.00 15.00 23.00 15.00 16.00 14.00 0.00 0.00 0.00 0.00 0.00
156.00 33.00 42.00 102.00 182.00 60.00 80.00 0.08 1.16 0.00 0.00 0.00 8.00 17.00 25.00 16.00 21.00 12.00 0.00 0.00 0.00 0.00 0.00
157.00 37.00 43.00 105.00 182.00 62.00 77.00 0.08 1.31 1.00 3.00 0.33 12.00 22.00 25.00 15.00 28.00 9.00 0.00 0.00 0.00 0.00 0.00
158.00 33.00 40.00 93.00 163.00 53.00 70.00 0.08 1.18 0.00 3.00 0.00 9.00 16.00 24.00 17.00 22.00 11.00 0.00 0.00 0.00 0.00 0.00
159.00 29.00 34.00 79.00 149.00 45.00 70.00 0.08 0.84 0.00 3.00 0.00 10.00 17.00 19.00 12.00 22.00 7.00 0.00 0.00 0.00 0.00 0.00
160.00 35.00 45.00 105.00 191.00 60.00 86.00 0.08 1.05 0.00 2.00 0.00 7.00 17.00 28.00 18.00 25.00 10.00 1.00 0.00 0.00 0.00 0.00
161.00 29.00 28.00 78.00 145.00 50.00 67.00 0.07 1.25 0.00 2.00 0.00 8.00 15.00 21.00 14.00 24.00 5.00 0.00 0.00 0.00 0.00 0.00
162.00 27.00 30.00 77.00 143.00 47.00 66.00 0.10 0.85 0.00 3.00 0.00 6.00 11.00 21.00 16.00 16.00 11.00 0.00 0.00 0.00 0.00 0.00
163.00 32.00 41.00 95.00 164.00 54.00 69.00 0.09 1.13 0.00 3.00 0.00 5.00 15.00 27.00 17.00 20.00 12.00 1.00 0.00 0.00 0.00 0.00
164.00 27.00 28.00 75.00 139.00 47.00 64.00 0.08 0.96 0.00 4.00 0.00 3.00 10.00 24.00 17.00 16.00 11.00 1.00 0.00 0.00 1.00 0.00
165.00 26.00 23.00 69.00 137.00 46.00 68.00 0.09 0.90 0.00 4.00 0.00 5.00 9.00 21.00 17.00 17.00 9.00 0.00 0.00 0.00 0.00 0.00
166.00 34.00 39.00 91.00 160.00 52.00 69.00 0.09 1.12 0.00 4.00 0.00 9.00 15.00 25.00 19.00 22.00 12.00 0.00 1.00 0.00 0.00 0.00
167.00 30.00 35.00 78.00 157.00 43.00 79.00 0.06 1.00 0.00 2.00 0.00 6.00 13.00 24.00 17.00 18.00 12.00 0.00 0.00 0.00 0.00 1.00
168.00 23.00 24.00 58.00 117.00 34.00 59.00 0.08 0.83 0.00 2.00 0.00 4.00 13.00 19.00 10.00 13.00 10.00 0.00 0.00 0.00 0.00 1.00
169.00 30.00 35.00 81.00 151.00 46.00 70.00 0.08 1.05 1.00 3.00 0.33 5.00 12.00 25.00 18.00 18.00 12.00 0.00 1.00 0.00 0.00 0.00
170.00 33.00 45.00 100.00 169.00 55.00 69.00 0.08 1.07 1.00 4.00 0.25 10.00 14.00 23.00 19.00 21.00 12.00 0.00 1.00 0.00 0.00 0.00
171.00 31.00 39.00 89.00 161.00 50.00 72.00 0.08 1.04 2.00 4.00 0.50 9.00 14.00 22.00 17.00 20.00 11.00 0.00 1.00 0.00 0.00 0.00
172.00 33.00 41.00 101.00 169.00 60.00 68.00 0.08 1.12 1.00 3.00 0.33 6.00 15.00 27.00 18.00 22.00 11.00 0.00 1.00 0.00 0.00 0.00
173.00 30.00 27.00 88.00 149.00 61.00 61.00 0.08 1.10 1.00 3.00 0.33 8.00 14.00 22.00 16.00 21.00 9.00 0.00 0.00 0.00 0.00 0.00
174.00 32.00 41.00 98.00 170.00 57.00 72.00 0.07 1.03 2.00 3.00 0.67 5.00 16.00 27.00 16.00 19.00 13.00 0.00 0.00 0.00 0.00 0.00
175.00 37.00 57.00 114.00 195.00 57.00 81.00 0.09 1.12 1.00 3.00 0.33 7.00 17.00 30.00 20.00 22.00 15.00 0.00 1.00 0.00 0.00 0.00
176.00 33.00 44.00 107.00 177.00 63.00 70.00 0.08 1.08 1.00 2.00 0.50 5.00 11.00 28.00 22.00 19.00 14.00 0.00 1.00 0.00 0.00 0.00
177.00 31.00 39.00 87.00 156.00 48.00 69.00 0.09 0.98 1.00 1.00 1.00 5.00 15.00 26.00 16.00 20.00 11.00 0.00 1.00 0.00 0.00 0.00
178.00 35.00 38.00 90.00 163.00 52.00 73.00 0.07 1.19 0.00 3.00 0.00 12.00 19.00 23.00 16.00 25.00 10.00 0.00 0.00 0.00 0.00 0.00
179.00 30.00 35.00 89.00 161.00 54.00 72.00 0.10 0.99 0.00 3.00 0.00 3.00 15.00 27.00 15.00 24.00 6.00 0.00 1.00 0.00 0.00 0.00
180.00 32.00 46.00 102.00 170.00 56.00 68.00 0.09 0.92 0.00 3.00 0.00 5.00 11.00 27.00 21.00 17.00 15.00 0.00 1.00 1.00 0.00 0.00
181.00 32.00 34.00 98.00 167.00 64.00 69.00 0.11 1.08 0.00 3.00 0.00 8.00 16.00 24.00 16.00 23.00 9.00 0.00 1.00 0.00 0.00 0.00
182.00 32.00 41.00 98.00 170.00 57.00 72.00 0.09 0.99 0.00 4.00 0.00 5.00 8.00 27.00 24.00 15.00 17.00 0.00 1.00 1.00 0.00 0.00
183.00 35.00 35.00 86.00 157.00 51.00 71.00 0.09 1.39 0.00 4.00 0.00 9.00 19.00 26.00 16.00 25.00 10.00 0.00 0.00 1.00 0.00 0.00
184.00 28.00 26.00 69.00 136.00 43.00 67.00 0.09 1.08 0.00 3.00 0.00 7.00 15.00 21.00 13.00 21.00 7.00 0.00 0.00 0.00 1.00 0.00
185.00 37.00 37.00 100.00 187.00 63.00 87.00 0.08 1.31 0.00 4.00 0.00 12.00 21.00 25.00 16.00 27.00 10.00 0.00 2.00 0.00 0.00 0.00
186.00 27.00 19.00 61.00 141.00 42.00 80.00 0.09 1.06 0.00 3.00 0.00 7.00 14.00 20.00 13.00 18.00 9.00 0.00 1.00 0.00 0.00 0.00
187.00 36.00 52.00 107.00 183.00 55.00 76.00 0.09 1.15 0.00 5.00 0.00 8.00 17.00 28.00 19.00 22.00 14.00 0.00 0.00 0.00 0.00 1.00
188.00 37.00 53.00 120.00 188.00 67.00 68.00 0.09 1.24 0.00 3.00 0.00 8.00 14.00 29.00 23.00 21.00 16.00 0.00 1.00 0.00 0.00 0.00
189.00 34.00 42.00 98.00 175.00 56.00 77.00 0.07 1.17 1.00 5.00 0.20 10.00 13.00 24.00 21.00 18.00 16.00 0.00 1.00 0.00 0.00 0.00
190.00 33.00 31.00 103.00 177.00 72.00 74.00 0.09 1.14 1.00 6.00 0.17 7.00 15.00 26.00 18.00 17.00 16.00 0.00 0.00 0.00 0.00 0.00
191.00 40.00 51.00 125.00 206.00 74.00 81.00 0.10 1.26 0.00 6.00 0.00 9.00 17.00 31.00 23.00 24.00 16.00 1.00 1.00 2.00 0.00 0.00
192.00 37.00 49.00 120.00 185.00 71.00 65.00 0.08 1.20 0.00 4.00 0.00 8.00 14.00 29.00 23.00 23.00 14.00 0.00 1.00 0.00 0.00 0.00
193.00 40.00 62.00 133.00 205.00 71.00 72.00 0.09 1.17 0.00 8.00 0.00 6.00 15.00 34.00 25.00 24.00 16.00 0.00 0.00 0.00 0.00 0.00
194.00 38.00 51.00 112.00 192.00 61.00 80.00 0.08 1.24 0.00 5.00 0.00 6.00 19.00 32.00 19.00 28.00 10.00 0.00 0.00 0.00 0.00 0.00
195.00 36.00 55.00 115.00 192.00 60.00 77.00 0.08 1.20 0.00 7.00 0.00 8.00 15.00 28.00 21.00 23.00 13.00 0.00 1.00 0.00 0.00 1.00
196.00 45.00 66.00 151.00 228.00 85.00 77.00 0.09 1.56 0.00 7.00 0.00 5.00 17.00 40.00 28.00 23.00 22.00 0.00 1.00 0.00 0.00 0.00
197.00 33.00 55.00 103.00 175.00 48.00 72.00 0.08 1.15 0.00 7.00 0.00 3.00 10.00 30.00 23.00 15.00 18.00 0.00 1.00 0.00 1.00 1.00
198.00 39.00 62.00 128.00 199.00 66.00 71.00 0.08 1.23 1.00 8.00 0.12 6.00 14.00 33.00 25.00 17.00 22.00 0.00 0.00 1.00 1.00 0.00
199.00 39.00 57.00 124.00 207.00 67.00 83.00 0.09 1.21 0.00 7.00 0.00 9.00 17.00 30.00 22.00 28.00 11.00 1.00 0.00 0.00 0.00 0.00
200.00 36.00 50.00 118.00 202.00 68.00 84.00 0.08 1.12 0.00 5.00 0.00 3.00 10.00 33.00 26.00 19.00 17.00 0.00 2.00 0.00 0.00 0.00
201.00 41.00 59.00 133.00 214.00 74.00 81.00 0.10 1.21 0.00 8.00 0.00 6.00 10.00 35.00 31.00 18.00 23.00 0.00 2.00 0.00 0.00 0.00
202.00 34.00 48.00 101.00 182.00 53.00 81.00 0.09 1.15 0.00 2.00 0.00 5.00 10.00 29.00 24.00 17.00 17.00 0.00 1.00 0.00 0.00 0.00
203.00 40.00 40.00 119.00 215.00 79.00 96.00 0.08 1.30 0.00 6.00 0.00 9.00 20.00 31.00 20.00 27.00 13.00 0.00 0.00 0.00 0.00 0.00
204.00 38.00 37.00 118.00 198.00 81.00 80.00 0.09 1.13 0.00 5.00 0.00 9.00 14.00 29.00 24.00 23.00 15.00 0.00 0.00 1.00 0.00 0.00
205.00 36.00 40.00 111.00 187.00 71.00 76.00 0.08 1.09 0.00 4.00 0.00 6.00 8.00 30.00 28.00 22.00 14.00 0.00 0.00 0.00 0.00 0.00
206.00 33.00 44.00 105.00 173.00 61.00 68.00 0.09 1.05 0.00 5.00 0.00 7.00 11.00 26.00 22.00 20.00 13.00 0.00 1.00 0.00 0.00 0.00
207.00 40.00 62.00 136.00 212.00 74.00 76.00 0.08 1.17 0.00 7.00 0.00 8.00 15.00 32.00 25.00 20.00 20.00 0.00 2.00 0.00 0.00 1.00
208.00 37.00 47.00 110.00 200.00 63.00 90.00 0.10 1.11 0.00 7.00 0.00 8.00 13.00 29.00 24.00 21.00 16.00 0.00 1.00 1.00 1.00 0.00
209.00 43.00 55.00 132.00 219.00 77.00 87.00 0.08 1.34 0.00 7.00 0.00 7.00 16.00 36.00 27.00 23.00 20.00 1.00 0.00 0.00 0.00 0.00
210.00 38.00 56.00 120.00 201.00 64.00 81.00 0.08 1.06 0.00 7.00 0.00 10.00 15.00 28.00 23.00 23.00 15.00 0.00 0.00 0.00 1.00 1.00
211.00 40.00 58.00 133.00 215.00 75.00 82.00 0.08 1.13 0.00 7.00 0.00 7.00 14.00 33.00 26.00 22.00 18.00 0.00 1.00 0.00 1.00 0.00
212.00 38.00 49.00 127.00 197.00 78.00 70.00 0.08 1.12 0.00 5.00 0.00 8.00 21.00 30.00 17.00 26.00 12.00 0.00 1.00 1.00 0.00 0.00
213.00 40.00 63.00 133.00 211.00 70.00 78.00 0.09 1.14 0.00 7.00 0.00 8.00 15.00 32.00 25.00 20.00 20.00 0.00 1.00 0.00 1.00 0.00
214.00 36.00 46.00 110.00 194.00 64.00 84.00 0.08 1.22 0.00 6.00 0.00 8.00 16.00 28.00 20.00 22.00 14.00 0.00 0.00 0.00 0.00 0.00
215.00 38.00 48.00 120.00 200.00 72.00 80.00 0.09 1.19 1.00 7.00 0.14 6.00 15.00 32.00 23.00 24.00 14.00 0.00 0.00 0.00 0.00 0.00
216.00 35.00 47.00 105.00 185.00 58.00 80.00 0.10 0.95 1.00 6.00 0.17 7.00 13.00 28.00 22.00 18.00 17.00 0.00 1.00 0.00 0.00 0.00
217.00 38.00 54.00 123.00 189.00 69.00 66.00 0.08 1.00 0.00 6.00 0.00 8.00 17.00 30.00 21.00 22.00 16.00 0.00 1.00 0.00 0.00 0.00
218.00 32.00 47.00 98.00 169.00 51.00 71.00 0.09 0.90 0.00 4.00 0.00 1.00 10.00 31.00 22.00 19.00 13.00 0.00 1.00 1.00 0.00 0.00
219.00 32.00 44.00 106.00 169.00 62.00 63.00 0.10 0.96 0.00 4.00 0.00 6.00 11.00 26.00 21.00 18.00 14.00 0.00 0.00 0.00 1.00 0.00
220.00 35.00 50.00 101.00 173.00 51.00 72.00 0.08 1.10 0.00 5.00 0.00 13.00 17.00 22.00 18.00 21.00 14.00 0.00 1.00 0.00 0.00 1.00
221.00 30.00 35.00 91.00 159.00 56.00 68.00 0.08 0.93 0.00 4.00 0.00 5.00 12.00 25.00 18.00 20.00 10.00 1.00 2.00 0.00 0.00 0.00
222.00 36.00 47.00 109.00 192.00 62.00 83.00 0.10 1.06 0.00 2.00 0.00 8.00 12.00 28.00 24.00 17.00 19.00 1.00 0.00 0.00 0.00 0.00
223.00 33.00 41.00 107.00 176.00 66.00 69.00 0.08 0.85 0.00 5.00 0.00 5.00 12.00 28.00 21.00 23.00 10.00 0.00 0.00 1.00 0.00 0.00
224.00 33.00 40.00 103.00 177.00 63.00 74.00 0.08 0.94 0.00 5.00 0.00 6.00 13.00 27.00 20.00 21.00 12.00 0.00 1.00 1.00 0.00 0.00
225.00 38.00 41.00 120.00 191.00 79.00 71.00 0.08 1.09 0.00 3.00 0.00 13.00 16.00 25.00 22.00 22.00 16.00 0.00 1.00 1.00 0.00 0.00
226.00 36.00 47.00 116.00 186.00 69.00 70.00 0.07 1.07 0.00 3.00 0.00 9.00 15.00 27.00 21.00 21.00 15.00 0.00 0.00 0.00 0.00 0.00
227.00 35.00 46.00 104.00 179.00 58.00 75.00 0.08 1.07 1.00 3.00 0.33 4.00 15.00 31.00 20.00 21.00 14.00 1.00 1.00 1.00 0.00 0.00
228.00 31.00 19.00 81.00 158.00 62.00 77.00 0.09 0.98 0.00 4.00 0.00 10.00 14.00 21.00 17.00 18.00 13.00 0.00 1.00 0.00 0.00 0.00
229.00 35.00 53.00 112.00 189.00 59.00 77.00 0.08 0.97 0.00 4.00 0.00 4.00 11.00 31.00 24.00 18.00 17.00 0.00 1.00 0.00 0.00 0.00
230.00 34.00 41.00 112.00 176.00 71.00 64.00 0.09 0.97 0.00 5.00 0.00 6.00 16.00 28.00 18.00 20.00 14.00 0.00 0.00 0.00 0.00 0.00
231.00 35.00 56.00 110.00 180.00 54.00 70.00 0.08 0.98 0.00 4.00 0.00 3.00 16.00 32.00 19.00 19.00 16.00 0.00 1.00 0.00 0.00 0.00
232.00 37.00 50.00 115.00 182.00 65.00 67.00 0.10 0.96 1.00 3.00 0.33 8.00 17.00 29.00 20.00 24.00 13.00 1.00 0.00 0.00 0.00 0.00
233.00 36.00 56.00 118.00 192.00 62.00 74.00 0.08 1.00 0.00 7.00 0.00 7.00 15.00 29.00 21.00 23.00 13.00 0.00 1.00 0.00 0.00 0.00
234.00 35.00 36.00 101.00 191.00 65.00 90.00 0.08 1.07 0.00 6.00 0.00 7.00 14.00 28.00 21.00 19.00 16.00 0.00 1.00 0.00 0.00 0.00
235.00 36.00 36.00 102.00 180.00 66.00 78.00 0.08 1.09 0.00 6.00 0.00 12.00 17.00 24.00 19.00 24.00 12.00 0.00 0.00 0.00 0.00 0.00
236.00 42.00 62.00 135.00 215.00 73.00 80.00 0.09 1.21 0.00 7.00 0.00 7.00 14.00 35.00 28.00 21.00 21.00 0.00 0.00 0.00 0.00 0.00
237.00 39.00 58.00 131.00 204.00 73.00 73.00 0.07 1.05 0.00 6.00 0.00 11.00 17.00 28.00 22.00 24.00 15.00 0.00 1.00 1.00 0.00 0.00
238.00 38.00 59.00 118.00 192.00 59.00 74.00 0.08 1.02 0.00 6.00 0.00 10.00 16.00 28.00 22.00 24.00 14.00 0.00 1.00 0.00 0.00 0.00
239.00 43.00 63.00 146.00 223.00 83.00 77.00 0.09 1.08 0.00 7.00 0.00 8.00 15.00 35.00 28.00 23.00 20.00 0.00 1.00 0.00 0.00 0.00
240.00 34.00 44.00 98.00 176.00 54.00 78.00 0.08 1.03 0.00 6.00 0.00 9.00 16.00 25.00 18.00 24.00 10.00 0.00 1.00 0.00 0.00 1.00
241.00 42.00 62.00 143.00 219.00 81.00 76.00 0.09 1.03 1.00 4.00 0.25 7.00 15.00 35.00 27.00 22.00 20.00 1.00 1.00 0.00 0.00 0.00
242.00 35.00 45.00 112.00 189.00 67.00 77.00 0.09 0.87 0.00 3.00 0.00 3.00 9.00 32.00 26.00 16.00 19.00 0.00 0.00 1.00 0.00 0.00
243.00 37.00 39.00 112.00 193.00 73.00 81.00 0.08 1.17 0.00 7.00 0.00 7.00 14.00 30.00 23.00 23.00 14.00 0.00 1.00 0.00 0.00 0.00
244.00 32.00 32.00 92.00 164.00 60.00 72.00 0.08 0.96 0.00 4.00 0.00 6.00 10.00 26.00 22.00 15.00 17.00 0.00 1.00 0.00 0.00 0.00
245.00 33.00 45.00 104.00 180.00 59.00 76.00 0.09 0.96 0.00 5.00 0.00 6.00 12.00 27.00 21.00 19.00 14.00 0.00 0.00 0.00 0.00 0.00
246.00 32.00 35.00 98.00 175.00 63.00 77.00 0.09 0.88 0.00 4.00 0.00 9.00 15.00 23.00 17.00 18.00 14.00 0.00 1.00 0.00 0.00 0.00
247.00 37.00 45.00 112.00 196.00 67.00 84.00 0.08 1.03 0.00 6.00 0.00 7.00 14.00 30.00 23.00 21.00 16.00 0.00 0.00 0.00 0.00 1.00
248.00 39.00 55.00 123.00 208.00 68.00 85.00 0.08 0.95 0.00 4.00 0.00 10.00 19.00 29.00 20.00 26.00 13.00 0.00 0.00 0.00 0.00 1.00
249.00 31.00 28.00 89.00 168.00 61.00 79.00 0.08 0.84 0.00 5.00 0.00 5.00 16.00 26.00 15.00 19.00 12.00 0.00 1.00 0.00 0.00 0.00
250.00 36.00 53.00 107.00 181.00 54.00 74.00 0.07 0.93 1.00 3.00 0.33 10.00 19.00 26.00 17.00 25.00 11.00 0.00 1.00 0.00 0.00 0.00
251.00 45.00 65.00 138.00 222.00 73.00 84.00 0.10 0.98 0.00 4.00 0.00 9.00 19.00 36.00 26.00 28.00 17.00 0.00 1.00 0.00 1.00 0.00
252.00 39.00 56.00 130.00 198.00 74.00 68.00 0.09 0.95 0.00 6.00 0.00 7.00 11.00 32.00 28.00 20.00 19.00 0.00 0.00 0.00 1.00 0.00
253.00 41.00 57.00 131.00 212.00 74.00 81.00 0.07 0.95 1.00 5.00 0.20 9.00 14.00 32.00 27.00 23.00 18.00 0.00 0.00 0.00 0.00 0.00
254.00 40.00 71.00 137.00 205.00 66.00 68.00 0.08 0.88 1.00 4.00 0.25 6.00 16.00 34.00 24.00 26.00 14.00 0.00 1.00 0.00 0.00 0.00
255.00 42.00 69.00 138.00 209.00 69.00 71.00 0.08 0.88 0.00 6.00 0.00 8.00 18.00 34.00 24.00 23.00 19.00 0.00 1.00 0.00 0.00 0.00
256.00 40.00 54.00 118.00 204.00 64.00 86.00 0.10 1.11 1.00 6.00 0.17 3.00 9.00 37.00 31.00 14.00 26.00 0.00 1.00 0.00 0.00 0.00
257.00 37.00 45.00 114.00 191.00 69.00 77.00 0.08 0.97 1.00 6.00 0.17 4.00 7.00 33.00 30.00 14.00 23.00 0.00 1.00 0.00 0.00 0.00
258.00 47.00 65.00 146.00 241.00 81.00 95.00 0.10 1.16 0.00 7.00 0.00 9.00 19.00 38.00 28.00 27.00 20.00 0.00 1.00 1.00 0.00 0.00
259.00 45.00 64.00 145.00 237.00 81.00 92.00 0.07 1.06 0.00 6.00 0.00 7.00 16.00 38.00 29.00 23.00 22.00 0.00 0.00 0.00 0.00 0.00
260.00 44.00 71.00 150.00 231.00 79.00 81.00 0.07 1.08 0.00 8.00 0.00 6.00 10.00 38.00 34.00 18.00 26.00 0.00 1.00 0.00 0.00 0.00
261.00 39.00 65.00 130.00 212.00 65.00 82.00 0.10 1.01 1.00 6.00 0.17 7.00 14.00 32.00 25.00 22.00 17.00 0.00 1.00 0.00 0.00 0.00
262.00 47.00 65.00 149.00 244.00 84.00 95.00 0.08 1.27 0.00 6.00 0.00 14.00 24.00 33.00 23.00 27.00 20.00 0.00 1.00 1.00 0.00 0.00
263.00 44.00 64.00 142.00 234.00 78.00 92.00 0.10 1.13 0.00 9.00 0.00 10.00 18.00 34.00 26.00 26.00 18.00 1.00 1.00 0.00 0.00 0.00
264.00 45.00 66.00 148.00 239.00 82.00 91.00 0.08 1.16 0.00 7.00 0.00 6.00 14.00 39.00 31.00 21.00 24.00 1.00 1.00 2.00 0.00 0.00
265.00 48.00 63.00 151.00 242.00 88.00 91.00 0.09 1.45 1.00 7.00 0.14 11.00 27.00 37.00 21.00 33.00 15.00 0.00 1.00 1.00 0.00 0.00
266.00 44.00 77.00 142.00 225.00 65.00 83.00 0.08 1.12 0.00 9.00 0.00 7.00 15.00 37.00 29.00 24.00 20.00 0.00 0.00 1.00 0.00 0.00
267.00 47.00 60.00 146.00 246.00 86.00 100.00 0.08 1.25 1.00 8.00 0.12 11.00 22.00 36.00 25.00 24.00 23.00 0.00 1.00 0.00 0.00 0.00
268.00 47.00 75.00 159.00 242.00 84.00 83.00 0.08 1.17 0.00 8.00 0.00 10.00 14.00 37.00 33.00 25.00 22.00 0.00 0.00 0.00 0.00 0.00
269.00 47.00 82.00 154.00 242.00 72.00 88.00 0.07 1.41 0.00 7.00 0.00 8.00 14.00 39.00 33.00 23.00 24.00 1.00 2.00 1.00 1.00 0.00
270.00 41.00 67.00 131.00 207.00 64.00 76.00 0.08 1.27 0.00 8.00 0.00 8.00 17.00 33.00 24.00 19.00 22.00 0.00 0.00 0.00 0.00 0.00
271.00 42.00 60.00 133.00 216.00 73.00 83.00 0.10 1.21 1.00 8.00 0.12 7.00 14.00 35.00 28.00 27.00 15.00 0.00 1.00 0.00 0.00 0.00
272.00 42.00 58.00 137.00 213.00 79.00 76.00 0.07 1.32 0.00 9.00 0.00 5.00 13.00 37.00 29.00 24.00 18.00 0.00 0.00 0.00 0.00 0.00
273.00 39.00 58.00 127.00 209.00 69.00 82.00 0.09 1.11 0.00 8.00 0.00 8.00 15.00 31.00 24.00 20.00 19.00 0.00 0.00 0.00 0.00 0.00
274.00 45.00 74.00 148.00 234.00 74.00 86.00 0.08 1.12 0.00 9.00 0.00 7.00 16.00 38.00 29.00 22.00 23.00 0.00 1.00 0.00 0.00 0.00
275.00 47.00 83.00 153.00 236.00 70.00 83.00 0.08 1.21 0.00 6.00 0.00 9.00 19.00 38.00 28.00 26.00 21.00 0.00 1.00 0.00 0.00 0.00
276.00 48.00 71.00 154.00 257.00 83.00 103.00 0.09 1.32 1.00 7.00 0.14 6.00 16.00 42.00 32.00 24.00 24.00 0.00 0.00 2.00 0.00 0.00
277.00 47.00 74.00 157.00 233.00 83.00 76.00 0.10 1.29 2.00 6.00 0.33 9.00 17.00 38.00 30.00 24.00 23.00 0.00 0.00 0.00 0.00 0.00
278.00 42.00 53.00 129.00 222.00 76.00 93.00 0.08 1.15 2.00 5.00 0.40 11.00 21.00 31.00 21.00 29.00 13.00 0.00 0.00 1.00 0.00 0.00
279.00 44.00 56.00 140.00 225.00 84.00 85.00 0.09 1.36 0.00 7.00 0.00 9.00 15.00 35.00 29.00 22.00 22.00 0.00 1.00 0.00 0.00 0.00
280.00 44.00 59.00 137.00 230.00 78.00 93.00 0.09 1.28 1.00 7.00 0.14 8.00 13.00 36.00 31.00 23.00 21.00 0.00 1.00 0.00 0.00 0.00
281.00 38.00 60.00 129.00 203.00 69.00 74.00 0.08 0.96 1.00 6.00 0.17 5.00 10.00 33.00 28.00 15.00 23.00 0.00 1.00 0.00 0.00 0.00
282.00 39.00 54.00 118.00 199.00 64.00 81.00 0.09 1.10 1.00 5.00 0.20 8.00 21.00 31.00 18.00 26.00 13.00 1.00 1.00 0.00 0.00 0.00
283.00 48.00 70.00 157.00 252.00 87.00 95.00 0.10 1.31 1.00 6.00 0.17 11.00 22.00 37.00 26.00 31.00 17.00 1.00 1.00 0.00 0.00 0.00
284.00 43.00 64.00 138.00 223.00 74.00 85.00 0.08 1.12 1.00 7.00 0.14 8.00 18.00 35.00 25.00 23.00 20.00 0.00 1.00 0.00 0.00 0.00
285.00 42.00 59.00 135.00 226.00 76.00 91.00 0.09 1.14 0.00 7.00 0.00 8.00 14.00 34.00 28.00 24.00 18.00 1.00 0.00 0.00 0.00 0.00
286.00 40.00 55.00 135.00 218.00 80.00 83.00 0.09 1.11 0.00 6.00 0.00 9.00 15.00 31.00 25.00 22.00 18.00 2.00 0.00 0.00 0.00 0.00
287.00 43.00 57.00 130.00 223.00 73.00 93.00 0.09 1.14 0.00 5.00 0.00 12.00 21.00 31.00 22.00 25.00 18.00 1.00 0.00 0.00 0.00 0.00
288.00 46.00 56.00 135.00 241.00 79.00 106.00 0.10 1.38 0.00 6.00 0.00 9.00 17.00 37.00 29.00 26.00 20.00 1.00 1.00 0.00 0.00 0.00
289.00 44.00 64.00 142.00 228.00 78.00 86.00 0.08 1.17 1.00 6.00 0.17 6.00 16.00 38.00 28.00 24.00 20.00 0.00 1.00 0.00 0.00 0.00
290.00 46.00 73.00 147.00 233.00 74.00 86.00 0.09 1.13 0.00 5.00 0.00 11.00 24.00 35.00 22.00 31.00 15.00 0.00 0.00 1.00 1.00 0.00
291.00 41.00 38.00 119.00 215.00 81.00 96.00 0.08 1.33 0.00 6.00 0.00 13.00 26.00 28.00 15.00 29.00 12.00 0.00 1.00 1.00 0.00 0.00
292.00 42.00 62.00 138.00 219.00 76.00 81.00 0.09 1.27 0.00 5.00 0.00 11.00 18.00 31.00 24.00 23.00 19.00 0.00 0.00 1.00 0.00 0.00
293.00 41.00 57.00 123.00 207.00 66.00 84.00 0.09 1.39 0.00 4.00 0.00 8.00 22.00 33.00 19.00 26.00 15.00 0.00 1.00 0.00 0.00 0.00
294.00 41.00 72.00 134.00 213.00 62.00 79.00 0.09 1.23 0.00 6.00 0.00 7.00 14.00 34.00 27.00 19.00 22.00 0.00 1.00 0.00 0.00 0.00
295.00 41.00 69.00 136.00 213.00 67.00 77.00 0.09 1.15 0.00 5.00 0.00 8.00 15.00 33.00 26.00 27.00 14.00 0.00 1.00 0.00 0.00 0.00
296.00 42.00 56.00 125.00 217.00 69.00 92.00 0.08 1.29 0.00 5.00 0.00 6.00 14.00 36.00 28.00 22.00 20.00 0.00 0.00 0.00 0.00 0.00
297.00 46.00 58.00 146.00 247.00 88.00 101.00 0.09 1.57 0.00 5.00 0.00 9.00 18.00 37.00 28.00 26.00 20.00 0.00 1.00 0.00 0.00 1.00
298.00 42.00 50.00 113.00 217.00 63.00 104.00 0.09 1.77 0.00 4.00 0.00 12.00 22.00 30.00 20.00 28.00 14.00 0.00 0.00 0.00 0.00 0.00
299.00 52.00 64.00 158.00 276.00 94.00 118.00 0.09 1.64 0.00 5.00 0.00 13.00 19.00 39.00 33.00 31.00 21.00 0.00 0.00 0.00 0.00 0.00
300.00 45.00 60.00 135.00 235.00 75.00 100.00 0.08 1.33 0.00 4.00 0.00 12.00 17.00 33.00 28.00 24.00 21.00 0.00 0.00 0.00 0.00 0.00
301.00 43.00 64.00 137.00 223.00 73.00 86.00 0.07 1.25 0.00 5.00 0.00 4.00 10.00 39.00 33.00 16.00 27.00 0.00 1.00 0.00 0.00 0.00
302.00 40.00 59.00 125.00 217.00 66.00 92.00 0.08 1.16 1.00 6.00 0.17 9.00 16.00 31.00 24.00 25.00 15.00 0.00 1.00 0.00 1.00 0.00
303.00 38.00 54.00 114.00 198.00 60.00 84.00 0.08 1.34 1.00 6.00 0.17 10.00 17.00 28.00 21.00 22.00 16.00 0.00 0.00 0.00 0.00 0.00
304.00 36.00 47.00 111.00 185.00 64.00 74.00 0.09 1.14 0.00 6.00 0.00 7.00 19.00 29.00 17.00 27.00 9.00 0.00 1.00 0.00 0.00 0.00
305.00 41.00 66.00 132.00 214.00 66.00 82.00 0.08 1.12 0.00 7.00 0.00 8.00 14.00 33.00 27.00 23.00 18.00 0.00 0.00 0.00 0.00 0.00
306.00 41.00 52.00 133.00 215.00 81.00 82.00 0.09 1.18 1.00 8.00 0.12 10.00 16.00 31.00 25.00 24.00 17.00 0.00 1.00 0.00 1.00 0.00
307.00 41.00 59.00 126.00 216.00 67.00 90.00 0.08 1.15 1.00 7.00 0.14 4.00 12.00 37.00 29.00 23.00 18.00 0.00 1.00 0.00 0.00 0.00
308.00 42.00 61.00 136.00 225.00 75.00 89.00 0.09 1.24 1.00 6.00 0.17 10.00 15.00 32.00 27.00 19.00 23.00 0.00 0.00 0.00 0.00 0.00
309.00 44.00 53.00 146.00 231.00 93.00 85.00 0.07 1.28 0.00 7.00 0.00 6.00 17.00 38.00 27.00 24.00 20.00 0.00 1.00 0.00 0.00 0.00
310.00 42.00 49.00 116.00 216.00 67.00 100.00 0.09 1.72 0.00 6.00 0.00 9.00 17.00 33.00 25.00 25.00 17.00 0.00 0.00 0.00 0.00 0.00
311.00 40.00 52.00 124.00 216.00 72.00 92.00 0.08 1.18 0.00 7.00 0.00 10.00 17.00 30.00 23.00 24.00 16.00 0.00 1.00 0.00 0.00 0.00
312.00 43.00 58.00 128.00 213.00 70.00 85.00 0.08 1.23 0.00 7.00 0.00 13.00 23.00 30.00 20.00 31.00 12.00 0.00 0.00 0.00 0.00 0.00
313.00 45.00 68.00 137.00 237.00 69.00 100.00 0.09 1.35 1.00 6.00 0.17 9.00 19.00 36.00 26.00 27.00 18.00 1.00 1.00 0.00 0.00 0.00
314.00 46.00 50.00 137.00 244.00 87.00 107.00 0.09 1.40 0.00 6.00 0.00 14.00 21.00 32.00 25.00 26.00 20.00 1.00 1.00 0.00 1.00 0.00
315.00 41.00 62.00 133.00 212.00 71.00 79.00 0.09 1.19 0.00 8.00 0.00 7.00 17.00 34.00 24.00 25.00 16.00 0.00 1.00 0.00 0.00 0.00
316.00 36.00 43.00 112.00 194.00 69.00 82.00 0.08 0.97 0.00 6.00 0.00 6.00 14.00 30.00 22.00 19.00 17.00 0.00 1.00 0.00 0.00 0.00
317.00 48.00 79.00 149.00 263.00 70.00 114.00 0.09 1.33 0.00 5.00 0.00 9.00 18.00 39.00 30.00 23.00 25.00 0.00 1.00 0.00 0.00 0.00
318.00 49.00 84.00 164.00 257.00 80.00 93.00 0.08 1.25 0.00 6.00 0.00 10.00 22.00 39.00 27.00 25.00 24.00 0.00 1.00 0.00 0.00 0.00
319.00 47.00 74.00 147.00 240.00 73.00 93.00 0.09 1.41 0.00 7.00 0.00 8.00 21.00 39.00 26.00 29.00 18.00 0.00 1.00 1.00 0.00 0.00
320.00 49.00 60.00 143.00 253.00 83.00 110.00 0.09 1.58 0.00 6.00 0.00 11.00 23.00 38.00 26.00 30.00 19.00 0.00 1.00 0.00 0.00 0.00
321.00 44.00 44.00 129.00 235.00 85.00 106.00 0.06 1.39 0.00 6.00 0.00 10.00 19.00 34.00 25.00 27.00 17.00 0.00 1.00 0.00 0.00 0.00
322.00 42.00 55.00 131.00 221.00 76.00 90.00 0.10 1.13 0.00 5.00 0.00 6.00 16.00 36.00 26.00 27.00 15.00 1.00 0.00 1.00 0.00 1.00
323.00 47.00 54.00 152.00 259.00 98.00 107.00 0.07 1.75 0.00 5.00 0.00 6.00 17.00 41.00 30.00 23.00 24.00 0.00 1.00 0.00 0.00 0.00
324.00 49.00 71.00 152.00 252.00 81.00 100.00 0.08 1.39 1.00 4.00 0.25 11.00 22.00 38.00 27.00 27.00 22.00 0.00 0.00 0.00 0.00 0.00
325.00 40.00 54.00 122.00 207.00 68.00 85.00 0.09 1.17 1.00 6.00 0.17 6.00 15.00 34.00 25.00 25.00 15.00 0.00 0.00 0.00 0.00 0.00
326.00 47.00 62.00 152.00 245.00 90.00 93.00 0.10 1.33 0.00 4.00 0.00 11.00 20.00 36.00 27.00 25.00 22.00 0.00 1.00 0.00 0.00 0.00
327.00 42.00 41.00 114.00 220.00 73.00 106.00 0.08 1.38 0.00 3.00 0.00 8.00 16.00 34.00 26.00 25.00 17.00 0.00 1.00 0.00 1.00 0.00
328.00 38.00 49.00 124.00 205.00 75.00 81.00 0.09 1.07 0.00 4.00 0.00 4.00 14.00 34.00 24.00 19.00 19.00 0.00 1.00 1.00 0.00 0.00
329.00 43.00 61.00 130.00 221.00 69.00 91.00 0.08 1.23 0.00 5.00 0.00 8.00 10.00 35.00 33.00 16.00 27.00 0.00 1.00 1.00 1.00 0.00
330.00 44.00 56.00 139.00 230.00 83.00 91.00 0.09 1.28 1.00 5.00 0.20 9.00 21.00 35.00 23.00 30.00 14.00 0.00 0.00 0.00 0.00 0.00
331.00 39.00 54.00 130.00 209.00 76.00 79.00 0.10 1.05 0.00 5.00 0.00 5.00 12.00 34.00 27.00 20.00 19.00 0.00 0.00 0.00 0.00 0.00
332.00 38.00 57.00 114.00 197.00 57.00 83.00 0.07 0.93 0.00 5.00 0.00 9.00 13.00 29.00 25.00 18.00 20.00 0.00 0.00 0.00 0.00 0.00
333.00 45.00 62.00 139.00 232.00 77.00 93.00 0.09 1.24 0.00 5.00 0.00 14.00 21.00 31.00 24.00 24.00 21.00 0.00 1.00 0.00 0.00 0.00
334.00 38.00 42.00 111.00 195.00 69.00 84.00 0.09 1.25 1.00 5.00 0.20 10.00 15.00 28.00 23.00 19.00 19.00 0.00 1.00 0.00 2.00 0.00
335.00 45.00 54.00 121.00 221.00 67.00 100.00 0.08 1.47 1.00 4.00 0.25 9.00 20.00 36.00 25.00 29.00 16.00 0.00 1.00 0.00 0.00 0.00
336.00 37.00 49.00 106.00 193.00 57.00 87.00 0.09 1.07 0.00 7.00 0.00 8.00 19.00 29.00 18.00 24.00 13.00 0.00 0.00 0.00 0.00 0.00
337.00 45.00 55.00 122.00 220.00 67.00 98.00 0.08 1.50 0.00 4.00 0.00 10.00 18.00 35.00 27.00 28.00 17.00 0.00 1.00 0.00 0.00 0.00
338.00 35.00 37.00 99.00 180.00 62.00 81.00 0.08 1.06 0.00 4.00 0.00 13.00 14.00 22.00 21.00 15.00 20.00 0.00 1.00 0.00 0.00 0.00
339.00 40.00 59.00 122.00 209.00 63.00 87.00 0.08 1.05 0.00 6.00 0.00 8.00 13.00 32.00 27.00 25.00 15.00 0.00 1.00 0.00 0.00 0.00
340.00 40.00 50.00 120.00 202.00 70.00 82.00 0.08 1.17 0.00 5.00 0.00 5.00 14.00 35.00 26.00 23.00 17.00 0.00 1.00 0.00 0.00 0.00
341.00 33.00 36.00 99.00 177.00 63.00 78.00 0.09 0.90 0.00 4.00 0.00 8.00 14.00 25.00 19.00 18.00 15.00 0.00 1.00 0.00 0.00 0.00
342.00 43.00 72.00 138.00 228.00 66.00 90.00 0.09 1.05 0.00 4.00 0.00 7.00 15.00 36.00 28.00 21.00 22.00 0.00 0.00 1.00 0.00 0.00
343.00 45.00 56.00 135.00 226.00 79.00 91.00 0.10 1.10 0.00 3.00 0.00 12.00 22.00 33.00 23.00 28.00 17.00 1.00 0.00 1.00 1.00 0.00
344.00 40.00 52.00 122.00 212.00 70.00 90.00 0.09 1.08 0.00 6.00 0.00 11.00 19.00 29.00 21.00 27.00 13.00 0.00 0.00 0.00 1.00 0.00
345.00 36.00 46.00 105.00 185.00 59.00 80.00 0.09 0.99 0.00 5.00 0.00 7.00 14.00 29.00 22.00 20.00 16.00 0.00 0.00 0.00 0.00 0.00
346.00 37.00 54.00 119.00 187.00 65.00 68.00 0.08 1.05 0.00 4.00 0.00 12.00 17.00 25.00 20.00 24.00 13.00 0.00 0.00 1.00 0.00 0.00
347.00 39.00 46.00 118.00 211.00 72.00 93.00 0.08 1.14 0.00 6.00 0.00 7.00 15.00 32.00 24.00 21.00 18.00 2.00 0.00 0.00 0.00 0.00
348.00 37.00 37.00 104.00 195.00 67.00 91.00 0.08 1.19 0.00 3.00 0.00 7.00 14.00 30.00 23.00 24.00 13.00 0.00 0.00 1.00 0.00 0.00
349.00 35.00 30.00 97.00 177.00 67.00 80.00 0.08 1.14 0.00 3.00 0.00 7.00 11.00 28.00 24.00 24.00 11.00 0.00 1.00 0.00 0.00 0.00
350.00 34.00 30.00 88.00 171.00 58.00 83.00 0.09 1.35 0.00 5.00 0.00 11.00 20.00 23.00 14.00 23.00 11.00 0.00 1.00 0.00 0.00 0.00
351.00 36.00 33.00 102.00 193.00 69.00 91.00 0.08 1.29 0.00 5.00 0.00 7.00 14.00 29.00 22.00 18.00 18.00 0.00 1.00 0.00 0.00 0.00
352.00 37.00 42.00 115.00 198.00 73.00 83.00 0.09 1.21 0.00 4.00 0.00 6.00 14.00 31.00 23.00 25.00 12.00 0.00 1.00 1.00 0.00 0.00
353.00 39.00 53.00 113.00 196.00 60.00 83.00 0.07 1.27 1.00 5.00 0.20 6.00 16.00 33.00 23.00 20.00 19.00 0.00 1.00 0.00 1.00 0.00
354.00 40.00 48.00 117.00 204.00 69.00 87.00 0.10 1.24 0.00 6.00 0.00 8.00 14.00 32.00 26.00 25.00 15.00 1.00 0.00 0.00 0.00 0.00
355.00 42.00 60.00 121.00 209.00 61.00 88.00 0.08 1.45 0.00 5.00 0.00 8.00 16.00 34.00 26.00 23.00 19.00 0.00 1.00 0.00 0.00 0.00
356.00 41.00 53.00 114.00 209.00 61.00 95.00 0.08 1.37 0.00 6.00 0.00 11.00 15.00 30.00 26.00 26.00 15.00 2.00 0.00 0.00 0.00 0.00
357.00 36.00 37.00 111.00 194.00 74.00 83.00 0.09 1.25 0.00 5.00 0.00 9.00 16.00 27.00 20.00 20.00 16.00 0.00 0.00 0.00 0.00 0.00
358.00 39.00 51.00 114.00 194.00 63.00 80.00 0.08 1.42 0.00 5.00 0.00 8.00 14.00 31.00 25.00 23.00 16.00 0.00 0.00 0.00 0.00 1.00
359.00 41.00 62.00 127.00 215.00 65.00 88.00 0.09 1.21 0.00 4.00 0.00 8.00 17.00 33.00 24.00 22.00 19.00 0.00 1.00 0.00 0.00 0.00
360.00 39.00 42.00 112.00 202.00 70.00 90.00 0.09 1.30 0.00 4.00 0.00 7.00 14.00 32.00 25.00 23.00 16.00 0.00 1.00 0.00 0.00 0.00
361.00 40.00 51.00 120.00 205.00 69.00 85.00 0.09 1.17 1.00 5.00 0.20 6.00 14.00 34.00 26.00 18.00 22.00 0.00 2.00 0.00 0.00 0.00
362.00 34.00 37.00 99.00 177.00 62.00 78.00 0.08 1.06 0.00 2.00 0.00 7.00 18.00 27.00 16.00 24.00 10.00 0.00 0.00 0.00 0.00 0.00
363.00 40.00 37.00 117.00 209.00 80.00 92.00 0.08 1.36 0.00 4.00 0.00 10.00 19.00 30.00 21.00 25.00 15.00 0.00 0.00 0.00 0.00 0.00
364.00 35.00 48.00 106.00 181.00 58.00 75.00 0.07 1.02 1.00 5.00 0.20 7.00 14.00 28.00 21.00 22.00 13.00 0.00 0.00 0.00 0.00 0.00
365.00 43.00 49.00 127.00 222.00 78.00 95.00 0.10 1.29 0.00 5.00 0.00 10.00 16.00 33.00 27.00 24.00 19.00 0.00 0.00 0.00 0.00 0.00
366.00 38.00 46.00 118.00 203.00 72.00 85.00 0.09 1.21 0.00 6.00 0.00 8.00 12.00 30.00 26.00 18.00 20.00 0.00 1.00 0.00 0.00 1.00
367.00 39.00 47.00 110.00 203.00 63.00 93.00 0.08 1.07 0.00 5.00 0.00 5.00 18.00 34.00 21.00 23.00 16.00 0.00 1.00 0.00 0.00 0.00
368.00 39.00 49.00 121.00 192.00 72.00 71.00 0.08 1.23 0.00 5.00 0.00 6.00 21.00 33.00 18.00 24.00 15.00 0.00 0.00 0.00 0.00 0.00
369.00 43.00 55.00 128.00 218.00 73.00 90.00 0.08 1.15 0.00 6.00 0.00 9.00 19.00 34.00 24.00 26.00 17.00 0.00 1.00 0.00 0.00 0.00
370.00 36.00 38.00 108.00 188.00 70.00 80.00 0.08 1.13 0.00 6.00 0.00 8.00 16.00 28.00 20.00 25.00 11.00 0.00 0.00 1.00 0.00 0.00
371.00 42.00 62.00 139.00 224.00 77.00 85.00 0.08 1.33 0.00 7.00 0.00 7.00 10.00 35.00 32.00 20.00 22.00 0.00 1.00 0.00 0.00 0.00
372.00 44.00 86.00 150.00 233.00 64.00 83.00 0.08 1.17 0.00 7.00 0.00 10.00 14.00 34.00 30.00 20.00 24.00 0.00 1.00 0.00 0.00 0.00
373.00 41.00 46.00 133.00 214.00 87.00 81.00 0.07 1.14 0.00 6.00 0.00 6.00 13.00 35.00 28.00 24.00 17.00 0.00 0.00 0.00 2.00 0.00
374.00 38.00 51.00 112.00 196.00 61.00 84.00 0.07 1.08 0.00 6.00 0.00 8.00 17.00 30.00 21.00 24.00 14.00 0.00 1.00 0.00 0.00 0.00
375.00 41.00 43.00 122.00 207.00 79.00 85.00 0.08 1.46 0.00 3.00 0.00 9.00 18.00 32.00 23.00 27.00 14.00 0.00 1.00 0.00 0.00 0.00
376.00 39.00 53.00 116.00 202.00 63.00 86.00 0.08 1.23 0.00 5.00 0.00 10.00 18.00 29.00 21.00 25.00 14.00 0.00 1.00 0.00 0.00 0.00
377.00 36.00 51.00 119.00 186.00 68.00 67.00 0.08 0.99 0.00 3.00 0.00 9.00 13.00 27.00 23.00 19.00 17.00 0.00 1.00 0.00 0.00 0.00
378.00 40.00 52.00 121.00 210.00 69.00 89.00 0.08 1.20 0.00 4.00 0.00 8.00 17.00 32.00 23.00 27.00 13.00 0.00 0.00 0.00 0.00 0.00
379.00 42.00 52.00 129.00 205.00 77.00 76.00 0.09 1.39 0.00 3.00 0.00 6.00 15.00 36.00 27.00 25.00 17.00 0.00 0.00 0.00 1.00 0.00
380.00 43.00 57.00 142.00 229.00 85.00 87.00 0.09 1.76 0.00 3.00 0.00 7.00 16.00 36.00 27.00 24.00 19.00 0.00 1.00 1.00 0.00 0.00
381.00 42.00 58.00 133.00 210.00 75.00 77.00 0.07 1.30 0.00 4.00 0.00 7.00 13.00 35.00 29.00 24.00 18.00 0.00 1.00 1.00 0.00 0.00
382.00 33.00 37.00 97.00 175.00 60.00 78.00 0.07 0.96 0.00 3.00 0.00 7.00 13.00 26.00 20.00 21.00 12.00 0.00 1.00 2.00 0.00 0.00
383.00 42.00 56.00 132.00 219.00 76.00 87.00 0.09 1.25 1.00 4.00 0.25 8.00 14.00 34.00 28.00 23.00 19.00 0.00 1.00 1.00 0.00 0.00
384.00 45.00 67.00 145.00 243.00 78.00 98.00 0.09 1.38 1.00 3.00 0.33 9.00 17.00 36.00 28.00 22.00 23.00 0.00 1.00 1.00 1.00 0.00
385.00 44.00 67.00 141.00 231.00 74.00 90.00 0.09 1.45 1.00 4.00 0.25 11.00 19.00 33.00 25.00 23.00 21.00 0.00 0.00 1.00 0.00 0.00
386.00 45.00 55.00 144.00 232.00 89.00 88.00 0.08 1.29 1.00 4.00 0.25 9.00 17.00 36.00 28.00 24.00 21.00 0.00 1.00 2.00 0.00 0.00
387.00 38.00 38.00 109.00 196.00 71.00 87.00 0.09 1.13 1.00 4.00 0.25 12.00 21.00 26.00 17.00 29.00 9.00 0.00 1.00 0.00 0.00 0.00
388.00 41.00 54.00 130.00 219.00 76.00 89.00 0.08 1.28 1.00 6.00 0.17 11.00 18.00 30.00 23.00 24.00 17.00 0.00 1.00 0.00 0.00 0.00
389.00 43.00 62.00 141.00 221.00 79.00 80.00 0.09 1.21 1.00 5.00 0.20 8.00 15.00 35.00 28.00 22.00 21.00 0.00 1.00 0.00 0.00 0.00
390.00 45.00 64.00 147.00 240.00 83.00 93.00 0.07 1.38 1.00 4.00 0.25 9.00 14.00 36.00 31.00 25.00 20.00 0.00 1.00 0.00 0.00 0.00
391.00 45.00 66.00 146.00 245.00 80.00 99.00 0.08 1.23 0.00 4.00 0.00 11.00 18.00 34.00 27.00 26.00 19.00 0.00 1.00 0.00 0.00 0.00
392.00 46.00 65.00 151.00 246.00 86.00 95.00 0.09 1.30 2.00 4.00 0.50 7.00 16.00 39.00 30.00 25.00 21.00 0.00 1.00 0.00 0.00 0.00
393.00 46.00 73.00 163.00 249.00 90.00 86.00 0.09 1.07 1.00 4.00 0.25 8.00 14.00 38.00 32.00 23.00 23.00 0.00 1.00 0.00 0.00 0.00
394.00 45.00 75.00 152.00 232.00 77.00 80.00 0.07 1.17 1.00 5.00 0.20 6.00 16.00 39.00 29.00 22.00 23.00 0.00 1.00 1.00 0.00 0.00
395.00 41.00 60.00 130.00 212.00 70.00 82.00 0.08 1.26 2.00 4.00 0.50 11.00 22.00 30.00 19.00 24.00 17.00 0.00 1.00 0.00 0.00 0.00
396.00 46.00 74.00 144.00 231.00 70.00 87.00 0.10 1.26 2.00 4.00 0.50 8.00 15.00 38.00 31.00 29.00 17.00 0.00 0.00 0.00 0.00 0.00
397.00 45.00 60.00 139.00 240.00 79.00 101.00 0.08 1.68 1.00 4.00 0.25 12.00 15.00 33.00 30.00 20.00 25.00 0.00 0.00 0.00 0.00 0.00
398.00 48.00 67.00 144.00 243.00 77.00 99.00 0.08 1.61 1.00 5.00 0.20 6.00 13.00 42.00 35.00 22.00 26.00 0.00 0.00 0.00 0.00 0.00
399.00 45.00 65.00 146.00 238.00 81.00 92.00 0.09 1.59 1.00 5.00 0.20 5.00 14.00 40.00 31.00 27.00 18.00 0.00 0.00 0.00 0.00 0.00
400.00 43.00 66.00 138.00 226.00 72.00 88.00 0.08 1.30 1.00 8.00 0.12 5.00 13.00 38.00 30.00 23.00 20.00 0.00 1.00 1.00 0.00 0.00
401.00 47.00 72.00 157.00 259.00 85.00 102.00 0.08 1.40 1.00 6.00 0.17 4.00 13.00 43.00 34.00 25.00 22.00 0.00 0.00 0.00 0.00 0.00
402.00 46.00 68.00 141.00 238.00 73.00 97.00 0.09 1.52 2.00 7.00 0.29 8.00 18.00 38.00 28.00 25.00 21.00 0.00 0.00 0.00 0.00 0.00
403.00 41.00 48.00 124.00 203.00 76.00 79.00 0.08 1.09 1.00 9.00 0.11 9.00 15.00 32.00 26.00 27.00 14.00 0.00 0.00 0.00 0.00 0.00
404.00 46.00 78.00 159.00 242.00 81.00 83.00 0.07 1.37 1.00 8.00 0.12 5.00 15.00 41.00 31.00 21.00 25.00 0.00 2.00 0.00 0.00 0.00
405.00 41.00 55.00 125.00 211.00 70.00 86.00 0.09 1.36 1.00 4.00 0.25 10.00 18.00 31.00 23.00 23.00 18.00 0.00 0.00 0.00 0.00 0.00
406.00 44.00 73.00 144.00 225.00 71.00 81.00 0.08 1.28 1.00 7.00 0.14 4.00 11.00 40.00 33.00 25.00 19.00 0.00 1.00 0.00 0.00 0.00
407.00 46.00 74.00 147.00 235.00 73.00 88.00 0.08 1.59 1.00 5.00 0.20 9.00 19.00 37.00 27.00 25.00 21.00 0.00 1.00 0.00 0.00 0.00
408.00 39.00 54.00 115.00 197.00 61.00 82.00 0.08 1.48 2.00 5.00 0.40 6.00 14.00 33.00 25.00 22.00 17.00 0.00 1.00 0.00 0.00 0.00
409.00 41.00 65.00 124.00 213.00 59.00 89.00 0.08 1.42 1.00 5.00 0.20 9.00 23.00 32.00 18.00 27.00 14.00 0.00 0.00 0.00 0.00 0.00
410.00 45.00 50.00 130.00 227.00 80.00 97.00 0.07 1.57 1.00 6.00 0.17 12.00 20.00 33.00 25.00 29.00 16.00 0.00 0.00 0.00 0.00 0.00
411.00 48.00 63.00 142.00 240.00 79.00 98.00 0.07 1.67 1.00 5.00 0.20 12.00 23.00 36.00 25.00 25.00 23.00 0.00 1.00 0.00 0.00 1.00
412.00 38.00 54.00 116.00 203.00 62.00 87.00 0.09 1.22 1.00 9.00 0.11 6.00 18.00 32.00 20.00 25.00 13.00 0.00 0.00 0.00 0.00 0.00
413.00 39.00 42.00 114.00 206.00 72.00 92.00 0.08 1.22 0.00 5.00 0.00 9.00 18.00 30.00 21.00 25.00 14.00 0.00 0.00 0.00 0.00 0.00
414.00 43.00 62.00 145.00 233.00 83.00 88.00 0.08 1.58 1.00 3.00 0.33 10.00 20.00 33.00 23.00 25.00 18.00 0.00 0.00 0.00 1.00 0.00
415.00 40.00 59.00 121.00 204.00 62.00 83.00 0.09 1.68 1.00 3.00 0.33 11.00 14.00 29.00 26.00 19.00 21.00 0.00 1.00 0.00 0.00 0.00
416.00 40.00 64.00 126.00 202.00 62.00 76.00 0.10 1.53 1.00 3.00 0.33 6.00 16.00 34.00 24.00 24.00 16.00 0.00 1.00 0.00 0.00 0.00
417.00 34.00 45.00 105.00 177.00 60.00 72.00 0.08 1.46 1.00 1.00 1.00 11.00 18.00 23.00 16.00 24.00 10.00 0.00 0.00 0.00 0.00 0.00
418.00 40.00 44.00 121.00 212.00 77.00 91.00 0.10 1.33 0.00 3.00 0.00 8.00 18.00 32.00 22.00 25.00 15.00 0.00 1.00 0.00 0.00 0.00
419.00 41.00 47.00 120.00 214.00 73.00 94.00 0.10 1.48 0.00 1.00 0.00 9.00 15.00 32.00 26.00 24.00 17.00 0.00 1.00 0.00 0.00 1.00
420.00 40.00 40.00 115.00 209.00 75.00 94.00 0.09 1.38 0.00 3.00 0.00 11.00 19.00 29.00 21.00 22.00 18.00 0.00 0.00 1.00 1.00 0.00
421.00 39.00 29.00 104.00 208.00 75.00 104.00 0.09 1.60 0.00 1.00 0.00 10.00 21.00 29.00 18.00 26.00 13.00 0.00 1.00 1.00 0.00 1.00
422.00 36.00 26.00 100.00 182.00 74.00 82.00 0.08 1.47 1.00 2.00 0.50 12.00 21.00 24.00 15.00 28.00 8.00 0.00 0.00 1.00 1.00 0.00
423.00 27.00 31.00 74.00 140.00 43.00 66.00 0.09 1.04 1.00 0.00 0.00 5.00 13.00 22.00 14.00 16.00 11.00 0.00 1.00 0.00 1.00 0.00
424.00 23.00 18.00 50.00 110.00 32.00 60.00 0.08 1.04 0.00 1.00 0.00 3.00 12.00 20.00 11.00 14.00 9.00 0.00 0.00 0.00 0.00 0.00
425.00 32.00 32.00 82.00 164.00 50.00 82.00 0.08 1.42 1.00 0.00 0.00 11.00 16.00 21.00 16.00 25.00 7.00 0.00 0.00 2.00 0.00 0.00
426.00 31.00 33.00 80.00 158.00 47.00 78.00 0.08 1.54 1.00 0.00 0.00 8.00 15.00 23.00 16.00 20.00 11.00 1.00 0.00 0.00 0.00 0.00
427.00 30.00 30.00 76.00 147.00 46.00 71.00 0.09 1.37 0.00 0.00 0.00 6.00 15.00 24.00 15.00 23.00 7.00 0.00 0.00 1.00 0.00 0.00
428.00 32.00 34.00 89.00 167.00 55.00 78.00 0.09 1.43 0.00 1.00 0.00 9.00 16.00 23.00 16.00 21.00 11.00 0.00 0.00 0.00 0.00 0.00
429.00 37.00 46.00 108.00 189.00 62.00 81.00 0.09 1.74 0.00 1.00 0.00 9.00 17.00 28.00 20.00 24.00 13.00 0.00 0.00 1.00 0.00 0.00
430.00 35.00 40.00 97.00 186.00 57.00 89.00 0.08 1.68 0.00 1.00 0.00 7.00 17.00 28.00 18.00 26.00 9.00 0.00 0.00 0.00 0.00 0.00
431.00 17.00 10.00 39.00 89.00 29.00 50.00 0.08 1.34 0.00 1.00 0.00 1.00 9.00 16.00 8.00 10.00 7.00 0.00 0.00 0.00 0.00 0.00
432.00 30.00 31.00 76.00 152.00 45.00 76.00 0.09 1.66 0.00 1.00 0.00 7.00 16.00 23.00 14.00 20.00 10.00 0.00 0.00 0.00 0.00 0.00
433.00 31.00 29.00 78.00 163.00 49.00 85.00 0.08 1.56 0.00 1.00 0.00 8.00 12.00 23.00 19.00 18.00 13.00 0.00 0.00 0.00 0.00 0.00
434.00 34.00 43.00 96.00 167.00 53.00 71.00 0.07 1.33 0.00 2.00 0.00 7.00 15.00 27.00 19.00 23.00 11.00 0.00 0.00 0.00 0.00 0.00
435.00 33.00 33.00 92.00 175.00 59.00 83.00 0.07 1.76 0.00 2.00 0.00 7.00 15.00 26.00 18.00 20.00 13.00 0.00 0.00 0.00 0.00 0.00
436.00 21.00 24.00 58.00 104.00 34.00 46.00 0.09 0.76 0.00 0.00 0.00 7.00 8.00 14.00 13.00 13.00 8.00 0.00 0.00 1.00 0.00 0.00
437.00 34.00 34.00 94.00 169.00 60.00 75.00 0.09 1.63 0.00 2.00 0.00 7.00 15.00 27.00 19.00 23.00 11.00 0.00 0.00 0.00 0.00 1.00
438.00 36.00 44.00 103.00 169.00 59.00 66.00 0.08 1.57 0.00 1.00 0.00 7.00 17.00 29.00 19.00 26.00 10.00 1.00 0.00 0.00 0.00 0.00
439.00 36.00 43.00 96.00 183.00 53.00 87.00 0.09 1.47 0.00 1.00 0.00 12.00 22.00 24.00 14.00 26.00 10.00 0.00 0.00 0.00 1.00 0.00
440.00 33.00 31.00 87.00 164.00 56.00 77.00 0.08 1.44 0.00 2.00 0.00 14.00 19.00 19.00 14.00 22.00 11.00 0.00 0.00 0.00 0.00 0.00
441.00 34.00 39.00 87.00 166.00 48.00 79.00 0.08 1.41 0.00 2.00 0.00 11.00 22.00 23.00 12.00 27.00 7.00 0.00 0.00 0.00 0.00 0.00
442.00 34.00 36.00 93.00 181.00 57.00 88.00 0.09 1.30 0.00 2.00 0.00 8.00 15.00 26.00 19.00 22.00 12.00 0.00 0.00 0.00 1.00 0.00
443.00 23.00 25.00 59.00 122.00 34.00 63.00 0.08 1.26 0.00 1.00 0.00 3.00 10.00 20.00 13.00 12.00 11.00 0.00 0.00 0.00 1.00 0.00
444.00 27.00 26.00 68.00 132.00 42.00 64.00 0.08 0.95 0.00 2.00 0.00 11.00 18.00 16.00 9.00 19.00 8.00 0.00 0.00 0.00 0.00 1.00
445.00 34.00 31.00 94.00 172.00 63.00 78.00 0.08 1.46 0.00 1.00 0.00 11.00 19.00 23.00 15.00 27.00 7.00 0.00 0.00 0.00 0.00 0.00
446.00 34.00 36.00 96.00 171.00 60.00 75.00 0.07 1.38 0.00 1.00 0.00 10.00 19.00 24.00 15.00 21.00 13.00 0.00 0.00 0.00 0.00 0.00
447.00 37.00 45.00 100.00 187.00 55.00 87.00 0.08 1.54 0.00 2.00 0.00 9.00 17.00 28.00 20.00 21.00 16.00 0.00 0.00 0.00 1.00 0.00
448.00 32.00 35.00 91.00 162.00 56.00 71.00 0.09 1.56 0.00 1.00 0.00 7.00 13.00 25.00 19.00 25.00 7.00 0.00 0.00 0.00 1.00 0.00
449.00 31.00 34.00 89.00 154.00 55.00 65.00 0.09 1.20 0.00 1.00 0.00 12.00 20.00 19.00 11.00 24.00 7.00 0.00 0.00 0.00 1.00 0.00
450.00 29.00 36.00 77.00 150.00 41.00 73.00 0.08 1.09 0.00 1.00 0.00 7.00 13.00 22.00 16.00 18.00 11.00 0.00 0.00 0.00 1.00 0.00
451.00 29.00 22.00 79.00 154.00 57.00 75.00 0.08 1.27 0.00 1.00 0.00 7.00 15.00 22.00 14.00 20.00 9.00 0.00 0.00 0.00 1.00 0.00
452.00 28.00 23.00 72.00 142.00 49.00 70.00 0.09 1.62 0.00 1.00 0.00 10.00 17.00 18.00 11.00 20.00 8.00 0.00 0.00 0.00 1.00 0.00
453.00 24.00 25.00 64.00 126.00 39.00 62.00 0.09 0.95 0.00 1.00 0.00 5.00 9.00 19.00 15.00 16.00 8.00 0.00 0.00 0.00 0.00 0.00
454.00 13.00 6.00 27.00 65.00 21.00 38.00 0.08 0.50 0.00 0.00 0.00 4.00 6.00 9.00 7.00 12.00 1.00 0.00 0.00 0.00 0.00 0.00
455.00 31.00 39.00 90.00 151.00 51.00 61.00 0.08 0.96 0.00 1.00 0.00 11.00 16.00 20.00 15.00 25.00 6.00 0.00 0.00 0.00 0.00 0.00
456.00 29.00 25.00 75.00 145.00 50.00 70.00 0.09 1.53 0.00 1.00 0.00 8.00 14.00 21.00 15.00 21.00 8.00 0.00 0.00 0.00 0.00 0.00
457.00 26.00 22.00 62.00 125.00 40.00 63.00 0.09 1.12 0.00 1.00 0.00 5.00 15.00 21.00 11.00 19.00 7.00 0.00 0.00 0.00 0.00 0.00
458.00 16.00 16.00 41.00 72.00 25.00 31.00 0.07 0.53 0.00 1.00 0.00 6.00 10.00 10.00 6.00 13.00 3.00 0.00 0.00 0.00 0.00 0.00
459.00 13.00 12.00 29.00 60.00 17.00 31.00 0.08 0.57 0.00 1.00 0.00 4.00 6.00 9.00 7.00 7.00 6.00 0.00 0.00 0.00 0.00 0.00
460.00 25.00 28.00 69.00 128.00 41.00 59.00 0.09 1.11 0.00 3.00 0.00 5.00 11.00 20.00 14.00 15.00 10.00 0.00 0.00 0.00 0.00 0.00
461.00 32.00 38.00 90.00 153.00 52.00 63.00 0.06 1.43 0.00 2.00 0.00 7.00 13.00 25.00 19.00 19.00 13.00 0.00 0.00 0.00 0.00 0.00
462.00 24.00 23.00 55.00 120.00 32.00 65.00 0.10 0.82 0.00 2.00 0.00 6.00 11.00 18.00 13.00 17.00 7.00 0.00 0.00 0.00 1.00 0.00
463.00 30.00 43.00 85.00 142.00 42.00 57.00 0.09 1.06 0.00 4.00 0.00 5.00 17.00 25.00 13.00 20.00 10.00 0.00 0.00 0.00 0.00 0.00
464.00 26.00 30.00 77.00 129.00 47.00 52.00 0.08 1.19 0.00 2.00 0.00 8.00 15.00 18.00 11.00 17.00 9.00 0.00 0.00 0.00 1.00 0.00
465.00 13.00 9.00 26.00 52.00 17.00 26.00 0.09 0.55 0.00 2.00 0.00 4.00 10.00 9.00 3.00 10.00 3.00 0.00 0.00 0.00 1.00 0.00
466.00 23.00 21.00 54.00 111.00 33.00 57.00 0.09 1.29 0.00 2.00 0.00 8.00 11.00 15.00 12.00 13.00 10.00 0.00 0.00 0.00 1.00 0.00
467.00 29.00 30.00 70.00 130.00 40.00 60.00 0.08 1.03 0.00 4.00 0.00 10.00 19.00 19.00 10.00 21.00 8.00 0.00 0.00 0.00 1.00 0.00
468.00 30.00 38.00 74.00 152.00 36.00 78.00 0.08 1.09 0.00 2.00 0.00 8.00 16.00 22.00 14.00 19.00 11.00 0.00 0.00 0.00 1.00 0.00
469.00 20.00 21.00 52.00 102.00 31.00 50.00 0.08 0.83 0.00 2.00 0.00 5.00 8.00 15.00 12.00 11.00 9.00 0.00 0.00 0.00 1.00 0.00
470.00 25.00 22.00 61.00 129.00 39.00 68.00 0.09 1.05 0.00 2.00 0.00 7.00 14.00 18.00 11.00 17.00 8.00 0.00 0.00 0.00 0.00 0.00
471.00 23.00 26.00 63.00 111.00 37.00 48.00 0.08 0.76 0.00 3.00 0.00 9.00 15.00 14.00 8.00 18.00 5.00 0.00 0.00 0.00 0.00 0.00
472.00 25.00 23.00 63.00 123.00 40.00 60.00 0.10 1.05 0.00 2.00 0.00 5.00 10.00 20.00 15.00 19.00 6.00 0.00 0.00 0.00 0.00 0.00
473.00 20.00 11.00 47.00 100.00 36.00 53.00 0.09 0.94 0.00 1.00 0.00 4.00 15.00 16.00 5.00 16.00 4.00 0.00 0.00 0.00 0.00 0.00
474.00 20.00 22.00 52.00 102.00 30.00 50.00 0.09 0.83 0.00 3.00 0.00 3.00 11.00 17.00 9.00 13.00 7.00 0.00 0.00 0.00 0.00 0.00
475.00 22.00 20.00 57.00 100.00 37.00 43.00 0.08 0.84 0.00 3.00 0.00 5.00 10.00 17.00 12.00 15.00 7.00 0.00 0.00 0.00 0.00 0.00
476.00 19.00 21.00 52.00 97.00 31.00 45.00 0.09 0.70 0.00 1.00 0.00 6.00 10.00 13.00 9.00 12.00 7.00 0.00 0.00 0.00 0.00 0.00
477.00 21.00 23.00 54.00 104.00 31.00 50.00 0.07 0.60 0.00 2.00 0.00 4.00 8.00 17.00 13.00 12.00 9.00 0.00 0.00 0.00 0.00 0.00
478.00 23.00 26.00 64.00 111.00 38.00 47.00 0.08 0.81 0.00 2.00 0.00 9.00 14.00 14.00 9.00 19.00 4.00 0.00 0.00 0.00 1.00 0.00
479.00 24.00 31.00 65.00 120.00 34.00 55.00 0.06 0.77 0.00 1.00 0.00 8.00 13.00 16.00 11.00 16.00 8.00 0.00 0.00 1.00 0.00 0.00
480.00 20.00 32.00 58.00 100.00 26.00 42.00 0.08 0.56 0.00 1.00 0.00 4.00 9.00 16.00 11.00 16.00 4.00 0.00 0.00 1.00 0.00 0.00
481.00 19.00 21.00 47.00 93.00 26.00 46.00 0.09 0.75 0.00 2.00 0.00 4.00 8.00 15.00 11.00 14.00 5.00 0.00 0.00 1.00 0.00 0.00
482.00 24.00 37.00 69.00 121.00 32.00 52.00 0.08 0.61 0.00 2.00 0.00 6.00 11.00 18.00 13.00 15.00 9.00 0.00 0.00 1.00 0.00 0.00
483.00 25.00 33.00 60.00 112.00 27.00 52.00 0.08 0.77 0.00 2.00 0.00 11.00 18.00 14.00 7.00 20.00 5.00 0.00 0.00 1.00 0.00 0.00
484.00 23.00 37.00 67.00 122.00 30.00 55.00 0.09 0.65 0.00 2.00 0.00 4.00 13.00 19.00 10.00 15.00 8.00 0.00 0.00 1.00 0.00 0.00
485.00 25.00 34.00 66.00 122.00 32.00 56.00 0.09 0.76 0.00 2.00 0.00 10.00 15.00 15.00 10.00 19.00 6.00 0.00 0.00 0.00 0.00 0.00
486.00 16.00 15.00 38.00 82.00 23.00 44.00 0.08 0.55 0.00 1.00 0.00 6.00 9.00 10.00 7.00 13.00 3.00 0.00 0.00 0.00 0.00 0.00
487.00 21.00 27.00 59.00 108.00 32.00 49.00 0.09 0.70 0.00 1.00 0.00 3.00 10.00 18.00 11.00 14.00 7.00 0.00 0.00 0.00 0.00 0.00
488.00 21.00 29.00 65.00 108.00 36.00 43.00 0.08 0.64 1.00 2.00 0.50 7.00 11.00 14.00 10.00 15.00 6.00 0.00 0.00 0.00 0.00 0.00
489.00 26.00 32.00 65.00 121.00 33.00 56.00 0.08 0.99 0.00 1.00 0.00 6.00 10.00 20.00 16.00 15.00 11.00 0.00 0.00 0.00 2.00 0.00
490.00 22.00 14.00 50.00 109.00 36.00 59.00 0.10 0.75 0.00 1.00 0.00 6.00 12.00 16.00 10.00 14.00 8.00 1.00 0.00 0.00 0.00 0.00
491.00 19.00 16.00 50.00 94.00 34.00 44.00 0.09 0.78 0.00 1.00 0.00 5.00 8.00 14.00 11.00 12.00 7.00 0.00 0.00 0.00 0.00 0.00
492.00 21.00 22.00 54.00 108.00 32.00 54.00 0.09 0.66 1.00 2.00 0.50 4.00 10.00 17.00 11.00 11.00 10.00 0.00 0.00 0.00 0.00 0.00
493.00 23.00 22.00 58.00 104.00 36.00 46.00 0.08 0.87 0.00 3.00 0.00 5.00 14.00 18.00 9.00 19.00 4.00 0.00 0.00 0.00 0.00 0.00
494.00 26.00 36.00 82.00 132.00 46.00 50.00 0.09 0.74 2.00 2.00 1.00 5.00 12.00 21.00 14.00 15.00 11.00 0.00 0.00 0.00 0.00 0.00
495.00 26.00 19.00 59.00 130.00 40.00 71.00 0.09 0.78 1.00 2.00 0.50 9.00 17.00 17.00 9.00 22.00 4.00 0.00 0.00 0.00 0.00 0.00
496.00 21.00 32.00 60.00 103.00 28.00 43.00 0.09 0.62 1.00 2.00 0.50 5.00 7.00 16.00 14.00 13.00 8.00 0.00 0.00 1.00 0.00 0.00
497.00 22.00 25.00 59.00 104.00 34.00 45.00 0.07 0.72 0.00 1.00 0.00 6.00 15.00 16.00 7.00 18.00 4.00 0.00 0.00 1.00 0.00 0.00
498.00 19.00 18.00 46.00 93.00 28.00 47.00 0.10 0.54 0.00 1.00 0.00 6.00 10.00 13.00 9.00 13.00 6.00 0.00 0.00 0.00 1.00 0.00
499.00 16.00 12.00 40.00 82.00 28.00 42.00 0.08 0.54 0.00 0.00 0.00 4.00 8.00 12.00 8.00 8.00 8.00 0.00 0.00 0.00 0.00 0.00
500.00 17.00 17.00 38.00 75.00 21.00 37.00 0.08 0.73 0.00 1.00 0.00 5.00 8.00 12.00 9.00 13.00 4.00 0.00 0.00 1.00 0.00 0.00
501.00 21.00 24.00 53.00 105.00 29.00 52.00 0.08 0.65 0.00 1.00 0.00 5.00 10.00 16.00 11.00 14.00 7.00 0.00 0.00 0.00 0.00 0.00
502.00 23.00 27.00 54.00 107.00 27.00 53.00 0.08 0.90 0.00 0.00 0.00 8.00 14.00 15.00 9.00 17.00 6.00 0.00 0.00 0.00 0.00 0.00
503.00 19.00 15.00 48.00 93.00 33.00 45.00 0.08 0.69 0.00 1.00 0.00 5.00 9.00 14.00 10.00 14.00 5.00 0.00 0.00 0.00 0.00 0.00
504.00 20.00 16.00 44.00 96.00 28.00 52.00 0.07 0.59 0.00 0.00 0.00 12.00 13.00 8.00 7.00 16.00 4.00 0.00 0.00 1.00 0.00 0.00
505.00 16.00 15.00 37.00 74.00 22.00 37.00 0.08 0.59 0.00 0.00 0.00 4.00 8.00 12.00 8.00 10.00 6.00 0.00 0.00 0.00 0.00 0.00
506.00 17.00 9.00 29.00 68.00 20.00 39.00 0.06 0.95 0.00 0.00 0.00 6.00 10.00 11.00 7.00 11.00 6.00 0.00 0.00 0.00 0.00 0.00
507.00 16.00 11.00 37.00 80.00 26.00 43.00 0.08 0.66 0.00 0.00 0.00 6.00 8.00 10.00 8.00 12.00 4.00 0.00 0.00 0.00 0.00 0.00
508.00 9.00 7.00 18.00 45.00 11.00 27.00 0.09 0.36 0.00 0.00 0.00 2.00 5.00 7.00 4.00 8.00 1.00 0.00 0.00 0.00 0.00 0.00
509.00 9.00 5.00 15.00 37.00 10.00 22.00 0.07 0.34 0.00 0.00 0.00 5.00 6.00 4.00 3.00 7.00 2.00 0.00 0.00 0.00 0.00 0.00
510.00 11.00 7.00 20.00 52.00 13.00 32.00 0.08 0.41 0.00 0.00 0.00 6.00 7.00 5.00 4.00 7.00 4.00 0.00 0.00 0.00 0.00 0.00
511.00 12.00 8.00 27.00 55.00 19.00 28.00 0.07 0.47 0.00 0.00 0.00 5.00 9.00 7.00 3.00 10.00 2.00 0.00 0.00 0.00 0.00 0.00
512.00 13.00 11.00 31.00 60.00 20.00 29.00 0.08 0.42 0.00 1.00 0.00 2.00 8.00 11.00 5.00 10.00 3.00 0.00 0.00 0.00 0.00 0.00
513.00 18.00 17.00 44.00 87.00 27.00 43.00 0.09 0.77 0.00 1.00 0.00 4.00 4.00 14.00 14.00 12.00 6.00 0.00 0.00 0.00 0.00 0.00
514.00 13.00 4.00 23.00 57.00 19.00 34.00 0.09 0.62 1.00 0.00 0.00 4.00 8.00 9.00 5.00 11.00 2.00 0.00 0.00 0.00 0.00 0.00
515.00 13.00 12.00 30.00 58.00 18.00 28.00 0.09 0.48 0.00 0.00 0.00 3.00 6.00 10.00 7.00 10.00 3.00 0.00 0.00 0.00 0.00 0.00
516.00 9.00 3.00 18.00 43.00 15.00 25.00 0.08 0.61 0.00 1.00 0.00 4.00 5.00 5.00 4.00 8.00 1.00 0.00 0.00 0.00 0.00 0.00
517.00 12.00 6.00 27.00 53.00 21.00 26.00 0.09 0.62 0.00 1.00 0.00 3.00 6.00 9.00 6.00 11.00 1.00 0.00 0.00 0.00 0.00 0.00
518.00 6.00 1.00 8.00 26.00 7.00 18.00 0.09 0.33 0.00 1.00 0.00 3.00 5.00 3.00 1.00 6.00 0.00 0.00 0.00 0.00 0.00 0.00
519.00 14.00 14.00 33.00 69.00 19.00 36.00 0.10 0.52 0.00 0.00 0.00 5.00 9.00 9.00 5.00 11.00 3.00 0.00 0.00 0.00 0.00 0.00
520.00 15.00 8.00 29.00 69.00 21.00 40.00 0.07 0.70 0.00 1.00 0.00 4.00 10.00 11.00 5.00 12.00 3.00 0.00 0.00 0.00 0.00 0.00
521.00 9.00 4.00 15.00 35.00 11.00 20.00 0.06 0.58 0.00 0.00 0.00 4.00 7.00 5.00 2.00 9.00 0.00 0.00 0.00 0.00 0.00 0.00
522.00 10.00 6.00 21.00 50.00 15.00 29.00 0.09 0.36 0.00 1.00 0.00 2.00 8.00 8.00 2.00 10.00 0.00 0.00 0.00 0.00 0.00 0.00
523.00 7.00 0.00 9.00 31.00 9.00 22.00 0.08 0.34 0.00 0.00 0.00 2.00 5.00 5.00 2.00 7.00 0.00 0.00 0.00 0.00 0.00 0.00
524.00 10.00 7.00 21.00 47.00 14.00 26.00 0.09 0.31 0.00 0.00 0.00 2.00 4.00 8.00 6.00 4.00 6.00 0.00 0.00 0.00 0.00 0.00
525.00 9.00 3.00 12.00 37.00 9.00 25.00 0.07 0.78 0.00 0.00 0.00 2.00 6.00 7.00 3.00 7.00 2.00 0.00 0.00 0.00 0.00 0.00
526.00 4.00 1.00 4.00 13.00 3.00 9.00 0.10 0.16 0.00 0.00 0.00 2.00 4.00 2.00 0.00 4.00 0.00 0.00 0.00 0.00 0.00 0.00
527.00 3.00 0.00 2.00 8.00 2.00 6.00 0.06 0.14 0.00 0.00 0.00 0.00 3.00 3.00 0.00 3.00 0.00 0.00 0.00 0.00 0.00 0.00
528.00 5.00 0.00 6.00 23.00 6.00 17.00 0.09 0.26 0.00 1.00 0.00 2.00 4.00 3.00 1.00 4.00 1.00 0.00 0.00 0.00 0.00 0.00
529.00 3.00 0.00 0.00 8.00 0.00 8.00 0.09 0.21 0.00 0.00 0.00 2.00 3.00 1.00 0.00 3.00 0.00 0.00 0.00 0.00 0.00 0.00
530.00 3.00 0.00 0.00 9.00 0.00 9.00 0.08 0.27 0.00 0.00 0.00 2.00 3.00 1.00 0.00 3.00 0.00 0.00 0.00 0.00 0.00 0.00
531.00 3.00 0.00 1.00 9.00 1.00 8.00 0.09 0.14 0.00 0.00 0.00 2.00 3.00 1.00 0.00 3.00 0.00 0.00 0.00 0.00 0.00 0.00
532.00 3.00 0.00 2.00 10.00 2.00 8.00 0.09 0.19 0.00 0.00 0.00 2.00 3.00 1.00 0.00 3.00 0.00 0.00 0.00 0.00 0.00 0.00
533.00 2.00 0.00 0.00 5.00 0.00 5.00 0.08 4.94 0.00 0.00 0.00 2.00 2.00 0.00 0.00 2.00 0.00 0.00 0.00 0.00 0.00 0.00
