0.00 2.00 0.00 0.00 2.00 0.00 2.00 0.09 0.15 0.00 0.00 0.00 2.00 2.00 0.00 0.00 2.00 0.00 0.00 0.00 0.00 0.00 0.00
1.00 4.00 0.00 2.00 13.00 2.00 11.00 0.08 0.25 0.00 0.00 0.00 2.00 4.00 2.00 0.00 4.00 0.00 0.00 0.00 0.00 0.00 0.00
2.00 10.00 4.00 17.00 42.00 13.00 25.00 0.09 0.37 0.00 0.00 0.00 4.00 6.00 6.00 4.00 10.00 0.00 0.00 0.00 0.00 0.00 0.00
3.00 6.00 1.00 7.00 25.00 6.00 18.00 0.08 0.47 0.00 0.00 0.00 5.00 5.00 1.00 1.00 5.00 1.00 0.00 0.00 0.00 0.00 0.00
4.00 8.00 3.00 15.00 38.00 12.00 23.00 0.10 0.50 0.00 0.00 0.00 2.00 5.00 6.00 3.00 7.00 1.00 0.00 0.00 0.00 0.00 0.00
5.00 8.00 1.00 16.00 31.00 15.00 15.00 0.07 0.33 0.00 0.00 0.00 3.00 7.00 5.00 1.00 8.00 0.00 0.00 0.00 0.00 0.00 0.00
6.00 3.00 0.00 2.00 9.00 2.00 7.00 0.08 0.12 0.00 0.00 0.00 2.00 3.00 1.00 0.00 3.00 0.00 0.00 0.00 0.00 0.00 0.00
7.00 6.00 3.00 11.00 26.00 8.00 15.00 0.10 0.29 0.00 0.00 0.00 2.00 4.00 4.00 2.00 6.00 0.00 0.00 0.00 0.00 0.00 0.00
8.00 4.00 0.00 1.00 12.00 1.00 11.00 0.09 0.47 0.00 0.00 0.00 2.00 4.00 2.00 0.00 4.00 0.00 0.00 0.00 0.00 0.00 0.00
9.00 6.00 0.00 5.00 23.00 5.00 18.00 0.07 0.62 0.00 0.00 0.00 4.00 4.00 2.00 2.00 6.00 0.00 0.00 0.00 0.00 0.00 0.00
10.00 15.00 10.00 28.00 59.00 18.00 31.00 0.09 0.77 0.00 0.00 0.00 6.00 10.00 9.00 5.00 14.00 1.00 0.00 0.00 0.00 0.00 0.00
11.00 12.00 6.00 24.00 54.00 18.00 30.00 0.08 0.43 0.00 1.00 0.00 0.00 4.00 12.00 8.00 9.00 3.00 0.00 0.00 0.00 0.00 0.00
12.00 10.00 9.00 23.00 46.00 14.00 23.00 0.09 0.38 0.00 1.00 0.00 4.00 9.00 6.00 1.00 9.00 1.00 0.00 0.00 0.00 0.00 0.00
13.00 9.00 7.00 20.00 43.00 13.00 23.00 0.09 0.38 0.00 0.00 0.00 4.00 4.00 5.00 5.00 7.00 2.00 0.00 0.00 0.00 0.00 0.00
14.00 10.00 7.00 24.00 46.00 17.00 22.00 0.09 0.46 0.00 1.00 0.00 4.00 4.00 6.00 6.00 7.00 3.00 0.00 0.00 0.00 0.00 0.00
15.00 6.00 1.00 5.00 23.00 4.00 18.00 0.08 0.48 0.00 1.00 0.00 1.00 5.00 5.00 1.00 6.00 0.00 0.00 0.00 0.00 0.00 0.00
16.00 9.00 7.00 21.00 43.00 14.00 22.00 0.09 0.34 0.00 0.00 0.00 2.00 5.00 7.00 4.00 6.00 3.00 0.00 0.00 0.00 0.00 0.00
17.00 12.00 9.00 25.00 55.00 16.00 30.00 0.08 0.48 0.00 0.00 0.00 7.00 9.00 5.00 3.00 10.00 2.00 0.00 0.00 1.00 0.00 0.00
18.00 10.00 8.00 19.00 50.00 11.00 31.00 0.08 0.38 0.00 0.00 0.00 3.00 6.00 7.00 4.00 7.00 3.00 0.00 0.00 0.00 0.00 0.00
19.00 14.00 8.00 33.00 75.00 25.00 42.00 0.10 0.41 0.00 1.00 0.00 5.00 8.00 9.00 6.00 10.00 4.00 0.00 0.00 0.00 0.00 0.00
20.00 11.00 10.00 25.00 51.00 15.00 26.00 0.07 0.37 0.00 1.00 0.00 2.00 5.00 9.00 6.00 7.00 4.00 0.00 0.00 0.00 0.00 0.00
21.00 10.00 5.00 22.00 46.00 17.00 24.00 0.09 0.48 0.00 1.00 0.00 3.00 6.00 7.00 4.00 9.00 1.00 0.00 0.00 0.00 0.00 0.00
22.00 9.00 7.00 18.00 43.00 11.00 25.00 0.08 0.33 0.00 0.00 0.00 4.00 7.00 5.00 2.00 7.00 2.00 0.00 0.00 0.00 0.00 0.00
23.00 10.00 3.00 18.00 47.00 15.00 29.00 0.09 0.56 0.00 1.00 0.00 4.00 8.00 6.00 2.00 9.00 1.00 0.00 0.00 0.00 0.00 0.00
24.00 8.00 1.00 10.00 32.00 9.00 22.00 0.08 0.44 0.00 1.00 0.00 4.00 7.00 4.00 1.00 7.00 1.00 0.00 0.00 0.00 0.00 0.00
25.00 11.00 7.00 24.00 51.00 17.00 27.00 0.06 0.43 0.00 1.00 0.00 3.00 7.00 8.00 4.00 8.00 3.00 0.00 0.00 0.00 0.00 0.00
26.00 16.00 9.00 28.00 72.00 19.00 44.00 0.09 0.67 0.00 1.00 0.00 5.00 7.00 11.00 9.00 11.00 5.00 0.00 0.00 0.00 0.00 0.00
27.00 15.00 3.00 27.00 63.00 24.00 36.00 0.09 0.67 0.00 1.00 0.00 7.00 11.00 8.00 4.00 13.00 2.00 0.00 0.00 0.00 0.00 0.00
28.00 13.00 8.00 23.00 54.00 15.00 31.00 0.09 1.60 0.00 1.00 0.00 5.00 7.00 8.00 6.00 8.00 5.00 0.00 0.00 0.00 0.00 0.00
29.00 19.00 17.00 38.00 79.00 21.00 41.00 0.09 1.51 0.00 1.00 0.00 5.00 12.00 14.00 7.00 14.00 5.00 0.00 0.00 0.00 0.00 0.00
30.00 6.00 2.00 9.00 24.00 7.00 15.00 0.08 0.31 0.00 0.00 0.00 4.00 5.00 2.00 1.00 5.00 1.00 0.00 0.00 0.00 0.00 0.00
31.00 18.00 20.00 49.00 90.00 29.00 41.00 0.07 0.70 0.00 1.00 0.00 4.00 7.00 14.00 11.00 10.00 8.00 0.00 0.00 0.00 0.00 0.00
32.00 13.00 11.00 32.00 57.00 21.00 25.00 0.08 0.49 0.00 1.00 0.00 3.00 4.00 10.00 9.00 8.00 5.00 0.00 0.00 0.00 0.00 0.00
33.00 14.00 16.00 38.00 69.00 22.00 31.00 0.08 0.53 0.00 1.00 0.00 3.00 7.00 11.00 7.00 8.00 6.00 0.00 0.00 0.00 0.00 0.00
34.00 12.00 9.00 24.00 54.00 15.00 30.00 0.09 0.41 0.00 2.00 0.00 3.00 9.00 9.00 3.00 11.00 1.00 0.00 0.00 0.00 1.00 0.00
35.00 18.00 20.00 41.00 76.00 21.00 35.00 0.08 0.78 0.00 1.00 0.00 7.00 12.00 11.00 6.00 15.00 3.00 0.00 0.00 0.00 0.00 0.00
36.00 13.00 7.00 30.00 60.00 23.00 30.00 0.08 0.55 0.00 1.00 0.00 5.00 7.00 8.00 6.00 10.00 3.00 0.00 0.00 0.00 0.00 0.00
37.00 16.00 7.00 29.00 77.00 22.00 48.00 0.08 0.76 0.00 2.00 0.00 6.00 8.00 10.00 8.00 10.00 6.00 0.00 0.00 0.00 0.00 0.00
38.00 15.00 14.00 34.00 66.00 20.00 32.00 0.08 0.55 0.00 1.00 0.00 5.00 9.00 10.00 6.00 11.00 4.00 0.00 0.00 0.00 0.00 0.00
39.00 14.00 14.00 37.00 64.00 23.00 27.00 0.08 0.50 0.00 1.00 0.00 2.00 8.00 12.00 6.00 10.00 4.00 0.00 0.00 1.00 0.00 0.00
40.00 16.00 14.00 40.00 81.00 26.00 41.00 0.09 0.40 0.00 2.00 0.00 5.00 9.00 11.00 7.00 12.00 4.00 0.00 0.00 0.00 0.00 0.00
41.00 14.00 11.00 35.00 67.00 24.00 32.00 0.09 0.42 0.00 1.00 0.00 5.00 7.00 9.00 7.00 10.00 4.00 0.00 0.00 1.00 0.00 0.00
42.00 17.00 18.00 47.00 89.00 29.00 42.00 0.07 0.50 0.00 1.00 0.00 4.00 8.00 13.00 9.00 11.00 6.00 0.00 0.00 1.00 0.00 0.00
43.00 20.00 26.00 54.00 99.00 28.00 45.00 0.08 0.51 0.00 1.00 0.00 6.00 10.00 14.00 10.00 15.00 5.00 0.00 0.00 0.00 0.00 0.00
44.00 19.00 23.00 53.00 95.00 30.00 42.00 0.09 0.40 0.00 0.00 0.00 2.00 9.00 17.00 10.00 12.00 7.00 0.00 0.00 0.00 0.00 0.00
45.00 19.00 17.00 46.00 88.00 29.00 42.00 0.07 0.56 0.00 0.00 0.00 4.00 8.00 15.00 11.00 10.00 9.00 0.00 0.00 0.00 0.00 0.00
46.00 24.00 23.00 58.00 115.00 35.00 57.00 0.08 0.67 0.00 0.00 0.00 7.00 16.00 17.00 8.00 20.00 4.00 0.00 0.00 1.00 0.00 0.00
47.00 18.00 10.00 38.00 86.00 28.00 48.00 0.09 0.66 0.00 0.00 0.00 3.00 6.00 15.00 12.00 13.00 5.00 0.00 0.00 0.00 0.00 0.00
48.00 9.00 6.00 20.00 42.00 14.00 22.00 0.07 0.33 0.00 0.00 0.00 4.00 4.00 5.00 5.00 7.00 2.00 0.00 0.00 0.00 0.00 0.00
49.00 19.00 11.00 45.00 95.00 34.00 50.00 0.07 0.56 0.00 0.00 0.00 5.00 14.00 14.00 5.00 15.00 4.00 1.00 0.00 1.00 0.00 0.00
50.00 26.00 21.00 63.00 131.00 42.00 68.00 0.08 0.76 0.00 0.00 0.00 7.00 12.00 19.00 14.00 19.00 7.00 0.00 0.00 0.00 0.00 0.00
51.00 21.00 16.00 50.00 104.00 34.00 54.00 0.08 0.59 0.00 0.00 0.00 5.00 11.00 16.00 10.00 18.00 3.00 0.00 0.00 1.00 0.00 0.00
52.00 13.00 7.00 29.00 66.00 22.00 37.00 0.09 0.39 0.00 0.00 0.00 5.00 10.00 8.00 3.00 13.00 0.00 0.00 0.00 0.00 0.00 0.00
53.00 27.00 37.00 81.00 141.00 44.00 60.00 0.08 0.75 0.00 0.00 0.00 5.00 13.00 22.00 14.00 20.00 7.00 0.00 1.00 0.00 0.00 0.00
54.00 13.00 9.00 31.00 65.00 22.00 34.00 0.08 0.44 0.00 0.00 0.00 5.00 8.00 8.00 5.00 9.00 4.00 0.00 0.00 0.00 0.00 0.00
55.00 26.00 28.00 80.00 134.00 52.00 54.00 0.09 0.69 0.00 0.00 0.00 5.00 12.00 21.00 14.00 17.00 9.00 0.00 1.00 0.00 0.00 0.00
56.00 28.00 29.00 76.00 145.00 47.00 69.00 0.09 0.86 0.00 0.00 0.00 10.00 14.00 18.00 14.00 19.00 9.00 0.00 0.00 0.00 0.00 0.00
57.00 26.00 21.00 70.00 127.00 49.00 57.00 0.07 0.83 0.00 1.00 0.00 7.00 13.00 19.00 13.00 18.00 8.00 0.00 0.00 0.00 0.00 0.00
58.00 32.00 35.00 98.00 168.00 63.00 70.00 0.09 0.86 0.00 1.00 0.00 8.00 16.00 24.00 16.00 18.00 14.00 0.00 1.00 1.00 0.00 0.00
59.00 32.00 29.00 80.00 160.00 51.00 80.00 0.10 1.38 1.00 2.00 0.50 10.00 15.00 22.00 17.00 25.00 7.00 0.00 1.00 0.00 0.00 0.00
60.00 32.00 30.00 89.00 159.00 59.00 70.00 0.09 0.95 0.00 2.00 0.00 8.00 15.00 24.00 17.00 23.00 9.00 0.00 1.00 0.00 0.00 0.00
61.00 35.00 40.00 94.00 171.00 54.00 77.00 0.07 0.94 0.00 0.00 0.00 10.00 19.00 25.00 16.00 23.00 12.00 0.00 0.00 2.00 0.00 0.00
62.00 28.00 22.00 77.00 144.00 55.00 67.00 0.07 0.75 0.00 0.00 0.00 5.00 14.00 23.00 14.00 17.00 11.00 0.00 1.00 1.00 0.00 0.00
63.00 31.00 42.00 87.00 159.00 45.00 72.00 0.09 0.81 0.00 1.00 0.00 14.00 15.00 17.00 16.00 22.00 9.00 0.00 1.00 2.00 0.00 0.00
64.00 26.00 26.00 67.00 131.00 41.00 64.00 0.11 0.81 0.00 0.00 0.00 6.00 11.00 20.00 15.00 16.00 10.00 0.00 0.00 1.00 0.00 0.00
65.00 26.00 22.00 65.00 132.00 43.00 67.00 0.09 0.79 0.00 0.00 0.00 8.00 14.00 18.00 12.00 19.00 7.00 0.00 1.00 0.00 0.00 0.00
66.00 26.00 29.00 69.00 129.00 40.00 60.00 0.07 0.72 0.00 1.00 0.00 10.00 17.00 16.00 9.00 20.00 6.00 0.00 0.00 1.00 0.00 0.00
67.00 30.00 23.00 72.00 147.00 49.00 75.00 0.08 1.27 0.00 1.00 0.00 8.00 17.00 22.00 13.00 21.00 9.00 0.00 1.00 0.00 0.00 0.00
68.00 28.00 27.00 83.00 140.00 56.00 57.00 0.09 0.77 1.00 1.00 1.00 10.00 19.00 18.00 9.00 22.00 6.00 0.00 0.00 0.00 0.00 0.00
69.00 26.00 24.00 67.00 129.00 43.00 62.00 0.08 0.69 0.00 1.00 0.00 10.00 13.00 16.00 13.00 18.00 8.00 0.00 0.00 0.00 0.00 0.00
70.00 32.00 31.00 92.00 166.00 61.00 74.00 0.06 0.77 0.00 1.00 0.00 10.00 17.00 22.00 15.00 21.00 11.00 0.00 1.00 1.00 0.00 0.00
71.00 31.00 31.00 83.00 152.00 52.00 69.00 0.09 0.91 0.00 1.00 0.00 6.00 16.00 25.00 15.00 22.00 9.00 0.00 1.00 0.00 0.00 0.00
72.00 25.00 21.00 65.00 126.00 44.00 61.00 0.10 0.80 0.00 2.00 0.00 5.00 8.00 20.00 17.00 15.00 10.00 0.00 0.00 1.00 0.00 0.00
73.00 38.00 31.00 99.00 176.00 68.00 77.00 0.10 1.29 0.00 1.00 0.00 14.00 24.00 24.00 14.00 29.00 9.00 0.00 0.00 1.00 0.00 0.00
74.00 30.00 31.00 82.00 157.00 51.00 75.00 0.08 1.00 0.00 1.00 0.00 6.00 11.00 24.00 19.00 18.00 12.00 0.00 1.00 1.00 0.00 0.00
75.00 32.00 30.00 88.00 166.00 58.00 78.00 0.07 0.80 1.00 3.00 0.33 7.00 15.00 25.00 17.00 23.00 9.00 0.00 0.00 0.00 1.00 0.00
76.00 35.00 37.00 99.00 180.00 62.00 81.00 0.07 1.06 1.00 2.00 0.50 8.00 12.00 27.00 23.00 19.00 16.00 0.00 1.00 1.00 0.00 0.00
77.00 33.00 31.00 93.00 163.00 62.00 70.00 0.09 0.87 1.00 2.00 0.50 8.00 13.00 25.00 20.00 19.00 14.00 0.00 1.00 2.00 0.00 0.00
78.00 35.00 47.00 108.00 184.00 61.00 76.00 0.06 0.86 1.00 3.00 0.33 8.00 15.00 27.00 20.00 18.00 17.00 0.00 1.00 2.00 0.00 0.00
79.00 33.00 34.00 96.00 172.00 62.00 76.00 0.08 0.81 1.00 3.00 0.33 8.00 13.00 25.00 20.00 17.00 16.00 0.00 1.00 0.00 0.00 0.00
80.00 32.00 42.00 89.00 166.00 47.00 77.00 0.09 0.73 2.00 2.00 1.00 5.00 12.00 27.00 20.00 18.00 14.00 0.00 0.00 0.00 0.00 0.00
81.00 40.00 48.00 119.00 198.00 71.00 79.00 0.07 0.97 0.00 3.00 0.00 8.00 18.00 32.00 22.00 30.00 10.00 0.00 0.00 0.00 0.00 0.00
82.00 33.00 29.00 100.00 172.00 71.00 72.00 0.08 0.89 1.00 0.00 0.00 5.00 15.00 28.00 18.00 24.00 9.00 0.00 0.00 0.00 0.00 0.00
83.00 28.00 28.00 77.00 139.00 49.00 62.00 0.08 0.74 1.00 2.00 0.50 5.00 9.00 23.00 19.00 17.00 11.00 0.00 1.00 0.00 0.00 0.00
84.00 26.00 22.00 72.00 131.00 50.00 59.00 0.08 0.65 0.00 3.00 0.00 2.00 8.00 24.00 18.00 13.00 13.00 0.00 1.00 1.00 0.00 0.00
85.00 30.00 34.00 89.00 153.00 55.00 64.00 0.09 0.75 1.00 3.00 0.33 6.00 12.00 24.00 18.00 18.00 12.00 0.00 1.00 0.00 0.00 0.00
86.00 25.00 22.00 75.00 131.00 53.00 56.00 0.09 0.56 1.00 3.00 0.33 3.00 9.00 22.00 16.00 13.00 12.00 0.00 0.00 0.00 0.00 0.00
87.00 29.00 31.00 85.00 153.00 54.00 68.00 0.08 0.76 1.00 4.00 0.25 3.00 8.00 26.00 21.00 16.00 13.00 0.00 1.00 1.00 0.00 0.00
88.00 33.00 36.00 98.00 171.00 62.00 73.00 0.08 0.81 1.00 3.00 0.33 7.00 16.00 26.00 17.00 22.00 11.00 0.00 0.00 0.00 0.00 0.00
89.00 38.00 51.00 111.00 199.00 60.00 88.00 0.08 0.92 2.00 4.00 0.50 7.00 14.00 31.00 24.00 22.00 16.00 0.00 0.00 0.00 0.00 0.00
90.00 33.00 44.00 104.00 181.00 60.00 77.00 0.09 0.76 2.00 4.00 0.50 7.00 10.00 26.00 23.00 17.00 16.00 0.00 0.00 0.00 0.00 0.00
91.00 31.00 42.00 97.00 159.00 55.00 62.00 0.08 0.75 1.00 3.00 0.33 4.00 10.00 27.00 21.00 15.00 16.00 0.00 1.00 0.00 0.00 0.00
92.00 29.00 30.00 82.00 152.00 52.00 70.00 0.09 0.85 1.00 3.00 0.33 8.00 15.00 21.00 14.00 20.00 9.00 0.00 1.00 0.00 0.00 0.00
93.00 37.00 53.00 101.00 180.00 48.00 79.00 0.09 0.98 1.00 4.00 0.25 10.00 17.00 27.00 20.00 24.00 13.00 0.00 0.00 0.00 0.00 0.00
94.00 32.00 32.00 87.00 163.00 55.00 76.00 0.09 0.84 0.00 4.00 0.00 11.00 16.00 21.00 16.00 24.00 8.00 0.00 0.00 1.00 0.00 0.00
95.00 31.00 39.00 86.00 150.00 47.00 64.00 0.08 0.87 0.00 5.00 0.00 12.00 15.00 19.00 16.00 19.00 12.00 0.00 0.00 0.00 0.00 0.00
96.00 30.00 35.00 82.00 158.00 47.00 76.00 0.09 0.75 1.00 3.00 0.33 12.00 16.00 18.00 14.00 23.00 7.00 0.00 0.00 0.00 0.00 0.00
97.00 29.00 34.00 86.00 154.00 52.00 68.00 0.11 0.67 1.00 5.00 0.20 6.00 10.00 23.00 19.00 15.00 14.00 0.00 1.00 0.00 0.00 0.00
98.00 26.00 25.00 71.00 139.00 46.00 68.00 0.08 0.73 1.00 3.00 0.33 5.00 14.00 21.00 12.00 16.00 10.00 0.00 0.00 0.00 0.00 0.00
99.00 25.00 28.00 71.00 128.00 43.00 57.00 0.09 0.69 1.00 3.00 0.33 4.00 7.00 21.00 18.00 12.00 13.00 0.00 1.00 0.00 0.00 0.00
100.00 28.00 30.00 72.00 138.00 42.00 66.00 0.09 0.69 0.00 3.00 0.00 5.00 7.00 23.00 21.00 15.00 13.00 0.00 0.00 0.00 0.00 0.00
101.00 30.00 33.00 80.00 151.00 47.00 71.00 0.09 0.75 0.00 4.00 0.00 6.00 12.00 24.00 18.00 16.00 14.00 0.00 1.00 0.00 0.00 0.00
102.00 26.00 34.00 72.00 133.00 38.00 61.00 0.09 0.69 0.00 2.00 0.00 4.00 11.00 22.00 15.00 12.00 14.00 0.00 1.00 0.00 0.00 0.00
103.00 27.00 28.00 75.00 137.00 47.00 62.00 0.09 0.92 1.00 2.00 0.50 7.00 13.00 20.00 14.00 17.00 10.00 0.00 0.00 0.00 0.00 0.00
104.00 31.00 44.00 93.00 153.00 49.00 60.00 0.08 0.80 1.00 2.00 0.50 10.00 15.00 21.00 16.00 20.00 11.00 0.00 1.00 0.00 0.00 0.00
105.00 30.00 33.00 86.00 153.00 53.00 67.00 0.09 0.82 1.00 3.00 0.33 9.00 14.00 21.00 16.00 19.00 11.00 0.00 1.00 0.00 0.00 0.00
106.00 31.00 40.00 93.00 160.00 53.00 67.00 0.09 0.88 0.00 3.00 0.00 5.00 7.00 26.00 24.00 13.00 18.00 0.00 1.00 1.00 0.00 0.00
107.00 29.00 38.00 83.00 150.00 45.00 67.00 0.09 0.73 0.00 3.00 0.00 5.00 14.00 24.00 15.00 18.00 11.00 0.00 0.00 0.00 0.00 0.00
108.00 30.00 32.00 86.00 157.00 54.00 71.00 0.09 0.83 2.00 2.00 1.00 8.00 14.00 22.00 16.00 17.00 13.00 0.00 1.00 0.00 0.00 0.00
109.00 31.00 33.00 83.00 159.00 50.00 76.00 0.08 0.90 1.00 3.00 0.33 10.00 15.00 21.00 16.00 23.00 8.00 0.00 0.00 0.00 0.00 0.00
110.00 30.00 34.00 83.00 152.00 49.00 69.00 0.08 0.85 1.00 3.00 0.33 5.00 13.00 25.00 17.00 19.00 11.00 0.00 0.00 0.00 0.00 0.00
111.00 29.00 40.00 87.00 158.00 47.00 71.00 0.09 0.70 0.00 3.00 0.00 7.00 10.00 22.00 19.00 15.00 14.00 0.00 0.00 0.00 0.00 0.00
112.00 33.00 46.00 108.00 179.00 62.00 71.00 0.10 0.74 1.00 4.00 0.25 7.00 13.00 26.00 20.00 19.00 14.00 0.00 0.00 1.00 1.00 0.00
113.00 27.00 34.00 80.00 142.00 46.00 62.00 0.09 0.65 1.00 3.00 0.33 8.00 12.00 19.00 15.00 15.00 12.00 0.00 0.00 0.00 0.00 0.00
114.00 29.00 29.00 84.00 143.00 55.00 59.00 0.08 0.85 1.00 3.00 0.33 9.00 15.00 20.00 14.00 20.00 9.00 0.00 0.00 0.00 0.00 0.00
115.00 27.00 38.00 82.00 136.00 44.00 54.00 0.09 0.75 1.00 2.00 0.50 4.00 12.00 23.00 15.00 17.00 10.00 0.00 0.00 0.00 0.00 0.00
116.00 29.00 34.00 87.00 150.00 53.00 63.00 0.08 0.75 1.00 1.00 1.00 7.00 15.00 22.00 14.00 18.00 11.00 0.00 0.00 0.00 0.00 0.00
117.00 22.00 22.00 54.00 115.00 32.00 61.00 0.08 0.75 0.00 1.00 0.00 5.00 9.00 17.00 13.00 17.00 5.00 0.00 0.00 0.00 0.00 0.00
118.00 27.00 31.00 81.00 136.00 50.00 55.00 0.09 0.76 1.00 3.00 0.33 8.00 13.00 19.00 14.00 20.00 7.00 0.00 0.00 0.00 0.00 0.00
119.00 34.00 45.00 100.00 168.00 55.00 68.00 0.10 0.88 1.00 2.00 0.50 10.00 17.00 24.00 17.00 21.00 13.00 0.00 0.00 0.00 0.00 0.00
120.00 29.00 26.00 76.00 144.00 50.00 68.00 0.08 0.72 0.00 0.00 0.00 6.00 15.00 23.00 14.00 25.00 4.00 0.00 0.00 1.00 0.00 0.00
121.00 24.00 14.00 61.00 127.00 47.00 66.00 0.08 0.81 1.00 0.00 0.00 5.00 14.00 19.00 10.00 17.00 7.00 0.00 0.00 0.00 0.00 0.00
122.00 26.00 27.00 71.00 131.00 44.00 60.00 0.08 0.74 1.00 1.00 1.00 6.00 13.00 20.00 13.00 15.00 11.00 0.00 1.00 1.00 1.00 0.00
123.00 25.00 34.00 74.00 127.00 40.00 53.00 0.09 0.65 1.00 2.00 0.50 9.00 11.00 16.00 14.00 13.00 12.00 0.00 1.00 0.00 0.00 0.00
124.00 26.00 29.00 79.00 125.00 50.00 46.00 0.08 0.66 1.00 2.00 0.50 8.00 13.00 18.00 13.00 18.00 8.00 0.00 0.00 0.00 0.00 0.00
125.00 25.00 22.00 69.00 129.00 47.00 60.00 0.09 0.63 1.00 1.00 1.00 9.00 17.00 16.00 8.00 19.00 6.00 0.00 0.00 0.00 0.00 0.00
126.00 31.00 39.00 91.00 163.00 52.00 72.00 0.08 0.78 1.00 1.00 1.00 9.00 17.00 22.00 14.00 20.00 11.00 0.00 1.00 0.00 0.00 0.00
127.00 29.00 31.00 83.00 149.00 52.00 66.00 0.08 0.92 0.00 1.00 0.00 4.00 12.00 25.00 17.00 20.00 9.00 0.00 1.00 0.00 0.00 0.00
128.00 32.00 39.00 103.00 168.00 64.00 65.00 0.07 0.80 1.00 4.00 0.25 11.00 17.00 21.00 15.00 23.00 9.00 0.00 0.00 0.00 0.00 0.00
129.00 33.00 38.00 100.00 170.00 62.00 70.00 0.09 0.87 1.00 5.00 0.20 6.00 17.00 27.00 16.00 23.00 10.00 0.00 0.00 0.00 0.00 0.00
130.00 30.00 37.00 82.00 154.00 45.00 72.00 0.08 0.76 1.00 4.00 0.25 10.00 15.00 20.00 15.00 20.00 10.00 0.00 1.00 0.00 0.00 0.00
131.00 30.00 29.00 80.00 158.00 51.00 78.00 0.08 0.74 1.00 4.00 0.25 5.00 11.00 25.00 19.00 15.00 15.00 0.00 1.00 0.00 0.00 0.00
132.00 35.00 41.00 101.00 186.00 60.00 85.00 0.10 0.98 1.00 4.00 0.25 11.00 17.00 24.00 18.00 21.00 14.00 0.00 1.00 0.00 1.00 1.00
133.00 32.00 36.00 82.00 165.00 46.00 83.00 0.09 0.99 1.00 2.00 0.50 12.00 19.00 20.00 13.00 27.00 5.00 0.00 1.00 0.00 0.00 0.00
134.00 29.00 24.00 79.00 150.00 55.00 71.00 0.10 0.85 1.00 2.00 0.50 10.00 17.00 19.00 12.00 24.00 5.00 0.00 0.00 0.00 0.00 0.00
135.00 32.00 28.00 94.00 173.00 66.00 79.00 0.09 0.79 2.00 4.00 0.50 7.00 11.00 25.00 21.00 18.00 14.00 0.00 1.00 0.00 0.00 0.00
136.00 32.00 41.00 97.00 170.00 56.00 73.00 0.07 0.70 1.00 1.00 1.00 9.00 14.00 23.00 18.00 17.00 15.00 0.00 0.00 0.00 0.00 0.00
137.00 31.00 30.00 93.00 159.00 63.00 66.00 0.09 0.68 0.00 2.00 0.00 6.00 12.00 25.00 19.00 16.00 15.00 0.00 1.00 0.00 0.00 0.00
138.00 34.00 41.00 103.00 172.00 62.00 69.00 0.08 0.84 1.00 2.00 0.50 8.00 12.00 26.00 22.00 20.00 14.00 0.00 1.00 0.00 1.00 0.00
139.00 34.00 40.00 104.00 180.00 64.00 76.00 0.09 0.87 1.00 4.00 0.25 9.00 12.00 25.00 22.00 22.00 12.00 0.00 1.00 0.00 0.00 0.00
140.00 32.00 31.00 96.00 174.00 65.00 78.00 0.07 0.89 1.00 2.00 0.50 9.00 13.00 23.00 19.00 18.00 14.00 0.00 0.00 0.00 0.00 0.00
141.00 36.00 51.00 107.00 176.00 56.00 69.00 0.09 1.03 1.00 2.00 0.50 8.00 17.00 28.00 19.00 22.00 14.00 0.00 1.00 0.00 0.00 0.00
142.00 30.00 39.00 87.00 156.00 48.00 69.00 0.09 0.79 1.00 1.00 1.00 7.00 13.00 23.00 17.00 17.00 13.00 0.00 1.00 0.00 0.00 0.00
143.00 39.00 53.00 118.00 200.00 65.00 82.00 0.08 0.94 1.00 3.00 0.33 9.00 14.00 30.00 25.00 24.00 15.00 0.00 1.00 0.00 0.00 0.00
144.00 31.00 41.00 86.00 154.00 45.00 68.00 0.09 0.80 1.00 3.00 0.33 9.00 15.00 22.00 16.00 22.00 9.00 0.00 0.00 1.00 0.00 0.00
145.00 37.00 49.00 109.00 187.00 60.00 78.00 0.08 0.98 1.00 1.00 1.00 7.00 15.00 30.00 22.00 21.00 16.00 0.00 0.00 0.00 1.00 0.00
146.00 37.00 46.00 112.00 184.00 66.00 72.00 0.08 1.03 1.00 2.00 0.50 11.00 16.00 26.00 21.00 21.00 16.00 0.00 1.00 0.00 0.00 0.00
147.00 33.00 36.00 92.00 170.00 56.00 78.00 0.08 1.00 0.00 3.00 0.00 7.00 13.00 26.00 20.00 22.00 11.00 0.00 0.00 0.00 0.00 0.00
148.00 23.00 27.00 67.00 111.00 40.00 44.00 0.09 0.63 1.00 2.00 0.50 5.00 7.00 18.00 16.00 14.00 9.00 0.00 1.00 2.00 0.00 0.00
149.00 28.00 26.00 73.00 142.00 47.00 69.00 0.10 0.86 1.00 3.00 0.33 8.00 12.00 20.00 16.00 17.00 11.00 0.00 0.00 0.00 0.00 0.00
150.00 26.00 24.00 74.00 136.00 50.00 62.00 0.10 0.73 1.00 3.00 0.33 5.00 11.00 21.00 15.00 15.00 11.00 0.00 0.00 0.00 0.00 0.00
151.00 24.00 27.00 67.00 127.00 40.00 60.00 0.10 0.67 1.00 1.00 1.00 5.00 8.00 19.00 16.00 14.00 10.00 0.00 0.00 1.00 0.00 0.00
152.00 31.00 31.00 83.00 157.00 52.00 74.00 0.09 0.87 1.00 1.00 1.00 7.00 16.00 24.00 15.00 20.00 11.00 0.00 1.00 1.00 0.00 0.00
153.00 28.00 28.00 82.00 151.00 54.00 69.00 0.08 0.77 1.00 1.00 1.00 11.00 15.00 17.00 13.00 20.00 8.00 0.00 1.00 0.00 0.00 0.00
154.00 27.00 26.00 77.00 135.00 51.00 58.00 0.07 0.80 1.00 1.00 1.00 6.00 13.00 21.00 14.00 16.00 11.00 0.00 1.00 1.00 0.00 0.00
155.00 32.00 35.00 105.00 168.00 70.00 63.00 0.08 0.81 1.00 1.00 1.00 8.00 17.00 24.00 15.00 20.00 12.00 0.00 0.00 0.00 0.00 0.00
156.00 32.00 42.00 96.00 162.00 54.00 66.00 0.08 0.77 1.00 2.00 0.50 9.00 18.00 23.00 14.00 21.00 11.00 0.00 1.00 0.00 0.00 0.00
157.00 22.00 16.00 64.00 115.00 48.00 51.00 0.09 0.65 0.00 1.00 0.00 6.00 11.00 16.00 11.00 13.00 9.00 0.00 1.00 0.00 0.00 0.00
158.00 27.00 32.00 74.00 145.00 42.00 71.00 0.09 0.69 1.00 2.00 0.50 7.00 11.00 20.00 16.00 16.00 11.00 0.00 1.00 0.00 0.00 0.00
159.00 32.00 37.00 94.00 166.00 57.00 72.00 0.07 0.85 0.00 2.00 0.00 8.00 13.00 24.00 19.00 19.00 13.00 0.00 0.00 1.00 0.00 0.00
160.00 29.00 35.00 89.00 151.00 54.00 62.00 0.07 0.88 0.00 3.00 0.00 9.00 15.00 20.00 14.00 19.00 10.00 0.00 1.00 1.00 0.00 0.00
161.00 31.00 26.00 86.00 163.00 60.00 77.00 0.09 0.87 0.00 1.00 0.00 10.00 14.00 21.00 17.00 25.00 6.00 0.00 0.00 1.00 1.00 0.00
162.00 39.00 37.00 110.00 190.00 73.00 80.00 0.09 1.00 0.00 3.00 0.00 10.00 18.00 29.00 21.00 29.00 10.00 0.00 0.00 0.00 1.00 0.00
163.00 29.00 37.00 90.00 156.00 53.00 66.00 0.09 0.67 0.00 3.00 0.00 10.00 16.00 19.00 13.00 19.00 10.00 0.00 0.00 0.00 0.00 0.00
164.00 34.00 29.00 105.00 181.00 76.00 76.00 0.08 0.91 0.00 2.00 0.00 11.00 16.00 23.00 18.00 20.00 14.00 0.00 1.00 0.00 0.00 0.00
165.00 31.00 45.00 80.00 138.00 35.00 58.00 0.10 0.84 0.00 3.00 0.00 5.00 14.00 26.00 17.00 18.00 13.00 0.00 0.00 0.00 1.00 0.00
166.00 28.00 33.00 82.00 142.00 49.00 60.00 0.08 0.70 0.00 4.00 0.00 6.00 14.00 22.00 14.00 17.00 11.00 0.00 1.00 0.00 0.00 0.00
167.00 34.00 39.00 100.00 173.00 61.00 73.00 0.09 1.20 0.00 3.00 0.00 9.00 23.00 25.00 11.00 26.00 8.00 0.00 1.00 2.00 0.00 0.00
168.00 28.00 23.00 83.00 148.00 60.00 65.00 0.07 0.66 0.00 3.00 0.00 4.00 13.00 24.00 15.00 20.00 8.00 0.00 1.00 0.00 0.00 0.00
169.00 33.00 36.00 93.00 164.00 57.00 71.00 0.07 0.96 0.00 3.00 0.00 5.00 14.00 28.00 19.00 20.00 13.00 0.00 0.00 0.00 0.00 0.00
170.00 34.00 35.00 94.00 175.00 59.00 81.00 0.08 0.98 0.00 2.00 0.00 12.00 19.00 22.00 15.00 23.00 11.00 0.00 0.00 0.00 0.00 0.00
171.00 28.00 39.00 81.00 143.00 42.00 62.00 0.08 0.84 0.00 3.00 0.00 9.00 12.00 19.00 16.00 19.00 9.00 0.00 0.00 0.00 0.00 0.00
172.00 31.00 38.00 87.00 161.00 49.00 74.00 0.08 0.88 1.00 3.00 0.33 8.00 17.00 23.00 14.00 21.00 10.00 0.00 0.00 0.00 0.00 0.00
173.00 26.00 29.00 71.00 132.00 42.00 61.00 0.08 0.92 2.00 2.00 1.00 4.00 11.00 22.00 15.00 14.00 12.00 0.00 0.00 0.00 1.00 0.00
174.00 33.00 45.00 98.00 173.00 53.00 75.00 0.08 0.91 1.00 3.00 0.33 5.00 14.00 28.00 19.00 23.00 10.00 0.00 0.00 0.00 0.00 0.00
175.00 37.00 46.00 116.00 188.00 70.00 72.00 0.07 0.93 1.00 1.00 1.00 13.00 16.00 24.00 21.00 20.00 17.00 0.00 0.00 0.00 0.00 0.00
176.00 37.00 42.00 108.00 201.00 66.00 93.00 0.07 1.03 1.00 2.00 0.50 10.00 20.00 27.00 17.00 25.00 12.00 0.00 0.00 0.00 0.00 0.00
177.00 34.00 51.00 103.00 182.00 52.00 79.00 0.09 1.25 1.00 2.00 0.50 7.00 13.00 27.00 21.00 17.00 17.00 0.00 0.00 1.00 0.00 0.00
178.00 37.00 57.00 113.00 191.00 56.00 78.00 0.07 1.06 1.00 3.00 0.33 6.00 15.00 31.00 22.00 20.00 17.00 0.00 0.00 1.00 0.00 0.00
179.00 30.00 39.00 94.00 160.00 55.00 66.00 0.09 0.73 1.00 1.00 1.00 5.00 10.00 25.00 20.00 16.00 14.00 0.00 1.00 2.00 0.00 0.00
180.00 36.00 50.00 110.00 196.00 60.00 86.00 0.08 0.93 1.00 4.00 0.25 4.00 14.00 32.00 22.00 19.00 17.00 0.00 0.00 0.00 0.00 0.00
181.00 43.00 56.00 128.00 220.00 72.00 92.00 0.07 1.43 1.00 4.00 0.25 11.00 18.00 32.00 25.00 26.00 17.00 0.00 1.00 1.00 0.00 0.00
182.00 42.00 71.00 128.00 214.00 57.00 86.00 0.09 0.99 2.00 3.00 0.67 9.00 16.00 33.00 26.00 23.00 19.00 0.00 1.00 1.00 0.00 0.00
183.00 37.00 44.00 119.00 204.00 75.00 85.00 0.07 0.97 1.00 4.00 0.25 6.00 12.00 31.00 25.00 22.00 15.00 0.00 2.00 0.00 0.00 0.00
184.00 37.00 56.00 115.00 197.00 59.00 82.00 0.08 0.90 3.00 3.00 1.00 4.00 11.00 33.00 26.00 18.00 19.00 0.00 1.00 1.00 1.00 0.00
185.00 36.00 57.00 121.00 184.00 64.00 63.00 0.07 0.89 2.00 3.00 0.67 3.00 8.00 33.00 28.00 19.00 17.00 0.00 1.00 0.00 0.00 0.00
186.00 35.00 42.00 106.00 175.00 64.00 69.00 0.09 0.94 1.00 4.00 0.25 8.00 13.00 27.00 22.00 19.00 16.00 0.00 1.00 0.00 0.00 0.00
187.00 36.00 45.00 103.00 187.00 58.00 84.00 0.09 0.95 0.00 5.00 0.00 9.00 17.00 27.00 19.00 25.00 11.00 0.00 0.00 0.00 0.00 0.00
188.00 33.00 34.00 93.00 173.00 59.00 80.00 0.10 0.93 1.00 4.00 0.25 7.00 14.00 26.00 19.00 19.00 14.00 0.00 1.00 0.00 0.00 0.00
189.00 45.00 51.00 134.00 220.00 83.00 86.00 0.09 1.21 1.00 3.00 0.33 12.00 25.00 33.00 20.00 35.00 10.00 0.00 0.00 0.00 0.00 0.00
190.00 38.00 53.00 125.00 200.00 72.00 75.00 0.10 1.00 1.00 4.00 0.25 14.00 19.00 24.00 19.00 24.00 14.00 0.00 1.00 0.00 0.00 0.00
191.00 41.00 51.00 126.00 208.00 75.00 82.00 0.09 1.12 1.00 4.00 0.25 10.00 21.00 31.00 20.00 27.00 14.00 0.00 0.00 1.00 0.00 0.00
192.00 38.00 45.00 117.00 196.00 72.00 79.00 0.07 0.86 2.00 3.00 0.67 9.00 18.00 29.00 20.00 23.00 15.00 0.00 0.00 1.00 0.00 0.00
193.00 37.00 51.00 117.00 191.00 66.00 74.00 0.07 0.92 2.00 3.00 0.67 4.00 15.00 33.00 22.00 20.00 17.00 0.00 0.00 0.00 0.00 0.00
194.00 41.00 67.00 127.00 212.00 60.00 85.00 0.08 1.29 2.00 3.00 0.67 9.00 19.00 32.00 22.00 23.00 18.00 0.00 0.00 0.00 0.00 0.00
195.00 37.00 41.00 111.00 199.00 70.00 88.00 0.10 0.78 2.00 4.00 0.50 8.00 16.00 29.00 21.00 24.00 13.00 0.00 1.00 0.00 0.00 0.00
196.00 45.00 64.00 139.00 227.00 75.00 88.00 0.08 0.95 2.00 3.00 0.67 14.00 23.00 31.00 22.00 29.00 16.00 0.00 1.00 1.00 0.00 0.00
197.00 44.00 62.00 146.00 231.00 84.00 85.00 0.08 1.32 1.00 6.00 0.17 6.00 12.00 38.00 32.00 24.00 20.00 0.00 0.00 0.00 0.00 0.00
198.00 36.00 54.00 119.00 187.00 65.00 68.00 0.08 0.92 1.00 4.00 0.25 6.00 16.00 30.00 20.00 24.00 12.00 0.00 1.00 0.00 0.00 0.00
199.00 39.00 50.00 117.00 202.00 67.00 85.00 0.08 1.00 2.00 5.00 0.40 8.00 15.00 31.00 24.00 22.00 17.00 0.00 0.00 0.00 0.00 0.00
200.00 41.00 57.00 127.00 208.00 70.00 81.00 0.08 1.20 1.00 4.00 0.25 9.00 16.00 32.00 25.00 22.00 19.00 0.00 1.00 0.00 0.00 0.00
201.00 45.00 65.00 142.00 231.00 77.00 89.00 0.08 1.12 2.00 5.00 0.40 9.00 19.00 36.00 26.00 27.00 18.00 0.00 1.00 0.00 0.00 0.00
202.00 45.00 63.00 149.00 232.00 86.00 83.00 0.08 1.01 1.00 6.00 0.17 6.00 13.00 39.00 32.00 25.00 20.00 0.00 1.00 0.00 0.00 1.00
203.00 40.00 60.00 127.00 210.00 67.00 83.00 0.09 0.99 2.00 6.00 0.33 9.00 15.00 31.00 25.00 24.00 16.00 0.00 1.00 0.00 0.00 0.00
204.00 39.00 59.00 118.00 199.00 59.00 81.00 0.07 0.99 2.00 3.00 0.67 7.00 13.00 32.00 26.00 21.00 18.00 0.00 1.00 0.00 0.00 0.00
205.00 45.00 63.00 143.00 236.00 80.00 93.00 0.09 1.06 3.00 4.00 0.75 5.00 16.00 40.00 29.00 25.00 20.00 0.00 0.00 0.00 0.00 0.00
206.00 45.00 76.00 153.00 236.00 77.00 83.00 0.09 1.22 3.00 7.00 0.43 4.00 13.00 41.00 32.00 22.00 23.00 0.00 0.00 0.00 0.00 0.00
207.00 51.00 85.00 168.00 264.00 83.00 96.00 0.09 1.06 2.00 9.00 0.22 11.00 19.00 40.00 32.00 27.00 24.00 0.00 1.00 0.00 0.00 1.00
208.00 45.00 68.00 141.00 240.00 73.00 99.00 0.06 1.06 1.00 8.00 0.12 8.00 18.00 37.00 27.00 30.00 15.00 0.00 1.00 0.00 0.00 0.00
209.00 46.00 66.00 150.00 239.00 84.00 89.00 0.08 1.33 2.00 5.00 0.40 9.00 23.00 37.00 23.00 31.00 15.00 0.00 1.00 0.00 0.00 0.00
210.00 44.00 59.00 147.00 230.00 88.00 83.00 0.08 1.02 1.00 6.00 0.17 11.00 20.00 33.00 24.00 26.00 18.00 0.00 1.00 0.00 0.00 0.00
211.00 42.00 53.00 139.00 222.00 86.00 83.00 0.08 0.96 2.00 6.00 0.33 10.00 15.00 32.00 27.00 24.00 18.00 0.00 1.00 0.00 0.00 0.00
212.00 40.00 60.00 137.00 203.00 77.00 66.00 0.08 0.95 3.00 6.00 0.50 8.00 18.00 32.00 22.00 27.00 13.00 0.00 1.00 0.00 0.00 0.00
213.00 38.00 49.00 125.00 204.00 76.00 79.00 0.08 0.84 1.00 5.00 0.20 8.00 13.00 30.00 25.00 28.00 10.00 0.00 0.00 0.00 0.00 0.00
214.00 42.00 64.00 142.00 215.00 78.00 73.00 0.09 0.95 2.00 4.00 0.50 8.00 16.00 34.00 26.00 19.00 23.00 0.00 0.00 0.00 0.00 0.00
215.00 49.00 73.00 156.00 256.00 83.00 100.00 0.09 1.14 1.00 4.00 0.25 9.00 20.00 40.00 29.00 29.00 20.00 0.00 0.00 0.00 0.00 0.00
216.00 47.00 86.00 165.00 244.00 79.00 79.00 0.08 0.95 1.00 5.00 0.20 5.00 13.00 42.00 34.00 21.00 26.00 0.00 1.00 0.00 0.00 0.00
217.00 39.00 65.00 129.00 197.00 64.00 68.00 0.07 0.85 2.00 6.00 0.33 12.00 16.00 27.00 23.00 23.00 16.00 0.00 1.00 1.00 0.00 0.00
218.00 45.00 72.00 151.00 243.00 79.00 92.00 0.10 1.03 2.00 8.00 0.25 7.00 15.00 38.00 30.00 20.00 25.00 0.00 1.00 1.00 0.00 0.00
219.00 42.00 65.00 138.00 221.00 73.00 83.00 0.09 0.97 0.00 5.00 0.00 8.00 14.00 34.00 28.00 22.00 20.00 0.00 1.00 0.00 1.00 0.00
220.00 45.00 79.00 161.00 239.00 82.00 78.00 0.09 1.10 0.00 8.00 0.00 4.00 12.00 41.00 33.00 20.00 25.00 0.00 1.00 0.00 0.00 0.00
221.00 47.00 66.00 157.00 254.00 91.00 97.00 0.08 1.33 1.00 7.00 0.14 11.00 16.00 36.00 31.00 24.00 23.00 0.00 1.00 0.00 1.00 0.00
222.00 39.00 63.00 130.00 205.00 67.00 75.00 0.09 0.94 1.00 6.00 0.17 6.00 13.00 33.00 26.00 21.00 18.00 0.00 0.00 0.00 1.00 0.00
223.00 34.00 51.00 105.00 180.00 54.00 75.00 0.07 0.79 1.00 5.00 0.20 6.00 11.00 28.00 23.00 16.00 18.00 0.00 0.00 1.00 0.00 0.00
224.00 41.00 49.00 114.00 205.00 65.00 91.00 0.10 1.25 1.00 5.00 0.20 11.00 19.00 30.00 22.00 27.00 14.00 0.00 1.00 0.00 0.00 0.00
225.00 40.00 38.00 104.00 193.00 66.00 89.00 0.09 1.38 1.00 6.00 0.17 11.00 15.00 29.00 25.00 25.00 15.00 0.00 0.00 0.00 0.00 0.00
226.00 47.00 78.00 153.00 244.00 75.00 91.00 0.08 1.17 1.00 6.00 0.17 9.00 19.00 38.00 28.00 26.00 21.00 0.00 1.00 0.00 0.00 0.00
227.00 50.00 79.00 151.00 265.00 72.00 114.00 0.08 1.38 1.00 6.00 0.17 13.00 17.00 37.00 33.00 25.00 25.00 0.00 1.00 1.00 0.00 1.00
228.00 44.00 73.00 142.00 229.00 69.00 87.00 0.08 1.07 1.00 7.00 0.14 5.00 17.00 39.00 27.00 27.00 17.00 0.00 0.00 1.00 0.00 1.00
229.00 45.00 70.00 141.00 242.00 71.00 101.00 0.08 1.14 1.00 7.00 0.14 8.00 16.00 37.00 29.00 26.00 19.00 0.00 1.00 1.00 0.00 0.00
230.00 47.00 68.00 143.00 249.00 75.00 106.00 0.09 1.23 1.00 6.00 0.17 9.00 19.00 38.00 28.00 28.00 19.00 0.00 1.00 1.00 0.00 0.00
231.00 42.00 61.00 136.00 222.00 75.00 86.00 0.10 0.97 1.00 5.00 0.20 10.00 17.00 32.00 25.00 21.00 21.00 0.00 0.00 0.00 0.00 0.00
232.00 44.00 63.00 136.00 227.00 73.00 91.00 0.09 1.10 1.00 5.00 0.20 10.00 19.00 34.00 25.00 22.00 22.00 0.00 1.00 1.00 0.00 0.00
233.00 37.00 57.00 127.00 196.00 70.00 69.00 0.09 0.82 1.00 6.00 0.17 6.00 16.00 31.00 21.00 23.00 14.00 1.00 1.00 0.00 0.00 0.00
234.00 45.00 75.00 145.00 239.00 70.00 94.00 0.09 1.04 1.00 5.00 0.20 10.00 20.00 35.00 25.00 29.00 16.00 0.00 1.00 0.00 0.00 0.00
235.00 46.00 61.00 138.00 232.00 77.00 94.00 0.07 1.30 1.00 6.00 0.17 12.00 25.00 34.00 21.00 26.00 20.00 0.00 1.00 0.00 0.00 0.00
236.00 39.00 55.00 114.00 197.00 59.00 83.00 0.09 0.87 1.00 6.00 0.17 8.00 19.00 31.00 20.00 25.00 14.00 0.00 1.00 0.00 0.00 0.00
237.00 50.00 62.00 137.00 235.00 75.00 98.00 0.08 1.78 0.00 6.00 0.00 16.00 25.00 34.00 25.00 33.00 17.00 1.00 1.00 0.00 0.00 0.00
238.00 43.00 59.00 134.00 218.00 75.00 84.00 0.09 1.20 1.00 5.00 0.20 9.00 17.00 34.00 26.00 25.00 18.00 0.00 1.00 0.00 0.00 0.00
239.00 42.00 54.00 132.00 219.00 78.00 87.00 0.10 1.01 1.00 6.00 0.17 11.00 20.00 31.00 22.00 24.00 18.00 1.00 0.00 0.00 0.00 0.00
240.00 42.00 58.00 129.00 214.00 71.00 85.00 0.08 1.02 1.00 6.00 0.17 10.00 19.00 32.00 23.00 26.00 16.00 1.00 1.00 0.00 0.00 0.00
241.00 37.00 37.00 112.00 188.00 75.00 76.00 0.09 1.14 1.00 4.00 0.25 10.00 20.00 27.00 17.00 26.00 11.00 0.00 0.00 0.00 0.00 0.00
242.00 45.00 78.00 149.00 229.00 71.00 80.00 0.09 1.06 1.00 6.00 0.17 10.00 17.00 35.00 28.00 25.00 20.00 1.00 1.00 0.00 0.00 0.00
243.00 38.00 54.00 108.00 200.00 54.00 92.00 0.10 0.86 0.00 7.00 0.00 10.00 18.00 28.00 20.00 24.00 14.00 0.00 0.00 0.00 0.00 0.00
244.00 43.00 50.00 124.00 220.00 74.00 96.00 0.08 1.20 1.00 6.00 0.17 10.00 20.00 33.00 23.00 27.00 16.00 0.00 0.00 0.00 0.00 0.00
245.00 44.00 71.00 149.00 232.00 78.00 83.00 0.08 1.04 1.00 5.00 0.20 7.00 16.00 37.00 28.00 23.00 21.00 1.00 1.00 0.00 0.00 0.00
246.00 42.00 64.00 128.00 218.00 64.00 90.00 0.08 1.59 1.00 5.00 0.20 5.00 14.00 37.00 28.00 20.00 22.00 1.00 1.00 0.00 0.00 0.00
247.00 41.00 63.00 129.00 207.00 66.00 78.00 0.08 1.05 2.00 6.00 0.33 9.00 14.00 32.00 27.00 19.00 22.00 1.00 1.00 0.00 0.00 0.00
248.00 46.00 57.00 135.00 222.00 78.00 87.00 0.09 1.37 2.00 4.00 0.50 13.00 20.00 33.00 26.00 32.00 14.00 0.00 0.00 2.00 0.00 0.00
249.00 41.00 59.00 135.00 219.00 76.00 84.00 0.09 1.15 1.00 4.00 0.25 6.00 11.00 35.00 30.00 21.00 20.00 0.00 1.00 1.00 0.00 0.00
250.00 40.00 58.00 125.00 203.00 67.00 78.00 0.08 1.14 0.00 5.00 0.00 7.00 15.00 33.00 25.00 24.00 16.00 1.00 1.00 1.00 0.00 0.00
251.00 44.00 58.00 143.00 226.00 85.00 83.00 0.09 1.21 0.00 5.00 0.00 9.00 16.00 35.00 28.00 29.00 15.00 1.00 0.00 0.00 1.00 0.00
252.00 43.00 64.00 142.00 222.00 78.00 80.00 0.08 1.26 1.00 3.00 0.33 6.00 12.00 37.00 31.00 20.00 23.00 1.00 0.00 2.00 0.00 0.00
253.00 45.00 46.00 123.00 233.00 77.00 110.00 0.09 1.23 1.00 4.00 0.25 11.00 19.00 34.00 26.00 28.00 17.00 1.00 1.00 0.00 0.00 0.00
254.00 41.00 51.00 122.00 212.00 71.00 90.00 0.09 1.20 0.00 5.00 0.00 8.00 15.00 33.00 26.00 25.00 16.00 1.00 0.00 0.00 0.00 0.00
255.00 42.00 57.00 121.00 213.00 64.00 92.00 0.08 1.10 1.00 8.00 0.12 6.00 14.00 36.00 28.00 24.00 18.00 0.00 1.00 0.00 0.00 0.00
256.00 41.00 58.00 129.00 211.00 71.00 82.00 0.08 1.26 0.00 7.00 0.00 11.00 16.00 30.00 25.00 19.00 22.00 0.00 0.00 1.00 0.00 1.00
257.00 44.00 61.00 137.00 223.00 76.00 86.00 0.09 1.46 0.00 7.00 0.00 7.00 12.00 37.00 32.00 20.00 24.00 0.00 1.00 0.00 0.00 1.00
258.00 38.00 47.00 107.00 188.00 60.00 81.00 0.10 1.96 1.00 6.00 0.17 8.00 15.00 30.00 23.00 20.00 18.00 0.00 1.00 0.00 1.00 0.00
259.00 39.00 46.00 108.00 201.00 62.00 93.00 0.09 1.18 0.00 5.00 0.00 5.00 16.00 34.00 23.00 26.00 13.00 0.00 0.00 0.00 0.00 0.00
260.00 35.00 40.00 99.00 182.00 59.00 83.00 0.10 1.46 0.00 5.00 0.00 5.00 15.00 30.00 20.00 23.00 12.00 0.00 1.00 0.00 0.00 0.00
261.00 38.00 49.00 115.00 190.00 66.00 75.00 0.10 1.39 0.00 3.00 0.00 8.00 17.00 30.00 21.00 25.00 13.00 0.00 1.00 0.00 0.00 0.00
262.00 38.00 43.00 129.00 201.00 86.00 72.00 0.07 1.22 1.00 4.00 0.25 7.00 13.00 31.00 25.00 18.00 20.00 0.00 0.00 0.00 0.00 0.00
263.00 39.00 53.00 118.00 195.00 65.00 77.00 0.09 1.37 0.00 3.00 0.00 10.00 18.00 29.00 21.00 27.00 12.00 0.00 0.00 0.00 0.00 0.00
264.00 35.00 47.00 121.00 186.00 74.00 65.00 0.09 1.01 0.00 3.00 0.00 5.00 13.00 30.00 22.00 18.00 17.00 0.00 1.00 0.00 0.00 0.00
265.00 38.00 51.00 106.00 195.00 55.00 89.00 0.08 1.43 1.00 5.00 0.20 5.00 18.00 33.00 20.00 26.00 12.00 0.00 1.00 0.00 1.00 0.00
266.00 31.00 41.00 93.00 156.00 52.00 63.00 0.08 0.86 1.00 5.00 0.20 7.00 12.00 24.00 19.00 20.00 11.00 0.00 1.00 0.00 0.00 0.00
267.00 39.00 46.00 97.00 184.00 51.00 87.00 0.09 1.56 1.00 4.00 0.25 12.00 22.00 27.00 17.00 28.00 11.00 0.00 0.00 0.00 0.00 0.00
268.00 33.00 49.00 99.00 166.00 50.00 67.00 0.10 1.40 1.00 5.00 0.20 5.00 10.00 28.00 23.00 16.00 17.00 0.00 1.00 1.00 0.00 0.00
269.00 38.00 59.00 121.00 196.00 62.00 75.00 0.07 1.37 1.00 3.00 0.33 12.00 16.00 26.00 22.00 21.00 17.00 0.00 0.00 0.00 0.00 0.00
270.00 36.00 55.00 98.00 184.00 43.00 86.00 0.07 1.33 0.00 6.00 0.00 9.00 18.00 27.00 18.00 24.00 12.00 0.00 0.00 1.00 0.00 0.00
271.00 42.00 49.00 130.00 202.00 81.00 72.00 0.08 1.37 0.00 6.00 0.00 9.00 18.00 33.00 24.00 25.00 17.00 0.00 1.00 1.00 0.00 0.00
272.00 34.00 44.00 96.00 162.00 52.00 66.00 0.08 1.64 0.00 5.00 0.00 8.00 14.00 26.00 20.00 22.00 12.00 0.00 0.00 0.00 0.00 0.00
273.00 38.00 51.00 107.00 192.00 56.00 85.00 0.08 1.44 0.00 6.00 0.00 11.00 22.00 27.00 16.00 25.00 13.00 0.00 1.00 0.00 0.00 0.00
274.00 33.00 37.00 90.00 168.00 53.00 78.00 0.08 1.13 0.00 4.00 0.00 9.00 15.00 24.00 18.00 23.00 10.00 0.00 1.00 0.00 0.00 0.00
275.00 36.00 52.00 95.00 185.00 43.00 90.00 0.07 1.37 0.00 3.00 0.00 12.00 17.00 24.00 19.00 23.00 13.00 0.00 1.00 0.00 0.00 0.00
276.00 33.00 40.00 92.00 159.00 52.00 67.00 0.09 1.21 0.00 4.00 0.00 6.00 12.00 27.00 21.00 19.00 14.00 0.00 0.00 0.00 0.00 0.00
277.00 27.00 34.00 82.00 137.00 48.00 55.00 0.08 0.93 0.00 3.00 0.00 5.00 16.00 22.00 11.00 21.00 6.00 0.00 0.00 0.00 0.00 0.00
278.00 25.00 30.00 69.00 121.00 39.00 52.00 0.08 1.06 0.00 4.00 0.00 8.00 15.00 17.00 10.00 16.00 9.00 0.00 0.00 0.00 0.00 0.00
279.00 25.00 23.00 76.00 121.00 53.00 45.00 0.09 0.94 0.00 4.00 0.00 7.00 13.00 18.00 12.00 20.00 5.00 0.00 0.00 0.00 0.00 0.00
280.00 33.00 43.00 89.00 161.00 46.00 72.00 0.09 1.26 0.00 3.00 0.00 7.00 20.00 26.00 13.00 24.00 9.00 0.00 0.00 0.00 0.00 0.00
281.00 31.00 44.00 90.00 156.00 46.00 66.00 0.08 1.05 0.00 2.00 0.00 8.00 12.00 23.00 19.00 20.00 11.00 0.00 0.00 0.00 0.00 0.00
282.00 28.00 21.00 63.00 134.00 42.00 71.00 0.09 1.07 0.00 2.00 0.00 8.00 15.00 20.00 13.00 17.00 11.00 0.00 0.00 0.00 0.00 0.00
283.00 24.00 25.00 61.00 121.00 36.00 60.00 0.07 0.82 0.00 2.00 0.00 5.00 10.00 19.00 14.00 13.00 11.00 1.00 0.00 0.00 0.00 0.00
284.00 26.00 36.00 78.00 131.00 42.00 53.00 0.08 0.85 0.00 1.00 0.00 7.00 11.00 19.00 15.00 15.00 11.00 1.00 0.00 0.00 0.00 0.00
285.00 29.00 28.00 74.00 146.00 46.00 72.00 0.09 0.94 0.00 2.00 0.00 8.00 12.00 21.00 17.00 20.00 9.00 1.00 0.00 0.00 0.00 0.00
286.00 29.00 34.00 75.00 147.00 41.00 72.00 0.09 1.10 0.00 2.00 0.00 9.00 14.00 20.00 15.00 21.00 8.00 0.00 0.00 0.00 0.00 0.00
287.00 31.00 39.00 96.00 151.00 57.00 55.00 0.09 1.31 1.00 3.00 0.33 9.00 17.00 22.00 14.00 20.00 11.00 1.00 0.00 0.00 0.00 0.00
288.00 25.00 27.00 72.00 125.00 45.00 53.00 0.07 0.88 1.00 4.00 0.25 6.00 10.00 19.00 15.00 16.00 9.00 1.00 0.00 0.00 0.00 0.00
289.00 27.00 31.00 69.00 132.00 38.00 63.00 0.08 1.03 0.00 4.00 0.00 8.00 13.00 19.00 14.00 17.00 10.00 1.00 0.00 0.00 0.00 0.00
290.00 26.00 34.00 77.00 133.00 43.00 56.00 0.09 1.02 1.00 3.00 0.33 5.00 11.00 21.00 15.00 13.00 13.00 1.00 0.00 1.00 0.00 0.00
291.00 23.00 32.00 65.00 117.00 33.00 52.00 0.08 1.03 1.00 2.00 0.50 6.00 9.00 17.00 14.00 14.00 9.00 1.00 0.00 0.00 0.00 0.00
292.00 27.00 34.00 82.00 137.00 48.00 55.00 0.08 1.00 0.00 3.00 0.00 4.00 11.00 23.00 16.00 15.00 12.00 0.00 0.00 0.00 0.00 0.00
293.00 30.00 45.00 93.00 154.00 48.00 61.00 0.09 1.07 0.00 3.00 0.00 6.00 12.00 24.00 18.00 19.00 11.00 1.00 0.00 1.00 0.00 0.00
294.00 25.00 21.00 75.00 130.00 54.00 55.00 0.08 0.94 0.00 2.00 0.00 7.00 14.00 18.00 11.00 18.00 7.00 1.00 0.00 0.00 0.00 0.00
295.00 24.00 21.00 54.00 121.00 33.00 67.00 0.09 0.93 0.00 1.00 0.00 11.00 14.00 13.00 10.00 20.00 4.00 0.00 0.00 0.00 0.00 0.00
296.00 27.00 33.00 74.00 136.00 41.00 62.00 0.09 0.93 0.00 2.00 0.00 6.00 15.00 21.00 12.00 20.00 7.00 1.00 0.00 1.00 0.00 0.00
297.00 23.00 28.00 66.00 119.00 38.00 53.00 0.09 0.82 0.00 2.00 0.00 5.00 9.00 18.00 14.00 12.00 11.00 0.00 0.00 1.00 0.00 0.00
298.00 29.00 31.00 83.00 147.00 52.00 64.00 0.09 0.97 0.00 2.00 0.00 7.00 15.00 22.00 14.00 19.00 10.00 1.00 0.00 0.00 0.00 0.00
299.00 23.00 20.00 60.00 110.00 40.00 50.00 0.08 0.72 0.00 1.00 0.00 6.00 14.00 17.00 9.00 18.00 5.00 1.00 0.00 1.00 0.00 0.00
300.00 25.00 17.00 60.00 130.00 43.00 70.00 0.08 0.81 0.00 2.00 0.00 6.00 9.00 19.00 16.00 14.00 11.00 1.00 0.00 0.00 0.00 0.00
301.00 21.00 24.00 57.00 107.00 33.00 50.00 0.08 0.77 0.00 1.00 0.00 6.00 12.00 15.00 9.00 12.00 9.00 1.00 0.00 2.00 0.00 0.00
302.00 26.00 31.00 69.00 129.00 38.00 60.00 0.09 1.06 0.00 1.00 0.00 8.00 11.00 18.00 15.00 14.00 12.00 0.00 0.00 0.00 0.00 0.00
303.00 28.00 32.00 76.00 146.00 44.00 70.00 0.10 1.22 0.00 1.00 0.00 3.00 13.00 25.00 15.00 19.00 9.00 1.00 0.00 0.00 0.00 0.00
304.00 30.00 34.00 87.00 152.00 53.00 65.00 0.08 1.29 0.00 3.00 0.00 7.00 13.00 23.00 17.00 19.00 11.00 1.00 0.00 0.00 0.00 0.00
305.00 26.00 23.00 64.00 132.00 41.00 68.00 0.09 1.20 0.00 1.00 0.00 6.00 13.00 20.00 13.00 17.00 9.00 1.00 0.00 0.00 0.00 0.00
306.00 25.00 25.00 67.00 127.00 42.00 60.00 0.08 1.18 0.00 2.00 0.00 2.00 8.00 23.00 17.00 14.00 11.00 1.00 0.00 0.00 0.00 0.00
307.00 25.00 18.00 62.00 127.00 44.00 65.00 0.10 1.51 0.00 1.00 0.00 7.00 14.00 18.00 11.00 19.00 6.00 1.00 0.00 0.00 0.00 0.00
308.00 19.00 17.00 46.00 100.00 29.00 54.00 0.08 0.76 1.00 0.00 0.00 4.00 9.00 15.00 10.00 12.00 7.00 0.00 0.00 0.00 0.00 1.00
309.00 26.00 24.00 62.00 124.00 38.00 62.00 0.08 1.11 0.00 0.00 0.00 9.00 14.00 17.00 12.00 15.00 11.00 0.00 0.00 0.00 0.00 0.00
310.00 22.00 10.00 43.00 97.00 33.00 54.00 0.08 0.94 0.00 0.00 0.00 8.00 14.00 14.00 8.00 17.00 5.00 0.00 0.00 0.00 0.00 0.00
311.00 26.00 18.00 67.00 128.00 49.00 61.00 0.10 1.06 0.00 0.00 0.00 11.00 14.00 15.00 12.00 17.00 9.00 0.00 1.00 0.00 0.00 0.00
312.00 13.00 11.00 29.00 61.00 18.00 32.00 0.08 0.60 0.00 0.00 0.00 2.00 4.00 11.00 9.00 10.00 3.00 0.00 0.00 0.00 0.00 0.00
313.00 15.00 11.00 37.00 73.00 26.00 36.00 0.07 0.54 0.00 0.00 0.00 3.00 9.00 12.00 6.00 11.00 4.00 0.00 0.00 0.00 0.00 0.00
314.00 21.00 17.00 56.00 108.00 39.00 52.00 0.09 0.66 0.00 0.00 0.00 5.00 11.00 16.00 10.00 13.00 8.00 0.00 0.00 2.00 0.00 0.00
315.00 21.00 22.00 51.00 106.00 29.00 55.00 0.08 0.82 1.00 0.00 0.00 4.00 9.00 17.00 12.00 10.00 11.00 0.00 0.00 2.00 0.00 0.00
316.00 24.00 18.00 52.00 113.00 34.00 61.00 0.09 0.83 0.00 0.00 0.00 8.00 15.00 16.00 9.00 18.00 6.00 0.00 0.00 1.00 0.00 0.00
317.00 12.00 6.00 24.00 57.00 18.00 33.00 0.06 0.55 0.00 0.00 0.00 3.00 8.00 9.00 4.00 11.00 1.00 0.00 0.00 0.00 0.00 0.00
318.00 21.00 15.00 43.00 100.00 28.00 57.00 0.07 0.89 0.00 1.00 0.00 10.00 11.00 11.00 10.00 15.00 6.00 0.00 0.00 0.00 0.00 0.00
319.00 14.00 9.00 38.00 70.00 29.00 32.00 0.09 0.52 0.00 1.00 0.00 3.00 8.00 11.00 6.00 11.00 3.00 0.00 0.00 2.00 0.00 1.00
320.00 27.00 15.00 56.00 121.00 41.00 65.00 0.07 1.29 0.00 1.00 0.00 11.00 20.00 16.00 7.00 22.00 5.00 0.00 0.00 1.00 0.00 0.00
321.00 18.00 13.00 41.00 88.00 28.00 47.00 0.09 0.78 0.00 0.00 0.00 7.00 11.00 11.00 7.00 12.00 6.00 0.00 0.00 0.00 0.00 0.00
322.00 23.00 15.00 56.00 111.00 41.00 55.00 0.09 0.91 1.00 1.00 1.00 10.00 13.00 13.00 10.00 16.00 7.00 0.00 0.00 1.00 0.00 0.00
323.00 21.00 18.00 50.00 99.00 32.00 49.00 0.07 0.93 1.00 1.00 1.00 7.00 12.00 14.00 9.00 14.00 7.00 0.00 0.00 0.00 0.00 0.00
324.00 20.00 19.00 57.00 105.00 38.00 48.00 0.07 0.67 1.00 1.00 1.00 3.00 7.00 17.00 13.00 11.00 9.00 0.00 0.00 0.00 0.00 0.00
325.00 19.00 21.00 49.00 94.00 28.00 45.00 0.09 0.60 0.00 0.00 0.00 8.00 11.00 11.00 8.00 12.00 7.00 0.00 0.00 0.00 0.00 0.00
326.00 23.00 20.00 58.00 115.00 38.00 57.00 0.09 0.83 1.00 0.00 0.00 3.00 9.00 20.00 14.00 15.00 8.00 0.00 0.00 0.00 0.00 0.00
327.00 16.00 19.00 42.00 77.00 23.00 35.00 0.07 0.59 0.00 0.00 0.00 2.00 7.00 14.00 9.00 9.00 7.00 0.00 0.00 0.00 0.00 0.00
328.00 21.00 22.00 59.00 109.00 37.00 50.00 0.08 0.91 2.00 0.00 0.00 4.00 11.00 17.00 10.00 13.00 8.00 0.00 0.00 1.00 0.00 0.00
329.00 22.00 23.00 62.00 108.00 39.00 46.00 0.08 0.94 1.00 0.00 0.00 4.00 12.00 18.00 10.00 15.00 7.00 0.00 0.00 0.00 0.00 0.00
330.00 25.00 17.00 62.00 127.00 45.00 65.00 0.07 0.89 1.00 0.00 0.00 7.00 14.00 18.00 11.00 19.00 6.00 0.00 0.00 1.00 1.00 0.00
331.00 25.00 28.00 68.00 130.00 40.00 62.00 0.08 1.05 1.00 1.00 1.00 7.00 13.00 18.00 12.00 16.00 9.00 0.00 0.00 1.00 0.00 0.00
332.00 26.00 26.00 72.00 139.00 46.00 67.00 0.09 0.77 1.00 1.00 1.00 10.00 12.00 16.00 14.00 18.00 8.00 0.00 0.00 2.00 0.00 0.00
333.00 23.00 30.00 70.00 115.00 40.00 45.00 0.09 0.74 1.00 1.00 1.00 10.00 11.00 13.00 12.00 16.00 7.00 0.00 0.00 0.00 1.00 0.00
334.00 21.00 16.00 51.00 102.00 35.00 51.00 0.08 0.67 1.00 1.00 1.00 7.00 11.00 14.00 10.00 15.00 6.00 0.00 0.00 1.00 0.00 0.00
335.00 28.00 31.00 72.00 134.00 41.00 62.00 0.08 1.25 1.00 1.00 1.00 10.00 15.00 18.00 13.00 23.00 5.00 0.00 0.00 1.00 0.00 0.00
336.00 29.00 32.00 72.00 138.00 40.00 66.00 0.08 1.05 1.00 1.00 1.00 10.00 14.00 19.00 15.00 19.00 10.00 0.00 0.00 0.00 0.00 0.00
337.00 22.00 17.00 52.00 113.00 35.00 61.00 0.09 0.85 0.00 1.00 0.00 6.00 9.00 16.00 13.00 16.00 6.00 0.00 0.00 1.00 0.00 0.00
338.00 23.00 26.00 63.00 115.00 37.00 52.00 0.08 1.01 1.00 1.00 1.00 8.00 10.00 15.00 13.00 16.00 7.00 0.00 0.00 1.00 0.00 0.00
339.00 24.00 29.00 70.00 120.00 41.00 50.00 0.07 0.82 1.00 0.00 0.00 8.00 9.00 16.00 15.00 16.00 8.00 0.00 0.00 1.00 0.00 0.00
340.00 22.00 21.00 59.00 104.00 38.00 45.00 0.09 1.07 1.00 0.00 0.00 8.00 10.00 14.00 12.00 18.00 4.00 0.00 0.00 1.00 0.00 0.00
341.00 23.00 18.00 59.00 112.00 41.00 53.00 0.07 1.17 1.00 1.00 1.00 6.00 11.00 17.00 12.00 19.00 4.00 0.00 0.00 1.00 0.00 0.00
342.00 21.00 14.00 51.00 104.00 37.00 53.00 0.08 1.37 0.00 1.00 0.00 6.00 13.00 15.00 8.00 17.00 4.00 0.00 0.00 1.00 0.00 0.00
343.00 22.00 24.00 60.00 114.00 36.00 54.00 0.08 1.04 1.00 1.00 1.00 8.00 13.00 14.00 9.00 16.00 6.00 0.00 0.00 0.00 0.00 0.00
344.00 18.00 14.00 48.00 90.00 34.00 42.00 0.09 0.99 0.00 1.00 0.00 6.00 9.00 12.00 9.00 11.00 7.00 0.00 0.00 0.00 0.00 0.00
345.00 10.00 2.00 15.00 51.00 13.00 36.00 0.09 0.52 0.00 1.00 0.00 5.00 9.00 5.00 1.00 9.00 1.00 0.00 0.00 0.00 0.00 0.00
346.00 8.00 2.00 14.00 35.00 12.00 21.00 0.08 0.31 0.00 1.00 0.00 4.00 7.00 4.00 1.00 7.00 1.00 0.00 0.00 0.00 0.00 0.00
347.00 14.00 13.00 32.00 68.00 19.00 36.00 0.09 0.46 0.00 0.00 0.00 2.00 8.00 12.00 6.00 9.00 5.00 0.00 0.00 0.00 0.00 0.00
348.00 16.00 14.00 32.00 74.00 18.00 42.00 0.08 0.61 0.00 1.00 0.00 6.00 10.00 10.00 6.00 12.00 4.00 0.00 0.00 0.00 0.00 0.00
349.00 16.00 16.00 38.00 76.00 22.00 38.00 0.08 0.72 0.00 0.00 0.00 4.00 7.00 12.00 9.00 10.00 6.00 0.00 0.00 0.00 0.00 0.00
350.00 14.00 11.00 33.00 67.00 22.00 34.00 0.08 0.63 0.00 1.00 0.00 3.00 8.00 11.00 6.00 10.00 4.00 0.00 0.00 0.00 0.00 0.00
351.00 12.00 6.00 22.00 56.00 16.00 34.00 0.09 0.43 0.00 0.00 0.00 5.00 9.00 7.00 3.00 10.00 2.00 0.00 0.00 0.00 0.00 0.00
352.00 23.00 22.00 51.00 115.00 29.00 64.00 0.10 1.13 0.00 1.00 0.00 4.00 9.00 19.00 14.00 14.00 9.00 0.00 0.00 0.00 0.00 0.00
353.00 18.00 18.00 44.00 89.00 26.00 45.00 0.09 0.75 0.00 1.00 0.00 5.00 8.00 13.00 10.00 11.00 7.00 0.00 0.00 0.00 0.00 0.00
354.00 13.00 6.00 24.00 59.00 18.00 35.00 0.08 0.73 0.00 0.00 0.00 4.00 7.00 9.00 6.00 8.00 5.00 0.00 0.00 0.00 0.00 0.00
355.00 18.00 17.00 46.00 89.00 29.00 43.00 0.07 0.61 0.00 0.00 0.00 6.00 10.00 12.00 8.00 13.00 5.00 0.00 0.00 0.00 0.00 0.00
356.00 19.00 17.00 49.00 92.00 32.00 43.00 0.09 0.99 0.00 1.00 0.00 5.00 11.00 14.00 8.00 13.00 6.00 0.00 0.00 0.00 0.00 0.00
357.00 15.00 10.00 30.00 72.00 20.00 42.00 0.07 0.67 0.00 0.00 0.00 6.00 9.00 9.00 6.00 9.00 6.00 0.00 0.00 1.00 0.00 0.00
358.00 15.00 15.00 36.00 75.00 21.00 39.00 0.07 0.47 0.00 0.00 0.00 4.00 10.00 11.00 5.00 10.00 5.00 0.00 0.00 0.00 0.00 0.00
359.00 18.00 12.00 39.00 77.00 27.00 38.00 0.07 0.98 0.00 0.00 0.00 6.00 12.00 12.00 6.00 14.00 4.00 0.00 0.00 0.00 0.00 0.00
360.00 12.00 11.00 26.00 57.00 15.00 31.00 0.10 0.41 0.00 0.00 0.00 3.00 6.00 9.00 6.00 10.00 2.00 0.00 0.00 0.00 0.00 0.00
361.00 17.00 18.00 46.00 89.00 28.00 43.00 0.08 0.69 0.00 0.00 0.00 5.00 10.00 12.00 7.00 13.00 4.00 0.00 0.00 0.00 1.00 0.00
362.00 13.00 10.00 31.00 67.00 21.00 36.00 0.06 0.49 0.00 0.00 0.00 4.00 6.00 9.00 7.00 9.00 4.00 0.00 0.00 0.00 0.00 0.00
363.00 13.00 10.00 28.00 57.00 18.00 29.00 0.08 0.45 0.00 1.00 0.00 4.00 8.00 9.00 5.00 9.00 4.00 0.00 0.00 0.00 0.00 0.00
364.00 13.00 11.00 32.00 68.00 21.00 36.00 0.08 0.42 0.00 1.00 0.00 4.00 9.00 9.00 4.00 10.00 3.00 0.00 0.00 0.00 0.00 0.00
365.00 9.00 2.00 14.00 41.00 12.00 27.00 0.08 0.39 0.00 0.00 0.00 4.00 6.00 5.00 3.00 8.00 1.00 0.00 0.00 0.00 0.00 0.00
366.00 11.00 0.00 16.00 51.00 16.00 35.00 0.08 0.53 0.00 0.00 0.00 6.00 7.00 5.00 4.00 9.00 2.00 0.00 0.00 0.00 0.00 0.00
367.00 16.00 7.00 33.00 73.00 26.00 40.00 0.08 0.72 0.00 0.00 0.00 7.00 12.00 9.00 4.00 15.00 1.00 0.00 0.00 0.00 0.00 0.00
368.00 8.00 0.00 11.00 37.00 11.00 26.00 0.09 0.31 0.00 0.00 0.00 2.00 7.00 6.00 1.00 7.00 1.00 0.00 0.00 0.00 0.00 0.00
369.00 7.00 3.00 14.00 30.00 11.00 16.00 0.07 0.25 0.00 0.00 0.00 0.00 2.00 7.00 5.00 4.00 3.00 0.00 0.00 0.00 0.00 0.00
370.00 6.00 0.00 5.00 17.00 5.00 12.00 0.08 0.33 0.00 0.00 0.00 3.00 5.00 3.00 1.00 6.00 0.00 0.00 0.00 0.00 0.00 0.00
371.00 7.00 2.00 11.00 32.00 9.00 21.00 0.09 0.25 0.00 0.00 0.00 3.00 5.00 4.00 2.00 6.00 1.00 0.00 0.00 0.00 0.00 0.00
372.00 9.00 3.00 13.00 37.00 10.00 24.00 0.08 0.48 0.00 0.00 0.00 2.00 5.00 7.00 4.00 7.00 2.00 0.00 0.00 0.00 0.00 0.00
373.00 5.00 2.00 8.00 20.00 6.00 12.00 0.08 0.21 0.00 0.00 0.00 2.00 3.00 3.00 2.00 5.00 0.00 0.00 0.00 0.00 0.00 0.00
374.00 5.00 1.00 5.00 16.00 4.00 11.00 0.08 0.18 0.00 0.00 0.00 2.00 3.00 3.00 2.00 5.00 0.00 0.00 0.00 0.00 0.00 0.00
375.00 5.00 0.00 4.00 20.00 4.00 16.00 0.09 0.27 0.00 0.00 0.00 2.00 5.00 3.00 0.00 5.00 0.00 0.00 0.00 0.00 0.00 0.00
376.00 4.00 1.00 5.00 16.00 4.00 11.00 0.11 0.17 0.00 0.00 0.00 0.00 2.00 4.00 2.00 4.00 0.00 0.00 0.00 0.00 0.00 0.00
377.00 6.00 3.00 10.00 26.00 7.00 16.00 0.08 0.21 0.00 0.00 0.00 4.00 5.00 2.00 1.00 5.00 1.00 0.00 0.00 0.00 0.00 0.00
378.00 9.00 5.00 15.00 37.00 10.00 22.00 0.09 0.63 0.00 0.00 0.00 4.00 8.00 5.00 1.00 8.00 1.00 0.00 0.00 0.00 0.00 0.00
379.00 7.00 1.00 7.00 26.00 6.00 19.00 0.09 0.64 0.00 0.00 0.00 3.00 6.00 4.00 1.00 7.00 0.00 0.00 0.00 0.00 0.00 0.00
380.00 4.00 0.00 2.00 9.00 2.00 7.00 0.07 0.28 0.00 0.00 0.00 0.00 2.00 4.00 2.00 4.00 0.00 0.00 0.00 0.00 0.00 0.00
381.00 4.00 0.00 0.00 5.00 0.00 5.00 0.09 0.44 0.00 0.00 0.00 2.00 4.00 2.00 0.00 4.00 0.00 0.00 0.00 0.00 0.00 0.00
382.00 5.00 2.00 7.00 20.00 5.00 13.00 0.09 0.23 0.00 0.00 0.00 1.00 4.00 4.00 1.00 5.00 0.00 0.00 0.00 0.00 0.00 0.00
383.00 5.00 2.00 7.00 21.00 5.00 14.00 0.09 0.26 0.00 0.00 0.00 1.00 3.00 4.00 2.00 4.00 1.00 0.00 0.00 0.00 0.00 0.00
384.00 5.00 0.00 1.00 15.00 1.00 14.00 0.10 0.93 0.00 0.00 0.00 3.00 4.00 2.00 1.00 5.00 0.00 0.00 0.00 0.00 0.00 0.00
385.00 3.00 0.00 0.00 8.00 0.00 8.00 0.08 0.41 0.00 0.00 0.00 2.00 3.00 1.00 0.00 3.00 0.00 0.00 0.00 0.00 0.00 0.00
386.00 4.00 1.00 5.00 17.00 4.00 12.00 0.08 0.16 0.00 0.00 0.00 2.00 4.00 2.00 0.00 4.00 0.00 0.00 0.00 0.00 0.00 0.00
387.00 4.00 0.00 4.00 17.00 4.00 13.00 0.08 0.26 0.00 0.00 0.00 2.00 4.00 2.00 0.00 4.00 0.00 0.00 0.00 0.00 0.00 0.00
388.00 9.00 4.00 13.00 42.00 9.00 29.00 0.08 0.44 0.00 0.00 0.00 4.00 7.00 5.00 2.00 9.00 0.00 0.00 0.00 0.00 0.00 0.00
389.00 9.00 1.00 13.00 42.00 12.00 29.00 0.09 0.79 0.00 0.00 0.00 3.00 8.00 6.00 1.00 8.00 1.00 0.00 0.00 0.00 0.00 0.00
390.00 6.00 1.00 4.00 23.00 3.00 19.00 0.08 0.35 0.00 0.00 0.00 2.00 4.00 4.00 2.00 6.00 0.00 0.00 0.00 0.00 0.00 0.00
391.00 4.00 0.00 2.00 12.00 2.00 10.00 0.10 0.50 0.00 0.00 0.00 3.00 3.00 1.00 1.00 4.00 0.00 0.00 0.00 0.00 0.00 0.00
392.00 3.00 0.00 2.00 10.00 2.00 8.00 0.10 0.10 0.00 0.00 0.00 2.00 3.00 1.00 0.00 3.00 0.00 0.00 0.00 0.00 0.00 0.00
393.00 4.00 0.00 4.00 16.00 4.00 12.00 0.09 0.29 0.00 0.00 0.00 2.00 4.00 2.00 0.00 4.00 0.00 0.00 0.00 0.00 0.00 0.00
394.00 3.00 0.00 0.00 3.00 0.00 3.00 0.07 0.24 0.00 0.00 0.00 2.00 3.00 1.00 0.00 3.00 0.00 0.00 0.00 0.00 0.00 0.00
395.00 8.00 4.00 15.00 40.00 11.00 25.00 0.09 0.35 0.00 0.00 0.00 4.00 7.00 4.00 1.00 7.00 1.00 0.00 0.00 0.00 0.00 0.00
396.00 7.00 3.00 10.00 27.00 7.00 17.00 0.08 0.41 0.00 0.00 0.00 3.00 4.00 4.00 3.00 7.00 0.00 0.00 0.00 0.00 0.00 0.00
397.00 5.00 0.00 0.00 10.00 0.00 10.00 0.09 0.46 0.00 0.00 0.00 3.00 4.00 2.00 1.00 5.00 0.00 0.00 0.00 0.00 0.00 0.00
398.00 2.00 0.00 0.00 5.00 0.00 5.00 0.08 0.12 0.00 0.00 0.00 2.00 2.00 0.00 0.00 2.00 0.00 0.00 0.00 0.00 0.00 0.00
