0.00 3.00 0.00 2.00 10.00 2.00 8.00 0.09 4.63 0.00 0.00 0.00 2.00 3.00 1.00 0.00 3.00 0.00 0.00 0.00 0.00 0.00 0.00
1.00 4.00 0.00 2.00 14.00 2.00 12.00 0.09 5.10 0.00 0.00 0.00 2.00 4.00 2.00 0.00 4.00 0.00 0.00 0.00 0.00 0.00 0.00
2.00 3.00 0.00 0.00 3.00 0.00 3.00 0.08 0.22 0.00 0.00 0.00 2.00 3.00 1.00 0.00 3.00 0.00 0.00 0.00 0.00 0.00 0.00
3.00 3.00 0.00 0.00 4.00 0.00 4.00 0.07 4.27 0.00 0.00 0.00 2.00 3.00 1.00 0.00 3.00 0.00 0.00 0.00 0.00 0.00 0.00
4.00 7.00 4.00 14.00 32.00 10.00 18.00 0.09 5.20 0.00 0.00 0.00 4.00 5.00 3.00 2.00 6.00 1.00 0.00 0.00 0.00 0.00 0.00
5.00 5.00 0.00 6.00 23.00 6.00 17.00 0.09 4.60 0.00 0.00 0.00 2.00 3.00 3.00 2.00 5.00 0.00 0.00 0.00 0.00 0.00 0.00
6.00 6.00 0.00 6.00 26.00 6.00 20.00 0.08 3.83 0.00 0.00 0.00 3.00 5.00 3.00 1.00 6.00 0.00 0.00 0.00 0.00 0.00 0.00
7.00 6.00 0.00 5.00 20.00 5.00 15.00 0.09 5.22 0.00 0.00 0.00 1.00 5.00 5.00 1.00 6.00 0.00 0.00 0.00 0.00 0.00 0.00
8.00 11.00 9.00 24.00 55.00 15.00 31.00 0.08 3.11 0.00 0.00 0.00 2.00 4.00 9.00 7.00 7.00 4.00 0.00 0.00 0.00 0.00 0.00
9.00 9.00 4.00 18.00 44.00 14.00 26.00 0.08 4.56 0.00 0.00 0.00 3.00 6.00 6.00 3.00 7.00 2.00 0.00 0.00 0.00 0.00 0.00
10.00 5.00 0.00 5.00 17.00 5.00 12.00 0.09 3.48 0.00 0.00 0.00 0.00 2.00 5.00 3.00 4.00 1.00 0.00 0.00 0.00 0.00 0.00
11.00 9.00 7.00 20.00 39.00 13.00 19.00 0.09 2.33 0.00 0.00 0.00 2.00 5.00 7.00 4.00 9.00 0.00 0.00 0.00 0.00 0.00 0.00
12.00 10.00 5.00 16.00 46.00 11.00 30.00 0.10 0.46 0.00 0.00 0.00 4.00 7.00 6.00 3.00 9.00 1.00 0.00 0.00 0.00 0.00 0.00
13.00 5.00 1.00 7.00 22.00 6.00 15.00 0.08 0.24 0.00 0.00 0.00 1.00 3.00 4.00 2.00 4.00 1.00 0.00 0.00 0.00 0.00 0.00
14.00 5.00 0.00 6.00 21.00 6.00 15.00 0.10 0.27 0.00 0.00 0.00 2.00 4.00 3.00 1.00 4.00 1.00 0.00 0.00 0.00 0.00 0.00
15.00 11.00 4.00 18.00 44.00 14.00 26.00 0.10 2.09 0.00 0.00 0.00 4.00 6.00 7.00 5.00 9.00 2.00 0.00 0.00 0.00 0.00 0.00
16.00 5.00 1.00 7.00 20.00 6.00 13.00 0.08 0.31 0.00 0.00 0.00 3.00 4.00 2.00 1.00 5.00 0.00 0.00 0.00 1.00 0.00 0.00
17.00 4.00 0.00 2.00 15.00 2.00 13.00 0.09 0.38 0.00 0.00 0.00 3.00 3.00 1.00 1.00 4.00 0.00 0.00 0.00 0.00 0.00 0.00
18.00 6.00 0.00 7.00 28.00 7.00 21.00 0.08 2.63 0.00 0.00 0.00 4.00 5.00 2.00 1.00 5.00 1.00 0.00 0.00 0.00 0.00 0.00
19.00 11.00 10.00 25.00 54.00 15.00 29.00 0.08 0.39 0.00 0.00 0.00 3.00 5.00 8.00 6.00 7.00 4.00 0.00 0.00 0.00 0.00 0.00
20.00 8.00 3.00 14.00 37.00 11.00 23.00 0.09 0.33 0.00 0.00 0.00 1.00 4.00 7.00 4.00 5.00 3.00 0.00 0.00 0.00 0.00 0.00
21.00 13.00 12.00 33.00 65.00 21.00 32.00 0.08 0.32 0.00 0.00 0.00 5.00 9.00 8.00 4.00 10.00 3.00 0.00 0.00 0.00 0.00 0.00
22.00 13.00 11.00 26.00 59.00 15.00 33.00 0.07 0.45 0.00 0.00 0.00 4.00 6.00 9.00 7.00 9.00 4.00 0.00 0.00 0.00 0.00 0.00
23.00 9.00 7.00 19.00 45.00 12.00 26.00 0.09 0.35 0.00 0.00 0.00 1.00 3.00 8.00 6.00 4.00 5.00 0.00 0.00 0.00 0.00 0.00
24.00 12.00 8.00 26.00 48.00 18.00 22.00 0.09 0.40 0.00 0.00 0.00 6.00 10.00 6.00 2.00 11.00 1.00 0.00 0.00 0.00 0.00 0.00
25.00 14.00 16.00 34.00 68.00 18.00 34.00 0.10 0.42 0.00 1.00 0.00 3.00 8.00 11.00 6.00 10.00 4.00 0.00 0.00 0.00 0.00 0.00
26.00 12.00 12.00 31.00 53.00 19.00 22.00 0.09 0.40 0.00 1.00 0.00 1.00 6.00 11.00 6.00 10.00 2.00 0.00 0.00 0.00 0.00 0.00
27.00 10.00 8.00 24.00 50.00 16.00 26.00 0.08 0.36 0.00 1.00 0.00 1.00 5.00 9.00 5.00 8.00 2.00 0.00 0.00 0.00 0.00 0.00
28.00 12.00 11.00 29.00 62.00 18.00 33.00 0.09 0.43 0.00 1.00 0.00 3.00 6.00 9.00 6.00 8.00 4.00 0.00 0.00 0.00 0.00 0.00
29.00 10.00 7.00 20.00 45.00 13.00 25.00 0.09 0.33 0.00 1.00 0.00 3.00 4.00 7.00 6.00 7.00 3.00 0.00 0.00 0.00 0.00 0.00
30.00 12.00 6.00 26.00 56.00 20.00 30.00 0.09 0.34 0.00 1.00 0.00 4.00 6.00 8.00 6.00 10.00 2.00 0.00 0.00 0.00 0.00 0.00
31.00 11.00 5.00 23.00 49.00 18.00 26.00 0.09 1.86 0.00 1.00 0.00 3.00 9.00 8.00 2.00 10.00 1.00 0.00 0.00 0.00 0.00 0.00
32.00 12.00 11.00 29.00 55.00 18.00 26.00 0.08 0.44 0.00 1.00 0.00 6.00 11.00 6.00 1.00 11.00 1.00 0.00 0.00 0.00 0.00 0.00
33.00 7.00 4.00 14.00 34.00 10.00 20.00 0.08 0.31 0.00 1.00 0.00 3.00 6.00 4.00 1.00 7.00 0.00 0.00 0.00 0.00 0.00 0.00
34.00 9.00 5.00 18.00 42.00 13.00 24.00 0.09 0.33 0.00 1.00 0.00 2.00 3.00 7.00 6.00 5.00 4.00 0.00 0.00 0.00 0.00 0.00
35.00 7.00 1.00 7.00 30.00 6.00 23.00 0.10 0.48 0.00 1.00 0.00 4.00 5.00 3.00 2.00 7.00 0.00 0.00 0.00 0.00 0.00 0.00
36.00 13.00 12.00 29.00 60.00 17.00 31.00 0.08 0.37 0.00 1.00 0.00 1.00 9.00 12.00 4.00 11.00 2.00 0.00 0.00 0.00 0.00 0.00
37.00 9.00 1.00 16.00 39.00 15.00 23.00 0.08 0.43 0.00 0.00 0.00 2.00 4.00 7.00 5.00 7.00 2.00 0.00 0.00 0.00 0.00 0.00
38.00 16.00 13.00 33.00 71.00 20.00 38.00 0.09 1.36 0.00 1.00 0.00 6.00 7.00 10.00 9.00 11.00 5.00 0.00 0.00 0.00 0.00 0.00
39.00 13.00 11.00 26.00 58.00 15.00 32.00 0.10 0.52 0.00 0.00 0.00 4.00 8.00 9.00 5.00 9.00 4.00 0.00 0.00 0.00 0.00 0.00
40.00 14.00 14.00 31.00 70.00 17.00 39.00 0.09 0.40 0.00 0.00 0.00 6.00 8.00 8.00 6.00 9.00 5.00 0.00 0.00 0.00 0.00 0.00
41.00 6.00 3.00 11.00 26.00 8.00 15.00 0.09 0.15 0.00 1.00 0.00 2.00 4.00 4.00 2.00 6.00 0.00 0.00 0.00 0.00 0.00 0.00
42.00 14.00 14.00 37.00 71.00 23.00 34.00 0.10 0.36 0.00 2.00 0.00 6.00 8.00 8.00 6.00 11.00 3.00 0.00 0.00 0.00 0.00 0.00
43.00 16.00 16.00 40.00 80.00 24.00 40.00 0.07 0.40 0.00 1.00 0.00 4.00 7.00 12.00 9.00 11.00 5.00 0.00 0.00 0.00 0.00 0.00
44.00 17.00 23.00 48.00 82.00 25.00 34.00 0.08 2.82 0.00 2.00 0.00 3.00 6.00 14.00 11.00 11.00 6.00 0.00 0.00 0.00 0.00 0.00
45.00 14.00 12.00 35.00 62.00 23.00 27.00 0.08 1.60 0.00 1.00 0.00 4.00 9.00 10.00 5.00 9.00 5.00 0.00 0.00 0.00 0.00 0.00
46.00 14.00 6.00 26.00 59.00 20.00 33.00 0.09 0.52 0.00 1.00 0.00 7.00 8.00 7.00 6.00 8.00 6.00 0.00 0.00 0.00 0.00 0.00
47.00 16.00 13.00 38.00 76.00 25.00 38.00 0.08 0.53 0.00 1.00 0.00 3.00 7.00 13.00 9.00 11.00 5.00 0.00 0.00 0.00 0.00 0.00
48.00 15.00 9.00 28.00 70.00 19.00 42.00 0.07 2.25 0.00 1.00 0.00 4.00 9.00 11.00 6.00 9.00 6.00 0.00 0.00 0.00 0.00 0.00
49.00 10.00 5.00 21.00 49.00 16.00 28.00 0.08 0.33 0.00 1.00 0.00 4.00 7.00 6.00 3.00 8.00 2.00 0.00 0.00 0.00 0.00 0.00
50.00 8.00 4.00 14.00 36.00 10.00 22.00 0.08 0.23 0.00 1.00 0.00 2.00 6.00 6.00 2.00 7.00 1.00 0.00 0.00 0.00 0.00 0.00
51.00 13.00 12.00 33.00 63.00 21.00 30.00 0.08 0.39 0.00 1.00 0.00 2.00 7.00 11.00 6.00 9.00 4.00 0.00 0.00 0.00 0.00 0.00
52.00 14.00 10.00 30.00 60.00 20.00 30.00 0.09 1.72 0.00 1.00 0.00 3.00 7.00 11.00 7.00 11.00 3.00 0.00 0.00 0.00 0.00 0.00
53.00 13.00 11.00 33.00 62.00 22.00 29.00 0.08 0.40 0.00 1.00 0.00 4.00 6.00 9.00 7.00 9.00 4.00 0.00 0.00 0.00 0.00 0.00
54.00 12.00 9.00 30.00 57.00 21.00 27.00 0.08 0.35 0.00 1.00 0.00 3.00 6.00 9.00 6.00 9.00 3.00 0.00 0.00 0.00 0.00 0.00
55.00 13.00 12.00 32.00 65.00 20.00 33.00 0.08 0.40 0.00 1.00 0.00 3.00 7.00 10.00 6.00 11.00 2.00 0.00 0.00 0.00 0.00 0.00
56.00 13.00 10.00 32.00 69.00 22.00 37.00 0.08 0.36 0.00 1.00 0.00 2.00 7.00 11.00 6.00 12.00 1.00 0.00 0.00 0.00 0.00 0.00
57.00 14.00 14.00 33.00 72.00 19.00 39.00 0.09 0.38 0.00 0.00 0.00 3.00 8.00 11.00 6.00 10.00 4.00 0.00 0.00 0.00 1.00 0.00
58.00 14.00 12.00 32.00 70.00 20.00 38.00 0.08 0.33 0.00 1.00 0.00 5.00 7.00 9.00 7.00 12.00 2.00 0.00 0.00 0.00 0.00 0.00
59.00 17.00 20.00 45.00 83.00 25.00 38.00 0.09 1.39 0.00 1.00 0.00 4.00 9.00 13.00 8.00 12.00 5.00 0.00 0.00 0.00 0.00 0.00
60.00 16.00 14.00 42.00 76.00 28.00 34.00 0.10 1.40 0.00 2.00 0.00 4.00 8.00 12.00 8.00 10.00 6.00 0.00 0.00 1.00 0.00 0.00
61.00 18.00 23.00 45.00 83.00 22.00 38.00 0.09 2.10 0.00 2.00 0.00 4.00 7.00 14.00 11.00 12.00 6.00 0.00 0.00 1.00 0.00 0.00
62.00 15.00 14.00 36.00 72.00 22.00 36.00 0.07 2.51 0.00 3.00 0.00 2.00 10.00 13.00 5.00 12.00 3.00 0.00 0.00 0.00 0.00 0.00
63.00 14.00 10.00 28.00 63.00 18.00 35.00 0.08 0.59 0.00 1.00 0.00 6.00 9.00 8.00 5.00 12.00 2.00 0.00 0.00 0.00 0.00 0.00
64.00 14.00 10.00 32.00 68.00 22.00 36.00 0.07 3.77 0.00 1.00 0.00 5.00 7.00 9.00 7.00 10.00 4.00 0.00 0.00 0.00 0.00 0.00
65.00 21.00 29.00 56.00 108.00 27.00 52.00 0.09 2.06 0.00 1.00 0.00 7.00 14.00 14.00 7.00 14.00 7.00 0.00 0.00 0.00 0.00 0.00
66.00 19.00 27.00 52.00 91.00 25.00 39.00 0.08 2.03 0.00 1.00 0.00 5.00 7.00 14.00 12.00 11.00 8.00 0.00 0.00 0.00 1.00 0.00
67.00 15.00 22.00 39.00 74.00 17.00 35.00 0.08 0.38 0.00 0.00 0.00 2.00 9.00 13.00 6.00 10.00 5.00 0.00 0.00 0.00 0.00 0.00
68.00 15.00 15.00 39.00 74.00 24.00 35.00 0.08 3.19 0.00 1.00 0.00 3.00 7.00 12.00 8.00 8.00 7.00 0.00 0.00 0.00 0.00 0.00
69.00 16.00 19.00 43.00 83.00 24.00 40.00 0.09 1.60 0.00 1.00 0.00 3.00 6.00 13.00 10.00 12.00 4.00 0.00 0.00 0.00 0.00 0.00
70.00 15.00 21.00 39.00 71.00 18.00 32.00 0.09 2.62 0.00 1.00 0.00 2.00 4.00 13.00 11.00 6.00 9.00 0.00 0.00 1.00 0.00 0.00
71.00 20.00 23.00 51.00 107.00 28.00 56.00 0.09 3.22 0.00 1.00 0.00 4.00 5.00 16.00 15.00 12.00 8.00 0.00 0.00 0.00 0.00 0.00
72.00 19.00 25.00 54.00 93.00 29.00 39.00 0.08 3.34 0.00 1.00 0.00 4.00 9.00 15.00 10.00 15.00 4.00 0.00 0.00 0.00 0.00 0.00
73.00 15.00 11.00 34.00 76.00 23.00 42.00 0.08 4.15 0.00 1.00 0.00 6.00 10.00 9.00 5.00 13.00 2.00 0.00 0.00 0.00 0.00 0.00
74.00 19.00 26.00 56.00 95.00 30.00 39.00 0.09 4.24 0.00 1.00 0.00 6.00 9.00 13.00 10.00 11.00 8.00 0.00 0.00 0.00 0.00 0.00
75.00 22.00 31.00 62.00 106.00 31.00 44.00 0.08 3.08 0.00 2.00 0.00 6.00 11.00 16.00 11.00 16.00 6.00 0.00 0.00 0.00 0.00 0.00
76.00 24.00 28.00 62.00 120.00 34.00 58.00 0.08 3.50 1.00 1.00 1.00 4.00 10.00 20.00 14.00 13.00 11.00 0.00 0.00 1.00 0.00 0.00
77.00 25.00 33.00 73.00 128.00 40.00 55.00 0.09 3.51 1.00 1.00 1.00 5.00 11.00 20.00 14.00 17.00 8.00 0.00 0.00 0.00 0.00 0.00
78.00 24.00 32.00 74.00 119.00 42.00 45.00 0.07 3.38 0.00 1.00 0.00 8.00 11.00 16.00 13.00 17.00 7.00 0.00 0.00 0.00 0.00 1.00
79.00 20.00 29.00 57.00 98.00 28.00 41.00 0.08 2.74 1.00 2.00 0.50 1.00 6.00 19.00 14.00 12.00 8.00 0.00 0.00 0.00 0.00 0.00
80.00 27.00 27.00 72.00 127.00 45.00 55.00 0.10 3.85 1.00 1.00 1.00 6.00 12.00 21.00 15.00 16.00 11.00 0.00 0.00 0.00 0.00 0.00
81.00 26.00 28.00 68.00 121.00 40.00 53.00 0.08 3.49 0.00 1.00 0.00 6.00 13.00 20.00 13.00 18.00 8.00 0.00 0.00 0.00 0.00 0.00
82.00 27.00 32.00 75.00 138.00 43.00 63.00 0.09 3.11 1.00 2.00 0.50 4.00 8.00 23.00 19.00 15.00 12.00 0.00 0.00 0.00 0.00 0.00
83.00 26.00 27.00 74.00 137.00 47.00 63.00 0.08 3.45 1.00 2.00 0.50 7.00 12.00 19.00 14.00 15.00 11.00 0.00 0.00 0.00 0.00 0.00
84.00 29.00 27.00 79.00 148.00 52.00 69.00 0.08 3.72 0.00 3.00 0.00 10.00 14.00 19.00 15.00 16.00 13.00 0.00 0.00 0.00 1.00 0.00
85.00 26.00 27.00 73.00 137.00 46.00 64.00 0.09 2.75 1.00 4.00 0.25 7.00 9.00 19.00 17.00 15.00 11.00 0.00 0.00 0.00 0.00 0.00
86.00 27.00 32.00 81.00 143.00 49.00 62.00 0.08 3.62 1.00 2.00 0.50 5.00 12.00 22.00 15.00 16.00 11.00 0.00 0.00 0.00 0.00 0.00
87.00 23.00 24.00 58.00 114.00 34.00 56.00 0.07 3.52 1.00 1.00 1.00 6.00 12.00 17.00 11.00 16.00 7.00 0.00 0.00 0.00 0.00 0.00
88.00 21.00 20.00 57.00 108.00 37.00 51.00 0.08 3.55 1.00 1.00 1.00 5.00 10.00 16.00 11.00 14.00 7.00 0.00 0.00 0.00 0.00 0.00
89.00 16.00 9.00 36.00 77.00 27.00 41.00 0.09 4.37 1.00 0.00 0.00 5.00 7.00 11.00 9.00 12.00 4.00 0.00 0.00 0.00 0.00 0.00
90.00 19.00 12.00 41.00 97.00 29.00 56.00 0.09 4.19 1.00 1.00 1.00 7.00 13.00 12.00 6.00 15.00 4.00 0.00 0.00 0.00 0.00 0.00
91.00 27.00 37.00 76.00 128.00 39.00 52.00 0.08 2.26 1.00 1.00 1.00 5.00 14.00 22.00 13.00 20.00 7.00 0.00 0.00 0.00 0.00 0.00
92.00 23.00 26.00 62.00 118.00 36.00 56.00 0.10 3.40 1.00 1.00 1.00 5.00 10.00 18.00 13.00 13.00 10.00 0.00 0.00 0.00 0.00 0.00
93.00 28.00 36.00 77.00 140.00 41.00 63.00 0.10 3.30 1.00 1.00 1.00 6.00 11.00 22.00 17.00 20.00 8.00 0.00 0.00 1.00 0.00 0.00
94.00 23.00 20.00 63.00 123.00 43.00 60.00 0.08 3.40 1.00 1.00 1.00 6.00 13.00 17.00 10.00 20.00 3.00 0.00 0.00 1.00 0.00 0.00
95.00 24.00 31.00 71.00 124.00 40.00 53.00 0.08 4.16 1.00 2.00 0.50 7.00 14.00 17.00 10.00 16.00 8.00 0.00 0.00 0.00 0.00 0.00
96.00 28.00 30.00 75.00 132.00 45.00 57.00 0.08 4.32 1.00 2.00 0.50 6.00 13.00 22.00 15.00 20.00 8.00 0.00 0.00 1.00 0.00 0.00
97.00 26.00 33.00 74.00 128.00 41.00 54.00 0.07 3.77 1.00 1.00 1.00 3.00 11.00 23.00 15.00 18.00 8.00 0.00 0.00 1.00 0.00 0.00
98.00 26.00 31.00 76.00 124.00 45.00 48.00 0.09 3.16 1.00 2.00 0.50 3.00 9.00 23.00 17.00 19.00 7.00 0.00 0.00 0.00 0.00 0.00
99.00 29.00 44.00 84.00 146.00 40.00 62.00 0.08 3.77 1.00 2.00 0.50 2.00 11.00 27.00 18.00 18.00 11.00 0.00 0.00 0.00 0.00 0.00
100.00 28.00 32.00 80.00 138.00 48.00 58.00 0.08 3.56 1.00 3.00 0.33 5.00 16.00 23.00 12.00 20.00 8.00 0.00 0.00 0.00 0.00 0.00
101.00 24.00 31.00 72.00 127.00 41.00 55.00 0.06 3.32 1.00 2.00 0.50 3.00 10.00 21.00 14.00 13.00 11.00 0.00 0.00 0.00 0.00 0.00
102.00 29.00 37.00 81.00 142.00 44.00 61.00 0.08 4.09 1.00 1.00 1.00 7.00 13.00 22.00 16.00 20.00 9.00 0.00 0.00 0.00 0.00 0.00
103.00 23.00 26.00 58.00 116.00 32.00 58.00 0.09 3.46 1.00 2.00 0.50 7.00 12.00 16.00 11.00 13.00 10.00 0.00 0.00 0.00 0.00 0.00
104.00 29.00 46.00 88.00 152.00 42.00 64.00 0.09 3.75 1.00 1.00 1.00 2.00 7.00 27.00 22.00 14.00 15.00 0.00 0.00 0.00 1.00 0.00
105.00 32.00 51.00 95.00 163.00 44.00 68.00 0.08 3.95 1.00 3.00 0.33 8.00 17.00 24.00 15.00 24.00 8.00 0.00 0.00 0.00 0.00 0.00
106.00 29.00 40.00 84.00 148.00 44.00 64.00 0.10 3.02 1.00 3.00 0.33 11.00 16.00 18.00 13.00 21.00 8.00 0.00 0.00 0.00 0.00 0.00
107.00 32.00 40.00 89.00 166.00 49.00 77.00 0.08 4.00 2.00 4.00 0.50 7.00 10.00 25.00 22.00 19.00 13.00 0.00 0.00 0.00 0.00 0.00
108.00 35.00 43.00 97.00 177.00 54.00 80.00 0.08 4.59 1.00 3.00 0.33 9.00 18.00 26.00 17.00 25.00 10.00 0.00 0.00 0.00 0.00 0.00
109.00 35.00 43.00 96.00 177.00 53.00 81.00 0.08 4.19 1.00 3.00 0.33 7.00 14.00 28.00 21.00 21.00 14.00 0.00 0.00 1.00 0.00 0.00
110.00 25.00 28.00 70.00 127.00 42.00 57.00 0.07 2.75 1.00 2.00 0.50 4.00 9.00 21.00 16.00 14.00 11.00 0.00 0.00 0.00 0.00 0.00
111.00 31.00 39.00 87.00 155.00 48.00 68.00 0.09 4.31 1.00 3.00 0.33 5.00 13.00 26.00 18.00 19.00 12.00 0.00 0.00 1.00 0.00 0.00
112.00 33.00 44.00 97.00 165.00 53.00 68.00 0.10 4.18 1.00 2.00 0.50 7.00 17.00 26.00 16.00 19.00 14.00 0.00 0.00 0.00 0.00 0.00
113.00 28.00 33.00 77.00 143.00 44.00 66.00 0.09 4.22 1.00 2.00 0.50 7.00 11.00 21.00 17.00 18.00 10.00 0.00 0.00 0.00 0.00 0.00
114.00 28.00 32.00 85.00 137.00 53.00 52.00 0.09 4.35 1.00 2.00 0.50 8.00 14.00 20.00 14.00 16.00 12.00 0.00 0.00 0.00 0.00 0.00
115.00 34.00 47.00 102.00 170.00 55.00 68.00 0.09 4.28 1.00 2.00 0.50 11.00 16.00 23.00 18.00 18.00 16.00 0.00 0.00 0.00 2.00 0.00
116.00 31.00 41.00 83.00 164.00 42.00 81.00 0.10 4.04 1.00 2.00 0.50 6.00 12.00 25.00 19.00 17.00 14.00 0.00 0.00 0.00 0.00 0.00
117.00 32.00 43.00 94.00 164.00 51.00 70.00 0.08 4.23 1.00 2.00 0.50 5.00 9.00 27.00 23.00 20.00 12.00 0.00 0.00 0.00 0.00 0.00
118.00 33.00 46.00 96.00 165.00 50.00 69.00 0.08 4.11 0.00 4.00 0.00 10.00 14.00 23.00 19.00 20.00 13.00 0.00 0.00 0.00 0.00 0.00
119.00 32.00 47.00 93.00 153.00 46.00 60.00 0.08 4.15 1.00 4.00 0.25 6.00 18.00 26.00 14.00 22.00 10.00 0.00 0.00 0.00 0.00 0.00
120.00 34.00 41.00 93.00 167.00 52.00 74.00 0.07 4.47 1.00 4.00 0.25 7.00 14.00 27.00 20.00 20.00 14.00 0.00 0.00 0.00 0.00 0.00
121.00 36.00 56.00 106.00 178.00 50.00 72.00 0.10 4.35 1.00 5.00 0.20 10.00 17.00 26.00 19.00 23.00 13.00 0.00 0.00 1.00 0.00 0.00
122.00 21.00 22.00 55.00 113.00 33.00 58.00 0.08 4.68 1.00 4.00 0.25 3.00 7.00 18.00 14.00 14.00 7.00 0.00 0.00 0.00 0.00 0.00
123.00 29.00 31.00 82.00 153.00 51.00 71.00 0.10 4.31 1.00 1.00 1.00 8.00 14.00 21.00 15.00 17.00 12.00 0.00 0.00 0.00 0.00 0.00
124.00 35.00 44.00 97.00 166.00 53.00 69.00 0.08 4.69 1.00 1.00 1.00 10.00 19.00 25.00 16.00 25.00 10.00 0.00 0.00 0.00 0.00 0.00
125.00 27.00 34.00 76.00 129.00 42.00 53.00 0.09 3.97 1.00 3.00 0.33 4.00 11.00 23.00 16.00 17.00 10.00 0.00 0.00 0.00 0.00 0.00
126.00 25.00 28.00 67.00 123.00 39.00 56.00 0.07 4.07 1.00 2.00 0.50 6.00 13.00 19.00 12.00 19.00 6.00 0.00 0.00 0.00 0.00 0.00
127.00 34.00 47.00 101.00 169.00 54.00 68.00 0.09 4.15 1.00 3.00 0.33 7.00 14.00 27.00 20.00 23.00 11.00 0.00 0.00 0.00 0.00 0.00
128.00 28.00 27.00 71.00 138.00 44.00 67.00 0.08 4.60 1.00 1.00 1.00 8.00 13.00 20.00 15.00 17.00 11.00 0.00 0.00 0.00 0.00 0.00
129.00 35.00 36.00 105.00 180.00 69.00 75.00 0.08 4.30 1.00 2.00 0.50 7.00 16.00 28.00 19.00 23.00 12.00 0.00 0.00 0.00 0.00 0.00
130.00 35.00 48.00 109.00 183.00 61.00 74.00 0.08 4.32 0.00 1.00 0.00 7.00 16.00 28.00 19.00 26.00 9.00 0.00 0.00 2.00 0.00 0.00
131.00 28.00 33.00 82.00 138.00 49.00 56.00 0.09 4.07 2.00 1.00 2.00 6.00 15.00 22.00 13.00 17.00 11.00 0.00 0.00 0.00 0.00 1.00
132.00 29.00 37.00 79.00 154.00 42.00 75.00 0.10 4.47 1.00 0.00 0.00 6.00 10.00 23.00 19.00 16.00 13.00 0.00 0.00 1.00 0.00 0.00
133.00 41.00 34.00 104.00 191.00 70.00 87.00 0.08 4.75 2.00 1.00 2.00 7.00 22.00 34.00 19.00 30.00 11.00 0.00 0.00 0.00 0.00 0.00
134.00 38.00 46.00 108.00 197.00 62.00 89.00 0.10 4.66 1.00 1.00 1.00 13.00 17.00 25.00 21.00 26.00 12.00 0.00 0.00 1.00 0.00 0.00
135.00 36.00 44.00 104.00 183.00 60.00 79.00 0.09 4.75 2.00 2.00 1.00 7.00 12.00 29.00 24.00 17.00 19.00 0.00 0.00 1.00 1.00 0.00
136.00 38.00 52.00 120.00 198.00 68.00 78.00 0.09 4.45 2.00 2.00 1.00 7.00 16.00 31.00 22.00 22.00 16.00 0.00 0.00 1.00 1.00 0.00
137.00 39.00 45.00 112.00 197.00 67.00 85.00 0.10 5.04 2.00 3.00 0.67 11.00 18.00 28.00 21.00 23.00 16.00 0.00 0.00 0.00 0.00 0.00
138.00 44.00 67.00 143.00 229.00 76.00 86.00 0.08 4.66 2.00 3.00 0.67 12.00 21.00 32.00 23.00 27.00 17.00 0.00 0.00 0.00 1.00 0.00
139.00 42.00 63.00 123.00 205.00 60.00 82.00 0.07 4.42 2.00 3.00 0.67 10.00 20.00 32.00 22.00 27.00 15.00 0.00 0.00 0.00 0.00 0.00
140.00 45.00 60.00 139.00 236.00 79.00 97.00 0.08 4.13 2.00 4.00 0.50 10.00 18.00 35.00 27.00 29.00 16.00 0.00 0.00 0.00 0.00 0.00
141.00 40.00 48.00 125.00 208.00 77.00 83.00 0.07 4.46 2.00 3.00 0.67 13.00 20.00 27.00 20.00 23.00 17.00 0.00 0.00 0.00 1.00 0.00
142.00 39.00 59.00 124.00 201.00 65.00 77.00 0.07 4.08 1.00 1.00 1.00 8.00 17.00 31.00 22.00 22.00 17.00 0.00 0.00 0.00 1.00 0.00
143.00 37.00 51.00 113.00 189.00 62.00 76.00 0.08 3.92 2.00 3.00 0.67 9.00 17.00 28.00 20.00 22.00 15.00 0.00 0.00 1.00 0.00 0.00
144.00 40.00 49.00 118.00 208.00 69.00 90.00 0.08 4.30 1.00 3.00 0.33 9.00 16.00 31.00 24.00 23.00 17.00 0.00 0.00 0.00 0.00 0.00
145.00 43.00 69.00 133.00 212.00 64.00 79.00 0.09 3.99 1.00 2.00 0.50 8.00 21.00 35.00 22.00 27.00 16.00 0.00 0.00 0.00 2.00 0.00
146.00 37.00 52.00 114.00 200.00 62.00 86.00 0.08 4.54 1.00 3.00 0.33 4.00 10.00 33.00 27.00 21.00 16.00 0.00 0.00 1.00 2.00 0.00
147.00 42.00 63.00 140.00 220.00 77.00 80.00 0.07 4.05 1.00 3.00 0.33 4.00 14.00 38.00 28.00 23.00 19.00 0.00 0.00 0.00 0.00 0.00
148.00 49.00 58.00 147.00 252.00 89.00 105.00 0.09 4.05 0.00 4.00 0.00 12.00 23.00 37.00 26.00 30.00 19.00 0.00 0.00 0.00 1.00 0.00
149.00 42.00 71.00 133.00 214.00 62.00 81.00 0.08 4.02 1.00 5.00 0.20 7.00 14.00 35.00 28.00 22.00 20.00 0.00 0.00 0.00 0.00 0.00
150.00 41.00 69.00 139.00 217.00 70.00 78.00 0.08 4.24 1.00 3.00 0.33 5.00 12.00 36.00 29.00 21.00 20.00 0.00 0.00 0.00 1.00 0.00
151.00 36.00 49.00 104.00 185.00 55.00 81.00 0.09 4.32 1.00 3.00 0.33 6.00 18.00 30.00 18.00 23.00 13.00 0.00 0.00 0.00 1.00 0.00
152.00 44.00 70.00 138.00 234.00 68.00 96.00 0.09 5.01 2.00 3.00 0.67 13.00 21.00 31.00 23.00 28.00 16.00 0.00 0.00 0.00 1.00 0.00
153.00 43.00 50.00 129.00 226.00 79.00 97.00 0.09 5.39 1.00 4.00 0.25 7.00 16.00 36.00 27.00 29.00 14.00 0.00 0.00 2.00 0.00 0.00
154.00 47.00 61.00 137.00 246.00 76.00 109.00 0.09 4.18 2.00 4.00 0.50 7.00 15.00 40.00 32.00 29.00 18.00 0.00 0.00 0.00 1.00 0.00
155.00 49.00 66.00 150.00 257.00 84.00 107.00 0.09 4.51 2.00 4.00 0.50 10.00 17.00 39.00 32.00 21.00 28.00 0.00 0.00 1.00 0.00 0.00
156.00 49.00 75.00 154.00 253.00 79.00 99.00 0.09 4.36 2.00 4.00 0.50 9.00 20.00 40.00 29.00 26.00 23.00 0.00 0.00 0.00 0.00 0.00
157.00 52.00 80.00 171.00 269.00 91.00 98.00 0.10 4.23 3.00 4.00 0.75 14.00 22.00 38.00 30.00 30.00 22.00 0.00 0.00 0.00 1.00 0.00
158.00 41.00 51.00 121.00 221.00 70.00 100.00 0.09 4.27 1.00 5.00 0.20 12.00 20.00 29.00 21.00 24.00 17.00 0.00 0.00 1.00 0.00 0.00
159.00 43.00 67.00 133.00 220.00 66.00 87.00 0.10 4.51 0.00 2.00 0.00 12.00 23.00 31.00 20.00 25.00 18.00 0.00 0.00 0.00 0.00 0.00
160.00 47.00 64.00 137.00 235.00 73.00 98.00 0.09 4.26 1.00 3.00 0.33 14.00 25.00 33.00 22.00 33.00 14.00 0.00 0.00 0.00 1.00 0.00
161.00 44.00 63.00 141.00 228.00 78.00 87.00 0.10 4.44 1.00 4.00 0.25 8.00 15.00 36.00 29.00 20.00 24.00 0.00 0.00 0.00 1.00 0.00
162.00 44.00 69.00 139.00 223.00 70.00 84.00 0.08 4.57 2.00 4.00 0.50 10.00 21.00 34.00 23.00 29.00 15.00 0.00 0.00 0.00 1.00 0.00
163.00 41.00 50.00 129.00 213.00 79.00 84.00 0.08 4.40 1.00 3.00 0.33 11.00 15.00 30.00 26.00 25.00 16.00 0.00 0.00 1.00 1.00 0.00
164.00 47.00 68.00 142.00 244.00 74.00 102.00 0.08 4.39 3.00 5.00 0.60 11.00 22.00 36.00 25.00 29.00 18.00 0.00 0.00 0.00 1.00 0.00
165.00 45.00 68.00 143.00 230.00 75.00 87.00 0.09 4.37 2.00 5.00 0.40 10.00 19.00 35.00 26.00 24.00 21.00 0.00 0.00 1.00 0.00 0.00
166.00 50.00 77.00 162.00 262.00 85.00 100.00 0.08 4.52 3.00 5.00 0.60 8.00 20.00 42.00 30.00 26.00 24.00 0.00 0.00 0.00 1.00 0.00
167.00 51.00 58.00 154.00 255.00 96.00 101.00 0.08 4.58 1.00 5.00 0.20 10.00 22.00 41.00 29.00 28.00 23.00 0.00 0.00 2.00 1.00 0.00
168.00 46.00 74.00 141.00 238.00 67.00 97.00 0.08 4.55 1.00 3.00 0.33 9.00 18.00 37.00 28.00 22.00 24.00 0.00 0.00 1.00 0.00 0.00
169.00 42.00 57.00 122.00 213.00 65.00 91.00 0.07 4.31 0.00 5.00 0.00 10.00 16.00 32.00 26.00 26.00 16.00 0.00 0.00 0.00 3.00 0.00
170.00 44.00 66.00 137.00 226.00 71.00 89.00 0.09 4.46 1.00 3.00 0.33 9.00 14.00 35.00 30.00 24.00 20.00 0.00 0.00 0.00 1.00 0.00
171.00 41.00 51.00 131.00 208.00 80.00 77.00 0.08 4.48 1.00 2.00 0.50 11.00 17.00 30.00 24.00 24.00 17.00 0.00 0.00 0.00 1.00 0.00
172.00 43.00 64.00 135.00 226.00 71.00 91.00 0.09 4.60 1.00 3.00 0.33 8.00 13.00 35.00 30.00 21.00 22.00 0.00 0.00 1.00 3.00 0.00
173.00 37.00 53.00 116.00 194.00 63.00 78.00 0.08 4.36 1.00 2.00 0.50 7.00 13.00 30.00 24.00 18.00 19.00 0.00 0.00 0.00 1.00 0.00
174.00 35.00 38.00 104.00 186.00 66.00 82.00 0.09 4.38 0.00 2.00 0.00 7.00 14.00 28.00 21.00 20.00 15.00 0.00 0.00 0.00 1.00 0.00
175.00 37.00 43.00 109.00 196.00 66.00 87.00 0.08 4.38 1.00 2.00 0.50 5.00 15.00 32.00 22.00 23.00 14.00 0.00 0.00 0.00 1.00 1.00
176.00 38.00 40.00 115.00 206.00 75.00 91.00 0.09 4.16 1.00 1.00 1.00 11.00 19.00 27.00 19.00 25.00 13.00 0.00 0.00 1.00 1.00 0.00
177.00 38.00 35.00 115.00 199.00 80.00 84.00 0.09 4.36 1.00 2.00 0.50 12.00 18.00 26.00 20.00 22.00 16.00 0.00 0.00 1.00 0.00 0.00
178.00 41.00 44.00 112.00 206.00 68.00 94.00 0.07 4.58 1.00 2.00 0.50 8.00 18.00 33.00 23.00 25.00 16.00 0.00 0.00 0.00 0.00 0.00
179.00 38.00 60.00 119.00 198.00 59.00 79.00 0.07 4.23 1.00 2.00 0.50 10.00 20.00 28.00 18.00 24.00 14.00 0.00 0.00 0.00 2.00 0.00
180.00 37.00 54.00 114.00 194.00 60.00 80.00 0.08 3.70 1.00 2.00 0.50 10.00 19.00 27.00 18.00 23.00 14.00 0.00 0.00 1.00 1.00 0.00
181.00 40.00 63.00 129.00 206.00 66.00 77.00 0.09 4.04 2.00 2.00 1.00 9.00 15.00 31.00 25.00 21.00 19.00 0.00 0.00 0.00 1.00 0.00
182.00 42.00 52.00 123.00 217.00 71.00 94.00 0.09 4.38 1.00 2.00 0.50 10.00 18.00 32.00 24.00 24.00 18.00 0.00 0.00 0.00 1.00 0.00
183.00 39.00 51.00 116.00 204.00 65.00 88.00 0.09 4.02 1.00 3.00 0.33 9.00 14.00 30.00 25.00 19.00 20.00 0.00 0.00 0.00 0.00 0.00
184.00 38.00 48.00 122.00 194.00 74.00 72.00 0.08 3.95 1.00 3.00 0.33 8.00 19.00 30.00 19.00 24.00 14.00 0.00 0.00 2.00 1.00 0.00
185.00 38.00 54.00 119.00 194.00 65.00 75.00 0.08 4.06 2.00 3.00 0.67 11.00 15.00 27.00 23.00 21.00 17.00 0.00 0.00 2.00 0.00 0.00
186.00 41.00 63.00 130.00 212.00 67.00 82.00 0.09 3.80 2.00 2.00 1.00 9.00 18.00 32.00 23.00 25.00 16.00 0.00 0.00 2.00 0.00 0.00
187.00 41.00 65.00 136.00 213.00 71.00 77.00 0.09 4.27 1.00 3.00 0.33 11.00 18.00 30.00 23.00 23.00 18.00 0.00 0.00 2.00 0.00 0.00
188.00 36.00 50.00 105.00 193.00 55.00 88.00 0.09 4.26 1.00 2.00 0.50 6.00 16.00 30.00 20.00 25.00 11.00 0.00 0.00 2.00 0.00 0.00
189.00 33.00 32.00 90.00 166.00 58.00 76.00 0.09 4.61 0.00 3.00 0.00 7.00 17.00 26.00 16.00 24.00 9.00 0.00 0.00 1.00 0.00 0.00
190.00 34.00 38.00 95.00 171.00 57.00 76.00 0.09 4.39 1.00 2.00 0.50 10.00 12.00 24.00 22.00 23.00 11.00 0.00 0.00 1.00 0.00 0.00
191.00 36.00 31.00 90.00 179.00 59.00 89.00 0.07 4.19 3.00 2.00 1.50 9.00 14.00 27.00 22.00 23.00 13.00 0.00 0.00 0.00 0.00 0.00
192.00 33.00 40.00 104.00 177.00 64.00 73.00 0.08 4.52 3.00 3.00 1.00 7.00 9.00 26.00 24.00 12.00 21.00 0.00 0.00 0.00 0.00 0.00
193.00 40.00 37.00 104.00 203.00 67.00 99.00 0.08 4.58 3.00 3.00 1.00 11.00 22.00 29.00 18.00 24.00 16.00 0.00 0.00 1.00 1.00 0.00
194.00 36.00 40.00 101.00 178.00 61.00 77.00 0.11 4.05 2.00 4.00 0.50 8.00 19.00 28.00 17.00 23.00 13.00 0.00 0.00 0.00 0.00 0.00
195.00 32.00 35.00 85.00 171.00 50.00 86.00 0.09 3.69 2.00 2.00 1.00 12.00 17.00 20.00 15.00 22.00 10.00 0.00 0.00 1.00 1.00 0.00
196.00 26.00 19.00 58.00 128.00 39.00 70.00 0.09 3.90 1.00 1.00 1.00 9.00 13.00 17.00 13.00 18.00 8.00 0.00 0.00 0.00 0.00 0.00
197.00 30.00 41.00 89.00 158.00 48.00 69.00 0.09 4.52 3.00 2.00 1.50 6.00 13.00 24.00 17.00 19.00 11.00 0.00 0.00 0.00 0.00 0.00
198.00 38.00 52.00 112.00 186.00 60.00 74.00 0.08 3.79 3.00 3.00 1.00 9.00 16.00 29.00 22.00 22.00 16.00 0.00 0.00 0.00 0.00 0.00
199.00 34.00 41.00 103.00 175.00 62.00 72.00 0.09 4.63 2.00 4.00 0.50 8.00 13.00 26.00 21.00 22.00 12.00 0.00 0.00 0.00 0.00 0.00
200.00 33.00 39.00 97.00 168.00 58.00 71.00 0.09 4.37 1.00 3.00 0.33 8.00 17.00 25.00 16.00 24.00 9.00 0.00 0.00 0.00 0.00 0.00
201.00 33.00 41.00 89.00 167.00 48.00 78.00 0.10 4.54 1.00 3.00 0.33 11.00 15.00 22.00 18.00 23.00 10.00 0.00 0.00 0.00 0.00 0.00
202.00 33.00 52.00 100.00 166.00 48.00 66.00 0.09 4.09 1.00 5.00 0.20 7.00 11.00 26.00 22.00 18.00 15.00 1.00 0.00 0.00 0.00 0.00
203.00 29.00 31.00 80.00 158.00 49.00 78.00 0.08 4.29 3.00 2.00 1.50 5.00 14.00 24.00 15.00 17.00 12.00 0.00 0.00 0.00 0.00 0.00
204.00 32.00 47.00 89.00 158.00 42.00 69.00 0.07 4.27 2.00 5.00 0.40 6.00 14.00 26.00 18.00 19.00 13.00 0.00 0.00 0.00 0.00 0.00
205.00 30.00 46.00 88.00 156.00 42.00 68.00 0.09 4.05 2.00 2.00 1.00 5.00 12.00 25.00 18.00 18.00 12.00 0.00 0.00 0.00 0.00 0.00
206.00 18.00 18.00 46.00 92.00 28.00 46.00 0.09 4.69 1.00 1.00 1.00 4.00 8.00 14.00 10.00 11.00 7.00 0.00 0.00 0.00 0.00 0.00
207.00 22.00 25.00 59.00 114.00 34.00 55.00 0.08 4.45 2.00 2.00 1.00 6.00 9.00 16.00 13.00 14.00 8.00 0.00 0.00 0.00 0.00 0.00
208.00 27.00 28.00 72.00 143.00 44.00 71.00 0.09 4.45 1.00 3.00 0.33 7.00 11.00 20.00 16.00 15.00 12.00 0.00 0.00 1.00 0.00 0.00
209.00 24.00 25.00 66.00 119.00 41.00 53.00 0.09 4.05 1.00 2.00 0.50 6.00 9.00 18.00 15.00 15.00 9.00 0.00 0.00 0.00 0.00 0.00
210.00 27.00 31.00 73.00 134.00 42.00 61.00 0.08 4.24 2.00 1.00 2.00 6.00 12.00 21.00 15.00 17.00 10.00 0.00 0.00 0.00 0.00 0.00
211.00 23.00 27.00 65.00 118.00 38.00 53.00 0.07 4.17 2.00 1.00 2.00 4.00 8.00 19.00 15.00 14.00 9.00 0.00 0.00 0.00 0.00 0.00
212.00 27.00 36.00 87.00 141.00 51.00 54.00 0.08 4.55 1.00 3.00 0.33 4.00 13.00 23.00 14.00 18.00 9.00 0.00 0.00 0.00 0.00 0.00
213.00 30.00 36.00 85.00 143.00 49.00 58.00 0.11 4.08 1.00 1.00 1.00 7.00 16.00 23.00 14.00 21.00 9.00 0.00 0.00 0.00 0.00 0.00
214.00 24.00 31.00 68.00 126.00 37.00 58.00 0.08 3.48 1.00 1.00 1.00 4.00 9.00 20.00 15.00 10.00 14.00 0.00 0.00 0.00 0.00 0.00
215.00 32.00 28.00 91.00 164.00 63.00 73.00 0.08 4.16 1.00 1.00 1.00 10.00 18.00 22.00 14.00 22.00 10.00 0.00 0.00 0.00 0.00 0.00
216.00 30.00 25.00 80.00 150.00 55.00 70.00 0.07 3.76 2.00 2.00 1.00 8.00 16.00 22.00 14.00 20.00 10.00 0.00 0.00 0.00 0.00 0.00
217.00 25.00 20.00 67.00 132.00 47.00 65.00 0.07 3.61 1.00 1.00 1.00 3.00 12.00 22.00 13.00 16.00 9.00 0.00 0.00 0.00 0.00 0.00
218.00 27.00 36.00 70.00 136.00 34.00 66.00 0.10 2.66 2.00 1.00 2.00 4.00 11.00 23.00 16.00 14.00 13.00 0.00 0.00 0.00 1.00 0.00
219.00 25.00 22.00 65.00 128.00 43.00 63.00 0.10 4.31 1.00 2.00 0.50 9.00 12.00 16.00 13.00 15.00 10.00 0.00 0.00 0.00 0.00 0.00
220.00 29.00 32.00 78.00 145.00 46.00 67.00 0.09 3.77 0.00 2.00 0.00 6.00 10.00 23.00 19.00 19.00 10.00 0.00 0.00 0.00 0.00 0.00
221.00 25.00 25.00 70.00 134.00 45.00 64.00 0.08 2.74 1.00 2.00 0.50 6.00 8.00 19.00 17.00 12.00 13.00 0.00 0.00 0.00 0.00 0.00
222.00 28.00 38.00 82.00 147.00 44.00 65.00 0.07 4.16 1.00 2.00 0.50 8.00 16.00 20.00 12.00 21.00 7.00 0.00 0.00 0.00 0.00 0.00
223.00 28.00 18.00 68.00 137.00 50.00 69.00 0.08 3.88 1.00 2.00 0.50 4.00 15.00 24.00 13.00 20.00 8.00 0.00 0.00 0.00 0.00 0.00
224.00 28.00 40.00 85.00 146.00 45.00 61.00 0.08 3.67 1.00 1.00 1.00 5.00 15.00 23.00 13.00 18.00 10.00 0.00 0.00 0.00 0.00 1.00
225.00 25.00 28.00 73.00 134.00 45.00 61.00 0.08 2.69 1.00 1.00 1.00 4.00 9.00 21.00 16.00 12.00 13.00 0.00 0.00 0.00 0.00 0.00
226.00 29.00 37.00 87.00 145.00 50.00 58.00 0.09 4.00 1.00 2.00 0.50 4.00 14.00 25.00 15.00 21.00 8.00 0.00 0.00 0.00 0.00 0.00
227.00 28.00 39.00 87.00 142.00 48.00 55.00 0.09 3.63 2.00 3.00 0.67 6.00 13.00 22.00 15.00 17.00 11.00 0.00 0.00 0.00 0.00 0.00
228.00 28.00 33.00 77.00 145.00 44.00 68.00 0.09 3.97 1.00 1.00 1.00 7.00 15.00 21.00 13.00 18.00 10.00 0.00 0.00 0.00 0.00 0.00
229.00 25.00 30.00 69.00 128.00 39.00 59.00 0.09 3.04 1.00 1.00 1.00 6.00 12.00 19.00 13.00 15.00 10.00 0.00 0.00 0.00 0.00 0.00
230.00 25.00 32.00 73.00 133.00 41.00 60.00 0.09 3.42 1.00 1.00 1.00 5.00 8.00 20.00 17.00 16.00 9.00 0.00 0.00 0.00 0.00 0.00
231.00 29.00 40.00 82.00 144.00 42.00 62.00 0.08 3.17 1.00 1.00 1.00 7.00 15.00 22.00 14.00 19.00 10.00 0.00 0.00 1.00 0.00 0.00
232.00 30.00 33.00 88.00 154.00 55.00 66.00 0.08 3.23 1.00 2.00 0.50 5.00 9.00 25.00 21.00 16.00 14.00 0.00 0.00 1.00 0.00 0.00
233.00 26.00 21.00 67.00 132.00 46.00 65.00 0.09 2.93 1.00 3.00 0.33 4.00 14.00 22.00 12.00 19.00 7.00 0.00 0.00 0.00 0.00 0.00
234.00 27.00 28.00 74.00 140.00 46.00 66.00 0.09 3.08 1.00 3.00 0.33 11.00 14.00 16.00 13.00 15.00 12.00 0.00 0.00 0.00 0.00 0.00
235.00 24.00 28.00 64.00 125.00 36.00 61.00 0.08 2.92 1.00 2.00 0.50 8.00 15.00 16.00 9.00 20.00 4.00 0.00 0.00 0.00 0.00 0.00
236.00 18.00 13.00 43.00 91.00 30.00 48.00 0.10 2.30 1.00 2.00 0.50 2.00 7.00 16.00 11.00 10.00 8.00 0.00 0.00 0.00 0.00 0.00
237.00 27.00 33.00 80.00 138.00 47.00 58.00 0.08 2.60 1.00 2.00 0.50 8.00 12.00 19.00 15.00 16.00 11.00 0.00 0.00 1.00 0.00 0.00
238.00 24.00 27.00 68.00 119.00 41.00 51.00 0.09 1.94 1.00 1.00 1.00 7.00 14.00 17.00 10.00 19.00 5.00 0.00 0.00 0.00 0.00 0.00
239.00 22.00 24.00 61.00 107.00 37.00 46.00 0.08 1.39 1.00 1.00 1.00 5.00 12.00 17.00 10.00 13.00 9.00 0.00 0.00 0.00 0.00 0.00
240.00 21.00 16.00 53.00 107.00 37.00 54.00 0.09 2.53 1.00 1.00 1.00 8.00 11.00 13.00 10.00 17.00 4.00 0.00 0.00 1.00 0.00 0.00
241.00 25.00 23.00 64.00 137.00 41.00 73.00 0.08 2.31 1.00 0.00 0.00 4.00 10.00 21.00 15.00 14.00 11.00 0.00 0.00 0.00 0.00 0.00
242.00 26.00 32.00 81.00 138.00 49.00 57.00 0.10 3.41 1.00 1.00 1.00 9.00 14.00 17.00 12.00 17.00 9.00 0.00 0.00 0.00 0.00 0.00
243.00 27.00 25.00 65.00 130.00 40.00 65.00 0.08 2.49 1.00 3.00 0.33 10.00 16.00 17.00 11.00 18.00 9.00 0.00 0.00 0.00 0.00 0.00
244.00 23.00 25.00 66.00 116.00 41.00 50.00 0.09 2.07 1.00 1.00 1.00 7.00 12.00 16.00 11.00 16.00 7.00 0.00 0.00 0.00 0.00 0.00
245.00 19.00 17.00 45.00 94.00 28.00 49.00 0.10 2.12 1.00 2.00 0.50 5.00 11.00 14.00 8.00 16.00 3.00 0.00 0.00 0.00 0.00 0.00
246.00 24.00 30.00 73.00 122.00 43.00 49.00 0.09 2.78 1.00 2.00 0.50 5.00 12.00 19.00 12.00 16.00 8.00 0.00 0.00 0.00 0.00 0.00
247.00 21.00 24.00 58.00 106.00 34.00 48.00 0.09 2.59 1.00 1.00 1.00 5.00 11.00 16.00 10.00 13.00 8.00 0.00 0.00 0.00 0.00 0.00
248.00 26.00 29.00 73.00 141.00 44.00 68.00 0.09 2.84 1.00 0.00 0.00 6.00 13.00 20.00 13.00 18.00 8.00 0.00 0.00 0.00 0.00 0.00
249.00 24.00 20.00 60.00 124.00 40.00 64.00 0.10 3.81 1.00 1.00 1.00 2.00 9.00 22.00 15.00 11.00 13.00 0.00 0.00 0.00 0.00 0.00
250.00 21.00 21.00 56.00 108.00 35.00 52.00 0.10 2.71 1.00 2.00 0.50 7.00 10.00 14.00 11.00 13.00 8.00 0.00 0.00 0.00 0.00 0.00
251.00 22.00 28.00 64.00 112.00 36.00 48.00 0.08 1.98 1.00 1.00 1.00 5.00 10.00 17.00 12.00 15.00 7.00 0.00 0.00 0.00 0.00 0.00
252.00 24.00 25.00 63.00 116.00 38.00 53.00 0.09 1.34 1.00 0.00 0.00 7.00 12.00 17.00 12.00 14.00 10.00 0.00 0.00 1.00 0.00 0.00
253.00 20.00 22.00 51.00 102.00 29.00 51.00 0.08 1.45 1.00 0.00 0.00 6.00 9.00 14.00 11.00 14.00 6.00 0.00 0.00 0.00 0.00 0.00
254.00 23.00 21.00 56.00 116.00 35.00 60.00 0.08 2.07 1.00 1.00 1.00 4.00 8.00 19.00 15.00 16.00 7.00 0.00 0.00 0.00 1.00 0.00
255.00 24.00 29.00 62.00 117.00 33.00 55.00 0.09 2.57 1.00 0.00 0.00 9.00 13.00 15.00 11.00 17.00 7.00 0.00 0.00 0.00 0.00 0.00
256.00 25.00 29.00 72.00 132.00 43.00 60.00 0.09 2.87 1.00 1.00 1.00 7.00 10.00 18.00 15.00 16.00 9.00 0.00 0.00 0.00 0.00 0.00
257.00 22.00 18.00 52.00 105.00 34.00 53.00 0.09 2.62 0.00 1.00 0.00 7.00 14.00 15.00 8.00 15.00 7.00 0.00 0.00 0.00 0.00 0.00
258.00 21.00 25.00 58.00 108.00 33.00 50.00 0.09 3.19 1.00 0.00 0.00 3.00 9.00 18.00 12.00 12.00 9.00 0.00 0.00 0.00 0.00 0.00
259.00 17.00 15.00 43.00 85.00 28.00 42.00 0.11 4.14 0.00 1.00 0.00 6.00 10.00 11.00 7.00 13.00 4.00 0.00 0.00 0.00 0.00 0.00
260.00 25.00 31.00 77.00 132.00 46.00 55.00 0.08 2.94 1.00 1.00 1.00 3.00 10.00 22.00 15.00 19.00 6.00 0.00 0.00 1.00 0.00 0.00
261.00 24.00 35.00 67.00 123.00 32.00 56.00 0.08 3.80 1.00 0.00 0.00 6.00 9.00 18.00 15.00 13.00 11.00 0.00 0.00 0.00 0.00 0.00
262.00 22.00 21.00 53.00 108.00 32.00 55.00 0.08 3.98 1.00 0.00 0.00 8.00 11.00 14.00 11.00 14.00 8.00 0.00 0.00 0.00 0.00 0.00
263.00 18.00 16.00 44.00 94.00 28.00 50.00 0.08 2.14 0.00 0.00 0.00 3.00 7.00 15.00 11.00 11.00 7.00 0.00 0.00 0.00 0.00 0.00
264.00 20.00 12.00 48.00 98.00 36.00 50.00 0.08 3.61 1.00 0.00 0.00 6.00 14.00 14.00 6.00 17.00 3.00 0.00 0.00 0.00 0.00 0.00
265.00 22.00 24.00 58.00 112.00 34.00 54.00 0.09 2.58 1.00 0.00 0.00 5.00 11.00 17.00 11.00 12.00 10.00 0.00 0.00 0.00 0.00 0.00
266.00 22.00 26.00 61.00 111.00 35.00 50.00 0.09 2.59 1.00 0.00 0.00 6.00 13.00 16.00 9.00 19.00 3.00 0.00 0.00 0.00 0.00 0.00
267.00 20.00 21.00 53.00 98.00 32.00 45.00 0.07 2.76 1.00 1.00 1.00 5.00 11.00 15.00 9.00 16.00 4.00 0.00 0.00 0.00 0.00 0.00
268.00 24.00 25.00 60.00 119.00 35.00 59.00 0.08 2.95 1.00 0.00 0.00 5.00 10.00 19.00 14.00 18.00 6.00 0.00 0.00 0.00 0.00 0.00
269.00 24.00 22.00 65.00 118.00 43.00 53.00 0.07 2.31 1.00 1.00 1.00 6.00 13.00 18.00 11.00 15.00 9.00 0.00 0.00 0.00 0.00 0.00
270.00 22.00 22.00 54.00 113.00 32.00 59.00 0.09 2.61 1.00 0.00 0.00 5.00 11.00 17.00 11.00 15.00 7.00 0.00 0.00 1.00 0.00 0.00
271.00 19.00 20.00 50.00 100.00 30.00 50.00 0.09 2.15 0.00 2.00 0.00 3.00 8.00 16.00 11.00 14.00 5.00 0.00 0.00 0.00 0.00 0.00
272.00 19.00 15.00 43.00 92.00 28.00 49.00 0.10 2.77 0.00 2.00 0.00 4.00 11.00 15.00 8.00 14.00 5.00 0.00 0.00 0.00 0.00 0.00
273.00 22.00 21.00 59.00 111.00 38.00 52.00 0.09 2.36 0.00 1.00 0.00 4.00 9.00 18.00 13.00 12.00 10.00 0.00 0.00 0.00 0.00 1.00
274.00 26.00 36.00 76.00 132.00 40.00 56.00 0.08 3.65 0.00 1.00 0.00 5.00 12.00 21.00 14.00 18.00 8.00 0.00 0.00 0.00 0.00 1.00
275.00 26.00 31.00 75.00 126.00 44.00 51.00 0.08 3.70 0.00 2.00 0.00 8.00 13.00 18.00 13.00 18.00 8.00 0.00 0.00 0.00 1.00 0.00
276.00 16.00 16.00 39.00 84.00 23.00 45.00 0.08 3.10 0.00 1.00 0.00 5.00 10.00 11.00 6.00 14.00 2.00 0.00 0.00 0.00 0.00 0.00
277.00 18.00 12.00 39.00 85.00 27.00 46.00 0.08 2.01 0.00 2.00 0.00 9.00 14.00 9.00 4.00 16.00 2.00 0.00 0.00 0.00 0.00 0.00
278.00 16.00 17.00 38.00 77.00 21.00 39.00 0.09 2.31 0.00 1.00 0.00 4.00 8.00 12.00 8.00 13.00 3.00 0.00 0.00 0.00 0.00 0.00
279.00 20.00 21.00 50.00 93.00 29.00 43.00 0.07 3.59 0.00 0.00 0.00 9.00 12.00 11.00 8.00 14.00 6.00 0.00 0.00 1.00 0.00 0.00
280.00 18.00 18.00 49.00 80.00 31.00 31.00 0.09 2.12 0.00 0.00 0.00 5.00 13.00 13.00 5.00 14.00 4.00 0.00 0.00 0.00 0.00 0.00
281.00 16.00 15.00 37.00 69.00 22.00 32.00 0.09 3.62 0.00 0.00 0.00 4.00 11.00 12.00 5.00 14.00 2.00 0.00 0.00 0.00 0.00 0.00
282.00 14.00 13.00 35.00 70.00 22.00 35.00 0.08 0.44 0.00 0.00 0.00 6.00 10.00 8.00 4.00 12.00 2.00 0.00 0.00 0.00 0.00 0.00
283.00 18.00 16.00 48.00 94.00 32.00 46.00 0.08 2.88 0.00 1.00 0.00 7.00 9.00 11.00 9.00 15.00 3.00 0.00 0.00 0.00 1.00 0.00
284.00 5.00 0.00 3.00 16.00 3.00 13.00 0.07 0.16 0.00 0.00 0.00 2.00 5.00 3.00 0.00 5.00 0.00 0.00 0.00 0.00 0.00 0.00
285.00 17.00 15.00 42.00 87.00 27.00 45.00 0.09 3.01 0.00 0.00 0.00 5.00 14.00 12.00 3.00 15.00 2.00 0.00 0.00 0.00 1.00 0.00
286.00 19.00 19.00 49.00 93.00 30.00 44.00 0.09 2.13 0.00 0.00 0.00 3.00 8.00 16.00 11.00 12.00 7.00 0.00 0.00 0.00 0.00 0.00
287.00 19.00 10.00 44.00 97.00 34.00 53.00 0.08 3.88 0.00 0.00 0.00 6.00 9.00 13.00 10.00 14.00 5.00 0.00 0.00 0.00 0.00 0.00
288.00 19.00 22.00 47.00 94.00 25.00 47.00 0.09 3.48 0.00 0.00 0.00 2.00 7.00 17.00 12.00 12.00 7.00 0.00 0.00 0.00 0.00 0.00
289.00 10.00 4.00 21.00 46.00 17.00 25.00 0.08 1.89 0.00 0.00 0.00 5.00 5.00 5.00 5.00 6.00 4.00 0.00 0.00 0.00 0.00 0.00
290.00 8.00 1.00 12.00 37.00 11.00 25.00 0.09 3.88 0.00 0.00 0.00 1.00 6.00 7.00 2.00 7.00 1.00 0.00 0.00 0.00 1.00 0.00
291.00 14.00 6.00 23.00 65.00 17.00 42.00 0.09 0.66 0.00 0.00 0.00 5.00 9.00 9.00 5.00 14.00 0.00 0.00 0.00 0.00 0.00 0.00
292.00 18.00 8.00 38.00 86.00 30.00 48.00 0.08 2.39 0.00 0.00 0.00 7.00 8.00 11.00 10.00 13.00 5.00 0.00 0.00 0.00 0.00 0.00
293.00 5.00 0.00 3.00 17.00 3.00 14.00 0.09 3.01 0.00 0.00 0.00 3.00 4.00 2.00 1.00 5.00 0.00 0.00 0.00 0.00 0.00 0.00
294.00 8.00 0.00 9.00 31.00 9.00 22.00 0.10 5.20 0.00 0.00 0.00 3.00 7.00 5.00 1.00 8.00 0.00 0.00 0.00 0.00 0.00 0.00
295.00 15.00 10.00 35.00 71.00 25.00 36.00 0.09 1.70 0.00 0.00 0.00 3.00 6.00 12.00 9.00 12.00 3.00 0.00 0.00 0.00 0.00 0.00
296.00 5.00 1.00 7.00 21.00 6.00 14.00 0.08 3.51 0.00 0.00 0.00 4.00 4.00 1.00 1.00 4.00 1.00 0.00 0.00 0.00 0.00 0.00
297.00 5.00 1.00 6.00 23.00 5.00 17.00 0.09 0.30 0.00 0.00 0.00 1.00 3.00 4.00 2.00 4.00 1.00 0.00 0.00 0.00 0.00 0.00
298.00 6.00 0.00 2.00 22.00 2.00 20.00 0.08 0.26 0.00 0.00 0.00 3.00 3.00 3.00 3.00 6.00 0.00 0.00 0.00 0.00 0.00 0.00
299.00 7.00 3.00 9.00 31.00 6.00 22.00 0.09 0.28 0.00 0.00 0.00 3.00 5.00 4.00 2.00 6.00 1.00 0.00 0.00 0.00 0.00 0.00
300.00 7.00 3.00 8.00 29.00 5.00 21.00 0.09 0.46 0.00 0.00 0.00 1.00 4.00 6.00 3.00 7.00 0.00 0.00 0.00 0.00 0.00 0.00
301.00 9.00 3.00 16.00 40.00 13.00 24.00 0.09 2.08 0.00 0.00 0.00 2.00 6.00 7.00 3.00 8.00 1.00 0.00 0.00 0.00 0.00 0.00
302.00 8.00 3.00 15.00 35.00 12.00 20.00 0.09 0.28 0.00 0.00 0.00 2.00 4.00 6.00 4.00 6.00 2.00 0.00 0.00 0.00 0.00 0.00
303.00 4.00 0.00 4.00 15.00 4.00 11.00 0.08 0.15 0.00 0.00 0.00 1.00 3.00 3.00 1.00 4.00 0.00 0.00 0.00 0.00 0.00 0.00
304.00 5.00 1.00 5.00 20.00 4.00 15.00 0.09 0.20 0.00 0.00 0.00 1.00 4.00 4.00 1.00 5.00 0.00 0.00 0.00 0.00 0.00 0.00
305.00 3.00 0.00 2.00 11.00 2.00 9.00 0.09 0.12 0.00 0.00 0.00 2.00 3.00 1.00 0.00 3.00 0.00 0.00 0.00 0.00 0.00 0.00
