0.00 3.00 0.00 0.00 5.00 0.00 5.00 0.08 4.30 0.00 0.00 0.00 2.00 3.00 1.00 0.00 3.00 0.00 0.00 0.00 0.00 0.00 0.00
1.00 3.00 0.00 2.00 12.00 2.00 10.00 0.08 4.59 0.00 0.00 0.00 2.00 3.00 1.00 0.00 3.00 0.00 0.00 0.00 0.00 0.00 0.00
2.00 3.00 0.00 0.00 7.00 0.00 7.00 0.09 0.25 0.00 0.00 0.00 2.00 3.00 1.00 0.00 3.00 0.00 0.00 0.00 0.00 0.00 0.00
3.00 5.00 0.00 2.00 15.00 2.00 13.00 0.11 4.52 0.00 0.00 0.00 2.00 5.00 3.00 0.00 5.00 0.00 0.00 0.00 0.00 0.00 0.00
4.00 11.00 3.00 13.00 43.00 10.00 30.00 0.09 3.78 0.00 0.00 0.00 4.00 7.00 7.00 4.00 8.00 3.00 0.00 0.00 0.00 0.00 0.00
5.00 6.00 0.00 7.00 26.00 7.00 19.00 0.08 0.25 0.00 0.00 0.00 3.00 4.00 3.00 2.00 5.00 1.00 0.00 0.00 0.00 0.00 0.00
6.00 4.00 0.00 4.00 15.00 4.00 11.00 0.08 3.89 0.00 0.00 0.00 3.00 3.00 1.00 1.00 4.00 0.00 0.00 0.00 0.00 0.00 0.00
7.00 4.00 0.00 3.00 15.00 3.00 12.00 0.09 4.13 0.00 0.00 0.00 3.00 3.00 1.00 1.00 4.00 0.00 0.00 0.00 0.00 0.00 0.00
8.00 3.00 0.00 1.00 4.00 1.00 3.00 0.09 0.23 0.00 0.00 0.00 2.00 3.00 1.00 0.00 3.00 0.00 0.00 0.00 0.00 0.00 0.00
9.00 5.00 1.00 6.00 17.00 5.00 11.00 0.08 0.19 0.00 0.00 0.00 2.00 3.00 3.00 2.00 5.00 0.00 0.00 0.00 0.00 0.00 0.00
10.00 7.00 2.00 6.00 27.00 4.00 21.00 0.09 0.33 0.00 0.00 0.00 4.00 5.00 3.00 2.00 7.00 0.00 0.00 0.00 0.00 0.00 0.00
11.00 6.00 2.00 10.00 24.00 8.00 14.00 0.07 0.20 0.00 0.00 0.00 2.00 6.00 4.00 0.00 6.00 0.00 0.00 0.00 0.00 0.00 0.00
12.00 5.00 0.00 1.00 16.00 1.00 15.00 0.09 0.43 0.00 0.00 0.00 3.00 4.00 2.00 1.00 5.00 0.00 0.00 0.00 0.00 0.00 0.00
13.00 7.00 2.00 12.00 30.00 10.00 18.00 0.08 2.48 0.00 0.00 0.00 3.00 6.00 4.00 1.00 7.00 0.00 0.00 0.00 0.00 0.00 0.00
14.00 6.00 2.00 8.00 25.00 6.00 17.00 0.09 0.21 0.00 0.00 0.00 2.00 5.00 4.00 1.00 5.00 1.00 0.00 0.00 0.00 0.00 0.00
15.00 9.00 6.00 19.00 41.00 13.00 22.00 0.07 0.36 0.00 0.00 0.00 3.00 8.00 6.00 1.00 8.00 1.00 0.00 0.00 0.00 0.00 0.00
16.00 9.00 2.00 15.00 40.00 13.00 25.00 0.09 0.26 0.00 0.00 0.00 3.00 7.00 6.00 2.00 8.00 1.00 0.00 0.00 0.00 0.00 0.00
17.00 6.00 1.00 8.00 26.00 7.00 18.00 0.07 0.23 0.00 0.00 0.00 0.00 3.00 6.00 3.00 4.00 2.00 0.00 0.00 0.00 0.00 0.00
18.00 8.00 1.00 9.00 39.00 8.00 30.00 0.08 0.28 0.00 1.00 0.00 2.00 6.00 6.00 2.00 8.00 0.00 0.00 0.00 0.00 0.00 0.00
19.00 9.00 3.00 16.00 43.00 13.00 27.00 0.08 0.28 0.00 0.00 0.00 2.00 6.00 7.00 3.00 8.00 1.00 0.00 0.00 0.00 0.00 0.00
20.00 10.00 7.00 22.00 45.00 15.00 23.00 0.08 0.45 0.00 1.00 0.00 3.00 5.00 7.00 5.00 8.00 2.00 0.00 0.00 0.00 0.00 0.00
21.00 9.00 4.00 16.00 41.00 12.00 25.00 0.09 0.32 0.00 1.00 0.00 2.00 4.00 7.00 5.00 8.00 1.00 0.00 0.00 0.00 0.00 0.00
22.00 10.00 5.00 19.00 47.00 14.00 28.00 0.08 0.42 0.00 0.00 0.00 3.00 4.00 7.00 6.00 7.00 3.00 0.00 0.00 0.00 0.00 0.00
23.00 14.00 9.00 29.00 63.00 20.00 34.00 0.08 1.76 0.00 0.00 0.00 3.00 7.00 11.00 7.00 9.00 5.00 0.00 0.00 0.00 0.00 0.00
24.00 15.00 12.00 34.00 72.00 22.00 38.00 0.08 1.54 0.00 0.00 0.00 5.00 10.00 10.00 5.00 12.00 3.00 0.00 0.00 0.00 0.00 0.00
25.00 15.00 15.00 37.00 74.00 22.00 37.00 0.08 1.57 0.00 2.00 0.00 6.00 8.00 9.00 7.00 11.00 4.00 0.00 0.00 0.00 0.00 0.00
26.00 8.00 4.00 13.00 36.00 9.00 23.00 0.10 0.36 0.00 0.00 0.00 3.00 6.00 5.00 2.00 7.00 1.00 0.00 0.00 0.00 0.00 0.00
27.00 16.00 11.00 29.00 71.00 18.00 42.00 0.09 2.41 0.00 0.00 0.00 6.00 9.00 10.00 7.00 13.00 3.00 0.00 0.00 0.00 0.00 0.00
28.00 14.00 10.00 34.00 70.00 24.00 36.00 0.09 1.56 0.00 0.00 0.00 6.00 7.00 8.00 7.00 11.00 3.00 0.00 0.00 0.00 0.00 0.00
29.00 10.00 8.00 22.00 46.00 14.00 24.00 0.09 0.37 0.00 0.00 0.00 4.00 7.00 6.00 3.00 9.00 1.00 0.00 0.00 0.00 0.00 0.00
30.00 12.00 8.00 27.00 57.00 19.00 30.00 0.07 1.77 0.00 0.00 0.00 6.00 8.00 6.00 4.00 10.00 2.00 0.00 0.00 0.00 0.00 0.00
31.00 13.00 14.00 31.00 61.00 17.00 30.00 0.08 1.68 0.00 0.00 0.00 2.00 3.00 11.00 10.00 7.00 6.00 0.00 0.00 1.00 0.00 0.00
32.00 15.00 14.00 36.00 75.00 22.00 39.00 0.07 1.60 0.00 0.00 0.00 5.00 8.00 10.00 7.00 9.00 6.00 0.00 0.00 0.00 0.00 0.00
33.00 14.00 14.00 36.00 70.00 22.00 34.00 0.09 1.69 0.00 0.00 0.00 4.00 7.00 10.00 7.00 8.00 6.00 0.00 0.00 0.00 0.00 0.00
34.00 10.00 8.00 22.00 45.00 14.00 23.00 0.08 0.40 0.00 1.00 0.00 3.00 4.00 7.00 6.00 6.00 4.00 0.00 0.00 0.00 0.00 0.00
35.00 16.00 12.00 34.00 73.00 22.00 39.00 0.09 1.71 0.00 1.00 0.00 5.00 9.00 11.00 7.00 11.00 5.00 0.00 0.00 0.00 0.00 0.00
36.00 11.00 6.00 26.00 53.00 20.00 27.00 0.08 0.38 0.00 1.00 0.00 6.00 7.00 5.00 4.00 8.00 3.00 0.00 0.00 0.00 0.00 0.00
37.00 7.00 3.00 13.00 30.00 10.00 17.00 0.08 0.29 0.00 1.00 0.00 2.00 4.00 5.00 3.00 6.00 1.00 0.00 0.00 0.00 0.00 0.00
38.00 14.00 11.00 35.00 71.00 24.00 36.00 0.10 0.54 0.00 2.00 0.00 3.00 7.00 11.00 7.00 10.00 4.00 0.00 0.00 0.00 0.00 0.00
39.00 5.00 2.00 8.00 19.00 6.00 11.00 0.09 0.21 0.00 0.00 0.00 1.00 4.00 4.00 1.00 5.00 0.00 0.00 0.00 0.00 0.00 0.00
40.00 10.00 8.00 23.00 49.00 15.00 26.00 0.07 0.34 0.00 1.00 0.00 4.00 5.00 6.00 5.00 8.00 2.00 0.00 0.00 0.00 0.00 0.00
41.00 16.00 19.00 41.00 76.00 22.00 35.00 0.08 3.26 0.00 1.00 0.00 7.00 8.00 9.00 8.00 11.00 5.00 0.00 0.00 0.00 0.00 0.00
42.00 5.00 1.00 7.00 22.00 6.00 15.00 0.08 0.26 0.00 0.00 0.00 3.00 4.00 2.00 1.00 5.00 0.00 0.00 0.00 0.00 0.00 0.00
43.00 11.00 7.00 22.00 48.00 15.00 26.00 0.08 3.23 0.00 0.00 0.00 2.00 6.00 9.00 5.00 9.00 2.00 0.00 0.00 0.00 0.00 0.00
44.00 15.00 15.00 38.00 72.00 23.00 34.00 0.09 1.78 0.00 0.00 0.00 6.00 7.00 9.00 8.00 11.00 4.00 0.00 0.00 0.00 0.00 0.00
45.00 14.00 10.00 30.00 64.00 20.00 34.00 0.10 2.79 0.00 0.00 0.00 3.00 6.00 11.00 8.00 9.00 5.00 0.00 0.00 0.00 0.00 0.00
46.00 16.00 14.00 33.00 71.00 19.00 38.00 0.07 0.77 0.00 1.00 0.00 9.00 10.00 7.00 6.00 11.00 5.00 0.00 0.00 0.00 0.00 0.00
47.00 12.00 9.00 26.00 57.00 17.00 31.00 0.09 1.83 0.00 0.00 0.00 3.00 6.00 9.00 6.00 7.00 5.00 0.00 0.00 0.00 0.00 0.00
48.00 11.00 7.00 19.00 51.00 12.00 32.00 0.09 1.92 0.00 0.00 0.00 3.00 5.00 8.00 6.00 7.00 4.00 0.00 0.00 0.00 0.00 0.00
49.00 10.00 8.00 22.00 49.00 14.00 27.00 0.09 0.33 0.00 1.00 0.00 2.00 5.00 8.00 5.00 7.00 3.00 0.00 0.00 0.00 0.00 0.00
50.00 13.00 15.00 34.00 62.00 19.00 28.00 0.10 1.73 0.00 1.00 0.00 4.00 9.00 9.00 4.00 11.00 2.00 0.00 0.00 0.00 0.00 0.00
51.00 15.00 11.00 31.00 68.00 20.00 37.00 0.09 2.71 0.00 0.00 0.00 5.00 8.00 10.00 7.00 12.00 3.00 0.00 0.00 0.00 0.00 0.00
52.00 14.00 12.00 30.00 70.00 18.00 40.00 0.09 2.29 0.00 1.00 0.00 3.00 4.00 11.00 10.00 9.00 5.00 0.00 0.00 0.00 0.00 0.00
53.00 9.00 3.00 15.00 40.00 12.00 25.00 0.09 0.44 0.00 0.00 0.00 1.00 4.00 8.00 5.00 7.00 2.00 0.00 0.00 0.00 0.00 0.00
54.00 7.00 2.00 8.00 26.00 6.00 18.00 0.08 0.39 0.00 0.00 0.00 3.00 5.00 4.00 2.00 6.00 1.00 0.00 0.00 0.00 0.00 0.00
55.00 14.00 8.00 31.00 67.00 23.00 36.00 0.09 1.65 0.00 0.00 0.00 6.00 7.00 8.00 7.00 11.00 3.00 0.00 0.00 0.00 0.00 0.00
56.00 11.00 6.00 19.00 56.00 13.00 37.00 0.09 2.04 0.00 0.00 0.00 1.00 7.00 10.00 4.00 9.00 2.00 0.00 0.00 0.00 0.00 0.00
57.00 16.00 11.00 36.00 72.00 25.00 36.00 0.07 3.09 0.00 0.00 0.00 7.00 11.00 9.00 5.00 13.00 3.00 0.00 0.00 0.00 0.00 0.00
58.00 16.00 15.00 39.00 83.00 24.00 44.00 0.08 3.28 0.00 0.00 0.00 5.00 10.00 11.00 6.00 12.00 4.00 0.00 0.00 1.00 0.00 0.00
59.00 15.00 8.00 35.00 71.00 27.00 36.00 0.10 4.11 0.00 0.00 0.00 5.00 9.00 10.00 6.00 12.00 3.00 0.00 0.00 0.00 0.00 0.00
60.00 18.00 13.00 32.00 84.00 19.00 52.00 0.09 3.46 0.00 1.00 0.00 5.00 11.00 13.00 7.00 12.00 6.00 0.00 0.00 0.00 0.00 0.00
61.00 13.00 13.00 33.00 65.00 20.00 32.00 0.09 4.59 0.00 0.00 0.00 3.00 8.00 10.00 5.00 11.00 2.00 0.00 0.00 0.00 0.00 0.00
62.00 15.00 6.00 33.00 63.00 27.00 30.00 0.09 4.02 0.00 0.00 0.00 6.00 11.00 9.00 4.00 12.00 3.00 0.00 0.00 0.00 0.00 0.00
63.00 23.00 27.00 55.00 117.00 28.00 62.00 0.09 4.56 0.00 0.00 0.00 4.00 13.00 19.00 10.00 17.00 6.00 1.00 0.00 1.00 0.00 0.00
64.00 26.00 19.00 61.00 123.00 42.00 62.00 0.08 4.32 0.00 1.00 0.00 9.00 13.00 17.00 13.00 18.00 8.00 0.00 0.00 0.00 0.00 0.00
65.00 15.00 10.00 35.00 78.00 25.00 43.00 0.07 4.77 0.00 0.00 0.00 2.00 7.00 13.00 8.00 11.00 4.00 0.00 0.00 0.00 0.00 0.00
66.00 13.00 5.00 24.00 64.00 19.00 40.00 0.10 3.89 0.00 1.00 0.00 5.00 9.00 8.00 4.00 9.00 4.00 1.00 0.00 0.00 0.00 0.00
67.00 21.00 22.00 50.00 98.00 28.00 48.00 0.08 4.54 0.00 1.00 0.00 8.00 13.00 13.00 8.00 13.00 8.00 1.00 0.00 0.00 0.00 0.00
68.00 19.00 18.00 49.00 94.00 31.00 45.00 0.08 4.46 0.00 1.00 0.00 7.00 13.00 12.00 6.00 16.00 3.00 0.00 0.00 0.00 0.00 1.00
69.00 17.00 7.00 41.00 85.00 34.00 44.00 0.07 4.56 0.00 2.00 0.00 5.00 9.00 12.00 8.00 12.00 5.00 0.00 0.00 0.00 1.00 0.00
70.00 15.00 8.00 29.00 73.00 21.00 44.00 0.10 4.58 0.00 1.00 0.00 5.00 8.00 10.00 7.00 12.00 3.00 0.00 0.00 0.00 0.00 0.00
71.00 17.00 16.00 40.00 81.00 24.00 41.00 0.09 4.69 1.00 0.00 0.00 3.00 7.00 14.00 10.00 11.00 6.00 0.00 0.00 0.00 0.00 0.00
72.00 28.00 29.00 67.00 133.00 38.00 66.00 0.09 4.70 0.00 1.00 0.00 5.00 16.00 23.00 12.00 21.00 7.00 0.00 0.00 1.00 0.00 0.00
73.00 18.00 20.00 46.00 89.00 26.00 43.00 0.08 4.92 0.00 1.00 0.00 5.00 7.00 13.00 11.00 10.00 8.00 0.00 0.00 1.00 0.00 0.00
74.00 22.00 6.00 48.00 104.00 42.00 56.00 0.08 5.09 0.00 1.00 0.00 10.00 15.00 12.00 7.00 18.00 4.00 0.00 0.00 1.00 0.00 0.00
75.00 27.00 27.00 68.00 130.00 41.00 62.00 0.08 4.76 0.00 2.00 0.00 8.00 16.00 19.00 11.00 19.00 8.00 1.00 0.00 0.00 0.00 0.00
76.00 29.00 22.00 74.00 149.00 52.00 75.00 0.08 4.38 0.00 1.00 0.00 8.00 17.00 21.00 12.00 21.00 8.00 0.00 0.00 2.00 0.00 0.00
77.00 25.00 14.00 52.00 122.00 38.00 70.00 0.09 4.59 0.00 0.00 0.00 7.00 17.00 18.00 8.00 20.00 5.00 0.00 0.00 1.00 1.00 0.00
78.00 8.00 4.00 12.00 34.00 8.00 22.00 0.09 4.58 0.00 0.00 0.00 1.00 3.00 7.00 5.00 6.00 2.00 0.00 0.00 0.00 0.00 0.00
79.00 16.00 14.00 35.00 77.00 21.00 42.00 0.09 4.65 0.00 1.00 0.00 4.00 7.00 12.00 9.00 13.00 3.00 0.00 0.00 0.00 1.00 0.00
80.00 27.00 21.00 58.00 130.00 37.00 72.00 0.09 5.20 0.00 1.00 0.00 6.00 16.00 21.00 11.00 23.00 4.00 0.00 0.00 0.00 1.00 0.00
81.00 30.00 35.00 88.00 155.00 53.00 67.00 0.09 4.72 0.00 0.00 0.00 5.00 13.00 25.00 17.00 20.00 10.00 0.00 0.00 0.00 1.00 0.00
82.00 32.00 35.00 80.00 157.00 45.00 77.00 0.09 4.87 0.00 1.00 0.00 10.00 18.00 22.00 14.00 23.00 9.00 0.00 0.00 0.00 1.00 0.00
83.00 22.00 19.00 54.00 115.00 35.00 61.00 0.09 4.47 0.00 1.00 0.00 8.00 12.00 14.00 10.00 17.00 5.00 0.00 0.00 0.00 0.00 0.00
84.00 26.00 17.00 56.00 132.00 39.00 76.00 0.08 4.93 0.00 1.00 0.00 4.00 16.00 22.00 10.00 19.00 7.00 1.00 0.00 0.00 0.00 0.00
85.00 34.00 33.00 84.00 166.00 51.00 82.00 0.08 4.96 0.00 1.00 0.00 13.00 21.00 21.00 13.00 25.00 9.00 1.00 0.00 0.00 0.00 0.00
86.00 32.00 34.00 83.00 158.00 49.00 75.00 0.10 4.79 1.00 1.00 1.00 9.00 18.00 23.00 14.00 24.00 8.00 0.00 0.00 0.00 0.00 0.00
87.00 33.00 32.00 82.00 167.00 50.00 85.00 0.09 4.66 1.00 1.00 1.00 9.00 17.00 24.00 16.00 27.00 6.00 0.00 0.00 0.00 0.00 0.00
88.00 27.00 27.00 75.00 144.00 48.00 69.00 0.09 4.55 0.00 1.00 0.00 5.00 8.00 22.00 19.00 13.00 14.00 0.00 0.00 0.00 0.00 1.00
89.00 27.00 17.00 68.00 143.00 51.00 75.00 0.09 5.01 0.00 1.00 0.00 6.00 14.00 21.00 13.00 21.00 6.00 0.00 0.00 0.00 0.00 1.00
90.00 29.00 33.00 80.00 142.00 47.00 62.00 0.08 4.70 0.00 1.00 0.00 12.00 16.00 17.00 13.00 19.00 10.00 0.00 0.00 0.00 0.00 0.00
91.00 30.00 35.00 89.00 159.00 54.00 70.00 0.08 4.70 0.00 0.00 0.00 7.00 14.00 23.00 16.00 23.00 7.00 0.00 0.00 1.00 0.00 1.00
92.00 33.00 36.00 96.00 169.00 60.00 73.00 0.07 4.72 0.00 1.00 0.00 6.00 17.00 27.00 16.00 23.00 10.00 0.00 0.00 1.00 0.00 0.00
93.00 29.00 24.00 72.00 149.00 48.00 77.00 0.08 5.00 0.00 0.00 0.00 5.00 14.00 24.00 15.00 19.00 10.00 0.00 0.00 1.00 0.00 0.00
94.00 37.00 50.00 104.00 187.00 54.00 83.00 0.07 4.74 1.00 0.00 0.00 10.00 19.00 27.00 18.00 21.00 16.00 0.00 0.00 2.00 0.00 0.00
95.00 23.00 23.00 59.00 120.00 36.00 61.00 0.09 4.89 1.00 0.00 0.00 5.00 11.00 18.00 12.00 16.00 7.00 0.00 0.00 1.00 0.00 0.00
96.00 21.00 18.00 51.00 110.00 33.00 59.00 0.09 5.11 1.00 0.00 0.00 8.00 10.00 13.00 11.00 14.00 7.00 0.00 0.00 1.00 0.00 0.00
97.00 29.00 32.00 80.00 154.00 48.00 74.00 0.08 4.70 1.00 1.00 1.00 6.00 14.00 23.00 15.00 21.00 8.00 1.00 0.00 0.00 0.00 0.00
98.00 31.00 37.00 88.00 157.00 51.00 69.00 0.09 4.87 1.00 1.00 1.00 9.00 15.00 22.00 16.00 21.00 10.00 0.00 0.00 0.00 0.00 0.00
99.00 25.00 22.00 64.00 124.00 42.00 60.00 0.08 5.00 1.00 2.00 0.50 5.00 16.00 20.00 9.00 19.00 6.00 0.00 0.00 0.00 0.00 0.00
100.00 21.00 20.00 51.00 108.00 31.00 57.00 0.09 5.19 1.00 1.00 1.00 4.00 10.00 17.00 11.00 16.00 5.00 0.00 0.00 0.00 0.00 0.00
101.00 28.00 30.00 73.00 144.00 43.00 71.00 0.08 4.82 0.00 2.00 0.00 7.00 13.00 21.00 15.00 18.00 10.00 0.00 0.00 0.00 0.00 0.00
102.00 29.00 36.00 85.00 150.00 49.00 65.00 0.09 4.56 0.00 2.00 0.00 8.00 12.00 21.00 17.00 18.00 11.00 0.00 0.00 0.00 1.00 0.00
103.00 33.00 36.00 96.00 166.00 60.00 70.00 0.07 3.75 2.00 2.00 1.00 10.00 16.00 23.00 17.00 20.00 13.00 0.00 0.00 0.00 0.00 0.00
104.00 28.00 34.00 80.00 145.00 46.00 65.00 0.09 4.15 0.00 1.00 0.00 5.00 12.00 23.00 16.00 20.00 8.00 0.00 0.00 1.00 0.00 0.00
105.00 36.00 41.00 98.00 182.00 57.00 84.00 0.09 4.45 0.00 2.00 0.00 11.00 21.00 25.00 15.00 26.00 10.00 0.00 0.00 0.00 0.00 0.00
106.00 34.00 44.00 96.00 175.00 52.00 79.00 0.09 3.93 1.00 1.00 1.00 6.00 15.00 28.00 19.00 25.00 9.00 0.00 0.00 1.00 0.00 0.00
107.00 38.00 61.00 120.00 193.00 59.00 73.00 0.07 3.84 1.00 2.00 0.50 9.00 19.00 29.00 19.00 25.00 13.00 0.00 0.00 0.00 0.00 0.00
108.00 31.00 38.00 89.00 163.00 51.00 74.00 0.09 4.32 1.00 1.00 1.00 8.00 13.00 23.00 18.00 19.00 12.00 0.00 0.00 0.00 0.00 0.00
109.00 23.00 23.00 64.00 123.00 41.00 59.00 0.06 4.81 1.00 1.00 1.00 6.00 12.00 17.00 11.00 15.00 8.00 0.00 0.00 0.00 0.00 0.00
110.00 34.00 51.00 103.00 158.00 52.00 55.00 0.09 4.53 2.00 3.00 0.67 9.00 12.00 25.00 22.00 20.00 14.00 0.00 0.00 0.00 0.00 0.00
111.00 28.00 36.00 84.00 147.00 48.00 63.00 0.07 4.65 2.00 3.00 0.67 7.00 10.00 21.00 18.00 16.00 12.00 0.00 0.00 0.00 0.00 0.00
112.00 27.00 31.00 74.00 134.00 43.00 60.00 0.08 4.29 1.00 3.00 0.33 6.00 14.00 21.00 13.00 17.00 10.00 0.00 0.00 0.00 0.00 0.00
113.00 39.00 47.00 119.00 202.00 72.00 83.00 0.09 4.25 2.00 1.00 2.00 8.00 19.00 31.00 20.00 27.00 12.00 0.00 0.00 0.00 0.00 0.00
114.00 34.00 46.00 99.00 172.00 53.00 73.00 0.08 4.71 1.00 1.00 1.00 9.00 16.00 25.00 18.00 20.00 14.00 0.00 0.00 0.00 0.00 0.00
115.00 40.00 52.00 116.00 202.00 64.00 86.00 0.08 4.59 2.00 1.00 2.00 10.00 19.00 30.00 21.00 25.00 15.00 0.00 0.00 1.00 0.00 0.00
116.00 38.00 55.00 111.00 193.00 56.00 82.00 0.09 4.85 2.00 2.00 1.00 9.00 22.00 29.00 16.00 27.00 11.00 0.00 0.00 1.00 0.00 0.00
117.00 38.00 44.00 107.00 198.00 63.00 91.00 0.09 4.32 2.00 2.00 1.00 6.00 18.00 32.00 20.00 26.00 12.00 0.00 0.00 0.00 0.00 0.00
118.00 30.00 32.00 86.00 146.00 54.00 60.00 0.10 4.68 1.00 3.00 0.33 6.00 17.00 24.00 13.00 20.00 10.00 0.00 0.00 0.00 0.00 0.00
119.00 26.00 32.00 74.00 128.00 42.00 54.00 0.08 4.98 1.00 2.00 0.50 6.00 11.00 20.00 15.00 18.00 8.00 0.00 0.00 0.00 0.00 0.00
120.00 38.00 42.00 106.00 189.00 64.00 83.00 0.08 4.83 0.00 2.00 0.00 12.00 20.00 26.00 18.00 27.00 11.00 0.00 0.00 0.00 0.00 0.00
121.00 42.00 51.00 119.00 207.00 68.00 88.00 0.08 4.46 0.00 2.00 0.00 12.00 19.00 30.00 23.00 28.00 14.00 0.00 0.00 0.00 0.00 0.00
122.00 34.00 49.00 103.00 183.00 54.00 80.00 0.09 4.85 0.00 2.00 0.00 6.00 17.00 28.00 17.00 21.00 13.00 0.00 0.00 0.00 0.00 0.00
123.00 36.00 45.00 106.00 186.00 61.00 80.00 0.07 4.99 0.00 1.00 0.00 9.00 18.00 27.00 18.00 26.00 10.00 0.00 0.00 0.00 0.00 0.00
124.00 31.00 37.00 95.00 164.00 58.00 69.00 0.08 4.64 0.00 1.00 0.00 5.00 10.00 26.00 21.00 14.00 17.00 0.00 0.00 0.00 0.00 0.00
125.00 42.00 51.00 121.00 216.00 70.00 95.00 0.08 4.85 1.00 3.00 0.33 7.00 23.00 35.00 19.00 28.00 14.00 0.00 0.00 1.00 0.00 0.00
126.00 37.00 52.00 103.00 183.00 51.00 80.00 0.09 4.88 0.00 4.00 0.00 7.00 16.00 30.00 21.00 21.00 16.00 0.00 0.00 0.00 0.00 1.00
127.00 35.00 45.00 96.00 172.00 51.00 76.00 0.07 4.69 0.00 3.00 0.00 9.00 18.00 26.00 17.00 23.00 12.00 0.00 0.00 1.00 0.00 1.00
128.00 45.00 48.00 114.00 226.00 66.00 112.00 0.08 4.67 0.00 5.00 0.00 12.00 20.00 33.00 25.00 28.00 17.00 0.00 0.00 1.00 0.00 2.00
129.00 44.00 59.00 128.00 217.00 69.00 89.00 0.10 4.52 0.00 4.00 0.00 16.00 20.00 28.00 24.00 30.00 14.00 0.00 0.00 0.00 0.00 0.00
130.00 40.00 56.00 121.00 200.00 65.00 79.00 0.09 4.62 0.00 4.00 0.00 11.00 20.00 29.00 20.00 24.00 16.00 1.00 0.00 0.00 0.00 0.00
131.00 35.00 39.00 102.00 180.00 63.00 78.00 0.09 4.62 1.00 2.00 0.50 9.00 18.00 26.00 17.00 23.00 12.00 1.00 0.00 1.00 0.00 0.00
132.00 41.00 52.00 121.00 207.00 69.00 86.00 0.08 4.80 0.00 3.00 0.00 6.00 14.00 35.00 27.00 21.00 20.00 0.00 0.00 0.00 1.00 0.00
133.00 39.00 41.00 114.00 200.00 73.00 86.00 0.08 4.77 1.00 2.00 0.50 11.00 19.00 28.00 20.00 28.00 11.00 0.00 0.00 0.00 0.00 0.00
134.00 34.00 31.00 88.00 171.00 57.00 83.00 0.08 4.55 0.00 1.00 0.00 11.00 18.00 23.00 16.00 24.00 10.00 0.00 0.00 0.00 0.00 0.00
135.00 37.00 44.00 109.00 192.00 65.00 83.00 0.09 4.86 0.00 2.00 0.00 8.00 21.00 29.00 16.00 28.00 9.00 0.00 0.00 0.00 0.00 1.00
136.00 33.00 36.00 94.00 179.00 58.00 85.00 0.08 4.79 0.00 2.00 0.00 7.00 15.00 26.00 18.00 18.00 15.00 0.00 0.00 2.00 0.00 0.00
137.00 35.00 38.00 103.00 179.00 65.00 76.00 0.07 4.62 0.00 2.00 0.00 5.00 19.00 30.00 16.00 25.00 10.00 0.00 0.00 0.00 1.00 1.00
138.00 40.00 46.00 123.00 213.00 77.00 90.00 0.09 4.32 1.00 3.00 0.33 6.00 16.00 34.00 24.00 23.00 17.00 0.00 0.00 1.00 0.00 0.00
139.00 43.00 54.00 127.00 217.00 73.00 90.00 0.09 4.80 0.00 4.00 0.00 14.00 24.00 29.00 19.00 31.00 12.00 0.00 0.00 1.00 0.00 0.00
140.00 41.00 50.00 127.00 220.00 77.00 93.00 0.08 4.76 0.00 3.00 0.00 14.00 19.00 27.00 22.00 27.00 14.00 0.00 0.00 2.00 0.00 1.00
141.00 42.00 38.00 119.00 214.00 81.00 95.00 0.08 4.68 0.00 3.00 0.00 11.00 21.00 31.00 21.00 29.00 13.00 0.00 0.00 2.00 0.00 0.00
142.00 47.00 66.00 141.00 238.00 75.00 97.00 0.08 4.46 0.00 3.00 0.00 9.00 18.00 38.00 29.00 31.00 16.00 1.00 0.00 3.00 0.00 1.00
143.00 40.00 62.00 130.00 209.00 68.00 79.00 0.08 4.77 0.00 5.00 0.00 6.00 14.00 34.00 26.00 24.00 16.00 0.00 0.00 2.00 0.00 0.00
144.00 46.00 59.00 132.00 232.00 73.00 100.00 0.07 5.19 0.00 4.00 0.00 15.00 27.00 31.00 19.00 31.00 15.00 0.00 0.00 2.00 0.00 0.00
145.00 41.00 55.00 122.00 202.00 67.00 80.00 0.09 4.61 0.00 3.00 0.00 9.00 19.00 32.00 22.00 24.00 17.00 0.00 0.00 1.00 0.00 0.00
146.00 50.00 79.00 153.00 245.00 74.00 92.00 0.07 4.84 1.00 3.00 0.33 14.00 22.00 36.00 28.00 31.00 19.00 0.00 0.00 1.00 0.00 0.00
147.00 50.00 69.00 148.00 245.00 79.00 97.00 0.08 4.78 1.00 3.00 0.33 12.00 25.00 38.00 25.00 28.00 22.00 0.00 0.00 1.00 0.00 0.00
148.00 42.00 54.00 126.00 225.00 72.00 99.00 0.08 4.81 1.00 3.00 0.33 8.00 19.00 34.00 23.00 28.00 14.00 0.00 0.00 3.00 0.00 0.00
149.00 45.00 66.00 139.00 227.00 73.00 88.00 0.10 4.99 1.00 4.00 0.25 14.00 21.00 31.00 24.00 27.00 18.00 0.00 0.00 2.00 0.00 0.00
150.00 47.00 56.00 143.00 245.00 87.00 102.00 0.08 4.70 1.00 3.00 0.33 17.00 22.00 30.00 25.00 26.00 21.00 0.00 0.00 1.00 0.00 0.00
151.00 41.00 55.00 120.00 220.00 65.00 100.00 0.10 4.51 1.00 4.00 0.25 9.00 19.00 32.00 22.00 26.00 15.00 0.00 0.00 1.00 0.00 0.00
152.00 51.00 67.00 155.00 263.00 88.00 108.00 0.09 4.70 1.00 3.00 0.33 13.00 18.00 38.00 33.00 26.00 25.00 0.00 0.00 1.00 0.00 0.00
153.00 44.00 73.00 142.00 229.00 69.00 87.00 0.08 4.71 1.00 4.00 0.25 9.00 19.00 35.00 25.00 28.00 16.00 0.00 0.00 1.00 0.00 0.00
154.00 46.00 56.00 140.00 235.00 84.00 95.00 0.07 4.70 1.00 3.00 0.33 14.00 26.00 32.00 20.00 30.00 16.00 0.00 0.00 0.00 0.00 0.00
155.00 41.00 48.00 119.00 209.00 71.00 90.00 0.07 4.82 1.00 6.00 0.17 9.00 14.00 32.00 27.00 20.00 21.00 1.00 0.00 0.00 1.00 0.00
156.00 56.00 57.00 151.00 294.00 94.00 143.00 0.10 5.12 1.00 4.00 0.25 13.00 22.00 43.00 34.00 37.00 19.00 0.00 0.00 1.00 0.00 0.00
157.00 49.00 74.00 155.00 251.00 81.00 96.00 0.08 4.83 1.00 4.00 0.25 13.00 19.00 36.00 30.00 27.00 22.00 0.00 0.00 1.00 0.00 0.00
158.00 47.00 69.00 145.00 245.00 76.00 100.00 0.09 4.69 1.00 6.00 0.17 10.00 19.00 37.00 28.00 27.00 20.00 0.00 0.00 1.00 0.00 0.00
159.00 52.00 67.00 156.00 266.00 89.00 110.00 0.08 4.74 1.00 5.00 0.20 13.00 26.00 39.00 26.00 33.00 19.00 0.00 0.00 2.00 0.00 0.00
160.00 50.00 69.00 153.00 259.00 84.00 106.00 0.07 4.60 1.00 6.00 0.17 13.00 28.00 37.00 22.00 33.00 17.00 0.00 0.00 1.00 0.00 0.00
161.00 51.00 79.00 149.00 254.00 70.00 105.00 0.09 4.75 1.00 5.00 0.20 10.00 23.00 41.00 28.00 30.00 21.00 0.00 1.00 2.00 1.00 0.00
162.00 42.00 55.00 124.00 212.00 69.00 88.00 0.09 4.43 1.00 3.00 0.33 16.00 23.00 26.00 19.00 31.00 11.00 0.00 0.00 0.00 0.00 0.00
163.00 45.00 69.00 137.00 236.00 68.00 99.00 0.07 4.38 1.00 4.00 0.25 9.00 20.00 36.00 25.00 25.00 20.00 0.00 0.00 0.00 0.00 0.00
164.00 41.00 56.00 125.00 213.00 69.00 88.00 0.09 4.53 1.00 5.00 0.20 8.00 22.00 33.00 19.00 28.00 13.00 0.00 0.00 0.00 1.00 0.00
165.00 45.00 54.00 139.00 247.00 85.00 108.00 0.08 4.46 1.00 5.00 0.20 7.00 16.00 38.00 29.00 27.00 18.00 0.00 0.00 1.00 1.00 0.00
166.00 49.00 68.00 144.00 254.00 76.00 110.00 0.08 4.32 1.00 3.00 0.33 15.00 26.00 34.00 23.00 34.00 15.00 0.00 0.00 1.00 1.00 0.00
167.00 36.00 51.00 113.00 181.00 62.00 68.00 0.08 5.03 1.00 5.00 0.20 9.00 15.00 27.00 21.00 19.00 17.00 0.00 0.00 0.00 0.00 0.00
168.00 46.00 79.00 144.00 229.00 65.00 85.00 0.08 4.77 1.00 4.00 0.25 9.00 19.00 37.00 27.00 30.00 16.00 0.00 0.00 0.00 1.00 0.00
169.00 39.00 61.00 120.00 203.00 59.00 83.00 0.08 4.57 1.00 6.00 0.17 12.00 18.00 27.00 21.00 23.00 16.00 0.00 0.00 0.00 1.00 0.00
170.00 44.00 71.00 138.00 223.00 67.00 85.00 0.08 4.64 1.00 4.00 0.25 6.00 15.00 38.00 29.00 21.00 23.00 0.00 0.00 1.00 1.00 0.00
171.00 45.00 52.00 139.00 231.00 87.00 92.00 0.09 4.48 1.00 5.00 0.20 8.00 17.00 37.00 28.00 27.00 18.00 0.00 0.00 0.00 2.00 0.00
172.00 49.00 65.00 154.00 258.00 89.00 104.00 0.07 4.91 0.00 6.00 0.00 9.00 17.00 40.00 32.00 32.00 17.00 0.00 0.00 1.00 1.00 0.00
173.00 50.00 84.00 153.00 259.00 69.00 106.00 0.09 4.72 1.00 3.00 0.33 7.00 14.00 43.00 36.00 23.00 27.00 1.00 0.00 1.00 1.00 0.00
174.00 48.00 83.00 162.00 247.00 79.00 85.00 0.09 4.31 2.00 4.00 0.50 10.00 18.00 38.00 30.00 27.00 21.00 0.00 0.00 1.00 0.00 0.00
175.00 46.00 71.00 140.00 247.00 69.00 107.00 0.09 4.58 4.00 5.00 0.80 8.00 18.00 38.00 28.00 31.00 15.00 0.00 0.00 1.00 0.00 0.00
176.00 49.00 74.00 151.00 253.00 77.00 102.00 0.09 4.49 2.00 4.00 0.50 9.00 21.00 40.00 28.00 29.00 20.00 0.00 0.00 3.00 1.00 0.00
177.00 50.00 72.00 153.00 265.00 81.00 112.00 0.11 4.62 3.00 5.00 0.60 10.00 15.00 40.00 35.00 26.00 24.00 0.00 0.00 1.00 1.00 0.00
178.00 43.00 63.00 130.00 234.00 67.00 104.00 0.09 4.67 2.00 5.00 0.40 4.00 13.00 39.00 30.00 23.00 20.00 0.00 0.00 0.00 1.00 0.00
179.00 49.00 69.00 148.00 245.00 79.00 97.00 0.07 4.81 1.00 5.00 0.20 12.00 20.00 37.00 29.00 29.00 20.00 0.00 0.00 0.00 1.00 0.00
180.00 36.00 53.00 112.00 187.00 59.00 75.00 0.09 4.77 2.00 6.00 0.33 9.00 13.00 27.00 23.00 15.00 21.00 0.00 0.00 0.00 0.00 0.00
181.00 41.00 60.00 134.00 218.00 74.00 84.00 0.07 4.41 2.00 5.00 0.40 11.00 19.00 30.00 22.00 27.00 14.00 0.00 0.00 1.00 0.00 0.00
182.00 39.00 56.00 117.00 199.00 61.00 82.00 0.08 4.72 1.00 4.00 0.25 14.00 18.00 25.00 21.00 22.00 17.00 0.00 0.00 0.00 0.00 0.00
183.00 39.00 52.00 110.00 204.00 58.00 94.00 0.08 4.45 1.00 4.00 0.25 7.00 19.00 32.00 20.00 28.00 11.00 0.00 1.00 0.00 0.00 0.00
184.00 36.00 44.00 107.00 191.00 63.00 84.00 0.08 4.81 1.00 5.00 0.20 6.00 15.00 30.00 21.00 22.00 14.00 0.00 0.00 0.00 0.00 0.00
185.00 39.00 56.00 116.00 196.00 60.00 80.00 0.10 5.32 2.00 3.00 0.67 8.00 15.00 31.00 24.00 23.00 16.00 0.00 0.00 0.00 0.00 0.00
186.00 44.00 65.00 130.00 220.00 65.00 90.00 0.08 4.36 1.00 5.00 0.20 12.00 19.00 32.00 25.00 23.00 21.00 0.00 0.00 0.00 0.00 0.00
187.00 44.00 73.00 140.00 237.00 67.00 97.00 0.09 4.44 1.00 4.00 0.25 9.00 18.00 35.00 26.00 26.00 18.00 0.00 0.00 0.00 0.00 0.00
188.00 43.00 60.00 124.00 210.00 64.00 86.00 0.09 5.00 1.00 2.00 0.50 11.00 22.00 32.00 21.00 28.00 15.00 0.00 0.00 0.00 0.00 0.00
189.00 38.00 54.00 115.00 207.00 61.00 92.00 0.09 4.24 1.00 2.00 0.50 7.00 14.00 31.00 24.00 21.00 17.00 0.00 0.00 0.00 0.00 1.00
190.00 37.00 53.00 111.00 195.00 58.00 84.00 0.09 4.51 2.00 3.00 0.67 7.00 14.00 30.00 23.00 19.00 18.00 0.00 0.00 0.00 0.00 0.00
191.00 35.00 47.00 112.00 181.00 65.00 69.00 0.07 4.91 2.00 3.00 0.67 5.00 11.00 30.00 24.00 18.00 17.00 0.00 0.00 0.00 0.00 0.00
192.00 40.00 62.00 133.00 214.00 71.00 81.00 0.08 4.54 2.00 2.00 1.00 9.00 15.00 31.00 25.00 20.00 20.00 0.00 0.00 0.00 0.00 0.00
193.00 39.00 52.00 111.00 199.00 59.00 88.00 0.08 5.11 1.00 2.00 0.50 6.00 14.00 33.00 25.00 20.00 19.00 0.00 0.00 0.00 0.00 0.00
194.00 40.00 68.00 133.00 210.00 65.00 77.00 0.08 4.82 2.00 2.00 1.00 15.00 25.00 25.00 15.00 27.00 13.00 1.00 0.00 0.00 0.00 1.00
195.00 41.00 69.00 133.00 206.00 64.00 73.00 0.08 4.72 2.00 3.00 0.67 10.00 18.00 31.00 23.00 27.00 14.00 1.00 0.00 0.00 0.00 0.00
196.00 41.00 50.00 125.00 206.00 75.00 81.00 0.08 4.59 2.00 3.00 0.67 12.00 22.00 29.00 19.00 30.00 11.00 0.00 0.00 0.00 0.00 0.00
197.00 34.00 43.00 104.00 177.00 61.00 73.00 0.07 4.81 3.00 3.00 1.00 6.00 10.00 28.00 24.00 14.00 20.00 0.00 0.00 1.00 0.00 0.00
198.00 40.00 62.00 126.00 208.00 64.00 82.00 0.10 4.72 3.00 3.00 1.00 6.00 12.00 34.00 28.00 24.00 16.00 0.00 0.00 0.00 0.00 0.00
199.00 38.00 47.00 112.00 192.00 65.00 80.00 0.09 4.79 3.00 3.00 1.00 12.00 16.00 26.00 22.00 28.00 10.00 0.00 0.00 0.00 1.00 0.00
200.00 38.00 50.00 101.00 177.00 51.00 76.00 0.09 4.49 2.00 3.00 0.67 9.00 21.00 29.00 17.00 25.00 13.00 0.00 0.00 0.00 0.00 0.00
201.00 40.00 51.00 120.00 205.00 69.00 85.00 0.08 4.38 3.00 2.00 1.50 8.00 20.00 32.00 20.00 24.00 16.00 1.00 0.00 0.00 0.00 0.00
202.00 36.00 51.00 117.00 187.00 66.00 70.00 0.09 4.61 3.00 2.00 1.50 7.00 13.00 29.00 23.00 22.00 14.00 0.00 0.00 0.00 0.00 0.00
203.00 39.00 54.00 129.00 211.00 75.00 82.00 0.09 4.73 4.00 3.00 1.33 7.00 15.00 32.00 24.00 22.00 17.00 1.00 0.00 0.00 0.00 0.00
204.00 35.00 49.00 108.00 186.00 59.00 78.00 0.09 4.78 3.00 3.00 1.00 8.00 11.00 27.00 24.00 16.00 19.00 0.00 0.00 0.00 0.00 0.00
205.00 37.00 42.00 103.00 191.00 61.00 88.00 0.08 5.15 3.00 2.00 1.50 10.00 15.00 27.00 22.00 21.00 16.00 0.00 0.00 0.00 0.00 1.00
206.00 35.00 57.00 120.00 184.00 63.00 64.00 0.10 5.11 3.00 3.00 1.00 5.00 13.00 30.00 22.00 20.00 15.00 0.00 0.00 0.00 0.00 1.00
207.00 36.00 50.00 111.00 190.00 61.00 79.00 0.10 4.88 3.00 3.00 1.00 8.00 12.00 28.00 24.00 19.00 17.00 0.00 0.00 0.00 0.00 1.00
208.00 35.00 41.00 91.00 174.00 50.00 83.00 0.09 5.03 2.00 2.00 1.00 7.00 18.00 28.00 17.00 22.00 13.00 0.00 0.00 0.00 0.00 0.00
209.00 35.00 46.00 97.00 180.00 51.00 83.00 0.08 5.35 1.00 4.00 0.25 5.00 17.00 30.00 18.00 22.00 13.00 0.00 0.00 0.00 0.00 1.00
210.00 31.00 30.00 81.00 156.00 51.00 75.00 0.09 4.99 1.00 2.00 0.50 6.00 14.00 25.00 17.00 19.00 12.00 0.00 0.00 0.00 0.00 0.00
211.00 36.00 59.00 108.00 183.00 49.00 75.00 0.10 4.91 3.00 2.00 1.50 11.00 18.00 25.00 18.00 22.00 14.00 0.00 0.00 0.00 1.00 0.00
212.00 31.00 29.00 95.00 157.00 66.00 62.00 0.08 4.85 1.00 1.00 1.00 6.00 15.00 25.00 16.00 18.00 13.00 0.00 0.00 0.00 0.00 0.00
213.00 34.00 54.00 110.00 175.00 56.00 65.00 0.09 4.82 2.00 2.00 1.00 6.00 16.00 28.00 18.00 23.00 11.00 0.00 0.00 0.00 0.00 0.00
214.00 33.00 55.00 102.00 166.00 47.00 64.00 0.07 4.93 3.00 3.00 1.00 13.00 21.00 20.00 12.00 27.00 6.00 0.00 0.00 0.00 0.00 0.00
215.00 30.00 46.00 91.00 156.00 45.00 65.00 0.09 5.03 2.00 1.00 2.00 7.00 15.00 23.00 15.00 19.00 11.00 0.00 0.00 1.00 0.00 0.00
216.00 33.00 40.00 101.00 167.00 61.00 66.00 0.09 4.62 1.00 2.00 0.50 10.00 12.00 23.00 21.00 21.00 12.00 0.00 0.00 1.00 1.00 0.00
217.00 30.00 35.00 82.00 153.00 47.00 71.00 0.08 4.60 2.00 2.00 1.00 6.00 11.00 24.00 19.00 20.00 10.00 0.00 0.00 0.00 1.00 0.00
218.00 32.00 36.00 95.00 167.00 59.00 72.00 0.10 4.36 2.00 2.00 1.00 8.00 17.00 24.00 15.00 23.00 9.00 0.00 0.00 1.00 1.00 1.00
219.00 31.00 41.00 96.00 165.00 55.00 69.00 0.08 4.41 2.00 1.00 2.00 5.00 15.00 26.00 16.00 19.00 12.00 0.00 0.00 0.00 1.00 0.00
220.00 32.00 40.00 95.00 163.00 55.00 68.00 0.08 4.58 2.00 1.00 2.00 7.00 14.00 25.00 18.00 19.00 13.00 0.00 0.00 0.00 0.00 0.00
221.00 37.00 62.00 120.00 198.00 58.00 78.00 0.09 4.40 2.00 2.00 1.00 7.00 14.00 30.00 23.00 21.00 16.00 0.00 0.00 1.00 0.00 0.00
222.00 38.00 63.00 124.00 195.00 61.00 71.00 0.09 4.67 2.00 3.00 0.67 9.00 19.00 29.00 19.00 22.00 16.00 0.00 0.00 0.00 0.00 0.00
223.00 30.00 37.00 90.00 163.00 53.00 73.00 0.09 5.07 1.00 3.00 0.33 4.00 10.00 26.00 20.00 13.00 17.00 0.00 0.00 0.00 0.00 0.00
224.00 28.00 35.00 80.00 138.00 45.00 58.00 0.08 4.71 1.00 2.00 0.50 5.00 14.00 23.00 14.00 16.00 12.00 0.00 0.00 0.00 0.00 0.00
225.00 35.00 48.00 114.00 189.00 66.00 75.00 0.09 4.96 1.00 2.00 0.50 10.00 18.00 25.00 17.00 21.00 14.00 0.00 0.00 0.00 0.00 0.00
226.00 38.00 56.00 107.00 195.00 51.00 88.00 0.08 4.67 1.00 3.00 0.33 10.00 18.00 28.00 20.00 23.00 15.00 0.00 0.00 1.00 0.00 0.00
227.00 34.00 31.00 88.00 179.00 57.00 91.00 0.08 4.80 0.00 3.00 0.00 7.00 15.00 27.00 19.00 19.00 15.00 0.00 0.00 0.00 0.00 0.00
228.00 42.00 64.00 131.00 211.00 67.00 80.00 0.08 4.60 1.00 5.00 0.20 11.00 17.00 31.00 25.00 27.00 15.00 0.00 0.00 0.00 0.00 0.00
229.00 37.00 49.00 116.00 192.00 67.00 76.00 0.08 4.82 1.00 5.00 0.20 10.00 18.00 27.00 19.00 23.00 14.00 0.00 0.00 0.00 0.00 0.00
230.00 38.00 50.00 124.00 200.00 74.00 76.00 0.09 4.92 1.00 4.00 0.25 9.00 16.00 29.00 22.00 20.00 18.00 0.00 0.00 1.00 0.00 0.00
231.00 37.00 55.00 121.00 195.00 66.00 74.00 0.08 4.89 1.00 3.00 0.33 7.00 9.00 30.00 28.00 22.00 15.00 1.00 0.00 0.00 0.00 0.00
232.00 40.00 44.00 117.00 216.00 73.00 99.00 0.09 4.76 1.00 2.00 0.50 11.00 16.00 29.00 24.00 25.00 15.00 0.00 0.00 0.00 0.00 0.00
233.00 37.00 46.00 109.00 201.00 63.00 92.00 0.09 4.90 1.00 1.00 1.00 9.00 16.00 28.00 21.00 25.00 12.00 1.00 0.00 0.00 0.00 0.00
234.00 37.00 49.00 111.00 188.00 62.00 77.00 0.08 4.94 1.00 2.00 0.50 8.00 17.00 29.00 20.00 23.00 14.00 1.00 0.00 0.00 0.00 0.00
235.00 39.00 59.00 119.00 194.00 60.00 75.00 0.09 5.09 1.00 1.00 1.00 12.00 20.00 27.00 19.00 29.00 10.00 0.00 0.00 0.00 0.00 0.00
236.00 35.00 48.00 108.00 176.00 60.00 68.00 0.09 5.11 1.00 3.00 0.33 7.00 15.00 28.00 20.00 22.00 13.00 1.00 0.00 1.00 0.00 0.00
237.00 30.00 30.00 89.00 156.00 59.00 67.00 0.09 4.80 2.00 3.00 0.67 6.00 11.00 24.00 19.00 19.00 11.00 0.00 0.00 0.00 0.00 0.00
238.00 45.00 63.00 127.00 230.00 64.00 103.00 0.09 4.96 2.00 2.00 1.00 14.00 27.00 31.00 18.00 33.00 12.00 2.00 0.00 0.00 0.00 0.00
239.00 45.00 56.00 121.00 222.00 65.00 101.00 0.07 4.92 1.00 2.00 0.50 9.00 15.00 36.00 30.00 26.00 19.00 1.00 0.00 0.00 0.00 0.00
240.00 36.00 50.00 105.00 190.00 55.00 85.00 0.08 4.81 1.00 2.00 0.50 9.00 19.00 27.00 17.00 24.00 12.00 1.00 0.00 2.00 0.00 0.00
241.00 40.00 44.00 108.00 196.00 64.00 88.00 0.09 4.98 2.00 1.00 2.00 10.00 16.00 30.00 24.00 21.00 19.00 1.00 0.00 0.00 0.00 0.00
242.00 45.00 68.00 124.00 213.00 56.00 89.00 0.07 4.98 1.00 4.00 0.25 10.00 17.00 35.00 28.00 26.00 19.00 1.00 0.00 0.00 0.00 0.00
243.00 40.00 55.00 127.00 211.00 72.00 84.00 0.07 5.31 1.00 1.00 1.00 9.00 14.00 31.00 26.00 21.00 19.00 0.00 0.00 0.00 1.00 0.00
244.00 34.00 36.00 96.00 178.00 60.00 82.00 0.10 5.16 1.00 2.00 0.50 9.00 21.00 25.00 13.00 26.00 8.00 1.00 0.00 0.00 0.00 0.00
245.00 35.00 44.00 101.00 185.00 57.00 84.00 0.07 4.91 1.00 2.00 0.50 4.00 7.00 31.00 28.00 22.00 13.00 1.00 0.00 0.00 0.00 0.00
246.00 27.00 27.00 81.00 152.00 54.00 71.00 0.11 5.16 1.00 2.00 0.50 5.00 11.00 22.00 16.00 17.00 10.00 0.00 0.00 0.00 0.00 0.00
247.00 31.00 43.00 92.00 159.00 49.00 67.00 0.07 4.95 1.00 1.00 1.00 6.00 12.00 25.00 19.00 16.00 15.00 0.00 0.00 0.00 1.00 0.00
248.00 34.00 40.00 107.00 184.00 67.00 77.00 0.08 5.02 2.00 3.00 0.67 7.00 13.00 27.00 21.00 18.00 16.00 1.00 0.00 0.00 1.00 0.00
249.00 27.00 29.00 83.00 150.00 54.00 67.00 0.08 5.16 1.00 3.00 0.33 4.00 9.00 23.00 18.00 11.00 16.00 2.00 0.00 0.00 0.00 0.00
250.00 28.00 30.00 84.00 147.00 54.00 63.00 0.08 4.95 1.00 2.00 0.50 7.00 12.00 21.00 16.00 14.00 14.00 1.00 0.00 2.00 0.00 0.00
251.00 38.00 54.00 114.00 197.00 60.00 83.00 0.07 4.86 1.00 2.00 0.50 6.00 10.00 32.00 28.00 19.00 19.00 1.00 0.00 0.00 0.00 1.00
252.00 31.00 40.00 95.00 157.00 55.00 62.00 0.08 4.65 1.00 2.00 0.50 7.00 15.00 24.00 16.00 23.00 8.00 0.00 0.00 0.00 0.00 0.00
253.00 27.00 33.00 80.00 138.00 47.00 58.00 0.10 4.90 1.00 2.00 0.50 7.00 13.00 20.00 14.00 19.00 8.00 0.00 0.00 0.00 0.00 0.00
254.00 32.00 31.00 86.00 165.00 55.00 79.00 0.08 4.85 1.00 0.00 0.00 10.00 15.00 22.00 17.00 20.00 12.00 0.00 0.00 0.00 0.00 0.00
255.00 31.00 41.00 99.00 164.00 58.00 65.00 0.10 5.02 2.00 2.00 1.00 4.00 12.00 27.00 19.00 14.00 17.00 1.00 0.00 0.00 1.00 0.00
256.00 25.00 17.00 63.00 131.00 46.00 68.00 0.08 4.74 2.00 2.00 1.00 8.00 11.00 17.00 14.00 19.00 6.00 0.00 0.00 0.00 0.00 0.00
257.00 36.00 43.00 104.00 188.00 61.00 84.00 0.09 4.94 2.00 1.00 2.00 7.00 14.00 29.00 22.00 21.00 15.00 0.00 0.00 0.00 0.00 0.00
258.00 33.00 40.00 95.00 167.00 55.00 72.00 0.07 4.86 1.00 1.00 1.00 8.00 17.00 25.00 16.00 23.00 10.00 1.00 0.00 0.00 1.00 0.00
259.00 32.00 31.00 77.00 158.00 46.00 81.00 0.08 4.73 0.00 2.00 0.00 10.00 16.00 22.00 16.00 20.00 12.00 1.00 0.00 0.00 0.00 0.00
260.00 29.00 33.00 84.00 145.00 51.00 61.00 0.07 4.95 1.00 2.00 0.50 6.00 13.00 23.00 16.00 16.00 13.00 2.00 0.00 0.00 0.00 0.00
261.00 26.00 35.00 71.00 135.00 36.00 64.00 0.10 4.89 2.00 1.00 2.00 4.00 12.00 22.00 14.00 15.00 11.00 1.00 0.00 1.00 0.00 0.00
262.00 26.00 25.00 68.00 137.00 43.00 69.00 0.08 4.28 2.00 2.00 1.00 7.00 17.00 19.00 9.00 21.00 5.00 0.00 0.00 0.00 0.00 0.00
263.00 28.00 29.00 82.00 149.00 53.00 67.00 0.08 4.44 1.00 2.00 0.50 3.00 8.00 25.00 20.00 18.00 10.00 0.00 0.00 0.00 0.00 0.00
264.00 28.00 36.00 78.00 140.00 42.00 62.00 0.07 4.63 2.00 2.00 1.00 9.00 14.00 19.00 14.00 19.00 9.00 1.00 0.00 0.00 1.00 0.00
265.00 32.00 33.00 82.00 161.00 49.00 79.00 0.09 4.57 1.00 2.00 0.50 8.00 11.00 24.00 21.00 17.00 15.00 1.00 0.00 0.00 0.00 0.00
266.00 27.00 22.00 73.00 138.00 51.00 65.00 0.08 4.75 2.00 2.00 1.00 6.00 12.00 21.00 15.00 16.00 11.00 1.00 0.00 0.00 0.00 0.00
267.00 28.00 31.00 76.00 141.00 45.00 65.00 0.07 4.72 2.00 1.00 2.00 8.00 15.00 20.00 13.00 18.00 10.00 1.00 0.00 0.00 0.00 0.00
268.00 24.00 28.00 69.00 126.00 41.00 57.00 0.09 4.72 2.00 3.00 0.67 8.00 15.00 16.00 9.00 18.00 6.00 0.00 0.00 0.00 0.00 0.00
269.00 29.00 28.00 70.00 144.00 42.00 74.00 0.08 4.76 2.00 1.00 2.00 9.00 16.00 20.00 13.00 17.00 12.00 1.00 0.00 0.00 0.00 0.00
270.00 27.00 28.00 78.00 144.00 50.00 66.00 0.09 4.86 2.00 1.00 2.00 6.00 12.00 21.00 15.00 17.00 10.00 0.00 0.00 0.00 0.00 0.00
271.00 27.00 27.00 74.00 140.00 47.00 66.00 0.09 4.67 2.00 1.00 2.00 6.00 13.00 21.00 14.00 17.00 10.00 0.00 0.00 0.00 1.00 0.00
272.00 24.00 27.00 76.00 129.00 49.00 53.00 0.09 4.50 2.00 1.00 2.00 4.00 7.00 20.00 17.00 9.00 15.00 0.00 0.00 0.00 0.00 0.00
273.00 19.00 16.00 45.00 98.00 29.00 53.00 0.09 5.13 1.00 0.00 0.00 7.00 10.00 12.00 9.00 14.00 5.00 0.00 0.00 0.00 0.00 0.00
274.00 29.00 24.00 83.00 150.00 59.00 67.00 0.09 4.03 1.00 0.00 0.00 5.00 11.00 24.00 18.00 15.00 14.00 0.00 0.00 1.00 0.00 0.00
275.00 22.00 10.00 49.00 108.00 39.00 59.00 0.08 3.96 1.00 0.00 0.00 6.00 13.00 16.00 9.00 16.00 6.00 0.00 0.00 1.00 0.00 0.00
276.00 31.00 28.00 77.00 161.00 49.00 84.00 0.10 4.58 1.00 0.00 0.00 7.00 16.00 24.00 15.00 22.00 9.00 0.00 0.00 1.00 1.00 0.00
277.00 26.00 24.00 57.00 119.00 33.00 62.00 0.09 4.08 2.00 0.00 0.00 6.00 12.00 20.00 14.00 14.00 12.00 0.00 0.00 1.00 1.00 0.00
278.00 32.00 31.00 92.00 160.00 61.00 68.00 0.08 4.46 1.00 0.00 0.00 14.00 17.00 18.00 15.00 21.00 11.00 0.00 0.00 1.00 1.00 0.00
279.00 19.00 15.00 47.00 96.00 32.00 49.00 0.09 1.96 0.00 0.00 0.00 6.00 10.00 13.00 9.00 12.00 7.00 0.00 0.00 0.00 0.00 0.00
280.00 27.00 22.00 64.00 140.00 42.00 76.00 0.08 4.57 0.00 0.00 0.00 9.00 15.00 18.00 12.00 17.00 10.00 0.00 0.00 1.00 0.00 0.00
281.00 21.00 15.00 50.00 111.00 35.00 61.00 0.10 4.84 0.00 0.00 0.00 3.00 11.00 18.00 10.00 14.00 7.00 0.00 0.00 1.00 0.00 0.00
282.00 23.00 24.00 62.00 118.00 38.00 56.00 0.09 3.92 0.00 0.00 0.00 5.00 10.00 18.00 13.00 15.00 8.00 0.00 0.00 0.00 0.00 0.00
283.00 29.00 23.00 62.00 138.00 39.00 76.00 0.10 4.81 0.00 0.00 0.00 12.00 18.00 17.00 11.00 22.00 7.00 0.00 0.00 1.00 1.00 0.00
284.00 28.00 30.00 76.00 140.00 46.00 64.00 0.09 4.63 0.00 0.00 0.00 7.00 13.00 21.00 15.00 19.00 9.00 0.00 0.00 0.00 0.00 0.00
285.00 27.00 18.00 66.00 144.00 48.00 78.00 0.08 4.54 0.00 0.00 0.00 6.00 12.00 21.00 15.00 14.00 13.00 0.00 0.00 0.00 1.00 0.00
286.00 15.00 6.00 29.00 74.00 23.00 45.00 0.09 3.83 0.00 0.00 0.00 5.00 9.00 10.00 6.00 13.00 2.00 0.00 0.00 0.00 2.00 0.00
287.00 24.00 8.00 43.00 121.00 35.00 78.00 0.09 4.02 0.00 0.00 0.00 6.00 13.00 18.00 11.00 18.00 6.00 0.00 0.00 0.00 1.00 1.00
288.00 19.00 18.00 54.00 103.00 36.00 49.00 0.09 4.19 0.00 0.00 0.00 5.00 10.00 14.00 9.00 13.00 6.00 0.00 0.00 0.00 1.00 0.00
289.00 25.00 15.00 62.00 122.00 47.00 60.00 0.07 4.25 0.00 1.00 0.00 6.00 12.00 19.00 13.00 17.00 8.00 0.00 0.00 0.00 0.00 0.00
290.00 25.00 23.00 69.00 131.00 46.00 62.00 0.08 4.69 0.00 0.00 0.00 7.00 11.00 18.00 14.00 15.00 10.00 1.00 0.00 0.00 0.00 0.00
291.00 22.00 27.00 61.00 113.00 34.00 52.00 0.09 4.58 0.00 1.00 0.00 2.00 7.00 20.00 15.00 13.00 9.00 1.00 0.00 0.00 0.00 0.00
292.00 22.00 21.00 55.00 105.00 34.00 50.00 0.07 4.39 0.00 0.00 0.00 5.00 12.00 17.00 10.00 15.00 7.00 0.00 0.00 0.00 0.00 0.00
293.00 20.00 16.00 45.00 89.00 29.00 44.00 0.09 3.64 0.00 1.00 0.00 4.00 9.00 16.00 11.00 11.00 9.00 0.00 0.00 0.00 0.00 0.00
294.00 27.00 23.00 63.00 130.00 40.00 67.00 0.09 4.03 0.00 0.00 0.00 6.00 13.00 21.00 14.00 18.00 9.00 1.00 0.00 0.00 0.00 0.00
295.00 18.00 6.00 33.00 90.00 27.00 57.00 0.09 4.35 0.00 1.00 0.00 8.00 11.00 10.00 7.00 14.00 4.00 1.00 0.00 0.00 0.00 0.00
296.00 21.00 17.00 50.00 106.00 33.00 56.00 0.08 4.55 0.00 0.00 0.00 4.00 12.00 17.00 9.00 17.00 4.00 0.00 0.00 0.00 0.00 0.00
297.00 17.00 7.00 36.00 86.00 29.00 50.00 0.09 4.44 0.00 0.00 0.00 6.00 10.00 11.00 7.00 13.00 4.00 1.00 0.00 0.00 1.00 0.00
298.00 18.00 17.00 42.00 85.00 25.00 43.00 0.09 2.17 0.00 1.00 0.00 5.00 8.00 13.00 10.00 11.00 7.00 0.00 0.00 0.00 0.00 0.00
299.00 12.00 8.00 22.00 56.00 14.00 34.00 0.09 3.57 0.00 0.00 0.00 5.00 8.00 7.00 4.00 9.00 3.00 1.00 0.00 1.00 0.00 0.00
300.00 14.00 12.00 32.00 68.00 20.00 36.00 0.08 2.57 0.00 0.00 0.00 6.00 7.00 8.00 7.00 11.00 3.00 1.00 0.00 0.00 0.00 0.00
301.00 19.00 14.00 50.00 93.00 36.00 43.00 0.09 2.12 0.00 0.00 0.00 7.00 11.00 12.00 8.00 16.00 3.00 1.00 0.00 1.00 0.00 0.00
302.00 15.00 11.00 34.00 76.00 23.00 42.00 0.09 3.15 0.00 0.00 0.00 4.00 8.00 11.00 7.00 11.00 4.00 0.00 0.00 1.00 0.00 0.00
303.00 18.00 11.00 39.00 88.00 28.00 49.00 0.07 2.46 0.00 0.00 0.00 8.00 11.00 10.00 7.00 11.00 7.00 0.00 0.00 0.00 0.00 0.00
304.00 19.00 16.00 45.00 99.00 29.00 54.00 0.09 3.92 0.00 0.00 0.00 4.00 9.00 15.00 10.00 12.00 7.00 0.00 0.00 1.00 0.00 0.00
305.00 18.00 13.00 41.00 89.00 28.00 48.00 0.07 2.16 0.00 0.00 0.00 4.00 13.00 14.00 5.00 13.00 5.00 0.00 0.00 1.00 0.00 0.00
306.00 17.00 15.00 39.00 80.00 24.00 41.00 0.08 4.05 0.00 1.00 0.00 3.00 10.00 14.00 7.00 14.00 3.00 0.00 0.00 0.00 0.00 0.00
307.00 18.00 10.00 37.00 87.00 27.00 50.00 0.09 2.22 0.00 0.00 0.00 8.00 9.00 10.00 9.00 13.00 5.00 0.00 0.00 0.00 0.00 0.00
308.00 20.00 17.00 47.00 95.00 30.00 48.00 0.09 2.70 0.00 0.00 0.00 7.00 11.00 13.00 9.00 17.00 3.00 0.00 0.00 0.00 0.00 0.00
309.00 7.00 1.00 6.00 31.00 5.00 25.00 0.08 0.40 0.00 0.00 0.00 3.00 6.00 4.00 1.00 7.00 0.00 0.00 0.00 0.00 0.00 0.00
310.00 10.00 7.00 19.00 44.00 12.00 25.00 0.10 1.92 0.00 0.00 0.00 4.00 6.00 6.00 4.00 8.00 2.00 0.00 0.00 1.00 0.00 0.00
311.00 12.00 5.00 22.00 52.00 17.00 30.00 0.08 1.52 0.00 0.00 0.00 2.00 5.00 10.00 7.00 10.00 2.00 0.00 0.00 0.00 0.00 0.00
312.00 6.00 0.00 5.00 23.00 5.00 18.00 0.08 2.77 0.00 0.00 0.00 2.00 4.00 4.00 2.00 6.00 0.00 0.00 0.00 0.00 0.00 0.00
313.00 12.00 9.00 27.00 60.00 18.00 33.00 0.08 4.55 0.00 0.00 0.00 2.00 5.00 10.00 7.00 9.00 3.00 0.00 0.00 0.00 0.00 0.00
314.00 6.00 3.00 10.00 26.00 7.00 16.00 0.07 4.66 0.00 0.00 0.00 1.00 3.00 5.00 3.00 6.00 0.00 0.00 0.00 0.00 0.00 0.00
315.00 12.00 10.00 27.00 56.00 17.00 29.00 0.08 3.69 0.00 0.00 0.00 4.00 7.00 8.00 5.00 10.00 2.00 0.00 0.00 0.00 0.00 0.00
316.00 7.00 0.00 2.00 16.00 2.00 14.00 0.08 0.23 0.00 0.00 0.00 2.00 7.00 5.00 0.00 7.00 0.00 0.00 0.00 1.00 0.00 0.00
317.00 4.00 0.00 0.00 6.00 0.00 6.00 0.07 0.20 0.00 0.00 0.00 2.00 4.00 2.00 0.00 4.00 0.00 0.00 0.00 0.00 0.00 0.00
