0.00 3.00 0.00 0.00 5.00 0.00 5.00 0.08 0.26 0.00 0.00 0.00 2.00 3.00 1.00 0.00 3.00 0.00 0.00 0.00 0.00 0.00 0.00
1.00 5.00 0.00 1.00 13.00 1.00 12.00 0.09 0.45 0.00 0.00 0.00 2.00 5.00 3.00 0.00 5.00 0.00 0.00 0.00 0.00 0.00 0.00
2.00 4.00 0.00 4.00 18.00 4.00 14.00 0.09 0.28 0.00 0.00 0.00 3.00 3.00 1.00 1.00 4.00 0.00 0.00 0.00 0.00 0.00 0.00
3.00 3.00 0.00 0.00 9.00 0.00 9.00 0.08 0.36 0.00 0.00 0.00 2.00 3.00 1.00 0.00 3.00 0.00 0.00 0.00 0.00 0.00 0.00
4.00 11.00 4.00 16.00 44.00 12.00 28.00 0.07 0.56 0.00 0.00 0.00 4.00 9.00 7.00 2.00 11.00 0.00 0.00 0.00 0.00 0.00 0.00
5.00 10.00 4.00 19.00 48.00 15.00 29.00 0.08 0.45 0.00 0.00 0.00 4.00 7.00 6.00 3.00 9.00 1.00 0.00 0.00 0.00 0.00 0.00
6.00 8.00 6.00 16.00 36.00 10.00 20.00 0.08 0.36 0.00 1.00 0.00 4.00 6.00 4.00 2.00 7.00 1.00 0.00 0.00 0.00 0.00 0.00
7.00 10.00 5.00 18.00 46.00 13.00 28.00 0.07 0.50 0.00 1.00 0.00 4.00 5.00 6.00 5.00 6.00 4.00 0.00 0.00 0.00 0.00 0.00
8.00 4.00 0.00 0.00 9.00 0.00 9.00 0.09 0.20 0.00 0.00 0.00 2.00 4.00 2.00 0.00 4.00 0.00 0.00 0.00 0.00 0.00 0.00
9.00 4.00 0.00 3.00 14.00 3.00 11.00 0.10 0.26 0.00 1.00 0.00 2.00 4.00 2.00 0.00 4.00 0.00 0.00 0.00 0.00 0.00 0.00
10.00 12.00 8.00 28.00 58.00 20.00 30.00 0.08 0.51 0.00 1.00 0.00 4.00 10.00 8.00 2.00 11.00 1.00 0.00 0.00 0.00 0.00 0.00
11.00 9.00 3.00 17.00 44.00 14.00 27.00 0.08 0.46 0.00 1.00 0.00 3.00 3.00 6.00 6.00 7.00 2.00 0.00 0.00 0.00 0.00 0.00
12.00 10.00 7.00 21.00 51.00 14.00 30.00 0.09 0.48 0.00 1.00 0.00 3.00 5.00 7.00 5.00 8.00 2.00 0.00 0.00 0.00 0.00 0.00
13.00 9.00 7.00 19.00 40.00 12.00 21.00 0.08 0.35 0.00 1.00 0.00 3.00 6.00 6.00 3.00 8.00 1.00 0.00 0.00 0.00 0.00 0.00
14.00 11.00 6.00 24.00 50.00 18.00 26.00 0.08 0.44 0.00 1.00 0.00 1.00 5.00 10.00 6.00 8.00 3.00 0.00 0.00 0.00 0.00 0.00
15.00 12.00 13.00 31.00 60.00 18.00 29.00 0.10 0.40 0.00 0.00 0.00 2.00 4.00 10.00 8.00 8.00 4.00 0.00 0.00 0.00 0.00 0.00
16.00 13.00 13.00 33.00 67.00 20.00 34.00 0.09 0.44 0.00 1.00 0.00 2.00 4.00 11.00 9.00 8.00 5.00 0.00 0.00 0.00 0.00 0.00
17.00 13.00 14.00 35.00 63.00 21.00 28.00 0.10 0.48 0.00 1.00 0.00 3.00 10.00 10.00 3.00 10.00 3.00 0.00 0.00 0.00 0.00 0.00
18.00 12.00 10.00 29.00 58.00 19.00 29.00 0.09 0.46 0.00 1.00 0.00 2.00 9.00 10.00 3.00 10.00 2.00 0.00 0.00 0.00 0.00 0.00
19.00 11.00 11.00 25.00 53.00 14.00 28.00 0.10 0.40 0.00 1.00 0.00 5.00 6.00 6.00 5.00 9.00 2.00 0.00 0.00 0.00 0.00 0.00
20.00 14.00 14.00 32.00 63.00 18.00 31.00 0.08 0.57 0.00 1.00 0.00 3.00 5.00 11.00 9.00 10.00 4.00 0.00 0.00 0.00 0.00 0.00
21.00 16.00 16.00 36.00 77.00 20.00 41.00 0.09 0.61 0.00 1.00 0.00 4.00 9.00 12.00 7.00 11.00 5.00 0.00 0.00 0.00 0.00 0.00
22.00 13.00 10.00 30.00 60.00 20.00 30.00 0.08 0.47 0.00 1.00 0.00 3.00 6.00 10.00 7.00 8.00 5.00 0.00 0.00 0.00 0.00 0.00
23.00 14.00 14.00 33.00 68.00 19.00 35.00 0.09 0.42 0.00 1.00 0.00 1.00 5.00 13.00 9.00 8.00 6.00 0.00 0.00 0.00 0.00 0.00
24.00 16.00 13.00 41.00 73.00 28.00 32.00 0.09 0.54 0.00 1.00 0.00 6.00 8.00 10.00 8.00 14.00 2.00 0.00 0.00 0.00 0.00 0.00
25.00 16.00 16.00 36.00 75.00 20.00 39.00 0.09 0.61 0.00 1.00 0.00 7.00 10.00 9.00 6.00 13.00 3.00 0.00 0.00 0.00 0.00 0.00
26.00 17.00 22.00 44.00 74.00 22.00 30.00 0.09 0.67 0.00 1.00 0.00 4.00 8.00 13.00 9.00 12.00 5.00 0.00 0.00 0.00 0.00 0.00
27.00 15.00 10.00 32.00 72.00 22.00 40.00 0.08 0.60 0.00 2.00 0.00 6.00 10.00 9.00 5.00 12.00 3.00 0.00 0.00 0.00 0.00 0.00
28.00 16.00 21.00 43.00 77.00 22.00 34.00 0.07 0.59 0.00 2.00 0.00 4.00 6.00 12.00 10.00 9.00 7.00 0.00 0.00 0.00 0.00 0.00
29.00 17.00 21.00 43.00 76.00 22.00 33.00 0.10 0.53 0.00 2.00 0.00 5.00 9.00 12.00 8.00 12.00 5.00 0.00 0.00 0.00 0.00 0.00
30.00 16.00 14.00 34.00 73.00 20.00 39.00 0.09 0.82 0.00 1.00 0.00 6.00 13.00 10.00 3.00 14.00 2.00 0.00 0.00 0.00 0.00 0.00
31.00 17.00 12.00 35.00 76.00 23.00 41.00 0.10 0.66 0.00 1.00 0.00 7.00 8.00 10.00 9.00 12.00 5.00 0.00 0.00 0.00 0.00 0.00
32.00 16.00 12.00 39.00 76.00 27.00 37.00 0.09 0.77 0.00 0.00 0.00 7.00 8.00 9.00 8.00 9.00 7.00 0.00 0.00 0.00 0.00 0.00
33.00 15.00 14.00 35.00 72.00 21.00 37.00 0.08 0.63 0.00 1.00 0.00 6.00 10.00 9.00 5.00 14.00 1.00 0.00 0.00 0.00 0.00 0.00
34.00 14.00 16.00 35.00 68.00 19.00 33.00 0.09 0.61 0.00 1.00 0.00 5.00 9.00 9.00 5.00 9.00 5.00 0.00 0.00 0.00 0.00 0.00
35.00 18.00 20.00 41.00 79.00 21.00 38.00 0.07 0.66 0.00 1.00 0.00 7.00 10.00 11.00 8.00 15.00 3.00 0.00 0.00 0.00 0.00 0.00
36.00 11.00 8.00 25.00 52.00 17.00 27.00 0.09 0.39 0.00 1.00 0.00 5.00 6.00 6.00 5.00 8.00 3.00 1.00 0.00 0.00 0.00 0.00
37.00 18.00 24.00 45.00 89.00 21.00 44.00 0.08 0.62 0.00 1.00 0.00 6.00 10.00 12.00 8.00 11.00 7.00 0.00 0.00 0.00 0.00 0.00
38.00 10.00 2.00 11.00 44.00 9.00 33.00 0.08 0.58 0.00 1.00 0.00 3.00 6.00 7.00 4.00 9.00 1.00 0.00 0.00 0.00 0.00 0.00
39.00 15.00 20.00 41.00 74.00 21.00 33.00 0.08 0.42 0.00 1.00 0.00 7.00 7.00 8.00 8.00 9.00 6.00 0.00 0.00 0.00 0.00 0.00
40.00 18.00 23.00 46.00 87.00 23.00 41.00 0.08 0.69 0.00 1.00 0.00 6.00 11.00 12.00 7.00 13.00 5.00 0.00 0.00 0.00 0.00 0.00
41.00 21.00 27.00 51.00 104.00 24.00 53.00 0.09 0.99 0.00 1.00 0.00 4.00 8.00 17.00 13.00 16.00 5.00 0.00 1.00 0.00 0.00 0.00
42.00 15.00 11.00 33.00 74.00 22.00 41.00 0.09 0.89 0.00 1.00 0.00 1.00 8.00 14.00 7.00 12.00 3.00 0.00 0.00 0.00 0.00 0.00
43.00 15.00 15.00 39.00 75.00 24.00 36.00 0.09 0.47 0.00 1.00 0.00 5.00 11.00 10.00 4.00 13.00 2.00 0.00 0.00 0.00 0.00 0.00
44.00 24.00 28.00 61.00 118.00 33.00 57.00 0.09 1.06 0.00 2.00 0.00 5.00 9.00 19.00 15.00 16.00 8.00 0.00 0.00 0.00 0.00 0.00
45.00 20.00 13.00 41.00 87.00 28.00 46.00 0.09 0.99 0.00 1.00 0.00 5.00 11.00 15.00 9.00 14.00 6.00 0.00 0.00 0.00 0.00 0.00
46.00 22.00 23.00 64.00 115.00 41.00 51.00 0.10 0.86 0.00 2.00 0.00 2.00 10.00 20.00 12.00 15.00 7.00 0.00 0.00 0.00 0.00 0.00
47.00 23.00 28.00 62.00 119.00 34.00 57.00 0.09 0.82 0.00 2.00 0.00 4.00 10.00 19.00 13.00 13.00 10.00 0.00 0.00 0.00 0.00 0.00
48.00 26.00 22.00 60.00 123.00 38.00 63.00 0.09 1.18 0.00 1.00 0.00 10.00 16.00 16.00 10.00 21.00 5.00 0.00 0.00 0.00 0.00 0.00
49.00 29.00 29.00 75.00 136.00 46.00 61.00 0.08 1.30 0.00 1.00 0.00 6.00 14.00 23.00 15.00 19.00 10.00 0.00 0.00 0.00 0.00 0.00
50.00 22.00 21.00 57.00 116.00 36.00 59.00 0.09 0.90 0.00 1.00 0.00 2.00 11.00 20.00 11.00 16.00 6.00 0.00 0.00 0.00 0.00 0.00
51.00 24.00 28.00 64.00 125.00 36.00 61.00 0.08 0.86 0.00 1.00 0.00 6.00 13.00 18.00 11.00 16.00 8.00 1.00 0.00 0.00 0.00 0.00
52.00 20.00 14.00 49.00 102.00 35.00 53.00 0.09 0.68 0.00 1.00 0.00 3.00 9.00 17.00 11.00 12.00 8.00 1.00 0.00 0.00 0.00 0.00
53.00 27.00 31.00 71.00 137.00 40.00 66.00 0.09 0.97 0.00 3.00 0.00 10.00 15.00 17.00 12.00 17.00 10.00 1.00 0.00 0.00 0.00 0.00
54.00 18.00 23.00 46.00 86.00 23.00 40.00 0.09 0.54 0.00 2.00 0.00 4.00 10.00 14.00 8.00 15.00 3.00 0.00 0.00 0.00 0.00 0.00
55.00 26.00 18.00 60.00 128.00 42.00 68.00 0.09 1.03 1.00 1.00 1.00 10.00 16.00 16.00 10.00 18.00 8.00 1.00 0.00 0.00 0.00 0.00
56.00 25.00 28.00 62.00 122.00 34.00 60.00 0.08 0.85 0.00 1.00 0.00 9.00 12.00 16.00 13.00 17.00 8.00 0.00 0.00 0.00 0.00 0.00
57.00 27.00 28.00 65.00 133.00 37.00 68.00 0.07 1.05 0.00 2.00 0.00 8.00 15.00 19.00 12.00 18.00 9.00 1.00 0.00 0.00 0.00 0.00
58.00 15.00 14.00 38.00 72.00 24.00 34.00 0.08 0.42 0.00 3.00 0.00 4.00 7.00 11.00 8.00 11.00 4.00 1.00 0.00 0.00 0.00 0.00
59.00 22.00 24.00 58.00 109.00 34.00 51.00 0.07 0.77 0.00 2.00 0.00 5.00 8.00 17.00 14.00 12.00 10.00 0.00 0.00 0.00 0.00 0.00
60.00 17.00 10.00 36.00 81.00 26.00 45.00 0.08 0.63 0.00 1.00 0.00 3.00 11.00 14.00 6.00 13.00 4.00 0.00 0.00 0.00 0.00 1.00
61.00 14.00 14.00 34.00 60.00 20.00 26.00 0.08 0.51 0.00 0.00 0.00 7.00 11.00 7.00 3.00 12.00 2.00 0.00 0.00 0.00 0.00 0.00
62.00 19.00 12.00 39.00 89.00 27.00 50.00 0.10 0.88 0.00 2.00 0.00 6.00 12.00 13.00 7.00 16.00 3.00 0.00 0.00 0.00 0.00 0.00
63.00 23.00 28.00 60.00 114.00 32.00 54.00 0.09 0.79 0.00 2.00 0.00 3.00 9.00 20.00 14.00 15.00 8.00 0.00 0.00 0.00 0.00 0.00
64.00 14.00 3.00 19.00 66.00 16.00 47.00 0.09 0.79 0.00 0.00 0.00 4.00 8.00 10.00 6.00 10.00 4.00 0.00 0.00 0.00 0.00 0.00
65.00 22.00 30.00 56.00 103.00 26.00 47.00 0.09 0.66 1.00 2.00 0.50 5.00 9.00 17.00 13.00 12.00 10.00 0.00 0.00 0.00 0.00 0.00
66.00 14.00 18.00 37.00 68.00 19.00 31.00 0.10 0.43 0.00 1.00 0.00 2.00 8.00 12.00 6.00 10.00 4.00 0.00 0.00 0.00 0.00 0.00
67.00 22.00 14.00 48.00 106.00 34.00 58.00 0.10 0.97 0.00 1.00 0.00 5.00 9.00 17.00 13.00 12.00 10.00 0.00 0.00 1.00 0.00 0.00
68.00 13.00 13.00 33.00 61.00 20.00 28.00 0.09 0.38 0.00 1.00 0.00 5.00 10.00 8.00 3.00 10.00 3.00 0.00 0.00 0.00 0.00 0.00
69.00 22.00 21.00 53.00 104.00 32.00 51.00 0.08 0.72 0.00 2.00 0.00 3.00 7.00 19.00 15.00 12.00 10.00 0.00 0.00 0.00 0.00 0.00
70.00 12.00 7.00 24.00 58.00 17.00 34.00 0.09 0.53 0.00 2.00 0.00 6.00 10.00 6.00 2.00 10.00 2.00 0.00 0.00 0.00 0.00 0.00
71.00 26.00 33.00 73.00 130.00 40.00 57.00 0.09 0.98 0.00 3.00 0.00 8.00 13.00 18.00 13.00 18.00 8.00 0.00 0.00 0.00 0.00 0.00
72.00 29.00 31.00 74.00 141.00 43.00 67.00 0.09 1.23 0.00 3.00 0.00 7.00 14.00 22.00 15.00 21.00 8.00 0.00 0.00 0.00 0.00 0.00
73.00 23.00 18.00 56.00 113.00 38.00 57.00 0.09 1.06 0.00 3.00 0.00 3.00 10.00 20.00 13.00 15.00 8.00 0.00 0.00 0.00 0.00 0.00
74.00 25.00 20.00 67.00 128.00 47.00 61.00 0.09 0.83 0.00 2.00 0.00 5.00 13.00 20.00 12.00 18.00 7.00 0.00 0.00 0.00 0.00 1.00
75.00 23.00 31.00 64.00 113.00 33.00 49.00 0.09 0.71 0.00 2.00 0.00 4.00 11.00 19.00 12.00 18.00 5.00 1.00 0.00 0.00 0.00 0.00
76.00 25.00 19.00 56.00 123.00 37.00 67.00 0.10 0.95 0.00 1.00 0.00 8.00 12.00 17.00 13.00 19.00 6.00 1.00 0.00 0.00 0.00 0.00
77.00 11.00 8.00 19.00 47.00 11.00 28.00 0.08 0.50 0.00 1.00 0.00 5.00 7.00 6.00 4.00 9.00 2.00 1.00 0.00 0.00 0.00 0.00
78.00 23.00 20.00 58.00 109.00 38.00 51.00 0.09 0.80 0.00 3.00 0.00 6.00 13.00 17.00 10.00 17.00 6.00 0.00 0.00 1.00 0.00 0.00
79.00 21.00 17.00 52.00 104.00 35.00 52.00 0.08 0.74 0.00 2.00 0.00 5.00 13.00 16.00 8.00 15.00 6.00 1.00 0.00 1.00 0.00 0.00
80.00 27.00 24.00 68.00 143.00 44.00 75.00 0.09 1.12 0.00 3.00 0.00 6.00 13.00 21.00 14.00 17.00 10.00 0.00 0.00 0.00 0.00 0.00
81.00 30.00 43.00 96.00 149.00 53.00 53.00 0.10 0.92 0.00 3.00 0.00 9.00 16.00 21.00 14.00 22.00 8.00 1.00 0.00 0.00 0.00 0.00
82.00 24.00 17.00 68.00 127.00 51.00 59.00 0.09 0.91 0.00 3.00 0.00 2.00 11.00 22.00 13.00 14.00 10.00 1.00 0.00 1.00 0.00 0.00
83.00 29.00 28.00 88.00 150.00 60.00 62.00 0.10 0.87 0.00 5.00 0.00 6.00 13.00 23.00 16.00 17.00 12.00 1.00 0.00 0.00 1.00 0.00
84.00 33.00 33.00 97.00 163.00 64.00 66.00 0.09 1.00 0.00 5.00 0.00 10.00 12.00 23.00 21.00 23.00 10.00 0.00 0.00 0.00 0.00 0.00
85.00 28.00 37.00 81.00 148.00 44.00 67.00 0.08 0.82 0.00 6.00 0.00 5.00 11.00 23.00 17.00 18.00 10.00 1.00 0.00 0.00 1.00 0.00
86.00 31.00 37.00 90.00 151.00 53.00 61.00 0.09 0.83 0.00 5.00 0.00 8.00 13.00 23.00 18.00 19.00 12.00 1.00 0.00 0.00 0.00 0.00
87.00 37.00 55.00 104.00 182.00 49.00 78.00 0.08 1.53 0.00 6.00 0.00 9.00 15.00 28.00 22.00 20.00 17.00 1.00 0.00 0.00 0.00 0.00
88.00 29.00 34.00 81.00 150.00 47.00 69.00 0.09 0.88 0.00 2.00 0.00 5.00 17.00 24.00 12.00 18.00 11.00 0.00 0.00 0.00 0.00 1.00
89.00 32.00 40.00 88.00 164.00 48.00 76.00 0.09 1.06 0.00 2.00 0.00 12.00 17.00 20.00 15.00 23.00 9.00 0.00 0.00 1.00 1.00 0.00
90.00 23.00 23.00 61.00 123.00 38.00 62.00 0.08 0.68 0.00 3.00 0.00 8.00 15.00 15.00 8.00 19.00 4.00 0.00 0.00 0.00 0.00 1.00
91.00 34.00 44.00 92.00 169.00 48.00 77.00 0.09 0.85 0.00 4.00 0.00 8.00 17.00 26.00 17.00 21.00 13.00 0.00 0.00 0.00 0.00 1.00
92.00 31.00 44.00 88.00 157.00 44.00 69.00 0.10 0.98 0.00 3.00 0.00 10.00 14.00 21.00 17.00 18.00 13.00 0.00 0.00 1.00 0.00 1.00
93.00 34.00 39.00 97.00 177.00 58.00 80.00 0.08 1.14 0.00 1.00 0.00 7.00 17.00 27.00 17.00 24.00 10.00 0.00 0.00 1.00 0.00 0.00
94.00 34.00 53.00 99.00 176.00 46.00 77.00 0.07 1.08 0.00 3.00 0.00 7.00 16.00 27.00 18.00 22.00 12.00 0.00 0.00 2.00 0.00 2.00
95.00 34.00 43.00 105.00 179.00 62.00 74.00 0.09 1.07 0.00 3.00 0.00 7.00 12.00 27.00 22.00 19.00 15.00 0.00 0.00 0.00 0.00 0.00
96.00 25.00 33.00 69.00 123.00 36.00 54.00 0.10 0.94 1.00 3.00 0.33 3.00 7.00 22.00 18.00 15.00 10.00 0.00 0.00 0.00 0.00 0.00
97.00 30.00 32.00 79.00 156.00 47.00 77.00 0.10 1.01 1.00 5.00 0.20 10.00 15.00 20.00 15.00 23.00 7.00 0.00 0.00 0.00 0.00 0.00
98.00 39.00 47.00 109.00 202.00 62.00 93.00 0.09 1.12 1.00 4.00 0.25 8.00 15.00 31.00 24.00 25.00 14.00 0.00 1.00 0.00 0.00 0.00
99.00 33.00 42.00 101.00 175.00 59.00 74.00 0.10 1.12 1.00 5.00 0.20 7.00 12.00 26.00 21.00 15.00 18.00 0.00 0.00 0.00 0.00 0.00
100.00 33.00 36.00 94.00 172.00 58.00 78.00 0.08 1.21 0.00 4.00 0.00 9.00 17.00 24.00 16.00 23.00 10.00 0.00 0.00 0.00 0.00 0.00
101.00 34.00 48.00 90.00 179.00 42.00 89.00 0.09 1.06 0.00 4.00 0.00 5.00 13.00 29.00 21.00 16.00 18.00 0.00 0.00 0.00 0.00 1.00
102.00 38.00 49.00 117.00 198.00 68.00 81.00 0.10 1.14 1.00 5.00 0.20 6.00 15.00 32.00 23.00 23.00 15.00 0.00 0.00 0.00 0.00 1.00
103.00 32.00 44.00 100.00 164.00 56.00 64.00 0.09 0.95 1.00 4.00 0.25 6.00 14.00 26.00 18.00 19.00 13.00 0.00 0.00 0.00 0.00 1.00
104.00 33.00 47.00 92.00 164.00 45.00 72.00 0.08 0.95 0.00 4.00 0.00 6.00 10.00 27.00 23.00 18.00 15.00 0.00 0.00 0.00 1.00 0.00
105.00 39.00 50.00 118.00 207.00 68.00 89.00 0.08 1.22 1.00 3.00 0.33 11.00 18.00 28.00 21.00 21.00 18.00 0.00 0.00 0.00 0.00 0.00
106.00 42.00 60.00 131.00 224.00 71.00 93.00 0.10 1.32 1.00 4.00 0.25 6.00 11.00 36.00 31.00 18.00 24.00 0.00 1.00 1.00 0.00 0.00
107.00 38.00 46.00 123.00 213.00 77.00 90.00 0.09 1.15 1.00 4.00 0.25 4.00 12.00 34.00 26.00 22.00 16.00 0.00 1.00 1.00 0.00 1.00
108.00 34.00 41.00 92.00 173.00 51.00 81.00 0.09 1.03 1.00 3.00 0.33 9.00 13.00 25.00 21.00 18.00 16.00 0.00 1.00 0.00 0.00 0.00
109.00 38.00 56.00 117.00 195.00 61.00 78.00 0.09 1.08 1.00 3.00 0.33 10.00 15.00 28.00 23.00 21.00 17.00 0.00 1.00 0.00 0.00 0.00
110.00 43.00 68.00 131.00 220.00 63.00 89.00 0.09 1.40 0.00 5.00 0.00 12.00 23.00 31.00 20.00 30.00 13.00 0.00 1.00 0.00 1.00 0.00
111.00 44.00 58.00 138.00 220.00 80.00 82.00 0.08 1.42 0.00 4.00 0.00 8.00 16.00 36.00 28.00 27.00 17.00 0.00 0.00 0.00 0.00 0.00
112.00 35.00 29.00 88.00 182.00 59.00 94.00 0.08 1.24 1.00 4.00 0.25 8.00 18.00 27.00 17.00 25.00 10.00 0.00 0.00 0.00 0.00 0.00
113.00 37.00 44.00 107.00 190.00 63.00 83.00 0.08 1.18 0.00 3.00 0.00 9.00 18.00 28.00 19.00 23.00 14.00 0.00 0.00 0.00 0.00 0.00
114.00 32.00 43.00 102.00 160.00 59.00 58.00 0.08 0.81 0.00 4.00 0.00 5.00 13.00 27.00 19.00 19.00 13.00 0.00 0.00 0.00 0.00 0.00
115.00 42.00 37.00 132.00 226.00 95.00 94.00 0.10 1.10 0.00 4.00 0.00 7.00 13.00 35.00 29.00 24.00 18.00 0.00 0.00 0.00 0.00 1.00
116.00 44.00 65.00 139.00 236.00 74.00 97.00 0.08 1.19 0.00 4.00 0.00 13.00 21.00 31.00 23.00 28.00 16.00 0.00 1.00 1.00 0.00 0.00
117.00 44.00 64.00 143.00 231.00 79.00 88.00 0.10 1.16 0.00 6.00 0.00 8.00 18.00 36.00 26.00 26.00 18.00 0.00 0.00 0.00 0.00 1.00
118.00 35.00 41.00 107.00 186.00 66.00 79.00 0.09 0.98 0.00 5.00 0.00 6.00 10.00 29.00 25.00 17.00 18.00 0.00 0.00 0.00 1.00 0.00
119.00 41.00 52.00 131.00 214.00 79.00 83.00 0.08 1.05 0.00 4.00 0.00 12.00 19.00 29.00 22.00 27.00 14.00 0.00 0.00 0.00 0.00 0.00
120.00 31.00 32.00 97.00 163.00 65.00 66.00 0.08 0.80 0.00 5.00 0.00 3.00 11.00 28.00 20.00 19.00 12.00 0.00 0.00 0.00 0.00 1.00
121.00 38.00 55.00 117.00 200.00 62.00 83.00 0.08 0.88 0.00 5.00 0.00 10.00 18.00 28.00 20.00 23.00 15.00 1.00 0.00 1.00 0.00 1.00
122.00 38.00 45.00 106.00 205.00 61.00 99.00 0.09 1.02 0.00 3.00 0.00 6.00 14.00 32.00 24.00 21.00 17.00 0.00 1.00 0.00 1.00 0.00
123.00 35.00 42.00 98.00 180.00 56.00 82.00 0.07 0.86 0.00 4.00 0.00 6.00 10.00 29.00 25.00 18.00 17.00 1.00 0.00 0.00 0.00 0.00
124.00 37.00 40.00 117.00 204.00 77.00 87.00 0.08 0.85 0.00 4.00 0.00 6.00 14.00 31.00 23.00 16.00 21.00 0.00 0.00 0.00 0.00 0.00
125.00 36.00 56.00 103.00 189.00 47.00 86.00 0.07 0.95 0.00 5.00 0.00 10.00 15.00 26.00 21.00 22.00 14.00 0.00 1.00 0.00 0.00 0.00
126.00 38.00 50.00 108.00 191.00 58.00 83.00 0.09 1.01 0.00 3.00 0.00 7.00 18.00 31.00 20.00 23.00 15.00 0.00 0.00 0.00 0.00 0.00
127.00 43.00 53.00 122.00 209.00 69.00 87.00 0.08 1.10 0.00 2.00 0.00 11.00 29.00 32.00 14.00 36.00 7.00 0.00 0.00 0.00 0.00 0.00
128.00 31.00 39.00 92.00 156.00 53.00 64.00 0.09 0.88 0.00 3.00 0.00 9.00 13.00 22.00 18.00 19.00 12.00 0.00 1.00 0.00 0.00 0.00
129.00 36.00 50.00 106.00 184.00 56.00 78.00 0.09 0.88 0.00 4.00 0.00 11.00 16.00 25.00 20.00 21.00 15.00 0.00 1.00 1.00 0.00 0.00
130.00 34.00 39.00 105.00 179.00 66.00 74.00 0.06 0.94 0.00 3.00 0.00 4.00 14.00 30.00 20.00 22.00 12.00 0.00 0.00 0.00 1.00 0.00
131.00 35.00 51.00 112.00 184.00 61.00 72.00 0.09 0.85 0.00 5.00 0.00 6.00 13.00 29.00 22.00 18.00 17.00 0.00 1.00 0.00 0.00 0.00
132.00 39.00 49.00 119.00 204.00 70.00 85.00 0.09 0.94 0.00 4.00 0.00 9.00 14.00 30.00 25.00 21.00 18.00 0.00 0.00 0.00 0.00 0.00
133.00 40.00 51.00 116.00 201.00 65.00 85.00 0.09 1.21 0.00 3.00 0.00 6.00 16.00 34.00 24.00 24.00 16.00 0.00 1.00 0.00 1.00 0.00
134.00 39.00 52.00 119.00 201.00 67.00 82.00 0.09 0.99 0.00 4.00 0.00 8.00 18.00 31.00 21.00 24.00 15.00 0.00 1.00 1.00 0.00 0.00
135.00 43.00 55.00 128.00 218.00 73.00 90.00 0.08 1.40 0.00 4.00 0.00 8.00 20.00 35.00 23.00 27.00 16.00 0.00 1.00 0.00 0.00 0.00
136.00 39.00 56.00 127.00 210.00 71.00 83.00 0.09 1.04 0.00 4.00 0.00 11.00 17.00 28.00 22.00 26.00 13.00 0.00 0.00 0.00 2.00 1.00
137.00 45.00 76.00 149.00 239.00 73.00 90.00 0.09 1.23 0.00 4.00 0.00 11.00 21.00 34.00 24.00 29.00 16.00 0.00 1.00 1.00 2.00 1.00
138.00 42.00 62.00 136.00 209.00 74.00 73.00 0.09 1.36 0.00 5.00 0.00 5.00 12.00 37.00 30.00 19.00 23.00 0.00 0.00 0.00 0.00 0.00
139.00 44.00 76.00 149.00 233.00 73.00 84.00 0.12 1.14 0.00 5.00 0.00 11.00 21.00 33.00 23.00 27.00 17.00 0.00 0.00 0.00 0.00 0.00
140.00 40.00 63.00 124.00 210.00 61.00 86.00 0.07 1.06 0.00 4.00 0.00 11.00 16.00 29.00 24.00 22.00 18.00 0.00 1.00 0.00 0.00 0.00
141.00 33.00 41.00 103.00 173.00 62.00 70.00 0.10 0.86 0.00 4.00 0.00 8.00 12.00 25.00 21.00 20.00 13.00 0.00 0.00 0.00 0.00 0.00
142.00 40.00 61.00 113.00 204.00 52.00 91.00 0.10 1.12 1.00 4.00 0.25 11.00 20.00 29.00 20.00 29.00 11.00 0.00 0.00 0.00 0.00 0.00
143.00 38.00 64.00 119.00 195.00 55.00 76.00 0.09 0.92 0.00 4.00 0.00 10.00 15.00 28.00 23.00 22.00 16.00 0.00 1.00 1.00 0.00 0.00
144.00 41.00 64.00 137.00 223.00 73.00 86.00 0.09 1.03 0.00 4.00 0.00 10.00 16.00 31.00 25.00 20.00 21.00 0.00 0.00 0.00 0.00 0.00
145.00 43.00 71.00 130.00 214.00 59.00 84.00 0.10 1.19 0.00 5.00 0.00 7.00 17.00 36.00 26.00 25.00 18.00 0.00 0.00 0.00 0.00 0.00
146.00 42.00 65.00 135.00 222.00 70.00 87.00 0.09 1.22 0.00 6.00 0.00 9.00 14.00 33.00 28.00 25.00 17.00 0.00 0.00 0.00 1.00 0.00
147.00 44.00 77.00 134.00 224.00 57.00 90.00 0.09 1.22 0.00 5.00 0.00 8.00 15.00 36.00 29.00 25.00 19.00 1.00 0.00 1.00 0.00 0.00
148.00 42.00 60.00 133.00 222.00 73.00 89.00 0.09 1.19 1.00 5.00 0.20 6.00 15.00 36.00 27.00 20.00 22.00 0.00 1.00 0.00 0.00 0.00
149.00 42.00 55.00 132.00 227.00 77.00 95.00 0.08 1.13 0.00 5.00 0.00 12.00 22.00 30.00 20.00 28.00 14.00 0.00 0.00 0.00 0.00 0.00
150.00 39.00 60.00 126.00 204.00 66.00 78.00 0.10 1.22 0.00 3.00 0.00 6.00 12.00 33.00 27.00 20.00 19.00 0.00 1.00 0.00 0.00 0.00
151.00 36.00 46.00 110.00 186.00 64.00 76.00 0.09 1.10 0.00 5.00 0.00 7.00 14.00 29.00 22.00 21.00 15.00 0.00 1.00 0.00 0.00 0.00
152.00 44.00 71.00 140.00 227.00 69.00 87.00 0.08 1.33 0.00 7.00 0.00 7.00 13.00 37.00 31.00 25.00 19.00 0.00 1.00 0.00 1.00 0.00
153.00 45.00 74.00 140.00 240.00 66.00 100.00 0.08 1.42 0.00 5.00 0.00 6.00 15.00 39.00 30.00 25.00 20.00 0.00 2.00 0.00 0.00 0.00
154.00 48.00 75.00 155.00 252.00 80.00 97.00 0.09 1.44 0.00 6.00 0.00 8.00 15.00 40.00 33.00 23.00 25.00 0.00 0.00 0.00 0.00 1.00
155.00 52.00 71.00 165.00 266.00 94.00 101.00 0.08 1.55 0.00 6.00 0.00 14.00 26.00 38.00 26.00 34.00 18.00 0.00 1.00 0.00 0.00 0.00
156.00 43.00 59.00 130.00 221.00 71.00 91.00 0.09 1.21 0.00 5.00 0.00 4.00 18.00 39.00 25.00 27.00 16.00 0.00 1.00 0.00 0.00 0.00
157.00 49.00 74.00 140.00 248.00 66.00 108.00 0.08 1.27 0.00 5.00 0.00 12.00 21.00 37.00 28.00 28.00 21.00 0.00 1.00 0.00 1.00 0.00
158.00 36.00 49.00 113.00 197.00 64.00 84.00 0.08 1.00 0.00 4.00 0.00 3.00 12.00 33.00 24.00 20.00 16.00 1.00 1.00 0.00 0.00 0.00
159.00 47.00 86.00 149.00 237.00 63.00 88.00 0.09 1.22 0.00 5.00 0.00 10.00 17.00 37.00 30.00 25.00 22.00 0.00 1.00 1.00 1.00 0.00
160.00 42.00 61.00 139.00 219.00 78.00 80.00 0.10 1.19 0.00 5.00 0.00 7.00 12.00 35.00 30.00 24.00 18.00 0.00 1.00 0.00 0.00 0.00
161.00 40.00 56.00 125.00 204.00 69.00 79.00 0.07 1.29 0.00 4.00 0.00 6.00 13.00 34.00 27.00 22.00 18.00 0.00 1.00 0.00 0.00 0.00
162.00 45.00 62.00 147.00 235.00 85.00 88.00 0.09 1.32 0.00 5.00 0.00 10.00 22.00 35.00 23.00 28.00 17.00 0.00 0.00 0.00 1.00 0.00
163.00 39.00 57.00 130.00 202.00 73.00 72.00 0.09 1.24 0.00 6.00 0.00 3.00 12.00 36.00 27.00 22.00 17.00 0.00 1.00 0.00 0.00 0.00
164.00 45.00 62.00 150.00 241.00 88.00 91.00 0.07 1.18 0.00 4.00 0.00 8.00 18.00 37.00 27.00 23.00 22.00 1.00 1.00 1.00 1.00 1.00
165.00 40.00 52.00 130.00 220.00 78.00 90.00 0.08 1.21 1.00 5.00 0.20 5.00 12.00 35.00 28.00 22.00 18.00 1.00 1.00 1.00 0.00 0.00
166.00 50.00 59.00 151.00 265.00 92.00 114.00 0.08 1.28 0.00 4.00 0.00 10.00 24.00 40.00 26.00 29.00 21.00 1.00 1.00 0.00 0.00 0.00
167.00 42.00 63.00 129.00 222.00 66.00 93.00 0.08 1.14 0.00 6.00 0.00 7.00 15.00 35.00 27.00 23.00 19.00 0.00 1.00 0.00 0.00 0.00
168.00 42.00 66.00 126.00 222.00 60.00 96.00 0.08 1.13 0.00 5.00 0.00 9.00 15.00 33.00 27.00 26.00 16.00 1.00 1.00 0.00 0.00 0.00
169.00 44.00 61.00 130.00 230.00 69.00 100.00 0.07 1.20 0.00 6.00 0.00 11.00 16.00 33.00 28.00 24.00 20.00 1.00 1.00 1.00 1.00 1.00
170.00 41.00 54.00 121.00 212.00 67.00 91.00 0.09 1.10 0.00 4.00 0.00 5.00 15.00 36.00 26.00 26.00 15.00 1.00 0.00 0.00 0.00 1.00
171.00 48.00 67.00 145.00 238.00 78.00 93.00 0.08 1.22 0.00 5.00 0.00 11.00 25.00 37.00 23.00 29.00 19.00 1.00 1.00 0.00 0.00 0.00
172.00 41.00 45.00 130.00 214.00 85.00 84.00 0.09 1.11 0.00 5.00 0.00 8.00 15.00 33.00 26.00 21.00 20.00 1.00 1.00 0.00 0.00 0.00
173.00 39.00 40.00 115.00 207.00 75.00 92.00 0.06 1.09 0.00 7.00 0.00 10.00 16.00 29.00 23.00 23.00 16.00 2.00 0.00 0.00 0.00 0.00
174.00 46.00 67.00 146.00 230.00 79.00 84.00 0.09 1.23 0.00 6.00 0.00 11.00 20.00 35.00 26.00 31.00 15.00 2.00 1.00 0.00 0.00 0.00
175.00 50.00 76.00 146.00 259.00 70.00 113.00 0.10 1.35 1.00 5.00 0.20 8.00 20.00 42.00 30.00 30.00 20.00 2.00 0.00 0.00 0.00 0.00
176.00 48.00 65.00 159.00 265.00 94.00 106.00 0.07 1.18 0.00 5.00 0.00 6.00 13.00 42.00 35.00 23.00 25.00 2.00 0.00 0.00 0.00 0.00
177.00 47.00 71.00 144.00 240.00 73.00 96.00 0.07 1.14 0.00 6.00 0.00 12.00 22.00 35.00 25.00 28.00 19.00 2.00 1.00 0.00 0.00 0.00
178.00 46.00 70.00 150.00 247.00 80.00 97.00 0.09 1.19 1.00 6.00 0.17 3.00 11.00 43.00 35.00 19.00 27.00 1.00 1.00 1.00 0.00 0.00
179.00 53.00 75.00 167.00 277.00 92.00 110.00 0.09 1.36 0.00 7.00 0.00 6.00 21.00 47.00 32.00 26.00 27.00 3.00 1.00 1.00 0.00 0.00
180.00 53.00 59.00 155.00 268.00 96.00 113.00 0.07 1.21 1.00 6.00 0.17 13.00 19.00 40.00 34.00 29.00 24.00 2.00 1.00 0.00 0.00 0.00
181.00 41.00 59.00 130.00 214.00 71.00 84.00 0.08 1.11 1.00 5.00 0.20 5.00 17.00 36.00 24.00 26.00 15.00 1.00 0.00 0.00 0.00 0.00
182.00 45.00 68.00 141.00 243.00 73.00 102.00 0.08 1.22 0.00 4.00 0.00 5.00 21.00 40.00 24.00 29.00 16.00 2.00 0.00 1.00 0.00 0.00
183.00 42.00 57.00 133.00 224.00 76.00 91.00 0.08 1.10 0.00 5.00 0.00 5.00 10.00 37.00 32.00 22.00 20.00 1.00 0.00 0.00 0.00 0.00
184.00 45.00 55.00 139.00 234.00 84.00 95.00 0.09 1.27 1.00 5.00 0.20 7.00 19.00 38.00 26.00 26.00 19.00 0.00 1.00 0.00 0.00 0.00
185.00 47.00 64.00 153.00 249.00 89.00 96.00 0.08 1.15 0.00 6.00 0.00 11.00 16.00 36.00 31.00 25.00 22.00 2.00 1.00 0.00 1.00 0.00
186.00 35.00 36.00 95.00 186.00 59.00 91.00 0.08 0.97 0.00 4.00 0.00 7.00 17.00 28.00 18.00 21.00 14.00 1.00 2.00 0.00 0.00 0.00
187.00 47.00 56.00 141.00 239.00 85.00 98.00 0.08 1.42 0.00 5.00 0.00 12.00 17.00 35.00 30.00 27.00 20.00 1.00 1.00 0.00 0.00 0.00
188.00 47.00 67.00 155.00 252.00 88.00 97.00 0.07 1.21 0.00 5.00 0.00 10.00 18.00 37.00 29.00 24.00 23.00 1.00 1.00 0.00 0.00 0.00
189.00 45.00 56.00 134.00 235.00 78.00 101.00 0.09 1.21 0.00 5.00 0.00 9.00 18.00 36.00 27.00 25.00 20.00 1.00 1.00 1.00 0.00 1.00
190.00 43.00 68.00 135.00 227.00 67.00 92.00 0.09 1.14 0.00 5.00 0.00 9.00 19.00 34.00 24.00 27.00 16.00 1.00 2.00 0.00 0.00 0.00
191.00 43.00 54.00 130.00 222.00 76.00 92.00 0.09 1.21 0.00 5.00 0.00 11.00 16.00 32.00 27.00 22.00 21.00 0.00 1.00 1.00 0.00 0.00
192.00 46.00 68.00 147.00 241.00 79.00 94.00 0.06 1.25 1.00 6.00 0.17 9.00 18.00 37.00 28.00 24.00 22.00 0.00 2.00 0.00 0.00 0.00
193.00 49.00 67.00 165.00 267.00 98.00 102.00 0.07 1.29 1.00 9.00 0.11 10.00 19.00 39.00 30.00 25.00 24.00 0.00 1.00 0.00 0.00 0.00
194.00 44.00 69.00 147.00 226.00 78.00 79.00 0.08 1.29 1.00 7.00 0.14 10.00 18.00 34.00 26.00 26.00 18.00 0.00 0.00 0.00 0.00 0.00
195.00 48.00 59.00 142.00 251.00 83.00 109.00 0.09 1.56 0.00 7.00 0.00 8.00 14.00 40.00 34.00 24.00 24.00 0.00 1.00 0.00 0.00 0.00
196.00 42.00 51.00 132.00 227.00 81.00 95.00 0.07 1.16 0.00 10.00 0.00 7.00 16.00 35.00 26.00 24.00 18.00 0.00 2.00 0.00 0.00 0.00
197.00 48.00 74.00 144.00 243.00 70.00 99.00 0.09 1.83 0.00 7.00 0.00 8.00 20.00 40.00 28.00 28.00 20.00 0.00 2.00 1.00 0.00 0.00
198.00 41.00 57.00 137.00 214.00 80.00 77.00 0.08 1.12 0.00 5.00 0.00 5.00 14.00 36.00 27.00 23.00 18.00 0.00 2.00 1.00 0.00 0.00
199.00 47.00 70.00 152.00 247.00 82.00 95.00 0.08 1.35 0.00 7.00 0.00 13.00 24.00 34.00 23.00 34.00 13.00 0.00 2.00 0.00 0.00 0.00
200.00 47.00 63.00 145.00 228.00 82.00 83.00 0.07 1.30 0.00 8.00 0.00 9.00 18.00 38.00 29.00 28.00 19.00 0.00 2.00 0.00 0.00 0.00
201.00 47.00 61.00 149.00 254.00 88.00 105.00 0.09 1.23 0.00 7.00 0.00 4.00 12.00 43.00 35.00 24.00 23.00 0.00 2.00 0.00 0.00 0.00
202.00 45.00 44.00 138.00 235.00 94.00 97.00 0.09 1.14 0.00 8.00 0.00 11.00 19.00 34.00 26.00 29.00 16.00 0.00 1.00 0.00 0.00 0.00
203.00 43.00 48.00 127.00 216.00 79.00 89.00 0.09 1.11 0.00 8.00 0.00 6.00 18.00 37.00 25.00 30.00 13.00 0.00 1.00 0.00 0.00 0.00
204.00 49.00 69.00 158.00 253.00 89.00 95.00 0.09 1.20 0.00 8.00 0.00 17.00 25.00 32.00 24.00 32.00 17.00 0.00 1.00 0.00 1.00 0.00
205.00 46.00 41.00 138.00 242.00 97.00 104.00 0.08 1.32 0.00 7.00 0.00 11.00 19.00 35.00 27.00 28.00 18.00 0.00 0.00 0.00 0.00 0.00
206.00 46.00 66.00 145.00 241.00 79.00 96.00 0.09 1.32 1.00 9.00 0.11 7.00 17.00 39.00 29.00 25.00 21.00 0.00 1.00 0.00 0.00 0.00
207.00 43.00 69.00 128.00 221.00 59.00 93.00 0.10 1.37 0.00 10.00 0.00 13.00 22.00 30.00 21.00 27.00 16.00 0.00 0.00 0.00 0.00 0.00
208.00 50.00 85.00 174.00 263.00 89.00 89.00 0.08 1.31 0.00 9.00 0.00 6.00 16.00 44.00 34.00 25.00 25.00 0.00 2.00 1.00 0.00 0.00
209.00 45.00 62.00 141.00 240.00 79.00 99.00 0.09 1.38 0.00 6.00 0.00 9.00 17.00 36.00 28.00 24.00 21.00 0.00 1.00 0.00 0.00 0.00
210.00 49.00 80.00 157.00 254.00 77.00 97.00 0.08 1.39 1.00 6.00 0.17 14.00 22.00 35.00 27.00 28.00 21.00 0.00 2.00 0.00 0.00 0.00
211.00 53.00 68.00 155.00 266.00 87.00 111.00 0.08 1.44 0.00 6.00 0.00 13.00 24.00 40.00 29.00 31.00 22.00 0.00 2.00 0.00 0.00 0.00
212.00 46.00 70.00 155.00 236.00 85.00 81.00 0.08 1.33 0.00 7.00 0.00 6.00 15.00 40.00 31.00 21.00 25.00 0.00 1.00 0.00 0.00 0.00
213.00 52.00 71.00 153.00 266.00 82.00 113.00 0.08 1.47 0.00 7.00 0.00 7.00 17.00 45.00 35.00 30.00 22.00 0.00 2.00 0.00 1.00 1.00
214.00 41.00 48.00 131.00 223.00 83.00 92.00 0.08 1.21 0.00 5.00 0.00 8.00 19.00 33.00 22.00 26.00 15.00 0.00 1.00 0.00 0.00 0.00
215.00 49.00 69.00 153.00 245.00 84.00 92.00 0.09 1.23 0.00 7.00 0.00 9.00 22.00 40.00 27.00 30.00 19.00 0.00 1.00 0.00 0.00 0.00
216.00 47.00 74.00 157.00 254.00 83.00 97.00 0.09 1.20 0.00 8.00 0.00 7.00 11.00 40.00 36.00 24.00 23.00 0.00 2.00 0.00 0.00 0.00
217.00 45.00 49.00 142.00 244.00 93.00 102.00 0.07 1.21 0.00 9.00 0.00 5.00 16.00 40.00 29.00 22.00 23.00 0.00 2.00 0.00 0.00 0.00
218.00 47.00 68.00 152.00 247.00 84.00 95.00 0.09 1.21 0.00 7.00 0.00 3.00 14.00 44.00 33.00 28.00 19.00 0.00 1.00 0.00 1.00 0.00
219.00 51.00 74.00 170.00 263.00 96.00 93.00 0.08 1.36 0.00 8.00 0.00 11.00 20.00 40.00 31.00 28.00 23.00 0.00 2.00 0.00 0.00 1.00
220.00 49.00 63.00 161.00 257.00 98.00 96.00 0.07 1.20 1.00 8.00 0.12 7.00 14.00 42.00 35.00 21.00 28.00 0.00 0.00 0.00 1.00 1.00
221.00 46.00 70.00 153.00 247.00 83.00 94.00 0.08 1.26 0.00 10.00 0.00 3.00 8.00 43.00 38.00 17.00 29.00 0.00 1.00 0.00 0.00 1.00
222.00 54.00 86.00 169.00 283.00 83.00 114.00 0.09 1.35 0.00 10.00 0.00 10.00 20.00 44.00 34.00 25.00 29.00 0.00 1.00 0.00 0.00 0.00
223.00 54.00 79.00 168.00 281.00 89.00 113.00 0.08 1.40 0.00 9.00 0.00 11.00 23.00 43.00 31.00 32.00 22.00 0.00 1.00 2.00 0.00 1.00
224.00 51.00 70.00 164.00 271.00 94.00 107.00 0.09 1.41 0.00 10.00 0.00 3.00 14.00 48.00 37.00 22.00 29.00 0.00 0.00 0.00 0.00 2.00
225.00 54.00 83.00 186.00 287.00 103.00 101.00 0.07 1.25 0.00 8.00 0.00 15.00 24.00 39.00 30.00 33.00 21.00 0.00 1.00 1.00 0.00 1.00
226.00 53.00 87.00 182.00 283.00 95.00 101.00 0.08 1.31 0.00 10.00 0.00 16.00 23.00 37.00 30.00 35.00 18.00 0.00 2.00 0.00 0.00 1.00
227.00 53.00 72.00 167.00 269.00 95.00 102.00 0.09 1.33 0.00 10.00 0.00 12.00 21.00 41.00 32.00 26.00 27.00 0.00 2.00 0.00 0.00 0.00
228.00 53.00 70.00 186.00 279.00 116.00 93.00 0.09 1.31 0.00 8.00 0.00 12.00 27.00 41.00 26.00 30.00 23.00 0.00 1.00 0.00 0.00 1.00
229.00 46.00 67.00 154.00 239.00 87.00 85.00 0.10 1.16 0.00 10.00 0.00 9.00 14.00 37.00 32.00 19.00 27.00 0.00 2.00 0.00 0.00 0.00
230.00 53.00 84.00 168.00 270.00 84.00 102.00 0.09 1.17 0.00 8.00 0.00 16.00 27.00 37.00 26.00 31.00 22.00 0.00 2.00 0.00 0.00 0.00
231.00 49.00 71.00 164.00 254.00 93.00 90.00 0.08 1.18 0.00 7.00 0.00 9.00 14.00 40.00 35.00 24.00 25.00 0.00 1.00 0.00 0.00 0.00
232.00 48.00 68.00 160.00 253.00 92.00 93.00 0.10 1.23 0.00 6.00 0.00 10.00 21.00 38.00 27.00 31.00 17.00 0.00 1.00 1.00 0.00 0.00
233.00 49.00 79.00 164.00 249.00 85.00 85.00 0.08 1.37 1.00 7.00 0.14 6.00 15.00 43.00 34.00 26.00 23.00 0.00 1.00 0.00 0.00 0.00
234.00 47.00 68.00 164.00 255.00 96.00 91.00 0.07 1.15 1.00 8.00 0.12 10.00 17.00 37.00 30.00 26.00 21.00 1.00 2.00 0.00 0.00 0.00
235.00 51.00 72.00 170.00 274.00 98.00 104.00 0.08 1.26 0.00 7.00 0.00 10.00 19.00 41.00 32.00 28.00 23.00 1.00 1.00 0.00 0.00 0.00
236.00 52.00 73.00 168.00 270.00 95.00 102.00 0.10 1.15 0.00 9.00 0.00 10.00 19.00 42.00 33.00 26.00 26.00 0.00 0.00 0.00 0.00 0.00
237.00 52.00 79.00 171.00 274.00 92.00 103.00 0.09 1.30 1.00 7.00 0.14 7.00 18.00 45.00 34.00 26.00 26.00 1.00 1.00 1.00 0.00 0.00
238.00 48.00 85.00 164.00 255.00 79.00 91.00 0.08 1.11 0.00 8.00 0.00 10.00 18.00 38.00 30.00 30.00 18.00 1.00 2.00 0.00 0.00 0.00
239.00 52.00 86.00 168.00 269.00 82.00 101.00 0.09 1.28 1.00 7.00 0.14 10.00 20.00 42.00 32.00 26.00 26.00 0.00 2.00 0.00 0.00 0.00
240.00 43.00 57.00 144.00 232.00 87.00 88.00 0.09 1.09 2.00 7.00 0.29 6.00 11.00 37.00 32.00 18.00 25.00 0.00 0.00 0.00 0.00 0.00
241.00 53.00 87.00 186.00 288.00 99.00 102.00 0.09 1.24 1.00 9.00 0.11 10.00 15.00 43.00 38.00 21.00 32.00 1.00 1.00 0.00 0.00 0.00
242.00 50.00 75.00 170.00 272.00 95.00 102.00 0.09 1.17 1.00 9.00 0.11 3.00 20.00 47.00 30.00 24.00 26.00 1.00 2.00 1.00 0.00 0.00
243.00 51.00 76.00 171.00 264.00 95.00 93.00 0.08 1.30 2.00 9.00 0.22 7.00 16.00 44.00 35.00 27.00 24.00 0.00 1.00 0.00 0.00 1.00
244.00 49.00 74.00 161.00 262.00 87.00 101.00 0.08 1.15 1.00 7.00 0.14 11.00 21.00 38.00 28.00 29.00 20.00 0.00 2.00 0.00 0.00 0.00
245.00 52.00 73.00 169.00 268.00 96.00 99.00 0.09 1.36 1.00 7.00 0.14 5.00 20.00 47.00 32.00 30.00 22.00 0.00 2.00 0.00 1.00 0.00
246.00 49.00 61.00 151.00 268.00 90.00 117.00 0.08 1.36 2.00 6.00 0.33 2.00 16.00 47.00 33.00 23.00 26.00 0.00 1.00 0.00 0.00 0.00
247.00 53.00 76.00 181.00 283.00 105.00 102.00 0.08 1.37 0.00 9.00 0.00 5.00 14.00 48.00 39.00 24.00 29.00 1.00 1.00 0.00 0.00 0.00
248.00 56.00 93.00 185.00 283.00 92.00 98.00 0.08 1.36 1.00 7.00 0.14 5.00 17.00 51.00 39.00 30.00 26.00 0.00 2.00 0.00 0.00 0.00
249.00 55.00 80.00 186.00 274.00 106.00 88.00 0.10 1.45 1.00 9.00 0.11 10.00 21.00 45.00 34.00 34.00 21.00 0.00 2.00 0.00 0.00 0.00
250.00 56.00 82.00 191.00 293.00 109.00 102.00 0.09 1.44 1.00 9.00 0.11 10.00 22.00 46.00 34.00 32.00 24.00 0.00 1.00 1.00 0.00 0.00
251.00 50.00 77.00 163.00 250.00 86.00 87.00 0.08 1.33 0.00 5.00 0.00 8.00 18.00 42.00 32.00 25.00 25.00 0.00 2.00 1.00 0.00 0.00
252.00 54.00 71.00 179.00 288.00 108.00 109.00 0.08 1.43 2.00 8.00 0.25 13.00 22.00 41.00 32.00 27.00 27.00 0.00 2.00 1.00 0.00 0.00
253.00 54.00 82.00 179.00 289.00 97.00 110.00 0.08 1.29 1.00 7.00 0.14 3.00 14.00 51.00 40.00 31.00 23.00 0.00 1.00 1.00 1.00 0.00
254.00 53.00 71.00 178.00 287.00 107.00 109.00 0.09 1.25 1.00 7.00 0.14 9.00 16.00 44.00 37.00 28.00 25.00 0.00 1.00 1.00 0.00 0.00
255.00 53.00 73.00 175.00 277.00 102.00 102.00 0.08 1.37 1.00 8.00 0.12 7.00 17.00 46.00 36.00 29.00 24.00 1.00 2.00 1.00 0.00 0.00
256.00 54.00 82.00 182.00 288.00 100.00 106.00 0.09 1.30 1.00 6.00 0.17 7.00 20.00 47.00 34.00 32.00 22.00 0.00 2.00 0.00 0.00 0.00
257.00 62.00 92.00 193.00 321.00 101.00 128.00 0.09 1.50 2.00 5.00 0.40 14.00 25.00 48.00 37.00 35.00 27.00 0.00 1.00 2.00 0.00 0.00
258.00 54.00 84.00 182.00 297.00 98.00 115.00 0.09 1.28 2.00 5.00 0.40 5.00 19.00 49.00 35.00 30.00 24.00 0.00 2.00 1.00 0.00 0.00
259.00 49.00 69.00 156.00 268.00 87.00 112.00 0.06 1.23 2.00 4.00 0.50 10.00 20.00 39.00 29.00 25.00 24.00 0.00 1.00 1.00 0.00 0.00
260.00 52.00 72.00 173.00 279.00 101.00 106.00 0.09 1.29 2.00 6.00 0.33 7.00 19.00 45.00 33.00 26.00 26.00 0.00 2.00 2.00 0.00 0.00
261.00 58.00 94.00 203.00 308.00 109.00 105.00 0.08 1.39 1.00 6.00 0.17 12.00 25.00 46.00 33.00 39.00 19.00 0.00 1.00 1.00 0.00 1.00
262.00 52.00 83.00 169.00 268.00 86.00 99.00 0.08 1.37 2.00 8.00 0.25 10.00 20.00 42.00 32.00 29.00 23.00 0.00 2.00 1.00 0.00 0.00
263.00 50.00 61.00 160.00 266.00 99.00 106.00 0.07 1.21 2.00 8.00 0.25 7.00 18.00 43.00 32.00 27.00 23.00 0.00 2.00 2.00 0.00 0.00
264.00 58.00 86.00 181.00 288.00 95.00 107.00 0.09 1.43 1.00 9.00 0.11 12.00 22.00 46.00 36.00 29.00 29.00 0.00 0.00 1.00 1.00 0.00
265.00 60.00 83.00 191.00 321.00 108.00 130.00 0.10 1.26 1.00 9.00 0.11 13.00 25.00 47.00 35.00 31.00 29.00 0.00 1.00 1.00 0.00 0.00
266.00 68.00 118.00 227.00 354.00 109.00 127.00 0.10 1.41 1.00 8.00 0.12 9.00 22.00 59.00 46.00 38.00 30.00 0.00 2.00 0.00 1.00 0.00
267.00 61.00 97.00 206.00 328.00 109.00 122.00 0.08 1.35 2.00 10.00 0.20 7.00 21.00 54.00 40.00 27.00 34.00 0.00 3.00 2.00 0.00 0.00
268.00 68.00 123.00 233.00 361.00 110.00 128.00 0.07 1.54 2.00 10.00 0.20 7.00 23.00 61.00 45.00 34.00 34.00 0.00 3.00 2.00 0.00 0.00
269.00 65.00 88.00 218.00 347.00 130.00 129.00 0.07 1.33 1.00 12.00 0.08 12.00 23.00 53.00 42.00 36.00 29.00 0.00 3.00 2.00 1.00 0.00
270.00 59.00 85.00 197.00 316.00 112.00 119.00 0.09 1.35 2.00 9.00 0.22 10.00 17.00 49.00 42.00 30.00 29.00 0.00 1.00 1.00 1.00 0.00
271.00 54.00 80.00 181.00 294.00 101.00 113.00 0.08 1.27 1.00 10.00 0.10 10.00 22.00 44.00 32.00 29.00 25.00 0.00 1.00 1.00 0.00 0.00
272.00 60.00 87.00 190.00 320.00 103.00 130.00 0.09 1.36 2.00 11.00 0.18 16.00 24.00 44.00 36.00 34.00 26.00 0.00 2.00 1.00 0.00 0.00
273.00 67.00 117.00 230.00 353.00 113.00 123.00 0.08 1.61 1.00 11.00 0.09 15.00 21.00 52.00 46.00 30.00 37.00 0.00 3.00 1.00 0.00 0.00
274.00 67.00 101.00 224.00 358.00 123.00 134.00 0.08 1.52 2.00 12.00 0.17 13.00 26.00 54.00 41.00 32.00 35.00 0.00 2.00 1.00 0.00 0.00
275.00 66.00 92.00 215.00 355.00 123.00 140.00 0.08 1.49 1.00 9.00 0.11 11.00 20.00 55.00 46.00 31.00 35.00 0.00 2.00 2.00 0.00 1.00
276.00 65.00 101.00 213.00 340.00 112.00 127.00 0.10 1.46 1.00 8.00 0.12 13.00 28.00 52.00 37.00 33.00 32.00 0.00 2.00 2.00 0.00 1.00
277.00 56.00 88.00 190.00 293.00 102.00 103.00 0.09 1.23 1.00 9.00 0.11 10.00 23.00 46.00 33.00 30.00 26.00 0.00 2.00 1.00 0.00 0.00
278.00 61.00 89.00 190.00 310.00 101.00 120.00 0.09 1.40 1.00 11.00 0.09 14.00 23.00 47.00 38.00 34.00 27.00 0.00 1.00 1.00 0.00 0.00
279.00 66.00 111.00 218.00 348.00 107.00 130.00 0.10 1.45 2.00 12.00 0.17 16.00 28.00 50.00 38.00 38.00 28.00 0.00 2.00 2.00 0.00 0.00
280.00 64.00 97.00 217.00 343.00 120.00 126.00 0.09 1.52 2.00 12.00 0.17 10.00 22.00 54.00 42.00 30.00 34.00 0.00 2.00 2.00 0.00 0.00
281.00 64.00 97.00 208.00 324.00 111.00 116.00 0.08 1.61 0.00 11.00 0.00 14.00 26.00 50.00 38.00 30.00 34.00 0.00 3.00 1.00 0.00 0.00
282.00 62.00 88.00 210.00 321.00 122.00 111.00 0.09 1.35 1.00 9.00 0.11 14.00 25.00 48.00 37.00 30.00 32.00 0.00 2.00 1.00 0.00 1.00
283.00 62.00 102.00 212.00 317.00 110.00 105.00 0.09 1.33 2.00 8.00 0.25 15.00 24.00 47.00 38.00 36.00 26.00 0.00 3.00 0.00 0.00 1.00
284.00 65.00 88.00 215.00 335.00 127.00 120.00 0.09 1.55 2.00 10.00 0.20 15.00 29.00 50.00 36.00 42.00 23.00 0.00 3.00 0.00 0.00 1.00
285.00 53.00 74.00 177.00 291.00 103.00 114.00 0.08 1.08 1.00 8.00 0.12 11.00 20.00 42.00 33.00 31.00 22.00 0.00 2.00 0.00 0.00 1.00
286.00 58.00 81.00 194.00 314.00 113.00 120.00 0.08 1.32 1.00 8.00 0.12 12.00 25.00 46.00 33.00 34.00 24.00 0.00 1.00 1.00 0.00 0.00
287.00 54.00 72.00 183.00 294.00 111.00 111.00 0.08 1.34 1.00 10.00 0.10 13.00 21.00 41.00 33.00 25.00 29.00 1.00 2.00 1.00 0.00 0.00
288.00 68.00 92.00 224.00 356.00 132.00 132.00 0.09 1.75 1.00 9.00 0.11 17.00 29.00 51.00 39.00 39.00 29.00 0.00 0.00 0.00 1.00 0.00
289.00 57.00 76.00 179.00 288.00 103.00 109.00 0.09 1.45 2.00 8.00 0.25 11.00 20.00 46.00 37.00 28.00 29.00 0.00 2.00 0.00 0.00 0.00
290.00 65.00 96.00 219.00 349.00 123.00 130.00 0.10 1.47 2.00 10.00 0.20 13.00 26.00 52.00 39.00 31.00 34.00 0.00 3.00 0.00 1.00 1.00
291.00 59.00 84.00 194.00 314.00 110.00 120.00 0.08 1.39 1.00 8.00 0.12 8.00 16.00 51.00 43.00 31.00 28.00 0.00 2.00 1.00 1.00 0.00
292.00 55.00 83.00 172.00 290.00 89.00 118.00 0.09 1.27 1.00 9.00 0.11 10.00 19.00 45.00 36.00 28.00 27.00 0.00 2.00 1.00 0.00 1.00
293.00 57.00 102.00 194.00 305.00 92.00 111.00 0.08 1.23 1.00 8.00 0.12 12.00 20.00 45.00 37.00 35.00 22.00 0.00 3.00 2.00 0.00 0.00
294.00 58.00 79.00 191.00 307.00 112.00 116.00 0.09 1.30 1.00 9.00 0.11 7.00 18.00 51.00 40.00 30.00 28.00 0.00 1.00 0.00 0.00 0.00
295.00 57.00 92.00 190.00 299.00 98.00 109.00 0.09 1.30 1.00 9.00 0.11 7.00 19.00 50.00 38.00 29.00 28.00 0.00 2.00 2.00 0.00 0.00
296.00 62.00 93.00 202.00 313.00 109.00 111.00 0.08 1.43 0.00 10.00 0.00 11.00 29.00 51.00 33.00 40.00 22.00 0.00 2.00 3.00 0.00 0.00
297.00 56.00 77.00 178.00 292.00 101.00 114.00 0.10 1.29 1.00 12.00 0.08 13.00 19.00 43.00 37.00 25.00 31.00 1.00 2.00 2.00 0.00 0.00
298.00 62.00 107.00 201.00 325.00 94.00 124.00 0.07 1.38 1.00 11.00 0.09 10.00 20.00 52.00 42.00 32.00 30.00 0.00 3.00 1.00 0.00 0.00
299.00 51.00 76.00 164.00 272.00 88.00 108.00 0.10 1.24 1.00 8.00 0.12 11.00 21.00 40.00 30.00 31.00 20.00 1.00 1.00 2.00 0.00 0.00
300.00 60.00 95.00 209.00 317.00 114.00 108.00 0.09 1.44 1.00 9.00 0.11 11.00 23.00 49.00 37.00 32.00 28.00 1.00 2.00 1.00 0.00 0.00
301.00 56.00 85.00 186.00 293.00 101.00 107.00 0.08 1.38 1.00 8.00 0.12 8.00 18.00 48.00 38.00 27.00 29.00 0.00 2.00 1.00 0.00 0.00
302.00 57.00 89.00 195.00 298.00 106.00 103.00 0.09 1.53 1.00 11.00 0.09 13.00 20.00 44.00 37.00 30.00 27.00 1.00 2.00 0.00 0.00 1.00
303.00 59.00 91.00 191.00 301.00 100.00 110.00 0.09 1.48 1.00 11.00 0.09 12.00 20.00 47.00 39.00 29.00 30.00 0.00 1.00 0.00 0.00 0.00
304.00 63.00 94.00 195.00 321.00 101.00 126.00 0.09 1.74 0.00 11.00 0.00 13.00 21.00 50.00 42.00 29.00 34.00 0.00 0.00 0.00 1.00 0.00
305.00 64.00 100.00 215.00 345.00 115.00 130.00 0.10 1.57 1.00 9.00 0.11 10.00 25.00 54.00 39.00 30.00 34.00 1.00 0.00 0.00 0.00 0.00
306.00 57.00 87.00 194.00 300.00 107.00 106.00 0.09 1.33 0.00 11.00 0.00 10.00 19.00 47.00 38.00 26.00 31.00 1.00 0.00 0.00 0.00 0.00
307.00 54.00 78.00 179.00 297.00 101.00 118.00 0.09 1.39 1.00 10.00 0.10 7.00 19.00 47.00 35.00 27.00 27.00 1.00 2.00 2.00 0.00 0.00
308.00 58.00 100.00 203.00 306.00 103.00 103.00 0.10 1.30 1.00 8.00 0.12 10.00 20.00 48.00 38.00 29.00 29.00 1.00 1.00 0.00 0.00 0.00
309.00 57.00 83.00 189.00 297.00 106.00 108.00 0.06 1.33 1.00 8.00 0.12 6.00 22.00 51.00 35.00 27.00 30.00 1.00 2.00 2.00 1.00 0.00
310.00 58.00 89.00 208.00 310.00 119.00 102.00 0.09 1.25 0.00 9.00 0.00 10.00 19.00 48.00 39.00 30.00 28.00 1.00 1.00 1.00 0.00 0.00
311.00 60.00 103.00 204.00 325.00 101.00 121.00 0.08 1.39 1.00 9.00 0.11 12.00 20.00 48.00 40.00 28.00 32.00 1.00 3.00 1.00 0.00 0.00
312.00 57.00 95.00 193.00 298.00 98.00 105.00 0.07 1.32 1.00 8.00 0.12 10.00 18.00 47.00 39.00 29.00 28.00 1.00 2.00 1.00 0.00 0.00
313.00 63.00 97.00 208.00 331.00 111.00 123.00 0.10 1.48 1.00 10.00 0.10 15.00 27.00 48.00 36.00 34.00 29.00 0.00 1.00 0.00 1.00 0.00
314.00 62.00 105.00 219.00 329.00 114.00 110.00 0.09 1.45 0.00 9.00 0.00 10.00 24.00 52.00 38.00 27.00 35.00 1.00 2.00 0.00 1.00 0.00
315.00 63.00 105.00 200.00 319.00 95.00 119.00 0.08 1.65 0.00 11.00 0.00 11.00 27.00 52.00 36.00 36.00 27.00 0.00 2.00 1.00 0.00 0.00
316.00 59.00 104.00 205.00 311.00 101.00 106.00 0.09 1.34 1.00 7.00 0.14 9.00 19.00 50.00 40.00 27.00 32.00 1.00 2.00 1.00 0.00 0.00
317.00 57.00 89.00 186.00 292.00 97.00 106.00 0.08 1.52 0.00 6.00 0.00 13.00 21.00 44.00 36.00 29.00 28.00 0.00 1.00 0.00 0.00 0.00
318.00 57.00 101.00 202.00 311.00 101.00 109.00 0.09 1.36 0.00 9.00 0.00 5.00 17.00 52.00 40.00 26.00 31.00 0.00 0.00 2.00 1.00 0.00
319.00 61.00 103.00 213.00 331.00 110.00 118.00 0.08 1.39 1.00 9.00 0.11 10.00 21.00 51.00 40.00 26.00 35.00 1.00 1.00 2.00 0.00 1.00
320.00 58.00 76.00 171.00 293.00 95.00 122.00 0.08 1.49 0.00 9.00 0.00 15.00 23.00 43.00 35.00 34.00 24.00 1.00 1.00 2.00 1.00 0.00
321.00 60.00 101.00 205.00 311.00 104.00 106.00 0.08 1.45 0.00 8.00 0.00 16.00 26.00 44.00 34.00 35.00 25.00 0.00 2.00 1.00 1.00 0.00
322.00 58.00 87.00 197.00 311.00 110.00 114.00 0.08 1.58 1.00 9.00 0.11 8.00 17.00 50.00 41.00 28.00 30.00 1.00 0.00 2.00 0.00 0.00
323.00 57.00 72.00 181.00 297.00 109.00 116.00 0.09 1.41 1.00 9.00 0.11 13.00 20.00 44.00 37.00 30.00 27.00 1.00 1.00 1.00 0.00 0.00
324.00 61.00 96.00 206.00 319.00 110.00 113.00 0.09 1.43 0.00 9.00 0.00 11.00 20.00 50.00 41.00 36.00 25.00 1.00 1.00 1.00 0.00 0.00
325.00 55.00 86.00 200.00 298.00 114.00 98.00 0.09 1.34 0.00 7.00 0.00 12.00 18.00 43.00 37.00 23.00 32.00 1.00 2.00 2.00 0.00 1.00
326.00 59.00 93.00 203.00 310.00 110.00 107.00 0.09 1.53 0.00 9.00 0.00 13.00 25.00 46.00 34.00 34.00 25.00 1.00 2.00 1.00 0.00 0.00
327.00 54.00 88.00 179.00 280.00 91.00 101.00 0.10 1.42 0.00 7.00 0.00 10.00 24.00 44.00 30.00 32.00 22.00 1.00 0.00 2.00 0.00 0.00
328.00 53.00 89.00 179.00 288.00 90.00 109.00 0.09 1.27 0.00 7.00 0.00 8.00 15.00 45.00 38.00 19.00 34.00 0.00 1.00 3.00 1.00 0.00
329.00 61.00 99.00 205.00 321.00 106.00 116.00 0.09 1.52 1.00 7.00 0.14 13.00 29.00 48.00 32.00 35.00 26.00 0.00 1.00 3.00 1.00 0.00
330.00 56.00 92.00 195.00 295.00 103.00 100.00 0.09 1.34 1.00 6.00 0.17 7.00 19.00 49.00 37.00 31.00 25.00 0.00 0.00 1.00 0.00 0.00
331.00 57.00 89.00 188.00 298.00 99.00 110.00 0.07 1.36 0.00 6.00 0.00 10.00 18.00 47.00 39.00 28.00 29.00 0.00 2.00 3.00 0.00 0.00
332.00 56.00 74.00 189.00 292.00 115.00 103.00 0.08 1.45 1.00 6.00 0.17 16.00 27.00 40.00 29.00 33.00 23.00 0.00 2.00 1.00 0.00 0.00
333.00 57.00 93.00 195.00 295.00 102.00 100.00 0.08 1.51 1.00 7.00 0.14 8.00 18.00 49.00 39.00 31.00 26.00 0.00 1.00 0.00 0.00 0.00
334.00 55.00 84.00 193.00 296.00 109.00 103.00 0.10 1.29 0.00 7.00 0.00 5.00 14.00 50.00 41.00 24.00 31.00 0.00 1.00 1.00 1.00 0.00
335.00 45.00 49.00 143.00 238.00 94.00 95.00 0.09 1.32 0.00 7.00 0.00 7.00 22.00 38.00 23.00 28.00 17.00 0.00 0.00 1.00 0.00 1.00
336.00 57.00 93.00 186.00 297.00 93.00 111.00 0.08 1.45 0.00 7.00 0.00 8.00 21.00 49.00 36.00 29.00 28.00 0.00 0.00 0.00 0.00 1.00
337.00 57.00 96.00 201.00 308.00 105.00 107.00 0.08 1.40 0.00 7.00 0.00 8.00 14.00 49.00 43.00 25.00 32.00 0.00 0.00 1.00 0.00 0.00
338.00 54.00 80.00 187.00 290.00 107.00 103.00 0.08 1.35 0.00 8.00 0.00 7.00 23.00 47.00 31.00 34.00 20.00 0.00 1.00 2.00 1.00 0.00
339.00 62.00 92.00 203.00 328.00 111.00 125.00 0.08 1.61 0.00 8.00 0.00 12.00 23.00 50.00 39.00 34.00 28.00 0.00 1.00 2.00 1.00 0.00
340.00 61.00 104.00 205.00 322.00 101.00 117.00 0.06 1.41 0.00 8.00 0.00 13.00 28.00 48.00 33.00 38.00 23.00 0.00 2.00 1.00 0.00 1.00
341.00 59.00 99.00 205.00 311.00 106.00 106.00 0.08 1.41 0.00 7.00 0.00 13.00 24.00 46.00 35.00 33.00 26.00 0.00 0.00 2.00 0.00 0.00
342.00 61.00 107.00 208.00 319.00 101.00 111.00 0.07 1.47 0.00 8.00 0.00 10.00 21.00 51.00 40.00 31.00 30.00 1.00 1.00 2.00 0.00 0.00
343.00 54.00 88.00 188.00 284.00 100.00 96.00 0.09 1.34 0.00 9.00 0.00 8.00 16.00 46.00 38.00 26.00 28.00 1.00 1.00 1.00 0.00 0.00
344.00 58.00 85.00 205.00 292.00 120.00 87.00 0.09 1.43 0.00 10.00 0.00 9.00 18.00 49.00 40.00 31.00 27.00 1.00 1.00 1.00 0.00 0.00
345.00 48.00 69.00 159.00 250.00 90.00 91.00 0.09 1.25 0.00 8.00 0.00 5.00 15.00 43.00 33.00 21.00 27.00 0.00 1.00 0.00 0.00 0.00
346.00 52.00 64.00 188.00 285.00 124.00 97.00 0.07 1.38 0.00 10.00 0.00 8.00 14.00 44.00 38.00 24.00 28.00 0.00 1.00 3.00 0.00 0.00
347.00 59.00 100.00 192.00 311.00 92.00 119.00 0.09 1.29 1.00 11.00 0.09 12.00 26.00 47.00 33.00 36.00 23.00 0.00 1.00 2.00 0.00 0.00
348.00 55.00 86.00 176.00 287.00 90.00 111.00 0.08 1.38 1.00 11.00 0.09 12.00 21.00 43.00 34.00 30.00 25.00 0.00 1.00 1.00 0.00 0.00
349.00 53.00 76.00 175.00 277.00 99.00 102.00 0.09 1.31 0.00 12.00 0.00 10.00 23.00 43.00 30.00 30.00 23.00 0.00 1.00 1.00 0.00 0.00
350.00 57.00 83.00 199.00 307.00 116.00 108.00 0.08 1.41 0.00 10.00 0.00 5.00 15.00 52.00 42.00 30.00 27.00 0.00 2.00 3.00 0.00 0.00
351.00 61.00 105.00 200.00 323.00 95.00 123.00 0.07 1.55 0.00 8.00 0.00 10.00 22.00 51.00 39.00 27.00 34.00 0.00 2.00 1.00 0.00 0.00
352.00 57.00 95.00 193.00 305.00 98.00 112.00 0.09 1.39 0.00 11.00 0.00 11.00 20.00 46.00 37.00 33.00 24.00 0.00 0.00 1.00 0.00 0.00
353.00 62.00 115.00 218.00 332.00 103.00 114.00 0.09 1.54 0.00 12.00 0.00 8.00 11.00 54.00 51.00 19.00 43.00 0.00 3.00 2.00 0.00 0.00
354.00 58.00 85.00 193.00 308.00 108.00 115.00 0.09 1.54 0.00 12.00 0.00 11.00 19.00 47.00 39.00 30.00 28.00 0.00 2.00 1.00 0.00 1.00
355.00 56.00 82.00 186.00 304.00 104.00 118.00 0.10 1.36 0.00 8.00 0.00 11.00 17.00 45.00 39.00 29.00 27.00 0.00 3.00 1.00 0.00 0.00
356.00 62.00 101.00 215.00 331.00 114.00 116.00 0.07 1.56 0.00 11.00 0.00 12.00 21.00 50.00 41.00 32.00 30.00 0.00 2.00 1.00 0.00 0.00
357.00 59.00 89.00 188.00 305.00 99.00 117.00 0.08 1.54 0.00 9.00 0.00 11.00 23.00 48.00 36.00 32.00 27.00 0.00 3.00 1.00 0.00 0.00
358.00 62.00 107.00 214.00 327.00 107.00 113.00 0.09 1.73 0.00 11.00 0.00 9.00 22.00 53.00 40.00 31.00 31.00 0.00 1.00 2.00 1.00 0.00
359.00 57.00 92.00 189.00 305.00 97.00 116.00 0.09 1.45 0.00 11.00 0.00 11.00 18.00 46.00 39.00 29.00 28.00 0.00 2.00 1.00 1.00 0.00
360.00 56.00 87.00 182.00 293.00 95.00 111.00 0.08 1.48 0.00 12.00 0.00 8.00 16.00 48.00 40.00 28.00 28.00 0.00 3.00 2.00 0.00 0.00
361.00 54.00 75.00 184.00 284.00 109.00 100.00 0.09 1.32 0.00 11.00 0.00 8.00 19.00 46.00 35.00 25.00 29.00 0.00 2.00 2.00 0.00 0.00
362.00 57.00 93.00 184.00 301.00 91.00 117.00 0.08 1.45 0.00 10.00 0.00 10.00 21.00 47.00 36.00 30.00 27.00 0.00 1.00 2.00 0.00 0.00
363.00 61.00 93.00 207.00 329.00 114.00 122.00 0.08 1.54 1.00 11.00 0.09 15.00 29.00 46.00 32.00 38.00 23.00 0.00 2.00 3.00 0.00 0.00
364.00 61.00 92.00 205.00 326.00 113.00 121.00 0.09 1.57 1.00 10.00 0.10 11.00 23.00 50.00 38.00 30.00 31.00 0.00 1.00 1.00 0.00 0.00
365.00 63.00 107.00 212.00 322.00 105.00 110.00 0.08 1.63 0.00 10.00 0.00 9.00 16.00 54.00 47.00 23.00 40.00 0.00 2.00 1.00 0.00 0.00
366.00 52.00 79.00 168.00 277.00 89.00 109.00 0.08 1.44 1.00 6.00 0.17 10.00 23.00 42.00 29.00 34.00 18.00 0.00 1.00 2.00 0.00 0.00
367.00 57.00 104.00 192.00 292.00 88.00 100.00 0.09 1.48 1.00 8.00 0.12 11.00 24.00 46.00 33.00 30.00 27.00 0.00 2.00 2.00 0.00 0.00
368.00 54.00 83.00 185.00 295.00 102.00 110.00 0.10 1.39 0.00 10.00 0.00 5.00 14.00 49.00 40.00 32.00 22.00 0.00 1.00 1.00 0.00 1.00
369.00 57.00 93.00 201.00 293.00 108.00 92.00 0.09 1.51 0.00 10.00 0.00 9.00 18.00 48.00 39.00 30.00 27.00 0.00 2.00 1.00 0.00 0.00
370.00 59.00 99.00 197.00 313.00 98.00 116.00 0.09 1.57 0.00 9.00 0.00 7.00 17.00 52.00 42.00 33.00 26.00 0.00 1.00 3.00 0.00 0.00
371.00 61.00 101.00 197.00 323.00 96.00 126.00 0.07 1.63 0.00 9.00 0.00 9.00 20.00 52.00 41.00 29.00 32.00 0.00 1.00 2.00 1.00 0.00
372.00 63.00 101.00 211.00 323.00 110.00 112.00 0.09 1.73 0.00 10.00 0.00 10.00 20.00 53.00 43.00 27.00 36.00 0.00 1.00 3.00 1.00 1.00
373.00 61.00 94.00 207.00 323.00 113.00 116.00 0.09 1.53 0.00 11.00 0.00 14.00 26.00 47.00 35.00 33.00 28.00 0.00 0.00 2.00 0.00 1.00
374.00 57.00 100.00 198.00 304.00 98.00 106.00 0.09 1.44 1.00 10.00 0.10 10.00 27.00 47.00 30.00 36.00 21.00 0.00 0.00 2.00 1.00 0.00
375.00 64.00 105.00 212.00 335.00 107.00 123.00 0.09 1.57 1.00 8.00 0.12 11.00 25.00 53.00 39.00 38.00 26.00 1.00 1.00 2.00 1.00 0.00
376.00 58.00 81.00 192.00 313.00 111.00 121.00 0.09 1.52 0.00 7.00 0.00 13.00 28.00 45.00 30.00 32.00 26.00 0.00 0.00 2.00 1.00 0.00
377.00 61.00 108.00 202.00 322.00 94.00 120.00 0.09 1.61 1.00 6.00 0.17 11.00 21.00 50.00 40.00 32.00 29.00 0.00 1.00 2.00 1.00 0.00
378.00 66.00 114.00 227.00 341.00 113.00 114.00 0.08 1.76 2.00 8.00 0.25 10.00 18.00 56.00 48.00 34.00 32.00 0.00 2.00 2.00 0.00 0.00
379.00 57.00 76.00 182.00 309.00 106.00 127.00 0.08 1.54 0.00 7.00 0.00 10.00 19.00 47.00 38.00 31.00 26.00 0.00 2.00 1.00 1.00 0.00
380.00 58.00 78.00 190.00 312.00 112.00 122.00 0.08 1.57 2.00 8.00 0.25 10.00 23.00 48.00 35.00 32.00 26.00 0.00 2.00 2.00 0.00 0.00
381.00 60.00 100.00 206.00 321.00 106.00 115.00 0.10 1.46 1.00 9.00 0.11 11.00 26.00 49.00 34.00 34.00 26.00 0.00 0.00 0.00 0.00 0.00
382.00 59.00 97.00 205.00 320.00 108.00 115.00 0.08 1.55 1.00 11.00 0.09 6.00 15.00 53.00 44.00 26.00 33.00 0.00 1.00 1.00 0.00 0.00
383.00 64.00 94.00 220.00 342.00 126.00 122.00 0.09 1.58 1.00 10.00 0.10 12.00 24.00 52.00 40.00 33.00 31.00 2.00 2.00 2.00 0.00 0.00
384.00 56.00 72.00 184.00 305.00 112.00 121.00 0.09 1.51 1.00 9.00 0.11 9.00 21.00 47.00 35.00 35.00 21.00 1.00 1.00 1.00 0.00 0.00
385.00 56.00 87.00 185.00 294.00 98.00 109.00 0.08 1.59 0.00 6.00 0.00 10.00 25.00 46.00 31.00 30.00 26.00 1.00 2.00 3.00 0.00 0.00
386.00 58.00 93.00 196.00 314.00 103.00 118.00 0.08 1.56 1.00 5.00 0.20 9.00 20.00 49.00 38.00 30.00 28.00 1.00 1.00 2.00 1.00 0.00
387.00 51.00 70.00 175.00 275.00 105.00 100.00 0.08 1.37 1.00 6.00 0.17 3.00 12.00 48.00 39.00 27.00 24.00 0.00 2.00 3.00 0.00 0.00
388.00 53.00 75.00 165.00 280.00 90.00 115.00 0.08 1.49 1.00 6.00 0.17 6.00 18.00 47.00 35.00 30.00 23.00 0.00 2.00 1.00 1.00 0.00
389.00 54.00 77.00 181.00 287.00 104.00 106.00 0.10 1.40 1.00 7.00 0.14 9.00 23.00 45.00 31.00 37.00 17.00 0.00 0.00 2.00 0.00 0.00
390.00 58.00 90.00 201.00 314.00 111.00 113.00 0.09 1.46 1.00 7.00 0.14 15.00 23.00 43.00 35.00 30.00 28.00 0.00 2.00 3.00 0.00 0.00
391.00 59.00 94.00 206.00 312.00 112.00 106.00 0.08 1.42 1.00 7.00 0.14 8.00 19.00 51.00 40.00 25.00 34.00 0.00 2.00 2.00 1.00 0.00
392.00 54.00 74.00 172.00 297.00 98.00 125.00 0.09 1.37 1.00 7.00 0.14 9.00 19.00 45.00 35.00 29.00 25.00 0.00 1.00 1.00 1.00 0.00
393.00 51.00 56.00 165.00 267.00 109.00 102.00 0.06 1.49 0.00 7.00 0.00 15.00 25.00 36.00 26.00 39.00 12.00 0.00 1.00 1.00 0.00 0.00
394.00 57.00 94.00 201.00 305.00 107.00 104.00 0.09 1.44 1.00 9.00 0.11 10.00 19.00 47.00 38.00 30.00 27.00 0.00 1.00 1.00 1.00 0.00
395.00 57.00 93.00 196.00 295.00 103.00 99.00 0.08 1.44 1.00 8.00 0.12 12.00 21.00 45.00 36.00 28.00 29.00 1.00 2.00 2.00 0.00 0.00
396.00 54.00 83.00 175.00 273.00 92.00 98.00 0.09 1.38 1.00 7.00 0.14 9.00 27.00 45.00 27.00 34.00 20.00 1.00 0.00 1.00 0.00 0.00
397.00 55.00 82.00 188.00 296.00 106.00 108.00 0.09 1.35 1.00 8.00 0.12 6.00 22.00 49.00 33.00 29.00 26.00 1.00 1.00 1.00 0.00 0.00
398.00 54.00 84.00 186.00 294.00 102.00 108.00 0.08 1.26 1.00 6.00 0.17 13.00 23.00 41.00 31.00 36.00 18.00 1.00 1.00 1.00 0.00 0.00
399.00 52.00 76.00 174.00 275.00 98.00 101.00 0.08 1.32 0.00 8.00 0.00 13.00 24.00 39.00 28.00 31.00 21.00 1.00 0.00 2.00 0.00 0.00
400.00 48.00 65.00 160.00 255.00 95.00 95.00 0.09 1.17 1.00 8.00 0.12 6.00 18.00 42.00 30.00 28.00 20.00 0.00 0.00 0.00 0.00 0.00
401.00 48.00 62.00 158.00 264.00 96.00 106.00 0.09 1.16 1.00 9.00 0.11 9.00 18.00 39.00 30.00 24.00 24.00 3.00 1.00 2.00 0.00 0.00
402.00 51.00 82.00 180.00 270.00 98.00 90.00 0.09 1.24 0.00 9.00 0.00 10.00 17.00 41.00 34.00 25.00 26.00 3.00 1.00 0.00 1.00 0.00
403.00 53.00 64.00 168.00 287.00 104.00 119.00 0.10 1.50 1.00 5.00 0.20 14.00 22.00 39.00 31.00 29.00 24.00 2.00 0.00 1.00 0.00 0.00
404.00 53.00 64.00 164.00 280.00 100.00 116.00 0.09 1.40 1.00 7.00 0.14 12.00 19.00 41.00 34.00 26.00 27.00 1.00 1.00 1.00 0.00 0.00
405.00 48.00 76.00 172.00 257.00 96.00 85.00 0.08 1.22 1.00 10.00 0.10 6.00 17.00 42.00 31.00 27.00 21.00 2.00 1.00 1.00 0.00 0.00
406.00 51.00 61.00 169.00 277.00 108.00 108.00 0.10 1.21 1.00 6.00 0.17 9.00 20.00 42.00 31.00 29.00 22.00 2.00 1.00 0.00 0.00 0.00
407.00 55.00 68.00 184.00 295.00 116.00 111.00 0.09 1.40 1.00 8.00 0.12 11.00 20.00 44.00 35.00 26.00 29.00 2.00 1.00 0.00 0.00 0.00
408.00 55.00 87.00 178.00 293.00 91.00 115.00 0.08 1.26 0.00 7.00 0.00 12.00 24.00 43.00 31.00 36.00 19.00 3.00 1.00 0.00 0.00 1.00
409.00 50.00 80.00 180.00 269.00 100.00 89.00 0.09 1.12 1.00 6.00 0.17 8.00 19.00 42.00 31.00 28.00 22.00 0.00 0.00 1.00 0.00 0.00
410.00 55.00 79.00 186.00 295.00 107.00 109.00 0.08 1.35 1.00 6.00 0.17 10.00 17.00 45.00 38.00 27.00 28.00 1.00 1.00 1.00 0.00 0.00
411.00 44.00 50.00 141.00 242.00 91.00 101.00 0.08 1.13 1.00 6.00 0.17 7.00 16.00 37.00 28.00 26.00 18.00 1.00 1.00 0.00 0.00 0.00
412.00 52.00 68.00 162.00 282.00 94.00 120.00 0.09 1.42 1.00 6.00 0.17 10.00 20.00 42.00 32.00 30.00 22.00 1.00 1.00 1.00 0.00 0.00
413.00 52.00 78.00 174.00 283.00 96.00 109.00 0.09 1.27 1.00 8.00 0.12 6.00 20.00 46.00 32.00 33.00 19.00 2.00 1.00 1.00 0.00 0.00
414.00 53.00 82.00 174.00 273.00 92.00 99.00 0.10 1.40 1.00 7.00 0.14 7.00 15.00 46.00 38.00 32.00 21.00 2.00 1.00 0.00 0.00 0.00
415.00 54.00 82.00 187.00 288.00 105.00 101.00 0.08 1.35 2.00 7.00 0.29 7.00 15.00 47.00 39.00 25.00 29.00 1.00 1.00 1.00 0.00 0.00
416.00 55.00 87.00 183.00 291.00 96.00 108.00 0.09 1.49 1.00 7.00 0.14 12.00 20.00 43.00 35.00 29.00 26.00 1.00 1.00 2.00 0.00 0.00
417.00 50.00 70.00 152.00 257.00 82.00 105.00 0.08 1.36 2.00 8.00 0.25 10.00 17.00 40.00 33.00 29.00 21.00 1.00 1.00 1.00 0.00 1.00
418.00 50.00 63.00 166.00 276.00 103.00 110.00 0.08 1.32 1.00 7.00 0.14 10.00 19.00 40.00 31.00 28.00 22.00 1.00 1.00 0.00 0.00 0.00
419.00 56.00 80.00 187.00 293.00 107.00 106.00 0.08 1.41 1.00 9.00 0.11 10.00 26.00 46.00 30.00 38.00 18.00 2.00 0.00 2.00 0.00 0.00
420.00 53.00 72.00 177.00 278.00 105.00 101.00 0.09 1.34 1.00 5.00 0.20 12.00 21.00 41.00 32.00 32.00 21.00 2.00 1.00 0.00 0.00 0.00
421.00 51.00 72.00 170.00 268.00 98.00 98.00 0.08 1.30 1.00 8.00 0.12 9.00 16.00 42.00 35.00 23.00 28.00 2.00 0.00 0.00 0.00 0.00
422.00 52.00 78.00 183.00 274.00 105.00 91.00 0.08 1.20 1.00 8.00 0.12 7.00 14.00 45.00 38.00 30.00 22.00 1.00 0.00 0.00 0.00 1.00
423.00 52.00 84.00 178.00 282.00 94.00 104.00 0.08 1.28 1.00 8.00 0.12 6.00 14.00 46.00 38.00 23.00 29.00 1.00 1.00 1.00 0.00 0.00
424.00 45.00 67.00 145.00 237.00 78.00 92.00 0.06 1.20 1.00 6.00 0.17 4.00 16.00 41.00 29.00 22.00 23.00 2.00 1.00 0.00 0.00 0.00
425.00 50.00 74.00 173.00 262.00 99.00 89.00 0.07 1.33 1.00 8.00 0.12 12.00 22.00 38.00 28.00 28.00 22.00 2.00 1.00 0.00 0.00 0.00
426.00 51.00 70.00 175.00 263.00 105.00 88.00 0.08 1.18 1.00 9.00 0.11 14.00 21.00 37.00 30.00 27.00 24.00 2.00 0.00 0.00 0.00 0.00
427.00 47.00 67.00 149.00 250.00 82.00 101.00 0.08 1.36 1.00 8.00 0.12 11.00 19.00 36.00 28.00 27.00 20.00 0.00 0.00 0.00 0.00 0.00
428.00 52.00 66.00 162.00 287.00 96.00 125.00 0.08 1.34 1.00 9.00 0.11 9.00 19.00 43.00 33.00 33.00 19.00 0.00 0.00 0.00 0.00 1.00
429.00 44.00 55.00 132.00 238.00 77.00 106.00 0.08 1.25 2.00 7.00 0.29 11.00 19.00 33.00 25.00 24.00 20.00 0.00 1.00 0.00 1.00 0.00
430.00 42.00 48.00 135.00 223.00 87.00 88.00 0.10 1.11 0.00 6.00 0.00 11.00 20.00 31.00 22.00 24.00 18.00 1.00 1.00 0.00 0.00 0.00
431.00 41.00 52.00 130.00 216.00 78.00 86.00 0.09 1.22 2.00 7.00 0.29 8.00 15.00 33.00 26.00 26.00 15.00 0.00 2.00 0.00 1.00 0.00
432.00 52.00 78.00 172.00 262.00 94.00 90.00 0.09 1.36 2.00 6.00 0.33 10.00 23.00 42.00 29.00 30.00 22.00 0.00 0.00 0.00 0.00 1.00
433.00 47.00 73.00 148.00 236.00 75.00 88.00 0.10 1.26 0.00 6.00 0.00 16.00 21.00 31.00 26.00 31.00 16.00 1.00 1.00 0.00 1.00 0.00
434.00 39.00 55.00 123.00 206.00 68.00 83.00 0.09 1.11 0.00 4.00 0.00 7.00 12.00 32.00 27.00 22.00 17.00 0.00 2.00 2.00 0.00 0.00
435.00 37.00 29.00 99.00 204.00 70.00 105.00 0.07 1.14 2.00 5.00 0.40 12.00 22.00 25.00 15.00 27.00 10.00 1.00 1.00 0.00 0.00 0.00
436.00 49.00 70.00 158.00 262.00 88.00 104.00 0.08 1.28 1.00 7.00 0.14 9.00 22.00 40.00 27.00 34.00 15.00 1.00 1.00 1.00 0.00 0.00
437.00 46.00 67.00 150.00 234.00 83.00 84.00 0.07 1.18 1.00 5.00 0.20 9.00 14.00 37.00 32.00 27.00 19.00 1.00 1.00 0.00 0.00 0.00
438.00 47.00 71.00 155.00 253.00 84.00 98.00 0.09 1.30 0.00 7.00 0.00 6.00 17.00 41.00 30.00 23.00 24.00 0.00 0.00 0.00 0.00 0.00
439.00 41.00 44.00 134.00 227.00 90.00 93.00 0.08 1.27 0.00 6.00 0.00 5.00 9.00 36.00 32.00 15.00 26.00 2.00 1.00 0.00 0.00 0.00
440.00 41.00 45.00 121.00 220.00 76.00 99.00 0.09 1.16 1.00 5.00 0.20 10.00 20.00 31.00 21.00 28.00 13.00 2.00 0.00 0.00 0.00 0.00
441.00 43.00 53.00 123.00 220.00 70.00 97.00 0.09 1.28 0.00 7.00 0.00 8.00 18.00 35.00 25.00 25.00 18.00 0.00 0.00 1.00 0.00 0.00
442.00 42.00 57.00 134.00 225.00 77.00 91.00 0.10 1.03 0.00 5.00 0.00 7.00 19.00 35.00 23.00 25.00 17.00 1.00 0.00 0.00 0.00 0.00
443.00 35.00 34.00 115.00 186.00 81.00 71.00 0.08 0.91 0.00 5.00 0.00 6.00 16.00 29.00 19.00 19.00 16.00 1.00 1.00 0.00 0.00 0.00
444.00 40.00 42.00 117.00 207.00 75.00 90.00 0.10 1.17 0.00 3.00 0.00 7.00 17.00 33.00 23.00 24.00 16.00 0.00 1.00 0.00 0.00 0.00
445.00 47.00 65.00 142.00 233.00 77.00 91.00 0.09 1.34 1.00 5.00 0.20 16.00 21.00 31.00 26.00 26.00 21.00 0.00 0.00 0.00 1.00 1.00
446.00 40.00 54.00 130.00 214.00 76.00 84.00 0.09 1.11 0.00 3.00 0.00 5.00 13.00 35.00 27.00 18.00 22.00 1.00 1.00 0.00 0.00 0.00
447.00 40.00 57.00 123.00 218.00 66.00 95.00 0.09 1.10 1.00 5.00 0.20 6.00 14.00 34.00 26.00 20.00 20.00 1.00 1.00 0.00 0.00 0.00
448.00 47.00 59.00 144.00 243.00 85.00 99.00 0.09 1.33 1.00 8.00 0.12 10.00 17.00 37.00 30.00 24.00 23.00 1.00 1.00 1.00 0.00 1.00
449.00 44.00 69.00 138.00 217.00 69.00 79.00 0.11 1.32 1.00 6.00 0.17 9.00 18.00 35.00 26.00 27.00 17.00 1.00 1.00 0.00 0.00 0.00
450.00 45.00 59.00 141.00 237.00 82.00 96.00 0.08 1.39 0.00 6.00 0.00 7.00 19.00 38.00 26.00 30.00 15.00 1.00 0.00 0.00 0.00 0.00
451.00 47.00 68.00 155.00 245.00 87.00 90.00 0.08 1.29 0.00 7.00 0.00 11.00 18.00 36.00 29.00 28.00 19.00 1.00 1.00 0.00 1.00 0.00
452.00 44.00 52.00 135.00 230.00 83.00 95.00 0.07 1.28 0.00 6.00 0.00 9.00 17.00 35.00 27.00 26.00 18.00 1.00 1.00 1.00 0.00 0.00
453.00 51.00 80.00 166.00 257.00 86.00 91.00 0.07 1.57 0.00 10.00 0.00 9.00 16.00 42.00 35.00 29.00 22.00 0.00 0.00 0.00 0.00 0.00
454.00 50.00 73.00 162.00 257.00 89.00 95.00 0.09 1.36 0.00 7.00 0.00 10.00 21.00 40.00 29.00 28.00 22.00 0.00 1.00 2.00 0.00 0.00
455.00 49.00 80.00 152.00 246.00 72.00 94.00 0.07 1.50 0.00 9.00 0.00 9.00 17.00 40.00 32.00 26.00 23.00 2.00 1.00 0.00 0.00 0.00
456.00 44.00 51.00 140.00 228.00 89.00 88.00 0.08 1.38 0.00 8.00 0.00 9.00 15.00 35.00 29.00 21.00 23.00 0.00 2.00 0.00 0.00 0.00
457.00 47.00 69.00 151.00 242.00 82.00 91.00 0.08 1.35 0.00 5.00 0.00 8.00 14.00 39.00 33.00 23.00 24.00 0.00 2.00 0.00 0.00 0.00
458.00 43.00 49.00 136.00 228.00 87.00 92.00 0.10 1.30 0.00 7.00 0.00 7.00 12.00 36.00 31.00 21.00 22.00 0.00 1.00 0.00 0.00 0.00
459.00 48.00 74.00 159.00 249.00 85.00 90.00 0.08 1.33 0.00 6.00 0.00 10.00 15.00 38.00 33.00 22.00 26.00 0.00 1.00 0.00 0.00 0.00
460.00 43.00 55.00 128.00 211.00 73.00 83.00 0.09 1.70 0.00 3.00 0.00 11.00 19.00 32.00 24.00 31.00 12.00 0.00 0.00 0.00 0.00 0.00
461.00 44.00 63.00 137.00 233.00 74.00 96.00 0.09 1.31 1.00 8.00 0.12 7.00 16.00 37.00 28.00 23.00 21.00 0.00 1.00 0.00 0.00 0.00
462.00 39.00 48.00 114.00 200.00 66.00 86.00 0.08 1.30 0.00 4.00 0.00 6.00 12.00 33.00 27.00 19.00 20.00 1.00 1.00 1.00 0.00 0.00
463.00 46.00 55.00 135.00 227.00 80.00 92.00 0.08 1.35 0.00 6.00 0.00 11.00 19.00 35.00 27.00 28.00 18.00 1.00 0.00 1.00 0.00 0.00
464.00 41.00 62.00 137.00 213.00 75.00 76.00 0.09 1.17 1.00 5.00 0.20 6.00 20.00 35.00 21.00 27.00 14.00 0.00 1.00 1.00 0.00 0.00
465.00 43.00 56.00 132.00 227.00 76.00 95.00 0.06 1.44 1.00 3.00 0.33 9.00 14.00 34.00 29.00 21.00 22.00 0.00 0.00 0.00 0.00 0.00
466.00 40.00 55.00 129.00 208.00 74.00 79.00 0.09 1.12 1.00 5.00 0.20 7.00 18.00 33.00 22.00 31.00 9.00 0.00 0.00 0.00 0.00 0.00
467.00 46.00 71.00 149.00 235.00 78.00 86.00 0.07 1.33 0.00 6.00 0.00 12.00 17.00 34.00 29.00 21.00 25.00 0.00 0.00 0.00 0.00 1.00
468.00 38.00 43.00 123.00 203.00 80.00 80.00 0.08 1.07 1.00 6.00 0.17 6.00 11.00 32.00 27.00 19.00 19.00 0.00 0.00 0.00 0.00 0.00
469.00 41.00 51.00 130.00 216.00 79.00 86.00 0.07 1.16 0.00 4.00 0.00 7.00 17.00 34.00 24.00 21.00 20.00 0.00 1.00 0.00 0.00 0.00
470.00 39.00 51.00 121.00 202.00 70.00 81.00 0.07 1.00 0.00 5.00 0.00 5.00 10.00 34.00 29.00 21.00 18.00 1.00 1.00 1.00 0.00 0.00
471.00 40.00 56.00 139.00 219.00 83.00 80.00 0.08 1.25 0.00 5.00 0.00 3.00 12.00 37.00 28.00 19.00 21.00 1.00 0.00 1.00 0.00 0.00
472.00 44.00 65.00 149.00 227.00 84.00 78.00 0.08 1.26 0.00 5.00 0.00 8.00 18.00 36.00 26.00 23.00 21.00 2.00 0.00 0.00 0.00 0.00
473.00 36.00 44.00 103.00 185.00 59.00 82.00 0.07 1.44 0.00 3.00 0.00 8.00 16.00 28.00 20.00 23.00 13.00 0.00 0.00 0.00 0.00 0.00
474.00 42.00 55.00 130.00 217.00 75.00 87.00 0.09 1.24 0.00 5.00 0.00 11.00 22.00 31.00 20.00 29.00 13.00 0.00 0.00 0.00 0.00 0.00
475.00 41.00 56.00 130.00 224.00 74.00 94.00 0.10 1.37 0.00 4.00 0.00 9.00 18.00 32.00 23.00 28.00 13.00 0.00 0.00 1.00 1.00 0.00
476.00 39.00 56.00 123.00 200.00 67.00 77.00 0.09 1.13 0.00 6.00 0.00 6.00 12.00 33.00 27.00 18.00 21.00 0.00 1.00 0.00 0.00 0.00
477.00 44.00 60.00 138.00 228.00 78.00 90.00 0.07 1.25 0.00 7.00 0.00 11.00 21.00 33.00 23.00 30.00 14.00 0.00 1.00 0.00 0.00 0.00
478.00 43.00 52.00 138.00 228.00 86.00 90.00 0.08 1.26 0.00 6.00 0.00 8.00 15.00 35.00 28.00 22.00 21.00 1.00 0.00 0.00 1.00 0.00
479.00 40.00 46.00 121.00 217.00 75.00 96.00 0.09 1.16 0.00 6.00 0.00 6.00 14.00 34.00 26.00 20.00 20.00 0.00 1.00 0.00 1.00 1.00
480.00 45.00 57.00 147.00 230.00 90.00 83.00 0.09 1.18 0.00 6.00 0.00 10.00 22.00 35.00 23.00 30.00 15.00 0.00 0.00 1.00 0.00 0.00
481.00 37.00 49.00 108.00 190.00 59.00 82.00 0.08 1.10 0.00 5.00 0.00 9.00 15.00 28.00 22.00 20.00 17.00 0.00 0.00 0.00 0.00 1.00
482.00 42.00 62.00 130.00 220.00 68.00 90.00 0.09 1.24 0.00 5.00 0.00 4.00 13.00 38.00 29.00 17.00 25.00 1.00 1.00 0.00 0.00 0.00
483.00 46.00 59.00 136.00 242.00 77.00 106.00 0.08 1.35 0.00 6.00 0.00 13.00 19.00 33.00 27.00 24.00 22.00 0.00 0.00 0.00 0.00 0.00
484.00 44.00 57.00 131.00 225.00 74.00 94.00 0.08 1.32 1.00 5.00 0.20 6.00 15.00 38.00 29.00 23.00 21.00 0.00 1.00 0.00 0.00 0.00
485.00 40.00 53.00 131.00 209.00 78.00 78.00 0.08 1.34 0.00 7.00 0.00 4.00 13.00 36.00 27.00 20.00 20.00 0.00 0.00 1.00 0.00 0.00
486.00 40.00 51.00 119.00 205.00 68.00 86.00 0.08 1.18 0.00 6.00 0.00 11.00 20.00 29.00 20.00 22.00 18.00 1.00 0.00 0.00 0.00 1.00
487.00 44.00 56.00 138.00 233.00 82.00 95.00 0.10 1.28 1.00 7.00 0.14 7.00 17.00 37.00 27.00 22.00 22.00 2.00 0.00 0.00 0.00 0.00
488.00 40.00 47.00 125.00 216.00 78.00 91.00 0.09 1.19 0.00 5.00 0.00 8.00 12.00 32.00 28.00 22.00 18.00 1.00 1.00 0.00 0.00 0.00
489.00 46.00 64.00 148.00 244.00 84.00 96.00 0.09 1.25 0.00 6.00 0.00 9.00 18.00 37.00 28.00 22.00 24.00 0.00 0.00 1.00 0.00 1.00
490.00 41.00 59.00 128.00 220.00 69.00 92.00 0.10 1.22 0.00 5.00 0.00 7.00 14.00 34.00 27.00 20.00 21.00 1.00 1.00 0.00 0.00 0.00
491.00 41.00 53.00 129.00 218.00 76.00 89.00 0.08 1.24 0.00 6.00 0.00 11.00 15.00 30.00 26.00 24.00 17.00 0.00 0.00 0.00 0.00 0.00
492.00 44.00 71.00 147.00 232.00 76.00 85.00 0.10 1.17 1.00 7.00 0.14 6.00 12.00 38.00 32.00 19.00 25.00 0.00 1.00 0.00 1.00 0.00
493.00 45.00 67.00 145.00 231.00 78.00 86.00 0.08 1.14 0.00 8.00 0.00 9.00 18.00 36.00 27.00 24.00 21.00 0.00 1.00 0.00 0.00 1.00
494.00 38.00 48.00 112.00 201.00 64.00 89.00 0.08 1.11 1.00 5.00 0.20 10.00 18.00 28.00 20.00 25.00 13.00 1.00 1.00 0.00 0.00 0.00
495.00 38.00 48.00 123.00 196.00 75.00 73.00 0.08 1.14 0.00 6.00 0.00 8.00 16.00 30.00 22.00 21.00 17.00 1.00 1.00 0.00 0.00 0.00
496.00 38.00 54.00 117.00 198.00 63.00 81.00 0.09 1.22 0.00 7.00 0.00 8.00 16.00 30.00 22.00 24.00 14.00 0.00 0.00 0.00 0.00 0.00
497.00 40.00 56.00 134.00 212.00 78.00 78.00 0.08 1.12 0.00 6.00 0.00 8.00 18.00 32.00 22.00 25.00 15.00 0.00 1.00 0.00 0.00 0.00
498.00 40.00 51.00 123.00 204.00 72.00 81.00 0.09 1.29 1.00 7.00 0.14 10.00 18.00 30.00 22.00 25.00 15.00 0.00 1.00 0.00 0.00 0.00
499.00 37.00 41.00 110.00 191.00 69.00 81.00 0.10 1.20 0.00 8.00 0.00 6.00 15.00 31.00 22.00 18.00 19.00 0.00 1.00 0.00 0.00 0.00
500.00 41.00 40.00 123.00 221.00 83.00 98.00 0.09 1.17 0.00 6.00 0.00 3.00 17.00 38.00 24.00 29.00 12.00 1.00 0.00 0.00 0.00 0.00
501.00 39.00 50.00 120.00 210.00 70.00 90.00 0.09 1.21 0.00 6.00 0.00 8.00 10.00 31.00 29.00 14.00 25.00 1.00 1.00 0.00 0.00 0.00
502.00 40.00 48.00 116.00 204.00 68.00 88.00 0.08 1.15 0.00 9.00 0.00 7.00 22.00 33.00 18.00 31.00 9.00 0.00 0.00 0.00 0.00 0.00
503.00 36.00 41.00 107.00 192.00 66.00 85.00 0.08 1.11 0.00 7.00 0.00 7.00 17.00 29.00 19.00 25.00 11.00 0.00 0.00 0.00 0.00 0.00
504.00 40.00 46.00 122.00 199.00 76.00 77.00 0.08 1.19 0.00 5.00 0.00 8.00 17.00 32.00 23.00 26.00 14.00 0.00 1.00 0.00 0.00 0.00
505.00 42.00 58.00 135.00 221.00 77.00 86.00 0.09 1.23 1.00 5.00 0.20 10.00 16.00 32.00 26.00 26.00 16.00 1.00 1.00 0.00 0.00 0.00
506.00 42.00 70.00 139.00 220.00 69.00 81.00 0.10 1.25 1.00 5.00 0.20 8.00 14.00 34.00 28.00 20.00 22.00 0.00 1.00 1.00 0.00 0.00
507.00 38.00 55.00 123.00 199.00 68.00 76.00 0.09 1.21 2.00 4.00 0.50 7.00 12.00 31.00 26.00 23.00 15.00 0.00 1.00 0.00 0.00 0.00
508.00 38.00 49.00 124.00 197.00 75.00 73.00 0.10 1.17 3.00 3.00 1.00 7.00 15.00 31.00 23.00 23.00 15.00 0.00 1.00 1.00 0.00 0.00
509.00 43.00 61.00 135.00 215.00 74.00 80.00 0.06 1.29 1.00 5.00 0.20 9.00 16.00 34.00 27.00 20.00 23.00 0.00 0.00 0.00 0.00 0.00
510.00 42.00 71.00 146.00 216.00 75.00 70.00 0.09 1.16 1.00 5.00 0.20 9.00 16.00 33.00 26.00 21.00 21.00 0.00 1.00 1.00 0.00 0.00
511.00 40.00 64.00 135.00 208.00 71.00 73.00 0.07 1.19 2.00 5.00 0.40 8.00 17.00 32.00 23.00 22.00 18.00 0.00 1.00 1.00 0.00 0.00
512.00 32.00 32.00 95.00 175.00 63.00 80.00 0.09 1.13 1.00 3.00 0.33 7.00 11.00 25.00 21.00 15.00 17.00 0.00 1.00 1.00 0.00 0.00
513.00 37.00 56.00 119.00 199.00 63.00 80.00 0.10 1.22 1.00 4.00 0.25 6.00 12.00 31.00 25.00 19.00 18.00 0.00 0.00 0.00 0.00 0.00
514.00 45.00 66.00 154.00 238.00 88.00 84.00 0.06 1.17 1.00 6.00 0.17 8.00 19.00 37.00 26.00 24.00 21.00 0.00 1.00 0.00 0.00 0.00
515.00 40.00 57.00 124.00 215.00 67.00 91.00 0.08 1.18 2.00 6.00 0.33 9.00 16.00 31.00 24.00 20.00 20.00 0.00 1.00 2.00 0.00 0.00
516.00 42.00 58.00 126.00 225.00 68.00 99.00 0.08 1.36 1.00 4.00 0.25 7.00 15.00 35.00 27.00 21.00 21.00 0.00 0.00 0.00 0.00 0.00
517.00 43.00 61.00 145.00 234.00 84.00 89.00 0.08 1.12 1.00 8.00 0.12 7.00 13.00 36.00 30.00 24.00 19.00 0.00 1.00 1.00 0.00 0.00
518.00 46.00 64.00 152.00 244.00 88.00 92.00 0.07 1.56 1.00 7.00 0.14 8.00 14.00 38.00 32.00 29.00 17.00 0.00 1.00 2.00 0.00 0.00
519.00 39.00 49.00 122.00 209.00 73.00 87.00 0.09 1.21 1.00 6.00 0.17 4.00 10.00 35.00 29.00 20.00 19.00 0.00 1.00 1.00 0.00 0.00
520.00 47.00 61.00 135.00 236.00 74.00 101.00 0.09 1.58 0.00 5.00 0.00 13.00 21.00 34.00 26.00 29.00 18.00 0.00 1.00 0.00 0.00 1.00
521.00 42.00 51.00 130.00 214.00 79.00 84.00 0.08 1.31 0.00 4.00 0.00 9.00 21.00 33.00 21.00 25.00 17.00 0.00 1.00 1.00 0.00 0.00
522.00 42.00 52.00 130.00 216.00 78.00 86.00 0.08 1.21 0.00 4.00 0.00 13.00 25.00 29.00 17.00 28.00 14.00 0.00 1.00 1.00 0.00 0.00
523.00 45.00 53.00 144.00 240.00 91.00 96.00 0.09 1.27 2.00 4.00 0.50 9.00 18.00 36.00 27.00 28.00 17.00 0.00 0.00 1.00 0.00 0.00
524.00 41.00 50.00 125.00 211.00 75.00 86.00 0.10 1.59 2.00 5.00 0.40 7.00 17.00 34.00 24.00 24.00 17.00 0.00 0.00 0.00 0.00 0.00
525.00 43.00 46.00 137.00 227.00 91.00 90.00 0.10 1.62 1.00 4.00 0.25 8.00 17.00 35.00 26.00 24.00 19.00 0.00 0.00 0.00 0.00 0.00
526.00 39.00 61.00 130.00 207.00 69.00 77.00 0.10 1.16 1.00 3.00 0.33 8.00 16.00 31.00 23.00 22.00 17.00 1.00 0.00 0.00 0.00 0.00
527.00 42.00 56.00 132.00 218.00 76.00 86.00 0.10 1.27 3.00 5.00 0.60 8.00 15.00 34.00 27.00 20.00 22.00 0.00 1.00 0.00 0.00 0.00
528.00 38.00 49.00 118.00 201.00 69.00 83.00 0.08 1.32 1.00 3.00 0.33 11.00 20.00 27.00 18.00 24.00 14.00 0.00 0.00 0.00 0.00 0.00
529.00 44.00 52.00 132.00 236.00 80.00 104.00 0.08 1.27 0.00 4.00 0.00 12.00 18.00 32.00 26.00 23.00 21.00 1.00 1.00 1.00 0.00 0.00
530.00 40.00 49.00 128.00 212.00 79.00 84.00 0.09 1.16 1.00 6.00 0.17 6.00 12.00 34.00 28.00 15.00 25.00 1.00 1.00 0.00 0.00 0.00
531.00 39.00 43.00 121.00 206.00 78.00 85.00 0.10 1.36 2.00 2.00 1.00 5.00 10.00 34.00 29.00 19.00 20.00 1.00 0.00 0.00 0.00 0.00
532.00 44.00 61.00 148.00 234.00 87.00 86.00 0.08 1.06 2.00 6.00 0.33 6.00 15.00 38.00 29.00 21.00 23.00 1.00 1.00 1.00 0.00 0.00
533.00 39.00 50.00 127.00 212.00 77.00 85.00 0.09 1.00 0.00 6.00 0.00 10.00 16.00 29.00 23.00 23.00 16.00 1.00 0.00 0.00 0.00 1.00
534.00 43.00 59.00 136.00 231.00 77.00 95.00 0.09 1.15 0.00 6.00 0.00 4.00 15.00 39.00 28.00 19.00 24.00 0.00 0.00 0.00 0.00 0.00
535.00 44.00 68.00 148.00 228.00 80.00 80.00 0.10 1.20 0.00 6.00 0.00 12.00 25.00 32.00 19.00 30.00 14.00 0.00 0.00 1.00 0.00 0.00
536.00 43.00 69.00 135.00 225.00 66.00 90.00 0.09 1.20 0.00 8.00 0.00 3.00 14.00 40.00 29.00 20.00 23.00 1.00 1.00 1.00 0.00 0.00
537.00 40.00 43.00 124.00 212.00 81.00 88.00 0.08 1.23 0.00 7.00 0.00 7.00 15.00 33.00 25.00 24.00 16.00 0.00 1.00 0.00 0.00 0.00
538.00 39.00 43.00 112.00 200.00 69.00 88.00 0.10 1.11 0.00 5.00 0.00 10.00 24.00 29.00 15.00 31.00 8.00 0.00 0.00 0.00 0.00 0.00
539.00 44.00 70.00 135.00 224.00 65.00 89.00 0.09 1.13 0.00 5.00 0.00 11.00 19.00 33.00 25.00 25.00 19.00 0.00 1.00 1.00 0.00 0.00
540.00 47.00 63.00 142.00 239.00 79.00 97.00 0.08 1.59 0.00 6.00 0.00 11.00 23.00 36.00 24.00 27.00 20.00 0.00 1.00 0.00 0.00 0.00
541.00 44.00 67.00 147.00 229.00 80.00 82.00 0.09 1.23 1.00 7.00 0.14 6.00 15.00 38.00 29.00 21.00 23.00 0.00 0.00 0.00 0.00 0.00
542.00 36.00 42.00 112.00 192.00 70.00 80.00 0.09 1.03 1.00 6.00 0.17 9.00 13.00 27.00 23.00 19.00 17.00 0.00 1.00 2.00 0.00 0.00
543.00 42.00 62.00 138.00 222.00 76.00 84.00 0.08 1.10 1.00 4.00 0.25 4.00 13.00 38.00 29.00 22.00 20.00 0.00 1.00 0.00 0.00 0.00
544.00 45.00 66.00 140.00 232.00 74.00 92.00 0.08 1.32 1.00 4.00 0.25 5.00 13.00 40.00 32.00 24.00 21.00 0.00 0.00 1.00 0.00 0.00
545.00 46.00 78.00 159.00 245.00 81.00 86.00 0.06 1.27 1.00 5.00 0.20 6.00 10.00 40.00 36.00 19.00 27.00 0.00 1.00 1.00 0.00 0.00
546.00 40.00 49.00 122.00 214.00 73.00 92.00 0.08 1.13 0.00 6.00 0.00 5.00 16.00 35.00 24.00 19.00 21.00 0.00 0.00 0.00 0.00 0.00
547.00 41.00 59.00 134.00 213.00 75.00 79.00 0.07 1.18 0.00 5.00 0.00 8.00 15.00 33.00 26.00 26.00 15.00 0.00 1.00 0.00 0.00 0.00
548.00 39.00 48.00 128.00 201.00 80.00 73.00 0.06 1.10 0.00 7.00 0.00 6.00 12.00 33.00 27.00 20.00 19.00 0.00 1.00 0.00 0.00 0.00
549.00 42.00 58.00 140.00 205.00 82.00 65.00 0.09 1.34 0.00 5.00 0.00 11.00 16.00 31.00 26.00 25.00 17.00 0.00 0.00 0.00 0.00 0.00
550.00 43.00 60.00 139.00 226.00 79.00 87.00 0.08 1.20 1.00 8.00 0.12 7.00 18.00 36.00 25.00 25.00 18.00 0.00 0.00 0.00 0.00 0.00
551.00 37.00 48.00 122.00 190.00 74.00 68.00 0.08 1.09 0.00 8.00 0.00 11.00 17.00 26.00 20.00 22.00 15.00 0.00 1.00 0.00 0.00 0.00
552.00 43.00 55.00 136.00 225.00 81.00 89.00 0.09 1.18 0.00 7.00 0.00 9.00 16.00 34.00 27.00 24.00 19.00 0.00 1.00 0.00 0.00 0.00
553.00 40.00 43.00 120.00 206.00 77.00 86.00 0.08 1.25 0.00 6.00 0.00 7.00 23.00 33.00 17.00 27.00 13.00 0.00 0.00 0.00 0.00 0.00
554.00 36.00 37.00 112.00 185.00 75.00 73.00 0.08 1.06 0.00 6.00 0.00 12.00 15.00 24.00 21.00 18.00 18.00 0.00 1.00 0.00 0.00 0.00
555.00 33.00 29.00 95.00 170.00 66.00 75.00 0.08 1.14 0.00 3.00 0.00 8.00 14.00 25.00 19.00 18.00 15.00 0.00 0.00 0.00 0.00 0.00
556.00 36.00 44.00 110.00 194.00 66.00 84.00 0.07 1.20 0.00 2.00 0.00 6.00 13.00 30.00 23.00 22.00 14.00 1.00 1.00 0.00 1.00 0.00
557.00 32.00 40.00 98.00 167.00 58.00 69.00 0.10 0.97 1.00 4.00 0.25 7.00 16.00 25.00 16.00 23.00 9.00 0.00 1.00 1.00 0.00 0.00
558.00 37.00 49.00 113.00 187.00 64.00 74.00 0.08 1.17 0.00 3.00 0.00 9.00 18.00 28.00 19.00 19.00 18.00 0.00 1.00 0.00 0.00 0.00
559.00 31.00 31.00 94.00 157.00 63.00 63.00 0.07 0.84 0.00 3.00 0.00 4.00 14.00 27.00 17.00 17.00 14.00 0.00 1.00 0.00 0.00 0.00
560.00 32.00 37.00 100.00 168.00 63.00 68.00 0.09 1.02 0.00 4.00 0.00 7.00 13.00 25.00 19.00 19.00 13.00 0.00 1.00 1.00 0.00 0.00
561.00 32.00 41.00 107.00 170.00 66.00 63.00 0.09 1.01 1.00 3.00 0.33 4.00 6.00 28.00 26.00 15.00 17.00 0.00 1.00 0.00 1.00 0.00
562.00 34.00 38.00 101.00 172.00 63.00 71.00 0.10 1.28 0.00 4.00 0.00 8.00 15.00 26.00 19.00 21.00 13.00 0.00 1.00 0.00 0.00 0.00
563.00 33.00 27.00 101.00 181.00 74.00 80.00 0.09 1.14 0.00 2.00 0.00 5.00 12.00 28.00 21.00 21.00 12.00 0.00 1.00 0.00 0.00 0.00
564.00 31.00 34.00 92.00 169.00 58.00 77.00 0.08 1.08 0.00 4.00 0.00 6.00 14.00 25.00 17.00 19.00 12.00 0.00 0.00 0.00 0.00 0.00
565.00 30.00 32.00 80.00 161.00 48.00 81.00 0.09 1.04 0.00 2.00 0.00 6.00 12.00 24.00 18.00 20.00 10.00 0.00 1.00 0.00 0.00 0.00
566.00 32.00 31.00 92.00 163.00 61.00 71.00 0.09 1.10 0.00 2.00 0.00 9.00 13.00 23.00 19.00 21.00 11.00 0.00 0.00 0.00 1.00 0.00
567.00 37.00 46.00 108.00 189.00 62.00 81.00 0.08 1.53 0.00 1.00 0.00 9.00 15.00 28.00 22.00 22.00 15.00 0.00 1.00 0.00 0.00 0.00
568.00 31.00 35.00 92.00 159.00 57.00 67.00 0.10 1.00 0.00 3.00 0.00 8.00 14.00 23.00 17.00 22.00 9.00 0.00 1.00 0.00 0.00 0.00
569.00 30.00 33.00 90.00 155.00 57.00 65.00 0.07 0.89 1.00 3.00 0.33 5.00 14.00 25.00 16.00 21.00 9.00 0.00 0.00 0.00 0.00 0.00
570.00 29.00 32.00 81.00 152.00 49.00 71.00 0.08 1.05 0.00 2.00 0.00 8.00 11.00 21.00 18.00 17.00 12.00 0.00 0.00 0.00 0.00 0.00
571.00 30.00 25.00 74.00 155.00 49.00 81.00 0.09 1.08 0.00 3.00 0.00 8.00 18.00 22.00 12.00 23.00 7.00 0.00 0.00 0.00 0.00 0.00
572.00 29.00 26.00 75.00 149.00 49.00 74.00 0.10 1.12 0.00 3.00 0.00 5.00 14.00 24.00 15.00 17.00 12.00 1.00 1.00 0.00 0.00 0.00
573.00 28.00 32.00 83.00 147.00 51.00 64.00 0.08 1.05 0.00 4.00 0.00 4.00 9.00 24.00 19.00 11.00 17.00 0.00 1.00 0.00 0.00 0.00
574.00 26.00 27.00 75.00 137.00 48.00 62.00 0.08 0.78 0.00 4.00 0.00 3.00 11.00 23.00 15.00 17.00 9.00 0.00 1.00 0.00 0.00 0.00
575.00 28.00 29.00 86.00 145.00 57.00 59.00 0.09 0.95 1.00 3.00 0.33 7.00 12.00 21.00 16.00 16.00 12.00 0.00 1.00 0.00 0.00 0.00
576.00 34.00 24.00 97.00 171.00 73.00 74.00 0.08 1.35 1.00 1.00 1.00 10.00 18.00 24.00 16.00 22.00 12.00 0.00 0.00 0.00 0.00 0.00
577.00 31.00 37.00 91.00 158.00 54.00 67.00 0.08 0.98 0.00 3.00 0.00 8.00 13.00 23.00 18.00 23.00 8.00 0.00 1.00 0.00 0.00 0.00
578.00 31.00 39.00 95.00 160.00 56.00 65.00 0.08 1.00 0.00 4.00 0.00 6.00 11.00 25.00 20.00 18.00 13.00 0.00 1.00 0.00 0.00 0.00
579.00 26.00 25.00 67.00 128.00 42.00 61.00 0.08 0.94 0.00 4.00 0.00 8.00 15.00 18.00 11.00 18.00 8.00 0.00 1.00 0.00 0.00 0.00
580.00 20.00 16.00 47.00 93.00 31.00 46.00 0.09 0.91 0.00 3.00 0.00 5.00 8.00 15.00 12.00 12.00 8.00 0.00 0.00 0.00 0.00 0.00
581.00 33.00 48.00 103.00 174.00 55.00 71.00 0.07 0.95 0.00 2.00 0.00 7.00 13.00 26.00 20.00 21.00 12.00 0.00 1.00 0.00 0.00 0.00
582.00 33.00 37.00 99.00 177.00 62.00 78.00 0.10 0.98 0.00 4.00 0.00 6.00 10.00 27.00 23.00 17.00 16.00 0.00 0.00 0.00 0.00 0.00
583.00 30.00 38.00 92.00 160.00 54.00 68.00 0.07 0.96 0.00 5.00 0.00 4.00 8.00 26.00 22.00 13.00 17.00 0.00 0.00 0.00 1.00 0.00
584.00 30.00 31.00 77.00 152.00 46.00 75.00 0.08 1.04 0.00 5.00 0.00 8.00 15.00 22.00 15.00 16.00 14.00 0.00 0.00 0.00 0.00 0.00
585.00 38.00 36.00 110.00 195.00 74.00 85.00 0.08 1.16 0.00 4.00 0.00 13.00 19.00 25.00 19.00 24.00 14.00 0.00 0.00 0.00 0.00 0.00
586.00 38.00 34.00 105.00 193.00 71.00 88.00 0.09 1.48 0.00 4.00 0.00 7.00 15.00 31.00 23.00 20.00 18.00 0.00 0.00 0.00 0.00 0.00
587.00 29.00 29.00 79.00 149.00 50.00 70.00 0.08 0.87 0.00 3.00 0.00 7.00 12.00 22.00 17.00 20.00 9.00 0.00 1.00 0.00 0.00 0.00
588.00 30.00 40.00 90.00 162.00 50.00 72.00 0.10 0.89 0.00 2.00 0.00 9.00 14.00 21.00 16.00 18.00 12.00 0.00 0.00 0.00 0.00 0.00
589.00 32.00 33.00 96.00 165.00 63.00 69.00 0.08 0.93 0.00 2.00 0.00 5.00 13.00 27.00 19.00 24.00 8.00 0.00 1.00 0.00 0.00 0.00
590.00 28.00 27.00 77.00 144.00 50.00 67.00 0.08 0.85 0.00 1.00 0.00 10.00 13.00 18.00 15.00 17.00 11.00 0.00 1.00 0.00 0.00 0.00
591.00 30.00 28.00 90.00 156.00 62.00 66.00 0.08 0.93 0.00 0.00 0.00 9.00 13.00 21.00 17.00 20.00 10.00 0.00 0.00 0.00 0.00 0.00
592.00 32.00 33.00 91.00 158.00 58.00 67.00 0.09 1.02 0.00 3.00 0.00 11.00 14.00 21.00 18.00 21.00 11.00 0.00 1.00 0.00 0.00 0.00
593.00 29.00 29.00 89.00 155.00 60.00 66.00 0.08 0.91 0.00 1.00 0.00 7.00 11.00 22.00 18.00 17.00 12.00 0.00 0.00 0.00 0.00 0.00
594.00 26.00 27.00 75.00 134.00 48.00 59.00 0.08 0.92 0.00 2.00 0.00 8.00 14.00 18.00 12.00 18.00 8.00 0.00 1.00 0.00 0.00 0.00
595.00 24.00 15.00 57.00 120.00 42.00 63.00 0.08 0.93 1.00 1.00 1.00 7.00 13.00 17.00 11.00 15.00 9.00 0.00 1.00 0.00 0.00 0.00
596.00 31.00 30.00 88.00 156.00 58.00 68.00 0.08 1.09 0.00 2.00 0.00 6.00 11.00 25.00 20.00 20.00 11.00 0.00 1.00 0.00 0.00 0.00
597.00 27.00 24.00 77.00 141.00 53.00 64.00 0.09 0.82 0.00 3.00 0.00 3.00 12.00 24.00 15.00 18.00 9.00 0.00 0.00 0.00 0.00 0.00
598.00 28.00 29.00 79.00 142.00 50.00 63.00 0.10 0.85 0.00 1.00 0.00 7.00 13.00 21.00 15.00 18.00 10.00 0.00 1.00 0.00 0.00 0.00
599.00 14.00 9.00 32.00 67.00 23.00 35.00 0.09 0.34 0.00 1.00 0.00 4.00 8.00 10.00 6.00 13.00 1.00 0.00 0.00 0.00 0.00 0.00
600.00 24.00 25.00 62.00 123.00 37.00 61.00 0.09 0.73 0.00 1.00 0.00 11.00 15.00 13.00 9.00 17.00 7.00 0.00 1.00 1.00 0.00 0.00
601.00 23.00 23.00 65.00 121.00 42.00 56.00 0.08 0.71 0.00 2.00 0.00 6.00 12.00 17.00 11.00 16.00 7.00 0.00 1.00 0.00 0.00 0.00
602.00 27.00 26.00 70.00 138.00 44.00 68.00 0.09 0.97 0.00 2.00 0.00 4.00 15.00 23.00 12.00 19.00 8.00 0.00 1.00 0.00 0.00 0.00
603.00 21.00 24.00 54.00 110.00 30.00 56.00 0.09 0.63 0.00 1.00 0.00 9.00 13.00 12.00 8.00 19.00 2.00 0.00 1.00 0.00 0.00 0.00
604.00 25.00 26.00 69.00 131.00 43.00 62.00 0.08 0.76 0.00 1.00 0.00 7.00 12.00 18.00 13.00 14.00 11.00 0.00 1.00 0.00 0.00 0.00
605.00 21.00 10.00 56.00 108.00 46.00 52.00 0.09 0.67 0.00 0.00 0.00 7.00 11.00 14.00 10.00 17.00 4.00 1.00 1.00 0.00 0.00 0.00
606.00 28.00 21.00 69.00 140.00 48.00 71.00 0.09 0.97 0.00 0.00 0.00 5.00 11.00 23.00 17.00 18.00 10.00 0.00 1.00 0.00 1.00 0.00
607.00 27.00 25.00 77.00 139.00 52.00 62.00 0.09 0.89 0.00 0.00 0.00 7.00 16.00 20.00 11.00 20.00 7.00 0.00 0.00 0.00 0.00 0.00
608.00 23.00 16.00 60.00 119.00 44.00 59.00 0.09 0.84 0.00 0.00 0.00 6.00 13.00 17.00 10.00 17.00 6.00 0.00 1.00 0.00 0.00 0.00
609.00 24.00 23.00 67.00 127.00 44.00 60.00 0.09 0.74 0.00 0.00 0.00 6.00 11.00 18.00 13.00 17.00 7.00 0.00 1.00 0.00 0.00 0.00
610.00 26.00 28.00 68.00 130.00 40.00 62.00 0.08 0.91 0.00 2.00 0.00 2.00 10.00 24.00 16.00 12.00 14.00 0.00 1.00 0.00 1.00 0.00
611.00 27.00 29.00 80.00 136.00 51.00 56.00 0.08 0.79 0.00 0.00 0.00 4.00 14.00 23.00 13.00 22.00 5.00 0.00 1.00 0.00 0.00 0.00
612.00 18.00 9.00 42.00 89.00 33.00 47.00 0.09 0.63 0.00 3.00 0.00 5.00 9.00 13.00 9.00 10.00 8.00 0.00 0.00 1.00 0.00 0.00
613.00 20.00 16.00 59.00 107.00 43.00 48.00 0.09 0.67 0.00 1.00 0.00 6.00 8.00 14.00 12.00 12.00 8.00 0.00 1.00 0.00 1.00 0.00
614.00 21.00 16.00 55.00 105.00 39.00 50.00 0.08 0.72 0.00 1.00 0.00 5.00 7.00 16.00 14.00 13.00 8.00 0.00 1.00 0.00 0.00 0.00
615.00 26.00 31.00 77.00 138.00 46.00 61.00 0.08 0.67 0.00 1.00 0.00 11.00 14.00 15.00 12.00 16.00 10.00 0.00 1.00 0.00 0.00 0.00
616.00 25.00 23.00 61.00 134.00 38.00 73.00 0.11 0.87 0.00 1.00 0.00 7.00 14.00 18.00 11.00 21.00 4.00 0.00 0.00 0.00 0.00 0.00
617.00 25.00 26.00 75.00 134.00 49.00 59.00 0.09 0.78 0.00 1.00 0.00 8.00 12.00 17.00 13.00 15.00 10.00 0.00 0.00 0.00 0.00 0.00
618.00 25.00 20.00 66.00 127.00 46.00 61.00 0.08 0.83 0.00 1.00 0.00 4.00 8.00 21.00 17.00 19.00 6.00 0.00 1.00 0.00 0.00 0.00
619.00 27.00 31.00 85.00 139.00 54.00 54.00 0.11 0.79 0.00 1.00 0.00 11.00 18.00 16.00 9.00 21.00 6.00 0.00 1.00 0.00 0.00 0.00
620.00 27.00 32.00 80.00 143.00 48.00 63.00 0.08 0.82 0.00 1.00 0.00 4.00 12.00 23.00 15.00 17.00 10.00 0.00 1.00 1.00 0.00 0.00
621.00 27.00 25.00 74.00 145.00 49.00 71.00 0.10 0.85 0.00 1.00 0.00 6.00 17.00 21.00 10.00 22.00 5.00 1.00 0.00 0.00 0.00 0.00
622.00 29.00 36.00 87.00 150.00 51.00 63.00 0.08 0.94 0.00 2.00 0.00 4.00 10.00 25.00 19.00 21.00 8.00 0.00 1.00 0.00 0.00 0.00
623.00 23.00 19.00 63.00 123.00 44.00 60.00 0.10 0.79 0.00 1.00 0.00 5.00 9.00 18.00 14.00 15.00 8.00 0.00 0.00 0.00 0.00 0.00
624.00 26.00 29.00 66.00 134.00 37.00 68.00 0.09 0.86 0.00 1.00 0.00 6.00 13.00 20.00 13.00 18.00 8.00 0.00 0.00 0.00 0.00 0.00
625.00 27.00 26.00 81.00 146.00 55.00 65.00 0.08 0.86 0.00 0.00 0.00 6.00 12.00 21.00 15.00 14.00 13.00 0.00 1.00 0.00 0.00 0.00
626.00 28.00 23.00 78.00 152.00 55.00 74.00 0.10 0.77 0.00 1.00 0.00 7.00 13.00 21.00 15.00 17.00 11.00 1.00 1.00 0.00 0.00 0.00
627.00 25.00 21.00 68.00 126.00 47.00 58.00 0.10 0.75 0.00 1.00 0.00 12.00 13.00 13.00 12.00 19.00 6.00 0.00 1.00 2.00 0.00 0.00
628.00 26.00 26.00 74.00 134.00 48.00 60.00 0.08 0.89 0.00 1.00 0.00 6.00 12.00 20.00 14.00 17.00 9.00 0.00 0.00 1.00 0.00 0.00
629.00 17.00 6.00 36.00 92.00 30.00 56.00 0.08 0.71 0.00 1.00 0.00 5.00 13.00 12.00 4.00 13.00 4.00 0.00 1.00 1.00 0.00 0.00
630.00 26.00 27.00 82.00 141.00 55.00 59.00 0.09 0.81 0.00 1.00 0.00 5.00 11.00 21.00 15.00 11.00 15.00 0.00 0.00 1.00 0.00 0.00
631.00 26.00 28.00 67.00 131.00 39.00 64.00 0.08 0.78 0.00 1.00 0.00 6.00 15.00 20.00 11.00 17.00 9.00 0.00 0.00 0.00 0.00 0.00
632.00 22.00 20.00 56.00 111.00 36.00 55.00 0.08 0.76 1.00 1.00 1.00 5.00 11.00 17.00 11.00 16.00 6.00 0.00 1.00 0.00 0.00 0.00
633.00 29.00 36.00 92.00 145.00 56.00 53.00 0.07 0.78 0.00 1.00 0.00 8.00 16.00 21.00 13.00 19.00 10.00 0.00 1.00 0.00 0.00 0.00
634.00 22.00 8.00 46.00 104.00 38.00 58.00 0.10 0.72 0.00 1.00 0.00 9.00 16.00 13.00 6.00 19.00 3.00 0.00 0.00 0.00 0.00 0.00
635.00 7.00 2.00 12.00 31.00 10.00 19.00 0.08 0.29 0.00 1.00 0.00 2.00 5.00 5.00 2.00 7.00 0.00 0.00 0.00 0.00 0.00 0.00
636.00 13.00 9.00 25.00 63.00 16.00 38.00 0.09 0.49 0.00 1.00 0.00 3.00 7.00 10.00 6.00 10.00 3.00 0.00 0.00 0.00 0.00 0.00
637.00 26.00 25.00 66.00 120.00 41.00 54.00 0.09 0.83 0.00 2.00 0.00 6.00 15.00 20.00 11.00 19.00 7.00 0.00 0.00 0.00 0.00 0.00
638.00 16.00 3.00 28.00 75.00 25.00 47.00 0.09 0.59 0.00 2.00 0.00 2.00 10.00 14.00 6.00 12.00 4.00 0.00 0.00 0.00 0.00 0.00
639.00 16.00 18.00 43.00 80.00 25.00 37.00 0.08 0.55 0.00 3.00 0.00 3.00 7.00 13.00 9.00 10.00 6.00 0.00 0.00 0.00 0.00 0.00
640.00 20.00 20.00 51.00 100.00 31.00 49.00 0.08 0.75 0.00 1.00 0.00 3.00 9.00 17.00 11.00 13.00 7.00 0.00 0.00 0.00 0.00 0.00
641.00 18.00 22.00 53.00 86.00 31.00 33.00 0.09 0.53 0.00 2.00 0.00 5.00 13.00 13.00 5.00 14.00 4.00 0.00 0.00 0.00 0.00 0.00
642.00 21.00 28.00 58.00 105.00 30.00 47.00 0.09 0.48 0.00 2.00 0.00 6.00 10.00 15.00 11.00 13.00 8.00 0.00 0.00 0.00 0.00 0.00
643.00 21.00 24.00 58.00 94.00 34.00 36.00 0.10 0.76 0.00 1.00 0.00 7.00 14.00 14.00 7.00 16.00 5.00 0.00 0.00 0.00 0.00 0.00
644.00 16.00 18.00 42.00 83.00 24.00 41.00 0.09 0.42 0.00 3.00 0.00 5.00 10.00 11.00 6.00 13.00 3.00 0.00 0.00 0.00 0.00 0.00
645.00 17.00 18.00 43.00 81.00 25.00 38.00 0.08 0.55 0.00 2.00 0.00 3.00 8.00 14.00 9.00 12.00 5.00 0.00 0.00 0.00 0.00 0.00
646.00 17.00 13.00 43.00 78.00 30.00 35.00 0.07 0.56 0.00 2.00 0.00 4.00 9.00 13.00 8.00 13.00 4.00 0.00 0.00 1.00 0.00 0.00
647.00 17.00 17.00 40.00 78.00 23.00 38.00 0.09 0.58 0.00 1.00 0.00 4.00 6.00 13.00 11.00 12.00 5.00 0.00 0.00 0.00 0.00 0.00
648.00 18.00 16.00 44.00 89.00 28.00 45.00 0.08 0.69 0.00 1.00 0.00 5.00 10.00 13.00 8.00 11.00 7.00 0.00 0.00 0.00 0.00 0.00
649.00 16.00 19.00 44.00 77.00 25.00 33.00 0.10 0.65 0.00 1.00 0.00 4.00 9.00 12.00 7.00 12.00 4.00 0.00 0.00 0.00 0.00 0.00
650.00 14.00 13.00 38.00 72.00 25.00 34.00 0.08 0.58 0.00 1.00 0.00 3.00 10.00 11.00 4.00 11.00 3.00 0.00 0.00 0.00 0.00 0.00
651.00 22.00 29.00 58.00 102.00 29.00 44.00 0.08 0.74 0.00 2.00 0.00 7.00 10.00 15.00 12.00 13.00 9.00 0.00 0.00 0.00 0.00 0.00
652.00 15.00 11.00 29.00 69.00 18.00 40.00 0.09 0.72 0.00 0.00 0.00 7.00 10.00 8.00 5.00 13.00 2.00 0.00 0.00 0.00 0.00 0.00
653.00 18.00 22.00 47.00 91.00 25.00 44.00 0.08 0.83 0.00 1.00 0.00 5.00 9.00 13.00 9.00 12.00 6.00 0.00 0.00 0.00 0.00 0.00
654.00 12.00 9.00 28.00 55.00 19.00 27.00 0.10 0.46 0.00 0.00 0.00 3.00 6.00 9.00 6.00 7.00 5.00 0.00 0.00 0.00 0.00 0.00
655.00 14.00 16.00 38.00 73.00 22.00 35.00 0.08 0.60 0.00 2.00 0.00 1.00 5.00 13.00 9.00 7.00 7.00 0.00 0.00 1.00 0.00 0.00
656.00 18.00 23.00 48.00 92.00 25.00 44.00 0.10 0.56 0.00 2.00 0.00 4.00 7.00 14.00 11.00 9.00 9.00 0.00 0.00 0.00 0.00 0.00
657.00 16.00 19.00 44.00 78.00 25.00 34.00 0.09 0.64 0.00 1.00 0.00 2.00 8.00 14.00 8.00 8.00 8.00 0.00 0.00 0.00 0.00 0.00
658.00 12.00 8.00 28.00 58.00 20.00 30.00 0.07 0.52 0.00 2.00 0.00 5.00 5.00 7.00 7.00 8.00 4.00 0.00 0.00 0.00 0.00 0.00
659.00 11.00 10.00 25.00 53.00 15.00 28.00 0.09 0.31 0.00 1.00 0.00 2.00 4.00 9.00 7.00 7.00 4.00 0.00 0.00 0.00 0.00 0.00
660.00 17.00 15.00 37.00 82.00 22.00 45.00 0.07 0.63 0.00 1.00 0.00 2.00 9.00 15.00 8.00 12.00 5.00 0.00 0.00 0.00 0.00 0.00
661.00 13.00 8.00 30.00 60.00 22.00 30.00 0.09 0.53 0.00 1.00 0.00 2.00 7.00 11.00 6.00 8.00 5.00 0.00 0.00 0.00 0.00 0.00
662.00 13.00 7.00 30.00 67.00 23.00 37.00 0.09 0.69 0.00 1.00 0.00 6.00 7.00 7.00 6.00 11.00 2.00 0.00 0.00 0.00 0.00 0.00
663.00 17.00 10.00 43.00 82.00 33.00 39.00 0.09 0.73 0.00 1.00 0.00 5.00 9.00 12.00 8.00 12.00 5.00 0.00 0.00 0.00 0.00 0.00
664.00 15.00 14.00 42.00 75.00 28.00 33.00 0.09 0.46 0.00 1.00 0.00 4.00 8.00 11.00 7.00 11.00 4.00 0.00 0.00 0.00 0.00 0.00
665.00 14.00 11.00 31.00 65.00 20.00 34.00 0.10 0.45 0.00 1.00 0.00 3.00 8.00 11.00 6.00 11.00 3.00 0.00 0.00 0.00 0.00 0.00
666.00 19.00 18.00 46.00 87.00 28.00 41.00 0.10 0.63 0.00 1.00 0.00 5.00 7.00 14.00 12.00 9.00 10.00 0.00 0.00 0.00 0.00 0.00
667.00 16.00 15.00 37.00 76.00 22.00 39.00 0.09 0.68 0.00 1.00 0.00 6.00 9.00 10.00 7.00 13.00 3.00 0.00 0.00 0.00 0.00 0.00
668.00 13.00 13.00 31.00 61.00 18.00 30.00 0.09 0.38 0.00 1.00 0.00 2.00 6.00 11.00 7.00 7.00 6.00 0.00 0.00 0.00 0.00 0.00
669.00 17.00 18.00 47.00 85.00 29.00 38.00 0.08 0.53 0.00 1.00 0.00 4.00 5.00 13.00 12.00 7.00 10.00 0.00 0.00 0.00 0.00 0.00
670.00 16.00 17.00 41.00 78.00 24.00 37.00 0.08 0.51 0.00 0.00 0.00 1.00 8.00 15.00 8.00 11.00 5.00 0.00 0.00 0.00 0.00 0.00
671.00 14.00 9.00 30.00 68.00 21.00 38.00 0.08 0.57 0.00 1.00 0.00 4.00 8.00 10.00 6.00 9.00 5.00 0.00 0.00 0.00 0.00 0.00
672.00 10.00 4.00 18.00 49.00 14.00 31.00 0.10 0.53 0.00 0.00 0.00 4.00 5.00 6.00 5.00 9.00 1.00 0.00 0.00 0.00 0.00 0.00
673.00 8.00 5.00 15.00 38.00 10.00 23.00 0.09 0.30 0.00 1.00 0.00 2.00 2.00 6.00 6.00 4.00 4.00 0.00 0.00 0.00 0.00 0.00
674.00 15.00 17.00 39.00 71.00 22.00 32.00 0.09 0.42 0.00 1.00 0.00 6.00 9.00 9.00 6.00 10.00 5.00 0.00 0.00 0.00 0.00 0.00
675.00 10.00 9.00 23.00 47.00 14.00 24.00 0.09 0.44 0.00 1.00 0.00 3.00 4.00 7.00 6.00 6.00 4.00 0.00 0.00 0.00 0.00 0.00
676.00 15.00 18.00 40.00 69.00 22.00 29.00 0.07 0.57 0.00 1.00 0.00 3.00 8.00 12.00 7.00 11.00 4.00 0.00 0.00 0.00 0.00 0.00
677.00 9.00 5.00 19.00 45.00 14.00 26.00 0.08 0.42 0.00 1.00 0.00 5.00 6.00 4.00 3.00 7.00 2.00 0.00 0.00 0.00 0.00 0.00
678.00 15.00 17.00 40.00 76.00 23.00 36.00 0.09 0.60 0.00 1.00 0.00 2.00 3.00 13.00 12.00 9.00 6.00 0.00 0.00 0.00 0.00 0.00
679.00 17.00 20.00 49.00 85.00 29.00 36.00 0.07 0.67 0.00 0.00 0.00 6.00 9.00 11.00 8.00 11.00 6.00 0.00 0.00 0.00 0.00 0.00
680.00 10.00 0.00 18.00 43.00 18.00 25.00 0.10 0.72 0.00 0.00 0.00 4.00 8.00 6.00 2.00 10.00 0.00 0.00 0.00 0.00 0.00 0.00
681.00 11.00 7.00 25.00 52.00 18.00 27.00 0.09 0.45 0.00 0.00 0.00 4.00 5.00 7.00 6.00 8.00 3.00 0.00 0.00 0.00 0.00 0.00
682.00 17.00 20.00 43.00 80.00 23.00 37.00 0.08 0.69 0.00 1.00 0.00 3.00 6.00 14.00 11.00 11.00 6.00 0.00 0.00 0.00 0.00 0.00
683.00 18.00 23.00 50.00 90.00 27.00 40.00 0.09 0.64 0.00 1.00 0.00 8.00 9.00 10.00 9.00 12.00 6.00 0.00 0.00 1.00 0.00 0.00
684.00 13.00 11.00 34.00 64.00 23.00 30.00 0.08 0.56 0.00 1.00 0.00 2.00 7.00 11.00 6.00 11.00 2.00 0.00 0.00 0.00 0.00 0.00
685.00 13.00 12.00 25.00 59.00 13.00 34.00 0.08 0.64 0.00 1.00 0.00 3.00 7.00 10.00 6.00 10.00 3.00 0.00 0.00 0.00 0.00 0.00
686.00 16.00 20.00 39.00 79.00 19.00 40.00 0.07 0.56 0.00 0.00 0.00 3.00 8.00 13.00 8.00 12.00 4.00 0.00 0.00 0.00 0.00 0.00
687.00 19.00 15.00 45.00 91.00 30.00 46.00 0.08 0.87 0.00 0.00 0.00 5.00 9.00 14.00 10.00 13.00 6.00 0.00 0.00 0.00 0.00 0.00
688.00 14.00 15.00 36.00 70.00 21.00 34.00 0.09 0.46 0.00 0.00 0.00 4.00 9.00 10.00 5.00 12.00 2.00 0.00 0.00 0.00 0.00 0.00
689.00 16.00 13.00 33.00 71.00 20.00 38.00 0.09 0.54 0.00 1.00 0.00 3.00 9.00 13.00 7.00 12.00 4.00 0.00 0.00 0.00 0.00 0.00
690.00 14.00 12.00 31.00 68.00 19.00 37.00 0.09 0.64 0.00 1.00 0.00 3.00 5.00 11.00 9.00 9.00 5.00 0.00 0.00 0.00 0.00 0.00
691.00 13.00 11.00 31.00 58.00 20.00 27.00 0.08 0.41 1.00 1.00 1.00 3.00 6.00 10.00 7.00 8.00 5.00 0.00 0.00 0.00 0.00 0.00
692.00 10.00 8.00 20.00 47.00 12.00 27.00 0.09 0.26 0.00 1.00 0.00 3.00 5.00 7.00 5.00 8.00 2.00 0.00 0.00 0.00 0.00 0.00
693.00 14.00 12.00 31.00 65.00 19.00 34.00 0.09 0.52 0.00 0.00 0.00 5.00 12.00 9.00 2.00 12.00 2.00 0.00 0.00 0.00 0.00 0.00
694.00 9.00 3.00 17.00 42.00 14.00 25.00 0.09 0.38 0.00 0.00 0.00 5.00 7.00 4.00 2.00 8.00 1.00 0.00 0.00 0.00 0.00 0.00
695.00 6.00 2.00 8.00 24.00 6.00 16.00 0.09 0.28 0.00 1.00 0.00 2.00 6.00 4.00 0.00 6.00 0.00 0.00 0.00 0.00 0.00 0.00
696.00 5.00 0.00 6.00 22.00 6.00 16.00 0.08 0.14 0.00 0.00 0.00 2.00 5.00 3.00 0.00 5.00 0.00 0.00 0.00 0.00 0.00 0.00
697.00 10.00 5.00 16.00 44.00 11.00 28.00 0.09 0.52 0.00 2.00 0.00 4.00 6.00 6.00 4.00 7.00 3.00 0.00 0.00 0.00 0.00 0.00
698.00 14.00 7.00 29.00 63.00 22.00 34.00 0.09 0.64 0.00 2.00 0.00 6.00 10.00 8.00 4.00 10.00 4.00 0.00 0.00 0.00 0.00 0.00
699.00 12.00 4.00 22.00 54.00 18.00 32.00 0.08 0.62 0.00 0.00 0.00 6.00 9.00 6.00 3.00 11.00 1.00 0.00 0.00 0.00 0.00 0.00
700.00 8.00 3.00 14.00 34.00 11.00 20.00 0.08 0.34 0.00 0.00 0.00 3.00 6.00 5.00 2.00 7.00 1.00 0.00 0.00 0.00 0.00 0.00
701.00 3.00 0.00 0.00 7.00 0.00 7.00 0.08 0.23 0.00 0.00 0.00 2.00 3.00 1.00 0.00 3.00 0.00 0.00 0.00 0.00 0.00 0.00
702.00 3.00 0.00 0.00 2.00 0.00 2.00 0.08 0.32 0.00 0.00 0.00 2.00 3.00 1.00 0.00 3.00 0.00 0.00 0.00 0.00 0.00 0.00
