0.00 2.00 0.00 0.00 1.00 0.00 1.00 0.08 0.15 0.00 0.00 0.00 2.00 2.00 0.00 0.00 2.00 0.00 0.00 0.00 0.00 0.00 0.00
1.00 8.00 5.00 14.00 35.00 9.00 21.00 0.09 0.38 0.00 0.00 0.00 2.00 7.00 6.00 1.00 7.00 1.00 0.00 0.00 0.00 0.00 0.00
2.00 5.00 0.00 4.00 18.00 4.00 14.00 0.08 0.17 0.00 1.00 0.00 2.00 5.00 3.00 0.00 5.00 0.00 0.00 0.00 0.00 0.00 0.00
3.00 5.00 2.00 7.00 20.00 5.00 13.00 0.10 0.19 0.00 0.00 0.00 3.00 4.00 2.00 1.00 5.00 0.00 0.00 0.00 0.00 0.00 0.00
4.00 9.00 1.00 10.00 36.00 9.00 26.00 0.09 0.50 0.00 0.00 0.00 3.00 7.00 6.00 2.00 8.00 1.00 0.00 0.00 0.00 0.00 0.00
5.00 11.00 8.00 24.00 46.00 16.00 22.00 0.09 0.45 0.00 0.00 0.00 4.00 9.00 7.00 2.00 10.00 1.00 0.00 0.00 0.00 0.00 0.00
6.00 12.00 9.00 26.00 45.00 17.00 19.00 0.09 0.68 0.00 0.00 0.00 3.00 9.00 9.00 3.00 10.00 2.00 0.00 0.00 1.00 0.00 0.00
7.00 10.00 2.00 11.00 45.00 9.00 34.00 0.10 0.37 0.00 0.00 0.00 5.00 6.00 5.00 4.00 8.00 2.00 0.00 0.00 0.00 0.00 0.00
8.00 12.00 8.00 23.00 53.00 15.00 30.00 0.09 0.60 0.00 0.00 0.00 5.00 6.00 7.00 6.00 9.00 3.00 0.00 0.00 0.00 0.00 0.00
9.00 14.00 10.00 29.00 67.00 19.00 38.00 0.08 0.86 0.00 0.00 0.00 5.00 7.00 9.00 7.00 11.00 3.00 0.00 0.00 0.00 1.00 0.00
10.00 9.00 2.00 15.00 45.00 13.00 30.00 0.09 0.55 0.00 1.00 0.00 3.00 6.00 6.00 3.00 8.00 1.00 0.00 0.00 0.00 0.00 0.00
11.00 9.00 5.00 18.00 36.00 13.00 18.00 0.08 0.54 0.00 0.00 0.00 1.00 5.00 8.00 4.00 8.00 1.00 0.00 0.00 0.00 0.00 0.00
12.00 10.00 0.00 13.00 43.00 13.00 30.00 0.07 0.76 0.00 1.00 0.00 5.00 7.00 5.00 3.00 10.00 0.00 0.00 0.00 0.00 0.00 0.00
13.00 7.00 4.00 11.00 31.00 7.00 20.00 0.10 0.27 0.00 1.00 0.00 3.00 6.00 4.00 1.00 7.00 0.00 0.00 0.00 0.00 0.00 0.00
14.00 11.00 4.00 25.00 55.00 21.00 30.00 0.08 0.48 0.00 0.00 0.00 3.00 7.00 8.00 4.00 9.00 2.00 0.00 0.00 0.00 0.00 0.00
15.00 11.00 3.00 19.00 53.00 16.00 34.00 0.07 0.57 0.00 0.00 0.00 2.00 6.00 9.00 5.00 7.00 4.00 0.00 0.00 0.00 0.00 0.00
16.00 6.00 2.00 7.00 27.00 5.00 20.00 0.08 0.35 0.00 0.00 0.00 4.00 5.00 2.00 1.00 5.00 1.00 0.00 0.00 0.00 0.00 0.00
17.00 10.00 7.00 21.00 52.00 14.00 31.00 0.09 0.41 0.00 0.00 0.00 5.00 8.00 5.00 2.00 8.00 2.00 0.00 0.00 0.00 0.00 0.00
18.00 12.00 7.00 28.00 55.00 21.00 27.00 0.09 0.53 0.00 0.00 0.00 4.00 7.00 8.00 5.00 9.00 3.00 0.00 0.00 0.00 0.00 0.00
19.00 16.00 9.00 30.00 68.00 21.00 38.00 0.08 0.56 0.00 0.00 0.00 5.00 11.00 11.00 5.00 15.00 1.00 0.00 0.00 0.00 0.00 0.00
20.00 8.00 2.00 11.00 32.00 9.00 21.00 0.10 0.50 0.00 0.00 0.00 4.00 6.00 4.00 2.00 7.00 1.00 0.00 0.00 0.00 0.00 0.00
21.00 15.00 9.00 30.00 70.00 21.00 40.00 0.09 0.76 0.00 0.00 0.00 6.00 10.00 9.00 5.00 12.00 3.00 0.00 0.00 0.00 0.00 0.00
22.00 7.00 0.00 4.00 23.00 4.00 19.00 0.06 0.29 1.00 0.00 0.00 1.00 5.00 6.00 2.00 6.00 1.00 0.00 0.00 0.00 0.00 0.00
23.00 10.00 2.00 18.00 44.00 16.00 26.00 0.08 0.64 0.00 0.00 0.00 6.00 8.00 4.00 2.00 9.00 1.00 0.00 0.00 0.00 0.00 0.00
24.00 15.00 13.00 35.00 73.00 22.00 38.00 0.09 0.59 1.00 0.00 0.00 6.00 12.00 9.00 3.00 12.00 3.00 0.00 0.00 0.00 0.00 0.00
25.00 16.00 14.00 40.00 80.00 26.00 40.00 0.08 0.58 1.00 0.00 0.00 6.00 12.00 10.00 4.00 14.00 2.00 0.00 0.00 0.00 0.00 0.00
26.00 9.00 1.00 14.00 42.00 13.00 28.00 0.10 0.42 1.00 0.00 0.00 2.00 6.00 7.00 3.00 8.00 1.00 0.00 0.00 0.00 0.00 0.00
27.00 14.00 9.00 35.00 71.00 26.00 36.00 0.08 0.50 1.00 0.00 0.00 2.00 9.00 12.00 5.00 11.00 3.00 0.00 0.00 0.00 0.00 0.00
28.00 15.00 16.00 38.00 79.00 22.00 41.00 0.09 0.44 1.00 0.00 0.00 4.00 8.00 11.00 7.00 11.00 4.00 0.00 0.00 0.00 0.00 1.00
29.00 16.00 15.00 38.00 81.00 23.00 43.00 0.10 0.73 0.00 0.00 0.00 5.00 8.00 11.00 8.00 12.00 4.00 0.00 0.00 0.00 0.00 0.00
30.00 18.00 13.00 36.00 76.00 23.00 40.00 0.08 0.84 1.00 0.00 0.00 10.00 12.00 8.00 6.00 16.00 2.00 0.00 0.00 0.00 0.00 0.00
31.00 14.00 8.00 30.00 67.00 22.00 37.00 0.08 0.71 0.00 0.00 0.00 6.00 11.00 8.00 3.00 13.00 1.00 0.00 0.00 0.00 0.00 0.00
32.00 12.00 8.00 24.00 59.00 16.00 35.00 0.09 0.68 0.00 0.00 0.00 4.00 9.00 8.00 3.00 10.00 2.00 0.00 0.00 0.00 1.00 0.00
33.00 12.00 6.00 23.00 57.00 17.00 34.00 0.08 0.70 0.00 0.00 0.00 1.00 7.00 11.00 5.00 8.00 4.00 0.00 0.00 0.00 1.00 0.00
34.00 17.00 10.00 44.00 92.00 34.00 48.00 0.09 0.69 0.00 0.00 0.00 4.00 11.00 13.00 6.00 15.00 2.00 0.00 0.00 0.00 0.00 0.00
35.00 9.00 0.00 9.00 37.00 9.00 28.00 0.09 0.54 0.00 0.00 0.00 3.00 7.00 6.00 2.00 8.00 1.00 0.00 0.00 0.00 0.00 0.00
36.00 20.00 22.00 52.00 107.00 30.00 55.00 0.09 0.69 0.00 0.00 0.00 4.00 9.00 16.00 11.00 12.00 8.00 0.00 0.00 0.00 0.00 0.00
37.00 18.00 14.00 48.00 91.00 34.00 43.00 0.09 0.64 0.00 0.00 0.00 4.00 10.00 14.00 8.00 13.00 5.00 0.00 0.00 0.00 1.00 0.00
38.00 17.00 18.00 44.00 88.00 26.00 44.00 0.07 0.65 0.00 0.00 0.00 6.00 9.00 11.00 8.00 12.00 5.00 0.00 0.00 0.00 0.00 0.00
39.00 18.00 12.00 41.00 92.00 29.00 51.00 0.09 0.71 0.00 0.00 0.00 4.00 11.00 14.00 7.00 14.00 4.00 0.00 0.00 1.00 0.00 0.00
40.00 11.00 5.00 17.00 49.00 12.00 32.00 0.08 0.60 0.00 0.00 0.00 6.00 6.00 5.00 5.00 8.00 3.00 0.00 1.00 0.00 0.00 0.00
41.00 18.00 10.00 38.00 89.00 28.00 51.00 0.08 0.70 0.00 0.00 0.00 4.00 14.00 14.00 4.00 16.00 2.00 0.00 0.00 0.00 0.00 0.00
42.00 16.00 6.00 40.00 88.00 34.00 48.00 0.08 0.59 0.00 0.00 0.00 5.00 11.00 11.00 5.00 15.00 1.00 0.00 0.00 0.00 0.00 0.00
43.00 10.00 7.00 18.00 45.00 11.00 27.00 0.08 0.39 0.00 0.00 0.00 2.00 6.00 8.00 4.00 7.00 3.00 0.00 0.00 0.00 0.00 0.00
44.00 16.00 8.00 38.00 82.00 30.00 44.00 0.07 0.73 0.00 0.00 0.00 4.00 8.00 12.00 8.00 12.00 4.00 0.00 0.00 0.00 0.00 0.00
45.00 22.00 13.00 50.00 115.00 37.00 65.00 0.09 0.90 0.00 1.00 0.00 10.00 13.00 12.00 9.00 18.00 4.00 0.00 0.00 1.00 0.00 0.00
46.00 15.00 6.00 27.00 71.00 21.00 44.00 0.08 0.60 0.00 0.00 0.00 4.00 10.00 11.00 5.00 13.00 2.00 0.00 0.00 0.00 0.00 0.00
47.00 20.00 9.00 40.00 97.00 31.00 57.00 0.08 0.63 0.00 0.00 0.00 10.00 12.00 10.00 8.00 15.00 5.00 0.00 0.00 0.00 0.00 0.00
48.00 12.00 3.00 19.00 62.00 16.00 43.00 0.09 0.68 0.00 0.00 0.00 3.00 8.00 9.00 4.00 10.00 2.00 0.00 1.00 0.00 0.00 0.00
49.00 19.00 9.00 45.00 100.00 36.00 55.00 0.08 0.63 1.00 0.00 0.00 5.00 13.00 14.00 6.00 16.00 3.00 0.00 1.00 0.00 0.00 0.00
50.00 24.00 16.00 44.00 109.00 28.00 65.00 0.08 0.79 0.00 0.00 0.00 7.00 15.00 17.00 9.00 20.00 4.00 0.00 1.00 0.00 0.00 0.00
51.00 20.00 8.00 40.00 103.00 32.00 63.00 0.09 0.82 1.00 0.00 0.00 5.00 12.00 15.00 8.00 15.00 5.00 0.00 1.00 0.00 0.00 0.00
52.00 20.00 12.00 41.00 104.00 29.00 63.00 0.09 0.72 1.00 0.00 0.00 6.00 11.00 14.00 9.00 14.00 6.00 0.00 1.00 0.00 0.00 0.00
53.00 20.00 13.00 45.00 101.00 32.00 56.00 0.08 0.74 0.00 0.00 0.00 4.00 10.00 16.00 10.00 14.00 6.00 0.00 1.00 0.00 0.00 0.00
54.00 15.00 7.00 27.00 73.00 20.00 46.00 0.09 0.66 1.00 1.00 1.00 7.00 12.00 8.00 3.00 13.00 2.00 0.00 0.00 0.00 0.00 0.00
55.00 18.00 8.00 44.00 94.00 36.00 50.00 0.09 0.54 1.00 0.00 0.00 6.00 10.00 12.00 8.00 12.00 6.00 0.00 0.00 0.00 0.00 0.00
56.00 26.00 12.00 70.00 133.00 58.00 63.00 0.09 0.83 1.00 0.00 0.00 5.00 16.00 21.00 10.00 20.00 6.00 0.00 1.00 0.00 0.00 0.00
57.00 21.00 16.00 54.00 112.00 38.00 58.00 0.10 0.54 0.00 0.00 0.00 3.00 10.00 18.00 11.00 15.00 6.00 0.00 1.00 0.00 0.00 0.00
58.00 15.00 8.00 30.00 80.00 22.00 50.00 0.08 0.71 0.00 0.00 0.00 4.00 9.00 11.00 6.00 14.00 1.00 0.00 0.00 0.00 0.00 0.00
59.00 20.00 8.00 42.00 101.00 34.00 59.00 0.09 0.87 0.00 1.00 0.00 8.00 8.00 12.00 12.00 15.00 5.00 0.00 1.00 0.00 0.00 0.00
60.00 26.00 20.00 77.00 137.00 57.00 60.00 0.07 0.76 1.00 0.00 0.00 5.00 14.00 21.00 12.00 20.00 6.00 1.00 0.00 0.00 1.00 0.00
61.00 24.00 19.00 61.00 130.00 42.00 69.00 0.07 0.77 1.00 1.00 1.00 8.00 11.00 16.00 13.00 15.00 9.00 0.00 0.00 0.00 0.00 0.00
62.00 17.00 3.00 36.00 91.00 33.00 55.00 0.07 0.62 0.00 1.00 0.00 3.00 9.00 14.00 8.00 11.00 6.00 0.00 1.00 1.00 0.00 0.00
63.00 22.00 16.00 50.00 110.00 34.00 60.00 0.09 0.69 0.00 2.00 0.00 3.00 12.00 19.00 10.00 19.00 3.00 0.00 0.00 1.00 0.00 0.00
64.00 29.00 24.00 77.00 145.00 53.00 68.00 0.07 0.81 1.00 0.00 0.00 13.00 19.00 16.00 10.00 21.00 8.00 0.00 0.00 0.00 0.00 0.00
65.00 26.00 18.00 57.00 123.00 39.00 66.00 0.07 0.63 0.00 1.00 0.00 7.00 14.00 19.00 12.00 17.00 9.00 0.00 1.00 0.00 0.00 0.00
66.00 28.00 17.00 69.00 138.00 52.00 69.00 0.10 0.82 0.00 0.00 0.00 4.00 14.00 24.00 14.00 20.00 8.00 0.00 0.00 0.00 0.00 0.00
67.00 25.00 16.00 66.00 127.00 50.00 61.00 0.08 0.86 0.00 0.00 0.00 5.00 14.00 20.00 11.00 18.00 7.00 0.00 1.00 0.00 1.00 0.00
68.00 34.00 31.00 90.00 162.00 59.00 72.00 0.08 1.07 0.00 1.00 0.00 5.00 13.00 29.00 21.00 24.00 10.00 0.00 1.00 0.00 1.00 0.00
69.00 26.00 29.00 68.00 136.00 39.00 68.00 0.07 0.83 0.00 1.00 0.00 6.00 10.00 20.00 16.00 15.00 11.00 0.00 1.00 0.00 0.00 0.00
70.00 24.00 22.00 54.00 119.00 32.00 65.00 0.10 0.90 0.00 1.00 0.00 6.00 11.00 18.00 13.00 12.00 12.00 0.00 0.00 1.00 0.00 0.00
71.00 14.00 9.00 29.00 68.00 20.00 39.00 0.10 0.54 0.00 1.00 0.00 4.00 7.00 10.00 7.00 11.00 3.00 0.00 0.00 0.00 0.00 0.00
72.00 25.00 27.00 61.00 130.00 34.00 69.00 0.08 0.82 0.00 2.00 0.00 6.00 10.00 19.00 15.00 14.00 11.00 0.00 1.00 0.00 0.00 0.00
73.00 28.00 30.00 75.00 140.00 45.00 65.00 0.08 0.80 0.00 1.00 0.00 8.00 16.00 20.00 12.00 21.00 7.00 0.00 1.00 0.00 0.00 0.00
74.00 24.00 21.00 63.00 126.00 42.00 63.00 0.08 0.67 1.00 0.00 0.00 11.00 14.00 13.00 10.00 17.00 7.00 0.00 1.00 0.00 0.00 0.00
75.00 35.00 43.00 106.00 184.00 63.00 78.00 0.10 0.96 1.00 3.00 0.33 6.00 15.00 29.00 20.00 21.00 14.00 0.00 1.00 0.00 0.00 0.00
76.00 29.00 27.00 82.00 150.00 55.00 68.00 0.10 0.89 1.00 0.00 0.00 8.00 14.00 21.00 15.00 18.00 11.00 0.00 1.00 0.00 1.00 0.00
77.00 31.00 29.00 87.00 155.00 58.00 68.00 0.07 1.01 1.00 2.00 0.50 10.00 16.00 21.00 15.00 21.00 10.00 0.00 0.00 0.00 0.00 0.00
78.00 31.00 29.00 84.00 154.00 55.00 70.00 0.08 1.02 0.00 3.00 0.00 6.00 14.00 25.00 17.00 21.00 10.00 0.00 0.00 0.00 0.00 0.00
79.00 26.00 23.00 71.00 140.00 48.00 69.00 0.08 0.82 1.00 2.00 0.50 6.00 14.00 20.00 12.00 16.00 10.00 0.00 1.00 0.00 0.00 0.00
80.00 31.00 36.00 83.00 151.00 47.00 68.00 0.09 1.03 1.00 2.00 0.50 10.00 15.00 21.00 16.00 20.00 11.00 0.00 1.00 0.00 0.00 0.00
81.00 24.00 16.00 66.00 130.00 50.00 64.00 0.09 0.79 1.00 2.00 0.50 3.00 9.00 21.00 15.00 15.00 9.00 0.00 1.00 0.00 0.00 0.00
82.00 31.00 35.00 91.00 162.00 56.00 71.00 0.09 0.90 1.00 2.00 0.50 5.00 12.00 26.00 19.00 17.00 14.00 0.00 1.00 0.00 0.00 0.00
83.00 28.00 33.00 83.00 142.00 50.00 59.00 0.08 0.75 1.00 3.00 0.33 5.00 12.00 23.00 16.00 14.00 14.00 0.00 1.00 0.00 0.00 0.00
84.00 23.00 17.00 56.00 110.00 39.00 54.00 0.07 0.76 0.00 0.00 0.00 9.00 13.00 14.00 10.00 14.00 9.00 0.00 0.00 0.00 0.00 0.00
85.00 28.00 30.00 86.00 145.00 56.00 59.00 0.09 0.76 1.00 0.00 0.00 7.00 16.00 21.00 12.00 20.00 8.00 0.00 0.00 0.00 0.00 0.00
86.00 20.00 14.00 47.00 101.00 33.00 54.00 0.09 0.72 1.00 1.00 1.00 4.00 9.00 16.00 11.00 14.00 6.00 0.00 0.00 0.00 0.00 0.00
87.00 29.00 30.00 76.00 144.00 46.00 68.00 0.09 0.88 1.00 1.00 1.00 7.00 11.00 22.00 18.00 16.00 13.00 0.00 0.00 0.00 0.00 0.00
88.00 27.00 28.00 66.00 134.00 38.00 68.00 0.09 0.87 1.00 1.00 1.00 5.00 11.00 22.00 16.00 19.00 8.00 0.00 1.00 0.00 0.00 0.00
89.00 25.00 15.00 64.00 124.00 49.00 60.00 0.08 0.87 1.00 0.00 0.00 6.00 10.00 19.00 15.00 19.00 6.00 0.00 0.00 0.00 0.00 0.00
90.00 26.00 22.00 68.00 134.00 46.00 66.00 0.07 0.70 1.00 2.00 0.50 6.00 10.00 20.00 16.00 16.00 10.00 0.00 0.00 0.00 0.00 0.00
91.00 26.00 27.00 80.00 134.00 53.00 54.00 0.09 0.87 1.00 2.00 0.50 6.00 11.00 20.00 15.00 15.00 11.00 0.00 1.00 0.00 0.00 0.00
92.00 29.00 28.00 87.00 157.00 59.00 70.00 0.09 0.91 1.00 1.00 1.00 4.00 8.00 25.00 21.00 17.00 12.00 1.00 1.00 0.00 0.00 0.00
93.00 32.00 41.00 99.00 166.00 58.00 67.00 0.09 0.93 1.00 3.00 0.33 6.00 14.00 26.00 18.00 21.00 11.00 0.00 1.00 0.00 0.00 0.00
94.00 29.00 19.00 86.00 160.00 67.00 74.00 0.08 1.04 0.00 2.00 0.00 5.00 9.00 24.00 20.00 16.00 13.00 0.00 0.00 1.00 0.00 0.00
95.00 32.00 41.00 97.00 169.00 56.00 72.00 0.10 0.95 1.00 2.00 0.50 4.00 10.00 28.00 22.00 16.00 16.00 0.00 1.00 0.00 0.00 0.00
96.00 32.00 37.00 85.00 158.00 48.00 73.00 0.09 1.08 1.00 2.00 0.50 13.00 20.00 19.00 12.00 26.00 6.00 0.00 1.00 0.00 0.00 0.00
97.00 33.00 36.00 98.00 174.00 62.00 76.00 0.08 0.78 1.00 3.00 0.33 8.00 19.00 25.00 14.00 22.00 11.00 0.00 1.00 0.00 0.00 0.00
98.00 32.00 37.00 97.00 174.00 60.00 77.00 0.08 0.79 1.00 1.00 1.00 4.00 12.00 28.00 20.00 17.00 15.00 0.00 1.00 0.00 0.00 0.00
99.00 29.00 32.00 82.00 152.00 50.00 70.00 0.07 0.84 1.00 2.00 0.50 10.00 16.00 19.00 13.00 21.00 8.00 0.00 0.00 0.00 0.00 0.00
100.00 34.00 34.00 96.00 182.00 62.00 86.00 0.09 0.89 0.00 3.00 0.00 11.00 14.00 23.00 20.00 19.00 15.00 0.00 1.00 0.00 0.00 0.00
101.00 26.00 26.00 70.00 134.00 44.00 64.00 0.09 0.83 1.00 4.00 0.25 8.00 13.00 18.00 13.00 17.00 9.00 0.00 1.00 0.00 0.00 0.00
102.00 35.00 39.00 103.00 170.00 64.00 67.00 0.07 0.99 0.00 1.00 0.00 8.00 12.00 27.00 23.00 16.00 19.00 0.00 1.00 0.00 0.00 0.00
103.00 33.00 30.00 85.00 171.00 55.00 86.00 0.09 1.06 0.00 2.00 0.00 10.00 12.00 23.00 21.00 16.00 17.00 1.00 1.00 0.00 0.00 0.00
104.00 27.00 24.00 70.00 145.00 46.00 75.00 0.08 0.83 0.00 3.00 0.00 6.00 9.00 21.00 18.00 17.00 10.00 0.00 1.00 1.00 0.00 0.00
105.00 36.00 36.00 108.00 188.00 72.00 80.00 0.09 1.25 0.00 4.00 0.00 8.00 13.00 28.00 23.00 21.00 15.00 0.00 1.00 0.00 0.00 0.00
106.00 31.00 31.00 91.00 164.00 60.00 73.00 0.07 0.88 0.00 4.00 0.00 8.00 10.00 23.00 21.00 19.00 12.00 0.00 0.00 1.00 0.00 0.00
107.00 36.00 47.00 115.00 193.00 68.00 78.00 0.09 0.96 0.00 4.00 0.00 7.00 16.00 29.00 20.00 21.00 15.00 1.00 1.00 1.00 0.00 1.00
108.00 35.00 36.00 104.00 177.00 68.00 73.00 0.08 0.90 0.00 1.00 0.00 10.00 17.00 25.00 18.00 24.00 11.00 1.00 1.00 1.00 0.00 0.00
109.00 32.00 36.00 86.00 161.00 50.00 75.00 0.09 1.04 0.00 5.00 0.00 6.00 16.00 26.00 16.00 23.00 9.00 0.00 0.00 0.00 0.00 0.00
110.00 33.00 27.00 85.00 174.00 58.00 89.00 0.09 1.08 0.00 4.00 0.00 7.00 15.00 26.00 18.00 22.00 11.00 1.00 1.00 1.00 0.00 0.00
111.00 38.00 44.00 118.00 191.00 74.00 73.00 0.09 0.88 0.00 4.00 0.00 10.00 16.00 28.00 22.00 25.00 13.00 0.00 1.00 1.00 0.00 0.00
112.00 33.00 32.00 103.00 173.00 71.00 70.00 0.09 0.87 0.00 3.00 0.00 8.00 15.00 25.00 18.00 20.00 13.00 1.00 1.00 1.00 0.00 0.00
113.00 33.00 33.00 101.00 175.00 68.00 74.00 0.09 0.91 0.00 0.00 0.00 10.00 13.00 23.00 20.00 22.00 11.00 0.00 1.00 0.00 0.00 0.00
114.00 30.00 35.00 88.00 147.00 53.00 59.00 0.09 0.79 0.00 3.00 0.00 9.00 16.00 21.00 14.00 19.00 11.00 0.00 1.00 0.00 0.00 0.00
115.00 35.00 38.00 99.00 179.00 61.00 80.00 0.07 1.15 0.00 3.00 0.00 9.00 13.00 26.00 22.00 21.00 14.00 0.00 1.00 1.00 0.00 0.00
116.00 33.00 45.00 95.00 180.00 50.00 85.00 0.09 0.90 0.00 3.00 0.00 6.00 15.00 27.00 18.00 16.00 17.00 0.00 0.00 0.00 1.00 0.00
117.00 34.00 40.00 99.00 178.00 59.00 79.00 0.11 1.09 1.00 6.00 0.17 8.00 13.00 26.00 21.00 19.00 15.00 0.00 1.00 1.00 0.00 0.00
118.00 39.00 31.00 98.00 195.00 67.00 97.00 0.09 1.72 0.00 3.00 0.00 7.00 14.00 32.00 25.00 24.00 15.00 0.00 1.00 1.00 0.00 0.00
119.00 36.00 45.00 114.00 190.00 69.00 76.00 0.09 1.28 0.00 5.00 0.00 6.00 13.00 30.00 23.00 15.00 21.00 0.00 2.00 0.00 0.00 0.00
120.00 33.00 37.00 95.00 173.00 58.00 78.00 0.09 1.07 0.00 4.00 0.00 8.00 16.00 25.00 17.00 22.00 11.00 0.00 0.00 0.00 0.00 0.00
121.00 37.00 49.00 116.00 191.00 67.00 75.00 0.09 1.12 0.00 4.00 0.00 9.00 16.00 28.00 21.00 23.00 14.00 0.00 2.00 0.00 0.00 0.00
122.00 38.00 44.00 110.00 197.00 66.00 87.00 0.09 1.25 0.00 4.00 0.00 9.00 15.00 29.00 23.00 22.00 16.00 0.00 1.00 1.00 0.00 0.00
123.00 35.00 32.00 109.00 188.00 77.00 79.00 0.08 1.02 0.00 4.00 0.00 5.00 10.00 30.00 25.00 18.00 17.00 0.00 0.00 0.00 0.00 0.00
124.00 40.00 57.00 120.00 210.00 63.00 90.00 0.08 1.31 0.00 4.00 0.00 8.00 16.00 32.00 24.00 22.00 18.00 0.00 1.00 1.00 0.00 0.00
125.00 36.00 46.00 111.00 190.00 65.00 79.00 0.09 1.17 0.00 5.00 0.00 9.00 18.00 27.00 18.00 25.00 11.00 0.00 1.00 0.00 0.00 0.00
126.00 39.00 46.00 117.00 200.00 71.00 83.00 0.10 1.10 0.00 3.00 0.00 7.00 18.00 32.00 21.00 25.00 14.00 0.00 1.00 0.00 1.00 0.00
127.00 36.00 50.00 123.00 188.00 73.00 65.00 0.10 0.92 0.00 2.00 0.00 6.00 14.00 30.00 22.00 20.00 16.00 0.00 1.00 3.00 0.00 0.00
128.00 35.00 47.00 116.00 189.00 69.00 73.00 0.07 0.97 0.00 4.00 0.00 5.00 11.00 30.00 24.00 18.00 17.00 0.00 0.00 0.00 0.00 0.00
129.00 38.00 56.00 119.00 201.00 63.00 82.00 0.09 1.20 0.00 4.00 0.00 5.00 10.00 33.00 28.00 19.00 19.00 1.00 1.00 1.00 0.00 0.00
130.00 38.00 42.00 113.00 202.00 71.00 89.00 0.06 1.09 1.00 3.00 0.33 11.00 19.00 27.00 19.00 26.00 12.00 0.00 1.00 1.00 0.00 0.00
131.00 35.00 45.00 116.00 187.00 71.00 71.00 0.07 0.88 1.00 5.00 0.20 5.00 8.00 30.00 27.00 14.00 21.00 0.00 1.00 0.00 0.00 0.00
132.00 38.00 55.00 120.00 195.00 65.00 75.00 0.08 1.06 0.00 4.00 0.00 8.00 10.00 30.00 28.00 20.00 18.00 0.00 1.00 1.00 0.00 0.00
133.00 43.00 55.00 132.00 222.00 77.00 90.00 0.08 0.96 0.00 4.00 0.00 11.00 21.00 32.00 22.00 25.00 18.00 0.00 0.00 2.00 0.00 0.00
134.00 41.00 54.00 122.00 212.00 68.00 90.00 0.10 1.17 0.00 4.00 0.00 8.00 13.00 33.00 28.00 18.00 23.00 0.00 1.00 2.00 0.00 0.00
135.00 43.00 63.00 141.00 221.00 78.00 80.00 0.10 0.98 0.00 4.00 0.00 8.00 11.00 35.00 32.00 17.00 26.00 0.00 1.00 3.00 1.00 0.00
136.00 41.00 59.00 123.00 219.00 64.00 96.00 0.08 1.16 0.00 6.00 0.00 9.00 16.00 32.00 25.00 22.00 19.00 0.00 1.00 2.00 0.00 0.00
137.00 39.00 46.00 122.00 203.00 76.00 81.00 0.08 1.07 0.00 5.00 0.00 11.00 20.00 28.00 19.00 24.00 15.00 0.00 0.00 1.00 1.00 0.00
138.00 38.00 51.00 114.00 201.00 63.00 87.00 0.08 1.23 0.00 3.00 0.00 7.00 15.00 31.00 23.00 25.00 13.00 1.00 0.00 2.00 0.00 0.00
139.00 41.00 40.00 118.00 222.00 78.00 104.00 0.08 1.02 0.00 5.00 0.00 8.00 22.00 33.00 19.00 28.00 13.00 0.00 0.00 1.00 0.00 0.00
140.00 34.00 39.00 104.00 180.00 65.00 76.00 0.08 0.85 1.00 4.00 0.25 7.00 12.00 27.00 22.00 19.00 15.00 0.00 0.00 1.00 0.00 0.00
141.00 38.00 52.00 127.00 204.00 75.00 77.00 0.07 0.79 1.00 5.00 0.20 6.00 16.00 32.00 22.00 21.00 17.00 0.00 0.00 2.00 0.00 0.00
142.00 42.00 51.00 132.00 219.00 81.00 87.00 0.09 1.03 0.00 2.00 0.00 12.00 21.00 30.00 21.00 34.00 8.00 0.00 0.00 3.00 0.00 0.00
143.00 41.00 53.00 132.00 218.00 79.00 86.00 0.08 0.86 0.00 5.00 0.00 4.00 15.00 37.00 26.00 26.00 15.00 0.00 0.00 1.00 0.00 0.00
144.00 41.00 47.00 113.00 212.00 66.00 99.00 0.08 0.95 0.00 3.00 0.00 10.00 18.00 31.00 23.00 26.00 15.00 0.00 1.00 1.00 0.00 1.00
145.00 35.00 49.00 102.00 187.00 53.00 85.00 0.10 0.77 0.00 2.00 0.00 5.00 14.00 30.00 21.00 23.00 12.00 1.00 1.00 2.00 0.00 0.00
146.00 38.00 48.00 123.00 199.00 75.00 76.00 0.08 0.84 0.00 4.00 0.00 8.00 15.00 30.00 23.00 22.00 16.00 0.00 1.00 1.00 1.00 0.00
147.00 41.00 53.00 133.00 223.00 80.00 90.00 0.08 0.91 1.00 5.00 0.20 9.00 20.00 32.00 21.00 26.00 15.00 0.00 1.00 2.00 1.00 0.00
148.00 37.00 44.00 118.00 201.00 74.00 83.00 0.08 0.77 0.00 5.00 0.00 7.00 14.00 30.00 23.00 20.00 17.00 0.00 1.00 0.00 1.00 1.00
149.00 42.00 52.00 129.00 221.00 77.00 92.00 0.09 0.93 0.00 3.00 0.00 13.00 20.00 29.00 22.00 28.00 14.00 1.00 0.00 1.00 0.00 0.00
150.00 31.00 36.00 92.00 160.00 56.00 68.00 0.10 1.14 0.00 3.00 0.00 8.00 16.00 23.00 15.00 19.00 12.00 0.00 0.00 0.00 0.00 0.00
151.00 44.00 65.00 139.00 224.00 74.00 85.00 0.08 1.18 0.00 3.00 0.00 12.00 20.00 32.00 24.00 25.00 19.00 0.00 1.00 1.00 0.00 0.00
152.00 41.00 52.00 122.00 211.00 70.00 89.00 0.09 1.02 0.00 2.00 0.00 12.00 19.00 29.00 22.00 28.00 13.00 0.00 1.00 0.00 2.00 0.00
153.00 42.00 53.00 120.00 211.00 67.00 91.00 0.08 0.94 0.00 2.00 0.00 11.00 18.00 31.00 24.00 24.00 18.00 0.00 1.00 1.00 0.00 0.00
154.00 39.00 43.00 119.00 208.00 76.00 89.00 0.08 0.96 0.00 2.00 0.00 8.00 18.00 31.00 21.00 28.00 11.00 0.00 0.00 0.00 0.00 0.00
155.00 48.00 68.00 150.00 243.00 82.00 93.00 0.08 1.24 1.00 3.00 0.33 13.00 21.00 35.00 27.00 29.00 19.00 0.00 1.00 0.00 1.00 0.00
156.00 51.00 64.00 161.00 274.00 97.00 113.00 0.10 1.13 0.00 4.00 0.00 11.00 14.00 40.00 37.00 24.00 27.00 0.00 2.00 1.00 0.00 0.00
157.00 38.00 46.00 123.00 206.00 77.00 83.00 0.09 0.87 0.00 4.00 0.00 4.00 9.00 34.00 29.00 18.00 20.00 0.00 1.00 1.00 0.00 0.00
158.00 47.00 62.00 160.00 258.00 98.00 98.00 0.09 1.12 0.00 5.00 0.00 4.00 14.00 43.00 33.00 25.00 22.00 0.00 0.00 4.00 0.00 0.00
159.00 43.00 56.00 130.00 218.00 74.00 88.00 0.09 1.02 1.00 3.00 0.33 11.00 22.00 32.00 21.00 28.00 15.00 0.00 1.00 1.00 0.00 0.00
160.00 46.00 50.00 138.00 236.00 88.00 98.00 0.09 1.13 0.00 3.00 0.00 14.00 23.00 32.00 23.00 33.00 13.00 0.00 1.00 0.00 0.00 0.00
161.00 43.00 60.00 137.00 226.00 77.00 89.00 0.08 0.99 2.00 4.00 0.50 8.00 14.00 35.00 29.00 21.00 22.00 0.00 0.00 0.00 0.00 0.00
162.00 46.00 67.00 141.00 243.00 74.00 102.00 0.08 1.02 2.00 3.00 0.67 8.00 17.00 38.00 29.00 23.00 23.00 0.00 0.00 0.00 0.00 0.00
163.00 49.00 71.00 167.00 264.00 96.00 97.00 0.09 1.14 2.00 7.00 0.29 6.00 12.00 43.00 37.00 26.00 23.00 0.00 1.00 1.00 0.00 0.00
164.00 53.00 70.00 169.00 271.00 99.00 102.00 0.09 1.26 1.00 6.00 0.17 9.00 18.00 44.00 35.00 31.00 22.00 0.00 1.00 1.00 0.00 0.00
165.00 47.00 77.00 149.00 233.00 72.00 84.00 0.09 1.18 2.00 5.00 0.40 12.00 17.00 35.00 30.00 25.00 22.00 0.00 1.00 0.00 1.00 0.00
166.00 54.00 85.00 179.00 278.00 94.00 99.00 0.10 1.28 3.00 6.00 0.50 12.00 21.00 42.00 33.00 26.00 28.00 0.00 0.00 0.00 0.00 0.00
167.00 51.00 85.00 168.00 257.00 83.00 89.00 0.09 1.10 2.00 6.00 0.33 9.00 18.00 42.00 33.00 27.00 24.00 0.00 0.00 0.00 0.00 0.00
168.00 48.00 65.00 152.00 247.00 87.00 95.00 0.08 1.11 2.00 5.00 0.40 13.00 20.00 35.00 28.00 27.00 21.00 0.00 1.00 0.00 0.00 0.00
169.00 46.00 71.00 149.00 237.00 78.00 88.00 0.09 1.20 1.00 7.00 0.14 10.00 15.00 36.00 31.00 22.00 24.00 0.00 0.00 0.00 0.00 0.00
170.00 48.00 65.00 156.00 255.00 91.00 99.00 0.08 1.00 2.00 6.00 0.33 11.00 21.00 37.00 27.00 30.00 18.00 2.00 0.00 0.00 0.00 0.00
171.00 46.00 74.00 150.00 251.00 76.00 101.00 0.09 1.24 2.00 5.00 0.40 8.00 17.00 38.00 29.00 25.00 21.00 1.00 1.00 1.00 1.00 0.00
172.00 52.00 83.00 166.00 281.00 83.00 115.00 0.08 1.21 2.00 5.00 0.40 12.00 16.00 40.00 36.00 25.00 27.00 1.00 1.00 0.00 2.00 1.00
173.00 42.00 65.00 135.00 217.00 70.00 82.00 0.08 0.97 1.00 6.00 0.17 2.00 11.00 40.00 31.00 21.00 21.00 1.00 1.00 0.00 0.00 0.00
174.00 46.00 68.00 152.00 245.00 84.00 93.00 0.09 1.12 2.00 8.00 0.25 10.00 16.00 36.00 30.00 24.00 22.00 1.00 0.00 0.00 0.00 0.00
175.00 43.00 51.00 137.00 229.00 86.00 92.00 0.09 1.20 3.00 5.00 0.60 8.00 14.00 35.00 29.00 22.00 21.00 1.00 0.00 0.00 0.00 0.00
176.00 50.00 74.00 161.00 264.00 87.00 103.00 0.06 1.35 2.00 8.00 0.25 7.00 15.00 43.00 35.00 21.00 29.00 2.00 1.00 1.00 0.00 0.00
177.00 61.00 83.00 182.00 305.00 99.00 123.00 0.08 1.49 2.00 7.00 0.29 13.00 23.00 48.00 38.00 39.00 22.00 0.00 1.00 1.00 0.00 0.00
178.00 48.00 69.00 151.00 248.00 82.00 97.00 0.07 1.33 2.00 6.00 0.33 8.00 17.00 40.00 31.00 30.00 18.00 0.00 0.00 1.00 0.00 0.00
179.00 54.00 76.00 173.00 273.00 97.00 100.00 0.08 1.26 2.00 7.00 0.29 5.00 12.00 49.00 42.00 22.00 32.00 0.00 1.00 1.00 0.00 0.00
180.00 54.00 72.00 171.00 283.00 99.00 112.00 0.08 1.30 1.00 5.00 0.20 11.00 19.00 43.00 35.00 29.00 25.00 1.00 1.00 2.00 0.00 0.00
181.00 47.00 45.00 140.00 254.00 95.00 114.00 0.08 1.27 2.00 3.00 0.67 8.00 19.00 39.00 28.00 25.00 22.00 2.00 1.00 0.00 0.00 0.00
182.00 42.00 56.00 134.00 220.00 78.00 86.00 0.08 1.15 1.00 4.00 0.25 10.00 16.00 32.00 26.00 25.00 17.00 1.00 1.00 1.00 0.00 0.00
183.00 38.00 42.00 111.00 202.00 69.00 91.00 0.09 1.19 2.00 4.00 0.50 9.00 18.00 29.00 20.00 19.00 19.00 2.00 0.00 0.00 0.00 0.00
184.00 47.00 73.00 158.00 253.00 85.00 95.00 0.09 1.22 0.00 6.00 0.00 8.00 20.00 39.00 27.00 30.00 17.00 2.00 0.00 0.00 0.00 0.00
185.00 47.00 77.00 157.00 253.00 80.00 96.00 0.09 1.37 1.00 6.00 0.17 8.00 18.00 39.00 29.00 22.00 25.00 1.00 0.00 0.00 0.00 0.00
186.00 45.00 74.00 142.00 236.00 68.00 94.00 0.08 1.28 0.00 6.00 0.00 8.00 14.00 37.00 31.00 18.00 27.00 0.00 1.00 1.00 0.00 0.00
187.00 48.00 69.00 157.00 246.00 88.00 89.00 0.08 1.36 2.00 6.00 0.33 11.00 17.00 37.00 31.00 25.00 23.00 0.00 1.00 1.00 0.00 0.00
188.00 47.00 61.00 150.00 247.00 89.00 97.00 0.08 1.38 2.00 4.00 0.50 14.00 19.00 33.00 28.00 27.00 20.00 1.00 0.00 1.00 0.00 0.00
189.00 51.00 75.00 155.00 260.00 80.00 105.00 0.08 1.29 1.00 5.00 0.20 17.00 23.00 34.00 28.00 30.00 21.00 1.00 1.00 2.00 0.00 0.00
190.00 54.00 75.00 174.00 284.00 99.00 110.00 0.07 1.35 1.00 4.00 0.25 7.00 17.00 47.00 37.00 24.00 30.00 1.00 1.00 1.00 0.00 0.00
191.00 50.00 72.00 160.00 268.00 88.00 108.00 0.08 1.29 1.00 6.00 0.17 9.00 18.00 41.00 32.00 26.00 24.00 1.00 1.00 3.00 0.00 1.00
192.00 46.00 88.00 164.00 247.00 76.00 83.00 0.09 1.16 0.00 6.00 0.00 6.00 13.00 40.00 33.00 25.00 21.00 1.00 1.00 1.00 0.00 0.00
193.00 45.00 53.00 145.00 239.00 92.00 94.00 0.07 1.17 0.00 6.00 0.00 6.00 14.00 39.00 31.00 24.00 21.00 1.00 0.00 0.00 0.00 0.00
194.00 43.00 58.00 135.00 215.00 77.00 80.00 0.09 1.30 1.00 6.00 0.17 9.00 21.00 34.00 22.00 28.00 15.00 0.00 1.00 1.00 0.00 0.00
195.00 42.00 62.00 128.00 216.00 66.00 88.00 0.08 1.11 1.00 6.00 0.17 7.00 16.00 35.00 26.00 25.00 17.00 0.00 1.00 0.00 0.00 0.00
196.00 45.00 69.00 152.00 234.00 83.00 82.00 0.09 1.10 1.00 6.00 0.17 11.00 19.00 34.00 26.00 28.00 17.00 0.00 1.00 2.00 0.00 0.00
197.00 36.00 39.00 104.00 185.00 65.00 81.00 0.08 1.00 1.00 5.00 0.20 9.00 14.00 27.00 22.00 22.00 14.00 0.00 1.00 1.00 1.00 0.00
198.00 43.00 63.00 134.00 219.00 71.00 85.00 0.10 1.13 2.00 4.00 0.50 6.00 13.00 37.00 30.00 26.00 17.00 0.00 1.00 0.00 0.00 0.00
199.00 44.00 53.00 134.00 219.00 81.00 85.00 0.09 1.10 3.00 5.00 0.60 8.00 17.00 36.00 27.00 26.00 18.00 0.00 0.00 1.00 0.00 0.00
200.00 42.00 62.00 132.00 216.00 70.00 84.00 0.08 1.21 1.00 5.00 0.20 11.00 19.00 31.00 23.00 28.00 14.00 0.00 1.00 0.00 1.00 0.00
201.00 46.00 57.00 146.00 242.00 89.00 96.00 0.08 1.21 1.00 5.00 0.20 7.00 16.00 39.00 30.00 27.00 19.00 0.00 0.00 2.00 1.00 0.00
202.00 47.00 76.00 149.00 245.00 73.00 96.00 0.08 1.19 1.00 5.00 0.20 13.00 21.00 34.00 26.00 29.00 18.00 0.00 1.00 0.00 0.00 0.00
203.00 48.00 70.00 151.00 243.00 81.00 92.00 0.09 1.26 2.00 5.00 0.40 10.00 17.00 38.00 31.00 23.00 25.00 0.00 1.00 1.00 0.00 0.00
204.00 44.00 50.00 142.00 235.00 92.00 93.00 0.09 1.14 0.00 5.00 0.00 7.00 16.00 37.00 28.00 24.00 20.00 1.00 1.00 0.00 0.00 0.00
205.00 49.00 69.00 144.00 246.00 75.00 102.00 0.09 1.43 1.00 6.00 0.17 9.00 23.00 40.00 26.00 30.00 19.00 1.00 1.00 1.00 0.00 0.00
206.00 46.00 61.00 150.00 247.00 89.00 97.00 0.09 1.12 1.00 6.00 0.17 9.00 18.00 37.00 28.00 21.00 25.00 0.00 1.00 1.00 1.00 0.00
207.00 52.00 73.00 175.00 277.00 102.00 102.00 0.08 1.32 0.00 3.00 0.00 9.00 21.00 43.00 31.00 34.00 18.00 2.00 1.00 1.00 1.00 0.00
208.00 49.00 72.00 159.00 251.00 87.00 92.00 0.10 1.41 0.00 7.00 0.00 7.00 14.00 42.00 35.00 26.00 23.00 0.00 0.00 1.00 0.00 0.00
209.00 47.00 67.00 146.00 251.00 79.00 105.00 0.08 1.21 0.00 5.00 0.00 11.00 18.00 36.00 29.00 28.00 19.00 0.00 1.00 0.00 0.00 0.00
210.00 47.00 61.00 154.00 250.00 93.00 96.00 0.08 1.26 2.00 3.00 0.67 8.00 16.00 39.00 31.00 22.00 25.00 1.00 0.00 0.00 0.00 0.00
211.00 42.00 65.00 134.00 225.00 69.00 91.00 0.10 1.29 0.00 5.00 0.00 7.00 16.00 35.00 26.00 26.00 16.00 0.00 1.00 1.00 0.00 0.00
212.00 41.00 56.00 122.00 210.00 66.00 88.00 0.07 1.20 0.00 4.00 0.00 8.00 14.00 33.00 27.00 20.00 21.00 0.00 0.00 0.00 0.00 0.00
213.00 36.00 43.00 99.00 191.00 56.00 92.00 0.09 1.29 0.00 5.00 0.00 7.00 11.00 29.00 25.00 19.00 17.00 0.00 1.00 1.00 0.00 0.00
214.00 47.00 68.00 151.00 241.00 83.00 90.00 0.09 1.21 0.00 4.00 0.00 10.00 19.00 37.00 28.00 28.00 19.00 0.00 2.00 1.00 0.00 1.00
215.00 44.00 49.00 131.00 224.00 82.00 93.00 0.07 1.43 0.00 3.00 0.00 11.00 16.00 33.00 28.00 28.00 16.00 0.00 1.00 0.00 0.00 0.00
216.00 42.00 45.00 125.00 224.00 80.00 99.00 0.08 1.31 0.00 6.00 0.00 9.00 12.00 33.00 30.00 23.00 19.00 0.00 0.00 0.00 0.00 0.00
217.00 40.00 49.00 128.00 210.00 79.00 82.00 0.08 1.11 1.00 5.00 0.20 6.00 15.00 34.00 25.00 23.00 17.00 0.00 0.00 1.00 0.00 0.00
218.00 39.00 51.00 122.00 208.00 71.00 86.00 0.08 1.20 0.00 5.00 0.00 11.00 16.00 28.00 23.00 24.00 15.00 0.00 0.00 0.00 0.00 0.00
219.00 46.00 65.00 139.00 243.00 74.00 104.00 0.08 1.48 0.00 6.00 0.00 10.00 19.00 36.00 27.00 21.00 25.00 1.00 2.00 0.00 0.00 0.00
220.00 42.00 55.00 136.00 221.00 81.00 85.00 0.09 1.18 0.00 4.00 0.00 5.00 16.00 37.00 26.00 26.00 16.00 1.00 1.00 1.00 0.00 0.00
221.00 48.00 84.00 166.00 250.00 82.00 84.00 0.09 1.18 1.00 7.00 0.14 11.00 17.00 37.00 31.00 24.00 24.00 2.00 1.00 1.00 0.00 0.00
222.00 48.00 71.00 151.00 241.00 80.00 90.00 0.09 1.40 0.00 3.00 0.00 9.00 18.00 39.00 30.00 25.00 23.00 1.00 1.00 0.00 0.00 0.00
223.00 49.00 63.00 144.00 243.00 81.00 99.00 0.09 1.56 1.00 5.00 0.20 11.00 20.00 38.00 29.00 25.00 24.00 0.00 1.00 0.00 0.00 1.00
224.00 48.00 79.00 168.00 256.00 89.00 88.00 0.09 1.20 1.00 6.00 0.17 7.00 15.00 41.00 33.00 23.00 25.00 1.00 0.00 0.00 0.00 0.00
225.00 49.00 65.00 167.00 256.00 102.00 89.00 0.09 1.36 1.00 7.00 0.14 6.00 13.00 43.00 36.00 25.00 24.00 1.00 1.00 1.00 0.00 0.00
226.00 49.00 79.00 160.00 252.00 81.00 92.00 0.09 1.26 1.00 5.00 0.20 6.00 25.00 43.00 24.00 32.00 17.00 0.00 1.00 1.00 0.00 0.00
227.00 48.00 76.00 170.00 248.00 94.00 78.00 0.08 1.30 1.00 5.00 0.20 6.00 20.00 42.00 28.00 25.00 23.00 1.00 0.00 1.00 1.00 0.00
228.00 47.00 66.00 157.00 245.00 91.00 88.00 0.07 1.25 0.00 7.00 0.00 11.00 21.00 36.00 26.00 29.00 18.00 1.00 1.00 0.00 0.00 0.00
229.00 51.00 78.00 168.00 270.00 90.00 102.00 0.08 1.43 0.00 5.00 0.00 11.00 14.00 40.00 37.00 23.00 28.00 0.00 1.00 1.00 0.00 0.00
230.00 51.00 79.00 173.00 264.00 94.00 91.00 0.08 1.36 0.00 6.00 0.00 10.00 18.00 41.00 33.00 28.00 23.00 0.00 1.00 1.00 0.00 0.00
231.00 53.00 60.00 151.00 264.00 91.00 113.00 0.08 1.64 0.00 7.00 0.00 10.00 22.00 43.00 31.00 29.00 24.00 0.00 1.00 1.00 0.00 0.00
232.00 42.00 45.00 131.00 223.00 86.00 92.00 0.09 1.14 0.00 8.00 0.00 5.00 17.00 37.00 25.00 24.00 18.00 0.00 1.00 0.00 0.00 0.00
233.00 48.00 76.00 155.00 259.00 79.00 104.00 0.07 1.29 0.00 7.00 0.00 11.00 22.00 37.00 26.00 30.00 18.00 0.00 0.00 0.00 0.00 1.00
234.00 45.00 66.00 144.00 240.00 78.00 96.00 0.08 1.33 0.00 4.00 0.00 8.00 20.00 37.00 25.00 25.00 20.00 0.00 0.00 0.00 0.00 0.00
235.00 41.00 64.00 132.00 218.00 68.00 86.00 0.08 1.28 0.00 5.00 0.00 5.00 14.00 36.00 27.00 24.00 17.00 0.00 0.00 1.00 0.00 0.00
236.00 42.00 58.00 130.00 216.00 72.00 86.00 0.08 1.14 1.00 3.00 0.33 10.00 16.00 32.00 26.00 25.00 17.00 0.00 0.00 1.00 0.00 0.00
237.00 47.00 71.00 152.00 241.00 81.00 89.00 0.10 1.30 1.00 3.00 0.33 9.00 20.00 38.00 27.00 28.00 19.00 0.00 1.00 1.00 0.00 0.00
238.00 47.00 67.00 153.00 245.00 86.00 92.00 0.08 1.21 0.00 5.00 0.00 10.00 17.00 37.00 30.00 23.00 24.00 0.00 1.00 1.00 1.00 0.00
239.00 40.00 48.00 127.00 200.00 79.00 73.00 0.08 1.13 0.00 3.00 0.00 8.00 18.00 32.00 22.00 26.00 14.00 0.00 1.00 1.00 0.00 0.00
240.00 45.00 62.00 149.00 237.00 87.00 88.00 0.09 1.37 0.00 6.00 0.00 11.00 17.00 34.00 28.00 24.00 21.00 1.00 1.00 0.00 0.00 0.00
241.00 41.00 53.00 128.00 216.00 75.00 88.00 0.10 1.25 0.00 7.00 0.00 9.00 14.00 32.00 27.00 20.00 21.00 0.00 0.00 0.00 0.00 0.00
242.00 46.00 65.00 146.00 240.00 81.00 94.00 0.08 1.25 0.00 5.00 0.00 13.00 18.00 33.00 28.00 23.00 23.00 1.00 1.00 0.00 0.00 1.00
243.00 44.00 63.00 140.00 228.00 77.00 88.00 0.10 1.23 0.00 5.00 0.00 9.00 15.00 35.00 29.00 20.00 24.00 0.00 1.00 0.00 0.00 0.00
244.00 44.00 65.00 133.00 224.00 68.00 91.00 0.09 1.24 1.00 5.00 0.20 8.00 17.00 36.00 27.00 28.00 16.00 0.00 1.00 0.00 1.00 0.00
245.00 42.00 53.00 125.00 217.00 72.00 92.00 0.08 1.41 0.00 5.00 0.00 11.00 16.00 31.00 26.00 26.00 16.00 0.00 0.00 1.00 0.00 0.00
246.00 38.00 47.00 118.00 199.00 71.00 81.00 0.08 1.11 0.00 6.00 0.00 9.00 13.00 29.00 25.00 22.00 16.00 0.00 1.00 0.00 0.00 0.00
247.00 43.00 68.00 133.00 231.00 65.00 98.00 0.08 1.15 0.00 6.00 0.00 7.00 11.00 36.00 32.00 19.00 24.00 0.00 1.00 0.00 0.00 0.00
248.00 38.00 41.00 107.00 193.00 66.00 86.00 0.08 1.29 0.00 6.00 0.00 8.00 15.00 30.00 23.00 20.00 18.00 0.00 0.00 1.00 0.00 0.00
249.00 47.00 62.00 139.00 243.00 77.00 104.00 0.08 1.80 1.00 7.00 0.14 12.00 19.00 35.00 28.00 27.00 20.00 0.00 1.00 0.00 0.00 0.00
250.00 42.00 63.00 133.00 227.00 70.00 94.00 0.07 1.11 0.00 6.00 0.00 5.00 11.00 37.00 31.00 20.00 22.00 0.00 1.00 0.00 0.00 0.00
251.00 40.00 50.00 122.00 217.00 72.00 95.00 0.08 1.07 1.00 6.00 0.17 5.00 13.00 35.00 27.00 22.00 18.00 0.00 1.00 1.00 0.00 0.00
252.00 36.00 49.00 113.00 195.00 64.00 82.00 0.10 1.02 1.00 5.00 0.20 7.00 12.00 29.00 24.00 23.00 13.00 0.00 0.00 0.00 0.00 0.00
253.00 34.00 46.00 103.00 183.00 57.00 80.00 0.08 1.30 1.00 4.00 0.25 5.00 12.00 29.00 22.00 21.00 13.00 0.00 0.00 0.00 0.00 0.00
254.00 34.00 40.00 93.00 191.00 53.00 98.00 0.10 1.15 1.00 5.00 0.20 4.00 13.00 30.00 21.00 18.00 16.00 0.00 1.00 0.00 0.00 0.00
255.00 41.00 55.00 130.00 211.00 75.00 81.00 0.10 1.00 1.00 6.00 0.17 10.00 19.00 31.00 22.00 28.00 13.00 0.00 0.00 0.00 1.00 0.00
256.00 44.00 65.00 151.00 238.00 86.00 87.00 0.06 1.16 1.00 6.00 0.17 8.00 18.00 36.00 26.00 27.00 17.00 0.00 1.00 0.00 0.00 0.00
257.00 41.00 53.00 131.00 214.00 78.00 83.00 0.08 1.08 1.00 7.00 0.14 7.00 12.00 34.00 29.00 21.00 20.00 0.00 0.00 0.00 0.00 0.00
258.00 44.00 69.00 145.00 218.00 76.00 73.00 0.08 1.22 1.00 6.00 0.17 12.00 16.00 32.00 28.00 24.00 20.00 1.00 1.00 0.00 0.00 0.00
259.00 45.00 75.00 153.00 231.00 78.00 78.00 0.08 1.03 1.00 6.00 0.17 9.00 20.00 36.00 25.00 25.00 20.00 0.00 1.00 0.00 0.00 0.00
260.00 45.00 67.00 147.00 228.00 80.00 81.00 0.09 1.21 1.00 6.00 0.17 6.00 16.00 39.00 29.00 27.00 18.00 0.00 1.00 0.00 0.00 0.00
261.00 46.00 68.00 148.00 239.00 80.00 91.00 0.08 1.29 0.00 5.00 0.00 11.00 18.00 35.00 28.00 26.00 20.00 1.00 1.00 0.00 0.00 0.00
262.00 43.00 73.00 139.00 238.00 66.00 99.00 0.09 1.27 1.00 5.00 0.20 6.00 11.00 37.00 32.00 20.00 23.00 0.00 1.00 0.00 0.00 0.00
263.00 47.00 76.00 165.00 248.00 89.00 83.00 0.08 1.12 1.00 5.00 0.20 8.00 14.00 39.00 33.00 27.00 20.00 1.00 0.00 1.00 0.00 0.00
264.00 40.00 49.00 131.00 207.00 82.00 76.00 0.09 1.10 1.00 8.00 0.12 10.00 14.00 30.00 26.00 19.00 21.00 1.00 0.00 0.00 0.00 0.00
265.00 47.00 65.00 149.00 253.00 84.00 104.00 0.10 1.19 1.00 7.00 0.14 7.00 19.00 40.00 28.00 28.00 19.00 1.00 0.00 0.00 0.00 0.00
266.00 46.00 68.00 143.00 234.00 75.00 91.00 0.09 1.28 2.00 6.00 0.33 13.00 18.00 33.00 28.00 26.00 20.00 0.00 1.00 0.00 0.00 0.00
267.00 44.00 77.00 149.00 221.00 72.00 72.00 0.09 1.06 1.00 6.00 0.17 7.00 15.00 37.00 29.00 22.00 22.00 1.00 1.00 0.00 0.00 0.00
268.00 40.00 45.00 130.00 208.00 85.00 78.00 0.09 0.92 0.00 7.00 0.00 7.00 19.00 33.00 21.00 24.00 16.00 0.00 0.00 0.00 0.00 0.00
269.00 44.00 63.00 142.00 227.00 79.00 85.00 0.10 1.24 1.00 7.00 0.14 6.00 15.00 38.00 29.00 24.00 20.00 0.00 1.00 0.00 0.00 1.00
270.00 47.00 66.00 156.00 248.00 90.00 92.00 0.08 1.21 1.00 11.00 0.09 9.00 19.00 38.00 28.00 28.00 19.00 0.00 0.00 0.00 0.00 0.00
271.00 43.00 66.00 143.00 228.00 77.00 85.00 0.09 1.16 1.00 7.00 0.14 7.00 17.00 36.00 26.00 23.00 20.00 0.00 1.00 0.00 1.00 0.00
272.00 49.00 93.00 159.00 244.00 66.00 85.00 0.10 1.25 2.00 9.00 0.22 9.00 19.00 40.00 30.00 21.00 28.00 0.00 1.00 1.00 0.00 0.00
273.00 46.00 72.00 147.00 232.00 75.00 85.00 0.09 1.25 1.00 7.00 0.14 8.00 16.00 38.00 30.00 23.00 23.00 0.00 0.00 0.00 0.00 0.00
274.00 43.00 65.00 135.00 219.00 70.00 84.00 0.08 1.02 0.00 6.00 0.00 9.00 18.00 34.00 25.00 24.00 19.00 0.00 0.00 0.00 0.00 0.00
275.00 43.00 76.00 142.00 224.00 66.00 82.00 0.08 1.11 1.00 7.00 0.14 9.00 12.00 34.00 31.00 20.00 23.00 0.00 1.00 1.00 0.00 0.00
276.00 41.00 57.00 131.00 211.00 74.00 80.00 0.08 1.09 1.00 7.00 0.14 4.00 16.00 37.00 25.00 20.00 21.00 0.00 1.00 0.00 1.00 0.00
277.00 41.00 62.00 142.00 221.00 80.00 79.00 0.09 1.03 0.00 8.00 0.00 5.00 13.00 36.00 28.00 21.00 20.00 0.00 1.00 0.00 0.00 0.00
278.00 41.00 66.00 133.00 213.00 67.00 80.00 0.10 1.07 0.00 6.00 0.00 8.00 15.00 33.00 26.00 23.00 18.00 0.00 1.00 1.00 0.00 0.00
279.00 44.00 72.00 146.00 229.00 74.00 83.00 0.09 1.14 0.00 5.00 0.00 11.00 17.00 33.00 27.00 23.00 21.00 0.00 0.00 1.00 0.00 0.00
280.00 49.00 71.00 154.00 246.00 83.00 92.00 0.09 1.18 1.00 4.00 0.25 14.00 21.00 35.00 28.00 28.00 21.00 0.00 1.00 1.00 0.00 0.00
281.00 47.00 60.00 146.00 241.00 86.00 95.00 0.08 1.29 0.00 5.00 0.00 14.00 18.00 33.00 29.00 29.00 18.00 0.00 1.00 0.00 0.00 0.00
282.00 44.00 63.00 141.00 218.00 78.00 77.00 0.09 1.10 0.00 6.00 0.00 14.00 21.00 30.00 23.00 29.00 15.00 0.00 0.00 0.00 0.00 0.00
283.00 41.00 47.00 125.00 217.00 78.00 92.00 0.10 1.08 0.00 5.00 0.00 12.00 19.00 29.00 22.00 25.00 16.00 0.00 0.00 1.00 0.00 0.00
284.00 37.00 33.00 116.00 199.00 83.00 83.00 0.10 1.17 0.00 6.00 0.00 10.00 17.00 27.00 20.00 23.00 14.00 0.00 1.00 0.00 0.00 0.00
285.00 35.00 41.00 107.00 180.00 66.00 73.00 0.08 1.02 0.00 6.00 0.00 9.00 15.00 26.00 20.00 22.00 13.00 0.00 0.00 0.00 0.00 0.00
286.00 41.00 50.00 127.00 205.00 77.00 78.00 0.07 1.20 0.00 6.00 0.00 10.00 17.00 31.00 24.00 23.00 18.00 1.00 1.00 0.00 0.00 0.00
287.00 41.00 68.00 133.00 210.00 65.00 77.00 0.08 1.06 0.00 5.00 0.00 9.00 16.00 32.00 25.00 23.00 18.00 1.00 0.00 0.00 0.00 0.00
288.00 42.00 59.00 131.00 205.00 72.00 74.00 0.09 1.08 0.00 5.00 0.00 11.00 24.00 31.00 18.00 27.00 15.00 1.00 0.00 0.00 0.00 0.00
289.00 43.00 69.00 130.00 220.00 61.00 90.00 0.08 1.16 0.00 5.00 0.00 5.00 15.00 38.00 28.00 23.00 20.00 1.00 1.00 0.00 0.00 2.00
290.00 34.00 38.00 106.00 191.00 68.00 85.00 0.07 0.83 0.00 6.00 0.00 5.00 13.00 29.00 21.00 19.00 15.00 0.00 0.00 0.00 0.00 0.00
291.00 39.00 50.00 119.00 201.00 69.00 82.00 0.08 0.97 0.00 5.00 0.00 5.00 17.00 34.00 22.00 22.00 17.00 1.00 1.00 0.00 0.00 0.00
292.00 42.00 56.00 125.00 221.00 69.00 96.00 0.08 0.97 0.00 6.00 0.00 8.00 19.00 34.00 23.00 27.00 15.00 0.00 1.00 0.00 0.00 0.00
293.00 39.00 57.00 112.00 202.00 55.00 90.00 0.09 1.03 0.00 3.00 0.00 10.00 20.00 29.00 19.00 29.00 10.00 0.00 1.00 0.00 1.00 0.00
294.00 34.00 38.00 103.00 181.00 65.00 78.00 0.07 0.95 0.00 3.00 0.00 7.00 12.00 27.00 22.00 20.00 14.00 1.00 1.00 0.00 0.00 0.00
295.00 39.00 62.00 122.00 203.00 60.00 81.00 0.09 1.04 0.00 5.00 0.00 7.00 15.00 32.00 24.00 21.00 18.00 1.00 1.00 0.00 0.00 0.00
296.00 40.00 39.00 127.00 212.00 88.00 85.00 0.08 1.19 0.00 5.00 0.00 9.00 17.00 31.00 23.00 29.00 11.00 0.00 0.00 1.00 0.00 0.00
297.00 39.00 58.00 131.00 207.00 73.00 76.00 0.08 0.99 1.00 5.00 0.20 5.00 10.00 34.00 29.00 16.00 23.00 0.00 1.00 0.00 0.00 0.00
298.00 37.00 60.00 124.00 195.00 64.00 71.00 0.10 0.86 1.00 4.00 0.25 7.00 14.00 30.00 23.00 25.00 12.00 0.00 1.00 0.00 0.00 0.00
299.00 42.00 65.00 141.00 219.00 76.00 78.00 0.09 1.03 0.00 4.00 0.00 5.00 11.00 37.00 31.00 24.00 18.00 0.00 1.00 0.00 0.00 0.00
300.00 38.00 48.00 113.00 192.00 65.00 79.00 0.09 1.22 0.00 3.00 0.00 8.00 20.00 30.00 18.00 25.00 13.00 0.00 1.00 0.00 0.00 1.00
301.00 39.00 45.00 119.00 191.00 74.00 72.00 0.08 1.17 0.00 6.00 0.00 11.00 21.00 28.00 18.00 28.00 11.00 1.00 1.00 0.00 0.00 0.00
302.00 38.00 56.00 119.00 192.00 63.00 73.00 0.09 1.01 0.00 6.00 0.00 4.00 15.00 34.00 23.00 19.00 19.00 0.00 1.00 0.00 0.00 0.00
303.00 34.00 38.00 104.00 178.00 66.00 74.00 0.09 0.97 0.00 6.00 0.00 3.00 13.00 31.00 21.00 19.00 15.00 1.00 0.00 0.00 0.00 0.00
304.00 38.00 57.00 111.00 194.00 54.00 83.00 0.09 1.01 0.00 5.00 0.00 9.00 18.00 29.00 20.00 23.00 15.00 1.00 1.00 0.00 0.00 0.00
305.00 44.00 56.00 135.00 232.00 79.00 97.00 0.08 1.09 0.00 5.00 0.00 10.00 22.00 34.00 22.00 27.00 17.00 0.00 0.00 0.00 0.00 0.00
306.00 41.00 58.00 130.00 208.00 72.00 78.00 0.08 1.21 0.00 5.00 0.00 9.00 21.00 32.00 20.00 27.00 14.00 1.00 0.00 0.00 0.00 0.00
307.00 43.00 65.00 137.00 215.00 72.00 78.00 0.08 1.24 0.00 6.00 0.00 8.00 17.00 35.00 26.00 22.00 21.00 0.00 0.00 1.00 0.00 0.00
308.00 43.00 64.00 132.00 215.00 68.00 83.00 0.09 1.19 0.00 6.00 0.00 9.00 16.00 34.00 27.00 20.00 23.00 0.00 1.00 0.00 0.00 0.00
309.00 38.00 53.00 113.00 197.00 60.00 84.00 0.08 1.05 0.00 4.00 0.00 10.00 19.00 28.00 19.00 24.00 14.00 1.00 1.00 0.00 0.00 0.00
310.00 41.00 63.00 138.00 222.00 75.00 84.00 0.09 1.02 0.00 7.00 0.00 9.00 13.00 32.00 28.00 18.00 23.00 0.00 0.00 0.00 0.00 0.00
311.00 37.00 50.00 111.00 197.00 61.00 86.00 0.10 1.09 0.00 3.00 0.00 3.00 11.00 34.00 26.00 15.00 22.00 0.00 0.00 0.00 0.00 0.00
312.00 39.00 50.00 120.00 197.00 70.00 77.00 0.09 1.04 1.00 6.00 0.17 6.00 10.00 33.00 29.00 20.00 19.00 0.00 1.00 0.00 0.00 0.00
313.00 43.00 55.00 132.00 218.00 77.00 86.00 0.08 1.28 0.00 5.00 0.00 11.00 19.00 32.00 24.00 27.00 16.00 0.00 0.00 0.00 0.00 0.00
314.00 40.00 65.00 127.00 206.00 62.00 79.00 0.08 1.11 2.00 6.00 0.33 5.00 11.00 35.00 29.00 18.00 22.00 0.00 1.00 0.00 2.00 0.00
315.00 43.00 61.00 129.00 224.00 68.00 95.00 0.09 1.21 1.00 6.00 0.17 9.00 16.00 34.00 27.00 21.00 22.00 0.00 1.00 0.00 1.00 0.00
316.00 47.00 60.00 145.00 240.00 85.00 95.00 0.09 1.23 1.00 6.00 0.17 12.00 21.00 35.00 26.00 25.00 22.00 0.00 1.00 0.00 0.00 0.00
317.00 38.00 60.00 125.00 201.00 65.00 76.00 0.06 1.02 1.00 5.00 0.20 7.00 18.00 31.00 20.00 22.00 16.00 0.00 1.00 0.00 0.00 0.00
318.00 38.00 48.00 120.00 203.00 72.00 83.00 0.08 0.97 1.00 6.00 0.17 8.00 16.00 30.00 22.00 24.00 14.00 0.00 0.00 1.00 0.00 0.00
319.00 39.00 60.00 126.00 199.00 66.00 73.00 0.09 1.01 0.00 6.00 0.00 5.00 12.00 34.00 27.00 22.00 17.00 0.00 1.00 0.00 0.00 0.00
320.00 44.00 47.00 148.00 233.00 101.00 85.00 0.08 1.25 0.00 7.00 0.00 7.00 18.00 37.00 26.00 23.00 21.00 0.00 0.00 1.00 1.00 0.00
321.00 37.00 55.00 117.00 196.00 62.00 79.00 0.08 0.85 0.00 6.00 0.00 7.00 13.00 30.00 24.00 19.00 18.00 0.00 1.00 0.00 0.00 0.00
322.00 44.00 63.00 134.00 225.00 71.00 91.00 0.08 1.12 1.00 6.00 0.17 9.00 15.00 35.00 29.00 24.00 20.00 0.00 1.00 1.00 0.00 0.00
323.00 43.00 59.00 138.00 219.00 79.00 81.00 0.08 1.14 0.00 6.00 0.00 8.00 19.00 35.00 24.00 23.00 20.00 0.00 1.00 0.00 0.00 0.00
324.00 42.00 65.00 135.00 228.00 70.00 93.00 0.07 1.00 0.00 6.00 0.00 8.00 15.00 34.00 27.00 22.00 20.00 0.00 1.00 0.00 0.00 1.00
325.00 38.00 44.00 110.00 187.00 66.00 77.00 0.08 1.17 0.00 5.00 0.00 10.00 15.00 28.00 23.00 22.00 16.00 0.00 1.00 0.00 0.00 1.00
326.00 42.00 50.00 118.00 215.00 68.00 97.00 0.09 1.09 0.00 5.00 0.00 12.00 18.00 30.00 24.00 25.00 17.00 0.00 0.00 1.00 0.00 1.00
327.00 38.00 51.00 112.00 205.00 61.00 93.00 0.10 1.06 0.00 6.00 0.00 10.00 13.00 28.00 25.00 20.00 18.00 0.00 1.00 0.00 0.00 1.00
328.00 38.00 42.00 113.00 198.00 71.00 85.00 0.07 1.01 0.00 7.00 0.00 7.00 11.00 31.00 27.00 14.00 24.00 0.00 1.00 0.00 0.00 0.00
329.00 44.00 57.00 145.00 235.00 88.00 90.00 0.09 1.13 0.00 6.00 0.00 7.00 12.00 37.00 32.00 21.00 23.00 0.00 1.00 1.00 0.00 1.00
330.00 43.00 64.00 138.00 222.00 74.00 84.00 0.07 1.06 0.00 3.00 0.00 11.00 19.00 32.00 24.00 25.00 18.00 1.00 1.00 0.00 0.00 0.00
331.00 36.00 45.00 117.00 191.00 72.00 74.00 0.08 0.87 0.00 7.00 0.00 6.00 14.00 30.00 22.00 23.00 13.00 0.00 1.00 0.00 0.00 0.00
332.00 44.00 52.00 137.00 214.00 85.00 77.00 0.09 1.29 0.00 4.00 0.00 10.00 22.00 34.00 22.00 24.00 20.00 0.00 0.00 0.00 0.00 0.00
333.00 36.00 50.00 114.00 187.00 64.00 73.00 0.09 0.99 0.00 3.00 0.00 8.00 15.00 28.00 21.00 22.00 14.00 0.00 0.00 0.00 0.00 0.00
334.00 39.00 54.00 127.00 205.00 73.00 78.00 0.08 1.04 0.00 4.00 0.00 10.00 20.00 29.00 19.00 26.00 13.00 1.00 1.00 0.00 0.00 0.00
335.00 40.00 55.00 133.00 217.00 78.00 84.00 0.08 1.14 0.00 3.00 0.00 5.00 13.00 35.00 27.00 22.00 18.00 1.00 1.00 0.00 1.00 0.00
336.00 38.00 49.00 111.00 192.00 62.00 81.00 0.09 1.13 0.00 3.00 0.00 5.00 12.00 33.00 26.00 19.00 19.00 0.00 1.00 0.00 0.00 0.00
337.00 39.00 55.00 118.00 196.00 63.00 78.00 0.09 1.17 0.00 3.00 0.00 9.00 16.00 30.00 23.00 25.00 14.00 0.00 0.00 0.00 0.00 0.00
338.00 34.00 48.00 105.00 184.00 57.00 79.00 0.10 0.97 0.00 3.00 0.00 9.00 15.00 25.00 19.00 19.00 15.00 0.00 0.00 0.00 1.00 0.00
339.00 40.00 59.00 124.00 205.00 65.00 81.00 0.08 1.10 0.00 3.00 0.00 9.00 21.00 31.00 19.00 27.00 13.00 0.00 1.00 1.00 1.00 0.00
340.00 34.00 50.00 109.00 180.00 59.00 71.00 0.08 0.89 1.00 2.00 0.50 5.00 12.00 29.00 22.00 19.00 15.00 0.00 0.00 0.00 0.00 0.00
341.00 39.00 55.00 125.00 211.00 70.00 86.00 0.09 0.98 0.00 2.00 0.00 10.00 22.00 29.00 17.00 27.00 12.00 0.00 1.00 0.00 0.00 0.00
342.00 34.00 45.00 94.00 169.00 49.00 75.00 0.09 0.95 0.00 3.00 0.00 12.00 20.00 22.00 14.00 23.00 11.00 0.00 1.00 0.00 0.00 0.00
343.00 33.00 39.00 96.00 170.00 57.00 74.00 0.10 0.89 0.00 3.00 0.00 10.00 19.00 23.00 14.00 24.00 9.00 0.00 2.00 0.00 0.00 0.00
344.00 40.00 51.00 106.00 203.00 55.00 97.00 0.07 1.22 0.00 4.00 0.00 12.00 19.00 28.00 21.00 27.00 13.00 0.00 1.00 0.00 1.00 0.00
345.00 26.00 22.00 61.00 141.00 39.00 80.00 0.09 0.82 1.00 2.00 0.50 8.00 12.00 18.00 14.00 18.00 8.00 0.00 0.00 0.00 0.00 0.00
346.00 34.00 33.00 94.00 181.00 61.00 87.00 0.09 1.00 0.00 2.00 0.00 11.00 19.00 23.00 15.00 24.00 10.00 0.00 0.00 0.00 0.00 0.00
347.00 31.00 26.00 81.00 148.00 55.00 67.00 0.10 1.23 0.00 3.00 0.00 7.00 16.00 24.00 15.00 20.00 11.00 0.00 1.00 1.00 0.00 0.00
348.00 33.00 58.00 108.00 170.00 50.00 62.00 0.08 1.08 0.00 2.00 0.00 5.00 9.00 28.00 24.00 15.00 18.00 0.00 0.00 0.00 0.00 0.00
349.00 36.00 44.00 108.00 184.00 64.00 76.00 0.08 1.04 0.00 1.00 0.00 10.00 17.00 26.00 19.00 24.00 12.00 0.00 0.00 0.00 0.00 0.00
350.00 34.00 35.00 98.00 169.00 63.00 71.00 0.09 1.15 0.00 3.00 0.00 6.00 13.00 28.00 21.00 22.00 12.00 0.00 1.00 0.00 0.00 0.00
351.00 35.00 42.00 101.00 179.00 59.00 78.00 0.09 1.13 0.00 4.00 0.00 7.00 12.00 28.00 23.00 22.00 13.00 0.00 0.00 0.00 0.00 0.00
352.00 32.00 37.00 100.00 167.00 63.00 67.00 0.09 0.99 0.00 4.00 0.00 6.00 12.00 26.00 20.00 19.00 13.00 1.00 0.00 0.00 0.00 0.00
353.00 27.00 26.00 80.00 146.00 54.00 66.00 0.09 0.97 0.00 4.00 0.00 5.00 14.00 22.00 13.00 19.00 8.00 1.00 1.00 0.00 0.00 0.00
354.00 33.00 45.00 101.00 173.00 56.00 72.00 0.09 0.87 0.00 3.00 0.00 7.00 12.00 26.00 21.00 18.00 15.00 0.00 1.00 0.00 0.00 0.00
355.00 31.00 30.00 99.00 166.00 69.00 67.00 0.10 0.91 0.00 3.00 0.00 8.00 17.00 23.00 14.00 21.00 10.00 0.00 1.00 0.00 0.00 0.00
356.00 30.00 34.00 87.00 158.00 53.00 71.00 0.09 0.93 0.00 2.00 0.00 9.00 14.00 21.00 16.00 18.00 12.00 0.00 0.00 0.00 0.00 0.00
357.00 25.00 24.00 67.00 130.00 43.00 63.00 0.07 0.79 0.00 2.00 0.00 7.00 10.00 18.00 15.00 16.00 9.00 0.00 0.00 0.00 0.00 0.00
358.00 25.00 22.00 73.00 132.00 51.00 59.00 0.08 0.81 0.00 1.00 0.00 5.00 14.00 20.00 11.00 20.00 5.00 0.00 0.00 1.00 0.00 0.00
359.00 22.00 13.00 49.00 111.00 36.00 62.00 0.09 0.97 1.00 2.00 0.50 8.00 15.00 14.00 7.00 17.00 5.00 0.00 1.00 0.00 0.00 0.00
360.00 35.00 38.00 107.00 177.00 69.00 70.00 0.08 0.94 1.00 2.00 0.50 7.00 19.00 28.00 16.00 23.00 12.00 1.00 1.00 0.00 0.00 0.00
361.00 30.00 27.00 78.00 148.00 51.00 70.00 0.09 0.98 0.00 2.00 0.00 12.00 17.00 18.00 13.00 25.00 5.00 0.00 0.00 1.00 0.00 0.00
362.00 25.00 28.00 68.00 130.00 40.00 62.00 0.09 0.89 0.00 0.00 0.00 8.00 13.00 17.00 12.00 17.00 8.00 0.00 1.00 0.00 0.00 1.00
363.00 27.00 29.00 70.00 130.00 41.00 60.00 0.07 0.90 0.00 1.00 0.00 8.00 16.00 19.00 11.00 21.00 6.00 0.00 0.00 0.00 0.00 0.00
364.00 30.00 34.00 88.00 152.00 54.00 64.00 0.09 0.85 1.00 3.00 0.33 5.00 9.00 25.00 21.00 16.00 14.00 0.00 1.00 0.00 0.00 0.00
365.00 31.00 43.00 92.00 155.00 49.00 63.00 0.09 0.90 1.00 1.00 1.00 8.00 14.00 23.00 17.00 22.00 9.00 0.00 1.00 0.00 0.00 0.00
366.00 28.00 26.00 77.00 140.00 51.00 63.00 0.08 0.95 0.00 2.00 0.00 5.00 13.00 23.00 15.00 18.00 10.00 0.00 0.00 0.00 0.00 0.00
367.00 31.00 40.00 102.00 162.00 62.00 60.00 0.08 0.83 0.00 3.00 0.00 7.00 9.00 24.00 22.00 14.00 17.00 0.00 1.00 0.00 0.00 0.00
368.00 29.00 39.00 84.00 146.00 45.00 62.00 0.07 0.87 0.00 2.00 0.00 5.00 12.00 24.00 17.00 18.00 11.00 0.00 1.00 0.00 0.00 0.00
369.00 33.00 36.00 98.00 173.00 62.00 75.00 0.07 0.89 0.00 5.00 0.00 11.00 17.00 22.00 16.00 22.00 11.00 0.00 1.00 0.00 0.00 0.00
370.00 27.00 33.00 83.00 143.00 50.00 60.00 0.08 0.74 0.00 4.00 0.00 5.00 10.00 22.00 17.00 14.00 13.00 0.00 1.00 0.00 0.00 0.00
371.00 24.00 19.00 70.00 127.00 51.00 57.00 0.09 0.64 0.00 2.00 0.00 7.00 13.00 17.00 11.00 16.00 8.00 0.00 0.00 0.00 0.00 0.00
372.00 26.00 22.00 69.00 137.00 47.00 68.00 0.08 0.82 0.00 1.00 0.00 5.00 14.00 21.00 12.00 19.00 7.00 0.00 1.00 0.00 0.00 0.00
373.00 33.00 37.00 90.00 166.00 53.00 76.00 0.08 0.95 0.00 4.00 0.00 12.00 16.00 21.00 17.00 25.00 8.00 0.00 0.00 1.00 0.00 0.00
374.00 25.00 28.00 65.00 123.00 37.00 58.00 0.10 0.95 0.00 2.00 0.00 5.00 10.00 20.00 15.00 16.00 9.00 0.00 0.00 0.00 0.00 0.00
375.00 32.00 30.00 92.00 160.00 62.00 68.00 0.10 0.93 0.00 3.00 0.00 5.00 12.00 27.00 20.00 21.00 11.00 0.00 1.00 0.00 0.00 0.00
376.00 27.00 21.00 77.00 143.00 56.00 66.00 0.08 0.77 0.00 4.00 0.00 9.00 14.00 18.00 13.00 19.00 8.00 0.00 0.00 0.00 0.00 0.00
377.00 23.00 19.00 57.00 117.00 38.00 60.00 0.08 0.86 0.00 4.00 0.00 5.00 12.00 18.00 11.00 14.00 9.00 0.00 0.00 1.00 0.00 0.00
378.00 32.00 40.00 100.00 164.00 60.00 64.00 0.10 0.98 0.00 4.00 0.00 8.00 11.00 24.00 21.00 19.00 13.00 0.00 1.00 0.00 0.00 0.00
379.00 30.00 29.00 89.00 149.00 60.00 60.00 0.08 0.86 0.00 4.00 0.00 11.00 17.00 19.00 13.00 22.00 8.00 0.00 0.00 0.00 0.00 0.00
380.00 26.00 24.00 71.00 135.00 47.00 64.00 0.11 0.95 0.00 3.00 0.00 5.00 16.00 21.00 10.00 17.00 9.00 0.00 1.00 0.00 1.00 0.00
381.00 33.00 48.00 110.00 171.00 62.00 61.00 0.10 0.91 0.00 4.00 0.00 5.00 11.00 28.00 22.00 18.00 15.00 0.00 1.00 0.00 0.00 0.00
382.00 29.00 40.00 88.00 153.00 48.00 65.00 0.09 0.79 0.00 4.00 0.00 5.00 10.00 24.00 19.00 17.00 12.00 0.00 2.00 0.00 0.00 0.00
383.00 33.00 43.00 98.00 168.00 55.00 70.00 0.09 0.97 0.00 3.00 0.00 11.00 19.00 22.00 14.00 24.00 9.00 0.00 0.00 0.00 0.00 0.00
384.00 30.00 35.00 89.00 150.00 54.00 61.00 0.08 0.95 0.00 3.00 0.00 4.00 14.00 26.00 16.00 20.00 10.00 0.00 1.00 0.00 0.00 0.00
385.00 26.00 19.00 73.00 141.00 54.00 68.00 0.09 0.80 0.00 3.00 0.00 4.00 15.00 22.00 11.00 18.00 8.00 0.00 1.00 0.00 0.00 0.00
386.00 30.00 30.00 97.00 159.00 67.00 62.00 0.08 0.96 0.00 4.00 0.00 5.00 7.00 25.00 23.00 15.00 15.00 0.00 1.00 0.00 0.00 0.00
387.00 31.00 43.00 101.00 159.00 58.00 58.00 0.07 0.89 0.00 3.00 0.00 7.00 15.00 24.00 16.00 21.00 10.00 0.00 1.00 0.00 0.00 0.00
388.00 28.00 30.00 82.00 149.00 52.00 67.00 0.09 0.88 0.00 4.00 0.00 6.00 11.00 22.00 17.00 17.00 11.00 0.00 1.00 0.00 0.00 0.00
389.00 29.00 34.00 95.00 159.00 61.00 64.00 0.08 0.87 0.00 4.00 0.00 3.00 10.00 26.00 19.00 18.00 11.00 1.00 0.00 0.00 0.00 0.00
390.00 30.00 38.00 86.00 151.00 48.00 65.00 0.08 0.88 0.00 3.00 0.00 11.00 18.00 19.00 12.00 19.00 11.00 0.00 1.00 0.00 0.00 0.00
391.00 28.00 29.00 80.00 146.00 51.00 66.00 0.09 0.86 0.00 1.00 0.00 5.00 12.00 23.00 16.00 20.00 8.00 0.00 1.00 0.00 0.00 0.00
392.00 34.00 46.00 103.00 174.00 57.00 71.00 0.08 1.08 0.00 2.00 0.00 7.00 16.00 27.00 18.00 19.00 15.00 0.00 1.00 0.00 0.00 0.00
393.00 34.00 46.00 110.00 176.00 64.00 66.00 0.08 0.95 0.00 4.00 0.00 11.00 19.00 23.00 15.00 21.00 13.00 0.00 1.00 0.00 0.00 0.00
394.00 38.00 49.00 116.00 193.00 67.00 77.00 0.07 1.09 1.00 5.00 0.20 8.00 17.00 30.00 21.00 23.00 15.00 0.00 1.00 0.00 0.00 0.00
395.00 33.00 35.00 96.00 171.00 61.00 75.00 0.08 0.99 0.00 2.00 0.00 6.00 10.00 27.00 23.00 15.00 18.00 0.00 0.00 0.00 1.00 0.00
396.00 36.00 43.00 107.00 193.00 64.00 86.00 0.07 1.21 0.00 2.00 0.00 8.00 16.00 28.00 20.00 22.00 14.00 0.00 1.00 0.00 0.00 0.00
397.00 32.00 46.00 95.00 167.00 49.00 72.00 0.09 0.87 0.00 4.00 0.00 8.00 16.00 24.00 16.00 20.00 12.00 0.00 1.00 0.00 0.00 0.00
398.00 33.00 45.00 103.00 174.00 58.00 71.00 0.08 0.99 0.00 3.00 0.00 3.00 11.00 30.00 22.00 19.00 14.00 0.00 1.00 0.00 0.00 0.00
399.00 28.00 30.00 74.00 139.00 44.00 65.00 0.09 0.96 0.00 4.00 0.00 8.00 14.00 20.00 14.00 19.00 9.00 0.00 0.00 0.00 0.00 0.00
400.00 28.00 30.00 86.00 149.00 56.00 63.00 0.09 0.79 0.00 3.00 0.00 3.00 9.00 25.00 19.00 16.00 12.00 0.00 0.00 1.00 0.00 0.00
401.00 33.00 46.00 101.00 183.00 55.00 82.00 0.10 0.93 0.00 3.00 0.00 6.00 10.00 27.00 23.00 15.00 18.00 0.00 0.00 0.00 0.00 0.00
402.00 32.00 43.00 100.00 164.00 57.00 64.00 0.09 0.79 1.00 2.00 0.50 7.00 16.00 25.00 16.00 20.00 12.00 0.00 1.00 0.00 0.00 0.00
403.00 33.00 30.00 97.00 164.00 67.00 67.00 0.08 1.25 0.00 4.00 0.00 7.00 11.00 26.00 22.00 20.00 13.00 0.00 0.00 1.00 0.00 0.00
404.00 33.00 41.00 98.00 173.00 57.00 75.00 0.08 0.98 0.00 3.00 0.00 6.00 11.00 27.00 22.00 20.00 13.00 0.00 1.00 0.00 0.00 0.00
405.00 30.00 39.00 93.00 159.00 54.00 66.00 0.07 0.98 0.00 3.00 0.00 6.00 13.00 24.00 17.00 19.00 11.00 0.00 0.00 0.00 0.00 0.00
406.00 32.00 34.00 91.00 174.00 57.00 83.00 0.09 1.12 0.00 3.00 0.00 11.00 17.00 21.00 15.00 23.00 9.00 0.00 1.00 0.00 0.00 0.00
407.00 35.00 41.00 114.00 189.00 73.00 75.00 0.09 1.00 0.00 2.00 0.00 6.00 10.00 29.00 25.00 21.00 14.00 0.00 1.00 0.00 0.00 0.00
408.00 28.00 26.00 74.00 145.00 48.00 71.00 0.08 1.00 0.00 2.00 0.00 5.00 10.00 23.00 18.00 13.00 15.00 0.00 0.00 0.00 0.00 0.00
409.00 25.00 9.00 63.00 134.00 54.00 71.00 0.09 1.08 0.00 3.00 0.00 4.00 11.00 21.00 14.00 18.00 7.00 0.00 0.00 0.00 0.00 0.00
410.00 36.00 35.00 104.00 182.00 69.00 78.00 0.08 1.11 0.00 2.00 0.00 10.00 17.00 26.00 19.00 19.00 17.00 0.00 0.00 0.00 0.00 0.00
411.00 30.00 40.00 91.00 157.00 51.00 66.00 0.10 0.94 0.00 3.00 0.00 7.00 11.00 23.00 19.00 15.00 15.00 0.00 1.00 0.00 0.00 0.00
412.00 38.00 51.00 117.00 184.00 66.00 67.00 0.10 1.12 1.00 3.00 0.33 7.00 15.00 31.00 23.00 23.00 15.00 0.00 1.00 0.00 0.00 0.00
413.00 33.00 37.00 99.00 175.00 62.00 76.00 0.10 1.05 0.00 4.00 0.00 9.00 17.00 24.00 16.00 21.00 12.00 0.00 0.00 0.00 0.00 0.00
414.00 33.00 42.00 109.00 170.00 67.00 61.00 0.10 1.08 1.00 5.00 0.20 4.00 13.00 29.00 20.00 17.00 16.00 0.00 0.00 0.00 0.00 0.00
415.00 31.00 47.00 105.00 171.00 58.00 66.00 0.06 0.89 1.00 4.00 0.25 4.00 10.00 27.00 21.00 17.00 14.00 0.00 1.00 0.00 1.00 0.00
416.00 33.00 40.00 105.00 170.00 65.00 65.00 0.08 1.12 0.00 3.00 0.00 10.00 19.00 23.00 14.00 23.00 10.00 0.00 0.00 0.00 0.00 0.00
417.00 23.00 23.00 61.00 117.00 38.00 56.00 0.08 0.83 0.00 3.00 0.00 5.00 9.00 18.00 14.00 12.00 11.00 0.00 1.00 0.00 0.00 0.00
418.00 33.00 48.00 106.00 173.00 58.00 67.00 0.10 1.07 1.00 2.00 0.50 11.00 16.00 22.00 17.00 21.00 12.00 0.00 1.00 0.00 1.00 0.00
419.00 33.00 37.00 101.00 174.00 64.00 73.00 0.08 1.03 1.00 3.00 0.33 8.00 15.00 25.00 18.00 22.00 11.00 0.00 1.00 0.00 0.00 0.00
420.00 34.00 37.00 95.00 165.00 58.00 70.00 0.11 1.55 1.00 3.00 0.33 6.00 11.00 28.00 23.00 21.00 13.00 0.00 1.00 0.00 0.00 0.00
421.00 36.00 48.00 109.00 182.00 61.00 73.00 0.07 1.10 1.00 4.00 0.25 9.00 13.00 27.00 23.00 24.00 12.00 0.00 1.00 1.00 0.00 0.00
422.00 33.00 54.00 100.00 164.00 46.00 64.00 0.07 1.12 1.00 4.00 0.25 9.00 13.00 24.00 20.00 19.00 14.00 0.00 0.00 0.00 0.00 0.00
423.00 31.00 32.00 82.00 165.00 50.00 83.00 0.09 1.04 1.00 3.00 0.33 4.00 12.00 27.00 19.00 19.00 12.00 0.00 0.00 2.00 0.00 0.00
424.00 31.00 43.00 100.00 158.00 57.00 58.00 0.09 0.90 1.00 3.00 0.33 3.00 7.00 28.00 24.00 17.00 14.00 0.00 1.00 0.00 0.00 0.00
425.00 35.00 46.00 104.00 179.00 58.00 75.00 0.09 1.01 0.00 5.00 0.00 14.00 20.00 21.00 15.00 23.00 12.00 0.00 1.00 0.00 0.00 0.00
426.00 30.00 46.00 97.00 160.00 51.00 63.00 0.09 0.90 0.00 4.00 0.00 5.00 11.00 25.00 19.00 15.00 15.00 0.00 1.00 0.00 1.00 0.00
427.00 33.00 47.00 105.00 164.00 58.00 59.00 0.08 0.96 0.00 1.00 0.00 5.00 12.00 28.00 21.00 19.00 14.00 0.00 1.00 0.00 0.00 0.00
428.00 32.00 38.00 96.00 171.00 58.00 75.00 0.09 0.91 0.00 4.00 0.00 4.00 6.00 28.00 26.00 14.00 18.00 0.00 1.00 0.00 1.00 0.00
429.00 31.00 39.00 101.00 166.00 62.00 65.00 0.09 0.89 0.00 3.00 0.00 5.00 12.00 26.00 19.00 18.00 13.00 0.00 0.00 0.00 0.00 0.00
430.00 30.00 45.00 91.00 152.00 46.00 61.00 0.10 0.97 0.00 3.00 0.00 7.00 12.00 23.00 18.00 15.00 15.00 0.00 0.00 0.00 1.00 0.00
431.00 30.00 33.00 84.00 155.00 51.00 71.00 0.06 1.02 0.00 5.00 0.00 8.00 16.00 22.00 14.00 21.00 9.00 0.00 1.00 0.00 0.00 0.00
432.00 32.00 47.00 103.00 168.00 56.00 65.00 0.09 1.02 0.00 5.00 0.00 4.00 12.00 28.00 20.00 19.00 13.00 0.00 0.00 0.00 0.00 0.00
433.00 32.00 55.00 106.00 172.00 51.00 66.00 0.09 0.97 0.00 4.00 0.00 4.00 7.00 28.00 25.00 15.00 17.00 0.00 0.00 0.00 0.00 0.00
434.00 34.00 38.00 103.00 172.00 65.00 69.00 0.09 1.12 0.00 4.00 0.00 6.00 14.00 28.00 20.00 19.00 15.00 0.00 0.00 0.00 0.00 0.00
435.00 33.00 47.00 108.00 166.00 61.00 58.00 0.10 0.97 0.00 4.00 0.00 5.00 18.00 28.00 15.00 21.00 12.00 0.00 1.00 1.00 0.00 0.00
436.00 31.00 36.00 93.00 170.00 57.00 77.00 0.11 1.04 0.00 4.00 0.00 4.00 13.00 27.00 18.00 17.00 14.00 0.00 1.00 0.00 0.00 0.00
437.00 32.00 42.00 93.00 161.00 51.00 68.00 0.08 1.07 1.00 2.00 0.50 5.00 16.00 27.00 16.00 23.00 9.00 0.00 0.00 0.00 0.00 0.00
438.00 30.00 30.00 97.00 161.00 67.00 64.00 0.10 0.89 0.00 4.00 0.00 4.00 12.00 26.00 18.00 17.00 13.00 0.00 0.00 0.00 0.00 0.00
439.00 36.00 42.00 108.00 176.00 66.00 68.00 0.09 1.26 1.00 4.00 0.25 5.00 14.00 31.00 22.00 19.00 17.00 0.00 0.00 0.00 0.00 0.00
440.00 34.00 43.00 104.00 168.00 61.00 64.00 0.07 1.10 0.00 4.00 0.00 4.00 12.00 30.00 22.00 19.00 15.00 0.00 1.00 0.00 0.00 0.00
441.00 33.00 38.00 93.00 161.00 55.00 68.00 0.08 1.11 1.00 6.00 0.17 6.00 11.00 27.00 22.00 14.00 19.00 0.00 1.00 0.00 0.00 0.00
442.00 40.00 50.00 114.00 198.00 64.00 84.00 0.08 1.37 1.00 3.00 0.33 12.00 17.00 28.00 23.00 19.00 21.00 0.00 0.00 0.00 0.00 0.00
443.00 36.00 47.00 104.00 185.00 57.00 81.00 0.10 1.09 1.00 4.00 0.25 9.00 13.00 27.00 23.00 22.00 14.00 0.00 1.00 0.00 0.00 0.00
444.00 39.00 53.00 111.00 195.00 58.00 84.00 0.08 1.27 0.00 4.00 0.00 13.00 21.00 26.00 18.00 26.00 13.00 0.00 0.00 0.00 0.00 0.00
445.00 41.00 52.00 126.00 212.00 74.00 86.00 0.07 1.29 0.00 6.00 0.00 9.00 15.00 32.00 26.00 19.00 22.00 1.00 1.00 1.00 0.00 0.00
446.00 37.00 46.00 108.00 187.00 62.00 79.00 0.10 1.13 0.00 5.00 0.00 13.00 18.00 24.00 19.00 21.00 16.00 1.00 1.00 0.00 0.00 0.00
447.00 34.00 43.00 96.00 175.00 53.00 79.00 0.09 1.06 1.00 5.00 0.20 8.00 11.00 26.00 23.00 17.00 17.00 0.00 0.00 0.00 0.00 0.00
448.00 35.00 43.00 104.00 174.00 61.00 70.00 0.07 1.06 1.00 4.00 0.25 9.00 13.00 26.00 22.00 21.00 14.00 0.00 0.00 0.00 0.00 0.00
449.00 31.00 35.00 91.00 165.00 56.00 74.00 0.09 1.00 1.00 4.00 0.25 6.00 14.00 25.00 17.00 18.00 13.00 0.00 1.00 0.00 0.00 0.00
450.00 29.00 34.00 83.00 152.00 49.00 69.00 0.08 0.88 0.00 4.00 0.00 7.00 14.00 22.00 15.00 18.00 11.00 0.00 0.00 1.00 0.00 0.00
451.00 33.00 35.00 90.00 175.00 55.00 85.00 0.08 1.19 1.00 2.00 0.50 7.00 16.00 26.00 17.00 19.00 14.00 0.00 0.00 0.00 0.00 0.00
452.00 33.00 28.00 94.00 167.00 66.00 73.00 0.09 1.15 1.00 3.00 0.33 9.00 15.00 24.00 18.00 24.00 9.00 0.00 1.00 1.00 0.00 0.00
453.00 31.00 39.00 95.00 168.00 56.00 73.00 0.08 1.05 1.00 4.00 0.25 4.00 13.00 27.00 18.00 17.00 14.00 0.00 1.00 0.00 0.00 0.00
454.00 33.00 42.00 93.00 168.00 51.00 75.00 0.08 1.13 1.00 4.00 0.25 9.00 13.00 24.00 20.00 19.00 14.00 0.00 1.00 0.00 0.00 0.00
455.00 27.00 34.00 77.00 133.00 43.00 56.00 0.09 0.89 0.00 3.00 0.00 8.00 15.00 19.00 12.00 20.00 7.00 0.00 1.00 0.00 0.00 0.00
456.00 33.00 33.00 91.00 172.00 58.00 81.00 0.10 1.16 0.00 3.00 0.00 9.00 15.00 24.00 18.00 21.00 12.00 0.00 0.00 0.00 0.00 0.00
457.00 32.00 40.00 101.00 168.00 61.00 67.00 0.09 1.07 0.00 2.00 0.00 10.00 12.00 22.00 20.00 17.00 15.00 0.00 1.00 0.00 1.00 0.00
458.00 28.00 28.00 79.00 140.00 51.00 61.00 0.08 1.10 0.00 1.00 0.00 5.00 12.00 23.00 16.00 15.00 13.00 1.00 1.00 0.00 0.00 0.00
459.00 26.00 22.00 72.00 138.00 50.00 66.00 0.08 1.04 0.00 3.00 0.00 6.00 10.00 20.00 16.00 14.00 12.00 1.00 0.00 1.00 0.00 0.00
460.00 29.00 36.00 88.00 153.00 52.00 65.00 0.08 1.10 0.00 4.00 0.00 2.00 5.00 27.00 24.00 10.00 19.00 0.00 1.00 1.00 0.00 0.00
461.00 26.00 26.00 65.00 139.00 39.00 74.00 0.09 0.93 0.00 3.00 0.00 10.00 13.00 16.00 13.00 17.00 9.00 0.00 0.00 0.00 0.00 0.00
462.00 31.00 23.00 78.00 161.00 55.00 83.00 0.07 1.31 0.00 3.00 0.00 7.00 17.00 24.00 14.00 22.00 9.00 0.00 1.00 0.00 0.00 0.00
463.00 31.00 34.00 86.00 159.00 52.00 73.00 0.09 1.12 1.00 3.00 0.33 6.00 13.00 25.00 18.00 19.00 12.00 0.00 1.00 1.00 0.00 0.00
464.00 29.00 37.00 88.00 153.00 51.00 65.00 0.08 0.83 0.00 3.00 0.00 8.00 13.00 21.00 16.00 18.00 11.00 0.00 1.00 1.00 0.00 0.00
465.00 27.00 20.00 78.00 132.00 58.00 54.00 0.07 0.86 0.00 2.00 0.00 7.00 12.00 20.00 15.00 20.00 7.00 0.00 1.00 0.00 0.00 0.00
466.00 29.00 35.00 85.00 152.00 50.00 67.00 0.08 0.90 1.00 3.00 0.33 8.00 10.00 21.00 19.00 16.00 13.00 0.00 0.00 0.00 0.00 0.00
467.00 34.00 41.00 99.00 167.00 58.00 68.00 0.08 1.13 1.00 2.00 0.50 12.00 20.00 22.00 14.00 24.00 10.00 0.00 0.00 0.00 0.00 0.00
468.00 30.00 33.00 81.00 153.00 48.00 72.00 0.08 1.11 1.00 4.00 0.25 9.00 14.00 21.00 16.00 19.00 11.00 0.00 1.00 1.00 0.00 0.00
469.00 29.00 25.00 75.00 156.00 50.00 81.00 0.10 1.11 1.00 4.00 0.25 6.00 10.00 23.00 19.00 20.00 9.00 0.00 0.00 0.00 0.00 0.00
470.00 29.00 38.00 78.00 150.00 40.00 72.00 0.09 0.96 0.00 3.00 0.00 7.00 12.00 22.00 17.00 17.00 12.00 0.00 0.00 0.00 0.00 0.00
471.00 23.00 21.00 62.00 117.00 41.00 55.00 0.09 0.90 0.00 3.00 0.00 4.00 12.00 19.00 11.00 18.00 5.00 0.00 0.00 0.00 0.00 0.00
472.00 24.00 27.00 64.00 123.00 37.00 59.00 0.08 0.92 0.00 1.00 0.00 5.00 8.00 19.00 16.00 14.00 10.00 0.00 0.00 1.00 0.00 0.00
473.00 25.00 26.00 65.00 127.00 39.00 62.00 0.08 0.90 0.00 1.00 0.00 5.00 13.00 20.00 12.00 17.00 8.00 0.00 0.00 0.00 0.00 0.00
474.00 26.00 30.00 73.00 137.00 43.00 64.00 0.08 0.98 0.00 2.00 0.00 4.00 8.00 22.00 18.00 14.00 12.00 0.00 0.00 0.00 0.00 0.00
475.00 28.00 22.00 71.00 138.00 49.00 67.00 0.09 1.08 0.00 3.00 0.00 7.00 14.00 21.00 14.00 22.00 6.00 1.00 0.00 1.00 0.00 0.00
476.00 27.00 30.00 81.00 136.00 51.00 55.00 0.09 0.98 0.00 4.00 0.00 5.00 10.00 22.00 17.00 14.00 13.00 1.00 0.00 0.00 0.00 0.00
477.00 29.00 36.00 86.00 151.00 50.00 65.00 0.09 1.04 0.00 4.00 0.00 5.00 10.00 24.00 19.00 15.00 14.00 1.00 0.00 0.00 0.00 0.00
478.00 26.00 27.00 70.00 132.00 43.00 62.00 0.09 1.01 0.00 1.00 0.00 8.00 16.00 18.00 10.00 22.00 4.00 0.00 0.00 0.00 0.00 0.00
479.00 22.00 17.00 61.00 113.00 44.00 52.00 0.08 0.98 0.00 4.00 0.00 5.00 11.00 17.00 11.00 13.00 9.00 0.00 0.00 0.00 0.00 0.00
480.00 28.00 38.00 72.00 137.00 34.00 65.00 0.08 1.11 0.00 2.00 0.00 6.00 17.00 22.00 11.00 19.00 9.00 0.00 0.00 0.00 0.00 0.00
481.00 27.00 29.00 72.00 137.00 43.00 65.00 0.08 0.83 0.00 3.00 0.00 5.00 12.00 22.00 15.00 20.00 7.00 1.00 0.00 0.00 0.00 0.00
482.00 21.00 25.00 58.00 102.00 33.00 44.00 0.07 0.60 0.00 1.00 0.00 5.00 11.00 16.00 10.00 14.00 7.00 1.00 0.00 0.00 0.00 0.00
483.00 26.00 26.00 76.00 135.00 50.00 59.00 0.09 0.77 0.00 1.00 0.00 9.00 15.00 17.00 11.00 17.00 9.00 0.00 0.00 1.00 0.00 0.00
484.00 29.00 33.00 75.00 143.00 42.00 68.00 0.10 1.14 0.00 2.00 0.00 5.00 14.00 24.00 15.00 18.00 11.00 1.00 0.00 2.00 0.00 0.00
485.00 26.00 31.00 74.00 130.00 43.00 56.00 0.09 0.84 0.00 2.00 0.00 9.00 14.00 17.00 12.00 21.00 5.00 0.00 0.00 0.00 0.00 0.00
486.00 26.00 26.00 68.00 129.00 42.00 61.00 0.09 0.85 0.00 3.00 0.00 6.00 14.00 20.00 12.00 19.00 7.00 0.00 0.00 0.00 0.00 0.00
487.00 26.00 32.00 71.00 122.00 39.00 51.00 0.08 1.00 0.00 4.00 0.00 3.00 11.00 23.00 15.00 19.00 7.00 0.00 0.00 1.00 0.00 0.00
488.00 23.00 32.00 65.00 115.00 33.00 50.00 0.08 0.67 0.00 3.00 0.00 7.00 12.00 16.00 11.00 15.00 8.00 0.00 0.00 0.00 0.00 0.00
489.00 30.00 28.00 78.00 151.00 50.00 73.00 0.08 1.05 0.00 3.00 0.00 10.00 16.00 20.00 14.00 19.00 11.00 0.00 0.00 1.00 0.00 0.00
490.00 30.00 48.00 96.00 151.00 48.00 55.00 0.09 0.85 0.00 4.00 0.00 5.00 12.00 25.00 18.00 20.00 10.00 0.00 0.00 0.00 0.00 0.00
491.00 28.00 35.00 77.00 142.00 42.00 65.00 0.09 0.90 0.00 3.00 0.00 8.00 11.00 20.00 17.00 23.00 5.00 0.00 0.00 0.00 0.00 0.00
492.00 29.00 37.00 83.00 153.00 46.00 70.00 0.08 0.98 0.00 4.00 0.00 8.00 13.00 21.00 16.00 16.00 13.00 0.00 0.00 0.00 0.00 0.00
493.00 27.00 31.00 75.00 134.00 44.00 59.00 0.09 0.91 1.00 4.00 0.25 8.00 15.00 19.00 12.00 17.00 10.00 0.00 0.00 0.00 0.00 0.00
494.00 28.00 36.00 74.00 129.00 38.00 55.00 0.08 1.15 0.00 2.00 0.00 10.00 13.00 18.00 15.00 21.00 7.00 0.00 0.00 0.00 0.00 0.00
495.00 31.00 32.00 85.00 153.00 53.00 68.00 0.07 1.03 0.00 3.00 0.00 8.00 15.00 23.00 16.00 20.00 11.00 0.00 0.00 0.00 0.00 1.00
496.00 29.00 36.00 85.00 143.00 49.00 58.00 0.09 0.86 0.00 3.00 0.00 3.00 14.00 26.00 15.00 18.00 11.00 0.00 0.00 0.00 0.00 0.00
497.00 26.00 24.00 67.00 130.00 43.00 63.00 0.08 0.82 1.00 1.00 1.00 6.00 14.00 20.00 12.00 22.00 4.00 0.00 0.00 0.00 0.00 0.00
498.00 31.00 46.00 101.00 157.00 55.00 56.00 0.08 1.05 0.00 3.00 0.00 4.00 12.00 27.00 19.00 20.00 11.00 0.00 0.00 0.00 0.00 0.00
499.00 27.00 30.00 70.00 128.00 40.00 58.00 0.08 0.88 0.00 3.00 0.00 8.00 14.00 19.00 13.00 18.00 9.00 1.00 0.00 0.00 0.00 0.00
500.00 36.00 50.00 104.00 178.00 54.00 74.00 0.08 0.94 0.00 3.00 0.00 10.00 20.00 26.00 16.00 28.00 8.00 0.00 0.00 0.00 0.00 0.00
501.00 31.00 35.00 90.00 162.00 55.00 72.00 0.09 1.08 0.00 4.00 0.00 7.00 14.00 24.00 17.00 21.00 10.00 0.00 0.00 0.00 0.00 0.00
502.00 31.00 39.00 87.00 159.00 48.00 72.00 0.10 0.85 1.00 4.00 0.25 8.00 14.00 23.00 17.00 19.00 12.00 1.00 0.00 0.00 0.00 0.00
503.00 31.00 29.00 81.00 155.00 52.00 74.00 0.10 1.02 0.00 3.00 0.00 6.00 17.00 25.00 14.00 22.00 9.00 1.00 0.00 1.00 0.00 0.00
504.00 35.00 48.00 93.00 162.00 45.00 69.00 0.09 1.10 0.00 3.00 0.00 8.00 15.00 27.00 20.00 19.00 16.00 2.00 0.00 0.00 0.00 0.00
505.00 29.00 40.00 78.00 145.00 38.00 67.00 0.09 0.88 0.00 4.00 0.00 6.00 16.00 23.00 13.00 19.00 10.00 1.00 0.00 0.00 0.00 0.00
506.00 24.00 31.00 72.00 128.00 41.00 56.00 0.09 0.70 0.00 2.00 0.00 2.00 9.00 22.00 15.00 14.00 10.00 1.00 0.00 0.00 0.00 0.00
507.00 24.00 35.00 69.00 117.00 34.00 48.00 0.11 0.72 0.00 3.00 0.00 5.00 11.00 19.00 13.00 16.00 8.00 1.00 0.00 1.00 0.00 0.00
508.00 32.00 33.00 86.00 161.00 53.00 75.00 0.10 0.98 0.00 3.00 0.00 9.00 19.00 23.00 13.00 22.00 10.00 1.00 0.00 0.00 0.00 0.00
509.00 31.00 42.00 85.00 157.00 43.00 72.00 0.09 0.99 0.00 3.00 0.00 9.00 17.00 22.00 14.00 25.00 6.00 1.00 0.00 0.00 0.00 0.00
510.00 30.00 44.00 99.00 151.00 55.00 52.00 0.08 0.91 0.00 3.00 0.00 5.00 13.00 25.00 17.00 19.00 11.00 1.00 0.00 0.00 0.00 0.00
511.00 30.00 37.00 78.00 143.00 41.00 65.00 0.06 1.48 0.00 3.00 0.00 5.00 12.00 25.00 18.00 22.00 8.00 0.00 0.00 0.00 0.00 0.00
512.00 28.00 45.00 86.00 144.00 41.00 58.00 0.10 0.83 0.00 4.00 0.00 5.00 12.00 23.00 16.00 20.00 8.00 0.00 0.00 0.00 0.00 0.00
513.00 30.00 39.00 77.00 149.00 38.00 72.00 0.08 0.87 0.00 1.00 0.00 9.00 13.00 21.00 17.00 22.00 8.00 1.00 0.00 0.00 0.00 0.00
514.00 29.00 44.00 93.00 153.00 49.00 60.00 0.10 0.85 0.00 3.00 0.00 6.00 9.00 23.00 20.00 14.00 15.00 1.00 0.00 0.00 0.00 0.00
515.00 33.00 38.00 95.00 166.00 57.00 71.00 0.07 1.04 0.00 2.00 0.00 8.00 17.00 25.00 16.00 22.00 11.00 1.00 0.00 0.00 0.00 0.00
516.00 26.00 48.00 78.00 132.00 30.00 54.00 0.10 0.72 0.00 2.00 0.00 5.00 12.00 21.00 14.00 18.00 8.00 0.00 0.00 0.00 0.00 0.00
517.00 30.00 48.00 87.00 148.00 39.00 61.00 0.07 1.20 0.00 3.00 0.00 8.00 15.00 22.00 15.00 18.00 12.00 1.00 0.00 0.00 0.00 0.00
518.00 27.00 28.00 78.00 146.00 50.00 68.00 0.09 0.93 0.00 3.00 0.00 6.00 12.00 21.00 15.00 15.00 12.00 1.00 0.00 0.00 0.00 0.00
519.00 27.00 38.00 82.00 137.00 44.00 55.00 0.10 0.89 0.00 3.00 0.00 8.00 12.00 19.00 15.00 17.00 10.00 1.00 0.00 0.00 0.00 0.00
520.00 27.00 35.00 78.00 143.00 43.00 65.00 0.09 0.76 0.00 3.00 0.00 7.00 13.00 20.00 14.00 15.00 12.00 1.00 0.00 0.00 0.00 0.00
521.00 29.00 48.00 89.00 156.00 41.00 67.00 0.08 0.81 0.00 2.00 0.00 5.00 12.00 24.00 17.00 15.00 14.00 2.00 0.00 0.00 0.00 0.00
522.00 31.00 48.00 97.00 151.00 49.00 54.00 0.09 0.97 0.00 3.00 0.00 10.00 16.00 21.00 15.00 22.00 9.00 1.00 0.00 0.00 0.00 0.00
523.00 30.00 37.00 84.00 155.00 47.00 71.00 0.09 1.00 0.00 3.00 0.00 4.00 6.00 26.00 24.00 16.00 14.00 1.00 0.00 0.00 0.00 0.00
524.00 27.00 32.00 79.00 140.00 47.00 61.00 0.08 0.85 0.00 3.00 0.00 6.00 14.00 21.00 13.00 19.00 8.00 1.00 0.00 0.00 0.00 0.00
525.00 29.00 39.00 77.00 141.00 38.00 64.00 0.09 1.08 0.00 2.00 0.00 8.00 18.00 21.00 11.00 25.00 4.00 1.00 0.00 0.00 0.00 0.00
526.00 21.00 27.00 60.00 107.00 33.00 47.00 0.08 0.59 0.00 3.00 0.00 5.00 9.00 16.00 12.00 15.00 6.00 1.00 0.00 0.00 0.00 0.00
527.00 25.00 39.00 75.00 124.00 36.00 49.00 0.08 0.73 0.00 3.00 0.00 6.00 13.00 19.00 12.00 16.00 9.00 1.00 0.00 0.00 0.00 0.00
528.00 26.00 37.00 74.00 134.00 37.00 60.00 0.09 0.73 0.00 2.00 0.00 6.00 12.00 20.00 14.00 16.00 10.00 1.00 0.00 0.00 0.00 1.00
529.00 25.00 29.00 60.00 111.00 31.00 51.00 0.09 0.80 0.00 2.00 0.00 8.00 10.00 17.00 15.00 15.00 10.00 0.00 0.00 0.00 0.00 0.00
530.00 21.00 16.00 46.00 95.00 30.00 49.00 0.09 0.80 0.00 2.00 0.00 8.00 11.00 13.00 10.00 16.00 5.00 1.00 0.00 0.00 0.00 0.00
531.00 23.00 30.00 59.00 109.00 29.00 50.00 0.08 0.74 0.00 2.00 0.00 7.00 11.00 16.00 12.00 15.00 8.00 1.00 0.00 0.00 0.00 0.00
532.00 22.00 16.00 59.00 105.00 43.00 46.00 0.08 0.68 0.00 0.00 0.00 10.00 14.00 12.00 8.00 16.00 6.00 1.00 0.00 0.00 0.00 0.00
533.00 30.00 38.00 83.00 149.00 45.00 66.00 0.10 0.90 0.00 2.00 0.00 8.00 13.00 22.00 17.00 17.00 13.00 0.00 0.00 0.00 0.00 0.00
534.00 30.00 34.00 75.00 143.00 41.00 68.00 0.08 1.31 0.00 2.00 0.00 7.00 15.00 23.00 15.00 21.00 9.00 0.00 0.00 0.00 0.00 0.00
535.00 22.00 28.00 59.00 110.00 31.00 51.00 0.09 0.64 0.00 2.00 0.00 3.00 7.00 19.00 15.00 13.00 9.00 1.00 0.00 1.00 0.00 0.00
536.00 28.00 33.00 75.00 145.00 42.00 70.00 0.09 0.83 0.00 2.00 0.00 3.00 11.00 25.00 17.00 19.00 9.00 0.00 0.00 0.00 0.00 0.00
537.00 23.00 21.00 57.00 112.00 36.00 55.00 0.08 1.04 0.00 1.00 0.00 4.00 12.00 19.00 11.00 14.00 9.00 0.00 0.00 1.00 0.00 0.00
538.00 24.00 22.00 58.00 115.00 36.00 57.00 0.09 0.98 0.00 1.00 0.00 8.00 11.00 16.00 13.00 15.00 9.00 0.00 0.00 0.00 0.00 0.00
539.00 30.00 32.00 81.00 144.00 49.00 63.00 0.08 1.12 0.00 3.00 0.00 7.00 16.00 23.00 14.00 19.00 11.00 1.00 0.00 0.00 0.00 0.00
540.00 23.00 17.00 54.00 118.00 37.00 64.00 0.10 0.82 0.00 3.00 0.00 8.00 11.00 15.00 12.00 18.00 5.00 1.00 0.00 0.00 0.00 0.00
541.00 25.00 34.00 74.00 130.00 40.00 56.00 0.07 0.71 0.00 2.00 0.00 8.00 14.00 17.00 11.00 19.00 6.00 1.00 0.00 0.00 0.00 0.00
542.00 25.00 30.00 69.00 121.00 39.00 52.00 0.08 0.74 0.00 1.00 0.00 7.00 12.00 18.00 13.00 19.00 6.00 1.00 0.00 0.00 0.00 0.00
543.00 25.00 23.00 58.00 119.00 35.00 61.00 0.09 0.86 0.00 4.00 0.00 4.00 13.00 21.00 12.00 18.00 7.00 1.00 0.00 0.00 0.00 0.00
544.00 23.00 26.00 57.00 114.00 31.00 57.00 0.08 0.70 0.00 1.00 0.00 10.00 13.00 13.00 10.00 19.00 4.00 0.00 0.00 0.00 0.00 0.00
545.00 23.00 25.00 59.00 116.00 34.00 57.00 0.09 0.82 0.00 2.00 0.00 7.00 10.00 16.00 13.00 13.00 10.00 1.00 0.00 0.00 0.00 0.00
546.00 23.00 27.00 62.00 108.00 35.00 46.00 0.07 0.65 0.00 1.00 0.00 8.00 11.00 15.00 12.00 17.00 6.00 1.00 0.00 0.00 0.00 0.00
547.00 23.00 25.00 62.00 115.00 37.00 53.00 0.08 0.69 0.00 1.00 0.00 5.00 12.00 18.00 11.00 17.00 6.00 1.00 0.00 1.00 0.00 0.00
548.00 23.00 24.00 61.00 113.00 37.00 52.00 0.11 0.70 0.00 1.00 0.00 8.00 13.00 15.00 10.00 16.00 7.00 1.00 0.00 0.00 0.00 0.00
549.00 21.00 18.00 48.00 93.00 30.00 45.00 0.09 1.00 0.00 1.00 0.00 6.00 12.00 15.00 9.00 17.00 4.00 0.00 0.00 0.00 0.00 0.00
550.00 14.00 17.00 35.00 71.00 18.00 36.00 0.09 0.31 0.00 0.00 0.00 4.00 5.00 10.00 9.00 8.00 6.00 0.00 0.00 0.00 0.00 0.00
551.00 17.00 14.00 48.00 90.00 34.00 42.00 0.08 0.73 0.00 0.00 0.00 0.00 5.00 17.00 12.00 9.00 8.00 1.00 0.00 0.00 0.00 0.00
552.00 20.00 19.00 51.00 101.00 32.00 50.00 0.10 0.74 0.00 0.00 0.00 4.00 10.00 16.00 10.00 15.00 5.00 1.00 0.00 0.00 0.00 0.00
553.00 21.00 22.00 53.00 107.00 31.00 54.00 0.10 0.78 0.00 0.00 0.00 4.00 12.00 17.00 9.00 14.00 7.00 1.00 0.00 0.00 0.00 0.00
554.00 19.00 20.00 50.00 103.00 30.00 53.00 0.09 0.60 0.00 1.00 0.00 6.00 11.00 13.00 8.00 13.00 6.00 1.00 0.00 1.00 0.00 0.00
555.00 28.00 30.00 76.00 137.00 46.00 61.00 0.08 0.85 0.00 1.00 0.00 7.00 14.00 21.00 14.00 20.00 8.00 1.00 0.00 1.00 0.00 0.00
556.00 21.00 19.00 62.00 111.00 43.00 49.00 0.08 0.74 0.00 2.00 0.00 7.00 12.00 14.00 9.00 15.00 6.00 0.00 0.00 1.00 0.00 0.00
557.00 17.00 15.00 43.00 87.00 28.00 44.00 0.09 0.56 0.00 0.00 0.00 5.00 8.00 12.00 9.00 11.00 6.00 0.00 0.00 0.00 0.00 0.00
558.00 14.00 5.00 31.00 66.00 26.00 35.00 0.10 0.56 0.00 0.00 0.00 1.00 9.00 13.00 5.00 12.00 2.00 0.00 0.00 0.00 0.00 0.00
559.00 18.00 15.00 40.00 87.00 25.00 47.00 0.09 0.98 0.00 0.00 0.00 5.00 10.00 13.00 8.00 15.00 3.00 1.00 0.00 0.00 0.00 0.00
560.00 14.00 11.00 31.00 63.00 20.00 32.00 0.07 0.44 0.00 0.00 0.00 6.00 9.00 8.00 5.00 10.00 4.00 1.00 0.00 0.00 0.00 0.00
561.00 15.00 7.00 34.00 67.00 27.00 33.00 0.10 0.68 0.00 0.00 0.00 7.00 10.00 8.00 5.00 12.00 3.00 1.00 0.00 0.00 0.00 0.00
562.00 9.00 3.00 12.00 45.00 9.00 33.00 0.07 0.59 0.00 0.00 0.00 3.00 4.00 6.00 5.00 8.00 1.00 0.00 0.00 0.00 0.00 0.00
563.00 11.00 5.00 19.00 52.00 14.00 33.00 0.09 0.48 0.00 0.00 0.00 5.00 7.00 6.00 4.00 9.00 2.00 1.00 0.00 0.00 0.00 0.00
564.00 11.00 2.00 19.00 51.00 17.00 32.00 0.08 0.59 0.00 0.00 0.00 3.00 7.00 8.00 4.00 9.00 2.00 0.00 0.00 0.00 0.00 0.00
565.00 9.00 7.00 19.00 42.00 12.00 23.00 0.07 0.26 0.00 0.00 0.00 2.00 5.00 7.00 4.00 8.00 1.00 0.00 0.00 0.00 0.00 0.00
566.00 11.00 8.00 25.00 57.00 17.00 32.00 0.08 0.48 0.00 0.00 0.00 2.00 6.00 9.00 5.00 9.00 2.00 0.00 0.00 0.00 0.00 0.00
567.00 11.00 8.00 24.00 55.00 16.00 31.00 0.08 0.38 0.00 0.00 0.00 3.00 5.00 8.00 6.00 7.00 4.00 0.00 0.00 1.00 0.00 0.00
568.00 11.00 8.00 25.00 51.00 17.00 26.00 0.09 0.48 0.00 0.00 0.00 2.00 5.00 9.00 6.00 8.00 3.00 0.00 0.00 2.00 0.00 0.00
569.00 8.00 6.00 17.00 39.00 11.00 22.00 0.09 0.39 0.00 0.00 0.00 1.00 6.00 7.00 2.00 7.00 1.00 0.00 0.00 1.00 0.00 0.00
570.00 10.00 2.00 15.00 48.00 13.00 33.00 0.07 0.48 0.00 0.00 0.00 4.00 7.00 6.00 3.00 8.00 2.00 0.00 0.00 1.00 0.00 0.00
571.00 6.00 1.00 7.00 28.00 6.00 21.00 0.09 0.22 0.00 0.00 0.00 3.00 4.00 3.00 2.00 5.00 1.00 0.00 0.00 0.00 0.00 0.00
572.00 11.00 10.00 24.00 48.00 14.00 24.00 0.08 0.49 0.00 0.00 0.00 4.00 8.00 7.00 3.00 9.00 2.00 0.00 0.00 1.00 0.00 0.00
573.00 11.00 8.00 21.00 51.00 13.00 30.00 0.08 0.53 0.00 0.00 0.00 2.00 8.00 9.00 3.00 9.00 2.00 0.00 0.00 1.00 0.00 0.00
574.00 10.00 3.00 16.00 45.00 13.00 29.00 0.08 0.64 0.00 0.00 0.00 5.00 9.00 5.00 1.00 9.00 1.00 0.00 0.00 1.00 0.00 0.00
575.00 9.00 6.00 21.00 43.00 15.00 22.00 0.08 0.39 0.00 0.00 0.00 1.00 6.00 8.00 3.00 8.00 1.00 0.00 0.00 1.00 0.00 0.00
576.00 7.00 3.00 13.00 32.00 10.00 19.00 0.09 0.28 0.00 0.00 0.00 4.00 5.00 3.00 2.00 7.00 0.00 0.00 0.00 0.00 0.00 0.00
577.00 11.00 7.00 24.00 52.00 17.00 28.00 0.09 0.42 0.00 0.00 0.00 3.00 8.00 8.00 3.00 11.00 0.00 0.00 0.00 0.00 0.00 0.00
578.00 14.00 11.00 28.00 63.00 17.00 35.00 0.10 0.67 0.00 0.00 0.00 3.00 7.00 11.00 7.00 9.00 5.00 0.00 0.00 0.00 0.00 0.00
579.00 5.00 1.00 5.00 20.00 4.00 15.00 0.09 0.31 0.00 0.00 0.00 3.00 4.00 2.00 1.00 5.00 0.00 0.00 0.00 0.00 0.00 0.00
580.00 10.00 3.00 13.00 43.00 10.00 30.00 0.09 0.67 0.00 0.00 0.00 3.00 5.00 7.00 5.00 8.00 2.00 0.00 0.00 0.00 0.00 0.00
581.00 10.00 1.00 8.00 40.00 7.00 32.00 0.10 0.70 0.00 0.00 0.00 5.00 8.00 5.00 2.00 9.00 1.00 0.00 0.00 0.00 0.00 0.00
582.00 7.00 1.00 8.00 30.00 7.00 22.00 0.09 0.51 0.00 0.00 0.00 2.00 4.00 5.00 3.00 6.00 1.00 0.00 0.00 0.00 0.00 0.00
583.00 9.00 7.00 19.00 41.00 12.00 22.00 0.08 0.34 0.00 0.00 0.00 2.00 4.00 7.00 5.00 7.00 2.00 0.00 0.00 0.00 0.00 0.00
584.00 6.00 2.00 10.00 25.00 8.00 15.00 0.09 0.28 0.00 1.00 0.00 0.00 3.00 6.00 3.00 4.00 2.00 0.00 0.00 0.00 0.00 0.00
585.00 3.00 0.00 2.00 10.00 2.00 8.00 0.09 0.12 0.00 0.00 0.00 2.00 3.00 1.00 0.00 3.00 0.00 0.00 0.00 0.00 0.00 0.00
586.00 5.00 1.00 8.00 20.00 7.00 12.00 0.09 0.20 0.00 0.00 0.00 2.00 3.00 3.00 2.00 5.00 0.00 0.00 0.00 0.00 0.00 0.00
587.00 10.00 5.00 23.00 46.00 18.00 23.00 0.08 0.37 0.00 0.00 0.00 3.00 8.00 7.00 2.00 8.00 2.00 0.00 0.00 0.00 0.00 0.00
588.00 3.00 0.00 0.00 6.00 0.00 6.00 0.10 0.16 0.00 0.00 0.00 2.00 3.00 1.00 0.00 3.00 0.00 0.00 0.00 0.00 0.00 0.00
589.00 8.00 3.00 14.00 38.00 11.00 24.00 0.08 0.39 0.00 1.00 0.00 1.00 2.00 7.00 6.00 5.00 3.00 0.00 0.00 0.00 0.00 0.00
590.00 8.00 3.00 15.00 38.00 12.00 23.00 0.08 0.25 0.00 1.00 0.00 2.00 4.00 6.00 4.00 6.00 2.00 0.00 0.00 0.00 1.00 0.00
591.00 12.00 4.00 15.00 53.00 11.00 38.00 0.09 0.40 0.00 1.00 0.00 5.00 9.00 7.00 3.00 10.00 2.00 0.00 0.00 0.00 0.00 0.00
592.00 4.00 0.00 4.00 17.00 4.00 13.00 0.10 0.15 0.00 1.00 0.00 3.00 3.00 1.00 1.00 4.00 0.00 0.00 0.00 0.00 0.00 0.00
593.00 7.00 1.00 7.00 28.00 6.00 21.00 0.08 0.38 0.00 0.00 0.00 3.00 6.00 4.00 1.00 7.00 0.00 0.00 0.00 0.00 0.00 0.00
594.00 8.00 4.00 15.00 30.00 11.00 15.00 0.10 0.35 0.00 0.00 0.00 4.00 7.00 4.00 1.00 7.00 1.00 0.00 0.00 0.00 0.00 0.00
595.00 10.00 8.00 22.00 48.00 14.00 26.00 0.09 0.39 0.00 0.00 0.00 2.00 7.00 8.00 3.00 8.00 2.00 0.00 0.00 0.00 0.00 0.00
596.00 7.00 5.00 12.00 32.00 7.00 20.00 0.07 0.36 0.00 0.00 0.00 3.00 5.00 4.00 2.00 6.00 1.00 0.00 0.00 0.00 0.00 0.00
597.00 6.00 2.00 9.00 24.00 7.00 15.00 0.09 0.28 0.00 0.00 0.00 2.00 5.00 4.00 1.00 5.00 1.00 0.00 0.00 0.00 0.00 0.00
598.00 9.00 4.00 17.00 40.00 13.00 23.00 0.09 0.38 0.00 0.00 0.00 3.00 5.00 6.00 4.00 6.00 3.00 0.00 0.00 0.00 0.00 0.00
599.00 16.00 16.00 36.00 71.00 20.00 35.00 0.10 0.74 0.00 1.00 0.00 6.00 12.00 10.00 4.00 15.00 1.00 0.00 0.00 0.00 0.00 0.00
600.00 12.00 4.00 22.00 54.00 18.00 32.00 0.09 0.67 0.00 0.00 0.00 5.00 8.00 7.00 4.00 10.00 2.00 0.00 0.00 0.00 0.00 0.00
601.00 10.00 7.00 21.00 45.00 14.00 24.00 0.08 0.46 0.00 1.00 0.00 2.00 7.00 8.00 3.00 8.00 2.00 0.00 0.00 0.00 0.00 0.00
602.00 10.00 6.00 22.00 50.00 16.00 28.00 0.07 0.58 0.00 1.00 0.00 3.00 8.00 7.00 2.00 9.00 1.00 0.00 0.00 0.00 0.00 0.00
603.00 7.00 1.00 8.00 29.00 7.00 21.00 0.08 0.50 0.00 0.00 0.00 2.00 5.00 5.00 2.00 7.00 0.00 0.00 0.00 0.00 0.00 0.00
604.00 17.00 18.00 45.00 82.00 27.00 37.00 0.09 0.46 0.00 1.00 0.00 4.00 10.00 13.00 7.00 12.00 5.00 0.00 0.00 0.00 0.00 0.00
605.00 9.00 3.00 12.00 43.00 9.00 31.00 0.08 0.41 0.00 2.00 0.00 3.00 5.00 6.00 4.00 7.00 2.00 0.00 0.00 0.00 0.00 0.00
606.00 13.00 11.00 30.00 60.00 19.00 30.00 0.08 0.42 0.00 1.00 0.00 5.00 6.00 8.00 7.00 7.00 6.00 0.00 0.00 0.00 0.00 0.00
607.00 8.00 4.00 13.00 34.00 9.00 21.00 0.08 0.63 0.00 0.00 0.00 6.00 7.00 2.00 1.00 7.00 1.00 0.00 0.00 0.00 0.00 0.00
608.00 16.00 12.00 34.00 74.00 22.00 40.00 0.09 0.45 0.00 0.00 0.00 8.00 12.00 8.00 4.00 12.00 4.00 0.00 0.00 0.00 0.00 0.00
609.00 13.00 5.00 26.00 64.00 21.00 38.00 0.07 0.45 0.00 0.00 0.00 4.00 7.00 9.00 6.00 7.00 6.00 0.00 0.00 0.00 0.00 0.00
610.00 10.00 4.00 18.00 48.00 14.00 30.00 0.09 0.43 0.00 0.00 0.00 2.00 4.00 8.00 6.00 7.00 3.00 0.00 0.00 0.00 0.00 0.00
611.00 16.00 15.00 41.00 82.00 26.00 41.00 0.09 0.42 0.00 0.00 0.00 7.00 10.00 9.00 6.00 12.00 4.00 0.00 0.00 0.00 0.00 0.00
612.00 15.00 13.00 34.00 74.00 21.00 40.00 0.08 0.43 0.00 0.00 0.00 6.00 10.00 9.00 5.00 11.00 4.00 0.00 0.00 0.00 0.00 0.00
613.00 9.00 7.00 15.00 42.00 8.00 27.00 0.09 0.35 0.00 0.00 0.00 4.00 7.00 5.00 2.00 8.00 1.00 0.00 0.00 0.00 0.00 0.00
614.00 12.00 6.00 23.00 58.00 17.00 35.00 0.09 0.35 0.00 1.00 0.00 2.00 6.00 10.00 6.00 8.00 4.00 0.00 0.00 0.00 0.00 0.00
615.00 15.00 12.00 33.00 75.00 21.00 42.00 0.10 0.41 0.00 1.00 0.00 4.00 7.00 11.00 8.00 11.00 4.00 0.00 0.00 0.00 0.00 0.00
616.00 6.00 0.00 4.00 19.00 4.00 15.00 0.08 0.25 0.00 0.00 0.00 2.00 5.00 4.00 1.00 5.00 1.00 0.00 0.00 0.00 0.00 0.00
617.00 11.00 7.00 23.00 50.00 16.00 27.00 0.08 0.36 0.00 1.00 0.00 4.00 9.00 7.00 2.00 11.00 0.00 0.00 0.00 0.00 0.00 0.00
618.00 11.00 9.00 25.00 54.00 16.00 29.00 0.09 0.29 0.00 0.00 0.00 4.00 7.00 7.00 4.00 10.00 1.00 0.00 0.00 0.00 0.00 0.00
619.00 9.00 7.00 20.00 43.00 13.00 23.00 0.10 0.35 0.00 0.00 0.00 4.00 7.00 5.00 2.00 9.00 0.00 0.00 0.00 0.00 0.00 0.00
620.00 12.00 11.00 32.00 60.00 21.00 28.00 0.09 0.39 0.00 0.00 0.00 2.00 5.00 10.00 7.00 9.00 3.00 0.00 0.00 0.00 0.00 0.00
621.00 8.00 2.00 12.00 37.00 10.00 25.00 0.08 0.27 0.00 0.00 0.00 1.00 7.00 7.00 1.00 8.00 0.00 0.00 0.00 0.00 0.00 0.00
622.00 9.00 5.00 19.00 42.00 14.00 23.00 0.08 0.38 0.00 0.00 0.00 5.00 7.00 4.00 2.00 8.00 1.00 0.00 0.00 1.00 0.00 0.00
623.00 12.00 7.00 26.00 57.00 19.00 31.00 0.08 0.38 0.00 0.00 0.00 6.00 10.00 6.00 2.00 10.00 2.00 0.00 0.00 0.00 0.00 0.00
624.00 5.00 1.00 7.00 20.00 6.00 13.00 0.10 0.18 0.00 0.00 0.00 2.00 3.00 3.00 2.00 5.00 0.00 0.00 0.00 0.00 0.00 0.00
625.00 9.00 5.00 18.00 41.00 13.00 23.00 0.08 0.42 0.00 0.00 0.00 3.00 8.00 6.00 1.00 9.00 0.00 0.00 0.00 0.00 0.00 0.00
626.00 3.00 0.00 0.00 5.00 0.00 5.00 0.09 0.20 0.00 0.00 0.00 2.00 3.00 1.00 0.00 3.00 0.00 0.00 0.00 0.00 0.00 0.00
627.00 6.00 1.00 10.00 24.00 9.00 14.00 0.08 0.23 0.00 0.00 0.00 1.00 5.00 5.00 1.00 6.00 0.00 0.00 0.00 0.00 0.00 0.00
628.00 8.00 5.00 16.00 36.00 11.00 20.00 0.09 0.38 0.00 0.00 0.00 3.00 7.00 5.00 1.00 8.00 0.00 0.00 0.00 0.00 0.00 0.00
629.00 9.00 4.00 17.00 39.00 13.00 22.00 0.09 0.43 0.00 0.00 0.00 5.00 7.00 4.00 2.00 8.00 1.00 0.00 0.00 0.00 0.00 0.00
630.00 6.00 0.00 8.00 24.00 8.00 16.00 0.10 0.22 0.00 0.00 0.00 3.00 5.00 3.00 1.00 6.00 0.00 0.00 0.00 0.00 0.00 0.00
631.00 9.00 4.00 15.00 40.00 11.00 25.00 0.08 0.49 0.00 0.00 0.00 4.00 5.00 5.00 4.00 6.00 3.00 0.00 0.00 0.00 0.00 0.00
632.00 6.00 0.00 3.00 13.00 3.00 10.00 0.09 0.73 0.00 0.00 0.00 3.00 5.00 3.00 1.00 6.00 0.00 0.00 0.00 0.00 0.00 0.00
633.00 4.00 0.00 4.00 15.00 4.00 11.00 0.09 0.29 0.00 0.00 0.00 1.00 3.00 3.00 1.00 4.00 0.00 0.00 0.00 0.00 0.00 0.00
634.00 4.00 0.00 4.00 16.00 4.00 12.00 0.07 0.18 0.00 0.00 0.00 3.00 3.00 1.00 1.00 4.00 0.00 0.00 0.00 0.00 0.00 0.00
635.00 4.00 1.00 5.00 15.00 4.00 10.00 0.09 0.18 0.00 0.00 0.00 2.00 4.00 2.00 0.00 4.00 0.00 0.00 0.00 0.00 0.00 0.00
636.00 3.00 0.00 0.00 5.00 0.00 5.00 0.08 0.18 0.00 0.00 0.00 2.00 3.00 1.00 0.00 3.00 0.00 0.00 0.00 0.00 0.00 0.00
637.00 5.00 0.00 1.00 18.00 1.00 17.00 0.08 0.33 0.00 0.00 0.00 3.00 4.00 2.00 1.00 5.00 0.00 0.00 0.00 0.00 0.00 0.00
638.00 2.00 0.00 0.00 2.00 0.00 2.00 0.09 0.28 0.00 0.00 0.00 2.00 2.00 0.00 0.00 2.00 0.00 0.00 0.00 0.00 0.00 0.00
