0.00 2.00 0.00 0.00 0.00 0.00 0.00 0.10 0.14 0.00 0.00 0.00 2.00 2.00 0.00 0.00 2.00 0.00 0.00 0.00 0.00 0.00 0.00
1.00 3.00 0.00 0.00 3.00 0.00 3.00 0.08 0.16 0.00 0.00 0.00 2.00 3.00 1.00 0.00 3.00 0.00 0.00 0.00 0.00 0.00 0.00
2.00 4.00 0.00 4.00 15.00 4.00 11.00 0.08 0.34 0.00 0.00 0.00 2.00 4.00 2.00 0.00 4.00 0.00 0.00 0.00 0.00 0.00 0.00
3.00 3.00 0.00 2.00 10.00 2.00 8.00 0.09 0.21 0.00 0.00 0.00 2.00 3.00 1.00 0.00 3.00 0.00 0.00 0.00 0.00 0.00 0.00
4.00 4.00 0.00 3.00 8.00 3.00 5.00 0.08 0.18 0.00 0.00 0.00 3.00 3.00 1.00 1.00 4.00 0.00 0.00 0.00 0.00 0.00 0.00
5.00 5.00 1.00 5.00 18.00 4.00 13.00 0.08 0.38 0.00 0.00 0.00 2.00 5.00 3.00 0.00 5.00 0.00 0.00 0.00 0.00 0.00 0.00
6.00 5.00 2.00 6.00 19.00 4.00 13.00 0.09 0.41 0.00 0.00 0.00 2.00 5.00 3.00 0.00 5.00 0.00 0.00 0.00 0.00 0.00 0.00
7.00 4.00 1.00 5.00 16.00 4.00 11.00 0.08 0.15 0.00 0.00 0.00 1.00 3.00 3.00 1.00 4.00 0.00 0.00 0.00 0.00 0.00 0.00
8.00 8.00 4.00 14.00 34.00 10.00 20.00 0.10 0.56 0.00 0.00 0.00 3.00 4.00 5.00 4.00 7.00 1.00 0.00 0.00 0.00 1.00 0.00
9.00 10.00 7.00 21.00 47.00 14.00 26.00 0.08 0.49 0.00 0.00 0.00 3.00 6.00 7.00 4.00 8.00 2.00 0.00 0.00 0.00 0.00 0.00
10.00 6.00 3.00 10.00 27.00 7.00 17.00 0.10 0.22 0.00 0.00 0.00 2.00 4.00 4.00 2.00 6.00 0.00 0.00 0.00 0.00 0.00 0.00
11.00 10.00 5.00 21.00 49.00 16.00 28.00 0.09 0.53 0.00 0.00 0.00 2.00 7.00 8.00 3.00 7.00 3.00 0.00 0.00 0.00 0.00 0.00
12.00 14.00 8.00 24.00 60.00 16.00 36.00 0.08 0.93 0.00 0.00 0.00 4.00 9.00 10.00 5.00 12.00 2.00 0.00 0.00 0.00 0.00 0.00
13.00 10.00 6.00 19.00 45.00 13.00 26.00 0.09 0.57 0.00 0.00 0.00 2.00 3.00 8.00 7.00 7.00 3.00 0.00 0.00 0.00 0.00 0.00
14.00 9.00 1.00 13.00 43.00 12.00 30.00 0.06 0.56 0.00 0.00 0.00 5.00 7.00 4.00 2.00 8.00 1.00 0.00 0.00 0.00 0.00 0.00
15.00 13.00 10.00 31.00 61.00 21.00 30.00 0.09 0.73 0.00 0.00 0.00 4.00 7.00 9.00 6.00 10.00 3.00 0.00 0.00 0.00 0.00 0.00
16.00 7.00 5.00 11.00 28.00 6.00 17.00 0.09 0.44 0.00 0.00 0.00 3.00 6.00 4.00 1.00 6.00 1.00 0.00 0.00 1.00 0.00 0.00
17.00 18.00 15.00 40.00 76.00 25.00 36.00 0.08 0.72 0.00 0.00 0.00 4.00 9.00 14.00 9.00 12.00 6.00 0.00 0.00 0.00 0.00 0.00
18.00 7.00 1.00 11.00 35.00 10.00 24.00 0.08 0.33 0.00 0.00 0.00 3.00 4.00 4.00 3.00 5.00 2.00 0.00 0.00 0.00 0.00 0.00
19.00 15.00 16.00 40.00 72.00 24.00 32.00 0.08 0.59 0.00 0.00 0.00 4.00 8.00 11.00 7.00 11.00 4.00 0.00 0.00 1.00 0.00 0.00
20.00 10.00 4.00 21.00 49.00 17.00 28.00 0.07 0.43 0.00 0.00 0.00 2.00 7.00 8.00 3.00 7.00 3.00 0.00 0.00 1.00 0.00 0.00
21.00 10.00 7.00 21.00 45.00 14.00 24.00 0.08 0.43 0.00 1.00 0.00 2.00 5.00 8.00 5.00 9.00 1.00 0.00 0.00 0.00 0.00 0.00
22.00 12.00 9.00 26.00 59.00 17.00 33.00 0.08 0.64 0.00 0.00 0.00 4.00 5.00 8.00 7.00 8.00 4.00 0.00 0.00 1.00 0.00 0.00
23.00 13.00 12.00 33.00 61.00 21.00 28.00 0.08 0.60 0.00 0.00 0.00 4.00 8.00 9.00 5.00 10.00 3.00 0.00 0.00 1.00 0.00 0.00
24.00 14.00 13.00 32.00 65.00 19.00 33.00 0.09 0.55 0.00 0.00 0.00 5.00 6.00 9.00 8.00 9.00 5.00 0.00 0.00 0.00 0.00 0.00
25.00 13.00 12.00 30.00 63.00 18.00 33.00 0.08 0.68 0.00 0.00 0.00 1.00 4.00 12.00 9.00 5.00 8.00 0.00 0.00 0.00 0.00 0.00
26.00 12.00 7.00 22.00 52.00 15.00 30.00 0.08 0.69 0.00 1.00 0.00 3.00 5.00 9.00 7.00 6.00 6.00 0.00 0.00 0.00 0.00 0.00
27.00 16.00 21.00 43.00 78.00 22.00 35.00 0.08 0.52 0.00 1.00 0.00 8.00 13.00 8.00 3.00 13.00 3.00 0.00 0.00 0.00 0.00 0.00
28.00 16.00 17.00 42.00 72.00 25.00 30.00 0.09 0.61 0.00 1.00 0.00 5.00 8.00 11.00 8.00 12.00 4.00 0.00 0.00 0.00 0.00 0.00
29.00 14.00 13.00 30.00 70.00 17.00 40.00 0.07 0.75 0.00 1.00 0.00 3.00 4.00 11.00 10.00 7.00 7.00 0.00 0.00 0.00 0.00 0.00
30.00 17.00 24.00 49.00 85.00 25.00 36.00 0.10 0.57 0.00 1.00 0.00 3.00 8.00 14.00 9.00 13.00 4.00 0.00 0.00 0.00 0.00 1.00
31.00 13.00 9.00 29.00 63.00 20.00 34.00 0.10 0.58 0.00 1.00 0.00 1.00 2.00 12.00 11.00 7.00 6.00 0.00 0.00 0.00 0.00 0.00
32.00 13.00 11.00 30.00 60.00 19.00 30.00 0.08 0.55 0.00 1.00 0.00 5.00 8.00 8.00 5.00 11.00 2.00 0.00 0.00 0.00 0.00 0.00
33.00 15.00 11.00 27.00 69.00 16.00 42.00 0.09 0.47 0.00 1.00 0.00 4.00 8.00 11.00 7.00 12.00 3.00 0.00 0.00 0.00 0.00 0.00
34.00 12.00 11.00 31.00 55.00 20.00 24.00 0.08 0.37 0.00 1.00 0.00 3.00 11.00 9.00 1.00 11.00 1.00 0.00 0.00 0.00 0.00 0.00
35.00 16.00 21.00 45.00 77.00 24.00 32.00 0.08 0.55 0.00 1.00 0.00 4.00 7.00 12.00 9.00 10.00 6.00 0.00 0.00 0.00 0.00 0.00
36.00 13.00 11.00 29.00 62.00 18.00 33.00 0.08 0.50 0.00 1.00 0.00 4.00 8.00 9.00 5.00 9.00 4.00 0.00 0.00 0.00 0.00 0.00
37.00 16.00 18.00 45.00 82.00 27.00 37.00 0.09 0.42 0.00 1.00 0.00 2.00 10.00 14.00 6.00 11.00 5.00 0.00 0.00 1.00 0.00 0.00
38.00 8.00 6.00 16.00 37.00 10.00 21.00 0.09 0.50 0.00 1.00 0.00 1.00 4.00 7.00 4.00 6.00 2.00 0.00 0.00 0.00 0.00 0.00
39.00 15.00 14.00 30.00 68.00 16.00 38.00 0.09 0.72 0.00 2.00 0.00 3.00 8.00 12.00 7.00 10.00 5.00 0.00 0.00 0.00 0.00 0.00
40.00 18.00 24.00 51.00 86.00 27.00 35.00 0.08 0.66 0.00 1.00 0.00 3.00 10.00 15.00 8.00 11.00 7.00 0.00 0.00 0.00 0.00 0.00
41.00 19.00 26.00 50.00 88.00 24.00 38.00 0.09 0.70 0.00 1.00 0.00 3.00 9.00 16.00 10.00 16.00 3.00 0.00 0.00 0.00 0.00 0.00
42.00 19.00 19.00 46.00 87.00 27.00 41.00 0.09 0.84 0.00 2.00 0.00 5.00 8.00 14.00 11.00 12.00 7.00 0.00 0.00 0.00 0.00 0.00
43.00 16.00 16.00 40.00 76.00 24.00 36.00 0.08 0.71 0.00 1.00 0.00 4.00 8.00 12.00 8.00 13.00 3.00 0.00 0.00 0.00 0.00 0.00
44.00 14.00 15.00 35.00 67.00 20.00 32.00 0.08 0.61 1.00 1.00 1.00 5.00 9.00 9.00 5.00 11.00 3.00 0.00 0.00 0.00 0.00 0.00
45.00 16.00 17.00 45.00 75.00 28.00 30.00 0.08 0.72 0.00 1.00 0.00 5.00 11.00 11.00 5.00 14.00 2.00 0.00 0.00 0.00 0.00 0.00
46.00 15.00 19.00 39.00 69.00 20.00 30.00 0.08 0.53 0.00 1.00 0.00 4.00 6.00 11.00 9.00 12.00 3.00 0.00 0.00 0.00 0.00 0.00
47.00 15.00 12.00 29.00 62.00 17.00 33.00 0.08 0.81 0.00 1.00 0.00 7.00 9.00 8.00 6.00 11.00 4.00 0.00 0.00 0.00 0.00 0.00
48.00 8.00 6.00 18.00 39.00 12.00 21.00 0.09 0.23 0.00 1.00 0.00 3.00 6.00 5.00 2.00 6.00 2.00 0.00 0.00 0.00 0.00 0.00
49.00 14.00 13.00 36.00 68.00 23.00 32.00 0.08 0.53 0.00 0.00 0.00 7.00 10.00 7.00 4.00 11.00 3.00 0.00 0.00 0.00 0.00 0.00
50.00 12.00 5.00 21.00 53.00 16.00 32.00 0.09 0.80 0.00 0.00 0.00 5.00 9.00 7.00 3.00 9.00 3.00 0.00 0.00 0.00 0.00 0.00
51.00 13.00 10.00 26.00 62.00 16.00 36.00 0.08 0.56 0.00 0.00 0.00 6.00 8.00 7.00 5.00 10.00 3.00 0.00 0.00 0.00 0.00 0.00
52.00 13.00 7.00 25.00 56.00 18.00 31.00 0.10 0.62 0.00 1.00 0.00 4.00 11.00 9.00 2.00 12.00 1.00 0.00 0.00 0.00 0.00 0.00
53.00 10.00 6.00 21.00 46.00 15.00 25.00 0.09 0.56 0.00 1.00 0.00 4.00 5.00 6.00 5.00 6.00 4.00 0.00 0.00 0.00 0.00 0.00
54.00 13.00 6.00 29.00 62.00 23.00 33.00 0.09 0.54 0.00 1.00 0.00 6.00 11.00 7.00 2.00 12.00 1.00 0.00 0.00 0.00 0.00 0.00
55.00 14.00 9.00 33.00 66.00 24.00 33.00 0.09 0.68 0.00 2.00 0.00 3.00 9.00 11.00 5.00 13.00 1.00 0.00 0.00 1.00 0.00 0.00
56.00 8.00 3.00 15.00 37.00 12.00 22.00 0.10 0.28 0.00 1.00 0.00 0.00 3.00 8.00 5.00 6.00 2.00 0.00 0.00 0.00 0.00 0.00
57.00 11.00 10.00 27.00 52.00 17.00 25.00 0.08 0.38 0.00 0.00 0.00 4.00 6.00 7.00 5.00 9.00 2.00 0.00 0.00 0.00 0.00 0.00
58.00 12.00 7.00 26.00 54.00 19.00 28.00 0.10 0.66 0.00 0.00 0.00 5.00 9.00 7.00 3.00 12.00 0.00 0.00 0.00 0.00 0.00 0.00
59.00 10.00 6.00 18.00 43.00 12.00 25.00 0.08 0.57 0.00 1.00 0.00 2.00 5.00 8.00 5.00 8.00 2.00 0.00 0.00 0.00 0.00 0.00
60.00 15.00 12.00 35.00 75.00 23.00 40.00 0.07 0.64 0.00 1.00 0.00 6.00 11.00 9.00 4.00 13.00 2.00 0.00 0.00 0.00 0.00 0.00
61.00 9.00 6.00 19.00 43.00 13.00 24.00 0.09 0.35 0.00 0.00 0.00 4.00 5.00 5.00 4.00 9.00 0.00 0.00 0.00 0.00 0.00 0.00
62.00 6.00 1.00 8.00 29.00 7.00 21.00 0.09 0.21 0.00 0.00 0.00 3.00 5.00 3.00 1.00 6.00 0.00 0.00 0.00 0.00 0.00 0.00
63.00 16.00 12.00 35.00 77.00 23.00 42.00 0.07 0.49 0.00 0.00 0.00 5.00 10.00 11.00 6.00 12.00 4.00 0.00 0.00 0.00 0.00 0.00
64.00 13.00 3.00 27.00 67.00 24.00 40.00 0.07 0.56 0.00 1.00 0.00 4.00 7.00 9.00 6.00 9.00 4.00 0.00 0.00 0.00 0.00 0.00
65.00 18.00 18.00 43.00 87.00 25.00 44.00 0.09 0.77 0.00 1.00 0.00 6.00 11.00 12.00 7.00 14.00 4.00 0.00 0.00 0.00 0.00 0.00
66.00 21.00 20.00 50.00 97.00 30.00 47.00 0.07 0.80 0.00 1.00 0.00 5.00 13.00 16.00 8.00 15.00 6.00 0.00 0.00 0.00 0.00 0.00
67.00 21.00 22.00 55.00 104.00 33.00 49.00 0.09 0.67 0.00 1.00 0.00 5.00 9.00 16.00 12.00 14.00 7.00 0.00 0.00 0.00 0.00 0.00
68.00 22.00 21.00 58.00 111.00 37.00 53.00 0.08 0.83 0.00 1.00 0.00 5.00 9.00 17.00 13.00 14.00 8.00 0.00 0.00 0.00 0.00 0.00
69.00 11.00 10.00 25.00 53.00 15.00 28.00 0.09 0.41 0.00 1.00 0.00 4.00 7.00 7.00 4.00 9.00 2.00 0.00 0.00 0.00 0.00 0.00
70.00 12.00 9.00 28.00 55.00 19.00 27.00 0.08 0.44 0.00 1.00 0.00 4.00 7.00 8.00 5.00 8.00 4.00 0.00 0.00 0.00 0.00 0.00
71.00 21.00 19.00 50.00 94.00 31.00 44.00 0.09 0.69 0.00 1.00 0.00 6.00 13.00 15.00 8.00 17.00 4.00 0.00 0.00 0.00 0.00 0.00
72.00 24.00 15.00 57.00 115.00 42.00 58.00 0.10 0.92 0.00 1.00 0.00 8.00 16.00 16.00 8.00 16.00 8.00 0.00 0.00 0.00 0.00 0.00
73.00 21.00 21.00 52.00 112.00 31.00 60.00 0.06 0.76 0.00 2.00 0.00 4.00 10.00 17.00 11.00 16.00 5.00 0.00 0.00 0.00 0.00 0.00
74.00 20.00 22.00 55.00 102.00 33.00 47.00 0.08 0.76 2.00 1.00 2.00 4.00 9.00 16.00 11.00 15.00 5.00 0.00 0.00 1.00 0.00 0.00
75.00 24.00 24.00 69.00 125.00 45.00 56.00 0.09 0.80 2.00 1.00 2.00 5.00 10.00 19.00 14.00 15.00 9.00 0.00 0.00 0.00 0.00 0.00
76.00 20.00 19.00 46.00 89.00 27.00 43.00 0.08 1.08 1.00 1.00 1.00 7.00 10.00 13.00 10.00 13.00 7.00 0.00 0.00 0.00 0.00 0.00
77.00 17.00 8.00 38.00 78.00 30.00 40.00 0.10 0.54 1.00 1.00 1.00 5.00 9.00 12.00 8.00 11.00 6.00 0.00 0.00 1.00 0.00 0.00
78.00 19.00 15.00 48.00 97.00 33.00 49.00 0.07 0.66 1.00 1.00 1.00 4.00 7.00 15.00 12.00 11.00 8.00 0.00 0.00 0.00 0.00 0.00
79.00 23.00 28.00 66.00 114.00 38.00 48.00 0.08 0.84 0.00 0.00 0.00 3.00 4.00 20.00 19.00 11.00 12.00 0.00 0.00 0.00 0.00 0.00
80.00 18.00 13.00 49.00 92.00 36.00 43.00 0.08 0.71 1.00 2.00 0.50 9.00 12.00 9.00 6.00 13.00 5.00 0.00 0.00 1.00 0.00 0.00
81.00 27.00 37.00 71.00 131.00 34.00 60.00 0.09 0.78 1.00 2.00 0.50 9.00 12.00 18.00 15.00 17.00 10.00 0.00 0.00 1.00 0.00 0.00
82.00 19.00 21.00 47.00 88.00 26.00 41.00 0.08 0.59 0.00 1.00 0.00 10.00 12.00 9.00 7.00 14.00 5.00 0.00 0.00 0.00 1.00 0.00
83.00 20.00 19.00 55.00 101.00 36.00 46.00 0.10 0.80 1.00 1.00 1.00 5.00 9.00 15.00 11.00 12.00 8.00 0.00 0.00 0.00 1.00 0.00
84.00 29.00 25.00 75.00 148.00 50.00 73.00 0.08 0.85 1.00 2.00 0.50 5.00 11.00 24.00 18.00 20.00 9.00 0.00 0.00 0.00 0.00 0.00
85.00 31.00 36.00 83.00 151.00 47.00 68.00 0.08 1.13 1.00 3.00 0.33 7.00 9.00 24.00 22.00 18.00 13.00 0.00 0.00 0.00 0.00 0.00
86.00 28.00 30.00 72.00 148.00 42.00 76.00 0.07 0.94 1.00 2.00 0.50 6.00 16.00 22.00 12.00 19.00 9.00 0.00 0.00 0.00 0.00 0.00
87.00 30.00 41.00 89.00 154.00 48.00 65.00 0.08 1.02 0.00 2.00 0.00 5.00 15.00 25.00 15.00 17.00 13.00 0.00 0.00 0.00 0.00 0.00
88.00 29.00 34.00 77.00 136.00 43.00 59.00 0.07 0.95 1.00 1.00 1.00 9.00 15.00 20.00 14.00 17.00 12.00 1.00 0.00 0.00 0.00 0.00
89.00 25.00 27.00 73.00 135.00 46.00 62.00 0.10 0.71 1.00 1.00 1.00 7.00 13.00 18.00 12.00 19.00 6.00 0.00 0.00 0.00 0.00 0.00
90.00 30.00 37.00 93.00 156.00 56.00 63.00 0.09 0.88 1.00 1.00 1.00 5.00 12.00 25.00 18.00 19.00 11.00 1.00 0.00 0.00 1.00 0.00
91.00 21.00 19.00 60.00 110.00 41.00 50.00 0.10 0.76 1.00 2.00 0.50 5.00 10.00 16.00 11.00 15.00 6.00 0.00 0.00 0.00 0.00 0.00
92.00 30.00 43.00 92.00 150.00 49.00 58.00 0.08 0.88 2.00 1.00 2.00 7.00 13.00 23.00 17.00 19.00 11.00 1.00 0.00 0.00 0.00 0.00
93.00 31.00 39.00 87.00 162.00 48.00 75.00 0.08 1.09 1.00 1.00 1.00 7.00 12.00 24.00 19.00 20.00 11.00 0.00 0.00 0.00 0.00 0.00
94.00 26.00 29.00 73.00 139.00 44.00 66.00 0.08 0.93 1.00 3.00 0.33 5.00 11.00 21.00 15.00 17.00 9.00 1.00 0.00 0.00 0.00 0.00
95.00 31.00 32.00 87.00 159.00 55.00 72.00 0.08 1.07 1.00 0.00 0.00 9.00 18.00 22.00 13.00 24.00 7.00 1.00 0.00 0.00 0.00 0.00
96.00 32.00 40.00 92.00 159.00 52.00 67.00 0.11 0.94 1.00 2.00 0.50 9.00 13.00 23.00 19.00 19.00 13.00 0.00 0.00 1.00 0.00 0.00
97.00 25.00 31.00 72.00 128.00 41.00 56.00 0.08 0.54 0.00 2.00 0.00 8.00 12.00 17.00 13.00 13.00 12.00 0.00 0.00 0.00 1.00 0.00
98.00 31.00 45.00 93.00 167.00 48.00 74.00 0.09 0.75 1.00 3.00 0.33 7.00 10.00 24.00 21.00 12.00 19.00 0.00 1.00 0.00 0.00 0.00
99.00 36.00 39.00 106.00 189.00 67.00 83.00 0.09 0.71 1.00 2.00 0.50 11.00 16.00 25.00 20.00 19.00 17.00 0.00 0.00 0.00 0.00 0.00
100.00 36.00 41.00 111.00 185.00 70.00 74.00 0.08 1.00 1.00 4.00 0.25 7.00 14.00 29.00 22.00 18.00 18.00 0.00 1.00 1.00 0.00 0.00
101.00 29.00 37.00 91.00 147.00 54.00 56.00 0.08 0.75 1.00 4.00 0.25 7.00 13.00 22.00 16.00 18.00 11.00 0.00 0.00 0.00 0.00 0.00
102.00 35.00 32.00 98.00 178.00 66.00 80.00 0.08 0.86 1.00 3.00 0.33 10.00 19.00 25.00 16.00 28.00 7.00 0.00 0.00 0.00 1.00 0.00
103.00 35.00 46.00 120.00 189.00 74.00 69.00 0.08 0.98 2.00 2.00 1.00 5.00 10.00 30.00 25.00 17.00 18.00 0.00 0.00 0.00 1.00 0.00
104.00 27.00 38.00 83.00 139.00 45.00 56.00 0.08 0.72 2.00 2.00 1.00 4.00 7.00 23.00 20.00 13.00 14.00 0.00 1.00 1.00 0.00 0.00
105.00 31.00 48.00 99.00 165.00 51.00 66.00 0.09 0.77 1.00 1.00 1.00 4.00 11.00 27.00 20.00 17.00 14.00 0.00 1.00 0.00 0.00 0.00
106.00 29.00 34.00 77.00 159.00 43.00 82.00 0.08 0.94 1.00 2.00 0.50 8.00 12.00 21.00 17.00 23.00 6.00 0.00 1.00 0.00 0.00 0.00
107.00 30.00 22.00 78.00 155.00 56.00 77.00 0.08 1.07 1.00 0.00 0.00 7.00 17.00 23.00 13.00 21.00 9.00 0.00 0.00 1.00 0.00 0.00
108.00 30.00 30.00 82.00 154.00 52.00 72.00 0.08 0.95 0.00 3.00 0.00 10.00 21.00 20.00 9.00 26.00 4.00 0.00 1.00 0.00 0.00 0.00
109.00 27.00 20.00 66.00 130.00 46.00 64.00 0.10 1.05 0.00 3.00 0.00 6.00 15.00 21.00 12.00 19.00 8.00 0.00 0.00 0.00 1.00 0.00
110.00 33.00 33.00 92.00 165.00 59.00 73.00 0.08 0.89 0.00 2.00 0.00 10.00 15.00 23.00 18.00 22.00 11.00 0.00 0.00 0.00 0.00 0.00
111.00 32.00 32.00 95.00 168.00 63.00 73.00 0.09 0.82 1.00 2.00 0.50 13.00 19.00 19.00 13.00 23.00 9.00 0.00 0.00 0.00 0.00 0.00
112.00 31.00 31.00 87.00 162.00 56.00 75.00 0.09 1.02 0.00 3.00 0.00 9.00 13.00 22.00 18.00 18.00 13.00 0.00 1.00 0.00 0.00 0.00
113.00 38.00 47.00 120.00 190.00 73.00 70.00 0.09 1.07 0.00 4.00 0.00 7.00 16.00 31.00 22.00 23.00 15.00 0.00 1.00 0.00 0.00 0.00
114.00 38.00 53.00 121.00 194.00 68.00 73.00 0.09 0.92 1.00 1.00 1.00 8.00 16.00 30.00 22.00 21.00 17.00 0.00 1.00 0.00 0.00 0.00
115.00 34.00 39.00 102.00 173.00 63.00 71.00 0.08 0.83 2.00 1.00 2.00 11.00 16.00 23.00 18.00 23.00 11.00 0.00 1.00 0.00 0.00 0.00
116.00 33.00 45.00 103.00 172.00 58.00 69.00 0.09 0.83 1.00 2.00 0.50 4.00 11.00 29.00 22.00 16.00 17.00 0.00 1.00 0.00 0.00 0.00
117.00 27.00 29.00 80.00 140.00 51.00 60.00 0.08 0.78 1.00 3.00 0.33 6.00 10.00 21.00 17.00 14.00 13.00 0.00 1.00 1.00 1.00 0.00
118.00 33.00 48.00 106.00 170.00 58.00 64.00 0.09 0.83 0.00 3.00 0.00 6.00 14.00 27.00 19.00 20.00 13.00 0.00 0.00 1.00 0.00 0.00
119.00 28.00 37.00 89.00 150.00 52.00 61.00 0.08 0.76 0.00 2.00 0.00 5.00 11.00 23.00 17.00 17.00 11.00 0.00 1.00 2.00 0.00 0.00
120.00 28.00 35.00 84.00 149.00 49.00 65.00 0.09 0.71 2.00 3.00 0.67 5.00 11.00 23.00 17.00 17.00 11.00 0.00 1.00 0.00 0.00 0.00
121.00 31.00 33.00 87.00 160.00 54.00 73.00 0.11 0.92 0.00 3.00 0.00 11.00 15.00 20.00 16.00 20.00 11.00 0.00 0.00 2.00 0.00 0.00
122.00 34.00 46.00 106.00 177.00 60.00 71.00 0.07 0.96 0.00 3.00 0.00 11.00 18.00 23.00 16.00 24.00 10.00 0.00 0.00 1.00 0.00 0.00
123.00 30.00 38.00 86.00 159.00 48.00 73.00 0.09 0.84 1.00 3.00 0.33 6.00 11.00 24.00 19.00 16.00 14.00 0.00 1.00 0.00 0.00 0.00
124.00 32.00 39.00 94.00 172.00 55.00 78.00 0.08 0.84 1.00 3.00 0.33 7.00 14.00 25.00 18.00 21.00 11.00 0.00 1.00 0.00 1.00 0.00
125.00 36.00 44.00 109.00 177.00 65.00 68.00 0.10 0.99 0.00 4.00 0.00 11.00 19.00 25.00 17.00 24.00 12.00 0.00 0.00 0.00 0.00 0.00
126.00 34.00 42.00 104.00 176.00 62.00 72.00 0.07 0.88 0.00 2.00 0.00 8.00 22.00 26.00 12.00 23.00 11.00 0.00 1.00 1.00 0.00 0.00
127.00 34.00 30.00 106.00 178.00 76.00 72.00 0.09 0.91 1.00 2.00 0.50 8.00 16.00 26.00 18.00 24.00 10.00 0.00 1.00 0.00 0.00 0.00
128.00 33.00 38.00 103.00 175.00 65.00 72.00 0.09 0.86 1.00 2.00 0.50 8.00 19.00 25.00 14.00 23.00 10.00 0.00 0.00 0.00 0.00 0.00
129.00 28.00 21.00 71.00 144.00 50.00 73.00 0.08 0.77 2.00 2.00 1.00 10.00 15.00 18.00 13.00 19.00 9.00 0.00 0.00 0.00 0.00 0.00
130.00 33.00 37.00 96.00 168.00 59.00 72.00 0.08 0.88 2.00 3.00 0.67 8.00 14.00 25.00 19.00 17.00 16.00 0.00 1.00 0.00 0.00 0.00
131.00 25.00 25.00 72.00 130.00 47.00 58.00 0.08 0.76 0.00 2.00 0.00 2.00 8.00 23.00 17.00 16.00 9.00 0.00 1.00 0.00 1.00 0.00
132.00 24.00 22.00 62.00 115.00 40.00 53.00 0.09 0.82 0.00 3.00 0.00 11.00 15.00 13.00 9.00 21.00 3.00 0.00 0.00 0.00 0.00 0.00
133.00 28.00 28.00 74.00 147.00 46.00 73.00 0.08 0.85 0.00 3.00 0.00 9.00 11.00 19.00 17.00 16.00 12.00 0.00 0.00 0.00 0.00 0.00
134.00 32.00 32.00 89.00 170.00 57.00 81.00 0.08 1.01 0.00 3.00 0.00 9.00 19.00 23.00 13.00 22.00 10.00 0.00 0.00 0.00 0.00 0.00
135.00 33.00 40.00 102.00 176.00 62.00 74.00 0.09 1.10 0.00 3.00 0.00 5.00 12.00 28.00 21.00 17.00 16.00 0.00 1.00 0.00 0.00 0.00
136.00 29.00 38.00 86.00 150.00 48.00 64.00 0.10 0.87 0.00 3.00 0.00 6.00 10.00 23.00 19.00 16.00 13.00 0.00 1.00 0.00 0.00 0.00
137.00 21.00 20.00 59.00 110.00 39.00 51.00 0.10 0.79 0.00 2.00 0.00 5.00 9.00 16.00 12.00 13.00 8.00 0.00 0.00 0.00 0.00 0.00
138.00 34.00 54.00 100.00 170.00 46.00 70.00 0.08 0.98 0.00 3.00 0.00 8.00 17.00 26.00 17.00 22.00 12.00 0.00 1.00 0.00 0.00 0.00
139.00 29.00 43.00 90.00 151.00 47.00 61.00 0.09 0.77 0.00 3.00 0.00 6.00 14.00 23.00 15.00 16.00 13.00 0.00 1.00 0.00 0.00 0.00
140.00 23.00 25.00 60.00 121.00 35.00 61.00 0.08 0.70 0.00 2.00 0.00 6.00 10.00 17.00 13.00 14.00 9.00 0.00 1.00 0.00 0.00 0.00
141.00 28.00 32.00 85.00 144.00 53.00 59.00 0.09 0.74 0.00 2.00 0.00 7.00 11.00 21.00 17.00 19.00 9.00 0.00 0.00 0.00 0.00 0.00
142.00 26.00 15.00 63.00 137.00 48.00 74.00 0.08 0.84 0.00 2.00 0.00 9.00 15.00 17.00 11.00 20.00 6.00 0.00 0.00 0.00 0.00 0.00
143.00 29.00 39.00 86.00 151.00 47.00 65.00 0.10 0.89 0.00 1.00 0.00 6.00 12.00 23.00 17.00 19.00 10.00 0.00 1.00 0.00 0.00 0.00
144.00 17.00 12.00 42.00 77.00 30.00 35.00 0.10 0.87 0.00 1.00 0.00 5.00 8.00 12.00 9.00 13.00 4.00 0.00 0.00 0.00 0.00 0.00
145.00 28.00 28.00 83.00 144.00 55.00 61.00 0.09 0.73 0.00 3.00 0.00 7.00 11.00 21.00 17.00 17.00 11.00 0.00 0.00 0.00 0.00 0.00
146.00 28.00 30.00 83.00 148.00 53.00 65.00 0.09 0.72 0.00 4.00 0.00 7.00 14.00 21.00 14.00 18.00 10.00 0.00 0.00 0.00 0.00 0.00
147.00 30.00 26.00 89.00 156.00 63.00 67.00 0.10 0.86 0.00 5.00 0.00 14.00 20.00 16.00 10.00 24.00 6.00 0.00 0.00 1.00 0.00 0.00
148.00 32.00 42.00 103.00 161.00 61.00 58.00 0.09 0.81 0.00 6.00 0.00 9.00 15.00 23.00 17.00 21.00 11.00 0.00 0.00 0.00 0.00 0.00
149.00 33.00 51.00 108.00 174.00 57.00 66.00 0.08 0.72 0.00 3.00 0.00 7.00 16.00 26.00 17.00 17.00 16.00 0.00 1.00 0.00 0.00 0.00
150.00 26.00 17.00 71.00 134.00 54.00 63.00 0.10 0.96 0.00 3.00 0.00 3.00 12.00 23.00 14.00 18.00 8.00 0.00 0.00 0.00 0.00 0.00
151.00 22.00 16.00 51.00 111.00 35.00 60.00 0.08 0.68 0.00 4.00 0.00 5.00 8.00 17.00 14.00 13.00 9.00 0.00 0.00 0.00 0.00 0.00
152.00 28.00 32.00 78.00 143.00 46.00 65.00 0.08 0.93 0.00 5.00 0.00 5.00 11.00 23.00 17.00 16.00 12.00 0.00 0.00 0.00 0.00 0.00
153.00 35.00 40.00 102.00 183.00 62.00 81.00 0.09 0.91 0.00 6.00 0.00 12.00 16.00 23.00 19.00 22.00 13.00 0.00 1.00 0.00 0.00 0.00
154.00 36.00 36.00 111.00 193.00 75.00 82.00 0.06 0.96 0.00 4.00 0.00 11.00 15.00 25.00 21.00 26.00 10.00 0.00 1.00 0.00 0.00 0.00
155.00 31.00 40.00 95.00 164.00 55.00 69.00 0.09 0.79 0.00 5.00 0.00 9.00 15.00 22.00 16.00 21.00 10.00 0.00 1.00 0.00 0.00 0.00
156.00 39.00 43.00 108.00 187.00 65.00 79.00 0.09 1.24 0.00 5.00 0.00 12.00 21.00 27.00 18.00 27.00 12.00 1.00 1.00 0.00 0.00 0.00
157.00 37.00 30.00 105.00 202.00 75.00 97.00 0.10 1.12 0.00 3.00 0.00 9.00 16.00 28.00 21.00 21.00 16.00 1.00 0.00 0.00 0.00 0.00
158.00 44.00 53.00 130.00 236.00 77.00 106.00 0.08 1.34 0.00 4.00 0.00 7.00 16.00 37.00 28.00 26.00 18.00 1.00 1.00 0.00 0.00 0.00
159.00 37.00 38.00 112.00 196.00 74.00 84.00 0.09 1.33 0.00 4.00 0.00 6.00 15.00 31.00 22.00 24.00 13.00 0.00 1.00 0.00 0.00 1.00
160.00 34.00 41.00 101.00 175.00 60.00 74.00 0.09 0.92 0.00 5.00 0.00 7.00 16.00 27.00 18.00 22.00 12.00 0.00 1.00 1.00 0.00 1.00
161.00 38.00 57.00 113.00 201.00 56.00 88.00 0.10 1.11 0.00 5.00 0.00 8.00 14.00 30.00 24.00 19.00 19.00 0.00 1.00 0.00 0.00 1.00
162.00 35.00 42.00 101.00 176.00 59.00 75.00 0.09 1.08 1.00 5.00 0.20 11.00 18.00 24.00 17.00 24.00 11.00 0.00 0.00 0.00 0.00 1.00
163.00 32.00 42.00 96.00 165.00 54.00 69.00 0.08 1.03 0.00 4.00 0.00 5.00 13.00 27.00 19.00 18.00 14.00 0.00 1.00 0.00 0.00 1.00
164.00 32.00 48.00 107.00 168.00 59.00 61.00 0.09 0.92 0.00 4.00 0.00 4.00 8.00 28.00 24.00 15.00 17.00 0.00 1.00 0.00 0.00 0.00
165.00 34.00 35.00 96.00 173.00 61.00 77.00 0.09 1.01 0.00 6.00 0.00 6.00 12.00 28.00 22.00 19.00 15.00 0.00 1.00 0.00 0.00 1.00
166.00 42.00 56.00 124.00 216.00 68.00 92.00 0.09 1.19 0.00 5.00 0.00 9.00 19.00 33.00 23.00 28.00 14.00 0.00 0.00 1.00 0.00 0.00
167.00 40.00 57.00 120.00 203.00 63.00 83.00 0.09 1.13 0.00 5.00 0.00 8.00 13.00 32.00 27.00 20.00 20.00 0.00 0.00 0.00 0.00 0.00
168.00 40.00 62.00 125.00 205.00 63.00 80.00 0.07 1.06 0.00 4.00 0.00 8.00 12.00 32.00 28.00 22.00 18.00 0.00 0.00 0.00 0.00 0.00
169.00 38.00 48.00 123.00 200.00 75.00 77.00 0.07 0.98 1.00 6.00 0.17 7.00 12.00 31.00 26.00 20.00 18.00 1.00 0.00 0.00 0.00 0.00
170.00 40.00 47.00 111.00 196.00 64.00 85.00 0.08 1.57 1.00 5.00 0.20 8.00 16.00 32.00 24.00 27.00 13.00 0.00 1.00 0.00 0.00 0.00
171.00 35.00 44.00 102.00 191.00 58.00 89.00 0.10 1.04 1.00 4.00 0.25 3.00 9.00 32.00 26.00 20.00 15.00 0.00 0.00 0.00 2.00 0.00
172.00 41.00 49.00 128.00 216.00 79.00 88.00 0.06 1.09 0.00 3.00 0.00 6.00 15.00 35.00 26.00 21.00 20.00 1.00 0.00 0.00 0.00 0.00
173.00 40.00 54.00 126.00 212.00 72.00 86.00 0.07 1.09 1.00 3.00 0.33 8.00 17.00 32.00 23.00 24.00 16.00 0.00 1.00 0.00 1.00 0.00
174.00 37.00 48.00 117.00 197.00 69.00 80.00 0.09 1.04 1.00 5.00 0.20 4.00 11.00 33.00 26.00 16.00 21.00 0.00 1.00 0.00 1.00 0.00
175.00 37.00 51.00 114.00 192.00 63.00 78.00 0.09 1.06 0.00 4.00 0.00 4.00 14.00 33.00 23.00 18.00 19.00 0.00 2.00 0.00 0.00 0.00
176.00 37.00 39.00 113.00 194.00 74.00 81.00 0.09 1.02 0.00 6.00 0.00 7.00 14.00 30.00 23.00 22.00 15.00 0.00 2.00 0.00 0.00 0.00
177.00 40.00 43.00 122.00 206.00 79.00 84.00 0.09 1.12 0.00 4.00 0.00 7.00 17.00 33.00 23.00 22.00 18.00 0.00 1.00 0.00 0.00 0.00
178.00 44.00 57.00 131.00 222.00 74.00 91.00 0.09 1.24 1.00 6.00 0.17 14.00 25.00 30.00 19.00 33.00 11.00 0.00 1.00 0.00 0.00 0.00
179.00 42.00 57.00 130.00 215.00 73.00 85.00 0.08 1.35 0.00 6.00 0.00 6.00 15.00 36.00 27.00 18.00 24.00 0.00 1.00 0.00 0.00 0.00
180.00 47.00 58.00 147.00 243.00 89.00 96.00 0.08 1.30 0.00 6.00 0.00 6.00 19.00 41.00 28.00 25.00 22.00 0.00 1.00 0.00 0.00 0.00
181.00 38.00 46.00 117.00 197.00 71.00 80.00 0.09 1.07 0.00 6.00 0.00 3.00 10.00 35.00 28.00 24.00 14.00 1.00 0.00 2.00 0.00 0.00
182.00 37.00 37.00 105.00 190.00 68.00 85.00 0.08 1.31 0.00 5.00 0.00 7.00 13.00 30.00 24.00 23.00 14.00 0.00 1.00 0.00 0.00 0.00
183.00 41.00 56.00 126.00 214.00 70.00 88.00 0.09 1.13 0.00 6.00 0.00 12.00 20.00 29.00 21.00 27.00 14.00 0.00 0.00 0.00 0.00 0.00
184.00 44.00 59.00 136.00 231.00 77.00 95.00 0.08 1.25 0.00 5.00 0.00 5.00 15.00 39.00 29.00 23.00 21.00 0.00 1.00 0.00 0.00 2.00
185.00 40.00 42.00 119.00 212.00 77.00 93.00 0.08 1.24 0.00 5.00 0.00 11.00 17.00 29.00 23.00 22.00 18.00 0.00 0.00 0.00 0.00 0.00
186.00 43.00 60.00 135.00 225.00 75.00 90.00 0.07 1.31 1.00 7.00 0.14 7.00 15.00 36.00 28.00 21.00 22.00 1.00 1.00 0.00 0.00 0.00
187.00 41.00 50.00 125.00 211.00 75.00 86.00 0.09 1.16 1.00 8.00 0.12 7.00 10.00 34.00 31.00 16.00 25.00 1.00 1.00 0.00 0.00 0.00
188.00 39.00 50.00 123.00 213.00 73.00 90.00 0.09 1.06 0.00 5.00 0.00 6.00 13.00 33.00 26.00 19.00 20.00 0.00 1.00 0.00 0.00 0.00
189.00 41.00 61.00 135.00 214.00 74.00 79.00 0.07 1.17 0.00 3.00 0.00 7.00 14.00 34.00 27.00 21.00 20.00 0.00 1.00 0.00 0.00 0.00
190.00 44.00 56.00 136.00 229.00 80.00 93.00 0.08 1.24 1.00 5.00 0.20 7.00 18.00 37.00 26.00 25.00 19.00 0.00 1.00 0.00 0.00 0.00
191.00 44.00 60.00 144.00 232.00 84.00 88.00 0.09 1.26 1.00 5.00 0.20 5.00 14.00 39.00 30.00 24.00 20.00 1.00 1.00 0.00 0.00 0.00
192.00 44.00 55.00 140.00 230.00 85.00 90.00 0.09 1.21 1.00 4.00 0.25 10.00 22.00 34.00 22.00 27.00 17.00 1.00 0.00 0.00 0.00 0.00
193.00 38.00 44.00 104.00 196.00 60.00 92.00 0.09 1.23 1.00 3.00 0.33 6.00 14.00 32.00 24.00 19.00 19.00 0.00 0.00 0.00 0.00 0.00
194.00 40.00 58.00 125.00 208.00 67.00 83.00 0.09 1.06 0.00 6.00 0.00 8.00 13.00 32.00 27.00 19.00 21.00 2.00 1.00 0.00 0.00 0.00
195.00 43.00 63.00 134.00 219.00 71.00 85.00 0.08 1.15 0.00 5.00 0.00 7.00 19.00 36.00 24.00 31.00 12.00 0.00 1.00 0.00 0.00 0.00
196.00 43.00 62.00 125.00 219.00 63.00 94.00 0.08 1.14 1.00 4.00 0.25 12.00 21.00 31.00 22.00 27.00 16.00 1.00 1.00 0.00 0.00 0.00
197.00 40.00 51.00 128.00 217.00 77.00 89.00 0.07 1.17 0.00 4.00 0.00 4.00 12.00 36.00 28.00 22.00 18.00 1.00 0.00 0.00 0.00 0.00
198.00 37.00 49.00 116.00 200.00 67.00 84.00 0.09 1.08 0.00 4.00 0.00 9.00 15.00 28.00 22.00 21.00 16.00 1.00 1.00 1.00 0.00 1.00
199.00 36.00 46.00 115.00 187.00 69.00 72.00 0.09 1.20 0.00 5.00 0.00 6.00 14.00 30.00 22.00 20.00 16.00 0.00 1.00 0.00 0.00 1.00
200.00 41.00 52.00 137.00 223.00 85.00 86.00 0.08 1.16 0.00 4.00 0.00 7.00 16.00 34.00 25.00 19.00 22.00 0.00 1.00 0.00 0.00 0.00
201.00 37.00 49.00 102.00 193.00 53.00 91.00 0.10 1.25 1.00 4.00 0.25 7.00 14.00 30.00 23.00 18.00 19.00 0.00 0.00 0.00 0.00 0.00
202.00 41.00 45.00 115.00 198.00 70.00 83.00 0.09 1.56 0.00 6.00 0.00 12.00 16.00 29.00 25.00 25.00 16.00 0.00 0.00 0.00 0.00 0.00
203.00 44.00 66.00 147.00 231.00 81.00 84.00 0.11 1.41 0.00 4.00 0.00 9.00 14.00 35.00 30.00 21.00 23.00 0.00 1.00 1.00 0.00 0.00
204.00 44.00 50.00 144.00 240.00 94.00 96.00 0.09 1.45 0.00 6.00 0.00 8.00 13.00 36.00 31.00 21.00 23.00 0.00 0.00 0.00 0.00 0.00
205.00 39.00 30.00 122.00 211.00 92.00 89.00 0.10 1.47 0.00 6.00 0.00 8.00 17.00 31.00 22.00 24.00 15.00 0.00 0.00 0.00 0.00 0.00
206.00 39.00 53.00 127.00 202.00 74.00 75.00 0.07 1.23 0.00 7.00 0.00 5.00 16.00 34.00 23.00 21.00 18.00 0.00 1.00 0.00 0.00 0.00
207.00 46.00 64.00 143.00 234.00 79.00 91.00 0.09 1.47 0.00 7.00 0.00 10.00 22.00 36.00 24.00 28.00 18.00 0.00 1.00 0.00 0.00 0.00
208.00 38.00 49.00 111.00 191.00 62.00 80.00 0.09 1.28 0.00 7.00 0.00 7.00 18.00 31.00 20.00 22.00 16.00 0.00 1.00 0.00 0.00 0.00
209.00 42.00 57.00 137.00 220.00 80.00 83.00 0.09 1.33 1.00 7.00 0.14 8.00 22.00 34.00 20.00 29.00 13.00 0.00 1.00 0.00 0.00 0.00
210.00 48.00 64.00 151.00 244.00 87.00 93.00 0.08 1.54 0.00 5.00 0.00 11.00 26.00 37.00 22.00 31.00 17.00 1.00 1.00 0.00 0.00 0.00
211.00 41.00 62.00 132.00 212.00 70.00 80.00 0.08 0.99 0.00 6.00 0.00 6.00 15.00 35.00 26.00 20.00 21.00 0.00 1.00 0.00 0.00 0.00
212.00 46.00 64.00 153.00 247.00 89.00 94.00 0.09 1.31 0.00 6.00 0.00 8.00 16.00 38.00 30.00 25.00 21.00 0.00 0.00 0.00 0.00 1.00
213.00 43.00 61.00 142.00 235.00 81.00 93.00 0.07 1.29 0.00 9.00 0.00 8.00 19.00 35.00 24.00 23.00 20.00 1.00 1.00 0.00 0.00 0.00
214.00 44.00 59.00 139.00 234.00 80.00 95.00 0.09 1.46 0.00 7.00 0.00 9.00 19.00 35.00 25.00 25.00 19.00 0.00 1.00 0.00 0.00 0.00
215.00 40.00 38.00 110.00 208.00 72.00 98.00 0.08 1.52 1.00 6.00 0.17 8.00 17.00 32.00 23.00 28.00 12.00 0.00 1.00 0.00 0.00 0.00
216.00 41.00 50.00 122.00 221.00 72.00 99.00 0.10 1.43 0.00 5.00 0.00 7.00 16.00 34.00 25.00 20.00 21.00 0.00 1.00 0.00 0.00 0.00
217.00 35.00 46.00 103.00 179.00 57.00 76.00 0.09 1.14 0.00 6.00 0.00 6.00 18.00 29.00 17.00 24.00 11.00 0.00 0.00 0.00 0.00 0.00
218.00 43.00 46.00 130.00 225.00 84.00 95.00 0.09 1.21 0.00 5.00 0.00 9.00 19.00 34.00 24.00 28.00 15.00 0.00 0.00 0.00 1.00 0.00
219.00 42.00 53.00 137.00 219.00 84.00 82.00 0.10 1.21 0.00 3.00 0.00 5.00 18.00 37.00 24.00 26.00 16.00 0.00 1.00 0.00 0.00 0.00
220.00 44.00 63.00 137.00 222.00 74.00 85.00 0.09 1.25 1.00 4.00 0.25 11.00 16.00 33.00 28.00 27.00 17.00 0.00 0.00 1.00 0.00 0.00
221.00 44.00 61.00 136.00 218.00 75.00 82.00 0.09 1.35 0.00 5.00 0.00 11.00 21.00 33.00 23.00 29.00 15.00 0.00 0.00 1.00 0.00 0.00
222.00 36.00 39.00 119.00 195.00 80.00 76.00 0.09 1.07 1.00 5.00 0.20 5.00 13.00 31.00 23.00 20.00 16.00 0.00 0.00 3.00 0.00 0.00
223.00 45.00 62.00 147.00 245.00 85.00 98.00 0.08 1.27 2.00 5.00 0.40 9.00 22.00 36.00 23.00 28.00 17.00 0.00 0.00 1.00 0.00 0.00
224.00 37.00 48.00 113.00 200.00 65.00 87.00 0.08 1.21 2.00 5.00 0.40 9.00 19.00 28.00 18.00 24.00 13.00 0.00 0.00 0.00 0.00 0.00
225.00 49.00 68.00 148.00 251.00 80.00 103.00 0.09 1.36 3.00 4.00 0.75 13.00 16.00 36.00 33.00 27.00 22.00 0.00 1.00 0.00 0.00 0.00
226.00 49.00 69.00 158.00 260.00 89.00 102.00 0.09 1.33 1.00 7.00 0.14 10.00 23.00 39.00 26.00 33.00 16.00 0.00 0.00 0.00 0.00 0.00
227.00 39.00 56.00 120.00 202.00 64.00 82.00 0.09 0.99 0.00 7.00 0.00 9.00 17.00 30.00 22.00 23.00 16.00 0.00 0.00 0.00 0.00 0.00
228.00 46.00 79.00 154.00 249.00 75.00 95.00 0.09 1.30 2.00 7.00 0.29 4.00 15.00 42.00 31.00 27.00 19.00 0.00 0.00 0.00 0.00 0.00
229.00 45.00 75.00 154.00 236.00 79.00 82.00 0.09 1.10 1.00 5.00 0.20 8.00 18.00 37.00 27.00 30.00 15.00 0.00 0.00 0.00 0.00 0.00
230.00 39.00 53.00 116.00 206.00 63.00 90.00 0.08 1.23 1.00 7.00 0.14 9.00 17.00 30.00 22.00 22.00 17.00 0.00 1.00 1.00 0.00 0.00
231.00 45.00 72.00 156.00 249.00 84.00 93.00 0.08 1.28 1.00 7.00 0.14 7.00 15.00 38.00 30.00 24.00 21.00 0.00 1.00 0.00 0.00 0.00
232.00 47.00 74.00 151.00 237.00 77.00 86.00 0.09 1.46 0.00 6.00 0.00 10.00 20.00 37.00 27.00 29.00 18.00 0.00 1.00 0.00 0.00 0.00
233.00 47.00 63.00 145.00 238.00 82.00 93.00 0.09 1.35 0.00 7.00 0.00 13.00 17.00 34.00 30.00 28.00 19.00 1.00 1.00 1.00 0.00 0.00
234.00 46.00 65.00 146.00 234.00 81.00 88.00 0.08 1.26 0.00 4.00 0.00 11.00 22.00 35.00 24.00 31.00 15.00 0.00 1.00 1.00 0.00 0.00
235.00 45.00 80.00 154.00 235.00 74.00 81.00 0.09 1.18 0.00 7.00 0.00 7.00 20.00 38.00 25.00 26.00 19.00 0.00 1.00 0.00 0.00 0.00
236.00 44.00 59.00 148.00 232.00 89.00 84.00 0.09 1.30 0.00 7.00 0.00 6.00 12.00 38.00 32.00 17.00 27.00 0.00 0.00 0.00 0.00 0.00
237.00 45.00 74.00 156.00 244.00 82.00 88.00 0.09 1.16 0.00 8.00 0.00 6.00 11.00 39.00 34.00 19.00 26.00 0.00 0.00 0.00 1.00 1.00
238.00 46.00 74.00 150.00 241.00 76.00 91.00 0.08 1.15 1.00 7.00 0.14 7.00 17.00 39.00 29.00 23.00 23.00 0.00 1.00 0.00 0.00 0.00
239.00 46.00 69.00 145.00 251.00 76.00 106.00 0.07 1.16 0.00 8.00 0.00 7.00 17.00 39.00 29.00 24.00 22.00 0.00 1.00 0.00 1.00 0.00
240.00 46.00 72.00 156.00 249.00 84.00 93.00 0.08 1.28 0.00 6.00 0.00 6.00 13.00 40.00 33.00 23.00 23.00 0.00 1.00 1.00 0.00 0.00
241.00 45.00 60.00 142.00 233.00 82.00 91.00 0.10 1.30 1.00 5.00 0.20 8.00 20.00 37.00 25.00 26.00 19.00 0.00 1.00 1.00 0.00 0.00
242.00 49.00 80.00 155.00 245.00 75.00 90.00 0.10 1.65 1.00 6.00 0.17 8.00 16.00 41.00 33.00 23.00 26.00 0.00 1.00 0.00 0.00 0.00
243.00 45.00 68.00 147.00 231.00 79.00 84.00 0.07 1.23 1.00 7.00 0.14 10.00 16.00 35.00 29.00 30.00 15.00 1.00 0.00 1.00 0.00 0.00
244.00 42.00 59.00 132.00 216.00 73.00 84.00 0.08 1.16 1.00 6.00 0.17 9.00 17.00 33.00 25.00 25.00 17.00 1.00 1.00 0.00 0.00 0.00
245.00 45.00 54.00 151.00 239.00 97.00 88.00 0.08 1.19 1.00 4.00 0.25 8.00 19.00 37.00 26.00 25.00 20.00 0.00 1.00 1.00 0.00 0.00
246.00 44.00 64.00 153.00 241.00 89.00 88.00 0.08 1.18 1.00 6.00 0.17 9.00 15.00 35.00 29.00 19.00 25.00 1.00 0.00 1.00 0.00 0.00
247.00 45.00 55.00 155.00 240.00 100.00 85.00 0.06 1.08 0.00 6.00 0.00 8.00 14.00 37.00 31.00 26.00 19.00 1.00 0.00 1.00 0.00 1.00
248.00 48.00 78.00 149.00 259.00 71.00 110.00 0.08 1.25 2.00 6.00 0.33 13.00 20.00 35.00 28.00 24.00 24.00 0.00 1.00 1.00 0.00 0.00
249.00 46.00 79.00 154.00 247.00 75.00 93.00 0.11 1.11 1.00 5.00 0.20 4.00 14.00 42.00 32.00 20.00 26.00 0.00 1.00 1.00 0.00 0.00
250.00 49.00 69.00 160.00 264.00 91.00 104.00 0.09 1.11 1.00 6.00 0.17 9.00 20.00 40.00 29.00 30.00 19.00 0.00 1.00 2.00 0.00 0.00
251.00 47.00 67.00 153.00 249.00 86.00 96.00 0.08 1.23 1.00 4.00 0.25 10.00 16.00 37.00 31.00 27.00 20.00 1.00 1.00 1.00 0.00 0.00
252.00 46.00 69.00 136.00 232.00 67.00 96.00 0.09 1.36 1.00 6.00 0.17 6.00 13.00 40.00 33.00 23.00 23.00 0.00 1.00 2.00 0.00 1.00
253.00 47.00 75.00 157.00 246.00 82.00 89.00 0.09 1.24 1.00 5.00 0.20 9.00 22.00 38.00 25.00 29.00 18.00 0.00 1.00 1.00 0.00 0.00
254.00 51.00 73.00 162.00 273.00 89.00 111.00 0.07 1.38 2.00 6.00 0.33 11.00 18.00 40.00 33.00 25.00 26.00 0.00 1.00 0.00 0.00 0.00
255.00 50.00 62.00 153.00 260.00 91.00 107.00 0.08 1.46 2.00 5.00 0.40 9.00 19.00 41.00 31.00 29.00 21.00 0.00 1.00 1.00 0.00 0.00
256.00 46.00 61.00 143.00 232.00 82.00 89.00 0.09 1.20 0.00 5.00 0.00 12.00 18.00 34.00 28.00 25.00 21.00 1.00 1.00 1.00 0.00 1.00
257.00 46.00 65.00 148.00 247.00 83.00 99.00 0.08 1.24 1.00 6.00 0.17 12.00 21.00 34.00 25.00 25.00 21.00 1.00 1.00 1.00 0.00 0.00
258.00 45.00 59.00 138.00 245.00 79.00 107.00 0.08 1.28 0.00 8.00 0.00 9.00 19.00 36.00 26.00 26.00 19.00 1.00 1.00 0.00 0.00 0.00
259.00 51.00 66.00 163.00 270.00 97.00 107.00 0.08 1.43 0.00 5.00 0.00 7.00 17.00 44.00 34.00 21.00 30.00 0.00 1.00 0.00 0.00 1.00
260.00 46.00 63.00 151.00 248.00 88.00 97.00 0.09 1.31 0.00 7.00 0.00 11.00 17.00 35.00 29.00 25.00 21.00 1.00 1.00 0.00 0.00 1.00
261.00 61.00 91.00 192.00 299.00 101.00 107.00 0.07 1.55 1.00 6.00 0.17 9.00 21.00 52.00 40.00 34.00 27.00 1.00 1.00 2.00 1.00 1.00
262.00 48.00 46.00 144.00 247.00 98.00 103.00 0.08 1.27 0.00 7.00 0.00 11.00 20.00 37.00 28.00 26.00 22.00 0.00 1.00 0.00 0.00 1.00
263.00 49.00 73.00 156.00 255.00 83.00 99.00 0.09 1.24 1.00 4.00 0.25 12.00 20.00 37.00 29.00 29.00 20.00 1.00 1.00 2.00 0.00 1.00
264.00 47.00 67.00 154.00 245.00 87.00 91.00 0.08 1.20 0.00 6.00 0.00 6.00 15.00 41.00 32.00 24.00 23.00 1.00 1.00 1.00 0.00 1.00
265.00 50.00 78.00 164.00 255.00 86.00 91.00 0.10 1.24 0.00 6.00 0.00 5.00 15.00 45.00 35.00 26.00 24.00 0.00 0.00 1.00 0.00 0.00
266.00 47.00 77.00 159.00 253.00 82.00 94.00 0.09 1.04 0.00 8.00 0.00 8.00 13.00 39.00 34.00 20.00 27.00 1.00 1.00 1.00 0.00 0.00
267.00 51.00 75.00 167.00 260.00 92.00 93.00 0.07 1.29 1.00 7.00 0.14 14.00 22.00 37.00 29.00 28.00 23.00 1.00 1.00 2.00 0.00 0.00
268.00 50.00 78.00 173.00 275.00 95.00 102.00 0.10 1.22 0.00 6.00 0.00 10.00 17.00 40.00 33.00 23.00 27.00 1.00 1.00 0.00 1.00 0.00
269.00 48.00 75.00 151.00 247.00 76.00 96.00 0.08 1.17 0.00 8.00 0.00 11.00 21.00 37.00 27.00 29.00 19.00 1.00 1.00 1.00 0.00 0.00
270.00 47.00 71.00 149.00 250.00 78.00 101.00 0.07 1.22 0.00 8.00 0.00 9.00 15.00 38.00 32.00 20.00 27.00 0.00 1.00 0.00 0.00 0.00
271.00 52.00 67.00 161.00 275.00 94.00 114.00 0.09 1.38 0.00 7.00 0.00 7.00 20.00 45.00 32.00 30.00 22.00 1.00 1.00 0.00 0.00 0.00
272.00 49.00 68.00 165.00 266.00 97.00 101.00 0.08 1.16 0.00 8.00 0.00 6.00 10.00 43.00 39.00 20.00 29.00 1.00 1.00 1.00 0.00 0.00
273.00 50.00 67.00 157.00 262.00 90.00 105.00 0.08 1.18 0.00 9.00 0.00 10.00 22.00 40.00 28.00 32.00 18.00 1.00 0.00 0.00 0.00 0.00
274.00 48.00 72.00 158.00 254.00 86.00 96.00 0.08 1.11 0.00 6.00 0.00 7.00 11.00 41.00 37.00 20.00 28.00 2.00 1.00 1.00 1.00 0.00
275.00 51.00 77.00 160.00 259.00 83.00 99.00 0.09 1.20 0.00 7.00 0.00 10.00 23.00 41.00 28.00 28.00 23.00 2.00 1.00 0.00 0.00 0.00
276.00 50.00 55.00 150.00 260.00 95.00 110.00 0.09 1.38 0.00 6.00 0.00 8.00 21.00 42.00 29.00 30.00 20.00 0.00 0.00 1.00 0.00 0.00
277.00 51.00 71.00 169.00 271.00 98.00 102.00 0.09 1.26 0.00 7.00 0.00 12.00 18.00 39.00 33.00 25.00 26.00 2.00 1.00 0.00 1.00 0.00
278.00 53.00 85.00 173.00 273.00 88.00 100.00 0.09 1.31 1.00 8.00 0.12 10.00 21.00 43.00 32.00 26.00 27.00 0.00 1.00 0.00 0.00 0.00
279.00 47.00 62.00 151.00 240.00 89.00 89.00 0.08 1.12 0.00 6.00 0.00 10.00 16.00 37.00 31.00 25.00 22.00 0.00 1.00 0.00 0.00 0.00
280.00 45.00 66.00 150.00 244.00 84.00 94.00 0.07 1.08 0.00 7.00 0.00 6.00 12.00 39.00 33.00 19.00 26.00 1.00 0.00 1.00 0.00 0.00
281.00 47.00 79.00 156.00 243.00 77.00 87.00 0.07 1.19 1.00 8.00 0.12 12.00 17.00 35.00 30.00 27.00 20.00 2.00 1.00 0.00 0.00 0.00
282.00 58.00 89.00 184.00 298.00 95.00 114.00 0.10 1.52 1.00 8.00 0.12 12.00 17.00 46.00 41.00 28.00 30.00 2.00 0.00 1.00 1.00 0.00
283.00 51.00 78.00 172.00 272.00 94.00 100.00 0.08 1.17 0.00 9.00 0.00 7.00 17.00 44.00 34.00 29.00 22.00 2.00 0.00 0.00 0.00 0.00
284.00 58.00 88.00 182.00 294.00 94.00 112.00 0.08 1.61 0.00 9.00 0.00 15.00 24.00 43.00 34.00 29.00 29.00 1.00 1.00 0.00 0.00 0.00
285.00 49.00 78.00 165.00 257.00 87.00 92.00 0.08 1.11 1.00 9.00 0.11 5.00 18.00 44.00 31.00 28.00 21.00 1.00 1.00 0.00 0.00 0.00
286.00 44.00 66.00 137.00 218.00 71.00 81.00 0.08 1.09 0.00 8.00 0.00 6.00 17.00 38.00 27.00 23.00 21.00 1.00 1.00 0.00 0.00 0.00
287.00 53.00 85.00 168.00 265.00 83.00 97.00 0.09 1.21 1.00 7.00 0.14 8.00 17.00 45.00 36.00 24.00 29.00 1.00 0.00 0.00 0.00 0.00
288.00 50.00 76.00 158.00 254.00 82.00 96.00 0.07 1.34 0.00 7.00 0.00 11.00 24.00 39.00 26.00 33.00 17.00 1.00 1.00 0.00 0.00 0.00
289.00 49.00 83.00 162.00 253.00 79.00 91.00 0.08 1.09 0.00 6.00 0.00 12.00 20.00 37.00 29.00 28.00 21.00 1.00 1.00 0.00 0.00 0.00
290.00 52.00 62.00 177.00 276.00 115.00 99.00 0.10 1.21 0.00 6.00 0.00 13.00 27.00 39.00 25.00 36.00 16.00 1.00 0.00 0.00 0.00 0.00
291.00 52.00 95.00 178.00 274.00 83.00 96.00 0.09 1.13 0.00 7.00 0.00 10.00 13.00 42.00 39.00 22.00 30.00 0.00 1.00 0.00 0.00 0.00
292.00 49.00 82.00 168.00 261.00 86.00 93.00 0.09 1.17 0.00 7.00 0.00 5.00 14.00 44.00 35.00 25.00 24.00 0.00 2.00 0.00 0.00 0.00
293.00 53.00 78.00 168.00 264.00 90.00 96.00 0.08 1.25 0.00 7.00 0.00 11.00 23.00 42.00 30.00 29.00 24.00 1.00 1.00 1.00 1.00 0.00
294.00 48.00 89.00 167.00 257.00 78.00 90.00 0.08 1.10 1.00 8.00 0.12 5.00 13.00 43.00 35.00 23.00 25.00 1.00 1.00 0.00 1.00 0.00
295.00 48.00 75.00 163.00 254.00 88.00 91.00 0.09 1.14 0.00 8.00 0.00 9.00 17.00 39.00 31.00 26.00 22.00 1.00 0.00 0.00 1.00 0.00
296.00 50.00 89.00 171.00 266.00 82.00 95.00 0.08 1.27 0.00 7.00 0.00 5.00 17.00 45.00 33.00 26.00 24.00 0.00 1.00 0.00 1.00 0.00
297.00 53.00 93.00 176.00 278.00 83.00 102.00 0.08 1.23 0.00 7.00 0.00 11.00 13.00 42.00 40.00 20.00 33.00 1.00 1.00 0.00 0.00 0.00
298.00 47.00 78.00 167.00 256.00 89.00 89.00 0.07 1.03 0.00 8.00 0.00 6.00 13.00 41.00 34.00 16.00 31.00 2.00 1.00 0.00 1.00 0.00
299.00 53.00 81.00 175.00 271.00 94.00 96.00 0.08 1.18 0.00 9.00 0.00 5.00 17.00 48.00 36.00 24.00 29.00 1.00 0.00 0.00 1.00 0.00
300.00 50.00 69.00 165.00 261.00 96.00 96.00 0.10 1.01 1.00 8.00 0.12 9.00 17.00 41.00 33.00 22.00 28.00 1.00 0.00 0.00 0.00 0.00
301.00 44.00 65.00 148.00 228.00 83.00 80.00 0.08 1.05 0.00 9.00 0.00 5.00 16.00 39.00 28.00 25.00 19.00 1.00 1.00 0.00 1.00 0.00
302.00 45.00 50.00 131.00 233.00 81.00 102.00 0.09 1.47 0.00 8.00 0.00 13.00 22.00 32.00 23.00 28.00 17.00 0.00 1.00 0.00 1.00 0.00
303.00 48.00 71.00 158.00 253.00 87.00 95.00 0.09 1.11 0.00 6.00 0.00 7.00 14.00 41.00 34.00 24.00 24.00 1.00 0.00 0.00 0.00 0.00
304.00 51.00 98.00 176.00 266.00 78.00 90.00 0.09 1.04 0.00 8.00 0.00 9.00 17.00 42.00 34.00 20.00 31.00 1.00 1.00 1.00 0.00 0.00
305.00 45.00 67.00 145.00 233.00 78.00 88.00 0.10 1.04 0.00 7.00 0.00 6.00 14.00 39.00 31.00 22.00 23.00 1.00 0.00 0.00 0.00 0.00
306.00 55.00 89.00 180.00 284.00 91.00 104.00 0.07 1.19 0.00 9.00 0.00 15.00 25.00 40.00 30.00 31.00 24.00 0.00 1.00 0.00 0.00 0.00
307.00 57.00 79.00 188.00 290.00 109.00 102.00 0.08 1.31 1.00 8.00 0.12 14.00 23.00 43.00 34.00 32.00 25.00 0.00 0.00 0.00 0.00 0.00
308.00 56.00 94.00 176.00 294.00 82.00 118.00 0.08 1.17 0.00 8.00 0.00 12.00 25.00 44.00 31.00 33.00 23.00 1.00 0.00 0.00 1.00 0.00
309.00 54.00 78.00 184.00 279.00 106.00 95.00 0.08 1.20 0.00 7.00 0.00 4.00 18.00 50.00 36.00 26.00 28.00 1.00 0.00 1.00 0.00 0.00
310.00 54.00 88.00 172.00 283.00 84.00 111.00 0.07 1.11 0.00 8.00 0.00 8.00 19.00 46.00 35.00 29.00 25.00 0.00 0.00 0.00 0.00 0.00
311.00 55.00 101.00 180.00 285.00 79.00 105.00 0.09 1.24 1.00 7.00 0.14 9.00 17.00 46.00 38.00 29.00 26.00 1.00 1.00 1.00 0.00 0.00
312.00 55.00 92.00 178.00 282.00 86.00 104.00 0.08 1.24 0.00 9.00 0.00 10.00 18.00 45.00 37.00 31.00 24.00 1.00 0.00 1.00 0.00 0.00
313.00 57.00 97.00 188.00 292.00 91.00 104.00 0.08 1.08 1.00 8.00 0.12 15.00 24.00 42.00 33.00 32.00 25.00 0.00 1.00 2.00 0.00 0.00
314.00 54.00 97.00 193.00 290.00 96.00 97.00 0.09 0.96 0.00 8.00 0.00 10.00 16.00 44.00 38.00 21.00 33.00 1.00 1.00 2.00 0.00 1.00
315.00 58.00 110.00 196.00 309.00 86.00 113.00 0.08 1.06 0.00 8.00 0.00 8.00 19.00 50.00 39.00 26.00 32.00 1.00 1.00 0.00 0.00 1.00
316.00 58.00 96.00 188.00 306.00 92.00 118.00 0.08 1.42 0.00 9.00 0.00 8.00 17.00 50.00 41.00 28.00 30.00 1.00 1.00 1.00 1.00 0.00
317.00 52.00 87.00 177.00 264.00 90.00 87.00 0.09 1.02 0.00 9.00 0.00 7.00 18.00 45.00 34.00 23.00 29.00 1.00 1.00 1.00 1.00 0.00
318.00 53.00 100.00 186.00 277.00 86.00 91.00 0.09 1.19 0.00 8.00 0.00 3.00 17.00 50.00 36.00 28.00 25.00 1.00 0.00 1.00 0.00 0.00
319.00 54.00 91.00 181.00 276.00 90.00 95.00 0.10 1.16 0.00 8.00 0.00 9.00 21.00 45.00 33.00 26.00 28.00 1.00 1.00 1.00 1.00 0.00
320.00 54.00 77.00 166.00 279.00 89.00 113.00 0.09 1.25 0.00 8.00 0.00 9.00 19.00 45.00 35.00 26.00 28.00 1.00 0.00 2.00 1.00 0.00
321.00 49.00 74.00 167.00 261.00 93.00 94.00 0.06 1.15 0.00 8.00 0.00 8.00 16.00 41.00 33.00 21.00 28.00 1.00 2.00 1.00 0.00 0.00
322.00 57.00 86.00 183.00 291.00 97.00 108.00 0.07 1.24 0.00 9.00 0.00 6.00 19.00 51.00 38.00 34.00 23.00 1.00 1.00 0.00 1.00 0.00
323.00 53.00 90.00 180.00 278.00 90.00 98.00 0.09 1.03 0.00 9.00 0.00 9.00 20.00 44.00 33.00 28.00 25.00 1.00 1.00 0.00 0.00 0.00
324.00 53.00 95.00 185.00 272.00 90.00 87.00 0.09 1.07 0.00 8.00 0.00 16.00 19.00 37.00 34.00 30.00 23.00 1.00 1.00 0.00 0.00 0.00
325.00 56.00 104.00 171.00 274.00 67.00 103.00 0.09 1.13 0.00 10.00 0.00 15.00 28.00 41.00 28.00 36.00 20.00 0.00 0.00 0.00 1.00 0.00
326.00 56.00 100.00 182.00 300.00 82.00 118.00 0.08 1.06 0.00 8.00 0.00 11.00 19.00 45.00 37.00 27.00 29.00 1.00 1.00 0.00 1.00 0.00
327.00 53.00 91.00 185.00 276.00 94.00 91.00 0.08 1.04 0.00 8.00 0.00 9.00 21.00 44.00 32.00 29.00 24.00 1.00 1.00 1.00 0.00 0.00
328.00 51.00 87.00 171.00 267.00 84.00 96.00 0.09 1.20 0.00 7.00 0.00 13.00 21.00 38.00 30.00 28.00 23.00 0.00 1.00 0.00 1.00 0.00
329.00 54.00 98.00 187.00 285.00 89.00 98.00 0.08 1.26 0.00 6.00 0.00 8.00 16.00 46.00 38.00 23.00 31.00 1.00 1.00 0.00 0.00 0.00
330.00 59.00 103.00 203.00 308.00 100.00 105.00 0.08 1.34 0.00 8.00 0.00 10.00 17.00 49.00 42.00 29.00 30.00 1.00 0.00 1.00 1.00 0.00
331.00 58.00 87.00 186.00 300.00 99.00 114.00 0.09 1.69 0.00 5.00 0.00 13.00 21.00 45.00 37.00 33.00 25.00 1.00 0.00 1.00 1.00 0.00
332.00 57.00 100.00 195.00 303.00 95.00 108.00 0.08 1.24 2.00 6.00 0.33 8.00 21.00 49.00 36.00 30.00 27.00 0.00 0.00 0.00 0.00 0.00
333.00 55.00 93.00 184.00 285.00 91.00 101.00 0.09 1.21 2.00 9.00 0.22 11.00 19.00 44.00 36.00 28.00 27.00 1.00 1.00 0.00 0.00 0.00
334.00 48.00 80.00 154.00 240.00 74.00 86.00 0.10 1.05 1.00 9.00 0.11 9.00 17.00 39.00 31.00 28.00 20.00 1.00 0.00 0.00 0.00 0.00
335.00 59.00 101.00 190.00 302.00 89.00 112.00 0.09 1.56 1.00 9.00 0.11 10.00 21.00 49.00 38.00 26.00 33.00 1.00 1.00 0.00 1.00 0.00
336.00 56.00 87.00 180.00 284.00 93.00 104.00 0.09 1.16 0.00 7.00 0.00 13.00 19.00 43.00 37.00 29.00 27.00 0.00 2.00 1.00 1.00 0.00
337.00 59.00 101.00 202.00 294.00 101.00 92.00 0.09 1.32 1.00 9.00 0.11 10.00 20.00 49.00 39.00 30.00 29.00 1.00 0.00 0.00 1.00 0.00
338.00 55.00 89.00 190.00 290.00 101.00 100.00 0.10 1.28 0.00 7.00 0.00 10.00 15.00 45.00 40.00 29.00 26.00 0.00 1.00 1.00 1.00 0.00
339.00 59.00 90.00 191.00 309.00 101.00 118.00 0.08 1.31 0.00 9.00 0.00 10.00 17.00 49.00 42.00 25.00 34.00 0.00 0.00 2.00 1.00 1.00
340.00 53.00 83.00 180.00 286.00 97.00 106.00 0.10 1.12 0.00 9.00 0.00 13.00 21.00 40.00 32.00 25.00 28.00 0.00 1.00 0.00 1.00 0.00
341.00 54.00 94.00 185.00 287.00 91.00 102.00 0.10 1.17 1.00 9.00 0.11 9.00 24.00 45.00 30.00 34.00 20.00 0.00 0.00 0.00 1.00 1.00
342.00 54.00 85.00 174.00 282.00 89.00 108.00 0.10 1.16 0.00 9.00 0.00 10.00 19.00 44.00 35.00 29.00 25.00 0.00 1.00 0.00 1.00 0.00
343.00 55.00 87.00 175.00 285.00 88.00 110.00 0.08 1.60 0.00 9.00 0.00 10.00 18.00 45.00 37.00 28.00 27.00 0.00 0.00 0.00 1.00 0.00
344.00 58.00 93.00 185.00 292.00 92.00 107.00 0.07 1.31 0.00 7.00 0.00 16.00 28.00 42.00 30.00 36.00 22.00 0.00 1.00 0.00 1.00 1.00
345.00 50.00 67.00 157.00 257.00 90.00 100.00 0.10 1.23 0.00 6.00 0.00 10.00 21.00 40.00 29.00 29.00 21.00 0.00 0.00 0.00 0.00 0.00
346.00 50.00 74.00 161.00 275.00 87.00 114.00 0.08 1.16 1.00 7.00 0.14 16.00 21.00 34.00 29.00 30.00 20.00 0.00 0.00 0.00 1.00 0.00
347.00 52.00 82.00 174.00 275.00 92.00 101.00 0.08 1.32 1.00 5.00 0.20 8.00 16.00 44.00 36.00 27.00 25.00 0.00 0.00 0.00 1.00 0.00
348.00 48.00 73.00 156.00 257.00 83.00 101.00 0.08 1.17 1.00 7.00 0.14 12.00 22.00 36.00 26.00 35.00 13.00 0.00 1.00 0.00 1.00 0.00
349.00 55.00 88.00 181.00 286.00 93.00 105.00 0.06 1.26 0.00 5.00 0.00 12.00 23.00 43.00 32.00 31.00 24.00 0.00 1.00 0.00 2.00 0.00
350.00 53.00 76.00 176.00 283.00 100.00 107.00 0.09 1.25 0.00 5.00 0.00 8.00 18.00 45.00 35.00 22.00 31.00 0.00 1.00 0.00 1.00 0.00
351.00 54.00 88.00 181.00 296.00 93.00 115.00 0.09 1.26 1.00 5.00 0.20 11.00 19.00 43.00 35.00 27.00 27.00 0.00 0.00 0.00 0.00 0.00
352.00 54.00 96.00 192.00 272.00 96.00 80.00 0.10 1.33 0.00 5.00 0.00 8.00 16.00 46.00 38.00 24.00 30.00 0.00 1.00 0.00 1.00 0.00
353.00 48.00 72.00 170.00 263.00 98.00 93.00 0.07 1.07 1.00 8.00 0.12 5.00 15.00 43.00 33.00 23.00 25.00 1.00 0.00 1.00 2.00 0.00
354.00 48.00 79.00 168.00 260.00 89.00 92.00 0.10 1.03 1.00 8.00 0.12 6.00 16.00 42.00 32.00 20.00 28.00 0.00 1.00 0.00 1.00 0.00
355.00 49.00 76.00 165.00 263.00 89.00 98.00 0.07 1.13 1.00 9.00 0.11 7.00 16.00 42.00 33.00 28.00 21.00 1.00 1.00 2.00 1.00 0.00
356.00 48.00 88.00 167.00 253.00 79.00 86.00 0.10 1.03 1.00 6.00 0.17 4.00 12.00 44.00 36.00 19.00 29.00 0.00 1.00 1.00 1.00 0.00
357.00 54.00 93.00 182.00 289.00 89.00 107.00 0.08 1.24 1.00 6.00 0.17 11.00 23.00 43.00 31.00 28.00 26.00 0.00 1.00 0.00 1.00 0.00
358.00 50.00 73.00 161.00 260.00 88.00 99.00 0.08 1.11 1.00 9.00 0.11 6.00 19.00 44.00 31.00 30.00 20.00 0.00 0.00 0.00 0.00 0.00
359.00 54.00 90.00 191.00 297.00 101.00 106.00 0.09 1.10 1.00 7.00 0.14 9.00 19.00 45.00 35.00 25.00 29.00 0.00 1.00 0.00 1.00 0.00
360.00 56.00 94.00 196.00 286.00 102.00 90.00 0.08 1.48 0.00 7.00 0.00 8.00 20.00 48.00 36.00 27.00 29.00 0.00 0.00 0.00 1.00 0.00
361.00 47.00 65.00 155.00 248.00 90.00 93.00 0.09 1.22 1.00 4.00 0.25 11.00 18.00 36.00 29.00 23.00 24.00 0.00 0.00 1.00 2.00 0.00
362.00 55.00 88.00 179.00 286.00 91.00 107.00 0.08 1.33 1.00 6.00 0.17 10.00 25.00 45.00 30.00 33.00 22.00 0.00 0.00 2.00 1.00 0.00
363.00 57.00 84.00 181.00 289.00 97.00 108.00 0.08 1.64 2.00 7.00 0.29 11.00 23.00 46.00 34.00 33.00 24.00 0.00 1.00 1.00 0.00 0.00
364.00 45.00 67.00 142.00 243.00 75.00 101.00 0.10 1.26 0.00 8.00 0.00 7.00 15.00 38.00 30.00 28.00 17.00 1.00 1.00 0.00 1.00 0.00
365.00 52.00 70.00 158.00 262.00 88.00 104.00 0.07 1.50 1.00 9.00 0.11 13.00 21.00 39.00 31.00 30.00 22.00 1.00 0.00 1.00 1.00 0.00
366.00 47.00 61.00 150.00 248.00 89.00 98.00 0.09 1.26 1.00 8.00 0.12 7.00 18.00 40.00 29.00 26.00 21.00 2.00 0.00 2.00 1.00 0.00
367.00 56.00 93.00 182.00 288.00 89.00 106.00 0.09 1.33 1.00 7.00 0.14 8.00 21.00 48.00 35.00 33.00 23.00 1.00 1.00 2.00 1.00 0.00
368.00 48.00 73.00 166.00 260.00 93.00 94.00 0.08 1.23 1.00 6.00 0.17 10.00 17.00 38.00 31.00 26.00 22.00 0.00 1.00 2.00 1.00 0.00
369.00 50.00 82.00 168.00 264.00 86.00 96.00 0.09 1.22 1.00 8.00 0.12 3.00 14.00 47.00 36.00 24.00 26.00 0.00 1.00 0.00 1.00 0.00
370.00 54.00 83.00 183.00 269.00 100.00 86.00 0.08 1.35 1.00 6.00 0.17 11.00 17.00 43.00 37.00 26.00 28.00 0.00 0.00 1.00 1.00 0.00
371.00 60.00 90.00 197.00 310.00 107.00 113.00 0.09 1.38 1.00 5.00 0.20 10.00 24.00 50.00 36.00 33.00 27.00 1.00 1.00 0.00 1.00 0.00
372.00 54.00 78.00 181.00 287.00 103.00 106.00 0.09 1.59 0.00 6.00 0.00 8.00 17.00 46.00 37.00 28.00 26.00 0.00 1.00 0.00 1.00 0.00
373.00 59.00 102.00 202.00 316.00 100.00 114.00 0.07 1.45 1.00 5.00 0.20 9.00 18.00 50.00 41.00 23.00 36.00 0.00 1.00 0.00 1.00 0.00
374.00 57.00 87.00 187.00 281.00 100.00 94.00 0.08 1.72 1.00 6.00 0.17 18.00 29.00 39.00 28.00 38.00 19.00 0.00 1.00 1.00 0.00 0.00
375.00 48.00 71.00 158.00 263.00 87.00 105.00 0.10 1.22 1.00 7.00 0.14 7.00 19.00 41.00 29.00 28.00 20.00 0.00 1.00 1.00 1.00 0.00
376.00 52.00 70.00 179.00 269.00 109.00 90.00 0.08 1.28 0.00 6.00 0.00 9.00 17.00 43.00 35.00 30.00 22.00 0.00 1.00 0.00 1.00 0.00
377.00 47.00 62.00 148.00 243.00 86.00 95.00 0.08 1.37 2.00 7.00 0.29 10.00 20.00 37.00 27.00 28.00 19.00 0.00 0.00 2.00 1.00 0.00
378.00 53.00 95.00 182.00 271.00 87.00 89.00 0.08 1.48 1.00 10.00 0.10 6.00 20.00 47.00 33.00 29.00 24.00 0.00 1.00 2.00 1.00 0.00
379.00 48.00 67.00 150.00 250.00 83.00 100.00 0.09 1.29 3.00 9.00 0.33 8.00 15.00 40.00 33.00 25.00 23.00 0.00 1.00 2.00 0.00 0.00
380.00 60.00 86.00 197.00 312.00 111.00 115.00 0.10 1.54 2.00 10.00 0.20 15.00 26.00 45.00 34.00 35.00 25.00 0.00 2.00 0.00 0.00 0.00
381.00 53.00 74.00 174.00 282.00 100.00 108.00 0.10 1.40 2.00 11.00 0.18 10.00 22.00 43.00 31.00 27.00 26.00 0.00 0.00 2.00 0.00 0.00
382.00 51.00 64.00 161.00 266.00 97.00 105.00 0.08 1.40 2.00 9.00 0.22 8.00 18.00 43.00 33.00 28.00 23.00 0.00 0.00 2.00 1.00 0.00
383.00 53.00 57.00 162.00 271.00 105.00 109.00 0.10 1.44 1.00 10.00 0.10 11.00 25.00 42.00 28.00 31.00 22.00 0.00 0.00 1.00 0.00 0.00
384.00 51.00 79.00 166.00 266.00 87.00 100.00 0.08 1.52 2.00 6.00 0.33 4.00 17.00 47.00 34.00 24.00 27.00 0.00 1.00 1.00 0.00 0.00
385.00 50.00 77.00 171.00 269.00 94.00 98.00 0.09 1.34 2.00 7.00 0.29 5.00 13.00 45.00 37.00 24.00 26.00 0.00 0.00 0.00 0.00 0.00
386.00 50.00 72.00 162.00 264.00 90.00 102.00 0.10 1.48 2.00 6.00 0.33 9.00 20.00 41.00 30.00 31.00 19.00 0.00 0.00 1.00 0.00 0.00
387.00 52.00 73.00 174.00 277.00 101.00 103.00 0.09 1.38 2.00 7.00 0.29 9.00 20.00 43.00 32.00 28.00 24.00 0.00 1.00 1.00 0.00 0.00
388.00 51.00 76.00 161.00 278.00 85.00 117.00 0.08 1.45 3.00 6.00 0.50 9.00 17.00 42.00 34.00 26.00 25.00 0.00 1.00 1.00 0.00 0.00
389.00 54.00 84.00 169.00 275.00 85.00 106.00 0.08 1.36 2.00 7.00 0.29 13.00 19.00 41.00 35.00 27.00 27.00 0.00 1.00 0.00 0.00 0.00
390.00 48.00 75.00 160.00 253.00 85.00 93.00 0.09 1.23 2.00 6.00 0.33 5.00 12.00 43.00 36.00 25.00 23.00 0.00 1.00 0.00 0.00 0.00
391.00 47.00 71.00 147.00 251.00 76.00 104.00 0.07 1.46 2.00 6.00 0.33 8.00 17.00 39.00 30.00 24.00 23.00 0.00 1.00 0.00 0.00 0.00
392.00 51.00 81.00 178.00 263.00 97.00 85.00 0.08 1.50 2.00 6.00 0.33 13.00 22.00 38.00 29.00 35.00 16.00 0.00 0.00 2.00 0.00 0.00
393.00 51.00 80.00 173.00 265.00 93.00 92.00 0.07 1.41 2.00 8.00 0.25 11.00 14.00 40.00 37.00 27.00 24.00 0.00 0.00 0.00 0.00 0.00
394.00 53.00 80.00 172.00 277.00 92.00 105.00 0.09 1.36 2.00 4.00 0.50 9.00 13.00 44.00 40.00 29.00 24.00 0.00 0.00 1.00 0.00 0.00
395.00 51.00 70.00 172.00 272.00 102.00 100.00 0.08 1.31 2.00 7.00 0.29 11.00 20.00 40.00 31.00 29.00 22.00 1.00 1.00 0.00 0.00 0.00
396.00 56.00 76.00 184.00 294.00 108.00 110.00 0.09 1.51 2.00 6.00 0.33 11.00 21.00 45.00 35.00 31.00 25.00 1.00 1.00 1.00 0.00 0.00
397.00 52.00 83.00 180.00 277.00 97.00 97.00 0.09 1.18 1.00 6.00 0.17 5.00 13.00 47.00 39.00 28.00 24.00 0.00 0.00 1.00 0.00 0.00
398.00 53.00 80.00 179.00 284.00 99.00 105.00 0.08 1.45 2.00 6.00 0.33 9.00 16.00 44.00 37.00 28.00 25.00 1.00 0.00 0.00 0.00 0.00
399.00 51.00 74.00 168.00 275.00 94.00 107.00 0.09 1.31 3.00 8.00 0.38 9.00 18.00 42.00 33.00 30.00 21.00 0.00 0.00 0.00 0.00 0.00
400.00 49.00 72.00 170.00 264.00 98.00 94.00 0.08 1.36 2.00 6.00 0.33 12.00 17.00 37.00 32.00 24.00 25.00 0.00 1.00 0.00 0.00 1.00
401.00 53.00 84.00 176.00 271.00 92.00 95.00 0.09 1.43 3.00 10.00 0.30 13.00 19.00 40.00 34.00 30.00 23.00 0.00 0.00 1.00 0.00 0.00
402.00 59.00 78.00 185.00 302.00 107.00 117.00 0.09 1.56 3.00 7.00 0.43 13.00 25.00 46.00 34.00 33.00 26.00 0.00 1.00 0.00 0.00 1.00
403.00 54.00 71.00 183.00 296.00 112.00 113.00 0.09 1.35 3.00 6.00 0.50 7.00 19.00 47.00 35.00 22.00 32.00 0.00 0.00 0.00 0.00 0.00
404.00 56.00 87.00 190.00 299.00 103.00 109.00 0.08 1.52 3.00 6.00 0.50 10.00 22.00 46.00 34.00 29.00 27.00 0.00 0.00 0.00 0.00 0.00
405.00 59.00 101.00 194.00 312.00 93.00 118.00 0.07 1.51 3.00 7.00 0.43 11.00 19.00 48.00 40.00 27.00 32.00 0.00 1.00 1.00 0.00 0.00
406.00 53.00 85.00 174.00 280.00 89.00 106.00 0.09 1.35 3.00 6.00 0.50 9.00 20.00 44.00 33.00 28.00 25.00 0.00 0.00 1.00 1.00 0.00
407.00 55.00 94.00 190.00 299.00 96.00 109.00 0.09 1.35 5.00 8.00 0.62 12.00 25.00 43.00 30.00 29.00 26.00 0.00 1.00 1.00 1.00 0.00
408.00 49.00 64.00 161.00 265.00 97.00 104.00 0.08 1.50 3.00 6.00 0.50 9.00 18.00 40.00 31.00 30.00 19.00 0.00 0.00 0.00 0.00 0.00
409.00 54.00 90.00 181.00 281.00 91.00 100.00 0.09 1.48 3.00 5.00 0.60 11.00 19.00 43.00 35.00 29.00 25.00 0.00 0.00 0.00 1.00 0.00
410.00 62.00 94.00 207.00 321.00 113.00 114.00 0.09 1.84 3.00 6.00 0.50 9.00 22.00 53.00 40.00 32.00 30.00 0.00 0.00 1.00 0.00 0.00
411.00 63.00 85.00 203.00 328.00 118.00 125.00 0.10 1.65 3.00 8.00 0.38 14.00 26.00 49.00 37.00 35.00 28.00 1.00 0.00 1.00 0.00 0.00
412.00 58.00 87.00 198.00 319.00 111.00 121.00 0.10 1.63 3.00 7.00 0.43 6.00 17.00 52.00 41.00 25.00 33.00 0.00 1.00 1.00 0.00 0.00
413.00 59.00 96.00 204.00 318.00 108.00 114.00 0.08 1.36 3.00 8.00 0.38 12.00 28.00 47.00 31.00 35.00 24.00 1.00 0.00 0.00 1.00 0.00
414.00 58.00 104.00 194.00 307.00 90.00 113.00 0.07 1.50 3.00 6.00 0.50 8.00 14.00 50.00 44.00 30.00 28.00 1.00 0.00 1.00 0.00 0.00
415.00 59.00 84.00 205.00 304.00 121.00 99.00 0.10 1.31 3.00 7.00 0.43 9.00 20.00 50.00 39.00 29.00 30.00 1.00 1.00 0.00 0.00 0.00
416.00 55.00 81.00 183.00 297.00 102.00 114.00 0.07 1.38 2.00 8.00 0.25 10.00 21.00 45.00 34.00 27.00 28.00 1.00 1.00 0.00 0.00 0.00
417.00 60.00 98.00 195.00 307.00 97.00 112.00 0.08 1.49 3.00 8.00 0.38 15.00 28.00 45.00 32.00 38.00 22.00 1.00 0.00 1.00 1.00 0.00
418.00 61.00 100.00 202.00 313.00 102.00 111.00 0.07 1.47 2.00 8.00 0.25 8.00 16.00 53.00 45.00 29.00 32.00 1.00 1.00 1.00 1.00 0.00
419.00 61.00 108.00 220.00 327.00 112.00 107.00 0.10 1.41 3.00 10.00 0.30 10.00 22.00 51.00 39.00 27.00 34.00 1.00 1.00 1.00 0.00 0.00
420.00 60.00 105.00 211.00 321.00 106.00 110.00 0.09 1.75 3.00 10.00 0.30 9.00 17.00 51.00 43.00 25.00 35.00 0.00 1.00 2.00 0.00 0.00
421.00 57.00 86.00 185.00 289.00 99.00 104.00 0.08 1.49 3.00 7.00 0.43 13.00 21.00 44.00 36.00 30.00 27.00 0.00 1.00 1.00 0.00 1.00
422.00 51.00 90.00 167.00 274.00 77.00 107.00 0.08 1.28 4.00 5.00 0.80 5.00 19.00 46.00 32.00 24.00 27.00 0.00 1.00 0.00 0.00 0.00
423.00 49.00 77.00 167.00 260.00 90.00 93.00 0.09 1.28 3.00 5.00 0.60 7.00 21.00 42.00 28.00 31.00 18.00 0.00 1.00 0.00 0.00 0.00
424.00 59.00 101.00 199.00 308.00 98.00 109.00 0.07 1.36 3.00 6.00 0.50 10.00 18.00 49.00 41.00 30.00 29.00 1.00 1.00 0.00 0.00 0.00
425.00 58.00 91.00 196.00 299.00 105.00 103.00 0.08 1.53 3.00 7.00 0.43 9.00 27.00 49.00 31.00 34.00 24.00 0.00 1.00 0.00 0.00 0.00
426.00 63.00 103.00 219.00 320.00 116.00 101.00 0.10 1.50 3.00 6.00 0.50 12.00 20.00 51.00 43.00 31.00 32.00 0.00 0.00 0.00 1.00 0.00
427.00 58.00 80.00 176.00 307.00 96.00 131.00 0.09 1.58 2.00 5.00 0.40 5.00 20.00 53.00 38.00 35.00 23.00 1.00 0.00 0.00 0.00 0.00
428.00 46.00 74.00 155.00 245.00 81.00 90.00 0.09 0.96 2.00 6.00 0.33 10.00 17.00 36.00 29.00 25.00 21.00 1.00 1.00 0.00 0.00 0.00
429.00 59.00 90.00 192.00 310.00 102.00 118.00 0.07 1.57 3.00 7.00 0.43 6.00 19.00 53.00 40.00 30.00 29.00 0.00 0.00 1.00 0.00 0.00
430.00 51.00 76.00 172.00 278.00 96.00 106.00 0.08 1.35 3.00 6.00 0.50 10.00 19.00 41.00 32.00 23.00 28.00 1.00 0.00 1.00 0.00 0.00
431.00 59.00 95.00 202.00 313.00 107.00 111.00 0.06 1.54 3.00 5.00 0.60 14.00 18.00 45.00 41.00 28.00 31.00 2.00 0.00 0.00 0.00 0.00
432.00 56.00 71.00 181.00 296.00 110.00 115.00 0.09 1.29 3.00 6.00 0.50 9.00 18.00 47.00 38.00 28.00 28.00 1.00 1.00 1.00 0.00 0.00
433.00 63.00 96.00 216.00 325.00 120.00 109.00 0.08 1.69 3.00 7.00 0.43 12.00 23.00 51.00 40.00 30.00 33.00 1.00 1.00 1.00 0.00 0.00
434.00 49.00 56.00 159.00 267.00 103.00 108.00 0.09 1.43 3.00 4.00 0.75 6.00 14.00 43.00 35.00 26.00 23.00 1.00 0.00 2.00 2.00 0.00
435.00 50.00 57.00 165.00 270.00 108.00 105.00 0.06 1.39 3.00 5.00 0.60 8.00 23.00 42.00 27.00 29.00 21.00 1.00 1.00 1.00 0.00 0.00
436.00 55.00 91.00 192.00 302.00 101.00 110.00 0.07 1.34 2.00 5.00 0.40 7.00 17.00 48.00 38.00 28.00 27.00 1.00 1.00 1.00 0.00 0.00
437.00 55.00 87.00 186.00 292.00 99.00 106.00 0.09 1.52 3.00 8.00 0.38 10.00 17.00 45.00 38.00 26.00 29.00 0.00 0.00 0.00 1.00 0.00
438.00 54.00 76.00 176.00 275.00 100.00 99.00 0.08 1.50 3.00 6.00 0.50 12.00 21.00 42.00 33.00 29.00 25.00 1.00 1.00 0.00 0.00 0.00
439.00 55.00 85.00 190.00 288.00 105.00 98.00 0.08 1.51 4.00 6.00 0.67 10.00 19.00 45.00 36.00 28.00 27.00 0.00 1.00 2.00 0.00 0.00
440.00 58.00 87.00 195.00 299.00 108.00 104.00 0.09 1.38 4.00 5.00 0.80 15.00 28.00 43.00 30.00 35.00 23.00 1.00 1.00 1.00 0.00 0.00
441.00 61.00 101.00 208.00 324.00 107.00 116.00 0.09 1.60 3.00 5.00 0.60 9.00 14.00 52.00 47.00 29.00 32.00 1.00 0.00 1.00 0.00 0.00
442.00 61.00 99.00 221.00 327.00 122.00 106.00 0.08 1.33 3.00 5.00 0.60 6.00 20.00 55.00 41.00 31.00 30.00 1.00 1.00 2.00 0.00 0.00
443.00 60.00 79.00 200.00 321.00 121.00 121.00 0.09 1.42 2.00 5.00 0.40 13.00 23.00 47.00 37.00 33.00 27.00 2.00 1.00 2.00 0.00 0.00
444.00 59.00 83.00 188.00 310.00 105.00 122.00 0.09 1.43 3.00 5.00 0.60 8.00 29.00 51.00 30.00 35.00 24.00 1.00 0.00 0.00 0.00 0.00
445.00 57.00 86.00 187.00 305.00 101.00 118.00 0.08 1.49 2.00 3.00 0.67 7.00 18.00 50.00 39.00 27.00 30.00 1.00 1.00 1.00 0.00 0.00
446.00 53.00 63.00 175.00 289.00 112.00 114.00 0.09 1.26 2.00 3.00 0.67 16.00 19.00 37.00 34.00 26.00 27.00 1.00 1.00 2.00 0.00 1.00
447.00 48.00 51.00 150.00 252.00 99.00 102.00 0.08 1.40 2.00 5.00 0.40 7.00 16.00 41.00 32.00 21.00 27.00 0.00 0.00 0.00 0.00 0.00
448.00 53.00 89.00 182.00 296.00 93.00 114.00 0.08 1.30 3.00 5.00 0.60 6.00 15.00 47.00 38.00 27.00 26.00 2.00 0.00 1.00 0.00 0.00
449.00 55.00 89.00 190.00 301.00 101.00 111.00 0.10 1.30 3.00 4.00 0.75 4.00 10.00 51.00 45.00 22.00 33.00 2.00 1.00 1.00 0.00 0.00
450.00 57.00 86.00 198.00 309.00 112.00 111.00 0.08 1.31 3.00 4.00 0.75 7.00 19.00 50.00 38.00 28.00 29.00 2.00 1.00 0.00 0.00 0.00
451.00 57.00 83.00 185.00 304.00 102.00 119.00 0.08 1.50 3.00 6.00 0.50 8.00 20.00 49.00 37.00 31.00 26.00 1.00 0.00 0.00 0.00 0.00
452.00 56.00 73.00 184.00 303.00 111.00 119.00 0.08 1.30 1.00 4.00 0.25 9.00 21.00 47.00 35.00 30.00 26.00 1.00 1.00 0.00 1.00 0.00
453.00 56.00 88.00 186.00 299.00 98.00 113.00 0.07 1.34 3.00 5.00 0.60 10.00 23.00 46.00 33.00 31.00 25.00 1.00 1.00 0.00 0.00 0.00
454.00 54.00 77.00 178.00 283.00 101.00 105.00 0.09 1.26 3.00 5.00 0.60 7.00 19.00 47.00 35.00 30.00 24.00 1.00 1.00 0.00 0.00 0.00
455.00 59.00 94.00 196.00 309.00 102.00 113.00 0.07 1.26 3.00 5.00 0.60 13.00 21.00 46.00 38.00 37.00 22.00 1.00 1.00 1.00 0.00 0.00
456.00 59.00 98.00 212.00 320.00 114.00 108.00 0.07 1.34 3.00 6.00 0.50 12.00 19.00 47.00 40.00 25.00 34.00 1.00 1.00 1.00 0.00 0.00
457.00 57.00 85.00 183.00 299.00 98.00 116.00 0.07 1.58 3.00 5.00 0.60 11.00 23.00 46.00 34.00 33.00 24.00 1.00 0.00 1.00 0.00 0.00
458.00 62.00 102.00 213.00 322.00 111.00 109.00 0.08 1.64 3.00 7.00 0.43 12.00 19.00 50.00 43.00 30.00 32.00 0.00 0.00 1.00 0.00 0.00
459.00 59.00 102.00 204.00 310.00 102.00 106.00 0.08 1.71 2.00 5.00 0.40 11.00 24.00 48.00 35.00 33.00 26.00 0.00 1.00 2.00 0.00 0.00
460.00 58.00 90.00 203.00 309.00 113.00 106.00 0.09 1.41 3.00 6.00 0.50 10.00 23.00 48.00 35.00 30.00 28.00 1.00 2.00 1.00 0.00 0.00
461.00 42.00 51.00 121.00 222.00 70.00 101.00 0.09 1.61 3.00 3.00 1.00 8.00 19.00 34.00 23.00 28.00 14.00 0.00 0.00 1.00 1.00 0.00
462.00 60.00 98.00 205.00 333.00 107.00 128.00 0.08 1.45 3.00 7.00 0.43 8.00 19.00 52.00 41.00 37.00 23.00 0.00 1.00 0.00 0.00 0.00
463.00 55.00 97.00 185.00 294.00 88.00 109.00 0.09 1.41 3.00 6.00 0.50 9.00 20.00 46.00 35.00 30.00 25.00 1.00 2.00 1.00 0.00 0.00
464.00 53.00 78.00 179.00 295.00 101.00 116.00 0.08 1.53 2.00 5.00 0.40 10.00 15.00 43.00 38.00 27.00 26.00 0.00 1.00 1.00 0.00 0.00
465.00 64.00 94.00 221.00 344.00 127.00 123.00 0.07 1.65 2.00 5.00 0.40 11.00 24.00 53.00 40.00 36.00 28.00 0.00 0.00 3.00 0.00 0.00
466.00 53.00 80.00 181.00 291.00 101.00 110.00 0.09 1.30 2.00 5.00 0.40 10.00 19.00 43.00 34.00 23.00 30.00 0.00 1.00 2.00 0.00 0.00
467.00 57.00 82.00 188.00 308.00 106.00 120.00 0.08 1.47 3.00 5.00 0.60 13.00 22.00 44.00 35.00 27.00 30.00 0.00 1.00 2.00 0.00 0.00
468.00 63.00 106.00 216.00 334.00 110.00 118.00 0.09 1.64 3.00 6.00 0.50 12.00 26.00 51.00 37.00 35.00 28.00 1.00 1.00 1.00 0.00 0.00
469.00 56.00 98.00 188.00 303.00 90.00 115.00 0.09 1.61 5.00 4.00 1.25 12.00 21.00 44.00 35.00 34.00 22.00 1.00 1.00 2.00 0.00 0.00
470.00 57.00 94.00 194.00 304.00 100.00 110.00 0.09 1.42 5.00 8.00 0.62 7.00 15.00 50.00 42.00 24.00 33.00 1.00 1.00 2.00 0.00 0.00
471.00 60.00 91.00 194.00 309.00 103.00 115.00 0.09 1.69 2.00 7.00 0.29 12.00 24.00 48.00 36.00 35.00 25.00 0.00 1.00 0.00 0.00 0.00
472.00 62.00 101.00 200.00 327.00 99.00 127.00 0.08 1.93 3.00 6.00 0.50 12.00 27.00 50.00 35.00 33.00 29.00 0.00 1.00 2.00 0.00 1.00
473.00 66.00 111.00 224.00 347.00 113.00 123.00 0.09 1.65 4.00 7.00 0.57 18.00 29.00 48.00 37.00 36.00 30.00 0.00 1.00 1.00 0.00 0.00
474.00 61.00 96.00 200.00 323.00 104.00 123.00 0.07 1.57 4.00 5.00 0.80 11.00 19.00 50.00 42.00 28.00 33.00 0.00 1.00 1.00 1.00 0.00
475.00 61.00 107.00 202.00 320.00 95.00 118.00 0.08 1.77 2.00 5.00 0.40 13.00 23.00 48.00 38.00 32.00 29.00 0.00 0.00 1.00 0.00 0.00
476.00 62.00 94.00 209.00 334.00 115.00 125.00 0.08 1.52 2.00 6.00 0.33 7.00 17.00 55.00 45.00 21.00 41.00 0.00 1.00 1.00 0.00 0.00
477.00 63.00 113.00 221.00 339.00 108.00 118.00 0.08 1.47 2.00 8.00 0.25 7.00 14.00 56.00 49.00 26.00 37.00 0.00 1.00 1.00 1.00 0.00
478.00 62.00 108.00 212.00 336.00 104.00 124.00 0.08 1.47 3.00 7.00 0.43 14.00 26.00 48.00 36.00 31.00 31.00 0.00 1.00 1.00 0.00 0.00
479.00 63.00 109.00 218.00 332.00 109.00 114.00 0.08 1.77 3.00 7.00 0.43 11.00 21.00 52.00 42.00 36.00 27.00 0.00 0.00 2.00 0.00 0.00
480.00 62.00 106.00 220.00 335.00 114.00 115.00 0.08 1.48 3.00 8.00 0.38 8.00 23.00 54.00 39.00 32.00 30.00 0.00 1.00 2.00 1.00 0.00
481.00 61.00 103.00 212.00 329.00 109.00 117.00 0.08 1.48 1.00 6.00 0.17 7.00 19.00 54.00 42.00 32.00 29.00 0.00 0.00 2.00 0.00 0.00
482.00 59.00 108.00 210.00 318.00 102.00 108.00 0.08 1.45 4.00 5.00 0.80 10.00 17.00 49.00 42.00 27.00 32.00 0.00 0.00 3.00 0.00 0.00
483.00 55.00 75.00 188.00 302.00 113.00 114.00 0.07 1.53 5.00 7.00 0.71 9.00 14.00 46.00 41.00 26.00 29.00 0.00 1.00 2.00 0.00 0.00
484.00 63.00 99.00 203.00 323.00 104.00 120.00 0.08 2.01 3.00 6.00 0.50 14.00 21.00 49.00 42.00 34.00 29.00 0.00 0.00 2.00 0.00 0.00
485.00 64.00 105.00 211.00 330.00 106.00 119.00 0.10 1.78 2.00 6.00 0.33 15.00 21.00 49.00 43.00 35.00 29.00 0.00 0.00 0.00 0.00 0.00
486.00 62.00 105.00 200.00 325.00 95.00 125.00 0.09 1.80 3.00 7.00 0.43 11.00 21.00 51.00 41.00 30.00 32.00 0.00 2.00 0.00 0.00 0.00
487.00 63.00 100.00 203.00 334.00 103.00 131.00 0.08 1.77 3.00 9.00 0.33 12.00 23.00 51.00 40.00 35.00 28.00 0.00 0.00 1.00 0.00 0.00
488.00 59.00 104.00 202.00 310.00 98.00 108.00 0.08 1.37 4.00 8.00 0.50 13.00 26.00 46.00 33.00 35.00 24.00 1.00 1.00 0.00 0.00 0.00
489.00 66.00 76.00 212.00 346.00 136.00 134.00 0.09 1.61 4.00 7.00 0.57 13.00 31.00 53.00 35.00 44.00 22.00 0.00 0.00 1.00 0.00 0.00
490.00 56.00 95.00 178.00 284.00 83.00 106.00 0.09 1.57 3.00 5.00 0.60 11.00 26.00 45.00 30.00 36.00 20.00 0.00 0.00 0.00 0.00 0.00
491.00 61.00 96.00 208.00 319.00 112.00 111.00 0.09 1.66 4.00 7.00 0.57 9.00 18.00 52.00 43.00 30.00 31.00 0.00 1.00 0.00 0.00 0.00
492.00 54.00 82.00 175.00 291.00 93.00 116.00 0.08 1.52 4.00 5.00 0.80 11.00 20.00 43.00 34.00 26.00 28.00 0.00 1.00 0.00 0.00 0.00
493.00 49.00 63.00 157.00 265.00 94.00 108.00 0.07 1.57 4.00 3.00 1.33 6.00 16.00 43.00 33.00 32.00 17.00 0.00 0.00 1.00 0.00 0.00
494.00 60.00 98.00 198.00 307.00 100.00 109.00 0.08 1.54 4.00 6.00 0.67 12.00 25.00 48.00 35.00 37.00 23.00 0.00 0.00 0.00 0.00 0.00
495.00 55.00 95.00 189.00 299.00 94.00 110.00 0.08 1.39 4.00 7.00 0.57 11.00 16.00 44.00 39.00 30.00 25.00 0.00 0.00 1.00 0.00 0.00
496.00 53.00 86.00 185.00 283.00 99.00 98.00 0.07 1.35 4.00 5.00 0.80 9.00 19.00 44.00 34.00 26.00 27.00 0.00 0.00 1.00 0.00 0.00
497.00 57.00 86.00 188.00 304.00 102.00 116.00 0.07 1.49 5.00 8.00 0.62 9.00 18.00 48.00 39.00 27.00 30.00 0.00 1.00 0.00 1.00 0.00
498.00 56.00 103.00 195.00 294.00 92.00 99.00 0.10 1.33 3.00 7.00 0.43 7.00 14.00 49.00 42.00 27.00 29.00 0.00 0.00 0.00 0.00 0.00
499.00 58.00 65.00 173.00 302.00 108.00 129.00 0.08 1.66 3.00 7.00 0.43 10.00 21.00 48.00 37.00 32.00 26.00 0.00 1.00 0.00 0.00 0.00
500.00 66.00 105.00 195.00 330.00 90.00 135.00 0.08 1.69 3.00 7.00 0.43 12.00 26.00 54.00 40.00 35.00 31.00 0.00 1.00 0.00 0.00 0.00
501.00 51.00 76.00 159.00 277.00 83.00 118.00 0.07 1.46 3.00 7.00 0.43 4.00 10.00 47.00 41.00 21.00 30.00 0.00 1.00 0.00 0.00 0.00
502.00 54.00 69.00 164.00 279.00 95.00 115.00 0.08 1.81 4.00 7.00 0.57 9.00 17.00 45.00 37.00 26.00 28.00 0.00 1.00 0.00 0.00 0.00
503.00 58.00 92.00 182.00 297.00 90.00 115.00 0.09 1.50 5.00 7.00 0.71 13.00 23.00 45.00 35.00 28.00 30.00 0.00 0.00 0.00 0.00 0.00
504.00 61.00 83.00 192.00 319.00 109.00 127.00 0.08 1.56 3.00 7.00 0.43 15.00 23.00 46.00 38.00 30.00 31.00 0.00 0.00 0.00 1.00 0.00
505.00 66.00 94.00 209.00 340.00 115.00 131.00 0.08 1.92 2.00 8.00 0.25 11.00 25.00 55.00 41.00 34.00 32.00 0.00 0.00 2.00 0.00 1.00
506.00 58.00 99.00 203.00 311.00 104.00 108.00 0.08 1.50 2.00 8.00 0.25 8.00 15.00 50.00 43.00 23.00 35.00 0.00 1.00 0.00 0.00 0.00
507.00 59.00 93.00 201.00 314.00 108.00 113.00 0.08 1.70 2.00 7.00 0.29 11.00 21.00 48.00 38.00 32.00 27.00 0.00 1.00 0.00 1.00 0.00
508.00 58.00 76.00 177.00 299.00 101.00 122.00 0.08 1.55 2.00 7.00 0.29 12.00 19.00 46.00 39.00 29.00 29.00 0.00 0.00 1.00 1.00 0.00
509.00 60.00 95.00 199.00 316.00 104.00 117.00 0.09 1.70 2.00 8.00 0.25 11.00 22.00 49.00 38.00 32.00 28.00 0.00 1.00 1.00 0.00 1.00
510.00 58.00 80.00 198.00 309.00 118.00 111.00 0.08 1.52 3.00 11.00 0.27 10.00 20.00 48.00 38.00 30.00 28.00 0.00 1.00 0.00 0.00 0.00
511.00 55.00 87.00 181.00 298.00 94.00 117.00 0.08 1.45 3.00 9.00 0.33 10.00 21.00 45.00 34.00 30.00 25.00 0.00 1.00 0.00 0.00 0.00
512.00 62.00 102.00 203.00 308.00 101.00 105.00 0.10 1.63 3.00 6.00 0.50 17.00 28.00 45.00 34.00 36.00 26.00 0.00 1.00 0.00 0.00 0.00
513.00 52.00 84.00 164.00 263.00 80.00 99.00 0.08 1.72 2.00 8.00 0.25 8.00 17.00 44.00 35.00 29.00 23.00 0.00 0.00 0.00 0.00 0.00
514.00 51.00 77.00 166.00 270.00 89.00 104.00 0.07 1.41 1.00 9.00 0.11 12.00 20.00 39.00 31.00 27.00 24.00 0.00 1.00 0.00 0.00 0.00
515.00 52.00 95.00 167.00 268.00 72.00 101.00 0.08 1.33 2.00 9.00 0.22 11.00 22.00 41.00 30.00 28.00 24.00 0.00 1.00 0.00 1.00 0.00
516.00 49.00 79.00 163.00 265.00 84.00 102.00 0.08 1.24 3.00 6.00 0.50 3.00 11.00 46.00 38.00 20.00 29.00 0.00 1.00 0.00 0.00 1.00
517.00 55.00 56.00 174.00 294.00 118.00 120.00 0.07 1.49 2.00 8.00 0.25 12.00 25.00 43.00 30.00 36.00 19.00 0.00 1.00 0.00 0.00 0.00
518.00 57.00 97.00 196.00 307.00 99.00 111.00 0.08 1.32 3.00 7.00 0.43 12.00 24.00 45.00 33.00 33.00 24.00 1.00 1.00 0.00 0.00 1.00
519.00 62.00 90.00 197.00 334.00 107.00 137.00 0.08 1.65 4.00 10.00 0.40 8.00 15.00 54.00 47.00 28.00 34.00 1.00 1.00 1.00 0.00 0.00
520.00 42.00 53.00 127.00 214.00 74.00 87.00 0.07 1.22 2.00 7.00 0.29 9.00 16.00 33.00 26.00 25.00 17.00 0.00 0.00 0.00 0.00 0.00
521.00 49.00 58.00 163.00 263.00 105.00 100.00 0.09 1.40 3.00 7.00 0.43 8.00 18.00 41.00 31.00 27.00 22.00 0.00 0.00 0.00 1.00 0.00
522.00 55.00 83.00 179.00 283.00 96.00 104.00 0.09 1.36 3.00 6.00 0.50 13.00 21.00 42.00 34.00 33.00 22.00 0.00 1.00 1.00 0.00 0.00
523.00 53.00 78.00 179.00 280.00 101.00 101.00 0.08 1.30 2.00 7.00 0.29 6.00 22.00 47.00 31.00 33.00 20.00 0.00 1.00 0.00 0.00 0.00
524.00 57.00 89.00 179.00 291.00 90.00 112.00 0.08 1.36 2.00 6.00 0.33 13.00 29.00 44.00 28.00 36.00 21.00 0.00 0.00 1.00 0.00 0.00
525.00 54.00 74.00 178.00 282.00 104.00 104.00 0.09 1.42 3.00 7.00 0.43 12.00 20.00 42.00 34.00 31.00 23.00 0.00 0.00 0.00 0.00 0.00
526.00 50.00 65.00 152.00 262.00 87.00 110.00 0.09 1.38 3.00 8.00 0.38 11.00 22.00 39.00 28.00 31.00 19.00 0.00 0.00 0.00 0.00 0.00
527.00 48.00 72.00 157.00 249.00 85.00 92.00 0.07 1.28 2.00 8.00 0.25 4.00 17.00 44.00 31.00 29.00 19.00 0.00 0.00 0.00 0.00 0.00
528.00 45.00 64.00 149.00 243.00 85.00 94.00 0.10 1.22 2.00 8.00 0.25 4.00 13.00 41.00 32.00 21.00 24.00 0.00 0.00 0.00 0.00 0.00
529.00 43.00 66.00 147.00 235.00 81.00 88.00 0.09 1.02 3.00 8.00 0.38 8.00 16.00 35.00 27.00 27.00 16.00 0.00 0.00 1.00 0.00 0.00
530.00 47.00 66.00 156.00 262.00 90.00 106.00 0.07 1.24 2.00 6.00 0.33 9.00 13.00 38.00 34.00 23.00 24.00 0.00 0.00 0.00 0.00 0.00
531.00 48.00 67.00 152.00 250.00 85.00 98.00 0.08 1.31 2.00 6.00 0.33 11.00 21.00 37.00 27.00 28.00 20.00 0.00 0.00 1.00 0.00 0.00
532.00 47.00 67.00 148.00 248.00 81.00 100.00 0.09 1.33 2.00 5.00 0.40 9.00 17.00 38.00 30.00 27.00 20.00 0.00 0.00 1.00 0.00 0.00
533.00 52.00 89.00 180.00 267.00 91.00 87.00 0.09 1.32 2.00 4.00 0.50 9.00 17.00 43.00 35.00 24.00 28.00 0.00 1.00 1.00 1.00 0.00
534.00 49.00 60.00 151.00 258.00 91.00 107.00 0.08 1.48 2.00 8.00 0.25 11.00 20.00 38.00 29.00 26.00 23.00 0.00 0.00 0.00 2.00 0.00
535.00 54.00 89.00 180.00 293.00 91.00 113.00 0.08 1.36 3.00 6.00 0.50 4.00 15.00 50.00 39.00 23.00 31.00 0.00 1.00 0.00 0.00 0.00
536.00 45.00 62.00 139.00 243.00 77.00 104.00 0.09 1.28 2.00 5.00 0.40 5.00 15.00 40.00 30.00 24.00 21.00 0.00 1.00 0.00 0.00 0.00
537.00 47.00 48.00 151.00 250.00 103.00 99.00 0.09 1.28 2.00 7.00 0.29 4.00 14.00 43.00 33.00 20.00 27.00 0.00 2.00 0.00 0.00 0.00
538.00 51.00 63.00 156.00 260.00 93.00 104.00 0.07 1.36 1.00 6.00 0.17 13.00 21.00 38.00 30.00 29.00 22.00 0.00 0.00 1.00 0.00 0.00
539.00 53.00 74.00 163.00 270.00 89.00 107.00 0.09 1.41 2.00 6.00 0.33 11.00 22.00 42.00 31.00 30.00 23.00 0.00 1.00 0.00 1.00 0.00
540.00 50.00 76.00 165.00 264.00 89.00 99.00 0.07 1.46 3.00 6.00 0.50 7.00 20.00 43.00 30.00 28.00 22.00 0.00 0.00 0.00 1.00 0.00
541.00 54.00 79.00 170.00 286.00 91.00 116.00 0.08 1.50 1.00 6.00 0.17 8.00 18.00 46.00 36.00 28.00 26.00 0.00 1.00 0.00 0.00 0.00
542.00 47.00 62.00 150.00 248.00 88.00 98.00 0.07 1.33 2.00 4.00 0.50 9.00 18.00 38.00 29.00 28.00 19.00 0.00 1.00 1.00 0.00 0.00
543.00 50.00 74.00 154.00 251.00 80.00 97.00 0.09 1.38 2.00 6.00 0.33 7.00 16.00 43.00 34.00 23.00 27.00 0.00 1.00 1.00 0.00 0.00
544.00 48.00 69.00 143.00 236.00 74.00 93.00 0.09 1.28 2.00 6.00 0.33 11.00 17.00 37.00 31.00 29.00 19.00 0.00 1.00 1.00 0.00 0.00
545.00 42.00 56.00 129.00 218.00 73.00 89.00 0.05 1.04 2.00 4.00 0.50 7.00 16.00 35.00 26.00 24.00 18.00 0.00 1.00 1.00 0.00 0.00
546.00 47.00 70.00 139.00 239.00 69.00 100.00 0.08 1.36 2.00 5.00 0.40 8.00 17.00 39.00 30.00 28.00 19.00 0.00 1.00 1.00 0.00 0.00
547.00 44.00 61.00 147.00 235.00 86.00 88.00 0.08 1.16 2.00 4.00 0.50 8.00 18.00 36.00 26.00 27.00 17.00 0.00 0.00 1.00 2.00 0.00
548.00 45.00 76.00 150.00 246.00 74.00 96.00 0.08 1.14 2.00 5.00 0.40 10.00 10.00 35.00 35.00 18.00 27.00 0.00 1.00 0.00 0.00 0.00
549.00 49.00 47.00 145.00 256.00 98.00 111.00 0.08 1.61 2.00 6.00 0.33 7.00 19.00 42.00 30.00 31.00 18.00 0.00 1.00 0.00 0.00 0.00
550.00 50.00 48.00 147.00 263.00 99.00 116.00 0.09 1.50 2.00 4.00 0.50 10.00 20.00 40.00 30.00 30.00 20.00 0.00 0.00 0.00 0.00 0.00
551.00 48.00 54.00 145.00 256.00 91.00 111.00 0.09 1.39 2.00 5.00 0.40 8.00 17.00 40.00 31.00 29.00 19.00 0.00 1.00 0.00 0.00 1.00
552.00 50.00 75.00 146.00 252.00 71.00 106.00 0.07 1.49 2.00 6.00 0.33 11.00 23.00 39.00 27.00 31.00 19.00 0.00 0.00 0.00 0.00 0.00
553.00 49.00 63.00 142.00 251.00 79.00 109.00 0.09 1.35 3.00 5.00 0.60 11.00 18.00 38.00 31.00 25.00 24.00 0.00 1.00 0.00 0.00 0.00
554.00 52.00 77.00 171.00 275.00 94.00 104.00 0.08 1.39 3.00 3.00 1.00 11.00 19.00 41.00 33.00 27.00 25.00 0.00 1.00 0.00 0.00 0.00
555.00 46.00 64.00 142.00 240.00 78.00 98.00 0.06 1.40 2.00 4.00 0.50 9.00 19.00 37.00 27.00 28.00 18.00 0.00 1.00 0.00 0.00 0.00
556.00 44.00 47.00 129.00 230.00 82.00 101.00 0.07 1.36 2.00 4.00 0.50 10.00 21.00 34.00 23.00 25.00 19.00 0.00 0.00 0.00 0.00 0.00
557.00 36.00 46.00 115.00 190.00 69.00 75.00 0.09 0.97 2.00 2.00 1.00 7.00 14.00 29.00 22.00 19.00 17.00 0.00 1.00 0.00 0.00 0.00
558.00 41.00 49.00 119.00 209.00 70.00 90.00 0.08 1.35 1.00 3.00 0.33 12.00 17.00 29.00 24.00 27.00 14.00 0.00 1.00 0.00 0.00 0.00
559.00 42.00 58.00 130.00 228.00 72.00 98.00 0.09 1.11 1.00 5.00 0.20 10.00 18.00 32.00 24.00 25.00 17.00 0.00 0.00 0.00 0.00 0.00
560.00 42.00 64.00 131.00 225.00 67.00 94.00 0.09 1.11 1.00 3.00 0.33 9.00 13.00 33.00 29.00 22.00 20.00 0.00 1.00 0.00 0.00 0.00
561.00 38.00 51.00 119.00 204.00 68.00 85.00 0.08 1.00 1.00 4.00 0.25 5.00 13.00 33.00 25.00 22.00 16.00 0.00 0.00 0.00 0.00 0.00
562.00 35.00 34.00 99.00 178.00 65.00 79.00 0.09 1.11 1.00 3.00 0.33 7.00 12.00 28.00 23.00 22.00 13.00 1.00 1.00 0.00 0.00 0.00
563.00 39.00 55.00 124.00 205.00 69.00 81.00 0.09 1.23 1.00 6.00 0.17 9.00 14.00 30.00 25.00 23.00 16.00 0.00 1.00 0.00 0.00 0.00
564.00 40.00 44.00 116.00 207.00 72.00 91.00 0.08 1.22 3.00 3.00 1.00 8.00 17.00 32.00 23.00 25.00 15.00 0.00 0.00 0.00 0.00 0.00
565.00 48.00 59.00 139.00 242.00 80.00 103.00 0.09 1.47 2.00 6.00 0.33 10.00 14.00 38.00 34.00 21.00 27.00 0.00 0.00 0.00 0.00 0.00
566.00 46.00 56.00 134.00 246.00 78.00 112.00 0.09 1.39 1.00 5.00 0.20 11.00 21.00 35.00 25.00 26.00 20.00 0.00 0.00 0.00 0.00 0.00
567.00 41.00 59.00 126.00 213.00 67.00 87.00 0.07 1.20 0.00 5.00 0.00 9.00 20.00 32.00 21.00 30.00 11.00 0.00 0.00 1.00 0.00 0.00
568.00 43.00 62.00 137.00 232.00 75.00 95.00 0.08 1.15 0.00 4.00 0.00 10.00 15.00 33.00 28.00 16.00 27.00 0.00 1.00 1.00 0.00 0.00
569.00 39.00 49.00 117.00 207.00 68.00 90.00 0.07 1.01 0.00 4.00 0.00 12.00 17.00 27.00 22.00 26.00 13.00 0.00 1.00 0.00 0.00 0.00
570.00 42.00 60.00 132.00 225.00 72.00 93.00 0.07 1.23 1.00 3.00 0.33 5.00 16.00 37.00 26.00 21.00 21.00 0.00 1.00 0.00 0.00 0.00
571.00 39.00 57.00 117.00 206.00 60.00 89.00 0.08 1.11 1.00 4.00 0.25 8.00 15.00 31.00 24.00 21.00 18.00 0.00 1.00 0.00 0.00 0.00
572.00 41.00 42.00 113.00 208.00 71.00 95.00 0.08 1.23 1.00 3.00 0.33 13.00 17.00 28.00 24.00 25.00 16.00 0.00 1.00 0.00 1.00 0.00
573.00 47.00 65.00 150.00 238.00 85.00 88.00 0.08 1.22 1.00 3.00 0.33 15.00 21.00 32.00 26.00 31.00 16.00 0.00 1.00 0.00 0.00 0.00
574.00 42.00 57.00 123.00 220.00 66.00 97.00 0.07 1.23 2.00 4.00 0.50 7.00 17.00 35.00 25.00 20.00 22.00 0.00 1.00 1.00 0.00 0.00
575.00 39.00 45.00 110.00 196.00 65.00 86.00 0.09 1.33 1.00 4.00 0.25 10.00 17.00 29.00 22.00 25.00 14.00 0.00 1.00 0.00 0.00 0.00
576.00 36.00 49.00 107.00 189.00 58.00 82.00 0.10 1.16 1.00 3.00 0.33 6.00 14.00 30.00 22.00 23.00 13.00 0.00 0.00 0.00 0.00 0.00
577.00 38.00 46.00 126.00 196.00 80.00 70.00 0.08 1.14 1.00 4.00 0.25 5.00 15.00 33.00 23.00 21.00 17.00 0.00 1.00 1.00 0.00 0.00
578.00 32.00 36.00 88.00 162.00 52.00 74.00 0.10 1.07 1.00 4.00 0.25 6.00 16.00 26.00 16.00 17.00 15.00 0.00 0.00 1.00 0.00 0.00
579.00 32.00 41.00 95.00 168.00 54.00 73.00 0.09 1.00 0.00 5.00 0.00 8.00 14.00 24.00 18.00 21.00 11.00 0.00 1.00 1.00 0.00 0.00
580.00 35.00 52.00 107.00 176.00 55.00 69.00 0.08 1.12 0.00 3.00 0.00 10.00 14.00 25.00 21.00 22.00 13.00 0.00 0.00 0.00 0.00 0.00
581.00 35.00 46.00 95.00 171.00 49.00 76.00 0.09 1.13 1.00 5.00 0.20 7.00 13.00 28.00 22.00 25.00 10.00 0.00 0.00 0.00 1.00 0.00
582.00 35.00 39.00 96.00 177.00 57.00 81.00 0.09 1.10 1.00 3.00 0.33 10.00 18.00 25.00 17.00 24.00 11.00 0.00 0.00 0.00 0.00 0.00
583.00 39.00 54.00 121.00 197.00 67.00 76.00 0.09 1.14 0.00 5.00 0.00 11.00 19.00 28.00 20.00 23.00 16.00 0.00 0.00 0.00 0.00 0.00
584.00 30.00 29.00 86.00 161.00 57.00 75.00 0.08 1.07 0.00 3.00 0.00 8.00 17.00 22.00 13.00 24.00 6.00 0.00 0.00 1.00 0.00 0.00
585.00 32.00 48.00 94.00 160.00 46.00 66.00 0.09 1.17 0.00 3.00 0.00 5.00 10.00 27.00 22.00 18.00 14.00 0.00 0.00 0.00 0.00 0.00
586.00 24.00 17.00 56.00 118.00 39.00 62.00 0.10 1.13 0.00 1.00 0.00 6.00 15.00 18.00 9.00 20.00 4.00 0.00 0.00 0.00 0.00 0.00
587.00 35.00 43.00 97.00 169.00 54.00 72.00 0.07 1.37 1.00 1.00 1.00 10.00 16.00 25.00 19.00 20.00 15.00 0.00 0.00 0.00 0.00 0.00
588.00 40.00 54.00 120.00 213.00 66.00 93.00 0.08 1.31 1.00 5.00 0.20 7.00 16.00 33.00 24.00 22.00 18.00 0.00 0.00 0.00 0.00 0.00
589.00 39.00 53.00 123.00 204.00 70.00 81.00 0.07 1.21 1.00 6.00 0.17 10.00 14.00 29.00 25.00 23.00 16.00 0.00 0.00 0.00 0.00 0.00
590.00 35.00 36.00 96.00 192.00 60.00 96.00 0.08 1.28 1.00 6.00 0.17 6.00 14.00 29.00 21.00 16.00 19.00 0.00 1.00 0.00 0.00 0.00
591.00 36.00 44.00 115.00 193.00 71.00 78.00 0.09 1.11 1.00 4.00 0.25 6.00 19.00 30.00 17.00 23.00 13.00 0.00 0.00 0.00 0.00 0.00
592.00 29.00 27.00 73.00 151.00 46.00 78.00 0.08 1.28 0.00 1.00 0.00 11.00 18.00 18.00 11.00 23.00 6.00 0.00 1.00 0.00 0.00 0.00
593.00 38.00 40.00 114.00 200.00 74.00 86.00 0.08 1.29 1.00 3.00 0.33 9.00 15.00 29.00 23.00 21.00 17.00 0.00 1.00 1.00 0.00 0.00
594.00 31.00 29.00 82.00 163.00 53.00 81.00 0.09 1.11 0.00 3.00 0.00 6.00 15.00 25.00 16.00 21.00 10.00 0.00 1.00 1.00 0.00 0.00
595.00 31.00 36.00 89.00 156.00 53.00 67.00 0.08 1.12 0.00 3.00 0.00 6.00 14.00 25.00 17.00 21.00 10.00 1.00 1.00 0.00 0.00 0.00
596.00 38.00 32.00 107.00 192.00 75.00 85.00 0.09 1.41 1.00 2.00 0.50 6.00 14.00 32.00 24.00 21.00 17.00 0.00 0.00 0.00 0.00 0.00
597.00 31.00 36.00 86.00 160.00 50.00 74.00 0.08 1.06 0.00 1.00 0.00 6.00 13.00 25.00 18.00 18.00 13.00 0.00 0.00 1.00 0.00 0.00
598.00 38.00 38.00 111.00 194.00 73.00 83.00 0.07 1.55 0.00 2.00 0.00 8.00 20.00 30.00 18.00 25.00 13.00 0.00 1.00 1.00 0.00 0.00
599.00 29.00 25.00 64.00 142.00 39.00 78.00 0.08 1.08 0.00 2.00 0.00 8.00 13.00 21.00 16.00 19.00 10.00 0.00 1.00 0.00 0.00 0.00
600.00 32.00 28.00 89.00 165.00 61.00 76.00 0.09 1.17 0.00 0.00 0.00 7.00 15.00 25.00 17.00 18.00 14.00 0.00 1.00 0.00 0.00 0.00
601.00 28.00 31.00 83.00 147.00 52.00 64.00 0.07 1.04 0.00 1.00 0.00 5.00 11.00 23.00 17.00 17.00 11.00 0.00 1.00 1.00 0.00 0.00
602.00 34.00 39.00 99.00 169.00 60.00 70.00 0.06 1.03 0.00 2.00 0.00 7.00 17.00 27.00 17.00 24.00 10.00 0.00 0.00 1.00 0.00 0.00
603.00 28.00 29.00 83.00 146.00 54.00 63.00 0.09 0.93 0.00 2.00 0.00 10.00 13.00 18.00 15.00 20.00 8.00 0.00 0.00 1.00 0.00 0.00
604.00 30.00 28.00 79.00 149.00 51.00 70.00 0.08 0.94 0.00 1.00 0.00 10.00 16.00 20.00 14.00 17.00 13.00 0.00 0.00 1.00 0.00 0.00
605.00 29.00 29.00 78.00 146.00 49.00 68.00 0.07 0.94 0.00 3.00 0.00 7.00 15.00 22.00 14.00 19.00 10.00 0.00 1.00 1.00 0.00 0.00
606.00 30.00 23.00 92.00 154.00 69.00 62.00 0.08 0.91 0.00 3.00 0.00 5.00 18.00 25.00 12.00 23.00 7.00 0.00 0.00 0.00 0.00 0.00
607.00 28.00 21.00 72.00 137.00 51.00 65.00 0.09 0.94 0.00 1.00 0.00 7.00 15.00 21.00 13.00 18.00 10.00 0.00 0.00 1.00 0.00 0.00
608.00 30.00 31.00 89.00 154.00 58.00 65.00 0.09 0.85 0.00 1.00 0.00 11.00 14.00 19.00 16.00 20.00 10.00 0.00 0.00 1.00 0.00 0.00
609.00 29.00 26.00 85.00 147.00 59.00 62.00 0.08 0.91 0.00 1.00 0.00 5.00 13.00 24.00 16.00 18.00 11.00 0.00 1.00 1.00 0.00 0.00
610.00 29.00 23.00 72.00 146.00 49.00 74.00 0.07 0.89 0.00 1.00 0.00 6.00 14.00 23.00 15.00 21.00 8.00 0.00 0.00 0.00 0.00 0.00
611.00 26.00 17.00 73.00 131.00 56.00 58.00 0.09 0.84 0.00 1.00 0.00 8.00 16.00 18.00 10.00 22.00 4.00 0.00 0.00 1.00 0.00 0.00
612.00 26.00 22.00 73.00 131.00 51.00 58.00 0.08 0.71 0.00 1.00 0.00 9.00 15.00 17.00 11.00 22.00 4.00 0.00 0.00 0.00 0.00 0.00
613.00 24.00 23.00 63.00 127.00 40.00 64.00 0.08 1.03 0.00 0.00 0.00 4.00 11.00 20.00 13.00 14.00 10.00 0.00 1.00 0.00 0.00 0.00
614.00 29.00 37.00 90.00 155.00 53.00 65.00 0.09 0.78 0.00 0.00 0.00 8.00 12.00 21.00 17.00 18.00 11.00 0.00 0.00 1.00 0.00 0.00
615.00 30.00 27.00 84.00 163.00 57.00 79.00 0.07 0.84 0.00 0.00 0.00 5.00 11.00 25.00 19.00 21.00 9.00 0.00 1.00 1.00 0.00 0.00
616.00 30.00 25.00 83.00 161.00 58.00 78.00 0.09 0.97 0.00 0.00 0.00 5.00 11.00 25.00 19.00 18.00 12.00 0.00 0.00 0.00 0.00 1.00
617.00 27.00 22.00 60.00 125.00 38.00 65.00 0.10 0.83 0.00 1.00 0.00 9.00 18.00 18.00 9.00 23.00 4.00 0.00 1.00 1.00 0.00 0.00
618.00 27.00 30.00 83.00 143.00 53.00 60.00 0.08 0.82 0.00 1.00 0.00 1.00 9.00 26.00 18.00 18.00 9.00 0.00 1.00 1.00 0.00 0.00
619.00 22.00 23.00 56.00 109.00 33.00 53.00 0.07 0.80 0.00 1.00 0.00 5.00 9.00 17.00 13.00 13.00 9.00 0.00 0.00 1.00 0.00 1.00
620.00 28.00 27.00 79.00 147.00 52.00 68.00 0.08 0.90 0.00 1.00 0.00 7.00 12.00 21.00 16.00 17.00 11.00 0.00 0.00 1.00 0.00 1.00
621.00 25.00 30.00 71.00 129.00 41.00 58.00 0.09 0.71 0.00 1.00 0.00 7.00 15.00 18.00 10.00 17.00 8.00 0.00 0.00 1.00 0.00 1.00
622.00 24.00 25.00 62.00 120.00 37.00 58.00 0.09 0.88 0.00 0.00 0.00 6.00 12.00 18.00 12.00 15.00 9.00 0.00 0.00 1.00 0.00 1.00
623.00 31.00 32.00 86.00 159.00 54.00 73.00 0.07 0.93 0.00 1.00 0.00 8.00 14.00 23.00 17.00 21.00 10.00 0.00 0.00 2.00 0.00 0.00
624.00 34.00 38.00 94.00 172.00 56.00 78.00 0.08 0.86 0.00 1.00 0.00 13.00 19.00 21.00 15.00 24.00 10.00 0.00 0.00 2.00 0.00 0.00
625.00 31.00 28.00 85.00 163.00 57.00 78.00 0.08 1.00 0.00 1.00 0.00 9.00 14.00 22.00 17.00 19.00 12.00 0.00 0.00 2.00 0.00 0.00
626.00 25.00 23.00 60.00 120.00 37.00 60.00 0.10 0.67 0.00 1.00 0.00 8.00 13.00 17.00 12.00 18.00 7.00 0.00 0.00 1.00 0.00 0.00
627.00 36.00 27.00 98.00 181.00 71.00 83.00 0.08 1.06 0.00 1.00 0.00 13.00 20.00 23.00 16.00 27.00 9.00 0.00 0.00 1.00 0.00 0.00
628.00 21.00 16.00 54.00 103.00 38.00 49.00 0.08 0.71 0.00 1.00 0.00 4.00 10.00 17.00 11.00 15.00 6.00 0.00 0.00 1.00 0.00 0.00
629.00 21.00 19.00 59.00 114.00 40.00 55.00 0.09 0.64 0.00 1.00 0.00 5.00 11.00 16.00 10.00 14.00 7.00 0.00 0.00 1.00 0.00 0.00
630.00 23.00 19.00 51.00 118.00 32.00 67.00 0.08 0.75 0.00 2.00 0.00 4.00 10.00 19.00 13.00 14.00 9.00 0.00 1.00 1.00 0.00 0.00
631.00 27.00 21.00 68.00 145.00 47.00 77.00 0.08 0.82 0.00 2.00 0.00 9.00 14.00 18.00 13.00 16.00 11.00 0.00 1.00 1.00 0.00 0.00
632.00 30.00 28.00 86.00 160.00 58.00 74.00 0.09 0.92 0.00 2.00 0.00 8.00 13.00 22.00 17.00 19.00 11.00 0.00 0.00 1.00 0.00 0.00
633.00 27.00 20.00 70.00 143.00 50.00 73.00 0.07 0.81 0.00 2.00 0.00 8.00 14.00 19.00 13.00 19.00 8.00 0.00 0.00 2.00 0.00 0.00
634.00 28.00 33.00 84.00 148.00 51.00 64.00 0.07 0.78 0.00 1.00 0.00 6.00 13.00 22.00 15.00 19.00 9.00 0.00 0.00 1.00 0.00 0.00
635.00 28.00 32.00 86.00 148.00 54.00 62.00 0.11 0.78 0.00 1.00 0.00 7.00 14.00 21.00 14.00 19.00 9.00 0.00 1.00 0.00 0.00 0.00
636.00 24.00 24.00 60.00 120.00 36.00 60.00 0.09 0.72 1.00 0.00 0.00 8.00 11.00 16.00 13.00 17.00 7.00 0.00 0.00 0.00 0.00 0.00
637.00 27.00 32.00 79.00 141.00 47.00 62.00 0.08 0.73 0.00 0.00 0.00 5.00 11.00 22.00 16.00 15.00 12.00 0.00 0.00 1.00 0.00 0.00
638.00 24.00 27.00 64.00 114.00 37.00 50.00 0.08 0.65 0.00 1.00 0.00 7.00 15.00 17.00 9.00 16.00 8.00 0.00 0.00 0.00 0.00 0.00
639.00 31.00 40.00 91.00 156.00 51.00 65.00 0.09 1.08 1.00 1.00 1.00 4.00 12.00 27.00 19.00 20.00 11.00 0.00 0.00 0.00 0.00 0.00
640.00 28.00 29.00 82.00 145.00 53.00 63.00 0.07 0.91 1.00 1.00 1.00 8.00 12.00 20.00 16.00 15.00 13.00 0.00 0.00 0.00 0.00 0.00
641.00 26.00 28.00 75.00 132.00 47.00 57.00 0.09 0.90 1.00 2.00 0.50 4.00 11.00 22.00 15.00 19.00 7.00 0.00 0.00 0.00 0.00 0.00
642.00 29.00 37.00 92.00 157.00 55.00 65.00 0.08 0.78 1.00 3.00 0.33 7.00 14.00 22.00 15.00 18.00 11.00 0.00 1.00 0.00 0.00 0.00
643.00 27.00 33.00 68.00 133.00 35.00 65.00 0.09 0.93 1.00 1.00 1.00 8.00 15.00 19.00 12.00 19.00 8.00 0.00 0.00 0.00 0.00 0.00
644.00 24.00 31.00 64.00 125.00 33.00 61.00 0.08 0.84 1.00 1.00 1.00 11.00 15.00 13.00 9.00 18.00 6.00 0.00 0.00 0.00 0.00 0.00
645.00 22.00 27.00 59.00 111.00 32.00 52.00 0.08 0.72 1.00 1.00 1.00 7.00 12.00 15.00 10.00 17.00 5.00 0.00 0.00 0.00 0.00 0.00
646.00 26.00 27.00 67.00 136.00 40.00 69.00 0.09 0.88 1.00 2.00 0.50 7.00 11.00 19.00 15.00 16.00 10.00 0.00 0.00 0.00 0.00 0.00
647.00 24.00 23.00 62.00 114.00 39.00 52.00 0.09 0.76 1.00 2.00 0.50 9.00 15.00 15.00 9.00 16.00 8.00 0.00 1.00 0.00 0.00 0.00
648.00 26.00 25.00 75.00 137.00 50.00 62.00 0.07 0.82 1.00 2.00 0.50 4.00 8.00 22.00 18.00 14.00 12.00 0.00 0.00 0.00 0.00 0.00
649.00 29.00 37.00 78.00 143.00 41.00 65.00 0.10 0.92 1.00 3.00 0.33 7.00 14.00 22.00 15.00 19.00 10.00 0.00 0.00 0.00 0.00 0.00
650.00 27.00 30.00 76.00 143.00 46.00 67.00 0.06 0.70 1.00 2.00 0.50 6.00 10.00 21.00 17.00 14.00 13.00 0.00 1.00 0.00 0.00 0.00
651.00 28.00 33.00 79.00 144.00 46.00 65.00 0.09 0.78 1.00 2.00 0.50 6.00 13.00 22.00 15.00 18.00 10.00 0.00 1.00 0.00 1.00 0.00
652.00 26.00 40.00 80.00 138.00 40.00 58.00 0.08 0.66 1.00 1.00 1.00 7.00 13.00 19.00 13.00 15.00 11.00 0.00 1.00 0.00 0.00 0.00
653.00 27.00 30.00 70.00 138.00 40.00 68.00 0.08 0.72 1.00 1.00 1.00 7.00 13.00 20.00 14.00 20.00 7.00 0.00 0.00 0.00 0.00 0.00
654.00 29.00 39.00 78.00 145.00 39.00 67.00 0.10 0.86 1.00 1.00 1.00 8.00 11.00 21.00 18.00 18.00 11.00 0.00 1.00 1.00 0.00 0.00
655.00 26.00 35.00 78.00 132.00 43.00 54.00 0.10 0.68 1.00 1.00 1.00 0.00 7.00 26.00 19.00 14.00 12.00 0.00 1.00 0.00 0.00 0.00
656.00 28.00 38.00 92.00 154.00 54.00 62.00 0.07 0.70 1.00 1.00 1.00 5.00 10.00 23.00 18.00 17.00 11.00 0.00 1.00 2.00 0.00 0.00
657.00 27.00 31.00 71.00 136.00 40.00 65.00 0.09 0.85 1.00 1.00 1.00 6.00 12.00 21.00 15.00 16.00 11.00 0.00 1.00 1.00 0.00 0.00
658.00 26.00 34.00 75.00 131.00 41.00 56.00 0.06 0.86 1.00 2.00 0.50 8.00 12.00 18.00 14.00 17.00 9.00 0.00 0.00 0.00 0.00 0.00
659.00 21.00 19.00 59.00 110.00 40.00 51.00 0.08 0.71 1.00 2.00 0.50 8.00 12.00 13.00 9.00 16.00 5.00 0.00 0.00 0.00 0.00 1.00
660.00 17.00 15.00 42.00 83.00 27.00 41.00 0.10 0.66 1.00 0.00 0.00 6.00 12.00 11.00 5.00 14.00 3.00 0.00 0.00 0.00 0.00 0.00
661.00 18.00 12.00 50.00 93.00 38.00 43.00 0.07 0.53 1.00 0.00 0.00 5.00 11.00 13.00 7.00 14.00 4.00 0.00 0.00 0.00 0.00 0.00
662.00 20.00 23.00 55.00 103.00 32.00 48.00 0.08 0.73 1.00 1.00 1.00 5.00 9.00 15.00 11.00 12.00 8.00 0.00 0.00 0.00 0.00 0.00
663.00 21.00 22.00 56.00 103.00 34.00 47.00 0.07 0.73 1.00 0.00 0.00 4.00 9.00 17.00 12.00 14.00 7.00 0.00 0.00 0.00 0.00 0.00
664.00 18.00 10.00 33.00 87.00 23.00 54.00 0.08 0.78 0.00 0.00 0.00 4.00 10.00 14.00 8.00 15.00 3.00 0.00 0.00 0.00 0.00 0.00
665.00 21.00 23.00 59.00 104.00 36.00 45.00 0.09 0.72 1.00 0.00 0.00 5.00 11.00 16.00 10.00 17.00 4.00 0.00 0.00 1.00 0.00 0.00
666.00 22.00 19.00 49.00 108.00 30.00 59.00 0.08 0.66 1.00 0.00 0.00 8.00 10.00 14.00 12.00 16.00 6.00 0.00 0.00 0.00 0.00 0.00
667.00 18.00 12.00 39.00 89.00 27.00 50.00 0.09 0.68 1.00 0.00 0.00 6.00 10.00 12.00 8.00 13.00 5.00 0.00 0.00 0.00 0.00 0.00
668.00 16.00 11.00 41.00 84.00 30.00 43.00 0.09 0.53 1.00 0.00 0.00 6.00 10.00 10.00 6.00 14.00 2.00 0.00 0.00 0.00 0.00 0.00
669.00 17.00 13.00 42.00 83.00 29.00 41.00 0.09 0.54 1.00 0.00 0.00 4.00 10.00 13.00 7.00 14.00 3.00 0.00 0.00 0.00 0.00 0.00
670.00 18.00 10.00 40.00 82.00 30.00 42.00 0.09 0.72 1.00 0.00 0.00 9.00 10.00 9.00 8.00 14.00 4.00 0.00 0.00 0.00 0.00 0.00
671.00 19.00 17.00 43.00 94.00 26.00 51.00 0.10 0.68 1.00 0.00 0.00 4.00 10.00 15.00 9.00 17.00 2.00 0.00 0.00 0.00 0.00 0.00
672.00 23.00 23.00 61.00 117.00 38.00 56.00 0.09 0.78 1.00 1.00 1.00 5.00 11.00 18.00 12.00 14.00 9.00 0.00 0.00 0.00 0.00 0.00
673.00 10.00 2.00 13.00 43.00 11.00 30.00 0.08 0.43 1.00 1.00 1.00 6.00 8.00 4.00 2.00 9.00 1.00 0.00 0.00 0.00 0.00 0.00
674.00 14.00 9.00 27.00 65.00 18.00 38.00 0.07 0.54 1.00 0.00 0.00 7.00 10.00 7.00 4.00 12.00 2.00 0.00 0.00 0.00 0.00 0.00
675.00 14.00 13.00 35.00 69.00 22.00 34.00 0.09 0.46 1.00 0.00 0.00 3.00 8.00 11.00 6.00 12.00 2.00 0.00 0.00 0.00 0.00 0.00
676.00 16.00 14.00 40.00 77.00 26.00 37.00 0.08 0.53 1.00 0.00 0.00 6.00 10.00 10.00 6.00 11.00 5.00 0.00 0.00 0.00 0.00 0.00
677.00 10.00 3.00 15.00 46.00 12.00 31.00 0.08 0.49 0.00 0.00 0.00 3.00 6.00 7.00 4.00 8.00 2.00 0.00 0.00 1.00 0.00 0.00
678.00 11.00 6.00 20.00 48.00 14.00 28.00 0.08 0.41 0.00 0.00 0.00 4.00 7.00 7.00 4.00 9.00 2.00 0.00 0.00 0.00 0.00 0.00
679.00 12.00 8.00 23.00 60.00 15.00 37.00 0.09 0.53 0.00 1.00 0.00 1.00 7.00 11.00 5.00 10.00 2.00 0.00 0.00 0.00 0.00 0.00
680.00 10.00 6.00 19.00 46.00 13.00 27.00 0.10 0.42 0.00 0.00 0.00 2.00 8.00 8.00 2.00 10.00 0.00 0.00 0.00 0.00 0.00 0.00
681.00 11.00 5.00 23.00 54.00 18.00 31.00 0.08 0.42 0.00 0.00 0.00 3.00 8.00 8.00 3.00 10.00 1.00 0.00 0.00 0.00 0.00 0.00
682.00 13.00 5.00 22.00 56.00 17.00 34.00 0.07 0.60 0.00 0.00 0.00 4.00 8.00 9.00 5.00 11.00 2.00 0.00 0.00 0.00 0.00 0.00
683.00 10.00 6.00 15.00 51.00 9.00 36.00 0.08 0.37 0.00 0.00 0.00 6.00 8.00 4.00 2.00 8.00 2.00 0.00 0.00 0.00 0.00 0.00
684.00 10.00 6.00 17.00 47.00 11.00 30.00 0.08 0.36 0.00 0.00 0.00 2.00 4.00 8.00 6.00 7.00 3.00 0.00 0.00 0.00 0.00 0.00
685.00 9.00 4.00 13.00 40.00 9.00 27.00 0.09 0.38 0.00 0.00 0.00 3.00 8.00 6.00 1.00 8.00 1.00 0.00 0.00 0.00 0.00 0.00
686.00 4.00 0.00 0.00 8.00 0.00 8.00 0.07 0.34 0.00 0.00 0.00 3.00 3.00 1.00 1.00 4.00 0.00 0.00 0.00 0.00 0.00 0.00
687.00 4.00 0.00 2.00 15.00 2.00 13.00 0.10 0.25 0.00 0.00 0.00 3.00 3.00 1.00 1.00 4.00 0.00 0.00 0.00 0.00 0.00 0.00
688.00 5.00 0.00 6.00 20.00 6.00 14.00 0.09 0.37 0.00 0.00 0.00 2.00 3.00 3.00 2.00 5.00 0.00 0.00 0.00 0.00 0.00 0.00
689.00 6.00 1.00 8.00 25.00 7.00 17.00 0.08 0.24 0.00 0.00 0.00 2.00 5.00 4.00 1.00 5.00 1.00 0.00 0.00 0.00 0.00 0.00
690.00 8.00 4.00 14.00 31.00 10.00 17.00 0.10 0.38 0.00 0.00 0.00 3.00 5.00 5.00 3.00 6.00 2.00 0.00 0.00 0.00 0.00 0.00
691.00 8.00 3.00 11.00 34.00 8.00 23.00 0.08 0.28 0.00 0.00 0.00 4.00 7.00 4.00 1.00 7.00 1.00 0.00 0.00 0.00 0.00 0.00
692.00 2.00 0.00 0.00 0.00 0.00 0.00 0.09 0.17 0.00 0.00 0.00 2.00 2.00 0.00 0.00 2.00 0.00 0.00 0.00 0.00 0.00 0.00
