0.00 2.00 0.00 0.00 2.00 0.00 2.00 0.09 4.79 0.00 0.00 0.00 2.00 2.00 0.00 0.00 2.00 0.00 0.00 0.00 0.00 0.00 0.00
1.00 9.00 7.00 17.00 42.00 10.00 25.00 0.07 3.39 0.00 0.00 0.00 4.00 7.00 5.00 2.00 7.00 2.00 0.00 0.00 0.00 0.00 0.00
2.00 5.00 0.00 4.00 21.00 4.00 17.00 0.10 3.27 0.00 0.00 0.00 2.00 5.00 3.00 0.00 5.00 0.00 0.00 0.00 0.00 0.00 0.00
3.00 5.00 0.00 0.00 11.00 0.00 11.00 0.09 4.82 0.00 0.00 0.00 2.00 5.00 3.00 0.00 5.00 0.00 0.00 0.00 0.00 0.00 0.00
4.00 4.00 0.00 0.00 10.00 0.00 10.00 0.09 0.53 0.00 0.00 0.00 2.00 4.00 2.00 0.00 4.00 0.00 0.00 0.00 0.00 0.00 0.00
5.00 4.00 0.00 4.00 16.00 4.00 12.00 0.08 0.27 0.00 0.00 0.00 3.00 3.00 1.00 1.00 4.00 0.00 0.00 0.00 0.00 0.00 0.00
6.00 9.00 5.00 13.00 40.00 8.00 27.00 0.09 3.22 0.00 0.00 0.00 4.00 7.00 5.00 2.00 9.00 0.00 0.00 0.00 0.00 0.00 0.00
7.00 7.00 4.00 13.00 33.00 9.00 20.00 0.09 2.47 0.00 0.00 0.00 5.00 5.00 2.00 2.00 6.00 1.00 0.00 0.00 0.00 0.00 0.00
8.00 8.00 4.00 15.00 37.00 11.00 22.00 0.07 3.53 0.00 0.00 0.00 4.00 5.00 4.00 3.00 6.00 2.00 0.00 0.00 0.00 0.00 0.00
9.00 10.00 5.00 20.00 45.00 15.00 25.00 0.07 0.31 0.00 0.00 0.00 1.00 6.00 9.00 4.00 9.00 1.00 0.00 0.00 0.00 0.00 0.00
10.00 13.00 13.00 31.00 62.00 18.00 31.00 0.09 0.49 0.00 1.00 0.00 2.00 6.00 11.00 7.00 8.00 5.00 0.00 0.00 0.00 0.00 0.00
11.00 8.00 4.00 16.00 40.00 12.00 24.00 0.10 0.29 0.00 0.00 0.00 1.00 1.00 7.00 7.00 4.00 4.00 0.00 0.00 0.00 0.00 0.00
12.00 12.00 6.00 25.00 58.00 19.00 33.00 0.07 2.74 0.00 1.00 0.00 1.00 6.00 11.00 6.00 7.00 5.00 0.00 0.00 0.00 0.00 0.00
13.00 13.00 13.00 33.00 62.00 20.00 29.00 0.08 0.42 0.00 1.00 0.00 4.00 6.00 9.00 7.00 9.00 4.00 0.00 0.00 0.00 0.00 0.00
14.00 7.00 4.00 11.00 32.00 7.00 21.00 0.08 2.36 0.00 0.00 0.00 2.00 3.00 5.00 4.00 7.00 0.00 0.00 0.00 0.00 0.00 0.00
15.00 18.00 20.00 43.00 84.00 23.00 41.00 0.08 3.34 0.00 2.00 0.00 4.00 10.00 14.00 8.00 11.00 7.00 0.00 0.00 0.00 0.00 0.00
16.00 11.00 4.00 22.00 53.00 18.00 31.00 0.08 1.90 0.00 1.00 0.00 5.00 7.00 6.00 4.00 10.00 1.00 0.00 0.00 1.00 0.00 0.00
17.00 11.00 9.00 25.00 52.00 16.00 27.00 0.08 3.01 0.00 0.00 0.00 2.00 7.00 9.00 4.00 7.00 4.00 0.00 0.00 0.00 0.00 0.00
18.00 9.00 3.00 17.00 45.00 14.00 28.00 0.08 2.09 0.00 0.00 0.00 2.00 7.00 7.00 2.00 7.00 2.00 0.00 0.00 0.00 0.00 0.00
19.00 9.00 2.00 14.00 41.00 12.00 27.00 0.08 2.03 0.00 0.00 0.00 4.00 6.00 5.00 3.00 8.00 1.00 0.00 0.00 0.00 0.00 0.00
20.00 7.00 4.00 12.00 32.00 8.00 20.00 0.08 0.27 0.00 0.00 0.00 3.00 6.00 4.00 1.00 7.00 0.00 0.00 0.00 0.00 0.00 0.00
21.00 14.00 15.00 36.00 65.00 21.00 29.00 0.09 3.32 0.00 1.00 0.00 3.00 7.00 11.00 7.00 9.00 5.00 0.00 0.00 0.00 0.00 0.00
22.00 13.00 11.00 28.00 62.00 17.00 34.00 0.09 3.46 0.00 0.00 0.00 4.00 7.00 9.00 6.00 9.00 4.00 0.00 0.00 0.00 0.00 0.00
23.00 16.00 15.00 39.00 78.00 24.00 39.00 0.09 2.20 0.00 1.00 0.00 4.00 8.00 12.00 8.00 12.00 4.00 0.00 0.00 0.00 0.00 0.00
24.00 14.00 13.00 37.00 70.00 24.00 33.00 0.11 0.38 0.00 1.00 0.00 2.00 8.00 12.00 6.00 8.00 6.00 0.00 0.00 1.00 0.00 0.00
25.00 12.00 6.00 25.00 61.00 19.00 36.00 0.09 1.70 0.00 0.00 0.00 4.00 7.00 8.00 5.00 8.00 4.00 0.00 0.00 0.00 0.00 0.00
26.00 13.00 13.00 33.00 64.00 20.00 31.00 0.10 0.33 0.00 0.00 0.00 4.00 6.00 9.00 7.00 6.00 7.00 0.00 0.00 0.00 0.00 0.00
27.00 8.00 2.00 12.00 40.00 10.00 28.00 0.10 2.25 0.00 1.00 0.00 3.00 5.00 5.00 3.00 8.00 0.00 0.00 0.00 0.00 0.00 0.00
28.00 15.00 15.00 40.00 74.00 25.00 34.00 0.09 3.89 0.00 1.00 0.00 3.00 7.00 12.00 8.00 10.00 5.00 0.00 0.00 0.00 0.00 0.00
29.00 12.00 7.00 25.00 58.00 18.00 33.00 0.08 1.66 0.00 1.00 0.00 6.00 9.00 6.00 3.00 10.00 2.00 0.00 0.00 0.00 0.00 0.00
30.00 14.00 11.00 31.00 67.00 20.00 36.00 0.09 1.77 0.00 1.00 0.00 5.00 9.00 9.00 5.00 13.00 1.00 0.00 0.00 0.00 0.00 0.00
31.00 11.00 5.00 25.00 56.00 20.00 31.00 0.08 2.87 0.00 1.00 0.00 2.00 5.00 9.00 6.00 8.00 3.00 0.00 0.00 0.00 0.00 0.00
32.00 15.00 12.00 37.00 74.00 25.00 37.00 0.09 4.62 0.00 2.00 0.00 5.00 9.00 10.00 6.00 13.00 2.00 0.00 0.00 0.00 0.00 0.00
33.00 14.00 13.00 33.00 65.00 20.00 32.00 0.09 3.92 0.00 1.00 0.00 3.00 6.00 11.00 8.00 10.00 4.00 0.00 0.00 0.00 0.00 0.00
34.00 14.00 15.00 40.00 68.00 25.00 28.00 0.08 4.57 0.00 1.00 0.00 4.00 6.00 10.00 8.00 9.00 5.00 0.00 0.00 0.00 0.00 0.00
35.00 15.00 8.00 29.00 67.00 21.00 38.00 0.10 4.68 0.00 1.00 0.00 6.00 10.00 9.00 5.00 12.00 3.00 0.00 0.00 0.00 0.00 0.00
36.00 6.00 2.00 8.00 25.00 6.00 17.00 0.08 4.87 0.00 0.00 0.00 2.00 4.00 4.00 2.00 6.00 0.00 0.00 0.00 0.00 0.00 0.00
37.00 10.00 8.00 21.00 46.00 13.00 25.00 0.09 4.05 0.00 0.00 0.00 4.00 6.00 6.00 4.00 8.00 2.00 0.00 0.00 0.00 0.00 0.00
38.00 12.00 9.00 28.00 57.00 19.00 29.00 0.09 3.77 0.00 0.00 0.00 4.00 7.00 8.00 5.00 9.00 3.00 0.00 0.00 0.00 0.00 0.00
39.00 13.00 10.00 29.00 60.00 19.00 31.00 0.08 4.26 0.00 1.00 0.00 5.00 12.00 8.00 1.00 12.00 1.00 0.00 0.00 0.00 0.00 0.00
40.00 14.00 12.00 32.00 65.00 20.00 33.00 0.09 4.49 0.00 0.00 0.00 6.00 10.00 8.00 4.00 10.00 4.00 0.00 0.00 1.00 0.00 0.00
41.00 5.00 0.00 5.00 20.00 5.00 15.00 0.08 4.50 0.00 0.00 0.00 3.00 4.00 2.00 1.00 5.00 0.00 0.00 0.00 1.00 0.00 0.00
42.00 9.00 3.00 17.00 40.00 14.00 23.00 0.08 4.70 0.00 0.00 0.00 3.00 3.00 6.00 6.00 8.00 1.00 0.00 0.00 0.00 1.00 0.00
43.00 14.00 7.00 27.00 61.00 20.00 34.00 0.09 4.45 0.00 1.00 0.00 6.00 9.00 8.00 5.00 10.00 4.00 0.00 0.00 0.00 0.00 0.00
44.00 13.00 13.00 33.00 65.00 20.00 32.00 0.10 5.00 0.00 1.00 0.00 3.00 5.00 10.00 8.00 9.00 4.00 0.00 0.00 0.00 0.00 0.00
45.00 14.00 3.00 23.00 59.00 20.00 36.00 0.09 5.45 0.00 1.00 0.00 3.00 8.00 11.00 6.00 12.00 2.00 0.00 0.00 0.00 0.00 0.00
46.00 16.00 16.00 42.00 84.00 26.00 42.00 0.09 4.96 0.00 2.00 0.00 6.00 8.00 10.00 8.00 11.00 5.00 0.00 0.00 0.00 0.00 0.00
47.00 16.00 12.00 38.00 74.00 26.00 36.00 0.09 4.96 0.00 1.00 0.00 4.00 10.00 12.00 6.00 12.00 4.00 0.00 0.00 0.00 0.00 0.00
48.00 15.00 12.00 32.00 65.00 20.00 33.00 0.09 4.69 0.00 1.00 0.00 5.00 8.00 10.00 7.00 12.00 3.00 0.00 0.00 0.00 0.00 0.00
49.00 15.00 15.00 37.00 69.00 22.00 32.00 0.07 5.10 0.00 2.00 0.00 5.00 8.00 10.00 7.00 11.00 4.00 0.00 0.00 0.00 0.00 0.00
50.00 11.00 8.00 24.00 56.00 16.00 32.00 0.07 4.74 0.00 2.00 0.00 3.00 6.00 8.00 5.00 8.00 3.00 0.00 0.00 0.00 0.00 0.00
51.00 10.00 3.00 17.00 51.00 14.00 34.00 0.08 4.82 0.00 1.00 0.00 3.00 7.00 7.00 3.00 8.00 2.00 0.00 0.00 0.00 1.00 0.00
52.00 13.00 10.00 26.00 55.00 16.00 29.00 0.10 4.70 0.00 0.00 0.00 4.00 9.00 9.00 4.00 13.00 0.00 0.00 0.00 0.00 0.00 0.00
53.00 12.00 9.00 24.00 56.00 15.00 32.00 0.09 4.89 0.00 2.00 0.00 5.00 9.00 7.00 3.00 12.00 0.00 0.00 0.00 0.00 0.00 0.00
54.00 15.00 18.00 38.00 73.00 20.00 35.00 0.10 4.50 0.00 1.00 0.00 3.00 10.00 12.00 5.00 11.00 4.00 0.00 0.00 0.00 0.00 0.00
55.00 17.00 15.00 45.00 82.00 30.00 37.00 0.08 4.38 0.00 1.00 0.00 3.00 7.00 14.00 10.00 11.00 6.00 0.00 0.00 0.00 0.00 0.00
56.00 9.00 7.00 20.00 41.00 13.00 21.00 0.09 3.57 0.00 1.00 0.00 3.00 5.00 6.00 4.00 8.00 1.00 0.00 0.00 0.00 0.00 0.00
57.00 6.00 1.00 8.00 27.00 7.00 19.00 0.08 4.71 0.00 1.00 0.00 5.00 5.00 1.00 1.00 5.00 1.00 0.00 0.00 0.00 0.00 0.00
58.00 10.00 7.00 23.00 49.00 16.00 26.00 0.08 4.33 0.00 1.00 0.00 3.00 6.00 7.00 4.00 9.00 1.00 0.00 0.00 0.00 0.00 0.00
59.00 16.00 18.00 39.00 72.00 21.00 33.00 0.08 3.25 0.00 1.00 0.00 6.00 12.00 10.00 4.00 13.00 3.00 0.00 0.00 0.00 0.00 0.00
60.00 8.00 6.00 16.00 38.00 10.00 22.00 0.08 2.39 0.00 1.00 0.00 3.00 5.00 5.00 3.00 7.00 1.00 0.00 0.00 0.00 0.00 0.00
61.00 12.00 11.00 29.00 61.00 18.00 32.00 0.07 1.86 0.00 1.00 0.00 3.00 6.00 9.00 6.00 8.00 4.00 0.00 0.00 0.00 0.00 0.00
62.00 11.00 8.00 25.00 50.00 17.00 25.00 0.08 1.91 0.00 1.00 0.00 3.00 5.00 8.00 6.00 8.00 3.00 0.00 0.00 0.00 0.00 0.00
63.00 16.00 14.00 34.00 73.00 20.00 39.00 0.08 4.45 0.00 1.00 0.00 5.00 8.00 11.00 8.00 10.00 6.00 0.00 0.00 0.00 0.00 0.00
64.00 15.00 18.00 40.00 72.00 22.00 32.00 0.08 4.59 0.00 1.00 0.00 3.00 6.00 12.00 9.00 10.00 5.00 0.00 0.00 0.00 0.00 0.00
65.00 11.00 7.00 26.00 51.00 19.00 25.00 0.09 3.94 0.00 1.00 0.00 2.00 5.00 9.00 6.00 7.00 4.00 0.00 0.00 0.00 0.00 0.00
66.00 16.00 20.00 38.00 70.00 18.00 32.00 0.07 3.89 0.00 1.00 0.00 2.00 9.00 14.00 7.00 14.00 2.00 0.00 0.00 1.00 0.00 0.00
67.00 12.00 14.00 33.00 62.00 19.00 29.00 0.10 4.53 0.00 1.00 0.00 2.00 6.00 10.00 6.00 9.00 3.00 0.00 0.00 1.00 0.00 0.00
68.00 17.00 15.00 40.00 79.00 25.00 39.00 0.09 4.42 0.00 1.00 0.00 4.00 13.00 13.00 4.00 15.00 2.00 0.00 0.00 1.00 0.00 0.00
69.00 11.00 6.00 21.00 52.00 15.00 31.00 0.09 3.33 0.00 1.00 0.00 3.00 6.00 8.00 5.00 9.00 2.00 0.00 0.00 0.00 0.00 0.00
70.00 12.00 10.00 28.00 58.00 18.00 30.00 0.11 2.94 0.00 0.00 0.00 3.00 6.00 9.00 6.00 10.00 2.00 0.00 0.00 0.00 0.00 0.00
71.00 11.00 6.00 25.00 53.00 19.00 28.00 0.06 3.18 0.00 1.00 0.00 5.00 5.00 6.00 6.00 6.00 5.00 0.00 0.00 0.00 0.00 0.00
72.00 8.00 6.00 18.00 38.00 12.00 20.00 0.09 4.63 0.00 1.00 0.00 2.00 3.00 6.00 5.00 5.00 3.00 0.00 0.00 0.00 0.00 0.00
73.00 15.00 18.00 41.00 68.00 23.00 27.00 0.09 3.19 0.00 1.00 0.00 3.00 9.00 12.00 6.00 9.00 6.00 0.00 0.00 0.00 0.00 0.00
74.00 16.00 15.00 40.00 77.00 25.00 37.00 0.09 3.76 0.00 1.00 0.00 5.00 8.00 11.00 8.00 10.00 6.00 0.00 0.00 0.00 0.00 0.00
75.00 16.00 14.00 38.00 82.00 24.00 44.00 0.07 4.35 0.00 0.00 0.00 5.00 8.00 11.00 8.00 10.00 6.00 0.00 0.00 0.00 0.00 0.00
76.00 16.00 14.00 38.00 71.00 24.00 33.00 0.08 4.46 0.00 0.00 0.00 4.00 8.00 12.00 8.00 10.00 6.00 0.00 0.00 0.00 0.00 0.00
77.00 22.00 22.00 49.00 105.00 27.00 56.00 0.09 4.66 1.00 0.00 0.00 4.00 10.00 18.00 12.00 14.00 8.00 0.00 0.00 0.00 0.00 0.00
78.00 17.00 11.00 39.00 89.00 28.00 50.00 0.09 4.92 1.00 0.00 0.00 8.00 11.00 9.00 6.00 14.00 3.00 0.00 0.00 0.00 0.00 0.00
79.00 17.00 17.00 43.00 86.00 26.00 43.00 0.08 2.95 0.00 1.00 0.00 7.00 11.00 10.00 6.00 15.00 2.00 0.00 0.00 0.00 0.00 0.00
80.00 12.00 9.00 26.00 57.00 17.00 31.00 0.09 4.74 0.00 1.00 0.00 4.00 5.00 8.00 7.00 9.00 3.00 0.00 0.00 0.00 0.00 0.00
81.00 16.00 15.00 37.00 79.00 22.00 42.00 0.08 3.70 0.00 1.00 0.00 5.00 9.00 11.00 7.00 12.00 4.00 1.00 0.00 0.00 0.00 0.00
82.00 14.00 10.00 36.00 69.00 26.00 33.00 0.09 2.62 0.00 0.00 0.00 3.00 6.00 11.00 8.00 10.00 4.00 1.00 0.00 0.00 0.00 0.00
83.00 18.00 15.00 39.00 86.00 24.00 47.00 0.09 2.87 0.00 1.00 0.00 3.00 10.00 15.00 8.00 13.00 5.00 0.00 0.00 0.00 0.00 0.00
84.00 19.00 18.00 45.00 96.00 27.00 51.00 0.09 3.29 0.00 3.00 0.00 5.00 12.00 14.00 7.00 12.00 7.00 1.00 0.00 0.00 0.00 0.00
85.00 24.00 21.00 61.00 115.00 40.00 54.00 0.09 3.82 0.00 1.00 0.00 9.00 11.00 15.00 13.00 16.00 8.00 1.00 0.00 0.00 0.00 0.00
86.00 24.00 35.00 72.00 123.00 37.00 51.00 0.07 4.05 0.00 2.00 0.00 6.00 7.00 18.00 17.00 13.00 11.00 0.00 0.00 0.00 0.00 1.00
87.00 20.00 17.00 47.00 103.00 30.00 56.00 0.09 3.11 0.00 2.00 0.00 6.00 10.00 14.00 10.00 14.00 6.00 0.00 0.00 1.00 0.00 0.00
88.00 31.00 36.00 77.00 156.00 41.00 79.00 0.08 4.17 0.00 3.00 0.00 8.00 14.00 23.00 17.00 25.00 6.00 0.00 0.00 0.00 0.00 0.00
89.00 24.00 17.00 63.00 123.00 46.00 60.00 0.08 4.78 1.00 1.00 1.00 9.00 14.00 15.00 10.00 18.00 6.00 0.00 0.00 0.00 0.00 0.00
90.00 22.00 26.00 60.00 110.00 34.00 50.00 0.09 4.58 1.00 2.00 0.50 4.00 12.00 18.00 10.00 15.00 7.00 0.00 0.00 0.00 0.00 0.00
91.00 21.00 19.00 50.00 102.00 31.00 52.00 0.07 4.77 0.00 1.00 0.00 4.00 11.00 17.00 10.00 17.00 4.00 0.00 0.00 0.00 0.00 0.00
92.00 25.00 25.00 69.00 125.00 44.00 56.00 0.08 4.71 1.00 1.00 1.00 7.00 15.00 18.00 10.00 18.00 7.00 0.00 0.00 1.00 0.00 0.00
93.00 30.00 36.00 80.00 148.00 44.00 68.00 0.08 4.45 0.00 1.00 0.00 10.00 21.00 20.00 9.00 26.00 4.00 0.00 0.00 0.00 0.00 0.00
94.00 24.00 31.00 69.00 122.00 38.00 53.00 0.08 4.59 1.00 2.00 0.50 5.00 8.00 19.00 16.00 11.00 13.00 0.00 0.00 0.00 0.00 0.00
95.00 28.00 36.00 82.00 141.00 46.00 59.00 0.08 4.57 1.00 1.00 1.00 7.00 10.00 21.00 18.00 17.00 11.00 0.00 0.00 0.00 0.00 0.00
96.00 23.00 29.00 64.00 120.00 35.00 56.00 0.09 4.42 1.00 2.00 0.50 6.00 11.00 17.00 12.00 12.00 11.00 0.00 0.00 0.00 0.00 0.00
97.00 27.00 38.00 77.00 130.00 39.00 53.00 0.08 4.85 1.00 4.00 0.25 7.00 12.00 20.00 15.00 19.00 8.00 0.00 0.00 0.00 0.00 0.00
98.00 28.00 37.00 71.00 143.00 34.00 72.00 0.08 4.92 1.00 3.00 0.33 6.00 13.00 22.00 15.00 18.00 10.00 0.00 0.00 0.00 0.00 0.00
99.00 30.00 35.00 87.00 154.00 52.00 67.00 0.09 4.69 1.00 4.00 0.25 7.00 15.00 23.00 15.00 20.00 10.00 0.00 0.00 0.00 0.00 0.00
100.00 29.00 42.00 88.00 149.00 46.00 61.00 0.06 4.73 1.00 4.00 0.25 5.00 14.00 24.00 15.00 22.00 7.00 0.00 0.00 1.00 0.00 0.00
101.00 27.00 34.00 80.00 139.00 46.00 59.00 0.08 4.78 1.00 1.00 1.00 8.00 13.00 19.00 14.00 17.00 10.00 0.00 0.00 0.00 0.00 0.00
102.00 34.00 42.00 92.00 171.00 50.00 79.00 0.07 4.94 1.00 2.00 0.50 12.00 16.00 22.00 18.00 20.00 14.00 0.00 0.00 1.00 0.00 0.00
103.00 27.00 35.00 79.00 140.00 44.00 61.00 0.07 4.42 1.00 2.00 0.50 6.00 10.00 21.00 17.00 18.00 9.00 0.00 0.00 1.00 0.00 0.00
104.00 30.00 41.00 97.00 158.00 56.00 61.00 0.09 4.70 2.00 1.00 2.00 11.00 15.00 19.00 15.00 18.00 12.00 0.00 0.00 1.00 0.00 0.00
105.00 29.00 40.00 89.00 153.00 49.00 64.00 0.08 4.76 2.00 2.00 1.00 5.00 8.00 24.00 21.00 15.00 14.00 0.00 0.00 1.00 1.00 0.00
106.00 22.00 26.00 59.00 115.00 33.00 56.00 0.09 4.95 2.00 1.00 2.00 5.00 8.00 17.00 14.00 13.00 9.00 0.00 0.00 2.00 0.00 0.00
107.00 29.00 37.00 86.00 146.00 49.00 60.00 0.09 4.69 1.00 2.00 0.50 5.00 15.00 24.00 14.00 23.00 6.00 0.00 0.00 0.00 0.00 0.00
108.00 26.00 29.00 71.00 135.00 42.00 64.00 0.10 4.30 1.00 2.00 0.50 7.00 11.00 19.00 15.00 17.00 9.00 0.00 0.00 0.00 0.00 0.00
109.00 25.00 34.00 74.00 131.00 40.00 57.00 0.09 4.72 2.00 1.00 2.00 6.00 8.00 19.00 17.00 14.00 11.00 0.00 0.00 1.00 0.00 0.00
110.00 26.00 34.00 77.00 139.00 43.00 62.00 0.08 4.33 1.00 2.00 0.50 4.00 13.00 22.00 13.00 16.00 10.00 0.00 0.00 0.00 0.00 0.00
111.00 21.00 18.00 55.00 110.00 37.00 55.00 0.08 4.68 2.00 2.00 1.00 6.00 11.00 15.00 10.00 15.00 6.00 0.00 0.00 0.00 0.00 0.00
112.00 26.00 29.00 73.00 131.00 44.00 58.00 0.08 4.77 2.00 2.00 1.00 7.00 10.00 19.00 16.00 14.00 12.00 0.00 0.00 1.00 0.00 0.00
113.00 25.00 35.00 74.00 132.00 39.00 58.00 0.09 4.88 0.00 2.00 0.00 7.00 10.00 18.00 15.00 13.00 12.00 0.00 0.00 1.00 0.00 0.00
114.00 25.00 30.00 70.00 128.00 40.00 58.00 0.09 4.89 1.00 1.00 1.00 8.00 12.00 17.00 13.00 19.00 6.00 0.00 0.00 1.00 0.00 0.00
115.00 18.00 22.00 51.00 91.00 29.00 40.00 0.09 4.34 0.00 1.00 0.00 6.00 10.00 12.00 8.00 13.00 5.00 0.00 0.00 1.00 0.00 0.00
116.00 27.00 38.00 84.00 136.00 46.00 52.00 0.09 4.55 1.00 2.00 0.50 7.00 13.00 20.00 14.00 19.00 8.00 0.00 0.00 1.00 0.00 0.00
117.00 23.00 21.00 64.00 123.00 43.00 59.00 0.09 4.72 1.00 1.00 1.00 5.00 10.00 18.00 13.00 16.00 7.00 0.00 0.00 0.00 0.00 0.00
118.00 29.00 42.00 91.00 146.00 49.00 55.00 0.08 4.67 1.00 2.00 0.50 4.00 12.00 25.00 17.00 16.00 13.00 0.00 0.00 0.00 0.00 0.00
119.00 28.00 27.00 80.00 145.00 53.00 65.00 0.08 4.49 1.00 1.00 1.00 5.00 14.00 23.00 14.00 17.00 11.00 0.00 0.00 2.00 0.00 0.00
120.00 34.00 46.00 98.00 179.00 52.00 81.00 0.10 4.38 1.00 1.00 1.00 4.00 14.00 30.00 20.00 21.00 13.00 0.00 0.00 1.00 0.00 0.00
121.00 24.00 24.00 63.00 120.00 39.00 57.00 0.08 4.24 1.00 1.00 1.00 6.00 14.00 18.00 10.00 17.00 7.00 0.00 0.00 1.00 0.00 0.00
122.00 30.00 46.00 92.00 158.00 46.00 66.00 0.08 4.58 1.00 2.00 0.50 4.00 10.00 26.00 20.00 13.00 17.00 0.00 0.00 1.00 0.00 0.00
123.00 28.00 35.00 82.00 148.00 47.00 66.00 0.09 4.27 1.00 3.00 0.33 7.00 15.00 21.00 13.00 19.00 9.00 0.00 0.00 1.00 0.00 0.00
124.00 30.00 40.00 86.00 148.00 46.00 62.00 0.08 4.40 1.00 2.00 0.50 11.00 14.00 19.00 16.00 20.00 10.00 0.00 0.00 0.00 0.00 0.00
125.00 30.00 25.00 74.00 153.00 49.00 79.00 0.09 4.63 1.00 3.00 0.33 7.00 16.00 23.00 14.00 23.00 7.00 0.00 0.00 1.00 0.00 0.00
126.00 25.00 27.00 68.00 123.00 41.00 55.00 0.09 4.39 1.00 0.00 0.00 2.00 12.00 23.00 13.00 15.00 10.00 0.00 0.00 0.00 0.00 0.00
127.00 37.00 52.00 107.00 184.00 55.00 77.00 0.08 4.70 1.00 3.00 0.33 9.00 19.00 28.00 18.00 25.00 12.00 0.00 0.00 1.00 0.00 0.00
128.00 29.00 38.00 85.00 150.00 47.00 65.00 0.08 4.82 1.00 4.00 0.25 6.00 12.00 23.00 17.00 17.00 12.00 0.00 0.00 2.00 0.00 0.00
129.00 31.00 47.00 92.00 157.00 45.00 65.00 0.09 4.44 1.00 3.00 0.33 10.00 13.00 21.00 18.00 21.00 10.00 0.00 0.00 1.00 0.00 0.00
130.00 29.00 37.00 86.00 148.00 49.00 62.00 0.07 4.44 1.00 4.00 0.25 7.00 11.00 22.00 18.00 17.00 12.00 0.00 0.00 1.00 0.00 0.00
131.00 34.00 38.00 91.00 161.00 53.00 70.00 0.07 4.51 1.00 3.00 0.33 8.00 21.00 26.00 13.00 28.00 6.00 0.00 0.00 0.00 0.00 0.00
132.00 27.00 27.00 74.00 136.00 47.00 62.00 0.08 4.58 0.00 2.00 0.00 4.00 15.00 23.00 12.00 19.00 8.00 0.00 0.00 0.00 0.00 0.00
133.00 29.00 38.00 82.00 152.00 44.00 70.00 0.08 4.67 1.00 3.00 0.33 10.00 12.00 19.00 17.00 18.00 11.00 0.00 0.00 0.00 0.00 0.00
134.00 29.00 45.00 87.00 147.00 42.00 60.00 0.09 4.75 1.00 1.00 1.00 3.00 11.00 26.00 18.00 16.00 13.00 0.00 0.00 0.00 0.00 0.00
135.00 32.00 53.00 103.00 164.00 50.00 61.00 0.08 4.68 1.00 3.00 0.33 9.00 17.00 23.00 15.00 25.00 7.00 0.00 0.00 1.00 0.00 0.00
136.00 37.00 52.00 111.00 191.00 59.00 80.00 0.08 4.55 1.00 3.00 0.33 9.00 16.00 28.00 21.00 20.00 17.00 0.00 0.00 0.00 0.00 0.00
137.00 32.00 47.00 95.00 166.00 48.00 71.00 0.08 4.44 1.00 2.00 0.50 7.00 12.00 25.00 20.00 20.00 12.00 0.00 0.00 0.00 0.00 0.00
138.00 33.00 49.00 99.00 168.00 50.00 69.00 0.09 4.71 1.00 2.00 0.50 7.00 12.00 26.00 21.00 21.00 12.00 0.00 0.00 0.00 1.00 0.00
139.00 37.00 57.00 106.00 183.00 49.00 77.00 0.07 4.76 1.00 4.00 0.25 9.00 15.00 28.00 22.00 23.00 14.00 0.00 0.00 0.00 1.00 0.00
140.00 35.00 52.00 104.00 183.00 52.00 79.00 0.09 4.53 1.00 2.00 0.50 8.00 11.00 27.00 24.00 18.00 17.00 0.00 0.00 0.00 0.00 0.00
141.00 40.00 63.00 129.00 200.00 66.00 71.00 0.08 4.63 2.00 3.00 0.67 11.00 17.00 29.00 23.00 25.00 15.00 0.00 0.00 0.00 0.00 0.00
142.00 38.00 43.00 119.00 201.00 76.00 82.00 0.10 4.64 0.00 2.00 0.00 6.00 15.00 32.00 23.00 24.00 14.00 0.00 0.00 0.00 0.00 0.00
143.00 38.00 52.00 111.00 192.00 59.00 81.00 0.07 4.54 2.00 3.00 0.67 8.00 16.00 30.00 22.00 24.00 14.00 0.00 0.00 0.00 1.00 0.00
144.00 35.00 42.00 103.00 182.00 61.00 79.00 0.08 4.81 1.00 3.00 0.33 4.00 12.00 31.00 23.00 18.00 17.00 0.00 0.00 0.00 0.00 0.00
145.00 37.00 48.00 107.00 195.00 59.00 88.00 0.06 4.71 2.00 3.00 0.67 6.00 15.00 31.00 22.00 18.00 19.00 0.00 0.00 0.00 0.00 0.00
146.00 40.00 57.00 125.00 213.00 68.00 88.00 0.10 4.70 4.00 3.00 1.33 7.00 12.00 33.00 28.00 20.00 20.00 0.00 0.00 0.00 1.00 0.00
147.00 46.00 56.00 136.00 237.00 80.00 101.00 0.07 4.83 3.00 2.00 1.50 10.00 17.00 36.00 29.00 28.00 18.00 0.00 0.00 1.00 0.00 0.00
148.00 42.00 49.00 119.00 216.00 70.00 97.00 0.08 4.70 3.00 2.00 1.50 8.00 14.00 34.00 28.00 25.00 17.00 0.00 0.00 1.00 0.00 0.00
149.00 33.00 35.00 96.00 184.00 61.00 88.00 0.07 4.55 2.00 3.00 0.67 4.00 11.00 29.00 22.00 18.00 15.00 0.00 0.00 0.00 0.00 0.00
150.00 39.00 46.00 109.00 205.00 63.00 96.00 0.07 4.47 3.00 2.00 1.50 10.00 14.00 29.00 25.00 22.00 17.00 0.00 0.00 1.00 0.00 0.00
151.00 43.00 58.00 126.00 225.00 68.00 99.00 0.08 4.76 4.00 3.00 1.33 10.00 19.00 33.00 24.00 26.00 17.00 0.00 0.00 1.00 0.00 0.00
152.00 41.00 49.00 122.00 223.00 73.00 101.00 0.08 4.92 4.00 2.00 2.00 10.00 19.00 31.00 22.00 25.00 16.00 0.00 0.00 0.00 0.00 0.00
153.00 39.00 42.00 129.00 219.00 87.00 90.00 0.08 4.74 3.00 4.00 0.75 4.00 10.00 35.00 29.00 20.00 19.00 1.00 0.00 0.00 0.00 0.00
154.00 44.00 58.00 138.00 238.00 80.00 100.00 0.09 4.60 5.00 4.00 1.25 9.00 16.00 35.00 28.00 27.00 17.00 0.00 0.00 0.00 0.00 0.00
155.00 41.00 60.00 123.00 224.00 63.00 101.00 0.08 4.80 3.00 3.00 1.00 5.00 12.00 36.00 29.00 16.00 25.00 0.00 0.00 0.00 0.00 0.00
156.00 38.00 64.00 126.00 201.00 62.00 75.00 0.11 4.37 4.00 3.00 1.33 7.00 11.00 31.00 27.00 18.00 20.00 1.00 0.00 0.00 0.00 0.00
157.00 41.00 57.00 124.00 222.00 67.00 98.00 0.09 4.58 3.00 2.00 1.50 6.00 15.00 35.00 26.00 21.00 20.00 0.00 0.00 0.00 1.00 0.00
158.00 44.00 67.00 147.00 236.00 80.00 89.00 0.08 4.39 4.00 3.00 1.33 13.00 18.00 31.00 26.00 23.00 21.00 1.00 0.00 1.00 0.00 0.00
159.00 40.00 48.00 120.00 218.00 72.00 98.00 0.08 4.83 4.00 3.00 1.33 5.00 16.00 35.00 24.00 22.00 18.00 1.00 0.00 0.00 0.00 0.00
160.00 40.00 64.00 132.00 216.00 68.00 84.00 0.10 4.82 3.00 3.00 1.00 9.00 14.00 31.00 26.00 23.00 17.00 1.00 0.00 1.00 0.00 0.00
161.00 41.00 45.00 119.00 215.00 74.00 96.00 0.09 4.93 5.00 3.00 1.67 7.00 15.00 34.00 26.00 20.00 21.00 1.00 0.00 0.00 0.00 0.00
162.00 47.00 77.00 155.00 250.00 78.00 95.00 0.08 4.79 4.00 2.00 2.00 9.00 21.00 38.00 26.00 24.00 23.00 1.00 0.00 0.00 0.00 0.00
163.00 44.00 68.00 139.00 232.00 71.00 93.00 0.09 4.92 4.00 3.00 1.33 10.00 18.00 34.00 26.00 26.00 18.00 1.00 0.00 1.00 1.00 0.00
164.00 45.00 57.00 146.00 241.00 89.00 95.00 0.08 4.88 4.00 3.00 1.33 5.00 14.00 40.00 31.00 26.00 19.00 1.00 0.00 0.00 0.00 0.00
165.00 43.00 62.00 136.00 236.00 74.00 100.00 0.09 4.90 5.00 3.00 1.67 11.00 20.00 32.00 23.00 26.00 17.00 1.00 0.00 0.00 0.00 0.00
166.00 50.00 71.00 149.00 265.00 78.00 116.00 0.08 4.97 4.00 4.00 1.00 11.00 21.00 39.00 29.00 31.00 19.00 1.00 0.00 1.00 0.00 0.00
167.00 39.00 56.00 119.00 204.00 63.00 85.00 0.08 4.94 5.00 3.00 1.67 5.00 15.00 34.00 24.00 19.00 20.00 1.00 0.00 0.00 0.00 0.00
168.00 49.00 71.00 155.00 254.00 84.00 99.00 0.08 4.71 5.00 4.00 1.25 10.00 13.00 39.00 36.00 23.00 26.00 0.00 0.00 0.00 0.00 1.00
169.00 44.00 56.00 141.00 242.00 85.00 101.00 0.08 4.50 4.00 2.00 2.00 10.00 18.00 34.00 26.00 25.00 19.00 0.00 0.00 0.00 1.00 0.00
170.00 47.00 54.00 144.00 250.00 90.00 106.00 0.07 4.79 3.00 2.00 1.50 11.00 16.00 36.00 31.00 28.00 19.00 0.00 0.00 0.00 0.00 0.00
171.00 40.00 63.00 120.00 212.00 57.00 92.00 0.09 4.63 3.00 3.00 1.00 6.00 11.00 34.00 29.00 21.00 19.00 0.00 0.00 0.00 0.00 0.00
172.00 44.00 51.00 136.00 237.00 85.00 101.00 0.07 4.68 4.00 3.00 1.33 10.00 18.00 34.00 26.00 24.00 20.00 1.00 0.00 1.00 1.00 0.00
173.00 45.00 60.00 145.00 240.00 85.00 95.00 0.09 4.76 5.00 3.00 1.67 10.00 20.00 35.00 25.00 29.00 16.00 1.00 0.00 1.00 0.00 0.00
174.00 46.00 71.00 152.00 243.00 81.00 91.00 0.08 4.88 6.00 5.00 1.20 10.00 18.00 36.00 28.00 24.00 22.00 0.00 0.00 0.00 0.00 0.00
175.00 41.00 59.00 137.00 226.00 78.00 89.00 0.09 4.64 3.00 3.00 1.00 5.00 13.00 36.00 28.00 21.00 20.00 0.00 0.00 0.00 0.00 1.00
176.00 39.00 54.00 114.00 202.00 60.00 88.00 0.09 4.84 4.00 3.00 1.33 6.00 11.00 33.00 28.00 17.00 22.00 0.00 0.00 0.00 1.00 0.00
177.00 45.00 74.00 142.00 228.00 68.00 86.00 0.09 4.89 5.00 4.00 1.25 6.00 16.00 39.00 29.00 17.00 28.00 0.00 0.00 1.00 0.00 0.00
178.00 48.00 69.00 150.00 246.00 81.00 96.00 0.08 4.66 3.00 3.00 1.00 12.00 21.00 36.00 27.00 29.00 19.00 0.00 0.00 1.00 0.00 0.00
179.00 47.00 76.00 146.00 248.00 70.00 102.00 0.08 4.90 5.00 5.00 1.00 7.00 15.00 40.00 32.00 25.00 22.00 0.00 0.00 0.00 0.00 0.00
180.00 46.00 69.00 148.00 249.00 79.00 101.00 0.08 4.81 5.00 5.00 1.00 11.00 17.00 35.00 29.00 28.00 18.00 0.00 0.00 0.00 0.00 0.00
181.00 53.00 89.00 183.00 286.00 94.00 103.00 0.08 4.69 6.00 4.00 1.50 10.00 16.00 43.00 37.00 25.00 28.00 0.00 0.00 1.00 1.00 0.00
182.00 49.00 78.00 163.00 249.00 85.00 86.00 0.09 4.76 5.00 6.00 0.83 7.00 19.00 42.00 30.00 25.00 24.00 0.00 0.00 1.00 0.00 0.00
183.00 50.00 83.00 168.00 250.00 85.00 82.00 0.09 4.69 6.00 6.00 1.00 7.00 16.00 43.00 34.00 24.00 26.00 0.00 0.00 1.00 1.00 0.00
184.00 53.00 90.00 190.00 271.00 100.00 81.00 0.09 4.78 4.00 4.00 1.00 12.00 21.00 41.00 32.00 30.00 23.00 0.00 0.00 1.00 0.00 0.00
185.00 50.00 77.00 156.00 270.00 79.00 114.00 0.08 4.63 5.00 6.00 0.83 8.00 17.00 42.00 33.00 29.00 21.00 0.00 0.00 0.00 0.00 0.00
186.00 42.00 57.00 136.00 229.00 79.00 93.00 0.10 4.45 3.00 4.00 0.75 10.00 20.00 32.00 22.00 26.00 16.00 0.00 0.00 1.00 0.00 0.00
187.00 54.00 95.00 182.00 276.00 87.00 94.00 0.08 4.73 7.00 4.00 1.75 9.00 22.00 45.00 32.00 33.00 21.00 0.00 1.00 1.00 0.00 0.00
188.00 49.00 79.00 163.00 258.00 84.00 95.00 0.08 4.75 6.00 5.00 1.20 9.00 19.00 40.00 30.00 28.00 21.00 0.00 0.00 0.00 1.00 0.00
189.00 42.00 56.00 137.00 229.00 81.00 92.00 0.08 5.10 6.00 3.00 2.00 8.00 14.00 34.00 28.00 16.00 26.00 0.00 0.00 3.00 0.00 0.00
190.00 48.00 64.00 142.00 257.00 78.00 115.00 0.09 5.01 5.00 2.00 2.50 9.00 20.00 39.00 28.00 25.00 23.00 0.00 0.00 1.00 0.00 0.00
191.00 47.00 81.00 160.00 248.00 79.00 88.00 0.09 4.84 5.00 4.00 1.25 9.00 13.00 38.00 34.00 21.00 26.00 0.00 0.00 0.00 0.00 0.00
192.00 50.00 82.00 166.00 257.00 84.00 91.00 0.08 4.94 4.00 2.00 2.00 9.00 18.00 41.00 32.00 27.00 23.00 0.00 0.00 0.00 0.00 0.00
193.00 57.00 100.00 189.00 302.00 89.00 113.00 0.08 4.82 5.00 4.00 1.25 18.00 28.00 39.00 29.00 38.00 19.00 0.00 0.00 2.00 0.00 0.00
194.00 50.00 65.00 153.00 261.00 88.00 108.00 0.07 4.92 4.00 2.00 2.00 7.00 20.00 43.00 30.00 25.00 25.00 0.00 0.00 0.00 1.00 0.00
195.00 46.00 57.00 141.00 240.00 84.00 99.00 0.07 4.89 4.00 1.00 4.00 9.00 20.00 37.00 26.00 28.00 18.00 0.00 0.00 0.00 0.00 0.00
196.00 46.00 61.00 147.00 250.00 86.00 103.00 0.08 4.98 3.00 1.00 3.00 11.00 25.00 35.00 21.00 33.00 13.00 0.00 0.00 0.00 1.00 0.00
197.00 49.00 69.00 163.00 260.00 94.00 97.00 0.09 5.07 4.00 2.00 2.00 12.00 18.00 37.00 31.00 28.00 21.00 0.00 0.00 0.00 1.00 0.00
198.00 42.00 53.00 138.00 229.00 85.00 91.00 0.09 4.96 4.00 3.00 1.33 10.00 15.00 32.00 27.00 22.00 20.00 1.00 0.00 0.00 1.00 0.00
199.00 46.00 58.00 153.00 243.00 95.00 90.00 0.08 4.89 3.00 1.00 3.00 11.00 20.00 35.00 26.00 28.00 18.00 0.00 0.00 2.00 0.00 0.00
200.00 50.00 77.00 162.00 269.00 85.00 107.00 0.10 4.89 3.00 3.00 1.00 8.00 21.00 42.00 29.00 37.00 13.00 0.00 0.00 2.00 0.00 0.00
201.00 50.00 72.00 162.00 269.00 90.00 107.00 0.08 4.97 4.00 2.00 2.00 10.00 19.00 40.00 31.00 30.00 20.00 0.00 0.00 1.00 0.00 0.00
202.00 46.00 75.00 151.00 247.00 76.00 96.00 0.08 4.78 5.00 2.00 2.50 6.00 14.00 40.00 32.00 22.00 24.00 0.00 0.00 1.00 0.00 0.00
203.00 51.00 68.00 157.00 272.00 89.00 115.00 0.09 5.01 5.00 3.00 1.67 11.00 19.00 40.00 32.00 27.00 24.00 0.00 0.00 0.00 0.00 0.00
204.00 47.00 78.00 155.00 256.00 77.00 101.00 0.07 5.11 5.00 5.00 1.00 7.00 15.00 40.00 32.00 21.00 26.00 0.00 0.00 0.00 0.00 0.00
205.00 48.00 81.00 160.00 257.00 79.00 97.00 0.09 4.89 6.00 4.00 1.50 4.00 13.00 44.00 35.00 27.00 21.00 0.00 0.00 0.00 0.00 0.00
206.00 49.00 66.00 156.00 250.00 90.00 94.00 0.09 5.26 6.00 3.00 2.00 9.00 19.00 40.00 30.00 32.00 17.00 0.00 0.00 0.00 0.00 0.00
207.00 45.00 78.00 149.00 233.00 71.00 84.00 0.08 5.24 6.00 3.00 2.00 10.00 17.00 35.00 28.00 31.00 14.00 0.00 0.00 0.00 0.00 0.00
208.00 47.00 79.00 159.00 241.00 80.00 82.00 0.09 4.73 5.00 4.00 1.25 15.00 21.00 32.00 26.00 26.00 21.00 0.00 0.00 0.00 0.00 0.00
209.00 49.00 82.00 159.00 255.00 77.00 96.00 0.07 4.89 5.00 3.00 1.67 9.00 17.00 40.00 32.00 31.00 18.00 1.00 0.00 0.00 0.00 0.00
210.00 48.00 76.00 160.00 261.00 84.00 101.00 0.08 5.00 3.00 4.00 0.75 3.00 13.00 45.00 35.00 27.00 21.00 0.00 0.00 0.00 0.00 0.00
211.00 48.00 78.00 159.00 251.00 81.00 92.00 0.09 5.12 3.00 2.00 1.50 7.00 20.00 41.00 28.00 30.00 18.00 0.00 0.00 0.00 0.00 1.00
212.00 49.00 72.00 156.00 249.00 84.00 93.00 0.09 4.80 3.00 4.00 0.75 14.00 19.00 35.00 30.00 30.00 19.00 0.00 0.00 0.00 1.00 0.00
213.00 48.00 82.00 159.00 258.00 77.00 99.00 0.08 5.14 3.00 6.00 0.50 6.00 14.00 42.00 34.00 23.00 25.00 0.00 0.00 1.00 0.00 0.00
214.00 54.00 78.00 174.00 279.00 96.00 105.00 0.09 5.13 3.00 5.00 0.60 16.00 27.00 38.00 27.00 33.00 21.00 0.00 0.00 0.00 0.00 0.00
215.00 55.00 85.00 186.00 285.00 101.00 99.00 0.08 5.16 3.00 6.00 0.50 7.00 22.00 48.00 33.00 33.00 22.00 0.00 0.00 0.00 0.00 1.00
216.00 49.00 86.00 174.00 255.00 88.00 81.00 0.07 4.78 2.00 5.00 0.40 4.00 10.00 45.00 39.00 22.00 27.00 0.00 0.00 0.00 0.00 0.00
217.00 54.00 92.00 185.00 277.00 93.00 92.00 0.08 5.16 3.00 4.00 0.75 10.00 22.00 44.00 32.00 34.00 20.00 0.00 0.00 2.00 0.00 0.00
218.00 51.00 80.00 161.00 268.00 81.00 107.00 0.07 4.57 2.00 5.00 0.40 12.00 21.00 39.00 30.00 30.00 21.00 0.00 0.00 1.00 1.00 0.00
219.00 58.00 87.00 190.00 304.00 103.00 114.00 0.07 5.42 2.00 5.00 0.40 9.00 24.00 49.00 34.00 34.00 24.00 0.00 0.00 0.00 1.00 0.00
220.00 55.00 98.00 179.00 283.00 81.00 104.00 0.08 4.86 4.00 6.00 0.67 9.00 25.00 46.00 30.00 30.00 25.00 0.00 0.00 1.00 1.00 0.00
221.00 54.00 84.00 174.00 286.00 90.00 112.00 0.10 4.83 4.00 5.00 0.80 12.00 19.00 42.00 35.00 30.00 24.00 0.00 0.00 1.00 1.00 1.00
222.00 51.00 82.00 179.00 273.00 97.00 94.00 0.09 4.89 3.00 4.00 0.75 8.00 19.00 43.00 32.00 27.00 24.00 0.00 0.00 0.00 0.00 0.00
223.00 53.00 86.00 175.00 275.00 89.00 100.00 0.11 5.10 3.00 5.00 0.60 11.00 22.00 42.00 31.00 30.00 23.00 0.00 0.00 1.00 0.00 0.00
224.00 60.00 94.00 192.00 313.00 98.00 121.00 0.08 4.83 3.00 4.00 0.75 14.00 23.00 46.00 37.00 31.00 29.00 0.00 0.00 1.00 0.00 0.00
225.00 55.00 95.00 183.00 280.00 88.00 97.00 0.09 4.76 4.00 5.00 0.80 11.00 23.00 44.00 32.00 27.00 28.00 0.00 0.00 1.00 0.00 0.00
226.00 53.00 86.00 164.00 274.00 78.00 110.00 0.10 5.07 4.00 4.00 1.00 8.00 19.00 45.00 34.00 28.00 25.00 0.00 0.00 0.00 1.00 0.00
227.00 53.00 96.00 181.00 284.00 85.00 103.00 0.09 5.03 4.00 5.00 0.80 9.00 17.00 44.00 36.00 23.00 30.00 0.00 0.00 1.00 0.00 0.00
228.00 55.00 77.00 168.00 286.00 91.00 118.00 0.09 5.19 4.00 5.00 0.80 8.00 24.00 47.00 31.00 30.00 25.00 0.00 0.00 1.00 0.00 0.00
229.00 54.00 89.00 183.00 293.00 94.00 110.00 0.08 4.95 4.00 5.00 0.80 12.00 21.00 42.00 33.00 27.00 27.00 0.00 0.00 1.00 0.00 1.00
230.00 58.00 86.00 190.00 306.00 104.00 116.00 0.08 4.98 4.00 5.00 0.80 14.00 24.00 44.00 34.00 32.00 26.00 0.00 0.00 2.00 0.00 0.00
231.00 52.00 76.00 161.00 282.00 85.00 121.00 0.08 5.19 4.00 5.00 0.80 8.00 20.00 44.00 32.00 31.00 21.00 1.00 0.00 1.00 0.00 0.00
232.00 52.00 89.00 167.00 276.00 78.00 109.00 0.09 4.96 3.00 4.00 0.75 10.00 17.00 42.00 35.00 23.00 29.00 1.00 0.00 1.00 0.00 0.00
233.00 54.00 85.00 183.00 291.00 98.00 108.00 0.08 5.06 5.00 5.00 1.00 9.00 16.00 45.00 38.00 23.00 31.00 1.00 0.00 1.00 1.00 0.00
234.00 51.00 81.00 166.00 267.00 85.00 101.00 0.09 4.89 4.00 2.00 2.00 10.00 16.00 41.00 35.00 30.00 21.00 1.00 0.00 0.00 1.00 0.00
235.00 56.00 89.00 188.00 305.00 99.00 117.00 0.08 5.18 4.00 3.00 1.33 11.00 19.00 45.00 37.00 29.00 27.00 1.00 0.00 0.00 1.00 0.00
236.00 56.00 86.00 180.00 295.00 94.00 115.00 0.07 5.19 4.00 1.00 4.00 6.00 19.00 50.00 37.00 25.00 31.00 1.00 0.00 0.00 1.00 0.00
237.00 53.00 84.00 183.00 287.00 99.00 104.00 0.09 5.11 4.00 2.00 2.00 8.00 20.00 45.00 33.00 27.00 26.00 0.00 0.00 1.00 1.00 0.00
238.00 51.00 89.00 176.00 272.00 87.00 96.00 0.09 5.15 5.00 2.00 2.50 6.00 16.00 45.00 35.00 29.00 22.00 0.00 0.00 2.00 1.00 0.00
239.00 61.00 69.00 196.00 317.00 127.00 121.00 0.08 5.38 3.00 3.00 1.00 11.00 26.00 50.00 35.00 39.00 22.00 0.00 0.00 2.00 1.00 0.00
240.00 53.00 86.00 171.00 285.00 85.00 114.00 0.08 5.01 4.00 3.00 1.33 10.00 20.00 43.00 33.00 26.00 27.00 1.00 0.00 1.00 1.00 0.00
241.00 56.00 78.00 179.00 290.00 101.00 111.00 0.08 4.93 3.00 1.00 3.00 10.00 24.00 46.00 32.00 35.00 21.00 0.00 0.00 1.00 0.00 0.00
242.00 52.00 69.00 168.00 278.00 99.00 110.00 0.08 4.97 5.00 3.00 1.67 6.00 15.00 46.00 37.00 29.00 23.00 1.00 0.00 0.00 0.00 0.00
243.00 49.00 84.00 169.00 264.00 85.00 95.00 0.08 4.87 5.00 4.00 1.25 12.00 17.00 37.00 32.00 26.00 23.00 1.00 0.00 0.00 1.00 0.00
244.00 54.00 76.00 183.00 287.00 107.00 104.00 0.07 4.84 5.00 3.00 1.67 11.00 21.00 43.00 33.00 30.00 24.00 1.00 0.00 0.00 0.00 0.00
245.00 49.00 66.00 153.00 262.00 87.00 109.00 0.08 4.87 4.00 2.00 2.00 10.00 18.00 39.00 31.00 29.00 20.00 1.00 0.00 0.00 0.00 0.00
246.00 46.00 72.00 153.00 254.00 81.00 101.00 0.10 5.05 8.00 2.00 4.00 9.00 15.00 37.00 31.00 23.00 23.00 1.00 0.00 1.00 0.00 0.00
247.00 54.00 78.00 188.00 295.00 110.00 107.00 0.08 5.01 6.00 5.00 1.20 8.00 20.00 46.00 34.00 26.00 28.00 1.00 0.00 0.00 0.00 0.00
248.00 52.00 63.00 165.00 278.00 102.00 113.00 0.09 5.23 5.00 3.00 1.67 10.00 19.00 42.00 33.00 32.00 20.00 1.00 0.00 1.00 0.00 0.00
249.00 52.00 83.00 179.00 278.00 96.00 99.00 0.08 5.14 6.00 1.00 6.00 11.00 23.00 41.00 29.00 29.00 23.00 1.00 0.00 0.00 0.00 0.00
250.00 52.00 84.00 171.00 282.00 87.00 111.00 0.09 5.00 7.00 2.00 3.50 8.00 13.00 44.00 39.00 21.00 31.00 1.00 0.00 1.00 1.00 0.00
251.00 55.00 85.00 184.00 295.00 99.00 111.00 0.08 5.02 6.00 2.00 3.00 8.00 18.00 47.00 37.00 27.00 28.00 1.00 0.00 3.00 1.00 0.00
252.00 53.00 87.00 183.00 281.00 96.00 98.00 0.08 5.05 4.00 1.00 4.00 14.00 26.00 39.00 27.00 28.00 25.00 1.00 0.00 1.00 0.00 0.00
253.00 57.00 77.00 166.00 279.00 89.00 113.00 0.08 5.09 4.00 2.00 2.00 15.00 24.00 42.00 33.00 33.00 24.00 1.00 0.00 2.00 0.00 0.00
254.00 57.00 88.00 188.00 302.00 100.00 114.00 0.07 4.83 5.00 5.00 1.00 11.00 19.00 46.00 38.00 31.00 26.00 0.00 0.00 0.00 0.00 0.00
255.00 54.00 79.00 172.00 293.00 93.00 121.00 0.08 4.72 6.00 2.00 3.00 9.00 20.00 45.00 34.00 29.00 25.00 1.00 0.00 0.00 0.00 0.00
256.00 57.00 78.00 183.00 307.00 105.00 124.00 0.07 4.87 5.00 3.00 1.67 11.00 20.00 46.00 37.00 28.00 29.00 1.00 0.00 1.00 0.00 0.00
257.00 61.00 109.00 208.00 317.00 99.00 109.00 0.09 4.89 5.00 4.00 1.25 11.00 25.00 50.00 36.00 31.00 30.00 1.00 0.00 0.00 0.00 0.00
258.00 46.00 64.00 151.00 246.00 87.00 95.00 0.08 4.82 4.00 5.00 0.80 9.00 17.00 37.00 29.00 24.00 22.00 1.00 0.00 0.00 0.00 0.00
259.00 55.00 93.00 182.00 290.00 89.00 108.00 0.07 4.88 4.00 7.00 0.57 11.00 20.00 44.00 35.00 31.00 24.00 1.00 0.00 0.00 0.00 0.00
260.00 51.00 87.00 171.00 271.00 84.00 100.00 0.07 4.90 2.00 3.00 0.67 7.00 14.00 44.00 37.00 20.00 31.00 1.00 0.00 1.00 0.00 0.00
261.00 52.00 66.00 166.00 282.00 100.00 116.00 0.10 4.76 4.00 5.00 0.80 7.00 14.00 45.00 38.00 26.00 26.00 0.00 0.00 1.00 0.00 0.00
262.00 52.00 83.00 169.00 267.00 86.00 98.00 0.10 4.77 4.00 4.00 1.00 10.00 21.00 42.00 31.00 25.00 27.00 1.00 0.00 0.00 0.00 0.00
263.00 54.00 82.00 181.00 280.00 99.00 99.00 0.10 4.70 4.00 3.00 1.33 12.00 29.00 42.00 25.00 39.00 15.00 1.00 0.00 2.00 1.00 0.00
264.00 43.00 72.00 140.00 221.00 68.00 81.00 0.09 4.45 5.00 6.00 0.83 9.00 16.00 34.00 27.00 26.00 17.00 0.00 0.00 1.00 0.00 0.00
265.00 50.00 85.00 164.00 263.00 79.00 99.00 0.09 4.52 5.00 5.00 1.00 14.00 23.00 36.00 27.00 32.00 18.00 0.00 0.00 0.00 0.00 0.00
266.00 54.00 92.00 184.00 293.00 92.00 109.00 0.06 4.64 4.00 4.00 1.00 7.00 16.00 47.00 38.00 27.00 27.00 2.00 0.00 1.00 0.00 0.00
267.00 51.00 81.00 168.00 258.00 87.00 90.00 0.09 4.30 5.00 6.00 0.83 11.00 20.00 40.00 31.00 29.00 22.00 1.00 0.00 0.00 0.00 0.00
268.00 56.00 95.00 188.00 299.00 93.00 111.00 0.11 4.50 6.00 5.00 1.20 14.00 25.00 42.00 31.00 33.00 23.00 0.00 0.00 0.00 0.00 0.00
269.00 55.00 88.00 183.00 291.00 95.00 108.00 0.08 4.54 4.00 4.00 1.00 9.00 20.00 46.00 35.00 33.00 22.00 0.00 0.00 0.00 0.00 0.00
270.00 53.00 82.00 170.00 267.00 88.00 97.00 0.08 4.77 4.00 5.00 0.80 10.00 18.00 43.00 35.00 25.00 28.00 1.00 0.00 1.00 0.00 0.00
271.00 53.00 87.00 177.00 277.00 90.00 100.00 0.08 4.78 3.00 4.00 0.75 13.00 21.00 40.00 32.00 29.00 24.00 1.00 0.00 0.00 0.00 0.00
272.00 47.00 67.00 158.00 247.00 91.00 89.00 0.09 4.71 4.00 3.00 1.33 9.00 19.00 38.00 28.00 28.00 19.00 1.00 0.00 2.00 0.00 0.00
273.00 53.00 97.00 193.00 284.00 96.00 91.00 0.07 4.34 5.00 5.00 1.00 4.00 18.00 49.00 35.00 29.00 24.00 1.00 0.00 1.00 0.00 0.00
274.00 40.00 47.00 122.00 209.00 75.00 87.00 0.09 4.34 3.00 3.00 1.00 7.00 17.00 33.00 23.00 20.00 20.00 0.00 0.00 1.00 0.00 0.00
275.00 53.00 78.00 186.00 280.00 108.00 94.00 0.07 4.49 4.00 5.00 0.80 11.00 21.00 42.00 32.00 28.00 25.00 1.00 0.00 1.00 0.00 1.00
276.00 53.00 79.00 172.00 286.00 93.00 114.00 0.07 4.57 5.00 5.00 1.00 8.00 24.00 45.00 29.00 28.00 25.00 2.00 0.00 0.00 0.00 0.00
277.00 54.00 85.00 180.00 284.00 95.00 104.00 0.09 4.51 6.00 6.00 1.00 11.00 19.00 43.00 35.00 25.00 29.00 1.00 0.00 1.00 0.00 0.00
278.00 51.00 69.00 153.00 260.00 84.00 107.00 0.07 4.77 4.00 4.00 1.00 10.00 19.00 41.00 32.00 26.00 25.00 1.00 0.00 1.00 0.00 0.00
279.00 54.00 86.00 186.00 295.00 100.00 109.00 0.10 4.65 4.00 5.00 0.80 6.00 11.00 48.00 43.00 25.00 29.00 2.00 0.00 0.00 0.00 0.00
280.00 56.00 100.00 194.00 301.00 94.00 107.00 0.09 4.75 4.00 4.00 1.00 6.00 16.00 50.00 40.00 27.00 29.00 2.00 0.00 0.00 0.00 0.00
281.00 49.00 75.00 165.00 267.00 90.00 102.00 0.09 4.75 4.00 5.00 0.80 12.00 19.00 37.00 30.00 28.00 21.00 2.00 0.00 0.00 0.00 0.00
282.00 52.00 82.00 181.00 291.00 99.00 110.00 0.07 4.72 5.00 3.00 1.67 9.00 14.00 43.00 38.00 23.00 29.00 2.00 0.00 0.00 0.00 1.00
283.00 52.00 86.00 173.00 277.00 87.00 104.00 0.07 4.50 5.00 4.00 1.25 12.00 16.00 40.00 36.00 23.00 29.00 1.00 0.00 0.00 0.00 0.00
284.00 54.00 72.00 176.00 287.00 104.00 111.00 0.08 4.85 5.00 4.00 1.25 13.00 22.00 41.00 32.00 30.00 24.00 1.00 0.00 1.00 0.00 0.00
285.00 54.00 72.00 180.00 301.00 108.00 121.00 0.09 4.68 4.00 6.00 0.67 10.00 23.00 44.00 31.00 30.00 24.00 1.00 0.00 0.00 0.00 0.00
286.00 56.00 89.00 191.00 297.00 102.00 106.00 0.08 4.80 3.00 3.00 1.00 16.00 24.00 40.00 32.00 35.00 21.00 1.00 0.00 1.00 1.00 0.00
287.00 53.00 83.00 182.00 283.00 99.00 101.00 0.09 4.68 4.00 5.00 0.80 7.00 17.00 46.00 36.00 25.00 28.00 1.00 0.00 1.00 0.00 0.00
288.00 49.00 77.00 164.00 262.00 87.00 98.00 0.09 4.65 4.00 3.00 1.33 6.00 20.00 43.00 29.00 28.00 21.00 1.00 0.00 0.00 1.00 0.00
289.00 52.00 87.00 168.00 277.00 81.00 109.00 0.10 4.63 4.00 3.00 1.33 11.00 17.00 41.00 35.00 25.00 27.00 1.00 0.00 0.00 0.00 0.00
290.00 50.00 79.00 164.00 269.00 85.00 105.00 0.08 4.42 4.00 4.00 1.00 5.00 12.00 45.00 38.00 21.00 29.00 2.00 0.00 0.00 0.00 0.00
291.00 49.00 64.00 165.00 275.00 101.00 110.00 0.08 4.67 6.00 4.00 1.50 5.00 15.00 44.00 34.00 23.00 26.00 2.00 0.00 1.00 0.00 0.00
292.00 57.00 78.00 179.00 308.00 101.00 129.00 0.08 4.61 4.00 4.00 1.00 17.00 26.00 40.00 31.00 39.00 18.00 0.00 0.00 0.00 0.00 0.00
293.00 59.00 93.00 201.00 315.00 108.00 114.00 0.08 4.60 3.00 5.00 0.60 13.00 26.00 46.00 33.00 28.00 31.00 2.00 0.00 0.00 1.00 0.00
294.00 51.00 73.00 154.00 267.00 81.00 113.00 0.08 4.75 3.00 4.00 0.75 10.00 18.00 41.00 33.00 26.00 25.00 2.00 0.00 0.00 0.00 0.00
295.00 52.00 67.00 166.00 276.00 99.00 110.00 0.09 4.77 3.00 4.00 0.75 6.00 18.00 46.00 34.00 22.00 30.00 1.00 0.00 1.00 0.00 1.00
296.00 52.00 73.00 169.00 279.00 96.00 110.00 0.09 4.49 3.00 5.00 0.60 8.00 16.00 44.00 36.00 25.00 27.00 1.00 0.00 1.00 0.00 0.00
297.00 50.00 75.00 153.00 260.00 78.00 107.00 0.09 4.51 3.00 5.00 0.60 7.00 17.00 43.00 33.00 31.00 19.00 0.00 0.00 2.00 1.00 0.00
298.00 47.00 66.00 149.00 251.00 83.00 102.00 0.10 4.58 3.00 4.00 0.75 10.00 18.00 37.00 29.00 28.00 19.00 1.00 0.00 1.00 0.00 0.00
299.00 47.00 61.00 159.00 257.00 98.00 98.00 0.08 4.73 3.00 4.00 0.75 4.00 16.00 43.00 31.00 20.00 27.00 1.00 0.00 1.00 0.00 0.00
300.00 51.00 70.00 168.00 281.00 98.00 113.00 0.09 4.76 3.00 4.00 0.75 8.00 21.00 43.00 30.00 31.00 20.00 2.00 0.00 0.00 0.00 1.00
301.00 50.00 75.00 168.00 263.00 93.00 95.00 0.11 4.65 3.00 5.00 0.60 10.00 20.00 40.00 30.00 29.00 21.00 2.00 0.00 0.00 0.00 1.00
302.00 50.00 72.00 171.00 273.00 99.00 102.00 0.09 4.36 3.00 3.00 1.00 9.00 19.00 41.00 31.00 26.00 24.00 1.00 0.00 0.00 0.00 0.00
303.00 47.00 70.00 159.00 253.00 89.00 94.00 0.08 4.71 4.00 2.00 2.00 4.00 14.00 43.00 33.00 21.00 26.00 2.00 0.00 0.00 0.00 0.00
304.00 52.00 78.00 178.00 280.00 100.00 102.00 0.08 4.88 4.00 4.00 1.00 11.00 20.00 41.00 32.00 26.00 26.00 3.00 0.00 0.00 0.00 1.00
305.00 51.00 69.00 150.00 264.00 81.00 114.00 0.08 4.78 3.00 4.00 0.75 11.00 24.00 40.00 27.00 34.00 17.00 2.00 0.00 0.00 0.00 0.00
306.00 47.00 64.00 148.00 254.00 84.00 106.00 0.09 4.79 4.00 3.00 1.33 6.00 10.00 41.00 37.00 26.00 21.00 2.00 0.00 0.00 1.00 0.00
307.00 52.00 70.00 166.00 274.00 96.00 108.00 0.08 4.55 3.00 5.00 0.60 12.00 19.00 40.00 33.00 30.00 22.00 1.00 0.00 0.00 0.00 0.00
308.00 52.00 81.00 172.00 274.00 91.00 102.00 0.09 4.75 3.00 5.00 0.60 13.00 26.00 39.00 26.00 33.00 19.00 0.00 0.00 0.00 0.00 0.00
309.00 47.00 74.00 150.00 252.00 76.00 102.00 0.08 4.77 2.00 5.00 0.40 11.00 23.00 36.00 24.00 28.00 19.00 0.00 0.00 0.00 0.00 0.00
310.00 44.00 49.00 123.00 221.00 74.00 98.00 0.08 4.80 3.00 5.00 0.60 13.00 23.00 31.00 21.00 28.00 16.00 1.00 0.00 0.00 0.00 0.00
311.00 44.00 51.00 132.00 232.00 81.00 100.00 0.08 4.69 3.00 4.00 0.75 10.00 20.00 34.00 24.00 26.00 18.00 1.00 0.00 0.00 0.00 0.00
312.00 39.00 43.00 113.00 207.00 70.00 94.00 0.09 4.74 2.00 3.00 0.67 9.00 18.00 30.00 21.00 23.00 16.00 1.00 0.00 0.00 0.00 0.00
313.00 42.00 55.00 127.00 218.00 72.00 91.00 0.08 4.86 5.00 4.00 1.25 8.00 18.00 34.00 24.00 25.00 17.00 1.00 0.00 1.00 0.00 0.00
314.00 43.00 49.00 128.00 222.00 79.00 94.00 0.07 4.56 2.00 3.00 0.67 10.00 22.00 33.00 21.00 26.00 17.00 1.00 0.00 0.00 0.00 0.00
315.00 47.00 70.00 154.00 248.00 84.00 94.00 0.07 4.75 4.00 4.00 1.00 10.00 17.00 37.00 30.00 24.00 23.00 1.00 0.00 0.00 0.00 0.00
316.00 43.00 55.00 132.00 225.00 77.00 93.00 0.09 4.88 2.00 5.00 0.40 12.00 21.00 31.00 22.00 29.00 14.00 2.00 0.00 0.00 1.00 0.00
317.00 38.00 48.00 117.00 207.00 69.00 90.00 0.10 4.91 2.00 5.00 0.40 5.00 12.00 33.00 26.00 19.00 19.00 2.00 0.00 0.00 0.00 0.00
318.00 38.00 51.00 117.00 195.00 66.00 78.00 0.09 4.81 3.00 3.00 1.00 5.00 13.00 33.00 25.00 20.00 18.00 2.00 0.00 0.00 0.00 0.00
319.00 44.00 64.00 136.00 231.00 72.00 95.00 0.09 4.72 2.00 4.00 0.50 7.00 19.00 37.00 25.00 24.00 20.00 2.00 0.00 0.00 1.00 0.00
320.00 44.00 63.00 141.00 236.00 78.00 95.00 0.08 4.69 2.00 4.00 0.50 11.00 17.00 33.00 27.00 25.00 19.00 1.00 1.00 0.00 0.00 0.00
321.00 42.00 46.00 129.00 220.00 83.00 91.00 0.08 4.85 3.00 4.00 0.75 10.00 20.00 32.00 22.00 28.00 14.00 2.00 0.00 0.00 0.00 0.00
322.00 44.00 76.00 148.00 231.00 72.00 83.00 0.08 4.76 3.00 3.00 1.00 11.00 21.00 33.00 23.00 23.00 21.00 2.00 0.00 0.00 1.00 0.00
323.00 45.00 59.00 143.00 244.00 84.00 101.00 0.08 4.84 5.00 3.00 1.67 9.00 19.00 36.00 26.00 27.00 18.00 1.00 0.00 2.00 1.00 0.00
324.00 42.00 67.00 138.00 225.00 71.00 87.00 0.08 4.89 3.00 4.00 0.75 8.00 15.00 34.00 27.00 21.00 21.00 3.00 0.00 2.00 1.00 0.00
325.00 40.00 49.00 122.00 211.00 73.00 89.00 0.09 4.75 3.00 4.00 0.75 8.00 21.00 32.00 19.00 25.00 15.00 1.00 0.00 1.00 0.00 0.00
326.00 47.00 77.00 148.00 240.00 71.00 92.00 0.10 4.69 2.00 4.00 0.50 9.00 18.00 38.00 29.00 24.00 23.00 1.00 0.00 1.00 1.00 0.00
327.00 44.00 62.00 143.00 227.00 81.00 84.00 0.08 4.66 2.00 4.00 0.50 11.00 20.00 33.00 24.00 27.00 17.00 1.00 0.00 1.00 1.00 0.00
328.00 43.00 59.00 138.00 230.00 79.00 92.00 0.08 4.54 2.00 4.00 0.50 9.00 21.00 34.00 22.00 29.00 14.00 0.00 0.00 1.00 0.00 0.00
329.00 34.00 51.00 102.00 182.00 51.00 80.00 0.10 4.79 2.00 3.00 0.67 7.00 15.00 27.00 19.00 21.00 13.00 0.00 0.00 0.00 0.00 0.00
330.00 41.00 50.00 120.00 214.00 70.00 94.00 0.08 4.58 2.00 4.00 0.50 11.00 20.00 30.00 21.00 23.00 18.00 0.00 0.00 1.00 0.00 0.00
331.00 46.00 69.00 154.00 241.00 85.00 87.00 0.07 4.84 2.00 2.00 1.00 11.00 19.00 35.00 27.00 25.00 21.00 1.00 0.00 1.00 0.00 0.00
332.00 42.00 52.00 119.00 227.00 67.00 108.00 0.09 4.64 2.00 1.00 2.00 10.00 17.00 32.00 25.00 22.00 20.00 1.00 1.00 2.00 0.00 0.00
333.00 47.00 56.00 143.00 253.00 87.00 110.00 0.08 4.65 2.00 2.00 1.00 11.00 21.00 36.00 26.00 29.00 18.00 0.00 0.00 2.00 0.00 0.00
334.00 46.00 68.00 149.00 246.00 81.00 97.00 0.09 4.69 2.00 3.00 0.67 11.00 18.00 35.00 28.00 26.00 20.00 1.00 0.00 2.00 1.00 0.00
335.00 50.00 71.00 156.00 266.00 85.00 110.00 0.09 4.64 3.00 2.00 1.50 13.00 23.00 37.00 27.00 29.00 21.00 2.00 0.00 1.00 0.00 0.00
336.00 45.00 71.00 143.00 238.00 72.00 95.00 0.10 4.80 2.00 2.00 1.00 11.00 15.00 34.00 30.00 25.00 20.00 1.00 0.00 0.00 0.00 0.00
337.00 34.00 35.00 99.00 180.00 64.00 81.00 0.08 4.53 2.00 3.00 0.67 6.00 15.00 28.00 19.00 20.00 14.00 1.00 0.00 0.00 1.00 0.00
338.00 43.00 53.00 135.00 233.00 82.00 98.00 0.09 4.78 2.00 1.00 2.00 12.00 22.00 31.00 21.00 27.00 16.00 1.00 0.00 0.00 2.00 0.00
339.00 43.00 63.00 138.00 232.00 75.00 94.00 0.08 4.66 2.00 2.00 1.00 10.00 18.00 33.00 25.00 24.00 19.00 1.00 0.00 1.00 0.00 0.00
340.00 44.00 64.00 146.00 236.00 82.00 90.00 0.09 4.71 2.00 3.00 0.67 11.00 19.00 33.00 25.00 24.00 20.00 1.00 0.00 1.00 0.00 0.00
341.00 43.00 52.00 122.00 219.00 70.00 97.00 0.08 4.86 1.00 3.00 0.33 11.00 19.00 32.00 24.00 24.00 19.00 1.00 0.00 2.00 0.00 0.00
342.00 44.00 68.00 133.00 232.00 65.00 99.00 0.08 4.84 1.00 2.00 0.50 10.00 24.00 34.00 20.00 28.00 16.00 1.00 0.00 2.00 1.00 0.00
343.00 42.00 52.00 126.00 221.00 74.00 95.00 0.07 4.81 2.00 1.00 2.00 7.00 18.00 35.00 24.00 24.00 18.00 1.00 0.00 2.00 0.00 0.00
344.00 44.00 65.00 136.00 222.00 71.00 86.00 0.09 4.75 3.00 2.00 1.50 9.00 19.00 35.00 25.00 24.00 20.00 0.00 0.00 1.00 0.00 0.00
345.00 33.00 38.00 95.00 169.00 57.00 74.00 0.09 4.60 3.00 1.00 3.00 7.00 15.00 26.00 18.00 20.00 13.00 0.00 0.00 1.00 0.00 0.00
346.00 33.00 32.00 98.00 177.00 66.00 79.00 0.09 4.62 3.00 2.00 1.50 8.00 16.00 25.00 17.00 22.00 11.00 1.00 0.00 1.00 0.00 0.00
347.00 35.00 39.00 108.00 187.00 69.00 79.00 0.09 4.90 1.00 1.00 1.00 5.00 13.00 30.00 22.00 19.00 16.00 1.00 0.00 1.00 0.00 0.00
348.00 39.00 42.00 116.00 215.00 74.00 99.00 0.08 4.51 1.00 3.00 0.33 6.00 15.00 33.00 24.00 23.00 16.00 1.00 0.00 0.00 0.00 0.00
349.00 33.00 42.00 97.00 171.00 55.00 74.00 0.08 5.07 2.00 2.00 1.00 9.00 14.00 24.00 19.00 21.00 12.00 1.00 0.00 1.00 0.00 0.00
350.00 41.00 58.00 136.00 216.00 78.00 80.00 0.09 4.88 1.00 3.00 0.33 7.00 21.00 34.00 20.00 31.00 10.00 1.00 0.00 1.00 0.00 0.00
351.00 40.00 51.00 128.00 218.00 77.00 90.00 0.08 4.60 2.00 2.00 1.00 8.00 12.00 32.00 28.00 27.00 13.00 1.00 0.00 0.00 0.00 0.00
352.00 36.00 45.00 112.00 185.00 67.00 73.00 0.10 4.74 2.00 3.00 0.67 9.00 24.00 27.00 12.00 28.00 8.00 1.00 0.00 1.00 0.00 0.00
353.00 37.00 48.00 101.00 188.00 53.00 87.00 0.09 4.66 2.00 2.00 1.00 8.00 13.00 29.00 24.00 17.00 20.00 0.00 0.00 1.00 0.00 0.00
354.00 32.00 34.00 91.00 174.00 57.00 83.00 0.07 4.81 1.00 2.00 0.50 4.00 8.00 28.00 24.00 13.00 19.00 1.00 0.00 2.00 0.00 0.00
355.00 33.00 44.00 95.00 168.00 51.00 73.00 0.08 4.75 1.00 2.00 0.50 7.00 14.00 26.00 19.00 19.00 14.00 1.00 0.00 2.00 0.00 0.00
356.00 33.00 36.00 104.00 172.00 68.00 68.00 0.10 4.16 1.00 2.00 0.50 6.00 13.00 27.00 20.00 20.00 13.00 1.00 0.00 1.00 0.00 0.00
357.00 37.00 51.00 112.00 196.00 61.00 84.00 0.10 4.60 2.00 2.00 1.00 15.00 19.00 22.00 18.00 24.00 13.00 0.00 0.00 2.00 0.00 0.00
358.00 35.00 48.00 106.00 174.00 58.00 68.00 0.10 4.56 2.00 2.00 1.00 8.00 16.00 27.00 19.00 22.00 13.00 1.00 0.00 2.00 0.00 0.00
359.00 36.00 45.00 98.00 186.00 53.00 88.00 0.09 4.79 1.00 2.00 0.50 6.00 18.00 30.00 18.00 20.00 16.00 0.00 0.00 1.00 0.00 0.00
360.00 35.00 50.00 94.00 176.00 44.00 82.00 0.08 4.92 1.00 2.00 0.50 8.00 19.00 27.00 16.00 24.00 11.00 0.00 0.00 1.00 0.00 0.00
361.00 29.00 43.00 85.00 145.00 42.00 60.00 0.09 5.04 1.00 4.00 0.25 2.00 8.00 27.00 21.00 15.00 14.00 0.00 0.00 0.00 0.00 0.00
362.00 34.00 44.00 99.00 168.00 55.00 69.00 0.09 4.59 1.00 3.00 0.33 11.00 18.00 23.00 16.00 21.00 13.00 0.00 0.00 2.00 0.00 0.00
363.00 32.00 58.00 99.00 162.00 41.00 63.00 0.08 4.68 1.00 3.00 0.33 6.00 11.00 26.00 21.00 18.00 14.00 0.00 0.00 0.00 0.00 0.00
364.00 36.00 51.00 106.00 189.00 55.00 83.00 0.09 4.85 1.00 2.00 0.50 7.00 19.00 29.00 17.00 28.00 8.00 0.00 0.00 1.00 0.00 0.00
365.00 35.00 44.00 100.00 181.00 56.00 81.00 0.08 5.06 1.00 3.00 0.33 9.00 16.00 26.00 19.00 22.00 13.00 0.00 0.00 1.00 0.00 0.00
366.00 32.00 48.00 93.00 168.00 45.00 75.00 0.11 4.97 1.00 3.00 0.33 9.00 17.00 23.00 15.00 19.00 13.00 0.00 0.00 2.00 0.00 0.00
367.00 32.00 52.00 101.00 165.00 49.00 64.00 0.07 4.70 1.00 2.00 0.50 5.00 9.00 27.00 23.00 15.00 17.00 0.00 0.00 1.00 0.00 0.00
368.00 34.00 39.00 104.00 180.00 65.00 76.00 0.08 5.09 1.00 3.00 0.33 8.00 11.00 26.00 23.00 20.00 14.00 0.00 0.00 1.00 0.00 0.00
369.00 32.00 39.00 96.00 164.00 57.00 68.00 0.09 4.60 1.00 2.00 0.50 7.00 13.00 25.00 19.00 18.00 14.00 0.00 0.00 1.00 0.00 0.00
370.00 33.00 39.00 91.00 161.00 52.00 70.00 0.10 4.95 1.00 2.00 0.50 9.00 16.00 24.00 17.00 22.00 11.00 0.00 0.00 1.00 0.00 0.00
371.00 31.00 40.00 91.00 158.00 51.00 67.00 0.08 4.74 1.00 3.00 0.33 8.00 15.00 23.00 16.00 21.00 10.00 0.00 0.00 0.00 0.00 0.00
372.00 34.00 44.00 99.00 174.00 55.00 75.00 0.08 4.79 1.00 3.00 0.33 9.00 16.00 25.00 18.00 26.00 8.00 0.00 0.00 1.00 0.00 1.00
373.00 27.00 31.00 80.00 142.00 49.00 62.00 0.09 4.92 1.00 2.00 0.50 5.00 11.00 22.00 16.00 16.00 11.00 0.00 0.00 0.00 0.00 0.00
374.00 38.00 62.00 113.00 199.00 51.00 86.00 0.08 5.11 1.00 2.00 0.50 8.00 14.00 30.00 24.00 21.00 17.00 0.00 0.00 1.00 0.00 0.00
375.00 38.00 62.00 110.00 195.00 48.00 85.00 0.08 4.92 1.00 3.00 0.33 11.00 17.00 27.00 21.00 25.00 13.00 0.00 0.00 1.00 0.00 0.00
376.00 30.00 47.00 93.00 156.00 46.00 63.00 0.10 4.89 2.00 1.00 2.00 6.00 15.00 24.00 15.00 18.00 12.00 0.00 0.00 1.00 0.00 0.00
377.00 38.00 42.00 104.00 196.00 62.00 92.00 0.09 4.31 2.00 1.00 2.00 7.00 16.00 31.00 22.00 23.00 15.00 0.00 0.00 0.00 0.00 0.00
378.00 27.00 25.00 69.00 137.00 44.00 68.00 0.08 4.66 2.00 1.00 2.00 9.00 12.00 18.00 15.00 15.00 12.00 0.00 0.00 1.00 0.00 0.00
379.00 34.00 55.00 109.00 179.00 54.00 70.00 0.07 4.61 2.00 2.00 1.00 10.00 18.00 24.00 16.00 24.00 10.00 1.00 0.00 1.00 1.00 0.00
380.00 32.00 44.00 96.00 164.00 52.00 68.00 0.08 4.62 2.00 2.00 1.00 12.00 14.00 20.00 18.00 20.00 12.00 0.00 0.00 1.00 0.00 0.00
381.00 35.00 48.00 96.00 167.00 48.00 71.00 0.09 4.27 1.00 2.00 0.50 8.00 21.00 27.00 14.00 26.00 9.00 0.00 0.00 0.00 0.00 0.00
382.00 29.00 39.00 72.00 134.00 33.00 62.00 0.08 4.89 1.00 1.00 1.00 6.00 12.00 23.00 17.00 21.00 8.00 0.00 0.00 0.00 0.00 0.00
383.00 30.00 39.00 81.00 144.00 42.00 63.00 0.10 4.53 1.00 2.00 0.50 9.00 14.00 21.00 16.00 17.00 13.00 0.00 0.00 1.00 0.00 0.00
384.00 30.00 40.00 88.00 145.00 48.00 57.00 0.09 4.52 1.00 2.00 0.50 3.00 15.00 27.00 15.00 20.00 10.00 0.00 0.00 0.00 0.00 0.00
385.00 28.00 27.00 72.00 138.00 45.00 66.00 0.09 4.46 2.00 1.00 2.00 10.00 15.00 18.00 13.00 19.00 9.00 0.00 0.00 0.00 0.00 0.00
386.00 30.00 41.00 86.00 148.00 45.00 62.00 0.08 4.64 2.00 2.00 1.00 7.00 14.00 23.00 16.00 17.00 13.00 0.00 0.00 0.00 0.00 0.00
387.00 28.00 39.00 81.00 140.00 42.00 59.00 0.08 4.56 2.00 2.00 1.00 7.00 15.00 21.00 13.00 20.00 8.00 0.00 0.00 0.00 0.00 0.00
388.00 25.00 31.00 76.00 135.00 45.00 59.00 0.08 4.79 2.00 2.00 1.00 2.00 9.00 23.00 16.00 11.00 14.00 0.00 0.00 1.00 0.00 0.00
389.00 29.00 48.00 86.00 144.00 38.00 58.00 0.08 4.61 2.00 2.00 1.00 7.00 13.00 22.00 16.00 17.00 12.00 0.00 0.00 0.00 0.00 0.00
390.00 29.00 42.00 90.00 142.00 48.00 52.00 0.10 4.49 2.00 2.00 1.00 6.00 14.00 23.00 15.00 17.00 12.00 0.00 0.00 0.00 0.00 0.00
391.00 26.00 31.00 70.00 122.00 39.00 52.00 0.08 4.49 3.00 2.00 1.50 6.00 12.00 20.00 14.00 17.00 9.00 0.00 0.00 0.00 0.00 0.00
392.00 22.00 29.00 66.00 115.00 37.00 49.00 0.10 4.73 1.00 1.00 1.00 5.00 11.00 17.00 11.00 16.00 6.00 0.00 0.00 0.00 0.00 0.00
393.00 24.00 33.00 69.00 119.00 36.00 50.00 0.09 4.54 1.00 2.00 0.50 5.00 11.00 19.00 13.00 15.00 9.00 0.00 0.00 0.00 0.00 0.00
394.00 30.00 33.00 83.00 149.00 50.00 66.00 0.10 4.60 2.00 2.00 1.00 8.00 18.00 22.00 12.00 21.00 9.00 0.00 0.00 0.00 0.00 0.00
395.00 24.00 23.00 64.00 120.00 41.00 56.00 0.09 4.62 2.00 2.00 1.00 4.00 11.00 20.00 13.00 20.00 4.00 0.00 0.00 0.00 0.00 0.00
396.00 25.00 28.00 77.00 130.00 49.00 53.00 0.07 4.67 2.00 2.00 1.00 7.00 13.00 18.00 12.00 18.00 7.00 0.00 0.00 0.00 0.00 0.00
397.00 23.00 21.00 59.00 114.00 38.00 55.00 0.09 4.50 2.00 1.00 2.00 6.00 14.00 17.00 9.00 16.00 7.00 0.00 0.00 0.00 0.00 0.00
398.00 30.00 46.00 88.00 153.00 42.00 65.00 0.07 4.26 1.00 2.00 0.50 5.00 15.00 25.00 15.00 20.00 10.00 0.00 0.00 0.00 0.00 0.00
399.00 30.00 50.00 86.00 145.00 36.00 59.00 0.07 3.96 1.00 2.00 0.50 6.00 13.00 24.00 17.00 17.00 13.00 0.00 0.00 2.00 0.00 0.00
400.00 25.00 37.00 73.00 133.00 36.00 60.00 0.06 4.18 1.00 2.00 0.50 4.00 10.00 21.00 15.00 15.00 10.00 0.00 0.00 0.00 0.00 0.00
401.00 25.00 34.00 74.00 119.00 40.00 45.00 0.09 4.37 1.00 2.00 0.50 4.00 10.00 21.00 15.00 17.00 8.00 0.00 0.00 0.00 0.00 0.00
402.00 29.00 47.00 85.00 145.00 38.00 60.00 0.09 3.84 1.00 3.00 0.33 8.00 15.00 21.00 14.00 19.00 10.00 0.00 0.00 0.00 0.00 0.00
403.00 30.00 39.00 91.00 156.00 52.00 65.00 0.08 4.08 1.00 3.00 0.33 3.00 7.00 27.00 23.00 18.00 12.00 0.00 0.00 0.00 0.00 0.00
404.00 33.00 39.00 87.00 160.00 48.00 73.00 0.08 3.56 1.00 2.00 0.50 7.00 18.00 26.00 15.00 23.00 10.00 0.00 0.00 0.00 0.00 0.00
405.00 26.00 38.00 83.00 136.00 45.00 53.00 0.08 4.15 2.00 2.00 1.00 5.00 11.00 21.00 15.00 15.00 11.00 0.00 0.00 0.00 0.00 0.00
406.00 27.00 35.00 76.00 132.00 41.00 56.00 0.07 3.22 1.00 2.00 0.50 3.00 13.00 24.00 14.00 17.00 10.00 0.00 0.00 0.00 0.00 0.00
407.00 22.00 21.00 60.00 115.00 39.00 55.00 0.07 4.59 1.00 3.00 0.33 2.00 8.00 20.00 14.00 14.00 8.00 0.00 0.00 0.00 0.00 0.00
408.00 30.00 36.00 83.00 150.00 47.00 67.00 0.07 3.83 1.00 3.00 0.33 10.00 11.00 20.00 19.00 16.00 14.00 0.00 0.00 0.00 0.00 0.00
409.00 30.00 36.00 81.00 148.00 45.00 67.00 0.08 3.87 1.00 2.00 0.50 7.00 13.00 23.00 17.00 19.00 11.00 0.00 0.00 1.00 0.00 0.00
410.00 32.00 45.00 89.00 159.00 44.00 70.00 0.08 3.80 1.00 2.00 0.50 8.00 18.00 24.00 14.00 21.00 11.00 0.00 0.00 0.00 0.00 1.00
411.00 26.00 24.00 76.00 138.00 52.00 62.00 0.08 4.06 2.00 2.00 1.00 5.00 13.00 21.00 13.00 19.00 7.00 0.00 0.00 0.00 0.00 0.00
412.00 28.00 32.00 77.00 141.00 45.00 64.00 0.08 4.44 1.00 1.00 1.00 6.00 10.00 22.00 18.00 17.00 11.00 0.00 0.00 0.00 0.00 0.00
413.00 28.00 24.00 81.00 148.00 57.00 67.00 0.08 3.99 2.00 2.00 1.00 6.00 13.00 22.00 15.00 20.00 8.00 0.00 0.00 0.00 0.00 0.00
414.00 32.00 35.00 92.00 169.00 57.00 77.00 0.10 4.36 1.00 2.00 0.50 9.00 14.00 23.00 18.00 27.00 5.00 0.00 0.00 0.00 0.00 0.00
415.00 26.00 40.00 75.00 133.00 35.00 58.00 0.09 4.58 1.00 2.00 0.50 6.00 14.00 20.00 12.00 19.00 7.00 0.00 0.00 0.00 0.00 0.00
416.00 26.00 36.00 74.00 138.00 38.00 64.00 0.08 4.37 1.00 1.00 1.00 6.00 13.00 20.00 13.00 19.00 7.00 0.00 0.00 0.00 0.00 0.00
417.00 26.00 38.00 78.00 134.00 40.00 56.00 0.08 4.31 1.00 2.00 0.50 4.00 12.00 22.00 14.00 17.00 9.00 0.00 0.00 0.00 0.00 0.00
418.00 30.00 35.00 81.00 150.00 46.00 69.00 0.09 4.37 1.00 1.00 1.00 8.00 12.00 22.00 18.00 17.00 13.00 0.00 0.00 1.00 0.00 0.00
419.00 24.00 36.00 70.00 121.00 34.00 51.00 0.10 3.89 1.00 3.00 0.33 4.00 10.00 20.00 14.00 13.00 11.00 0.00 0.00 0.00 0.00 0.00
420.00 24.00 35.00 66.00 123.00 31.00 57.00 0.09 3.11 1.00 1.00 1.00 7.00 10.00 17.00 14.00 15.00 9.00 0.00 0.00 0.00 0.00 0.00
421.00 27.00 40.00 80.00 134.00 40.00 54.00 0.09 3.94 1.00 2.00 0.50 4.00 11.00 23.00 16.00 14.00 13.00 0.00 0.00 0.00 0.00 0.00
422.00 25.00 32.00 69.00 125.00 37.00 56.00 0.07 4.30 1.00 2.00 0.50 6.00 11.00 19.00 14.00 14.00 11.00 0.00 0.00 0.00 0.00 0.00
423.00 22.00 25.00 58.00 105.00 33.00 47.00 0.06 4.31 1.00 2.00 0.50 3.00 5.00 19.00 17.00 14.00 8.00 0.00 0.00 0.00 0.00 0.00
424.00 21.00 23.00 58.00 103.00 35.00 45.00 0.10 3.75 0.00 2.00 0.00 4.00 11.00 17.00 10.00 15.00 6.00 0.00 0.00 0.00 0.00 0.00
425.00 26.00 31.00 68.00 121.00 37.00 53.00 0.09 4.27 0.00 2.00 0.00 9.00 15.00 17.00 11.00 18.00 8.00 0.00 0.00 0.00 0.00 0.00
426.00 24.00 31.00 72.00 122.00 41.00 50.00 0.08 4.22 0.00 2.00 0.00 7.00 12.00 17.00 12.00 17.00 7.00 0.00 0.00 0.00 0.00 0.00
427.00 26.00 33.00 74.00 121.00 41.00 47.00 0.10 3.92 0.00 1.00 0.00 9.00 12.00 17.00 14.00 16.00 10.00 0.00 0.00 0.00 0.00 0.00
428.00 22.00 20.00 58.00 109.00 38.00 51.00 0.08 3.70 0.00 2.00 0.00 3.00 8.00 19.00 14.00 13.00 9.00 0.00 0.00 0.00 0.00 0.00
429.00 23.00 29.00 66.00 117.00 37.00 51.00 0.10 4.49 0.00 2.00 0.00 4.00 9.00 19.00 14.00 13.00 10.00 0.00 1.00 1.00 0.00 0.00
430.00 19.00 11.00 46.00 97.00 35.00 51.00 0.08 4.41 0.00 1.00 0.00 6.00 10.00 13.00 9.00 12.00 7.00 0.00 0.00 0.00 0.00 0.00
431.00 13.00 8.00 30.00 62.00 22.00 32.00 0.09 2.79 0.00 1.00 0.00 2.00 7.00 11.00 6.00 10.00 3.00 0.00 0.00 0.00 0.00 0.00
432.00 21.00 22.00 49.00 106.00 27.00 57.00 0.08 4.04 0.00 1.00 0.00 6.00 8.00 15.00 13.00 13.00 8.00 0.00 0.00 0.00 0.00 0.00
433.00 18.00 9.00 42.00 88.00 33.00 46.00 0.08 4.30 0.00 1.00 0.00 3.00 11.00 15.00 7.00 16.00 2.00 0.00 0.00 0.00 0.00 0.00
434.00 16.00 13.00 37.00 82.00 24.00 45.00 0.08 4.18 0.00 2.00 0.00 2.00 8.00 14.00 8.00 11.00 5.00 0.00 0.00 0.00 0.00 0.00
435.00 20.00 17.00 54.00 100.00 37.00 46.00 0.09 4.38 0.00 3.00 0.00 7.00 14.00 13.00 6.00 17.00 3.00 0.00 0.00 0.00 0.00 0.00
436.00 17.00 20.00 48.00 88.00 28.00 40.00 0.07 4.33 0.00 2.00 0.00 4.00 7.00 13.00 10.00 10.00 7.00 0.00 0.00 0.00 0.00 0.00
437.00 22.00 22.00 51.00 105.00 29.00 54.00 0.08 4.38 0.00 1.00 0.00 6.00 10.00 16.00 12.00 11.00 11.00 0.00 0.00 0.00 0.00 0.00
438.00 19.00 19.00 54.00 92.00 35.00 38.00 0.08 4.39 0.00 2.00 0.00 3.00 7.00 16.00 12.00 13.00 6.00 0.00 0.00 0.00 0.00 0.00
439.00 22.00 25.00 56.00 104.00 31.00 48.00 0.08 4.56 0.00 2.00 0.00 7.00 15.00 15.00 7.00 19.00 3.00 0.00 0.00 1.00 0.00 0.00
440.00 18.00 22.00 48.00 87.00 26.00 39.00 0.10 3.52 0.00 2.00 0.00 4.00 6.00 14.00 12.00 12.00 6.00 0.00 0.00 0.00 1.00 0.00
441.00 20.00 15.00 50.00 103.00 35.00 53.00 0.08 4.56 0.00 2.00 0.00 4.00 9.00 16.00 11.00 10.00 10.00 0.00 0.00 0.00 0.00 0.00
442.00 23.00 20.00 57.00 110.00 37.00 53.00 0.08 4.17 0.00 2.00 0.00 7.00 11.00 16.00 12.00 15.00 8.00 0.00 0.00 0.00 0.00 0.00
443.00 19.00 19.00 47.00 88.00 28.00 41.00 0.08 3.99 0.00 1.00 0.00 6.00 9.00 13.00 10.00 14.00 5.00 0.00 0.00 0.00 0.00 0.00
444.00 20.00 24.00 55.00 99.00 31.00 44.00 0.09 4.01 0.00 2.00 0.00 8.00 11.00 12.00 9.00 16.00 4.00 0.00 0.00 0.00 0.00 0.00
445.00 22.00 30.00 58.00 112.00 28.00 54.00 0.08 4.12 0.00 2.00 0.00 4.00 6.00 18.00 16.00 10.00 12.00 0.00 0.00 0.00 0.00 0.00
446.00 7.00 3.00 11.00 29.00 8.00 18.00 0.07 0.32 0.00 0.00 0.00 3.00 5.00 4.00 2.00 6.00 1.00 0.00 0.00 0.00 0.00 0.00
447.00 17.00 15.00 42.00 80.00 27.00 38.00 0.08 4.27 0.00 3.00 0.00 7.00 9.00 10.00 8.00 16.00 1.00 0.00 0.00 0.00 0.00 0.00
448.00 24.00 26.00 57.00 106.00 31.00 49.00 0.07 3.72 0.00 2.00 0.00 6.00 14.00 18.00 10.00 15.00 9.00 0.00 0.00 0.00 0.00 0.00
449.00 18.00 14.00 42.00 86.00 28.00 44.00 0.08 3.79 0.00 0.00 0.00 3.00 6.00 15.00 12.00 8.00 10.00 0.00 0.00 0.00 0.00 0.00
450.00 20.00 23.00 54.00 99.00 31.00 45.00 0.11 3.65 0.00 1.00 0.00 5.00 9.00 15.00 11.00 12.00 8.00 0.00 0.00 0.00 0.00 0.00
451.00 20.00 18.00 49.00 92.00 31.00 43.00 0.09 3.79 0.00 2.00 0.00 5.00 10.00 15.00 10.00 15.00 5.00 0.00 0.00 0.00 0.00 0.00
452.00 24.00 29.00 69.00 116.00 40.00 47.00 0.08 3.68 0.00 3.00 0.00 5.00 9.00 19.00 15.00 13.00 11.00 0.00 0.00 0.00 0.00 0.00
453.00 19.00 21.00 49.00 92.00 28.00 43.00 0.08 4.03 0.00 1.00 0.00 5.00 9.00 14.00 10.00 10.00 9.00 0.00 0.00 0.00 0.00 0.00
454.00 17.00 21.00 46.00 89.00 25.00 43.00 0.06 3.34 0.00 2.00 0.00 8.00 10.00 9.00 7.00 14.00 3.00 0.00 0.00 0.00 0.00 0.00
455.00 24.00 33.00 67.00 125.00 34.00 58.00 0.10 4.12 0.00 1.00 0.00 2.00 10.00 22.00 14.00 15.00 9.00 0.00 0.00 0.00 0.00 0.00
456.00 23.00 22.00 64.00 117.00 42.00 53.00 0.10 3.95 0.00 1.00 0.00 7.00 13.00 16.00 10.00 15.00 8.00 0.00 0.00 0.00 0.00 0.00
457.00 20.00 22.00 51.00 104.00 29.00 53.00 0.09 4.18 0.00 1.00 0.00 4.00 9.00 16.00 11.00 15.00 5.00 0.00 0.00 1.00 0.00 0.00
458.00 17.00 19.00 47.00 81.00 28.00 34.00 0.08 2.12 0.00 2.00 0.00 5.00 10.00 12.00 7.00 13.00 4.00 0.00 0.00 0.00 0.00 0.00
459.00 17.00 8.00 38.00 88.00 30.00 50.00 0.09 3.82 0.00 2.00 0.00 7.00 9.00 10.00 8.00 14.00 3.00 0.00 0.00 0.00 0.00 0.00
460.00 18.00 23.00 46.00 89.00 23.00 43.00 0.09 2.24 0.00 1.00 0.00 3.00 8.00 15.00 10.00 12.00 6.00 0.00 0.00 0.00 0.00 0.00
461.00 13.00 12.00 30.00 64.00 18.00 34.00 0.09 1.66 0.00 1.00 0.00 4.00 7.00 9.00 6.00 9.00 4.00 0.00 0.00 0.00 0.00 0.00
462.00 13.00 13.00 34.00 63.00 21.00 29.00 0.08 0.45 0.00 1.00 0.00 3.00 5.00 10.00 8.00 8.00 5.00 0.00 0.00 0.00 0.00 0.00
463.00 17.00 9.00 30.00 75.00 21.00 45.00 0.08 3.79 0.00 1.00 0.00 6.00 9.00 11.00 8.00 15.00 2.00 0.00 0.00 0.00 0.00 0.00
464.00 13.00 9.00 29.00 62.00 20.00 33.00 0.06 1.79 0.00 1.00 0.00 3.00 6.00 10.00 7.00 8.00 5.00 0.00 0.00 0.00 0.00 0.00
465.00 20.00 22.00 53.00 103.00 31.00 50.00 0.09 1.98 0.00 1.00 0.00 4.00 10.00 16.00 10.00 13.00 7.00 0.00 0.00 0.00 0.00 0.00
466.00 18.00 20.00 44.00 83.00 24.00 39.00 0.10 2.76 0.00 1.00 0.00 4.00 9.00 14.00 9.00 12.00 6.00 0.00 0.00 1.00 0.00 0.00
467.00 15.00 18.00 40.00 73.00 22.00 33.00 0.09 2.50 0.00 1.00 0.00 3.00 7.00 12.00 8.00 10.00 5.00 0.00 0.00 0.00 0.00 0.00
468.00 19.00 17.00 44.00 93.00 27.00 49.00 0.08 3.66 0.00 1.00 0.00 9.00 12.00 10.00 7.00 14.00 5.00 0.00 0.00 0.00 0.00 0.00
469.00 18.00 20.00 44.00 92.00 24.00 48.00 0.07 2.92 0.00 2.00 0.00 5.00 9.00 13.00 9.00 10.00 8.00 0.00 0.00 0.00 0.00 0.00
470.00 18.00 16.00 49.00 87.00 33.00 38.00 0.10 2.75 0.00 2.00 0.00 5.00 12.00 13.00 6.00 15.00 3.00 1.00 0.00 0.00 0.00 0.00
471.00 14.00 18.00 39.00 71.00 21.00 32.00 0.08 1.57 0.00 2.00 0.00 4.00 9.00 10.00 5.00 10.00 4.00 0.00 0.00 0.00 0.00 0.00
472.00 19.00 18.00 44.00 87.00 26.00 43.00 0.09 3.88 0.00 2.00 0.00 5.00 9.00 14.00 10.00 15.00 4.00 0.00 0.00 0.00 0.00 0.00
473.00 12.00 11.00 32.00 59.00 21.00 27.00 0.08 1.66 0.00 1.00 0.00 5.00 7.00 7.00 5.00 10.00 2.00 0.00 0.00 0.00 0.00 0.00
474.00 10.00 8.00 21.00 48.00 13.00 27.00 0.08 3.29 0.00 0.00 0.00 3.00 6.00 7.00 4.00 6.00 4.00 0.00 0.00 0.00 0.00 0.00
475.00 18.00 18.00 40.00 87.00 22.00 47.00 0.08 4.63 0.00 0.00 0.00 5.00 13.00 13.00 5.00 17.00 1.00 0.00 0.00 0.00 0.00 0.00
476.00 10.00 6.00 20.00 43.00 14.00 23.00 0.09 4.57 0.00 0.00 0.00 3.00 8.00 7.00 2.00 9.00 1.00 0.00 0.00 0.00 0.00 0.00
477.00 11.00 8.00 23.00 52.00 15.00 29.00 0.09 4.10 0.00 1.00 0.00 3.00 3.00 8.00 8.00 5.00 6.00 0.00 0.00 0.00 0.00 0.00
478.00 13.00 8.00 24.00 55.00 16.00 31.00 0.09 4.71 0.00 0.00 0.00 5.00 10.00 8.00 3.00 10.00 3.00 0.00 0.00 0.00 0.00 0.00
479.00 11.00 6.00 22.00 55.00 16.00 33.00 0.08 4.86 0.00 1.00 0.00 5.00 7.00 6.00 4.00 9.00 2.00 0.00 0.00 0.00 0.00 0.00
480.00 14.00 13.00 31.00 68.00 18.00 37.00 0.09 4.05 0.00 1.00 0.00 4.00 10.00 10.00 4.00 10.00 4.00 0.00 0.00 0.00 0.00 0.00
481.00 11.00 9.00 23.00 47.00 14.00 24.00 0.08 4.70 0.00 0.00 0.00 3.00 6.00 8.00 5.00 8.00 3.00 0.00 0.00 0.00 0.00 0.00
482.00 12.00 10.00 27.00 54.00 17.00 27.00 0.08 4.46 0.00 0.00 0.00 7.00 8.00 5.00 4.00 10.00 2.00 0.00 0.00 0.00 0.00 0.00
483.00 11.00 6.00 21.00 48.00 15.00 27.00 0.09 4.76 0.00 1.00 0.00 2.00 5.00 9.00 6.00 7.00 4.00 1.00 0.00 0.00 0.00 0.00
484.00 12.00 7.00 28.00 62.00 21.00 34.00 0.08 5.26 0.00 0.00 0.00 3.00 6.00 9.00 6.00 9.00 3.00 0.00 0.00 0.00 0.00 0.00
485.00 9.00 4.00 17.00 39.00 13.00 22.00 0.08 4.87 0.00 0.00 0.00 3.00 7.00 6.00 2.00 8.00 1.00 0.00 0.00 0.00 0.00 0.00
486.00 7.00 2.00 8.00 30.00 6.00 22.00 0.10 4.89 0.00 0.00 0.00 3.00 6.00 4.00 1.00 7.00 0.00 0.00 0.00 0.00 0.00 0.00
487.00 4.00 0.00 0.00 10.00 0.00 10.00 0.09 3.75 0.00 0.00 0.00 2.00 4.00 2.00 0.00 4.00 0.00 0.00 0.00 0.00 0.00 0.00
488.00 4.00 0.00 1.00 10.00 1.00 9.00 0.08 0.53 0.00 0.00 0.00 3.00 3.00 1.00 1.00 4.00 0.00 0.00 0.00 0.00 0.00 0.00
489.00 9.00 6.00 18.00 39.00 12.00 21.00 0.09 2.02 0.00 0.00 0.00 6.00 8.00 3.00 1.00 8.00 1.00 0.00 0.00 0.00 0.00 0.00
490.00 7.00 4.00 13.00 28.00 9.00 15.00 0.10 4.91 0.00 0.00 0.00 1.00 4.00 6.00 3.00 5.00 2.00 0.00 0.00 0.00 0.00 0.00
491.00 9.00 2.00 16.00 44.00 14.00 28.00 0.09 4.81 0.00 0.00 0.00 3.00 6.00 6.00 3.00 8.00 1.00 0.00 0.00 0.00 0.00 0.00
492.00 8.00 2.00 13.00 38.00 11.00 25.00 0.09 4.66 0.00 0.00 0.00 3.00 7.00 5.00 1.00 8.00 0.00 0.00 0.00 0.00 0.00 0.00
493.00 11.00 7.00 23.00 50.00 16.00 27.00 0.09 4.56 0.00 0.00 0.00 4.00 7.00 7.00 4.00 8.00 3.00 0.00 0.00 0.00 0.00 0.00
494.00 10.00 7.00 24.00 47.00 17.00 23.00 0.10 4.10 0.00 1.00 0.00 6.00 8.00 4.00 2.00 8.00 2.00 0.00 0.00 0.00 0.00 0.00
495.00 14.00 7.00 20.00 52.00 13.00 32.00 0.08 4.46 0.00 1.00 0.00 5.00 9.00 9.00 5.00 10.00 4.00 0.00 0.00 0.00 0.00 0.00
496.00 11.00 4.00 20.00 50.00 16.00 30.00 0.09 4.86 0.00 0.00 0.00 2.00 6.00 9.00 5.00 10.00 1.00 0.00 0.00 0.00 0.00 0.00
497.00 12.00 11.00 30.00 59.00 19.00 29.00 0.08 4.91 0.00 0.00 0.00 3.00 7.00 9.00 5.00 8.00 4.00 0.00 0.00 1.00 0.00 0.00
498.00 13.00 14.00 29.00 63.00 15.00 34.00 0.09 4.95 0.00 0.00 0.00 5.00 6.00 8.00 7.00 9.00 4.00 0.00 0.00 0.00 0.00 0.00
499.00 11.00 8.00 23.00 45.00 15.00 22.00 0.09 4.01 0.00 0.00 0.00 2.00 4.00 9.00 7.00 8.00 3.00 0.00 0.00 0.00 0.00 0.00
500.00 3.00 0.00 2.00 7.00 2.00 5.00 0.08 4.49 0.00 0.00 0.00 2.00 3.00 1.00 0.00 3.00 0.00 0.00 0.00 0.00 0.00 0.00
501.00 8.00 6.00 16.00 32.00 10.00 16.00 0.09 4.76 0.00 0.00 0.00 3.00 7.00 5.00 1.00 7.00 1.00 0.00 0.00 0.00 0.00 0.00
502.00 10.00 3.00 15.00 38.00 12.00 23.00 0.07 3.26 0.00 0.00 0.00 3.00 4.00 7.00 6.00 7.00 3.00 0.00 0.00 0.00 0.00 0.00
503.00 8.00 5.00 16.00 36.00 11.00 20.00 0.10 3.66 0.00 0.00 0.00 3.00 7.00 5.00 1.00 8.00 0.00 0.00 0.00 0.00 0.00 0.00
504.00 9.00 6.00 19.00 42.00 13.00 23.00 0.09 1.97 0.00 0.00 0.00 3.00 6.00 6.00 3.00 7.00 2.00 0.00 0.00 0.00 0.00 0.00
505.00 7.00 3.00 11.00 28.00 8.00 17.00 0.07 4.03 0.00 0.00 0.00 4.00 6.00 3.00 1.00 6.00 1.00 0.00 0.00 0.00 0.00 0.00
506.00 9.00 5.00 18.00 40.00 13.00 22.00 0.08 4.80 0.00 0.00 0.00 4.00 7.00 5.00 2.00 8.00 1.00 0.00 0.00 0.00 0.00 0.00
507.00 5.00 0.00 4.00 16.00 4.00 12.00 0.09 3.63 0.00 0.00 0.00 4.00 4.00 1.00 1.00 4.00 1.00 0.00 0.00 0.00 0.00 0.00
508.00 7.00 0.00 7.00 23.00 7.00 16.00 0.10 4.45 0.00 0.00 0.00 2.00 5.00 5.00 2.00 7.00 0.00 0.00 0.00 0.00 0.00 0.00
509.00 3.00 0.00 0.00 8.00 0.00 8.00 0.08 3.81 0.00 0.00 0.00 2.00 3.00 1.00 0.00 3.00 0.00 0.00 0.00 0.00 0.00 0.00
510.00 3.00 0.00 2.00 11.00 2.00 9.00 0.08 0.14 0.00 0.00 0.00 0.00 3.00 3.00 0.00 3.00 0.00 0.00 0.00 0.00 0.00 0.00
511.00 2.00 0.00 0.00 1.00 0.00 1.00 0.07 4.71 0.00 0.00 0.00 2.00 2.00 0.00 0.00 2.00 0.00 0.00 0.00 0.00 0.00 0.00
