0.00 2.00 0.00 0.00 1.00 0.00 1.00 0.09 0.21 0.00 0.00 0.00 2.00 2.00 0.00 0.00 2.00 0.00 0.00 0.00 0.00 0.00 0.00
1.00 8.00 4.00 17.00 35.00 13.00 18.00 0.11 0.32 0.00 0.00 0.00 2.00 3.00 6.00 5.00 5.00 3.00 0.00 0.00 0.00 0.00 0.00
2.00 10.00 6.00 21.00 46.00 15.00 25.00 0.09 0.25 0.00 0.00 0.00 4.00 7.00 6.00 3.00 8.00 2.00 0.00 0.00 0.00 0.00 0.00
3.00 12.00 3.00 17.00 49.00 14.00 32.00 0.07 0.60 0.00 0.00 0.00 6.00 10.00 6.00 2.00 10.00 2.00 0.00 0.00 0.00 0.00 0.00
4.00 12.00 11.00 28.00 58.00 17.00 30.00 0.08 0.46 0.00 0.00 0.00 5.00 6.00 7.00 6.00 8.00 4.00 0.00 0.00 0.00 0.00 0.00
5.00 9.00 4.00 17.00 38.00 13.00 21.00 0.09 0.23 0.00 0.00 0.00 3.00 5.00 6.00 4.00 8.00 1.00 0.00 0.00 0.00 0.00 0.00
6.00 12.00 9.00 28.00 58.00 19.00 30.00 0.08 0.43 0.00 0.00 0.00 5.00 5.00 7.00 7.00 6.00 6.00 0.00 0.00 0.00 0.00 0.00
7.00 9.00 1.00 17.00 44.00 16.00 27.00 0.09 0.37 0.00 0.00 0.00 4.00 6.00 5.00 3.00 7.00 2.00 0.00 0.00 0.00 0.00 0.00
8.00 10.00 7.00 20.00 48.00 13.00 28.00 0.09 0.40 0.00 0.00 0.00 3.00 5.00 7.00 5.00 8.00 2.00 0.00 0.00 0.00 0.00 0.00
9.00 5.00 2.00 7.00 24.00 5.00 17.00 0.09 0.18 0.00 0.00 0.00 1.00 4.00 4.00 1.00 5.00 0.00 0.00 0.00 0.00 0.00 0.00
10.00 11.00 5.00 19.00 49.00 14.00 30.00 0.09 0.35 0.00 0.00 0.00 3.00 4.00 8.00 7.00 6.00 5.00 0.00 0.00 0.00 0.00 0.00
11.00 9.00 2.00 13.00 39.00 11.00 26.00 0.09 0.55 0.00 0.00 0.00 3.00 5.00 6.00 4.00 8.00 1.00 0.00 0.00 0.00 0.00 0.00
12.00 15.00 14.00 37.00 76.00 23.00 39.00 0.08 0.49 0.00 1.00 0.00 3.00 6.00 12.00 9.00 9.00 6.00 0.00 0.00 1.00 0.00 0.00
13.00 18.00 13.00 41.00 87.00 28.00 46.00 0.07 0.58 0.00 0.00 0.00 4.00 8.00 14.00 10.00 12.00 6.00 0.00 0.00 0.00 0.00 0.00
14.00 15.00 10.00 29.00 70.00 19.00 41.00 0.09 0.60 0.00 0.00 0.00 2.00 9.00 13.00 6.00 10.00 5.00 0.00 0.00 0.00 0.00 0.00
15.00 13.00 12.00 30.00 65.00 18.00 35.00 0.10 0.42 0.00 1.00 0.00 6.00 7.00 7.00 6.00 10.00 3.00 0.00 0.00 0.00 0.00 0.00
16.00 18.00 20.00 44.00 85.00 24.00 41.00 0.10 0.55 0.00 1.00 0.00 6.00 10.00 12.00 8.00 16.00 2.00 0.00 0.00 0.00 0.00 0.00
17.00 12.00 6.00 27.00 57.00 21.00 30.00 0.08 0.52 0.00 2.00 0.00 2.00 6.00 10.00 6.00 7.00 5.00 0.00 0.00 0.00 0.00 0.00
18.00 15.00 12.00 31.00 65.00 19.00 34.00 0.10 0.53 0.00 1.00 0.00 8.00 9.00 7.00 6.00 11.00 4.00 0.00 0.00 0.00 0.00 0.00
19.00 12.00 3.00 19.00 53.00 16.00 34.00 0.08 0.52 0.00 1.00 0.00 5.00 9.00 7.00 3.00 11.00 1.00 0.00 0.00 0.00 0.00 0.00
20.00 14.00 10.00 31.00 69.00 21.00 38.00 0.09 0.47 0.00 1.00 0.00 7.00 8.00 7.00 6.00 11.00 3.00 0.00 0.00 0.00 0.00 0.00
21.00 15.00 14.00 38.00 68.00 24.00 30.00 0.09 0.53 0.00 0.00 0.00 4.00 10.00 11.00 5.00 11.00 4.00 0.00 0.00 0.00 0.00 0.00
22.00 13.00 11.00 27.00 63.00 16.00 36.00 0.08 0.48 0.00 1.00 0.00 4.00 6.00 9.00 7.00 11.00 2.00 0.00 0.00 0.00 0.00 0.00
23.00 18.00 19.00 41.00 86.00 22.00 45.00 0.09 0.66 0.00 0.00 0.00 6.00 12.00 12.00 6.00 12.00 6.00 0.00 0.00 0.00 0.00 0.00
24.00 15.00 10.00 30.00 63.00 20.00 33.00 0.08 0.64 0.00 0.00 0.00 4.00 7.00 11.00 8.00 11.00 4.00 0.00 0.00 0.00 0.00 0.00
25.00 18.00 14.00 41.00 88.00 27.00 47.00 0.09 0.66 0.00 0.00 0.00 4.00 10.00 14.00 8.00 12.00 6.00 0.00 0.00 0.00 0.00 0.00
26.00 13.00 6.00 27.00 62.00 21.00 35.00 0.08 0.47 0.00 1.00 0.00 2.00 6.00 11.00 7.00 10.00 3.00 0.00 0.00 0.00 0.00 0.00
27.00 16.00 3.00 29.00 73.00 26.00 44.00 0.08 0.62 0.00 1.00 0.00 7.00 12.00 9.00 4.00 15.00 1.00 0.00 0.00 0.00 0.00 0.00
28.00 13.00 13.00 27.00 62.00 14.00 35.00 0.09 0.43 0.00 0.00 0.00 3.00 6.00 10.00 7.00 9.00 4.00 0.00 0.00 0.00 0.00 0.00
29.00 15.00 14.00 34.00 74.00 20.00 40.00 0.09 0.42 0.00 1.00 0.00 4.00 6.00 11.00 9.00 7.00 8.00 0.00 0.00 0.00 0.00 0.00
30.00 18.00 11.00 41.00 87.00 30.00 46.00 0.09 0.64 0.00 1.00 0.00 7.00 9.00 11.00 9.00 12.00 6.00 0.00 0.00 0.00 0.00 0.00
31.00 16.00 12.00 37.00 79.00 25.00 42.00 0.08 0.49 0.00 1.00 0.00 4.00 9.00 12.00 7.00 9.00 7.00 0.00 0.00 0.00 0.00 0.00
32.00 21.00 21.00 55.00 113.00 34.00 58.00 0.08 0.62 0.00 1.00 0.00 6.00 10.00 15.00 11.00 14.00 7.00 1.00 0.00 0.00 1.00 0.00
33.00 11.00 2.00 10.00 41.00 8.00 31.00 0.09 0.72 0.00 0.00 0.00 3.00 8.00 8.00 3.00 10.00 1.00 0.00 0.00 0.00 0.00 0.00
34.00 21.00 18.00 57.00 109.00 39.00 52.00 0.09 0.61 0.00 0.00 0.00 7.00 11.00 14.00 10.00 12.00 9.00 0.00 0.00 0.00 0.00 0.00
35.00 11.00 4.00 17.00 52.00 13.00 35.00 0.08 0.61 0.00 0.00 0.00 5.00 9.00 6.00 2.00 10.00 1.00 0.00 0.00 0.00 0.00 0.00
36.00 16.00 9.00 30.00 83.00 21.00 53.00 0.08 0.80 0.00 1.00 0.00 6.00 8.00 10.00 8.00 14.00 2.00 0.00 0.00 0.00 0.00 1.00
37.00 16.00 16.00 37.00 76.00 21.00 39.00 0.08 0.56 0.00 0.00 0.00 3.00 10.00 13.00 6.00 14.00 2.00 0.00 0.00 0.00 0.00 0.00
38.00 12.00 0.00 9.00 55.00 9.00 46.00 0.07 1.09 0.00 0.00 0.00 4.00 10.00 8.00 2.00 12.00 0.00 0.00 0.00 0.00 0.00 0.00
39.00 17.00 19.00 41.00 81.00 22.00 40.00 0.09 0.71 0.00 0.00 0.00 6.00 11.00 11.00 6.00 15.00 2.00 0.00 0.00 0.00 0.00 0.00
40.00 16.00 12.00 36.00 81.00 24.00 45.00 0.08 0.51 0.00 0.00 0.00 5.00 9.00 11.00 7.00 12.00 4.00 0.00 0.00 0.00 0.00 0.00
41.00 21.00 24.00 60.00 96.00 36.00 36.00 0.08 0.48 0.00 1.00 0.00 8.00 15.00 13.00 6.00 16.00 5.00 0.00 0.00 0.00 0.00 0.00
42.00 18.00 7.00 39.00 88.00 32.00 49.00 0.08 0.84 0.00 0.00 0.00 4.00 8.00 14.00 10.00 12.00 6.00 0.00 0.00 0.00 0.00 0.00
43.00 18.00 15.00 38.00 88.00 23.00 50.00 0.08 0.69 0.00 0.00 0.00 3.00 10.00 15.00 8.00 12.00 6.00 0.00 0.00 0.00 0.00 0.00
44.00 18.00 11.00 40.00 84.00 29.00 44.00 0.09 0.68 0.00 1.00 0.00 4.00 12.00 14.00 6.00 14.00 4.00 0.00 0.00 0.00 0.00 0.00
45.00 18.00 11.00 36.00 87.00 25.00 51.00 0.08 0.71 0.00 0.00 0.00 5.00 12.00 13.00 6.00 16.00 2.00 0.00 0.00 0.00 0.00 0.00
46.00 21.00 19.00 55.00 105.00 36.00 50.00 0.07 0.56 0.00 0.00 0.00 10.00 12.00 11.00 9.00 15.00 6.00 0.00 0.00 0.00 0.00 0.00
47.00 15.00 13.00 40.00 75.00 27.00 35.00 0.08 0.52 0.00 0.00 0.00 3.00 8.00 12.00 7.00 10.00 5.00 0.00 0.00 0.00 1.00 0.00
48.00 19.00 12.00 47.00 95.00 35.00 48.00 0.08 1.00 0.00 1.00 0.00 5.00 10.00 14.00 9.00 16.00 3.00 0.00 0.00 0.00 0.00 0.00
49.00 21.00 20.00 50.00 107.00 30.00 57.00 0.09 0.64 0.00 0.00 0.00 8.00 12.00 13.00 9.00 16.00 5.00 0.00 0.00 0.00 0.00 0.00
50.00 18.00 12.00 42.00 94.00 30.00 52.00 0.09 0.66 0.00 1.00 0.00 5.00 11.00 13.00 7.00 15.00 3.00 0.00 0.00 0.00 1.00 0.00
51.00 15.00 13.00 36.00 74.00 23.00 38.00 0.08 0.42 0.00 0.00 0.00 5.00 10.00 10.00 5.00 12.00 3.00 0.00 0.00 0.00 2.00 0.00
52.00 11.00 3.00 12.00 41.00 9.00 29.00 0.07 0.60 0.00 0.00 0.00 3.00 7.00 8.00 4.00 8.00 3.00 0.00 0.00 0.00 0.00 0.00
53.00 18.00 8.00 31.00 92.00 23.00 61.00 0.08 0.95 0.00 1.00 0.00 7.00 13.00 11.00 5.00 16.00 2.00 1.00 0.00 0.00 0.00 0.00
54.00 7.00 0.00 7.00 28.00 7.00 21.00 0.08 0.45 0.00 0.00 0.00 4.00 5.00 3.00 2.00 7.00 0.00 0.00 0.00 0.00 0.00 0.00
55.00 14.00 4.00 24.00 66.00 20.00 42.00 0.08 0.40 0.00 0.00 0.00 4.00 8.00 10.00 6.00 9.00 5.00 0.00 0.00 0.00 0.00 0.00
56.00 23.00 11.00 50.00 109.00 39.00 59.00 0.08 0.69 0.00 1.00 0.00 6.00 12.00 17.00 11.00 18.00 5.00 1.00 0.00 0.00 0.00 0.00
57.00 16.00 8.00 33.00 77.00 25.00 44.00 0.08 0.55 0.00 1.00 0.00 3.00 5.00 13.00 11.00 10.00 6.00 1.00 0.00 0.00 0.00 0.00
58.00 21.00 8.00 41.00 107.00 33.00 66.00 0.09 0.66 0.00 1.00 0.00 8.00 11.00 13.00 10.00 17.00 4.00 1.00 0.00 0.00 0.00 0.00
59.00 19.00 21.00 50.00 92.00 29.00 42.00 0.06 0.39 0.00 0.00 0.00 9.00 13.00 10.00 6.00 17.00 2.00 1.00 0.00 0.00 0.00 0.00
60.00 11.00 5.00 24.00 53.00 19.00 29.00 0.07 0.34 0.00 0.00 0.00 4.00 7.00 7.00 4.00 8.00 3.00 0.00 0.00 0.00 0.00 0.00
61.00 18.00 11.00 40.00 86.00 29.00 46.00 0.08 0.56 0.00 1.00 0.00 4.00 11.00 14.00 7.00 13.00 5.00 0.00 0.00 0.00 0.00 1.00
62.00 15.00 4.00 29.00 74.00 25.00 45.00 0.08 0.49 0.00 1.00 0.00 5.00 9.00 10.00 6.00 12.00 3.00 0.00 0.00 0.00 0.00 0.00
63.00 8.00 1.00 9.00 34.00 8.00 25.00 0.10 0.61 0.00 0.00 0.00 4.00 6.00 4.00 2.00 8.00 0.00 0.00 0.00 0.00 0.00 0.00
64.00 11.00 2.00 16.00 47.00 14.00 31.00 0.07 0.48 0.00 0.00 0.00 5.00 9.00 6.00 2.00 10.00 1.00 0.00 0.00 0.00 0.00 0.00
65.00 18.00 7.00 35.00 89.00 28.00 54.00 0.06 0.70 0.00 1.00 0.00 8.00 12.00 10.00 6.00 13.00 5.00 1.00 0.00 0.00 0.00 0.00
66.00 23.00 12.00 47.00 108.00 35.00 61.00 0.08 0.76 0.00 0.00 0.00 12.00 15.00 11.00 8.00 19.00 4.00 0.00 0.00 0.00 0.00 0.00
67.00 24.00 18.00 67.00 121.00 49.00 54.00 0.09 0.72 0.00 0.00 0.00 9.00 13.00 15.00 11.00 19.00 5.00 0.00 0.00 0.00 0.00 0.00
68.00 18.00 14.00 43.00 86.00 29.00 43.00 0.09 0.46 0.00 0.00 0.00 9.00 13.00 9.00 5.00 14.00 4.00 0.00 1.00 0.00 0.00 0.00
69.00 18.00 11.00 45.00 93.00 34.00 48.00 0.09 0.66 0.00 0.00 0.00 7.00 12.00 11.00 6.00 13.00 5.00 0.00 1.00 0.00 0.00 0.00
70.00 18.00 13.00 43.00 91.00 30.00 48.00 0.09 0.63 0.00 1.00 0.00 5.00 10.00 13.00 8.00 15.00 3.00 0.00 0.00 1.00 0.00 0.00
71.00 22.00 18.00 57.00 108.00 39.00 51.00 0.08 0.59 0.00 2.00 0.00 5.00 10.00 17.00 12.00 14.00 8.00 0.00 1.00 0.00 0.00 0.00
72.00 26.00 35.00 78.00 138.00 43.00 60.00 0.07 0.60 1.00 0.00 0.00 4.00 10.00 22.00 16.00 14.00 12.00 0.00 1.00 0.00 0.00 1.00
73.00 28.00 34.00 84.00 148.00 50.00 64.00 0.09 0.63 0.00 1.00 0.00 8.00 13.00 20.00 15.00 17.00 11.00 0.00 1.00 0.00 0.00 1.00
74.00 26.00 29.00 72.00 130.00 43.00 58.00 0.09 0.62 0.00 1.00 0.00 4.00 10.00 22.00 16.00 18.00 8.00 0.00 1.00 0.00 0.00 0.00
75.00 27.00 38.00 84.00 144.00 46.00 60.00 0.09 0.55 1.00 2.00 0.50 4.00 10.00 23.00 17.00 16.00 11.00 0.00 0.00 0.00 0.00 0.00
76.00 28.00 24.00 85.00 149.00 61.00 64.00 0.08 0.61 0.00 2.00 0.00 6.00 9.00 22.00 19.00 14.00 14.00 0.00 0.00 0.00 0.00 0.00
77.00 29.00 33.00 77.00 151.00 44.00 74.00 0.09 0.67 0.00 4.00 0.00 6.00 15.00 23.00 14.00 19.00 10.00 0.00 1.00 0.00 0.00 0.00
78.00 27.00 30.00 65.00 132.00 35.00 67.00 0.06 0.62 1.00 4.00 0.25 5.00 10.00 22.00 17.00 17.00 10.00 0.00 1.00 0.00 0.00 0.00
79.00 29.00 35.00 83.00 148.00 48.00 65.00 0.08 0.68 0.00 4.00 0.00 9.00 15.00 20.00 14.00 19.00 10.00 0.00 1.00 0.00 0.00 0.00
80.00 29.00 43.00 90.00 146.00 47.00 56.00 0.09 0.72 0.00 4.00 0.00 8.00 12.00 21.00 17.00 17.00 12.00 0.00 1.00 0.00 0.00 0.00
81.00 15.00 10.00 34.00 71.00 24.00 37.00 0.10 0.64 0.00 4.00 0.00 3.00 5.00 12.00 10.00 7.00 8.00 0.00 0.00 0.00 0.00 0.00
82.00 29.00 32.00 76.00 148.00 44.00 72.00 0.08 0.81 0.00 3.00 0.00 9.00 15.00 20.00 14.00 22.00 7.00 0.00 0.00 0.00 0.00 0.00
83.00 29.00 33.00 86.00 145.00 53.00 59.00 0.09 1.13 0.00 3.00 0.00 4.00 13.00 25.00 16.00 19.00 10.00 0.00 1.00 0.00 0.00 0.00
84.00 30.00 40.00 94.00 161.00 54.00 67.00 0.07 0.69 0.00 4.00 0.00 4.00 12.00 26.00 18.00 19.00 11.00 0.00 1.00 0.00 0.00 0.00
85.00 31.00 40.00 88.00 158.00 48.00 70.00 0.09 0.69 0.00 4.00 0.00 7.00 12.00 24.00 19.00 16.00 15.00 0.00 1.00 1.00 0.00 0.00
86.00 28.00 38.00 92.00 146.00 54.00 54.00 0.07 0.63 0.00 3.00 0.00 2.00 8.00 26.00 20.00 15.00 13.00 0.00 1.00 0.00 0.00 0.00
87.00 30.00 35.00 94.00 154.00 59.00 60.00 0.07 0.70 0.00 3.00 0.00 7.00 12.00 23.00 18.00 16.00 14.00 0.00 0.00 0.00 0.00 0.00
88.00 28.00 32.00 87.00 154.00 55.00 67.00 0.09 0.69 0.00 2.00 0.00 2.00 9.00 26.00 19.00 9.00 19.00 0.00 1.00 1.00 0.00 0.00
89.00 29.00 25.00 77.00 154.00 52.00 77.00 0.09 0.74 0.00 1.00 0.00 10.00 15.00 19.00 14.00 18.00 11.00 0.00 0.00 0.00 0.00 1.00
90.00 31.00 36.00 92.00 163.00 56.00 71.00 0.09 0.72 0.00 5.00 0.00 6.00 10.00 25.00 21.00 18.00 13.00 0.00 1.00 0.00 0.00 0.00
91.00 25.00 17.00 64.00 134.00 47.00 70.00 0.10 0.75 0.00 3.00 0.00 7.00 14.00 18.00 11.00 18.00 7.00 0.00 0.00 0.00 0.00 0.00
92.00 32.00 36.00 95.00 163.00 59.00 68.00 0.10 0.77 1.00 2.00 0.50 11.00 16.00 21.00 16.00 20.00 12.00 0.00 0.00 0.00 0.00 0.00
93.00 29.00 32.00 81.00 148.00 49.00 67.00 0.07 0.67 0.00 2.00 0.00 5.00 11.00 24.00 18.00 16.00 13.00 0.00 1.00 0.00 0.00 0.00
94.00 30.00 28.00 85.00 163.00 57.00 78.00 0.07 0.71 1.00 2.00 0.50 8.00 13.00 22.00 17.00 21.00 9.00 0.00 1.00 0.00 0.00 0.00
95.00 30.00 26.00 78.00 148.00 52.00 70.00 0.08 0.77 0.00 3.00 0.00 6.00 12.00 24.00 18.00 17.00 13.00 0.00 1.00 0.00 0.00 0.00
96.00 33.00 37.00 89.00 167.00 52.00 78.00 0.07 0.82 0.00 3.00 0.00 7.00 13.00 26.00 20.00 21.00 12.00 0.00 1.00 0.00 0.00 0.00
97.00 27.00 39.00 81.00 144.00 42.00 63.00 0.07 0.65 0.00 4.00 0.00 8.00 12.00 19.00 15.00 16.00 11.00 0.00 0.00 0.00 0.00 0.00
98.00 30.00 37.00 93.00 160.00 56.00 67.00 0.08 0.75 0.00 2.00 0.00 4.00 10.00 26.00 20.00 13.00 17.00 1.00 1.00 1.00 0.00 0.00
99.00 31.00 31.00 97.00 164.00 66.00 67.00 0.09 0.81 0.00 2.00 0.00 8.00 14.00 23.00 17.00 21.00 10.00 0.00 1.00 0.00 0.00 0.00
100.00 32.00 34.00 93.00 161.00 59.00 68.00 0.08 0.93 0.00 4.00 0.00 4.00 11.00 28.00 21.00 16.00 16.00 0.00 1.00 2.00 0.00 0.00
101.00 32.00 31.00 89.00 166.00 58.00 77.00 0.09 0.83 0.00 3.00 0.00 10.00 16.00 22.00 16.00 21.00 11.00 0.00 1.00 0.00 0.00 0.00
102.00 32.00 47.00 96.00 168.00 49.00 72.00 0.09 0.70 0.00 2.00 0.00 9.00 13.00 23.00 19.00 19.00 13.00 0.00 1.00 0.00 0.00 0.00
103.00 32.00 41.00 96.00 166.00 55.00 70.00 0.09 0.74 0.00 2.00 0.00 7.00 14.00 25.00 18.00 20.00 12.00 0.00 0.00 1.00 0.00 0.00
104.00 36.00 46.00 104.00 188.00 58.00 84.00 0.09 0.82 0.00 2.00 0.00 7.00 18.00 29.00 18.00 22.00 14.00 0.00 1.00 2.00 0.00 0.00
105.00 36.00 50.00 109.00 194.00 59.00 85.00 0.08 0.84 0.00 3.00 0.00 6.00 13.00 30.00 23.00 18.00 18.00 0.00 1.00 0.00 0.00 0.00
106.00 28.00 35.00 79.00 147.00 44.00 68.00 0.09 0.73 0.00 3.00 0.00 4.00 9.00 24.00 19.00 15.00 13.00 0.00 1.00 0.00 0.00 0.00
107.00 24.00 21.00 62.00 118.00 41.00 56.00 0.08 0.77 0.00 3.00 0.00 3.00 12.00 21.00 12.00 17.00 7.00 0.00 0.00 0.00 0.00 0.00
108.00 36.00 31.00 103.00 183.00 72.00 80.00 0.10 0.99 0.00 3.00 0.00 10.00 20.00 26.00 16.00 25.00 11.00 0.00 1.00 0.00 0.00 0.00
109.00 33.00 38.00 92.00 173.00 54.00 81.00 0.10 0.75 0.00 3.00 0.00 6.00 13.00 27.00 20.00 21.00 12.00 0.00 0.00 0.00 0.00 1.00
110.00 35.00 41.00 101.00 181.00 60.00 80.00 0.11 0.98 0.00 3.00 0.00 7.00 13.00 28.00 22.00 20.00 15.00 0.00 1.00 0.00 0.00 1.00
111.00 28.00 32.00 84.00 150.00 52.00 66.00 0.09 0.66 0.00 2.00 0.00 3.00 12.00 25.00 16.00 19.00 9.00 0.00 1.00 0.00 0.00 1.00
112.00 18.00 17.00 42.00 85.00 25.00 43.00 0.08 0.76 0.00 3.00 0.00 5.00 12.00 13.00 6.00 14.00 4.00 0.00 0.00 0.00 0.00 0.00
113.00 33.00 42.00 99.00 175.00 57.00 76.00 0.09 0.80 0.00 2.00 0.00 7.00 12.00 26.00 21.00 20.00 13.00 0.00 1.00 0.00 1.00 1.00
114.00 34.00 38.00 102.00 174.00 64.00 72.00 0.09 0.91 0.00 2.00 0.00 5.00 15.00 29.00 19.00 23.00 11.00 0.00 0.00 0.00 0.00 0.00
115.00 33.00 39.00 102.00 173.00 63.00 71.00 0.09 0.84 0.00 4.00 0.00 7.00 12.00 26.00 21.00 19.00 14.00 0.00 0.00 0.00 0.00 0.00
116.00 32.00 47.00 101.00 172.00 54.00 71.00 0.07 0.82 0.00 3.00 0.00 8.00 11.00 24.00 21.00 17.00 15.00 0.00 1.00 1.00 0.00 0.00
117.00 34.00 43.00 108.00 164.00 65.00 56.00 0.08 0.89 0.00 3.00 0.00 7.00 16.00 27.00 18.00 25.00 9.00 0.00 1.00 0.00 0.00 0.00
118.00 37.00 49.00 107.00 183.00 58.00 76.00 0.08 0.97 0.00 3.00 0.00 7.00 15.00 30.00 22.00 19.00 18.00 0.00 1.00 1.00 0.00 0.00
119.00 34.00 42.00 93.00 181.00 51.00 88.00 0.08 0.92 1.00 3.00 0.33 5.00 14.00 29.00 20.00 20.00 14.00 0.00 0.00 1.00 0.00 0.00
120.00 35.00 55.00 108.00 186.00 53.00 78.00 0.08 0.83 0.00 2.00 0.00 8.00 14.00 27.00 21.00 20.00 15.00 0.00 1.00 0.00 0.00 0.00
121.00 36.00 51.00 113.00 186.00 62.00 73.00 0.08 0.95 0.00 3.00 0.00 8.00 15.00 28.00 21.00 22.00 14.00 0.00 1.00 1.00 0.00 0.00
122.00 39.00 50.00 117.00 206.00 67.00 89.00 0.09 1.08 0.00 2.00 0.00 12.00 17.00 27.00 22.00 22.00 17.00 0.00 1.00 1.00 1.00 0.00
123.00 36.00 50.00 117.00 187.00 67.00 70.00 0.10 1.04 0.00 3.00 0.00 4.00 18.00 32.00 18.00 23.00 13.00 0.00 1.00 1.00 0.00 0.00
124.00 36.00 39.00 105.00 175.00 66.00 70.00 0.09 1.31 0.00 2.00 0.00 12.00 24.00 24.00 12.00 25.00 11.00 0.00 0.00 0.00 0.00 0.00
125.00 33.00 40.00 96.00 161.00 56.00 65.00 0.10 0.93 0.00 3.00 0.00 5.00 14.00 28.00 19.00 23.00 10.00 0.00 0.00 1.00 0.00 0.00
126.00 33.00 44.00 92.00 170.00 48.00 78.00 0.09 0.93 0.00 2.00 0.00 5.00 12.00 28.00 21.00 17.00 16.00 0.00 1.00 1.00 0.00 0.00
127.00 35.00 37.00 100.00 177.00 63.00 77.00 0.08 0.93 0.00 3.00 0.00 7.00 13.00 28.00 22.00 20.00 15.00 0.00 1.00 0.00 1.00 0.00
128.00 31.00 36.00 84.00 161.00 48.00 77.00 0.07 0.85 0.00 3.00 0.00 7.00 13.00 24.00 18.00 15.00 16.00 0.00 0.00 1.00 1.00 0.00
129.00 33.00 29.00 90.00 173.00 61.00 83.00 0.08 1.04 0.00 3.00 0.00 7.00 12.00 26.00 21.00 20.00 13.00 0.00 1.00 1.00 0.00 0.00
130.00 38.00 44.00 110.00 194.00 66.00 84.00 0.08 0.97 0.00 3.00 0.00 5.00 14.00 33.00 24.00 20.00 18.00 1.00 1.00 0.00 0.00 0.00
131.00 37.00 47.00 101.00 174.00 54.00 73.00 0.10 1.15 0.00 2.00 0.00 8.00 15.00 29.00 22.00 25.00 12.00 0.00 1.00 0.00 0.00 0.00
132.00 33.00 50.00 108.00 168.00 58.00 60.00 0.08 0.72 0.00 3.00 0.00 9.00 16.00 24.00 17.00 21.00 12.00 0.00 1.00 0.00 0.00 0.00
133.00 36.00 45.00 100.00 176.00 55.00 76.00 0.07 0.93 0.00 1.00 0.00 8.00 16.00 28.00 20.00 23.00 13.00 0.00 1.00 0.00 0.00 0.00
134.00 34.00 42.00 98.00 181.00 56.00 83.00 0.09 0.84 0.00 4.00 0.00 7.00 15.00 27.00 19.00 23.00 11.00 0.00 0.00 0.00 0.00 0.00
135.00 34.00 40.00 105.00 175.00 65.00 70.00 0.07 0.83 0.00 3.00 0.00 6.00 20.00 28.00 14.00 26.00 8.00 0.00 1.00 1.00 0.00 0.00
136.00 36.00 39.00 116.00 186.00 77.00 70.00 0.09 0.98 1.00 2.00 0.50 8.00 17.00 28.00 19.00 22.00 14.00 0.00 1.00 1.00 0.00 0.00
137.00 42.00 53.00 128.00 212.00 75.00 84.00 0.10 0.99 0.00 3.00 0.00 15.00 17.00 27.00 25.00 27.00 15.00 0.00 1.00 0.00 0.00 0.00
138.00 34.00 35.00 92.00 171.00 57.00 79.00 0.11 0.97 0.00 3.00 0.00 9.00 14.00 25.00 20.00 21.00 13.00 0.00 1.00 0.00 0.00 0.00
139.00 38.00 34.00 112.00 191.00 78.00 79.00 0.08 0.96 1.00 4.00 0.25 9.00 17.00 29.00 21.00 26.00 12.00 0.00 1.00 0.00 1.00 0.00
140.00 34.00 40.00 97.00 175.00 57.00 78.00 0.09 0.96 0.00 2.00 0.00 4.00 10.00 30.00 24.00 21.00 13.00 0.00 0.00 2.00 2.00 0.00
141.00 36.00 44.00 108.00 188.00 64.00 80.00 0.09 0.86 1.00 3.00 0.33 7.00 12.00 29.00 24.00 18.00 18.00 0.00 1.00 0.00 0.00 0.00
142.00 33.00 40.00 87.00 166.00 47.00 79.00 0.08 0.86 0.00 2.00 0.00 6.00 15.00 27.00 18.00 20.00 13.00 0.00 0.00 0.00 0.00 0.00
143.00 38.00 46.00 122.00 198.00 76.00 76.00 0.08 0.88 0.00 2.00 0.00 9.00 19.00 29.00 19.00 20.00 18.00 0.00 1.00 0.00 0.00 0.00
144.00 30.00 41.00 90.00 151.00 49.00 61.00 0.08 0.81 0.00 3.00 0.00 7.00 12.00 23.00 18.00 24.00 6.00 0.00 1.00 0.00 0.00 0.00
145.00 34.00 37.00 104.00 181.00 67.00 77.00 0.07 0.89 0.00 3.00 0.00 9.00 15.00 25.00 19.00 21.00 13.00 0.00 0.00 0.00 0.00 0.00
146.00 45.00 57.00 138.00 222.00 81.00 84.00 0.08 1.05 0.00 2.00 0.00 12.00 19.00 33.00 26.00 29.00 16.00 0.00 1.00 0.00 0.00 0.00
147.00 34.00 43.00 103.00 169.00 60.00 66.00 0.07 0.81 0.00 4.00 0.00 7.00 13.00 27.00 21.00 19.00 15.00 0.00 0.00 0.00 0.00 0.00
148.00 41.00 49.00 125.00 221.00 76.00 96.00 0.10 1.06 1.00 4.00 0.25 12.00 19.00 29.00 22.00 26.00 15.00 0.00 0.00 0.00 0.00 0.00
149.00 41.00 56.00 125.00 210.00 69.00 85.00 0.09 1.01 0.00 6.00 0.00 8.00 22.00 33.00 19.00 27.00 14.00 0.00 1.00 0.00 0.00 0.00
150.00 43.00 67.00 134.00 223.00 67.00 89.00 0.08 1.03 0.00 4.00 0.00 11.00 18.00 32.00 25.00 24.00 19.00 0.00 0.00 1.00 0.00 0.00
151.00 44.00 78.00 136.00 229.00 58.00 93.00 0.08 1.04 0.00 5.00 0.00 9.00 16.00 35.00 28.00 27.00 17.00 0.00 0.00 0.00 0.00 0.00
152.00 43.00 65.00 133.00 214.00 68.00 81.00 0.07 1.01 0.00 3.00 0.00 11.00 17.00 32.00 26.00 21.00 22.00 0.00 1.00 1.00 0.00 0.00
153.00 41.00 60.00 124.00 207.00 64.00 83.00 0.09 0.96 0.00 5.00 0.00 6.00 16.00 35.00 25.00 25.00 16.00 0.00 0.00 0.00 0.00 0.00
154.00 25.00 22.00 62.00 124.00 40.00 62.00 0.10 0.79 0.00 4.00 0.00 4.00 8.00 21.00 17.00 15.00 10.00 0.00 1.00 1.00 0.00 0.00
155.00 37.00 51.00 117.00 189.00 66.00 72.00 0.10 1.03 0.00 4.00 0.00 9.00 18.00 28.00 19.00 24.00 13.00 0.00 0.00 0.00 0.00 0.00
156.00 34.00 35.00 103.00 185.00 68.00 82.00 0.08 1.05 0.00 4.00 0.00 6.00 13.00 28.00 21.00 18.00 16.00 0.00 1.00 0.00 0.00 0.00
157.00 28.00 31.00 84.00 150.00 53.00 66.00 0.09 0.83 1.00 3.00 0.33 6.00 14.00 22.00 14.00 20.00 8.00 0.00 0.00 0.00 0.00 0.00
158.00 39.00 53.00 118.00 201.00 65.00 83.00 0.08 1.04 1.00 3.00 0.33 9.00 17.00 30.00 22.00 23.00 16.00 0.00 0.00 0.00 0.00 0.00
159.00 33.00 39.00 93.00 168.00 54.00 75.00 0.08 1.02 1.00 2.00 0.50 8.00 16.00 25.00 17.00 21.00 12.00 0.00 0.00 0.00 0.00 0.00
160.00 43.00 57.00 130.00 222.00 73.00 92.00 0.08 1.06 0.00 3.00 0.00 9.00 18.00 34.00 25.00 27.00 16.00 0.00 0.00 0.00 0.00 0.00
161.00 34.00 45.00 98.00 173.00 53.00 75.00 0.09 0.93 0.00 3.00 0.00 9.00 15.00 25.00 19.00 23.00 11.00 0.00 0.00 0.00 0.00 0.00
162.00 39.00 42.00 113.00 201.00 71.00 88.00 0.10 1.19 0.00 4.00 0.00 6.00 15.00 33.00 24.00 27.00 12.00 0.00 1.00 0.00 1.00 0.00
163.00 40.00 37.00 116.00 207.00 79.00 91.00 0.09 1.12 0.00 6.00 0.00 12.00 21.00 28.00 19.00 26.00 14.00 0.00 1.00 0.00 0.00 0.00
164.00 42.00 53.00 135.00 227.00 82.00 92.00 0.08 1.10 0.00 6.00 0.00 10.00 18.00 32.00 24.00 28.00 14.00 1.00 1.00 0.00 0.00 0.00
165.00 39.00 52.00 120.00 204.00 68.00 84.00 0.09 1.15 0.00 6.00 0.00 6.00 15.00 33.00 24.00 19.00 20.00 0.00 1.00 0.00 0.00 0.00
166.00 45.00 49.00 127.00 221.00 78.00 94.00 0.08 1.28 0.00 3.00 0.00 10.00 20.00 35.00 25.00 30.00 15.00 0.00 1.00 1.00 0.00 1.00
167.00 42.00 56.00 126.00 217.00 70.00 91.00 0.09 1.14 0.00 5.00 0.00 13.00 20.00 29.00 22.00 28.00 14.00 0.00 1.00 0.00 0.00 0.00
168.00 40.00 45.00 114.00 196.00 69.00 82.00 0.09 1.32 0.00 4.00 0.00 9.00 21.00 31.00 19.00 28.00 12.00 0.00 0.00 0.00 0.00 0.00
169.00 42.00 62.00 138.00 219.00 76.00 81.00 0.09 1.11 0.00 4.00 0.00 10.00 15.00 32.00 27.00 23.00 19.00 0.00 0.00 1.00 0.00 0.00
170.00 43.00 51.00 132.00 230.00 81.00 98.00 0.09 1.35 0.00 5.00 0.00 5.00 18.00 38.00 25.00 23.00 20.00 0.00 0.00 0.00 0.00 0.00
171.00 43.00 56.00 127.00 227.00 71.00 100.00 0.11 1.23 0.00 6.00 0.00 11.00 19.00 32.00 24.00 25.00 18.00 0.00 1.00 0.00 0.00 0.00
172.00 45.00 50.00 132.00 233.00 82.00 101.00 0.07 1.36 0.00 3.00 0.00 12.00 19.00 33.00 26.00 25.00 20.00 0.00 0.00 0.00 0.00 0.00
173.00 42.00 65.00 136.00 227.00 71.00 91.00 0.08 1.01 0.00 5.00 0.00 8.00 15.00 34.00 27.00 21.00 21.00 1.00 1.00 0.00 0.00 0.00
174.00 42.00 50.00 133.00 217.00 83.00 84.00 0.10 1.01 0.00 5.00 0.00 6.00 16.00 36.00 26.00 24.00 18.00 2.00 0.00 0.00 0.00 0.00
175.00 49.00 60.00 138.00 250.00 78.00 112.00 0.08 1.33 0.00 6.00 0.00 13.00 24.00 36.00 25.00 34.00 15.00 0.00 1.00 1.00 0.00 0.00
176.00 46.00 69.00 153.00 242.00 84.00 89.00 0.08 1.11 0.00 8.00 0.00 10.00 18.00 36.00 28.00 27.00 19.00 0.00 1.00 1.00 1.00 0.00
177.00 42.00 56.00 133.00 223.00 77.00 90.00 0.08 1.17 1.00 7.00 0.14 7.00 14.00 35.00 28.00 22.00 20.00 1.00 1.00 1.00 0.00 0.00
178.00 45.00 65.00 145.00 240.00 80.00 95.00 0.08 1.11 0.00 6.00 0.00 9.00 14.00 36.00 31.00 20.00 25.00 1.00 1.00 0.00 0.00 0.00
179.00 50.00 55.00 149.00 263.00 94.00 114.00 0.08 1.48 1.00 7.00 0.14 12.00 22.00 38.00 28.00 28.00 22.00 1.00 0.00 1.00 0.00 0.00
180.00 48.00 67.00 142.00 245.00 75.00 103.00 0.07 1.27 0.00 5.00 0.00 17.00 24.00 31.00 24.00 32.00 16.00 1.00 0.00 1.00 0.00 1.00
181.00 48.00 61.00 155.00 237.00 94.00 82.00 0.08 1.38 0.00 3.00 0.00 10.00 20.00 38.00 28.00 26.00 22.00 0.00 1.00 0.00 0.00 0.00
182.00 46.00 61.00 148.00 233.00 87.00 85.00 0.08 1.38 0.00 6.00 0.00 10.00 20.00 36.00 26.00 32.00 14.00 0.00 1.00 1.00 0.00 0.00
183.00 50.00 65.00 162.00 255.00 97.00 93.00 0.07 1.17 1.00 4.00 0.25 10.00 17.00 40.00 33.00 28.00 22.00 1.00 0.00 3.00 1.00 0.00
184.00 44.00 65.00 154.00 234.00 89.00 80.00 0.09 1.06 0.00 7.00 0.00 9.00 14.00 35.00 30.00 21.00 23.00 0.00 1.00 0.00 0.00 0.00
185.00 44.00 61.00 142.00 232.00 81.00 90.00 0.08 1.11 0.00 6.00 0.00 10.00 17.00 34.00 27.00 25.00 19.00 1.00 1.00 1.00 0.00 0.00
186.00 41.00 58.00 126.00 215.00 68.00 89.00 0.08 1.03 1.00 5.00 0.20 4.00 14.00 37.00 27.00 21.00 20.00 0.00 1.00 0.00 0.00 0.00
187.00 45.00 57.00 148.00 234.00 91.00 86.00 0.09 1.07 0.00 7.00 0.00 13.00 21.00 32.00 24.00 28.00 17.00 1.00 1.00 0.00 0.00 0.00
188.00 42.00 55.00 131.00 216.00 76.00 85.00 0.07 1.02 1.00 6.00 0.17 10.00 19.00 32.00 23.00 27.00 15.00 1.00 1.00 0.00 0.00 1.00
189.00 44.00 59.00 138.00 229.00 79.00 91.00 0.07 1.01 0.00 7.00 0.00 7.00 19.00 37.00 25.00 25.00 19.00 1.00 0.00 0.00 0.00 0.00
190.00 35.00 42.00 109.00 188.00 67.00 79.00 0.07 0.87 1.00 5.00 0.20 6.00 13.00 29.00 22.00 17.00 18.00 1.00 1.00 1.00 1.00 0.00
191.00 46.00 57.00 146.00 231.00 89.00 85.00 0.07 1.12 1.00 3.00 0.33 10.00 21.00 36.00 25.00 27.00 19.00 0.00 1.00 2.00 0.00 0.00
192.00 44.00 52.00 140.00 226.00 88.00 86.00 0.08 1.17 0.00 3.00 0.00 10.00 20.00 34.00 24.00 28.00 16.00 0.00 0.00 1.00 0.00 0.00
193.00 39.00 51.00 125.00 210.00 74.00 85.00 0.09 0.94 1.00 4.00 0.25 5.00 12.00 34.00 27.00 22.00 17.00 1.00 1.00 1.00 0.00 0.00
194.00 40.00 46.00 120.00 209.00 74.00 89.00 0.08 1.12 1.00 6.00 0.17 8.00 16.00 32.00 24.00 20.00 20.00 1.00 1.00 0.00 0.00 0.00
195.00 39.00 43.00 120.00 206.00 77.00 86.00 0.10 0.99 1.00 5.00 0.20 13.00 18.00 26.00 21.00 21.00 18.00 0.00 1.00 0.00 0.00 0.00
196.00 36.00 50.00 115.00 192.00 65.00 77.00 0.10 0.86 1.00 8.00 0.12 9.00 12.00 27.00 24.00 23.00 13.00 1.00 1.00 0.00 0.00 0.00
197.00 38.00 50.00 115.00 193.00 65.00 78.00 0.09 1.01 0.00 5.00 0.00 7.00 14.00 31.00 24.00 21.00 17.00 1.00 1.00 1.00 0.00 0.00
198.00 40.00 53.00 124.00 213.00 71.00 89.00 0.08 0.98 1.00 4.00 0.25 9.00 17.00 31.00 23.00 22.00 18.00 1.00 1.00 1.00 0.00 0.00
199.00 43.00 62.00 130.00 212.00 68.00 82.00 0.09 1.21 0.00 5.00 0.00 9.00 18.00 34.00 25.00 22.00 21.00 0.00 1.00 1.00 0.00 0.00
200.00 39.00 52.00 124.00 210.00 72.00 86.00 0.09 1.04 0.00 3.00 0.00 5.00 13.00 34.00 26.00 19.00 20.00 1.00 1.00 1.00 0.00 0.00
201.00 39.00 50.00 124.00 206.00 74.00 82.00 0.09 0.93 1.00 5.00 0.20 9.00 17.00 30.00 22.00 23.00 16.00 1.00 0.00 1.00 0.00 0.00
202.00 36.00 41.00 103.00 189.00 62.00 86.00 0.09 0.90 0.00 3.00 0.00 8.00 12.00 28.00 24.00 19.00 17.00 1.00 1.00 0.00 0.00 0.00
203.00 39.00 47.00 128.00 211.00 81.00 83.00 0.09 0.99 0.00 4.00 0.00 9.00 18.00 30.00 21.00 28.00 11.00 1.00 0.00 1.00 0.00 0.00
204.00 33.00 45.00 105.00 170.00 60.00 65.00 0.09 0.76 0.00 7.00 0.00 6.00 10.00 27.00 23.00 20.00 13.00 1.00 0.00 0.00 0.00 0.00
205.00 37.00 42.00 118.00 197.00 76.00 79.00 0.07 1.12 0.00 6.00 0.00 6.00 11.00 31.00 26.00 21.00 16.00 1.00 1.00 0.00 0.00 0.00
206.00 39.00 53.00 129.00 216.00 76.00 87.00 0.08 1.03 1.00 5.00 0.20 7.00 13.00 32.00 26.00 17.00 22.00 1.00 1.00 0.00 0.00 0.00
207.00 44.00 49.00 126.00 216.00 77.00 90.00 0.08 1.19 1.00 6.00 0.17 8.00 20.00 36.00 24.00 30.00 14.00 0.00 1.00 0.00 0.00 0.00
208.00 42.00 65.00 135.00 222.00 70.00 87.00 0.09 1.02 1.00 4.00 0.25 10.00 14.00 32.00 28.00 23.00 19.00 1.00 1.00 1.00 0.00 1.00
209.00 44.00 57.00 141.00 235.00 84.00 94.00 0.09 1.05 0.00 5.00 0.00 9.00 14.00 35.00 30.00 19.00 25.00 1.00 1.00 0.00 0.00 0.00
210.00 38.00 47.00 116.00 204.00 69.00 88.00 0.08 0.97 1.00 3.00 0.33 8.00 16.00 30.00 22.00 21.00 17.00 1.00 1.00 0.00 0.00 0.00
211.00 39.00 50.00 123.00 211.00 73.00 88.00 0.09 0.91 0.00 7.00 0.00 9.00 20.00 30.00 19.00 24.00 15.00 1.00 1.00 0.00 0.00 0.00
212.00 36.00 39.00 110.00 194.00 71.00 84.00 0.08 0.97 0.00 7.00 0.00 9.00 15.00 27.00 21.00 19.00 17.00 1.00 1.00 0.00 1.00 0.00
213.00 44.00 51.00 135.00 226.00 84.00 91.00 0.09 1.30 0.00 7.00 0.00 12.00 17.00 32.00 27.00 21.00 23.00 1.00 1.00 2.00 0.00 0.00
214.00 40.00 40.00 115.00 214.00 75.00 99.00 0.08 1.11 0.00 6.00 0.00 6.00 16.00 34.00 24.00 23.00 17.00 1.00 0.00 1.00 0.00 0.00
215.00 41.00 49.00 121.00 207.00 72.00 86.00 0.08 1.05 0.00 4.00 0.00 8.00 20.00 33.00 21.00 26.00 15.00 0.00 1.00 1.00 0.00 0.00
216.00 43.00 51.00 127.00 226.00 76.00 99.00 0.09 1.19 0.00 5.00 0.00 8.00 20.00 35.00 23.00 23.00 20.00 1.00 0.00 2.00 0.00 0.00
217.00 37.00 49.00 113.00 192.00 64.00 79.00 0.09 0.97 0.00 5.00 0.00 14.00 19.00 23.00 18.00 21.00 16.00 1.00 1.00 2.00 0.00 0.00
218.00 42.00 57.00 131.00 213.00 74.00 82.00 0.08 1.03 1.00 5.00 0.20 10.00 13.00 32.00 29.00 22.00 20.00 0.00 1.00 2.00 0.00 0.00
219.00 41.00 48.00 131.00 222.00 83.00 91.00 0.07 1.12 0.00 3.00 0.00 10.00 16.00 31.00 25.00 23.00 18.00 1.00 0.00 0.00 0.00 0.00
220.00 35.00 46.00 113.00 188.00 67.00 75.00 0.07 0.74 0.00 3.00 0.00 8.00 16.00 27.00 19.00 20.00 15.00 1.00 0.00 0.00 0.00 0.00
221.00 36.00 41.00 105.00 178.00 64.00 73.00 0.08 1.07 1.00 3.00 0.33 7.00 16.00 29.00 20.00 22.00 14.00 0.00 0.00 0.00 0.00 0.00
222.00 35.00 36.00 110.00 189.00 74.00 79.00 0.08 0.94 1.00 3.00 0.33 7.00 13.00 28.00 22.00 21.00 14.00 1.00 1.00 0.00 0.00 0.00
223.00 37.00 50.00 116.00 192.00 66.00 76.00 0.09 0.88 0.00 4.00 0.00 10.00 21.00 27.00 16.00 25.00 12.00 0.00 1.00 0.00 1.00 0.00
224.00 37.00 39.00 104.00 200.00 65.00 96.00 0.08 1.04 0.00 4.00 0.00 16.00 20.00 21.00 17.00 30.00 7.00 1.00 0.00 0.00 0.00 0.00
225.00 35.00 47.00 111.00 180.00 64.00 69.00 0.08 1.04 0.00 5.00 0.00 4.00 13.00 31.00 22.00 20.00 15.00 0.00 1.00 0.00 0.00 0.00
226.00 40.00 56.00 123.00 197.00 67.00 74.00 0.08 0.99 0.00 5.00 0.00 9.00 19.00 31.00 21.00 24.00 16.00 0.00 1.00 0.00 0.00 0.00
227.00 39.00 48.00 122.00 200.00 74.00 78.00 0.09 0.98 0.00 6.00 0.00 8.00 17.00 31.00 22.00 23.00 16.00 1.00 0.00 0.00 0.00 0.00
228.00 39.00 50.00 110.00 208.00 60.00 98.00 0.09 1.06 0.00 4.00 0.00 6.00 17.00 33.00 22.00 22.00 17.00 1.00 1.00 0.00 0.00 0.00
229.00 39.00 60.00 125.00 210.00 65.00 85.00 0.08 1.05 0.00 6.00 0.00 6.00 12.00 33.00 27.00 19.00 20.00 0.00 1.00 0.00 0.00 0.00
230.00 37.00 59.00 121.00 195.00 62.00 74.00 0.09 1.04 0.00 5.00 0.00 6.00 9.00 31.00 28.00 14.00 23.00 1.00 1.00 0.00 0.00 0.00
231.00 43.00 52.00 127.00 225.00 75.00 98.00 0.10 1.21 0.00 5.00 0.00 10.00 19.00 33.00 24.00 28.00 15.00 1.00 1.00 0.00 0.00 0.00
232.00 43.00 61.00 135.00 220.00 74.00 85.00 0.09 1.38 0.00 6.00 0.00 12.00 20.00 31.00 23.00 27.00 16.00 1.00 1.00 0.00 0.00 0.00
233.00 38.00 45.00 118.00 203.00 73.00 85.00 0.09 1.14 0.00 5.00 0.00 6.00 9.00 32.00 29.00 15.00 23.00 1.00 1.00 0.00 0.00 0.00
234.00 39.00 47.00 125.00 202.00 78.00 77.00 0.09 1.15 0.00 7.00 0.00 5.00 14.00 34.00 25.00 24.00 15.00 0.00 1.00 1.00 0.00 0.00
235.00 45.00 73.00 155.00 234.00 82.00 79.00 0.08 1.50 1.00 3.00 0.33 9.00 14.00 36.00 31.00 24.00 21.00 1.00 0.00 0.00 0.00 0.00
236.00 37.00 43.00 117.00 197.00 74.00 80.00 0.10 1.13 1.00 3.00 0.33 5.00 12.00 32.00 25.00 22.00 15.00 1.00 1.00 0.00 0.00 0.00
237.00 45.00 59.00 147.00 235.00 88.00 88.00 0.09 1.19 0.00 4.00 0.00 5.00 19.00 40.00 26.00 29.00 16.00 1.00 0.00 1.00 0.00 0.00
238.00 39.00 52.00 123.00 203.00 71.00 80.00 0.07 1.09 1.00 5.00 0.20 13.00 20.00 26.00 19.00 27.00 12.00 0.00 1.00 1.00 0.00 0.00
239.00 37.00 49.00 118.00 193.00 69.00 75.00 0.08 1.07 1.00 5.00 0.20 8.00 13.00 29.00 24.00 20.00 17.00 0.00 1.00 1.00 0.00 0.00
240.00 42.00 59.00 140.00 225.00 81.00 85.00 0.08 1.25 0.00 6.00 0.00 9.00 16.00 33.00 26.00 22.00 20.00 1.00 1.00 0.00 0.00 0.00
241.00 37.00 44.00 115.00 201.00 71.00 86.00 0.10 1.13 0.00 6.00 0.00 5.00 13.00 32.00 24.00 23.00 14.00 1.00 0.00 0.00 0.00 0.00
242.00 45.00 64.00 153.00 229.00 89.00 76.00 0.08 1.42 1.00 7.00 0.14 11.00 16.00 34.00 29.00 25.00 20.00 1.00 1.00 0.00 0.00 0.00
243.00 42.00 59.00 142.00 221.00 83.00 79.00 0.09 1.19 1.00 5.00 0.20 7.00 14.00 35.00 28.00 22.00 20.00 1.00 1.00 0.00 0.00 0.00
244.00 42.00 58.00 130.00 217.00 72.00 87.00 0.10 1.11 1.00 3.00 0.33 4.00 14.00 38.00 28.00 23.00 19.00 1.00 1.00 0.00 0.00 0.00
245.00 36.00 43.00 115.00 185.00 72.00 70.00 0.08 0.99 1.00 5.00 0.20 6.00 18.00 30.00 18.00 22.00 14.00 1.00 1.00 0.00 0.00 0.00
246.00 41.00 50.00 119.00 201.00 69.00 82.00 0.07 1.16 1.00 6.00 0.17 9.00 20.00 32.00 21.00 29.00 12.00 1.00 0.00 0.00 0.00 0.00
247.00 43.00 68.00 135.00 221.00 67.00 86.00 0.09 1.26 1.00 4.00 0.25 6.00 18.00 37.00 25.00 24.00 19.00 1.00 1.00 0.00 0.00 0.00
248.00 40.00 42.00 124.00 213.00 82.00 89.00 0.09 1.48 1.00 6.00 0.17 10.00 20.00 30.00 20.00 24.00 16.00 0.00 1.00 0.00 0.00 0.00
249.00 43.00 59.00 137.00 216.00 78.00 79.00 0.08 1.08 1.00 6.00 0.17 13.00 17.00 30.00 26.00 27.00 16.00 1.00 0.00 0.00 0.00 0.00
250.00 37.00 42.00 118.00 195.00 76.00 77.00 0.08 1.11 0.00 6.00 0.00 12.00 16.00 25.00 21.00 22.00 15.00 1.00 1.00 0.00 1.00 0.00
251.00 42.00 58.00 136.00 210.00 78.00 74.00 0.08 1.22 0.00 4.00 0.00 10.00 20.00 32.00 22.00 24.00 18.00 1.00 1.00 0.00 0.00 0.00
252.00 41.00 54.00 135.00 215.00 81.00 80.00 0.08 1.05 0.00 5.00 0.00 11.00 18.00 30.00 23.00 22.00 19.00 0.00 1.00 0.00 0.00 0.00
253.00 45.00 69.00 146.00 245.00 77.00 99.00 0.10 1.23 1.00 6.00 0.17 6.00 12.00 39.00 33.00 23.00 22.00 1.00 1.00 0.00 0.00 0.00
254.00 44.00 70.00 146.00 226.00 76.00 80.00 0.08 1.27 1.00 7.00 0.14 9.00 14.00 35.00 30.00 21.00 23.00 1.00 1.00 1.00 1.00 0.00
255.00 45.00 64.00 154.00 235.00 90.00 81.00 0.09 1.56 1.00 7.00 0.14 8.00 19.00 37.00 26.00 25.00 20.00 0.00 1.00 1.00 0.00 0.00
256.00 47.00 66.00 156.00 254.00 90.00 98.00 0.10 1.25 1.00 7.00 0.14 10.00 21.00 37.00 26.00 24.00 23.00 1.00 1.00 0.00 0.00 0.00
257.00 40.00 48.00 123.00 210.00 75.00 87.00 0.09 1.20 1.00 6.00 0.17 7.00 22.00 33.00 18.00 27.00 13.00 1.00 1.00 0.00 0.00 0.00
258.00 48.00 70.00 157.00 262.00 87.00 105.00 0.09 1.24 1.00 7.00 0.14 4.00 16.00 44.00 32.00 27.00 21.00 1.00 1.00 0.00 1.00 0.00
259.00 45.00 58.00 149.00 241.00 91.00 92.00 0.07 1.32 0.00 7.00 0.00 5.00 14.00 40.00 31.00 23.00 22.00 1.00 1.00 0.00 1.00 0.00
260.00 43.00 63.00 132.00 220.00 69.00 88.00 0.09 1.48 0.00 5.00 0.00 8.00 17.00 35.00 26.00 23.00 20.00 1.00 0.00 0.00 0.00 0.00
261.00 47.00 53.00 161.00 252.00 108.00 91.00 0.08 1.19 0.00 6.00 0.00 9.00 22.00 38.00 25.00 28.00 19.00 1.00 0.00 1.00 0.00 0.00
262.00 47.00 63.00 152.00 233.00 89.00 81.00 0.09 1.72 0.00 5.00 0.00 7.00 21.00 40.00 26.00 26.00 21.00 1.00 0.00 0.00 1.00 0.00
263.00 42.00 66.00 145.00 220.00 79.00 75.00 0.08 0.96 1.00 7.00 0.14 9.00 15.00 33.00 27.00 27.00 15.00 1.00 1.00 0.00 0.00 0.00
264.00 43.00 63.00 132.00 234.00 69.00 102.00 0.08 1.15 1.00 6.00 0.17 9.00 18.00 34.00 25.00 26.00 17.00 1.00 0.00 0.00 0.00 0.00
265.00 45.00 68.00 145.00 244.00 77.00 99.00 0.08 1.14 1.00 6.00 0.17 7.00 16.00 38.00 29.00 25.00 20.00 1.00 1.00 1.00 0.00 0.00
266.00 43.00 53.00 147.00 228.00 94.00 81.00 0.08 1.13 1.00 7.00 0.14 10.00 22.00 33.00 21.00 25.00 18.00 1.00 0.00 1.00 1.00 0.00
267.00 46.00 63.00 150.00 247.00 87.00 97.00 0.08 1.31 1.00 6.00 0.17 12.00 18.00 34.00 28.00 25.00 21.00 1.00 0.00 0.00 0.00 0.00
268.00 47.00 60.00 149.00 247.00 89.00 98.00 0.09 1.56 0.00 6.00 0.00 11.00 18.00 36.00 29.00 24.00 23.00 1.00 1.00 0.00 0.00 0.00
269.00 49.00 64.00 161.00 255.00 97.00 94.00 0.09 1.30 0.00 6.00 0.00 10.00 16.00 39.00 33.00 27.00 22.00 1.00 0.00 0.00 0.00 0.00
270.00 52.00 85.00 182.00 276.00 97.00 94.00 0.07 1.32 1.00 7.00 0.14 9.00 15.00 43.00 37.00 24.00 28.00 1.00 0.00 0.00 0.00 0.00
271.00 46.00 71.00 154.00 248.00 83.00 94.00 0.10 1.31 0.00 7.00 0.00 7.00 17.00 39.00 29.00 28.00 18.00 2.00 0.00 0.00 1.00 0.00
272.00 46.00 70.00 155.00 253.00 85.00 98.00 0.09 1.22 1.00 7.00 0.14 9.00 19.00 37.00 27.00 30.00 16.00 1.00 0.00 0.00 0.00 0.00
273.00 52.00 94.00 175.00 264.00 81.00 89.00 0.08 1.57 1.00 9.00 0.11 15.00 21.00 37.00 31.00 26.00 26.00 1.00 1.00 0.00 0.00 0.00
274.00 40.00 56.00 129.00 209.00 73.00 80.00 0.09 1.18 1.00 6.00 0.17 7.00 13.00 33.00 27.00 25.00 15.00 0.00 1.00 1.00 0.00 0.00
275.00 47.00 71.00 155.00 248.00 84.00 93.00 0.09 1.24 1.00 5.00 0.20 8.00 24.00 39.00 23.00 26.00 21.00 1.00 1.00 1.00 0.00 0.00
276.00 44.00 68.00 151.00 230.00 83.00 79.00 0.09 1.23 1.00 6.00 0.17 12.00 17.00 32.00 27.00 21.00 23.00 1.00 0.00 0.00 0.00 0.00
277.00 50.00 77.00 162.00 258.00 85.00 96.00 0.08 1.33 1.00 5.00 0.20 10.00 18.00 40.00 32.00 26.00 24.00 1.00 1.00 0.00 0.00 0.00
278.00 48.00 76.00 164.00 256.00 88.00 92.00 0.09 1.30 1.00 6.00 0.17 10.00 17.00 38.00 31.00 26.00 22.00 1.00 0.00 0.00 0.00 0.00
279.00 46.00 62.00 153.00 243.00 91.00 90.00 0.09 1.27 1.00 4.00 0.25 8.00 21.00 38.00 25.00 29.00 17.00 1.00 0.00 0.00 0.00 0.00
280.00 45.00 72.00 147.00 240.00 75.00 93.00 0.07 1.32 1.00 2.00 0.50 10.00 15.00 35.00 30.00 20.00 25.00 2.00 1.00 0.00 0.00 0.00
281.00 44.00 65.00 146.00 227.00 81.00 81.00 0.09 1.23 1.00 6.00 0.17 8.00 19.00 36.00 25.00 30.00 14.00 2.00 1.00 0.00 0.00 0.00
282.00 47.00 70.00 161.00 253.00 91.00 92.00 0.09 1.36 1.00 6.00 0.17 9.00 16.00 38.00 31.00 29.00 18.00 0.00 1.00 0.00 0.00 0.00
283.00 44.00 66.00 134.00 235.00 68.00 101.00 0.08 1.25 0.00 5.00 0.00 6.00 15.00 38.00 29.00 24.00 20.00 1.00 1.00 0.00 0.00 0.00
284.00 44.00 55.00 140.00 230.00 85.00 90.00 0.09 1.39 0.00 4.00 0.00 8.00 18.00 36.00 26.00 27.00 17.00 2.00 0.00 0.00 0.00 0.00
285.00 48.00 69.00 159.00 256.00 90.00 97.00 0.07 1.28 0.00 5.00 0.00 10.00 16.00 38.00 32.00 24.00 24.00 1.00 0.00 0.00 0.00 0.00
286.00 45.00 55.00 145.00 240.00 90.00 95.00 0.09 1.29 0.00 6.00 0.00 7.00 16.00 38.00 29.00 25.00 20.00 1.00 1.00 0.00 0.00 0.00
287.00 46.00 72.00 154.00 245.00 82.00 91.00 0.09 1.42 0.00 4.00 0.00 4.00 16.00 42.00 30.00 24.00 22.00 0.00 1.00 0.00 0.00 0.00
288.00 47.00 66.00 151.00 252.00 85.00 101.00 0.08 1.37 0.00 6.00 0.00 9.00 18.00 38.00 29.00 23.00 24.00 0.00 1.00 2.00 0.00 0.00
289.00 49.00 83.00 165.00 254.00 82.00 89.00 0.07 1.45 1.00 7.00 0.14 8.00 15.00 41.00 34.00 24.00 25.00 1.00 1.00 2.00 0.00 0.00
290.00 45.00 77.00 154.00 236.00 77.00 82.00 0.10 1.17 0.00 7.00 0.00 4.00 15.00 41.00 30.00 23.00 22.00 0.00 1.00 2.00 0.00 0.00
291.00 50.00 81.00 159.00 248.00 78.00 89.00 0.07 1.52 0.00 7.00 0.00 14.00 27.00 36.00 23.00 31.00 19.00 1.00 1.00 1.00 1.00 1.00
292.00 48.00 67.00 158.00 244.00 91.00 86.00 0.10 1.24 0.00 6.00 0.00 12.00 17.00 36.00 31.00 26.00 22.00 0.00 1.00 2.00 0.00 0.00
293.00 40.00 51.00 129.00 209.00 78.00 80.00 0.09 1.19 0.00 7.00 0.00 9.00 19.00 31.00 21.00 27.00 13.00 0.00 0.00 1.00 0.00 0.00
294.00 50.00 72.00 165.00 269.00 93.00 104.00 0.08 1.40 0.00 7.00 0.00 11.00 19.00 39.00 31.00 25.00 25.00 0.00 0.00 2.00 0.00 0.00
295.00 53.00 83.00 178.00 272.00 95.00 94.00 0.10 1.38 0.00 9.00 0.00 14.00 23.00 39.00 30.00 31.00 22.00 1.00 0.00 0.00 0.00 0.00
296.00 48.00 80.00 163.00 245.00 83.00 82.00 0.07 1.31 0.00 8.00 0.00 10.00 17.00 38.00 31.00 27.00 21.00 0.00 0.00 1.00 0.00 0.00
297.00 47.00 69.00 148.00 254.00 79.00 106.00 0.08 1.31 1.00 6.00 0.17 10.00 15.00 37.00 32.00 27.00 20.00 1.00 0.00 0.00 0.00 0.00
298.00 49.00 68.00 159.00 257.00 91.00 98.00 0.09 1.36 0.00 8.00 0.00 9.00 16.00 40.00 33.00 28.00 21.00 0.00 1.00 0.00 0.00 0.00
299.00 49.00 82.00 167.00 256.00 85.00 89.00 0.10 1.23 0.00 7.00 0.00 10.00 18.00 39.00 31.00 27.00 22.00 0.00 1.00 0.00 0.00 0.00
300.00 51.00 81.00 164.00 263.00 83.00 99.00 0.08 1.43 0.00 7.00 0.00 9.00 20.00 42.00 31.00 28.00 23.00 0.00 0.00 1.00 0.00 0.00
301.00 48.00 69.00 158.00 260.00 89.00 102.00 0.08 1.37 1.00 9.00 0.11 10.00 17.00 38.00 31.00 29.00 19.00 1.00 0.00 1.00 0.00 0.00
302.00 51.00 80.00 167.00 262.00 87.00 95.00 0.09 1.60 2.00 8.00 0.25 10.00 18.00 41.00 33.00 29.00 22.00 0.00 1.00 1.00 0.00 0.00
303.00 50.00 82.00 171.00 268.00 89.00 97.00 0.08 1.49 1.00 8.00 0.12 8.00 17.00 42.00 33.00 25.00 25.00 0.00 1.00 2.00 0.00 0.00
304.00 48.00 83.00 172.00 252.00 89.00 80.00 0.08 1.32 1.00 8.00 0.12 4.00 12.00 44.00 36.00 22.00 26.00 0.00 1.00 0.00 0.00 0.00
305.00 54.00 90.00 178.00 279.00 88.00 101.00 0.08 1.40 0.00 8.00 0.00 10.00 23.00 44.00 31.00 35.00 19.00 0.00 0.00 1.00 0.00 0.00
306.00 48.00 76.00 156.00 248.00 80.00 92.00 0.10 1.52 1.00 9.00 0.11 8.00 15.00 40.00 33.00 25.00 23.00 0.00 1.00 0.00 0.00 0.00
307.00 51.00 94.00 176.00 255.00 82.00 79.00 0.09 1.31 0.00 9.00 0.00 8.00 18.00 43.00 33.00 26.00 25.00 0.00 0.00 0.00 0.00 0.00
308.00 52.00 79.00 161.00 266.00 82.00 105.00 0.07 1.42 0.00 10.00 0.00 8.00 23.00 44.00 29.00 33.00 19.00 0.00 1.00 0.00 0.00 0.00
309.00 49.00 63.00 156.00 250.00 93.00 94.00 0.09 1.36 0.00 11.00 0.00 10.00 20.00 39.00 29.00 29.00 20.00 0.00 1.00 0.00 0.00 0.00
310.00 51.00 91.00 178.00 275.00 87.00 97.00 0.10 1.38 0.00 9.00 0.00 9.00 17.00 42.00 34.00 28.00 23.00 0.00 1.00 0.00 0.00 0.00
311.00 48.00 64.00 160.00 255.00 96.00 95.00 0.10 1.54 0.00 10.00 0.00 9.00 16.00 39.00 32.00 26.00 22.00 0.00 1.00 0.00 0.00 0.00
312.00 52.00 91.00 175.00 266.00 84.00 91.00 0.09 1.33 0.00 8.00 0.00 13.00 21.00 39.00 31.00 28.00 24.00 0.00 0.00 0.00 0.00 0.00
313.00 51.00 79.00 161.00 265.00 82.00 104.00 0.09 1.41 0.00 9.00 0.00 8.00 19.00 43.00 32.00 24.00 27.00 0.00 2.00 0.00 0.00 0.00
314.00 48.00 72.00 160.00 256.00 88.00 96.00 0.09 1.25 0.00 9.00 0.00 8.00 19.00 40.00 29.00 21.00 27.00 0.00 1.00 0.00 0.00 0.00
315.00 56.00 71.00 183.00 303.00 112.00 120.00 0.09 1.72 0.00 9.00 0.00 13.00 24.00 43.00 32.00 33.00 23.00 1.00 1.00 0.00 0.00 0.00
316.00 50.00 72.00 157.00 249.00 85.00 92.00 0.08 1.37 0.00 8.00 0.00 8.00 21.00 42.00 29.00 29.00 21.00 1.00 2.00 0.00 0.00 0.00
317.00 51.00 83.00 181.00 266.00 98.00 85.00 0.08 1.33 1.00 8.00 0.12 7.00 11.00 44.00 40.00 21.00 30.00 1.00 1.00 0.00 1.00 0.00
318.00 51.00 73.00 162.00 261.00 89.00 99.00 0.09 1.55 0.00 9.00 0.00 8.00 17.00 43.00 34.00 26.00 25.00 0.00 2.00 0.00 0.00 1.00
319.00 50.00 83.00 167.00 265.00 84.00 98.00 0.08 1.32 0.00 8.00 0.00 12.00 15.00 38.00 35.00 28.00 22.00 0.00 1.00 0.00 0.00 0.00
320.00 47.00 72.00 155.00 247.00 83.00 92.00 0.08 1.23 0.00 9.00 0.00 10.00 16.00 37.00 31.00 23.00 24.00 0.00 1.00 1.00 0.00 0.00
321.00 55.00 88.00 182.00 295.00 94.00 113.00 0.08 1.82 0.00 9.00 0.00 9.00 17.00 46.00 38.00 26.00 29.00 1.00 0.00 0.00 0.00 0.00
322.00 49.00 80.00 161.00 257.00 81.00 96.00 0.09 1.23 0.00 8.00 0.00 15.00 21.00 34.00 28.00 27.00 22.00 0.00 1.00 1.00 0.00 0.00
323.00 52.00 70.00 171.00 267.00 101.00 96.00 0.09 1.28 0.00 10.00 0.00 10.00 20.00 42.00 32.00 32.00 20.00 0.00 1.00 0.00 0.00 0.00
324.00 47.00 64.00 157.00 246.00 93.00 89.00 0.07 1.25 0.00 9.00 0.00 7.00 18.00 40.00 29.00 22.00 25.00 0.00 1.00 0.00 1.00 0.00
325.00 48.00 77.00 152.00 247.00 75.00 95.00 0.10 1.25 0.00 10.00 0.00 11.00 20.00 37.00 28.00 29.00 19.00 0.00 1.00 0.00 0.00 0.00
326.00 50.00 77.00 157.00 261.00 80.00 104.00 0.07 1.24 0.00 9.00 0.00 7.00 21.00 43.00 29.00 29.00 21.00 0.00 1.00 0.00 0.00 0.00
327.00 48.00 75.00 156.00 252.00 81.00 96.00 0.08 1.49 0.00 9.00 0.00 10.00 18.00 38.00 30.00 29.00 19.00 0.00 1.00 1.00 1.00 0.00
328.00 50.00 82.00 168.00 261.00 86.00 93.00 0.08 1.19 0.00 6.00 0.00 9.00 22.00 41.00 28.00 29.00 21.00 0.00 0.00 0.00 0.00 0.00
329.00 48.00 74.00 154.00 241.00 80.00 87.00 0.08 1.27 0.00 8.00 0.00 10.00 23.00 38.00 25.00 32.00 16.00 0.00 0.00 1.00 0.00 0.00
330.00 51.00 67.00 176.00 271.00 109.00 95.00 0.09 1.18 0.00 7.00 0.00 10.00 17.00 41.00 34.00 27.00 24.00 0.00 0.00 2.00 0.00 0.00
331.00 53.00 81.00 171.00 278.00 90.00 107.00 0.07 1.53 0.00 5.00 0.00 6.00 19.00 47.00 34.00 27.00 26.00 0.00 1.00 1.00 0.00 0.00
332.00 54.00 83.00 173.00 283.00 90.00 110.00 0.09 1.63 0.00 4.00 0.00 10.00 16.00 44.00 38.00 23.00 31.00 0.00 1.00 1.00 1.00 0.00
333.00 49.00 71.00 165.00 266.00 94.00 101.00 0.09 1.34 0.00 5.00 0.00 6.00 13.00 43.00 36.00 21.00 28.00 0.00 0.00 2.00 1.00 0.00
334.00 48.00 67.00 148.00 248.00 81.00 100.00 0.08 1.36 1.00 7.00 0.14 12.00 21.00 36.00 27.00 26.00 22.00 0.00 1.00 1.00 0.00 0.00
335.00 52.00 86.00 157.00 255.00 71.00 98.00 0.08 1.75 0.00 6.00 0.00 12.00 22.00 40.00 30.00 32.00 20.00 0.00 1.00 1.00 0.00 0.00
336.00 47.00 73.00 155.00 248.00 82.00 93.00 0.07 1.24 0.00 7.00 0.00 8.00 17.00 39.00 30.00 25.00 22.00 0.00 1.00 1.00 0.00 0.00
337.00 48.00 74.00 161.00 257.00 87.00 96.00 0.09 1.25 0.00 6.00 0.00 10.00 17.00 38.00 31.00 22.00 26.00 0.00 0.00 1.00 0.00 0.00
338.00 50.00 76.00 166.00 255.00 90.00 89.00 0.07 1.28 0.00 7.00 0.00 10.00 18.00 40.00 32.00 27.00 23.00 0.00 1.00 0.00 0.00 0.00
339.00 56.00 75.00 182.00 290.00 107.00 108.00 0.09 1.36 1.00 9.00 0.11 10.00 23.00 46.00 33.00 31.00 25.00 1.00 1.00 1.00 0.00 0.00
340.00 51.00 79.00 172.00 264.00 93.00 92.00 0.07 1.38 1.00 7.00 0.14 15.00 21.00 36.00 30.00 27.00 24.00 0.00 0.00 0.00 0.00 0.00
341.00 45.00 65.00 145.00 241.00 80.00 96.00 0.08 1.25 0.00 9.00 0.00 4.00 17.00 41.00 28.00 24.00 21.00 0.00 1.00 0.00 0.00 0.00
342.00 49.00 71.00 167.00 261.00 96.00 94.00 0.07 1.20 0.00 11.00 0.00 8.00 18.00 41.00 31.00 25.00 24.00 0.00 1.00 1.00 0.00 0.00
343.00 45.00 75.00 148.00 232.00 73.00 84.00 0.10 1.22 0.00 7.00 0.00 6.00 15.00 39.00 30.00 24.00 21.00 0.00 0.00 1.00 0.00 0.00
344.00 49.00 74.00 157.00 263.00 83.00 106.00 0.08 1.27 0.00 5.00 0.00 7.00 15.00 42.00 34.00 27.00 22.00 1.00 0.00 0.00 0.00 0.00
345.00 50.00 70.00 157.00 256.00 87.00 99.00 0.08 1.58 0.00 6.00 0.00 10.00 19.00 40.00 31.00 30.00 20.00 1.00 1.00 0.00 0.00 0.00
346.00 46.00 62.00 145.00 240.00 83.00 95.00 0.07 1.34 0.00 5.00 0.00 12.00 20.00 34.00 26.00 27.00 19.00 1.00 0.00 1.00 0.00 1.00
347.00 44.00 62.00 140.00 241.00 78.00 101.00 0.08 1.32 0.00 5.00 0.00 10.00 18.00 34.00 26.00 28.00 16.00 1.00 1.00 0.00 1.00 0.00
348.00 51.00 82.00 164.00 268.00 82.00 104.00 0.08 1.37 0.00 6.00 0.00 11.00 18.00 40.00 33.00 27.00 24.00 0.00 0.00 0.00 0.00 0.00
349.00 53.00 85.00 177.00 265.00 92.00 88.00 0.09 1.42 0.00 6.00 0.00 11.00 19.00 42.00 34.00 24.00 29.00 0.00 1.00 0.00 0.00 0.00
350.00 38.00 50.00 114.00 194.00 64.00 80.00 0.09 1.25 0.00 6.00 0.00 8.00 12.00 30.00 26.00 19.00 19.00 0.00 0.00 0.00 0.00 0.00
351.00 52.00 89.00 166.00 273.00 77.00 107.00 0.07 1.39 0.00 7.00 0.00 12.00 21.00 40.00 31.00 28.00 24.00 0.00 1.00 0.00 0.00 0.00
352.00 50.00 82.00 165.00 257.00 83.00 92.00 0.08 1.42 0.00 8.00 0.00 12.00 21.00 38.00 29.00 30.00 20.00 0.00 1.00 2.00 0.00 0.00
353.00 53.00 89.00 178.00 270.00 89.00 92.00 0.09 1.41 0.00 8.00 0.00 7.00 19.00 46.00 34.00 26.00 27.00 0.00 1.00 2.00 0.00 0.00
354.00 52.00 72.00 173.00 272.00 101.00 99.00 0.07 1.48 0.00 7.00 0.00 7.00 17.00 45.00 35.00 27.00 25.00 0.00 0.00 1.00 0.00 0.00
355.00 57.00 102.00 185.00 286.00 83.00 101.00 0.08 1.45 0.00 11.00 0.00 14.00 24.00 43.00 33.00 33.00 24.00 1.00 0.00 1.00 1.00 0.00
356.00 50.00 86.00 166.00 252.00 80.00 86.00 0.08 1.24 0.00 10.00 0.00 6.00 16.00 44.00 34.00 24.00 26.00 0.00 0.00 0.00 0.00 0.00
357.00 46.00 50.00 138.00 244.00 88.00 106.00 0.07 1.20 1.00 9.00 0.11 12.00 19.00 34.00 27.00 26.00 20.00 0.00 0.00 1.00 0.00 0.00
358.00 52.00 85.00 177.00 258.00 92.00 81.00 0.09 1.38 1.00 10.00 0.10 11.00 20.00 41.00 32.00 27.00 25.00 0.00 1.00 0.00 0.00 0.00
359.00 53.00 86.00 176.00 271.00 90.00 95.00 0.08 1.65 0.00 8.00 0.00 9.00 19.00 44.00 34.00 28.00 25.00 0.00 1.00 0.00 0.00 0.00
360.00 56.00 88.00 186.00 290.00 98.00 104.00 0.09 1.41 0.00 9.00 0.00 11.00 18.00 45.00 38.00 31.00 25.00 0.00 2.00 0.00 0.00 0.00
361.00 51.00 81.00 173.00 263.00 92.00 90.00 0.09 1.30 1.00 10.00 0.10 10.00 22.00 41.00 29.00 28.00 23.00 0.00 0.00 0.00 0.00 0.00
362.00 53.00 83.00 173.00 271.00 90.00 98.00 0.08 1.44 1.00 8.00 0.12 13.00 24.00 40.00 29.00 29.00 24.00 0.00 0.00 0.00 0.00 0.00
363.00 44.00 74.00 145.00 231.00 71.00 86.00 0.08 1.00 0.00 9.00 0.00 8.00 12.00 36.00 32.00 17.00 27.00 1.00 1.00 0.00 0.00 0.00
364.00 51.00 84.00 179.00 279.00 95.00 100.00 0.07 1.21 1.00 8.00 0.12 5.00 14.00 46.00 37.00 23.00 28.00 1.00 1.00 1.00 1.00 1.00
365.00 51.00 87.00 165.00 266.00 78.00 101.00 0.09 1.24 1.00 8.00 0.12 9.00 18.00 42.00 33.00 28.00 23.00 0.00 0.00 0.00 0.00 1.00
366.00 52.00 81.00 172.00 277.00 91.00 105.00 0.08 1.18 1.00 9.00 0.11 9.00 18.00 43.00 34.00 30.00 22.00 0.00 0.00 0.00 0.00 0.00
367.00 52.00 75.00 167.00 273.00 92.00 106.00 0.08 1.16 1.00 9.00 0.11 13.00 25.00 39.00 27.00 32.00 20.00 0.00 1.00 1.00 0.00 0.00
368.00 53.00 67.00 182.00 288.00 115.00 106.00 0.08 1.23 1.00 8.00 0.12 9.00 16.00 44.00 37.00 25.00 28.00 1.00 0.00 1.00 0.00 1.00
369.00 58.00 85.00 187.00 289.00 102.00 102.00 0.08 1.59 1.00 9.00 0.11 14.00 26.00 44.00 32.00 30.00 28.00 1.00 0.00 0.00 0.00 0.00
370.00 47.00 72.00 152.00 235.00 80.00 83.00 0.08 1.12 2.00 8.00 0.25 8.00 16.00 39.00 31.00 24.00 23.00 0.00 1.00 0.00 0.00 1.00
371.00 55.00 97.00 190.00 282.00 93.00 92.00 0.07 1.16 1.00 8.00 0.12 11.00 21.00 44.00 34.00 31.00 24.00 0.00 0.00 0.00 1.00 0.00
372.00 54.00 85.00 190.00 281.00 105.00 91.00 0.08 1.34 2.00 10.00 0.20 10.00 20.00 44.00 34.00 30.00 24.00 0.00 1.00 0.00 0.00 1.00
373.00 49.00 85.00 174.00 254.00 89.00 80.00 0.07 1.07 0.00 9.00 0.00 9.00 19.00 40.00 30.00 25.00 24.00 0.00 1.00 0.00 0.00 0.00
374.00 50.00 82.00 163.00 262.00 81.00 99.00 0.09 1.17 1.00 8.00 0.12 11.00 20.00 39.00 30.00 26.00 24.00 0.00 1.00 0.00 0.00 0.00
375.00 48.00 74.00 156.00 255.00 82.00 99.00 0.09 1.20 0.00 10.00 0.00 8.00 12.00 40.00 36.00 25.00 23.00 0.00 0.00 0.00 1.00 1.00
376.00 51.00 84.00 164.00 259.00 80.00 95.00 0.08 1.18 1.00 10.00 0.10 12.00 20.00 39.00 31.00 25.00 26.00 0.00 1.00 0.00 1.00 0.00
377.00 52.00 60.00 169.00 272.00 109.00 103.00 0.10 1.31 0.00 8.00 0.00 5.00 17.00 47.00 35.00 27.00 25.00 0.00 1.00 0.00 1.00 0.00
378.00 57.00 91.00 186.00 298.00 95.00 112.00 0.09 1.41 1.00 6.00 0.17 12.00 19.00 45.00 38.00 31.00 26.00 0.00 1.00 0.00 0.00 1.00
379.00 52.00 79.00 181.00 273.00 102.00 92.00 0.08 1.22 0.00 7.00 0.00 12.00 17.00 40.00 35.00 28.00 24.00 1.00 2.00 1.00 0.00 0.00
380.00 55.00 76.00 166.00 286.00 90.00 120.00 0.09 1.36 1.00 7.00 0.14 12.00 20.00 43.00 35.00 29.00 26.00 1.00 2.00 1.00 0.00 0.00
381.00 54.00 84.00 180.00 285.00 96.00 105.00 0.09 1.19 1.00 8.00 0.12 8.00 18.00 46.00 36.00 31.00 23.00 0.00 1.00 0.00 0.00 0.00
382.00 60.00 94.00 195.00 307.00 101.00 112.00 0.08 1.41 1.00 7.00 0.14 17.00 24.00 43.00 36.00 35.00 25.00 0.00 2.00 0.00 0.00 0.00
383.00 61.00 102.00 204.00 311.00 102.00 107.00 0.08 1.61 2.00 7.00 0.29 14.00 21.00 47.00 40.00 32.00 29.00 1.00 1.00 1.00 0.00 0.00
384.00 56.00 91.00 174.00 285.00 83.00 111.00 0.08 1.39 1.00 7.00 0.14 9.00 16.00 47.00 40.00 23.00 33.00 1.00 1.00 1.00 1.00 0.00
385.00 55.00 90.00 190.00 299.00 100.00 109.00 0.07 1.40 1.00 6.00 0.17 6.00 13.00 49.00 42.00 20.00 35.00 1.00 2.00 0.00 0.00 0.00
386.00 58.00 99.00 186.00 286.00 87.00 100.00 0.07 1.40 1.00 5.00 0.20 9.00 21.00 49.00 37.00 32.00 26.00 1.00 1.00 0.00 0.00 0.00
387.00 56.00 82.00 178.00 295.00 96.00 117.00 0.07 1.40 1.00 5.00 0.20 11.00 18.00 45.00 38.00 31.00 25.00 0.00 1.00 1.00 0.00 0.00
388.00 49.00 81.00 163.00 264.00 82.00 101.00 0.08 1.15 1.00 8.00 0.12 6.00 18.00 43.00 31.00 24.00 25.00 1.00 1.00 0.00 2.00 0.00
389.00 51.00 70.00 161.00 262.00 91.00 101.00 0.08 1.47 1.00 6.00 0.17 13.00 22.00 38.00 29.00 31.00 20.00 0.00 1.00 1.00 0.00 0.00
390.00 46.00 63.00 148.00 233.00 85.00 85.00 0.09 1.21 0.00 7.00 0.00 12.00 19.00 34.00 27.00 23.00 23.00 0.00 1.00 1.00 0.00 0.00
391.00 54.00 80.00 181.00 286.00 101.00 105.00 0.09 1.45 2.00 8.00 0.25 15.00 23.00 39.00 31.00 29.00 25.00 0.00 1.00 2.00 0.00 0.00
392.00 52.00 76.00 158.00 263.00 82.00 105.00 0.09 1.47 1.00 8.00 0.12 11.00 23.00 41.00 29.00 28.00 24.00 0.00 0.00 0.00 0.00 0.00
393.00 54.00 80.00 173.00 281.00 93.00 108.00 0.08 1.49 1.00 7.00 0.14 8.00 20.00 46.00 34.00 27.00 27.00 0.00 0.00 0.00 0.00 2.00
394.00 61.00 96.00 188.00 310.00 92.00 122.00 0.08 1.59 1.00 6.00 0.17 13.00 27.00 48.00 34.00 38.00 23.00 0.00 1.00 1.00 0.00 1.00
395.00 59.00 103.00 201.00 314.00 98.00 113.00 0.08 1.54 1.00 7.00 0.14 7.00 17.00 52.00 42.00 28.00 31.00 0.00 1.00 0.00 0.00 0.00
396.00 59.00 99.00 190.00 309.00 91.00 119.00 0.08 1.40 2.00 7.00 0.29 9.00 16.00 50.00 43.00 29.00 30.00 0.00 0.00 0.00 0.00 1.00
397.00 60.00 95.00 198.00 320.00 103.00 122.00 0.09 1.41 1.00 7.00 0.14 11.00 22.00 49.00 38.00 33.00 27.00 0.00 1.00 0.00 0.00 1.00
398.00 57.00 83.00 177.00 300.00 94.00 123.00 0.07 1.34 1.00 6.00 0.17 18.00 29.00 39.00 28.00 35.00 22.00 0.00 0.00 1.00 0.00 1.00
399.00 51.00 71.00 151.00 266.00 80.00 115.00 0.09 1.16 1.00 5.00 0.20 10.00 23.00 41.00 28.00 36.00 15.00 0.00 0.00 0.00 0.00 1.00
400.00 53.00 83.00 173.00 275.00 90.00 102.00 0.07 1.32 1.00 7.00 0.14 8.00 17.00 45.00 36.00 29.00 24.00 0.00 1.00 0.00 0.00 1.00
401.00 50.00 74.00 152.00 259.00 78.00 107.00 0.08 1.25 1.00 6.00 0.17 12.00 23.00 38.00 27.00 32.00 18.00 0.00 1.00 0.00 0.00 0.00
402.00 51.00 70.00 152.00 270.00 82.00 118.00 0.07 1.26 1.00 5.00 0.20 11.00 23.00 40.00 28.00 33.00 18.00 0.00 1.00 0.00 0.00 0.00
403.00 47.00 76.00 154.00 244.00 78.00 90.00 0.08 1.18 1.00 8.00 0.12 6.00 17.00 41.00 30.00 23.00 24.00 0.00 1.00 1.00 0.00 0.00
404.00 60.00 93.00 195.00 313.00 102.00 118.00 0.09 1.31 1.00 7.00 0.14 11.00 21.00 49.00 39.00 36.00 24.00 0.00 1.00 0.00 0.00 0.00
405.00 55.00 79.00 184.00 281.00 105.00 97.00 0.08 1.31 2.00 8.00 0.25 12.00 21.00 43.00 34.00 27.00 28.00 0.00 1.00 0.00 0.00 0.00
406.00 55.00 89.00 181.00 278.00 92.00 97.00 0.09 1.38 1.00 9.00 0.11 12.00 24.00 43.00 31.00 34.00 21.00 1.00 0.00 1.00 0.00 0.00
407.00 46.00 65.00 151.00 243.00 86.00 92.00 0.08 1.23 1.00 8.00 0.12 9.00 15.00 37.00 31.00 21.00 25.00 1.00 1.00 0.00 0.00 0.00
408.00 56.00 90.00 195.00 294.00 105.00 99.00 0.08 1.20 2.00 6.00 0.33 12.00 26.00 44.00 30.00 35.00 21.00 1.00 1.00 0.00 0.00 0.00
409.00 54.00 79.00 171.00 286.00 92.00 115.00 0.10 1.18 1.00 10.00 0.10 9.00 23.00 45.00 31.00 29.00 25.00 1.00 1.00 0.00 0.00 0.00
410.00 53.00 76.00 174.00 282.00 98.00 108.00 0.07 1.25 2.00 8.00 0.25 13.00 23.00 40.00 30.00 34.00 19.00 1.00 0.00 0.00 0.00 0.00
411.00 50.00 82.00 166.00 262.00 84.00 96.00 0.09 1.40 2.00 4.00 0.50 10.00 21.00 40.00 29.00 26.00 24.00 1.00 1.00 0.00 0.00 0.00
412.00 44.00 71.00 154.00 242.00 83.00 88.00 0.07 1.12 1.00 6.00 0.17 6.00 13.00 38.00 31.00 22.00 22.00 1.00 1.00 0.00 0.00 0.00
413.00 53.00 63.00 150.00 263.00 87.00 113.00 0.09 1.83 0.00 4.00 0.00 12.00 26.00 41.00 27.00 31.00 22.00 0.00 1.00 0.00 0.00 0.00
414.00 53.00 85.00 177.00 278.00 92.00 101.00 0.09 1.35 2.00 5.00 0.40 11.00 18.00 42.00 35.00 26.00 27.00 0.00 1.00 0.00 0.00 0.00
415.00 51.00 71.00 163.00 256.00 92.00 93.00 0.08 1.34 2.00 4.00 0.50 14.00 26.00 37.00 25.00 34.00 17.00 1.00 0.00 0.00 0.00 0.00
416.00 50.00 75.00 160.00 269.00 85.00 109.00 0.08 1.39 2.00 6.00 0.33 10.00 18.00 40.00 32.00 24.00 26.00 1.00 1.00 0.00 0.00 1.00
417.00 47.00 44.00 149.00 248.00 105.00 99.00 0.07 1.38 2.00 7.00 0.29 10.00 20.00 37.00 27.00 28.00 19.00 0.00 1.00 0.00 0.00 0.00
418.00 48.00 74.00 150.00 254.00 76.00 104.00 0.08 1.22 1.00 5.00 0.20 9.00 18.00 39.00 30.00 27.00 21.00 1.00 1.00 1.00 0.00 0.00
419.00 51.00 78.00 161.00 262.00 83.00 101.00 0.09 1.26 2.00 8.00 0.25 8.00 22.00 43.00 29.00 33.00 18.00 0.00 1.00 0.00 0.00 0.00
420.00 51.00 83.00 169.00 265.00 86.00 96.00 0.10 1.42 1.00 7.00 0.14 11.00 20.00 40.00 31.00 29.00 22.00 0.00 1.00 0.00 1.00 0.00
421.00 49.00 77.00 166.00 257.00 89.00 91.00 0.08 1.27 2.00 8.00 0.25 10.00 21.00 39.00 28.00 27.00 22.00 0.00 1.00 0.00 0.00 0.00
422.00 50.00 79.00 163.00 255.00 84.00 92.00 0.08 1.31 2.00 7.00 0.29 8.00 13.00 42.00 37.00 25.00 25.00 0.00 0.00 1.00 0.00 0.00
423.00 47.00 58.00 161.00 252.00 103.00 91.00 0.08 1.28 2.00 6.00 0.33 10.00 20.00 37.00 27.00 28.00 19.00 0.00 1.00 0.00 0.00 0.00
424.00 50.00 78.00 171.00 263.00 93.00 92.00 0.08 1.34 2.00 7.00 0.29 8.00 14.00 42.00 36.00 27.00 23.00 0.00 0.00 0.00 0.00 0.00
425.00 50.00 83.00 167.00 269.00 84.00 102.00 0.09 1.28 2.00 6.00 0.33 6.00 12.00 44.00 38.00 26.00 24.00 0.00 1.00 0.00 0.00 0.00
426.00 47.00 78.00 151.00 247.00 73.00 96.00 0.08 1.33 2.00 6.00 0.33 12.00 19.00 35.00 28.00 26.00 21.00 0.00 0.00 0.00 0.00 0.00
427.00 51.00 86.00 171.00 262.00 85.00 91.00 0.10 1.44 2.00 6.00 0.33 8.00 17.00 43.00 34.00 26.00 25.00 0.00 1.00 0.00 1.00 0.00
428.00 43.00 58.00 138.00 232.00 80.00 94.00 0.08 1.07 3.00 5.00 0.60 9.00 18.00 34.00 25.00 22.00 21.00 0.00 1.00 1.00 0.00 0.00
429.00 50.00 78.00 166.00 268.00 88.00 102.00 0.08 1.47 1.00 8.00 0.12 10.00 17.00 40.00 33.00 27.00 23.00 0.00 0.00 2.00 0.00 0.00
430.00 47.00 59.00 163.00 253.00 104.00 90.00 0.10 1.35 2.00 6.00 0.33 6.00 16.00 41.00 31.00 28.00 19.00 0.00 0.00 1.00 0.00 0.00
431.00 45.00 66.00 149.00 236.00 83.00 87.00 0.08 1.18 2.00 5.00 0.40 11.00 17.00 34.00 28.00 28.00 17.00 0.00 1.00 0.00 0.00 0.00
432.00 53.00 87.00 174.00 269.00 87.00 95.00 0.08 1.40 2.00 6.00 0.33 11.00 22.00 42.00 31.00 27.00 26.00 1.00 1.00 1.00 0.00 0.00
433.00 46.00 75.00 160.00 240.00 85.00 80.00 0.07 1.18 2.00 6.00 0.33 9.00 19.00 37.00 27.00 26.00 20.00 0.00 1.00 2.00 0.00 0.00
434.00 40.00 48.00 122.00 201.00 74.00 79.00 0.08 1.23 2.00 5.00 0.40 11.00 19.00 29.00 21.00 25.00 15.00 1.00 0.00 0.00 0.00 0.00
435.00 47.00 74.00 153.00 245.00 79.00 92.00 0.08 1.34 3.00 5.00 0.60 7.00 16.00 40.00 31.00 19.00 28.00 0.00 0.00 0.00 1.00 0.00
436.00 52.00 86.00 167.00 267.00 81.00 100.00 0.08 1.30 2.00 3.00 0.67 13.00 15.00 39.00 37.00 27.00 25.00 0.00 0.00 0.00 0.00 0.00
437.00 44.00 64.00 144.00 232.00 80.00 88.00 0.08 1.25 3.00 3.00 1.00 13.00 18.00 31.00 26.00 24.00 20.00 0.00 1.00 0.00 0.00 0.00
438.00 50.00 78.00 163.00 262.00 85.00 99.00 0.07 1.39 2.00 5.00 0.40 9.00 17.00 41.00 33.00 24.00 26.00 0.00 0.00 0.00 0.00 0.00
439.00 50.00 88.00 168.00 252.00 80.00 84.00 0.08 1.38 2.00 6.00 0.33 7.00 16.00 43.00 34.00 25.00 25.00 0.00 1.00 0.00 0.00 0.00
440.00 46.00 78.00 155.00 245.00 77.00 90.00 0.08 1.27 2.00 5.00 0.40 6.00 18.00 40.00 28.00 24.00 22.00 0.00 0.00 0.00 0.00 0.00
441.00 51.00 69.00 168.00 268.00 99.00 100.00 0.08 1.68 3.00 5.00 0.60 10.00 17.00 41.00 34.00 21.00 30.00 0.00 1.00 1.00 0.00 0.00
442.00 49.00 88.00 166.00 266.00 78.00 100.00 0.09 1.29 3.00 5.00 0.60 10.00 19.00 39.00 30.00 21.00 28.00 0.00 1.00 1.00 0.00 0.00
443.00 50.00 79.00 165.00 269.00 86.00 104.00 0.09 1.75 2.00 5.00 0.40 8.00 18.00 42.00 32.00 27.00 23.00 0.00 1.00 0.00 0.00 0.00
444.00 49.00 78.00 169.00 258.00 91.00 89.00 0.08 1.36 2.00 7.00 0.29 7.00 18.00 42.00 31.00 23.00 26.00 1.00 1.00 1.00 0.00 0.00
445.00 48.00 69.00 156.00 256.00 87.00 100.00 0.08 1.23 2.00 6.00 0.33 11.00 19.00 37.00 29.00 28.00 20.00 0.00 0.00 4.00 0.00 0.00
446.00 50.00 76.00 158.00 258.00 82.00 100.00 0.09 1.37 3.00 5.00 0.60 12.00 23.00 38.00 27.00 28.00 22.00 1.00 0.00 2.00 0.00 0.00
447.00 47.00 73.00 157.00 246.00 84.00 89.00 0.09 1.12 2.00 6.00 0.33 10.00 16.00 37.00 31.00 24.00 23.00 0.00 0.00 1.00 0.00 1.00
448.00 45.00 61.00 141.00 233.00 80.00 92.00 0.09 1.27 1.00 5.00 0.20 8.00 22.00 37.00 23.00 29.00 16.00 0.00 0.00 1.00 0.00 0.00
449.00 49.00 66.00 151.00 259.00 85.00 108.00 0.10 1.88 1.00 4.00 0.25 11.00 19.00 38.00 30.00 27.00 22.00 1.00 1.00 0.00 0.00 0.00
450.00 48.00 84.00 159.00 261.00 75.00 102.00 0.08 1.40 2.00 7.00 0.29 4.00 12.00 44.00 36.00 23.00 25.00 0.00 1.00 0.00 0.00 0.00
451.00 46.00 59.00 147.00 234.00 88.00 87.00 0.09 1.13 2.00 6.00 0.33 12.00 20.00 34.00 26.00 31.00 15.00 0.00 0.00 0.00 0.00 0.00
452.00 48.00 74.00 156.00 246.00 82.00 90.00 0.09 1.43 2.00 6.00 0.33 7.00 17.00 41.00 31.00 27.00 21.00 0.00 2.00 0.00 0.00 0.00
453.00 50.00 80.00 175.00 259.00 95.00 84.00 0.09 1.22 2.00 8.00 0.25 10.00 17.00 40.00 33.00 29.00 21.00 0.00 1.00 0.00 0.00 0.00
454.00 50.00 62.00 163.00 265.00 101.00 102.00 0.09 1.25 0.00 8.00 0.00 9.00 20.00 41.00 30.00 26.00 24.00 0.00 1.00 1.00 2.00 0.00
455.00 51.00 81.00 178.00 271.00 97.00 93.00 0.08 1.27 1.00 5.00 0.20 4.00 11.00 47.00 40.00 20.00 31.00 0.00 1.00 0.00 0.00 0.00
456.00 50.00 69.00 164.00 256.00 95.00 92.00 0.09 1.25 1.00 8.00 0.12 11.00 22.00 39.00 28.00 32.00 18.00 1.00 0.00 1.00 0.00 0.00
457.00 46.00 81.00 156.00 234.00 75.00 78.00 0.08 1.09 2.00 5.00 0.40 9.00 16.00 37.00 30.00 28.00 18.00 1.00 1.00 0.00 0.00 0.00
458.00 38.00 57.00 118.00 198.00 61.00 80.00 0.09 1.08 1.00 6.00 0.17 12.00 15.00 26.00 23.00 21.00 17.00 1.00 1.00 1.00 0.00 0.00
459.00 41.00 56.00 128.00 220.00 72.00 92.00 0.08 1.21 1.00 5.00 0.20 8.00 18.00 33.00 23.00 24.00 17.00 1.00 1.00 1.00 0.00 0.00
460.00 52.00 75.00 172.00 275.00 97.00 103.00 0.07 1.30 1.00 3.00 0.33 8.00 22.00 44.00 30.00 31.00 21.00 1.00 1.00 0.00 0.00 1.00
461.00 43.00 54.00 136.00 222.00 82.00 86.00 0.08 1.66 1.00 4.00 0.25 8.00 23.00 35.00 20.00 30.00 13.00 1.00 0.00 0.00 0.00 0.00
462.00 44.00 60.00 139.00 232.00 79.00 93.00 0.08 1.20 1.00 6.00 0.17 8.00 15.00 36.00 29.00 23.00 21.00 0.00 0.00 0.00 0.00 1.00
463.00 47.00 69.00 159.00 259.00 90.00 100.00 0.09 1.32 1.00 6.00 0.17 10.00 20.00 37.00 27.00 26.00 21.00 0.00 0.00 0.00 0.00 0.00
464.00 48.00 81.00 160.00 252.00 79.00 92.00 0.08 1.45 1.00 7.00 0.14 8.00 16.00 40.00 32.00 21.00 27.00 0.00 0.00 0.00 0.00 0.00
465.00 44.00 66.00 135.00 221.00 69.00 86.00 0.10 1.47 2.00 8.00 0.25 11.00 23.00 33.00 21.00 30.00 14.00 0.00 1.00 2.00 0.00 1.00
466.00 47.00 68.00 160.00 251.00 92.00 91.00 0.10 1.52 1.00 8.00 0.12 6.00 15.00 41.00 32.00 22.00 25.00 0.00 1.00 2.00 0.00 0.00
467.00 45.00 68.00 145.00 237.00 77.00 92.00 0.10 1.46 1.00 8.00 0.12 5.00 16.00 40.00 29.00 25.00 20.00 0.00 1.00 1.00 0.00 1.00
468.00 42.00 56.00 134.00 215.00 78.00 81.00 0.08 1.20 1.00 7.00 0.14 9.00 14.00 33.00 28.00 23.00 19.00 0.00 0.00 1.00 0.00 1.00
469.00 49.00 74.00 157.00 247.00 83.00 90.00 0.08 1.37 2.00 4.00 0.50 14.00 25.00 35.00 24.00 33.00 16.00 0.00 0.00 0.00 0.00 1.00
470.00 47.00 64.00 143.00 240.00 79.00 97.00 0.08 1.24 0.00 7.00 0.00 11.00 20.00 36.00 27.00 24.00 23.00 0.00 1.00 1.00 0.00 0.00
471.00 48.00 82.00 160.00 245.00 78.00 85.00 0.07 1.30 1.00 8.00 0.12 5.00 15.00 43.00 33.00 27.00 21.00 0.00 1.00 0.00 0.00 0.00
472.00 47.00 56.00 153.00 249.00 97.00 96.00 0.10 1.34 1.00 9.00 0.11 6.00 18.00 41.00 29.00 27.00 20.00 0.00 0.00 1.00 0.00 0.00
473.00 50.00 82.00 168.00 254.00 86.00 86.00 0.08 1.38 0.00 6.00 0.00 9.00 16.00 41.00 34.00 25.00 25.00 0.00 1.00 0.00 0.00 0.00
474.00 53.00 77.00 170.00 274.00 93.00 104.00 0.08 1.55 2.00 5.00 0.40 11.00 26.00 42.00 27.00 37.00 16.00 1.00 1.00 0.00 1.00 0.00
475.00 47.00 70.00 154.00 245.00 84.00 91.00 0.09 1.36 1.00 4.00 0.25 10.00 20.00 37.00 27.00 23.00 24.00 0.00 0.00 1.00 0.00 0.00
476.00 42.00 67.00 143.00 218.00 76.00 75.00 0.09 1.29 1.00 5.00 0.20 6.00 10.00 36.00 32.00 17.00 25.00 0.00 1.00 0.00 0.00 0.00
477.00 44.00 65.00 139.00 230.00 74.00 91.00 0.09 1.25 1.00 6.00 0.17 12.00 18.00 32.00 26.00 24.00 20.00 0.00 0.00 0.00 0.00 0.00
478.00 43.00 67.00 138.00 229.00 71.00 91.00 0.09 1.19 1.00 4.00 0.25 6.00 12.00 37.00 31.00 23.00 20.00 1.00 1.00 0.00 0.00 0.00
479.00 43.00 56.00 142.00 227.00 86.00 85.00 0.09 1.36 1.00 5.00 0.20 8.00 15.00 35.00 28.00 26.00 17.00 1.00 0.00 1.00 0.00 0.00
480.00 42.00 68.00 144.00 221.00 76.00 77.00 0.08 1.22 0.00 5.00 0.00 6.00 16.00 36.00 26.00 19.00 23.00 1.00 1.00 2.00 1.00 0.00
481.00 43.00 56.00 132.00 231.00 76.00 99.00 0.08 1.69 1.00 7.00 0.14 10.00 16.00 33.00 27.00 25.00 18.00 0.00 0.00 1.00 0.00 0.00
482.00 45.00 72.00 146.00 222.00 74.00 76.00 0.09 1.47 0.00 6.00 0.00 9.00 15.00 36.00 30.00 22.00 23.00 0.00 1.00 0.00 1.00 2.00
483.00 49.00 73.00 161.00 263.00 88.00 102.00 0.09 1.59 0.00 6.00 0.00 11.00 21.00 38.00 28.00 31.00 18.00 1.00 0.00 0.00 0.00 1.00
484.00 45.00 62.00 139.00 230.00 77.00 91.00 0.08 1.81 0.00 4.00 0.00 5.00 13.00 40.00 32.00 18.00 27.00 0.00 0.00 2.00 0.00 0.00
485.00 49.00 80.00 159.00 259.00 79.00 100.00 0.08 1.38 2.00 4.00 0.50 13.00 22.00 36.00 27.00 27.00 22.00 0.00 1.00 2.00 0.00 0.00
486.00 44.00 54.00 130.00 233.00 76.00 103.00 0.09 1.37 1.00 5.00 0.20 13.00 22.00 31.00 22.00 28.00 16.00 0.00 0.00 1.00 0.00 0.00
487.00 47.00 68.00 154.00 246.00 86.00 92.00 0.08 1.43 1.00 5.00 0.20 10.00 22.00 37.00 25.00 27.00 20.00 0.00 0.00 2.00 0.00 0.00
488.00 41.00 51.00 128.00 218.00 77.00 90.00 0.09 1.32 1.00 6.00 0.17 8.00 15.00 33.00 26.00 19.00 22.00 0.00 1.00 0.00 0.00 0.00
489.00 41.00 41.00 121.00 217.00 80.00 96.00 0.08 1.46 0.00 4.00 0.00 6.00 12.00 35.00 29.00 22.00 19.00 1.00 1.00 0.00 0.00 0.00
490.00 47.00 78.00 151.00 242.00 73.00 91.00 0.09 1.52 0.00 4.00 0.00 8.00 19.00 39.00 28.00 26.00 21.00 0.00 1.00 0.00 0.00 0.00
491.00 42.00 59.00 140.00 229.00 81.00 89.00 0.09 1.18 1.00 4.00 0.25 5.00 12.00 37.00 30.00 21.00 21.00 0.00 1.00 0.00 0.00 0.00
492.00 43.00 57.00 124.00 228.00 67.00 104.00 0.10 1.57 1.00 5.00 0.20 10.00 13.00 33.00 30.00 24.00 19.00 0.00 1.00 0.00 0.00 0.00
493.00 43.00 54.00 131.00 228.00 77.00 97.00 0.09 1.74 1.00 5.00 0.20 7.00 19.00 36.00 24.00 27.00 16.00 0.00 1.00 0.00 0.00 0.00
494.00 42.00 43.00 128.00 218.00 85.00 90.00 0.09 1.36 0.00 5.00 0.00 8.00 14.00 34.00 28.00 22.00 20.00 0.00 0.00 0.00 0.00 0.00
495.00 44.00 74.00 137.00 221.00 63.00 84.00 0.07 1.32 1.00 5.00 0.20 9.00 17.00 35.00 27.00 27.00 17.00 0.00 1.00 1.00 2.00 0.00
496.00 45.00 76.00 150.00 233.00 74.00 83.00 0.09 1.74 1.00 4.00 0.25 5.00 12.00 40.00 33.00 25.00 20.00 0.00 1.00 1.00 0.00 0.00
497.00 44.00 67.00 145.00 237.00 78.00 92.00 0.08 1.56 1.00 4.00 0.25 5.00 12.00 39.00 32.00 19.00 25.00 0.00 0.00 2.00 0.00 0.00
498.00 43.00 66.00 147.00 224.00 81.00 77.00 0.08 1.27 1.00 5.00 0.20 6.00 13.00 37.00 30.00 18.00 25.00 0.00 0.00 1.00 0.00 0.00
499.00 42.00 60.00 136.00 211.00 76.00 75.00 0.08 1.51 2.00 5.00 0.40 5.00 15.00 37.00 27.00 21.00 21.00 0.00 0.00 1.00 0.00 0.00
500.00 45.00 76.00 154.00 246.00 78.00 92.00 0.09 1.65 2.00 5.00 0.40 9.00 14.00 36.00 31.00 18.00 27.00 0.00 1.00 0.00 1.00 0.00
501.00 47.00 87.00 162.00 247.00 75.00 85.00 0.10 1.53 3.00 5.00 0.60 8.00 17.00 39.00 30.00 27.00 20.00 0.00 1.00 0.00 0.00 0.00
502.00 47.00 64.00 153.00 248.00 89.00 95.00 0.08 1.58 2.00 4.00 0.50 14.00 20.00 33.00 27.00 27.00 20.00 0.00 0.00 1.00 0.00 0.00
503.00 38.00 55.00 128.00 199.00 73.00 71.00 0.09 1.27 1.00 4.00 0.25 7.00 12.00 31.00 26.00 19.00 19.00 0.00 1.00 0.00 0.00 0.00
504.00 44.00 62.00 144.00 224.00 82.00 80.00 0.07 1.34 3.00 5.00 0.60 7.00 18.00 37.00 26.00 24.00 20.00 0.00 1.00 0.00 0.00 0.00
505.00 47.00 82.00 157.00 247.00 75.00 90.00 0.09 1.27 2.00 6.00 0.33 4.00 16.00 43.00 31.00 25.00 22.00 0.00 1.00 0.00 1.00 0.00
506.00 50.00 75.00 158.00 258.00 83.00 100.00 0.08 1.57 0.00 6.00 0.00 8.00 18.00 42.00 32.00 27.00 23.00 0.00 1.00 2.00 0.00 0.00
507.00 44.00 61.00 145.00 230.00 84.00 85.00 0.10 1.57 1.00 5.00 0.20 3.00 14.00 41.00 30.00 22.00 22.00 0.00 0.00 0.00 1.00 1.00
508.00 41.00 56.00 131.00 214.00 75.00 83.00 0.07 1.58 2.00 4.00 0.50 3.00 14.00 38.00 27.00 20.00 21.00 0.00 1.00 0.00 0.00 0.00
509.00 42.00 53.00 132.00 221.00 79.00 89.00 0.08 1.54 1.00 5.00 0.20 5.00 12.00 37.00 30.00 25.00 17.00 0.00 0.00 0.00 0.00 0.00
510.00 43.00 70.00 142.00 231.00 72.00 89.00 0.09 1.31 2.00 6.00 0.33 4.00 14.00 39.00 29.00 20.00 23.00 0.00 1.00 0.00 0.00 0.00
511.00 41.00 58.00 126.00 221.00 68.00 95.00 0.08 1.32 2.00 6.00 0.33 5.00 13.00 36.00 28.00 23.00 18.00 1.00 1.00 0.00 0.00 0.00
512.00 50.00 90.00 164.00 269.00 74.00 105.00 0.07 1.36 2.00 7.00 0.29 6.00 16.00 44.00 34.00 25.00 25.00 1.00 1.00 1.00 0.00 0.00
513.00 47.00 65.00 153.00 246.00 88.00 93.00 0.09 1.33 2.00 6.00 0.33 12.00 19.00 35.00 28.00 24.00 23.00 0.00 0.00 1.00 0.00 0.00
514.00 45.00 66.00 142.00 232.00 76.00 90.00 0.08 1.39 1.00 5.00 0.20 7.00 24.00 38.00 21.00 26.00 19.00 1.00 1.00 0.00 0.00 0.00
515.00 40.00 49.00 120.00 208.00 71.00 88.00 0.08 1.49 0.00 5.00 0.00 9.00 19.00 31.00 21.00 29.00 11.00 0.00 0.00 0.00 0.00 0.00
516.00 45.00 59.00 142.00 232.00 83.00 90.00 0.11 1.31 2.00 5.00 0.40 11.00 21.00 34.00 24.00 27.00 18.00 0.00 1.00 0.00 0.00 0.00
517.00 38.00 57.00 124.00 200.00 67.00 76.00 0.08 1.57 0.00 6.00 0.00 5.00 19.00 33.00 19.00 24.00 14.00 0.00 1.00 0.00 0.00 0.00
518.00 45.00 63.00 149.00 242.00 86.00 93.00 0.09 1.54 0.00 6.00 0.00 12.00 15.00 33.00 30.00 26.00 19.00 1.00 0.00 1.00 0.00 0.00
519.00 40.00 59.00 133.00 214.00 74.00 81.00 0.08 1.22 0.00 4.00 0.00 8.00 14.00 32.00 26.00 19.00 21.00 0.00 1.00 1.00 0.00 1.00
520.00 41.00 57.00 138.00 221.00 81.00 83.00 0.07 1.67 0.00 5.00 0.00 8.00 13.00 33.00 28.00 21.00 20.00 1.00 0.00 0.00 0.00 0.00
521.00 42.00 64.00 136.00 218.00 72.00 82.00 0.10 1.92 0.00 5.00 0.00 2.00 14.00 40.00 28.00 21.00 21.00 1.00 1.00 0.00 0.00 0.00
522.00 44.00 68.00 138.00 235.00 70.00 97.00 0.09 1.98 0.00 3.00 0.00 5.00 14.00 39.00 30.00 21.00 23.00 1.00 0.00 1.00 1.00 0.00
523.00 45.00 58.00 146.00 240.00 88.00 94.00 0.10 1.74 0.00 3.00 0.00 3.00 11.00 42.00 34.00 23.00 22.00 1.00 1.00 0.00 1.00 0.00
524.00 49.00 72.00 161.00 248.00 89.00 87.00 0.08 1.96 1.00 6.00 0.17 9.00 18.00 40.00 31.00 25.00 24.00 1.00 1.00 0.00 0.00 0.00
525.00 42.00 56.00 142.00 221.00 86.00 79.00 0.09 1.87 1.00 3.00 0.33 8.00 12.00 34.00 30.00 22.00 20.00 1.00 0.00 1.00 0.00 0.00
526.00 43.00 64.00 143.00 228.00 79.00 85.00 0.10 2.21 0.00 6.00 0.00 6.00 13.00 37.00 30.00 23.00 20.00 1.00 1.00 0.00 0.00 0.00
527.00 50.00 65.00 158.00 254.00 93.00 96.00 0.08 2.46 0.00 5.00 0.00 8.00 20.00 42.00 30.00 26.00 24.00 0.00 0.00 0.00 0.00 0.00
528.00 39.00 46.00 126.00 213.00 80.00 87.00 0.09 1.98 0.00 4.00 0.00 6.00 14.00 33.00 25.00 23.00 16.00 1.00 0.00 0.00 0.00 0.00
529.00 44.00 71.00 148.00 232.00 77.00 84.00 0.08 1.82 0.00 6.00 0.00 8.00 18.00 36.00 26.00 26.00 18.00 2.00 1.00 0.00 0.00 0.00
530.00 43.00 58.00 143.00 228.00 85.00 85.00 0.08 1.55 0.00 5.00 0.00 10.00 15.00 33.00 28.00 21.00 22.00 2.00 1.00 0.00 0.00 0.00
531.00 47.00 64.00 146.00 245.00 82.00 99.00 0.09 1.53 0.00 3.00 0.00 11.00 21.00 36.00 26.00 28.00 19.00 1.00 1.00 1.00 0.00 0.00
532.00 39.00 36.00 119.00 211.00 83.00 92.00 0.09 1.69 0.00 2.00 0.00 6.00 18.00 33.00 21.00 28.00 11.00 1.00 0.00 0.00 1.00 0.00
533.00 45.00 61.00 140.00 253.00 79.00 113.00 0.08 1.74 0.00 3.00 0.00 10.00 18.00 35.00 27.00 27.00 18.00 1.00 0.00 1.00 0.00 0.00
534.00 45.00 57.00 139.00 233.00 82.00 94.00 0.07 1.36 1.00 4.00 0.25 7.00 14.00 38.00 31.00 24.00 21.00 0.00 1.00 1.00 0.00 0.00
535.00 41.00 58.00 131.00 221.00 73.00 90.00 0.09 1.44 0.00 3.00 0.00 13.00 19.00 28.00 22.00 22.00 19.00 0.00 1.00 1.00 1.00 0.00
536.00 34.00 37.00 98.00 180.00 61.00 82.00 0.07 1.59 0.00 2.00 0.00 6.00 17.00 28.00 17.00 21.00 13.00 1.00 1.00 0.00 0.00 0.00
537.00 38.00 54.00 123.00 201.00 69.00 78.00 0.09 1.25 0.00 4.00 0.00 7.00 13.00 31.00 25.00 21.00 17.00 1.00 1.00 1.00 0.00 0.00
538.00 37.00 52.00 117.00 197.00 65.00 80.00 0.08 1.40 0.00 4.00 0.00 7.00 13.00 30.00 24.00 17.00 20.00 1.00 1.00 0.00 0.00 0.00
539.00 40.00 55.00 126.00 210.00 71.00 84.00 0.09 1.49 0.00 3.00 0.00 10.00 22.00 30.00 18.00 23.00 17.00 1.00 0.00 0.00 0.00 0.00
540.00 38.00 48.00 109.00 195.00 61.00 86.00 0.10 1.19 0.00 2.00 0.00 11.00 18.00 27.00 20.00 23.00 15.00 1.00 1.00 0.00 0.00 0.00
541.00 27.00 23.00 74.00 140.00 51.00 66.00 0.09 1.12 0.00 4.00 0.00 8.00 13.00 19.00 14.00 17.00 10.00 0.00 1.00 0.00 0.00 0.00
542.00 39.00 44.00 114.00 197.00 70.00 83.00 0.08 1.61 0.00 4.00 0.00 13.00 24.00 26.00 15.00 27.00 12.00 1.00 0.00 0.00 0.00 0.00
543.00 32.00 40.00 87.00 160.00 47.00 73.00 0.07 1.02 0.00 3.00 0.00 10.00 13.00 22.00 19.00 17.00 15.00 1.00 1.00 0.00 0.00 0.00
544.00 39.00 41.00 103.00 195.00 62.00 92.00 0.08 1.41 0.00 4.00 0.00 9.00 22.00 30.00 17.00 28.00 11.00 0.00 1.00 0.00 0.00 0.00
545.00 34.00 50.00 103.00 185.00 53.00 82.00 0.08 1.11 1.00 4.00 0.25 8.00 12.00 26.00 22.00 20.00 14.00 0.00 1.00 0.00 0.00 0.00
546.00 32.00 31.00 97.00 174.00 66.00 77.00 0.08 1.08 0.00 2.00 0.00 3.00 9.00 29.00 23.00 16.00 16.00 1.00 1.00 0.00 0.00 0.00
547.00 28.00 27.00 83.00 149.00 56.00 66.00 0.09 0.92 0.00 3.00 0.00 8.00 12.00 20.00 16.00 14.00 14.00 1.00 1.00 0.00 0.00 0.00
548.00 32.00 40.00 102.00 162.00 62.00 60.00 0.08 1.04 0.00 3.00 0.00 7.00 12.00 25.00 20.00 18.00 14.00 0.00 1.00 1.00 0.00 0.00
549.00 35.00 29.00 99.00 188.00 70.00 89.00 0.09 1.08 0.00 2.00 0.00 8.00 15.00 27.00 20.00 21.00 14.00 0.00 0.00 0.00 1.00 0.00
550.00 33.00 39.00 100.00 180.00 61.00 80.00 0.07 1.07 0.00 2.00 0.00 6.00 13.00 27.00 20.00 20.00 13.00 1.00 1.00 0.00 0.00 0.00
551.00 37.00 42.00 104.00 193.00 62.00 89.00 0.09 1.12 0.00 3.00 0.00 8.00 18.00 29.00 19.00 24.00 13.00 1.00 0.00 0.00 0.00 0.00
552.00 32.00 37.00 96.00 164.00 59.00 68.00 0.09 1.28 0.00 2.00 0.00 7.00 14.00 25.00 18.00 23.00 9.00 1.00 1.00 0.00 0.00 0.00
553.00 31.00 40.00 97.00 169.00 57.00 72.00 0.08 1.06 0.00 0.00 0.00 5.00 18.00 26.00 13.00 21.00 10.00 1.00 1.00 0.00 1.00 0.00
554.00 27.00 34.00 79.00 144.00 45.00 65.00 0.08 1.06 0.00 2.00 0.00 5.00 6.00 22.00 21.00 12.00 15.00 1.00 1.00 1.00 0.00 0.00
555.00 31.00 27.00 87.00 165.00 60.00 78.00 0.08 1.24 0.00 2.00 0.00 6.00 12.00 25.00 19.00 18.00 13.00 1.00 1.00 0.00 0.00 0.00
556.00 34.00 23.00 86.00 175.00 63.00 89.00 0.07 1.22 0.00 2.00 0.00 8.00 15.00 26.00 19.00 18.00 16.00 1.00 0.00 0.00 0.00 0.00
557.00 31.00 34.00 95.00 163.00 61.00 68.00 0.09 1.12 0.00 2.00 0.00 7.00 15.00 24.00 16.00 17.00 14.00 0.00 1.00 0.00 0.00 0.00
558.00 28.00 30.00 76.00 149.00 46.00 73.00 0.08 0.85 0.00 2.00 0.00 6.00 10.00 22.00 18.00 15.00 13.00 0.00 1.00 0.00 0.00 0.00
559.00 29.00 31.00 83.00 148.00 52.00 65.00 0.09 0.99 0.00 2.00 0.00 5.00 13.00 24.00 16.00 20.00 9.00 0.00 1.00 0.00 1.00 0.00
560.00 33.00 37.00 95.00 181.00 58.00 86.00 0.10 1.31 0.00 3.00 0.00 8.00 17.00 25.00 16.00 26.00 7.00 1.00 0.00 0.00 2.00 0.00
561.00 40.00 32.00 105.00 187.00 73.00 82.00 0.08 1.73 0.00 3.00 0.00 10.00 20.00 30.00 20.00 31.00 9.00 0.00 1.00 0.00 0.00 0.00
562.00 41.00 34.00 117.00 218.00 83.00 101.00 0.09 1.45 0.00 1.00 0.00 11.00 14.00 30.00 27.00 23.00 18.00 1.00 1.00 1.00 0.00 0.00
563.00 37.00 51.00 116.00 194.00 65.00 78.00 0.09 1.42 0.00 4.00 0.00 6.00 17.00 31.00 20.00 18.00 19.00 1.00 1.00 2.00 0.00 0.00
564.00 28.00 26.00 73.00 145.00 47.00 72.00 0.08 0.77 0.00 3.00 0.00 9.00 16.00 19.00 12.00 20.00 8.00 0.00 1.00 1.00 0.00 0.00
565.00 36.00 50.00 102.00 189.00 52.00 87.00 0.08 1.00 0.00 2.00 0.00 8.00 16.00 28.00 20.00 25.00 11.00 1.00 1.00 1.00 0.00 0.00
566.00 29.00 47.00 83.00 143.00 36.00 60.00 0.09 0.78 0.00 2.00 0.00 9.00 13.00 20.00 16.00 18.00 11.00 1.00 1.00 1.00 0.00 0.00
567.00 29.00 37.00 87.00 150.00 50.00 63.00 0.09 0.88 0.00 3.00 0.00 5.00 9.00 24.00 20.00 16.00 13.00 1.00 1.00 0.00 0.00 0.00
568.00 35.00 31.00 94.00 179.00 63.00 85.00 0.10 1.09 0.00 2.00 0.00 9.00 20.00 26.00 15.00 25.00 10.00 0.00 0.00 1.00 0.00 0.00
569.00 31.00 47.00 96.00 158.00 49.00 62.00 0.08 0.90 0.00 2.00 0.00 5.00 12.00 26.00 19.00 17.00 14.00 1.00 1.00 0.00 0.00 0.00
570.00 34.00 36.00 96.00 177.00 60.00 81.00 0.07 1.17 0.00 2.00 0.00 7.00 18.00 27.00 16.00 27.00 7.00 1.00 0.00 1.00 0.00 0.00
571.00 33.00 42.00 98.00 178.00 56.00 80.00 0.08 1.34 0.00 2.00 0.00 6.00 16.00 27.00 17.00 22.00 11.00 1.00 0.00 1.00 0.00 0.00
572.00 35.00 40.00 102.00 179.00 62.00 77.00 0.10 1.44 0.00 1.00 0.00 12.00 15.00 23.00 20.00 18.00 17.00 1.00 1.00 0.00 0.00 0.00
573.00 24.00 19.00 68.00 133.00 49.00 65.00 0.09 0.76 0.00 2.00 0.00 6.00 13.00 18.00 11.00 18.00 6.00 0.00 0.00 0.00 0.00 0.00
574.00 33.00 48.00 99.00 167.00 51.00 68.00 0.11 1.43 0.00 3.00 0.00 14.00 19.00 19.00 14.00 23.00 10.00 1.00 1.00 0.00 0.00 0.00
575.00 32.00 38.00 100.00 169.00 62.00 69.00 0.09 0.98 0.00 3.00 0.00 8.00 13.00 24.00 19.00 18.00 14.00 1.00 1.00 1.00 0.00 0.00
576.00 32.00 25.00 93.00 169.00 68.00 76.00 0.09 1.48 0.00 3.00 0.00 8.00 14.00 24.00 18.00 22.00 10.00 1.00 1.00 0.00 0.00 0.00
577.00 29.00 35.00 84.00 151.00 49.00 67.00 0.07 0.87 0.00 3.00 0.00 9.00 13.00 20.00 16.00 17.00 12.00 1.00 0.00 0.00 1.00 0.00
578.00 31.00 33.00 95.00 164.00 62.00 69.00 0.08 1.32 0.00 3.00 0.00 6.00 16.00 25.00 15.00 20.00 11.00 1.00 1.00 0.00 0.00 0.00
579.00 31.00 33.00 87.00 161.00 54.00 74.00 0.09 1.03 0.00 3.00 0.00 6.00 14.00 25.00 17.00 17.00 14.00 1.00 1.00 0.00 0.00 0.00
580.00 32.00 39.00 101.00 171.00 62.00 70.00 0.08 1.02 1.00 2.00 0.50 6.00 10.00 26.00 22.00 18.00 14.00 1.00 0.00 0.00 0.00 0.00
581.00 29.00 30.00 85.00 150.00 55.00 65.00 0.09 1.30 1.00 3.00 0.33 10.00 14.00 19.00 15.00 18.00 11.00 1.00 0.00 0.00 1.00 0.00
582.00 31.00 42.00 84.00 157.00 42.00 73.00 0.09 1.03 1.00 3.00 0.33 6.00 14.00 25.00 17.00 18.00 13.00 0.00 0.00 0.00 0.00 0.00
583.00 28.00 34.00 80.00 151.00 46.00 71.00 0.08 0.92 0.00 4.00 0.00 4.00 14.00 24.00 14.00 17.00 11.00 0.00 0.00 0.00 0.00 0.00
584.00 25.00 21.00 71.00 131.00 50.00 60.00 0.09 0.88 0.00 2.00 0.00 7.00 12.00 18.00 13.00 16.00 9.00 1.00 0.00 0.00 0.00 0.00
585.00 33.00 39.00 85.00 168.00 46.00 83.00 0.07 1.29 0.00 2.00 0.00 11.00 18.00 22.00 15.00 25.00 8.00 1.00 0.00 1.00 0.00 0.00
586.00 30.00 35.00 86.00 156.00 51.00 70.00 0.10 1.35 0.00 2.00 0.00 8.00 17.00 22.00 13.00 24.00 6.00 1.00 0.00 0.00 0.00 1.00
587.00 29.00 20.00 75.00 149.00 55.00 74.00 0.08 1.01 0.00 2.00 0.00 7.00 16.00 22.00 13.00 21.00 8.00 1.00 0.00 0.00 0.00 0.00
588.00 23.00 20.00 51.00 113.00 31.00 62.00 0.10 1.00 0.00 1.00 0.00 6.00 9.00 17.00 14.00 17.00 6.00 0.00 0.00 0.00 0.00 0.00
589.00 32.00 28.00 86.00 167.00 58.00 81.00 0.10 1.03 0.00 2.00 0.00 8.00 15.00 24.00 17.00 23.00 9.00 1.00 0.00 1.00 0.00 0.00
590.00 17.00 18.00 47.00 85.00 29.00 38.00 0.10 0.80 0.00 2.00 0.00 1.00 7.00 16.00 10.00 12.00 5.00 0.00 0.00 1.00 0.00 0.00
591.00 30.00 41.00 89.00 153.00 48.00 64.00 0.08 0.97 0.00 2.00 0.00 3.00 11.00 27.00 19.00 15.00 15.00 1.00 0.00 1.00 0.00 0.00
592.00 34.00 47.00 95.00 167.00 48.00 72.00 0.09 1.25 0.00 3.00 0.00 8.00 13.00 26.00 21.00 21.00 13.00 0.00 0.00 0.00 0.00 0.00
593.00 31.00 40.00 86.00 158.00 46.00 72.00 0.08 1.10 0.00 2.00 0.00 10.00 19.00 21.00 12.00 22.00 9.00 0.00 0.00 1.00 0.00 0.00
594.00 26.00 21.00 63.00 129.00 42.00 66.00 0.08 0.90 0.00 2.00 0.00 5.00 13.00 21.00 13.00 20.00 6.00 0.00 0.00 0.00 0.00 0.00
595.00 31.00 38.00 83.00 161.00 45.00 78.00 0.09 1.06 1.00 2.00 0.50 8.00 17.00 23.00 14.00 24.00 7.00 0.00 0.00 1.00 0.00 0.00
596.00 30.00 33.00 80.00 161.00 47.00 81.00 0.09 0.96 0.00 2.00 0.00 8.00 13.00 22.00 17.00 20.00 10.00 1.00 0.00 1.00 0.00 0.00
597.00 34.00 36.00 94.00 182.00 58.00 88.00 0.09 1.08 0.00 2.00 0.00 10.00 16.00 24.00 18.00 24.00 10.00 1.00 0.00 1.00 0.00 0.00
598.00 34.00 38.00 97.00 175.00 59.00 78.00 0.09 1.10 0.00 2.00 0.00 7.00 14.00 27.00 20.00 19.00 15.00 0.00 0.00 0.00 0.00 1.00
599.00 28.00 33.00 80.00 151.00 47.00 71.00 0.08 1.04 0.00 2.00 0.00 5.00 10.00 23.00 18.00 19.00 9.00 0.00 0.00 0.00 0.00 0.00
600.00 24.00 30.00 57.00 127.00 27.00 70.00 0.09 0.75 0.00 1.00 0.00 4.00 12.00 20.00 12.00 17.00 7.00 2.00 0.00 0.00 0.00 0.00
601.00 30.00 35.00 86.00 159.00 51.00 73.00 0.07 0.78 0.00 1.00 0.00 7.00 14.00 23.00 16.00 19.00 11.00 2.00 0.00 1.00 0.00 0.00
602.00 29.00 31.00 70.00 151.00 39.00 81.00 0.09 1.00 0.00 1.00 0.00 10.00 18.00 19.00 11.00 23.00 6.00 1.00 0.00 1.00 0.00 0.00
603.00 31.00 35.00 93.00 167.00 58.00 74.00 0.09 0.81 0.00 1.00 0.00 6.00 14.00 25.00 17.00 19.00 12.00 1.00 0.00 1.00 0.00 0.00
604.00 33.00 43.00 98.00 169.00 55.00 71.00 0.08 0.87 1.00 1.00 1.00 8.00 13.00 25.00 20.00 18.00 15.00 2.00 0.00 0.00 0.00 0.00
605.00 24.00 19.00 66.00 127.00 47.00 61.00 0.09 0.79 0.00 2.00 0.00 4.00 11.00 20.00 13.00 18.00 6.00 1.00 0.00 0.00 0.00 0.00
606.00 28.00 26.00 82.00 152.00 56.00 70.00 0.08 0.97 0.00 2.00 0.00 8.00 12.00 20.00 16.00 20.00 8.00 1.00 0.00 0.00 1.00 0.00
607.00 28.00 31.00 75.00 148.00 44.00 73.00 0.09 0.92 0.00 2.00 0.00 7.00 17.00 21.00 11.00 22.00 6.00 2.00 0.00 0.00 1.00 0.00
608.00 30.00 43.00 90.00 146.00 47.00 56.00 0.09 0.87 0.00 2.00 0.00 7.00 16.00 23.00 14.00 22.00 8.00 0.00 0.00 0.00 0.00 0.00
609.00 31.00 38.00 87.00 156.00 49.00 69.00 0.09 0.97 0.00 2.00 0.00 13.00 19.00 18.00 12.00 25.00 6.00 1.00 0.00 1.00 0.00 0.00
610.00 28.00 33.00 79.00 144.00 46.00 65.00 0.07 0.84 0.00 3.00 0.00 6.00 10.00 22.00 18.00 17.00 11.00 2.00 0.00 0.00 0.00 0.00
611.00 21.00 19.00 55.00 113.00 36.00 58.00 0.08 0.71 0.00 2.00 0.00 5.00 10.00 16.00 11.00 14.00 7.00 0.00 0.00 0.00 0.00 0.00
612.00 26.00 25.00 73.00 136.00 48.00 63.00 0.06 0.65 0.00 2.00 0.00 5.00 10.00 21.00 16.00 19.00 7.00 0.00 0.00 1.00 0.00 0.00
613.00 29.00 39.00 85.00 148.00 46.00 63.00 0.10 0.85 0.00 3.00 0.00 6.00 14.00 23.00 15.00 18.00 11.00 1.00 0.00 0.00 1.00 0.00
614.00 28.00 35.00 79.00 145.00 44.00 66.00 0.08 0.88 1.00 2.00 0.50 6.00 11.00 22.00 17.00 17.00 11.00 0.00 0.00 0.00 0.00 0.00
615.00 25.00 27.00 69.00 123.00 42.00 54.00 0.09 0.77 0.00 2.00 0.00 6.00 11.00 19.00 14.00 17.00 8.00 0.00 0.00 0.00 0.00 0.00
616.00 26.00 35.00 79.00 131.00 44.00 52.00 0.06 0.87 0.00 2.00 0.00 5.00 8.00 21.00 18.00 14.00 12.00 0.00 0.00 0.00 0.00 0.00
617.00 30.00 30.00 81.00 149.00 51.00 68.00 0.10 1.05 0.00 4.00 0.00 8.00 11.00 22.00 19.00 17.00 13.00 0.00 0.00 0.00 0.00 0.00
618.00 20.00 14.00 45.00 95.00 31.00 50.00 0.07 1.01 0.00 2.00 0.00 7.00 14.00 13.00 6.00 18.00 2.00 0.00 0.00 0.00 0.00 0.00
619.00 29.00 41.00 82.00 137.00 41.00 55.00 0.08 0.92 0.00 2.00 0.00 11.00 15.00 18.00 14.00 19.00 10.00 0.00 0.00 0.00 0.00 0.00
620.00 31.00 34.00 85.00 151.00 51.00 66.00 0.08 0.93 0.00 2.00 0.00 10.00 14.00 21.00 17.00 22.00 9.00 0.00 0.00 0.00 0.00 0.00
621.00 25.00 31.00 62.00 117.00 31.00 55.00 0.08 0.87 0.00 3.00 0.00 9.00 14.00 16.00 11.00 17.00 8.00 0.00 0.00 0.00 0.00 0.00
622.00 23.00 24.00 62.00 114.00 38.00 52.00 0.10 0.86 0.00 3.00 0.00 6.00 10.00 17.00 13.00 12.00 11.00 0.00 0.00 0.00 0.00 0.00
623.00 26.00 19.00 69.00 133.00 50.00 64.00 0.09 0.86 0.00 3.00 0.00 6.00 11.00 20.00 15.00 16.00 10.00 0.00 0.00 0.00 0.00 0.00
624.00 28.00 22.00 76.00 147.00 54.00 71.00 0.08 0.87 1.00 3.00 0.33 7.00 11.00 21.00 17.00 19.00 9.00 0.00 0.00 1.00 0.00 0.00
625.00 27.00 28.00 78.00 136.00 50.00 58.00 0.08 0.94 0.00 1.00 0.00 5.00 11.00 22.00 16.00 17.00 10.00 0.00 0.00 1.00 0.00 0.00
626.00 33.00 39.00 89.00 162.00 50.00 73.00 0.07 1.03 2.00 3.00 0.67 14.00 17.00 19.00 16.00 20.00 13.00 0.00 0.00 0.00 0.00 0.00
627.00 22.00 23.00 58.00 104.00 35.00 46.00 0.09 0.80 0.00 2.00 0.00 6.00 9.00 16.00 13.00 12.00 10.00 0.00 0.00 0.00 0.00 0.00
628.00 22.00 33.00 62.00 110.00 29.00 48.00 0.07 0.59 0.00 3.00 0.00 3.00 10.00 19.00 12.00 12.00 10.00 0.00 0.00 0.00 0.00 0.00
629.00 18.00 17.00 47.00 91.00 30.00 44.00 0.09 0.56 0.00 2.00 0.00 6.00 9.00 12.00 9.00 10.00 8.00 0.00 0.00 0.00 0.00 0.00
630.00 25.00 32.00 68.00 120.00 36.00 52.00 0.08 0.73 0.00 2.00 0.00 6.00 11.00 19.00 14.00 17.00 8.00 0.00 0.00 0.00 0.00 0.00
631.00 22.00 26.00 62.00 106.00 36.00 44.00 0.08 0.63 0.00 3.00 0.00 6.00 9.00 16.00 13.00 12.00 10.00 0.00 0.00 0.00 0.00 0.00
632.00 24.00 32.00 67.00 119.00 35.00 52.00 0.08 0.56 0.00 2.00 0.00 3.00 9.00 21.00 15.00 11.00 13.00 0.00 0.00 0.00 0.00 0.00
633.00 22.00 21.00 56.00 107.00 35.00 51.00 0.09 0.58 0.00 2.00 0.00 8.00 14.00 14.00 8.00 17.00 5.00 0.00 0.00 0.00 0.00 0.00
634.00 30.00 42.00 88.00 146.00 46.00 58.00 0.09 0.76 0.00 2.00 0.00 8.00 13.00 22.00 17.00 20.00 10.00 0.00 0.00 0.00 0.00 0.00
635.00 26.00 32.00 69.00 130.00 37.00 61.00 0.08 0.76 0.00 1.00 0.00 8.00 11.00 18.00 15.00 16.00 10.00 0.00 0.00 0.00 0.00 0.00
636.00 24.00 34.00 69.00 123.00 35.00 54.00 0.07 0.65 0.00 2.00 0.00 5.00 9.00 19.00 15.00 15.00 9.00 0.00 0.00 0.00 0.00 0.00
637.00 19.00 17.00 46.00 87.00 29.00 41.00 0.10 0.50 0.00 1.00 0.00 6.00 11.00 13.00 8.00 14.00 5.00 0.00 0.00 0.00 0.00 0.00
638.00 20.00 24.00 49.00 89.00 25.00 40.00 0.09 0.81 0.00 1.00 0.00 5.00 7.00 15.00 13.00 10.00 10.00 0.00 0.00 0.00 0.00 0.00
639.00 28.00 38.00 77.00 123.00 39.00 46.00 0.09 0.91 0.00 2.00 0.00 10.00 17.00 18.00 11.00 22.00 6.00 0.00 0.00 0.00 0.00 0.00
640.00 24.00 21.00 60.00 114.00 39.00 54.00 0.07 0.89 0.00 2.00 0.00 6.00 10.00 18.00 14.00 16.00 8.00 0.00 0.00 0.00 0.00 0.00
641.00 20.00 20.00 55.00 104.00 35.00 49.00 0.11 0.60 0.00 3.00 0.00 6.00 8.00 14.00 12.00 14.00 6.00 0.00 0.00 0.00 0.00 0.00
642.00 27.00 38.00 74.00 136.00 36.00 62.00 0.09 0.75 0.00 3.00 0.00 8.00 15.00 19.00 12.00 18.00 9.00 0.00 0.00 0.00 0.00 0.00
643.00 18.00 16.00 43.00 90.00 27.00 47.00 0.08 0.63 0.00 2.00 0.00 1.00 8.00 17.00 10.00 11.00 7.00 0.00 0.00 1.00 0.00 0.00
644.00 26.00 30.00 66.00 120.00 36.00 54.00 0.08 0.81 0.00 2.00 0.00 8.00 11.00 18.00 15.00 16.00 10.00 0.00 0.00 0.00 0.00 0.00
645.00 22.00 27.00 63.00 107.00 36.00 44.00 0.08 0.58 0.00 2.00 0.00 6.00 8.00 16.00 14.00 15.00 7.00 0.00 0.00 0.00 0.00 0.00
646.00 13.00 11.00 31.00 62.00 20.00 31.00 0.07 0.37 0.00 2.00 0.00 4.00 8.00 9.00 5.00 11.00 2.00 0.00 0.00 0.00 0.00 0.00
647.00 16.00 3.00 26.00 76.00 23.00 50.00 0.09 0.68 0.00 3.00 0.00 2.00 10.00 14.00 6.00 13.00 3.00 0.00 0.00 0.00 0.00 1.00
648.00 16.00 16.00 35.00 73.00 19.00 38.00 0.09 0.42 0.00 2.00 0.00 5.00 8.00 11.00 8.00 13.00 3.00 0.00 0.00 0.00 0.00 0.00
649.00 22.00 18.00 53.00 108.00 35.00 55.00 0.09 0.72 0.00 1.00 0.00 8.00 13.00 14.00 9.00 19.00 3.00 0.00 0.00 0.00 0.00 0.00
650.00 18.00 15.00 38.00 77.00 23.00 39.00 0.09 0.61 0.00 2.00 0.00 7.00 12.00 11.00 6.00 14.00 4.00 0.00 0.00 0.00 0.00 0.00
651.00 16.00 11.00 36.00 82.00 25.00 46.00 0.09 0.54 0.00 0.00 0.00 4.00 8.00 12.00 8.00 12.00 4.00 0.00 0.00 0.00 0.00 0.00
652.00 17.00 10.00 35.00 83.00 25.00 48.00 0.08 0.53 0.00 1.00 0.00 2.00 5.00 15.00 12.00 10.00 7.00 0.00 0.00 0.00 0.00 0.00
653.00 16.00 18.00 42.00 82.00 24.00 40.00 0.08 0.56 0.00 1.00 0.00 3.00 5.00 13.00 11.00 9.00 7.00 0.00 0.00 0.00 0.00 0.00
654.00 19.00 19.00 48.00 92.00 29.00 44.00 0.08 0.67 0.00 1.00 0.00 7.00 9.00 12.00 10.00 10.00 9.00 0.00 0.00 0.00 0.00 0.00
655.00 12.00 5.00 23.00 59.00 18.00 36.00 0.08 0.42 0.00 1.00 0.00 3.00 7.00 9.00 5.00 8.00 4.00 0.00 0.00 0.00 0.00 0.00
656.00 19.00 16.00 42.00 92.00 26.00 50.00 0.08 0.82 0.00 0.00 0.00 5.00 13.00 14.00 6.00 15.00 4.00 0.00 0.00 0.00 0.00 0.00
657.00 13.00 15.00 32.00 61.00 17.00 29.00 0.08 0.37 0.00 1.00 0.00 4.00 8.00 9.00 5.00 12.00 1.00 0.00 0.00 0.00 0.00 0.00
658.00 13.00 11.00 30.00 66.00 19.00 36.00 0.08 0.43 0.00 2.00 0.00 2.00 4.00 11.00 9.00 8.00 5.00 0.00 0.00 0.00 0.00 0.00
659.00 16.00 9.00 37.00 78.00 28.00 41.00 0.10 0.48 0.00 2.00 0.00 5.00 10.00 11.00 6.00 13.00 3.00 0.00 0.00 0.00 0.00 0.00
660.00 13.00 9.00 32.00 60.00 23.00 28.00 0.09 0.45 0.00 2.00 0.00 2.00 6.00 11.00 7.00 9.00 4.00 0.00 0.00 0.00 0.00 0.00
661.00 17.00 15.00 40.00 82.00 25.00 42.00 0.09 0.54 0.00 1.00 0.00 6.00 11.00 11.00 6.00 13.00 4.00 0.00 0.00 0.00 0.00 0.00
662.00 7.00 2.00 8.00 32.00 6.00 24.00 0.09 0.36 0.00 0.00 0.00 2.00 4.00 5.00 3.00 6.00 1.00 0.00 0.00 0.00 0.00 0.00
663.00 14.00 10.00 35.00 66.00 25.00 31.00 0.09 0.47 0.00 0.00 0.00 7.00 8.00 7.00 6.00 10.00 4.00 0.00 0.00 0.00 0.00 0.00
664.00 9.00 3.00 16.00 38.00 13.00 22.00 0.08 0.36 0.00 1.00 0.00 3.00 4.00 6.00 5.00 9.00 0.00 0.00 0.00 0.00 0.00 0.00
665.00 9.00 3.00 14.00 41.00 11.00 27.00 0.10 0.33 0.00 1.00 0.00 4.00 5.00 5.00 4.00 7.00 2.00 0.00 0.00 0.00 0.00 0.00
666.00 6.00 2.00 9.00 23.00 7.00 14.00 0.08 0.40 0.00 1.00 0.00 2.00 4.00 4.00 2.00 5.00 1.00 0.00 0.00 0.00 0.00 0.00
667.00 12.00 5.00 23.00 53.00 18.00 30.00 0.08 0.59 0.00 2.00 0.00 4.00 7.00 8.00 5.00 9.00 3.00 0.00 0.00 0.00 0.00 0.00
668.00 18.00 15.00 41.00 80.00 26.00 39.00 0.08 0.74 0.00 1.00 0.00 7.00 10.00 11.00 8.00 13.00 5.00 0.00 0.00 0.00 0.00 0.00
669.00 7.00 0.00 8.00 30.00 8.00 22.00 0.08 0.40 0.00 1.00 0.00 2.00 4.00 5.00 3.00 6.00 1.00 0.00 0.00 0.00 0.00 0.00
670.00 9.00 6.00 19.00 42.00 13.00 23.00 0.09 0.35 0.00 0.00 0.00 5.00 6.00 4.00 3.00 7.00 2.00 0.00 0.00 0.00 0.00 0.00
671.00 11.00 4.00 21.00 51.00 17.00 30.00 0.10 0.52 0.00 0.00 0.00 3.00 5.00 8.00 6.00 8.00 3.00 0.00 0.00 0.00 0.00 0.00
672.00 5.00 1.00 6.00 19.00 5.00 13.00 0.08 0.23 0.00 0.00 0.00 3.00 4.00 2.00 1.00 5.00 0.00 0.00 0.00 0.00 0.00 0.00
673.00 9.00 3.00 18.00 44.00 15.00 26.00 0.09 0.44 0.00 1.00 0.00 1.00 5.00 8.00 4.00 8.00 1.00 0.00 0.00 0.00 0.00 0.00
674.00 9.00 6.00 18.00 41.00 12.00 23.00 0.07 0.50 0.00 1.00 0.00 2.00 7.00 7.00 2.00 9.00 0.00 0.00 0.00 0.00 0.00 0.00
675.00 7.00 0.00 10.00 31.00 10.00 21.00 0.08 0.36 0.00 0.00 0.00 3.00 4.00 4.00 3.00 7.00 0.00 0.00 0.00 0.00 0.00 0.00
676.00 3.00 0.00 0.00 10.00 0.00 10.00 0.08 0.08 0.00 0.00 0.00 2.00 3.00 1.00 0.00 3.00 0.00 0.00 0.00 0.00 0.00 0.00
677.00 8.00 5.00 16.00 37.00 11.00 21.00 0.08 0.24 0.00 1.00 0.00 1.00 4.00 7.00 4.00 7.00 1.00 0.00 0.00 0.00 0.00 0.00
678.00 4.00 0.00 2.00 14.00 2.00 12.00 0.08 0.21 0.00 0.00 0.00 2.00 4.00 2.00 0.00 4.00 0.00 0.00 0.00 0.00 0.00 0.00
679.00 4.00 0.00 1.00 12.00 1.00 11.00 0.07 0.26 0.00 0.00 0.00 3.00 3.00 1.00 1.00 4.00 0.00 0.00 0.00 0.00 0.00 0.00
680.00 8.00 5.00 12.00 34.00 7.00 22.00 0.10 0.41 0.00 0.00 0.00 2.00 8.00 6.00 0.00 8.00 0.00 0.00 0.00 0.00 0.00 0.00
681.00 5.00 1.00 6.00 18.00 5.00 12.00 0.09 0.19 0.00 0.00 0.00 1.00 3.00 4.00 2.00 4.00 1.00 0.00 0.00 0.00 0.00 0.00
682.00 3.00 0.00 2.00 10.00 2.00 8.00 0.09 0.10 0.00 0.00 0.00 2.00 3.00 1.00 0.00 3.00 0.00 0.00 0.00 0.00 0.00 0.00
683.00 5.00 0.00 4.00 21.00 4.00 17.00 0.09 0.23 0.00 0.00 0.00 4.00 4.00 1.00 1.00 4.00 1.00 0.00 0.00 0.00 0.00 0.00
684.00 4.00 0.00 0.00 10.00 0.00 10.00 0.09 0.14 0.00 0.00 0.00 2.00 4.00 2.00 0.00 4.00 0.00 0.00 0.00 0.00 0.00 0.00
685.00 2.00 0.00 0.00 0.00 0.00 0.00 0.08 0.20 0.00 0.00 0.00 2.00 2.00 0.00 0.00 2.00 0.00 0.00 0.00 0.00 0.00 0.00
