0.00 4.00 0.00 0.00 10.00 0.00 10.00 0.07 0.39 0.00 0.00 0.00 2.00 4.00 2.00 0.00 4.00 0.00 0.00 0.00 0.00 0.00 0.00
1.00 4.00 0.00 2.00 13.00 2.00 11.00 0.09 0.53 0.00 0.00 0.00 2.00 4.00 2.00 0.00 4.00 0.00 0.00 0.00 0.00 0.00 0.00
2.00 4.00 0.00 1.00 3.00 1.00 2.00 0.08 0.34 0.00 0.00 0.00 3.00 3.00 1.00 1.00 4.00 0.00 0.00 0.00 0.00 0.00 0.00
3.00 3.00 0.00 0.00 2.00 0.00 2.00 0.10 0.15 0.00 0.00 0.00 2.00 3.00 1.00 0.00 3.00 0.00 0.00 0.00 0.00 0.00 0.00
4.00 4.00 0.00 1.00 11.00 1.00 10.00 0.09 0.19 0.00 0.00 0.00 1.00 3.00 3.00 1.00 4.00 0.00 0.00 0.00 0.00 0.00 0.00
5.00 5.00 1.00 5.00 22.00 4.00 17.00 0.09 0.31 0.00 0.00 0.00 1.00 2.00 4.00 3.00 5.00 0.00 0.00 0.00 0.00 0.00 0.00
6.00 7.00 3.00 10.00 27.00 7.00 17.00 0.08 0.47 0.00 0.00 0.00 2.00 5.00 5.00 2.00 7.00 0.00 0.00 0.00 0.00 0.00 0.00
7.00 6.00 0.00 9.00 26.00 9.00 17.00 0.09 0.26 0.00 0.00 0.00 3.00 5.00 3.00 1.00 5.00 1.00 0.00 0.00 0.00 0.00 0.00
8.00 7.00 4.00 14.00 33.00 10.00 19.00 0.08 0.18 0.00 0.00 0.00 3.00 4.00 4.00 3.00 7.00 0.00 0.00 0.00 0.00 0.00 0.00
9.00 4.00 0.00 1.00 10.00 1.00 9.00 0.09 0.24 0.00 0.00 0.00 2.00 4.00 2.00 0.00 4.00 0.00 0.00 0.00 0.00 0.00 0.00
10.00 10.00 9.00 22.00 50.00 13.00 28.00 0.08 0.39 0.00 0.00 0.00 4.00 5.00 6.00 5.00 7.00 3.00 0.00 0.00 0.00 0.00 0.00
11.00 10.00 3.00 16.00 45.00 13.00 29.00 0.08 0.55 0.00 0.00 0.00 4.00 5.00 6.00 5.00 7.00 3.00 0.00 0.00 0.00 0.00 0.00
12.00 7.00 4.00 13.00 33.00 9.00 20.00 0.10 0.29 0.00 0.00 0.00 3.00 5.00 4.00 2.00 6.00 1.00 0.00 0.00 0.00 0.00 0.00
13.00 11.00 4.00 22.00 51.00 18.00 29.00 0.08 0.42 0.00 0.00 0.00 5.00 7.00 6.00 4.00 10.00 1.00 0.00 0.00 0.00 0.00 0.00
14.00 8.00 3.00 9.00 29.00 6.00 20.00 0.10 0.59 0.00 0.00 0.00 3.00 4.00 5.00 4.00 7.00 1.00 0.00 0.00 0.00 0.00 0.00
15.00 13.00 9.00 30.00 66.00 21.00 36.00 0.09 0.43 0.00 2.00 0.00 3.00 5.00 10.00 8.00 7.00 6.00 0.00 0.00 0.00 0.00 0.00
16.00 15.00 10.00 35.00 74.00 25.00 39.00 0.11 0.64 0.00 1.00 0.00 5.00 7.00 10.00 8.00 11.00 4.00 0.00 0.00 0.00 0.00 0.00
17.00 14.00 15.00 36.00 70.00 21.00 34.00 0.09 0.61 0.00 1.00 0.00 1.00 7.00 13.00 7.00 9.00 5.00 0.00 0.00 0.00 0.00 0.00
18.00 14.00 13.00 34.00 62.00 21.00 28.00 0.09 0.71 0.00 2.00 0.00 4.00 6.00 10.00 8.00 9.00 5.00 0.00 0.00 0.00 0.00 0.00
19.00 16.00 15.00 40.00 78.00 25.00 38.00 0.09 0.64 0.00 0.00 0.00 4.00 8.00 12.00 8.00 10.00 6.00 0.00 0.00 0.00 0.00 0.00
20.00 16.00 17.00 38.00 72.00 21.00 34.00 0.08 0.70 0.00 1.00 0.00 4.00 7.00 12.00 9.00 8.00 8.00 0.00 0.00 0.00 0.00 0.00
21.00 11.00 10.00 25.00 53.00 15.00 28.00 0.07 0.53 0.00 0.00 0.00 5.00 8.00 6.00 3.00 8.00 3.00 0.00 0.00 0.00 0.00 0.00
22.00 5.00 0.00 4.00 19.00 4.00 15.00 0.08 0.23 0.00 0.00 0.00 2.00 5.00 3.00 0.00 5.00 0.00 0.00 0.00 0.00 0.00 0.00
23.00 14.00 11.00 33.00 63.00 22.00 30.00 0.08 0.45 0.00 1.00 0.00 5.00 7.00 9.00 7.00 9.00 5.00 0.00 0.00 0.00 0.00 0.00
24.00 15.00 14.00 32.00 66.00 18.00 34.00 0.09 0.50 0.00 0.00 0.00 4.00 9.00 11.00 6.00 12.00 3.00 0.00 0.00 0.00 0.00 0.00
25.00 10.00 6.00 20.00 48.00 14.00 28.00 0.08 0.35 0.00 0.00 0.00 4.00 6.00 6.00 4.00 7.00 3.00 0.00 0.00 0.00 0.00 0.00
26.00 10.00 6.00 22.00 50.00 16.00 28.00 0.09 0.42 0.00 0.00 0.00 3.00 4.00 7.00 6.00 7.00 3.00 0.00 0.00 0.00 0.00 0.00
27.00 15.00 14.00 33.00 67.00 19.00 34.00 0.08 0.61 0.00 0.00 0.00 2.00 7.00 13.00 8.00 7.00 8.00 0.00 0.00 0.00 0.00 1.00
28.00 15.00 9.00 27.00 60.00 18.00 33.00 0.08 0.52 0.00 0.00 0.00 4.00 9.00 11.00 6.00 12.00 3.00 0.00 0.00 0.00 0.00 0.00
29.00 18.00 11.00 33.00 84.00 22.00 51.00 0.09 0.66 0.00 0.00 0.00 6.00 9.00 12.00 9.00 12.00 6.00 0.00 0.00 0.00 0.00 0.00
30.00 13.00 12.00 30.00 64.00 18.00 34.00 0.08 0.43 0.00 2.00 0.00 3.00 7.00 10.00 6.00 10.00 3.00 0.00 0.00 0.00 0.00 0.00
31.00 16.00 4.00 32.00 71.00 28.00 39.00 0.08 0.76 0.00 1.00 0.00 6.00 8.00 10.00 8.00 12.00 4.00 0.00 0.00 0.00 0.00 0.00
32.00 17.00 17.00 41.00 77.00 24.00 36.00 0.08 0.73 0.00 0.00 0.00 5.00 9.00 12.00 8.00 10.00 7.00 0.00 0.00 0.00 0.00 0.00
33.00 15.00 12.00 38.00 70.00 26.00 32.00 0.07 0.56 0.00 0.00 0.00 4.00 7.00 11.00 8.00 11.00 4.00 0.00 0.00 0.00 0.00 0.00
34.00 5.00 1.00 6.00 18.00 5.00 12.00 0.08 0.32 0.00 0.00 0.00 0.00 2.00 5.00 3.00 4.00 1.00 0.00 0.00 0.00 0.00 0.00
35.00 18.00 14.00 40.00 81.00 26.00 41.00 0.07 0.94 0.00 1.00 0.00 5.00 7.00 13.00 11.00 10.00 8.00 0.00 0.00 0.00 0.00 0.00
36.00 16.00 15.00 39.00 75.00 24.00 36.00 0.09 0.98 0.00 1.00 0.00 3.00 7.00 13.00 9.00 9.00 7.00 0.00 0.00 0.00 0.00 0.00
37.00 19.00 19.00 47.00 93.00 28.00 46.00 0.08 0.89 0.00 0.00 0.00 5.00 9.00 14.00 10.00 11.00 8.00 0.00 0.00 0.00 0.00 0.00
38.00 21.00 21.00 52.00 105.00 31.00 53.00 0.10 0.72 0.00 0.00 0.00 7.00 11.00 14.00 10.00 16.00 5.00 0.00 0.00 1.00 0.00 0.00
39.00 16.00 12.00 36.00 73.00 24.00 37.00 0.09 0.66 0.00 0.00 0.00 6.00 9.00 10.00 7.00 10.00 6.00 0.00 0.00 1.00 0.00 0.00
40.00 24.00 32.00 75.00 121.00 43.00 46.00 0.09 0.80 0.00 1.00 0.00 5.00 14.00 19.00 10.00 16.00 8.00 0.00 0.00 1.00 0.00 0.00
41.00 23.00 25.00 63.00 110.00 38.00 47.00 0.10 0.72 0.00 1.00 0.00 7.00 11.00 16.00 12.00 15.00 8.00 0.00 0.00 1.00 0.00 0.00
42.00 24.00 31.00 70.00 126.00 39.00 56.00 0.08 0.65 0.00 1.00 0.00 5.00 13.00 19.00 11.00 18.00 6.00 0.00 0.00 2.00 0.00 0.00
43.00 27.00 33.00 70.00 137.00 37.00 67.00 0.09 1.01 0.00 1.00 0.00 7.00 13.00 20.00 14.00 17.00 10.00 0.00 0.00 2.00 1.00 0.00
44.00 23.00 33.00 66.00 119.00 33.00 53.00 0.07 0.60 0.00 0.00 0.00 7.00 13.00 16.00 10.00 17.00 6.00 0.00 0.00 0.00 0.00 0.00
45.00 18.00 20.00 44.00 91.00 24.00 47.00 0.08 0.66 0.00 1.00 0.00 2.00 8.00 16.00 10.00 11.00 7.00 0.00 0.00 0.00 0.00 0.00
46.00 27.00 31.00 66.00 129.00 35.00 63.00 0.08 0.92 0.00 1.00 0.00 8.00 15.00 19.00 12.00 18.00 9.00 0.00 0.00 0.00 0.00 0.00
47.00 23.00 28.00 68.00 118.00 40.00 50.00 0.07 0.62 0.00 1.00 0.00 4.00 11.00 19.00 12.00 14.00 9.00 0.00 0.00 0.00 0.00 0.00
48.00 18.00 19.00 48.00 89.00 29.00 41.00 0.09 0.53 0.00 1.00 0.00 6.00 10.00 12.00 8.00 15.00 3.00 0.00 0.00 0.00 0.00 0.00
49.00 19.00 21.00 51.00 91.00 30.00 40.00 0.09 0.70 0.00 0.00 0.00 3.00 13.00 16.00 6.00 15.00 4.00 0.00 0.00 0.00 0.00 0.00
50.00 17.00 17.00 43.00 81.00 26.00 38.00 0.09 0.70 0.00 0.00 0.00 4.00 7.00 13.00 10.00 11.00 6.00 0.00 0.00 0.00 0.00 0.00
51.00 22.00 27.00 64.00 118.00 37.00 54.00 0.09 0.59 0.00 0.00 0.00 6.00 9.00 16.00 13.00 18.00 4.00 0.00 0.00 0.00 0.00 0.00
52.00 31.00 35.00 90.00 156.00 55.00 66.00 0.09 0.90 1.00 1.00 1.00 9.00 17.00 22.00 14.00 21.00 10.00 0.00 0.00 0.00 0.00 0.00
53.00 18.00 14.00 44.00 92.00 30.00 48.00 0.08 0.68 1.00 1.00 1.00 3.00 8.00 15.00 10.00 12.00 6.00 0.00 0.00 0.00 0.00 0.00
54.00 16.00 12.00 35.00 76.00 23.00 41.00 0.09 0.53 1.00 0.00 0.00 7.00 13.00 9.00 3.00 14.00 2.00 0.00 0.00 0.00 0.00 0.00
55.00 21.00 21.00 53.00 101.00 32.00 48.00 0.08 0.62 1.00 1.00 1.00 7.00 14.00 14.00 7.00 16.00 5.00 0.00 0.00 0.00 0.00 0.00
56.00 19.00 22.00 49.00 94.00 27.00 45.00 0.09 0.59 1.00 0.00 0.00 6.00 11.00 13.00 8.00 12.00 7.00 0.00 0.00 0.00 0.00 0.00
57.00 19.00 15.00 43.00 93.00 28.00 50.00 0.08 1.02 0.00 0.00 0.00 5.00 11.00 14.00 8.00 13.00 6.00 0.00 0.00 0.00 0.00 0.00
58.00 19.00 21.00 46.00 89.00 25.00 43.00 0.09 0.72 0.00 1.00 0.00 5.00 9.00 14.00 10.00 13.00 6.00 0.00 0.00 0.00 0.00 0.00
59.00 18.00 24.00 54.00 90.00 30.00 36.00 0.09 0.64 0.00 1.00 0.00 5.00 8.00 13.00 10.00 11.00 7.00 0.00 0.00 0.00 0.00 0.00
60.00 16.00 13.00 40.00 79.00 27.00 39.00 0.10 0.62 0.00 0.00 0.00 4.00 10.00 12.00 6.00 11.00 5.00 0.00 0.00 0.00 0.00 0.00
61.00 20.00 17.00 48.00 92.00 31.00 44.00 0.09 0.64 0.00 0.00 0.00 5.00 10.00 15.00 10.00 11.00 9.00 0.00 0.00 0.00 0.00 0.00
62.00 21.00 23.00 57.00 104.00 34.00 47.00 0.10 0.70 1.00 0.00 0.00 8.00 11.00 13.00 10.00 14.00 7.00 0.00 0.00 0.00 0.00 0.00
63.00 18.00 15.00 48.00 90.00 33.00 42.00 0.09 0.48 0.00 1.00 0.00 4.00 9.00 14.00 9.00 12.00 6.00 0.00 0.00 0.00 0.00 0.00
64.00 18.00 16.00 45.00 87.00 29.00 42.00 0.09 0.64 1.00 0.00 0.00 5.00 10.00 13.00 8.00 12.00 6.00 0.00 0.00 0.00 0.00 0.00
65.00 20.00 17.00 44.00 104.00 27.00 60.00 0.08 0.66 0.00 1.00 0.00 4.00 11.00 16.00 9.00 16.00 4.00 0.00 0.00 0.00 0.00 0.00
66.00 17.00 14.00 39.00 86.00 25.00 47.00 0.09 0.57 1.00 2.00 0.50 6.00 12.00 11.00 5.00 14.00 3.00 0.00 0.00 0.00 0.00 0.00
67.00 15.00 17.00 42.00 77.00 25.00 35.00 0.09 0.51 0.00 0.00 0.00 3.00 8.00 12.00 7.00 10.00 5.00 0.00 0.00 0.00 0.00 0.00
68.00 13.00 9.00 28.00 54.00 19.00 26.00 0.07 0.55 0.00 0.00 0.00 6.00 9.00 7.00 4.00 10.00 3.00 0.00 0.00 0.00 0.00 0.00
69.00 9.00 4.00 17.00 43.00 13.00 26.00 0.09 0.42 0.00 0.00 0.00 3.00 6.00 6.00 3.00 8.00 1.00 0.00 0.00 0.00 0.00 0.00
70.00 15.00 10.00 31.00 66.00 21.00 35.00 0.09 0.68 0.00 0.00 0.00 6.00 9.00 9.00 6.00 13.00 2.00 0.00 0.00 0.00 0.00 0.00
71.00 11.00 4.00 17.00 46.00 13.00 29.00 0.09 0.45 1.00 0.00 0.00 3.00 8.00 8.00 3.00 10.00 1.00 0.00 0.00 0.00 0.00 0.00
72.00 12.00 5.00 19.00 54.00 14.00 35.00 0.08 0.57 0.00 0.00 0.00 4.00 6.00 8.00 6.00 9.00 3.00 0.00 0.00 0.00 1.00 0.00
73.00 17.00 18.00 47.00 86.00 29.00 39.00 0.09 0.48 0.00 0.00 0.00 3.00 11.00 14.00 6.00 13.00 4.00 0.00 0.00 0.00 0.00 0.00
74.00 19.00 18.00 42.00 91.00 24.00 49.00 0.08 1.29 0.00 0.00 0.00 7.00 8.00 12.00 11.00 11.00 8.00 0.00 0.00 1.00 0.00 0.00
75.00 17.00 14.00 41.00 85.00 27.00 44.00 0.08 0.61 0.00 0.00 0.00 5.00 9.00 12.00 8.00 12.00 5.00 1.00 0.00 0.00 0.00 1.00
76.00 15.00 8.00 30.00 71.00 22.00 41.00 0.07 0.73 0.00 0.00 0.00 5.00 9.00 10.00 6.00 13.00 2.00 0.00 0.00 0.00 0.00 0.00
77.00 13.00 10.00 29.00 64.00 19.00 35.00 0.08 0.60 0.00 0.00 0.00 6.00 8.00 7.00 5.00 10.00 3.00 0.00 0.00 0.00 0.00 0.00
78.00 14.00 11.00 33.00 67.00 22.00 34.00 0.10 0.51 0.00 2.00 0.00 6.00 10.00 8.00 4.00 12.00 2.00 0.00 0.00 0.00 0.00 0.00
79.00 16.00 12.00 38.00 81.00 26.00 43.00 0.09 0.56 0.00 2.00 0.00 4.00 6.00 12.00 10.00 9.00 7.00 0.00 0.00 0.00 0.00 0.00
80.00 15.00 6.00 28.00 67.00 22.00 39.00 0.09 0.63 0.00 0.00 0.00 4.00 7.00 11.00 8.00 9.00 6.00 0.00 0.00 0.00 0.00 0.00
81.00 16.00 8.00 31.00 76.00 23.00 45.00 0.08 0.90 0.00 1.00 0.00 6.00 9.00 10.00 7.00 12.00 4.00 0.00 0.00 0.00 0.00 0.00
82.00 13.00 11.00 35.00 64.00 24.00 29.00 0.08 0.50 0.00 0.00 0.00 3.00 5.00 10.00 8.00 7.00 6.00 0.00 0.00 1.00 0.00 0.00
83.00 15.00 16.00 39.00 74.00 23.00 35.00 0.08 0.59 0.00 0.00 0.00 5.00 10.00 10.00 5.00 11.00 4.00 0.00 0.00 0.00 0.00 0.00
84.00 13.00 9.00 27.00 67.00 18.00 40.00 0.09 0.56 0.00 0.00 0.00 3.00 7.00 10.00 6.00 8.00 5.00 0.00 0.00 1.00 0.00 0.00
85.00 18.00 18.00 47.00 92.00 29.00 45.00 0.06 0.68 0.00 0.00 0.00 3.00 13.00 15.00 5.00 14.00 4.00 0.00 0.00 0.00 0.00 0.00
86.00 17.00 11.00 34.00 79.00 23.00 45.00 0.09 1.75 0.00 0.00 0.00 5.00 10.00 12.00 7.00 12.00 5.00 0.00 0.00 0.00 0.00 0.00
87.00 10.00 4.00 17.00 48.00 13.00 31.00 0.09 0.60 0.00 0.00 0.00 4.00 7.00 6.00 3.00 9.00 1.00 0.00 0.00 0.00 0.00 0.00
88.00 12.00 7.00 22.00 63.00 15.00 41.00 0.07 0.33 0.00 0.00 0.00 7.00 9.00 5.00 3.00 10.00 2.00 0.00 0.00 0.00 0.00 0.00
89.00 17.00 14.00 40.00 76.00 26.00 36.00 0.07 0.68 0.00 0.00 0.00 5.00 10.00 12.00 7.00 14.00 3.00 0.00 0.00 0.00 0.00 0.00
90.00 14.00 8.00 28.00 65.00 20.00 37.00 0.10 0.72 0.00 0.00 0.00 5.00 8.00 9.00 6.00 10.00 4.00 0.00 0.00 1.00 0.00 0.00
91.00 13.00 9.00 29.00 58.00 20.00 29.00 0.09 0.61 0.00 0.00 0.00 4.00 8.00 9.00 5.00 10.00 3.00 0.00 0.00 1.00 0.00 0.00
92.00 8.00 0.00 9.00 35.00 9.00 26.00 0.09 0.38 0.00 0.00 0.00 3.00 7.00 5.00 1.00 8.00 0.00 0.00 0.00 0.00 0.00 0.00
93.00 14.00 13.00 29.00 65.00 16.00 36.00 0.07 0.40 0.00 0.00 0.00 5.00 7.00 9.00 7.00 10.00 4.00 0.00 0.00 1.00 0.00 0.00
94.00 14.00 13.00 35.00 64.00 22.00 29.00 0.08 0.53 0.00 0.00 0.00 5.00 9.00 9.00 5.00 11.00 3.00 0.00 0.00 1.00 0.00 0.00
95.00 13.00 7.00 28.00 70.00 21.00 42.00 0.11 0.57 0.00 0.00 0.00 7.00 9.00 6.00 4.00 10.00 3.00 0.00 0.00 1.00 0.00 0.00
96.00 12.00 10.00 21.00 49.00 11.00 28.00 0.08 1.71 0.00 0.00 0.00 3.00 7.00 9.00 5.00 10.00 2.00 0.00 0.00 0.00 0.00 0.00
97.00 8.00 3.00 9.00 32.00 6.00 23.00 0.08 0.38 0.00 0.00 0.00 1.00 2.00 7.00 6.00 4.00 4.00 0.00 0.00 0.00 0.00 0.00
98.00 3.00 0.00 2.00 11.00 2.00 9.00 0.09 0.15 0.00 0.00 0.00 2.00 3.00 1.00 0.00 3.00 0.00 0.00 0.00 0.00 0.00 0.00
99.00 6.00 1.00 3.00 17.00 2.00 14.00 0.07 0.47 0.00 0.00 0.00 4.00 4.00 2.00 2.00 6.00 0.00 0.00 0.00 0.00 0.00 0.00
100.00 6.00 0.00 4.00 20.00 4.00 16.00 0.09 0.29 0.00 0.00 0.00 3.00 5.00 3.00 1.00 6.00 0.00 0.00 0.00 0.00 0.00 0.00
101.00 5.00 0.00 0.00 15.00 0.00 15.00 0.09 0.48 0.00 0.00 0.00 1.00 4.00 4.00 1.00 5.00 0.00 0.00 0.00 0.00 0.00 0.00
102.00 3.00 0.00 1.00 10.00 1.00 9.00 0.09 0.14 0.00 0.00 0.00 2.00 3.00 1.00 0.00 3.00 0.00 0.00 0.00 0.00 0.00 0.00
103.00 8.00 3.00 12.00 35.00 9.00 23.00 0.08 0.42 0.00 0.00 0.00 4.00 6.00 4.00 2.00 6.00 2.00 0.00 0.00 0.00 0.00 0.00
104.00 8.00 4.00 15.00 38.00 11.00 23.00 0.09 0.30 0.00 0.00 0.00 2.00 4.00 6.00 4.00 5.00 3.00 0.00 0.00 0.00 0.00 0.00
105.00 10.00 4.00 16.00 37.00 12.00 21.00 0.08 0.61 0.00 0.00 0.00 3.00 7.00 7.00 3.00 10.00 0.00 0.00 0.00 0.00 0.00 0.00
106.00 5.00 0.00 4.00 19.00 4.00 15.00 0.08 0.17 0.00 0.00 0.00 0.00 3.00 5.00 2.00 5.00 0.00 0.00 0.00 0.00 0.00 0.00
107.00 5.00 1.00 5.00 19.00 4.00 14.00 0.08 0.36 0.00 0.00 0.00 1.00 3.00 4.00 2.00 4.00 1.00 0.00 0.00 0.00 0.00 0.00
108.00 6.00 1.00 9.00 27.00 8.00 18.00 0.09 0.29 0.00 0.00 0.00 1.00 3.00 5.00 3.00 6.00 0.00 0.00 0.00 0.00 0.00 0.00
109.00 6.00 0.00 3.00 21.00 3.00 18.00 0.09 0.30 0.00 0.00 0.00 3.00 5.00 3.00 1.00 6.00 0.00 0.00 0.00 0.00 0.00 0.00
110.00 5.00 1.00 7.00 22.00 6.00 15.00 0.08 0.22 0.00 0.00 0.00 2.00 5.00 3.00 0.00 5.00 0.00 0.00 0.00 0.00 0.00 0.00
111.00 6.00 2.00 8.00 21.00 6.00 13.00 0.09 0.27 0.00 0.00 0.00 4.00 5.00 2.00 1.00 5.00 1.00 0.00 0.00 0.00 0.00 0.00
112.00 4.00 0.00 1.00 3.00 1.00 2.00 0.08 0.15 0.00 0.00 0.00 3.00 3.00 1.00 1.00 4.00 0.00 0.00 0.00 0.00 0.00 0.00
113.00 4.00 0.00 0.00 6.00 0.00 6.00 0.08 0.43 0.00 0.00 0.00 3.00 3.00 1.00 1.00 4.00 0.00 0.00 0.00 0.00 0.00 0.00
114.00 3.00 0.00 0.00 2.00 0.00 2.00 0.09 0.42 0.00 0.00 0.00 2.00 3.00 1.00 0.00 3.00 0.00 0.00 0.00 0.00 0.00 0.00
