0.00 2.00 0.00 0.00 2.00 0.00 2.00 0.09 0.04 0.00 0.00 0.00 2.00 2.00 0.00 0.00 2.00 0.00 0.00 0.00 0.00 0.00 0.00
1.00 3.00 0.00 0.00 7.00 0.00 7.00 0.08 0.16 0.00 0.00 0.00 2.00 3.00 1.00 0.00 3.00 0.00 0.00 0.00 0.00 0.00 0.00
2.00 10.00 8.00 22.00 44.00 14.00 22.00 0.08 0.44 0.00 0.00 0.00 5.00 7.00 5.00 3.00 8.00 2.00 0.00 0.00 0.00 0.00 0.00
3.00 11.00 6.00 20.00 51.00 14.00 31.00 0.10 0.67 0.00 0.00 0.00 4.00 5.00 7.00 6.00 9.00 2.00 0.00 0.00 0.00 0.00 0.00
4.00 14.00 13.00 34.00 72.00 21.00 38.00 0.08 0.70 1.00 0.00 0.00 1.00 4.00 13.00 10.00 8.00 6.00 0.00 0.00 0.00 1.00 0.00
5.00 14.00 10.00 33.00 67.00 23.00 34.00 0.09 1.39 0.00 0.00 0.00 3.00 5.00 11.00 9.00 9.00 5.00 0.00 0.00 0.00 0.00 0.00
6.00 5.00 2.00 7.00 19.00 5.00 12.00 0.08 0.17 0.00 0.00 0.00 2.00 5.00 3.00 0.00 5.00 0.00 0.00 0.00 0.00 0.00 0.00
7.00 18.00 10.00 39.00 84.00 29.00 45.00 0.09 0.72 1.00 1.00 1.00 2.00 7.00 16.00 11.00 11.00 7.00 0.00 0.00 0.00 0.00 0.00
8.00 17.00 19.00 45.00 83.00 26.00 38.00 0.08 0.52 0.00 0.00 0.00 7.00 9.00 10.00 8.00 13.00 4.00 0.00 0.00 0.00 0.00 0.00
9.00 14.00 15.00 41.00 69.00 26.00 28.00 0.10 0.53 0.00 1.00 0.00 2.00 5.00 12.00 9.00 8.00 6.00 0.00 0.00 1.00 0.00 0.00
10.00 21.00 16.00 53.00 109.00 37.00 56.00 0.10 0.93 0.00 1.00 0.00 5.00 8.00 16.00 13.00 16.00 5.00 0.00 0.00 0.00 0.00 1.00
11.00 22.00 24.00 61.00 110.00 37.00 49.00 0.08 0.79 0.00 1.00 0.00 6.00 8.00 16.00 14.00 9.00 13.00 0.00 0.00 0.00 0.00 0.00
12.00 17.00 11.00 39.00 87.00 28.00 48.00 0.08 0.58 0.00 1.00 0.00 5.00 11.00 12.00 6.00 13.00 4.00 0.00 0.00 0.00 0.00 0.00
13.00 21.00 17.00 48.00 95.00 31.00 47.00 0.12 0.79 0.00 1.00 0.00 6.00 9.00 15.00 12.00 12.00 9.00 0.00 0.00 0.00 0.00 0.00
14.00 21.00 28.00 58.00 99.00 30.00 41.00 0.08 0.67 0.00 2.00 0.00 6.00 10.00 15.00 11.00 15.00 6.00 0.00 0.00 1.00 0.00 0.00
15.00 19.00 20.00 50.00 93.00 30.00 43.00 0.09 0.78 0.00 3.00 0.00 6.00 9.00 13.00 10.00 11.00 8.00 0.00 0.00 0.00 0.00 0.00
16.00 22.00 24.00 55.00 105.00 31.00 50.00 0.10 0.95 0.00 2.00 0.00 5.00 8.00 17.00 14.00 13.00 9.00 0.00 0.00 0.00 0.00 0.00
17.00 25.00 27.00 67.00 127.00 40.00 60.00 0.10 0.98 0.00 1.00 0.00 4.00 13.00 21.00 12.00 15.00 10.00 0.00 0.00 0.00 0.00 0.00
18.00 28.00 34.00 75.00 150.00 41.00 75.00 0.08 0.97 0.00 1.00 0.00 7.00 12.00 21.00 16.00 14.00 14.00 0.00 0.00 1.00 0.00 0.00
19.00 23.00 22.00 60.00 118.00 38.00 58.00 0.10 0.74 0.00 2.00 0.00 7.00 14.00 16.00 9.00 17.00 6.00 0.00 0.00 0.00 0.00 0.00
20.00 17.00 15.00 40.00 90.00 25.00 50.00 0.09 0.59 0.00 2.00 0.00 2.00 8.00 15.00 9.00 14.00 3.00 0.00 0.00 0.00 1.00 0.00
21.00 25.00 18.00 64.00 128.00 46.00 64.00 0.10 0.94 0.00 4.00 0.00 9.00 11.00 16.00 14.00 17.00 8.00 0.00 0.00 0.00 0.00 0.00
22.00 28.00 32.00 76.00 138.00 44.00 62.00 0.10 1.01 0.00 1.00 0.00 10.00 16.00 18.00 12.00 21.00 7.00 0.00 1.00 0.00 0.00 0.00
23.00 29.00 30.00 79.00 139.00 49.00 60.00 0.08 0.97 0.00 2.00 0.00 6.00 14.00 23.00 15.00 17.00 12.00 1.00 0.00 0.00 0.00 0.00
24.00 29.00 32.00 79.00 156.00 47.00 77.00 0.09 0.96 0.00 4.00 0.00 9.00 11.00 20.00 18.00 18.00 11.00 1.00 0.00 0.00 0.00 0.00
25.00 28.00 25.00 70.00 138.00 45.00 68.00 0.08 0.97 0.00 3.00 0.00 4.00 11.00 24.00 17.00 17.00 11.00 1.00 0.00 0.00 0.00 0.00
26.00 32.00 38.00 92.00 153.00 54.00 61.00 0.09 1.25 0.00 2.00 0.00 8.00 13.00 24.00 19.00 21.00 11.00 0.00 0.00 0.00 0.00 0.00
27.00 25.00 22.00 73.00 129.00 51.00 56.00 0.09 1.07 0.00 2.00 0.00 9.00 12.00 16.00 13.00 16.00 9.00 1.00 0.00 0.00 0.00 0.00
28.00 26.00 24.00 66.00 117.00 42.00 51.00 0.09 1.18 0.00 2.00 0.00 6.00 10.00 20.00 16.00 16.00 10.00 0.00 0.00 0.00 0.00 0.00
29.00 18.00 21.00 49.00 91.00 28.00 42.00 0.09 0.62 0.00 4.00 0.00 3.00 5.00 15.00 13.00 11.00 7.00 0.00 0.00 0.00 0.00 0.00
30.00 24.00 30.00 67.00 115.00 37.00 48.00 0.10 0.85 0.00 4.00 0.00 9.00 14.00 15.00 10.00 20.00 4.00 0.00 0.00 0.00 0.00 0.00
31.00 20.00 15.00 43.00 94.00 28.00 51.00 0.09 0.68 1.00 1.00 1.00 6.00 10.00 14.00 10.00 13.00 7.00 0.00 0.00 0.00 0.00 0.00
32.00 22.00 25.00 59.00 111.00 34.00 52.00 0.08 0.80 0.00 0.00 0.00 6.00 12.00 16.00 10.00 16.00 6.00 0.00 0.00 0.00 0.00 0.00
33.00 17.00 13.00 39.00 84.00 26.00 45.00 0.08 0.83 0.00 0.00 0.00 5.00 8.00 12.00 9.00 12.00 5.00 0.00 0.00 0.00 0.00 0.00
34.00 13.00 9.00 29.00 60.00 20.00 31.00 0.08 0.41 0.00 0.00 0.00 3.00 6.00 10.00 7.00 9.00 4.00 0.00 0.00 1.00 0.00 0.00
35.00 21.00 21.00 54.00 102.00 33.00 48.00 0.10 0.84 0.00 0.00 0.00 7.00 14.00 14.00 7.00 18.00 3.00 0.00 0.00 1.00 0.00 0.00
36.00 22.00 15.00 47.00 103.00 32.00 56.00 0.08 1.12 0.00 1.00 0.00 7.00 14.00 15.00 8.00 17.00 5.00 0.00 0.00 0.00 0.00 0.00
37.00 17.00 6.00 28.00 76.00 22.00 48.00 0.08 0.96 0.00 1.00 0.00 5.00 10.00 12.00 7.00 14.00 3.00 0.00 0.00 0.00 0.00 0.00
38.00 22.00 18.00 58.00 111.00 40.00 53.00 0.09 0.91 0.00 1.00 0.00 3.00 8.00 19.00 14.00 15.00 7.00 0.00 0.00 0.00 0.00 0.00
39.00 17.00 17.00 41.00 85.00 24.00 44.00 0.10 0.67 0.00 1.00 0.00 5.00 7.00 12.00 10.00 13.00 4.00 0.00 0.00 0.00 0.00 0.00
40.00 14.00 10.00 30.00 65.00 20.00 35.00 0.09 0.69 0.00 2.00 0.00 4.00 10.00 10.00 4.00 12.00 2.00 0.00 0.00 0.00 0.00 0.00
41.00 19.00 15.00 42.00 85.00 27.00 43.00 0.09 0.77 0.00 1.00 0.00 6.00 13.00 13.00 6.00 15.00 4.00 0.00 0.00 0.00 0.00 0.00
42.00 13.00 11.00 32.00 65.00 21.00 33.00 0.11 0.57 0.00 1.00 0.00 3.00 8.00 10.00 5.00 11.00 2.00 0.00 0.00 0.00 0.00 0.00
43.00 6.00 2.00 10.00 24.00 8.00 14.00 0.08 0.36 0.00 0.00 0.00 1.00 4.00 5.00 2.00 4.00 2.00 0.00 0.00 0.00 0.00 0.00
44.00 6.00 2.00 6.00 22.00 4.00 16.00 0.07 0.39 0.00 0.00 0.00 4.00 4.00 2.00 2.00 6.00 0.00 0.00 0.00 0.00 0.00 0.00
45.00 5.00 1.00 3.00 21.00 2.00 18.00 0.08 0.29 0.00 0.00 0.00 3.00 4.00 2.00 1.00 5.00 0.00 0.00 0.00 0.00 0.00 0.00
46.00 8.00 2.00 9.00 29.00 7.00 20.00 0.09 0.63 0.00 0.00 0.00 3.00 6.00 5.00 2.00 7.00 1.00 0.00 0.00 0.00 0.00 0.00
47.00 4.00 0.00 0.00 8.00 0.00 8.00 0.10 3.89 0.00 0.00 0.00 2.00 4.00 2.00 0.00 4.00 0.00 0.00 0.00 0.00 0.00 0.00
48.00 7.00 1.00 10.00 28.00 9.00 18.00 0.08 0.42 0.00 0.00 0.00 4.00 5.00 3.00 2.00 6.00 1.00 0.00 0.00 0.00 0.00 0.00
49.00 5.00 0.00 4.00 21.00 4.00 17.00 0.10 0.33 0.00 0.00 0.00 2.00 3.00 3.00 2.00 5.00 0.00 0.00 0.00 0.00 0.00 0.00
50.00 4.00 0.00 3.00 14.00 3.00 11.00 0.09 0.29 0.00 0.00 0.00 1.00 3.00 3.00 1.00 4.00 0.00 0.00 0.00 0.00 0.00 0.00
51.00 3.00 0.00 0.00 1.00 0.00 1.00 0.09 0.28 0.00 0.00 0.00 2.00 3.00 1.00 0.00 3.00 0.00 0.00 0.00 0.00 0.00 0.00
52.00 3.00 0.00 0.00 6.00 0.00 6.00 0.09 0.12 0.00 0.00 0.00 2.00 3.00 1.00 0.00 3.00 0.00 0.00 0.00 0.00 0.00 0.00
53.00 3.00 0.00 1.00 5.00 1.00 4.00 0.09 0.13 0.00 0.00 0.00 2.00 3.00 1.00 0.00 3.00 0.00 0.00 0.00 0.00 0.00 0.00
54.00 5.00 0.00 4.00 19.00 4.00 15.00 0.09 0.41 0.00 0.00 0.00 3.00 4.00 2.00 1.00 5.00 0.00 0.00 0.00 0.00 0.00 0.00
55.00 3.00 0.00 0.00 5.00 0.00 5.00 0.09 0.38 0.00 0.00 0.00 2.00 3.00 1.00 0.00 3.00 0.00 0.00 0.00 0.00 0.00 0.00
56.00 2.00 0.00 0.00 1.00 0.00 1.00 0.09 0.01 0.00 0.00 0.00 2.00 2.00 0.00 0.00 2.00 0.00 0.00 0.00 0.00 0.00 0.00
