0.00 2.00 0.00 0.00 4.00 0.00 4.00 0.08 0.11 0.00 0.00 0.00 2.00 2.00 0.00 0.00 2.00 0.00 0.00 0.00 0.00 0.00 0.00
1.00 7.00 4.00 14.00 29.00 10.00 15.00 0.09 0.33 0.00 0.00 0.00 3.00 3.00 4.00 4.00 6.00 1.00 0.00 0.00 0.00 0.00 0.00
2.00 7.00 1.00 7.00 27.00 6.00 20.00 0.10 0.33 0.00 0.00 0.00 3.00 6.00 4.00 1.00 7.00 0.00 0.00 0.00 0.00 0.00 0.00
3.00 6.00 1.00 7.00 24.00 6.00 17.00 0.08 0.37 0.00 0.00 0.00 2.00 5.00 4.00 1.00 5.00 1.00 0.00 0.00 0.00 0.00 0.00
4.00 6.00 2.00 7.00 22.00 5.00 15.00 0.09 0.43 0.00 0.00 0.00 2.00 4.00 4.00 2.00 6.00 0.00 0.00 0.00 0.00 0.00 0.00
5.00 6.00 1.00 9.00 25.00 8.00 16.00 0.08 0.30 0.00 0.00 0.00 2.00 4.00 4.00 2.00 6.00 0.00 0.00 0.00 0.00 0.00 0.00
6.00 5.00 1.00 5.00 18.00 4.00 13.00 0.08 0.21 0.00 1.00 0.00 0.00 2.00 5.00 3.00 4.00 1.00 0.00 0.00 0.00 0.00 0.00
7.00 8.00 4.00 12.00 38.00 8.00 26.00 0.09 0.35 0.00 0.00 0.00 3.00 6.00 5.00 2.00 6.00 2.00 0.00 0.00 0.00 0.00 0.00
8.00 10.00 9.00 23.00 45.00 14.00 22.00 0.08 0.43 0.00 1.00 0.00 2.00 6.00 8.00 4.00 9.00 1.00 0.00 0.00 0.00 0.00 0.00
9.00 7.00 1.00 11.00 32.00 10.00 21.00 0.09 0.43 0.00 0.00 0.00 3.00 6.00 4.00 1.00 7.00 0.00 0.00 0.00 0.00 0.00 0.00
10.00 5.00 1.00 7.00 23.00 6.00 16.00 0.07 0.28 0.00 0.00 0.00 0.00 3.00 5.00 2.00 3.00 2.00 0.00 0.00 0.00 0.00 0.00
11.00 11.00 9.00 23.00 49.00 14.00 26.00 0.09 0.56 0.00 0.00 0.00 1.00 5.00 10.00 6.00 7.00 4.00 0.00 0.00 0.00 0.00 0.00
12.00 4.00 0.00 4.00 14.00 4.00 10.00 0.08 0.17 0.00 1.00 0.00 1.00 3.00 3.00 1.00 4.00 0.00 0.00 0.00 0.00 0.00 0.00
13.00 10.00 2.00 14.00 43.00 12.00 29.00 0.09 0.77 0.00 1.00 0.00 4.00 8.00 6.00 2.00 9.00 1.00 0.00 0.00 0.00 0.00 0.00
14.00 11.00 5.00 19.00 48.00 14.00 29.00 0.09 0.54 0.00 1.00 0.00 2.00 6.00 9.00 5.00 7.00 4.00 0.00 0.00 0.00 0.00 0.00
15.00 10.00 4.00 20.00 43.00 16.00 23.00 0.08 0.53 0.00 0.00 0.00 6.00 8.00 4.00 2.00 9.00 1.00 0.00 0.00 0.00 0.00 0.00
16.00 17.00 15.00 45.00 85.00 30.00 40.00 0.08 0.68 0.00 0.00 0.00 1.00 9.00 16.00 8.00 15.00 2.00 1.00 0.00 0.00 0.00 0.00
17.00 13.00 8.00 26.00 64.00 18.00 38.00 0.08 0.56 0.00 1.00 0.00 4.00 11.00 9.00 2.00 11.00 2.00 0.00 0.00 0.00 0.00 0.00
18.00 10.00 6.00 18.00 48.00 12.00 30.00 0.08 0.72 0.00 1.00 0.00 4.00 8.00 6.00 2.00 9.00 1.00 0.00 0.00 0.00 0.00 0.00
19.00 11.00 4.00 18.00 47.00 14.00 29.00 0.08 0.62 0.00 0.00 0.00 4.00 9.00 7.00 2.00 9.00 2.00 0.00 0.00 0.00 0.00 0.00
20.00 7.00 1.00 9.00 29.00 8.00 20.00 0.09 0.56 0.00 0.00 0.00 3.00 6.00 4.00 1.00 6.00 1.00 0.00 0.00 0.00 0.00 0.00
21.00 4.00 1.00 5.00 17.00 4.00 12.00 0.08 0.15 0.00 0.00 0.00 0.00 2.00 4.00 2.00 4.00 0.00 0.00 0.00 0.00 0.00 0.00
22.00 6.00 2.00 8.00 23.00 6.00 15.00 0.07 0.28 0.00 1.00 0.00 1.00 4.00 5.00 2.00 5.00 1.00 0.00 0.00 0.00 0.00 0.00
23.00 10.00 7.00 19.00 46.00 12.00 27.00 0.08 0.26 0.00 0.00 0.00 4.00 7.00 6.00 3.00 8.00 2.00 0.00 0.00 0.00 0.00 0.00
24.00 4.00 0.00 2.00 14.00 2.00 12.00 0.09 0.20 0.00 0.00 0.00 1.00 3.00 3.00 1.00 4.00 0.00 0.00 0.00 0.00 0.00 0.00
25.00 8.00 3.00 12.00 35.00 9.00 23.00 0.10 0.24 0.00 0.00 0.00 5.00 6.00 3.00 2.00 7.00 1.00 0.00 0.00 0.00 0.00 0.00
26.00 8.00 4.00 13.00 40.00 9.00 27.00 0.10 0.34 0.00 1.00 0.00 4.00 5.00 4.00 3.00 7.00 1.00 0.00 0.00 0.00 0.00 0.00
27.00 13.00 12.00 30.00 61.00 18.00 31.00 0.08 0.34 0.00 1.00 0.00 5.00 7.00 8.00 6.00 10.00 3.00 0.00 0.00 0.00 0.00 0.00
28.00 5.00 0.00 3.00 18.00 3.00 15.00 0.08 0.19 0.00 0.00 0.00 3.00 4.00 2.00 1.00 5.00 0.00 0.00 0.00 0.00 0.00 0.00
29.00 12.00 9.00 23.00 48.00 14.00 25.00 0.09 0.51 0.00 1.00 0.00 3.00 4.00 9.00 8.00 11.00 1.00 0.00 0.00 0.00 0.00 0.00
30.00 13.00 12.00 27.00 67.00 15.00 40.00 0.09 0.59 0.00 1.00 0.00 3.00 6.00 10.00 7.00 7.00 6.00 0.00 0.00 0.00 0.00 0.00
31.00 18.00 12.00 35.00 80.00 23.00 45.00 0.09 0.82 0.00 1.00 0.00 6.00 10.00 12.00 8.00 16.00 2.00 0.00 0.00 1.00 0.00 0.00
32.00 11.00 3.00 13.00 46.00 10.00 33.00 0.08 0.88 0.00 1.00 0.00 5.00 9.00 6.00 2.00 10.00 1.00 0.00 0.00 0.00 0.00 0.00
33.00 10.00 6.00 20.00 46.00 14.00 26.00 0.10 0.49 0.00 0.00 0.00 6.00 7.00 4.00 3.00 8.00 2.00 0.00 0.00 0.00 0.00 0.00
34.00 9.00 4.00 15.00 38.00 11.00 23.00 0.08 0.50 0.00 0.00 0.00 3.00 4.00 6.00 5.00 6.00 3.00 0.00 0.00 0.00 0.00 0.00
35.00 11.00 6.00 23.00 56.00 17.00 33.00 0.08 0.35 0.00 0.00 0.00 2.00 6.00 9.00 5.00 10.00 1.00 0.00 0.00 0.00 0.00 0.00
36.00 10.00 9.00 25.00 52.00 16.00 27.00 0.07 0.30 0.00 0.00 0.00 2.00 5.00 8.00 5.00 8.00 2.00 0.00 0.00 0.00 0.00 0.00
37.00 15.00 11.00 31.00 72.00 20.00 41.00 0.10 0.68 0.00 0.00 0.00 6.00 8.00 9.00 7.00 11.00 4.00 0.00 0.00 1.00 0.00 0.00
38.00 6.00 0.00 3.00 19.00 3.00 16.00 0.07 0.44 0.00 0.00 0.00 2.00 4.00 4.00 2.00 6.00 0.00 0.00 0.00 0.00 0.00 0.00
39.00 16.00 17.00 37.00 69.00 20.00 32.00 0.09 0.59 0.00 0.00 0.00 5.00 9.00 11.00 7.00 11.00 5.00 0.00 0.00 0.00 0.00 0.00
40.00 8.00 0.00 11.00 33.00 11.00 22.00 0.08 0.63 0.00 0.00 0.00 4.00 6.00 4.00 2.00 8.00 0.00 0.00 0.00 0.00 0.00 0.00
41.00 11.00 7.00 20.00 48.00 13.00 28.00 0.08 0.38 0.00 0.00 0.00 2.00 6.00 9.00 5.00 8.00 3.00 0.00 0.00 0.00 0.00 0.00
42.00 12.00 11.00 30.00 52.00 19.00 22.00 0.10 0.43 0.00 0.00 0.00 4.00 8.00 8.00 4.00 10.00 2.00 0.00 0.00 0.00 0.00 0.00
43.00 11.00 9.00 24.00 50.00 15.00 26.00 0.09 0.38 0.00 0.00 0.00 4.00 8.00 7.00 3.00 8.00 3.00 0.00 0.00 0.00 0.00 0.00
44.00 15.00 8.00 31.00 77.00 23.00 46.00 0.08 0.57 0.00 0.00 0.00 6.00 10.00 9.00 5.00 11.00 4.00 0.00 0.00 1.00 0.00 0.00
45.00 16.00 16.00 37.00 71.00 21.00 34.00 0.09 0.54 0.00 0.00 0.00 5.00 7.00 11.00 9.00 8.00 8.00 0.00 0.00 0.00 0.00 0.00
46.00 15.00 11.00 37.00 71.00 26.00 34.00 0.09 0.52 0.00 0.00 0.00 5.00 7.00 10.00 8.00 9.00 6.00 0.00 0.00 1.00 0.00 0.00
47.00 11.00 5.00 23.00 52.00 18.00 29.00 0.09 0.31 0.00 0.00 0.00 2.00 5.00 9.00 6.00 6.00 5.00 0.00 0.00 1.00 0.00 0.00
48.00 13.00 9.00 29.00 60.00 20.00 31.00 0.08 0.55 0.00 0.00 0.00 2.00 7.00 11.00 6.00 11.00 2.00 0.00 0.00 0.00 0.00 0.00
49.00 11.00 5.00 23.00 51.00 18.00 28.00 0.08 0.53 0.00 1.00 0.00 1.00 8.00 10.00 3.00 9.00 2.00 0.00 0.00 0.00 0.00 0.00
50.00 12.00 13.00 28.00 57.00 15.00 29.00 0.09 0.43 0.00 1.00 0.00 1.00 6.00 11.00 6.00 10.00 2.00 0.00 0.00 0.00 0.00 0.00
51.00 14.00 16.00 35.00 68.00 19.00 33.00 0.09 0.43 0.00 1.00 0.00 5.00 8.00 9.00 6.00 10.00 4.00 0.00 0.00 0.00 0.00 0.00
52.00 13.00 15.00 32.00 61.00 17.00 29.00 0.10 0.56 0.00 1.00 0.00 3.00 7.00 10.00 6.00 11.00 2.00 0.00 0.00 0.00 0.00 0.00
53.00 12.00 11.00 26.00 53.00 15.00 27.00 0.07 0.64 0.00 1.00 0.00 3.00 5.00 9.00 7.00 8.00 4.00 0.00 0.00 0.00 0.00 0.00
54.00 13.00 12.00 33.00 59.00 21.00 26.00 0.08 0.43 0.00 1.00 0.00 3.00 7.00 10.00 6.00 8.00 5.00 0.00 0.00 0.00 0.00 0.00
55.00 17.00 19.00 39.00 82.00 20.00 43.00 0.08 0.59 0.00 1.00 0.00 6.00 9.00 11.00 8.00 14.00 3.00 0.00 0.00 0.00 0.00 0.00
56.00 14.00 8.00 32.00 68.00 24.00 36.00 0.09 0.54 0.00 1.00 0.00 6.00 8.00 8.00 6.00 11.00 3.00 0.00 0.00 0.00 0.00 0.00
57.00 17.00 20.00 42.00 83.00 22.00 41.00 0.09 0.52 0.00 1.00 0.00 5.00 11.00 12.00 6.00 14.00 3.00 0.00 0.00 0.00 0.00 0.00
58.00 19.00 22.00 48.00 90.00 26.00 42.00 0.08 0.71 0.00 1.00 0.00 6.00 9.00 13.00 10.00 16.00 3.00 0.00 0.00 0.00 0.00 0.00
59.00 16.00 16.00 38.00 73.00 22.00 35.00 0.09 0.59 0.00 1.00 0.00 5.00 9.00 11.00 7.00 10.00 6.00 0.00 0.00 0.00 0.00 0.00
60.00 17.00 20.00 47.00 79.00 27.00 32.00 0.09 0.55 0.00 1.00 0.00 1.00 6.00 16.00 11.00 9.00 8.00 0.00 0.00 1.00 0.00 0.00
61.00 16.00 20.00 42.00 79.00 22.00 37.00 0.09 0.42 0.00 1.00 0.00 6.00 7.00 10.00 9.00 12.00 4.00 0.00 0.00 0.00 0.00 0.00
62.00 16.00 15.00 35.00 78.00 20.00 43.00 0.08 0.70 0.00 1.00 0.00 5.00 8.00 11.00 8.00 10.00 6.00 0.00 0.00 0.00 0.00 0.00
63.00 14.00 10.00 34.00 65.00 24.00 31.00 0.09 0.48 0.00 1.00 0.00 2.00 8.00 12.00 6.00 10.00 4.00 0.00 0.00 0.00 0.00 0.00
64.00 13.00 12.00 29.00 62.00 17.00 33.00 0.09 0.47 0.00 1.00 0.00 4.00 7.00 9.00 6.00 10.00 3.00 0.00 0.00 0.00 0.00 0.00
65.00 14.00 7.00 27.00 70.00 20.00 43.00 0.09 0.64 0.00 1.00 0.00 4.00 7.00 10.00 7.00 10.00 4.00 0.00 0.00 0.00 0.00 0.00
66.00 12.00 2.00 11.00 50.00 9.00 39.00 0.09 0.85 0.00 1.00 0.00 5.00 8.00 7.00 4.00 10.00 2.00 0.00 0.00 0.00 0.00 0.00
67.00 13.00 11.00 32.00 63.00 21.00 31.00 0.09 0.47 0.00 0.00 0.00 5.00 9.00 8.00 4.00 11.00 2.00 0.00 0.00 0.00 0.00 0.00
68.00 17.00 23.00 49.00 87.00 26.00 38.00 0.08 0.61 0.00 1.00 0.00 3.00 7.00 14.00 10.00 11.00 6.00 0.00 0.00 0.00 0.00 0.00
69.00 18.00 20.00 50.00 89.00 30.00 39.00 0.08 0.65 0.00 1.00 0.00 5.00 10.00 13.00 8.00 14.00 4.00 0.00 0.00 0.00 0.00 0.00
70.00 14.00 9.00 32.00 65.00 23.00 33.00 0.08 0.70 0.00 1.00 0.00 6.00 9.00 8.00 5.00 11.00 3.00 0.00 0.00 0.00 0.00 0.00
71.00 13.00 10.00 30.00 65.00 20.00 35.00 0.08 0.63 0.00 1.00 0.00 5.00 6.00 8.00 7.00 9.00 4.00 0.00 0.00 0.00 0.00 0.00
72.00 17.00 18.00 48.00 84.00 30.00 36.00 0.09 0.51 0.00 1.00 0.00 6.00 10.00 11.00 7.00 11.00 6.00 0.00 0.00 0.00 0.00 0.00
73.00 18.00 26.00 48.00 85.00 22.00 37.00 0.07 0.57 0.00 1.00 0.00 5.00 10.00 13.00 8.00 13.00 5.00 0.00 0.00 0.00 0.00 0.00
74.00 15.00 16.00 39.00 71.00 23.00 32.00 0.08 0.64 0.00 1.00 0.00 6.00 9.00 9.00 6.00 10.00 5.00 0.00 0.00 0.00 0.00 0.00
75.00 17.00 18.00 46.00 76.00 28.00 30.00 0.10 0.56 0.00 2.00 0.00 4.00 11.00 13.00 6.00 13.00 4.00 0.00 0.00 0.00 0.00 0.00
76.00 15.00 13.00 39.00 80.00 26.00 41.00 0.10 0.58 0.00 2.00 0.00 4.00 6.00 11.00 9.00 8.00 7.00 0.00 0.00 0.00 0.00 0.00
77.00 17.00 9.00 34.00 73.00 25.00 39.00 0.09 0.75 0.00 1.00 0.00 7.00 12.00 10.00 5.00 15.00 2.00 0.00 0.00 0.00 0.00 0.00
78.00 15.00 12.00 37.00 75.00 25.00 38.00 0.07 0.51 0.00 2.00 0.00 3.00 7.00 12.00 8.00 9.00 6.00 0.00 0.00 0.00 0.00 0.00
79.00 16.00 15.00 38.00 76.00 23.00 38.00 0.08 0.50 0.00 1.00 0.00 4.00 9.00 12.00 7.00 15.00 1.00 0.00 0.00 0.00 0.00 0.00
80.00 10.00 6.00 21.00 49.00 15.00 28.00 0.08 0.38 0.00 1.00 0.00 2.00 6.00 8.00 4.00 8.00 2.00 0.00 0.00 0.00 0.00 0.00
81.00 13.00 12.00 30.00 63.00 18.00 33.00 0.09 0.63 0.00 2.00 0.00 3.00 5.00 10.00 8.00 9.00 4.00 0.00 0.00 0.00 0.00 0.00
82.00 19.00 19.00 47.00 88.00 28.00 41.00 0.08 0.79 0.00 2.00 0.00 3.00 14.00 16.00 5.00 17.00 2.00 0.00 0.00 0.00 0.00 0.00
83.00 21.00 21.00 43.00 101.00 22.00 58.00 0.07 0.75 0.00 1.00 0.00 8.00 13.00 13.00 8.00 18.00 3.00 0.00 0.00 0.00 0.00 0.00
84.00 20.00 27.00 52.00 99.00 25.00 47.00 0.10 0.65 0.00 2.00 0.00 6.00 11.00 14.00 9.00 15.00 5.00 0.00 0.00 0.00 0.00 0.00
85.00 18.00 16.00 50.00 95.00 34.00 45.00 0.08 0.55 0.00 2.00 0.00 5.00 8.00 13.00 10.00 12.00 6.00 0.00 0.00 0.00 0.00 0.00
86.00 19.00 22.00 48.00 90.00 26.00 42.00 0.08 0.66 0.00 2.00 0.00 4.00 5.00 15.00 14.00 11.00 8.00 0.00 0.00 1.00 0.00 0.00
87.00 23.00 26.00 57.00 108.00 31.00 51.00 0.08 0.84 0.00 2.00 0.00 4.00 8.00 19.00 15.00 14.00 9.00 0.00 0.00 0.00 0.00 0.00
88.00 24.00 23.00 59.00 106.00 36.00 47.00 0.09 0.82 0.00 1.00 0.00 8.00 10.00 16.00 14.00 18.00 6.00 0.00 0.00 0.00 0.00 0.00
89.00 20.00 21.00 56.00 97.00 35.00 41.00 0.09 0.65 0.00 3.00 0.00 5.00 10.00 15.00 10.00 15.00 5.00 0.00 0.00 0.00 0.00 0.00
90.00 23.00 22.00 57.00 112.00 35.00 55.00 0.08 0.91 0.00 2.00 0.00 8.00 15.00 15.00 8.00 17.00 6.00 1.00 0.00 0.00 0.00 0.00
91.00 14.00 12.00 31.00 71.00 19.00 40.00 0.09 0.45 0.00 1.00 0.00 3.00 7.00 11.00 7.00 11.00 3.00 0.00 0.00 0.00 0.00 0.00
92.00 20.00 22.00 54.00 103.00 32.00 49.00 0.07 0.73 0.00 2.00 0.00 3.00 7.00 17.00 13.00 13.00 7.00 0.00 0.00 0.00 0.00 0.00
93.00 13.00 10.00 33.00 61.00 23.00 28.00 0.09 0.42 0.00 1.00 0.00 2.00 6.00 11.00 7.00 9.00 4.00 0.00 0.00 0.00 0.00 0.00
94.00 13.00 10.00 30.00 64.00 20.00 34.00 0.09 0.59 0.00 1.00 0.00 3.00 7.00 10.00 6.00 10.00 3.00 0.00 0.00 0.00 0.00 0.00
95.00 26.00 34.00 73.00 134.00 39.00 61.00 0.09 0.92 0.00 2.00 0.00 8.00 10.00 18.00 16.00 16.00 10.00 0.00 0.00 0.00 0.00 0.00
96.00 27.00 42.00 82.00 140.00 40.00 58.00 0.08 0.92 0.00 2.00 0.00 4.00 11.00 23.00 16.00 15.00 12.00 0.00 0.00 0.00 0.00 0.00
97.00 26.00 36.00 75.00 126.00 39.00 51.00 0.08 1.42 0.00 2.00 0.00 6.00 8.00 20.00 18.00 10.00 16.00 0.00 0.00 0.00 0.00 0.00
98.00 25.00 21.00 61.00 119.00 40.00 58.00 0.08 1.00 0.00 2.00 0.00 6.00 14.00 19.00 11.00 19.00 6.00 0.00 0.00 0.00 0.00 0.00
99.00 25.00 16.00 55.00 114.00 39.00 59.00 0.09 1.76 0.00 2.00 0.00 8.00 18.00 17.00 7.00 22.00 3.00 0.00 0.00 0.00 0.00 0.00
100.00 27.00 30.00 72.00 128.00 42.00 56.00 0.08 1.25 0.00 3.00 0.00 10.00 14.00 17.00 13.00 19.00 8.00 0.00 0.00 0.00 0.00 0.00
101.00 25.00 30.00 70.00 124.00 40.00 54.00 0.08 1.02 0.00 4.00 0.00 4.00 9.00 21.00 16.00 14.00 11.00 0.00 0.00 0.00 0.00 0.00
102.00 23.00 27.00 63.00 114.00 36.00 51.00 0.09 0.89 0.00 3.00 0.00 5.00 8.00 18.00 15.00 15.00 8.00 0.00 0.00 0.00 0.00 0.00
103.00 24.00 22.00 58.00 115.00 36.00 57.00 0.08 1.07 0.00 2.00 0.00 7.00 13.00 17.00 11.00 18.00 6.00 0.00 0.00 0.00 0.00 0.00
104.00 21.00 20.00 57.00 101.00 37.00 44.00 0.09 0.75 0.00 3.00 0.00 5.00 9.00 16.00 12.00 11.00 10.00 0.00 0.00 0.00 0.00 0.00
105.00 26.00 29.00 68.00 122.00 39.00 54.00 0.09 0.75 0.00 4.00 0.00 10.00 17.00 16.00 9.00 19.00 7.00 0.00 0.00 0.00 0.00 0.00
106.00 25.00 24.00 70.00 126.00 46.00 56.00 0.08 0.83 0.00 2.00 0.00 4.00 12.00 21.00 13.00 16.00 9.00 0.00 0.00 0.00 0.00 0.00
107.00 22.00 29.00 63.00 108.00 34.00 45.00 0.08 0.97 0.00 4.00 0.00 4.00 9.00 18.00 13.00 14.00 8.00 0.00 0.00 0.00 0.00 0.00
108.00 25.00 33.00 71.00 124.00 38.00 53.00 0.08 1.00 0.00 4.00 0.00 4.00 12.00 21.00 13.00 14.00 11.00 0.00 0.00 0.00 0.00 0.00
109.00 25.00 36.00 75.00 124.00 39.00 49.00 0.07 0.67 0.00 4.00 0.00 6.00 10.00 19.00 15.00 14.00 11.00 0.00 0.00 0.00 0.00 0.00
110.00 22.00 23.00 58.00 111.00 35.00 53.00 0.08 0.71 0.00 2.00 0.00 3.00 7.00 19.00 15.00 12.00 10.00 0.00 0.00 0.00 0.00 0.00
111.00 25.00 34.00 67.00 129.00 33.00 62.00 0.08 0.92 0.00 2.00 0.00 4.00 12.00 21.00 13.00 15.00 10.00 0.00 0.00 0.00 0.00 0.00
112.00 28.00 40.00 83.00 139.00 43.00 56.00 0.08 0.75 0.00 2.00 0.00 6.00 9.00 22.00 19.00 12.00 16.00 0.00 0.00 0.00 0.00 0.00
113.00 31.00 47.00 90.00 157.00 43.00 67.00 0.09 0.89 1.00 3.00 0.33 6.00 12.00 25.00 19.00 20.00 11.00 0.00 0.00 0.00 0.00 0.00
114.00 27.00 35.00 80.00 139.00 45.00 59.00 0.09 0.77 1.00 3.00 0.33 5.00 10.00 22.00 17.00 12.00 15.00 0.00 0.00 0.00 0.00 0.00
115.00 28.00 36.00 79.00 139.00 43.00 60.00 0.08 1.03 0.00 2.00 0.00 8.00 13.00 20.00 15.00 18.00 10.00 0.00 0.00 0.00 0.00 0.00
116.00 26.00 34.00 74.00 123.00 40.00 49.00 0.10 0.76 1.00 2.00 0.50 8.00 16.00 18.00 10.00 18.00 8.00 0.00 0.00 0.00 0.00 0.00
117.00 27.00 32.00 72.00 133.00 40.00 61.00 0.08 0.77 1.00 3.00 0.33 8.00 12.00 19.00 15.00 15.00 12.00 0.00 0.00 0.00 0.00 0.00
118.00 24.00 31.00 70.00 118.00 39.00 48.00 0.07 0.74 0.00 3.00 0.00 4.00 11.00 20.00 13.00 15.00 9.00 0.00 0.00 0.00 0.00 0.00
119.00 19.00 17.00 46.00 92.00 29.00 46.00 0.08 0.63 0.00 1.00 0.00 5.00 10.00 14.00 9.00 11.00 8.00 0.00 0.00 0.00 0.00 0.00
120.00 9.00 3.00 15.00 44.00 12.00 29.00 0.10 0.70 0.00 2.00 0.00 3.00 5.00 6.00 4.00 8.00 1.00 0.00 0.00 0.00 0.00 0.00
121.00 19.00 21.00 45.00 88.00 24.00 43.00 0.09 0.72 0.00 1.00 0.00 2.00 9.00 17.00 10.00 15.00 4.00 0.00 0.00 0.00 0.00 0.00
122.00 20.00 19.00 54.00 98.00 35.00 44.00 0.08 0.73 0.00 3.00 0.00 7.00 12.00 13.00 8.00 16.00 4.00 0.00 0.00 0.00 0.00 0.00
123.00 19.00 24.00 47.00 85.00 23.00 38.00 0.08 0.66 0.00 1.00 0.00 1.00 8.00 18.00 11.00 15.00 4.00 0.00 0.00 0.00 0.00 0.00
124.00 15.00 12.00 32.00 67.00 20.00 35.00 0.09 0.61 0.00 1.00 0.00 6.00 8.00 9.00 7.00 11.00 4.00 0.00 0.00 0.00 0.00 0.00
125.00 16.00 20.00 44.00 79.00 24.00 35.00 0.08 0.56 0.00 2.00 0.00 5.00 9.00 11.00 7.00 11.00 5.00 0.00 0.00 0.00 0.00 0.00
126.00 18.00 15.00 45.00 82.00 30.00 37.00 0.09 0.70 0.00 1.00 0.00 4.00 9.00 14.00 9.00 10.00 8.00 0.00 0.00 0.00 0.00 0.00
127.00 14.00 16.00 34.00 70.00 18.00 36.00 0.08 0.45 0.00 2.00 0.00 2.00 4.00 12.00 10.00 10.00 4.00 0.00 0.00 0.00 0.00 0.00
128.00 14.00 9.00 34.00 68.00 25.00 34.00 0.09 0.68 0.00 2.00 0.00 6.00 11.00 8.00 3.00 12.00 2.00 0.00 0.00 0.00 0.00 0.00
129.00 22.00 23.00 57.00 103.00 34.00 46.00 0.07 0.87 0.00 1.00 0.00 5.00 10.00 17.00 12.00 17.00 5.00 0.00 0.00 0.00 0.00 0.00
130.00 21.00 26.00 57.00 104.00 31.00 47.00 0.09 0.70 0.00 1.00 0.00 4.00 9.00 17.00 12.00 9.00 12.00 0.00 0.00 1.00 0.00 0.00
131.00 21.00 29.00 59.00 100.00 30.00 41.00 0.08 0.72 0.00 1.00 0.00 7.00 12.00 14.00 9.00 15.00 6.00 0.00 0.00 0.00 0.00 0.00
132.00 15.00 17.00 39.00 74.00 22.00 35.00 0.08 0.56 0.00 1.00 0.00 4.00 8.00 11.00 7.00 11.00 4.00 0.00 0.00 0.00 0.00 0.00
133.00 16.00 18.00 42.00 86.00 24.00 44.00 0.10 0.57 0.00 1.00 0.00 4.00 8.00 12.00 8.00 9.00 7.00 0.00 0.00 1.00 0.00 0.00
134.00 18.00 14.00 39.00 74.00 25.00 35.00 0.09 1.42 0.00 1.00 0.00 3.00 8.00 15.00 10.00 11.00 7.00 0.00 0.00 0.00 0.00 0.00
135.00 17.00 17.00 39.00 79.00 22.00 40.00 0.09 0.70 1.00 1.00 1.00 4.00 9.00 13.00 8.00 14.00 3.00 0.00 0.00 0.00 0.00 0.00
136.00 13.00 19.00 34.00 63.00 15.00 29.00 0.08 0.39 0.00 1.00 0.00 0.00 5.00 13.00 8.00 9.00 4.00 0.00 0.00 0.00 0.00 0.00
137.00 15.00 14.00 36.00 76.00 22.00 40.00 0.09 1.70 0.00 2.00 0.00 5.00 10.00 10.00 5.00 12.00 3.00 0.00 0.00 0.00 1.00 0.00
138.00 17.00 22.00 44.00 79.00 22.00 35.00 0.08 0.63 0.00 1.00 0.00 5.00 9.00 12.00 8.00 12.00 5.00 0.00 0.00 0.00 0.00 0.00
139.00 19.00 21.00 50.00 88.00 29.00 38.00 0.12 0.73 0.00 1.00 0.00 8.00 9.00 11.00 10.00 12.00 7.00 0.00 0.00 1.00 0.00 0.00
140.00 19.00 20.00 42.00 88.00 22.00 46.00 0.07 0.68 0.00 0.00 0.00 10.00 12.00 9.00 7.00 16.00 3.00 0.00 0.00 0.00 0.00 0.00
141.00 17.00 19.00 49.00 81.00 30.00 32.00 0.09 0.49 0.00 2.00 0.00 4.00 9.00 13.00 8.00 13.00 4.00 0.00 0.00 0.00 0.00 0.00
142.00 13.00 10.00 30.00 65.00 20.00 35.00 0.08 0.51 0.00 1.00 0.00 4.00 7.00 9.00 6.00 9.00 4.00 0.00 0.00 0.00 0.00 0.00
143.00 15.00 12.00 31.00 73.00 19.00 42.00 0.07 1.72 0.00 1.00 0.00 3.00 7.00 12.00 8.00 8.00 7.00 0.00 0.00 0.00 0.00 0.00
144.00 10.00 1.00 15.00 43.00 14.00 28.00 0.09 0.44 0.00 1.00 0.00 4.00 7.00 6.00 3.00 9.00 1.00 0.00 0.00 0.00 0.00 0.00
145.00 12.00 7.00 28.00 60.00 21.00 32.00 0.09 0.46 0.00 0.00 0.00 1.00 7.00 11.00 5.00 10.00 2.00 0.00 0.00 0.00 0.00 0.00
146.00 10.00 3.00 17.00 47.00 14.00 30.00 0.09 0.47 0.00 0.00 0.00 4.00 7.00 6.00 3.00 9.00 1.00 0.00 0.00 0.00 0.00 0.00
147.00 7.00 0.00 3.00 23.00 3.00 20.00 0.08 0.51 0.00 0.00 0.00 4.00 5.00 3.00 2.00 7.00 0.00 0.00 0.00 0.00 0.00 0.00
148.00 9.00 1.00 10.00 36.00 9.00 26.00 0.09 0.53 0.00 0.00 0.00 2.00 5.00 7.00 4.00 7.00 2.00 0.00 0.00 0.00 0.00 0.00
149.00 16.00 9.00 32.00 76.00 23.00 44.00 0.09 0.67 0.00 1.00 0.00 5.00 10.00 11.00 6.00 12.00 4.00 0.00 0.00 0.00 0.00 0.00
150.00 15.00 10.00 35.00 75.00 25.00 40.00 0.07 0.60 0.00 0.00 0.00 6.00 8.00 9.00 7.00 13.00 2.00 0.00 0.00 0.00 0.00 0.00
151.00 15.00 19.00 42.00 74.00 23.00 32.00 0.10 0.48 0.00 1.00 0.00 2.00 6.00 13.00 9.00 9.00 6.00 0.00 0.00 0.00 0.00 0.00
152.00 10.00 9.00 24.00 48.00 15.00 24.00 0.09 0.40 0.00 1.00 0.00 6.00 8.00 4.00 2.00 8.00 2.00 0.00 0.00 0.00 0.00 0.00
153.00 14.00 12.00 33.00 66.00 21.00 33.00 0.09 0.52 0.00 1.00 0.00 4.00 10.00 10.00 4.00 11.00 3.00 0.00 0.00 0.00 0.00 0.00
154.00 8.00 1.00 13.00 36.00 12.00 23.00 0.09 0.37 0.00 1.00 0.00 3.00 5.00 5.00 3.00 6.00 2.00 0.00 0.00 0.00 0.00 0.00
155.00 14.00 6.00 23.00 61.00 17.00 38.00 0.09 0.64 0.00 0.00 0.00 5.00 7.00 9.00 7.00 12.00 2.00 0.00 0.00 0.00 0.00 0.00
156.00 12.00 8.00 25.00 57.00 17.00 32.00 0.08 0.51 0.00 0.00 0.00 5.00 7.00 7.00 5.00 10.00 2.00 0.00 0.00 0.00 0.00 0.00
157.00 8.00 2.00 14.00 35.00 12.00 21.00 0.09 0.43 0.00 1.00 0.00 4.00 7.00 4.00 1.00 7.00 1.00 0.00 0.00 0.00 0.00 0.00
158.00 12.00 8.00 24.00 59.00 16.00 35.00 0.07 0.55 0.00 0.00 0.00 3.00 6.00 9.00 6.00 9.00 3.00 0.00 0.00 0.00 0.00 0.00
159.00 12.00 10.00 23.00 53.00 13.00 30.00 0.08 0.59 0.00 0.00 0.00 3.00 7.00 9.00 5.00 11.00 1.00 0.00 0.00 0.00 0.00 0.00
160.00 10.00 3.00 15.00 39.00 12.00 24.00 0.08 0.58 0.00 0.00 0.00 3.00 4.00 7.00 6.00 9.00 1.00 0.00 0.00 0.00 0.00 0.00
161.00 14.00 12.00 31.00 65.00 19.00 34.00 0.10 0.77 0.00 0.00 0.00 3.00 6.00 11.00 8.00 11.00 3.00 0.00 0.00 0.00 0.00 0.00
162.00 13.00 13.00 35.00 61.00 22.00 26.00 0.09 0.50 0.00 0.00 0.00 3.00 7.00 10.00 6.00 8.00 5.00 0.00 0.00 0.00 0.00 0.00
163.00 12.00 11.00 27.00 55.00 16.00 28.00 0.10 0.54 0.00 0.00 0.00 1.00 7.00 11.00 5.00 8.00 4.00 0.00 0.00 0.00 0.00 0.00
164.00 11.00 5.00 26.00 55.00 21.00 29.00 0.09 0.41 0.00 0.00 0.00 1.00 2.00 10.00 9.00 7.00 4.00 0.00 0.00 0.00 0.00 0.00
165.00 11.00 11.00 27.00 54.00 16.00 27.00 0.08 0.44 0.00 0.00 0.00 3.00 4.00 8.00 7.00 9.00 2.00 0.00 0.00 0.00 0.00 0.00
166.00 10.00 6.00 19.00 42.00 13.00 23.00 0.10 0.40 0.00 0.00 0.00 2.00 7.00 8.00 3.00 9.00 1.00 0.00 0.00 0.00 0.00 0.00
167.00 9.00 1.00 12.00 44.00 11.00 32.00 0.09 0.51 0.00 0.00 0.00 3.00 7.00 6.00 2.00 8.00 1.00 0.00 0.00 0.00 0.00 0.00
168.00 12.00 8.00 25.00 54.00 17.00 29.00 0.08 0.55 0.00 0.00 0.00 4.00 7.00 8.00 5.00 9.00 3.00 0.00 0.00 0.00 0.00 0.00
169.00 8.00 3.00 10.00 36.00 7.00 26.00 0.08 0.42 0.00 0.00 0.00 4.00 4.00 4.00 4.00 6.00 2.00 0.00 0.00 0.00 0.00 0.00
170.00 5.00 0.00 6.00 22.00 6.00 16.00 0.10 0.39 0.00 1.00 0.00 3.00 4.00 2.00 1.00 5.00 0.00 0.00 0.00 0.00 0.00 0.00
171.00 6.00 1.00 8.00 24.00 7.00 16.00 0.10 0.25 0.00 0.00 0.00 3.00 3.00 3.00 3.00 6.00 0.00 0.00 0.00 0.00 0.00 0.00
172.00 5.00 2.00 8.00 22.00 6.00 14.00 0.09 0.19 0.00 0.00 0.00 2.00 5.00 3.00 0.00 5.00 0.00 0.00 0.00 0.00 0.00 0.00
173.00 10.00 8.00 19.00 39.00 11.00 20.00 0.08 0.39 0.00 0.00 0.00 4.00 7.00 6.00 3.00 9.00 1.00 0.00 0.00 0.00 0.00 0.00
174.00 6.00 2.00 6.00 23.00 4.00 17.00 0.08 0.45 0.00 0.00 0.00 3.00 5.00 3.00 1.00 6.00 0.00 0.00 0.00 0.00 0.00 0.00
175.00 7.00 1.00 7.00 26.00 6.00 19.00 0.08 0.43 0.00 0.00 0.00 4.00 6.00 3.00 1.00 6.00 1.00 0.00 0.00 0.00 0.00 0.00
176.00 10.00 10.00 23.00 44.00 13.00 21.00 0.07 0.29 0.00 0.00 0.00 6.00 8.00 4.00 2.00 8.00 2.00 0.00 0.00 0.00 0.00 0.00
177.00 10.00 7.00 22.00 48.00 15.00 26.00 0.09 0.34 0.00 0.00 0.00 3.00 6.00 7.00 4.00 7.00 3.00 0.00 0.00 0.00 0.00 0.00
178.00 11.00 10.00 25.00 49.00 15.00 24.00 0.09 0.46 0.00 0.00 0.00 3.00 10.00 8.00 1.00 11.00 0.00 0.00 0.00 0.00 0.00 0.00
179.00 6.00 0.00 6.00 26.00 6.00 20.00 0.08 0.41 0.00 0.00 0.00 4.00 5.00 2.00 1.00 5.00 1.00 0.00 0.00 0.00 0.00 0.00
180.00 6.00 1.00 9.00 26.00 8.00 17.00 0.08 0.22 0.00 0.00 0.00 1.00 5.00 5.00 1.00 6.00 0.00 0.00 0.00 0.00 0.00 0.00
181.00 11.00 9.00 26.00 51.00 17.00 25.00 0.08 0.57 0.00 0.00 0.00 3.00 4.00 8.00 7.00 8.00 3.00 0.00 0.00 0.00 0.00 0.00
182.00 9.00 4.00 17.00 40.00 13.00 23.00 0.09 0.47 0.00 0.00 0.00 3.00 3.00 6.00 6.00 8.00 1.00 0.00 0.00 0.00 0.00 0.00
183.00 8.00 6.00 16.00 36.00 10.00 20.00 0.07 0.42 0.00 0.00 0.00 2.00 4.00 6.00 4.00 6.00 2.00 0.00 0.00 0.00 0.00 0.00
184.00 3.00 0.00 1.00 8.00 1.00 7.00 0.10 0.15 0.00 0.00 0.00 2.00 3.00 1.00 0.00 3.00 0.00 0.00 0.00 0.00 0.00 0.00
185.00 8.00 3.00 12.00 30.00 9.00 18.00 0.08 0.41 0.00 0.00 0.00 6.00 6.00 2.00 2.00 7.00 1.00 0.00 0.00 0.00 0.00 0.00
186.00 3.00 0.00 1.00 6.00 1.00 5.00 0.08 0.15 0.00 0.00 0.00 2.00 3.00 1.00 0.00 3.00 0.00 0.00 0.00 0.00 0.00 0.00
187.00 4.00 0.00 2.00 14.00 2.00 12.00 0.09 0.24 0.00 0.00 0.00 2.00 4.00 2.00 0.00 4.00 0.00 0.00 0.00 0.00 0.00 0.00
188.00 2.00 0.00 0.00 1.00 0.00 1.00 0.08 0.15 0.00 0.00 0.00 2.00 2.00 0.00 0.00 2.00 0.00 0.00 0.00 0.00 0.00 0.00
