0.00 2.00 0.00 0.00 5.00 0.00 5.00 0.07 0.01 0.00 0.00 0.00 2.00 2.00 0.00 0.00 2.00 0.00 0.00 0.00 0.00 0.00 0.00
1.00 8.00 0.00 6.00 24.00 6.00 18.00 0.09 0.91 0.00 0.00 0.00 3.00 7.00 5.00 1.00 8.00 0.00 0.00 0.00 0.00 0.00 0.00
2.00 3.00 0.00 2.00 11.00 2.00 9.00 0.09 0.10 0.00 0.00 0.00 2.00 3.00 1.00 0.00 3.00 0.00 0.00 0.00 0.00 0.00 0.00
3.00 7.00 2.00 10.00 26.00 8.00 16.00 0.09 0.36 0.00 0.00 0.00 3.00 4.00 4.00 3.00 5.00 2.00 0.00 0.00 0.00 0.00 0.00
4.00 8.00 3.00 12.00 30.00 9.00 18.00 0.08 0.57 0.00 0.00 0.00 5.00 6.00 3.00 2.00 7.00 1.00 0.00 0.00 0.00 0.00 0.00
5.00 4.00 1.00 5.00 16.00 4.00 11.00 0.08 0.18 0.00 0.00 0.00 1.00 3.00 3.00 1.00 4.00 0.00 0.00 0.00 0.00 0.00 0.00
6.00 3.00 0.00 0.00 9.00 0.00 9.00 0.07 0.21 0.00 0.00 0.00 0.00 3.00 3.00 0.00 3.00 0.00 0.00 0.00 0.00 0.00 0.00
7.00 5.00 1.00 5.00 20.00 4.00 15.00 0.08 0.33 0.00 0.00 0.00 2.00 4.00 3.00 1.00 4.00 1.00 0.00 0.00 0.00 0.00 0.00
8.00 6.00 3.00 9.00 24.00 6.00 15.00 0.09 0.25 0.00 0.00 0.00 2.00 4.00 4.00 2.00 5.00 1.00 0.00 0.00 0.00 0.00 0.00
9.00 6.00 2.00 9.00 23.00 7.00 14.00 0.09 0.30 0.00 0.00 0.00 3.00 5.00 3.00 1.00 5.00 1.00 0.00 0.00 0.00 0.00 0.00
10.00 12.00 7.00 27.00 57.00 20.00 30.00 0.08 0.56 0.00 0.00 0.00 3.00 6.00 9.00 6.00 8.00 4.00 0.00 0.00 0.00 0.00 0.00
11.00 7.00 2.00 7.00 33.00 5.00 26.00 0.09 0.32 0.00 0.00 0.00 2.00 4.00 5.00 3.00 5.00 2.00 0.00 0.00 0.00 0.00 0.00
12.00 6.00 2.00 9.00 27.00 7.00 18.00 0.10 0.19 0.00 0.00 0.00 1.00 4.00 5.00 2.00 5.00 1.00 0.00 0.00 0.00 0.00 0.00
13.00 5.00 0.00 5.00 19.00 5.00 14.00 0.09 0.20 0.00 0.00 0.00 2.00 5.00 3.00 0.00 5.00 0.00 0.00 0.00 0.00 0.00 0.00
14.00 8.00 6.00 17.00 37.00 11.00 20.00 0.09 0.25 0.00 0.00 0.00 5.00 6.00 3.00 2.00 7.00 1.00 0.00 0.00 0.00 0.00 0.00
15.00 14.00 11.00 33.00 68.00 22.00 35.00 0.09 0.48 0.00 0.00 0.00 3.00 7.00 11.00 7.00 10.00 4.00 0.00 0.00 0.00 0.00 0.00
16.00 11.00 4.00 17.00 49.00 13.00 32.00 0.08 0.65 0.00 0.00 0.00 4.00 8.00 7.00 3.00 10.00 1.00 0.00 0.00 0.00 0.00 0.00
17.00 9.00 4.00 17.00 41.00 13.00 24.00 0.10 0.41 0.00 0.00 0.00 3.00 7.00 6.00 2.00 8.00 1.00 0.00 0.00 0.00 0.00 0.00
18.00 7.00 1.00 9.00 28.00 8.00 19.00 0.08 0.28 0.00 0.00 0.00 3.00 5.00 4.00 2.00 6.00 1.00 0.00 0.00 0.00 0.00 0.00
19.00 8.00 4.00 14.00 36.00 10.00 22.00 0.10 0.33 0.00 0.00 0.00 4.00 6.00 4.00 2.00 8.00 0.00 0.00 0.00 0.00 0.00 0.00
20.00 10.00 5.00 17.00 48.00 12.00 31.00 0.08 0.54 0.00 0.00 0.00 3.00 3.00 7.00 7.00 8.00 2.00 0.00 0.00 0.00 0.00 1.00
21.00 11.00 10.00 23.00 51.00 13.00 28.00 0.07 0.48 0.00 0.00 0.00 2.00 5.00 9.00 6.00 9.00 2.00 0.00 0.00 0.00 0.00 0.00
22.00 10.00 8.00 21.00 45.00 13.00 24.00 0.08 0.34 0.00 0.00 0.00 5.00 5.00 5.00 5.00 10.00 0.00 0.00 0.00 0.00 0.00 0.00
23.00 7.00 3.00 13.00 33.00 10.00 20.00 0.10 0.33 0.00 0.00 0.00 2.00 4.00 5.00 3.00 5.00 2.00 0.00 0.00 0.00 0.00 0.00
24.00 12.00 7.00 24.00 56.00 17.00 32.00 0.08 0.36 0.00 0.00 0.00 4.00 7.00 8.00 5.00 9.00 3.00 0.00 0.00 0.00 0.00 0.00
25.00 12.00 9.00 24.00 57.00 15.00 33.00 0.09 0.35 0.00 0.00 0.00 3.00 7.00 9.00 5.00 10.00 2.00 0.00 0.00 0.00 0.00 0.00
26.00 11.00 4.00 20.00 53.00 16.00 33.00 0.08 0.51 0.00 1.00 0.00 2.00 4.00 9.00 7.00 8.00 3.00 0.00 0.00 0.00 0.00 0.00
27.00 15.00 13.00 36.00 74.00 23.00 38.00 0.08 0.72 0.00 1.00 0.00 2.00 6.00 13.00 9.00 10.00 5.00 0.00 0.00 0.00 0.00 0.00
28.00 13.00 12.00 28.00 62.00 16.00 34.00 0.09 0.34 0.00 0.00 0.00 3.00 6.00 10.00 7.00 13.00 0.00 0.00 0.00 0.00 0.00 0.00
29.00 19.00 10.00 36.00 92.00 26.00 56.00 0.09 0.77 0.00 0.00 0.00 5.00 11.00 14.00 8.00 16.00 3.00 0.00 0.00 0.00 0.00 0.00
30.00 12.00 10.00 29.00 54.00 19.00 25.00 0.09 0.43 0.00 0.00 0.00 6.00 8.00 6.00 4.00 10.00 2.00 0.00 0.00 0.00 1.00 0.00
31.00 15.00 15.00 38.00 72.00 23.00 34.00 0.08 0.39 0.00 0.00 0.00 5.00 8.00 10.00 7.00 11.00 4.00 0.00 0.00 0.00 0.00 0.00
32.00 14.00 11.00 30.00 61.00 19.00 31.00 0.09 0.43 0.00 1.00 0.00 6.00 9.00 8.00 5.00 11.00 3.00 0.00 0.00 0.00 0.00 0.00
33.00 10.00 7.00 23.00 46.00 16.00 23.00 0.08 0.29 0.00 0.00 0.00 5.00 8.00 5.00 2.00 9.00 1.00 0.00 0.00 0.00 0.00 0.00
34.00 14.00 7.00 28.00 66.00 21.00 38.00 0.09 0.79 0.00 0.00 0.00 5.00 10.00 9.00 4.00 11.00 3.00 0.00 0.00 0.00 0.00 0.00
35.00 14.00 8.00 29.00 70.00 21.00 41.00 0.08 0.65 0.00 0.00 0.00 5.00 7.00 9.00 7.00 8.00 6.00 0.00 0.00 0.00 0.00 0.00
36.00 16.00 11.00 36.00 78.00 25.00 42.00 0.08 0.45 0.00 1.00 0.00 6.00 11.00 10.00 5.00 12.00 4.00 0.00 0.00 0.00 0.00 0.00
37.00 17.00 16.00 42.00 86.00 26.00 44.00 0.10 0.50 0.00 0.00 0.00 3.00 10.00 14.00 7.00 13.00 4.00 0.00 0.00 0.00 0.00 0.00
38.00 16.00 11.00 37.00 73.00 26.00 36.00 0.08 0.66 0.00 0.00 0.00 4.00 7.00 12.00 9.00 9.00 7.00 0.00 0.00 0.00 0.00 0.00
39.00 20.00 20.00 53.00 101.00 33.00 48.00 0.07 0.49 0.00 1.00 0.00 5.00 12.00 15.00 8.00 17.00 3.00 0.00 0.00 0.00 0.00 0.00
40.00 20.00 18.00 46.00 92.00 28.00 46.00 0.09 0.58 0.00 0.00 0.00 4.00 12.00 16.00 8.00 18.00 2.00 0.00 0.00 0.00 0.00 0.00
41.00 17.00 14.00 40.00 79.00 26.00 39.00 0.09 0.56 0.00 1.00 0.00 4.00 8.00 13.00 9.00 15.00 2.00 0.00 0.00 0.00 0.00 0.00
42.00 21.00 17.00 52.00 107.00 35.00 55.00 0.08 0.67 0.00 0.00 0.00 5.00 11.00 16.00 10.00 16.00 5.00 1.00 0.00 0.00 0.00 0.00
43.00 12.00 9.00 28.00 58.00 19.00 30.00 0.10 0.45 0.00 0.00 0.00 1.00 4.00 11.00 8.00 6.00 6.00 1.00 0.00 0.00 0.00 0.00
44.00 17.00 11.00 38.00 92.00 27.00 54.00 0.10 0.64 0.00 2.00 0.00 4.00 7.00 13.00 10.00 12.00 5.00 0.00 0.00 0.00 0.00 0.00
45.00 21.00 21.00 49.00 103.00 28.00 54.00 0.08 0.59 0.00 1.00 0.00 12.00 15.00 9.00 6.00 17.00 4.00 0.00 0.00 0.00 0.00 0.00
46.00 22.00 17.00 56.00 113.00 39.00 57.00 0.09 0.88 0.00 1.00 0.00 7.00 10.00 15.00 12.00 15.00 7.00 1.00 0.00 0.00 0.00 0.00
47.00 19.00 16.00 48.00 99.00 32.00 51.00 0.08 0.55 0.00 0.00 0.00 6.00 9.00 13.00 10.00 12.00 7.00 0.00 0.00 0.00 0.00 0.00
48.00 23.00 24.00 62.00 120.00 38.00 58.00 0.09 0.70 0.00 2.00 0.00 5.00 10.00 18.00 13.00 14.00 9.00 0.00 0.00 0.00 0.00 0.00
49.00 31.00 22.00 74.00 153.00 52.00 79.00 0.09 1.21 0.00 0.00 0.00 10.00 16.00 21.00 15.00 21.00 10.00 0.00 0.00 0.00 0.00 0.00
50.00 24.00 22.00 55.00 115.00 33.00 60.00 0.08 0.94 0.00 0.00 0.00 8.00 16.00 16.00 8.00 18.00 6.00 0.00 0.00 0.00 0.00 0.00
51.00 15.00 8.00 23.00 67.00 15.00 44.00 0.09 0.58 0.00 0.00 0.00 6.00 8.00 9.00 7.00 12.00 3.00 0.00 0.00 0.00 0.00 0.00
52.00 14.00 10.00 26.00 68.00 16.00 42.00 0.10 0.63 0.00 0.00 0.00 3.00 8.00 11.00 6.00 11.00 3.00 0.00 0.00 0.00 0.00 0.00
53.00 12.00 6.00 25.00 56.00 19.00 31.00 0.09 0.62 0.00 0.00 0.00 5.00 7.00 7.00 5.00 8.00 4.00 0.00 0.00 0.00 0.00 0.00
54.00 8.00 2.00 11.00 33.00 9.00 22.00 0.10 0.77 0.00 0.00 0.00 3.00 6.00 5.00 2.00 7.00 1.00 0.00 0.00 0.00 0.00 0.00
55.00 4.00 0.00 4.00 16.00 4.00 12.00 0.09 0.18 0.00 0.00 0.00 3.00 3.00 1.00 1.00 4.00 0.00 0.00 0.00 0.00 0.00 0.00
56.00 12.00 7.00 26.00 55.00 19.00 29.00 0.09 0.60 0.00 0.00 0.00 5.00 7.00 7.00 5.00 9.00 3.00 0.00 0.00 0.00 0.00 0.00
57.00 11.00 6.00 20.00 52.00 14.00 32.00 0.09 0.71 0.00 0.00 0.00 3.00 5.00 8.00 6.00 8.00 3.00 0.00 0.00 0.00 0.00 0.00
58.00 13.00 7.00 25.00 62.00 18.00 37.00 0.10 0.63 0.00 1.00 0.00 5.00 8.00 8.00 5.00 9.00 4.00 0.00 0.00 0.00 0.00 0.00
59.00 4.00 0.00 0.00 12.00 0.00 12.00 0.09 0.27 0.00 0.00 0.00 2.00 4.00 2.00 0.00 4.00 0.00 0.00 0.00 0.00 0.00 0.00
60.00 16.00 14.00 38.00 75.00 24.00 37.00 0.08 0.49 0.00 0.00 0.00 1.00 8.00 15.00 8.00 13.00 3.00 0.00 0.00 0.00 0.00 0.00
61.00 7.00 3.00 11.00 33.00 8.00 22.00 0.08 0.37 0.00 0.00 0.00 1.00 3.00 6.00 4.00 4.00 3.00 0.00 0.00 0.00 0.00 0.00
62.00 13.00 8.00 27.00 63.00 19.00 36.00 0.08 0.64 0.00 0.00 0.00 4.00 7.00 9.00 6.00 12.00 1.00 0.00 0.00 0.00 0.00 0.00
63.00 8.00 2.00 13.00 39.00 11.00 26.00 0.08 0.46 0.00 0.00 0.00 2.00 3.00 6.00 5.00 5.00 3.00 0.00 0.00 0.00 0.00 0.00
64.00 13.00 8.00 29.00 62.00 21.00 33.00 0.08 0.62 0.00 0.00 0.00 5.00 7.00 8.00 6.00 9.00 4.00 0.00 0.00 0.00 0.00 1.00
65.00 8.00 3.00 13.00 36.00 10.00 23.00 0.07 0.41 0.00 0.00 0.00 3.00 5.00 5.00 3.00 7.00 1.00 0.00 0.00 1.00 0.00 0.00
66.00 10.00 5.00 20.00 45.00 15.00 25.00 0.08 0.31 0.00 0.00 0.00 4.00 6.00 6.00 4.00 9.00 1.00 0.00 0.00 0.00 0.00 0.00
67.00 11.00 8.00 24.00 55.00 16.00 31.00 0.08 0.33 0.00 0.00 0.00 3.00 6.00 8.00 5.00 7.00 4.00 0.00 0.00 0.00 0.00 0.00
68.00 8.00 2.00 14.00 39.00 12.00 25.00 0.08 0.38 0.00 0.00 0.00 3.00 4.00 5.00 4.00 6.00 2.00 0.00 0.00 0.00 0.00 0.00
69.00 10.00 8.00 21.00 43.00 13.00 22.00 0.09 0.38 0.00 0.00 0.00 2.00 8.00 8.00 2.00 10.00 0.00 0.00 0.00 0.00 0.00 0.00
70.00 8.00 6.00 16.00 40.00 10.00 24.00 0.09 0.30 0.00 0.00 0.00 4.00 6.00 4.00 2.00 6.00 2.00 0.00 0.00 0.00 0.00 0.00
71.00 12.00 7.00 25.00 57.00 18.00 32.00 0.08 0.60 0.00 0.00 0.00 6.00 8.00 6.00 4.00 9.00 3.00 0.00 0.00 0.00 0.00 0.00
72.00 15.00 11.00 30.00 71.00 19.00 41.00 0.09 0.76 0.00 0.00 0.00 4.00 9.00 11.00 6.00 13.00 2.00 0.00 0.00 0.00 0.00 0.00
73.00 13.00 9.00 30.00 65.00 21.00 35.00 0.09 0.57 0.00 0.00 0.00 3.00 10.00 10.00 3.00 11.00 2.00 0.00 0.00 0.00 0.00 0.00
74.00 8.00 6.00 16.00 37.00 10.00 21.00 0.11 0.29 0.00 0.00 0.00 2.00 6.00 6.00 2.00 7.00 1.00 0.00 0.00 0.00 0.00 0.00
75.00 12.00 7.00 24.00 56.00 17.00 32.00 0.09 0.58 0.00 0.00 0.00 2.00 5.00 10.00 7.00 10.00 2.00 0.00 0.00 0.00 0.00 0.00
76.00 13.00 10.00 27.00 62.00 17.00 35.00 0.07 0.54 0.00 0.00 0.00 5.00 9.00 8.00 4.00 12.00 1.00 0.00 0.00 0.00 0.00 0.00
77.00 11.00 5.00 21.00 50.00 16.00 29.00 0.07 0.42 0.00 0.00 0.00 5.00 6.00 6.00 5.00 8.00 3.00 0.00 0.00 0.00 0.00 0.00
78.00 5.00 1.00 7.00 22.00 6.00 15.00 0.09 0.20 0.00 0.00 0.00 1.00 2.00 4.00 3.00 5.00 0.00 0.00 0.00 0.00 0.00 0.00
79.00 16.00 15.00 34.00 74.00 19.00 40.00 0.08 0.73 0.00 1.00 0.00 7.00 9.00 9.00 7.00 13.00 3.00 0.00 0.00 0.00 0.00 0.00
80.00 3.00 0.00 2.00 11.00 2.00 9.00 0.07 0.18 0.00 1.00 0.00 2.00 3.00 1.00 0.00 3.00 0.00 0.00 0.00 0.00 0.00 0.00
81.00 12.00 9.00 20.00 51.00 11.00 31.00 0.08 0.46 0.00 1.00 0.00 4.00 7.00 8.00 5.00 11.00 1.00 0.00 0.00 0.00 0.00 0.00
82.00 9.00 6.00 17.00 40.00 11.00 23.00 0.08 0.29 0.00 0.00 0.00 3.00 5.00 6.00 4.00 6.00 3.00 0.00 0.00 0.00 0.00 0.00
83.00 14.00 9.00 28.00 59.00 19.00 31.00 0.08 0.63 0.00 0.00 0.00 6.00 8.00 8.00 6.00 9.00 5.00 0.00 0.00 0.00 0.00 0.00
84.00 12.00 7.00 22.00 50.00 15.00 28.00 0.07 0.81 0.00 0.00 0.00 2.00 6.00 10.00 6.00 8.00 4.00 0.00 0.00 0.00 0.00 0.00
85.00 11.00 6.00 20.00 51.00 14.00 31.00 0.08 0.64 0.00 0.00 0.00 4.00 7.00 7.00 4.00 9.00 2.00 0.00 0.00 0.00 0.00 0.00
86.00 12.00 9.00 24.00 48.00 15.00 24.00 0.08 0.45 0.00 0.00 0.00 5.00 7.00 7.00 5.00 8.00 4.00 0.00 0.00 0.00 0.00 0.00
87.00 8.00 3.00 12.00 34.00 9.00 22.00 0.10 0.30 0.00 0.00 0.00 3.00 4.00 5.00 4.00 7.00 1.00 0.00 0.00 0.00 0.00 0.00
88.00 7.00 1.00 8.00 29.00 7.00 21.00 0.08 0.38 0.00 0.00 0.00 3.00 5.00 4.00 2.00 6.00 1.00 0.00 0.00 0.00 0.00 0.00
89.00 3.00 0.00 0.00 10.00 0.00 10.00 0.08 0.22 0.00 0.00 0.00 2.00 3.00 1.00 0.00 3.00 0.00 0.00 0.00 0.00 0.00 0.00
90.00 2.00 0.00 0.00 4.00 0.00 4.00 0.08 0.03 0.00 0.00 0.00 2.00 2.00 0.00 0.00 2.00 0.00 0.00 0.00 0.00 0.00 0.00
