0.00 2.00 0.00 0.00 5.00 0.00 5.00 0.08 0.14 0.00 0.00 0.00 2.00 2.00 0.00 0.00 2.00 0.00 0.00 0.00 0.00 0.00 0.00
1.00 6.00 1.00 9.00 25.00 8.00 16.00 0.09 0.28 0.00 0.00 0.00 1.00 4.00 5.00 2.00 5.00 1.00 0.00 0.00 0.00 0.00 0.00
2.00 7.00 0.00 10.00 26.00 10.00 16.00 0.09 0.36 0.00 0.00 0.00 4.00 6.00 3.00 1.00 6.00 1.00 0.00 0.00 0.00 0.00 0.00
3.00 4.00 0.00 2.00 12.00 2.00 10.00 0.08 0.27 0.00 0.00 0.00 2.00 4.00 2.00 0.00 4.00 0.00 0.00 0.00 0.00 0.00 0.00
4.00 6.00 2.00 10.00 27.00 8.00 17.00 0.09 0.24 0.00 0.00 0.00 4.00 5.00 2.00 1.00 5.00 1.00 0.00 0.00 0.00 0.00 0.00
5.00 7.00 4.00 13.00 31.00 9.00 18.00 0.09 0.33 0.00 0.00 0.00 2.00 3.00 5.00 4.00 5.00 2.00 0.00 0.00 0.00 0.00 0.00
6.00 7.00 4.00 11.00 29.00 7.00 18.00 0.08 0.18 0.00 0.00 0.00 2.00 6.00 5.00 1.00 6.00 1.00 0.00 0.00 0.00 0.00 0.00
7.00 7.00 1.00 9.00 27.00 8.00 18.00 0.07 0.37 0.00 0.00 0.00 4.00 6.00 3.00 1.00 6.00 1.00 0.00 0.00 0.00 0.00 0.00
8.00 7.00 0.00 6.00 28.00 6.00 22.00 0.06 0.38 0.00 0.00 0.00 3.00 6.00 4.00 1.00 7.00 0.00 0.00 0.00 0.00 0.00 0.00
9.00 3.00 0.00 2.00 8.00 2.00 6.00 0.09 0.15 0.00 0.00 0.00 2.00 3.00 1.00 0.00 3.00 0.00 0.00 0.00 0.00 0.00 0.00
10.00 3.00 0.00 2.00 8.00 2.00 6.00 0.08 0.20 0.00 0.00 0.00 2.00 3.00 1.00 0.00 3.00 0.00 0.00 0.00 0.00 0.00 0.00
11.00 4.00 0.00 4.00 15.00 4.00 11.00 0.09 0.31 0.00 0.00 0.00 3.00 3.00 1.00 1.00 4.00 0.00 0.00 0.00 0.00 0.00 0.00
12.00 7.00 0.00 2.00 16.00 2.00 14.00 0.08 0.86 1.00 0.00 0.00 4.00 6.00 3.00 1.00 6.00 1.00 0.00 0.00 0.00 0.00 0.00
13.00 12.00 4.00 24.00 58.00 20.00 34.00 0.09 0.42 1.00 0.00 0.00 6.00 9.00 6.00 3.00 11.00 1.00 0.00 0.00 0.00 0.00 0.00
14.00 14.00 7.00 27.00 65.00 20.00 38.00 0.08 0.81 1.00 1.00 1.00 4.00 8.00 10.00 6.00 11.00 3.00 0.00 0.00 0.00 0.00 0.00
15.00 12.00 5.00 24.00 55.00 19.00 31.00 0.08 0.54 1.00 0.00 0.00 4.00 9.00 8.00 3.00 9.00 3.00 0.00 0.00 0.00 0.00 0.00
16.00 13.00 10.00 29.00 59.00 19.00 30.00 0.09 0.43 0.00 0.00 0.00 6.00 10.00 7.00 3.00 12.00 1.00 0.00 0.00 0.00 0.00 0.00
17.00 11.00 10.00 23.00 50.00 13.00 27.00 0.09 0.38 0.00 0.00 0.00 3.00 3.00 8.00 8.00 5.00 6.00 0.00 0.00 0.00 0.00 0.00
18.00 10.00 3.00 15.00 49.00 12.00 34.00 0.09 0.51 0.00 0.00 0.00 2.00 4.00 8.00 6.00 10.00 0.00 0.00 0.00 0.00 0.00 0.00
19.00 10.00 4.00 20.00 49.00 16.00 29.00 0.09 0.56 0.00 0.00 0.00 2.00 5.00 8.00 5.00 8.00 2.00 0.00 0.00 0.00 0.00 0.00
20.00 13.00 10.00 28.00 59.00 18.00 31.00 0.07 0.40 0.00 0.00 0.00 5.00 6.00 8.00 7.00 8.00 5.00 0.00 0.00 0.00 0.00 0.00
21.00 12.00 2.00 24.00 56.00 22.00 32.00 0.09 0.48 0.00 0.00 0.00 2.00 5.00 10.00 7.00 11.00 1.00 0.00 0.00 0.00 0.00 0.00
22.00 14.00 14.00 37.00 67.00 23.00 30.00 0.09 0.44 0.00 0.00 0.00 5.00 9.00 9.00 5.00 11.00 3.00 0.00 0.00 0.00 0.00 0.00
23.00 10.00 8.00 23.00 50.00 15.00 27.00 0.09 0.38 0.00 0.00 0.00 3.00 4.00 7.00 6.00 8.00 2.00 0.00 0.00 0.00 0.00 0.00
24.00 12.00 10.00 24.00 49.00 14.00 25.00 0.09 0.45 0.00 0.00 0.00 5.00 7.00 7.00 5.00 9.00 3.00 0.00 0.00 0.00 0.00 0.00
25.00 11.00 7.00 22.00 52.00 15.00 30.00 0.08 0.35 0.00 0.00 0.00 4.00 6.00 7.00 5.00 8.00 3.00 0.00 0.00 0.00 0.00 0.00
26.00 11.00 6.00 22.00 52.00 16.00 30.00 0.09 0.40 0.00 0.00 0.00 2.00 6.00 9.00 5.00 10.00 1.00 0.00 0.00 0.00 0.00 0.00
27.00 7.00 3.00 10.00 27.00 7.00 17.00 0.08 0.31 0.00 0.00 0.00 2.00 5.00 5.00 2.00 7.00 0.00 0.00 0.00 0.00 0.00 0.00
28.00 7.00 3.00 12.00 31.00 9.00 19.00 0.09 0.24 0.00 0.00 0.00 4.00 5.00 3.00 2.00 7.00 0.00 0.00 0.00 0.00 0.00 0.00
29.00 6.00 1.00 6.00 26.00 5.00 20.00 0.09 0.28 0.00 0.00 0.00 2.00 6.00 4.00 0.00 6.00 0.00 0.00 0.00 0.00 0.00 0.00
30.00 6.00 0.00 6.00 24.00 6.00 18.00 0.08 0.24 0.00 0.00 0.00 4.00 5.00 2.00 1.00 5.00 1.00 0.00 0.00 0.00 0.00 0.00
31.00 8.00 4.00 15.00 36.00 11.00 21.00 0.09 0.35 0.00 2.00 0.00 2.00 6.00 6.00 2.00 8.00 0.00 0.00 0.00 0.00 0.00 0.00
32.00 16.00 12.00 33.00 69.00 21.00 36.00 0.09 0.74 0.00 1.00 0.00 2.00 7.00 14.00 9.00 12.00 4.00 0.00 0.00 0.00 0.00 0.00
33.00 12.00 12.00 28.00 56.00 16.00 28.00 0.09 0.44 0.00 1.00 0.00 4.00 7.00 8.00 5.00 9.00 3.00 0.00 0.00 0.00 0.00 0.00
34.00 13.00 8.00 27.00 63.00 19.00 36.00 0.07 0.51 0.00 1.00 0.00 3.00 7.00 10.00 6.00 10.00 3.00 0.00 0.00 0.00 0.00 0.00
35.00 7.00 4.00 14.00 33.00 10.00 19.00 0.06 0.31 0.00 1.00 0.00 4.00 5.00 3.00 2.00 7.00 0.00 0.00 0.00 0.00 0.00 0.00
36.00 14.00 7.00 29.00 68.00 22.00 39.00 0.09 0.56 0.00 1.00 0.00 4.00 9.00 10.00 5.00 12.00 2.00 0.00 0.00 0.00 0.00 0.00
37.00 15.00 9.00 37.00 74.00 28.00 37.00 0.08 0.55 0.00 1.00 0.00 2.00 6.00 13.00 9.00 10.00 5.00 0.00 0.00 0.00 0.00 0.00
38.00 18.00 15.00 36.00 90.00 21.00 54.00 0.07 0.79 0.00 1.00 0.00 5.00 10.00 13.00 8.00 16.00 2.00 0.00 0.00 0.00 0.00 0.00
39.00 11.00 9.00 23.00 52.00 14.00 29.00 0.09 0.48 0.00 1.00 0.00 5.00 5.00 6.00 6.00 8.00 3.00 0.00 0.00 0.00 0.00 0.00
40.00 15.00 11.00 35.00 72.00 24.00 37.00 0.08 0.55 1.00 1.00 1.00 5.00 8.00 10.00 7.00 11.00 4.00 0.00 0.00 0.00 0.00 0.00
41.00 15.00 12.00 37.00 77.00 25.00 40.00 0.08 0.50 1.00 1.00 1.00 5.00 8.00 10.00 7.00 10.00 5.00 0.00 0.00 0.00 0.00 0.00
42.00 17.00 13.00 43.00 86.00 30.00 43.00 0.08 0.53 1.00 1.00 1.00 7.00 8.00 10.00 9.00 12.00 5.00 0.00 0.00 0.00 0.00 0.00
43.00 19.00 15.00 49.00 100.00 34.00 51.00 0.09 0.76 1.00 1.00 1.00 3.00 7.00 16.00 12.00 12.00 7.00 0.00 0.00 0.00 0.00 0.00
44.00 15.00 9.00 31.00 67.00 22.00 36.00 0.08 0.76 1.00 1.00 1.00 6.00 10.00 9.00 5.00 12.00 3.00 0.00 0.00 0.00 0.00 0.00
45.00 12.00 5.00 26.00 60.00 21.00 34.00 0.09 0.55 1.00 1.00 1.00 2.00 8.00 10.00 4.00 8.00 4.00 0.00 0.00 0.00 0.00 0.00
46.00 17.00 8.00 42.00 84.00 34.00 42.00 0.08 0.91 1.00 1.00 1.00 8.00 12.00 9.00 5.00 15.00 2.00 0.00 0.00 0.00 0.00 0.00
47.00 12.00 8.00 26.00 60.00 18.00 34.00 0.08 0.45 1.00 1.00 1.00 3.00 4.00 9.00 8.00 7.00 5.00 0.00 0.00 0.00 0.00 0.00
48.00 24.00 26.00 65.00 121.00 39.00 56.00 0.09 0.79 1.00 2.00 0.50 6.00 11.00 18.00 13.00 15.00 9.00 0.00 0.00 0.00 0.00 0.00
49.00 21.00 13.00 48.00 112.00 35.00 64.00 0.09 0.89 0.00 1.00 0.00 4.00 11.00 17.00 10.00 16.00 5.00 0.00 0.00 0.00 0.00 0.00
50.00 17.00 14.00 35.00 84.00 21.00 49.00 0.09 0.75 1.00 1.00 1.00 8.00 11.00 9.00 6.00 14.00 3.00 0.00 0.00 0.00 0.00 0.00
51.00 20.00 15.00 56.00 109.00 41.00 53.00 0.09 0.71 1.00 1.00 1.00 2.00 8.00 18.00 12.00 14.00 6.00 0.00 0.00 1.00 1.00 0.00
52.00 19.00 16.00 44.00 95.00 28.00 51.00 0.09 0.86 1.00 1.00 1.00 6.00 11.00 13.00 8.00 17.00 2.00 0.00 0.00 0.00 0.00 0.00
53.00 20.00 16.00 52.00 100.00 36.00 48.00 0.07 1.06 1.00 0.00 0.00 7.00 13.00 13.00 7.00 15.00 5.00 0.00 0.00 0.00 0.00 0.00
54.00 30.00 26.00 71.00 134.00 45.00 63.00 0.08 1.40 1.00 0.00 0.00 10.00 18.00 20.00 12.00 24.00 6.00 0.00 0.00 0.00 0.00 0.00
55.00 21.00 15.00 51.00 100.00 36.00 49.00 0.09 1.09 1.00 0.00 0.00 6.00 11.00 15.00 10.00 17.00 4.00 0.00 0.00 0.00 0.00 0.00
56.00 25.00 27.00 70.00 130.00 43.00 60.00 0.09 0.89 1.00 1.00 1.00 4.00 13.00 21.00 12.00 18.00 7.00 0.00 0.00 0.00 0.00 0.00
57.00 24.00 28.00 67.00 123.00 39.00 56.00 0.08 1.01 1.00 1.00 1.00 6.00 8.00 18.00 16.00 15.00 9.00 0.00 0.00 0.00 0.00 0.00
58.00 24.00 20.00 65.00 128.00 45.00 63.00 0.10 0.97 1.00 1.00 1.00 5.00 9.00 19.00 15.00 18.00 6.00 0.00 0.00 0.00 0.00 0.00
59.00 25.00 23.00 64.00 121.00 41.00 57.00 0.09 0.99 1.00 1.00 1.00 8.00 16.00 17.00 9.00 19.00 6.00 0.00 0.00 0.00 0.00 0.00
60.00 26.00 29.00 67.00 130.00 38.00 63.00 0.11 0.93 0.00 0.00 0.00 7.00 15.00 19.00 11.00 17.00 9.00 0.00 0.00 1.00 0.00 0.00
61.00 25.00 25.00 69.00 127.00 44.00 58.00 0.07 0.90 1.00 1.00 1.00 6.00 12.00 19.00 13.00 19.00 6.00 0.00 0.00 0.00 0.00 0.00
62.00 25.00 17.00 63.00 131.00 46.00 68.00 0.07 1.05 2.00 1.00 2.00 6.00 12.00 19.00 13.00 16.00 9.00 0.00 0.00 1.00 0.00 0.00
63.00 21.00 21.00 60.00 110.00 39.00 50.00 0.10 0.80 0.00 0.00 0.00 8.00 10.00 13.00 11.00 13.00 8.00 0.00 0.00 1.00 0.00 0.00
64.00 24.00 26.00 71.00 120.00 45.00 49.00 0.09 0.65 1.00 1.00 1.00 7.00 14.00 17.00 10.00 19.00 5.00 0.00 0.00 1.00 0.00 0.00
65.00 11.00 7.00 21.00 51.00 14.00 30.00 0.09 0.32 1.00 0.00 0.00 3.00 6.00 8.00 5.00 10.00 1.00 0.00 0.00 0.00 0.00 0.00
66.00 17.00 13.00 48.00 87.00 35.00 39.00 0.09 0.62 1.00 0.00 0.00 5.00 11.00 12.00 6.00 14.00 3.00 0.00 0.00 0.00 0.00 0.00
67.00 20.00 11.00 50.00 102.00 39.00 52.00 0.09 0.77 1.00 1.00 1.00 4.00 11.00 16.00 9.00 17.00 3.00 0.00 0.00 0.00 0.00 0.00
68.00 17.00 12.00 38.00 89.00 26.00 51.00 0.08 0.99 1.00 1.00 1.00 6.00 8.00 11.00 9.00 12.00 5.00 0.00 0.00 0.00 0.00 0.00
69.00 14.00 10.00 33.00 69.00 23.00 36.00 0.10 0.60 1.00 0.00 0.00 3.00 5.00 11.00 9.00 10.00 4.00 0.00 0.00 0.00 0.00 0.00
70.00 17.00 14.00 38.00 82.00 24.00 44.00 0.09 0.60 1.00 0.00 0.00 3.00 9.00 14.00 8.00 13.00 4.00 0.00 0.00 0.00 0.00 0.00
71.00 18.00 15.00 44.00 86.00 29.00 42.00 0.09 0.57 0.00 1.00 0.00 5.00 10.00 13.00 8.00 13.00 5.00 0.00 0.00 0.00 0.00 0.00
72.00 11.00 7.00 22.00 52.00 15.00 30.00 0.08 0.52 0.00 0.00 0.00 5.00 8.00 6.00 3.00 9.00 2.00 0.00 0.00 0.00 0.00 0.00
73.00 18.00 15.00 48.00 88.00 33.00 40.00 0.09 0.93 0.00 1.00 0.00 6.00 8.00 12.00 10.00 15.00 3.00 0.00 0.00 0.00 0.00 0.00
74.00 14.00 12.00 33.00 69.00 21.00 36.00 0.09 0.69 0.00 0.00 0.00 3.00 8.00 11.00 6.00 12.00 2.00 0.00 0.00 0.00 0.00 0.00
75.00 17.00 20.00 41.00 74.00 21.00 33.00 0.09 0.66 1.00 0.00 0.00 6.00 8.00 11.00 9.00 15.00 2.00 0.00 0.00 0.00 0.00 0.00
76.00 11.00 3.00 18.00 45.00 15.00 27.00 0.08 0.65 0.00 0.00 0.00 5.00 10.00 6.00 1.00 10.00 1.00 0.00 0.00 0.00 0.00 0.00
77.00 16.00 9.00 31.00 78.00 22.00 47.00 0.07 1.03 0.00 0.00 0.00 6.00 9.00 10.00 7.00 12.00 4.00 0.00 0.00 0.00 0.00 0.00
78.00 18.00 9.00 39.00 86.00 30.00 47.00 0.10 0.87 1.00 0.00 0.00 7.00 11.00 11.00 7.00 14.00 4.00 0.00 0.00 0.00 0.00 0.00
79.00 15.00 10.00 34.00 75.00 24.00 41.00 0.09 0.66 1.00 0.00 0.00 5.00 10.00 10.00 5.00 12.00 3.00 0.00 0.00 1.00 0.00 0.00
80.00 13.00 7.00 28.00 59.00 21.00 31.00 0.08 0.80 0.00 0.00 0.00 3.00 9.00 10.00 4.00 10.00 3.00 0.00 0.00 0.00 0.00 0.00
81.00 18.00 12.00 41.00 88.00 29.00 47.00 0.09 0.78 0.00 0.00 0.00 6.00 9.00 12.00 9.00 16.00 2.00 0.00 0.00 0.00 0.00 0.00
82.00 12.00 11.00 29.00 54.00 18.00 25.00 0.09 0.43 0.00 0.00 0.00 3.00 8.00 9.00 4.00 10.00 2.00 0.00 0.00 0.00 0.00 0.00
83.00 13.00 8.00 26.00 61.00 18.00 35.00 0.08 0.74 0.00 0.00 0.00 4.00 10.00 9.00 3.00 12.00 1.00 0.00 0.00 0.00 0.00 0.00
84.00 10.00 3.00 17.00 45.00 14.00 28.00 0.08 0.47 0.00 0.00 0.00 3.00 7.00 7.00 3.00 10.00 0.00 0.00 0.00 0.00 0.00 0.00
85.00 12.00 6.00 18.00 55.00 12.00 37.00 0.08 0.65 0.00 0.00 0.00 6.00 8.00 6.00 4.00 10.00 2.00 0.00 0.00 0.00 0.00 0.00
86.00 10.00 4.00 18.00 41.00 14.00 23.00 0.09 0.59 0.00 0.00 0.00 4.00 6.00 6.00 4.00 7.00 3.00 0.00 0.00 0.00 0.00 0.00
87.00 13.00 10.00 27.00 58.00 17.00 31.00 0.08 0.56 0.00 0.00 0.00 3.00 9.00 10.00 4.00 10.00 3.00 0.00 0.00 0.00 0.00 0.00
88.00 15.00 8.00 29.00 67.00 21.00 38.00 0.09 0.71 0.00 0.00 0.00 7.00 9.00 8.00 6.00 10.00 5.00 0.00 0.00 0.00 0.00 0.00
89.00 6.00 0.00 4.00 17.00 4.00 13.00 0.08 0.53 0.00 0.00 0.00 3.00 5.00 3.00 1.00 6.00 0.00 0.00 0.00 0.00 0.00 0.00
90.00 15.00 10.00 34.00 77.00 24.00 43.00 0.08 0.58 0.00 0.00 0.00 3.00 6.00 12.00 9.00 11.00 4.00 0.00 0.00 0.00 0.00 0.00
91.00 8.00 2.00 11.00 31.00 9.00 20.00 0.10 0.46 0.00 0.00 0.00 4.00 6.00 4.00 2.00 7.00 1.00 0.00 0.00 0.00 0.00 0.00
92.00 19.00 17.00 44.00 84.00 27.00 40.00 0.08 0.70 0.00 1.00 0.00 5.00 8.00 14.00 11.00 11.00 8.00 0.00 0.00 0.00 0.00 0.00
93.00 21.00 17.00 50.00 110.00 33.00 60.00 0.07 0.84 1.00 1.00 1.00 7.00 9.00 14.00 12.00 14.00 7.00 0.00 0.00 0.00 0.00 0.00
94.00 15.00 14.00 40.00 76.00 26.00 36.00 0.09 0.70 1.00 2.00 0.50 2.00 7.00 13.00 8.00 10.00 5.00 0.00 0.00 0.00 0.00 0.00
95.00 18.00 14.00 41.00 88.00 27.00 47.00 0.09 0.57 0.00 1.00 0.00 4.00 4.00 14.00 14.00 12.00 6.00 0.00 0.00 0.00 1.00 0.00
96.00 8.00 5.00 14.00 35.00 9.00 21.00 0.09 0.50 1.00 0.00 0.00 2.00 4.00 6.00 4.00 8.00 0.00 0.00 0.00 0.00 0.00 0.00
97.00 18.00 13.00 43.00 85.00 30.00 42.00 0.08 0.72 1.00 0.00 0.00 9.00 12.00 9.00 6.00 14.00 4.00 0.00 0.00 1.00 0.00 0.00
98.00 10.00 6.00 16.00 42.00 10.00 26.00 0.09 0.55 1.00 0.00 0.00 4.00 6.00 6.00 4.00 8.00 2.00 0.00 0.00 0.00 0.00 0.00
99.00 15.00 11.00 30.00 69.00 19.00 39.00 0.07 0.84 0.00 0.00 0.00 3.00 10.00 12.00 5.00 14.00 1.00 0.00 0.00 0.00 0.00 0.00
100.00 10.00 8.00 22.00 50.00 14.00 28.00 0.08 0.41 0.00 0.00 0.00 2.00 4.00 8.00 6.00 9.00 1.00 0.00 0.00 0.00 0.00 0.00
101.00 11.00 2.00 13.00 48.00 11.00 35.00 0.09 0.57 0.00 0.00 0.00 3.00 6.00 8.00 5.00 9.00 2.00 0.00 0.00 0.00 0.00 0.00
102.00 8.00 2.00 9.00 28.00 7.00 19.00 0.07 0.58 0.00 0.00 0.00 4.00 5.00 4.00 3.00 7.00 1.00 0.00 0.00 0.00 0.00 0.00
103.00 10.00 5.00 17.00 45.00 12.00 28.00 0.08 0.48 0.00 0.00 0.00 3.00 7.00 7.00 3.00 7.00 3.00 0.00 0.00 0.00 0.00 0.00
104.00 9.00 3.00 16.00 40.00 13.00 24.00 0.09 0.38 0.00 0.00 0.00 4.00 7.00 5.00 2.00 8.00 1.00 0.00 0.00 0.00 0.00 0.00
105.00 15.00 5.00 28.00 68.00 23.00 40.00 0.08 1.22 1.00 0.00 0.00 6.00 10.00 9.00 5.00 14.00 1.00 0.00 0.00 0.00 0.00 0.00
106.00 8.00 4.00 14.00 36.00 10.00 22.00 0.10 0.48 0.00 0.00 0.00 3.00 6.00 5.00 2.00 7.00 1.00 0.00 0.00 0.00 0.00 0.00
107.00 13.00 10.00 28.00 61.00 18.00 33.00 0.07 0.81 0.00 0.00 0.00 4.00 10.00 9.00 3.00 12.00 1.00 0.00 0.00 0.00 0.00 0.00
108.00 11.00 3.00 13.00 37.00 10.00 24.00 0.07 0.68 0.00 1.00 0.00 6.00 7.00 5.00 4.00 9.00 2.00 0.00 0.00 0.00 0.00 0.00
109.00 13.00 4.00 21.00 60.00 17.00 39.00 0.08 0.73 0.00 0.00 0.00 6.00 8.00 7.00 5.00 10.00 3.00 0.00 0.00 0.00 0.00 0.00
110.00 11.00 6.00 21.00 54.00 15.00 33.00 0.09 0.63 0.00 0.00 0.00 3.00 7.00 8.00 4.00 10.00 1.00 0.00 0.00 0.00 0.00 0.00
111.00 6.00 2.00 6.00 25.00 4.00 19.00 0.08 0.27 0.00 1.00 0.00 3.00 4.00 3.00 2.00 5.00 1.00 0.00 0.00 0.00 0.00 0.00
112.00 5.00 2.00 8.00 21.00 6.00 13.00 0.08 0.24 0.00 0.00 0.00 3.00 4.00 2.00 1.00 5.00 0.00 0.00 0.00 0.00 0.00 0.00
113.00 12.00 6.00 22.00 50.00 16.00 28.00 0.08 0.73 0.00 0.00 0.00 5.00 8.00 7.00 4.00 9.00 3.00 0.00 0.00 0.00 0.00 0.00
114.00 11.00 7.00 27.00 56.00 20.00 29.00 0.09 0.64 0.00 0.00 0.00 1.00 4.00 10.00 7.00 4.00 7.00 0.00 0.00 0.00 0.00 0.00
115.00 9.00 7.00 20.00 43.00 13.00 23.00 0.11 0.43 0.00 1.00 0.00 3.00 5.00 6.00 4.00 6.00 3.00 0.00 0.00 0.00 0.00 0.00
116.00 13.00 12.00 25.00 59.00 13.00 34.00 0.09 0.74 0.00 1.00 0.00 2.00 5.00 11.00 8.00 10.00 3.00 0.00 0.00 0.00 0.00 0.00
117.00 11.00 8.00 23.00 55.00 15.00 32.00 0.07 0.53 0.00 0.00 0.00 4.00 6.00 7.00 5.00 8.00 3.00 0.00 0.00 0.00 0.00 0.00
118.00 13.00 7.00 28.00 58.00 21.00 30.00 0.09 0.58 0.00 1.00 0.00 6.00 7.00 7.00 6.00 10.00 3.00 0.00 0.00 0.00 0.00 0.00
119.00 7.00 4.00 14.00 34.00 10.00 20.00 0.08 0.29 0.00 0.00 0.00 1.00 3.00 6.00 4.00 5.00 2.00 0.00 0.00 0.00 0.00 0.00
120.00 8.00 6.00 18.00 39.00 12.00 21.00 0.08 0.40 0.00 1.00 0.00 2.00 5.00 6.00 3.00 6.00 2.00 0.00 0.00 0.00 0.00 0.00
121.00 5.00 2.00 8.00 23.00 6.00 15.00 0.08 0.21 0.00 0.00 0.00 2.00 3.00 3.00 2.00 5.00 0.00 0.00 0.00 0.00 0.00 0.00
122.00 7.00 3.00 12.00 30.00 9.00 18.00 0.09 0.43 0.00 0.00 0.00 3.00 5.00 4.00 2.00 6.00 1.00 0.00 0.00 0.00 0.00 0.00
123.00 10.00 6.00 21.00 45.00 15.00 24.00 0.08 0.63 0.00 0.00 0.00 2.00 5.00 8.00 5.00 6.00 4.00 0.00 0.00 0.00 0.00 0.00
124.00 11.00 8.00 23.00 56.00 15.00 33.00 0.10 0.72 0.00 0.00 0.00 3.00 6.00 8.00 5.00 7.00 4.00 0.00 0.00 0.00 0.00 0.00
125.00 6.00 3.00 11.00 27.00 8.00 16.00 0.10 0.33 0.00 0.00 0.00 1.00 3.00 5.00 3.00 5.00 1.00 0.00 0.00 0.00 0.00 0.00
126.00 11.00 5.00 20.00 56.00 15.00 36.00 0.07 0.75 0.00 0.00 0.00 4.00 6.00 7.00 5.00 7.00 4.00 0.00 0.00 0.00 0.00 0.00
127.00 10.00 5.00 17.00 47.00 12.00 30.00 0.07 1.74 0.00 0.00 0.00 4.00 5.00 6.00 5.00 8.00 2.00 0.00 0.00 0.00 0.00 0.00
128.00 4.00 1.00 5.00 17.00 4.00 12.00 0.08 0.22 0.00 0.00 0.00 1.00 3.00 3.00 1.00 4.00 0.00 0.00 0.00 0.00 0.00 0.00
129.00 3.00 0.00 0.00 4.00 0.00 4.00 0.08 0.37 0.00 0.00 0.00 2.00 3.00 1.00 0.00 3.00 0.00 0.00 0.00 0.00 0.00 0.00
130.00 4.00 0.00 2.00 14.00 2.00 12.00 0.07 0.38 0.00 0.00 0.00 3.00 3.00 1.00 1.00 4.00 0.00 0.00 0.00 0.00 0.00 0.00
131.00 3.00 0.00 2.00 9.00 2.00 7.00 0.08 0.21 0.00 0.00 0.00 2.00 3.00 1.00 0.00 3.00 0.00 0.00 0.00 0.00 0.00 0.00
132.00 3.00 0.00 2.00 7.00 2.00 5.00 0.10 0.11 0.00 0.00 0.00 2.00 3.00 1.00 0.00 3.00 0.00 0.00 0.00 0.00 0.00 0.00
133.00 2.00 0.00 0.00 4.00 0.00 4.00 0.10 0.13 0.00 0.00 0.00 2.00 2.00 0.00 0.00 2.00 0.00 0.00 0.00 0.00 0.00 0.00
