0.00 2.00 0.00 0.00 5.00 0.00 5.00 0.09 0.06 0.00 0.00 0.00 2.00 2.00 0.00 0.00 2.00 0.00 0.00 0.00 0.00 0.00 0.00
1.00 6.00 0.00 4.00 20.00 4.00 16.00 0.08 0.49 0.00 0.00 0.00 3.00 5.00 3.00 1.00 6.00 0.00 0.00 0.00 0.00 0.00 0.00
2.00 8.00 1.00 8.00 34.00 7.00 26.00 0.09 0.61 0.00 0.00 0.00 3.00 7.00 5.00 1.00 8.00 0.00 0.00 0.00 0.00 0.00 0.00
3.00 13.00 6.00 25.00 61.00 19.00 36.00 0.08 0.63 0.00 0.00 0.00 3.00 7.00 10.00 6.00 11.00 2.00 0.00 0.00 0.00 0.00 0.00
4.00 6.00 1.00 7.00 26.00 6.00 19.00 0.09 0.30 0.00 0.00 0.00 1.00 5.00 5.00 1.00 6.00 0.00 0.00 0.00 0.00 0.00 0.00
5.00 10.00 2.00 15.00 48.00 13.00 33.00 0.08 0.36 0.00 0.00 0.00 2.00 8.00 8.00 2.00 9.00 1.00 0.00 0.00 0.00 0.00 0.00
6.00 12.00 7.00 24.00 56.00 17.00 32.00 0.08 0.48 0.00 0.00 0.00 3.00 8.00 9.00 4.00 10.00 2.00 0.00 0.00 0.00 0.00 0.00
7.00 11.00 6.00 20.00 49.00 14.00 29.00 0.08 0.77 0.00 0.00 0.00 3.00 8.00 8.00 3.00 9.00 2.00 0.00 0.00 0.00 0.00 0.00
8.00 9.00 4.00 19.00 41.00 15.00 22.00 0.10 0.31 1.00 0.00 0.00 4.00 6.00 5.00 3.00 8.00 1.00 0.00 0.00 0.00 0.00 0.00
9.00 5.00 0.00 4.00 19.00 4.00 15.00 0.08 0.32 0.00 0.00 0.00 3.00 4.00 2.00 1.00 5.00 0.00 0.00 0.00 0.00 0.00 0.00
10.00 14.00 17.00 40.00 66.00 23.00 26.00 0.09 0.51 0.00 0.00 0.00 3.00 9.00 11.00 5.00 10.00 4.00 0.00 0.00 0.00 0.00 0.00
11.00 16.00 18.00 39.00 77.00 21.00 38.00 0.09 0.54 0.00 0.00 0.00 8.00 10.00 8.00 6.00 15.00 1.00 0.00 0.00 1.00 0.00 0.00
12.00 12.00 8.00 28.00 54.00 20.00 26.00 0.09 0.68 0.00 0.00 0.00 5.00 8.00 7.00 4.00 11.00 1.00 0.00 0.00 1.00 0.00 0.00
13.00 15.00 12.00 32.00 76.00 20.00 44.00 0.10 0.65 0.00 0.00 0.00 4.00 10.00 11.00 5.00 12.00 3.00 0.00 0.00 1.00 0.00 0.00
14.00 15.00 8.00 33.00 76.00 25.00 43.00 0.08 1.75 0.00 0.00 0.00 6.00 9.00 9.00 6.00 13.00 2.00 0.00 0.00 0.00 0.00 0.00
15.00 18.00 20.00 42.00 88.00 22.00 46.00 0.09 0.78 0.00 0.00 0.00 5.00 7.00 13.00 11.00 9.00 9.00 0.00 0.00 1.00 0.00 0.00
16.00 21.00 19.00 49.00 107.00 30.00 58.00 0.09 1.65 1.00 1.00 1.00 5.00 10.00 16.00 11.00 16.00 5.00 0.00 0.00 1.00 0.00 0.00
17.00 20.00 23.00 54.00 98.00 31.00 44.00 0.08 1.40 0.00 0.00 0.00 7.00 9.00 13.00 11.00 13.00 7.00 0.00 0.00 1.00 0.00 0.00
18.00 21.00 18.00 49.00 105.00 31.00 56.00 0.08 0.84 0.00 1.00 0.00 4.00 13.00 17.00 8.00 18.00 3.00 0.00 0.00 1.00 0.00 0.00
19.00 21.00 18.00 49.00 108.00 31.00 59.00 0.09 1.70 0.00 0.00 0.00 7.00 9.00 14.00 12.00 13.00 8.00 0.00 0.00 1.00 0.00 0.00
20.00 20.00 14.00 51.00 98.00 37.00 47.00 0.08 1.48 0.00 0.00 0.00 6.00 11.00 14.00 9.00 16.00 4.00 0.00 0.00 1.00 0.00 0.00
21.00 22.00 19.00 54.00 107.00 35.00 53.00 0.10 1.02 0.00 0.00 0.00 4.00 9.00 18.00 13.00 15.00 7.00 0.00 0.00 1.00 0.00 0.00
22.00 17.00 9.00 28.00 75.00 19.00 47.00 0.10 0.94 0.00 0.00 0.00 5.00 9.00 12.00 8.00 12.00 5.00 0.00 0.00 1.00 0.00 0.00
23.00 19.00 12.00 41.00 90.00 29.00 49.00 0.07 0.84 0.00 0.00 0.00 8.00 11.00 11.00 8.00 16.00 3.00 0.00 0.00 1.00 0.00 0.00
24.00 17.00 19.00 47.00 87.00 28.00 40.00 0.08 0.64 0.00 0.00 0.00 6.00 9.00 11.00 8.00 11.00 6.00 0.00 0.00 2.00 0.00 0.00
25.00 24.00 30.00 66.00 118.00 36.00 52.00 0.08 1.84 1.00 0.00 0.00 8.00 15.00 16.00 9.00 20.00 4.00 0.00 0.00 2.00 0.00 0.00
26.00 25.00 23.00 67.00 127.00 44.00 60.00 0.08 2.48 0.00 0.00 0.00 4.00 10.00 21.00 15.00 17.00 8.00 0.00 0.00 1.00 0.00 0.00
27.00 16.00 20.00 42.00 78.00 22.00 36.00 0.09 0.63 0.00 0.00 0.00 5.00 7.00 11.00 9.00 12.00 4.00 0.00 0.00 1.00 0.00 0.00
28.00 15.00 11.00 33.00 74.00 22.00 41.00 0.08 1.55 0.00 1.00 0.00 3.00 10.00 12.00 5.00 13.00 2.00 0.00 0.00 1.00 0.00 0.00
29.00 25.00 26.00 68.00 131.00 42.00 63.00 0.08 1.87 0.00 0.00 0.00 9.00 11.00 16.00 14.00 16.00 9.00 0.00 0.00 1.00 0.00 0.00
30.00 30.00 33.00 80.00 152.00 47.00 72.00 0.09 1.62 0.00 1.00 0.00 10.00 14.00 20.00 16.00 19.00 11.00 0.00 0.00 0.00 0.00 0.00
31.00 20.00 12.00 42.00 97.00 30.00 55.00 0.09 1.66 0.00 1.00 0.00 5.00 14.00 15.00 6.00 14.00 6.00 0.00 0.00 0.00 0.00 0.00
32.00 14.00 3.00 26.00 64.00 23.00 38.00 0.08 1.65 0.00 1.00 0.00 5.00 7.00 9.00 7.00 10.00 4.00 0.00 0.00 1.00 0.00 0.00
33.00 21.00 19.00 53.00 107.00 34.00 54.00 0.08 1.43 0.00 0.00 0.00 5.00 8.00 16.00 13.00 12.00 9.00 0.00 0.00 1.00 0.00 0.00
34.00 18.00 14.00 40.00 85.00 26.00 45.00 0.08 0.69 0.00 0.00 0.00 8.00 11.00 10.00 7.00 14.00 4.00 0.00 0.00 0.00 0.00 0.00
35.00 23.00 21.00 54.00 114.00 33.00 60.00 0.09 1.01 0.00 1.00 0.00 7.00 11.00 16.00 12.00 17.00 6.00 0.00 0.00 0.00 0.00 0.00
36.00 21.00 19.00 56.00 101.00 37.00 45.00 0.08 3.12 1.00 0.00 0.00 8.00 11.00 13.00 10.00 13.00 8.00 0.00 0.00 0.00 0.00 0.00
37.00 21.00 22.00 57.00 109.00 35.00 52.00 0.08 2.55 1.00 0.00 0.00 5.00 10.00 16.00 11.00 14.00 7.00 0.00 0.00 0.00 0.00 0.00
38.00 24.00 28.00 60.00 119.00 32.00 59.00 0.07 2.66 1.00 1.00 1.00 6.00 13.00 18.00 11.00 16.00 8.00 0.00 0.00 0.00 0.00 0.00
39.00 12.00 9.00 25.00 50.00 16.00 25.00 0.09 1.80 1.00 2.00 0.50 3.00 6.00 9.00 6.00 6.00 6.00 0.00 0.00 0.00 0.00 0.00
40.00 20.00 16.00 51.00 103.00 35.00 52.00 0.09 2.11 1.00 2.00 0.50 6.00 11.00 14.00 9.00 16.00 4.00 0.00 0.00 0.00 0.00 0.00
41.00 16.00 16.00 43.00 85.00 27.00 42.00 0.08 2.30 0.00 0.00 0.00 5.00 7.00 11.00 9.00 11.00 5.00 0.00 0.00 0.00 0.00 0.00
42.00 25.00 19.00 59.00 130.00 40.00 71.00 0.10 2.00 1.00 0.00 0.00 9.00 18.00 16.00 7.00 21.00 4.00 0.00 0.00 0.00 0.00 0.00
43.00 20.00 17.00 46.00 86.00 29.00 40.00 0.07 1.50 1.00 1.00 1.00 8.00 13.00 12.00 7.00 17.00 3.00 0.00 0.00 0.00 0.00 0.00
44.00 22.00 27.00 56.00 109.00 29.00 53.00 0.08 2.60 1.00 0.00 0.00 5.00 10.00 17.00 12.00 14.00 8.00 0.00 0.00 0.00 0.00 0.00
45.00 25.00 19.00 53.00 109.00 34.00 56.00 0.08 3.43 0.00 1.00 0.00 9.00 16.00 16.00 9.00 20.00 5.00 0.00 0.00 0.00 0.00 0.00
46.00 25.00 20.00 63.00 123.00 43.00 60.00 0.08 1.96 1.00 0.00 0.00 7.00 11.00 18.00 14.00 15.00 10.00 1.00 0.00 0.00 0.00 0.00
47.00 16.00 7.00 35.00 78.00 28.00 43.00 0.09 2.36 0.00 0.00 0.00 4.00 9.00 12.00 7.00 15.00 1.00 0.00 0.00 0.00 0.00 0.00
48.00 27.00 28.00 68.00 135.00 40.00 67.00 0.08 2.72 0.00 0.00 0.00 2.00 9.00 25.00 18.00 18.00 9.00 0.00 0.00 0.00 0.00 0.00
49.00 20.00 10.00 46.00 107.00 36.00 61.00 0.08 2.30 0.00 0.00 0.00 5.00 8.00 15.00 12.00 13.00 7.00 0.00 0.00 0.00 0.00 1.00
50.00 22.00 24.00 57.00 111.00 33.00 54.00 0.10 0.82 1.00 1.00 1.00 7.00 9.00 15.00 13.00 14.00 8.00 0.00 0.00 0.00 0.00 1.00
51.00 27.00 26.00 78.00 135.00 52.00 57.00 0.09 4.23 1.00 1.00 1.00 7.00 14.00 20.00 13.00 16.00 11.00 0.00 0.00 0.00 0.00 0.00
52.00 25.00 20.00 65.00 126.00 45.00 61.00 0.08 2.17 0.00 0.00 0.00 5.00 11.00 20.00 14.00 14.00 11.00 0.00 0.00 0.00 0.00 1.00
53.00 26.00 18.00 63.00 131.00 45.00 68.00 0.09 2.85 1.00 2.00 0.50 7.00 12.00 19.00 14.00 21.00 5.00 0.00 0.00 0.00 0.00 1.00
54.00 32.00 27.00 86.00 165.00 59.00 79.00 0.08 3.07 1.00 2.00 0.50 6.00 15.00 26.00 17.00 16.00 16.00 0.00 0.00 0.00 0.00 0.00
55.00 30.00 30.00 87.00 160.00 57.00 73.00 0.09 2.85 1.00 1.00 1.00 8.00 11.00 22.00 19.00 16.00 14.00 0.00 0.00 0.00 0.00 1.00
56.00 29.00 29.00 82.00 154.00 53.00 72.00 0.10 2.36 1.00 0.00 0.00 6.00 16.00 23.00 13.00 20.00 9.00 0.00 0.00 0.00 0.00 0.00
57.00 27.00 34.00 78.00 137.00 44.00 59.00 0.10 0.95 1.00 1.00 1.00 7.00 12.00 20.00 15.00 18.00 9.00 0.00 0.00 0.00 0.00 1.00
58.00 27.00 29.00 68.00 143.00 39.00 75.00 0.08 1.98 2.00 2.00 1.00 4.00 12.00 23.00 15.00 16.00 11.00 0.00 0.00 1.00 0.00 0.00
59.00 32.00 27.00 79.00 166.00 52.00 87.00 0.08 2.33 0.00 2.00 0.00 9.00 20.00 23.00 12.00 24.00 8.00 0.00 0.00 1.00 1.00 0.00
60.00 27.00 24.00 73.00 138.00 49.00 65.00 0.09 2.53 2.00 0.00 0.00 9.00 18.00 18.00 9.00 20.00 7.00 0.00 0.00 0.00 0.00 0.00
61.00 28.00 33.00 74.00 143.00 41.00 69.00 0.08 0.76 1.00 3.00 0.33 7.00 12.00 21.00 16.00 16.00 12.00 0.00 0.00 0.00 0.00 1.00
62.00 31.00 40.00 87.00 158.00 47.00 71.00 0.09 0.94 1.00 0.00 0.00 5.00 12.00 26.00 19.00 18.00 13.00 0.00 0.00 0.00 0.00 2.00
63.00 23.00 25.00 59.00 120.00 34.00 61.00 0.09 0.78 1.00 0.00 0.00 8.00 10.00 15.00 13.00 13.00 10.00 0.00 0.00 1.00 0.00 0.00
64.00 25.00 25.00 73.00 129.00 48.00 56.00 0.10 1.43 2.00 0.00 0.00 6.00 11.00 19.00 14.00 16.00 9.00 0.00 0.00 0.00 0.00 0.00
65.00 22.00 7.00 58.00 120.00 51.00 62.00 0.07 0.88 1.00 1.00 1.00 7.00 11.00 15.00 11.00 16.00 6.00 0.00 0.00 1.00 0.00 0.00
66.00 21.00 27.00 52.00 108.00 25.00 56.00 0.09 1.41 1.00 0.00 0.00 6.00 10.00 15.00 11.00 15.00 6.00 0.00 0.00 0.00 0.00 0.00
67.00 24.00 16.00 54.00 123.00 38.00 69.00 0.08 0.81 1.00 1.00 1.00 11.00 14.00 13.00 10.00 17.00 7.00 0.00 0.00 0.00 0.00 0.00
68.00 20.00 18.00 45.00 100.00 27.00 55.00 0.09 2.15 1.00 0.00 0.00 7.00 12.00 13.00 8.00 15.00 5.00 0.00 0.00 0.00 0.00 0.00
69.00 23.00 22.00 64.00 120.00 42.00 56.00 0.08 1.47 1.00 0.00 0.00 8.00 14.00 15.00 9.00 19.00 4.00 0.00 0.00 0.00 0.00 0.00
70.00 19.00 21.00 55.00 96.00 34.00 41.00 0.09 0.62 1.00 0.00 0.00 4.00 11.00 15.00 8.00 14.00 5.00 0.00 0.00 0.00 0.00 0.00
71.00 11.00 5.00 20.00 50.00 15.00 30.00 0.09 0.38 1.00 0.00 0.00 2.00 5.00 9.00 6.00 9.00 2.00 0.00 0.00 0.00 0.00 0.00
72.00 14.00 3.00 22.00 68.00 19.00 46.00 0.09 0.69 1.00 0.00 0.00 4.00 9.00 10.00 5.00 12.00 2.00 0.00 0.00 0.00 0.00 0.00
73.00 14.00 5.00 20.00 63.00 15.00 43.00 0.10 0.80 1.00 0.00 0.00 4.00 7.00 10.00 7.00 11.00 3.00 0.00 0.00 0.00 0.00 0.00
74.00 19.00 13.00 49.00 89.00 36.00 40.00 0.08 0.88 1.00 0.00 0.00 6.00 9.00 13.00 10.00 15.00 4.00 0.00 0.00 0.00 0.00 0.00
75.00 22.00 28.00 57.00 104.00 29.00 47.00 0.09 2.90 1.00 0.00 0.00 5.00 12.00 17.00 10.00 16.00 6.00 0.00 0.00 0.00 0.00 0.00
76.00 18.00 18.00 46.00 89.00 28.00 43.00 0.08 3.28 1.00 0.00 0.00 4.00 9.00 14.00 9.00 13.00 5.00 0.00 0.00 0.00 0.00 0.00
77.00 17.00 17.00 47.00 84.00 30.00 37.00 0.08 2.87 1.00 0.00 0.00 2.00 5.00 15.00 12.00 9.00 8.00 0.00 0.00 0.00 0.00 0.00
78.00 17.00 21.00 48.00 90.00 27.00 42.00 0.09 2.18 1.00 1.00 1.00 3.00 6.00 14.00 11.00 11.00 6.00 0.00 0.00 0.00 0.00 0.00
79.00 20.00 21.00 50.00 96.00 29.00 46.00 0.08 3.06 1.00 1.00 1.00 3.00 10.00 17.00 10.00 16.00 4.00 0.00 0.00 0.00 0.00 0.00
80.00 22.00 23.00 56.00 111.00 33.00 55.00 0.10 2.75 1.00 1.00 1.00 6.00 8.00 16.00 14.00 15.00 7.00 0.00 0.00 0.00 0.00 0.00
81.00 17.00 11.00 43.00 86.00 32.00 43.00 0.08 2.26 1.00 0.00 0.00 8.00 8.00 9.00 9.00 13.00 4.00 0.00 0.00 0.00 0.00 0.00
82.00 20.00 21.00 49.00 102.00 28.00 53.00 0.09 2.99 1.00 1.00 1.00 4.00 12.00 16.00 8.00 15.00 5.00 0.00 0.00 0.00 0.00 0.00
83.00 19.00 19.00 49.00 95.00 30.00 46.00 0.09 1.97 1.00 2.00 0.50 6.00 11.00 13.00 8.00 13.00 6.00 0.00 0.00 0.00 0.00 0.00
84.00 23.00 24.00 61.00 113.00 37.00 52.00 0.07 2.42 1.00 0.00 0.00 5.00 12.00 18.00 11.00 16.00 7.00 0.00 0.00 0.00 0.00 0.00
85.00 19.00 18.00 48.00 99.00 30.00 51.00 0.07 1.42 1.00 0.00 0.00 5.00 9.00 14.00 10.00 13.00 6.00 0.00 0.00 0.00 0.00 0.00
86.00 17.00 12.00 34.00 78.00 22.00 44.00 0.08 1.51 0.00 0.00 0.00 7.00 11.00 10.00 6.00 16.00 1.00 0.00 0.00 0.00 0.00 0.00
87.00 11.00 6.00 20.00 53.00 14.00 33.00 0.09 0.62 1.00 0.00 0.00 5.00 8.00 6.00 3.00 9.00 2.00 0.00 0.00 0.00 1.00 0.00
88.00 11.00 6.00 24.00 53.00 18.00 29.00 0.07 3.70 1.00 0.00 0.00 2.00 5.00 9.00 6.00 7.00 4.00 0.00 0.00 0.00 0.00 0.00
89.00 7.00 0.00 9.00 26.00 9.00 17.00 0.08 0.37 0.00 0.00 0.00 3.00 6.00 4.00 1.00 7.00 0.00 0.00 0.00 0.00 0.00 0.00
90.00 8.00 1.00 14.00 37.00 13.00 23.00 0.09 0.48 0.00 0.00 0.00 4.00 7.00 4.00 1.00 7.00 1.00 0.00 0.00 0.00 0.00 0.00
91.00 13.00 7.00 30.00 64.00 23.00 34.00 0.07 1.58 1.00 0.00 0.00 0.00 6.00 13.00 7.00 8.00 5.00 0.00 0.00 0.00 0.00 0.00
92.00 18.00 17.00 44.00 84.00 27.00 40.00 0.10 2.62 1.00 0.00 0.00 5.00 12.00 13.00 6.00 14.00 4.00 0.00 0.00 0.00 0.00 0.00
93.00 8.00 3.00 12.00 34.00 9.00 22.00 0.09 0.56 1.00 0.00 0.00 4.00 6.00 4.00 2.00 7.00 1.00 0.00 0.00 0.00 0.00 0.00
94.00 8.00 2.00 15.00 38.00 13.00 23.00 0.08 0.25 0.00 0.00 0.00 1.00 5.00 7.00 3.00 7.00 1.00 0.00 0.00 0.00 0.00 0.00
95.00 6.00 1.00 7.00 23.00 6.00 16.00 0.09 0.53 0.00 0.00 0.00 1.00 5.00 5.00 1.00 6.00 0.00 0.00 0.00 1.00 0.00 0.00
96.00 11.00 3.00 15.00 41.00 12.00 26.00 0.08 1.39 0.00 0.00 0.00 5.00 8.00 6.00 3.00 10.00 1.00 0.00 0.00 0.00 0.00 0.00
97.00 5.00 0.00 1.00 19.00 1.00 18.00 0.08 0.31 0.00 0.00 0.00 3.00 4.00 2.00 1.00 5.00 0.00 0.00 0.00 0.00 0.00 0.00
98.00 3.00 0.00 0.00 10.00 0.00 10.00 0.09 0.13 0.00 0.00 0.00 2.00 3.00 1.00 0.00 3.00 0.00 0.00 0.00 0.00 0.00 0.00
99.00 6.00 1.00 9.00 26.00 8.00 17.00 0.09 0.42 0.00 0.00 0.00 2.00 4.00 4.00 2.00 6.00 0.00 0.00 0.00 0.00 0.00 0.00
100.00 4.00 1.00 4.00 16.00 3.00 12.00 0.07 0.16 0.00 0.00 0.00 2.00 4.00 2.00 0.00 4.00 0.00 0.00 0.00 0.00 0.00 0.00
101.00 4.00 0.00 0.00 8.00 0.00 8.00 0.08 0.44 0.00 0.00 0.00 2.00 4.00 2.00 0.00 4.00 0.00 0.00 0.00 0.00 0.00 0.00
102.00 5.00 0.00 2.00 18.00 2.00 16.00 0.08 0.54 0.00 0.00 0.00 3.00 4.00 2.00 1.00 5.00 0.00 0.00 0.00 0.00 0.00 0.00
103.00 2.00 0.00 0.00 1.00 0.00 1.00 0.08 0.22 0.00 0.00 0.00 2.00 2.00 0.00 0.00 2.00 0.00 0.00 0.00 0.00 0.00 0.00
