0.00 2.00 0.00 0.00 5.00 0.00 5.00 0.07 0.11 0.00 0.00 0.00 2.00 2.00 0.00 0.00 2.00 0.00 0.00 0.00 0.00 0.00 0.00
1.00 6.00 2.00 9.00 26.00 7.00 17.00 0.08 0.18 0.00 0.00 0.00 2.00 4.00 4.00 2.00 6.00 0.00 0.00 0.00 0.00 0.00 0.00
2.00 3.00 0.00 0.00 8.00 0.00 8.00 0.08 0.26 0.00 0.00 0.00 2.00 3.00 1.00 0.00 3.00 0.00 0.00 0.00 0.00 0.00 0.00
3.00 3.00 0.00 0.00 5.00 0.00 5.00 0.10 0.12 0.00 0.00 0.00 2.00 3.00 1.00 0.00 3.00 0.00 0.00 0.00 0.00 0.00 0.00
4.00 7.00 2.00 10.00 26.00 8.00 16.00 0.09 0.41 0.00 0.00 0.00 5.00 6.00 2.00 1.00 6.00 1.00 0.00 0.00 0.00 0.00 0.00
5.00 6.00 3.00 9.00 25.00 6.00 16.00 0.08 0.29 0.00 0.00 0.00 2.00 5.00 4.00 1.00 5.00 1.00 0.00 0.00 0.00 0.00 0.00
6.00 6.00 1.00 10.00 25.00 9.00 15.00 0.09 0.22 0.00 0.00 0.00 4.00 4.00 2.00 2.00 6.00 0.00 0.00 0.00 0.00 0.00 0.00
7.00 7.00 3.00 12.00 32.00 9.00 20.00 0.10 0.30 0.00 0.00 0.00 3.00 5.00 4.00 2.00 6.00 1.00 0.00 0.00 0.00 0.00 0.00
8.00 6.00 2.00 10.00 27.00 8.00 17.00 0.10 0.22 0.00 0.00 0.00 2.00 5.00 4.00 1.00 5.00 1.00 0.00 0.00 0.00 0.00 0.00
9.00 8.00 4.00 13.00 33.00 9.00 20.00 0.08 0.48 0.00 0.00 0.00 2.00 5.00 6.00 3.00 7.00 1.00 0.00 0.00 0.00 0.00 0.00
10.00 8.00 4.00 11.00 32.00 7.00 21.00 0.07 0.44 0.00 0.00 0.00 3.00 6.00 5.00 2.00 7.00 1.00 0.00 0.00 0.00 0.00 0.00
11.00 7.00 0.00 7.00 27.00 7.00 20.00 0.08 0.19 0.00 0.00 0.00 4.00 5.00 3.00 2.00 6.00 1.00 0.00 0.00 0.00 0.00 0.00
12.00 8.00 3.00 11.00 33.00 8.00 22.00 0.08 0.24 0.00 0.00 0.00 4.00 5.00 4.00 3.00 6.00 2.00 0.00 0.00 0.00 0.00 0.00
13.00 6.00 0.00 5.00 22.00 5.00 17.00 0.07 0.31 0.00 0.00 0.00 3.00 5.00 3.00 1.00 6.00 0.00 0.00 1.00 0.00 0.00 0.00
14.00 7.00 3.00 9.00 29.00 6.00 20.00 0.10 0.22 0.00 0.00 0.00 1.00 3.00 6.00 4.00 6.00 1.00 0.00 0.00 0.00 0.00 0.00
15.00 8.00 3.00 14.00 36.00 11.00 22.00 0.09 0.17 0.00 0.00 0.00 1.00 3.00 7.00 5.00 7.00 1.00 0.00 0.00 0.00 0.00 0.00
16.00 11.00 9.00 25.00 55.00 16.00 30.00 0.07 0.40 0.00 0.00 0.00 5.00 9.00 6.00 2.00 10.00 1.00 0.00 0.00 0.00 0.00 0.00
17.00 6.00 1.00 8.00 24.00 7.00 16.00 0.09 0.40 0.00 0.00 0.00 3.00 5.00 3.00 1.00 6.00 0.00 0.00 0.00 0.00 0.00 0.00
18.00 11.00 8.00 25.00 54.00 17.00 29.00 0.09 0.44 0.00 0.00 0.00 3.00 6.00 8.00 5.00 9.00 2.00 0.00 0.00 0.00 0.00 0.00
19.00 6.00 3.00 11.00 23.00 8.00 12.00 0.09 0.30 0.00 0.00 0.00 2.00 4.00 4.00 2.00 4.00 2.00 0.00 0.00 0.00 0.00 0.00
20.00 13.00 6.00 26.00 56.00 20.00 30.00 0.08 0.68 0.00 0.00 0.00 4.00 10.00 9.00 3.00 12.00 1.00 0.00 0.00 0.00 0.00 0.00
21.00 10.00 4.00 19.00 47.00 15.00 28.00 0.08 2.01 0.00 0.00 0.00 6.00 8.00 4.00 2.00 9.00 1.00 0.00 0.00 0.00 0.00 0.00
22.00 21.00 15.00 45.00 101.00 30.00 56.00 0.09 2.81 0.00 0.00 0.00 8.00 10.00 13.00 11.00 17.00 4.00 0.00 0.00 0.00 0.00 0.00
23.00 13.00 4.00 25.00 61.00 21.00 36.00 0.07 1.97 0.00 0.00 0.00 4.00 9.00 9.00 4.00 10.00 3.00 0.00 0.00 0.00 0.00 0.00
24.00 19.00 14.00 43.00 101.00 29.00 58.00 0.08 0.95 0.00 0.00 0.00 5.00 10.00 14.00 9.00 12.00 7.00 0.00 0.00 0.00 0.00 0.00
25.00 27.00 23.00 71.00 137.00 48.00 66.00 0.09 3.41 0.00 0.00 0.00 6.00 10.00 21.00 17.00 16.00 11.00 0.00 0.00 0.00 0.00 1.00
26.00 24.00 20.00 58.00 118.00 38.00 60.00 0.09 2.58 0.00 0.00 0.00 9.00 12.00 15.00 12.00 16.00 8.00 0.00 0.00 0.00 0.00 0.00
27.00 27.00 28.00 68.00 135.00 40.00 67.00 0.08 2.72 0.00 0.00 0.00 2.00 9.00 25.00 18.00 18.00 9.00 0.00 0.00 0.00 0.00 0.00
28.00 20.00 10.00 46.00 107.00 36.00 61.00 0.08 2.30 0.00 0.00 0.00 5.00 8.00 15.00 12.00 13.00 7.00 0.00 0.00 0.00 0.00 1.00
29.00 22.00 24.00 57.00 111.00 33.00 54.00 0.10 0.82 1.00 1.00 1.00 7.00 9.00 15.00 13.00 14.00 8.00 0.00 0.00 0.00 0.00 1.00
30.00 27.00 26.00 78.00 135.00 52.00 57.00 0.09 4.23 1.00 1.00 1.00 7.00 14.00 20.00 13.00 16.00 11.00 0.00 0.00 0.00 0.00 0.00
31.00 25.00 20.00 65.00 126.00 45.00 61.00 0.08 2.17 0.00 0.00 0.00 5.00 11.00 20.00 14.00 14.00 11.00 0.00 0.00 0.00 0.00 1.00
32.00 26.00 18.00 63.00 131.00 45.00 68.00 0.09 2.85 1.00 2.00 0.50 7.00 12.00 19.00 14.00 21.00 5.00 0.00 0.00 0.00 0.00 1.00
33.00 32.00 27.00 86.00 165.00 59.00 79.00 0.08 3.07 1.00 2.00 0.50 6.00 15.00 26.00 17.00 16.00 16.00 0.00 0.00 0.00 0.00 0.00
34.00 30.00 30.00 87.00 160.00 57.00 73.00 0.09 2.85 1.00 1.00 1.00 8.00 11.00 22.00 19.00 16.00 14.00 0.00 0.00 0.00 0.00 1.00
35.00 29.00 29.00 82.00 154.00 53.00 72.00 0.10 2.36 1.00 0.00 0.00 6.00 16.00 23.00 13.00 20.00 9.00 0.00 0.00 0.00 0.00 0.00
36.00 27.00 34.00 78.00 137.00 44.00 59.00 0.10 0.95 1.00 1.00 1.00 7.00 12.00 20.00 15.00 18.00 9.00 0.00 0.00 0.00 0.00 1.00
37.00 27.00 29.00 68.00 143.00 39.00 75.00 0.08 1.98 2.00 2.00 1.00 4.00 12.00 23.00 15.00 16.00 11.00 0.00 0.00 1.00 0.00 0.00
38.00 32.00 27.00 79.00 166.00 52.00 87.00 0.08 2.33 0.00 2.00 0.00 9.00 20.00 23.00 12.00 24.00 8.00 0.00 0.00 1.00 1.00 0.00
39.00 27.00 24.00 73.00 138.00 49.00 65.00 0.09 2.53 2.00 0.00 0.00 9.00 18.00 18.00 9.00 20.00 7.00 0.00 0.00 0.00 0.00 0.00
40.00 28.00 33.00 74.00 143.00 41.00 69.00 0.08 0.76 1.00 3.00 0.33 7.00 12.00 21.00 16.00 16.00 12.00 0.00 0.00 0.00 0.00 1.00
41.00 31.00 40.00 87.00 158.00 47.00 71.00 0.09 0.94 1.00 0.00 0.00 5.00 12.00 26.00 19.00 18.00 13.00 0.00 0.00 0.00 0.00 2.00
42.00 23.00 25.00 59.00 120.00 34.00 61.00 0.09 0.78 1.00 0.00 0.00 8.00 10.00 15.00 13.00 13.00 10.00 0.00 0.00 1.00 0.00 0.00
43.00 25.00 25.00 73.00 129.00 48.00 56.00 0.10 1.43 2.00 0.00 0.00 6.00 11.00 19.00 14.00 16.00 9.00 0.00 0.00 0.00 0.00 0.00
44.00 22.00 7.00 58.00 120.00 51.00 62.00 0.07 0.88 1.00 1.00 1.00 7.00 11.00 15.00 11.00 16.00 6.00 0.00 0.00 1.00 0.00 0.00
45.00 21.00 27.00 52.00 108.00 25.00 56.00 0.09 1.41 1.00 0.00 0.00 6.00 10.00 15.00 11.00 15.00 6.00 0.00 0.00 0.00 0.00 0.00
46.00 24.00 16.00 54.00 123.00 38.00 69.00 0.08 0.81 1.00 1.00 1.00 11.00 14.00 13.00 10.00 17.00 7.00 0.00 0.00 0.00 0.00 0.00
47.00 20.00 18.00 45.00 100.00 27.00 55.00 0.09 2.15 1.00 0.00 0.00 7.00 12.00 13.00 8.00 15.00 5.00 0.00 0.00 0.00 0.00 0.00
48.00 23.00 22.00 64.00 120.00 42.00 56.00 0.08 1.47 1.00 0.00 0.00 8.00 14.00 15.00 9.00 19.00 4.00 0.00 0.00 0.00 0.00 0.00
49.00 19.00 21.00 55.00 96.00 34.00 41.00 0.09 0.62 1.00 0.00 0.00 4.00 11.00 15.00 8.00 14.00 5.00 0.00 0.00 0.00 0.00 0.00
50.00 11.00 5.00 20.00 50.00 15.00 30.00 0.09 0.38 1.00 0.00 0.00 2.00 5.00 9.00 6.00 9.00 2.00 0.00 0.00 0.00 0.00 0.00
51.00 14.00 3.00 22.00 68.00 19.00 46.00 0.09 0.69 1.00 0.00 0.00 4.00 9.00 10.00 5.00 12.00 2.00 0.00 0.00 0.00 0.00 0.00
52.00 14.00 5.00 20.00 63.00 15.00 43.00 0.10 0.80 1.00 0.00 0.00 4.00 7.00 10.00 7.00 11.00 3.00 0.00 0.00 0.00 0.00 0.00
53.00 19.00 13.00 49.00 89.00 36.00 40.00 0.08 0.88 1.00 0.00 0.00 6.00 9.00 13.00 10.00 15.00 4.00 0.00 0.00 0.00 0.00 0.00
54.00 22.00 28.00 57.00 104.00 29.00 47.00 0.09 2.90 1.00 0.00 0.00 5.00 12.00 17.00 10.00 16.00 6.00 0.00 0.00 0.00 0.00 0.00
55.00 18.00 18.00 46.00 89.00 28.00 43.00 0.08 3.28 1.00 0.00 0.00 4.00 9.00 14.00 9.00 13.00 5.00 0.00 0.00 0.00 0.00 0.00
56.00 17.00 17.00 47.00 84.00 30.00 37.00 0.08 2.87 1.00 0.00 0.00 2.00 5.00 15.00 12.00 9.00 8.00 0.00 0.00 0.00 0.00 0.00
57.00 17.00 21.00 48.00 90.00 27.00 42.00 0.09 2.18 1.00 1.00 1.00 3.00 6.00 14.00 11.00 11.00 6.00 0.00 0.00 0.00 0.00 0.00
58.00 20.00 21.00 50.00 96.00 29.00 46.00 0.08 3.06 1.00 1.00 1.00 3.00 10.00 17.00 10.00 16.00 4.00 0.00 0.00 0.00 0.00 0.00
59.00 22.00 23.00 56.00 111.00 33.00 55.00 0.10 2.75 1.00 1.00 1.00 6.00 8.00 16.00 14.00 15.00 7.00 0.00 0.00 0.00 0.00 0.00
60.00 17.00 11.00 43.00 86.00 32.00 43.00 0.08 2.26 1.00 0.00 0.00 8.00 8.00 9.00 9.00 13.00 4.00 0.00 0.00 0.00 0.00 0.00
61.00 20.00 21.00 49.00 102.00 28.00 53.00 0.09 2.99 1.00 1.00 1.00 4.00 12.00 16.00 8.00 15.00 5.00 0.00 0.00 0.00 0.00 0.00
62.00 19.00 19.00 49.00 95.00 30.00 46.00 0.09 1.97 1.00 2.00 0.50 6.00 11.00 13.00 8.00 13.00 6.00 0.00 0.00 0.00 0.00 0.00
63.00 23.00 24.00 61.00 113.00 37.00 52.00 0.07 2.42 1.00 0.00 0.00 5.00 12.00 18.00 11.00 16.00 7.00 0.00 0.00 0.00 0.00 0.00
64.00 19.00 18.00 48.00 99.00 30.00 51.00 0.07 1.42 1.00 0.00 0.00 5.00 9.00 14.00 10.00 13.00 6.00 0.00 0.00 0.00 0.00 0.00
65.00 17.00 12.00 34.00 78.00 22.00 44.00 0.08 1.51 0.00 0.00 0.00 7.00 11.00 10.00 6.00 16.00 1.00 0.00 0.00 0.00 0.00 0.00
66.00 11.00 6.00 20.00 53.00 14.00 33.00 0.09 0.62 1.00 0.00 0.00 5.00 8.00 6.00 3.00 9.00 2.00 0.00 0.00 0.00 1.00 0.00
67.00 11.00 6.00 24.00 53.00 18.00 29.00 0.07 3.70 1.00 0.00 0.00 2.00 5.00 9.00 6.00 7.00 4.00 0.00 0.00 0.00 0.00 0.00
68.00 7.00 0.00 9.00 26.00 9.00 17.00 0.08 0.37 0.00 0.00 0.00 3.00 6.00 4.00 1.00 7.00 0.00 0.00 0.00 0.00 0.00 0.00
69.00 8.00 1.00 14.00 37.00 13.00 23.00 0.09 0.48 0.00 0.00 0.00 4.00 7.00 4.00 1.00 7.00 1.00 0.00 0.00 0.00 0.00 0.00
70.00 13.00 7.00 30.00 64.00 23.00 34.00 0.07 1.58 1.00 0.00 0.00 0.00 6.00 13.00 7.00 8.00 5.00 0.00 0.00 0.00 0.00 0.00
71.00 18.00 17.00 44.00 84.00 27.00 40.00 0.10 2.62 1.00 0.00 0.00 5.00 12.00 13.00 6.00 14.00 4.00 0.00 0.00 0.00 0.00 0.00
72.00 8.00 3.00 12.00 34.00 9.00 22.00 0.09 0.56 1.00 0.00 0.00 4.00 6.00 4.00 2.00 7.00 1.00 0.00 0.00 0.00 0.00 0.00
73.00 8.00 2.00 15.00 38.00 13.00 23.00 0.08 0.25 0.00 0.00 0.00 1.00 5.00 7.00 3.00 7.00 1.00 0.00 0.00 0.00 0.00 0.00
74.00 6.00 1.00 7.00 23.00 6.00 16.00 0.09 0.53 0.00 0.00 0.00 1.00 5.00 5.00 1.00 6.00 0.00 0.00 0.00 1.00 0.00 0.00
75.00 11.00 3.00 15.00 41.00 12.00 26.00 0.08 1.39 0.00 0.00 0.00 5.00 8.00 6.00 3.00 10.00 1.00 0.00 0.00 0.00 0.00 0.00
76.00 5.00 0.00 1.00 19.00 1.00 18.00 0.08 0.31 0.00 0.00 0.00 3.00 4.00 2.00 1.00 5.00 0.00 0.00 0.00 0.00 0.00 0.00
77.00 3.00 0.00 0.00 10.00 0.00 10.00 0.09 0.13 0.00 0.00 0.00 2.00 3.00 1.00 0.00 3.00 0.00 0.00 0.00 0.00 0.00 0.00
78.00 6.00 1.00 9.00 26.00 8.00 17.00 0.09 0.42 0.00 0.00 0.00 2.00 4.00 4.00 2.00 6.00 0.00 0.00 0.00 0.00 0.00 0.00
79.00 4.00 1.00 4.00 16.00 3.00 12.00 0.07 0.16 0.00 0.00 0.00 2.00 4.00 2.00 0.00 4.00 0.00 0.00 0.00 0.00 0.00 0.00
80.00 4.00 0.00 0.00 8.00 0.00 8.00 0.08 0.44 0.00 0.00 0.00 2.00 4.00 2.00 0.00 4.00 0.00 0.00 0.00 0.00 0.00 0.00
81.00 5.00 0.00 2.00 18.00 2.00 16.00 0.08 0.54 0.00 0.00 0.00 3.00 4.00 2.00 1.00 5.00 0.00 0.00 0.00 0.00 0.00 0.00
82.00 2.00 0.00 0.00 1.00 0.00 1.00 0.08 0.22 0.00 0.00 0.00 2.00 2.00 0.00 0.00 2.00 0.00 0.00 0.00 0.00 0.00 0.00
