0.00 2.00 0.00 0.00 2.00 0.00 2.00 0.10 0.14 0.00 0.00 0.00 2.00 2.00 0.00 0.00 2.00 0.00 0.00 0.00 0.00 0.00 0.00
1.00 6.00 3.00 11.00 27.00 8.00 16.00 0.08 0.21 0.00 0.00 0.00 2.00 4.00 4.00 2.00 6.00 0.00 0.00 0.00 0.00 0.00 0.00
2.00 4.00 0.00 2.00 12.00 2.00 10.00 0.09 0.25 0.00 0.00 0.00 2.00 4.00 2.00 0.00 4.00 0.00 0.00 0.00 0.00 0.00 0.00
3.00 3.00 0.00 0.00 7.00 0.00 7.00 0.08 5.09 0.00 0.00 0.00 2.00 3.00 1.00 0.00 3.00 0.00 0.00 0.00 0.00 0.00 0.00
4.00 5.00 1.00 7.00 24.00 6.00 17.00 0.09 4.98 0.00 0.00 0.00 1.00 2.00 4.00 3.00 5.00 0.00 0.00 0.00 0.00 0.00 0.00
5.00 9.00 6.00 15.00 43.00 9.00 28.00 0.09 3.17 0.00 0.00 0.00 3.00 5.00 6.00 4.00 8.00 1.00 0.00 0.00 0.00 0.00 0.00
6.00 7.00 2.00 8.00 27.00 6.00 19.00 0.09 5.72 0.00 0.00 0.00 1.00 4.00 6.00 3.00 7.00 0.00 0.00 0.00 0.00 0.00 0.00
7.00 9.00 4.00 15.00 36.00 11.00 21.00 0.09 3.35 0.00 0.00 0.00 1.00 6.00 8.00 3.00 7.00 2.00 0.00 0.00 0.00 0.00 0.00
8.00 5.00 1.00 6.00 21.00 5.00 15.00 0.08 4.73 0.00 0.00 0.00 1.00 3.00 4.00 2.00 4.00 1.00 0.00 0.00 0.00 0.00 0.00
9.00 10.00 4.00 20.00 46.00 16.00 26.00 0.09 4.35 0.00 0.00 0.00 6.00 6.00 4.00 4.00 6.00 4.00 0.00 0.00 0.00 0.00 0.00
10.00 9.00 6.00 17.00 42.00 11.00 25.00 0.10 3.35 0.00 0.00 0.00 3.00 5.00 6.00 4.00 7.00 2.00 0.00 0.00 0.00 0.00 0.00
11.00 6.00 2.00 8.00 28.00 6.00 20.00 0.10 5.31 0.00 0.00 0.00 3.00 4.00 3.00 2.00 5.00 1.00 0.00 0.00 0.00 0.00 0.00
12.00 12.00 2.00 19.00 56.00 17.00 37.00 0.09 5.21 0.00 0.00 0.00 5.00 8.00 7.00 4.00 11.00 1.00 0.00 0.00 0.00 0.00 0.00
13.00 9.00 2.00 14.00 38.00 12.00 24.00 0.08 4.95 0.00 0.00 0.00 5.00 6.00 4.00 3.00 8.00 1.00 0.00 0.00 0.00 0.00 0.00
14.00 12.00 8.00 24.00 51.00 16.00 27.00 0.09 4.91 0.00 0.00 0.00 4.00 7.00 8.00 5.00 10.00 2.00 0.00 0.00 0.00 0.00 0.00
15.00 14.00 9.00 30.00 62.00 21.00 32.00 0.09 4.60 0.00 0.00 0.00 4.00 6.00 10.00 8.00 9.00 5.00 0.00 0.00 0.00 0.00 0.00
16.00 9.00 2.00 10.00 40.00 8.00 30.00 0.08 2.18 0.00 0.00 0.00 4.00 7.00 5.00 2.00 7.00 2.00 0.00 0.00 0.00 0.00 0.00
17.00 12.00 3.00 22.00 56.00 19.00 34.00 0.10 1.95 0.00 0.00 0.00 4.00 5.00 8.00 7.00 9.00 3.00 0.00 0.00 0.00 0.00 0.00
18.00 12.00 8.00 23.00 55.00 15.00 32.00 0.09 4.67 0.00 0.00 0.00 4.00 8.00 8.00 4.00 11.00 1.00 0.00 0.00 0.00 0.00 0.00
19.00 12.00 6.00 26.00 57.00 20.00 31.00 0.10 5.33 0.00 0.00 0.00 3.00 6.00 9.00 6.00 9.00 3.00 0.00 0.00 0.00 0.00 0.00
20.00 14.00 13.00 33.00 71.00 20.00 38.00 0.09 4.07 0.00 0.00 0.00 1.00 5.00 13.00 9.00 8.00 6.00 0.00 0.00 0.00 0.00 0.00
21.00 15.00 12.00 30.00 71.00 18.00 41.00 0.08 5.07 0.00 0.00 0.00 5.00 13.00 10.00 2.00 14.00 1.00 0.00 0.00 0.00 0.00 0.00
22.00 13.00 6.00 26.00 66.00 20.00 40.00 0.09 4.56 0.00 2.00 0.00 3.00 4.00 10.00 9.00 6.00 7.00 0.00 0.00 0.00 0.00 0.00
23.00 15.00 8.00 37.00 70.00 29.00 33.00 0.08 4.09 1.00 0.00 0.00 6.00 12.00 9.00 3.00 12.00 3.00 0.00 0.00 0.00 0.00 0.00
24.00 14.00 7.00 23.00 67.00 16.00 44.00 0.08 4.45 0.00 0.00 0.00 6.00 8.00 8.00 6.00 11.00 3.00 0.00 0.00 1.00 0.00 0.00
25.00 20.00 22.00 57.00 106.00 35.00 49.00 0.08 5.61 1.00 0.00 0.00 3.00 11.00 17.00 9.00 13.00 7.00 0.00 0.00 0.00 0.00 0.00
26.00 15.00 14.00 37.00 69.00 23.00 32.00 0.09 5.61 1.00 0.00 0.00 6.00 9.00 9.00 6.00 13.00 2.00 0.00 0.00 0.00 0.00 0.00
27.00 18.00 24.00 49.00 86.00 25.00 37.00 0.09 4.98 1.00 0.00 0.00 5.00 10.00 13.00 8.00 13.00 5.00 0.00 0.00 0.00 0.00 0.00
28.00 19.00 22.00 55.00 94.00 33.00 39.00 0.09 4.37 1.00 0.00 0.00 3.00 9.00 16.00 10.00 14.00 5.00 0.00 0.00 0.00 0.00 0.00
29.00 19.00 23.00 53.00 97.00 30.00 44.00 0.10 4.46 1.00 0.00 0.00 6.00 10.00 13.00 9.00 14.00 5.00 0.00 0.00 0.00 0.00 0.00
30.00 10.00 1.00 13.00 39.00 12.00 26.00 0.09 2.34 1.00 0.00 0.00 2.00 8.00 8.00 2.00 9.00 1.00 0.00 0.00 0.00 0.00 0.00
31.00 16.00 11.00 34.00 77.00 23.00 43.00 0.09 5.02 1.00 1.00 1.00 6.00 11.00 10.00 5.00 11.00 5.00 0.00 0.00 1.00 0.00 0.00
32.00 21.00 24.00 57.00 105.00 33.00 48.00 0.09 5.21 1.00 1.00 1.00 7.00 10.00 14.00 11.00 15.00 6.00 0.00 0.00 0.00 0.00 0.00
33.00 17.00 11.00 44.00 83.00 33.00 39.00 0.09 4.31 1.00 0.00 0.00 6.00 9.00 11.00 8.00 12.00 5.00 0.00 0.00 0.00 0.00 0.00
34.00 18.00 12.00 39.00 87.00 27.00 48.00 0.09 4.07 1.00 1.00 1.00 6.00 10.00 12.00 8.00 15.00 3.00 0.00 0.00 0.00 0.00 0.00
35.00 19.00 24.00 50.00 96.00 26.00 46.00 0.08 4.03 1.00 1.00 1.00 4.00 9.00 15.00 10.00 12.00 7.00 0.00 0.00 0.00 0.00 0.00
36.00 16.00 16.00 38.00 76.00 22.00 38.00 0.08 5.01 1.00 1.00 1.00 4.00 7.00 12.00 9.00 12.00 4.00 0.00 0.00 0.00 0.00 0.00
37.00 14.00 12.00 36.00 67.00 24.00 31.00 0.09 4.26 1.00 1.00 1.00 4.00 9.00 10.00 5.00 10.00 4.00 0.00 0.00 0.00 0.00 0.00
38.00 6.00 1.00 7.00 21.00 6.00 14.00 0.07 5.23 1.00 0.00 0.00 3.00 4.00 3.00 2.00 5.00 1.00 0.00 0.00 0.00 0.00 0.00
39.00 18.00 22.00 47.00 90.00 25.00 43.00 0.09 4.98 1.00 0.00 0.00 3.00 7.00 15.00 11.00 14.00 4.00 0.00 0.00 0.00 0.00 0.00
40.00 14.00 13.00 31.00 64.00 18.00 33.00 0.08 4.80 0.00 0.00 0.00 6.00 11.00 8.00 3.00 12.00 2.00 0.00 0.00 0.00 0.00 0.00
41.00 17.00 15.00 46.00 86.00 31.00 40.00 0.08 5.47 1.00 0.00 0.00 4.00 10.00 13.00 7.00 12.00 5.00 0.00 0.00 0.00 0.00 0.00
42.00 17.00 15.00 39.00 76.00 24.00 37.00 0.08 3.35 1.00 1.00 1.00 3.00 12.00 14.00 5.00 13.00 4.00 0.00 0.00 0.00 0.00 0.00
43.00 18.00 9.00 34.00 80.00 25.00 46.00 0.08 4.05 1.00 1.00 1.00 7.00 11.00 11.00 7.00 15.00 3.00 0.00 0.00 0.00 0.00 0.00
44.00 12.00 2.00 19.00 60.00 17.00 41.00 0.08 4.25 1.00 1.00 1.00 5.00 8.00 7.00 4.00 10.00 2.00 0.00 0.00 0.00 0.00 0.00
45.00 21.00 28.00 60.00 96.00 32.00 36.00 0.09 4.47 1.00 1.00 1.00 8.00 12.00 13.00 9.00 18.00 3.00 0.00 0.00 0.00 0.00 0.00
46.00 19.00 23.00 56.00 93.00 33.00 37.00 0.09 4.60 1.00 1.00 1.00 1.00 10.00 18.00 9.00 13.00 6.00 0.00 0.00 0.00 0.00 0.00
47.00 15.00 13.00 29.00 73.00 16.00 44.00 0.10 4.79 1.00 0.00 0.00 5.00 8.00 10.00 7.00 11.00 4.00 0.00 0.00 0.00 0.00 0.00
48.00 21.00 24.00 54.00 99.00 30.00 45.00 0.10 5.05 1.00 1.00 1.00 3.00 13.00 18.00 8.00 14.00 7.00 0.00 0.00 0.00 0.00 0.00
49.00 19.00 15.00 42.00 90.00 27.00 48.00 0.08 4.55 1.00 0.00 0.00 6.00 12.00 13.00 7.00 16.00 3.00 0.00 0.00 0.00 0.00 0.00
50.00 23.00 29.00 62.00 122.00 33.00 60.00 0.10 4.82 1.00 2.00 0.50 5.00 9.00 18.00 14.00 15.00 8.00 0.00 0.00 0.00 0.00 0.00
51.00 24.00 24.00 67.00 114.00 43.00 47.00 0.08 4.61 1.00 1.00 1.00 8.00 12.00 16.00 12.00 16.00 8.00 0.00 0.00 0.00 0.00 0.00
52.00 22.00 25.00 64.00 113.00 39.00 49.00 0.08 4.58 1.00 2.00 0.50 7.00 8.00 15.00 14.00 13.00 9.00 0.00 0.00 0.00 0.00 0.00
53.00 19.00 24.00 49.00 97.00 25.00 48.00 0.09 3.87 1.00 1.00 1.00 3.00 8.00 16.00 11.00 11.00 8.00 0.00 0.00 0.00 0.00 0.00
54.00 19.00 21.00 54.00 92.00 33.00 38.00 0.07 4.88 1.00 1.00 1.00 2.00 6.00 17.00 13.00 12.00 7.00 0.00 0.00 0.00 1.00 0.00
55.00 17.00 16.00 39.00 81.00 23.00 42.00 0.09 5.13 1.00 1.00 1.00 7.00 9.00 10.00 8.00 11.00 6.00 0.00 0.00 0.00 0.00 0.00
56.00 25.00 26.00 64.00 123.00 38.00 59.00 0.08 4.92 0.00 1.00 0.00 10.00 14.00 15.00 11.00 16.00 9.00 0.00 0.00 0.00 0.00 0.00
57.00 21.00 20.00 53.00 103.00 33.00 50.00 0.08 4.02 1.00 1.00 1.00 5.00 9.00 16.00 12.00 17.00 4.00 0.00 0.00 0.00 0.00 0.00
58.00 19.00 10.00 47.00 93.00 37.00 46.00 0.09 4.50 1.00 1.00 1.00 4.00 9.00 15.00 10.00 15.00 4.00 0.00 0.00 0.00 0.00 0.00
59.00 18.00 13.00 41.00 92.00 28.00 51.00 0.09 5.34 0.00 2.00 0.00 5.00 9.00 13.00 9.00 13.00 5.00 0.00 0.00 0.00 0.00 0.00
60.00 25.00 38.00 75.00 124.00 37.00 49.00 0.09 5.05 1.00 1.00 1.00 7.00 11.00 18.00 14.00 15.00 10.00 0.00 0.00 0.00 0.00 0.00
61.00 25.00 34.00 65.00 126.00 31.00 61.00 0.08 4.75 1.00 1.00 1.00 5.00 9.00 20.00 16.00 16.00 9.00 0.00 0.00 0.00 0.00 0.00
62.00 32.00 32.00 88.00 158.00 56.00 70.00 0.10 4.27 2.00 0.00 0.00 8.00 14.00 24.00 18.00 22.00 10.00 0.00 0.00 1.00 0.00 0.00
63.00 25.00 29.00 67.00 125.00 38.00 58.00 0.09 3.51 1.00 1.00 1.00 7.00 13.00 18.00 12.00 16.00 9.00 0.00 0.00 0.00 0.00 0.00
64.00 23.00 23.00 61.00 114.00 38.00 53.00 0.08 4.58 1.00 0.00 0.00 5.00 14.00 18.00 9.00 17.00 6.00 0.00 0.00 0.00 0.00 0.00
65.00 22.00 22.00 55.00 111.00 33.00 56.00 0.07 4.26 1.00 1.00 1.00 5.00 13.00 17.00 9.00 16.00 6.00 0.00 0.00 2.00 0.00 0.00
66.00 26.00 31.00 75.00 131.00 44.00 56.00 0.08 4.38 1.00 0.00 0.00 7.00 15.00 19.00 11.00 20.00 6.00 0.00 0.00 0.00 0.00 0.00
67.00 18.00 14.00 42.00 89.00 28.00 47.00 0.09 3.04 1.00 0.00 0.00 6.00 11.00 12.00 7.00 14.00 4.00 0.00 0.00 0.00 0.00 0.00
68.00 22.00 19.00 57.00 113.00 38.00 56.00 0.08 4.03 1.00 0.00 0.00 6.00 13.00 16.00 9.00 16.00 6.00 0.00 0.00 0.00 0.00 0.00
69.00 22.00 28.00 59.00 110.00 31.00 51.00 0.08 3.80 1.00 0.00 0.00 7.00 11.00 15.00 11.00 13.00 9.00 0.00 0.00 0.00 0.00 0.00
70.00 19.00 21.00 48.00 96.00 27.00 48.00 0.08 4.26 1.00 0.00 0.00 2.00 8.00 17.00 11.00 12.00 7.00 0.00 0.00 0.00 0.00 0.00
71.00 19.00 21.00 51.00 98.00 30.00 47.00 0.08 3.61 1.00 1.00 1.00 9.00 11.00 10.00 8.00 15.00 4.00 0.00 0.00 0.00 0.00 0.00
72.00 24.00 19.00 60.00 123.00 41.00 63.00 0.09 4.17 1.00 1.00 1.00 6.00 15.00 18.00 9.00 17.00 7.00 0.00 0.00 0.00 0.00 0.00
73.00 23.00 32.00 67.00 107.00 35.00 40.00 0.09 3.94 1.00 1.00 1.00 3.00 8.00 20.00 15.00 17.00 6.00 0.00 0.00 0.00 0.00 0.00
74.00 9.00 3.00 14.00 44.00 11.00 30.00 0.08 2.07 1.00 0.00 0.00 4.00 5.00 5.00 4.00 9.00 0.00 0.00 0.00 0.00 0.00 0.00
75.00 21.00 25.00 57.00 108.00 32.00 51.00 0.08 3.54 1.00 0.00 0.00 6.00 8.00 15.00 13.00 12.00 9.00 0.00 0.00 0.00 1.00 0.00
76.00 27.00 33.00 80.00 140.00 47.00 60.00 0.08 3.83 1.00 0.00 0.00 6.00 12.00 21.00 15.00 16.00 11.00 0.00 0.00 1.00 1.00 0.00
77.00 23.00 30.00 65.00 123.00 35.00 58.00 0.09 4.30 1.00 1.00 1.00 8.00 9.00 15.00 14.00 16.00 7.00 0.00 0.00 0.00 0.00 0.00
78.00 21.00 19.00 46.00 104.00 27.00 58.00 0.09 3.25 1.00 0.00 0.00 3.00 10.00 18.00 11.00 12.00 9.00 0.00 0.00 0.00 0.00 0.00
79.00 25.00 27.00 63.00 115.00 36.00 52.00 0.09 3.98 1.00 0.00 0.00 8.00 13.00 17.00 12.00 18.00 7.00 0.00 0.00 0.00 0.00 0.00
80.00 22.00 24.00 61.00 105.00 37.00 44.00 0.09 3.47 1.00 2.00 0.50 5.00 11.00 17.00 11.00 13.00 9.00 0.00 0.00 0.00 0.00 0.00
81.00 26.00 35.00 77.00 129.00 42.00 52.00 0.08 4.52 1.00 2.00 0.50 8.00 14.00 18.00 12.00 18.00 8.00 0.00 0.00 0.00 0.00 0.00
82.00 21.00 24.00 56.00 103.00 32.00 47.00 0.07 2.90 1.00 1.00 1.00 6.00 11.00 15.00 10.00 16.00 5.00 0.00 0.00 0.00 0.00 0.00
83.00 23.00 28.00 64.00 121.00 36.00 57.00 0.08 3.11 1.00 0.00 0.00 6.00 10.00 17.00 13.00 16.00 7.00 0.00 0.00 0.00 0.00 0.00
84.00 18.00 16.00 46.00 91.00 30.00 45.00 0.08 3.61 2.00 1.00 2.00 5.00 9.00 13.00 9.00 12.00 6.00 0.00 0.00 0.00 0.00 0.00
85.00 25.00 26.00 66.00 121.00 40.00 55.00 0.10 3.04 1.00 1.00 1.00 5.00 12.00 20.00 13.00 21.00 4.00 0.00 0.00 0.00 0.00 0.00
86.00 21.00 21.00 59.00 110.00 38.00 51.00 0.08 3.29 1.00 1.00 1.00 7.00 12.00 14.00 9.00 16.00 5.00 0.00 0.00 0.00 0.00 0.00
87.00 24.00 29.00 68.00 121.00 39.00 53.00 0.11 3.06 1.00 2.00 0.50 3.00 7.00 21.00 17.00 13.00 11.00 0.00 0.00 0.00 0.00 0.00
88.00 22.00 22.00 61.00 110.00 39.00 49.00 0.09 2.51 1.00 2.00 0.50 6.00 13.00 16.00 9.00 15.00 7.00 0.00 0.00 0.00 0.00 0.00
89.00 20.00 20.00 53.00 97.00 33.00 44.00 0.07 2.12 1.00 1.00 1.00 5.00 11.00 15.00 9.00 14.00 6.00 0.00 0.00 0.00 0.00 0.00
90.00 22.00 30.00 67.00 113.00 37.00 46.00 0.09 1.35 1.00 1.00 1.00 4.00 8.00 18.00 14.00 13.00 9.00 0.00 0.00 0.00 0.00 0.00
91.00 21.00 30.00 62.00 105.00 32.00 43.00 0.08 2.12 1.00 1.00 1.00 8.00 9.00 13.00 12.00 14.00 7.00 0.00 0.00 0.00 0.00 0.00
92.00 19.00 12.00 50.00 101.00 38.00 51.00 0.08 2.41 1.00 1.00 1.00 1.00 8.00 18.00 11.00 11.00 8.00 0.00 0.00 0.00 0.00 0.00
93.00 23.00 29.00 64.00 113.00 35.00 49.00 0.08 2.50 1.00 1.00 1.00 5.00 11.00 18.00 12.00 15.00 8.00 0.00 0.00 0.00 0.00 0.00
94.00 22.00 27.00 65.00 110.00 38.00 45.00 0.09 2.65 1.00 1.00 1.00 2.00 7.00 20.00 15.00 9.00 13.00 0.00 0.00 0.00 0.00 0.00
95.00 18.00 22.00 48.00 89.00 26.00 41.00 0.08 0.43 1.00 1.00 1.00 4.00 10.00 14.00 8.00 13.00 5.00 0.00 0.00 0.00 0.00 0.00
96.00 18.00 13.00 45.00 94.00 32.00 49.00 0.09 0.72 1.00 0.00 0.00 4.00 8.00 14.00 10.00 14.00 4.00 0.00 0.00 0.00 0.00 0.00
97.00 10.00 7.00 22.00 50.00 15.00 28.00 0.09 0.45 1.00 0.00 0.00 4.00 7.00 6.00 3.00 8.00 2.00 0.00 0.00 0.00 0.00 0.00
98.00 18.00 14.00 42.00 91.00 28.00 49.00 0.08 0.59 1.00 0.00 0.00 7.00 9.00 11.00 9.00 16.00 2.00 0.00 0.00 0.00 0.00 0.00
99.00 28.00 22.00 66.00 141.00 44.00 75.00 0.09 2.28 1.00 1.00 1.00 6.00 13.00 22.00 15.00 22.00 6.00 0.00 0.00 0.00 1.00 0.00
100.00 16.00 18.00 42.00 78.00 24.00 36.00 0.08 0.61 1.00 0.00 0.00 5.00 8.00 11.00 8.00 9.00 7.00 0.00 0.00 0.00 0.00 0.00
101.00 17.00 12.00 44.00 88.00 32.00 44.00 0.08 0.53 1.00 0.00 0.00 4.00 9.00 13.00 8.00 12.00 5.00 0.00 0.00 0.00 0.00 0.00
102.00 10.00 1.00 10.00 48.00 9.00 38.00 0.08 0.55 1.00 0.00 0.00 4.00 7.00 6.00 3.00 8.00 2.00 0.00 0.00 0.00 0.00 0.00
103.00 18.00 12.00 46.00 87.00 34.00 41.00 0.09 1.51 1.00 0.00 0.00 2.00 7.00 16.00 11.00 13.00 5.00 0.00 0.00 0.00 0.00 0.00
104.00 17.00 16.00 42.00 87.00 26.00 45.00 0.10 1.59 1.00 0.00 0.00 5.00 10.00 12.00 7.00 12.00 5.00 0.00 0.00 0.00 1.00 0.00
105.00 19.00 15.00 48.00 96.00 33.00 48.00 0.08 1.48 1.00 1.00 1.00 3.00 7.00 16.00 12.00 15.00 4.00 0.00 0.00 0.00 0.00 0.00
106.00 20.00 21.00 50.00 106.00 29.00 56.00 0.08 1.99 1.00 1.00 1.00 8.00 11.00 12.00 9.00 16.00 4.00 0.00 0.00 0.00 0.00 0.00
107.00 13.00 11.00 30.00 64.00 19.00 34.00 0.10 0.40 1.00 0.00 0.00 6.00 8.00 7.00 5.00 9.00 4.00 0.00 0.00 1.00 0.00 0.00
108.00 16.00 11.00 37.00 79.00 26.00 42.00 0.09 0.61 1.00 1.00 1.00 6.00 7.00 10.00 9.00 10.00 6.00 0.00 0.00 0.00 0.00 0.00
109.00 17.00 14.00 38.00 86.00 24.00 48.00 0.10 1.53 1.00 0.00 0.00 6.00 8.00 11.00 9.00 10.00 7.00 0.00 0.00 1.00 0.00 0.00
110.00 16.00 13.00 38.00 77.00 25.00 39.00 0.10 0.60 1.00 0.00 0.00 7.00 10.00 9.00 6.00 13.00 3.00 0.00 0.00 0.00 0.00 0.00
111.00 13.00 7.00 23.00 58.00 16.00 35.00 0.08 0.59 0.00 0.00 0.00 4.00 10.00 9.00 3.00 12.00 1.00 0.00 0.00 0.00 0.00 0.00
112.00 18.00 11.00 40.00 92.00 29.00 52.00 0.09 0.63 0.00 0.00 0.00 4.00 8.00 14.00 10.00 14.00 4.00 0.00 0.00 0.00 0.00 0.00
113.00 15.00 9.00 36.00 76.00 27.00 40.00 0.09 0.56 1.00 0.00 0.00 2.00 9.00 13.00 6.00 11.00 4.00 0.00 0.00 0.00 0.00 0.00
114.00 16.00 15.00 38.00 74.00 23.00 36.00 0.09 0.46 1.00 0.00 0.00 10.00 11.00 6.00 5.00 14.00 2.00 0.00 0.00 0.00 0.00 0.00
115.00 15.00 9.00 33.00 77.00 24.00 44.00 0.08 0.53 0.00 0.00 0.00 6.00 9.00 9.00 6.00 12.00 3.00 0.00 0.00 0.00 0.00 0.00
116.00 17.00 14.00 39.00 81.00 25.00 42.00 0.10 0.59 0.00 0.00 0.00 6.00 11.00 11.00 6.00 12.00 5.00 0.00 0.00 0.00 0.00 0.00
117.00 12.00 8.00 27.00 56.00 19.00 29.00 0.09 0.40 0.00 0.00 0.00 6.00 9.00 6.00 3.00 10.00 2.00 0.00 0.00 0.00 0.00 0.00
118.00 15.00 12.00 31.00 66.00 19.00 35.00 0.08 0.55 0.00 0.00 0.00 7.00 11.00 8.00 4.00 11.00 4.00 0.00 0.00 0.00 0.00 0.00
119.00 11.00 6.00 21.00 54.00 15.00 33.00 0.07 0.47 0.00 0.00 0.00 4.00 5.00 7.00 6.00 8.00 3.00 0.00 0.00 0.00 0.00 0.00
120.00 10.00 4.00 18.00 45.00 14.00 27.00 0.08 0.54 0.00 0.00 0.00 3.00 6.00 7.00 4.00 7.00 3.00 0.00 0.00 0.00 1.00 0.00
121.00 19.00 17.00 41.00 84.00 24.00 43.00 0.09 0.65 0.00 0.00 0.00 6.00 13.00 13.00 6.00 18.00 1.00 0.00 0.00 0.00 0.00 0.00
122.00 12.00 6.00 23.00 55.00 17.00 32.00 0.08 0.52 0.00 0.00 0.00 4.00 9.00 8.00 3.00 10.00 2.00 0.00 0.00 0.00 0.00 0.00
123.00 13.00 11.00 26.00 60.00 15.00 34.00 0.07 1.67 0.00 0.00 0.00 6.00 10.00 7.00 3.00 11.00 2.00 0.00 0.00 0.00 0.00 0.00
124.00 19.00 14.00 46.00 89.00 32.00 43.00 0.08 1.69 0.00 0.00 0.00 9.00 10.00 10.00 9.00 14.00 5.00 0.00 0.00 0.00 0.00 0.00
125.00 17.00 16.00 41.00 80.00 25.00 39.00 0.08 0.49 0.00 0.00 0.00 5.00 6.00 12.00 11.00 11.00 6.00 0.00 0.00 0.00 0.00 0.00
126.00 17.00 12.00 41.00 74.00 29.00 33.00 0.09 1.55 0.00 0.00 0.00 2.00 9.00 15.00 8.00 12.00 5.00 0.00 0.00 0.00 0.00 0.00
127.00 11.00 8.00 25.00 48.00 17.00 23.00 0.09 1.90 0.00 1.00 0.00 5.00 8.00 6.00 3.00 9.00 2.00 0.00 0.00 0.00 0.00 0.00
128.00 19.00 16.00 42.00 87.00 26.00 45.00 0.09 0.60 0.00 1.00 0.00 6.00 9.00 13.00 10.00 12.00 7.00 0.00 0.00 0.00 0.00 0.00
129.00 13.00 13.00 33.00 62.00 20.00 29.00 0.09 0.40 0.00 1.00 0.00 3.00 5.00 10.00 8.00 8.00 5.00 0.00 0.00 0.00 0.00 0.00
130.00 5.00 0.00 6.00 23.00 6.00 17.00 0.09 0.26 0.00 0.00 0.00 1.00 4.00 4.00 1.00 5.00 0.00 0.00 0.00 0.00 0.00 0.00
131.00 8.00 5.00 13.00 31.00 8.00 18.00 0.08 0.47 0.00 0.00 0.00 4.00 6.00 4.00 2.00 7.00 1.00 0.00 0.00 0.00 0.00 0.00
132.00 6.00 0.00 6.00 23.00 6.00 17.00 0.08 0.28 0.00 0.00 0.00 2.00 6.00 4.00 0.00 6.00 0.00 0.00 0.00 0.00 0.00 0.00
133.00 4.00 0.00 0.00 6.00 0.00 6.00 0.09 0.52 0.00 0.00 0.00 3.00 3.00 1.00 1.00 4.00 0.00 0.00 0.00 0.00 0.00 0.00
134.00 3.00 0.00 0.00 3.00 0.00 3.00 0.09 0.16 0.00 0.00 0.00 2.00 3.00 1.00 0.00 3.00 0.00 0.00 0.00 0.00 0.00 0.00
135.00 2.00 0.00 0.00 1.00 0.00 1.00 0.08 0.15 0.00 0.00 0.00 2.00 2.00 0.00 0.00 2.00 0.00 0.00 0.00 0.00 0.00 0.00
