0.00 3.00 0.00 0.00 1.00 0.00 1.00 0.08 0.23 0.00 0.00 0.00 2.00 3.00 1.00 0.00 3.00 0.00 0.00 0.00 0.00 0.00 0.00
1.00 4.00 0.00 2.00 13.00 2.00 11.00 0.08 0.25 0.00 0.00 0.00 2.00 4.00 2.00 0.00 4.00 0.00 0.00 0.00 0.00 0.00 0.00
2.00 8.00 4.00 14.00 37.00 10.00 23.00 0.08 2.16 0.00 0.00 0.00 4.00 6.00 4.00 2.00 8.00 0.00 0.00 0.00 0.00 0.00 0.00
3.00 4.00 1.00 4.00 12.00 3.00 8.00 0.09 3.92 0.00 0.00 0.00 2.00 4.00 2.00 0.00 4.00 0.00 0.00 0.00 0.00 0.00 0.00
4.00 6.00 2.00 9.00 23.00 7.00 14.00 0.08 2.67 0.00 0.00 0.00 2.00 6.00 4.00 0.00 6.00 0.00 0.00 0.00 0.00 0.00 0.00
5.00 9.00 5.00 15.00 42.00 10.00 27.00 0.08 3.48 0.00 0.00 0.00 5.00 6.00 4.00 3.00 7.00 2.00 0.00 0.00 0.00 0.00 0.00
6.00 5.00 0.00 5.00 21.00 5.00 16.00 0.09 0.23 0.00 0.00 0.00 0.00 5.00 5.00 0.00 5.00 0.00 0.00 0.00 0.00 0.00 0.00
7.00 4.00 0.00 2.00 15.00 2.00 13.00 0.09 0.32 0.00 0.00 0.00 2.00 4.00 2.00 0.00 4.00 0.00 0.00 0.00 0.00 0.00 0.00
8.00 6.00 3.00 10.00 24.00 7.00 14.00 0.10 0.23 0.00 0.00 0.00 1.00 5.00 5.00 1.00 5.00 1.00 0.00 0.00 0.00 0.00 0.00
9.00 8.00 2.00 14.00 34.00 12.00 20.00 0.08 0.40 0.00 0.00 0.00 2.00 8.00 6.00 0.00 8.00 0.00 0.00 0.00 0.00 0.00 0.00
10.00 11.00 7.00 18.00 44.00 11.00 26.00 0.10 2.10 0.00 0.00 0.00 5.00 8.00 6.00 3.00 9.00 2.00 0.00 0.00 1.00 0.00 0.00
11.00 8.00 5.00 17.00 34.00 12.00 17.00 0.09 0.37 0.00 0.00 0.00 4.00 6.00 4.00 2.00 6.00 2.00 0.00 0.00 0.00 0.00 0.00
12.00 6.00 1.00 4.00 26.00 3.00 22.00 0.07 2.99 0.00 0.00 0.00 3.00 5.00 3.00 1.00 6.00 0.00 0.00 0.00 0.00 0.00 0.00
13.00 8.00 4.00 15.00 33.00 11.00 18.00 0.09 0.35 0.00 0.00 0.00 2.00 3.00 6.00 5.00 6.00 2.00 0.00 0.00 0.00 0.00 0.00
14.00 6.00 0.00 6.00 26.00 6.00 20.00 0.09 0.33 0.00 1.00 0.00 5.00 5.00 1.00 1.00 5.00 1.00 0.00 0.00 0.00 0.00 0.00
15.00 11.00 6.00 21.00 48.00 15.00 27.00 0.09 0.49 0.00 1.00 0.00 6.00 6.00 5.00 5.00 9.00 2.00 0.00 0.00 0.00 0.00 0.00
16.00 10.00 3.00 21.00 47.00 18.00 26.00 0.08 1.97 0.00 1.00 0.00 3.00 7.00 7.00 3.00 9.00 1.00 0.00 0.00 0.00 0.00 0.00
17.00 10.00 6.00 19.00 45.00 13.00 26.00 0.07 3.04 0.00 1.00 0.00 2.00 4.00 8.00 6.00 7.00 3.00 0.00 0.00 0.00 0.00 0.00
18.00 10.00 1.00 19.00 48.00 18.00 29.00 0.08 3.35 0.00 0.00 0.00 2.00 6.00 8.00 4.00 9.00 1.00 0.00 0.00 0.00 0.00 0.00
19.00 11.00 8.00 26.00 51.00 18.00 25.00 0.07 1.88 0.00 1.00 0.00 6.00 8.00 5.00 3.00 9.00 2.00 0.00 0.00 0.00 0.00 0.00
20.00 10.00 4.00 18.00 49.00 14.00 31.00 0.08 0.40 0.00 1.00 0.00 5.00 7.00 5.00 3.00 7.00 3.00 0.00 0.00 0.00 0.00 0.00
21.00 11.00 9.00 28.00 54.00 19.00 26.00 0.08 0.45 0.00 1.00 0.00 3.00 5.00 8.00 6.00 8.00 3.00 0.00 0.00 0.00 0.00 0.00
22.00 12.00 10.00 27.00 55.00 17.00 28.00 0.07 0.56 0.00 1.00 0.00 5.00 9.00 7.00 3.00 10.00 2.00 0.00 0.00 0.00 0.00 0.00
23.00 7.00 3.00 13.00 30.00 10.00 17.00 0.09 4.21 0.00 0.00 0.00 1.00 2.00 6.00 5.00 6.00 1.00 0.00 0.00 0.00 0.00 0.00
24.00 14.00 10.00 30.00 63.00 20.00 33.00 0.09 0.55 0.00 1.00 0.00 4.00 8.00 10.00 6.00 10.00 4.00 0.00 0.00 0.00 0.00 0.00
25.00 15.00 12.00 30.00 65.00 18.00 35.00 0.09 2.52 0.00 1.00 0.00 3.00 7.00 12.00 8.00 11.00 4.00 0.00 0.00 0.00 0.00 0.00
26.00 10.00 8.00 22.00 48.00 14.00 26.00 0.07 0.43 0.00 0.00 0.00 2.00 5.00 8.00 5.00 8.00 2.00 0.00 0.00 0.00 0.00 0.00
27.00 11.00 7.00 24.00 48.00 17.00 24.00 0.10 2.00 0.00 1.00 0.00 3.00 6.00 8.00 5.00 9.00 2.00 0.00 0.00 0.00 0.00 0.00
28.00 11.00 11.00 26.00 52.00 15.00 26.00 0.09 0.40 0.00 0.00 0.00 3.00 7.00 8.00 4.00 10.00 1.00 0.00 0.00 0.00 0.00 0.00
29.00 9.00 6.00 19.00 45.00 13.00 26.00 0.08 1.95 0.00 0.00 0.00 3.00 5.00 6.00 4.00 8.00 1.00 0.00 0.00 0.00 0.00 0.00
30.00 15.00 18.00 39.00 66.00 21.00 27.00 0.09 1.65 0.00 1.00 0.00 6.00 11.00 9.00 4.00 13.00 2.00 0.00 0.00 0.00 0.00 0.00
31.00 13.00 7.00 27.00 59.00 20.00 32.00 0.08 1.76 0.00 1.00 0.00 4.00 9.00 9.00 4.00 12.00 1.00 0.00 0.00 0.00 0.00 0.00
32.00 13.00 11.00 28.00 61.00 17.00 33.00 0.07 0.58 0.00 1.00 0.00 3.00 8.00 10.00 5.00 9.00 4.00 0.00 0.00 0.00 0.00 0.00
33.00 12.00 7.00 29.00 57.00 22.00 28.00 0.08 1.65 0.00 1.00 0.00 4.00 6.00 8.00 6.00 10.00 2.00 0.00 0.00 0.00 0.00 0.00
34.00 9.00 6.00 16.00 42.00 10.00 26.00 0.09 0.39 0.00 1.00 0.00 1.00 5.00 8.00 4.00 7.00 2.00 0.00 0.00 0.00 0.00 0.00
35.00 10.00 6.00 23.00 46.00 17.00 23.00 0.08 0.38 0.00 0.00 0.00 4.00 7.00 6.00 3.00 9.00 1.00 0.00 0.00 0.00 0.00 0.00
36.00 6.00 0.00 4.00 23.00 4.00 19.00 0.09 0.47 0.00 0.00 0.00 2.00 6.00 4.00 0.00 6.00 0.00 0.00 0.00 0.00 0.00 0.00
37.00 8.00 6.00 16.00 36.00 10.00 20.00 0.08 0.29 0.00 0.00 0.00 1.00 5.00 7.00 3.00 6.00 2.00 0.00 0.00 0.00 0.00 0.00
38.00 9.00 5.00 18.00 43.00 13.00 25.00 0.07 0.37 0.00 1.00 0.00 2.00 4.00 7.00 5.00 8.00 1.00 0.00 0.00 0.00 0.00 0.00
39.00 13.00 15.00 33.00 64.00 18.00 31.00 0.08 1.59 0.00 1.00 0.00 1.00 3.00 12.00 10.00 9.00 4.00 0.00 0.00 0.00 0.00 0.00
40.00 12.00 10.00 28.00 56.00 18.00 28.00 0.09 0.44 0.00 1.00 0.00 3.00 7.00 9.00 5.00 10.00 2.00 0.00 0.00 0.00 0.00 0.00
41.00 13.00 12.00 35.00 61.00 23.00 26.00 0.09 0.40 0.00 1.00 0.00 3.00 6.00 10.00 7.00 10.00 3.00 0.00 0.00 0.00 0.00 0.00
42.00 12.00 5.00 24.00 54.00 19.00 30.00 0.09 0.52 0.00 1.00 0.00 4.00 10.00 8.00 2.00 11.00 1.00 0.00 0.00 0.00 0.00 0.00
43.00 13.00 13.00 30.00 63.00 17.00 33.00 0.08 1.58 0.00 1.00 0.00 4.00 7.00 9.00 6.00 9.00 4.00 0.00 0.00 0.00 0.00 0.00
44.00 13.00 10.00 28.00 58.00 18.00 30.00 0.07 1.62 0.00 1.00 0.00 4.00 7.00 9.00 6.00 10.00 3.00 0.00 0.00 0.00 0.00 0.00
45.00 12.00 13.00 30.00 62.00 17.00 32.00 0.07 0.44 0.00 1.00 0.00 3.00 7.00 9.00 5.00 9.00 3.00 0.00 0.00 0.00 0.00 0.00
46.00 9.00 8.00 21.00 44.00 13.00 23.00 0.08 0.29 0.00 1.00 0.00 2.00 5.00 7.00 4.00 7.00 2.00 0.00 0.00 0.00 0.00 0.00
47.00 9.00 6.00 19.00 45.00 13.00 26.00 0.08 2.09 0.00 1.00 0.00 3.00 3.00 6.00 6.00 5.00 4.00 0.00 0.00 0.00 0.00 0.00
48.00 11.00 9.00 27.00 53.00 18.00 26.00 0.08 0.42 0.00 1.00 0.00 2.00 6.00 9.00 5.00 8.00 3.00 0.00 0.00 0.00 0.00 0.00
49.00 15.00 14.00 37.00 69.00 23.00 32.00 0.09 1.61 0.00 0.00 0.00 2.00 5.00 13.00 10.00 9.00 6.00 0.00 0.00 0.00 0.00 0.00
50.00 14.00 12.00 33.00 70.00 21.00 37.00 0.09 0.41 0.00 1.00 0.00 6.00 8.00 8.00 6.00 11.00 3.00 0.00 0.00 0.00 0.00 0.00
51.00 14.00 18.00 37.00 66.00 19.00 29.00 0.09 1.57 0.00 1.00 0.00 6.00 11.00 8.00 3.00 12.00 2.00 0.00 0.00 0.00 0.00 0.00
52.00 8.00 3.00 13.00 34.00 10.00 21.00 0.08 0.37 0.00 1.00 0.00 2.00 3.00 6.00 5.00 6.00 2.00 0.00 0.00 0.00 0.00 0.00
53.00 6.00 0.00 6.00 27.00 6.00 21.00 0.08 0.41 0.00 0.00 0.00 3.00 5.00 3.00 1.00 6.00 0.00 0.00 0.00 0.00 0.00 0.00
54.00 12.00 11.00 29.00 54.00 18.00 25.00 0.09 0.44 0.00 1.00 0.00 3.00 5.00 9.00 7.00 6.00 6.00 0.00 0.00 0.00 0.00 0.00
55.00 13.00 12.00 32.00 60.00 20.00 28.00 0.07 0.42 0.00 0.00 0.00 5.00 7.00 8.00 6.00 11.00 2.00 0.00 0.00 0.00 0.00 0.00
56.00 7.00 5.00 15.00 35.00 10.00 20.00 0.09 0.20 0.00 0.00 0.00 2.00 4.00 5.00 3.00 6.00 1.00 0.00 0.00 0.00 0.00 0.00
57.00 9.00 7.00 21.00 44.00 14.00 23.00 0.10 0.30 0.00 0.00 0.00 3.00 7.00 6.00 2.00 8.00 1.00 0.00 0.00 0.00 0.00 0.00
58.00 11.00 11.00 27.00 53.00 16.00 26.00 0.07 0.35 0.00 1.00 0.00 1.00 6.00 10.00 5.00 10.00 1.00 0.00 0.00 0.00 0.00 0.00
59.00 10.00 7.00 23.00 49.00 16.00 26.00 0.08 0.36 0.00 1.00 0.00 2.00 4.00 8.00 6.00 6.00 4.00 0.00 0.00 0.00 0.00 0.00
60.00 13.00 11.00 32.00 66.00 21.00 34.00 0.11 0.48 0.00 2.00 0.00 4.00 6.00 9.00 7.00 7.00 6.00 0.00 0.00 0.00 0.00 0.00
61.00 11.00 7.00 26.00 53.00 19.00 27.00 0.09 0.42 0.00 1.00 0.00 5.00 8.00 6.00 3.00 10.00 1.00 0.00 0.00 0.00 0.00 0.00
62.00 17.00 23.00 48.00 83.00 25.00 35.00 0.08 0.55 0.00 1.00 0.00 5.00 7.00 12.00 10.00 9.00 8.00 0.00 0.00 0.00 0.00 0.00
63.00 16.00 17.00 38.00 77.00 21.00 39.00 0.09 1.56 0.00 1.00 0.00 4.00 7.00 12.00 9.00 11.00 5.00 0.00 0.00 0.00 0.00 0.00
64.00 18.00 20.00 43.00 83.00 23.00 40.00 0.08 0.63 0.00 0.00 0.00 4.00 9.00 14.00 9.00 14.00 4.00 0.00 0.00 0.00 0.00 0.00
65.00 22.00 26.00 59.00 106.00 33.00 47.00 0.09 0.63 0.00 1.00 0.00 5.00 14.00 17.00 8.00 14.00 8.00 0.00 0.00 0.00 0.00 0.00
66.00 22.00 25.00 55.00 103.00 30.00 48.00 0.09 0.70 0.00 1.00 0.00 6.00 11.00 16.00 11.00 15.00 7.00 0.00 0.00 0.00 0.00 0.00
67.00 17.00 11.00 39.00 86.00 28.00 47.00 0.09 0.62 0.00 1.00 0.00 4.00 7.00 13.00 10.00 11.00 6.00 0.00 0.00 0.00 2.00 0.00
68.00 20.00 17.00 47.00 96.00 30.00 49.00 0.08 0.75 0.00 1.00 0.00 9.00 12.00 11.00 8.00 15.00 5.00 0.00 0.00 0.00 0.00 0.00
69.00 20.00 23.00 49.00 93.00 26.00 44.00 0.09 0.67 0.00 1.00 0.00 3.00 8.00 17.00 12.00 17.00 3.00 0.00 0.00 0.00 0.00 0.00
70.00 16.00 13.00 35.00 79.00 22.00 44.00 0.09 1.47 0.00 2.00 0.00 4.00 6.00 12.00 10.00 12.00 4.00 0.00 0.00 0.00 0.00 0.00
71.00 11.00 5.00 20.00 52.00 15.00 32.00 0.10 0.44 0.00 1.00 0.00 5.00 8.00 6.00 3.00 10.00 1.00 0.00 0.00 0.00 0.00 0.00
72.00 16.00 12.00 40.00 83.00 28.00 43.00 0.10 0.56 0.00 1.00 0.00 2.00 9.00 14.00 7.00 12.00 4.00 0.00 0.00 0.00 0.00 0.00
73.00 16.00 17.00 42.00 77.00 25.00 35.00 0.08 0.53 0.00 1.00 0.00 5.00 8.00 11.00 8.00 11.00 5.00 0.00 0.00 0.00 0.00 0.00
74.00 10.00 6.00 19.00 49.00 13.00 30.00 0.07 0.33 0.00 1.00 0.00 5.00 7.00 5.00 3.00 8.00 2.00 0.00 0.00 0.00 0.00 0.00
75.00 19.00 22.00 50.00 92.00 28.00 42.00 0.08 0.64 0.00 1.00 0.00 6.00 13.00 13.00 6.00 17.00 2.00 0.00 0.00 0.00 0.00 0.00
76.00 9.00 5.00 19.00 43.00 14.00 24.00 0.07 0.33 0.00 1.00 0.00 2.00 3.00 7.00 6.00 5.00 4.00 0.00 0.00 0.00 0.00 0.00
77.00 13.00 15.00 33.00 61.00 18.00 28.00 0.08 0.39 0.00 1.00 0.00 3.00 8.00 10.00 5.00 12.00 1.00 0.00 0.00 0.00 0.00 0.00
78.00 20.00 25.00 49.00 98.00 24.00 49.00 0.07 1.38 0.00 1.00 0.00 8.00 11.00 12.00 9.00 13.00 7.00 0.00 0.00 0.00 0.00 0.00
79.00 16.00 13.00 41.00 79.00 28.00 38.00 0.09 1.58 0.00 1.00 0.00 3.00 7.00 13.00 9.00 9.00 7.00 0.00 0.00 0.00 0.00 0.00
80.00 22.00 20.00 57.00 111.00 37.00 54.00 0.08 0.89 0.00 0.00 0.00 8.00 9.00 14.00 13.00 15.00 7.00 0.00 0.00 0.00 0.00 0.00
81.00 20.00 30.00 53.00 95.00 23.00 42.00 0.10 0.67 0.00 1.00 0.00 4.00 9.00 16.00 11.00 13.00 7.00 0.00 0.00 0.00 0.00 0.00
82.00 20.00 26.00 54.00 98.00 28.00 44.00 0.09 1.43 0.00 2.00 0.00 3.00 10.00 17.00 10.00 15.00 5.00 0.00 0.00 1.00 0.00 0.00
83.00 22.00 29.00 64.00 110.00 35.00 46.00 0.09 0.70 0.00 2.00 0.00 5.00 7.00 17.00 15.00 14.00 8.00 0.00 0.00 0.00 0.00 0.00
84.00 21.00 27.00 59.00 101.00 32.00 42.00 0.09 2.66 0.00 0.00 0.00 5.00 11.00 16.00 10.00 15.00 6.00 0.00 0.00 0.00 0.00 0.00
85.00 18.00 16.00 43.00 91.00 27.00 48.00 0.08 2.23 0.00 2.00 0.00 5.00 8.00 13.00 10.00 15.00 3.00 0.00 0.00 0.00 0.00 0.00
86.00 18.00 14.00 48.00 92.00 34.00 44.00 0.08 1.74 0.00 2.00 0.00 3.00 6.00 15.00 12.00 8.00 10.00 0.00 0.00 0.00 0.00 0.00
87.00 22.00 23.00 58.00 109.00 35.00 51.00 0.07 2.21 0.00 1.00 0.00 8.00 12.00 14.00 10.00 16.00 6.00 0.00 0.00 0.00 0.00 0.00
88.00 21.00 29.00 51.00 98.00 22.00 47.00 0.07 0.67 0.00 2.00 0.00 6.00 9.00 15.00 12.00 13.00 8.00 0.00 0.00 0.00 0.00 0.00
89.00 21.00 24.00 60.00 108.00 36.00 48.00 0.10 0.63 0.00 2.00 0.00 5.00 12.00 16.00 9.00 15.00 6.00 0.00 0.00 0.00 0.00 0.00
90.00 22.00 27.00 56.00 111.00 29.00 55.00 0.08 0.74 0.00 1.00 0.00 6.00 14.00 16.00 8.00 17.00 5.00 0.00 0.00 1.00 0.00 0.00
91.00 20.00 31.00 61.00 93.00 30.00 32.00 0.10 0.66 0.00 1.00 0.00 3.00 12.00 17.00 8.00 15.00 5.00 0.00 0.00 2.00 0.00 0.00
92.00 17.00 12.00 42.00 79.00 30.00 37.00 0.08 0.76 0.00 1.00 0.00 5.00 9.00 12.00 8.00 13.00 4.00 0.00 0.00 0.00 0.00 0.00
93.00 17.00 16.00 44.00 91.00 28.00 47.00 0.08 1.64 0.00 1.00 0.00 3.00 7.00 14.00 10.00 7.00 10.00 0.00 0.00 1.00 1.00 0.00
94.00 22.00 19.00 57.00 108.00 38.00 51.00 0.08 0.78 0.00 2.00 0.00 7.00 9.00 15.00 13.00 14.00 8.00 0.00 0.00 2.00 0.00 0.00
95.00 17.00 19.00 46.00 87.00 27.00 41.00 0.08 0.63 0.00 1.00 0.00 3.00 8.00 14.00 9.00 9.00 8.00 0.00 0.00 0.00 1.00 0.00
96.00 19.00 25.00 48.00 93.00 23.00 45.00 0.09 0.49 0.00 1.00 0.00 7.00 11.00 12.00 8.00 13.00 6.00 0.00 0.00 0.00 0.00 0.00
97.00 15.00 16.00 35.00 76.00 19.00 41.00 0.08 0.45 0.00 1.00 0.00 3.00 6.00 12.00 9.00 9.00 6.00 0.00 0.00 0.00 0.00 0.00
98.00 21.00 27.00 57.00 98.00 30.00 41.00 0.07 0.56 0.00 1.00 0.00 4.00 8.00 17.00 13.00 12.00 9.00 0.00 0.00 0.00 0.00 0.00
99.00 18.00 16.00 38.00 92.00 22.00 54.00 0.09 0.65 0.00 2.00 0.00 3.00 9.00 15.00 9.00 13.00 5.00 0.00 0.00 0.00 0.00 0.00
100.00 18.00 21.00 50.00 83.00 29.00 33.00 0.09 0.57 0.00 1.00 0.00 2.00 8.00 16.00 10.00 12.00 6.00 0.00 0.00 1.00 0.00 0.00
101.00 16.00 19.00 44.00 79.00 25.00 35.00 0.09 0.51 0.00 0.00 0.00 3.00 6.00 13.00 10.00 8.00 8.00 0.00 0.00 0.00 1.00 0.00
102.00 22.00 27.00 63.00 111.00 36.00 48.00 0.07 0.69 0.00 1.00 0.00 5.00 9.00 17.00 13.00 14.00 8.00 0.00 0.00 1.00 0.00 0.00
103.00 23.00 28.00 66.00 114.00 38.00 48.00 0.08 0.89 0.00 3.00 0.00 4.00 10.00 19.00 13.00 14.00 9.00 0.00 0.00 0.00 0.00 0.00
104.00 23.00 30.00 64.00 107.00 34.00 43.00 0.09 1.33 0.00 3.00 0.00 5.00 12.00 18.00 11.00 17.00 6.00 0.00 0.00 0.00 0.00 0.00
105.00 24.00 28.00 64.00 124.00 36.00 60.00 0.08 0.72 0.00 2.00 0.00 5.00 13.00 19.00 11.00 17.00 7.00 0.00 0.00 0.00 0.00 0.00
106.00 16.00 17.00 42.00 80.00 25.00 38.00 0.08 0.52 0.00 0.00 0.00 3.00 5.00 13.00 11.00 10.00 6.00 0.00 0.00 0.00 0.00 0.00
107.00 22.00 22.00 62.00 111.00 40.00 49.00 0.08 0.84 1.00 1.00 1.00 8.00 13.00 14.00 9.00 16.00 6.00 0.00 0.00 0.00 0.00 0.00
108.00 26.00 27.00 67.00 130.00 40.00 63.00 0.08 0.73 1.00 1.00 1.00 4.00 14.00 22.00 12.00 19.00 7.00 0.00 0.00 0.00 0.00 0.00
109.00 16.00 19.00 44.00 82.00 25.00 38.00 0.08 0.57 0.00 1.00 0.00 1.00 6.00 15.00 10.00 8.00 8.00 0.00 0.00 0.00 0.00 0.00
110.00 19.00 21.00 49.00 87.00 28.00 38.00 0.09 0.66 0.00 1.00 0.00 5.00 8.00 14.00 11.00 12.00 7.00 0.00 0.00 0.00 0.00 0.00
111.00 23.00 24.00 63.00 113.00 39.00 50.00 0.09 0.79 0.00 2.00 0.00 6.00 12.00 17.00 11.00 16.00 7.00 0.00 0.00 0.00 0.00 0.00
112.00 26.00 35.00 74.00 126.00 39.00 52.00 0.09 0.80 0.00 0.00 0.00 7.00 16.00 19.00 10.00 20.00 6.00 0.00 0.00 0.00 0.00 0.00
113.00 21.00 24.00 54.00 101.00 30.00 47.00 0.09 0.86 0.00 2.00 0.00 4.00 11.00 17.00 10.00 16.00 5.00 0.00 0.00 0.00 0.00 0.00
114.00 18.00 12.00 42.00 89.00 30.00 47.00 0.07 0.76 0.00 1.00 0.00 5.00 10.00 13.00 8.00 12.00 6.00 0.00 0.00 0.00 0.00 0.00
115.00 22.00 19.00 54.00 102.00 35.00 48.00 0.07 0.93 1.00 1.00 1.00 8.00 12.00 14.00 10.00 16.00 6.00 0.00 0.00 0.00 0.00 0.00
116.00 22.00 24.00 64.00 106.00 40.00 42.00 0.09 0.74 0.00 1.00 0.00 5.00 9.00 17.00 13.00 16.00 6.00 0.00 0.00 0.00 1.00 0.00
117.00 20.00 24.00 51.00 96.00 27.00 45.00 0.08 0.76 0.00 2.00 0.00 7.00 12.00 13.00 8.00 14.00 6.00 0.00 0.00 0.00 1.00 0.00
118.00 26.00 25.00 71.00 135.00 46.00 64.00 0.07 1.03 0.00 1.00 0.00 7.00 14.00 19.00 12.00 18.00 8.00 0.00 0.00 0.00 1.00 0.00
119.00 25.00 38.00 73.00 117.00 35.00 44.00 0.08 0.80 1.00 1.00 1.00 5.00 10.00 20.00 15.00 15.00 10.00 0.00 0.00 0.00 1.00 0.00
120.00 32.00 39.00 95.00 164.00 56.00 69.00 0.09 1.25 0.00 2.00 0.00 12.00 17.00 20.00 15.00 21.00 11.00 0.00 0.00 0.00 1.00 0.00
121.00 22.00 24.00 57.00 111.00 33.00 54.00 0.09 0.93 1.00 1.00 1.00 6.00 11.00 16.00 11.00 13.00 9.00 0.00 0.00 0.00 1.00 0.00
122.00 23.00 33.00 68.00 122.00 35.00 54.00 0.08 1.47 1.00 2.00 0.50 7.00 12.00 16.00 11.00 14.00 9.00 0.00 0.00 1.00 0.00 0.00
123.00 22.00 26.00 66.00 112.00 40.00 46.00 0.09 0.89 1.00 2.00 0.50 6.00 9.00 16.00 13.00 12.00 10.00 0.00 0.00 1.00 0.00 0.00
124.00 26.00 29.00 80.00 133.00 51.00 53.00 0.10 1.03 0.00 1.00 0.00 3.00 11.00 23.00 15.00 17.00 9.00 0.00 0.00 0.00 0.00 0.00
125.00 27.00 26.00 76.00 144.00 50.00 68.00 0.08 0.92 1.00 2.00 0.50 8.00 15.00 19.00 12.00 19.00 8.00 0.00 0.00 0.00 0.00 0.00
126.00 34.00 42.00 92.00 172.00 50.00 80.00 0.07 1.33 1.00 2.00 0.50 6.00 13.00 28.00 21.00 23.00 11.00 0.00 0.00 1.00 0.00 0.00
127.00 25.00 32.00 68.00 124.00 36.00 56.00 0.09 0.78 0.00 3.00 0.00 7.00 16.00 18.00 9.00 17.00 8.00 0.00 0.00 0.00 0.00 0.00
128.00 29.00 38.00 78.00 149.00 40.00 71.00 0.08 1.05 1.00 3.00 0.33 9.00 15.00 20.00 14.00 18.00 11.00 0.00 0.00 0.00 0.00 1.00
129.00 29.00 21.00 69.00 147.00 48.00 78.00 0.08 1.72 0.00 0.00 0.00 12.00 18.00 17.00 11.00 24.00 5.00 0.00 0.00 0.00 0.00 0.00
130.00 30.00 28.00 84.00 161.00 56.00 77.00 0.07 1.59 1.00 2.00 0.50 8.00 15.00 22.00 15.00 18.00 12.00 0.00 0.00 0.00 0.00 0.00
131.00 33.00 48.00 90.00 172.00 42.00 82.00 0.08 1.50 0.00 2.00 0.00 7.00 15.00 26.00 18.00 20.00 13.00 0.00 0.00 1.00 0.00 1.00
132.00 36.00 42.00 110.00 177.00 68.00 67.00 0.09 1.11 2.00 2.00 1.00 9.00 16.00 27.00 20.00 23.00 13.00 1.00 0.00 1.00 0.00 0.00
133.00 36.00 53.00 103.00 184.00 50.00 81.00 0.08 1.07 1.00 4.00 0.25 11.00 17.00 25.00 19.00 23.00 13.00 1.00 0.00 0.00 0.00 0.00
134.00 35.00 40.00 98.00 178.00 58.00 80.00 0.09 1.99 1.00 2.00 0.50 4.00 16.00 31.00 19.00 23.00 12.00 0.00 0.00 1.00 0.00 0.00
135.00 25.00 32.00 69.00 136.00 37.00 67.00 0.10 1.48 1.00 1.00 1.00 6.00 11.00 19.00 14.00 14.00 11.00 0.00 0.00 0.00 0.00 0.00
136.00 31.00 40.00 94.00 163.00 54.00 69.00 0.10 1.52 0.00 3.00 0.00 10.00 14.00 21.00 17.00 19.00 12.00 0.00 0.00 0.00 0.00 0.00
137.00 35.00 40.00 96.00 176.00 56.00 80.00 0.09 2.10 0.00 2.00 0.00 7.00 11.00 28.00 24.00 25.00 10.00 1.00 0.00 0.00 0.00 0.00
138.00 34.00 49.00 101.00 181.00 52.00 80.00 0.08 1.65 1.00 4.00 0.25 6.00 14.00 28.00 20.00 19.00 15.00 0.00 0.00 0.00 0.00 0.00
139.00 32.00 39.00 93.00 159.00 54.00 66.00 0.09 1.96 0.00 3.00 0.00 6.00 17.00 26.00 15.00 24.00 8.00 1.00 0.00 0.00 0.00 0.00
140.00 33.00 43.00 101.00 169.00 58.00 68.00 0.09 2.77 1.00 1.00 1.00 5.00 9.00 28.00 24.00 16.00 17.00 1.00 0.00 0.00 0.00 0.00
141.00 24.00 21.00 66.00 127.00 45.00 61.00 0.09 2.14 1.00 2.00 0.50 7.00 13.00 17.00 11.00 19.00 5.00 0.00 0.00 0.00 0.00 0.00
142.00 28.00 45.00 76.00 130.00 31.00 54.00 0.08 2.49 0.00 2.00 0.00 8.00 13.00 20.00 15.00 18.00 10.00 0.00 0.00 2.00 0.00 0.00
143.00 27.00 28.00 78.00 137.00 50.00 59.00 0.09 2.51 0.00 2.00 0.00 10.00 17.00 17.00 10.00 20.00 7.00 0.00 0.00 0.00 1.00 0.00
144.00 30.00 31.00 82.00 148.00 51.00 66.00 0.07 2.48 0.00 1.00 0.00 6.00 14.00 24.00 16.00 20.00 10.00 0.00 0.00 1.00 0.00 0.00
145.00 30.00 36.00 87.00 155.00 51.00 68.00 0.09 2.44 0.00 1.00 0.00 8.00 11.00 22.00 19.00 17.00 13.00 0.00 0.00 0.00 0.00 0.00
146.00 26.00 39.00 78.00 128.00 39.00 50.00 0.08 1.55 0.00 3.00 0.00 8.00 12.00 18.00 14.00 15.00 11.00 0.00 0.00 0.00 0.00 0.00
147.00 26.00 39.00 75.00 127.00 36.00 52.00 0.08 2.50 0.00 3.00 0.00 7.00 17.00 19.00 9.00 19.00 7.00 0.00 0.00 0.00 0.00 0.00
148.00 29.00 42.00 76.00 141.00 34.00 65.00 0.09 2.50 0.00 3.00 0.00 8.00 14.00 21.00 15.00 19.00 10.00 0.00 0.00 1.00 1.00 0.00
149.00 23.00 31.00 66.00 116.00 35.00 50.00 0.09 1.99 0.00 2.00 0.00 5.00 9.00 18.00 14.00 13.00 10.00 0.00 0.00 0.00 0.00 0.00
150.00 26.00 37.00 75.00 133.00 38.00 58.00 0.09 1.52 0.00 2.00 0.00 3.00 9.00 23.00 17.00 15.00 11.00 0.00 0.00 0.00 0.00 0.00
151.00 28.00 37.00 80.00 143.00 43.00 63.00 0.09 1.90 0.00 3.00 0.00 3.00 12.00 25.00 16.00 19.00 9.00 0.00 0.00 0.00 0.00 0.00
152.00 28.00 45.00 85.00 134.00 40.00 49.00 0.08 1.80 0.00 2.00 0.00 7.00 11.00 21.00 17.00 18.00 10.00 0.00 0.00 0.00 0.00 0.00
153.00 24.00 30.00 68.00 115.00 38.00 47.00 0.08 2.12 0.00 2.00 0.00 6.00 14.00 18.00 10.00 17.00 7.00 0.00 0.00 0.00 1.00 0.00
154.00 27.00 32.00 71.00 133.00 39.00 62.00 0.08 2.04 0.00 3.00 0.00 8.00 14.00 19.00 13.00 16.00 11.00 0.00 0.00 0.00 0.00 0.00
155.00 22.00 33.00 60.00 107.00 27.00 47.00 0.09 2.08 0.00 3.00 0.00 6.00 11.00 16.00 11.00 13.00 9.00 0.00 0.00 0.00 0.00 0.00
156.00 26.00 17.00 69.00 127.00 52.00 58.00 0.10 1.37 0.00 3.00 0.00 6.00 13.00 20.00 13.00 18.00 8.00 0.00 0.00 0.00 0.00 0.00
157.00 24.00 37.00 71.00 118.00 34.00 47.00 0.08 1.29 0.00 4.00 0.00 6.00 8.00 18.00 16.00 12.00 12.00 0.00 0.00 0.00 0.00 0.00
158.00 18.00 18.00 51.00 94.00 33.00 43.00 0.08 0.65 0.00 3.00 0.00 5.00 8.00 13.00 10.00 11.00 7.00 0.00 0.00 0.00 0.00 0.00
159.00 26.00 34.00 70.00 125.00 36.00 55.00 0.08 0.87 0.00 2.00 0.00 8.00 11.00 18.00 15.00 14.00 12.00 0.00 0.00 0.00 1.00 0.00
160.00 13.00 9.00 29.00 66.00 20.00 37.00 0.09 0.45 0.00 1.00 0.00 2.00 5.00 11.00 8.00 8.00 5.00 0.00 0.00 0.00 0.00 0.00
161.00 19.00 25.00 50.00 95.00 25.00 45.00 0.08 0.53 0.00 2.00 0.00 5.00 6.00 14.00 13.00 9.00 10.00 0.00 0.00 0.00 0.00 0.00
162.00 20.00 17.00 46.00 104.00 29.00 58.00 0.09 0.49 0.00 3.00 0.00 3.00 10.00 17.00 10.00 13.00 7.00 0.00 0.00 0.00 0.00 1.00
163.00 17.00 21.00 46.00 80.00 25.00 34.00 0.08 0.56 0.00 3.00 0.00 1.00 5.00 16.00 12.00 7.00 10.00 0.00 0.00 0.00 0.00 0.00
164.00 21.00 27.00 57.00 98.00 30.00 41.00 0.08 0.59 0.00 1.00 0.00 6.00 10.00 15.00 11.00 14.00 7.00 0.00 0.00 0.00 0.00 0.00
165.00 20.00 20.00 50.00 89.00 30.00 39.00 0.09 0.57 0.00 2.00 0.00 6.00 11.00 14.00 9.00 13.00 7.00 0.00 0.00 0.00 0.00 0.00
166.00 22.00 28.00 62.00 109.00 34.00 47.00 0.08 0.64 0.00 2.00 0.00 6.00 9.00 16.00 13.00 12.00 10.00 0.00 0.00 0.00 0.00 0.00
167.00 18.00 21.00 52.00 91.00 31.00 39.00 0.08 1.49 0.00 1.00 0.00 6.00 8.00 12.00 10.00 13.00 5.00 0.00 0.00 0.00 0.00 0.00
168.00 19.00 12.00 42.00 92.00 30.00 50.00 0.10 0.77 0.00 2.00 0.00 3.00 9.00 16.00 10.00 11.00 8.00 0.00 0.00 0.00 0.00 0.00
169.00 17.00 23.00 45.00 87.00 22.00 42.00 0.08 1.43 0.00 3.00 0.00 3.00 6.00 14.00 11.00 10.00 7.00 0.00 0.00 0.00 0.00 0.00
170.00 18.00 22.00 48.00 88.00 26.00 40.00 0.08 1.64 0.00 2.00 0.00 6.00 9.00 12.00 9.00 14.00 4.00 0.00 0.00 0.00 0.00 0.00
171.00 9.00 4.00 17.00 41.00 13.00 24.00 0.08 0.42 0.00 1.00 0.00 5.00 6.00 4.00 3.00 7.00 2.00 0.00 0.00 0.00 0.00 0.00
172.00 15.00 17.00 39.00 69.00 22.00 30.00 0.08 0.61 0.00 1.00 0.00 6.00 8.00 9.00 7.00 10.00 5.00 0.00 0.00 0.00 0.00 0.00
173.00 18.00 26.00 47.00 85.00 21.00 38.00 0.07 0.57 0.00 1.00 0.00 6.00 8.00 12.00 10.00 11.00 7.00 0.00 0.00 0.00 0.00 0.00
174.00 12.00 9.00 25.00 56.00 16.00 31.00 0.08 0.56 0.00 1.00 0.00 4.00 5.00 8.00 7.00 10.00 2.00 0.00 0.00 0.00 0.00 0.00
175.00 14.00 9.00 32.00 65.00 23.00 33.00 0.08 0.49 0.00 1.00 0.00 4.00 9.00 10.00 5.00 11.00 3.00 0.00 0.00 0.00 0.00 0.00
176.00 15.00 13.00 41.00 72.00 28.00 31.00 0.09 0.53 0.00 2.00 0.00 3.00 6.00 12.00 9.00 10.00 5.00 0.00 0.00 0.00 0.00 0.00
177.00 9.00 3.00 17.00 41.00 14.00 24.00 0.09 0.40 0.00 2.00 0.00 3.00 6.00 6.00 3.00 8.00 1.00 0.00 0.00 0.00 0.00 0.00
178.00 15.00 9.00 29.00 65.00 20.00 36.00 0.08 1.80 0.00 2.00 0.00 4.00 7.00 11.00 8.00 12.00 3.00 0.00 0.00 0.00 0.00 0.00
179.00 16.00 17.00 40.00 79.00 23.00 39.00 0.09 0.46 0.00 2.00 0.00 4.00 8.00 12.00 8.00 11.00 5.00 0.00 0.00 0.00 0.00 0.00
180.00 14.00 18.00 38.00 68.00 20.00 30.00 0.09 0.54 0.00 1.00 0.00 2.00 6.00 12.00 8.00 11.00 3.00 0.00 0.00 0.00 0.00 0.00
181.00 17.00 18.00 47.00 87.00 29.00 40.00 0.09 0.37 0.00 2.00 0.00 5.00 10.00 12.00 7.00 13.00 4.00 0.00 0.00 0.00 0.00 0.00
182.00 10.00 2.00 20.00 47.00 18.00 27.00 0.08 0.40 0.00 1.00 0.00 4.00 9.00 6.00 1.00 9.00 1.00 0.00 0.00 0.00 0.00 0.00
183.00 22.00 27.00 59.00 103.00 32.00 44.00 0.08 1.81 0.00 2.00 0.00 8.00 10.00 14.00 12.00 14.00 8.00 0.00 0.00 0.00 0.00 0.00
184.00 17.00 13.00 45.00 82.00 32.00 37.00 0.10 0.49 0.00 2.00 0.00 3.00 9.00 14.00 8.00 11.00 6.00 0.00 0.00 0.00 0.00 0.00
185.00 15.00 14.00 33.00 66.00 19.00 33.00 0.09 0.72 0.00 1.00 0.00 6.00 8.00 9.00 7.00 10.00 5.00 0.00 0.00 0.00 0.00 0.00
186.00 17.00 20.00 47.00 84.00 27.00 37.00 0.09 1.38 0.00 1.00 0.00 2.00 5.00 15.00 12.00 10.00 7.00 0.00 0.00 0.00 0.00 0.00
187.00 16.00 16.00 36.00 77.00 20.00 41.00 0.08 2.77 0.00 1.00 0.00 4.00 7.00 12.00 9.00 11.00 5.00 0.00 0.00 0.00 0.00 0.00
188.00 22.00 20.00 53.00 104.00 33.00 51.00 0.08 3.25 0.00 1.00 0.00 7.00 14.00 15.00 8.00 16.00 6.00 0.00 0.00 0.00 0.00 0.00
189.00 19.00 23.00 47.00 93.00 24.00 46.00 0.09 1.36 0.00 1.00 0.00 6.00 10.00 13.00 9.00 15.00 4.00 0.00 0.00 0.00 0.00 0.00
190.00 21.00 21.00 55.00 101.00 34.00 46.00 0.08 0.94 0.00 1.00 0.00 8.00 10.00 13.00 11.00 11.00 10.00 0.00 0.00 0.00 0.00 0.00
191.00 12.00 6.00 21.00 54.00 15.00 33.00 0.07 2.82 0.00 2.00 0.00 4.00 8.00 8.00 4.00 10.00 2.00 0.00 0.00 0.00 0.00 0.00
192.00 20.00 21.00 49.00 92.00 28.00 43.00 0.08 0.70 0.00 1.00 0.00 6.00 15.00 14.00 5.00 16.00 4.00 0.00 0.00 0.00 0.00 0.00
193.00 25.00 18.00 49.00 116.00 31.00 67.00 0.09 2.28 0.00 1.00 0.00 8.00 14.00 17.00 11.00 20.00 5.00 0.00 0.00 0.00 0.00 0.00
194.00 14.00 8.00 32.00 71.00 24.00 39.00 0.10 0.61 0.00 0.00 0.00 3.00 6.00 11.00 8.00 9.00 5.00 0.00 0.00 0.00 0.00 0.00
195.00 21.00 23.00 53.00 104.00 30.00 51.00 0.08 0.71 0.00 2.00 0.00 6.00 12.00 15.00 9.00 14.00 7.00 0.00 0.00 0.00 0.00 0.00
196.00 17.00 17.00 46.00 80.00 29.00 34.00 0.08 0.59 0.00 2.00 0.00 3.00 11.00 14.00 6.00 13.00 4.00 0.00 0.00 0.00 0.00 0.00
197.00 13.00 8.00 24.00 62.00 16.00 38.00 0.09 0.40 0.00 1.00 0.00 4.00 6.00 9.00 7.00 8.00 5.00 0.00 0.00 0.00 0.00 0.00
198.00 16.00 11.00 36.00 78.00 25.00 42.00 0.07 1.81 0.00 0.00 0.00 5.00 10.00 11.00 6.00 12.00 4.00 0.00 0.00 0.00 0.00 0.00
199.00 19.00 13.00 41.00 88.00 28.00 47.00 0.08 1.51 0.00 1.00 0.00 4.00 9.00 15.00 10.00 12.00 7.00 0.00 0.00 0.00 0.00 0.00
200.00 13.00 9.00 27.00 57.00 18.00 30.00 0.08 0.52 0.00 1.00 0.00 4.00 6.00 9.00 7.00 12.00 1.00 0.00 0.00 0.00 0.00 0.00
201.00 17.00 13.00 36.00 83.00 23.00 47.00 0.08 0.57 0.00 0.00 0.00 5.00 9.00 12.00 8.00 14.00 3.00 0.00 0.00 0.00 0.00 0.00
202.00 15.00 14.00 38.00 76.00 24.00 38.00 0.08 0.54 0.00 0.00 0.00 4.00 6.00 11.00 9.00 11.00 4.00 0.00 0.00 0.00 0.00 0.00
203.00 22.00 28.00 66.00 112.00 38.00 46.00 0.08 0.59 0.00 3.00 0.00 6.00 10.00 16.00 12.00 13.00 9.00 0.00 0.00 1.00 0.00 0.00
204.00 18.00 13.00 41.00 85.00 28.00 44.00 0.08 0.79 0.00 2.00 0.00 4.00 10.00 14.00 8.00 13.00 5.00 0.00 0.00 0.00 0.00 0.00
205.00 17.00 17.00 41.00 83.00 24.00 42.00 0.07 0.62 0.00 1.00 0.00 5.00 12.00 12.00 5.00 13.00 4.00 0.00 0.00 0.00 0.00 0.00
206.00 22.00 29.00 61.00 105.00 32.00 44.00 0.08 1.32 0.00 3.00 0.00 7.00 9.00 15.00 13.00 14.00 8.00 0.00 0.00 0.00 0.00 0.00
207.00 16.00 18.00 42.00 77.00 24.00 35.00 0.09 0.71 0.00 2.00 0.00 6.00 7.00 10.00 9.00 12.00 4.00 0.00 0.00 0.00 0.00 0.00
208.00 13.00 10.00 32.00 67.00 22.00 35.00 0.10 0.42 0.00 1.00 0.00 5.00 7.00 8.00 6.00 7.00 6.00 0.00 0.00 0.00 0.00 0.00
209.00 15.00 15.00 33.00 72.00 18.00 39.00 0.09 0.57 0.00 0.00 0.00 3.00 5.00 12.00 10.00 10.00 5.00 0.00 0.00 0.00 0.00 0.00
210.00 12.00 13.00 28.00 60.00 15.00 32.00 0.08 0.46 0.00 0.00 0.00 3.00 9.00 9.00 3.00 11.00 1.00 0.00 0.00 0.00 0.00 0.00
211.00 18.00 13.00 40.00 87.00 27.00 47.00 0.07 1.00 0.00 1.00 0.00 6.00 12.00 12.00 6.00 13.00 5.00 0.00 0.00 0.00 0.00 0.00
212.00 7.00 1.00 11.00 34.00 10.00 23.00 0.07 0.27 0.00 0.00 0.00 4.00 6.00 3.00 1.00 6.00 1.00 0.00 0.00 0.00 0.00 0.00
213.00 18.00 15.00 40.00 78.00 25.00 38.00 0.08 0.77 0.00 0.00 0.00 9.00 12.00 9.00 6.00 13.00 5.00 0.00 0.00 0.00 0.00 0.00
214.00 15.00 13.00 35.00 70.00 22.00 35.00 0.08 0.82 0.00 0.00 0.00 6.00 10.00 9.00 5.00 13.00 2.00 0.00 0.00 0.00 0.00 0.00
215.00 11.00 9.00 24.00 51.00 15.00 27.00 0.08 0.44 0.00 0.00 0.00 2.00 6.00 9.00 5.00 6.00 5.00 0.00 0.00 0.00 0.00 0.00
216.00 20.00 18.00 51.00 103.00 33.00 52.00 0.09 0.85 0.00 0.00 0.00 3.00 9.00 17.00 11.00 14.00 6.00 0.00 0.00 1.00 0.00 0.00
217.00 18.00 22.00 48.00 90.00 26.00 42.00 0.09 0.72 0.00 0.00 0.00 5.00 9.00 13.00 9.00 11.00 7.00 0.00 0.00 2.00 0.00 0.00
218.00 16.00 7.00 30.00 78.00 23.00 48.00 0.08 1.53 0.00 0.00 0.00 6.00 9.00 10.00 7.00 14.00 2.00 0.00 0.00 0.00 0.00 0.00
219.00 17.00 15.00 36.00 81.00 21.00 45.00 0.10 0.82 0.00 0.00 0.00 6.00 12.00 11.00 5.00 14.00 3.00 0.00 0.00 1.00 0.00 0.00
220.00 11.00 8.00 25.00 55.00 17.00 30.00 0.07 1.90 0.00 0.00 0.00 3.00 5.00 8.00 6.00 7.00 4.00 0.00 0.00 1.00 0.00 0.00
221.00 15.00 16.00 35.00 77.00 19.00 42.00 0.09 0.68 0.00 0.00 0.00 4.00 6.00 11.00 9.00 9.00 6.00 0.00 0.00 1.00 0.00 0.00
222.00 17.00 17.00 40.00 78.00 23.00 38.00 0.08 0.69 0.00 0.00 0.00 7.00 8.00 10.00 9.00 12.00 5.00 0.00 0.00 1.00 0.00 0.00
223.00 15.00 11.00 31.00 77.00 20.00 46.00 0.08 0.77 0.00 0.00 0.00 3.00 10.00 12.00 5.00 14.00 1.00 0.00 0.00 0.00 0.00 0.00
224.00 17.00 14.00 38.00 78.00 24.00 40.00 0.09 0.70 0.00 0.00 0.00 4.00 9.00 13.00 8.00 13.00 4.00 0.00 0.00 0.00 0.00 0.00
225.00 18.00 20.00 50.00 94.00 30.00 44.00 0.08 0.69 0.00 0.00 0.00 1.00 5.00 17.00 13.00 9.00 9.00 0.00 0.00 0.00 0.00 0.00
226.00 20.00 26.00 58.00 93.00 32.00 35.00 0.09 0.71 0.00 0.00 0.00 3.00 8.00 17.00 12.00 12.00 8.00 0.00 0.00 0.00 0.00 0.00
227.00 13.00 13.00 32.00 62.00 19.00 30.00 0.09 0.58 0.00 0.00 0.00 3.00 5.00 10.00 8.00 10.00 3.00 0.00 0.00 0.00 0.00 0.00
228.00 13.00 6.00 24.00 65.00 18.00 41.00 0.10 0.63 0.00 0.00 0.00 3.00 7.00 10.00 6.00 9.00 4.00 0.00 0.00 0.00 0.00 0.00
229.00 11.00 9.00 25.00 52.00 16.00 27.00 0.07 0.45 0.00 0.00 0.00 3.00 7.00 8.00 4.00 9.00 2.00 0.00 0.00 0.00 0.00 0.00
230.00 18.00 20.00 44.00 86.00 24.00 42.00 0.08 0.74 0.00 1.00 0.00 4.00 8.00 14.00 10.00 13.00 5.00 0.00 0.00 0.00 0.00 0.00
231.00 9.00 3.00 14.00 42.00 11.00 28.00 0.09 0.48 0.00 1.00 0.00 3.00 8.00 6.00 1.00 9.00 0.00 0.00 0.00 0.00 0.00 0.00
232.00 12.00 3.00 19.00 58.00 16.00 39.00 0.10 0.50 0.00 1.00 0.00 2.00 5.00 10.00 7.00 9.00 3.00 0.00 0.00 1.00 0.00 0.00
233.00 12.00 9.00 24.00 56.00 15.00 32.00 0.08 0.49 0.00 1.00 0.00 6.00 7.00 6.00 5.00 8.00 4.00 0.00 0.00 0.00 0.00 0.00
234.00 12.00 10.00 26.00 58.00 16.00 32.00 0.09 0.52 0.00 0.00 0.00 3.00 6.00 9.00 6.00 9.00 3.00 0.00 0.00 0.00 0.00 0.00
235.00 12.00 6.00 25.00 55.00 19.00 30.00 0.08 0.51 0.00 0.00 0.00 5.00 9.00 7.00 3.00 11.00 1.00 0.00 0.00 0.00 0.00 0.00
236.00 9.00 4.00 17.00 41.00 13.00 24.00 0.09 0.38 0.00 1.00 0.00 5.00 7.00 4.00 2.00 8.00 1.00 0.00 0.00 0.00 0.00 0.00
237.00 14.00 8.00 27.00 66.00 19.00 39.00 0.08 0.67 0.00 0.00 0.00 7.00 9.00 7.00 5.00 11.00 3.00 0.00 0.00 0.00 0.00 0.00
238.00 16.00 12.00 41.00 75.00 29.00 34.00 0.08 0.58 0.00 1.00 0.00 4.00 5.00 12.00 11.00 9.00 7.00 0.00 0.00 0.00 0.00 0.00
239.00 12.00 7.00 25.00 52.00 18.00 27.00 0.09 0.62 0.00 0.00 0.00 2.00 6.00 10.00 6.00 9.00 3.00 0.00 0.00 0.00 0.00 0.00
240.00 8.00 4.00 16.00 39.00 12.00 23.00 0.10 0.30 0.00 1.00 0.00 2.00 6.00 6.00 2.00 8.00 0.00 0.00 0.00 0.00 0.00 0.00
241.00 13.00 14.00 34.00 63.00 20.00 29.00 0.08 0.54 0.00 1.00 0.00 2.00 3.00 11.00 10.00 7.00 6.00 0.00 0.00 0.00 0.00 0.00
242.00 14.00 10.00 31.00 67.00 21.00 36.00 0.09 0.54 0.00 1.00 0.00 4.00 9.00 10.00 5.00 11.00 3.00 0.00 0.00 0.00 1.00 0.00
243.00 16.00 14.00 34.00 69.00 20.00 35.00 0.08 0.91 0.00 0.00 0.00 5.00 8.00 11.00 8.00 11.00 5.00 0.00 0.00 0.00 0.00 0.00
244.00 13.00 9.00 31.00 63.00 22.00 32.00 0.09 0.58 0.00 0.00 0.00 1.00 6.00 12.00 7.00 8.00 5.00 0.00 0.00 0.00 0.00 0.00
245.00 18.00 16.00 40.00 82.00 24.00 42.00 0.08 0.80 0.00 0.00 0.00 5.00 6.00 13.00 12.00 11.00 7.00 0.00 0.00 0.00 0.00 0.00
246.00 15.00 15.00 38.00 72.00 23.00 34.00 0.06 0.70 0.00 0.00 0.00 4.00 8.00 11.00 7.00 9.00 6.00 0.00 0.00 0.00 0.00 0.00
247.00 11.00 10.00 27.00 51.00 17.00 24.00 0.08 0.49 0.00 0.00 0.00 3.00 5.00 8.00 6.00 7.00 4.00 0.00 0.00 0.00 0.00 0.00
248.00 15.00 15.00 37.00 68.00 22.00 31.00 0.08 0.64 0.00 0.00 0.00 8.00 10.00 7.00 5.00 13.00 2.00 0.00 0.00 0.00 0.00 0.00
249.00 10.00 5.00 21.00 45.00 16.00 24.00 0.09 0.56 0.00 1.00 0.00 2.00 4.00 8.00 6.00 7.00 3.00 0.00 0.00 0.00 0.00 0.00
250.00 13.00 6.00 22.00 60.00 16.00 38.00 0.08 0.84 0.00 1.00 0.00 2.00 8.00 11.00 5.00 9.00 4.00 0.00 0.00 0.00 0.00 0.00
251.00 11.00 7.00 26.00 51.00 19.00 25.00 0.10 0.48 0.00 1.00 0.00 4.00 8.00 7.00 3.00 10.00 1.00 0.00 0.00 0.00 0.00 0.00
252.00 4.00 0.00 1.00 9.00 1.00 8.00 0.08 0.30 0.00 0.00 0.00 3.00 3.00 1.00 1.00 4.00 0.00 0.00 0.00 0.00 0.00 0.00
253.00 9.00 6.00 17.00 42.00 11.00 25.00 0.08 0.31 0.00 0.00 0.00 3.00 4.00 6.00 5.00 4.00 5.00 0.00 0.00 0.00 0.00 0.00
254.00 8.00 3.00 17.00 35.00 14.00 18.00 0.08 0.35 0.00 1.00 0.00 4.00 5.00 4.00 3.00 7.00 1.00 0.00 0.00 0.00 0.00 0.00
255.00 11.00 9.00 27.00 52.00 18.00 25.00 0.09 0.44 0.00 0.00 0.00 4.00 6.00 7.00 5.00 7.00 4.00 0.00 0.00 0.00 0.00 0.00
256.00 8.00 1.00 9.00 35.00 8.00 26.00 0.09 0.46 0.00 1.00 0.00 4.00 7.00 4.00 1.00 7.00 1.00 0.00 0.00 0.00 0.00 0.00
257.00 13.00 9.00 29.00 60.00 20.00 31.00 0.08 0.57 0.00 1.00 0.00 4.00 7.00 9.00 6.00 9.00 4.00 0.00 0.00 0.00 0.00 0.00
258.00 8.00 4.00 14.00 37.00 10.00 23.00 0.08 0.44 0.00 0.00 0.00 2.00 4.00 6.00 4.00 7.00 1.00 0.00 0.00 1.00 0.00 0.00
259.00 8.00 5.00 16.00 37.00 11.00 21.00 0.08 0.42 0.00 0.00 0.00 0.00 3.00 8.00 5.00 3.00 5.00 0.00 0.00 0.00 0.00 0.00
260.00 10.00 8.00 23.00 46.00 15.00 23.00 0.08 0.47 0.00 0.00 0.00 4.00 5.00 6.00 5.00 7.00 3.00 0.00 0.00 0.00 0.00 0.00
261.00 7.00 5.00 12.00 30.00 7.00 18.00 0.10 0.28 0.00 0.00 0.00 3.00 5.00 4.00 2.00 6.00 1.00 0.00 0.00 0.00 0.00 0.00
262.00 3.00 0.00 0.00 4.00 0.00 4.00 0.07 0.22 0.00 0.00 0.00 2.00 3.00 1.00 0.00 3.00 0.00 0.00 0.00 0.00 0.00 0.00
263.00 4.00 0.00 3.00 14.00 3.00 11.00 0.09 0.17 0.00 0.00 0.00 2.00 4.00 2.00 0.00 4.00 0.00 0.00 0.00 0.00 0.00 0.00
264.00 5.00 2.00 7.00 20.00 5.00 13.00 0.08 0.38 0.00 0.00 0.00 2.00 3.00 3.00 2.00 5.00 0.00 0.00 0.00 0.00 0.00 0.00
265.00 3.00 0.00 0.00 2.00 0.00 2.00 0.09 0.28 0.00 0.00 0.00 2.00 3.00 1.00 0.00 3.00 0.00 0.00 0.00 0.00 0.00 0.00
266.00 3.00 0.00 0.00 3.00 0.00 3.00 0.10 0.28 0.00 0.00 0.00 2.00 3.00 1.00 0.00 3.00 0.00 0.00 0.00 0.00 0.00 0.00
267.00 3.00 0.00 0.00 1.00 0.00 1.00 0.10 0.22 0.00 0.00 0.00 2.00 3.00 1.00 0.00 3.00 0.00 0.00 0.00 0.00 0.00 0.00
