0.00 4.00 0.00 0.00 12.00 0.00 12.00 0.08 0.25 0.00 0.00 0.00 2.00 4.00 2.00 0.00 4.00 0.00 0.00 0.00 0.00 0.00 0.00
1.00 7.00 0.00 4.00 22.00 4.00 18.00 0.08 0.59 0.00 0.00 0.00 3.00 6.00 4.00 1.00 7.00 0.00 0.00 0.00 0.00 0.00 0.00
2.00 7.00 3.00 10.00 29.00 7.00 19.00 0.07 0.32 0.00 0.00 0.00 3.00 3.00 4.00 4.00 5.00 2.00 0.00 0.00 0.00 0.00 0.00
3.00 8.00 1.00 8.00 34.00 7.00 26.00 0.09 0.69 0.00 0.00 0.00 3.00 4.00 5.00 4.00 6.00 2.00 0.00 0.00 0.00 0.00 0.00
4.00 9.00 2.00 11.00 34.00 9.00 23.00 0.09 0.34 0.00 0.00 0.00 5.00 7.00 4.00 2.00 8.00 1.00 0.00 0.00 0.00 0.00 0.00
5.00 8.00 2.00 15.00 35.00 13.00 20.00 0.09 0.22 0.00 0.00 0.00 1.00 5.00 7.00 3.00 7.00 1.00 0.00 0.00 0.00 0.00 0.00
6.00 5.00 1.00 3.00 14.00 2.00 11.00 0.08 0.30 0.00 0.00 0.00 2.00 5.00 3.00 0.00 5.00 0.00 0.00 0.00 0.00 0.00 0.00
7.00 6.00 1.00 8.00 27.00 7.00 19.00 0.08 0.22 0.00 0.00 0.00 5.00 5.00 1.00 1.00 5.00 1.00 0.00 0.00 0.00 0.00 0.00
8.00 11.00 10.00 26.00 48.00 16.00 22.00 0.09 0.34 0.00 0.00 0.00 3.00 7.00 8.00 4.00 8.00 3.00 0.00 0.00 0.00 0.00 0.00
9.00 11.00 3.00 19.00 52.00 16.00 33.00 0.09 0.54 0.00 0.00 0.00 4.00 9.00 7.00 2.00 9.00 2.00 0.00 0.00 0.00 0.00 0.00
10.00 8.00 1.00 8.00 29.00 7.00 21.00 0.08 0.41 0.00 0.00 0.00 5.00 6.00 3.00 2.00 7.00 1.00 0.00 0.00 0.00 0.00 0.00
11.00 3.00 0.00 2.00 10.00 2.00 8.00 0.09 0.16 0.00 0.00 0.00 2.00 3.00 1.00 0.00 3.00 0.00 0.00 0.00 0.00 0.00 0.00
12.00 5.00 1.00 5.00 17.00 4.00 12.00 0.09 0.25 0.00 0.00 0.00 2.00 4.00 3.00 1.00 4.00 1.00 0.00 0.00 0.00 0.00 0.00
13.00 8.00 4.00 14.00 37.00 10.00 23.00 0.09 0.30 0.00 0.00 0.00 4.00 6.00 4.00 2.00 6.00 2.00 0.00 0.00 1.00 0.00 0.00
14.00 8.00 0.00 9.00 37.00 9.00 28.00 0.09 0.61 0.00 0.00 0.00 3.00 4.00 5.00 4.00 7.00 1.00 0.00 0.00 1.00 0.00 0.00
15.00 16.00 10.00 35.00 77.00 25.00 42.00 0.08 1.61 0.00 0.00 0.00 3.00 11.00 13.00 5.00 14.00 2.00 0.00 0.00 0.00 0.00 0.00
16.00 16.00 13.00 38.00 79.00 25.00 41.00 0.08 0.54 0.00 0.00 0.00 6.00 10.00 10.00 6.00 13.00 3.00 0.00 0.00 1.00 0.00 0.00
17.00 7.00 1.00 8.00 21.00 7.00 13.00 0.09 0.44 0.00 0.00 0.00 2.00 5.00 5.00 2.00 7.00 0.00 0.00 0.00 0.00 0.00 0.00
18.00 18.00 14.00 37.00 74.00 23.00 37.00 0.09 2.53 0.00 0.00 0.00 7.00 11.00 11.00 7.00 14.00 4.00 0.00 0.00 0.00 0.00 0.00
19.00 18.00 8.00 33.00 86.00 25.00 53.00 0.08 1.73 0.00 0.00 0.00 8.00 13.00 10.00 5.00 14.00 4.00 0.00 0.00 1.00 0.00 0.00
20.00 11.00 5.00 19.00 47.00 14.00 28.00 0.09 0.50 0.00 0.00 0.00 2.00 8.00 9.00 3.00 10.00 1.00 0.00 0.00 1.00 0.00 0.00
21.00 6.00 1.00 7.00 26.00 6.00 19.00 0.08 0.29 0.00 0.00 0.00 3.00 4.00 3.00 2.00 5.00 1.00 0.00 0.00 0.00 0.00 0.00
22.00 10.00 5.00 21.00 47.00 16.00 26.00 0.08 0.47 0.00 0.00 0.00 4.00 7.00 6.00 3.00 8.00 2.00 0.00 0.00 0.00 0.00 0.00
23.00 11.00 2.00 19.00 57.00 17.00 38.00 0.08 1.96 0.00 0.00 0.00 5.00 7.00 6.00 4.00 10.00 1.00 0.00 0.00 0.00 0.00 0.00
24.00 18.00 9.00 34.00 82.00 25.00 48.00 0.09 2.72 0.00 0.00 0.00 7.00 12.00 11.00 6.00 16.00 2.00 0.00 0.00 0.00 0.00 0.00
25.00 15.00 8.00 28.00 69.00 20.00 41.00 0.09 3.30 0.00 0.00 0.00 6.00 10.00 9.00 5.00 12.00 3.00 0.00 0.00 0.00 0.00 0.00
26.00 12.00 6.00 24.00 59.00 18.00 35.00 0.10 0.36 0.00 0.00 0.00 2.00 7.00 10.00 5.00 10.00 2.00 1.00 0.00 1.00 0.00 0.00
27.00 21.00 17.00 51.00 104.00 34.00 53.00 0.08 1.49 0.00 0.00 0.00 6.00 11.00 15.00 10.00 13.00 8.00 0.00 0.00 1.00 0.00 0.00
28.00 22.00 14.00 49.00 107.00 35.00 58.00 0.07 2.06 0.00 0.00 0.00 5.00 12.00 17.00 10.00 16.00 6.00 0.00 0.00 1.00 0.00 0.00
29.00 14.00 7.00 26.00 54.00 19.00 28.00 0.08 3.68 0.00 0.00 0.00 4.00 7.00 10.00 7.00 12.00 2.00 0.00 0.00 1.00 1.00 0.00
30.00 16.00 12.00 34.00 72.00 22.00 38.00 0.07 0.69 0.00 0.00 0.00 4.00 9.00 12.00 7.00 11.00 5.00 0.00 0.00 1.00 0.00 0.00
31.00 20.00 13.00 46.00 102.00 33.00 56.00 0.09 2.03 0.00 0.00 0.00 4.00 10.00 16.00 10.00 16.00 4.00 0.00 0.00 0.00 0.00 0.00
32.00 12.00 5.00 21.00 58.00 16.00 37.00 0.09 0.56 0.00 0.00 0.00 3.00 6.00 9.00 6.00 9.00 3.00 0.00 0.00 0.00 0.00 0.00
33.00 9.00 4.00 16.00 44.00 12.00 28.00 0.09 2.25 0.00 0.00 0.00 4.00 5.00 5.00 4.00 6.00 3.00 0.00 0.00 0.00 0.00 0.00
34.00 24.00 18.00 53.00 120.00 35.00 67.00 0.09 2.59 0.00 0.00 0.00 7.00 12.00 17.00 12.00 15.00 9.00 0.00 0.00 0.00 2.00 0.00
35.00 22.00 14.00 56.00 113.00 42.00 57.00 0.08 2.22 0.00 0.00 0.00 7.00 14.00 15.00 8.00 17.00 5.00 0.00 0.00 0.00 0.00 0.00
36.00 21.00 15.00 42.00 98.00 27.00 56.00 0.10 2.24 0.00 0.00 0.00 7.00 14.00 14.00 7.00 18.00 3.00 0.00 0.00 0.00 0.00 0.00
37.00 19.00 14.00 43.00 99.00 29.00 56.00 0.07 3.27 0.00 0.00 0.00 6.00 9.00 13.00 10.00 12.00 7.00 0.00 0.00 0.00 0.00 0.00
38.00 20.00 18.00 53.00 99.00 35.00 46.00 0.09 1.46 0.00 0.00 0.00 8.00 12.00 12.00 8.00 14.00 6.00 0.00 1.00 0.00 0.00 0.00
39.00 15.00 2.00 24.00 70.00 22.00 46.00 0.08 2.68 0.00 0.00 0.00 6.00 9.00 9.00 6.00 12.00 3.00 0.00 0.00 0.00 0.00 0.00
40.00 17.00 11.00 37.00 83.00 26.00 46.00 0.08 0.62 1.00 0.00 0.00 6.00 10.00 11.00 7.00 13.00 4.00 0.00 0.00 0.00 0.00 0.00
41.00 14.00 7.00 29.00 69.00 22.00 40.00 0.09 0.52 0.00 0.00 0.00 3.00 5.00 11.00 9.00 9.00 5.00 0.00 0.00 0.00 0.00 0.00
42.00 22.00 11.00 47.00 104.00 36.00 57.00 0.08 3.52 1.00 0.00 0.00 7.00 13.00 15.00 9.00 15.00 7.00 0.00 0.00 0.00 0.00 0.00
43.00 24.00 23.00 62.00 115.00 39.00 53.00 0.08 3.24 1.00 1.00 1.00 6.00 11.00 18.00 13.00 16.00 8.00 0.00 0.00 0.00 0.00 1.00
44.00 26.00 22.00 66.00 126.00 44.00 60.00 0.08 3.94 1.00 1.00 1.00 8.00 13.00 18.00 13.00 16.00 10.00 0.00 0.00 0.00 0.00 0.00
45.00 15.00 15.00 36.00 72.00 21.00 36.00 0.08 0.52 0.00 2.00 0.00 2.00 7.00 13.00 8.00 10.00 5.00 0.00 0.00 0.00 0.00 0.00
46.00 25.00 16.00 58.00 122.00 42.00 64.00 0.08 4.67 1.00 1.00 1.00 8.00 13.00 17.00 12.00 13.00 12.00 0.00 0.00 0.00 0.00 0.00
47.00 13.00 4.00 22.00 58.00 18.00 36.00 0.07 4.41 1.00 0.00 0.00 6.00 9.00 7.00 4.00 11.00 2.00 0.00 0.00 0.00 0.00 0.00
48.00 24.00 16.00 58.00 121.00 42.00 63.00 0.09 4.84 1.00 0.00 0.00 8.00 15.00 16.00 9.00 18.00 6.00 0.00 0.00 0.00 1.00 0.00
49.00 24.00 22.00 64.00 128.00 42.00 64.00 0.08 4.88 1.00 1.00 1.00 4.00 10.00 20.00 14.00 17.00 7.00 0.00 0.00 0.00 1.00 0.00
50.00 26.00 22.00 64.00 129.00 42.00 65.00 0.07 5.13 0.00 1.00 0.00 5.00 11.00 21.00 15.00 17.00 9.00 0.00 0.00 0.00 0.00 0.00
51.00 28.00 28.00 74.00 140.00 46.00 66.00 0.08 4.70 1.00 0.00 0.00 7.00 15.00 21.00 13.00 18.00 10.00 0.00 0.00 1.00 0.00 0.00
52.00 25.00 28.00 68.00 126.00 40.00 58.00 0.07 4.15 1.00 0.00 0.00 7.00 13.00 18.00 12.00 19.00 6.00 0.00 0.00 0.00 0.00 0.00
53.00 16.00 10.00 36.00 80.00 26.00 44.00 0.08 4.94 1.00 0.00 0.00 6.00 7.00 10.00 9.00 12.00 4.00 0.00 0.00 0.00 0.00 0.00
54.00 26.00 26.00 73.00 125.00 47.00 52.00 0.09 3.49 0.00 1.00 0.00 8.00 13.00 18.00 13.00 19.00 7.00 0.00 0.00 0.00 0.00 0.00
55.00 23.00 22.00 62.00 114.00 40.00 52.00 0.08 4.90 1.00 1.00 1.00 4.00 9.00 19.00 14.00 15.00 8.00 0.00 0.00 0.00 0.00 0.00
56.00 23.00 18.00 59.00 117.00 41.00 58.00 0.08 4.25 2.00 1.00 2.00 4.00 10.00 19.00 13.00 17.00 6.00 0.00 0.00 0.00 0.00 0.00
57.00 28.00 25.00 74.00 140.00 49.00 66.00 0.07 4.93 2.00 2.00 1.00 8.00 15.00 20.00 13.00 19.00 9.00 0.00 0.00 0.00 0.00 0.00
58.00 29.00 30.00 78.00 147.00 48.00 69.00 0.10 3.87 0.00 2.00 0.00 8.00 18.00 21.00 11.00 24.00 5.00 0.00 0.00 0.00 0.00 0.00
59.00 25.00 28.00 69.00 135.00 41.00 66.00 0.07 3.77 1.00 2.00 0.50 6.00 14.00 19.00 11.00 17.00 8.00 0.00 0.00 0.00 0.00 0.00
60.00 25.00 15.00 63.00 125.00 48.00 62.00 0.08 4.33 1.00 1.00 1.00 5.00 14.00 20.00 11.00 20.00 5.00 0.00 0.00 0.00 0.00 0.00
61.00 24.00 8.00 42.00 122.00 34.00 80.00 0.08 4.43 1.00 1.00 1.00 9.00 13.00 15.00 11.00 15.00 9.00 0.00 0.00 0.00 0.00 0.00
62.00 35.00 39.00 106.00 184.00 67.00 78.00 0.09 4.31 1.00 1.00 1.00 12.00 15.00 23.00 20.00 26.00 9.00 0.00 0.00 1.00 0.00 0.00
63.00 34.00 35.00 97.00 173.00 62.00 76.00 0.08 3.28 1.00 1.00 1.00 9.00 17.00 25.00 17.00 21.00 13.00 1.00 0.00 2.00 0.00 0.00
64.00 30.00 33.00 87.00 157.00 54.00 70.00 0.08 3.12 1.00 1.00 1.00 8.00 13.00 22.00 17.00 21.00 9.00 0.00 0.00 2.00 0.00 0.00
65.00 31.00 33.00 81.00 160.00 48.00 79.00 0.07 4.70 1.00 1.00 1.00 7.00 13.00 24.00 18.00 22.00 9.00 0.00 0.00 1.00 1.00 0.00
66.00 26.00 19.00 66.00 126.00 47.00 60.00 0.09 2.13 1.00 1.00 1.00 9.00 14.00 17.00 12.00 19.00 7.00 0.00 0.00 1.00 1.00 0.00
67.00 31.00 20.00 83.00 167.00 63.00 84.00 0.09 4.98 1.00 2.00 0.50 12.00 16.00 19.00 15.00 21.00 10.00 0.00 0.00 0.00 0.00 0.00
68.00 28.00 18.00 68.00 143.00 50.00 75.00 0.09 3.01 2.00 1.00 2.00 9.00 15.00 19.00 13.00 20.00 8.00 0.00 0.00 0.00 0.00 0.00
69.00 26.00 20.00 68.00 135.00 48.00 67.00 0.08 4.30 1.00 2.00 0.50 7.00 13.00 19.00 13.00 18.00 8.00 0.00 0.00 0.00 0.00 0.00
70.00 27.00 30.00 72.00 137.00 42.00 65.00 0.09 2.59 1.00 3.00 0.33 3.00 14.00 24.00 13.00 20.00 7.00 0.00 0.00 0.00 0.00 0.00
71.00 28.00 32.00 75.00 148.00 43.00 73.00 0.08 4.46 1.00 1.00 1.00 6.00 13.00 22.00 15.00 19.00 9.00 1.00 0.00 0.00 0.00 0.00
72.00 29.00 33.00 80.00 147.00 47.00 67.00 0.08 2.78 1.00 2.00 0.50 8.00 13.00 21.00 16.00 17.00 12.00 0.00 0.00 0.00 0.00 0.00
73.00 29.00 25.00 70.00 147.00 45.00 77.00 0.10 3.91 1.00 1.00 1.00 6.00 13.00 23.00 16.00 18.00 11.00 0.00 0.00 0.00 0.00 0.00
74.00 26.00 27.00 71.00 142.00 44.00 71.00 0.09 4.23 2.00 2.00 1.00 4.00 8.00 22.00 18.00 14.00 12.00 0.00 0.00 0.00 0.00 0.00
75.00 23.00 12.00 45.00 100.00 33.00 55.00 0.09 4.80 1.00 1.00 1.00 9.00 12.00 14.00 11.00 18.00 5.00 0.00 0.00 0.00 0.00 0.00
76.00 14.00 10.00 32.00 71.00 22.00 39.00 0.06 4.42 1.00 0.00 0.00 1.00 8.00 13.00 6.00 10.00 4.00 0.00 0.00 0.00 0.00 0.00
77.00 31.00 27.00 86.00 158.00 59.00 72.00 0.09 2.96 1.00 3.00 0.33 10.00 18.00 21.00 13.00 25.00 6.00 0.00 0.00 0.00 0.00 0.00
78.00 32.00 31.00 91.00 163.00 60.00 72.00 0.08 2.63 1.00 1.00 1.00 7.00 14.00 25.00 18.00 21.00 11.00 0.00 0.00 0.00 0.00 0.00
79.00 24.00 16.00 51.00 119.00 35.00 68.00 0.09 2.29 1.00 1.00 1.00 6.00 13.00 18.00 11.00 15.00 9.00 0.00 0.00 0.00 0.00 0.00
80.00 19.00 16.00 49.00 98.00 33.00 49.00 0.09 0.49 0.00 1.00 0.00 7.00 12.00 12.00 7.00 15.00 4.00 0.00 0.00 0.00 1.00 0.00
81.00 19.00 11.00 29.00 85.00 18.00 56.00 0.08 0.54 0.00 1.00 0.00 4.00 8.00 15.00 11.00 12.00 7.00 0.00 0.00 0.00 1.00 0.00
82.00 13.00 11.00 26.00 60.00 15.00 34.00 0.09 0.50 0.00 1.00 0.00 4.00 7.00 9.00 6.00 9.00 4.00 0.00 0.00 0.00 0.00 0.00
83.00 24.00 16.00 59.00 124.00 43.00 65.00 0.09 1.32 0.00 1.00 0.00 6.00 14.00 18.00 10.00 19.00 5.00 0.00 0.00 0.00 1.00 0.00
84.00 11.00 5.00 19.00 48.00 14.00 29.00 0.08 2.88 0.00 2.00 0.00 4.00 9.00 7.00 2.00 9.00 2.00 0.00 0.00 0.00 0.00 0.00
85.00 19.00 8.00 42.00 93.00 34.00 51.00 0.09 5.08 0.00 1.00 0.00 5.00 12.00 14.00 7.00 15.00 4.00 0.00 0.00 0.00 1.00 0.00
86.00 13.00 4.00 20.00 63.00 16.00 43.00 0.09 3.23 0.00 1.00 0.00 4.00 9.00 9.00 4.00 13.00 0.00 0.00 0.00 0.00 1.00 0.00
87.00 13.00 5.00 16.00 57.00 11.00 41.00 0.09 0.49 0.00 2.00 0.00 3.00 7.00 10.00 6.00 11.00 2.00 0.00 0.00 0.00 0.00 0.00
88.00 19.00 9.00 47.00 98.00 38.00 51.00 0.08 2.24 0.00 1.00 0.00 5.00 12.00 14.00 7.00 16.00 3.00 0.00 0.00 0.00 0.00 0.00
89.00 19.00 13.00 42.00 98.00 29.00 56.00 0.09 3.07 0.00 1.00 0.00 5.00 9.00 14.00 10.00 12.00 7.00 0.00 0.00 1.00 0.00 0.00
90.00 17.00 6.00 38.00 90.00 32.00 52.00 0.08 2.44 0.00 1.00 0.00 7.00 11.00 10.00 6.00 14.00 3.00 0.00 0.00 0.00 0.00 0.00
91.00 15.00 5.00 32.00 81.00 27.00 49.00 0.07 1.70 0.00 1.00 0.00 3.00 9.00 12.00 6.00 14.00 1.00 0.00 0.00 0.00 0.00 0.00
92.00 16.00 8.00 32.00 83.00 24.00 51.00 0.07 2.50 0.00 1.00 0.00 6.00 11.00 10.00 5.00 11.00 5.00 0.00 0.00 0.00 0.00 0.00
93.00 16.00 6.00 40.00 80.00 34.00 40.00 0.07 0.68 0.00 1.00 0.00 4.00 7.00 12.00 9.00 9.00 7.00 0.00 0.00 0.00 0.00 0.00
94.00 13.00 4.00 20.00 60.00 16.00 40.00 0.08 0.56 0.00 1.00 0.00 6.00 9.00 7.00 4.00 10.00 3.00 0.00 0.00 0.00 0.00 0.00
95.00 9.00 1.00 15.00 42.00 14.00 27.00 0.08 0.48 0.00 1.00 0.00 4.00 6.00 5.00 3.00 7.00 2.00 0.00 0.00 0.00 0.00 0.00
96.00 16.00 12.00 43.00 80.00 31.00 37.00 0.08 1.63 0.00 0.00 0.00 5.00 9.00 11.00 7.00 14.00 2.00 0.00 0.00 0.00 0.00 0.00
97.00 14.00 7.00 31.00 65.00 24.00 34.00 0.08 0.65 0.00 0.00 0.00 5.00 8.00 9.00 6.00 10.00 4.00 0.00 0.00 0.00 0.00 0.00
98.00 11.00 0.00 14.00 47.00 14.00 33.00 0.07 2.08 0.00 0.00 0.00 4.00 8.00 7.00 3.00 10.00 1.00 0.00 0.00 0.00 0.00 0.00
99.00 8.00 6.00 17.00 36.00 11.00 19.00 0.08 0.23 0.00 1.00 0.00 2.00 3.00 6.00 5.00 4.00 4.00 0.00 0.00 0.00 0.00 0.00
100.00 14.00 8.00 24.00 61.00 16.00 37.00 0.10 1.64 0.00 1.00 0.00 5.00 9.00 9.00 5.00 13.00 1.00 0.00 0.00 0.00 0.00 0.00
101.00 13.00 7.00 34.00 61.00 27.00 27.00 0.08 0.39 0.00 0.00 0.00 6.00 8.00 7.00 5.00 10.00 3.00 0.00 0.00 0.00 0.00 0.00
102.00 14.00 5.00 37.00 76.00 32.00 39.00 0.08 0.61 0.00 0.00 0.00 4.00 7.00 10.00 7.00 12.00 2.00 0.00 0.00 0.00 0.00 0.00
103.00 13.00 5.00 29.00 62.00 24.00 33.00 0.10 0.54 0.00 1.00 0.00 4.00 6.00 9.00 7.00 9.00 4.00 0.00 0.00 0.00 0.00 0.00
104.00 13.00 4.00 30.00 67.00 26.00 37.00 0.07 0.52 0.00 0.00 0.00 7.00 10.00 6.00 3.00 11.00 2.00 0.00 0.00 0.00 0.00 0.00
105.00 16.00 9.00 35.00 71.00 26.00 36.00 0.08 1.47 0.00 0.00 0.00 7.00 11.00 9.00 5.00 11.00 5.00 0.00 0.00 1.00 0.00 0.00
106.00 7.00 2.00 9.00 31.00 7.00 22.00 0.07 0.44 0.00 0.00 0.00 4.00 4.00 3.00 3.00 6.00 1.00 0.00 0.00 0.00 0.00 0.00
107.00 12.00 5.00 25.00 61.00 20.00 36.00 0.10 2.60 0.00 0.00 0.00 2.00 6.00 10.00 6.00 9.00 3.00 0.00 0.00 0.00 0.00 0.00
108.00 4.00 0.00 4.00 16.00 4.00 12.00 0.07 3.72 0.00 0.00 0.00 2.00 4.00 2.00 0.00 4.00 0.00 0.00 0.00 0.00 0.00 0.00
109.00 3.00 0.00 2.00 9.00 2.00 7.00 0.09 0.14 0.00 0.00 0.00 2.00 3.00 1.00 0.00 3.00 0.00 0.00 0.00 0.00 0.00 0.00
