0.00 2.00 0.00 0.00 5.00 0.00 5.00 0.09 0.12 0.00 0.00 0.00 2.00 2.00 0.00 0.00 2.00 0.00 0.00 0.00 0.00 0.00 0.00
1.00 5.00 0.00 2.00 14.00 2.00 12.00 0.09 0.34 0.00 0.00 0.00 3.00 4.00 2.00 1.00 5.00 0.00 0.00 0.00 0.00 0.00 0.00
2.00 4.00 0.00 2.00 15.00 2.00 13.00 0.09 0.14 0.00 0.00 0.00 2.00 4.00 2.00 0.00 4.00 0.00 0.00 0.00 0.00 0.00 0.00
3.00 6.00 3.00 9.00 25.00 6.00 16.00 0.08 0.26 0.00 0.00 0.00 2.00 5.00 4.00 1.00 5.00 1.00 0.00 0.00 0.00 0.00 0.00
4.00 10.00 4.00 17.00 49.00 13.00 32.00 0.09 0.45 0.00 0.00 0.00 5.00 8.00 5.00 2.00 8.00 2.00 0.00 0.00 0.00 0.00 0.00
5.00 5.00 1.00 6.00 20.00 5.00 14.00 0.08 0.39 0.00 0.00 0.00 4.00 4.00 1.00 1.00 4.00 1.00 0.00 0.00 0.00 0.00 0.00
6.00 4.00 0.00 3.00 15.00 3.00 12.00 0.09 0.30 0.00 0.00 0.00 2.00 4.00 2.00 0.00 4.00 0.00 0.00 0.00 0.00 0.00 0.00
7.00 5.00 1.00 5.00 18.00 4.00 13.00 0.08 0.40 0.00 0.00 0.00 2.00 3.00 3.00 2.00 5.00 0.00 0.00 0.00 0.00 0.00 0.00
8.00 7.00 0.00 4.00 24.00 4.00 20.00 0.09 0.44 0.00 0.00 0.00 4.00 5.00 3.00 2.00 7.00 0.00 0.00 0.00 0.00 0.00 0.00
9.00 3.00 0.00 0.00 6.00 0.00 6.00 0.08 0.21 0.00 0.00 0.00 2.00 3.00 1.00 0.00 3.00 0.00 0.00 0.00 0.00 0.00 0.00
10.00 4.00 0.00 4.00 15.00 4.00 11.00 0.08 0.21 0.00 0.00 0.00 1.00 3.00 3.00 1.00 4.00 0.00 0.00 0.00 0.00 0.00 0.00
11.00 6.00 1.00 6.00 21.00 5.00 15.00 0.08 0.30 0.00 0.00 0.00 3.00 5.00 3.00 1.00 6.00 0.00 0.00 0.00 0.00 0.00 0.00
12.00 4.00 0.00 2.00 14.00 2.00 12.00 0.07 0.39 0.00 0.00 0.00 3.00 3.00 1.00 1.00 4.00 0.00 0.00 0.00 0.00 0.00 0.00
13.00 4.00 0.00 4.00 16.00 4.00 12.00 0.10 0.19 0.00 0.00 0.00 2.00 4.00 2.00 0.00 4.00 0.00 0.00 0.00 0.00 0.00 0.00
14.00 3.00 0.00 0.00 3.00 0.00 3.00 0.08 0.30 0.00 0.00 0.00 2.00 3.00 1.00 0.00 3.00 0.00 0.00 0.00 0.00 0.00 0.00
15.00 9.00 2.00 13.00 34.00 11.00 21.00 0.08 0.43 0.00 0.00 0.00 3.00 5.00 6.00 4.00 8.00 1.00 0.00 0.00 0.00 0.00 0.00
16.00 5.00 1.00 6.00 20.00 5.00 14.00 0.09 0.18 0.00 0.00 0.00 3.00 4.00 2.00 1.00 5.00 0.00 0.00 0.00 0.00 0.00 0.00
17.00 6.00 1.00 8.00 28.00 7.00 20.00 0.10 0.29 0.00 0.00 0.00 3.00 5.00 3.00 1.00 6.00 0.00 0.00 0.00 0.00 0.00 0.00
18.00 11.00 10.00 23.00 53.00 13.00 30.00 0.09 0.40 0.00 0.00 0.00 3.00 6.00 8.00 5.00 9.00 2.00 0.00 0.00 0.00 0.00 0.00
19.00 8.00 4.00 17.00 39.00 13.00 22.00 0.08 0.24 0.00 0.00 0.00 3.00 4.00 5.00 4.00 7.00 1.00 0.00 0.00 0.00 0.00 0.00
20.00 14.00 7.00 22.00 64.00 15.00 42.00 0.08 0.48 0.00 0.00 0.00 5.00 6.00 9.00 8.00 10.00 4.00 0.00 0.00 0.00 0.00 0.00
21.00 10.00 2.00 16.00 49.00 14.00 33.00 0.10 0.45 0.00 0.00 0.00 4.00 7.00 6.00 3.00 9.00 1.00 0.00 0.00 0.00 0.00 0.00
22.00 8.00 6.00 14.00 37.00 8.00 23.00 0.09 0.35 0.00 0.00 0.00 1.00 3.00 7.00 5.00 5.00 3.00 0.00 0.00 0.00 0.00 0.00
23.00 10.00 8.00 22.00 48.00 14.00 26.00 0.07 0.30 0.00 0.00 0.00 4.00 4.00 6.00 6.00 7.00 3.00 0.00 0.00 0.00 0.00 0.00
24.00 9.00 6.00 20.00 42.00 14.00 22.00 0.09 0.23 0.00 0.00 0.00 2.00 4.00 7.00 5.00 6.00 3.00 0.00 0.00 0.00 0.00 0.00
25.00 12.00 3.00 19.00 53.00 16.00 34.00 0.10 0.30 0.00 0.00 0.00 3.00 6.00 9.00 6.00 10.00 2.00 0.00 0.00 0.00 0.00 0.00
26.00 10.00 6.00 21.00 49.00 15.00 28.00 0.09 0.21 0.00 0.00 0.00 1.00 6.00 9.00 4.00 9.00 1.00 0.00 0.00 0.00 0.00 0.00
27.00 11.00 8.00 23.00 53.00 15.00 30.00 0.08 0.38 0.00 0.00 0.00 2.00 6.00 9.00 5.00 8.00 3.00 0.00 0.00 0.00 0.00 0.00
28.00 8.00 4.00 12.00 34.00 8.00 22.00 0.10 0.40 0.00 0.00 0.00 3.00 5.00 5.00 3.00 6.00 2.00 0.00 0.00 0.00 0.00 0.00
29.00 9.00 6.00 20.00 38.00 14.00 18.00 0.08 0.25 0.00 0.00 0.00 4.00 6.00 5.00 3.00 7.00 2.00 0.00 0.00 0.00 0.00 0.00
30.00 11.00 10.00 26.00 52.00 16.00 26.00 0.09 0.25 0.00 0.00 0.00 2.00 6.00 9.00 5.00 9.00 2.00 0.00 0.00 0.00 0.00 0.00
31.00 4.00 1.00 5.00 17.00 4.00 12.00 0.08 0.15 0.00 0.00 0.00 0.00 4.00 4.00 0.00 4.00 0.00 0.00 0.00 0.00 0.00 0.00
32.00 9.00 6.00 18.00 41.00 12.00 23.00 0.09 0.33 0.00 1.00 0.00 3.00 8.00 6.00 1.00 8.00 1.00 0.00 0.00 0.00 0.00 0.00
33.00 11.00 5.00 16.00 41.00 11.00 25.00 0.09 0.35 0.00 1.00 0.00 5.00 8.00 6.00 3.00 8.00 3.00 0.00 0.00 0.00 0.00 0.00
34.00 11.00 9.00 22.00 51.00 13.00 29.00 0.09 0.33 0.00 0.00 0.00 3.00 8.00 8.00 3.00 9.00 2.00 0.00 0.00 0.00 0.00 0.00
35.00 15.00 7.00 30.00 71.00 23.00 41.00 0.08 0.43 0.00 0.00 0.00 8.00 10.00 7.00 5.00 10.00 5.00 0.00 0.00 0.00 0.00 0.00
36.00 7.00 0.00 2.00 24.00 2.00 22.00 0.08 0.48 0.00 0.00 0.00 3.00 6.00 4.00 1.00 7.00 0.00 0.00 0.00 0.00 0.00 0.00
37.00 12.00 10.00 27.00 61.00 17.00 34.00 0.08 0.35 0.00 0.00 0.00 3.00 8.00 9.00 4.00 11.00 1.00 0.00 0.00 0.00 0.00 0.00
38.00 13.00 11.00 31.00 57.00 20.00 26.00 0.11 0.36 0.00 0.00 0.00 2.00 7.00 11.00 6.00 10.00 3.00 0.00 0.00 0.00 0.00 0.00
39.00 14.00 10.00 30.00 67.00 20.00 37.00 0.09 0.35 0.00 0.00 0.00 5.00 10.00 9.00 4.00 13.00 1.00 0.00 0.00 0.00 0.00 0.00
40.00 16.00 11.00 31.00 64.00 20.00 33.00 0.09 0.42 0.00 0.00 0.00 7.00 11.00 9.00 5.00 12.00 4.00 0.00 0.00 0.00 0.00 0.00
41.00 13.00 11.00 27.00 60.00 16.00 33.00 0.09 0.35 0.00 0.00 0.00 4.00 7.00 9.00 6.00 9.00 4.00 0.00 0.00 0.00 0.00 0.00
42.00 10.00 7.00 22.00 47.00 15.00 25.00 0.09 0.35 0.00 0.00 0.00 1.00 5.00 9.00 5.00 6.00 4.00 0.00 0.00 0.00 0.00 0.00
43.00 6.00 1.00 3.00 22.00 2.00 19.00 0.08 0.32 0.00 0.00 0.00 3.00 5.00 3.00 1.00 6.00 0.00 0.00 0.00 0.00 0.00 0.00
44.00 9.00 4.00 20.00 44.00 16.00 24.00 0.10 0.29 0.00 0.00 0.00 2.00 3.00 7.00 6.00 5.00 4.00 0.00 0.00 0.00 0.00 0.00
45.00 5.00 1.00 5.00 22.00 4.00 17.00 0.08 0.30 0.00 0.00 0.00 4.00 4.00 1.00 1.00 4.00 1.00 0.00 0.00 0.00 0.00 0.00
46.00 8.00 2.00 11.00 31.00 9.00 20.00 0.09 0.45 0.00 1.00 0.00 4.00 5.00 4.00 3.00 7.00 1.00 0.00 0.00 0.00 0.00 0.00
47.00 10.00 9.00 24.00 49.00 15.00 25.00 0.09 0.25 0.00 1.00 0.00 2.00 3.00 8.00 7.00 6.00 4.00 0.00 0.00 0.00 0.00 0.00
48.00 10.00 6.00 24.00 47.00 18.00 23.00 0.09 0.22 0.00 0.00 0.00 0.00 4.00 10.00 6.00 7.00 3.00 0.00 0.00 0.00 0.00 0.00
49.00 14.00 12.00 31.00 66.00 19.00 35.00 0.07 0.58 0.00 0.00 0.00 6.00 9.00 8.00 5.00 9.00 5.00 0.00 0.00 0.00 0.00 0.00
50.00 10.00 4.00 17.00 45.00 13.00 28.00 0.07 0.33 0.00 0.00 0.00 1.00 5.00 9.00 5.00 8.00 2.00 0.00 0.00 0.00 0.00 0.00
51.00 10.00 8.00 23.00 48.00 15.00 25.00 0.08 0.23 0.00 1.00 0.00 4.00 6.00 6.00 4.00 8.00 2.00 0.00 0.00 0.00 0.00 0.00
52.00 14.00 15.00 33.00 62.00 18.00 29.00 0.09 0.37 0.00 1.00 0.00 4.00 8.00 10.00 6.00 11.00 3.00 0.00 0.00 0.00 0.00 0.00
53.00 9.00 6.00 19.00 43.00 13.00 24.00 0.09 0.27 0.00 0.00 0.00 3.00 6.00 6.00 3.00 7.00 2.00 0.00 0.00 0.00 0.00 0.00
54.00 4.00 0.00 2.00 10.00 2.00 8.00 0.09 0.21 0.00 0.00 0.00 3.00 3.00 1.00 1.00 4.00 0.00 0.00 0.00 0.00 0.00 0.00
55.00 9.00 2.00 14.00 33.00 12.00 19.00 0.08 0.59 0.00 0.00 0.00 3.00 8.00 6.00 1.00 9.00 0.00 0.00 0.00 0.00 0.00 0.00
56.00 12.00 6.00 24.00 56.00 18.00 32.00 0.09 0.38 0.00 0.00 0.00 5.00 8.00 7.00 4.00 10.00 2.00 0.00 0.00 0.00 0.00 0.00
57.00 9.00 5.00 17.00 43.00 12.00 26.00 0.08 0.38 0.00 0.00 0.00 6.00 6.00 3.00 3.00 8.00 1.00 0.00 0.00 0.00 0.00 0.00
58.00 13.00 7.00 27.00 56.00 20.00 29.00 0.10 0.51 0.00 0.00 0.00 4.00 8.00 9.00 5.00 10.00 3.00 0.00 0.00 0.00 0.00 0.00
59.00 15.00 12.00 35.00 65.00 23.00 30.00 0.09 0.51 0.00 0.00 0.00 4.00 9.00 11.00 6.00 11.00 4.00 0.00 0.00 0.00 0.00 0.00
60.00 16.00 9.00 37.00 80.00 28.00 43.00 0.08 0.66 0.00 0.00 0.00 8.00 11.00 8.00 5.00 12.00 4.00 0.00 0.00 1.00 0.00 0.00
61.00 18.00 18.00 44.00 90.00 26.00 46.00 0.07 0.59 0.00 0.00 0.00 5.00 9.00 13.00 9.00 11.00 7.00 0.00 0.00 1.00 0.00 0.00
62.00 23.00 22.00 60.00 108.00 38.00 48.00 0.09 0.76 0.00 2.00 0.00 5.00 12.00 18.00 11.00 15.00 8.00 1.00 0.00 0.00 0.00 0.00
63.00 18.00 17.00 46.00 87.00 29.00 41.00 0.08 0.66 0.00 1.00 0.00 4.00 9.00 14.00 9.00 14.00 4.00 0.00 0.00 1.00 0.00 0.00
64.00 18.00 19.00 46.00 88.00 27.00 42.00 0.08 0.74 0.00 0.00 0.00 4.00 8.00 14.00 10.00 14.00 4.00 0.00 0.00 0.00 0.00 0.00
65.00 18.00 19.00 42.00 88.00 23.00 46.00 0.08 0.75 0.00 0.00 0.00 3.00 10.00 15.00 8.00 11.00 7.00 0.00 0.00 0.00 0.00 0.00
66.00 22.00 10.00 40.00 94.00 30.00 54.00 0.09 1.09 0.00 0.00 0.00 8.00 13.00 14.00 9.00 17.00 5.00 0.00 0.00 0.00 0.00 0.00
67.00 31.00 22.00 74.00 153.00 52.00 79.00 0.09 1.21 0.00 0.00 0.00 10.00 16.00 21.00 15.00 21.00 10.00 0.00 0.00 0.00 0.00 0.00
68.00 16.00 15.00 42.00 82.00 27.00 40.00 0.09 0.53 0.00 0.00 0.00 5.00 11.00 11.00 5.00 14.00 2.00 0.00 0.00 0.00 0.00 0.00
69.00 20.00 17.00 47.00 101.00 30.00 54.00 0.09 0.64 0.00 0.00 0.00 6.00 10.00 14.00 10.00 12.00 8.00 1.00 0.00 0.00 0.00 0.00
70.00 22.00 21.00 59.00 110.00 38.00 51.00 0.10 0.75 0.00 0.00 0.00 3.00 9.00 19.00 13.00 15.00 7.00 1.00 0.00 0.00 0.00 0.00
71.00 20.00 18.00 49.00 94.00 31.00 45.00 0.09 0.69 0.00 0.00 0.00 5.00 9.00 15.00 11.00 13.00 7.00 0.00 0.00 0.00 0.00 0.00
72.00 18.00 15.00 46.00 87.00 31.00 41.00 0.09 0.68 0.00 0.00 0.00 4.00 7.00 14.00 11.00 11.00 7.00 0.00 0.00 0.00 0.00 0.00
73.00 14.00 7.00 24.00 63.00 17.00 39.00 0.09 0.43 0.00 0.00 0.00 3.00 8.00 11.00 6.00 13.00 1.00 0.00 0.00 0.00 0.00 0.00
74.00 17.00 12.00 42.00 82.00 30.00 40.00 0.10 0.53 0.00 0.00 0.00 6.00 13.00 11.00 4.00 15.00 2.00 0.00 0.00 0.00 0.00 0.00
75.00 15.00 6.00 28.00 70.00 22.00 42.00 0.08 0.53 0.00 0.00 0.00 4.00 8.00 11.00 7.00 11.00 4.00 1.00 0.00 0.00 0.00 0.00
76.00 15.00 8.00 29.00 77.00 21.00 48.00 0.08 0.52 0.00 0.00 0.00 4.00 7.00 11.00 8.00 10.00 5.00 0.00 0.00 0.00 0.00 0.00
77.00 14.00 8.00 27.00 68.00 19.00 41.00 0.08 0.44 0.00 0.00 0.00 2.00 7.00 12.00 7.00 11.00 3.00 0.00 0.00 0.00 0.00 1.00
78.00 14.00 7.00 29.00 62.00 22.00 33.00 0.08 0.55 0.00 0.00 0.00 6.00 9.00 8.00 5.00 11.00 3.00 0.00 0.00 2.00 0.00 0.00
79.00 17.00 14.00 35.00 81.00 21.00 46.00 0.09 0.58 0.00 0.00 0.00 5.00 13.00 12.00 4.00 14.00 3.00 0.00 0.00 0.00 0.00 0.00
80.00 7.00 1.00 9.00 23.00 8.00 14.00 0.10 0.23 0.00 0.00 0.00 3.00 5.00 4.00 2.00 6.00 1.00 0.00 0.00 0.00 0.00 0.00
81.00 15.00 8.00 25.00 63.00 17.00 38.00 0.08 0.80 0.00 0.00 0.00 3.00 9.00 12.00 6.00 12.00 3.00 0.00 0.00 0.00 0.00 0.00
82.00 12.00 8.00 24.00 60.00 16.00 36.00 0.08 0.62 0.00 1.00 0.00 5.00 8.00 7.00 4.00 9.00 3.00 0.00 0.00 0.00 0.00 0.00
83.00 8.00 0.00 11.00 33.00 11.00 22.00 0.09 0.49 0.00 0.00 0.00 1.00 7.00 7.00 1.00 7.00 1.00 0.00 0.00 0.00 0.00 0.00
84.00 13.00 5.00 20.00 60.00 15.00 40.00 0.09 0.61 0.00 0.00 0.00 4.00 11.00 9.00 2.00 12.00 1.00 0.00 0.00 0.00 0.00 0.00
85.00 15.00 15.00 35.00 74.00 20.00 39.00 0.08 0.57 0.00 0.00 0.00 7.00 13.00 8.00 2.00 13.00 2.00 0.00 0.00 0.00 0.00 0.00
86.00 14.00 8.00 26.00 68.00 18.00 42.00 0.09 0.67 0.00 0.00 0.00 5.00 11.00 9.00 3.00 13.00 1.00 0.00 0.00 0.00 0.00 0.00
87.00 11.00 2.00 17.00 45.00 15.00 28.00 0.09 0.96 0.00 0.00 0.00 1.00 4.00 10.00 7.00 11.00 0.00 0.00 0.00 0.00 0.00 0.00
88.00 10.00 2.00 10.00 45.00 8.00 35.00 0.06 0.36 0.00 0.00 0.00 6.00 8.00 4.00 2.00 9.00 1.00 0.00 0.00 0.00 0.00 0.00
89.00 6.00 2.00 7.00 24.00 5.00 17.00 0.09 0.32 0.00 0.00 0.00 2.00 3.00 4.00 3.00 5.00 1.00 0.00 0.00 0.00 0.00 0.00
90.00 5.00 0.00 2.00 16.00 2.00 14.00 0.08 0.38 0.00 0.00 0.00 2.00 4.00 3.00 1.00 4.00 1.00 0.00 0.00 0.00 0.00 0.00
91.00 11.00 6.00 22.00 49.00 16.00 27.00 0.10 0.47 0.00 0.00 0.00 4.00 8.00 7.00 3.00 9.00 2.00 0.00 0.00 0.00 0.00 0.00
92.00 16.00 9.00 29.00 68.00 20.00 39.00 0.08 0.57 0.00 1.00 0.00 7.00 10.00 9.00 6.00 13.00 3.00 0.00 0.00 0.00 0.00 0.00
93.00 11.00 3.00 17.00 46.00 14.00 29.00 0.09 0.42 0.00 0.00 0.00 4.00 6.00 7.00 5.00 9.00 2.00 0.00 0.00 0.00 0.00 0.00
94.00 5.00 2.00 7.00 20.00 5.00 13.00 0.08 0.20 0.00 0.00 0.00 1.00 4.00 4.00 1.00 5.00 0.00 0.00 0.00 0.00 0.00 0.00
95.00 2.00 0.00 0.00 3.00 0.00 3.00 0.09 4.78 0.00 0.00 0.00 2.00 2.00 0.00 0.00 2.00 0.00 0.00 0.00 0.00 0.00 0.00
