0.00 5.00 0.00 6.00 23.00 6.00 17.00 0.09 0.21 0.00 0.00 0.00 3.00 4.00 2.00 1.00 5.00 0.00 0.00 0.00 0.00 0.00 0.00
1.00 7.00 0.00 11.00 32.00 11.00 21.00 0.08 0.20 0.00 0.00 0.00 3.00 6.00 4.00 1.00 7.00 0.00 0.00 0.00 0.00 0.00 0.00
2.00 3.00 0.00 0.00 6.00 0.00 6.00 0.07 0.31 0.00 0.00 0.00 2.00 3.00 1.00 0.00 3.00 0.00 0.00 0.00 0.00 0.00 0.00
3.00 3.00 0.00 1.00 3.00 1.00 2.00 0.09 0.16 0.00 0.00 0.00 2.00 3.00 1.00 0.00 3.00 0.00 0.00 0.00 0.00 0.00 0.00
4.00 5.00 1.00 3.00 20.00 2.00 17.00 0.08 0.30 0.00 0.00 0.00 3.00 4.00 2.00 1.00 5.00 0.00 0.00 0.00 0.00 0.00 0.00
5.00 11.00 1.00 27.00 61.00 26.00 34.00 0.07 0.41 0.00 0.00 0.00 4.00 8.00 7.00 3.00 10.00 1.00 0.00 0.00 0.00 0.00 0.00
6.00 6.00 0.00 5.00 26.00 5.00 21.00 0.09 0.31 0.00 0.00 0.00 1.00 5.00 5.00 1.00 6.00 0.00 0.00 0.00 0.00 0.00 0.00
7.00 13.00 1.00 28.00 63.00 27.00 35.00 0.08 1.60 0.00 0.00 0.00 6.00 10.00 7.00 3.00 12.00 1.00 0.00 0.00 0.00 0.00 0.00
8.00 6.00 0.00 8.00 23.00 8.00 15.00 0.10 0.43 0.00 0.00 0.00 3.00 3.00 3.00 3.00 6.00 0.00 0.00 0.00 0.00 0.00 0.00
9.00 12.00 1.00 27.00 58.00 26.00 31.00 0.08 0.42 0.00 0.00 0.00 3.00 8.00 9.00 4.00 11.00 1.00 0.00 0.00 0.00 0.00 0.00
10.00 13.00 2.00 31.00 64.00 29.00 33.00 0.08 0.59 0.00 0.00 0.00 5.00 8.00 8.00 5.00 10.00 3.00 0.00 0.00 0.00 0.00 0.00
11.00 13.00 1.00 29.00 67.00 28.00 38.00 0.08 0.63 0.00 0.00 0.00 2.00 6.00 11.00 7.00 11.00 2.00 0.00 0.00 0.00 0.00 0.00
12.00 10.00 0.00 18.00 52.00 18.00 34.00 0.09 0.40 0.00 0.00 0.00 2.00 8.00 8.00 2.00 10.00 0.00 0.00 0.00 0.00 0.00 0.00
13.00 5.00 0.00 3.00 19.00 3.00 16.00 0.08 0.20 0.00 0.00 0.00 3.00 4.00 2.00 1.00 5.00 0.00 0.00 0.00 0.00 0.00 0.00
14.00 8.00 1.00 8.00 31.00 7.00 23.00 0.09 0.55 0.00 0.00 0.00 4.00 7.00 4.00 1.00 7.00 1.00 0.00 0.00 0.00 0.00 0.00
15.00 13.00 1.00 25.00 66.00 24.00 41.00 0.10 0.60 0.00 0.00 0.00 4.00 8.00 9.00 5.00 10.00 3.00 0.00 0.00 0.00 0.00 0.00
16.00 14.00 1.00 38.00 68.00 37.00 30.00 0.08 1.50 0.00 0.00 0.00 3.00 8.00 11.00 6.00 12.00 2.00 0.00 0.00 0.00 0.00 0.00
17.00 12.00 1.00 24.00 64.00 23.00 40.00 0.08 0.32 0.00 0.00 0.00 5.00 9.00 7.00 3.00 10.00 2.00 0.00 0.00 0.00 0.00 0.00
18.00 11.00 1.00 21.00 58.00 20.00 37.00 0.07 0.43 0.00 0.00 0.00 4.00 6.00 7.00 5.00 10.00 1.00 0.00 0.00 0.00 0.00 0.00
19.00 12.00 1.00 20.00 60.00 19.00 40.00 0.08 0.45 0.00 0.00 0.00 3.00 8.00 9.00 4.00 11.00 1.00 0.00 0.00 0.00 0.00 0.00
20.00 5.00 0.00 4.00 20.00 4.00 16.00 0.08 3.31 0.00 0.00 0.00 4.00 4.00 1.00 1.00 4.00 1.00 0.00 0.00 0.00 0.00 0.00
21.00 11.00 1.00 22.00 55.00 21.00 33.00 0.09 0.43 0.00 0.00 0.00 1.00 7.00 10.00 4.00 8.00 3.00 0.00 0.00 0.00 0.00 0.00
22.00 10.00 1.00 14.00 36.00 13.00 22.00 0.09 2.03 0.00 0.00 0.00 4.00 6.00 6.00 4.00 8.00 2.00 0.00 0.00 0.00 0.00 0.00
23.00 10.00 1.00 10.00 40.00 9.00 30.00 0.08 2.06 0.00 0.00 0.00 2.00 7.00 8.00 3.00 9.00 1.00 0.00 0.00 0.00 0.00 0.00
24.00 12.00 2.00 22.00 64.00 20.00 42.00 0.08 0.52 0.00 0.00 0.00 4.00 8.00 8.00 4.00 10.00 2.00 0.00 0.00 0.00 0.00 0.00
25.00 16.00 5.00 31.00 80.00 26.00 49.00 0.08 1.61 0.00 0.00 0.00 4.00 9.00 12.00 7.00 12.00 4.00 0.00 0.00 0.00 0.00 0.00
26.00 10.00 0.00 14.00 46.00 14.00 32.00 0.07 1.93 0.00 0.00 0.00 4.00 7.00 6.00 3.00 9.00 1.00 0.00 0.00 0.00 0.00 0.00
27.00 12.00 0.00 29.00 63.00 29.00 34.00 0.08 0.54 0.00 0.00 0.00 1.00 4.00 11.00 8.00 8.00 4.00 0.00 0.00 0.00 0.00 0.00
28.00 7.00 2.00 10.00 29.00 8.00 19.00 0.08 0.35 0.00 0.00 0.00 4.00 5.00 3.00 2.00 7.00 0.00 0.00 0.00 0.00 0.00 0.00
29.00 12.00 5.00 21.00 56.00 16.00 35.00 0.08 0.54 0.00 0.00 0.00 6.00 8.00 6.00 4.00 10.00 2.00 0.00 0.00 0.00 0.00 0.00
30.00 11.00 1.00 17.00 55.00 16.00 38.00 0.08 0.54 0.00 0.00 0.00 5.00 6.00 6.00 5.00 9.00 2.00 0.00 0.00 0.00 0.00 1.00
31.00 10.00 4.00 16.00 46.00 12.00 30.00 0.09 0.58 0.00 0.00 0.00 3.00 6.00 7.00 4.00 8.00 2.00 0.00 0.00 0.00 0.00 0.00
32.00 7.00 1.00 10.00 31.00 9.00 21.00 0.08 0.32 0.00 0.00 0.00 1.00 5.00 6.00 2.00 6.00 1.00 0.00 0.00 1.00 0.00 0.00
33.00 17.00 7.00 48.00 89.00 41.00 41.00 0.09 1.54 0.00 0.00 0.00 7.00 10.00 10.00 7.00 14.00 3.00 0.00 0.00 0.00 0.00 0.00
34.00 13.00 5.00 28.00 64.00 23.00 36.00 0.09 0.53 0.00 0.00 0.00 5.00 7.00 8.00 6.00 8.00 5.00 0.00 0.00 1.00 0.00 0.00
35.00 8.00 5.00 15.00 38.00 10.00 23.00 0.09 0.35 0.00 0.00 0.00 1.00 4.00 7.00 4.00 5.00 3.00 0.00 0.00 0.00 0.00 0.00
36.00 18.00 5.00 39.00 90.00 34.00 51.00 0.08 2.18 0.00 0.00 0.00 8.00 13.00 10.00 5.00 15.00 3.00 0.00 0.00 0.00 0.00 0.00
37.00 9.00 0.00 9.00 41.00 9.00 32.00 0.07 0.50 0.00 0.00 0.00 4.00 8.00 5.00 1.00 8.00 1.00 0.00 0.00 0.00 0.00 0.00
38.00 10.00 4.00 15.00 47.00 11.00 32.00 0.09 3.07 0.00 0.00 0.00 3.00 9.00 7.00 1.00 10.00 0.00 0.00 0.00 0.00 0.00 0.00
39.00 15.00 7.00 32.00 71.00 25.00 39.00 0.08 2.41 0.00 0.00 0.00 6.00 9.00 9.00 6.00 13.00 2.00 0.00 0.00 0.00 0.00 0.00
40.00 15.00 4.00 27.00 74.00 23.00 47.00 0.10 2.31 0.00 0.00 0.00 4.00 10.00 11.00 5.00 12.00 3.00 0.00 0.00 0.00 0.00 0.00
41.00 9.00 3.00 14.00 37.00 11.00 23.00 0.08 0.39 0.00 0.00 0.00 2.00 6.00 7.00 3.00 8.00 1.00 0.00 0.00 0.00 0.00 0.00
42.00 15.00 7.00 25.00 71.00 18.00 46.00 0.08 2.52 0.00 0.00 0.00 3.00 10.00 12.00 5.00 13.00 2.00 1.00 0.00 0.00 0.00 0.00
43.00 5.00 0.00 5.00 21.00 5.00 16.00 0.10 0.17 0.00 0.00 0.00 3.00 4.00 2.00 1.00 5.00 0.00 0.00 0.00 0.00 0.00 0.00
44.00 14.00 8.00 27.00 69.00 19.00 42.00 0.09 1.58 0.00 0.00 0.00 6.00 9.00 8.00 5.00 11.00 3.00 0.00 0.00 0.00 0.00 0.00
45.00 16.00 6.00 29.00 78.00 23.00 49.00 0.09 2.31 0.00 0.00 0.00 2.00 7.00 14.00 9.00 12.00 4.00 0.00 0.00 0.00 0.00 0.00
46.00 18.00 6.00 30.00 92.00 24.00 62.00 0.09 1.43 0.00 0.00 0.00 6.00 8.00 12.00 10.00 13.00 5.00 0.00 0.00 0.00 0.00 1.00
47.00 19.00 6.00 50.00 102.00 44.00 52.00 0.08 2.07 0.00 0.00 0.00 6.00 8.00 13.00 11.00 16.00 3.00 0.00 0.00 0.00 0.00 0.00
48.00 16.00 6.00 26.00 75.00 20.00 49.00 0.09 1.66 0.00 0.00 0.00 6.00 9.00 10.00 7.00 13.00 3.00 0.00 0.00 0.00 0.00 0.00
49.00 20.00 3.00 27.00 95.00 24.00 68.00 0.10 1.36 1.00 0.00 0.00 6.00 14.00 14.00 6.00 17.00 3.00 0.00 0.00 0.00 0.00 0.00
50.00 21.00 5.00 30.00 107.00 25.00 77.00 0.10 5.66 0.00 0.00 0.00 6.00 11.00 15.00 10.00 17.00 4.00 0.00 0.00 0.00 0.00 0.00
51.00 19.00 16.00 40.00 95.00 24.00 55.00 0.08 5.94 0.00 1.00 0.00 3.00 11.00 16.00 8.00 15.00 4.00 1.00 0.00 0.00 0.00 0.00
52.00 16.00 7.00 32.00 82.00 25.00 50.00 0.09 2.14 0.00 1.00 0.00 5.00 10.00 11.00 6.00 12.00 4.00 1.00 0.00 0.00 0.00 0.00
53.00 14.00 3.00 23.00 70.00 20.00 47.00 0.09 1.57 0.00 1.00 0.00 5.00 12.00 9.00 2.00 12.00 2.00 0.00 0.00 0.00 0.00 0.00
54.00 26.00 18.00 79.00 138.00 61.00 59.00 0.09 1.26 0.00 2.00 0.00 5.00 9.00 21.00 17.00 16.00 10.00 1.00 0.00 0.00 0.00 0.00
55.00 26.00 22.00 68.00 131.00 46.00 63.00 0.08 0.61 0.00 2.00 0.00 7.00 13.00 19.00 13.00 17.00 9.00 1.00 0.00 0.00 0.00 0.00
56.00 26.00 22.00 76.00 138.00 54.00 62.00 0.06 0.65 0.00 0.00 0.00 6.00 14.00 20.00 12.00 16.00 10.00 1.00 0.00 0.00 0.00 0.00
57.00 21.00 11.00 52.00 119.00 41.00 67.00 0.08 0.62 0.00 2.00 0.00 1.00 9.00 20.00 12.00 14.00 7.00 1.00 0.00 0.00 0.00 0.00
58.00 31.00 26.00 96.00 158.00 70.00 62.00 0.09 1.92 0.00 0.00 0.00 5.00 13.00 26.00 18.00 21.00 10.00 1.00 0.00 0.00 0.00 0.00
59.00 22.00 16.00 64.00 115.00 48.00 51.00 0.09 1.22 0.00 1.00 0.00 8.00 11.00 14.00 11.00 15.00 7.00 1.00 0.00 0.00 0.00 0.00
60.00 29.00 23.00 82.00 155.00 59.00 73.00 0.08 4.79 1.00 2.00 0.50 7.00 13.00 22.00 16.00 18.00 11.00 1.00 0.00 0.00 0.00 0.00
61.00 24.00 18.00 52.00 120.00 34.00 68.00 0.09 2.15 0.00 1.00 0.00 5.00 10.00 19.00 14.00 18.00 6.00 1.00 0.00 0.00 0.00 0.00
62.00 22.00 12.00 59.00 120.00 47.00 61.00 0.09 4.51 0.00 0.00 0.00 4.00 9.00 18.00 13.00 15.00 7.00 1.00 0.00 0.00 0.00 0.00
63.00 25.00 22.00 70.00 136.00 48.00 66.00 0.07 1.76 0.00 0.00 0.00 6.00 15.00 19.00 10.00 18.00 7.00 1.00 0.00 0.00 0.00 0.00
64.00 28.00 20.00 77.00 143.00 57.00 66.00 0.08 2.01 0.00 1.00 0.00 5.00 13.00 23.00 15.00 19.00 9.00 1.00 0.00 0.00 0.00 0.00
65.00 28.00 24.00 75.00 151.00 51.00 76.00 0.08 1.62 0.00 0.00 0.00 5.00 14.00 23.00 14.00 21.00 7.00 1.00 0.00 0.00 0.00 0.00
66.00 25.00 19.00 63.00 123.00 44.00 60.00 0.09 1.28 0.00 0.00 0.00 6.00 14.00 19.00 11.00 19.00 6.00 1.00 0.00 0.00 0.00 0.00
67.00 22.00 7.00 60.00 114.00 53.00 54.00 0.10 1.28 0.00 0.00 0.00 8.00 8.00 14.00 14.00 13.00 9.00 1.00 0.00 0.00 0.00 0.00
68.00 21.00 14.00 50.00 111.00 36.00 61.00 0.08 1.70 0.00 0.00 0.00 5.00 6.00 16.00 15.00 14.00 7.00 1.00 0.00 0.00 0.00 0.00
69.00 17.00 6.00 39.00 86.00 33.00 47.00 0.08 0.62 0.00 0.00 0.00 5.00 7.00 12.00 10.00 14.00 3.00 1.00 0.00 0.00 0.00 0.00
70.00 20.00 13.00 47.00 104.00 34.00 57.00 0.10 3.17 0.00 1.00 0.00 6.00 11.00 14.00 9.00 14.00 6.00 0.00 0.00 0.00 0.00 0.00
71.00 25.00 16.00 71.00 133.00 55.00 62.00 0.10 3.53 0.00 1.00 0.00 6.00 11.00 19.00 14.00 21.00 4.00 1.00 0.00 0.00 0.00 0.00
72.00 27.00 21.00 78.00 138.00 57.00 60.00 0.10 2.28 0.00 1.00 0.00 3.00 9.00 24.00 18.00 15.00 12.00 1.00 0.00 0.00 0.00 0.00
73.00 19.00 8.00 50.00 107.00 42.00 57.00 0.08 0.64 0.00 1.00 0.00 6.00 9.00 13.00 10.00 11.00 8.00 1.00 0.00 0.00 0.00 0.00
74.00 18.00 6.00 41.00 95.00 35.00 54.00 0.07 1.79 0.00 0.00 0.00 4.00 9.00 14.00 9.00 14.00 4.00 0.00 0.00 0.00 0.00 0.00
75.00 24.00 15.00 65.00 129.00 50.00 64.00 0.07 2.84 0.00 1.00 0.00 3.00 9.00 21.00 15.00 15.00 9.00 1.00 0.00 0.00 0.00 0.00
76.00 23.00 14.00 70.00 120.00 56.00 50.00 0.09 0.58 0.00 1.00 0.00 5.00 10.00 18.00 13.00 15.00 8.00 0.00 0.00 0.00 1.00 0.00
77.00 26.00 14.00 69.00 143.00 55.00 74.00 0.08 1.25 0.00 0.00 0.00 7.00 9.00 19.00 17.00 17.00 9.00 1.00 0.00 0.00 0.00 0.00
78.00 15.00 5.00 23.00 77.00 18.00 54.00 0.09 3.84 0.00 1.00 0.00 3.00 10.00 12.00 5.00 11.00 4.00 1.00 0.00 0.00 1.00 0.00
79.00 15.00 3.00 31.00 76.00 28.00 45.00 0.08 3.08 0.00 0.00 0.00 5.00 10.00 10.00 5.00 12.00 3.00 0.00 0.00 0.00 0.00 0.00
80.00 22.00 11.00 51.00 114.00 40.00 63.00 0.08 2.04 0.00 1.00 0.00 7.00 14.00 15.00 8.00 17.00 5.00 1.00 0.00 0.00 0.00 0.00
81.00 22.00 9.00 65.00 119.00 56.00 54.00 0.09 2.99 0.00 1.00 0.00 3.00 9.00 19.00 13.00 16.00 6.00 0.00 0.00 0.00 0.00 0.00
82.00 20.00 9.00 46.00 110.00 37.00 64.00 0.08 3.81 0.00 0.00 0.00 4.00 11.00 16.00 9.00 14.00 6.00 0.00 0.00 0.00 0.00 0.00
83.00 20.00 12.00 52.00 108.00 40.00 56.00 0.09 2.43 0.00 1.00 0.00 3.00 9.00 17.00 11.00 11.00 9.00 0.00 0.00 0.00 0.00 0.00
84.00 24.00 12.00 71.00 135.00 59.00 64.00 0.08 2.97 0.00 1.00 0.00 5.00 9.00 19.00 15.00 12.00 12.00 1.00 0.00 1.00 0.00 0.00
85.00 21.00 12.00 46.00 110.00 34.00 64.00 0.09 3.65 0.00 1.00 0.00 7.00 13.00 14.00 8.00 17.00 4.00 0.00 0.00 1.00 0.00 0.00
86.00 24.00 17.00 53.00 129.00 36.00 76.00 0.08 3.59 0.00 1.00 0.00 4.00 10.00 20.00 14.00 15.00 9.00 0.00 0.00 0.00 0.00 0.00
87.00 19.00 8.00 42.00 94.00 34.00 52.00 0.10 3.06 0.00 1.00 0.00 5.00 9.00 14.00 10.00 12.00 7.00 0.00 0.00 0.00 0.00 1.00
88.00 23.00 17.00 57.00 110.00 40.00 53.00 0.07 4.05 0.00 1.00 0.00 4.00 5.00 19.00 18.00 14.00 9.00 0.00 0.00 0.00 0.00 1.00
89.00 24.00 19.00 65.00 129.00 46.00 64.00 0.07 3.69 0.00 2.00 0.00 9.00 10.00 15.00 14.00 13.00 11.00 0.00 0.00 0.00 0.00 1.00
90.00 23.00 16.00 54.00 113.00 38.00 59.00 0.08 3.52 0.00 2.00 0.00 8.00 11.00 15.00 12.00 13.00 10.00 0.00 0.00 0.00 0.00 1.00
91.00 19.00 12.00 44.00 97.00 32.00 53.00 0.08 3.23 0.00 1.00 0.00 5.00 7.00 14.00 12.00 13.00 6.00 0.00 0.00 0.00 0.00 0.00
92.00 21.00 6.00 40.00 100.00 34.00 60.00 0.07 2.02 0.00 1.00 0.00 7.00 11.00 14.00 10.00 16.00 5.00 0.00 0.00 0.00 0.00 1.00
93.00 15.00 10.00 28.00 71.00 18.00 43.00 0.09 3.35 0.00 1.00 0.00 6.00 9.00 9.00 6.00 14.00 1.00 0.00 0.00 0.00 0.00 0.00
94.00 17.00 8.00 36.00 82.00 28.00 46.00 0.08 2.32 0.00 1.00 0.00 6.00 10.00 11.00 7.00 12.00 5.00 0.00 0.00 0.00 0.00 0.00
95.00 21.00 12.00 48.00 101.00 36.00 53.00 0.09 2.45 0.00 2.00 0.00 7.00 12.00 14.00 9.00 18.00 3.00 0.00 0.00 0.00 0.00 0.00
96.00 22.00 13.00 46.00 107.00 33.00 61.00 0.09 3.14 0.00 1.00 0.00 5.00 10.00 17.00 12.00 14.00 8.00 0.00 0.00 0.00 0.00 0.00
97.00 22.00 17.00 50.00 111.00 33.00 61.00 0.09 3.13 0.00 2.00 0.00 6.00 14.00 16.00 8.00 20.00 2.00 0.00 0.00 0.00 0.00 0.00
98.00 14.00 6.00 23.00 69.00 17.00 46.00 0.09 3.41 0.00 2.00 0.00 6.00 10.00 8.00 4.00 13.00 1.00 0.00 0.00 0.00 0.00 0.00
99.00 19.00 9.00 37.00 93.00 28.00 56.00 0.08 4.06 0.00 2.00 0.00 7.00 12.00 12.00 7.00 16.00 3.00 0.00 0.00 0.00 0.00 1.00
100.00 17.00 4.00 29.00 88.00 25.00 59.00 0.09 3.74 0.00 1.00 0.00 6.00 10.00 11.00 7.00 12.00 5.00 0.00 0.00 0.00 0.00 0.00
101.00 17.00 8.00 39.00 84.00 31.00 45.00 0.09 2.71 0.00 1.00 0.00 5.00 11.00 12.00 6.00 13.00 4.00 0.00 0.00 0.00 1.00 0.00
102.00 17.00 3.00 41.00 88.00 38.00 47.00 0.08 1.21 0.00 0.00 0.00 4.00 10.00 13.00 7.00 15.00 2.00 0.00 0.00 0.00 0.00 0.00
103.00 23.00 20.00 68.00 125.00 48.00 57.00 0.09 1.37 0.00 1.00 0.00 5.00 9.00 18.00 14.00 15.00 8.00 0.00 0.00 0.00 0.00 0.00
104.00 20.00 7.00 49.00 110.00 42.00 61.00 0.09 2.01 0.00 1.00 0.00 5.00 8.00 15.00 12.00 12.00 8.00 0.00 0.00 0.00 0.00 0.00
105.00 23.00 16.00 53.00 119.00 37.00 66.00 0.09 3.08 1.00 1.00 1.00 7.00 12.00 16.00 11.00 16.00 7.00 0.00 0.00 1.00 0.00 0.00
106.00 19.00 8.00 48.00 97.00 40.00 49.00 0.08 2.04 1.00 1.00 1.00 3.00 7.00 16.00 12.00 11.00 8.00 0.00 0.00 1.00 0.00 0.00
107.00 17.00 8.00 40.00 81.00 32.00 41.00 0.08 1.63 1.00 1.00 1.00 8.00 9.00 9.00 8.00 12.00 5.00 0.00 0.00 0.00 0.00 0.00
108.00 14.00 7.00 28.00 70.00 21.00 42.00 0.09 2.22 1.00 1.00 1.00 4.00 9.00 10.00 5.00 10.00 4.00 0.00 0.00 0.00 0.00 0.00
109.00 17.00 7.00 39.00 84.00 32.00 45.00 0.08 2.16 0.00 1.00 0.00 5.00 7.00 12.00 10.00 11.00 6.00 0.00 0.00 0.00 0.00 0.00
110.00 14.00 6.00 20.00 60.00 14.00 40.00 0.08 0.73 0.00 0.00 0.00 3.00 8.00 11.00 6.00 12.00 2.00 0.00 0.00 0.00 0.00 0.00
111.00 12.00 6.00 22.00 60.00 16.00 38.00 0.08 0.53 0.00 0.00 0.00 2.00 3.00 10.00 9.00 7.00 5.00 0.00 0.00 0.00 0.00 0.00
112.00 15.00 6.00 26.00 75.00 20.00 49.00 0.08 2.81 0.00 0.00 0.00 4.00 8.00 11.00 7.00 13.00 2.00 0.00 0.00 0.00 0.00 0.00
113.00 14.00 9.00 28.00 72.00 19.00 44.00 0.08 2.73 0.00 0.00 0.00 7.00 9.00 7.00 5.00 10.00 4.00 0.00 0.00 0.00 0.00 0.00
114.00 13.00 6.00 17.00 63.00 11.00 46.00 0.08 2.71 0.00 0.00 0.00 6.00 6.00 7.00 7.00 12.00 1.00 0.00 0.00 0.00 0.00 0.00
115.00 11.00 4.00 21.00 54.00 17.00 33.00 0.09 2.28 0.00 0.00 0.00 3.00 6.00 8.00 5.00 7.00 4.00 0.00 0.00 0.00 0.00 0.00
116.00 13.00 6.00 25.00 64.00 19.00 39.00 0.09 0.51 0.00 0.00 0.00 6.00 7.00 7.00 6.00 11.00 2.00 0.00 0.00 0.00 0.00 0.00
117.00 18.00 7.00 41.00 86.00 34.00 45.00 0.10 3.83 0.00 0.00 0.00 6.00 9.00 12.00 9.00 14.00 4.00 0.00 0.00 0.00 0.00 0.00
118.00 12.00 4.00 21.00 55.00 17.00 34.00 0.07 3.00 0.00 0.00 0.00 4.00 8.00 8.00 4.00 10.00 2.00 0.00 0.00 0.00 0.00 0.00
119.00 14.00 4.00 23.00 63.00 19.00 40.00 0.10 2.53 0.00 0.00 0.00 5.00 10.00 9.00 4.00 12.00 2.00 0.00 0.00 0.00 0.00 0.00
120.00 10.00 2.00 18.00 52.00 16.00 34.00 0.09 3.50 0.00 0.00 0.00 4.00 7.00 6.00 3.00 8.00 2.00 0.00 0.00 0.00 0.00 0.00
121.00 11.00 6.00 19.00 45.00 13.00 26.00 0.10 4.56 1.00 0.00 0.00 5.00 8.00 6.00 3.00 9.00 2.00 0.00 0.00 0.00 0.00 0.00
122.00 8.00 3.00 15.00 40.00 12.00 25.00 0.10 2.38 0.00 0.00 0.00 2.00 6.00 6.00 2.00 8.00 0.00 0.00 0.00 0.00 0.00 0.00
123.00 7.00 1.00 8.00 30.00 7.00 22.00 0.08 3.92 0.00 0.00 0.00 2.00 4.00 5.00 3.00 6.00 1.00 0.00 0.00 0.00 0.00 0.00
124.00 14.00 9.00 35.00 70.00 26.00 35.00 0.09 5.71 0.00 0.00 0.00 4.00 6.00 10.00 8.00 8.00 6.00 0.00 0.00 0.00 0.00 0.00
125.00 8.00 3.00 15.00 36.00 12.00 21.00 0.09 0.33 0.00 0.00 0.00 4.00 5.00 4.00 3.00 7.00 1.00 0.00 0.00 0.00 0.00 0.00
126.00 10.00 6.00 23.00 46.00 17.00 23.00 0.08 3.59 0.00 0.00 0.00 4.00 5.00 6.00 5.00 7.00 3.00 0.00 0.00 0.00 0.00 0.00
127.00 10.00 5.00 17.00 43.00 12.00 26.00 0.08 3.07 0.00 0.00 0.00 4.00 7.00 6.00 3.00 9.00 1.00 0.00 0.00 0.00 0.00 0.00
128.00 4.00 0.00 2.00 13.00 2.00 11.00 0.08 4.50 0.00 0.00 0.00 2.00 4.00 2.00 0.00 4.00 0.00 0.00 0.00 0.00 0.00 0.00
