0.00 3.00 0.00 0.00 5.00 0.00 5.00 0.10 0.16 0.00 0.00 0.00 2.00 3.00 1.00 0.00 3.00 0.00 0.00 0.00 0.00 0.00 0.00
1.00 3.00 0.00 0.00 10.00 0.00 10.00 0.08 0.23 0.00 0.00 0.00 2.00 3.00 1.00 0.00 3.00 0.00 0.00 0.00 0.00 0.00 0.00
2.00 3.00 0.00 0.00 3.00 0.00 3.00 0.09 0.30 0.00 0.00 0.00 2.00 3.00 1.00 0.00 3.00 0.00 0.00 0.00 0.00 0.00 0.00
3.00 6.00 0.00 5.00 26.00 5.00 21.00 0.08 0.43 0.00 0.00 0.00 2.00 6.00 4.00 0.00 6.00 0.00 0.00 0.00 0.00 0.00 0.00
4.00 3.00 0.00 0.00 7.00 0.00 7.00 0.10 0.23 0.00 0.00 0.00 2.00 3.00 1.00 0.00 3.00 0.00 0.00 0.00 0.00 0.00 0.00
5.00 5.00 0.00 6.00 21.00 6.00 15.00 0.09 0.28 0.00 0.00 0.00 1.00 3.00 4.00 2.00 4.00 1.00 0.00 0.00 0.00 0.00 0.00
6.00 5.00 2.00 8.00 20.00 6.00 12.00 0.09 0.27 0.00 0.00 0.00 3.00 4.00 2.00 1.00 5.00 0.00 0.00 0.00 0.00 0.00 0.00
7.00 8.00 2.00 7.00 24.00 5.00 17.00 0.09 2.26 0.00 0.00 0.00 1.00 4.00 7.00 4.00 5.00 3.00 0.00 0.00 0.00 0.00 0.00
8.00 8.00 2.00 11.00 39.00 9.00 28.00 0.07 0.55 0.00 1.00 0.00 3.00 6.00 5.00 2.00 7.00 1.00 0.00 0.00 0.00 0.00 0.00
9.00 5.00 1.00 5.00 16.00 4.00 11.00 0.08 0.33 0.00 0.00 0.00 2.00 3.00 3.00 2.00 5.00 0.00 0.00 0.00 0.00 0.00 0.00
10.00 16.00 6.00 33.00 64.00 27.00 31.00 0.08 2.26 0.00 0.00 0.00 6.00 12.00 10.00 4.00 15.00 1.00 0.00 0.00 0.00 0.00 0.00
11.00 12.00 5.00 16.00 52.00 11.00 36.00 0.09 0.90 0.00 0.00 0.00 5.00 8.00 7.00 4.00 11.00 1.00 0.00 0.00 0.00 0.00 0.00
12.00 3.00 0.00 0.00 10.00 0.00 10.00 0.09 0.22 0.00 0.00 0.00 2.00 3.00 1.00 0.00 3.00 0.00 0.00 0.00 0.00 0.00 0.00
13.00 6.00 2.00 9.00 26.00 7.00 17.00 0.09 0.28 0.00 0.00 0.00 2.00 4.00 4.00 2.00 4.00 2.00 0.00 0.00 0.00 0.00 0.00
14.00 6.00 0.00 1.00 20.00 1.00 19.00 0.10 0.72 0.00 0.00 0.00 2.00 5.00 4.00 1.00 5.00 1.00 0.00 0.00 0.00 0.00 0.00
15.00 12.00 5.00 25.00 61.00 20.00 36.00 0.07 0.62 0.00 0.00 0.00 4.00 7.00 8.00 5.00 11.00 1.00 0.00 0.00 0.00 0.00 0.00
16.00 13.00 4.00 27.00 55.00 23.00 28.00 0.08 0.64 0.00 0.00 0.00 5.00 8.00 8.00 5.00 11.00 2.00 0.00 0.00 0.00 0.00 0.00
17.00 18.00 10.00 44.00 87.00 34.00 43.00 0.08 0.67 0.00 1.00 0.00 4.00 12.00 14.00 6.00 14.00 4.00 0.00 0.00 0.00 0.00 0.00
18.00 17.00 8.00 33.00 81.00 25.00 48.00 0.09 0.98 0.00 0.00 0.00 3.00 10.00 14.00 7.00 13.00 4.00 0.00 0.00 0.00 0.00 0.00
19.00 21.00 13.00 41.00 98.00 28.00 57.00 0.10 0.92 0.00 2.00 0.00 7.00 13.00 14.00 8.00 15.00 6.00 0.00 0.00 0.00 0.00 0.00
20.00 18.00 12.00 37.00 83.00 25.00 46.00 0.08 2.23 0.00 0.00 0.00 6.00 9.00 12.00 9.00 12.00 6.00 0.00 0.00 0.00 0.00 0.00
21.00 13.00 3.00 27.00 67.00 24.00 40.00 0.08 0.67 0.00 1.00 0.00 6.00 11.00 7.00 2.00 11.00 2.00 0.00 0.00 0.00 0.00 0.00
22.00 23.00 18.00 59.00 111.00 41.00 52.00 0.08 1.98 0.00 1.00 0.00 8.00 13.00 15.00 10.00 17.00 6.00 0.00 0.00 0.00 0.00 0.00
23.00 14.00 4.00 27.00 66.00 23.00 39.00 0.09 0.79 0.00 1.00 0.00 4.00 8.00 10.00 6.00 11.00 3.00 0.00 0.00 0.00 0.00 0.00
24.00 16.00 8.00 31.00 75.00 23.00 44.00 0.10 1.55 0.00 1.00 0.00 7.00 9.00 9.00 7.00 13.00 3.00 0.00 0.00 0.00 0.00 0.00
25.00 23.00 16.00 48.00 108.00 32.00 60.00 0.09 1.64 0.00 1.00 0.00 5.00 12.00 18.00 11.00 20.00 3.00 0.00 0.00 1.00 0.00 0.00
26.00 22.00 14.00 58.00 110.00 44.00 52.00 0.07 1.34 0.00 1.00 0.00 8.00 14.00 14.00 8.00 18.00 4.00 0.00 0.00 1.00 0.00 0.00
27.00 24.00 23.00 71.00 113.00 48.00 42.00 0.09 0.83 0.00 2.00 0.00 7.00 15.00 17.00 9.00 16.00 8.00 0.00 0.00 0.00 0.00 0.00
28.00 15.00 14.00 38.00 75.00 24.00 37.00 0.09 0.52 0.00 1.00 0.00 4.00 8.00 11.00 7.00 10.00 5.00 0.00 0.00 0.00 0.00 0.00
29.00 14.00 6.00 26.00 63.00 20.00 37.00 0.09 1.64 0.00 2.00 0.00 6.00 7.00 8.00 7.00 10.00 4.00 0.00 0.00 0.00 0.00 0.00
30.00 21.00 16.00 57.00 112.00 41.00 55.00 0.09 1.91 0.00 3.00 0.00 4.00 13.00 17.00 8.00 15.00 6.00 0.00 0.00 0.00 0.00 0.00
31.00 17.00 9.00 31.00 84.00 22.00 53.00 0.09 0.59 0.00 3.00 0.00 5.00 11.00 12.00 6.00 15.00 2.00 0.00 0.00 0.00 0.00 0.00
32.00 26.00 17.00 70.00 129.00 53.00 59.00 0.08 1.47 0.00 1.00 0.00 6.00 14.00 20.00 12.00 22.00 4.00 0.00 0.00 0.00 0.00 0.00
33.00 19.00 14.00 52.00 94.00 38.00 42.00 0.09 1.97 0.00 2.00 0.00 5.00 12.00 14.00 7.00 14.00 5.00 0.00 0.00 0.00 0.00 0.00
34.00 28.00 17.00 75.00 145.00 58.00 70.00 0.08 2.37 0.00 0.00 0.00 10.00 15.00 18.00 13.00 21.00 7.00 1.00 0.00 0.00 0.00 0.00
35.00 20.00 12.00 46.00 104.00 34.00 58.00 0.07 2.52 0.00 1.00 0.00 5.00 10.00 15.00 10.00 15.00 5.00 0.00 0.00 0.00 0.00 0.00
36.00 14.00 2.00 16.00 57.00 14.00 41.00 0.08 1.90 0.00 0.00 0.00 5.00 9.00 9.00 5.00 12.00 2.00 0.00 0.00 0.00 0.00 0.00
37.00 17.00 9.00 37.00 88.00 28.00 51.00 0.08 2.82 0.00 0.00 0.00 5.00 8.00 12.00 9.00 10.00 7.00 0.00 0.00 0.00 0.00 0.00
38.00 28.00 21.00 76.00 137.00 55.00 61.00 0.09 3.37 0.00 1.00 0.00 7.00 16.00 21.00 12.00 18.00 10.00 0.00 0.00 1.00 0.00 0.00
39.00 32.00 23.00 76.00 151.00 53.00 75.00 0.09 2.80 0.00 1.00 0.00 13.00 18.00 19.00 14.00 26.00 6.00 0.00 0.00 0.00 0.00 0.00
40.00 22.00 10.00 50.00 115.00 40.00 65.00 0.08 3.22 1.00 1.00 1.00 5.00 10.00 17.00 12.00 15.00 7.00 1.00 0.00 0.00 0.00 0.00
41.00 18.00 7.00 30.00 81.00 23.00 51.00 0.08 4.99 0.00 1.00 0.00 8.00 10.00 10.00 8.00 12.00 6.00 0.00 0.00 2.00 0.00 0.00
42.00 25.00 23.00 65.00 122.00 42.00 57.00 0.08 3.08 0.00 1.00 0.00 5.00 15.00 20.00 10.00 18.00 7.00 0.00 0.00 0.00 0.00 0.00
43.00 21.00 16.00 54.00 104.00 38.00 50.00 0.09 1.93 0.00 2.00 0.00 7.00 13.00 14.00 8.00 16.00 5.00 1.00 0.00 1.00 0.00 0.00
44.00 30.00 14.00 80.00 159.00 66.00 79.00 0.09 3.56 0.00 0.00 0.00 8.00 21.00 22.00 9.00 27.00 3.00 1.00 0.00 0.00 0.00 0.00
45.00 24.00 15.00 57.00 128.00 42.00 71.00 0.06 2.59 0.00 1.00 0.00 9.00 18.00 15.00 6.00 22.00 2.00 1.00 0.00 0.00 0.00 0.00
46.00 30.00 17.00 76.00 150.00 59.00 74.00 0.08 3.22 0.00 2.00 0.00 7.00 17.00 23.00 13.00 21.00 9.00 1.00 0.00 0.00 0.00 0.00
47.00 23.00 16.00 60.00 123.00 44.00 63.00 0.09 2.03 1.00 1.00 1.00 8.00 12.00 15.00 11.00 16.00 7.00 1.00 0.00 0.00 0.00 0.00
48.00 34.00 22.00 103.00 177.00 81.00 74.00 0.10 2.87 0.00 1.00 0.00 11.00 16.00 23.00 18.00 25.00 9.00 1.00 0.00 0.00 0.00 0.00
49.00 28.00 27.00 73.00 149.00 46.00 76.00 0.08 3.11 0.00 1.00 0.00 8.00 18.00 20.00 10.00 21.00 7.00 0.00 0.00 0.00 1.00 0.00
50.00 32.00 23.00 87.00 165.00 64.00 78.00 0.08 2.78 0.00 2.00 0.00 7.00 17.00 25.00 15.00 22.00 10.00 0.00 0.00 0.00 2.00 0.00
51.00 24.00 10.00 60.00 131.00 50.00 71.00 0.10 3.14 0.00 1.00 0.00 5.00 10.00 19.00 14.00 14.00 10.00 0.00 0.00 1.00 1.00 0.00
52.00 30.00 15.00 76.00 163.00 61.00 87.00 0.09 1.82 0.00 0.00 0.00 8.00 15.00 22.00 15.00 22.00 8.00 0.00 0.00 0.00 0.00 0.00
53.00 28.00 32.00 75.00 146.00 43.00 71.00 0.08 2.96 0.00 1.00 0.00 5.00 14.00 23.00 14.00 20.00 8.00 0.00 1.00 0.00 0.00 0.00
54.00 28.00 31.00 83.00 146.00 52.00 63.00 0.09 3.06 0.00 2.00 0.00 8.00 13.00 20.00 15.00 21.00 7.00 0.00 1.00 0.00 0.00 0.00
55.00 30.00 19.00 88.00 157.00 69.00 69.00 0.09 3.02 0.00 0.00 0.00 8.00 17.00 22.00 13.00 21.00 9.00 0.00 0.00 0.00 0.00 0.00
56.00 26.00 15.00 70.00 144.00 55.00 74.00 0.10 2.82 1.00 0.00 0.00 8.00 16.00 18.00 10.00 20.00 6.00 0.00 0.00 0.00 0.00 0.00
57.00 30.00 18.00 76.00 157.00 58.00 81.00 0.09 2.61 0.00 2.00 0.00 6.00 10.00 24.00 20.00 17.00 13.00 0.00 1.00 0.00 0.00 0.00
58.00 25.00 14.00 61.00 125.00 47.00 64.00 0.08 2.99 0.00 1.00 0.00 5.00 10.00 20.00 15.00 14.00 11.00 0.00 1.00 0.00 0.00 0.00
59.00 30.00 19.00 82.00 155.00 63.00 73.00 0.09 3.49 0.00 0.00 0.00 7.00 19.00 23.00 11.00 26.00 4.00 0.00 1.00 0.00 0.00 0.00
60.00 24.00 13.00 58.00 133.00 45.00 75.00 0.09 3.43 0.00 2.00 0.00 9.00 14.00 15.00 10.00 19.00 5.00 0.00 0.00 0.00 0.00 0.00
61.00 23.00 12.00 61.00 124.00 49.00 63.00 0.07 2.36 0.00 2.00 0.00 5.00 13.00 18.00 10.00 17.00 6.00 0.00 0.00 0.00 0.00 0.00
62.00 28.00 17.00 71.00 143.00 54.00 72.00 0.10 3.16 0.00 1.00 0.00 8.00 14.00 20.00 14.00 17.00 11.00 0.00 0.00 0.00 0.00 0.00
63.00 29.00 22.00 82.00 152.00 60.00 70.00 0.10 2.31 0.00 2.00 0.00 6.00 14.00 23.00 15.00 19.00 10.00 0.00 0.00 0.00 0.00 0.00
64.00 25.00 16.00 70.00 137.00 54.00 67.00 0.09 2.19 0.00 2.00 0.00 2.00 9.00 23.00 16.00 15.00 10.00 0.00 1.00 0.00 0.00 0.00
65.00 24.00 12.00 52.00 124.00 40.00 72.00 0.09 2.19 0.00 2.00 0.00 10.00 15.00 14.00 9.00 19.00 5.00 0.00 0.00 0.00 0.00 0.00
66.00 26.00 22.00 79.00 142.00 57.00 63.00 0.08 2.15 0.00 0.00 0.00 8.00 13.00 18.00 13.00 19.00 7.00 0.00 0.00 0.00 0.00 0.00
67.00 16.00 6.00 30.00 73.00 24.00 43.00 0.09 2.94 0.00 1.00 0.00 5.00 11.00 11.00 5.00 14.00 2.00 0.00 0.00 0.00 0.00 0.00
68.00 26.00 18.00 68.00 140.00 50.00 72.00 0.08 2.81 0.00 1.00 0.00 11.00 19.00 15.00 7.00 22.00 4.00 0.00 0.00 0.00 0.00 0.00
69.00 18.00 10.00 35.00 90.00 25.00 55.00 0.09 1.44 0.00 2.00 0.00 3.00 11.00 15.00 7.00 12.00 6.00 0.00 0.00 0.00 0.00 0.00
70.00 19.00 20.00 48.00 91.00 28.00 43.00 0.08 2.06 0.00 2.00 0.00 4.00 7.00 15.00 12.00 14.00 5.00 0.00 0.00 0.00 0.00 0.00
71.00 18.00 13.00 40.00 95.00 27.00 55.00 0.09 2.02 0.00 2.00 0.00 6.00 13.00 12.00 5.00 16.00 2.00 0.00 0.00 0.00 0.00 0.00
72.00 17.00 10.00 47.00 88.00 37.00 41.00 0.08 2.19 0.00 2.00 0.00 5.00 10.00 12.00 7.00 13.00 4.00 0.00 0.00 0.00 0.00 0.00
73.00 13.00 6.00 22.00 58.00 16.00 36.00 0.08 2.57 0.00 1.00 0.00 4.00 6.00 9.00 7.00 10.00 3.00 0.00 0.00 0.00 0.00 0.00
74.00 22.00 21.00 58.00 109.00 37.00 51.00 0.09 2.06 0.00 2.00 0.00 4.00 12.00 18.00 10.00 16.00 6.00 0.00 0.00 0.00 0.00 0.00
75.00 26.00 26.00 63.00 128.00 37.00 65.00 0.09 3.07 0.00 2.00 0.00 8.00 13.00 18.00 13.00 19.00 7.00 0.00 0.00 1.00 0.00 0.00
76.00 21.00 17.00 52.00 106.00 35.00 54.00 0.09 3.21 0.00 2.00 0.00 6.00 10.00 15.00 11.00 13.00 8.00 0.00 0.00 1.00 0.00 0.00
77.00 12.00 7.00 24.00 59.00 17.00 35.00 0.09 2.70 0.00 1.00 0.00 4.00 7.00 8.00 5.00 10.00 2.00 0.00 0.00 0.00 0.00 0.00
78.00 16.00 8.00 40.00 80.00 32.00 40.00 0.09 3.46 0.00 1.00 0.00 6.00 10.00 10.00 6.00 12.00 4.00 0.00 0.00 0.00 0.00 0.00
79.00 22.00 23.00 60.00 106.00 37.00 46.00 0.07 3.50 0.00 2.00 0.00 4.00 11.00 18.00 11.00 17.00 5.00 0.00 0.00 0.00 0.00 0.00
80.00 12.00 9.00 27.00 62.00 18.00 35.00 0.09 0.43 0.00 2.00 0.00 3.00 5.00 9.00 7.00 8.00 4.00 0.00 0.00 0.00 0.00 0.00
81.00 18.00 15.00 42.00 83.00 27.00 41.00 0.07 2.12 0.00 1.00 0.00 4.00 5.00 14.00 13.00 10.00 8.00 0.00 0.00 1.00 0.00 0.00
82.00 20.00 21.00 54.00 98.00 33.00 44.00 0.08 1.52 1.00 1.00 1.00 7.00 11.00 13.00 9.00 13.00 7.00 0.00 0.00 1.00 0.00 0.00
83.00 22.00 16.00 48.00 97.00 32.00 49.00 0.08 2.25 0.00 2.00 0.00 8.00 15.00 14.00 7.00 18.00 4.00 0.00 0.00 1.00 0.00 0.00
84.00 14.00 8.00 29.00 67.00 21.00 38.00 0.09 1.77 0.00 1.00 0.00 6.00 7.00 8.00 7.00 9.00 5.00 0.00 0.00 0.00 0.00 0.00
85.00 13.00 12.00 28.00 52.00 16.00 24.00 0.08 3.42 0.00 1.00 0.00 4.00 7.00 9.00 6.00 11.00 2.00 0.00 0.00 0.00 0.00 0.00
86.00 14.00 11.00 37.00 71.00 26.00 34.00 0.10 2.62 0.00 1.00 0.00 3.00 4.00 11.00 10.00 6.00 8.00 0.00 0.00 0.00 0.00 0.00
87.00 12.00 8.00 29.00 55.00 21.00 26.00 0.06 2.94 0.00 0.00 0.00 6.00 7.00 6.00 5.00 10.00 2.00 0.00 0.00 0.00 0.00 0.00
88.00 14.00 11.00 34.00 62.00 23.00 28.00 0.09 3.39 0.00 0.00 0.00 4.00 9.00 10.00 5.00 10.00 4.00 0.00 0.00 0.00 0.00 0.00
89.00 13.00 4.00 23.00 60.00 19.00 37.00 0.08 1.80 0.00 2.00 0.00 4.00 8.00 9.00 5.00 10.00 3.00 0.00 0.00 0.00 0.00 0.00
90.00 12.00 12.00 28.00 53.00 16.00 25.00 0.08 2.92 0.00 1.00 0.00 3.00 8.00 9.00 4.00 11.00 1.00 0.00 0.00 0.00 0.00 0.00
91.00 16.00 14.00 40.00 75.00 26.00 35.00 0.06 2.40 0.00 1.00 0.00 3.00 9.00 13.00 7.00 13.00 3.00 0.00 0.00 0.00 0.00 0.00
92.00 10.00 5.00 17.00 49.00 12.00 32.00 0.07 1.93 0.00 1.00 0.00 0.00 5.00 10.00 5.00 7.00 3.00 0.00 0.00 0.00 0.00 0.00
93.00 9.00 1.00 11.00 36.00 10.00 25.00 0.08 3.06 0.00 0.00 0.00 5.00 6.00 4.00 3.00 8.00 1.00 0.00 0.00 0.00 0.00 0.00
94.00 8.00 6.00 15.00 36.00 9.00 21.00 0.09 3.80 0.00 0.00 0.00 3.00 6.00 5.00 2.00 6.00 2.00 0.00 0.00 0.00 0.00 0.00
95.00 8.00 4.00 15.00 38.00 11.00 23.00 0.09 2.36 0.00 0.00 0.00 0.00 3.00 8.00 5.00 5.00 3.00 0.00 0.00 1.00 0.00 0.00
96.00 5.00 0.00 4.00 21.00 4.00 17.00 0.06 3.72 0.00 0.00 0.00 3.00 4.00 2.00 1.00 5.00 0.00 0.00 0.00 0.00 0.00 0.00
97.00 6.00 1.00 8.00 26.00 7.00 18.00 0.08 0.26 0.00 0.00 0.00 2.00 3.00 4.00 3.00 5.00 1.00 0.00 0.00 0.00 0.00 0.00
98.00 4.00 0.00 0.00 5.00 0.00 5.00 0.08 0.41 0.00 0.00 0.00 3.00 3.00 1.00 1.00 4.00 0.00 0.00 0.00 0.00 0.00 0.00
99.00 5.00 0.00 4.00 19.00 4.00 15.00 0.09 3.48 0.00 0.00 0.00 3.00 4.00 2.00 1.00 5.00 0.00 0.00 0.00 0.00 0.00 0.00
100.00 5.00 0.00 3.00 13.00 3.00 10.00 0.08 4.66 0.00 0.00 0.00 4.00 4.00 1.00 1.00 4.00 1.00 0.00 0.00 0.00 0.00 0.00
101.00 3.00 0.00 0.00 9.00 0.00 9.00 0.10 0.26 0.00 0.00 0.00 2.00 3.00 1.00 0.00 3.00 0.00 0.00 0.00 0.00 0.00 0.00
