0.00 2.00 0.00 0.00 1.00 0.00 1.00 0.07 0.01 0.00 0.00 0.00 2.00 2.00 0.00 0.00 2.00 0.00 0.00 0.00 0.00 0.00 0.00
1.00 5.00 1.00 6.00 18.00 5.00 12.00 0.09 0.25 0.00 0.00 0.00 3.00 4.00 2.00 1.00 5.00 0.00 0.00 0.00 0.00 0.00 0.00
2.00 3.00 0.00 0.00 4.00 0.00 4.00 0.09 0.27 0.00 0.00 0.00 0.00 3.00 3.00 0.00 3.00 0.00 0.00 0.00 0.00 0.00 0.00
3.00 5.00 0.00 3.00 19.00 3.00 16.00 0.10 0.19 0.00 0.00 0.00 2.00 3.00 3.00 2.00 5.00 0.00 0.00 0.00 0.00 0.00 0.00
4.00 9.00 0.00 8.00 31.00 8.00 23.00 0.08 0.81 0.00 0.00 0.00 4.00 8.00 5.00 1.00 8.00 1.00 0.00 0.00 0.00 0.00 0.00
5.00 5.00 0.00 4.00 20.00 4.00 16.00 0.08 0.34 0.00 0.00 0.00 2.00 5.00 3.00 0.00 5.00 0.00 0.00 0.00 0.00 0.00 0.00
6.00 5.00 0.00 4.00 17.00 4.00 13.00 0.10 0.32 0.00 0.00 0.00 3.00 4.00 2.00 1.00 5.00 0.00 0.00 0.00 0.00 0.00 0.00
7.00 8.00 3.00 14.00 39.00 11.00 25.00 0.08 0.28 0.00 0.00 0.00 2.00 6.00 6.00 2.00 8.00 0.00 0.00 0.00 0.00 0.00 0.00
8.00 9.00 1.00 10.00 37.00 9.00 27.00 0.09 0.34 0.00 0.00 0.00 2.00 8.00 7.00 1.00 8.00 1.00 1.00 0.00 0.00 0.00 0.00
9.00 5.00 0.00 2.00 17.00 2.00 15.00 0.09 0.59 0.00 0.00 0.00 2.00 3.00 3.00 2.00 5.00 0.00 0.00 0.00 0.00 0.00 0.00
10.00 7.00 1.00 6.00 30.00 5.00 24.00 0.08 0.23 0.00 0.00 0.00 4.00 5.00 3.00 2.00 7.00 0.00 0.00 0.00 0.00 0.00 0.00
11.00 3.00 0.00 1.00 7.00 1.00 6.00 0.07 0.11 0.00 0.00 0.00 2.00 3.00 1.00 0.00 3.00 0.00 0.00 0.00 0.00 0.00 0.00
12.00 7.00 0.00 10.00 26.00 10.00 16.00 0.09 0.47 0.00 0.00 0.00 3.00 5.00 4.00 2.00 6.00 1.00 0.00 0.00 0.00 0.00 0.00
13.00 5.00 0.00 5.00 19.00 5.00 14.00 0.08 0.26 0.00 0.00 0.00 1.00 4.00 4.00 1.00 5.00 0.00 0.00 0.00 0.00 0.00 0.00
14.00 16.00 8.00 28.00 64.00 20.00 36.00 0.08 0.37 0.00 0.00 0.00 8.00 13.00 8.00 3.00 14.00 2.00 0.00 0.00 0.00 0.00 0.00
15.00 8.00 3.00 14.00 36.00 11.00 22.00 0.09 0.34 0.00 0.00 0.00 1.00 7.00 7.00 1.00 8.00 0.00 0.00 0.00 0.00 0.00 0.00
16.00 13.00 9.00 29.00 55.00 20.00 26.00 0.08 0.61 0.00 0.00 0.00 2.00 9.00 11.00 4.00 10.00 3.00 0.00 0.00 0.00 0.00 0.00
17.00 8.00 3.00 12.00 35.00 9.00 23.00 0.08 0.42 1.00 0.00 0.00 5.00 6.00 3.00 2.00 7.00 1.00 0.00 0.00 0.00 0.00 0.00
18.00 12.00 4.00 19.00 58.00 15.00 39.00 0.09 0.46 0.00 0.00 0.00 5.00 9.00 7.00 3.00 11.00 1.00 0.00 0.00 0.00 0.00 0.00
19.00 18.00 16.00 47.00 93.00 31.00 46.00 0.08 0.64 1.00 0.00 0.00 6.00 11.00 12.00 7.00 15.00 3.00 0.00 0.00 0.00 0.00 0.00
20.00 17.00 13.00 36.00 83.00 23.00 47.00 0.09 0.70 1.00 1.00 1.00 3.00 6.00 14.00 11.00 12.00 5.00 0.00 0.00 0.00 0.00 0.00
21.00 17.00 13.00 37.00 84.00 24.00 47.00 0.09 0.51 0.00 0.00 0.00 7.00 11.00 10.00 6.00 12.00 5.00 0.00 0.00 0.00 0.00 0.00
22.00 19.00 14.00 40.00 87.00 26.00 47.00 0.10 0.67 0.00 0.00 0.00 7.00 9.00 12.00 10.00 15.00 4.00 0.00 0.00 0.00 0.00 0.00
23.00 18.00 13.00 35.00 91.00 22.00 56.00 0.10 0.66 0.00 2.00 0.00 7.00 11.00 11.00 7.00 13.00 5.00 0.00 0.00 0.00 0.00 0.00
24.00 17.00 19.00 47.00 80.00 28.00 33.00 0.07 0.59 0.00 1.00 0.00 5.00 8.00 12.00 9.00 12.00 5.00 0.00 0.00 0.00 0.00 0.00
25.00 16.00 16.00 42.00 81.00 26.00 39.00 0.08 0.54 0.00 1.00 0.00 3.00 7.00 13.00 9.00 10.00 6.00 0.00 0.00 0.00 0.00 0.00
26.00 31.00 22.00 74.00 153.00 52.00 79.00 0.09 1.21 0.00 0.00 0.00 10.00 16.00 21.00 15.00 21.00 10.00 0.00 0.00 0.00 0.00 0.00
27.00 21.00 23.00 52.00 105.00 29.00 53.00 0.07 0.71 0.00 0.00 0.00 3.00 12.00 18.00 9.00 16.00 5.00 0.00 0.00 0.00 0.00 0.00
28.00 12.00 6.00 21.00 54.00 15.00 33.00 0.08 0.69 0.00 0.00 0.00 3.00 7.00 9.00 5.00 7.00 5.00 0.00 0.00 1.00 0.00 0.00
29.00 16.00 7.00 30.00 73.00 23.00 43.00 0.08 0.80 0.00 0.00 0.00 7.00 11.00 9.00 5.00 13.00 3.00 0.00 0.00 0.00 0.00 0.00
30.00 19.00 13.00 45.00 90.00 32.00 45.00 0.08 0.88 0.00 0.00 0.00 3.00 12.00 16.00 7.00 15.00 4.00 0.00 0.00 0.00 2.00 0.00
31.00 18.00 18.00 47.00 90.00 29.00 43.00 0.07 0.91 0.00 0.00 0.00 5.00 8.00 13.00 10.00 16.00 2.00 0.00 0.00 0.00 0.00 0.00
32.00 14.00 8.00 28.00 65.00 20.00 37.00 0.08 0.60 0.00 0.00 0.00 4.00 9.00 10.00 5.00 12.00 2.00 0.00 0.00 0.00 0.00 0.00
33.00 16.00 9.00 32.00 79.00 23.00 47.00 0.07 1.01 0.00 0.00 0.00 5.00 10.00 11.00 6.00 13.00 3.00 0.00 0.00 0.00 0.00 0.00
34.00 23.00 24.00 57.00 123.00 33.00 66.00 0.08 1.04 0.00 0.00 0.00 7.00 12.00 16.00 11.00 17.00 6.00 0.00 0.00 1.00 0.00 0.00
35.00 15.00 10.00 34.00 74.00 24.00 40.00 0.09 0.74 0.00 0.00 0.00 4.00 7.00 11.00 8.00 13.00 2.00 0.00 0.00 0.00 0.00 0.00
36.00 17.00 16.00 39.00 84.00 23.00 45.00 0.09 0.63 0.00 0.00 0.00 3.00 9.00 14.00 8.00 13.00 4.00 0.00 0.00 0.00 0.00 0.00
37.00 16.00 15.00 39.00 76.00 24.00 37.00 0.08 0.68 0.00 0.00 0.00 3.00 8.00 13.00 8.00 11.00 5.00 0.00 0.00 0.00 0.00 1.00
38.00 16.00 13.00 34.00 80.00 21.00 46.00 0.08 0.70 0.00 0.00 0.00 5.00 11.00 11.00 5.00 13.00 3.00 0.00 0.00 0.00 0.00 1.00
39.00 11.00 10.00 29.00 53.00 19.00 24.00 0.08 0.37 0.00 0.00 0.00 1.00 6.00 10.00 5.00 7.00 4.00 0.00 0.00 0.00 0.00 0.00
40.00 19.00 12.00 43.00 87.00 31.00 44.00 0.06 0.71 0.00 1.00 0.00 6.00 11.00 13.00 8.00 15.00 4.00 0.00 0.00 0.00 0.00 0.00
41.00 6.00 1.00 7.00 21.00 6.00 14.00 0.09 0.29 0.00 0.00 0.00 2.00 6.00 4.00 0.00 6.00 0.00 0.00 0.00 0.00 0.00 0.00
42.00 6.00 3.00 9.00 25.00 6.00 16.00 0.09 0.28 0.00 0.00 0.00 1.00 5.00 5.00 1.00 6.00 0.00 0.00 0.00 0.00 0.00 0.00
43.00 7.00 1.00 6.00 27.00 5.00 21.00 0.08 0.55 0.00 1.00 0.00 3.00 5.00 4.00 2.00 6.00 1.00 0.00 0.00 0.00 0.00 0.00
44.00 11.00 4.00 12.00 46.00 8.00 34.00 0.08 0.70 0.00 0.00 0.00 5.00 9.00 6.00 2.00 10.00 1.00 0.00 0.00 0.00 0.00 0.00
45.00 6.00 1.00 7.00 24.00 6.00 17.00 0.09 0.41 0.00 0.00 0.00 0.00 4.00 6.00 2.00 6.00 0.00 0.00 0.00 0.00 0.00 0.00
46.00 6.00 0.00 5.00 19.00 5.00 14.00 0.08 0.18 0.00 0.00 0.00 2.00 5.00 4.00 1.00 5.00 1.00 0.00 0.00 0.00 0.00 0.00
47.00 7.00 1.00 9.00 32.00 8.00 23.00 0.07 0.37 0.00 0.00 0.00 3.00 6.00 4.00 1.00 6.00 1.00 0.00 0.00 0.00 0.00 0.00
48.00 5.00 0.00 0.00 16.00 0.00 16.00 0.08 0.43 0.00 0.00 0.00 3.00 4.00 2.00 1.00 5.00 0.00 0.00 0.00 0.00 0.00 0.00
49.00 8.00 2.00 8.00 31.00 6.00 23.00 0.06 0.54 0.00 0.00 0.00 4.00 7.00 4.00 1.00 7.00 1.00 0.00 0.00 0.00 0.00 0.00
50.00 2.00 0.00 0.00 1.00 0.00 1.00 0.08 0.11 0.00 0.00 0.00 2.00 2.00 0.00 0.00 2.00 0.00 0.00 0.00 0.00 0.00 0.00
