0.00 2.00 0.00 0.00 1.00 0.00 1.00 0.09 0.17 0.00 0.00 0.00 2.00 2.00 0.00 0.00 2.00 0.00 0.00 0.00 0.00 0.00 0.00
1.00 5.00 0.00 2.00 11.00 2.00 9.00 0.09 0.54 0.00 0.00 0.00 3.00 4.00 2.00 1.00 5.00 0.00 0.00 0.00 0.00 0.00 0.00
2.00 7.00 0.00 9.00 29.00 9.00 20.00 0.08 0.62 0.00 0.00 0.00 3.00 5.00 4.00 2.00 6.00 1.00 0.00 0.00 0.00 0.00 0.00
3.00 6.00 0.00 6.00 25.00 6.00 19.00 0.07 0.35 0.00 0.00 0.00 3.00 5.00 3.00 1.00 6.00 0.00 0.00 0.00 0.00 0.00 0.00
4.00 5.00 0.00 7.00 18.00 7.00 11.00 0.10 0.25 0.00 0.00 0.00 3.00 4.00 2.00 1.00 5.00 0.00 0.00 0.00 0.00 0.00 0.00
5.00 3.00 0.00 0.00 4.00 0.00 4.00 0.09 0.16 0.00 0.00 0.00 2.00 3.00 1.00 0.00 3.00 0.00 0.00 0.00 0.00 0.00 0.00
6.00 6.00 3.00 10.00 26.00 7.00 16.00 0.08 0.26 0.00 0.00 0.00 2.00 4.00 4.00 2.00 6.00 0.00 0.00 0.00 0.00 0.00 0.00
7.00 7.00 3.00 12.00 31.00 9.00 19.00 0.09 0.31 0.00 0.00 0.00 4.00 5.00 3.00 2.00 7.00 0.00 0.00 0.00 0.00 0.00 0.00
8.00 3.00 0.00 2.00 10.00 2.00 8.00 0.07 0.10 0.00 0.00 0.00 2.00 3.00 1.00 0.00 3.00 0.00 0.00 0.00 0.00 0.00 0.00
9.00 7.00 5.00 15.00 33.00 10.00 18.00 0.09 0.30 0.00 0.00 0.00 1.00 3.00 6.00 4.00 3.00 4.00 0.00 0.00 0.00 0.00 0.00
10.00 10.00 4.00 20.00 46.00 16.00 26.00 0.09 0.38 0.00 0.00 0.00 3.00 3.00 7.00 7.00 6.00 4.00 0.00 0.00 0.00 0.00 0.00
11.00 6.00 0.00 6.00 25.00 6.00 19.00 0.07 0.26 0.00 1.00 0.00 3.00 5.00 3.00 1.00 6.00 0.00 0.00 0.00 0.00 0.00 0.00
12.00 10.00 4.00 15.00 44.00 11.00 29.00 0.08 0.53 0.00 1.00 0.00 4.00 8.00 6.00 2.00 9.00 1.00 0.00 0.00 0.00 0.00 0.00
13.00 8.00 4.00 15.00 37.00 11.00 22.00 0.08 0.31 0.00 1.00 0.00 3.00 5.00 5.00 3.00 7.00 1.00 0.00 0.00 0.00 0.00 0.00
14.00 9.00 2.00 10.00 41.00 8.00 31.00 0.09 0.51 0.00 0.00 0.00 4.00 6.00 5.00 3.00 8.00 1.00 0.00 0.00 0.00 0.00 0.00
15.00 10.00 7.00 20.00 47.00 13.00 27.00 0.07 0.32 0.00 0.00 0.00 4.00 7.00 6.00 3.00 9.00 1.00 0.00 0.00 0.00 0.00 0.00
16.00 9.00 3.00 15.00 36.00 12.00 21.00 0.10 0.43 0.00 0.00 0.00 4.00 8.00 5.00 1.00 8.00 1.00 0.00 0.00 0.00 0.00 0.00
17.00 6.00 1.00 6.00 21.00 5.00 15.00 0.10 0.31 0.00 0.00 0.00 3.00 4.00 3.00 2.00 5.00 1.00 0.00 0.00 0.00 0.00 0.00
18.00 4.00 0.00 0.00 12.00 0.00 12.00 0.06 0.52 0.00 0.00 0.00 2.00 4.00 2.00 0.00 4.00 0.00 0.00 0.00 0.00 0.00 0.00
19.00 3.00 0.00 2.00 11.00 2.00 9.00 0.09 0.11 0.00 0.00 0.00 2.00 3.00 1.00 0.00 3.00 0.00 0.00 0.00 0.00 0.00 0.00
20.00 7.00 3.00 13.00 31.00 10.00 18.00 0.09 0.26 0.00 0.00 0.00 2.00 5.00 5.00 2.00 7.00 0.00 0.00 0.00 0.00 0.00 0.00
21.00 11.00 5.00 22.00 49.00 17.00 27.00 0.08 0.54 0.00 0.00 0.00 6.00 8.00 5.00 3.00 10.00 1.00 0.00 0.00 0.00 0.00 0.00
22.00 11.00 2.00 14.00 37.00 12.00 23.00 0.08 1.25 0.00 0.00 0.00 4.00 8.00 7.00 3.00 10.00 1.00 0.00 0.00 0.00 0.00 0.00
23.00 8.00 0.00 10.00 34.00 10.00 24.00 0.10 0.78 0.00 0.00 0.00 5.00 6.00 3.00 2.00 7.00 1.00 0.00 0.00 0.00 0.00 0.00
24.00 11.00 3.00 18.00 53.00 15.00 35.00 0.10 0.58 1.00 1.00 1.00 4.00 7.00 7.00 4.00 8.00 3.00 0.00 0.00 0.00 0.00 0.00
25.00 15.00 12.00 29.00 67.00 17.00 38.00 0.09 0.71 0.00 0.00 0.00 8.00 10.00 7.00 5.00 12.00 3.00 0.00 0.00 0.00 0.00 0.00
26.00 8.00 3.00 13.00 36.00 10.00 23.00 0.07 0.34 0.00 1.00 0.00 1.00 7.00 7.00 1.00 7.00 1.00 0.00 0.00 0.00 0.00 0.00
27.00 11.00 7.00 24.00 52.00 17.00 28.00 0.09 0.50 0.00 1.00 0.00 4.00 8.00 7.00 3.00 9.00 2.00 0.00 0.00 0.00 0.00 0.00
28.00 9.00 3.00 17.00 42.00 14.00 25.00 0.07 0.35 0.00 0.00 0.00 4.00 5.00 5.00 4.00 9.00 0.00 0.00 0.00 0.00 0.00 0.00
29.00 8.00 1.00 10.00 35.00 9.00 25.00 0.09 0.55 0.00 0.00 0.00 3.00 5.00 5.00 3.00 8.00 0.00 0.00 0.00 0.00 0.00 0.00
30.00 10.00 6.00 20.00 46.00 14.00 26.00 0.06 0.28 0.00 0.00 0.00 2.00 5.00 8.00 5.00 7.00 3.00 0.00 0.00 0.00 0.00 0.00
31.00 7.00 4.00 12.00 30.00 8.00 18.00 0.09 0.21 0.00 0.00 0.00 3.00 6.00 4.00 1.00 7.00 0.00 0.00 0.00 0.00 0.00 0.00
32.00 4.00 0.00 4.00 17.00 4.00 13.00 0.07 0.20 0.00 0.00 0.00 1.00 3.00 3.00 1.00 4.00 0.00 0.00 0.00 0.00 0.00 0.00
33.00 18.00 13.00 34.00 83.00 21.00 49.00 0.08 0.62 0.00 0.00 0.00 5.00 11.00 13.00 7.00 16.00 2.00 0.00 0.00 0.00 0.00 0.00
34.00 9.00 5.00 14.00 39.00 9.00 25.00 0.08 0.20 0.00 0.00 0.00 3.00 7.00 6.00 2.00 7.00 2.00 0.00 0.00 0.00 0.00 0.00
35.00 15.00 12.00 33.00 71.00 21.00 38.00 0.09 0.63 0.00 0.00 0.00 4.00 10.00 11.00 5.00 12.00 3.00 0.00 0.00 0.00 0.00 0.00
36.00 16.00 9.00 35.00 77.00 26.00 42.00 0.09 0.62 0.00 0.00 0.00 3.00 10.00 13.00 6.00 11.00 5.00 0.00 0.00 0.00 0.00 0.00
37.00 25.00 23.00 66.00 119.00 43.00 53.00 0.08 0.95 0.00 0.00 0.00 8.00 12.00 17.00 13.00 15.00 10.00 0.00 0.00 0.00 0.00 0.00
38.00 22.00 16.00 54.00 112.00 38.00 58.00 0.09 0.80 0.00 1.00 0.00 9.00 15.00 13.00 7.00 16.00 6.00 0.00 0.00 0.00 1.00 0.00
39.00 31.00 22.00 74.00 153.00 52.00 79.00 0.09 1.21 0.00 0.00 0.00 10.00 16.00 21.00 15.00 21.00 10.00 0.00 0.00 0.00 0.00 0.00
40.00 24.00 21.00 57.00 120.00 36.00 63.00 0.10 0.97 0.00 0.00 0.00 7.00 11.00 17.00 13.00 15.00 9.00 1.00 0.00 0.00 0.00 0.00
41.00 20.00 24.00 51.00 97.00 27.00 46.00 0.08 0.64 0.00 0.00 0.00 2.00 6.00 18.00 14.00 13.00 7.00 0.00 0.00 0.00 0.00 0.00
42.00 22.00 26.00 56.00 106.00 30.00 50.00 0.08 0.83 0.00 0.00 0.00 3.00 12.00 19.00 10.00 14.00 8.00 0.00 0.00 0.00 0.00 0.00
43.00 19.00 17.00 50.00 95.00 33.00 45.00 0.08 0.67 0.00 1.00 0.00 4.00 8.00 15.00 11.00 13.00 6.00 1.00 0.00 1.00 0.00 0.00
44.00 18.00 20.00 47.00 88.00 27.00 41.00 0.08 0.58 0.00 0.00 0.00 7.00 10.00 11.00 8.00 12.00 6.00 0.00 0.00 0.00 0.00 0.00
45.00 21.00 21.00 53.00 103.00 32.00 50.00 0.08 0.85 0.00 0.00 0.00 4.00 11.00 17.00 10.00 16.00 5.00 0.00 0.00 0.00 0.00 0.00
46.00 22.00 21.00 51.00 104.00 30.00 53.00 0.08 0.74 0.00 0.00 0.00 7.00 13.00 15.00 9.00 16.00 6.00 1.00 0.00 0.00 0.00 0.00
47.00 19.00 15.00 43.00 90.00 28.00 47.00 0.08 1.00 1.00 0.00 0.00 4.00 9.00 15.00 10.00 10.00 9.00 0.00 0.00 0.00 0.00 0.00
48.00 21.00 19.00 54.00 105.00 35.00 51.00 0.08 0.70 0.00 1.00 0.00 3.00 7.00 18.00 14.00 12.00 9.00 0.00 0.00 0.00 0.00 0.00
49.00 19.00 20.00 44.00 95.00 24.00 51.00 0.09 0.65 0.00 2.00 0.00 5.00 9.00 14.00 10.00 14.00 5.00 0.00 0.00 0.00 0.00 0.00
50.00 18.00 18.00 50.00 95.00 32.00 45.00 0.06 0.65 0.00 1.00 0.00 6.00 11.00 12.00 7.00 11.00 7.00 0.00 0.00 0.00 0.00 0.00
51.00 19.00 9.00 44.00 95.00 35.00 51.00 0.09 0.81 0.00 1.00 0.00 7.00 10.00 12.00 9.00 15.00 4.00 0.00 0.00 0.00 0.00 0.00
52.00 22.00 20.00 49.00 110.00 29.00 61.00 0.08 0.89 0.00 0.00 0.00 8.00 14.00 14.00 8.00 17.00 5.00 0.00 0.00 0.00 0.00 0.00
53.00 13.00 11.00 30.00 63.00 19.00 33.00 0.08 0.60 0.00 0.00 0.00 4.00 7.00 9.00 6.00 9.00 4.00 0.00 0.00 0.00 0.00 0.00
54.00 18.00 13.00 39.00 89.00 26.00 50.00 0.09 0.83 0.00 0.00 0.00 6.00 10.00 12.00 8.00 12.00 6.00 0.00 0.00 0.00 0.00 0.00
55.00 15.00 12.00 28.00 65.00 16.00 37.00 0.08 0.58 0.00 0.00 0.00 7.00 11.00 8.00 4.00 12.00 3.00 0.00 0.00 0.00 0.00 0.00
56.00 11.00 2.00 15.00 51.00 13.00 36.00 0.09 0.76 0.00 0.00 0.00 3.00 8.00 8.00 3.00 9.00 2.00 0.00 0.00 0.00 0.00 0.00
57.00 11.00 3.00 17.00 52.00 14.00 35.00 0.09 0.64 0.00 0.00 0.00 4.00 6.00 7.00 5.00 9.00 2.00 1.00 0.00 0.00 0.00 0.00
58.00 6.00 2.00 10.00 26.00 8.00 16.00 0.09 0.37 0.00 0.00 0.00 3.00 5.00 3.00 1.00 5.00 1.00 0.00 0.00 0.00 0.00 0.00
59.00 7.00 1.00 8.00 26.00 7.00 18.00 0.08 0.49 0.00 0.00 0.00 2.00 3.00 5.00 4.00 5.00 2.00 0.00 0.00 0.00 0.00 0.00
60.00 9.00 4.00 12.00 41.00 8.00 29.00 0.09 0.63 0.00 0.00 0.00 4.00 7.00 5.00 2.00 9.00 0.00 0.00 0.00 0.00 0.00 0.00
61.00 12.00 6.00 21.00 50.00 15.00 29.00 0.08 0.62 0.00 0.00 0.00 2.00 5.00 10.00 7.00 8.00 4.00 0.00 0.00 0.00 0.00 0.00
62.00 9.00 5.00 16.00 41.00 11.00 25.00 0.10 0.41 0.00 0.00 0.00 1.00 4.00 8.00 5.00 6.00 3.00 0.00 0.00 0.00 0.00 0.00
63.00 13.00 9.00 23.00 58.00 14.00 35.00 0.09 0.67 0.00 0.00 0.00 5.00 8.00 8.00 5.00 10.00 3.00 0.00 0.00 0.00 0.00 0.00
64.00 14.00 11.00 30.00 64.00 19.00 34.00 0.10 0.56 0.00 0.00 0.00 7.00 9.00 7.00 5.00 10.00 4.00 0.00 0.00 0.00 0.00 0.00
65.00 10.00 3.00 19.00 48.00 16.00 29.00 0.09 0.38 0.00 0.00 0.00 4.00 8.00 6.00 2.00 9.00 1.00 0.00 0.00 0.00 0.00 0.00
66.00 12.00 11.00 27.00 58.00 16.00 31.00 0.08 0.54 0.00 0.00 0.00 6.00 9.00 6.00 3.00 10.00 2.00 0.00 0.00 0.00 0.00 0.00
67.00 7.00 4.00 12.00 30.00 8.00 18.00 0.09 0.21 0.00 0.00 0.00 2.00 5.00 5.00 2.00 6.00 1.00 0.00 0.00 0.00 0.00 0.00
68.00 4.00 0.00 0.00 5.00 0.00 5.00 0.08 0.40 0.00 0.00 0.00 2.00 4.00 2.00 0.00 4.00 0.00 0.00 0.00 0.00 0.00 0.00
69.00 6.00 1.00 3.00 25.00 2.00 22.00 0.08 0.37 0.00 0.00 0.00 2.00 3.00 4.00 3.00 5.00 1.00 0.00 0.00 0.00 0.00 0.00
70.00 5.00 0.00 3.00 14.00 3.00 11.00 0.09 0.33 0.00 0.00 0.00 3.00 4.00 2.00 1.00 5.00 0.00 0.00 0.00 0.00 0.00 0.00
71.00 11.00 8.00 19.00 51.00 11.00 32.00 0.09 0.67 0.00 0.00 0.00 4.00 6.00 7.00 5.00 7.00 4.00 0.00 0.00 0.00 0.00 0.00
72.00 4.00 0.00 4.00 16.00 4.00 12.00 0.08 0.35 0.00 0.00 0.00 2.00 4.00 2.00 0.00 4.00 0.00 0.00 0.00 0.00 0.00 0.00
73.00 5.00 2.00 8.00 22.00 6.00 14.00 0.09 0.20 0.00 0.00 0.00 2.00 5.00 3.00 0.00 5.00 0.00 0.00 0.00 0.00 0.00 0.00
74.00 7.00 0.00 8.00 27.00 8.00 19.00 0.08 0.46 0.00 0.00 0.00 2.00 4.00 5.00 3.00 6.00 1.00 0.00 0.00 0.00 0.00 0.00
75.00 7.00 4.00 11.00 32.00 7.00 21.00 0.08 0.36 0.00 0.00 0.00 1.00 4.00 6.00 3.00 6.00 1.00 0.00 0.00 0.00 0.00 0.00
76.00 9.00 5.00 17.00 41.00 12.00 24.00 0.08 0.41 0.00 0.00 0.00 3.00 6.00 6.00 3.00 9.00 0.00 0.00 0.00 0.00 0.00 0.00
77.00 12.00 7.00 24.00 56.00 17.00 32.00 0.08 0.56 0.00 0.00 0.00 5.00 8.00 7.00 4.00 10.00 2.00 0.00 0.00 0.00 0.00 0.00
78.00 9.00 7.00 19.00 40.00 12.00 21.00 0.09 0.39 0.00 0.00 0.00 3.00 7.00 6.00 2.00 7.00 2.00 0.00 0.00 0.00 0.00 0.00
79.00 8.00 3.00 14.00 37.00 11.00 23.00 0.09 0.31 0.00 0.00 0.00 6.00 6.00 2.00 2.00 7.00 1.00 0.00 0.00 0.00 0.00 0.00
80.00 11.00 3.00 16.00 48.00 13.00 32.00 0.09 0.51 0.00 0.00 0.00 2.00 6.00 9.00 5.00 8.00 3.00 0.00 0.00 0.00 0.00 0.00
81.00 9.00 3.00 15.00 43.00 12.00 28.00 0.10 0.42 0.00 0.00 0.00 3.00 6.00 6.00 3.00 9.00 0.00 0.00 0.00 0.00 0.00 0.00
82.00 4.00 1.00 5.00 15.00 4.00 10.00 0.09 0.17 0.00 0.00 0.00 2.00 4.00 2.00 0.00 4.00 0.00 0.00 0.00 0.00 0.00 0.00
83.00 8.00 2.00 10.00 25.00 8.00 15.00 0.08 0.52 0.00 0.00 0.00 3.00 7.00 5.00 1.00 8.00 0.00 0.00 0.00 0.00 0.00 0.00
84.00 6.00 0.00 2.00 24.00 2.00 22.00 0.10 0.70 0.00 0.00 0.00 2.00 6.00 4.00 0.00 6.00 0.00 0.00 0.00 0.00 0.00 0.00
85.00 5.00 1.00 6.00 17.00 5.00 11.00 0.08 0.36 0.00 0.00 0.00 2.00 5.00 3.00 0.00 5.00 0.00 0.00 0.00 0.00 0.00 0.00
86.00 4.00 1.00 5.00 13.00 4.00 8.00 0.09 0.22 0.00 0.00 0.00 1.00 3.00 3.00 1.00 4.00 0.00 0.00 0.00 0.00 0.00 0.00
87.00 4.00 0.00 4.00 13.00 4.00 9.00 0.07 0.22 0.00 0.00 0.00 2.00 4.00 2.00 0.00 4.00 0.00 0.00 0.00 0.00 0.00 0.00
88.00 3.00 0.00 0.00 1.00 0.00 1.00 0.08 4.53 0.00 0.00 0.00 2.00 3.00 1.00 0.00 3.00 0.00 0.00 0.00 0.00 0.00 0.00
89.00 8.00 5.00 16.00 35.00 11.00 19.00 0.09 0.28 0.00 0.00 0.00 2.00 5.00 6.00 3.00 6.00 2.00 0.00 0.00 0.00 0.00 0.00
90.00 5.00 1.00 4.00 18.00 3.00 14.00 0.07 0.29 0.00 0.00 0.00 3.00 4.00 2.00 1.00 5.00 0.00 0.00 0.00 0.00 0.00 0.00
91.00 5.00 0.00 3.00 18.00 3.00 15.00 0.08 0.54 0.00 0.00 0.00 3.00 4.00 2.00 1.00 5.00 0.00 0.00 0.00 0.00 0.00 0.00
92.00 7.00 1.00 5.00 29.00 4.00 24.00 0.09 0.41 0.00 0.00 0.00 3.00 6.00 4.00 1.00 7.00 0.00 0.00 0.00 0.00 0.00 0.00
93.00 5.00 0.00 3.00 23.00 3.00 20.00 0.09 0.20 0.00 0.00 0.00 3.00 4.00 2.00 1.00 5.00 0.00 0.00 0.00 0.00 0.00 0.00
94.00 5.00 2.00 8.00 21.00 6.00 13.00 0.07 0.16 0.00 0.00 0.00 2.00 3.00 3.00 2.00 5.00 0.00 0.00 0.00 0.00 0.00 0.00
95.00 3.00 0.00 0.00 5.00 0.00 5.00 0.07 0.32 0.00 0.00 0.00 2.00 3.00 1.00 0.00 3.00 0.00 0.00 0.00 0.00 0.00 0.00
96.00 7.00 2.00 8.00 21.00 6.00 13.00 0.08 0.35 0.00 0.00 0.00 2.00 5.00 5.00 2.00 7.00 0.00 0.00 0.00 0.00 0.00 0.00
97.00 5.00 1.00 5.00 18.00 4.00 13.00 0.08 0.28 0.00 0.00 0.00 2.00 5.00 3.00 0.00 5.00 0.00 0.00 0.00 0.00 0.00 0.00
98.00 5.00 1.00 4.00 16.00 3.00 12.00 0.09 0.31 0.00 0.00 0.00 3.00 4.00 2.00 1.00 5.00 0.00 0.00 0.00 0.00 0.00 0.00
99.00 3.00 0.00 0.00 4.00 0.00 4.00 0.08 0.33 0.00 0.00 0.00 2.00 3.00 1.00 0.00 3.00 0.00 0.00 0.00 0.00 0.00 0.00
100.00 2.00 0.00 0.00 1.00 0.00 1.00 0.09 0.24 0.00 0.00 0.00 2.00 2.00 0.00 0.00 2.00 0.00 0.00 0.00 0.00 0.00 0.00
