0.00 2.00 0.00 0.00 0.00 0.00 0.00 0.06 0.23 0.00 0.00 0.00 2.00 2.00 0.00 0.00 2.00 0.00 0.00 0.00 0.00 0.00 0.00
1.00 4.00 0.00 1.00 11.00 1.00 10.00 0.09 0.47 0.00 0.00 0.00 2.00 4.00 2.00 0.00 4.00 0.00 0.00 0.00 0.00 0.00 0.00
2.00 3.00 0.00 0.00 8.00 0.00 8.00 0.09 0.26 0.00 0.00 0.00 2.00 3.00 1.00 0.00 3.00 0.00 0.00 0.00 0.00 0.00 0.00
3.00 6.00 2.00 7.00 19.00 5.00 12.00 0.09 0.35 0.00 0.00 0.00 2.00 4.00 4.00 2.00 6.00 0.00 0.00 0.00 0.00 0.00 0.00
4.00 4.00 0.00 4.00 16.00 4.00 12.00 0.08 0.20 0.00 0.00 0.00 2.00 4.00 2.00 0.00 4.00 0.00 0.00 0.00 0.00 0.00 0.00
5.00 5.00 0.00 2.00 19.00 2.00 17.00 0.08 0.22 0.00 0.00 0.00 3.00 4.00 2.00 1.00 5.00 0.00 0.00 0.00 0.00 0.00 0.00
6.00 7.00 0.00 5.00 27.00 5.00 22.00 0.07 0.34 0.00 0.00 0.00 3.00 6.00 4.00 1.00 7.00 0.00 0.00 0.00 0.00 0.00 0.00
7.00 7.00 1.00 6.00 23.00 5.00 17.00 0.09 0.51 0.00 0.00 0.00 5.00 5.00 2.00 2.00 6.00 1.00 0.00 0.00 0.00 0.00 0.00
8.00 7.00 3.00 10.00 23.00 7.00 13.00 0.08 0.16 0.00 0.00 0.00 4.00 5.00 3.00 2.00 7.00 0.00 0.00 0.00 0.00 0.00 0.00
9.00 4.00 0.00 0.00 10.00 0.00 10.00 0.09 0.50 0.00 0.00 0.00 2.00 4.00 2.00 0.00 4.00 0.00 0.00 0.00 0.00 0.00 0.00
10.00 16.00 17.00 35.00 72.00 18.00 37.00 0.08 0.62 0.00 0.00 0.00 6.00 9.00 10.00 7.00 12.00 4.00 0.00 0.00 0.00 0.00 0.00
11.00 18.00 15.00 43.00 79.00 28.00 36.00 0.08 0.94 0.00 0.00 0.00 7.00 11.00 11.00 7.00 14.00 4.00 0.00 0.00 0.00 0.00 0.00
12.00 16.00 12.00 37.00 79.00 25.00 42.00 0.08 0.59 0.00 1.00 0.00 5.00 9.00 11.00 7.00 12.00 4.00 0.00 0.00 0.00 0.00 0.00
13.00 21.00 21.00 57.00 103.00 36.00 46.00 0.09 0.53 0.00 1.00 0.00 9.00 14.00 12.00 7.00 17.00 4.00 0.00 0.00 0.00 0.00 0.00
14.00 14.00 8.00 26.00 69.00 18.00 43.00 0.09 0.53 0.00 0.00 0.00 4.00 7.00 10.00 7.00 10.00 4.00 0.00 0.00 0.00 0.00 0.00
15.00 31.00 22.00 74.00 153.00 52.00 79.00 0.09 1.21 0.00 0.00 0.00 10.00 16.00 21.00 15.00 21.00 10.00 0.00 0.00 0.00 0.00 0.00
16.00 24.00 24.00 63.00 123.00 39.00 60.00 0.09 0.83 1.00 0.00 0.00 5.00 12.00 19.00 12.00 17.00 7.00 1.00 0.00 0.00 0.00 0.00
17.00 18.00 15.00 46.00 88.00 31.00 42.00 0.09 0.78 0.00 1.00 0.00 3.00 8.00 15.00 10.00 13.00 5.00 1.00 0.00 0.00 0.00 0.00
18.00 22.00 16.00 56.00 114.00 40.00 58.00 0.09 0.90 0.00 1.00 0.00 6.00 11.00 16.00 11.00 16.00 6.00 0.00 0.00 0.00 0.00 0.00
19.00 19.00 21.00 42.00 96.00 21.00 54.00 0.09 0.62 0.00 1.00 0.00 6.00 9.00 13.00 10.00 15.00 4.00 0.00 0.00 0.00 0.00 0.00
20.00 18.00 15.00 46.00 94.00 31.00 48.00 0.09 0.60 0.00 0.00 0.00 6.00 10.00 12.00 8.00 13.00 5.00 0.00 0.00 0.00 0.00 0.00
21.00 17.00 16.00 44.00 88.00 28.00 44.00 0.07 0.43 0.00 1.00 0.00 3.00 9.00 14.00 8.00 11.00 6.00 0.00 0.00 0.00 0.00 0.00
22.00 16.00 9.00 31.00 79.00 22.00 48.00 0.08 0.74 0.00 2.00 0.00 3.00 7.00 13.00 9.00 14.00 2.00 0.00 0.00 0.00 0.00 0.00
23.00 20.00 19.00 49.00 102.00 30.00 53.00 0.08 0.72 0.00 0.00 0.00 5.00 8.00 15.00 12.00 13.00 7.00 0.00 0.00 0.00 0.00 0.00
24.00 19.00 17.00 50.00 97.00 33.00 47.00 0.09 0.65 1.00 1.00 1.00 7.00 12.00 12.00 7.00 15.00 4.00 0.00 0.00 0.00 0.00 0.00
25.00 12.00 10.00 26.00 55.00 16.00 29.00 0.08 0.58 0.00 0.00 0.00 5.00 8.00 7.00 4.00 10.00 2.00 0.00 0.00 0.00 0.00 0.00
26.00 7.00 2.00 10.00 29.00 8.00 19.00 0.09 0.36 0.00 0.00 0.00 1.00 6.00 6.00 1.00 7.00 0.00 0.00 0.00 0.00 0.00 0.00
27.00 14.00 13.00 35.00 72.00 22.00 37.00 0.07 0.43 1.00 0.00 0.00 3.00 9.00 11.00 5.00 12.00 2.00 0.00 0.00 0.00 0.00 0.00
28.00 17.00 17.00 42.00 84.00 25.00 42.00 0.08 0.65 1.00 0.00 0.00 5.00 10.00 12.00 7.00 12.00 5.00 0.00 0.00 0.00 0.00 0.00
29.00 13.00 9.00 29.00 62.00 20.00 33.00 0.10 0.56 1.00 0.00 0.00 5.00 11.00 8.00 2.00 12.00 1.00 0.00 0.00 0.00 0.00 0.00
30.00 7.00 2.00 8.00 26.00 6.00 18.00 0.09 0.48 0.00 0.00 0.00 3.00 3.00 4.00 4.00 6.00 1.00 0.00 0.00 0.00 0.00 0.00
31.00 10.00 4.00 19.00 43.00 15.00 24.00 0.09 0.52 0.00 0.00 0.00 5.00 9.00 5.00 1.00 9.00 1.00 0.00 0.00 0.00 0.00 0.00
32.00 10.00 5.00 17.00 44.00 12.00 27.00 0.09 0.36 0.00 0.00 0.00 4.00 6.00 6.00 4.00 8.00 2.00 0.00 0.00 0.00 0.00 0.00
33.00 12.00 10.00 26.00 60.00 16.00 34.00 0.10 0.43 0.00 0.00 0.00 4.00 7.00 8.00 5.00 9.00 3.00 0.00 0.00 0.00 0.00 0.00
34.00 7.00 3.00 11.00 31.00 8.00 20.00 0.08 0.24 0.00 1.00 0.00 3.00 5.00 4.00 2.00 6.00 1.00 0.00 0.00 0.00 0.00 0.00
35.00 9.00 6.00 20.00 42.00 14.00 22.00 0.07 0.33 0.00 1.00 0.00 3.00 4.00 6.00 5.00 9.00 0.00 0.00 0.00 0.00 0.00 0.00
36.00 11.00 5.00 16.00 45.00 11.00 29.00 0.09 0.68 0.00 0.00 0.00 7.00 7.00 4.00 4.00 10.00 1.00 0.00 0.00 0.00 0.00 0.00
37.00 11.00 8.00 26.00 55.00 18.00 29.00 0.09 0.46 0.00 0.00 0.00 2.00 6.00 9.00 5.00 8.00 3.00 0.00 0.00 1.00 0.00 0.00
38.00 12.00 8.00 26.00 57.00 18.00 31.00 0.10 0.58 0.00 0.00 0.00 3.00 6.00 9.00 6.00 10.00 2.00 0.00 0.00 0.00 0.00 0.00
39.00 11.00 5.00 19.00 48.00 14.00 29.00 0.07 0.57 0.00 0.00 0.00 5.00 6.00 6.00 5.00 7.00 4.00 0.00 0.00 0.00 0.00 0.00
40.00 9.00 4.00 14.00 37.00 10.00 23.00 0.09 0.39 0.00 0.00 0.00 1.00 4.00 8.00 5.00 5.00 4.00 0.00 0.00 0.00 0.00 0.00
41.00 8.00 4.00 16.00 38.00 12.00 22.00 0.07 0.39 0.00 2.00 0.00 3.00 4.00 5.00 4.00 6.00 2.00 0.00 0.00 0.00 0.00 0.00
42.00 6.00 1.00 9.00 26.00 8.00 17.00 0.09 0.28 0.00 0.00 0.00 2.00 4.00 4.00 2.00 6.00 0.00 0.00 0.00 0.00 0.00 0.00
43.00 7.00 2.00 12.00 34.00 10.00 22.00 0.09 0.35 0.00 1.00 0.00 4.00 6.00 3.00 1.00 6.00 1.00 0.00 0.00 0.00 0.00 0.00
44.00 4.00 0.00 0.00 15.00 0.00 15.00 0.10 0.15 0.00 1.00 0.00 3.00 3.00 1.00 1.00 4.00 0.00 0.00 0.00 0.00 0.00 0.00
45.00 6.00 3.00 11.00 23.00 8.00 12.00 0.08 0.18 0.00 0.00 0.00 2.00 4.00 4.00 2.00 6.00 0.00 0.00 0.00 0.00 0.00 0.00
46.00 4.00 0.00 0.00 6.00 0.00 6.00 0.08 0.33 0.00 0.00 0.00 2.00 4.00 2.00 0.00 4.00 0.00 0.00 0.00 0.00 0.00 0.00
47.00 4.00 1.00 4.00 14.00 3.00 10.00 0.08 0.18 0.00 0.00 0.00 3.00 3.00 1.00 1.00 4.00 0.00 0.00 0.00 0.00 0.00 0.00
48.00 3.00 0.00 2.00 8.00 2.00 6.00 0.09 0.12 0.00 0.00 0.00 2.00 3.00 1.00 0.00 3.00 0.00 0.00 0.00 0.00 0.00 0.00
49.00 2.00 0.00 0.00 1.00 0.00 1.00 0.09 0.27 0.00 0.00 0.00 2.00 2.00 0.00 0.00 2.00 0.00 0.00 0.00 0.00 0.00 0.00
