0.00 2.00 0.00 0.00 1.00 0.00 1.00 0.07 0.29 0.00 0.00 0.00 2.00 2.00 0.00 0.00 2.00 0.00 0.00 0.00 0.00 0.00 0.00
1.00 4.00 1.00 5.00 14.00 4.00 9.00 0.08 0.22 0.00 0.00 0.00 2.00 4.00 2.00 0.00 4.00 0.00 0.00 0.00 0.00 0.00 0.00
2.00 7.00 5.00 13.00 31.00 8.00 18.00 0.10 0.19 0.00 0.00 0.00 1.00 4.00 6.00 3.00 5.00 2.00 0.00 0.00 0.00 0.00 0.00
3.00 7.00 4.00 13.00 33.00 9.00 20.00 0.09 0.38 0.00 0.00 0.00 2.00 5.00 5.00 2.00 7.00 0.00 0.00 0.00 1.00 0.00 0.00
4.00 6.00 2.00 9.00 26.00 7.00 17.00 0.09 0.24 0.00 0.00 0.00 1.00 4.00 5.00 2.00 5.00 1.00 0.00 0.00 1.00 0.00 0.00
5.00 9.00 4.00 17.00 44.00 13.00 27.00 0.07 0.31 0.00 0.00 0.00 3.00 5.00 6.00 4.00 7.00 2.00 0.00 0.00 0.00 0.00 0.00
6.00 9.00 7.00 21.00 42.00 14.00 21.00 0.10 2.00 0.00 1.00 0.00 2.00 3.00 7.00 6.00 6.00 3.00 0.00 0.00 0.00 0.00 0.00
7.00 10.00 8.00 23.00 46.00 15.00 23.00 0.10 0.34 0.00 1.00 0.00 1.00 5.00 9.00 5.00 9.00 1.00 0.00 0.00 0.00 0.00 0.00
8.00 10.00 9.00 23.00 46.00 14.00 23.00 0.10 0.36 0.00 1.00 0.00 4.00 7.00 6.00 3.00 7.00 3.00 0.00 0.00 0.00 0.00 0.00
9.00 12.00 12.00 30.00 55.00 18.00 25.00 0.08 1.73 0.00 1.00 0.00 4.00 5.00 8.00 7.00 8.00 4.00 0.00 0.00 0.00 0.00 0.00
10.00 12.00 5.00 21.00 54.00 16.00 33.00 0.08 2.81 0.00 1.00 0.00 5.00 7.00 7.00 5.00 9.00 3.00 0.00 0.00 0.00 0.00 0.00
11.00 10.00 4.00 18.00 47.00 14.00 29.00 0.08 2.01 0.00 1.00 0.00 2.00 8.00 8.00 2.00 8.00 2.00 0.00 0.00 0.00 0.00 0.00
12.00 5.00 2.00 8.00 22.00 6.00 14.00 0.08 3.23 0.00 0.00 0.00 1.00 1.00 4.00 4.00 4.00 1.00 0.00 0.00 0.00 0.00 0.00
13.00 12.00 1.00 19.00 51.00 18.00 32.00 0.09 0.36 0.00 1.00 0.00 4.00 9.00 8.00 3.00 11.00 1.00 0.00 0.00 0.00 0.00 0.00
14.00 14.00 5.00 27.00 70.00 22.00 43.00 0.08 3.30 0.00 1.00 0.00 6.00 10.00 8.00 4.00 13.00 1.00 0.00 0.00 0.00 0.00 0.00
15.00 6.00 2.00 8.00 25.00 6.00 17.00 0.08 4.86 0.00 0.00 0.00 2.00 4.00 4.00 2.00 6.00 0.00 0.00 0.00 0.00 0.00 0.00
16.00 10.00 4.00 13.00 39.00 9.00 26.00 0.09 2.08 0.00 0.00 0.00 5.00 7.00 5.00 3.00 8.00 2.00 0.00 0.00 0.00 0.00 0.00
17.00 11.00 8.00 26.00 54.00 18.00 28.00 0.08 4.03 0.00 1.00 0.00 6.00 7.00 5.00 4.00 9.00 2.00 0.00 0.00 0.00 0.00 0.00
18.00 17.00 13.00 38.00 73.00 25.00 35.00 0.08 4.89 0.00 1.00 0.00 6.00 12.00 11.00 5.00 14.00 3.00 0.00 0.00 0.00 0.00 0.00
19.00 15.00 14.00 36.00 75.00 22.00 39.00 0.11 5.12 0.00 1.00 0.00 1.00 4.00 14.00 11.00 8.00 7.00 0.00 0.00 0.00 0.00 0.00
20.00 15.00 16.00 38.00 70.00 22.00 32.00 0.09 4.97 0.00 0.00 0.00 6.00 10.00 9.00 5.00 12.00 3.00 0.00 0.00 0.00 0.00 0.00
21.00 12.00 9.00 26.00 59.00 17.00 33.00 0.10 4.88 0.00 0.00 0.00 3.00 6.00 9.00 6.00 6.00 6.00 0.00 0.00 0.00 0.00 0.00
22.00 13.00 11.00 31.00 62.00 20.00 31.00 0.08 3.47 0.00 0.00 0.00 3.00 6.00 10.00 7.00 11.00 2.00 0.00 0.00 0.00 0.00 0.00
23.00 20.00 19.00 50.00 92.00 31.00 42.00 0.10 4.70 0.00 1.00 0.00 7.00 11.00 13.00 9.00 14.00 6.00 0.00 0.00 0.00 0.00 0.00
24.00 20.00 20.00 55.00 104.00 35.00 49.00 0.08 4.59 0.00 2.00 0.00 5.00 11.00 15.00 9.00 15.00 5.00 0.00 0.00 0.00 0.00 0.00
25.00 19.00 20.00 45.00 82.00 25.00 37.00 0.08 5.22 0.00 1.00 0.00 4.00 12.00 15.00 7.00 13.00 6.00 0.00 0.00 0.00 0.00 0.00
26.00 23.00 17.00 53.00 109.00 36.00 56.00 0.08 4.97 0.00 1.00 0.00 9.00 11.00 14.00 12.00 17.00 6.00 0.00 0.00 0.00 0.00 0.00
27.00 20.00 22.00 52.00 98.00 30.00 46.00 0.08 4.43 0.00 1.00 0.00 8.00 12.00 12.00 8.00 16.00 4.00 0.00 0.00 0.00 0.00 0.00
28.00 18.00 23.00 48.00 88.00 25.00 40.00 0.09 4.69 0.00 1.00 0.00 7.00 12.00 11.00 6.00 14.00 4.00 0.00 0.00 1.00 0.00 0.00
29.00 18.00 17.00 44.00 86.00 27.00 42.00 0.08 5.00 0.00 1.00 0.00 3.00 8.00 15.00 10.00 15.00 3.00 0.00 0.00 0.00 0.00 0.00
30.00 19.00 21.00 47.00 92.00 26.00 45.00 0.08 4.22 0.00 2.00 0.00 7.00 13.00 12.00 6.00 13.00 6.00 0.00 0.00 0.00 0.00 0.00
31.00 19.00 24.00 52.00 92.00 28.00 40.00 0.11 3.95 0.00 1.00 0.00 5.00 9.00 14.00 10.00 12.00 7.00 0.00 0.00 0.00 0.00 0.00
32.00 18.00 14.00 43.00 88.00 29.00 45.00 0.09 4.93 0.00 1.00 0.00 6.00 12.00 12.00 6.00 14.00 4.00 0.00 0.00 0.00 0.00 0.00
33.00 22.00 25.00 55.00 107.00 30.00 52.00 0.09 4.39 0.00 1.00 0.00 5.00 11.00 17.00 11.00 15.00 7.00 0.00 0.00 0.00 0.00 0.00
34.00 18.00 12.00 37.00 88.00 25.00 51.00 0.09 4.83 0.00 1.00 0.00 5.00 13.00 13.00 5.00 14.00 4.00 0.00 0.00 0.00 0.00 0.00
35.00 23.00 28.00 65.00 112.00 37.00 47.00 0.07 4.76 0.00 1.00 0.00 5.00 11.00 18.00 12.00 16.00 7.00 0.00 0.00 0.00 0.00 0.00
36.00 10.00 4.00 22.00 49.00 18.00 27.00 0.08 4.91 0.00 1.00 0.00 2.00 5.00 8.00 5.00 8.00 2.00 0.00 0.00 0.00 0.00 1.00
37.00 19.00 20.00 49.00 92.00 29.00 43.00 0.08 4.87 0.00 1.00 0.00 5.00 7.00 14.00 12.00 14.00 5.00 0.00 0.00 0.00 0.00 0.00
38.00 18.00 14.00 42.00 84.00 28.00 42.00 0.09 4.84 0.00 1.00 0.00 6.00 11.00 12.00 7.00 13.00 5.00 0.00 0.00 0.00 0.00 0.00
39.00 25.00 27.00 61.00 112.00 34.00 51.00 0.07 4.39 0.00 0.00 0.00 8.00 15.00 17.00 10.00 18.00 7.00 0.00 0.00 0.00 0.00 0.00
40.00 10.00 6.00 20.00 49.00 14.00 29.00 0.08 3.28 0.00 1.00 0.00 4.00 7.00 6.00 3.00 9.00 1.00 0.00 0.00 0.00 0.00 0.00
41.00 19.00 22.00 50.00 92.00 28.00 42.00 0.08 5.12 0.00 1.00 0.00 5.00 8.00 14.00 11.00 12.00 7.00 0.00 0.00 0.00 0.00 0.00
42.00 20.00 19.00 51.00 99.00 32.00 48.00 0.08 4.83 0.00 1.00 0.00 4.00 7.00 16.00 13.00 13.00 7.00 0.00 0.00 0.00 0.00 0.00
43.00 19.00 15.00 45.00 96.00 30.00 51.00 0.08 5.07 0.00 2.00 0.00 5.00 9.00 14.00 10.00 12.00 7.00 0.00 0.00 0.00 0.00 0.00
44.00 25.00 25.00 61.00 115.00 36.00 54.00 0.08 5.10 0.00 1.00 0.00 7.00 12.00 18.00 13.00 18.00 7.00 0.00 0.00 0.00 0.00 0.00
45.00 17.00 15.00 44.00 79.00 29.00 35.00 0.09 4.83 0.00 1.00 0.00 1.00 3.00 16.00 14.00 9.00 8.00 0.00 0.00 0.00 0.00 0.00
46.00 19.00 19.00 46.00 92.00 27.00 46.00 0.08 4.87 0.00 3.00 0.00 6.00 12.00 13.00 7.00 13.00 6.00 0.00 0.00 0.00 0.00 0.00
47.00 19.00 23.00 51.00 92.00 28.00 41.00 0.09 5.02 0.00 1.00 0.00 5.00 11.00 14.00 8.00 14.00 5.00 0.00 0.00 1.00 0.00 0.00
48.00 14.00 13.00 37.00 72.00 24.00 35.00 0.07 4.82 0.00 2.00 0.00 1.00 7.00 13.00 7.00 10.00 4.00 0.00 0.00 0.00 0.00 0.00
49.00 19.00 23.00 53.00 97.00 30.00 44.00 0.08 5.14 1.00 1.00 1.00 5.00 8.00 14.00 11.00 12.00 7.00 0.00 0.00 0.00 1.00 0.00
50.00 23.00 32.00 62.00 116.00 30.00 54.00 0.07 4.82 0.00 2.00 0.00 7.00 13.00 16.00 10.00 14.00 9.00 0.00 0.00 0.00 0.00 0.00
51.00 23.00 32.00 64.00 111.00 32.00 47.00 0.07 4.77 0.00 1.00 0.00 7.00 13.00 16.00 10.00 18.00 5.00 0.00 0.00 1.00 0.00 0.00
52.00 20.00 26.00 56.00 102.00 30.00 46.00 0.07 4.84 0.00 1.00 0.00 2.00 7.00 18.00 13.00 12.00 8.00 0.00 0.00 0.00 0.00 0.00
53.00 19.00 26.00 56.00 100.00 30.00 44.00 0.08 4.83 0.00 2.00 0.00 2.00 7.00 17.00 12.00 11.00 8.00 0.00 0.00 0.00 1.00 0.00
54.00 25.00 27.00 70.00 127.00 43.00 57.00 0.08 4.35 0.00 2.00 0.00 7.00 10.00 18.00 15.00 16.00 9.00 0.00 0.00 0.00 0.00 0.00
55.00 23.00 24.00 62.00 113.00 38.00 51.00 0.09 4.72 0.00 2.00 0.00 7.00 13.00 16.00 10.00 16.00 7.00 0.00 0.00 0.00 0.00 0.00
56.00 28.00 36.00 77.00 135.00 41.00 58.00 0.09 4.79 0.00 3.00 0.00 8.00 16.00 20.00 12.00 20.00 8.00 0.00 0.00 1.00 0.00 0.00
57.00 22.00 18.00 55.00 113.00 37.00 58.00 0.07 5.16 0.00 2.00 0.00 9.00 13.00 13.00 9.00 17.00 5.00 0.00 0.00 0.00 0.00 0.00
58.00 21.00 19.00 51.00 104.00 32.00 53.00 0.08 4.78 0.00 2.00 0.00 6.00 8.00 15.00 13.00 12.00 9.00 0.00 0.00 0.00 0.00 0.00
59.00 23.00 24.00 51.00 108.00 27.00 57.00 0.10 4.87 0.00 2.00 0.00 8.00 11.00 15.00 12.00 19.00 4.00 0.00 0.00 0.00 0.00 0.00
60.00 19.00 24.00 55.00 99.00 31.00 44.00 0.07 4.66 0.00 2.00 0.00 1.00 6.00 18.00 13.00 11.00 8.00 0.00 0.00 0.00 0.00 0.00
61.00 25.00 24.00 71.00 132.00 47.00 61.00 0.07 4.79 0.00 2.00 0.00 7.00 10.00 18.00 15.00 15.00 10.00 0.00 0.00 0.00 0.00 0.00
62.00 24.00 30.00 60.00 117.00 30.00 57.00 0.08 4.72 0.00 2.00 0.00 3.00 9.00 21.00 15.00 13.00 11.00 0.00 0.00 0.00 0.00 0.00
63.00 24.00 31.00 68.00 122.00 37.00 54.00 0.07 4.84 0.00 2.00 0.00 7.00 11.00 17.00 13.00 14.00 10.00 0.00 0.00 1.00 0.00 0.00
64.00 28.00 36.00 76.00 133.00 40.00 57.00 0.06 4.89 1.00 2.00 0.50 5.00 10.00 23.00 18.00 14.00 14.00 0.00 0.00 0.00 0.00 0.00
65.00 21.00 29.00 58.00 105.00 29.00 47.00 0.08 4.84 0.00 2.00 0.00 6.00 9.00 15.00 12.00 15.00 6.00 0.00 0.00 1.00 0.00 0.00
66.00 20.00 12.00 43.00 96.00 31.00 53.00 0.08 4.84 0.00 2.00 0.00 5.00 11.00 15.00 9.00 14.00 6.00 0.00 0.00 0.00 0.00 0.00
67.00 17.00 13.00 40.00 85.00 27.00 45.00 0.07 4.34 0.00 2.00 0.00 6.00 8.00 11.00 9.00 10.00 7.00 0.00 0.00 0.00 0.00 0.00
68.00 21.00 15.00 53.00 104.00 38.00 51.00 0.09 4.93 0.00 2.00 0.00 8.00 13.00 13.00 8.00 19.00 2.00 0.00 0.00 0.00 0.00 0.00
69.00 31.00 34.00 83.00 149.00 49.00 66.00 0.09 4.43 0.00 2.00 0.00 6.00 14.00 25.00 17.00 17.00 14.00 0.00 0.00 0.00 0.00 0.00
70.00 24.00 25.00 65.00 120.00 40.00 55.00 0.08 4.59 0.00 1.00 0.00 5.00 11.00 19.00 13.00 16.00 8.00 0.00 0.00 0.00 0.00 0.00
71.00 28.00 28.00 73.00 139.00 45.00 66.00 0.08 4.62 1.00 0.00 0.00 11.00 19.00 17.00 9.00 22.00 6.00 0.00 0.00 0.00 0.00 1.00
72.00 25.00 26.00 59.00 113.00 33.00 54.00 0.08 4.44 0.00 1.00 0.00 11.00 14.00 14.00 11.00 17.00 8.00 0.00 0.00 1.00 0.00 0.00
73.00 26.00 24.00 58.00 122.00 34.00 64.00 0.08 4.66 0.00 2.00 0.00 8.00 14.00 18.00 12.00 18.00 8.00 0.00 0.00 1.00 0.00 0.00
74.00 20.00 23.00 56.00 98.00 33.00 42.00 0.09 4.62 0.00 1.00 0.00 3.00 9.00 17.00 11.00 11.00 9.00 0.00 0.00 0.00 0.00 0.00
75.00 20.00 22.00 55.00 99.00 33.00 44.00 0.08 4.35 0.00 0.00 0.00 6.00 11.00 14.00 9.00 15.00 5.00 0.00 0.00 1.00 0.00 0.00
76.00 14.00 5.00 23.00 68.00 18.00 45.00 0.09 4.48 0.00 0.00 0.00 5.00 8.00 9.00 6.00 12.00 2.00 0.00 0.00 0.00 0.00 0.00
77.00 22.00 15.00 52.00 105.00 37.00 53.00 0.07 4.12 0.00 0.00 0.00 8.00 14.00 14.00 8.00 17.00 5.00 0.00 0.00 0.00 0.00 0.00
78.00 15.00 6.00 26.00 70.00 20.00 44.00 0.10 3.85 0.00 0.00 0.00 4.00 8.00 11.00 7.00 12.00 3.00 0.00 0.00 0.00 0.00 0.00
79.00 22.00 15.00 59.00 111.00 44.00 52.00 0.08 4.36 0.00 0.00 0.00 9.00 12.00 13.00 10.00 16.00 6.00 0.00 0.00 0.00 0.00 0.00
80.00 19.00 16.00 43.00 93.00 27.00 50.00 0.08 4.22 0.00 0.00 0.00 5.00 12.00 14.00 7.00 13.00 6.00 0.00 0.00 0.00 0.00 0.00
81.00 15.00 8.00 33.00 72.00 25.00 39.00 0.09 4.19 0.00 1.00 0.00 5.00 9.00 10.00 6.00 11.00 4.00 0.00 0.00 0.00 0.00 0.00
82.00 16.00 12.00 38.00 78.00 26.00 40.00 0.10 4.58 0.00 0.00 0.00 4.00 9.00 12.00 7.00 13.00 3.00 0.00 0.00 0.00 0.00 0.00
83.00 21.00 15.00 41.00 102.00 26.00 61.00 0.09 4.54 0.00 0.00 0.00 7.00 11.00 14.00 10.00 17.00 4.00 0.00 0.00 0.00 0.00 0.00
84.00 17.00 14.00 37.00 77.00 23.00 40.00 0.09 4.37 0.00 1.00 0.00 7.00 8.00 10.00 9.00 10.00 7.00 0.00 0.00 0.00 0.00 0.00
85.00 19.00 10.00 41.00 95.00 31.00 54.00 0.08 4.21 0.00 1.00 0.00 6.00 11.00 13.00 8.00 14.00 5.00 0.00 0.00 0.00 0.00 0.00
86.00 17.00 11.00 36.00 80.00 25.00 44.00 0.08 4.79 0.00 2.00 0.00 5.00 9.00 12.00 8.00 14.00 3.00 0.00 0.00 0.00 0.00 0.00
87.00 17.00 12.00 40.00 84.00 28.00 44.00 0.09 3.14 0.00 0.00 0.00 5.00 13.00 12.00 4.00 15.00 2.00 0.00 0.00 1.00 0.00 0.00
88.00 20.00 12.00 39.00 95.00 27.00 56.00 0.08 4.58 1.00 0.00 0.00 6.00 13.00 14.00 7.00 18.00 2.00 0.00 0.00 0.00 0.00 0.00
89.00 14.00 7.00 30.00 63.00 23.00 33.00 0.11 4.60 0.00 0.00 0.00 5.00 10.00 9.00 4.00 11.00 3.00 0.00 0.00 0.00 0.00 0.00
90.00 19.00 18.00 46.00 94.00 28.00 48.00 0.10 4.21 0.00 0.00 0.00 5.00 11.00 14.00 8.00 15.00 4.00 0.00 0.00 0.00 0.00 0.00
91.00 23.00 11.00 48.00 114.00 37.00 66.00 0.09 4.66 0.00 1.00 0.00 7.00 13.00 16.00 10.00 19.00 4.00 0.00 0.00 0.00 0.00 0.00
92.00 13.00 13.00 33.00 67.00 20.00 34.00 0.08 4.74 0.00 1.00 0.00 4.00 6.00 9.00 7.00 10.00 3.00 0.00 0.00 0.00 0.00 0.00
93.00 18.00 5.00 30.00 77.00 25.00 47.00 0.09 4.02 0.00 0.00 0.00 4.00 11.00 14.00 7.00 14.00 4.00 0.00 0.00 0.00 0.00 0.00
94.00 20.00 19.00 44.00 89.00 25.00 45.00 0.09 4.69 0.00 0.00 0.00 6.00 11.00 14.00 9.00 14.00 6.00 0.00 0.00 0.00 0.00 0.00
95.00 13.00 13.00 31.00 62.00 18.00 31.00 0.09 4.77 0.00 0.00 0.00 3.00 8.00 10.00 5.00 9.00 4.00 0.00 0.00 0.00 0.00 0.00
96.00 10.00 4.00 16.00 41.00 12.00 25.00 0.08 3.47 0.00 0.00 0.00 4.00 7.00 6.00 3.00 9.00 1.00 0.00 0.00 0.00 0.00 0.00
97.00 18.00 19.00 46.00 91.00 27.00 45.00 0.08 4.66 0.00 0.00 0.00 6.00 13.00 12.00 5.00 15.00 3.00 0.00 0.00 0.00 0.00 0.00
98.00 17.00 16.00 40.00 83.00 24.00 43.00 0.09 4.43 0.00 2.00 0.00 4.00 6.00 13.00 11.00 10.00 7.00 0.00 0.00 0.00 0.00 0.00
99.00 16.00 20.00 43.00 78.00 23.00 35.00 0.09 4.85 0.00 1.00 0.00 4.00 9.00 12.00 7.00 12.00 4.00 0.00 0.00 1.00 0.00 0.00
100.00 14.00 11.00 34.00 68.00 23.00 34.00 0.09 4.42 0.00 1.00 0.00 3.00 6.00 11.00 8.00 10.00 4.00 0.00 0.00 0.00 0.00 0.00
101.00 18.00 8.00 34.00 84.00 26.00 50.00 0.09 4.24 0.00 1.00 0.00 5.00 10.00 13.00 8.00 12.00 6.00 0.00 0.00 0.00 0.00 0.00
102.00 18.00 20.00 43.00 86.00 23.00 43.00 0.11 3.64 0.00 2.00 0.00 3.00 6.00 15.00 12.00 11.00 7.00 0.00 0.00 0.00 0.00 0.00
103.00 7.00 1.00 11.00 27.00 10.00 16.00 0.09 0.51 0.00 1.00 0.00 3.00 6.00 4.00 1.00 6.00 1.00 0.00 0.00 0.00 0.00 0.00
104.00 19.00 17.00 44.00 90.00 27.00 46.00 0.07 3.90 0.00 1.00 0.00 8.00 11.00 11.00 8.00 14.00 5.00 0.00 0.00 0.00 0.00 0.00
105.00 17.00 15.00 40.00 82.00 25.00 42.00 0.09 4.12 0.00 0.00 0.00 5.00 8.00 12.00 9.00 10.00 7.00 0.00 0.00 0.00 0.00 0.00
106.00 10.00 5.00 17.00 47.00 12.00 30.00 0.09 3.37 0.00 1.00 0.00 4.00 7.00 6.00 3.00 8.00 2.00 0.00 0.00 0.00 0.00 0.00
107.00 8.00 3.00 15.00 34.00 12.00 19.00 0.08 0.38 0.00 0.00 0.00 2.00 5.00 6.00 3.00 7.00 1.00 0.00 0.00 0.00 0.00 0.00
108.00 14.00 11.00 29.00 72.00 18.00 43.00 0.08 3.96 0.00 1.00 0.00 2.00 8.00 12.00 6.00 11.00 3.00 0.00 0.00 0.00 0.00 0.00
109.00 16.00 7.00 30.00 82.00 23.00 52.00 0.10 3.91 0.00 1.00 0.00 1.00 6.00 15.00 10.00 12.00 4.00 0.00 0.00 0.00 0.00 0.00
110.00 13.00 3.00 22.00 62.00 19.00 40.00 0.06 4.11 0.00 1.00 0.00 6.00 10.00 7.00 3.00 11.00 2.00 0.00 0.00 0.00 0.00 0.00
111.00 11.00 7.00 21.00 47.00 14.00 26.00 0.07 4.71 0.00 1.00 0.00 5.00 9.00 6.00 2.00 9.00 2.00 0.00 0.00 0.00 0.00 0.00
112.00 12.00 8.00 27.00 60.00 19.00 33.00 0.10 3.99 0.00 0.00 0.00 2.00 5.00 10.00 7.00 8.00 4.00 0.00 0.00 0.00 0.00 0.00
113.00 16.00 12.00 37.00 77.00 25.00 40.00 0.09 3.80 0.00 1.00 0.00 5.00 8.00 11.00 8.00 8.00 8.00 0.00 0.00 0.00 0.00 0.00
114.00 12.00 5.00 20.00 52.00 15.00 32.00 0.10 4.65 0.00 1.00 0.00 2.00 7.00 10.00 5.00 9.00 3.00 0.00 0.00 0.00 0.00 0.00
115.00 14.00 7.00 28.00 63.00 21.00 35.00 0.09 3.56 0.00 1.00 0.00 4.00 8.00 10.00 6.00 12.00 2.00 0.00 0.00 0.00 1.00 0.00
116.00 9.00 1.00 15.00 44.00 14.00 29.00 0.08 4.49 0.00 0.00 0.00 4.00 7.00 5.00 2.00 7.00 2.00 0.00 0.00 0.00 0.00 0.00
117.00 18.00 15.00 43.00 80.00 28.00 37.00 0.09 3.97 0.00 0.00 0.00 7.00 13.00 11.00 5.00 15.00 3.00 0.00 0.00 0.00 0.00 0.00
118.00 18.00 10.00 35.00 75.00 25.00 40.00 0.09 3.95 0.00 1.00 0.00 6.00 11.00 12.00 7.00 13.00 5.00 0.00 0.00 0.00 0.00 0.00
119.00 8.00 4.00 16.00 36.00 12.00 20.00 0.07 2.44 0.00 1.00 0.00 2.00 4.00 6.00 4.00 6.00 2.00 0.00 0.00 0.00 0.00 0.00
120.00 18.00 15.00 43.00 84.00 28.00 41.00 0.09 3.77 0.00 1.00 0.00 4.00 7.00 14.00 11.00 12.00 6.00 0.00 0.00 0.00 0.00 0.00
121.00 7.00 3.00 12.00 31.00 9.00 19.00 0.09 2.48 0.00 1.00 0.00 4.00 5.00 3.00 2.00 7.00 0.00 0.00 0.00 0.00 0.00 0.00
122.00 17.00 10.00 37.00 77.00 27.00 40.00 0.08 3.59 0.00 0.00 0.00 6.00 12.00 11.00 5.00 14.00 3.00 0.00 0.00 0.00 0.00 0.00
123.00 14.00 8.00 31.00 66.00 23.00 35.00 0.09 3.09 0.00 1.00 0.00 4.00 10.00 10.00 4.00 11.00 3.00 0.00 0.00 0.00 0.00 0.00
124.00 13.00 9.00 24.00 58.00 15.00 34.00 0.10 1.58 0.00 1.00 0.00 3.00 6.00 10.00 7.00 11.00 2.00 0.00 0.00 0.00 0.00 0.00
125.00 11.00 4.00 23.00 52.00 19.00 29.00 0.10 3.58 0.00 1.00 0.00 5.00 9.00 6.00 2.00 9.00 2.00 0.00 0.00 0.00 0.00 0.00
126.00 11.00 10.00 26.00 50.00 16.00 24.00 0.08 0.44 0.00 0.00 0.00 2.00 4.00 9.00 7.00 8.00 3.00 0.00 0.00 0.00 0.00 0.00
127.00 9.00 1.00 9.00 35.00 8.00 26.00 0.09 4.18 0.00 0.00 0.00 5.00 6.00 4.00 3.00 7.00 2.00 0.00 0.00 0.00 0.00 0.00
128.00 7.00 4.00 12.00 32.00 8.00 20.00 0.08 0.33 0.00 0.00 0.00 2.00 5.00 5.00 2.00 5.00 2.00 0.00 0.00 0.00 0.00 0.00
129.00 5.00 1.00 5.00 18.00 4.00 13.00 0.09 0.39 0.00 0.00 0.00 2.00 3.00 3.00 2.00 5.00 0.00 0.00 0.00 0.00 0.00 0.00
130.00 6.00 0.00 6.00 25.00 6.00 19.00 0.09 5.02 0.00 0.00 0.00 3.00 5.00 3.00 1.00 6.00 0.00 0.00 0.00 0.00 0.00 0.00
131.00 10.00 1.00 12.00 36.00 11.00 24.00 0.09 3.74 0.00 0.00 0.00 5.00 7.00 5.00 3.00 10.00 0.00 0.00 0.00 0.00 0.00 0.00
132.00 4.00 1.00 4.00 14.00 3.00 10.00 0.08 3.81 0.00 0.00 0.00 0.00 4.00 4.00 0.00 4.00 0.00 0.00 0.00 0.00 0.00 0.00
133.00 2.00 0.00 0.00 1.00 0.00 1.00 0.08 4.48 0.00 0.00 0.00 2.00 2.00 0.00 0.00 2.00 0.00 0.00 0.00 0.00 0.00 0.00
