0.00 2.00 0.00 0.00 2.00 0.00 2.00 0.08 0.06 0.00 0.00 0.00 2.00 2.00 0.00 0.00 2.00 0.00 0.00 0.00 0.00 0.00 0.00
1.00 9.00 5.00 17.00 35.00 12.00 18.00 0.08 0.28 0.00 0.00 0.00 4.00 6.00 5.00 3.00 6.00 3.00 0.00 0.00 0.00 0.00 0.00
2.00 11.00 8.00 22.00 51.00 14.00 29.00 0.08 0.39 1.00 0.00 0.00 5.00 6.00 6.00 5.00 9.00 2.00 0.00 0.00 0.00 0.00 0.00
3.00 7.00 3.00 13.00 34.00 10.00 21.00 0.08 0.36 0.00 0.00 0.00 0.00 3.00 7.00 4.00 5.00 2.00 0.00 0.00 0.00 0.00 0.00
4.00 9.00 3.00 12.00 39.00 9.00 27.00 0.09 0.40 0.00 0.00 0.00 4.00 6.00 5.00 3.00 7.00 2.00 0.00 0.00 0.00 0.00 0.00
5.00 11.00 2.00 14.00 45.00 12.00 31.00 0.08 3.79 0.00 0.00 0.00 5.00 9.00 6.00 2.00 10.00 1.00 0.00 0.00 0.00 0.00 0.00
6.00 7.00 0.00 4.00 21.00 4.00 17.00 0.09 2.42 0.00 0.00 0.00 2.00 3.00 5.00 4.00 7.00 0.00 0.00 0.00 0.00 0.00 0.00
7.00 11.00 8.00 25.00 53.00 17.00 28.00 0.07 1.75 0.00 0.00 0.00 4.00 6.00 7.00 5.00 10.00 1.00 0.00 0.00 0.00 0.00 0.00
8.00 7.00 3.00 13.00 35.00 10.00 22.00 0.08 0.24 0.00 0.00 0.00 4.00 4.00 3.00 3.00 6.00 1.00 0.00 0.00 0.00 0.00 0.00
9.00 14.00 7.00 29.00 57.00 22.00 28.00 0.09 1.73 0.00 0.00 0.00 6.00 9.00 8.00 5.00 12.00 2.00 0.00 0.00 0.00 0.00 0.00
10.00 6.00 0.00 2.00 20.00 2.00 18.00 0.08 0.29 0.00 0.00 0.00 3.00 5.00 3.00 1.00 6.00 0.00 0.00 0.00 0.00 0.00 0.00
11.00 5.00 0.00 5.00 19.00 5.00 14.00 0.08 0.30 0.00 0.00 0.00 4.00 4.00 1.00 1.00 4.00 1.00 0.00 0.00 0.00 0.00 0.00
12.00 7.00 1.00 9.00 32.00 8.00 23.00 0.09 2.42 0.00 0.00 0.00 3.00 4.00 4.00 3.00 5.00 2.00 0.00 0.00 1.00 0.00 0.00
13.00 8.00 4.00 16.00 38.00 12.00 22.00 0.08 0.56 0.00 0.00 0.00 2.00 3.00 6.00 5.00 5.00 3.00 0.00 0.00 1.00 0.00 0.00
14.00 3.00 0.00 0.00 10.00 0.00 10.00 0.08 0.21 0.00 0.00 0.00 2.00 3.00 1.00 0.00 3.00 0.00 0.00 0.00 0.00 0.00 0.00
15.00 4.00 0.00 1.00 13.00 1.00 12.00 0.08 4.18 0.00 0.00 0.00 2.00 4.00 2.00 0.00 4.00 0.00 0.00 0.00 0.00 0.00 0.00
16.00 7.00 4.00 14.00 34.00 10.00 20.00 0.09 0.27 0.00 0.00 0.00 2.00 3.00 5.00 4.00 5.00 2.00 0.00 0.00 0.00 0.00 0.00
17.00 9.00 5.00 16.00 45.00 11.00 29.00 0.09 2.12 0.00 0.00 0.00 4.00 5.00 5.00 4.00 6.00 3.00 0.00 0.00 0.00 0.00 0.00
18.00 12.00 6.00 23.00 51.00 17.00 28.00 0.08 3.05 0.00 0.00 0.00 7.00 8.00 5.00 4.00 11.00 1.00 0.00 0.00 0.00 0.00 0.00
19.00 10.00 4.00 17.00 43.00 13.00 26.00 0.10 0.30 0.00 0.00 0.00 5.00 9.00 5.00 1.00 9.00 1.00 0.00 0.00 0.00 0.00 0.00
20.00 11.00 4.00 23.00 50.00 19.00 27.00 0.08 3.53 0.00 0.00 0.00 6.00 8.00 5.00 3.00 9.00 2.00 0.00 0.00 0.00 0.00 0.00
21.00 12.00 3.00 18.00 47.00 15.00 29.00 0.08 3.34 0.00 0.00 0.00 6.00 8.00 6.00 4.00 12.00 0.00 0.00 0.00 0.00 0.00 0.00
22.00 17.00 11.00 35.00 74.00 24.00 39.00 0.08 4.17 0.00 0.00 0.00 6.00 9.00 11.00 8.00 12.00 5.00 0.00 0.00 0.00 0.00 0.00
23.00 13.00 7.00 27.00 60.00 20.00 33.00 0.09 2.06 0.00 0.00 0.00 3.00 7.00 10.00 6.00 8.00 5.00 0.00 0.00 0.00 0.00 0.00
24.00 7.00 4.00 13.00 33.00 9.00 20.00 0.09 2.48 0.00 0.00 0.00 2.00 3.00 5.00 4.00 5.00 2.00 0.00 0.00 0.00 0.00 0.00
25.00 15.00 9.00 32.00 71.00 23.00 39.00 0.08 2.68 0.00 0.00 0.00 4.00 10.00 11.00 5.00 13.00 2.00 0.00 0.00 0.00 0.00 0.00
26.00 12.00 2.00 25.00 50.00 23.00 25.00 0.07 0.50 0.00 0.00 0.00 5.00 9.00 7.00 3.00 10.00 2.00 0.00 0.00 0.00 0.00 0.00
27.00 10.00 5.00 14.00 38.00 9.00 24.00 0.08 0.53 0.00 0.00 0.00 4.00 7.00 6.00 3.00 8.00 2.00 0.00 0.00 0.00 0.00 0.00
28.00 10.00 8.00 22.00 44.00 14.00 22.00 0.10 0.35 0.00 0.00 0.00 5.00 7.00 5.00 3.00 7.00 3.00 0.00 0.00 0.00 1.00 0.00
29.00 14.00 7.00 24.00 58.00 17.00 34.00 0.11 1.87 0.00 0.00 0.00 6.00 9.00 8.00 5.00 11.00 3.00 0.00 0.00 0.00 0.00 0.00
30.00 12.00 8.00 22.00 58.00 14.00 36.00 0.10 1.86 0.00 0.00 0.00 6.00 9.00 6.00 3.00 11.00 1.00 0.00 0.00 0.00 0.00 0.00
31.00 13.00 13.00 30.00 62.00 17.00 32.00 0.09 1.77 0.00 0.00 0.00 2.00 5.00 11.00 8.00 8.00 5.00 0.00 0.00 0.00 0.00 0.00
32.00 16.00 17.00 44.00 81.00 27.00 37.00 0.09 1.52 0.00 1.00 0.00 4.00 8.00 12.00 8.00 12.00 4.00 0.00 0.00 0.00 0.00 0.00
33.00 13.00 8.00 26.00 64.00 18.00 38.00 0.07 3.58 0.00 1.00 0.00 1.00 6.00 12.00 7.00 9.00 4.00 0.00 0.00 0.00 0.00 0.00
34.00 13.00 10.00 28.00 59.00 18.00 31.00 0.09 2.80 0.00 1.00 0.00 2.00 8.00 11.00 5.00 9.00 4.00 0.00 0.00 0.00 0.00 0.00
35.00 15.00 11.00 29.00 70.00 18.00 41.00 0.08 4.77 0.00 1.00 0.00 4.00 12.00 11.00 3.00 12.00 3.00 0.00 0.00 0.00 0.00 0.00
36.00 15.00 17.00 36.00 68.00 19.00 32.00 0.09 3.80 0.00 0.00 0.00 5.00 11.00 10.00 4.00 13.00 2.00 0.00 0.00 0.00 0.00 0.00
37.00 18.00 20.00 46.00 82.00 26.00 36.00 0.09 3.25 0.00 1.00 0.00 7.00 9.00 11.00 9.00 15.00 3.00 0.00 0.00 0.00 0.00 0.00
38.00 16.00 24.00 44.00 76.00 20.00 32.00 0.09 4.18 0.00 1.00 0.00 1.00 7.00 15.00 9.00 11.00 5.00 0.00 0.00 0.00 0.00 0.00
39.00 19.00 24.00 47.00 90.00 23.00 43.00 0.09 3.73 0.00 1.00 0.00 4.00 7.00 15.00 12.00 10.00 9.00 0.00 0.00 0.00 0.00 0.00
40.00 12.00 9.00 28.00 56.00 19.00 28.00 0.09 2.85 0.00 1.00 0.00 4.00 8.00 8.00 4.00 9.00 3.00 0.00 0.00 0.00 0.00 0.00
41.00 21.00 22.00 52.00 102.00 30.00 50.00 0.09 5.19 0.00 1.00 0.00 6.00 10.00 15.00 11.00 17.00 4.00 0.00 0.00 1.00 0.00 0.00
42.00 15.00 17.00 41.00 70.00 24.00 29.00 0.07 4.88 0.00 1.00 0.00 5.00 9.00 10.00 6.00 9.00 6.00 0.00 0.00 0.00 0.00 0.00
43.00 19.00 27.00 51.00 90.00 24.00 39.00 0.07 5.16 0.00 1.00 0.00 6.00 10.00 13.00 9.00 14.00 5.00 0.00 0.00 0.00 0.00 0.00
44.00 20.00 31.00 55.00 94.00 24.00 39.00 0.10 4.99 0.00 1.00 0.00 6.00 8.00 14.00 12.00 14.00 6.00 0.00 0.00 0.00 0.00 0.00
45.00 18.00 27.00 53.00 85.00 26.00 32.00 0.10 4.81 0.00 1.00 0.00 1.00 8.00 17.00 10.00 12.00 6.00 0.00 0.00 0.00 0.00 0.00
46.00 12.00 6.00 24.00 61.00 18.00 37.00 0.08 4.56 0.00 1.00 0.00 3.00 6.00 9.00 6.00 7.00 5.00 0.00 0.00 1.00 0.00 0.00
47.00 17.00 15.00 44.00 79.00 29.00 35.00 0.08 4.89 0.00 0.00 0.00 7.00 9.00 10.00 8.00 10.00 7.00 0.00 0.00 0.00 0.00 0.00
48.00 19.00 23.00 52.00 93.00 29.00 41.00 0.07 3.95 0.00 2.00 0.00 4.00 9.00 15.00 10.00 13.00 6.00 0.00 0.00 0.00 0.00 0.00
49.00 17.00 20.00 47.00 88.00 27.00 41.00 0.09 3.52 0.00 2.00 0.00 4.00 8.00 13.00 9.00 10.00 7.00 0.00 0.00 0.00 0.00 0.00
50.00 23.00 27.00 67.00 119.00 40.00 52.00 0.09 3.26 0.00 3.00 0.00 8.00 12.00 15.00 11.00 13.00 10.00 0.00 0.00 0.00 0.00 0.00
51.00 23.00 30.00 57.00 111.00 27.00 54.00 0.09 3.75 0.00 2.00 0.00 8.00 9.00 15.00 14.00 13.00 10.00 0.00 0.00 0.00 0.00 0.00
52.00 22.00 22.00 57.00 101.00 35.00 44.00 0.08 3.20 0.00 2.00 0.00 10.00 15.00 12.00 7.00 17.00 5.00 0.00 0.00 0.00 0.00 0.00
53.00 21.00 32.00 62.00 106.00 30.00 44.00 0.09 3.84 0.00 1.00 0.00 4.00 9.00 17.00 12.00 13.00 8.00 0.00 0.00 1.00 0.00 0.00
54.00 22.00 25.00 58.00 105.00 33.00 47.00 0.10 4.42 0.00 1.00 0.00 8.00 11.00 14.00 11.00 14.00 8.00 0.00 0.00 0.00 0.00 0.00
55.00 23.00 31.00 65.00 104.00 34.00 39.00 0.09 4.09 0.00 0.00 0.00 5.00 10.00 18.00 13.00 15.00 8.00 0.00 0.00 0.00 0.00 0.00
56.00 25.00 38.00 71.00 124.00 33.00 53.00 0.08 3.46 0.00 3.00 0.00 2.00 11.00 23.00 14.00 14.00 11.00 0.00 0.00 0.00 0.00 0.00
57.00 22.00 26.00 52.00 101.00 26.00 49.00 0.10 4.07 0.00 3.00 0.00 6.00 9.00 16.00 13.00 11.00 11.00 0.00 0.00 0.00 0.00 0.00
58.00 24.00 39.00 71.00 119.00 32.00 48.00 0.08 2.87 0.00 3.00 0.00 1.00 5.00 23.00 19.00 11.00 13.00 0.00 0.00 0.00 0.00 0.00
59.00 23.00 23.00 63.00 111.00 40.00 48.00 0.10 3.90 0.00 2.00 0.00 8.00 12.00 15.00 11.00 15.00 8.00 0.00 0.00 0.00 0.00 0.00
60.00 21.00 19.00 58.00 107.00 39.00 49.00 0.08 3.65 0.00 1.00 0.00 7.00 8.00 14.00 13.00 13.00 8.00 0.00 0.00 1.00 0.00 0.00
61.00 27.00 37.00 69.00 133.00 32.00 64.00 0.09 3.98 0.00 1.00 0.00 9.00 15.00 18.00 12.00 18.00 9.00 0.00 0.00 1.00 0.00 0.00
62.00 22.00 23.00 54.00 106.00 31.00 52.00 0.08 3.27 0.00 2.00 0.00 9.00 12.00 13.00 10.00 15.00 7.00 0.00 0.00 0.00 0.00 0.00
63.00 27.00 41.00 81.00 136.00 40.00 55.00 0.07 3.60 0.00 2.00 0.00 7.00 13.00 20.00 14.00 19.00 8.00 0.00 0.00 0.00 0.00 0.00
64.00 26.00 34.00 73.00 131.00 39.00 58.00 0.10 4.23 0.00 2.00 0.00 7.00 13.00 19.00 13.00 18.00 8.00 0.00 0.00 0.00 0.00 0.00
65.00 30.00 24.00 69.00 140.00 45.00 71.00 0.06 4.57 0.00 3.00 0.00 10.00 19.00 20.00 11.00 24.00 6.00 0.00 0.00 0.00 0.00 0.00
66.00 25.00 38.00 75.00 125.00 37.00 50.00 0.07 3.57 0.00 4.00 0.00 6.00 10.00 19.00 15.00 15.00 10.00 0.00 0.00 0.00 0.00 0.00
67.00 24.00 35.00 70.00 115.00 35.00 45.00 0.09 3.66 0.00 2.00 0.00 5.00 9.00 19.00 15.00 13.00 11.00 0.00 0.00 0.00 0.00 0.00
68.00 28.00 36.00 71.00 129.00 35.00 58.00 0.08 4.47 0.00 3.00 0.00 6.00 16.00 22.00 12.00 19.00 9.00 0.00 0.00 0.00 0.00 0.00
69.00 14.00 9.00 28.00 66.00 19.00 38.00 0.09 2.52 0.00 2.00 0.00 3.00 6.00 11.00 8.00 9.00 5.00 0.00 0.00 0.00 0.00 0.00
70.00 23.00 30.00 66.00 115.00 36.00 49.00 0.10 3.58 0.00 2.00 0.00 5.00 9.00 18.00 14.00 16.00 7.00 0.00 0.00 0.00 0.00 0.00
71.00 22.00 29.00 62.00 108.00 33.00 46.00 0.08 3.67 0.00 2.00 0.00 5.00 10.00 17.00 12.00 12.00 10.00 0.00 0.00 0.00 0.00 0.00
72.00 23.00 31.00 67.00 117.00 36.00 50.00 0.09 4.39 0.00 1.00 0.00 2.00 8.00 21.00 15.00 16.00 7.00 0.00 0.00 0.00 0.00 0.00
73.00 18.00 14.00 46.00 86.00 32.00 40.00 0.08 3.80 0.00 1.00 0.00 6.00 11.00 12.00 7.00 14.00 4.00 0.00 0.00 0.00 0.00 0.00
74.00 23.00 23.00 63.00 113.00 40.00 50.00 0.10 4.29 0.00 1.00 0.00 7.00 12.00 16.00 11.00 15.00 8.00 0.00 0.00 0.00 1.00 0.00
75.00 17.00 13.00 42.00 82.00 29.00 40.00 0.09 5.14 0.00 1.00 0.00 3.00 7.00 14.00 10.00 11.00 6.00 0.00 0.00 0.00 0.00 0.00
76.00 23.00 25.00 62.00 104.00 37.00 42.00 0.06 3.97 0.00 2.00 0.00 7.00 10.00 16.00 13.00 14.00 9.00 0.00 0.00 0.00 0.00 0.00
77.00 22.00 33.00 60.00 110.00 27.00 50.00 0.08 3.98 0.00 1.00 0.00 4.00 9.00 18.00 13.00 12.00 10.00 0.00 0.00 0.00 0.00 0.00
78.00 17.00 24.00 45.00 83.00 21.00 38.00 0.09 3.17 0.00 2.00 0.00 3.00 4.00 14.00 13.00 9.00 8.00 0.00 0.00 0.00 0.00 0.00
79.00 21.00 14.00 39.00 92.00 25.00 53.00 0.09 3.63 0.00 1.00 0.00 7.00 13.00 14.00 8.00 17.00 4.00 0.00 0.00 0.00 0.00 0.00
80.00 11.00 6.00 20.00 55.00 14.00 35.00 0.08 3.05 0.00 2.00 0.00 2.00 4.00 9.00 7.00 6.00 5.00 0.00 0.00 0.00 0.00 0.00
81.00 16.00 13.00 35.00 82.00 22.00 47.00 0.08 2.60 0.00 2.00 0.00 6.00 8.00 10.00 8.00 12.00 4.00 0.00 0.00 0.00 0.00 0.00
82.00 20.00 21.00 54.00 101.00 33.00 47.00 0.08 3.81 0.00 1.00 0.00 5.00 12.00 15.00 8.00 16.00 4.00 0.00 0.00 1.00 0.00 0.00
83.00 22.00 23.00 55.00 105.00 32.00 50.00 0.10 5.15 0.00 2.00 0.00 10.00 13.00 12.00 9.00 16.00 6.00 0.00 0.00 0.00 0.00 0.00
84.00 20.00 22.00 51.00 101.00 29.00 50.00 0.09 3.81 0.00 2.00 0.00 6.00 13.00 14.00 7.00 15.00 5.00 0.00 0.00 0.00 0.00 0.00
85.00 26.00 21.00 67.00 131.00 46.00 64.00 0.09 3.38 0.00 2.00 0.00 7.00 17.00 19.00 9.00 20.00 6.00 0.00 0.00 1.00 0.00 0.00
86.00 22.00 28.00 62.00 114.00 34.00 52.00 0.08 3.64 0.00 2.00 0.00 2.00 4.00 20.00 18.00 13.00 9.00 0.00 0.00 0.00 0.00 0.00
87.00 26.00 33.00 68.00 120.00 35.00 52.00 0.09 5.03 1.00 1.00 1.00 5.00 9.00 21.00 17.00 16.00 10.00 0.00 0.00 0.00 0.00 0.00
88.00 20.00 26.00 56.00 96.00 30.00 40.00 0.08 4.56 0.00 2.00 0.00 6.00 10.00 14.00 10.00 12.00 8.00 0.00 0.00 0.00 0.00 0.00
89.00 21.00 29.00 58.00 103.00 29.00 45.00 0.08 4.39 0.00 1.00 0.00 8.00 11.00 13.00 10.00 14.00 7.00 0.00 0.00 0.00 0.00 0.00
90.00 22.00 20.00 60.00 107.00 40.00 47.00 0.09 4.84 0.00 2.00 0.00 7.00 13.00 15.00 9.00 15.00 7.00 0.00 0.00 1.00 0.00 0.00
91.00 28.00 38.00 83.00 130.00 45.00 47.00 0.10 4.24 0.00 2.00 0.00 5.00 12.00 23.00 16.00 20.00 8.00 0.00 0.00 0.00 0.00 0.00
92.00 24.00 26.00 62.00 120.00 36.00 58.00 0.08 5.40 0.00 2.00 0.00 7.00 12.00 17.00 12.00 16.00 8.00 0.00 0.00 0.00 0.00 0.00
93.00 22.00 25.00 55.00 108.00 30.00 53.00 0.07 4.51 0.00 2.00 0.00 6.00 12.00 16.00 10.00 14.00 8.00 0.00 0.00 0.00 0.00 0.00
94.00 11.00 3.00 20.00 50.00 17.00 30.00 0.08 4.80 0.00 1.00 0.00 2.00 6.00 9.00 5.00 8.00 3.00 0.00 0.00 0.00 0.00 0.00
95.00 19.00 13.00 48.00 95.00 35.00 47.00 0.08 4.24 0.00 2.00 0.00 5.00 10.00 14.00 9.00 15.00 4.00 0.00 0.00 0.00 0.00 0.00
96.00 20.00 15.00 52.00 100.00 37.00 48.00 0.10 2.95 0.00 2.00 0.00 4.00 11.00 16.00 9.00 13.00 7.00 0.00 0.00 0.00 0.00 0.00
97.00 21.00 21.00 57.00 113.00 36.00 56.00 0.09 5.01 0.00 1.00 0.00 7.00 11.00 14.00 10.00 13.00 8.00 0.00 0.00 0.00 0.00 0.00
98.00 21.00 27.00 64.00 101.00 37.00 37.00 0.08 2.74 0.00 2.00 0.00 6.00 9.00 15.00 12.00 15.00 6.00 0.00 0.00 0.00 0.00 0.00
99.00 23.00 28.00 66.00 115.00 38.00 49.00 0.08 3.20 0.00 2.00 0.00 3.00 10.00 20.00 13.00 15.00 8.00 0.00 0.00 0.00 0.00 0.00
100.00 26.00 30.00 73.00 123.00 43.00 50.00 0.07 2.93 0.00 3.00 0.00 6.00 14.00 20.00 12.00 18.00 8.00 0.00 0.00 0.00 0.00 0.00
101.00 16.00 15.00 40.00 80.00 25.00 40.00 0.08 2.89 0.00 1.00 0.00 5.00 7.00 11.00 9.00 10.00 6.00 0.00 0.00 0.00 0.00 0.00
102.00 22.00 31.00 63.00 104.00 32.00 41.00 0.09 4.38 0.00 2.00 0.00 4.00 7.00 18.00 15.00 13.00 9.00 0.00 0.00 0.00 0.00 0.00
103.00 22.00 26.00 67.00 107.00 41.00 40.00 0.10 3.97 0.00 2.00 0.00 4.00 11.00 18.00 11.00 12.00 10.00 0.00 0.00 0.00 0.00 0.00
104.00 21.00 28.00 56.00 104.00 28.00 48.00 0.08 2.71 0.00 1.00 0.00 8.00 13.00 13.00 8.00 19.00 2.00 0.00 0.00 0.00 1.00 0.00
105.00 17.00 17.00 46.00 84.00 29.00 38.00 0.09 5.42 0.00 2.00 0.00 4.00 9.00 13.00 8.00 13.00 4.00 0.00 0.00 0.00 0.00 0.00
106.00 21.00 26.00 59.00 103.00 33.00 44.00 0.08 2.71 0.00 3.00 0.00 3.00 8.00 18.00 13.00 12.00 9.00 0.00 0.00 1.00 0.00 0.00
107.00 19.00 21.00 46.00 86.00 25.00 40.00 0.09 3.16 0.00 1.00 0.00 4.00 10.00 15.00 9.00 13.00 6.00 0.00 0.00 0.00 0.00 0.00
108.00 19.00 24.00 48.00 91.00 24.00 43.00 0.07 3.86 0.00 2.00 0.00 6.00 10.00 13.00 9.00 14.00 5.00 0.00 0.00 1.00 0.00 0.00
109.00 17.00 22.00 45.00 81.00 23.00 36.00 0.08 2.78 0.00 3.00 0.00 5.00 9.00 12.00 8.00 11.00 6.00 0.00 0.00 0.00 0.00 0.00
110.00 21.00 13.00 41.00 94.00 28.00 53.00 0.09 3.64 0.00 2.00 0.00 6.00 10.00 15.00 11.00 16.00 5.00 0.00 0.00 0.00 0.00 0.00
111.00 22.00 21.00 46.00 97.00 25.00 51.00 0.09 3.45 0.00 2.00 0.00 9.00 17.00 13.00 5.00 19.00 3.00 0.00 0.00 0.00 0.00 0.00
112.00 22.00 14.00 55.00 108.00 41.00 53.00 0.08 2.69 0.00 1.00 0.00 4.00 10.00 18.00 12.00 18.00 4.00 0.00 0.00 0.00 0.00 0.00
113.00 19.00 22.00 49.00 96.00 27.00 47.00 0.09 4.35 0.00 2.00 0.00 5.00 12.00 14.00 7.00 15.00 4.00 0.00 0.00 0.00 0.00 0.00
114.00 18.00 19.00 44.00 91.00 25.00 47.00 0.09 4.13 0.00 2.00 0.00 3.00 7.00 15.00 11.00 13.00 5.00 0.00 0.00 0.00 0.00 0.00
115.00 18.00 23.00 50.00 85.00 27.00 35.00 0.09 3.32 0.00 1.00 0.00 2.00 4.00 16.00 14.00 6.00 12.00 0.00 0.00 1.00 0.00 0.00
116.00 17.00 15.00 38.00 86.00 23.00 48.00 0.09 1.48 0.00 1.00 0.00 6.00 8.00 11.00 9.00 10.00 7.00 0.00 0.00 0.00 0.00 0.00
117.00 19.00 23.00 54.00 93.00 31.00 39.00 0.07 2.76 0.00 2.00 0.00 5.00 10.00 14.00 9.00 13.00 6.00 0.00 0.00 0.00 0.00 0.00
118.00 18.00 24.00 51.00 85.00 27.00 34.00 0.08 1.78 0.00 2.00 0.00 6.00 9.00 12.00 9.00 12.00 6.00 0.00 0.00 0.00 0.00 0.00
119.00 16.00 10.00 42.00 84.00 32.00 42.00 0.08 3.05 0.00 2.00 0.00 4.00 5.00 12.00 11.00 10.00 6.00 0.00 0.00 0.00 0.00 0.00
120.00 18.00 18.00 47.00 82.00 29.00 35.00 0.08 1.54 0.00 1.00 0.00 4.00 7.00 14.00 11.00 9.00 9.00 0.00 0.00 0.00 0.00 0.00
121.00 8.00 5.00 15.00 34.00 10.00 19.00 0.08 0.34 0.00 1.00 0.00 3.00 6.00 5.00 2.00 7.00 1.00 0.00 0.00 0.00 0.00 0.00
122.00 19.00 18.00 42.00 89.00 24.00 47.00 0.07 1.55 0.00 2.00 0.00 6.00 8.00 13.00 11.00 12.00 7.00 0.00 0.00 0.00 0.00 0.00
123.00 20.00 26.00 55.00 99.00 29.00 44.00 0.09 3.10 0.00 1.00 0.00 4.00 12.00 16.00 8.00 13.00 7.00 0.00 0.00 0.00 0.00 0.00
124.00 16.00 20.00 47.00 77.00 27.00 30.00 0.09 3.18 0.00 1.00 0.00 1.00 6.00 15.00 10.00 9.00 7.00 0.00 0.00 0.00 0.00 0.00
125.00 15.00 9.00 34.00 71.00 25.00 37.00 0.08 1.97 0.00 1.00 0.00 4.00 8.00 11.00 7.00 13.00 2.00 0.00 0.00 0.00 0.00 0.00
126.00 9.00 6.00 17.00 41.00 11.00 24.00 0.09 3.51 0.00 1.00 0.00 4.00 6.00 5.00 3.00 8.00 1.00 0.00 0.00 0.00 0.00 0.00
127.00 15.00 12.00 36.00 75.00 24.00 39.00 0.10 1.64 0.00 0.00 0.00 3.00 7.00 12.00 8.00 11.00 4.00 0.00 0.00 0.00 0.00 0.00
128.00 17.00 17.00 45.00 77.00 28.00 32.00 0.08 2.89 0.00 0.00 0.00 6.00 10.00 11.00 7.00 12.00 5.00 0.00 0.00 1.00 0.00 0.00
129.00 9.00 7.00 20.00 41.00 13.00 21.00 0.09 2.01 0.00 0.00 0.00 1.00 6.00 8.00 3.00 7.00 2.00 0.00 0.00 0.00 0.00 0.00
130.00 7.00 3.00 10.00 32.00 7.00 22.00 0.07 0.47 0.00 0.00 0.00 1.00 4.00 6.00 3.00 7.00 0.00 0.00 0.00 0.00 0.00 0.00
131.00 11.00 7.00 24.00 50.00 17.00 26.00 0.09 1.87 0.00 1.00 0.00 1.00 2.00 10.00 9.00 8.00 3.00 0.00 0.00 0.00 0.00 0.00
132.00 13.00 6.00 24.00 65.00 18.00 41.00 0.09 1.54 0.00 1.00 0.00 4.00 8.00 9.00 5.00 12.00 1.00 0.00 0.00 0.00 0.00 0.00
133.00 11.00 5.00 19.00 52.00 14.00 33.00 0.09 2.75 0.00 1.00 0.00 5.00 8.00 6.00 3.00 10.00 1.00 0.00 0.00 0.00 0.00 0.00
134.00 11.00 8.00 17.00 47.00 9.00 30.00 0.08 1.69 0.00 0.00 0.00 5.00 8.00 6.00 3.00 10.00 1.00 0.00 0.00 0.00 0.00 0.00
135.00 10.00 5.00 17.00 45.00 12.00 28.00 0.09 1.96 0.00 1.00 0.00 2.00 5.00 8.00 5.00 8.00 2.00 0.00 0.00 0.00 0.00 0.00
136.00 13.00 5.00 27.00 62.00 22.00 35.00 0.09 2.60 0.00 1.00 0.00 5.00 8.00 8.00 5.00 10.00 3.00 0.00 0.00 0.00 0.00 0.00
137.00 11.00 5.00 22.00 51.00 17.00 29.00 0.08 1.83 0.00 1.00 0.00 3.00 5.00 8.00 6.00 8.00 3.00 0.00 0.00 0.00 0.00 0.00
138.00 9.00 3.00 15.00 38.00 12.00 23.00 0.08 3.53 0.00 0.00 0.00 3.00 5.00 6.00 4.00 8.00 1.00 0.00 0.00 0.00 0.00 0.00
139.00 7.00 3.00 12.00 31.00 9.00 19.00 0.08 0.41 0.00 0.00 0.00 3.00 4.00 4.00 3.00 7.00 0.00 0.00 0.00 0.00 0.00 0.00
140.00 13.00 6.00 22.00 54.00 16.00 32.00 0.07 1.72 0.00 0.00 0.00 6.00 8.00 7.00 5.00 9.00 4.00 0.00 0.00 0.00 0.00 0.00
141.00 9.00 5.00 18.00 43.00 13.00 25.00 0.08 2.05 0.00 0.00 0.00 1.00 2.00 8.00 7.00 5.00 4.00 0.00 0.00 0.00 0.00 0.00
142.00 7.00 2.00 12.00 30.00 10.00 18.00 0.08 0.41 0.00 0.00 0.00 1.00 5.00 6.00 2.00 6.00 1.00 0.00 0.00 0.00 0.00 0.00
143.00 5.00 2.00 6.00 21.00 4.00 15.00 0.07 0.16 0.00 0.00 0.00 1.00 4.00 4.00 1.00 5.00 0.00 0.00 0.00 0.00 0.00 0.00
144.00 8.00 5.00 15.00 32.00 10.00 17.00 0.08 0.38 0.00 0.00 0.00 4.00 5.00 4.00 3.00 7.00 1.00 0.00 0.00 0.00 0.00 0.00
145.00 10.00 2.00 14.00 41.00 12.00 27.00 0.09 0.63 0.00 0.00 0.00 2.00 6.00 8.00 4.00 10.00 0.00 0.00 0.00 0.00 0.00 0.00
146.00 7.00 2.00 9.00 27.00 7.00 18.00 0.09 0.42 0.00 0.00 0.00 4.00 5.00 3.00 2.00 6.00 1.00 1.00 0.00 0.00 0.00 0.00
147.00 13.00 8.00 25.00 55.00 17.00 30.00 0.09 1.72 0.00 0.00 0.00 7.00 9.00 6.00 4.00 12.00 1.00 0.00 0.00 0.00 0.00 0.00
148.00 11.00 5.00 22.00 52.00 17.00 30.00 0.09 0.53 0.00 0.00 0.00 7.00 8.00 4.00 3.00 9.00 2.00 0.00 0.00 0.00 0.00 0.00
149.00 12.00 7.00 24.00 55.00 17.00 31.00 0.08 0.57 0.00 0.00 0.00 6.00 8.00 6.00 4.00 9.00 3.00 0.00 0.00 0.00 0.00 0.00
150.00 8.00 3.00 11.00 37.00 8.00 26.00 0.08 0.36 0.00 0.00 0.00 2.00 2.00 6.00 6.00 6.00 2.00 0.00 0.00 0.00 0.00 0.00
151.00 8.00 5.00 14.00 37.00 9.00 23.00 0.09 0.40 0.00 0.00 0.00 3.00 4.00 5.00 4.00 7.00 1.00 0.00 0.00 0.00 0.00 0.00
152.00 7.00 0.00 10.00 31.00 10.00 21.00 0.09 0.34 0.00 0.00 0.00 3.00 6.00 4.00 1.00 7.00 0.00 0.00 0.00 0.00 0.00 0.00
153.00 5.00 0.00 5.00 17.00 5.00 12.00 0.11 0.26 0.00 0.00 0.00 3.00 4.00 2.00 1.00 5.00 0.00 0.00 0.00 0.00 0.00 0.00
154.00 9.00 4.00 13.00 32.00 9.00 19.00 0.10 0.51 0.00 0.00 0.00 4.00 8.00 5.00 1.00 8.00 1.00 0.00 0.00 0.00 0.00 0.00
155.00 3.00 0.00 0.00 5.00 0.00 5.00 0.09 0.43 0.00 0.00 0.00 2.00 3.00 1.00 0.00 3.00 0.00 0.00 0.00 0.00 0.00 0.00
156.00 3.00 0.00 2.00 11.00 2.00 9.00 0.09 0.13 0.00 0.00 0.00 2.00 3.00 1.00 0.00 3.00 0.00 0.00 0.00 0.00 0.00 0.00
157.00 3.00 0.00 0.00 1.00 0.00 1.00 0.10 0.15 0.00 0.00 0.00 2.00 3.00 1.00 0.00 3.00 0.00 0.00 0.00 0.00 0.00 0.00
158.00 2.00 0.00 0.00 2.00 0.00 2.00 0.08 0.10 0.00 0.00 0.00 2.00 2.00 0.00 0.00 2.00 0.00 0.00 0.00 0.00 0.00 0.00
