0.00 5.00 1.00 7.00 20.00 6.00 13.00 0.09 0.15 0.00 0.00 0.00 3.00 4.00 2.00 1.00 5.00 0.00 0.00 0.00 0.00 0.00 0.00
1.00 5.00 2.00 6.00 20.00 4.00 14.00 0.09 0.15 0.00 0.00 0.00 1.00 3.00 4.00 2.00 4.00 1.00 0.00 0.00 0.00 0.00 0.00
2.00 7.00 5.00 13.00 30.00 8.00 17.00 0.09 0.28 0.00 0.00 0.00 0.00 2.00 7.00 5.00 4.00 3.00 0.00 0.00 1.00 0.00 0.00
3.00 8.00 6.00 18.00 38.00 12.00 20.00 0.08 0.23 0.00 0.00 0.00 2.00 5.00 6.00 3.00 7.00 1.00 0.00 0.00 0.00 0.00 0.00
4.00 6.00 2.00 10.00 26.00 8.00 16.00 0.09 0.30 0.00 0.00 0.00 4.00 5.00 2.00 1.00 5.00 1.00 0.00 0.00 0.00 0.00 0.00
5.00 4.00 1.00 4.00 13.00 3.00 9.00 0.08 0.18 0.00 0.00 0.00 1.00 3.00 3.00 1.00 4.00 0.00 0.00 0.00 0.00 0.00 0.00
6.00 5.00 0.00 3.00 18.00 3.00 15.00 0.08 0.20 0.00 0.00 0.00 2.00 3.00 3.00 2.00 5.00 0.00 0.00 0.00 0.00 0.00 0.00
7.00 10.00 6.00 17.00 46.00 11.00 29.00 0.09 0.57 0.00 0.00 0.00 3.00 6.00 7.00 4.00 8.00 2.00 0.00 0.00 0.00 0.00 0.00
8.00 6.00 2.00 8.00 20.00 6.00 12.00 0.08 0.22 0.00 0.00 0.00 2.00 5.00 4.00 1.00 5.00 1.00 0.00 0.00 0.00 0.00 0.00
9.00 7.00 2.00 7.00 30.00 5.00 23.00 0.09 0.35 0.00 0.00 0.00 2.00 5.00 5.00 2.00 7.00 0.00 0.00 0.00 0.00 0.00 0.00
10.00 6.00 0.00 6.00 23.00 6.00 17.00 0.07 0.44 0.00 0.00 0.00 2.00 4.00 4.00 2.00 6.00 0.00 0.00 0.00 0.00 0.00 0.00
11.00 8.00 4.00 15.00 38.00 11.00 23.00 0.08 0.33 0.00 0.00 0.00 2.00 5.00 6.00 3.00 5.00 3.00 0.00 0.00 0.00 0.00 0.00
12.00 6.00 1.00 8.00 30.00 7.00 22.00 0.10 0.33 0.00 0.00 0.00 3.00 5.00 3.00 1.00 6.00 0.00 0.00 0.00 0.00 0.00 0.00
13.00 6.00 1.00 7.00 25.00 6.00 18.00 0.09 0.33 0.00 1.00 0.00 2.00 4.00 4.00 2.00 6.00 0.00 0.00 0.00 0.00 0.00 0.00
14.00 7.00 0.00 4.00 25.00 4.00 21.00 0.10 0.60 0.00 0.00 0.00 4.00 5.00 3.00 2.00 7.00 0.00 0.00 0.00 0.00 0.00 0.00
15.00 11.00 4.00 20.00 50.00 16.00 30.00 0.08 0.58 0.00 1.00 0.00 2.00 6.00 9.00 5.00 8.00 3.00 0.00 0.00 0.00 0.00 0.00
16.00 8.00 1.00 8.00 27.00 7.00 19.00 0.08 0.72 0.00 1.00 0.00 4.00 7.00 4.00 1.00 7.00 1.00 0.00 0.00 0.00 0.00 0.00
17.00 17.00 13.00 43.00 79.00 30.00 36.00 0.06 0.87 0.00 1.00 0.00 3.00 8.00 14.00 9.00 13.00 4.00 0.00 0.00 0.00 0.00 0.00
18.00 12.00 2.00 18.00 53.00 16.00 35.00 0.10 0.73 0.00 0.00 0.00 5.00 9.00 7.00 3.00 12.00 0.00 0.00 0.00 0.00 0.00 0.00
19.00 6.00 0.00 7.00 20.00 7.00 13.00 0.08 0.34 0.00 0.00 0.00 1.00 4.00 5.00 2.00 5.00 1.00 0.00 0.00 0.00 0.00 0.00
20.00 6.00 1.00 8.00 29.00 7.00 21.00 0.08 0.27 0.00 0.00 0.00 3.00 4.00 3.00 2.00 5.00 1.00 0.00 0.00 0.00 0.00 0.00
21.00 13.00 7.00 27.00 60.00 20.00 33.00 0.09 0.96 0.00 1.00 0.00 3.00 7.00 10.00 6.00 8.00 5.00 0.00 0.00 0.00 0.00 0.00
22.00 9.00 1.00 10.00 38.00 9.00 28.00 0.08 0.48 0.00 0.00 0.00 4.00 7.00 5.00 2.00 7.00 2.00 0.00 0.00 0.00 0.00 0.00
23.00 18.00 11.00 42.00 86.00 31.00 44.00 0.08 0.95 0.00 0.00 0.00 6.00 8.00 12.00 10.00 13.00 5.00 0.00 0.00 0.00 0.00 0.00
24.00 20.00 4.00 39.00 103.00 35.00 64.00 0.09 1.34 0.00 2.00 0.00 8.00 12.00 12.00 8.00 15.00 5.00 0.00 0.00 0.00 0.00 0.00
25.00 9.00 4.00 13.00 42.00 9.00 29.00 0.09 0.47 0.00 0.00 0.00 2.00 7.00 7.00 2.00 8.00 1.00 0.00 0.00 0.00 0.00 0.00
26.00 17.00 6.00 41.00 84.00 35.00 43.00 0.08 0.87 0.00 1.00 0.00 4.00 9.00 13.00 8.00 12.00 5.00 0.00 0.00 0.00 0.00 0.00
27.00 18.00 8.00 42.00 93.00 34.00 51.00 0.06 0.98 0.00 0.00 0.00 5.00 10.00 13.00 8.00 15.00 3.00 0.00 0.00 0.00 0.00 0.00
28.00 19.00 8.00 37.00 96.00 29.00 59.00 0.11 1.22 0.00 1.00 0.00 7.00 14.00 12.00 5.00 18.00 1.00 0.00 0.00 0.00 0.00 0.00
29.00 13.00 3.00 32.00 62.00 29.00 30.00 0.09 0.62 0.00 1.00 0.00 3.00 4.00 10.00 9.00 9.00 4.00 0.00 0.00 0.00 0.00 0.00
30.00 13.00 1.00 29.00 66.00 28.00 37.00 0.08 0.56 0.00 1.00 0.00 4.00 11.00 9.00 2.00 13.00 0.00 0.00 0.00 0.00 0.00 0.00
31.00 11.00 1.00 23.00 58.00 22.00 35.00 0.07 0.47 0.00 0.00 0.00 1.00 4.00 10.00 7.00 9.00 2.00 0.00 0.00 0.00 0.00 0.00
32.00 10.00 4.00 18.00 47.00 14.00 29.00 0.09 0.60 0.00 1.00 0.00 4.00 6.00 6.00 4.00 8.00 2.00 0.00 0.00 0.00 0.00 0.00
33.00 8.00 2.00 14.00 42.00 12.00 28.00 0.09 0.34 0.00 1.00 0.00 1.00 5.00 7.00 3.00 7.00 1.00 0.00 0.00 0.00 0.00 0.00
34.00 18.00 7.00 36.00 89.00 29.00 53.00 0.08 1.06 0.00 1.00 0.00 6.00 11.00 12.00 7.00 16.00 2.00 0.00 0.00 0.00 0.00 0.00
35.00 13.00 12.00 28.00 68.00 16.00 40.00 0.08 0.50 0.00 1.00 0.00 2.00 6.00 11.00 7.00 10.00 3.00 0.00 0.00 0.00 0.00 0.00
36.00 13.00 10.00 31.00 64.00 21.00 33.00 0.09 0.64 0.00 1.00 0.00 5.00 8.00 8.00 5.00 8.00 5.00 0.00 0.00 0.00 0.00 0.00
37.00 14.00 13.00 32.00 65.00 19.00 33.00 0.10 0.43 0.00 1.00 0.00 2.00 4.00 12.00 10.00 9.00 5.00 0.00 0.00 0.00 0.00 0.00
38.00 13.00 9.00 24.00 57.00 15.00 33.00 0.10 0.81 0.00 1.00 0.00 3.00 9.00 10.00 4.00 10.00 3.00 0.00 0.00 0.00 0.00 0.00
39.00 10.00 0.00 12.00 49.00 12.00 37.00 0.10 0.49 0.00 1.00 0.00 4.00 6.00 6.00 4.00 7.00 3.00 0.00 0.00 0.00 0.00 0.00
40.00 13.00 10.00 28.00 60.00 18.00 32.00 0.10 0.55 0.00 1.00 0.00 5.00 8.00 8.00 5.00 9.00 4.00 0.00 0.00 0.00 0.00 0.00
41.00 19.00 15.00 46.00 95.00 31.00 49.00 0.08 0.84 0.00 0.00 0.00 7.00 9.00 12.00 10.00 12.00 7.00 0.00 0.00 0.00 0.00 0.00
42.00 14.00 9.00 33.00 72.00 24.00 39.00 0.08 0.59 0.00 1.00 0.00 5.00 9.00 9.00 5.00 12.00 2.00 0.00 0.00 0.00 0.00 0.00
43.00 13.00 11.00 29.00 68.00 18.00 39.00 0.08 0.60 0.00 1.00 0.00 1.00 7.00 12.00 6.00 10.00 3.00 0.00 0.00 0.00 0.00 0.00
44.00 11.00 5.00 17.00 53.00 12.00 36.00 0.08 0.51 0.00 1.00 0.00 3.00 8.00 8.00 3.00 9.00 2.00 0.00 0.00 0.00 0.00 0.00
45.00 21.00 9.00 49.00 105.00 40.00 56.00 0.07 1.01 0.00 1.00 0.00 3.00 11.00 18.00 10.00 17.00 4.00 0.00 0.00 0.00 0.00 0.00
46.00 22.00 17.00 57.00 102.00 40.00 45.00 0.08 0.93 0.00 1.00 0.00 4.00 11.00 18.00 11.00 16.00 6.00 0.00 0.00 0.00 0.00 0.00
47.00 15.00 15.00 42.00 72.00 27.00 30.00 0.09 0.49 0.00 1.00 0.00 3.00 5.00 12.00 10.00 7.00 8.00 0.00 0.00 0.00 0.00 0.00
48.00 23.00 23.00 67.00 109.00 44.00 42.00 0.09 0.90 0.00 1.00 0.00 4.00 9.00 19.00 14.00 17.00 6.00 0.00 0.00 0.00 0.00 0.00
49.00 19.00 15.00 44.00 95.00 29.00 51.00 0.08 0.78 0.00 1.00 0.00 2.00 9.00 17.00 10.00 14.00 5.00 0.00 0.00 1.00 0.00 0.00
50.00 24.00 17.00 68.00 124.00 51.00 56.00 0.10 1.06 0.00 2.00 0.00 7.00 12.00 17.00 12.00 19.00 5.00 0.00 0.00 0.00 1.00 0.00
51.00 24.00 21.00 62.00 116.00 41.00 54.00 0.09 0.98 0.00 2.00 0.00 6.00 8.00 18.00 16.00 15.00 9.00 0.00 0.00 0.00 0.00 0.00
52.00 20.00 11.00 42.00 100.00 31.00 58.00 0.07 1.15 0.00 1.00 0.00 7.00 11.00 13.00 9.00 14.00 6.00 0.00 0.00 0.00 0.00 0.00
53.00 26.00 25.00 72.00 136.00 47.00 64.00 0.08 1.05 0.00 3.00 0.00 4.00 12.00 22.00 14.00 19.00 7.00 0.00 0.00 0.00 0.00 0.00
54.00 16.00 9.00 32.00 79.00 23.00 47.00 0.09 0.71 0.00 3.00 0.00 5.00 8.00 11.00 8.00 11.00 5.00 0.00 0.00 0.00 0.00 0.00
55.00 26.00 23.00 65.00 133.00 42.00 68.00 0.08 1.02 0.00 2.00 0.00 8.00 12.00 18.00 14.00 20.00 6.00 0.00 0.00 0.00 0.00 0.00
56.00 18.00 18.00 42.00 85.00 24.00 43.00 0.09 0.63 0.00 1.00 0.00 5.00 8.00 13.00 10.00 12.00 6.00 0.00 0.00 0.00 0.00 0.00
57.00 15.00 5.00 31.00 76.00 26.00 45.00 0.09 0.79 0.00 1.00 0.00 5.00 10.00 10.00 5.00 13.00 2.00 0.00 0.00 0.00 0.00 0.00
58.00 22.00 13.00 51.00 102.00 38.00 51.00 0.09 0.88 0.00 1.00 0.00 6.00 11.00 16.00 11.00 17.00 5.00 0.00 0.00 0.00 0.00 0.00
59.00 27.00 26.00 77.00 143.00 51.00 66.00 0.09 1.01 1.00 1.00 1.00 8.00 15.00 19.00 12.00 21.00 6.00 0.00 0.00 0.00 0.00 0.00
60.00 25.00 23.00 61.00 116.00 38.00 55.00 0.07 0.93 0.00 3.00 0.00 8.00 13.00 17.00 12.00 18.00 7.00 0.00 0.00 0.00 1.00 0.00
61.00 26.00 26.00 70.00 136.00 44.00 66.00 0.06 0.97 0.00 2.00 0.00 3.00 9.00 23.00 17.00 15.00 11.00 0.00 0.00 0.00 0.00 0.00
62.00 29.00 20.00 83.00 148.00 63.00 65.00 0.09 1.03 0.00 2.00 0.00 8.00 14.00 21.00 15.00 24.00 5.00 0.00 0.00 0.00 0.00 0.00
63.00 9.00 3.00 14.00 40.00 11.00 26.00 0.09 0.40 0.00 1.00 0.00 3.00 6.00 6.00 3.00 9.00 0.00 0.00 0.00 0.00 0.00 0.00
64.00 19.00 19.00 48.00 96.00 29.00 48.00 0.09 0.72 0.00 1.00 0.00 5.00 8.00 14.00 11.00 11.00 8.00 0.00 0.00 0.00 0.00 0.00
65.00 30.00 27.00 77.00 157.00 50.00 80.00 0.08 1.25 0.00 2.00 0.00 6.00 11.00 24.00 19.00 17.00 13.00 0.00 0.00 0.00 0.00 0.00
66.00 22.00 12.00 53.00 117.00 41.00 64.00 0.09 1.21 0.00 1.00 0.00 3.00 10.00 19.00 12.00 12.00 10.00 0.00 0.00 0.00 0.00 0.00
67.00 33.00 35.00 95.00 170.00 60.00 75.00 0.08 1.10 0.00 1.00 0.00 13.00 15.00 20.00 18.00 24.00 9.00 0.00 0.00 0.00 0.00 0.00
68.00 32.00 29.00 85.00 158.00 56.00 73.00 0.09 1.18 0.00 1.00 0.00 9.00 13.00 23.00 19.00 20.00 12.00 1.00 0.00 0.00 0.00 0.00
69.00 29.00 32.00 82.00 146.00 50.00 64.00 0.08 1.02 0.00 2.00 0.00 9.00 14.00 20.00 15.00 17.00 12.00 0.00 0.00 0.00 0.00 0.00
70.00 18.00 18.00 51.00 89.00 33.00 38.00 0.09 0.55 0.00 2.00 0.00 3.00 13.00 15.00 5.00 15.00 3.00 0.00 0.00 0.00 0.00 0.00
71.00 24.00 20.00 65.00 124.00 45.00 59.00 0.08 0.98 0.00 2.00 0.00 4.00 11.00 20.00 13.00 13.00 11.00 0.00 0.00 0.00 0.00 0.00
72.00 22.00 6.00 52.00 124.00 46.00 72.00 0.08 1.13 0.00 2.00 0.00 5.00 13.00 17.00 9.00 18.00 4.00 0.00 0.00 0.00 0.00 0.00
73.00 28.00 24.00 70.00 139.00 46.00 69.00 0.08 1.14 0.00 2.00 0.00 9.00 18.00 19.00 10.00 22.00 6.00 0.00 0.00 0.00 0.00 0.00
74.00 16.00 6.00 31.00 86.00 25.00 55.00 0.08 0.59 0.00 0.00 0.00 2.00 7.00 14.00 9.00 11.00 5.00 0.00 0.00 0.00 0.00 0.00
75.00 24.00 24.00 67.00 123.00 43.00 56.00 0.08 0.84 0.00 1.00 0.00 6.00 12.00 18.00 12.00 18.00 6.00 0.00 0.00 0.00 0.00 0.00
76.00 22.00 15.00 47.00 104.00 32.00 57.00 0.09 0.94 0.00 2.00 0.00 6.00 12.00 16.00 10.00 16.00 6.00 0.00 0.00 0.00 0.00 0.00
77.00 21.00 14.00 57.00 111.00 43.00 54.00 0.09 0.74 0.00 1.00 0.00 5.00 10.00 16.00 11.00 14.00 7.00 0.00 0.00 0.00 0.00 0.00
78.00 12.00 10.00 28.00 59.00 18.00 31.00 0.07 0.53 0.00 0.00 0.00 2.00 8.00 10.00 4.00 10.00 2.00 0.00 0.00 0.00 0.00 0.00
79.00 20.00 6.00 43.00 108.00 37.00 65.00 0.08 0.83 0.00 1.00 0.00 5.00 10.00 15.00 10.00 17.00 3.00 0.00 0.00 0.00 0.00 0.00
80.00 18.00 15.00 40.00 88.00 25.00 48.00 0.09 0.65 0.00 1.00 0.00 7.00 13.00 11.00 5.00 14.00 4.00 0.00 0.00 1.00 0.00 0.00
81.00 29.00 24.00 72.00 146.00 48.00 74.00 0.08 0.98 0.00 1.00 0.00 6.00 13.00 23.00 16.00 18.00 11.00 0.00 0.00 1.00 0.00 0.00
82.00 25.00 17.00 62.00 125.00 45.00 63.00 0.10 0.92 0.00 1.00 0.00 8.00 14.00 17.00 11.00 19.00 6.00 0.00 0.00 1.00 0.00 0.00
83.00 21.00 16.00 45.00 98.00 29.00 53.00 0.09 0.72 0.00 1.00 0.00 6.00 13.00 15.00 8.00 16.00 5.00 0.00 0.00 0.00 0.00 0.00
84.00 20.00 23.00 50.00 98.00 27.00 48.00 0.07 0.67 0.00 1.00 0.00 7.00 11.00 13.00 9.00 15.00 5.00 0.00 0.00 0.00 0.00 0.00
85.00 24.00 20.00 64.00 122.00 44.00 58.00 0.09 0.88 0.00 0.00 0.00 6.00 7.00 18.00 17.00 17.00 7.00 0.00 0.00 0.00 0.00 0.00
86.00 24.00 19.00 55.00 112.00 36.00 57.00 0.09 1.07 0.00 1.00 0.00 8.00 12.00 16.00 12.00 16.00 8.00 0.00 0.00 0.00 0.00 0.00
87.00 6.00 2.00 10.00 24.00 8.00 14.00 0.07 0.24 0.00 1.00 0.00 1.00 3.00 5.00 3.00 6.00 0.00 0.00 0.00 0.00 0.00 0.00
88.00 11.00 7.00 23.00 52.00 16.00 29.00 0.09 0.36 0.00 1.00 0.00 3.00 7.00 8.00 4.00 10.00 1.00 0.00 0.00 0.00 0.00 0.00
89.00 16.00 14.00 37.00 76.00 23.00 39.00 0.09 0.57 0.00 1.00 0.00 4.00 9.00 12.00 7.00 14.00 2.00 0.00 0.00 0.00 0.00 0.00
90.00 8.00 5.00 16.00 38.00 11.00 22.00 0.08 0.41 0.00 1.00 0.00 2.00 2.00 6.00 6.00 3.00 5.00 0.00 0.00 0.00 0.00 0.00
91.00 15.00 14.00 33.00 74.00 19.00 41.00 0.10 0.55 0.00 2.00 0.00 2.00 5.00 13.00 10.00 11.00 4.00 0.00 0.00 0.00 0.00 0.00
92.00 19.00 13.00 49.00 94.00 36.00 45.00 0.08 0.78 0.00 1.00 0.00 6.00 9.00 13.00 10.00 12.00 7.00 0.00 0.00 0.00 0.00 0.00
93.00 18.00 13.00 44.00 92.00 31.00 48.00 0.08 0.68 0.00 2.00 0.00 5.00 11.00 13.00 7.00 14.00 4.00 0.00 0.00 0.00 0.00 0.00
94.00 17.00 17.00 44.00 79.00 27.00 35.00 0.08 0.57 0.00 2.00 0.00 4.00 8.00 13.00 9.00 13.00 4.00 0.00 0.00 1.00 0.00 0.00
95.00 15.00 14.00 33.00 73.00 19.00 40.00 0.08 0.61 0.00 3.00 0.00 3.00 6.00 12.00 9.00 9.00 6.00 0.00 0.00 0.00 0.00 0.00
96.00 10.00 5.00 20.00 48.00 15.00 28.00 0.07 0.33 0.00 1.00 0.00 4.00 5.00 6.00 5.00 7.00 3.00 0.00 0.00 0.00 0.00 0.00
97.00 20.00 21.00 61.00 98.00 40.00 37.00 0.08 0.64 0.00 2.00 0.00 7.00 11.00 13.00 9.00 14.00 6.00 0.00 0.00 0.00 0.00 0.00
98.00 12.00 9.00 26.00 52.00 17.00 26.00 0.07 0.40 0.00 1.00 0.00 2.00 10.00 10.00 2.00 10.00 2.00 0.00 0.00 0.00 0.00 0.00
99.00 20.00 22.00 52.00 91.00 30.00 39.00 0.08 0.74 0.00 2.00 0.00 4.00 10.00 16.00 10.00 11.00 9.00 0.00 0.00 0.00 0.00 0.00
100.00 17.00 18.00 38.00 83.00 20.00 45.00 0.09 0.68 0.00 1.00 0.00 4.00 8.00 13.00 9.00 10.00 7.00 0.00 0.00 1.00 0.00 0.00
101.00 18.00 19.00 44.00 93.00 25.00 49.00 0.10 0.61 0.00 1.00 0.00 7.00 10.00 11.00 8.00 12.00 6.00 0.00 0.00 1.00 0.00 0.00
102.00 16.00 14.00 38.00 80.00 24.00 42.00 0.08 0.61 0.00 1.00 0.00 5.00 7.00 11.00 9.00 13.00 3.00 0.00 0.00 0.00 0.00 0.00
103.00 18.00 20.00 47.00 92.00 27.00 45.00 0.08 0.52 0.00 1.00 0.00 4.00 8.00 14.00 10.00 11.00 7.00 0.00 0.00 1.00 0.00 0.00
104.00 17.00 13.00 37.00 81.00 24.00 44.00 0.07 0.59 0.00 2.00 0.00 3.00 10.00 14.00 7.00 12.00 5.00 0.00 0.00 0.00 0.00 0.00
105.00 17.00 18.00 42.00 78.00 24.00 36.00 0.09 0.66 0.00 1.00 0.00 4.00 9.00 13.00 8.00 10.00 7.00 0.00 0.00 0.00 0.00 0.00
106.00 15.00 13.00 34.00 77.00 21.00 43.00 0.08 0.48 0.00 0.00 0.00 4.00 9.00 11.00 6.00 11.00 4.00 0.00 0.00 0.00 0.00 0.00
107.00 6.00 2.00 9.00 26.00 7.00 17.00 0.09 0.40 0.00 0.00 0.00 1.00 3.00 5.00 3.00 6.00 0.00 0.00 0.00 0.00 0.00 0.00
108.00 20.00 14.00 40.00 92.00 26.00 52.00 0.09 0.78 0.00 2.00 0.00 7.00 11.00 13.00 9.00 15.00 5.00 0.00 0.00 0.00 0.00 0.00
109.00 21.00 22.00 54.00 104.00 32.00 50.00 0.09 0.75 0.00 0.00 0.00 10.00 14.00 11.00 7.00 16.00 5.00 0.00 0.00 0.00 0.00 0.00
110.00 24.00 26.00 64.00 110.00 38.00 46.00 0.09 0.79 0.00 1.00 0.00 6.00 15.00 18.00 9.00 17.00 7.00 0.00 0.00 0.00 0.00 0.00
111.00 15.00 15.00 39.00 75.00 24.00 36.00 0.08 0.53 0.00 0.00 0.00 6.00 7.00 9.00 8.00 11.00 4.00 0.00 0.00 0.00 0.00 0.00
112.00 14.00 15.00 36.00 65.00 21.00 29.00 0.07 0.46 0.00 0.00 0.00 5.00 5.00 9.00 9.00 7.00 7.00 0.00 0.00 0.00 0.00 0.00
113.00 15.00 16.00 39.00 74.00 23.00 35.00 0.09 0.68 0.00 0.00 0.00 2.00 9.00 13.00 6.00 10.00 5.00 0.00 0.00 0.00 0.00 0.00
114.00 13.00 10.00 32.00 64.00 22.00 32.00 0.08 0.48 0.00 0.00 0.00 4.00 9.00 9.00 4.00 10.00 3.00 0.00 0.00 0.00 0.00 0.00
115.00 13.00 7.00 27.00 59.00 20.00 32.00 0.09 0.49 0.00 1.00 0.00 5.00 8.00 8.00 5.00 11.00 2.00 0.00 0.00 1.00 0.00 0.00
116.00 17.00 5.00 32.00 83.00 27.00 51.00 0.08 0.64 0.00 0.00 0.00 7.00 12.00 10.00 5.00 12.00 5.00 0.00 0.00 0.00 0.00 0.00
117.00 14.00 9.00 35.00 73.00 26.00 38.00 0.09 0.48 1.00 0.00 0.00 5.00 7.00 9.00 7.00 9.00 5.00 0.00 0.00 0.00 0.00 0.00
118.00 17.00 17.00 40.00 79.00 23.00 39.00 0.10 0.65 0.00 1.00 0.00 2.00 6.00 15.00 11.00 7.00 10.00 0.00 0.00 0.00 0.00 0.00
119.00 19.00 19.00 42.00 91.00 23.00 49.00 0.07 0.84 0.00 0.00 0.00 8.00 10.00 11.00 9.00 12.00 7.00 0.00 0.00 0.00 0.00 0.00
120.00 21.00 16.00 45.00 98.00 29.00 53.00 0.08 0.85 0.00 0.00 0.00 6.00 9.00 15.00 12.00 13.00 8.00 0.00 0.00 0.00 0.00 0.00
121.00 16.00 15.00 37.00 73.00 22.00 36.00 0.08 0.53 0.00 1.00 0.00 6.00 9.00 10.00 7.00 11.00 5.00 0.00 0.00 0.00 0.00 0.00
122.00 11.00 6.00 21.00 50.00 15.00 29.00 0.09 0.47 0.00 1.00 0.00 4.00 7.00 7.00 4.00 10.00 1.00 0.00 0.00 0.00 0.00 0.00
123.00 17.00 17.00 45.00 83.00 28.00 38.00 0.10 0.60 0.00 1.00 0.00 4.00 11.00 13.00 6.00 11.00 6.00 0.00 0.00 0.00 0.00 0.00
124.00 9.00 2.00 15.00 34.00 13.00 19.00 0.09 0.61 0.00 0.00 0.00 4.00 6.00 5.00 3.00 6.00 3.00 0.00 0.00 0.00 0.00 0.00
125.00 14.00 8.00 34.00 71.00 26.00 37.00 0.08 0.45 0.00 1.00 0.00 1.00 7.00 13.00 7.00 9.00 5.00 0.00 0.00 1.00 0.00 0.00
126.00 15.00 9.00 33.00 77.00 24.00 44.00 0.10 0.57 0.00 0.00 0.00 3.00 7.00 12.00 8.00 13.00 2.00 0.00 0.00 0.00 0.00 0.00
127.00 14.00 7.00 26.00 67.00 19.00 41.00 0.09 0.57 0.00 0.00 0.00 2.00 5.00 12.00 9.00 10.00 4.00 0.00 0.00 0.00 0.00 0.00
128.00 13.00 10.00 24.00 58.00 14.00 34.00 0.08 0.66 0.00 0.00 0.00 4.00 9.00 9.00 4.00 10.00 3.00 0.00 0.00 0.00 0.00 0.00
129.00 11.00 10.00 27.00 54.00 17.00 27.00 0.08 0.34 0.00 0.00 0.00 2.00 6.00 9.00 5.00 6.00 5.00 0.00 0.00 0.00 0.00 0.00
130.00 12.00 13.00 30.00 57.00 17.00 27.00 0.09 0.48 0.00 0.00 0.00 5.00 7.00 7.00 5.00 9.00 3.00 0.00 0.00 0.00 0.00 0.00
131.00 9.00 7.00 21.00 45.00 14.00 24.00 0.09 0.39 0.00 0.00 0.00 4.00 6.00 5.00 3.00 8.00 1.00 0.00 0.00 0.00 0.00 0.00
132.00 12.00 12.00 30.00 62.00 18.00 32.00 0.08 0.42 0.00 0.00 0.00 3.00 5.00 9.00 7.00 7.00 5.00 0.00 0.00 0.00 0.00 0.00
133.00 16.00 14.00 36.00 74.00 22.00 38.00 0.08 0.70 0.00 0.00 0.00 5.00 10.00 11.00 6.00 12.00 4.00 0.00 0.00 0.00 0.00 0.00
134.00 13.00 7.00 25.00 61.00 18.00 36.00 0.10 0.62 0.00 0.00 0.00 2.00 7.00 11.00 6.00 11.00 2.00 0.00 0.00 0.00 0.00 0.00
135.00 14.00 11.00 35.00 71.00 24.00 36.00 0.10 0.48 0.00 1.00 0.00 3.00 7.00 11.00 7.00 11.00 3.00 0.00 0.00 0.00 0.00 0.00
136.00 10.00 7.00 17.00 46.00 10.00 29.00 0.08 0.53 0.00 1.00 0.00 4.00 7.00 6.00 3.00 8.00 2.00 0.00 0.00 0.00 0.00 0.00
137.00 14.00 11.00 29.00 66.00 18.00 37.00 0.08 0.47 0.00 1.00 0.00 6.00 9.00 8.00 5.00 11.00 3.00 0.00 0.00 0.00 0.00 0.00
138.00 7.00 1.00 11.00 29.00 10.00 18.00 0.08 0.37 0.00 0.00 0.00 2.00 6.00 5.00 1.00 6.00 1.00 0.00 0.00 0.00 0.00 0.00
139.00 8.00 3.00 14.00 39.00 11.00 25.00 0.07 0.51 0.00 0.00 0.00 4.00 6.00 4.00 2.00 8.00 0.00 0.00 0.00 0.00 0.00 0.00
140.00 13.00 12.00 29.00 60.00 17.00 31.00 0.10 0.58 0.00 1.00 0.00 2.00 6.00 11.00 7.00 8.00 5.00 0.00 0.00 0.00 0.00 0.00
141.00 11.00 8.00 25.00 51.00 17.00 26.00 0.10 0.45 0.00 2.00 0.00 4.00 4.00 7.00 7.00 10.00 1.00 0.00 0.00 0.00 0.00 0.00
142.00 18.00 22.00 48.00 91.00 26.00 43.00 0.08 0.55 0.00 2.00 0.00 4.00 9.00 14.00 9.00 13.00 5.00 0.00 0.00 0.00 0.00 0.00
143.00 13.00 11.00 34.00 65.00 23.00 31.00 0.09 0.45 0.00 2.00 0.00 4.00 5.00 9.00 8.00 5.00 8.00 0.00 0.00 0.00 0.00 0.00
144.00 9.00 4.00 15.00 38.00 11.00 23.00 0.09 0.56 0.00 0.00 0.00 4.00 6.00 5.00 3.00 8.00 1.00 0.00 0.00 0.00 0.00 0.00
145.00 16.00 14.00 37.00 82.00 23.00 45.00 0.10 0.57 0.00 1.00 0.00 7.00 9.00 9.00 7.00 12.00 4.00 0.00 0.00 0.00 0.00 0.00
146.00 14.00 15.00 37.00 66.00 22.00 29.00 0.10 0.47 0.00 1.00 0.00 3.00 7.00 11.00 7.00 10.00 4.00 0.00 0.00 0.00 0.00 0.00
147.00 9.00 5.00 15.00 43.00 10.00 28.00 0.08 0.43 0.00 1.00 0.00 3.00 6.00 6.00 3.00 7.00 2.00 0.00 0.00 0.00 0.00 0.00
148.00 15.00 14.00 36.00 67.00 22.00 31.00 0.08 0.52 0.00 1.00 0.00 3.00 6.00 12.00 9.00 10.00 5.00 0.00 0.00 0.00 0.00 0.00
149.00 10.00 5.00 22.00 44.00 17.00 22.00 0.08 0.37 0.00 1.00 0.00 3.00 5.00 7.00 5.00 7.00 3.00 0.00 0.00 0.00 0.00 0.00
150.00 15.00 17.00 39.00 75.00 22.00 36.00 0.09 0.47 0.00 2.00 0.00 4.00 5.00 11.00 10.00 10.00 5.00 0.00 0.00 0.00 0.00 0.00
151.00 16.00 19.00 43.00 71.00 24.00 28.00 0.09 0.48 0.00 2.00 0.00 2.00 8.00 14.00 8.00 12.00 4.00 0.00 0.00 0.00 0.00 0.00
152.00 16.00 18.00 40.00 72.00 22.00 32.00 0.09 0.61 0.00 2.00 0.00 3.00 8.00 13.00 8.00 12.00 4.00 0.00 0.00 0.00 0.00 0.00
153.00 12.00 11.00 29.00 58.00 18.00 29.00 0.08 0.47 0.00 1.00 0.00 3.00 5.00 9.00 7.00 6.00 6.00 0.00 0.00 0.00 0.00 0.00
154.00 12.00 12.00 31.00 59.00 19.00 28.00 0.08 0.38 0.00 1.00 0.00 1.00 6.00 11.00 6.00 7.00 5.00 0.00 0.00 0.00 0.00 0.00
155.00 11.00 9.00 23.00 50.00 14.00 27.00 0.09 0.44 0.00 1.00 0.00 3.00 8.00 8.00 3.00 9.00 2.00 0.00 0.00 0.00 0.00 0.00
156.00 15.00 14.00 38.00 74.00 24.00 36.00 0.08 0.52 0.00 1.00 0.00 6.00 10.00 9.00 5.00 13.00 2.00 0.00 0.00 0.00 0.00 0.00
157.00 13.00 5.00 24.00 65.00 19.00 41.00 0.09 0.69 0.00 1.00 0.00 5.00 10.00 8.00 3.00 12.00 1.00 0.00 0.00 0.00 0.00 0.00
158.00 12.00 6.00 26.00 57.00 20.00 31.00 0.10 0.46 0.00 1.00 0.00 3.00 7.00 9.00 5.00 12.00 0.00 0.00 0.00 0.00 0.00 0.00
159.00 16.00 17.00 39.00 75.00 22.00 36.00 0.08 0.70 0.00 1.00 0.00 3.00 10.00 13.00 6.00 13.00 3.00 0.00 0.00 0.00 0.00 0.00
160.00 15.00 14.00 37.00 72.00 23.00 35.00 0.10 0.40 0.00 1.00 0.00 7.00 8.00 8.00 7.00 10.00 5.00 0.00 0.00 0.00 0.00 0.00
161.00 17.00 19.00 46.00 84.00 27.00 38.00 0.08 0.63 0.00 1.00 0.00 2.00 8.00 15.00 9.00 13.00 4.00 0.00 0.00 0.00 0.00 0.00
162.00 7.00 1.00 10.00 30.00 9.00 20.00 0.08 0.44 0.00 0.00 0.00 4.00 6.00 3.00 1.00 6.00 1.00 0.00 0.00 0.00 0.00 0.00
163.00 13.00 14.00 33.00 62.00 19.00 29.00 0.09 0.42 0.00 2.00 0.00 5.00 7.00 8.00 6.00 9.00 4.00 0.00 0.00 0.00 0.00 0.00
164.00 11.00 8.00 20.00 50.00 12.00 30.00 0.09 0.40 0.00 2.00 0.00 4.00 9.00 7.00 2.00 9.00 2.00 0.00 0.00 0.00 0.00 0.00
165.00 14.00 11.00 35.00 64.00 24.00 29.00 0.07 0.53 0.00 2.00 0.00 4.00 5.00 10.00 9.00 11.00 3.00 0.00 0.00 0.00 0.00 0.00
166.00 18.00 18.00 39.00 77.00 21.00 38.00 0.07 0.77 0.00 2.00 0.00 5.00 10.00 13.00 8.00 15.00 3.00 0.00 0.00 0.00 0.00 0.00
167.00 16.00 14.00 42.00 80.00 28.00 38.00 0.10 0.56 0.00 1.00 0.00 4.00 9.00 12.00 7.00 11.00 5.00 0.00 0.00 0.00 0.00 0.00
168.00 6.00 0.00 5.00 24.00 5.00 19.00 0.10 0.40 0.00 0.00 0.00 3.00 5.00 3.00 1.00 6.00 0.00 0.00 0.00 0.00 0.00 0.00
169.00 15.00 11.00 33.00 77.00 22.00 44.00 0.09 0.50 0.00 1.00 0.00 4.00 8.00 11.00 7.00 11.00 4.00 0.00 0.00 0.00 0.00 0.00
170.00 14.00 8.00 26.00 62.00 18.00 36.00 0.09 0.53 0.00 0.00 0.00 3.00 9.00 11.00 5.00 11.00 3.00 0.00 0.00 0.00 0.00 0.00
171.00 8.00 5.00 17.00 40.00 12.00 23.00 0.08 0.28 0.00 0.00 0.00 0.00 3.00 8.00 5.00 4.00 4.00 0.00 0.00 0.00 0.00 0.00
172.00 5.00 0.00 7.00 21.00 7.00 14.00 0.08 0.35 0.00 0.00 0.00 2.00 3.00 3.00 2.00 5.00 0.00 0.00 0.00 0.00 0.00 0.00
173.00 12.00 9.00 25.00 50.00 16.00 25.00 0.07 0.57 0.00 0.00 0.00 5.00 7.00 7.00 5.00 10.00 2.00 0.00 0.00 0.00 0.00 0.00
174.00 10.00 6.00 19.00 46.00 13.00 27.00 0.09 0.50 0.00 0.00 0.00 2.00 7.00 8.00 3.00 9.00 1.00 0.00 0.00 0.00 0.00 0.00
175.00 5.00 2.00 8.00 23.00 6.00 15.00 0.11 0.15 0.00 0.00 0.00 1.00 3.00 4.00 2.00 4.00 1.00 0.00 0.00 0.00 0.00 0.00
176.00 8.00 4.00 13.00 32.00 9.00 19.00 0.09 0.45 0.00 0.00 0.00 3.00 7.00 5.00 1.00 8.00 0.00 0.00 0.00 0.00 0.00 0.00
177.00 3.00 0.00 2.00 11.00 2.00 9.00 0.08 0.16 0.00 0.00 0.00 2.00 3.00 1.00 0.00 3.00 0.00 0.00 0.00 0.00 0.00 0.00
178.00 4.00 0.00 3.00 6.00 3.00 3.00 0.09 0.20 0.00 0.00 0.00 3.00 3.00 1.00 1.00 4.00 0.00 0.00 0.00 0.00 0.00 0.00
179.00 8.00 0.00 3.00 22.00 3.00 19.00 0.11 0.76 0.00 0.00 0.00 3.00 7.00 5.00 1.00 8.00 0.00 0.00 0.00 0.00 0.00 0.00
180.00 4.00 0.00 1.00 4.00 1.00 3.00 0.10 0.28 0.00 0.00 0.00 3.00 3.00 1.00 1.00 4.00 0.00 0.00 0.00 0.00 0.00 0.00
181.00 5.00 0.00 3.00 17.00 3.00 14.00 0.08 0.26 0.00 0.00 0.00 2.00 5.00 3.00 0.00 5.00 0.00 0.00 0.00 0.00 0.00 0.00
182.00 4.00 0.00 4.00 16.00 4.00 12.00 0.07 0.17 0.00 0.00 0.00 2.00 4.00 2.00 0.00 4.00 0.00 0.00 0.00 0.00 0.00 0.00
183.00 4.00 0.00 1.00 10.00 1.00 9.00 0.10 0.23 0.00 0.00 0.00 2.00 4.00 2.00 0.00 4.00 0.00 0.00 0.00 0.00 0.00 0.00
